[
  {
    "gravity" : [
      0.09784746170043945,
      -0.8368369340896606,
      0.5386373400688171
    ],
    "rotationMatrix" : [
      0.9787788391113281,
      -0.016999520361423492,
      -0.20421326160430908,
      -0.18004974722862244,
      -0.5471885800361633,
      -0.8174148797988892,
      -0.09784746170043945,
      0.8368369340896606,
      -0.5386373400688171
    ],
    "userAcceleration" : [
      -0.01010940968990326,
      -0.008240699768066406,
      0.015912950038909912
    ],
    "timestamp" : 306971819795
  },
  {
    "gravity" : [
      0.09679221361875534,
      -0.8363294005393982,
      0.5396147966384888
    ],
    "rotationMatrix" : [
      0.9801027774810791,
      -0.014305077493190765,
      -0.19797465205192566,
      -0.17329126596450806,
      -0.5480403304100037,
      -0.8183041214942932,
      -0.09679222106933594,
      0.8363294005393982,
      -0.5396147966384888
    ],
    "userAcceleration" : [
      -0.02115441858768463,
      -0.0047043561935424805,
      0.01397395133972168
    ],
    "timestamp" : 306971829812
  },
  {
    "gravity" : [
      0.09592808783054352,
      -0.8359226584434509,
      0.5403989553451538
    ],
    "rotationMatrix" : [
      0.9814216494560242,
      -0.011197276413440704,
      -0.19153618812561035,
      -0.1661604344844818,
      -0.5487329363822937,
      -0.8193184733390808,
      -0.09592809528112411,
      0.8359226584434509,
      -0.5403989553451538
    ],
    "userAcceleration" : [
      -0.038753412663936615,
      0.0016789436340332031,
      0.014624178409576416
    ],
    "timestamp" : 306971839829
  },
  {
    "gravity" : [
      0.09542819112539291,
      -0.8355557918548584,
      0.5410546660423279
    ],
    "rotationMatrix" : [
      0.9827008843421936,
      -0.007589749991893768,
      -0.18504421412944794,
      -0.15872123837471008,
      -0.5493533611297607,
      -0.8203771114349365,
      -0.09542818367481232,
      0.8355557918548584,
      -0.5410546660423279
    ],
    "userAcceleration" : [
      -0.05627411603927612,
      0.008071541786193848,
      0.005820333957672119
    ],
    "timestamp" : 306971849847
  },
  {
    "gravity" : [
      0.09504517167806625,
      -0.8351425528526306,
      0.5417593717575073
    ],
    "rotationMatrix" : [
      0.9839522838592529,
      -0.0037430301308631897,
      -0.17839257419109344,
      -0.15101104974746704,
      -0.5500207543373108,
      -0.8213846683502197,
      -0.09504516422748566,
      0.8351426124572754,
      -0.5417594313621521
    ],
    "userAcceleration" : [
      -0.044584356248378754,
      0.01446390151977539,
      -0.0189628005027771
    ],
    "timestamp" : 306971859864
  },
  {
    "gravity" : [
      0.0943976417183876,
      -0.8345656394958496,
      0.5427606105804443
    ],
    "rotationMatrix" : [
      0.9852950572967529,
      0.00032679736614227295,
      -0.17086130380630493,
      -0.14241760969161987,
      -0.5509082674980164,
      -0.822324275970459,
      -0.0943976566195488,
      0.8345656394958496,
      -0.5427606701850891
    ],
    "userAcceleration" : [
      -0.02161324769258499,
      0.01208651065826416,
      -0.04186046123504639
    ],
    "timestamp" : 306971869881
  },
  {
    "gravity" : [
      0.09341952204704285,
      -0.8337988257408142,
      0.5441067218780518
    ],
    "rotationMatrix" : [
      0.9866475462913513,
      0.004298768937587738,
      -0.16281330585479736,
      -0.13341456651687622,
      -0.5520514249801636,
      -0.8230671286582947,
      -0.09341952204704285,
      0.8337988257408142,
      -0.544106662273407
    ],
    "userAcceleration" : [
      -0.004552341997623444,
      0.01026684045791626,
      -0.04274874925613403
    ],
    "timestamp" : 306971879898
  },
  {
    "gravity" : [
      0.09241164475679398,
      -0.8329607248306274,
      0.5455608367919922
    ],
    "rotationMatrix" : [
      0.9879330992698669,
      0.00830911099910736,
      -0.1546580195426941,
      -0.12429092824459076,
      -0.5532697439193726,
      -0.8236773014068604,
      -0.09241164475679398,
      0.8329607248306274,
      -0.5455607771873474
    ],
    "userAcceleration" : [
      0.003413550555706024,
      0.009550631046295166,
      -0.0019054412841796875
    ],
    "timestamp" : 306971889915
  },
  {
    "gravity" : [
      0.09173442423343658,
      -0.8321850299835205,
      0.5468572378158569
    ],
    "rotationMatrix" : [
      0.9890533685684204,
      0.012404195964336395,
      -0.14703591167926788,
      -0.11557776480913162,
      -0.5543591976165771,
      -0.8242132663726807,
      -0.09173442423343658,
      0.8321850299835205,
      -0.5468572378158569
    ],
    "userAcceleration" : [
      0.0040907710790634155,
      0.008774995803833008,
      -0.003201901912689209
    ],
    "timestamp" : 306971899932
  },
  {
    "gravity" : [
      0.09148228168487549,
      -0.8315342664718628,
      0.547888457775116
    ],
    "rotationMatrix" : [
      0.9899633526802063,
      0.01642608270049095,
      -0.14036662876605988,
      -0.10772000253200531,
      -0.5552306175231934,
      -0.8246911764144897,
      -0.09148228168487549,
      0.8315342664718628,
      -0.5478885173797607
    ],
    "userAcceleration" : [
      0.010324351489543915,
      0.011465966701507568,
      -0.0002657771110534668
    ],
    "timestamp" : 306971909949
  },
  {
    "gravity" : [
      0.0913633182644844,
      -0.830965518951416,
      0.5487706661224365
    ],
    "rotationMatrix" : [
      0.9907926917076111,
      0.02056313306093216,
      -0.13381704688072205,
      -0.09991289675235748,
      -0.5559439659118652,
      -0.8251932859420776,
      -0.0913633182644844,
      0.830965518951416,
      -0.5487707257270813
    ],
    "userAcceleration" : [
      0.01776755601167679,
      0.011888861656188965,
      -0.008044898509979248
    ],
    "timestamp" : 306971919967
  },
  {
    "gravity" : [
      0.09116577357053757,
      -0.830402135848999,
      0.5496559143066406
    ],
    "rotationMatrix" : [
      0.9915485978126526,
      0.024532418698072433,
      -0.12739525735378265,
      -0.09230490028858185,
      -0.5566245913505554,
      -0.8256205320358276,
      -0.09116577357053757,
      0.830402135848999,
      -0.5496559143066406
    ],
    "userAcceleration" : [
      0.010701917111873627,
      0.013568460941314697,
      -0.012912631034851074
    ],
    "timestamp" : 306971929984
  },
  {
    "gravity" : [
      0.09074243903160095,
      -0.8298234343528748,
      0.5505983829498291
    ],
    "rotationMatrix" : [
      0.99229896068573,
      0.028532909229397774,
      -0.12053492665290833,
      -0.08431253582239151,
      -0.5572958588600159,
      -0.8260220885276794,
      -0.09074243903160095,
      0.8298234343528748,
      -0.5505984425544739
    ],
    "userAcceleration" : [
      0.011994972825050354,
      0.007496893405914307,
      -0.016968131065368652
    ],
    "timestamp" : 306971940001
  },
  {
    "gravity" : [
      0.0898435115814209,
      -0.8291975855827332,
      0.5516879558563232
    ],
    "rotationMatrix" : [
      0.9930478930473328,
      0.032283373177051544,
      -0.11319735646247864,
      -0.07605262845754623,
      -0.5580225586891174,
      -0.8263333439826965,
      -0.0898435115814209,
      0.8291975855827332,
      -0.5516878962516785
    ],
    "userAcceleration" : [
      0.0189669206738472,
      -0.0005601048469543457,
      -0.026495695114135742
    ],
    "timestamp" : 306971950018
  },
  {
    "gravity" : [
      0.08851637691259384,
      -0.8285221457481384,
      0.5529159903526306
    ],
    "rotationMatrix" : [
      0.9938290119171143,
      0.036207422614097595,
      -0.10484685748815536,
      -0.0668482780456543,
      -0.5587846040725708,
      -0.8266143202781677,
      -0.08851637691259384,
      0.8285221457481384,
      -0.5529159307479858
    ],
    "userAcceleration" : [
      0.01731857657432556,
      -0.015350043773651123,
      -0.008924901485443115
    ],
    "timestamp" : 306971960035
  },
  {
    "gravity" : [
      0.08725999295711517,
      -0.8279406428337097,
      0.5539852976799011
    ],
    "rotationMatrix" : [
      0.9946001172065735,
      0.04104509949684143,
      -0.09532000124454498,
      -0.0561809167265892,
      -0.5593114495277405,
      -0.8270514011383057,
      -0.08725999295711517,
      0.8279405832290649,
      -0.5539852380752563
    ],
    "userAcceleration" : [
      0.029118768870830536,
      -0.004258334636688232,
      0.010833978652954102
    ],
    "timestamp" : 306971970052
  },
  {
    "gravity" : [
      0.08624400198459625,
      -0.8276304006576538,
      0.5546077489852905
    ],
    "rotationMatrix" : [
      0.9951943159103394,
      0.04565737396478653,
      -0.08662357181310654,
      -0.04637037217617035,
      -0.5594131946563721,
      -0.8275907635688782,
      -0.08624400943517685,
      0.8276304602622986,
      -0.5546076893806458
    ],
    "userAcceleration" : [
      0.04449327290058136,
      0.002023160457611084,
      0.028628885746002197
    ],
    "timestamp" : 306971980069
  },
  {
    "gravity" : [
      0.08558817952871323,
      -0.8275672197341919,
      0.5548040866851807
    ],
    "rotationMatrix" : [
      0.9956258535385132,
      0.050099581480026245,
      -0.07886216044425964,
      -0.037468284368515015,
      -0.5591269731521606,
      -0.8282352089881897,
      -0.08558817207813263,
      0.8275671601295471,
      -0.5548040866851807
    ],
    "userAcceleration" : [
      0.03889303654432297,
      -0.006081640720367432,
      0.017278552055358887
    ],
    "timestamp" : 306971990087
  },
  {
    "gravity" : [
      0.08511942625045776,
      -0.8276231288909912,
      0.5547928810119629
    ],
    "rotationMatrix" : [
      0.9959412217140198,
      0.05432523787021637,
      -0.07176218926906586,
      -0.029252789914608,
      -0.558649480342865,
      -0.8288881778717041,
      -0.08511942625045776,
      0.8276231288909912,
      -0.5547928810119629
    ],
    "userAcceleration" : [
      0.013803310692310333,
      -0.008177220821380615,
      -0.021986424922943115
    ],
    "timestamp" : 306972000104
  },
  {
    "gravity" : [
      0.08470294624567032,
      -0.8276521563529968,
      0.5548127293586731
    ],
    "rotationMatrix" : [
      0.9961444735527039,
      0.05757687985897064,
      -0.06618943810462952,
      -0.022837447002530098,
      -0.5582800507545471,
      -0.8293380737304688,
      -0.08470295369625092,
      0.8276522159576416,
      -0.5548126697540283
    ],
    "userAcceleration" : [
      0.014219783246517181,
      -0.008147895336151123,
      -0.022006332874298096
    ],
    "timestamp" : 306972010121
  },
  {
    "gravity" : [
      0.08433303982019424,
      -0.827512800693512,
      0.5550768971443176
    ],
    "rotationMatrix" : [
      0.9963456988334656,
      0.06246255338191986,
      -0.05825551226735115,
      -0.013535654172301292,
      -0.5579614043235779,
      -0.8297564387321472,
      -0.08433303982019424,
      0.827512800693512,
      -0.5550769567489624
    ],
    "userAcceleration" : [
      -0.0038429275155067444,
      -0.008668780326843262,
      -0.03896373510360718
    ],
    "timestamp" : 306972020138
  },
  {
    "gravity" : [
      0.08400271832942963,
      -0.8270918726921082,
      0.5557541251182556
    ],
    "rotationMatrix" : [
      0.9964513778686523,
      0.066752128303051,
      -0.05127175897359848,
      -0.005308685824275017,
      -0.558089017868042,
      -0.8297642469406128,
      -0.08400272578001022,
      0.8270919322967529,
      -0.5557541847229004
    ],
    "userAcceleration" : [
      -0.021563753485679626,
      -0.006221115589141846,
      -0.04815530776977539
    ],
    "timestamp" : 306972030155
  },
  {
    "gravity" : [
      0.08359582722187042,
      -0.8263660073280334,
      0.5568941831588745
    ],
    "rotationMatrix" : [
      0.9964977502822876,
      0.07044751942157745,
      -0.04504917562007904,
      0.0020046979188919067,
      -0.5587096810340881,
      -0.8293610215187073,
      -0.08359582722187042,
      0.8263660073280334,
      -0.5568941235542297
    ],
    "userAcceleration" : [
      -0.026131220161914825,
      -0.0067487359046936035,
      -0.041086018085479736
    ],
    "timestamp" : 306972040172
  },
  {
    "gravity" : [
      0.08303217589855194,
      -0.8254196047782898,
      0.5583800673484802
    ],
    "rotationMatrix" : [
      0.9964955449104309,
      0.07445528358221054,
      -0.03811803460121155,
      0.010110966861248016,
      -0.5595882534980774,
      -0.8287091851234436,
      -0.08303217589855194,
      0.8254196047782898,
      -0.5583800077438354
    ],
    "userAcceleration" : [
      -0.013253733515739441,
      -0.003834664821624756,
      -0.022476136684417725
    ],
    "timestamp" : 306972050189
  },
  {
    "gravity" : [
      0.08238563686609268,
      -0.8244042992591858,
      0.5599730610847473
    ],
    "rotationMatrix" : [
      0.9964262247085571,
      0.07864689826965332,
      -0.03081282041966915,
      0.01863793097436428,
      -0.5605103969573975,
      -0.8279374241828918,
      -0.08238562941551208,
      0.8244042992591858,
      -0.5599731206893921
    ],
    "userAcceleration" : [
      0.0038265064358711243,
      -0.005566895008087158,
      0.006539881229400635
    ],
    "timestamp" : 306972060207
  },
  {
    "gravity" : [
      0.08170973509550095,
      -0.8234937191009521,
      0.5614103078842163
    ],
    "rotationMatrix" : [
      0.9962863326072693,
      0.08283258974552155,
      -0.02350183203816414,
      0.02714945748448372,
      -0.5612456798553467,
      -0.8272037506103516,
      -0.08170972764492035,
      0.8234937191009521,
      -0.5614102482795715
    ],
    "userAcceleration" : [
      0.020951375365257263,
      -0.011604547500610352,
      0.027914583683013916
    ],
    "timestamp" : 306972070224
  },
  {
    "gravity" : [
      0.08122151345014572,
      -0.822785496711731,
      0.5625184178352356
    ],
    "rotationMatrix" : [
      0.9960743188858032,
      0.08693960309028625,
      -0.016657259315252304,
      0.035199787467718124,
      -0.561663031578064,
      -0.8266168236732483,
      -0.08122152090072632,
      0.8227854371070862,
      -0.5625183582305908
    ],
    "userAcceleration" : [
      0.030259177088737488,
      -0.015761196613311768,
      0.042080461978912354
    ],
    "timestamp" : 306972080241
  },
  {
    "gravity" : [
      0.08103808015584946,
      -0.8223159909248352,
      0.5632309913635254
    ],
    "rotationMatrix" : [
      0.9958018660545349,
      0.0909278616309166,
      -0.010522201657295227,
      0.042560823261737823,
      -0.5617191791534424,
      -0.8262324929237366,
      -0.08103808015584946,
      0.8223159909248352,
      -0.5632309913635254
    ],
    "userAcceleration" : [
      0.02652110904455185,
      -0.014704883098602295,
      0.04187136888504028
    ],
    "timestamp" : 306972090258
  },
  {
    "gravity" : [
      0.08126011490821838,
      -0.8218984007835388,
      0.5638085007667542
    ],
    "rotationMatrix" : [
      0.9954582452774048,
      0.09507396817207336,
      -0.004877395927906036,
      0.04959477484226227,
      -0.5616441369056702,
      -0.8258912563323975,
      -0.08126011490821838,
      0.821898341178894,
      -0.5638085007667542
    ],
    "userAcceleration" : [
      0.010674111545085907,
      -0.022523164749145508,
      0.01440805196762085
    ],
    "timestamp" : 306972100275
  },
  {
    "gravity" : [
      0.08168234676122665,
      -0.8213531374931335,
      0.5645415186882019
    ],
    "rotationMatrix" : [
      0.9950527548789978,
      0.09934626519680023,
      0.0005670413374900818,
      0.056550830602645874,
      -0.5617021918296814,
      -0.8254045248031616,
      -0.08168234676122665,
      0.8213530778884888,
      -0.5645414590835571
    ],
    "userAcceleration" : [
      0.008741237223148346,
      -0.015255868434906006,
      -0.011669814586639404
    ],
    "timestamp" : 306972110292
  },
  {
    "gravity" : [
      0.08204755932092667,
      -0.8205418586730957,
      0.5656672716140747
    ],
    "rotationMatrix" : [
      0.9945923686027527,
      0.10367464274168015,
      0.0061264000833034515,
      0.06367231160402298,
      -0.5621057748794556,
      -0.8246110081672668,
      -0.08204755187034607,
      0.8205419182777405,
      -0.5656673312187195
    ],
    "userAcceleration" : [
      0.010268129408359528,
      -0.010772347450256348,
      -0.02456003427505493
    ],
    "timestamp" : 306972120310
  },
  {
    "gravity" : [
      0.08222859352827072,
      -0.8194587230682373,
      0.5672088265419006
    ],
    "rotationMatrix" : [
      0.9940581917762756,
      0.10816819965839386,
      0.01216372475028038,
      0.07132163643836975,
      -0.5628384351730347,
      -0.8234841227531433,
      -0.08222858607769012,
      0.8194586634635925,
      -0.5672088861465454
    ],
    "userAcceleration" : [
      0.018250547349452972,
      -0.0029595494270324707,
      -0.01789247989654541
    ],
    "timestamp" : 306972130327
  },
  {
    "gravity" : [
      0.08223340660333633,
      -0.8182340264320374,
      0.5689733028411865
    ],
    "rotationMatrix" : [
      0.9934637546539307,
      0.11265197396278381,
      0.018418744206428528,
      0.07916681468486786,
      -0.5637397170066833,
      -0.8221495747566223,
      -0.08223339915275574,
      0.8182340264320374,
      -0.5689733028411865
    ],
    "userAcceleration" : [
      0.02503587305545807,
      0.002331376075744629,
      0.007656276226043701
    ],
    "timestamp" : 306972140344
  },
  {
    "gravity" : [
      0.08216717839241028,
      -0.8170787692070007,
      0.5706408023834229
    ],
    "rotationMatrix" : [
      0.9928246736526489,
      0.11702144891023636,
      0.024600649252533913,
      0.08687787503004074,
      -0.5645248293876648,
      -0.8208312392234802,
      -0.08216717839241028,
      0.8170787692070007,
      -0.5706407427787781
    ],
    "userAcceleration" : [
      0.033433422446250916,
      0.005128085613250732,
      0.03897833824157715
    ],
    "timestamp" : 306972150361
  },
  {
    "gravity" : [
      0.08211749792098999,
      -0.8161411881446838,
      0.5719883441925049
    ],
    "rotationMatrix" : [
      0.992140531539917,
      0.12131398171186447,
      0.030660130083560944,
      0.0944131538271904,
      -0.5649750232696533,
      -0.8196887373924255,
      -0.08211749792098999,
      0.8161411881446838,
      -0.5719882845878601
    ],
    "userAcceleration" : [
      0.0354362353682518,
      0.0020540952682495117,
      0.05766564607620239
    ],
    "timestamp" : 306972160378
  },
  {
    "gravity" : [
      0.08204420655965805,
      -0.8155207633972168,
      0.5728830695152283
    ],
    "rotationMatrix" : [
      0.9914330840110779,
      0.12540334463119507,
      0.036530476063489914,
      0.10163278877735138,
      -0.5649780631065369,
      -0.8188228607177734,
      -0.08204419910907745,
      0.8155207633972168,
      -0.5728830099105835
    ],
    "userAcceleration" : [
      0.05215688794851303,
      0.01414424180984497,
      0.063606858253479
    ],
    "timestamp" : 306972170395
  },
  {
    "gravity" : [
      0.08180124312639236,
      -0.8151647448539734,
      0.5734239816665649
    ],
    "rotationMatrix" : [
      0.9907366037368774,
      0.1290840357542038,
      0.042169973254203796,
      0.10839535295963287,
      -0.564662516117096,
      -0.8181727528572083,
      -0.08180124312639236,
      0.8151647448539734,
      -0.5734239220619202
    ],
    "userAcceleration" : [
      0.06738393008708954,
      0.01638239622116089,
      0.04779183864593506
    ],
    "timestamp" : 306972180412
  },
  {
    "gravity" : [
      0.08124207705259323,
      -0.8149216175079346,
      0.5738489031791687
    ],
    "rotationMatrix" : [
      0.9900556802749634,
      0.1323247253894806,
      0.04774792864918709,
      0.11484521627426147,
      -0.5642632246017456,
      -0.8175681233406067,
      -0.08124208450317383,
      0.8149215579032898,
      -0.5738489031791687
    ],
    "userAcceleration" : [
      0.07494688034057617,
      0.02073216438293457,
      0.018771886825561523
    ],
    "timestamp" : 306972190430
  },
  {
    "gravity" : [
      0.0804208517074585,
      -0.8146929740905762,
      0.5742889046669006
    ],
    "rotationMatrix" : [
      0.9894046187400818,
      0.1351155936717987,
      0.05312477797269821,
      0.1208757758140564,
      -0.5639318227767944,
      -0.8169271349906921,
      -0.08042085915803909,
      0.814693033695221,
      -0.5742889642715454
    ],
    "userAcceleration" : [
      0.06806241720914841,
      0.03449583053588867,
      0.00566709041595459
    ],
    "timestamp" : 306972200447
  },
  {
    "gravity" : [
      0.07956606149673462,
      -0.8144025802612305,
      0.5748196840286255
    ],
    "rotationMatrix" : [
      0.9887048006057739,
      0.13794925808906555,
      0.0585903525352478,
      0.12701207399368286,
      -0.5636651515960693,
      -0.8161798715591431,
      -0.07956606149673462,
      0.8144025802612305,
      -0.5748196840286255
    ],
    "userAcceleration" : [
      0.05118650197982788,
      0.05114269256591797,
      -0.0013638734817504883
    ],
    "timestamp" : 306972210464
  },
  {
    "gravity" : [
      0.0787505954504013,
      -0.813995897769928,
      0.5755078196525574
    ],
    "rotationMatrix" : [
      0.9879614114761353,
      0.14083676040172577,
      0.06400956213474274,
      0.1331561654806137,
      -0.5635388493537903,
      -0.8152875900268555,
      -0.0787505954504013,
      0.8139959573745728,
      -0.5755079388618469
    ],
    "userAcceleration" : [
      0.03208927810192108,
      0.05783122777938843,
      -0.009589850902557373
    ],
    "timestamp" : 306972220481
  },
  {
    "gravity" : [
      0.07783001661300659,
      -0.813474714756012,
      0.5763691067695618
    ],
    "rotationMatrix" : [
      0.9871526956558228,
      0.1437983512878418,
      0.06965366750955582,
      0.13954243063926697,
      -0.5635431408882141,
      -0.8142156004905701,
      -0.077830009162426,
      0.813474714756012,
      -0.5763691067695618
    ],
    "userAcceleration" : [
      0.049397774040699005,
      0.05665403604507446,
      0.014664769172668457
    ],
    "timestamp" : 306972230498
  },
  {
    "gravity" : [
      0.07658807188272476,
      -0.812942624092102,
      0.5772853493690491
    ],
    "rotationMatrix" : [
      0.9863187670707703,
      0.14654037356376648,
      0.07550626248121262,
      0.14597788453102112,
      -0.5636044144630432,
      -0.8130438327789307,
      -0.07658807188272476,
      0.812942624092102,
      -0.5772852897644043
    ],
    "userAcceleration" : [
      0.050639718770980835,
      0.0561220645904541,
      0.013748586177825928
    ],
    "timestamp" : 306972240515
  },
  {
    "gravity" : [
      0.07494252175092697,
      -0.8125898241996765,
      0.5779977440834045
    ],
    "rotationMatrix" : [
      0.985409677028656,
      0.1491716504096985,
      0.0819489136338234,
      0.15281173586845398,
      -0.5634230375289917,
      -0.8119131326675415,
      -0.07494252175092697,
      0.8125897645950317,
      -0.5779976844787598
    ],
    "userAcceleration" : [
      0.07154186069965363,
      0.049207866191864014,
      0.042622923851013184
    ],
    "timestamp" : 306972250533
  },
  {
    "gravity" : [
      0.07299073785543442,
      -0.8125623464584351,
      0.5782861113548279
    ],
    "rotationMatrix" : [
      0.9845355153083801,
      0.15129335224628448,
      0.08831842988729477,
      0.15925507247447968,
      -0.5628969073295593,
      -0.8110395073890686,
      -0.07299073785543442,
      0.8125624060630798,
      -0.5782862305641174
    ],
    "userAcceleration" : [
      0.07778137177228928,
      0.04225289821624756,
      0.054038047790527344
    ],
    "timestamp" : 306972260550
  },
  {
    "gravity" : [
      0.07090945541858673,
      -0.813004732131958,
      0.5779235363006592
    ],
    "rotationMatrix" : [
      0.9838007688522339,
      0.15263527631759644,
      0.09401318430900574,
      0.16464462876319885,
      -0.5618951916694641,
      -0.8106579780578613,
      -0.07090945541858673,
      0.813004732131958,
      -0.5779235363006592
    ],
    "userAcceleration" : [
      0.08756832778453827,
      0.04947000741958618,
      0.0674317479133606
    ],
    "timestamp" : 306972270567
  },
  {
    "gravity" : [
      0.06909071654081345,
      -0.8138604164123535,
      0.5769383311271667
    ],
    "rotationMatrix" : [
      0.9831450581550598,
      0.1536741554737091,
      0.09904546290636063,
      0.16926968097686768,
      -0.560370922088623,
      -0.8107603192329407,
      -0.06909071654081345,
      0.8138603568077087,
      -0.576938271522522
    ],
    "userAcceleration" : [
      0.06524768471717834,
      0.05137866735458374,
      0.05476021766662598
    ],
    "timestamp" : 306972280584
  },
  {
    "gravity" : [
      0.06775227189064026,
      -0.8149592280387878,
      0.5755442380905151
    ],
    "rotationMatrix" : [
      0.9824314117431641,
      0.15503902733325958,
      0.10388171672821045,
      0.17389117181301117,
      -0.5583945512771606,
      -0.8111458420753479,
      -0.06775227189064026,
      0.8149592280387878,
      -0.5755442380905151
    ],
    "userAcceleration" : [
      0.03934917598962784,
      0.06358593702316284,
      0.018419384956359863
    ],
    "timestamp" : 306972290601
  },
  {
    "gravity" : [
      0.06675267219543457,
      -0.8160531520843506,
      0.5741090178489685
    ],
    "rotationMatrix" : [
      0.9817449450492859,
      0.1564273238182068,
      0.1082005426287651,
      0.1781037449836731,
      -0.5564059019088745,
      -0.811598002910614,
      -0.06675267964601517,
      0.8160532116889954,
      -0.5741090178489685
    ],
    "userAcceleration" : [
      0.028752081096172333,
      0.08122044801712036,
      -0.020993292331695557
    ],
    "timestamp" : 306972300618
  },
  {
    "gravity" : [
      0.06578586995601654,
      -0.8168476223945618,
      0.5730900168418884
    ],
    "rotationMatrix" : [
      0.9809134006500244,
      0.15825948119163513,
      0.11297289282083511,
      0.1829785704612732,
      -0.5547196865081787,
      -0.8116679787635803,
      -0.06578587740659714,
      0.8168476223945618,
      -0.5730900764465332
    ],
    "userAcceleration" : [
      0.01551295816898346,
      0.08131295442581177,
      -0.0650486946105957
    ],
    "timestamp" : 306972310635
  },
  {
    "gravity" : [
      0.06460786610841751,
      -0.8172311186790466,
      0.5726768970489502
    ],
    "rotationMatrix" : [
      0.9799000024795532,
      0.16049373149871826,
      0.11848079413175583,
      0.18873727321624756,
      -0.553511381149292,
      -0.8111739754676819,
      -0.06460786610841751,
      0.8172311186790466,
      -0.572676956653595
    ],
    "userAcceleration" : [
      0.013486623764038086,
      0.0833139419555664,
      -0.07212775945663452
    ],
    "timestamp" : 306972320653
  },
  {
    "gravity" : [
      0.0631427988409996,
      -0.8172255158424377,
      0.5728482604026794
    ],
    "rotationMatrix" : [
      0.9786863327026367,
      0.16309405863285065,
      0.12479329109191895,
      0.19541244208812714,
      -0.5527589917182922,
      -0.8101056218147278,
      -0.063142791390419,
      0.8172255158424377,
      -0.5728482604026794
    ],
    "userAcceleration" : [
      0.035459473729133606,
      0.055094897747039795,
      -0.02684307098388672
    ],
    "timestamp" : 306972330670
  },
  {
    "gravity" : [
      0.061277836561203,
      -0.8169746994972229,
      0.5734084844589233
    ],
    "rotationMatrix" : [
      0.977218508720398,
      0.16606035828590393,
      0.1321662962436676,
      0.2031969428062439,
      -0.5522465705871582,
      -0.8085386157035828,
      -0.061277836561203,
      0.8169746994972229,
      -0.5734084844589233
    ],
    "userAcceleration" : [
      0.0373244546353817,
      0.054844021797180176,
      -0.027403295040130615
    ],
    "timestamp" : 306972340687
  },
  {
    "gravity" : [
      0.059388332068920135,
      -0.8167660236358643,
      0.573904275894165
    ],
    "rotationMatrix" : [
      0.9758002161979675,
      0.16870272159576416,
      0.13911642134189606,
      0.21044480800628662,
      -0.5517539381980896,
      -0.8070194125175476,
      -0.05938833951950073,
      0.8167659640312195,
      -0.5739042162895203
    ],
    "userAcceleration" : [
      0.04688914865255356,
      0.04348117113113403,
      0.019494712352752686
    ],
    "timestamp" : 306972350704
  },
  {
    "gravity" : [
      0.05780905857682228,
      -0.8168447017669678,
      0.5739538073539734
    ],
    "rotationMatrix" : [
      0.9742884635925293,
      0.17156526446342468,
      0.1460387110710144,
      0.21776145696640015,
      -0.5507543087005615,
      -0.805760383605957,
      -0.05780905857682228,
      0.8168447017669678,
      -0.5739538669586182
    ],
    "userAcceleration" : [
      0.061331573873758316,
      0.04452097415924072,
      0.05342656373977661
    ],
    "timestamp" : 306972360721
  },
  {
    "gravity" : [
      0.05649238079786301,
      -0.8173428773880005,
      0.5733755826950073
    ],
    "rotationMatrix" : [
      0.9728067517280579,
      0.17426761984825134,
      0.15257057547569275,
      0.22462323307991028,
      -0.5491645932197571,
      -0.8049614429473877,
      -0.05649237707257271,
      0.8173428773880005,
      -0.5733755826950073
    ],
    "userAcceleration" : [
      0.07538934051990509,
      0.04829972982406616,
      0.05958956480026245
    ],
    "timestamp" : 306972370738
  },
  {
    "gravity" : [
      0.055344291031360626,
      -0.8181406855583191,
      0.5723487734794617
    ],
    "rotationMatrix" : [
      0.9713732600212097,
      0.17674951255321503,
      0.15872493386268616,
      0.23102165758609772,
      -0.5471798181533813,
      -0.8045020699501038,
      -0.055344291031360626,
      0.8181406855583191,
      -0.5723487734794617
    ],
    "userAcceleration" : [
      0.07577450573444366,
      0.04018646478652954,
      0.04273301362991333
    ],
    "timestamp" : 306972380756
  },
  {
    "gravity" : [
      0.054250940680503845,
      -0.8191137313842773,
      0.5710601806640625
    ],
    "rotationMatrix" : [
      0.9699239730834961,
      0.1791326254606247,
      0.1647999882698059,
      0.23728542029857635,
      -0.5449443459510803,
      -0.8041961193084717,
      -0.05425094813108444,
      0.8191137313842773,
      -0.5710601210594177
    ],
    "userAcceleration" : [
      0.07067278027534485,
      0.04939925670623779,
      0.029815733432769775
    ],
    "timestamp" : 306972390773
  },
  {
    "gravity" : [
      0.05327842757105827,
      -0.8201223015785217,
      0.5697027444839478
    ],
    "rotationMatrix" : [
      0.9684277176856995,
      0.1815730333328247,
      0.1708185374736786,
      0.24353468418121338,
      -0.5426149964332581,
      -0.8039031028747559,
      -0.053278423845767975,
      0.820122241973877,
      -0.5697027444839478
    ],
    "userAcceleration" : [
      0.056462813168764114,
      0.0471423864364624,
      0.011794507503509521
    ],
    "timestamp" : 306972400790
  },
  {
    "gravity" : [
      0.05244012922048569,
      -0.8210671544075012,
      0.5684179067611694
    ],
    "rotationMatrix" : [
      0.966784656047821,
      0.1843261569738388,
      0.17706312239170074,
      0.250154972076416,
      -0.5402524471282959,
      -0.8034611940383911,
      -0.05244012549519539,
      0.8210670948028564,
      -0.5684178471565247
    ],
    "userAcceleration" : [
      0.050938189029693604,
      0.04599684476852417,
      0.002871215343475342
    ],
    "timestamp" : 306972410807
  },
  {
    "gravity" : [
      0.05162115395069122,
      -0.8219155669212341,
      0.5672653317451477
    ],
    "rotationMatrix" : [
      0.9650425314903259,
      0.1872081160545349,
      0.183428555727005,
      0.256959468126297,
      -0.5379663109779358,
      -0.8028473854064941,
      -0.05162115395069122,
      0.8219156265258789,
      -0.5672652721405029
    ],
    "userAcceleration" : [
      0.05606013163924217,
      0.040741920471191406,
      -0.001896679401397705
    ],
    "timestamp" : 306972420824
  },
  {
    "gravity" : [
      0.05064662545919418,
      -0.8226630687713623,
      0.566269040107727
    ],
    "rotationMatrix" : [
      0.9631988406181335,
      0.19010038673877716,
      0.1900259256362915,
      0.26397523283958435,
      -0.5358055830001831,
      -0.802016019821167,
      -0.05064663290977478,
      0.8226630687713623,
      -0.5662690997123718
    ],
    "userAcceleration" : [
      0.06654086709022522,
      0.03039616346359253,
      -0.0004426240921020508
    ],
    "timestamp" : 306972430841
  },
  {
    "gravity" : [
      0.04935457929968834,
      -0.8233600854873657,
      0.5653689503669739
    ],
    "rotationMatrix" : [
      0.9612508416175842,
      0.1928718388080597,
      0.19697022438049316,
      0.27122119069099426,
      -0.5337399840354919,
      -0.8009747266769409,
      -0.04935457557439804,
      0.8233600854873657,
      -0.5653688907623291
    ],
    "userAcceleration" : [
      0.07085417211055756,
      0.023677587509155273,
      0.012267708778381348
    ],
    "timestamp" : 306972440859
  },
  {
    "gravity" : [
      0.04792800918221474,
      -0.8241029977798462,
      0.564408540725708
    ],
    "rotationMatrix" : [
      0.9592792391777039,
      0.19544900953769684,
      0.20391923189163208,
      0.27836355566978455,
      -0.5316518545150757,
      -0.7999122738838196,
      -0.047928012907505035,
      0.8241029381752014,
      -0.5644084811210632
    ],
    "userAcceleration" : [
      0.06484970450401306,
      0.012411773204803467,
      0.03282040357589722
    ],
    "timestamp" : 306972450876
  },
  {
    "gravity" : [
      0.04671018570661545,
      -0.8249520063400269,
      0.5632691383361816
    ],
    "rotationMatrix" : [
      0.957304060459137,
      0.19801223278045654,
      0.21061821281909943,
      0.2852841317653656,
      -0.5293817520141602,
      -0.7989791035652161,
      -0.04671017825603485,
      0.8249519467353821,
      -0.5632690787315369
    ],
    "userAcceleration" : [
      0.04920656234025955,
      0.006333351135253906,
      0.043328702449798584
    ],
    "timestamp" : 306972460893
  },
  {
    "gravity" : [
      0.045723773539066315,
      -0.8258889317512512,
      0.5619760155677795
    ],
    "rotationMatrix" : [
      0.9554628133773804,
      0.20034267008304596,
      0.21668797731399536,
      0.291547954082489,
      -0.5270394086837769,
      -0.7982666492462158,
      -0.04572376608848572,
      0.825888991355896,
      -0.5619760155677795
    ],
    "userAcceleration" : [
      0.040183231234550476,
      0.00850600004196167,
      0.03799957036972046
    ],
    "timestamp" : 306972470910
  },
  {
    "gravity" : [
      0.044834740459918976,
      -0.826839029788971,
      0.5606491565704346
    ],
    "rotationMatrix" : [
      0.953580379486084,
      0.2027091085910797,
      0.22269593179225922,
      0.2977823317050934,
      -0.5246395468711853,
      -0.797545850276947,
      -0.04483474791049957,
      0.826839029788971,
      -0.5606492161750793
    ],
    "userAcceleration" : [
      0.03889024257659912,
      0.009272933006286621,
      0.028202831745147705
    ],
    "timestamp" : 306972480927
  },
  {
    "gravity" : [
      0.044043123722076416,
      -0.827778160572052,
      0.5593243837356567
    ],
    "rotationMatrix" : [
      0.9516979455947876,
      0.2050512284040451,
      0.22852787375450134,
      0.30386048555374146,
      -0.5222427845001221,
      -0.7968258261680603,
      -0.04404311627149582,
      0.827778160572052,
      -0.5593243837356567
    ],
    "userAcceleration" : [
      0.03470751270651817,
      0.010242700576782227,
      0.02484309673309326
    ],
    "timestamp" : 306972490944
  },
  {
    "gravity" : [
      0.04337470233440399,
      -0.8287195563316345,
      0.557980477809906
    ],
    "rotationMatrix" : [
      0.9497339129447937,
      0.20752480626106262,
      0.23439064621925354,
      0.3100389540195465,
      -0.5197662711143494,
      -0.7960643768310547,
      -0.04337470978498459,
      0.8287194967269897,
      -0.5579804182052612
    ],
    "userAcceleration" : [
      0.0353759229183197,
      0.011184215545654297,
      0.026186823844909668
    ],
    "timestamp" : 306972500962
  },
  {
    "gravity" : [
      0.042853739112615585,
      -0.8295998573303223,
      0.5567116141319275
    ],
    "rotationMatrix" : [
      0.9479876756668091,
      0.20967933535575867,
      0.2394869029521942,
      0.31540921330451965,
      -0.5174927711486816,
      -0.7954360246658325,
      -0.04285373538732529,
      0.8295998573303223,
      -0.5567115545272827
    ],
    "userAcceleration" : [
      0.02130948007106781,
      0.007639288902282715,
      0.01297527551651001
    ],
    "timestamp" : 306972510979
  },
  {
    "gravity" : [
      0.042213138192892075,
      -0.8303065896034241,
      0.555705726146698
    ],
    "rotationMatrix" : [
      0.9459818601608276,
      0.21217161417007446,
      0.24515601992607117,
      0.32145965099334717,
      -0.5153387784957886,
      -0.7944114208221436,
      -0.04221314191818237,
      0.8303065299987793,
      -0.5557057857513428
    ],
    "userAcceleration" : [
      0.01778441295027733,
      0.007781624794006348,
      0.005802333354949951
    ],
    "timestamp" : 306972520996
  },
  {
    "gravity" : [
      0.04132777079939842,
      -0.8308179974555969,
      0.5550077557563782
    ],
    "rotationMatrix" : [
      0.9437894821166992,
      0.21478931605815887,
      0.2512507438659668,
      0.3279533386230469,
      -0.5134268999099731,
      -0.7929940819740295,
      -0.04132778197526932,
      0.8308179974555969,
      -0.555007815361023
    ],
    "userAcceleration" : [
      0.00618811696767807,
      0.0006635189056396484,
      0.01757824420928955
    ],
    "timestamp" : 306972531013
  },
  {
    "rotationMatrix" : [
      0.9413288235664368,
      0.2175597846508026,
      0.25800737738609314,
      0.3350975811481476,
      -0.5116324424743652,
      -0.7911651134490967,
      -0.04012081027030945,
      0.8312041759490967,
      -0.5545181632041931
    ],
    "gravity" : [
      0.04012081027030945,
      -0.8312041759490967,
      0.5545181632041931
    ],
    "timestamp" : 306972541030,
    "userAcceleration" : [
      0.005579274147748947,
      -0.008136212825775146,
      0.03302156925201416
    ]
  },
  {
    "rotationMatrix" : [
      0.9387452602386475,
      0.22027383744716644,
      0.2650221586227417,
      0.34242892265319824,
      -0.5098166465759277,
      -0.7891956567764282,
      -0.03872646391391754,
      0.8316049575805664,
      -0.55401611328125
    ],
    "gravity" : [
      0.03872646018862724,
      -0.8316048979759216,
      0.5540160536766052
    ],
    "timestamp" : 306972551047,
    "userAcceleration" : [
      0.022064559161663055,
      -0.01577681303024292,
      0.06326299905776978
    ]
  },
  {
    "rotationMatrix" : [
      0.9348723292350769,
      0.22468388080596924,
      0.2748287320137024,
      0.35300809144973755,
      -0.5068517923355103,
      -0.7864393591880798,
      -0.037402860820293427,
      0.832237184047699,
      -0.5531569719314575
    ],
    "gravity" : [
      0.037402864545583725,
      -0.832237184047699,
      0.5531569719314575
    ],
    "timestamp" : 306972561064,
    "userAcceleration" : [
      0.032039910554885864,
      -0.016807734966278076,
      0.09213727712631226
    ]
  },
