[
  {
    "userAcceleration" : [
      -0.07810330390930176,
      0.03632986545562744,
      -0.0459730327129364
    ],
    "timestamp" : 306961777849,
    "rotationMatrix" : [
      0.9777556657791138,
      -0.019714534282684326,
      -0.20881851017475128,
      -0.20220673084259033,
      -0.3531409502029419,
      -0.9134573340415955,
      -0.05573393404483795,
      0.9353626370429993,
      -0.3492719829082489
    ],
    "gravity" : [
      0.05573393777012825,
      -0.9353626370429993,
      0.3492719531059265
    ]
  },
  {
    "userAcceleration" : [
      -0.07930813729763031,
      0.03374934196472168,
      -0.04723331332206726
    ],
    "timestamp" : 306961787865,
    "rotationMatrix" : [
      0.976730465888977,
      -0.020754262804985046,
      -0.21346405148506165,
      -0.2067953199148178,
      -0.3550201654434204,
      -0.9116995334625244,
      -0.05686243623495102,
      0.9346280097961426,
      -0.35105088353157043
    ],
    "gravity" : [
      0.05686243250966072,
      -0.9346280694007874,
      0.3510509431362152
    ]
  },
  {
    "userAcceleration" : [
      -0.0692724883556366,
      0.03825938701629639,
      -0.0697956383228302
    ],
    "timestamp" : 306961797882,
    "rotationMatrix" : [
      0.9756177663803101,
      -0.021700643002986908,
      -0.21840113401412964,
      -0.21162080764770508,
      -0.356863409280777,
      -0.9098709225654602,
      -0.058194600045681,
      0.9339044690132141,
      -0.3527545630931854
    ],
    "gravity" : [
      0.058194588869810104,
      -0.9339045286178589,
      0.3527546226978302
    ]
  },
  {
    "userAcceleration" : [
      -0.0668516457080841,
      0.04482388496398926,
      -0.08989372849464417
    ],
    "timestamp" : 306961807898,
    "rotationMatrix" : [
      0.9743837118148804,
      -0.02276880294084549,
      -0.22373643517494202,
      -0.2168455421924591,
      -0.3588583171367645,
      -0.9078537225723267,
      -0.05961897224187851,
      0.9331141710281372,
      -0.35460299253463745
    ],
    "gravity" : [
      0.05961896851658821,
      -0.933114230632782,
      0.3546030819416046
    ]
  },
  {
    "userAcceleration" : [
      -0.07135389745235443,
      0.053421974182128906,
      -0.09499669075012207
    ],
    "timestamp" : 306961817915,
    "rotationMatrix" : [
      0.9731042981147766,
      -0.023883014917373657,
      -0.2291235625743866,
      -0.22211018204689026,
      -0.36113905906677246,
      -0.9056742191314697,
      -0.06111523509025574,
      0.9322061538696289,
      -0.3567306399345398
    ],
    "gravity" : [
      0.06111523509025574,
      -0.9322061538696289,
      0.3567306697368622
    ]
  },
  {
    "userAcceleration" : [
      -0.05462375283241272,
      0.05318957567214966,
      -0.06354114413261414
    ],
    "timestamp" : 306961827932,
    "rotationMatrix" : [
      0.9718887209892273,
      -0.024943791329860687,
      -0.23411551117897034,
      -0.22696474194526672,
      -0.3636656403541565,
      -0.90345698595047,
      -0.06260409206151962,
      0.9311956763267517,
      -0.35910388827323914
    ],
    "gravity" : [
      0.06260409206151962,
      -0.9311956763267517,
      0.3591039180755615
    ]
  },
  {
    "userAcceleration" : [
      -0.055922023952007294,
      0.05213230848312378,
      -0.06604373455047607
    ],
    "timestamp" : 306961837948,
    "rotationMatrix" : [
      0.9708143472671509,
      -0.025992609560489655,
      -0.23841959238052368,
      -0.23116227984428406,
      -0.3662883937358856,
      -0.9013305902481079,
      -0.06390238553285599,
      0.9301382303237915,
      -0.36160653829574585
    ],
    "gravity" : [
      0.0639023706316948,
      -0.9301382899284363,
      0.36160650849342346
    ]
  },
  {
    "userAcceleration" : [
      -0.03929702937602997,
      0.04052084684371948,
      -0.05253073573112488
    ],
    "timestamp" : 306961847965,
    "rotationMatrix" : [
      0.9698389172554016,
      -0.027254126965999603,
      -0.2422182261943817,
      -0.23496845364570618,
      -0.3688201308250427,
      -0.8993118405342102,
      -0.06482496857643127,
      0.929101288318634,
      -0.36409997940063477
    ],
    "gravity" : [
      0.06482496857643127,
      -0.929101288318634,
      0.36409997940063477
    ]
  },
  {
    "userAcceleration" : [
      -0.02058761566877365,
      0.03127557039260864,
      -0.033823251724243164
    ],
    "timestamp" : 306961857982,
    "rotationMatrix" : [
      0.9688940048217773,
      -0.028827622532844543,
      -0.2457912266254425,
      -0.23869816958904266,
      -0.37103360891342163,
      -0.8974170684814453,
      -0.06532637029886246,
      0.9281719923019409,
      -0.36637333035469055
    ],
    "gravity" : [
      0.06532637029886246,
      -0.9281719326972961,
      0.36637330055236816
    ]
  },
  {
    "userAcceleration" : [
      -0.009440600872039795,
      0.026749074459075928,
      -0.016355037689208984
    ],
    "timestamp" : 306961867998,
    "rotationMatrix" : [
      0.9679000377655029,
      -0.030713431537151337,
      -0.24945181608200073,
      -0.24265837669372559,
      -0.37273457646369934,
      -0.8956483006477356,
      -0.0654708743095398,
      0.9274296164512634,
      -0.3682226836681366
    ],
    "gravity" : [
      0.0654708743095398,
      -0.9274296164512634,
      0.3682226836681366
    ]
  },
  {
    "userAcceleration" : [
      -0.014734968543052673,
      0.029238402843475342,
      -0.006570339202880859
    ],
    "timestamp" : 306961878015,
    "rotationMatrix" : [
      0.9665948748588562,
      -0.0330214723944664,
      -0.2541729211807251,
      -0.2477981448173523,
      -0.37382078170776367,
      -0.8937864303588867,
      -0.06550095975399017,
      0.9269130229949951,
      -0.36951592564582825
    ],
    "gravity" : [
      0.06550095975399017,
      -0.9269130229949951,
      0.36951589584350586
    ]
  },
  {
    "userAcceleration" : [
      -0.03387895226478577,
      0.03284245729446411,
      -0.018848538398742676
    ],
    "timestamp" : 306961888033,
    "rotationMatrix" : [
      0.9650734663009644,
      -0.035492025315761566,
      -0.259564071893692,
      -0.2536485195159912,
      -0.3744565546512604,
      -0.8918771147727966,
      -0.06554093956947327,
      0.9265649914741516,
      -0.37038061022758484
    ],
    "gravity" : [
      0.06554092466831207,
      -0.9265649318695068,
      0.3703805208206177
    ]
  },
  {
    "userAcceleration" : [
      -0.05037372559309006,
      0.03932231664657593,
      -0.03270798921585083
    ],
    "timestamp" : 306961898049,
    "rotationMatrix" : [
      0.9634150266647339,
      -0.038062870502471924,
      -0.2652973532676697,
      -0.25986504554748535,
      -0.3748958110809326,
      -0.8899005055427551,
      -0.06558673083782196,
      0.9262850880622864,
      -0.371071457862854
    ],
    "gravity" : [
      0.06558673083782196,
      -0.9262850880622864,
      0.3710715174674988
    ]
  },
  {
    "userAcceleration" : [
      -0.06121460348367691,
      0.04115861654281616,
      -0.04429909586906433
    ],
    "timestamp" : 306961908066,
    "rotationMatrix" : [
      0.9615198373794556,
      -0.04103471338748932,
      -0.2716537117958069,
      -0.2668052315711975,
      -0.37532320618629456,
      -0.887664258480072,
      -0.06553284823894501,
      0.9259853959083557,
      -0.37182900309562683
    ],
    "gravity" : [
      0.06553284078836441,
      -0.9259853959083557,
      0.37182897329330444
    ]
  },
  {
    "userAcceleration" : [
      -0.062214866280555725,
      0.035643696784973145,
      -0.048566609621047974
    ],
    "timestamp" : 306961918082,
    "rotationMatrix" : [
      0.9597334265708923,
      -0.04414582997560501,
      -0.277421772480011,
      -0.27324336767196655,
      -0.3758890628814697,
      -0.8854634165763855,
      -0.06519030034542084,
      0.9256125092506409,
      -0.372815877199173
    ],
    "gravity" : [
      0.06519031524658203,
      -0.9256125092506409,
      0.3728158175945282
    ]
  },
  {
    "userAcceleration" : [
      -0.0628979355096817,
      0.03305453062057495,
      -0.028464585542678833
    ],
    "timestamp" : 306961928099,
    "rotationMatrix" : [
      0.9580878615379333,
      -0.047331348061561584,
      -0.28253743052482605,
      -0.27910131216049194,
      -0.3765406012535095,
      -0.8833568692207336,
      -0.06457637995481491,
      0.9251900315284729,
      -0.3739691972732544
    ],
    "gravity" : [
      0.06457638740539551,
      -0.9251900911331177,
      0.37396925687789917
    ]
  },
  {
    "userAcceleration" : [
      -0.05120188742876053,
      0.014740288257598877,
      0.013189494609832764
    ],
    "timestamp" : 306961938116,
    "rotationMatrix" : [
      0.9564700126647949,
      -0.05049312114715576,
      -0.2874291241168976,
      -0.2847527861595154,
      -0.3770758807659149,
      -0.8813225030899048,
      -0.06388191133737564,
      0.9248048067092896,
      -0.37503981590270996
    ],
    "gravity" : [
      0.06388190388679504,
      -0.9248048067092896,
      0.37503984570503235
    ]
  },
  {
    "userAcceleration" : [
      -0.0504811629652977,
      0.014477908611297607,
      0.01242130994796753
    ],
    "timestamp" : 306961948132,
    "rotationMatrix" : [
      0.9550145268440247,
      -0.05333671718835831,
      -0.2917231321334839,
      -0.28975483775138855,
      -0.37732765078544617,
      -0.8795826435089111,
      -0.0631612092256546,
      0.9245424270629883,
      -0.3758079409599304
    ],
    "gravity" : [
      0.063161201775074,
      -0.9245424270629883,
      0.3758079707622528
    ]
  },
  {
    "userAcceleration" : [
      -0.029268287122249603,
      0.02127540111541748,
      0.030440807342529297
    ],
    "timestamp" : 306961958149,
    "rotationMatrix" : [
      0.9530166387557983,
      -0.056848399341106415,
      -0.2975357472896576,
      -0.29645106196403503,
      -0.37690895795822144,
      -0.8775286078453064,
      -0.0622577965259552,
      0.9245042204856873,
      -0.3760532736778259
    ],
    "gravity" : [
      0.0622577928006649,
      -0.9245041608810425,
      0.3760532736778259
    ]
  },
  {
    "userAcceleration" : [
      -0.03091728687286377,
      0.008437693119049072,
      0.03648364543914795
    ],
    "timestamp" : 306961968166,
    "rotationMatrix" : [
      0.9510408043861389,
      -0.060182273387908936,
      -0.30314937233924866,
      -0.3029319941997528,
      -0.3759535551071167,
      -0.8757233619689941,
      -0.06126701831817627,
      0.9246822595596313,
      -0.37577828764915466
    ],
    "gravity" : [
      0.06126701459288597,
      -0.9246821999549866,
      0.3757782280445099
    ]
  },
  {
    "userAcceleration" : [
      -0.03243222460150719,
      0.007180333137512207,
      0.03544652462005615
    ],
    "timestamp" : 306961978182,
    "rotationMatrix" : [
      0.9488655924797058,
      -0.06375683099031448,
      -0.30917495489120483,
      -0.3099190890789032,
      -0.37440013885498047,
      -0.8739420771598816,
      -0.060035377740859985,
      0.9250727295875549,
      -0.3750148415565491
    ],
    "gravity" : [
      0.06003537029027939,
      -0.9250727891921997,
      0.37501490116119385
    ]
  },
  {
    "userAcceleration" : [
      -0.04295941814780235,
      0.004987120628356934,
      0.03106328845024109
    ],
    "timestamp" : 306961988199,
    "rotationMatrix" : [
      0.9468812346458435,
      -0.06712156534194946,
      -0.3145006000995636,
      -0.31620779633522034,
      -0.3724011480808258,
      -0.8725425004959106,
      -0.05855390429496765,
      0.925641655921936,
      -0.3738440275192261
    ],
    "gravity" : [
      0.05855390429496765,
      -0.925641655921936,
      0.3738439977169037
    ]
  },
  {
    "userAcceleration" : [
      -0.05717361718416214,
      0.006259918212890625,
      0.026884108781814575
    ],
    "timestamp" : 306961998216,
    "rotationMatrix" : [
      0.9448474645614624,
      -0.07038521766662598,
      -0.31985801458358765,
      -0.32250866293907166,
      -0.36999204754829407,
      -0.8712602853775024,
      -0.05702100694179535,
      0.9263650178909302,
      -0.3722859025001526
    ],
    "gravity" : [
      0.05702102556824684,
      -0.9263650178909302,
      0.3722858130931854
    ]
  },
  {
    "userAcceleration" : [
      -0.06117013096809387,
      0.008401215076446533,
      0.015796154737472534
    ],
    "timestamp" : 306962008232,
    "rotationMatrix" : [
      0.942638099193573,
      -0.07357585430145264,
      -0.32560721039772034,
      -0.3291560709476471,
      -0.36728453636169434,
      -0.8699188232421875,
      -0.05558541417121887,
      0.9271942377090454,
      -0.37043434381484985
    ],
    "gravity" : [
      0.055585410445928574,
      -0.9271941781044006,
      0.37043434381484985
    ]
  },
  {
    "userAcceleration" : [
      -0.06126806139945984,
      0.010357856750488281,
      -0.010520756244659424
    ],
    "timestamp" : 306962018249,
    "rotationMatrix" : [
      0.9403096437454224,
      -0.07666733860969543,
      -0.3315717577934265,
      -0.33596593141555786,
      -0.3644746243953705,
      -0.8684958219528198,
      -0.05426424741744995,
      0.9280518293380737,
      -0.36847662925720215
    ],
    "gravity" : [
      0.05426425486803055,
      -0.9280518293380737,
      0.3684765696525574
    ]
  },
  {
    "userAcceleration" : [
      -0.06270507723093033,
      0.01677042245864868,
      -0.0327991247177124
    ],
    "timestamp" : 306962028266,
    "rotationMatrix" : [
      0.9379706382751465,
      -0.07963055372238159,
      -0.3374463617801666,
      -0.3426303267478943,
      -0.36183732748031616,
      -0.86699378490448,
      -0.05306151509284973,
      0.928834080696106,
      -0.3666766285896301
    ],
    "gravity" : [
      0.053061503916978836,
      -0.928834080696106,
      0.3666766583919525
    ]
  },
  {
    "userAcceleration" : [
      -0.06129720062017441,
      0.019650757312774658,
      -0.04242655634880066
    ],
    "timestamp" : 306962038282,
    "rotationMatrix" : [
      0.9357746839523315,
      -0.08239953219890594,
      -0.34283536672592163,
      -0.3487515449523926,
      -0.3595348000526428,
      -0.8655100464820862,
      -0.051943570375442505,
      0.9294866919517517,
      -0.3651805520057678
    ],
    "gravity" : [
      0.051943570375442505,
      -0.9294866919517517,
      0.36518052220344543
    ]
  },
  {
    "userAcceleration" : [
      -0.052292533218860626,
      0.02091306447982788,
      -0.033382564783096313
    ],
    "timestamp" : 306962048299,
    "rotationMatrix" : [
      0.9336971640586853,
      -0.08510854840278625,
      -0.34780192375183105,
      -0.35443785786628723,
      -0.35756728053092957,
      -0.8640135526657104,
      -0.05082765221595764,
      0.9300011396408081,
      -0.3640252351760864
    ],
    "gravity" : [
      0.05082766339182854,
      -0.9300011396408081,
      0.3640252649784088
    ]
  },
  {
    "userAcceleration" : [
      -0.05736387148499489,
      0.02758610248565674,
      -0.00648188591003418
    ],
    "timestamp" : 306962058316,
    "rotationMatrix" : [
      0.9317647814750671,
      -0.08761556446552277,
      -0.35233208537101746,
      -0.35963571071624756,
      -0.3557533621788025,
      -0.862613320350647,
      -0.04976499080657959,
      0.9304639101028442,
      -0.36298811435699463
    ],
    "gravity" : [
      0.049764979630708694,
      -0.9304639101028442,
      0.362988144159317
    ]
  },
  {
    "userAcceleration" : [
      -0.06416183710098267,
      0.028798222541809082,
      0.010606259107589722
    ],
    "timestamp" : 306962068332,
    "rotationMatrix" : [
      0.929854691028595,
      -0.08979983627796173,
      -0.35680001974105835,
      -0.3646584153175354,
      -0.3539089858531952,
      -0.8612621426582336,
      -0.048933565616607666,
      0.9309588074684143,
      -0.3618302047252655
    ],
    "gravity" : [
      0.04893355816602707,
      -0.9309588074684143,
      0.3618302345275879
    ]
  },
  {
    "userAcceleration" : [
      -0.056092604994773865,
      0.033548593521118164,
      0.014653325080871582
    ],
    "timestamp" : 306962078349,
    "rotationMatrix" : [
      0.927930474281311,
      -0.09157750010490417,
      -0.36132901906967163,
      -0.3695935010910034,
      -0.3519901633262634,
      -0.8599440455436707,
      -0.048432692885398865,
      0.9315131306648254,
      -0.3604688346385956
    ],
    "gravity" : [
      0.04843268170952797,
      -0.9315131306648254,
      0.3604687750339508
    ]
  },
  {
    "userAcceleration" : [
      -0.045816052705049515,
      0.0377386212348938,
      0.006961435079574585
    ],
    "timestamp" : 306962088366,
    "rotationMatrix" : [
      0.9259641766548157,
      -0.09306250512599945,
      -0.36596405506134033,
      -0.3745229244232178,
      -0.35003596544265747,
      -0.8586077690124512,
      -0.04819640517234802,
      0.9321019649505615,
      -0.358974814414978
    ],
    "gravity" : [
      0.048196401447057724,
      -0.9321019649505615,
      0.35897475481033325
    ]
  },
  {
    "userAcceleration" : [
      -0.038400761783123016,
      0.04337698221206665,
      -0.009324222803115845
    ],
    "timestamp" : 306962098382,
    "rotationMatrix" : [
      0.9239826798439026,
      -0.09441027045249939,
      -0.3705977201461792,
      -0.3793986141681671,
      -0.3481452167034149,
      -0.85723477602005,
      -0.04809005558490753,
      0.9326743483543396,
      -0.35749930143356323
    ],
    "gravity" : [
      0.04809006303548813,
      -0.9326743483543396,
      0.35749924182891846
    ]
  },
  {
    "userAcceleration" : [
      -0.03555219992995262,
      0.041875600814819336,
      -0.019416213035583496
    ],
    "timestamp" : 306962108399,
    "rotationMatrix" : [
      0.921965479850769,
      -0.09579291939735413,
      -0.3752378225326538,
      -0.3842836320400238,
      -0.3464299440383911,
      -0.8557525277137756,
      -0.04801860451698303,
      0.9331720471382141,
      -0.35620808601379395
    ],
    "gravity" : [
      0.04801860824227333,
      -0.9331720471382141,
      0.3562081456184387
    ]
  },
  {
    "userAcceleration" : [
      -0.038819365203380585,
      0.0365944504737854,
      -0.013017803430557251
    ],
    "timestamp" : 306962118416,
    "rotationMatrix" : [
      0.9199939370155334,
      -0.0971473902463913,
      -0.3797019124031067,
      -0.38898348808288574,
      -0.34494391083717346,
      -0.8542279005050659,
      -0.04798988997936249,
      0.9335823059082031,
      -0.3551350235939026
    ],
    "gravity" : [
      0.04798988625407219,
      -0.9335823059082031,
      0.35513508319854736
    ]
  },
  {
    "userAcceleration" : [
      -0.03923846408724785,
      0.030528128147125244,
      0.0011770129203796387
    ],
    "timestamp" : 306962128432,
    "rotationMatrix" : [
      0.9181051850318909,
      -0.0984157919883728,
      -0.3839234411716461,
      -0.3934217095375061,
      -0.3435722887516022,
      -0.852746844291687,
      -0.04798173904418945,
      0.9339550733566284,
      -0.35415440797805786
    ],
    "gravity" : [
      0.04798172786831856,
      -0.9339550733566284,
      0.3541543483734131
    ]
  },
  {
    "userAcceleration" : [
      -0.0327191986143589,
      0.02931666374206543,
      0.015028983354568481
    ],
    "timestamp" : 306962138449,
    "rotationMatrix" : [
      0.9162469506263733,
      -0.09952887892723083,
      -0.3880534768104553,
      -0.3977231979370117,
      -0.3421446979045868,
      -0.8513244986534119,
      -0.0480390340089798,
      0.9343613982200623,
      -0.35307401418685913
    ],
    "gravity" : [
      0.0480390228331089,
      -0.9343613386154175,
      0.35307401418685913
    ]
  },
  {
    "userAcceleration" : [
      -0.020426254719495773,
      0.02882331609725952,
      0.023190349340438843
    ],
    "timestamp" : 306962148465,
    "rotationMatrix" : [
      0.9142018556594849,
      -0.10059189796447754,
      -0.3925763964653015,
      -0.4023810625076294,
      -0.34055209159851074,
      -0.8497726321220398,
      -0.048212483525276184,
      0.93482905626297,
      -0.35180962085723877
    ],
    "gravity" : [
      0.04821248725056648,
      -0.93482905626297,
      0.35180962085723877
    ]
  },
  {
    "userAcceleration" : [
      -0.008043959736824036,
      0.02934783697128296,
      0.013370007276535034
    ],
    "timestamp" : 306962158482,
    "rotationMatrix" : [
      0.9120455980300903,
      -0.10161663591861725,
      -0.39729952812194824,
      -0.4072204828262329,
      -0.33880314230918884,
      -0.848164975643158,
      -0.04841868579387665,
      0.9353535771369934,
      -0.35038429498672485
    ],
    "gravity" : [
      0.04841868579387665,
      -0.9353535771369934,
      0.3503842353820801
    ]
  },
  {
    "userAcceleration" : [
      -0.0011864826083183289,
      0.03138476610183716,
      0.006737053394317627
    ],
    "timestamp" : 306962168499,
    "rotationMatrix" : [
      0.9097744226455688,
      -0.10273240506649017,
      -0.4021896719932556,
      -0.4122522473335266,
      -0.33696603775024414,
      -0.8464642763137817,
      -0.04856501519680023,
      0.9358952045440674,
      -0.3489147424697876
    ],
    "gravity" : [
      0.048565011471509933,
      -0.9358951449394226,
      0.34891477227211
    ]
  },
  {
    "userAcceleration" : [
      -0.006306290626525879,
      0.024608194828033447,
      0.0065129101276397705
    ],
    "timestamp" : 306962178515,
    "rotationMatrix" : [
      0.9073532819747925,
      -0.10402356088161469,
      -0.40729498863220215,
      -0.41754794120788574,
      -0.33508554100990295,
      -0.844613254070282,
      -0.04861892759799957,
      0.9364277720451355,
      -0.3474757671356201
    ],
    "gravity" : [
      0.04861891269683838,
      -0.9364277720451355,
      0.3474757969379425
    ]
  },
  {
    "userAcceleration" : [
      -0.01584387943148613,
      0.013449311256408691,
      0.007866740226745605
    ],
    "timestamp" : 306962188532,
    "rotationMatrix" : [
      0.9048399329185486,
      -0.1054956465959549,
      -0.41247472167015076,
      -0.4229789972305298,
      -0.3331400752067566,
      -0.8426782488822937,
      -0.048512935638427734,
      0.936957061290741,
      -0.3460609018802643
    ],
    "gravity" : [
      0.04851292073726654,
      -0.9369570016860962,
      0.3460608422756195
    ]
  },
  {
    "userAcceleration" : [
      -0.028226807713508606,
      0.007518291473388672,
      0.016231894493103027
    ],
    "timestamp" : 306962198549,
    "rotationMatrix" : [
      0.902362585067749,
      -0.10704582929611206,
      -0.41747209429740906,
      -0.4282703995704651,
      -0.33112385869026184,
      -0.8407980799674988,
      -0.04823106527328491,
      0.9374956488609314,
      -0.34463831782341003
    ],
    "gravity" : [
      0.04823105037212372,
      -0.9374957084655762,
      0.3446384072303772
    ]
  },
  {
    "userAcceleration" : [
      -0.053869158029556274,
      0.014734506607055664,
      0.023756414651870728
    ],
    "timestamp" : 306962208565,
    "rotationMatrix" : [
      0.8998439908027649,
      -0.10850371420383453,
      -0.422501802444458,
      -0.43356525897979736,
      -0.32900378108024597,
      -0.8389148116111755,
      -0.04797925055027008,
      0.93807452917099,
      -0.3430955410003662
    ],
    "gravity" : [
      0.047979261726140976,
      -0.9380744695663452,
      0.34309545159339905
    ]
  },
  {
    "userAcceleration" : [
      -0.053928911685943604,
      0.015376150608062744,
      0.025524169206619263
    ],
    "timestamp" : 306962218582,
    "rotationMatrix" : [
      0.897174596786499,
      -0.10965682566165924,
      -0.42784714698791504,
      -0.439055860042572,
      -0.3267838954925537,
      -0.8369244933128357,
      -0.04803900420665741,
      0.9387161135673523,
      -0.3413276970386505
    ],
    "gravity" : [
      0.048039019107818604,
      -0.9387161135673523,
      0.34132763743400574
    ]
  },
  {
    "userAcceleration" : [
      -0.04683063551783562,
      0.023853302001953125,
      0.00230330228805542
    ],
    "timestamp" : 306962228599,
    "rotationMatrix" : [
      0.8946008682250977,
      -0.11045211553573608,
      -0.43300074338912964,
      -0.4442436695098877,
      -0.324643075466156,
      -0.8350175619125366,
      -0.04834122955799103,
      0.9393652677536011,
      -0.33949360251426697
    ],
    "gravity" : [
      0.048341237008571625,
      -0.9393652677536011,
      0.3394935429096222
    ]
  },
  {
    "userAcceleration" : [
      -0.03357218950986862,
      0.02972579002380371,
      -0.019869953393936157
    ],
    "timestamp" : 306962238615,
    "rotationMatrix" : [
      0.8920093178749084,
      -0.11126667261123657,
      -0.43810853362083435,
      -0.44938987493515015,
      -0.3226422369480133,
      -0.8330368995666504,
      -0.04866310954093933,
      0.9399582147598267,
      -0.337801992893219
    ],
    "gravity" : [
      0.04866311699151993,
      -0.9399582147598267,
      0.3378020226955414
    ]
  },
  {
    "userAcceleration" : [
      -0.022667206823825836,
      0.026225388050079346,
      -0.03130149841308594
    ],
    "timestamp" : 306962248632,
    "rotationMatrix" : [
      0.8894268274307251,
      -0.11236514151096344,
      -0.44305071234703064,
      -0.45446932315826416,
      -0.3208070993423462,
      -0.8309876918792725,
      -0.04875972867012024,
      0.9404556751251221,
      -0.33640095591545105
    ],
    "gravity" : [
      0.048759736120700836,
      -0.9404557347297668,
      0.33640098571777344
    ]
  },
  {
    "userAcceleration" : [
      -0.01696915179491043,
      0.020723819732666016,
      -0.01419210433959961
    ],
    "timestamp" : 306962258649,
    "rotationMatrix" : [
      0.8869597315788269,
      -0.11361619830131531,
      -0.4476536512374878,
      -0.45927926898002625,
      -0.31904396414756775,
      -0.8290196657180786,
      -0.04863111674785614,
      0.9409050941467285,
      -0.3351607024669647
    ],
    "gravity" : [
      0.048631127923727036,
      -0.9409050941467285,
      0.3351607620716095
    ]
  },
  {
    "userAcceleration" : [
      -0.015953902155160904,
      0.018636226654052734,
      0.013413399457931519
    ],
    "timestamp" : 306962268665,
    "rotationMatrix" : [
      0.8841603398323059,
      -0.1149824857711792,
      -0.45281291007995605,
      -0.4646592140197754,
      -0.31705427169799805,
      -0.8267819285392761,
      -0.04850088059902191,
      0.9414114356040955,
      -0.3337544798851013
    ],
    "gravity" : [
      0.048500869423151016,
      -0.9414114356040955,
      0.3337544798851013
    ]
  },
  {
    "userAcceleration" : [
      -0.020579982548952103,
      0.01318269968032837,
      0.02615031599998474
    ],
    "timestamp" : 306962278682,
    "rotationMatrix" : [
      0.8810316920280457,
      -0.11639353632926941,
      -0.45851466059684753,
      -0.47057822346687317,
      -0.3147364556789398,
      -0.824316143989563,
      -0.04836621880531311,
      0.9420156478881836,
      -0.33206507563591003
    ],
    "gravity" : [
      0.048366207629442215,
      -0.9420156478881836,
      0.33206501603126526
    ]
  },
  {
    "userAcceleration" : [
      -0.031147349625825882,
      0.010043561458587646,
      0.02510654926300049
    ],
    "timestamp" : 306962288699,
    "rotationMatrix" : [
      0.8778945803642273,
      -0.11779627203941345,
      -0.4641392230987549,
      -0.47643211483955383,
      -0.31222766637802124,
      -0.8219041228294373,
      -0.048099830746650696,
      0.9426760077476501,
      -0.3302249014377594
    ],
    "gravity" : [
      0.04809983819723129,
      -0.9426760077476501,
      0.330224871635437
    ]
  },
  {
    "userAcceleration" : [
      -0.04467606544494629,
      0.013118922710418701,
      0.036965757608413696
    ],
    "timestamp" : 306962298715,
    "rotationMatrix" : [
      0.8749449849128723,
      -0.11903919279575348,
      -0.4693623185157776,
      -0.4818614721298218,
      -0.30964627861976624,
      -0.8197126984596252,
      -0.047758325934410095,
      0.9433711171150208,
      -0.3282838463783264
    ],
    "gravity" : [
      0.047758329659700394,
      -0.9433711171150208,
      0.3282838463783264
    ]
  },
  {
    "userAcceleration" : [
      -0.054479122161865234,
      0.01663869619369507,
      0.05022713541984558
    ],
    "timestamp" : 306962308732,
    "rotationMatrix" : [
      0.8720842003822327,
      -0.1200067549943924,
      -0.47441282868385315,
      -0.48704302310943604,
      -0.3069981634616852,
      -0.8176437020301819,
      -0.04752108454704285,
      0.944113552570343,
      -0.3261767029762268
    ],
    "gravity" : [
      0.04752109944820404,
      -0.9441136121749878,
      0.32617661356925964
    ]
  },
  {
    "userAcceleration" : [
      -0.040279608219861984,
      0.017794132232666016,
      0.038731783628463745
    ],
    "timestamp" : 306962318749,
    "rotationMatrix" : [
      0.8693257570266724,
      -0.1206352710723877,
      -0.4792909622192383,
      -0.49195635318756104,
      -0.3043116629123688,
      -0.8157040476799011,
      -0.047451213002204895,
      0.9449028372764587,
      -0.3238932490348816
    ],
    "gravity" : [
      0.047451213002204895,
      -0.9449028372764587,
      0.323893278837204
    ]
  },
  {
    "userAcceleration" : [
      -0.040371544659137726,
      0.01862114667892456,
      0.04116806387901306
    ],
    "timestamp" : 306962328765,
    "rotationMatrix" : [
      0.8665370941162109,
      -0.12102514505386353,
      -0.48421722650527954,
      -0.4968430995941162,
      -0.3015757203102112,
      -0.8137561678886414,
      -0.047543153166770935,
      0.9457299113273621,
      -0.3214570879936218
    ],
    "gravity" : [
      0.047543156892061234,
      -0.9457299113273621,
      0.32145702838897705
    ]
  },
  {
    "userAcceleration" : [
      -0.02643408253788948,
      0.018828928470611572,
      0.02696135640144348
    ],
    "timestamp" : 306962338782,
    "rotationMatrix" : [
      0.8641073703765869,
      -0.12107373774051666,
      -0.4885280728340149,
      -0.5010417103767395,
      -0.29893001914024353,
      -0.812156617641449,
      -0.04770481586456299,
      0.9465634226799011,
      -0.31897062063217163
    ],
    "gravity" : [
      0.04770481958985329,
      -0.9465634226799011,
      0.3189706802368164
    ]
  },
  {
    "userAcceleration" : [
      -0.012708183377981186,
      0.01409602165222168,
      0.015863686800003052
    ],
    "timestamp" : 306962348799,
    "rotationMatrix" : [
      0.86147141456604,
      -0.12126940488815308,
      -0.49311333894729614,
      -0.5055481791496277,
      -0.2962854504585266,
      -0.8103309869766235,
      -0.04783390462398529,
      0.9473694562911987,
      -0.31654900312423706
    ],
    "gravity" : [
      0.04783390834927559,
      -0.9473695158958435,
      0.31654903292655945
    ]
  },
  {
    "userAcceleration" : [
      -0.0026662424206733704,
      0.01330500841140747,
      0.011239409446716309
    ],
    "timestamp" : 306962358815,
    "rotationMatrix" : [
      0.8588805198669434,
      -0.12143880128860474,
      -0.4975709617137909,
      -0.5099260807037354,
      -0.2937079071998596,
      -0.8085240721702576,
      -0.047954291105270386,
      0.9481499791145325,
      -0.31418484449386597
    ],
    "gravity" : [
      0.04795430228114128,
      -0.9481499791145325,
      0.3141847848892212
    ]
  },
  {
    "userAcceleration" : [
      0.003469262272119522,
      0.01069188117980957,
      0.010213583707809448
    ],
    "timestamp" : 306962368832,
    "rotationMatrix" : [
      0.856245219707489,
      -0.12152750790119171,
      -0.5020709037780762,
      -0.5143204927444458,
      -0.2911592721939087,
      -0.8066601753234863,
      -0.04815120995044708,
      0.9489243030548096,
      -0.3118078112602234
    ],
    "gravity" : [
      0.048151206225156784,
      -0.9489243030548096,
      0.31180787086486816
    ]
  },
  {
    "userAcceleration" : [
      0.010565832257270813,
      0.009742319583892822,
      0.006114453077316284
    ],
    "timestamp" : 306962378849,
    "rotationMatrix" : [
      0.8535889387130737,
      -0.12149463593959808,
      -0.5065816044807434,
      -0.5186872482299805,
      -0.2886863946914673,
      -0.8047505617141724,
      -0.0484703928232193,
      0.949683666229248,
      -0.30943724513053894
    ],
    "gravity" : [
      0.0484703853726387,
      -0.949683666229248,
      0.30943727493286133
    ]
  },
  {
    "userAcceleration" : [
      0.027147240936756134,
      0.0026364922523498535,
      0.004318356513977051
    ],
    "timestamp" : 306962388865,
    "rotationMatrix" : [
      0.8508124947547913,
      -0.1215968132019043,
      -0.5112067461013794,
      -0.523207426071167,
      -0.28620684146881104,
      -0.8027076721191406,
      -0.04870416224002838,
      0.9504208564758301,
      -0.3071287274360657
    ],
    "gravity" : [
      0.04870416969060898,
      -0.9504209160804749,
      0.30712875723838806
    ]
  },
  {
    "userAcceleration" : [
      0.03347482904791832,
      -0.0013182759284973145,
      0.011087864637374878
    ],
    "timestamp" : 306962398882,
    "rotationMatrix" : [
      0.847926914691925,
      -0.1220034807920456,
      -0.5158828496932983,
      -0.5278804302215576,
      -0.283546507358551,
      -0.8005893230438232,
      -0.04860219359397888,
      0.9511656761169434,
      -0.3048299551010132
    ],
    "gravity" : [
      0.04860217869281769,
      -0.9511657357215881,
      0.30483004450798035
    ]
  },
  {
    "userAcceleration" : [
      0.02679697796702385,
      -0.000660240650177002,
      0.024487286806106567
    ],
    "timestamp" : 306962408899,
    "rotationMatrix" : [
      0.8451265096664429,
      -0.12243077158927917,
      -0.5203574299812317,
      -0.532379150390625,
      -0.2807302474975586,
      -0.7986006140708923,
      -0.04830676317214966,
      0.9519460797309875,
      -0.30243217945098877
    ],
    "gravity" : [
      0.048306770622730255,
      -0.9519460797309875,
      0.30243223905563354
    ]
  },
  {
    "userAcceleration" : [
      0.02461404725909233,
      0.003690361976623535,
      0.03335484862327576
    ],
    "timestamp" : 306962418915,
    "rotationMatrix" : [
      0.8421859741210938,
      -0.12276944518089294,
      -0.5250242352485657,
      -0.5370475053787231,
      -0.2776607275009155,
      -0.7965452671051025,
      -0.04798723757266998,
      0.9528021812438965,
      -0.29977500438690186
    ],
    "gravity" : [
      0.04798723757266998,
      -0.9528021812438965,
      0.29977500438690186
    ]
  },
  {
    "userAcceleration" : [
      0.025620099157094955,
      0.00851505994796753,
      0.021919280290603638
    ],
    "timestamp" : 306962428932,
    "rotationMatrix" : [
      0.8390534520149231,
      -0.12296868860721588,
      -0.5299698710441589,
      -0.5419554114341736,
      -0.2742941379547119,
      -0.7943848371505737,
      -0.04768313467502594,
      0.9537513256072998,
      -0.2967910170555115
    ],
    "gravity" : [
      0.04768310859799385,
      -0.9537513256072998,
      0.2967910170555115
    ]
  },
  {
    "userAcceleration" : [
      0.02236098423600197,
      0.012241065502166748,
      -0.005040884017944336
    ],
    "timestamp" : 306962438949,
    "rotationMatrix" : [
      0.8357149958610535,
      -0.12308572232723236,
      -0.5351918935775757,
      -0.5471044778823853,
      -0.2709197998046875,
      -0.7920095920562744,
      -0.04750898480415344,
      0.9547001123428345,
      -0.2937524914741516
    ],
    "gravity" : [
      0.047508981078863144,
      -0.9547001719474792,
      0.2937524616718292
    ]
  },
  {
    "userAcceleration" : [
      0.02298412099480629,
      0.013548493385314941,
      -0.044833749532699585
    ],
    "timestamp" : 306962448965,
    "rotationMatrix" : [
      0.8323388695716858,
      -0.12332631647586823,
      -0.5403727293014526,
      -0.5522415041923523,
      -0.26779705286026,
      -0.7895026803016663,
      -0.0473436564207077,
      0.9555500149726868,
      -0.2910038232803345
    ],
    "gravity" : [
      0.04734364151954651,
      -0.955549955368042,
      0.2910037934780121
    ]
  },
  {
    "userAcceleration" : [
      0.03811148181557655,
      0.01719820499420166,
      -0.06053987145423889
    ],
    "timestamp" : 306962458982,
    "rotationMatrix" : [
      0.8291117548942566,
      -0.12386535108089447,
      -0.5451890826225281,
      -0.5571011304855347,
      -0.2650732398033142,
      -0.7870034575462341,
      -0.04703254997730255,
      0.9562392830848694,
      -0.2887808382511139
    ],
    "gravity" : [
      0.04703254997730255,
      -0.9562392830848694,
      0.2887808382511139
    ]
  },
  {
    "userAcceleration" : [
      0.036624111235141754,
      0.01322394609451294,
      -0.059329599142074585
    ],
    "timestamp" : 306962468999,
    "rotationMatrix" : [
      0.8259016871452332,
      -0.12483575940132141,
      -0.5498204231262207,
      -0.5618916749954224,
      -0.2627052366733551,
      -0.7843876481056213,
      -0.046521008014678955,
      0.9567665457725525,
      -0.28711289167404175
    ],
    "gravity" : [
      0.04652101546525955,
      -0.9567665457725525,
      0.287112832069397
    ]
  },
  {
    "userAcceleration" : [
      0.036265574395656586,
      0.00991678237915039,
      -0.032849669456481934
    ],
    "timestamp" : 306962479015,
    "rotationMatrix" : [
      0.8229315876960754,
      -0.12605993449687958,
      -0.5539788007736206,
      -0.5662917494773865,
      -0.2605971395969391,
      -0.7819225788116455,
      -0.04579618573188782,
      0.9571824073791504,
      -0.28584033250808716
    ],
    "gravity" : [
      0.04579618573188782,
      -0.9571824073791504,
      0.28584033250808716
    ]
  },
  {
    "userAcceleration" : [
      0.027346860617399216,
      0.009721517562866211,
      0.008104652166366577
    ],
    "timestamp" : 306962489032,
    "rotationMatrix" : [
      0.8197293281555176,
      -0.12750884890556335,
      -0.5583773851394653,
      -0.5709857940673828,
      -0.25841379165649414,
      -0.7792286276817322,
      -0.044933974742889404,
      0.9575820565223694,
      -0.284635066986084
    ],
    "gravity" : [
      0.0449339933693409,
      -0.9575821161270142,
      0.28463515639305115
    ]
  },
  {
    "userAcceleration" : [
      0.014267344027757645,
      0.008943915367126465,
      0.042165160179138184
    ],
    "timestamp" : 306962499049,
    "rotationMatrix" : [
      0.816245436668396,
      -0.1288733035326004,
      -0.5631474256515503,
      -0.5760221481323242,
      -0.25591301918029785,
      -0.7763420939445496,
      -0.04406699538230896,
      0.9580710530281067,
      -0.2831217050552368
    ],
    "gravity" : [
      0.044066980481147766,
      -0.9580711126327515,
      0.2831217348575592
    ]
  },
  {
    "userAcceleration" : [
      0.008030693978071213,
      0.010200738906860352,
      0.05757856369018555
    ],
    "timestamp" : 306962509065,
    "rotationMatrix" : [
      0.8125213384628296,
      -0.12997519969940186,
      -0.5682564973831177,
      -0.5813255906105042,
      -0.2529749274253845,
      -0.7733461856842041,
      -0.04323884844779968,
      0.9587023258209229,
      -0.2811054289340973
    ],
    "gravity" : [
      0.04323882609605789,
      -0.9587023258209229,
      0.2811054587364197
    ]
  },
  {
    "userAcceleration" : [
      -0.001961849629878998,
      0.012009382247924805,
      0.04594296216964722
    ],
    "timestamp" : 306962519082,
    "rotationMatrix" : [
      0.8085958957672119,
      -0.13084742426872253,
      -0.5736302137374878,
      -0.5868337154388428,
      -0.24963805079460144,
