[
  {
    "rotationMatrix" : [
      0.9962067604064941,
      -0.03198320046067238,
      -0.0809270367026329,
      -0.03198320046067238,
      0.7303301095962524,
      -0.6823452115058899,
      0.0809270367026329,
      0.6823452115058899,
      0.7265368700027466
    ],
    "gravity" : [
      -0.0809270367026329,
      -0.6823452115058899,
      -0.7265368700027466
    ],
    "userAcceleration" : [
      -0.05599008500576019,
      0.07554894685745239,
      -0.05019652843475342
    ],
    "timestamp" : 306951744124
  },
  {
    "rotationMatrix" : [
      0.9963093400001526,
      -0.02981305494904518,
      -0.08049120008945465,
      -0.03324195370078087,
      0.7305482029914856,
      -0.6820515394210815,
      0.07913674414157867,
      0.6822099685668945,
      0.7268609404563904
    ],
    "gravity" : [
      -0.07913674414157867,
      -0.6822100281715393,
      -0.7268610000610352
    ],
    "userAcceleration" : [
      -0.04236900806427002,
      0.0755968689918518,
      -0.07050234079360962
    ],
    "timestamp" : 306951754140
  },
  {
    "rotationMatrix" : [
      0.9964385032653809,
      -0.027975358068943024,
      -0.07954678684473038,
      -0.03400920704007149,
      0.7298989295959473,
      -0.6827086210250854,
      0.07716012746095657,
      0.6829824447631836,
      0.7263479232788086
    ],
    "gravity" : [
      -0.07716012746095657,
      -0.6829824447631836,
      -0.7263479232788086
    ],
    "userAcceleration" : [
      5.747377872467041e-05,
      0.08341890573501587,
      -0.0969247817993164
    ],
    "timestamp" : 306951764155
  },
  {
    "rotationMatrix" : [
      0.9965786933898926,
      -0.027114909142255783,
      -0.07807455211877823,
      -0.03378884494304657,
      0.7284373044967651,
      -0.6842787861824036,
      0.07542657107114792,
      0.6845757365226746,
      0.725028932094574
    ],
    "gravity" : [
      -0.07542657852172852,
      -0.6845757365226746,
      -0.725028932094574
    ],
    "userAcceleration" : [
      0.043413639068603516,
      0.08774352073669434,
      -0.0979233980178833
    ],
    "timestamp" : 306951774171
  },
  {
    "rotationMatrix" : [
      0.9966962337493896,
      -0.02732890099287033,
      -0.07648398727178574,
      -0.032751068472862244,
      0.7265017628669739,
      -0.6863836646080017,
      0.074323870241642,
      0.6866208910942078,
      0.7232065200805664
    ],
    "gravity" : [
      -0.074323870241642,
      -0.6866209506988525,
      -0.7232065200805664
    ],
    "userAcceleration" : [
      0.0631696954369545,
      0.07138657569885254,
      -0.0671987533569336
    ],
    "timestamp" : 306951784186
  },
  {
    "rotationMatrix" : [
      0.9967604875564575,
      -0.02840488962829113,
      -0.07524391263723373,
      -0.031328074634075165,
      0.7245391011238098,
      -0.6885213255882263,
      0.07407452911138535,
      0.6886481642723083,
      0.7213020920753479
    ],
    "gravity" : [
      -0.07407452911138535,
      -0.6886481642723083,
      -0.7213020920753479
    ],
    "userAcceleration" : [
      0.05944136530160904,
      0.051197052001953125,
      -0.024929046630859375
    ],
    "timestamp" : 306951794202
  },
  {
    "rotationMatrix" : [
      0.9967678785324097,
      -0.03001718409359455,
      -0.07451699674129486,
      -0.029834182932972908,
      0.7229233384132385,
      -0.6902838945388794,
      0.07459045946598053,
      0.6902759075164795,
      0.7196912169456482
    ],
    "gravity" : [
      -0.07459045946598053,
      -0.6902759671211243,
      -0.7196912169456482
    ],
    "userAcceleration" : [
      0.04897096008062363,
      0.03550606966018677,
      0.014017939567565918
    ],
    "timestamp" : 306951804218
  },
  {
    "rotationMatrix" : [
      0.9967248439788818,
      -0.031831491738557816,
      -0.07433920353651047,
      -0.02851659432053566,
      0.7218678593635559,
      -0.6914432644844055,
      0.07567275315523148,
      0.6912985444068909,
      0.7185959219932556
    ],
    "gravity" : [
      -0.07567274570465088,
      -0.6912985444068909,
      -0.7185959219932556
    ],
    "userAcceleration" : [
      0.027134522795677185,
      0.02833467721939087,
      0.03675687313079834
    ],
    "timestamp" : 306951814233
  },
  {
    "rotationMatrix" : [
      0.9966533780097961,
      -0.033508140593767166,
      -0.07456040382385254,
      -0.027516048401594162,
      0.7213726043701172,
      -0.6920003294944763,
      0.07697348296642303,
      0.6917360424995422,
      0.7180364727973938
    ],
    "gravity" : [
      -0.07697347551584244,
      -0.6917360424995422,
      -0.7180364727973938
    ],
    "userAcceleration" : [
      0.003304034471511841,
      0.026452839374542236,
      0.04346060752868652
    ],
    "timestamp" : 306951824249
  },
  {
    "rotationMatrix" : [
      0.9965805411338806,
      -0.03494933992624283,
      -0.07487131655216217,
      -0.026705555617809296,
      0.7212629318237305,
      -0.6921464204788208,
      0.07819196581840515,
      0.6917791366577148,
      0.7178632616996765
    ],
    "gravity" : [
      -0.07819196581840515,
      -0.6917791366577148,
      -0.7178633213043213
    ],
    "userAcceleration" : [
      -0.0063112154603004456,
      0.020850181579589844,
      0.026655375957489014
    ],
    "timestamp" : 306951834264
  },
  {
    "rotationMatrix" : [
      0.9965094923973083,
      -0.036336708813905716,
      -0.07515595108270645,
      -0.02588464878499508,
      0.721425473690033,
      -0.6920081377029419,
      0.07936472445726395,
      0.6915380954742432,
      0.7179667949676514
    ],
    "gravity" : [
      -0.07936471700668335,
      -0.6915380954742432,
      -0.7179667949676514
    ],
    "userAcceleration" : [
      -0.012126997113227844,
      0.01471930742263794,
      0.006846189498901367
    ],
    "timestamp" : 306951844280
  },
  {
    "rotationMatrix" : [
      0.9964412450790405,
      -0.037651628255844116,
      -0.07541337609291077,
      -0.025078540667891502,
      0.7217416167259216,
      -0.6917081475257874,
      0.0804729163646698,
      0.6911378502845764,
      0.7182288765907288
    ],
    "gravity" : [
      -0.0804729163646698,
      -0.6911378502845764,
      -0.7182288765907288
    ],
    "userAcceleration" : [
      -0.009630225598812103,
      0.013617098331451416,
      -0.014345645904541016
    ],
    "timestamp" : 306951854295
  },
  {
    "rotationMatrix" : [
      0.9963530898094177,
      -0.03878515586256981,
      -0.07600168883800507,
      -0.024630269035696983,
      0.7220708727836609,
      -0.691380500793457,
      0.08169390261173248,
      0.6907310485839844,
      0.718482255935669
    ],
    "gravity" : [
      -0.08169391006231308,
      -0.6907310485839844,
      -0.718482255935669
    ],
    "userAcceleration" : [
      -0.008012525737285614,
      0.01032644510269165,
      -0.020546674728393555
    ],
    "timestamp" : 306951864311
  },
  {
    "rotationMatrix" : [
      0.9962320923805237,
      -0.03985784947872162,
      -0.07702596485614777,
      -0.02453724294900894,
      0.7223162055015564,
      -0.6911275386810303,
      0.08318395912647247,
      0.6904134750366211,
      0.7186166048049927
    ],
    "gravity" : [
      -0.08318396657705307,
      -0.6904134154319763,
      -0.7186166048049927
    ],
    "userAcceleration" : [
      -0.00501183420419693,
      0.013274192810058594,
      -0.010890841484069824
    ],
    "timestamp" : 306951874326
  },
  {
    "rotationMatrix" : [
      0.9960902333259583,
      -0.04100865125656128,
      -0.07824664562940598,
      -0.0245460644364357,
      0.7223737835884094,
      -0.691067099571228,
      0.08486305922269821,
      0.6902858018875122,
      0.7185428738594055
    ],
    "gravity" : [
      -0.08486305177211761,
      -0.6902858018875122,
      -0.7185428738594055
    ],
    "userAcceleration" : [
      0.007500976324081421,
      0.021859288215637207,
      -0.003701448440551758
    ],
    "timestamp" : 306951884342
  },
  {
    "rotationMatrix" : [
      0.9959859251976013,
      -0.042456451803445816,
      -0.07880016416311264,
      -0.023924436420202255,
      0.7220538854598999,
      -0.6914230585098267,
      0.0862533375620842,
      0.690532922744751,
      0.7181397676467896
    ],
    "gravity" : [
      -0.0862533301115036,
      -0.690532922744751,
      -0.7181397676467896
    ],
    "userAcceleration" : [
      0.004588291049003601,
      0.03245186805725098,
      -0.013595521450042725
    ],
    "timestamp" : 306951894357
  },
  {
    "rotationMatrix" : [
      0.9959952235221863,
      -0.04415518790483475,
      -0.07774195820093155,
      -0.022055665031075478,
      0.7213165760040283,
      -0.6922541856765747,
      0.08664318174123764,
      0.6911965608596802,
      0.7174540162086487
    ],
    "gravity" : [
      -0.08664318174123764,
      -0.6911965608596802,
      -0.7174540162086487
    ],
    "userAcceleration" : [
      -0.017528586089611053,
      0.03651827573776245,
      -0.028777122497558594
    ],
    "timestamp" : 306951904373
  },
  {
    "rotationMatrix" : [
      0.9961178302764893,
      -0.04586651548743248,
      -0.07513689994812012,
      -0.019144196063280106,
      0.720237672328949,
      -0.693463146686554,
      0.08592316508293152,
      0.6922094225883484,
      0.7165635228157043
    ],
    "gravity" : [
      -0.08592316508293152,
      -0.6922094225883484,
      -0.7165635228157043
    ],
    "userAcceleration" : [
      -0.034102462232112885,
      0.02494269609451294,
      -0.040547072887420654
    ],
    "timestamp" : 306951914389
  },
  {
    "rotationMatrix" : [
      0.996264636516571,
      -0.04673822596669197,
      -0.07261031866073608,
      -0.016901057213544846,
      0.7190595865249634,
      -0.6947428584098816,
      0.08468219637870789,
      0.6933749318122864,
      0.7155837416648865
    ],
    "gravity" : [
      -0.08468219637870789,
      -0.6933749914169312,
      -0.7155837416648865
    ],
    "userAcceleration" : [
      -0.03882245719432831,
      0.009704947471618652,
      -0.017234861850738525
    ],
    "timestamp" : 306951924404
  },
  {
    "rotationMatrix" : [
      0.9964008927345276,
      -0.04746157303452492,
      -0.07023286074399948,
      -0.014854110777378082,
      0.717965841293335,
      -0.6959198713302612,
      0.08345424383878708,
      0.6944584846496582,
      0.7146767973899841
    ],
    "gravity" : [
      -0.08345424383878708,
      -0.6944584250450134,
      -0.7146767973899841
    ],
    "userAcceleration" : [
      -0.026439547538757324,
      0.006378650665283203,
      0.0076607465744018555
    ],
    "timestamp" : 306951934420
  },
  {
    "rotationMatrix" : [
      0.996496319770813,
      -0.04802075773477554,
      -0.06847668439149857,
      -0.013325883075594902,
      0.7171220183372498,
      -0.6968201994895935,
      0.0825679674744606,
      0.6952913403511047,
      0.7139695286750793
    ],
    "gravity" : [
      -0.0825679749250412,
      -0.6952913403511047,
      -0.7139695286750793
    ],
    "userAcceleration" : [
      -0.020291514694690704,
      0.016946613788604736,
      0.020503342151641846
    ],
    "timestamp" : 306951944435
  },
  {
    "rotationMatrix" : [
      0.9965663552284241,
      -0.04846670478582382,
      -0.06713074445724487,
      -0.012131333351135254,
      0.7165544033050537,
      -0.6974257230758667,
      0.08190475404262543,
      0.695845365524292,
      0.7135060429573059
    ],
    "gravity" : [
      -0.08190475404262543,
      -0.695845365524292,
      -0.7135059833526611
    ],
    "userAcceleration" : [
      -0.02095475047826767,
      0.026717007160186768,
      0.018941164016723633
    ],
    "timestamp" : 306951954451
  },
  {
    "rotationMatrix" : [
      0.9966220855712891,
      -0.04877986013889313,
      -0.06606800109148026,
      -0.01121210865676403,
      0.7161332368850708,
      -0.6978734731674194,
      0.08135566860437393,
      0.6962568759918213,
      0.7131672501564026
    ],
    "gravity" : [
      -0.08135566860437393,
      -0.6962568759918213,
      -0.7131672501564026
    ],
    "userAcceleration" : [
      -0.01634635031223297,
      0.026670753955841064,
      0.009630262851715088
    ],
    "timestamp" : 306951964466
  },
  {
    "rotationMatrix" : [
      0.9966670274734497,
      -0.049038879573345184,
      -0.06519210338592529,
      -0.010453710332512856,
      0.7157827019691467,
      -0.6982447504997253,
      0.0809045284986496,
      0.6965990662574768,
      0.7128843665122986
    ],
    "gravity" : [
      -0.0809045284986496,
      -0.6965990662574768,
      -0.7128843665122986
    ],
    "userAcceleration" : [
      -0.009976819157600403,
      0.027653813362121582,
      0.007073819637298584
    ],
    "timestamp" : 306951974482
  },
  {
    "rotationMatrix" : [
      0.9967013597488403,
      -0.049349673092365265,
      -0.06442879140377045,
      -0.009733393788337708,
      0.7154603004455566,
      -0.698585569858551,
      0.08057121932506561,
      0.6969082951545715,
      0.7126199007034302
    ],
    "gravity" : [
      -0.08057121187448502,
      -0.6969082951545715,
      -0.7126199007034302
    ],
    "userAcceleration" : [
      0.002476729452610016,
      0.03017556667327881,
      -0.008418917655944824
    ],
    "timestamp" : 306951984498
  },
  {
    "rotationMatrix" : [
      0.9967055916786194,
      -0.04994645714759827,
      -0.06390094757080078,
      -0.00898614339530468,
      0.7150240540504456,
      -0.6990420818328857,
      0.0806053876876831,
      0.6973134279251099,
      0.7122195959091187
    ],
    "gravity" : [
      -0.0806053876876831,
      -0.6973134279251099,
      -0.7122195959091187
    ],
    "userAcceleration" : [
      0.023247599601745605,
      0.025301098823547363,
      -0.022262215614318848
    ],
    "timestamp" : 306951994513
  },
  {
    "rotationMatrix" : [
      0.996685802936554,
      -0.0509975366294384,
      -0.06337736546993256,
      -0.007941808551549911,
      0.71437007188797,
      -0.6997230052947998,
      0.08095903694629669,
      0.6979073286056519,
      0.7115975022315979
    ],
    "gravity" : [
      -0.08095903694629669,
      -0.6979072690010071,
      -0.7115975022315979
    ],
    "userAcceleration" : [
      0.03451129049062729,
      0.02421659231185913,
      -0.0317496657371521
    ],
    "timestamp" : 306952004529
  },
  {
    "rotationMatrix" : [
      0.9966493844985962,
      -0.051744356751441956,
      -0.06334412842988968,
      -0.007483551278710365,
      0.7135154008865356,
      -0.7005994915962219,
      0.08144908398389816,
      0.6987261176109314,
      0.7107374668121338
    ],
    "gravity" : [
      -0.08144908398389816,
      -0.6987261176109314,
      -0.7107374668121338
    ],
    "userAcceleration" : [
      0.024701647460460663,
      0.025096416473388672,
      -0.04126143455505371
    ],
    "timestamp" : 306952014544
  },
  {
    "rotationMatrix" : [
      0.9966102242469788,
      -0.05315364897251129,
      -0.0627908930182457,
      -0.006215447559952736,
      0.7124190330505371,
      -0.7017267942428589,
      0.08203276246786118,
      0.6997383832931519,
      0.7096737623214722
    ],
    "gravity" : [
      -0.08203276246786118,
      -0.6997383832931519,
      -0.7096737623214722
    ],
    "userAcceleration" : [
      0.010194383561611176,
      0.025345683097839355,
      -0.03199493885040283
    ],
    "timestamp" : 306952024560
  },
  {
    "rotationMatrix" : [
      0.9965662360191345,
      -0.05430981516838074,
      -0.06249975040555,
      -0.0053245145827531815,
      0.711234450340271,
      -0.7029346823692322,
      0.08262822777032852,
      0.7008537650108337,
      0.7085030674934387
    ],
    "gravity" : [
      -0.08262822777032852,
      -0.7008537650108337,
      -0.7085030674934387
    ],
    "userAcceleration" : [
      -0.014783859252929688,
      0.026140689849853516,
      -0.01131504774093628
    ],
    "timestamp" : 306952034575
  },
  {
    "rotationMatrix" : [
      0.9965354204177856,
      -0.05448303371667862,
      -0.06283910572528839,
      -0.005562422797083855,
      0.7102028727531433,
      -0.7039750814437866,
      0.08298321068286896,
      0.7018857002258301,
      0.7074392437934875
    ],
    "gravity" : [
      -0.08298321068286896,
      -0.7018856406211853,
      -0.7074392437934875
    ],
    "userAcceleration" : [
      -0.044290341436862946,
      0.025951862335205078,
      0.003139317035675049
    ],
    "timestamp" : 306952044591
  },
  {
    "rotationMatrix" : [
      0.9965256452560425,
      -0.05408782139420509,
      -0.06333359330892563,
      -0.0062987320125103,
      0.7093097567558289,
      -0.7048687934875488,
      0.08304794877767563,
      0.702818751335144,
      0.7065047025680542
    ],
    "gravity" : [
      -0.08304795622825623,
      -0.702818751335144,
      -0.7065047025680542
    ],
    "userAcceleration" : [
      -0.054754167795181274,
      0.02194112539291382,
      0.007713198661804199
    ],
    "timestamp" : 306952054607
  },
  {
    "rotationMatrix" : [
      0.996526300907135,
      -0.05389968305826187,
      -0.06348320096731186,
      -0.006634486839175224,
      0.7084951400756836,
      -0.7056844830513,
      0.08301370590925217,
      0.7036543488502502,
      0.7056764960289001
    ],
    "gravity" : [
      -0.08301370590925217,
      -0.7036543488502502,
      -0.7056764960289001
    ],
    "userAcceleration" : [
      -0.05172138661146164,
      0.01951134204864502,
      0.013400495052337646
    ],
    "timestamp" : 306952064622
  },
  {
    "rotationMatrix" : [
      0.9965178370475769,
      -0.0534539557993412,
      -0.06399102509021759,
      -0.007383953779935837,
      0.7078737020492554,
      -0.7063004374504089,
      0.08305211365222931,
      0.7043134570121765,
      0.7050141096115112
    ],
    "gravity" : [
      -0.0830521211028099,
      -0.7043134570121765,
      -0.7050141096115112
    ],
    "userAcceleration" : [
      -0.043153323233127594,
      0.021467387676239014,
      0.01263129711151123
    ],
    "timestamp" : 306952074638
  },
  {
    "rotationMatrix" : [
      0.9964911937713623,
      -0.05277621001005173,
      -0.06496141105890274,
      -0.008612606674432755,
      0.7073653340339661,
      -0.7067956924438477,
      0.08325345069169998,
      0.704875111579895,
      0.7044287919998169
    ],
    "gravity" : [
      -0.08325345069169998,
      -0.704875111579895,
      -0.7044287919998169
    ],
    "userAcceleration" : [
      -0.032225072383880615,
      0.02524864673614502,
      0.010138630867004395
    ],
    "timestamp" : 306952084653
  },
  {
    "rotationMatrix" : [
      0.9964582920074463,
      -0.05206179991364479,
      -0.06603321433067322,
      -0.009950783103704453,
      0.7067605257034302,
      -0.70738285779953,
      0.0834973007440567,
      0.7055346369743347,
      0.7037393450737
    ],
    "gravity" : [
      -0.0834972932934761,
      -0.7055346369743347,
      -0.7037393450737
    ],
    "userAcceleration" : [
      -0.023314230144023895,
      0.026427030563354492,
      -0.002528965473175049
    ],
    "timestamp" : 306952094669
  },
  {
    "rotationMatrix" : [
      0.9964359402656555,
      -0.05097389966249466,
      -0.06720959395170212,
      -0.011652594432234764,
      0.7059453129768372,
      -0.7081705331802368,
      0.08354451507329941,
      0.7064297199249268,
      0.7028352618217468
    ],
    "gravity" : [
      -0.08354450762271881,
      -0.7064297199249268,
      -0.7028352618217468
    ],
    "userAcceleration" : [
      -0.005200602114200592,
      0.028588593006134033,
      -0.02226245403289795
    ],
    "timestamp" : 306952104685
  },
  {
    "rotationMatrix" : [
      0.9964410066604614,
      -0.050850968807935715,
      -0.0672275647521019,
      -0.011895153671503067,
      0.7047350406646729,
      -0.7093708515167236,
      0.0834498181939125,
      0.7076458930969238,
      0.7016220092773438
    ],
    "gravity" : [
      -0.0834498181939125,
      -0.7076458930969238,
      -0.7016220092773438
    ],
    "userAcceleration" : [
      0.0106806680560112,
      0.026005327701568604,
      -0.03940582275390625
    ],
    "timestamp" : 306952114700
  },
  {
    "rotationMatrix" : [
      0.9964550137519836,
      -0.05110255628824234,
      -0.06682727485895157,
      -0.011608554050326347,
      0.7032393217086792,
      -0.7108584046363831,
      0.08332224935293198,
      0.7091142535209656,
      0.700153112411499
    ],
    "gravity" : [
      -0.08332224935293198,
      -0.7091142535209656,
      -0.700153112411499
    ],
    "userAcceleration" : [
      0.01282663643360138,
      0.015754878520965576,
      -0.03718209266662598
    ],
    "timestamp" : 306952124716
  },
  {
    "rotationMatrix" : [
      0.9964732527732849,
      -0.05156271904706955,
      -0.06619937717914581,
      -0.011013975366950035,
      0.7017249464988708,
      -0.7123628854751587,
      0.0831851214170456,
      0.7105796337127686,
      0.6986821889877319
    ],
    "gravity" : [
      -0.0831851214170456,
      -0.7105796337127686,
      -0.6986821889877319
    ],
    "userAcceleration" : [
      0.010339684784412384,
      0.0008171200752258301,
      -0.02081543207168579
    ],
    "timestamp" : 306952134731
  },
  {
    "timestamp" : 306952144747,
    "gravity" : [
      -0.0833011046051979,
      -0.711809515953064,
      -0.697415292263031
    ],
    "userAcceleration" : [
      0.007403895258903503,
      -0.0020576119422912598,
      0.0029268264770507812
    ],
    "rotationMatrix" : [
      0.9964678883552551,
      -0.05204470455646515,
      -0.06590185314416885,
      -0.01061280257999897,
      0.7004416584968567,
      -0.7136306762695312,
      0.0833011046051979,
      0.711809515953064,
      0.697415292263031
    ]
  },
  {
    "timestamp" : 306952154763,
    "gravity" : [
      -0.08387181907892227,
      -0.7127254009246826,
      -0.6964107751846313
    ],
    "userAcceleration" : [
      0.0021457523107528687,
      0.0002620816230773926,
      0.017486274242401123
    ],
    "rotationMatrix" : [
      0.9964187145233154,
      -0.052454873919487,
      -0.06631937623023987,
      -0.01073736883699894,
      0.6994790434837341,
      -0.7145723700523376,
      0.08387182652950287,
      0.7127253413200378,
      0.6964107751846313
    ]
  },
  {
    "timestamp" : 306952164778,
    "gravity" : [
      -0.08486434072256088,
      -0.7134365439414978,
      -0.695561945438385
    ],
    "userAcceleration" : [
      -0.0021870583295822144,
      0.006145894527435303,
      0.013997554779052734
    ],
    "rotationMatrix" : [
      0.9963291883468628,
      -0.05289088934659958,
      -0.06731037050485611,
      -0.011232785880565643,
      0.6987209320068359,
      -0.7153062224388123,
      0.08486434072256088,
      0.7134365439414978,
      0.695561945438385
    ]
  },
  {
    "timestamp" : 306952174794,
    "gravity" : [
      -0.08582709729671478,
      -0.71415114402771,
      -0.6947098970413208
    ],
    "userAcceleration" : [
      -0.01218009740114212,
      0.011270344257354736,
      -0.0034865140914916992
    ],
    "rotationMatrix" : [
      0.9962422251701355,
      -0.05338003486394882,
      -0.06820568442344666,
      -0.011625520884990692,
      0.6979532241821289,
      -0.7160490155220032,
      0.08582709729671478,
      0.7141512036323547,
      0.6947098970413208
    ]
  },
  {
    "timestamp" : 306952184809,
    "gravity" : [
      -0.08629249781370163,
      -0.7150900959968567,
      -0.6936856508255005
    ],
    "userAcceleration" : [
      -0.025264516472816467,
      0.01149207353591919,
      -0.028787553310394287
    ],
    "rotationMatrix" : [
      0.9962030649185181,
      -0.05387066677212715,
      -0.06839188188314438,
      -0.011537056416273117,
      0.6969534754753113,
      -0.7170235514640808,
      0.08629249781370163,
      0.7150900959968567,
      0.6936856508255005
    ]
  },
  {
    "timestamp" : 306952194825,
    "gravity" : [
      -0.0862228125333786,
      -0.7163277268409729,
      -0.6924161911010742
    ],
    "userAcceleration" : [
      -0.037602245807647705,
      0.0058785080909729,
      -0.04017353057861328
    ],
    "rotationMatrix" : [
      0.9962154030799866,
      -0.054332368075847626,
      -0.06784461438655853,
      -0.010978365316987038,
      0.6956454515457153,
      -0.7183014154434204,
      0.0862228125333786,
      0.7163277864456177,
      0.6924161911010742
    ]
  },
  {
    "timestamp" : 306952204841,
    "gravity" : [
      -0.08582085371017456,
      -0.7176967263221741,
      -0.6910471320152283
    ],
    "userAcceleration" : [
      -0.03185492753982544,
      0.0025936365127563477,
      -0.02520042657852173
    ],
    "rotationMatrix" : [
      0.9962586760520935,
      -0.05473928526043892,
      -0.06687469780445099,
      -0.010168325155973434,
      0.6942009925842285,
      -0.7197093367576599,
      0.08582085371017456,
      0.7176967263221741,
      0.6910471320152283
    ]
  },
  {
    "timestamp" : 306952214856,
    "gravity" : [
      -0.08538764715194702,
      -0.719012975692749,
      -0.689731240272522
    ],
    "userAcceleration" : [
      0.0037683770060539246,
      0.006351292133331299,
      0.04318583011627197
    ],
    "rotationMatrix" : [
      0.9963036775588989,
      -0.05510398745536804,
      -0.06589746475219727,
      -0.009374203160405159,
      0.6928086280822754,
      -0.721060574054718,
      0.08538764715194702,
      0.7190130352973938,
      0.689731240272522
    ]
  },
  {
    "timestamp" : 306952224872,
    "gravity" : [
      -0.08522765338420868,
      -0.7201634645462036,
      -0.688549816608429
    ],
    "userAcceleration" : [
      0.0036083832383155823,
      0.007501780986785889,
      0.042004406452178955
    ],
    "rotationMatrix" : [
      0.9963219165802002,
      -0.05543733388185501,
      -0.0653405636548996,
      -0.008884524926543236,
      0.6915860772132874,
      -0.7222393751144409,
      0.08522765338420868,
      0.7201634645462036,
      0.688549816608429
    ]
  },
  {
    "timestamp" : 306952234888,
    "gravity" : [
      -0.08541350066661835,
      -0.7210915088653564,
      -0.6875547170639038
    ],
    "userAcceleration" : [
      0.003794245421886444,
      0.008429765701293945,
      0.04100930690765381
    ],
    "rotationMatrix" : [
      0.9963080883026123,
      -0.055825553834438324,
      -0.06522075086832047,
      -0.0086470115929842,
      0.690587043762207,
      -0.7231975793838501,
      0.08541350811719894,
      0.7210915088653564,
      0.6875547170639038
    ]
  },
  {
    "timestamp" : 306952244903,
    "gravity" : [
      -0.0857350304722786,
      -0.7218072414398193,
      -0.6867632269859314
    ],
    "userAcceleration" : [
      -0.0003398135304450989,
      0.007451832294464111,
      0.04452073574066162
    ],
    "rotationMatrix" : [
      0.9962815642356873,
      -0.05621817708015442,
      -0.06528820097446442,
      -0.008516928181052208,
      0.6898070573806763,
      -0.7239431142807007,
      0.085735023021698,
      0.7218072414398193,
      0.6867632269859314
    ]
  },
  {
    "timestamp" : 306952254919,
    "gravity" : [
      -0.08596130460500717,
      -0.7224127650260925,
      -0.6860979795455933
    ],
    "userAcceleration" : [
      -0.016989752650260925,
      0.01178044080734253,
      0.04278743267059326
    ],
    "rotationMatrix" : [
      0.9962628483772278,
      -0.05650443211197853,
      -0.06532671302556992,
      -0.008425276726484299,
      0.6891494989395142,
      -0.7245702147483826,
      0.08596130460500717,
      0.7224127650260925,
      0.6860979795455933
    ]
  },
  {
    "timestamp" : 306952264934,
    "gravity" : [
      -0.08580942451953888,
      -0.7230343222618103,
      -0.6854619383811951
    ],
    "userAcceleration" : [
      -0.03407886624336243,
      0.0055051445960998535,
      0.02515310049057007
    ],
    "rotationMatrix" : [
      0.9962774515151978,
      -0.056575845927000046,
      -0.06504184752702713,
      -0.008246902376413345,
      0.6884914636611938,
      -0.7251974940299988,
      0.08580941706895828,
      0.7230343222618103,
      0.6854619383811951
    ]
  },
  {
    "timestamp" : 306952274950,
    "gravity" : [
      -0.08533536642789841,
      -0.7237650752067566,
      -0.6847496032714844
    ],
    "userAcceleration" : [
      -0.029288671910762787,
      -0.010808289051055908,
      0.010356903076171875
    ],
    "rotationMatrix" : [
      0.9963199496269226,
      -0.05644896626472473,
      -0.06449881941080093,
      -0.008028591051697731,
      0.6877337098121643,
      -0.7259186506271362,
      0.08533536642789841,
      0.7237650156021118,
      0.6847496032714844
    ]
  },
  {
    "timestamp" : 306952284966,
    "gravity" : [
      -0.08471537381410599,
      -0.7244924306869507,
      -0.6840569972991943
    ],
    "userAcceleration" : [
      -0.009492382407188416,
      -0.01589447259902954,
      0.012990713119506836
    ],
    "rotationMatrix" : [
      0.9963685870170593,
      -0.05570967495441437,
      -0.06439009308815002,
      -0.008541546761989594,
      0.6870276927947998,
      -0.7265809774398804,
      0.08471536636352539,
      0.7244924306869507,
      0.6840569972991943
    ]
  },
  {
    "timestamp" : 306952294981,
    "gravity" : [
      -0.08416803181171417,
      -0.7249746918678284,
      -0.6836134791374207
    ],
    "userAcceleration" : [
      0.012848444283008575,
      -0.01800626516342163,
      0.023731887340545654
    ],
    "rotationMatrix" : [
      0.9964200854301453,
      -0.05577966570854187,
      -0.0635269284248352,
      -0.007923683151602745,
      0.6865131258964539,
      -0.7270742058753967,
      0.08416803181171417,
      0.7249746918678284,
      0.6836134791374207
    ]
  },
  {
    "timestamp" : 306952304997,
    "gravity" : [
      -0.08383522182703018,
      -0.7250961661338806,
      -0.6835255026817322
    ],
    "userAcceleration" : [
      0.025775521993637085,
      -0.01986837387084961,
      0.03989452123641968
    ],
    "rotationMatrix" : [
      0.996454656124115,
      -0.05614442378282547,
      -0.06265732645988464,
      -0.007056443020701408,
      0.6863550543785095,
      -0.7272322773933411,
      0.08383521437644958,
      0.7250961661338806,
      0.6835255026817322
    ]
  },
  {
    "timestamp" : 306952315013,
    "gravity" : [
      -0.08378482609987259,
      -0.7249152660369873,
      -0.6837236285209656
    ],
    "userAcceleration" : [
      0.024641767144203186,
      -0.02435225248336792,
      0.0406724214553833
    ],
    "rotationMatrix" : [
      0.9964592456817627,
      -0.056123532354831696,
      -0.06260329484939575,
      -0.0070090945810079575,
      0.6865479350090027,
      -0.7270508408546448,
      0.08378481864929199,
      0.7249153256416321,
      0.6837236285209656
    ]
  },
  {
    "timestamp" : 306952325028,
    "gravity" : [
      -0.08389800041913986,
      -0.7245455980300903,
      -0.6841015219688416
    ],
    "userAcceleration" : [
      0.009664006531238556,
      -0.025698542594909668,
      0.03801381587982178
    ],
    "rotationMatrix" : [
      0.9964544177055359,
      -0.05666284263134003,
      -0.062192127108573914,
      -0.0062978845089674,
      0.6868938207626343,
      -0.7267305850982666,
      0.08389800786972046,
      0.7245455980300903,
      0.6841015219688416
    ]
  },
  {
    "timestamp" : 306952335044,
    "gravity" : [
      -0.08372844010591507,
      -0.7242230772972107,
      -0.6844636797904968
    ],
    "userAcceleration" : [
      -0.010418280959129333,
      -0.026707708835601807,
      0.00883495807647705
    ],
    "rotationMatrix" : [
      0.9964732527732849,
      -0.05703521892428398,
      -0.06154735013842583,
      -0.005535472184419632,
      0.6872029900550842,
      -0.7264443635940552,
      0.08372843265533447,
      0.7242230176925659,
      0.6844636797904968
    ]
  },
  {
    "timestamp" : 306952345060,
    "gravity" : [
      -0.0829702764749527,
      -0.7242343425750732,
      -0.684544026851654
    ],
    "userAcceleration" : [
      -0.020591124892234802,
      -0.03765219449996948,
      -0.03963810205459595
    ],
    "rotationMatrix" : [
      0.9965415596961975,
      -0.05714944377541542,
      -0.06032297760248184,
      -0.00456666573882103,
      0.6871815919876099,
      -0.7264713048934937,
      0.0829702690243721,
      0.7242343425750732,
      0.684544026851654
    ]
  },
  {
    "timestamp" : 306952355075,
    "gravity" : [
      -0.08182983100414276,
      -0.7248166799545288,
      -0.6840648055076599
    ],
    "userAcceleration" : [
      -0.007846072316169739,
      -0.03502523899078369,
      -0.07647901773452759
    ],
    "rotationMatrix" : [
      0.9966405630111694,
      -0.057174988090991974,
      -0.058639973402023315,
      -0.003391830250620842,
      0.6865652203559875,
      -0.7270603179931641,
      0.08182983100414276,
      0.7248166799545288,
      0.6840648055076599
    ]
  },
  {
    "timestamp" : 306952365091,
    "gravity" : [
      -0.08068253844976425,
      -0.7260162234306335,
      -0.6829280853271484
    ],
    "userAcceleration" : [
      0.025491490960121155,
      -0.016979992389678955,
      -0.09124183654785156
    ],
    "rotationMatrix" : [
      0.9967377185821533,
      -0.057350195944309235,
      -0.05678806081414223,
      -0.0020629987120628357,
      0.6852819323539734,
      -0.7282748818397522,
      0.08068254590034485,
      0.7260162234306335,
      0.6829280853271484
    ]
  },
  {
    "timestamp" : 306952375106,
    "gravity" : [
      -0.07993657141923904,
      -0.7276913523674011,
      -0.6812307834625244
    ],
    "userAcceleration" : [
      0.049266405403614044,
      -0.014847040176391602,
      -0.07703948020935059
    ],
    "rotationMatrix" : [
      0.9967984557151794,
      -0.05717254802584648,
      -0.05589395761489868,
      -0.001725856214761734,
      0.6835177540779114,
      -0.7299318313598633,
      0.07993657886981964,
      0.7276914119720459,
      0.6812307238578796
    ]
  },
  {
    "timestamp" : 306952385122,
    "gravity" : [
      -0.0796358734369278,
      -0.7296380996704102,
      -0.6791806221008301
    ],
    "userAcceleration" : [
      0.0408327654004097,
      -0.02225393056869507,
      -0.03837919235229492
    ],
    "rotationMatrix" : [
      0.9968234300613403,
      -0.057556286454200745,
      -0.055048152804374695,
      -0.0010741185396909714,
      0.6814069747924805,
      -0.7319039106369019,
      0.0796358734369278,
      0.7296380996704102,
      0.6791806221008301
    ]
  },
  {
    "timestamp" : 306952395138,
    "gravity" : [
      -0.07940938323736191,
      -0.7315780520439148,
      -0.6771172285079956
    ],
    "userAcceleration" : [
      0.022814519703388214,
      -0.027088940143585205,
      -0.00662916898727417
    ],
    "rotationMatrix" : [
      0.9968411922454834,
      -0.057358190417289734,
      -0.05493369325995445,
      -0.0013500694185495377,
      0.6793405413627625,
      -0.7338219285011292,
      0.07940937578678131,
      0.7315780520439148,
      0.6771171689033508
    ]
  },
  {
    "timestamp" : 306952405153,
    "gravity" : [
      -0.07896669954061508,
      -0.7333285808563232,
      -0.6752729415893555
    ],
    "userAcceleration" : [
      0.014635659754276276,
      -0.024743318557739258,
      0.009409904479980469
    ],
    "rotationMatrix" : [
      0.9968762993812561,
      -0.05716279521584511,
      -0.0544978566467762,
      -0.001364339143037796,
      0.6774671077728271,
      -0.7355518341064453,
      0.07896670699119568,
      0.7333285808563232,
      0.6752729415893555
    ]
  },
  {
    "timestamp" : 306952415169,
    "gravity" : [
      -0.07854658365249634,
      -0.734864354133606,
      -0.6736503839492798
    ],
    "userAcceleration" : [
      0.010263502597808838,
      -0.015013515949249268,
      0.02525860071182251
    ],
    "rotationMatrix" : [
      0.9969102740287781,
      -0.05753177031874657,
      -0.05347856506705284,
      -0.0005431883037090302,
      0.675769567489624,
      -0.737112820148468,
      0.07854659110307693,
      0.7348644137382507,
      0.6736503839492798
    ]
  },
  {
    "timestamp" : 306952425185,
    "gravity" : [
      -0.07819076627492905,
      -0.7362715601921082,
      -0.6721535921096802
    ],
    "userAcceleration" : [
      -0.0010328590869903564,
      -0.018718063831329346,
      0.021717190742492676
    ],
    "rotationMatrix" : [
      0.996938169002533,
      -0.05729249119758606,
      -0.053214821964502335,
      -0.0006712004542350769,
      0.6742565035820007,
      -0.7384969592094421,
      0.07819076627492905,
      0.7362715601921082,
      0.6721535921096802
    ]
  },
  {
    "timestamp" : 306952435200,
    "gravity" : [
      -0.0779135674238205,
      -0.7376104593276978,
      -0.6707163453102112
    ],
    "userAcceleration" : [
      -0.005124762654304504,
      -0.030211806297302246,
      0.0005502700805664062
    ],
    "rotationMatrix" : [
      0.9969596266746521,
      -0.056970469653606415,
      -0.053159087896347046,
      -0.0009996667504310608,
      0.6728188991546631,
      -0.739806592464447,
      0.0779135674238205,
      0.737610399723053,
      0.6707163453102112
    ]
  },
  {
    "timestamp" : 306952445216,
    "gravity" : [
      -0.07794284075498581,
      -0.7389310002326965,
      -0.6692577600479126
    ],
    "userAcceleration" : [
      0.0028390809893608093,
      -0.026144683361053467,
      -0.005196034908294678
    ],
    "rotationMatrix" : [
      0.9969565272331238,
      -0.05668944865465164,
      -0.05351606383919716,
      -0.001604817807674408,
      0.6713920831680298,
      -0.7411006093025208,
      0.0779428482055664,
      0.7389310002326965,
      0.6692577600479126
    ]
  },
  {
    "timestamp" : 306952455232,
    "gravity" : [
      -0.07827582210302353,
      -0.7402647137641907,
      -0.6677433252334595
    ],
    "userAcceleration" : [
      0.004087597131729126,
      -0.019699275493621826,
      -0.005855917930603027
    ],
    "rotationMatrix" : [
      0.9969282746315002,
      -0.056351982057094574,
      -0.05439216271042824,
      -0.002635931596159935,
      0.6699497699737549,
      -0.7424018383026123,
      0.07827582955360413,
      0.7402647733688354,
      0.6677433252334595
    ]
  },
  {
    "timestamp" : 306952465247,
    "gravity" : [
      -0.0785597711801529,
      -0.7417209148406982,
      -0.6660919785499573
    ],
    "userAcceleration" : [
      -0.0019913911819458008,
      -0.015801668167114258,
      -0.007903993129730225
    ],
    "rotationMatrix" : [
      0.9969056248664856,
      -0.056611381471157074,
      -0.05453725904226303,
      -0.002743033692240715,
      0.6683152914047241,
      -0.743873119354248,
      0.0785597637295723,
      0.7417209148406982,
      0.6660919785499573
    ]
  },
  {
    "timestamp" : 306952475263,
    "gravity" : [
      -0.0784207284450531,
      -0.7433883547782898,
      -0.6642469763755798
    ],
    "userAcceleration" : [
      -0.020913995802402496,
      -0.011235058307647705,
      -0.008757233619689941
    ],
    "rotationMatrix" : [
      0.9969144463539124,
      -0.05618303641676903,
      -0.054818376898765564,
      -0.003431927412748337,
      0.6664962768554688,
      -0.7455004453659058,
      0.0784207284450531,
      0.743388295173645,
      0.6642469763755798
    ]
  },
  {
    "timestamp" : 306952485279,
    "gravity" : [
      -0.07770703732967377,
      -0.7452501654624939,
      -0.662241518497467
    ],
    "userAcceleration" : [
      -0.04150988161563873,
      -0.009861469268798828,
      -0.005193233489990234
    ],
    "rotationMatrix" : [
      0.9969691634178162,
