[
  {
    "gravity" : [
      0.014222020283341408,
      -0.9550924301147461,
      0.2959670424461365
    ],
    "timestamp" : 306981837084,
    "userAcceleration" : [
      0.0010367808863520622,
      0.022688746452331543,
      0.016700774431228638
    ],
    "rotationMatrix" : [
      0.9909422397613525,
      0.05299248546361923,
      0.1233905702829361,
      0.13353341817855835,
      -0.29153138399124146,
      -0.9471951723098755,
      -0.014222022145986557,
      0.9550924301147461,
      -0.2959670424461365
    ]
  },
  {
    "gravity" : [
      0.012677351012825966,
      -0.9571326971054077,
      0.2893724739551544
    ],
    "timestamp" : 306981847102,
    "userAcceleration" : [
      0.0016964273527264595,
      0.020014166831970215,
      0.06536388397216797
    ],
    "rotationMatrix" : [
      0.9906210899353027,
      0.051396943628787994,
      0.1266023963689804,
      0.13604813814163208,
      -0.28505346179008484,
      -0.9488074779510498,
      -0.012677352875471115,
      0.9571326971054077,
      -0.28937244415283203
    ]
  },
  {
    "gravity" : [
      0.010854878462851048,
      -0.9593921899795532,
      0.28186678886413574
    ],
    "timestamp" : 306981857119,
    "userAcceleration" : [
      0.003518909215927124,
      0.022273659706115723,
      0.07286953926086426
    ],
    "rotationMatrix" : [
      0.9903857707977295,
      0.04919106885790825,
      0.1292916238307953,
      0.13790668547153473,
      -0.27775338292121887,
      -0.9507023096084595,
      -0.010854877531528473,
      0.9593921899795532,
      -0.28186678886413574
    ]
  },
  {
    "gravity" : [
      0.008818984031677246,
      -0.961822509765625,
      0.2735314667224884
    ],
    "timestamp" : 306981867137,
    "userAcceleration" : [
      -0.005141626112163067,
      0.03356945514678955,
      0.059491485357284546
    ],
    "rotationMatrix" : [
      0.9901490211486816,
      0.04662554711103439,
      0.13202643394470215,
      0.13973957300186157,
      -0.26967260241508484,
      -0.9527588486671448,
      -0.008818984031677246,
      0.9618225693702698,
      -0.2735314965248108
    ]
  },
  {
    "gravity" : [
      0.0066680824384093285,
      -0.9643251895904541,
      0.26463714241981506
    ],
    "timestamp" : 306981877154,
    "userAcceleration" : [
      -0.016387939453125,
      0.03387463092803955,
      0.02187708020210266
    ],
    "rotationMatrix" : [
      0.9899589419364929,
      0.043733734637498856,
      0.13441964983940125,
      0.1411978006362915,
      -0.26108354330062866,
      -0.9549339413642883,
      -0.006668083369731903,
      0.9643251299858093,
      -0.2646371126174927
    ]
  },
  {
    "gravity" : [
      0.004446484614163637,
      -0.9667642116546631,
      0.2556309103965759
    ],
    "timestamp" : 306981887172,
    "userAcceleration" : [
      -0.02333686128258705,
      0.033338308334350586,
      -0.02827504277229309
    ],
    "rotationMatrix" : [
      0.9897823929786682,
      0.04068724438548088,
      0.13665762543678284,
      0.142516627907753,
      -0.2524113357067108,
      -0.9570671319961548,
      -0.00444648414850235,
      0.9667642116546631,
      -0.2556309103965759
    ]
  },
  {
    "gravity" : [
      0.0020863311365246773,
      -0.9690176248550415,
      0.246982604265213
    ],
    "timestamp" : 306981897189,
    "userAcceleration" : [
      -0.0310932956635952,
      0.02045506238937378,
      -0.06535722315311432
    ],
    "rotationMatrix" : [
      0.9896223545074463,
      0.03748677670955658,
      0.1387169063091278,
      0.1436777114868164,
      -0.24413010478019714,
      -0.9590397477149963,
      -0.002086333930492401,
      0.9690176844596863,
      -0.2469826191663742
    ]
  },
  {
    "gravity" : [
      -0.0004499006608966738,
      -0.9710317254066467,
      0.2389504760503769
    ],
    "timestamp" : 306981907206,
    "userAcceleration" : [
      -0.04947685822844505,
      0.007652759552001953,
      -0.07798552513122559
    ],
    "rotationMatrix" : [
      0.9894549250602722,
      0.03417745232582092,
      0.14075112342834473,
      0.1448405236005783,
      -0.23649409413337708,
      -0.960776686668396,
      0.00044990330934524536,
      0.971031665802002,
      -0.23895053565502167
    ]
  },
  {
    "gravity" : [
      -0.0030329106375575066,
      -0.9728209972381592,
      0.23153828084468842
    ],
    "timestamp" : 306981917224,
    "userAcceleration" : [
      -0.07634330540895462,
      -0.0044127702713012695,
      -0.059480220079422
    ],
    "rotationMatrix" : [
      0.9892606735229492,
      0.03091629222035408,
      0.1428547501564026,
      0.14613042771816254,
      -0.22948500514030457,
      -0.962279736995697,
      0.0030329152941703796,
      0.9728209376335144,
      -0.2315383106470108
    ]
  },
  {
    "gravity" : [
      -0.005589176435023546,
      -0.9744517207145691,
      0.2245279848575592
    ],
    "timestamp" : 306981927241,
    "userAcceleration" : [
      -0.09463053941726685,
      -0.013692319393157959,
      -0.01983126997947693
    ],
    "rotationMatrix" : [
      0.9889938235282898,
      0.027811199426651,
      0.14531970024108887,
      0.14785140752792358,
      -0.22286905348300934,
      -0.9635712504386902,
      0.0055891722440719604,
      0.9744517207145691,
      -0.22452802956104279
    ]
  },
  {
    "gravity" : [
      -0.008097964338958263,
      -0.9760187268257141,
      0.21753668785095215
    ],
    "timestamp" : 306981937259,
    "userAcceleration" : [
      -0.09611956030130386,
      -0.01722174882888794,
      0.02333858609199524
    ],
    "rotationMatrix" : [
      0.9886486530303955,
      0.024824053049087524,
      0.1481810212135315,
      0.1500275731086731,
      -0.21626733243465424,
      -0.9647386074066162,
      0.00809796154499054,
      0.9760187864303589,
      -0.21753670275211334
    ]
  },
  {
    "gravity" : [
      -0.010506005957722664,
      -0.9776052236557007,
      0.21018467843532562
    ],
    "timestamp" : 306981947276,
    "userAcceleration" : [
      -0.08689084649085999,
      -0.01697784662246704,
      0.056355804204940796
    ],
    "rotationMatrix" : [
      0.9882280230522156,
      0.021932467818260193,
      0.1514078825712204,
      0.15262700617313385,
      -0.20930100977420807,
      -0.9658664464950562,
      0.010506004095077515,
      0.9776052236557007,
      -0.21018461883068085
    ]
  },
  {
    "gravity" : [
      -0.012733316980302334,
      -0.9792377352714539,
      0.20231550931930542
    ],
    "timestamp" : 306981957293,
    "userAcceleration" : [
      -0.0765153244137764,
      -0.018992304801940918,
      0.058075666427612305
    ],
    "rotationMatrix" : [
      0.9877967834472656,
      0.019091077148914337,
      0.15457361936569214,
      0.1552267074584961,
      -0.20181488990783691,
      -0.9670447707176208,
      0.012733317911624908,
      0.9792377352714539,
      -0.202315554022789
    ]
  },
  {
    "gravity" : [
      -0.014809127897024155,
      -0.9808745384216309,
      0.19407668709754944
    ],
    "timestamp" : 306981967311,
    "userAcceleration" : [
      -0.06412459164857864,
      -0.023443639278411865,
      0.02879306674003601
    ],
    "rotationMatrix" : [
      0.9873972535133362,
      0.01624085009098053,
      0.15742599964141846,
      0.1575671136379242,
      -0.19396214187145233,
      -0.96827232837677,
      0.014809124171733856,
      0.9808745384216309,
      -0.19407670199871063
    ]
  },
  {
    "gravity" : [
      -0.016793103888630867,
      -0.9824337959289551,
      0.18585416674613953
    ],
    "timestamp" : 306981977328,
    "userAcceleration" : [
      -0.060675766319036484,
      -0.027453839778900146,
      -0.016039147973060608
    ],
    "rotationMatrix" : [
      0.9870268702507019,
      0.01339588314294815,
      0.15999536216259003,
      0.1596745252609253,
      -0.1861298829317093,
      -0.9694635272026062,
      0.016793102025985718,
      0.9824337363243103,
      -0.18585418164730072
    ]
  },
  {
    "gravity" : [
      -0.01873474009335041,
      -0.9838430285453796,
      0.17805029451847076
    ],
    "timestamp" : 306981987346,
    "userAcceleration" : [
      -0.06282347440719604,
      -0.02927953004837036,
      -0.05758213996887207
    ],
    "rotationMatrix" : [
      0.9866491556167603,
      0.010622553527355194,
      0.16251324117183685,
      0.16177886724472046,
      -0.17871776223182678,
      -0.970508873462677,
      0.01873473823070526,
      0.9838430285453796,
      -0.178050234913826
    ]
  },
  {
    "gravity" : [
      -0.02058226242661476,
      -0.9850791096687317,
      0.1708674430847168
    ],
    "timestamp" : 306981997363,
    "userAcceleration" : [
      -0.05459779128432274,
      -0.02078026533126831,
      -0.0563807487487793
    ],
    "rotationMatrix" : [
      0.9862414002418518,
      0.00803375244140625,
      0.16511616110801697,
      0.1640251874923706,
      -0.1719149947166443,
      -0.9713605046272278,
      0.02058226615190506,
      0.9850791096687317,
      -0.1708674281835556
    ]
  },
  {
    "gravity" : [
      -0.022317862138152122,
      -0.9861728549003601,
      0.16421017050743103
    ],
    "timestamp" : 306982007381,
    "userAcceleration" : [
      -0.05286218971014023,
      -0.019686520099639893,
      -0.04972352087497711
    ],
    "rotationMatrix" : [
      0.9858009219169617,
      0.005635343492031097,
      0.16782382130622864,
      0.16642868518829346,
      -0.16562406718730927,
      -0.9720443487167358,
      0.022317856550216675,
      0.9861729145050049,
      -0.164210245013237
    ]
  },
  {
    "gravity" : [
      -0.023952051997184753,
      -0.9871892333030701,
      0.15774478018283844
    ],
    "timestamp" : 306982017398,
    "userAcceleration" : [
      -0.04542964696884155,
      -0.020409464836120605,
      -0.020507365465164185
    ],
    "rotationMatrix" : [
      0.9852986335754395,
      0.0033874288201332092,
      0.1708071231842041,
      0.1691533327102661,
      -0.15951690077781677,
      -0.9725950360298157,
      0.023952051997184753,
      0.9871892333030701,
      -0.15774478018283844
    ]
  },
  {
    "gravity" : [
      -0.02546505630016327,
      -0.9881688952445984,
      0.15124139189720154
    ],
    "timestamp" : 306982027415,
    "userAcceleration" : [
      -0.03947635740041733,
      -0.021383225917816162,
      0.006732836365699768
    ],
    "rotationMatrix" : [
      0.9848352670669556,
      0.0011735782027244568,
      0.17348814010620117,
      0.17161306738853455,
      -0.153365820646286,
      -0.9731537103652954,
      0.02546505630016327,
      0.9881689548492432,
      -0.1512414664030075
    ]
  },
  {
    "gravity" : [
      -0.026880111545324326,
      -0.989124059677124,
      0.1446077525615692
    ],
    "timestamp" : 306982037433,
    "userAcceleration" : [
      -0.04125036671757698,
      -0.022579550743103027,
      0.015456929802894592
    ],
    "rotationMatrix" : [
      0.9844546914100647,
      -0.0010757297277450562,
      0.17563551664352417,
      0.17356973886489868,
      -0.14708088338375092,
      -0.9737767577171326,
      0.026880107820034027,
      0.9891241192817688,
      -0.1446077525615692
    ]
  },
  {
    "gravity" : [
      -0.028086449950933456,
      -0.9900439977645874,
      0.13792704045772552
    ],
    "timestamp" : 306982047450,
    "userAcceleration" : [
      -0.05383796989917755,
      -0.018821299076080322,
      0.012387260794639587
    ],
    "rotationMatrix" : [
      0.9841901063919067,
      -0.0032498762011528015,
      0.17708545923233032,
      0.17487415671348572,
      -0.1407201886177063,
      -0.9744828343391418,
      0.028086461126804352,
      0.9900440573692322,
      -0.1379271000623703
    ]
  },
  {
    "gravity" : [
      -0.028965136036276817,
      -0.9909101724624634,
      0.1313699334859848
    ],
    "timestamp" : 306982057468,
    "userAcceleration" : [
      -0.07734284549951553,
      -0.01969468593597412,
      -0.005668044090270996
    ],
    "rotationMatrix" : [
      0.9839650392532349,
      -0.005125641822814941,
      0.17828762531280518,
      0.1759936660528183,
      -0.13442754745483398,
      -0.9751694202423096,
      0.02896513044834137,
      0.9909101724624634,
      -0.1313699334859848
    ]
  },
  {
    "gravity" : [
      -0.02939220517873764,
      -0.9916820526123047,
      0.12531010806560516
    ],
    "timestamp" : 306982067485,
    "userAcceleration" : [
      -0.08709339797496796,
      -0.019090592861175537,
      -0.03127028048038483
    ],
    "rotationMatrix" : [
      0.9836452603340149,
      -0.006408654153347015,
      0.18000254034996033,
      0.17770224809646606,
      -0.1285514235496521,
      -0.975651741027832,
      0.02939220517873764,
      0.9916820526123047,
      -0.12531016767024994
    ]
  },
  {
    "gravity" : [
      -0.029377108439803123,
      -0.9923400282859802,
      0.11999258399009705
    ],
    "timestamp" : 306982077502,
    "userAcceleration" : [
      -0.07203279435634613,
      -0.0224151611328125,
      -0.03841913491487503
    ],
    "rotationMatrix" : [
      0.9831793308258057,
      -0.007037371397018433,
      0.18250708281993866,
      0.1802646517753601,
      -0.12333574146032333,
      -0.9758549332618713,
      0.029377102851867676,
      0.9923400282859802,
      -0.11999256908893585
    ]
  },
  {
    "gravity" : [
      -0.02910001389682293,
      -0.9928961396217346,
      0.11537201702594757
    ],
    "timestamp" : 306982087520,
    "userAcceleration" : [
      -0.046583592891693115,
      -0.02503305673599243,
      -0.01567111909389496
    ],
    "rotationMatrix" : [
      0.98252934217453,
      -0.007187090814113617,
      0.18596893548965454,
      0.18381863832473755,
      -0.11876802891492844,
      -0.9757587313652039,
      0.02910001575946808,
      0.9928961396217346,
      -0.1153719499707222
    ]
  },
  {
    "gravity" : [
      -0.028678812086582184,
      -0.9933931231498718,
      0.11111977696418762
    ],
    "timestamp" : 306982097537,
    "userAcceleration" : [
      -0.02594764344394207,
      -0.028533756732940674,
      0.021112792193889618
    ],
    "rotationMatrix" : [
      0.9817207455635071,
      -0.007066749036312103,
      0.19019584357738495,
      0.18815398216247559,
      -0.11454327404499054,
      -0.975437343120575,
      0.02867881953716278,
      0.9933931231498718,
      -0.11111986637115479
    ]
  },
  {
    "gravity" : [
      -0.028217798098921776,
      -0.9938737154006958,
      0.10685686022043228
    ],
    "timestamp" : 306982107555,
    "userAcceleration" : [
      -0.01212642528116703,
      -0.03423279523849487,
      0.05772434175014496
    ],
    "rotationMatrix" : [
      0.9808350801467896,
      -0.006912447512149811,
      0.1947171986103058,
      0.19278571009635925,
      -0.1103033497929573,
      -0.975021243095398,
      0.028217792510986328,
      0.9938737154006958,
      -0.10685677081346512
    ]
  },
  {
    "gravity" : [
      -0.027854671701788902,
      -0.9943720102310181,
      0.10221930593252182
    ],
    "timestamp" : 306982117572,
    "userAcceleration" : [
      0.009330499917268753,
      -0.030850887298583984,
      0.08595205843448639
    ],
    "rotationMatrix" : [
      0.9799916744232178,
      -0.007003813982009888,
      0.1989153027534485,
      0.1970798522233963,
      -0.1057148203253746,
      -0.9746713638305664,
      0.027854666113853455,
      0.9943720102310181,
      -0.10221933573484421
    ]
  },
  {
    "gravity" : [
      -0.027776718139648438,
      -0.994892418384552,
      0.09704383462667465
    ],
    "timestamp" : 306982127590,
    "userAcceleration" : [
      0.02260400913655758,
      -0.017909705638885498,
      0.09155476093292236
    ],
    "rotationMatrix" : [
      0.9792712330818176,
      -0.007597029209136963,
      0.2024107277393341,
      0.20063966512680054,
      -0.10065461695194244,
      -0.9744806289672852,
      0.027776725590229034,
      0.9948924779891968,
      -0.09704390168190002
    ]
  },
  {
    "gravity" : [
      -0.02806282788515091,
      -0.9954277873039246,
      0.09130217880010605
    ],
    "timestamp" : 306982137607,
    "userAcceleration" : [
      0.022264502942562103,
      -0.00881415605545044,
      0.09174215793609619
    ],
    "rotationMatrix" : [
      0.9787560701370239,
      -0.008804671466350555,
      0.20483919978141785,
      0.20309874415397644,
      -0.09511097520589828,
      -0.9745280742645264,
      0.02806282788515091,
      0.9954278469085693,
      -0.09130222350358963
    ]
  },
  {
    "gravity" : [
      -0.02878517098724842,
      -0.995963990688324,
      0.08501306921243668
    ],
    "timestamp" : 306982147624,
    "userAcceleration" : [
      0.018027739599347115,
      0.0027541518211364746,
      0.09069179743528366
    ],
    "rotationMatrix" : [
      0.9784642457962036,
      -0.010683819651603699,
      0.20613959431648254,
      0.20439933240413666,
      -0.08911602199077606,
      -0.9748227000236511,
      0.02878517657518387,
      0.995963990688324,
      -0.08501307666301727
    ]
  },
  {
    "gravity" : [
      -0.029692666605114937,
      -0.9964815974235535,
      0.07837698608636856
    ],
    "timestamp" : 306982157642,
    "userAcceleration" : [
      -0.00936981663107872,
      0.006598114967346191,
      0.06439948081970215
    ],
    "rotationMatrix" : [
      0.9782785177230835,
      -0.012877263128757477,
      0.20689433813095093,
      0.2051571011543274,
      -0.08281771838665009,
      -0.9752188920974731,
      0.029692664742469788,
      0.9964815378189087,
      -0.07837693393230438
    ]
  },
  {
    "gravity" : [
      -0.03054044395685196,
      -0.9969557523727417,
      0.07174041867256165
    ],
    "timestamp" : 306982167659,
    "userAcceleration" : [
      -0.030494695529341698,
      0.0103834867477417,
      0.02753317356109619
    ],
    "rotationMatrix" : [
      0.9781011939048767,
      -0.015025041997432709,
      0.20758682489395142,
      0.20587694644927979,
      -0.07650910317897797,
      -0.9755824208259583,
      0.030540451407432556,
      0.9969556927680969,
      -0.07174033671617508
    ]
  },
  {
    "gravity" : [
      -0.03122051991522312,
      -0.997368335723877,
      0.06543632596731186
    ],
    "timestamp" : 306982177677,
    "userAcceleration" : [
      -0.03568926453590393,
      0.015816092491149902,
      0.00016117841005325317
    ],
    "rotationMatrix" : [
      0.9778958559036255,
      -0.016937732696533203,
      0.20840539038181305,
      0.2067485749721527,
      -0.07049645483493805,
      -0.9758511781692505,
      0.031220510601997375,
      0.997368335723877,
      -0.06543634086847305
    ]
  },
  {
    "gravity" : [
      -0.031684309244155884,
      -0.9977156519889832,
      0.05966199189424515
    ],
    "timestamp" : 306982187694,
    "userAcceleration" : [
      -0.037666890770196915,
      0.018696486949920654,
      -0.01513683795928955
    ],
    "rotationMatrix" : [
      0.9776316285133362,
      -0.018518216907978058,
      0.2095077931880951,
      0.20792436599731445,
      -0.06496556103229523,
      -0.9759851098060608,
      0.031684309244155884,
      0.9977156519889832,
      -0.05966199189424515
    ]
  },
  {
    "gravity" : [
      -0.03200314939022064,
      -0.998001754283905,
      0.05448256805539131
    ],
    "timestamp" : 306982197712,
    "userAcceleration" : [
      -0.032861948013305664,
      0.02354496717453003,
      -0.012658238410949707
    ],
    "rotationMatrix" : [
      0.9773244857788086,
      -0.01983126997947693,
      0.21081644296646118,
      0.2093147188425064,
      -0.05999390780925751,
      -0.9760062098503113,
      0.032003141939640045,
      0.998001754283905,
      -0.054482538253068924
    ]
  },
  {
    "gravity" : [
      -0.032333407551050186,
      -0.998235821723938,
      0.04979768022894859
    ],
    "timestamp" : 306982207729,
    "userAcceleration" : [
      -0.02481074258685112,
      0.02614414691925049,
      0.009970903396606445
    ],
    "rotationMatrix" : [
      0.9769484400749207,
      -0.02104642242193222,
      0.2124353051185608,
      0.21101248264312744,
      -0.05551852658390999,
      -0.9759054183959961,
      0.032333411276340485,
      0.998235821723938,
      -0.04979768022894859
    ]
  },
  {
    "gravity" : [
      -0.03268001601099968,
      -0.9984403848648071,
      0.045267026871442795
    ],
    "timestamp" : 306982217746,
    "userAcceleration" : [
      -0.027912627905607224,
      0.023693561553955078,
      0.053182605654001236
    ],
    "rotationMatrix" : [
      0.9765754342079163,
      -0.02226117253303528,
      0.21402066946029663,
      0.2126791626214981,
      -0.05120087042450905,
      -0.9757798910140991,
      0.03268001228570938,
      0.9984403848648071,
      -0.04526703059673309
    ]
  },
  {
    "gravity" : [
      -0.032833781093358994,
      -0.9986410140991211,
      0.04047146067023277
    ],
    "timestamp" : 306982227764,
    "userAcceleration" : [
      -0.04722908139228821,
      0.01794344186782837,
      0.09176111221313477
    ],
    "rotationMatrix" : [
      0.9762207865715027,
      -0.02336250990629196,
      0.21551601588726044,
      0.21427762508392334,
      -0.04658525809645653,
      -0.9756612181663513,
      0.03283378481864929,
      0.9986410737037659,
      -0.040471430867910385
    ]
  },
  {
    "gravity" : [
      -0.03260128200054169,
      -0.9988445043563843,
      0.03531048446893692
    ],
    "timestamp" : 306982237781,
    "userAcceleration" : [
      -0.05400761216878891,
      0.005894124507904053,
      0.09948563575744629
    ],
    "rotationMatrix" : [
      0.9758388996124268,
      -0.024173863232135773,
      0.21714988350868225,
      0.21604537963867188,
      -0.04153677076101303,
      -0.9754994511604309,
      0.03260128200054169,
      0.998844563961029,
      -0.035310544073581696
    ]
  },
  {
    "gravity" : [
      -0.0320047102868557,
      -0.9990378022193909,
      0.029982468113303185
    ],
    "timestamp" : 306982247799,
    "userAcceleration" : [
      -0.03943691775202751,
      -0.00109940767288208,
      0.07981979846954346
    ],
    "rotationMatrix" : [
      0.97542405128479,
      -0.024677231907844543,
      0.21894952654838562,
      0.21799899637699127,
      -0.03625304251909256,
      -0.9752752780914307,
      0.032004714012145996,
      0.9990377426147461,
      -0.029982473701238632
    ]
  },
  {
    "gravity" : [
      -0.03111516311764717,
      -0.9992104768753052,
      0.02470638044178486
    ],
    "timestamp" : 306982257816,
    "userAcceleration" : [
      -0.011334791779518127,
      -0.0018271207809448242,
      0.055768489837646484
    ],
    "rotationMatrix" : [
      0.9749645590782166,
      -0.024896688759326935,
      0.22096216678619385,
      0.22017258405685425,
      -0.030963174998760223,
      -0.9749695062637329,
      0.031115174293518066,
      0.9992104768753052,
      -0.024706434458494186
    ]
  },
  {
    "gravity" : [
      -0.030163327232003212,
      -0.9993517994880676,
      0.01965123601257801
    ],
    "timestamp" : 306982267834,
    "userAcceleration" : [
      0.020229851827025414,
      0.00020629167556762695,
      0.03607380390167236
    ],
    "rotationMatrix" : [
      0.9745232462882996,
      -0.025031104683876038,
      0.22288547456264496,
      0.2222491055727005,
      -0.025873618200421333,
      -0.9746465086936951,
      0.03016333281993866,
      0.9993517994880676,
      -0.019651301205158234
    ]
  },
  {
    "gravity" : [
      -0.02935151755809784,
      -0.9994579553604126,
      0.014908450655639172
    ],
    "timestamp" : 306982277851,
    "userAcceleration" : [
      0.041970543563365936,
      0.0032421350479125977,
      0.027434706687927246
    ],
    "rotationMatrix" : [
      0.9741084575653076,
      -0.025255829095840454,
      0.22466598451137543,
      0.22416767477989197,
      -0.021116770803928375,
      -0.974321722984314,
      0.02935151755809784,
      0.9994579553604126,
      -0.014908486977219582
    ]
  },
  {
    "gravity" : [
      -0.028825564309954643,
      -0.9995290637016296,
      0.010521063581109047
    ],
    "timestamp" : 306982287868,
    "userAcceleration" : [
      0.045671265572309494,
      0.002565622329711914,
      0.0242079496383667
    ],
    "rotationMatrix" : [
      0.9736838340759277,
      -0.025696590542793274,
      0.22644983232021332,
      0.22607283294200897,
      -0.01677171140909195,
      -0.9739659428596497,
      0.028825566172599792,
      0.9995290637016296,
      -0.01052104216068983
    ]
  },
  {
    "gravity" : [
      -0.028655828908085823,
      -0.9995842576026917,
      0.0032164454460144043
    ],
    "timestamp" : 306982305399,
    "userAcceleration" : [
      0.030486900359392166,
      -0.0160713791847229,
      0.07704472541809082
    ],
    "rotationMatrix" : [
      0.9729726314544678,
      -0.027155056595802307,
      0.22931838035583496,
      0.2291356772184372,
      -0.009700842201709747,
      -0.9733462333679199,
      0.02865583449602127,
      0.9995841979980469,
      -0.0032164640724658966
    ]
  },
  {
    "gravity" : [
      -0.028757477179169655,
      -0.9995858073234558,
      -0.001121384440921247
    ],
    "timestamp" : 306982315416,
    "userAcceleration" : [
      0.030588526278734207,
      -0.01606971025466919,
      0.08138257265090942
    ],
    "rotationMatrix" : [
      0.9726368188858032,
      -0.028240881860256195,
      0.23060810565948486,
      0.23054423928260803,
      -0.005540985614061356,
      -0.973046064376831,
      0.028757482767105103,
      0.999585747718811,
      0.001121407374739647
    ]
  },
  {
    "gravity" : [
      -0.028902143239974976,
      -0.999565839767456,
      -0.005726691801100969
    ],
    "timestamp" : 306982325434,
    "userAcceleration" : [
      0.014436822384595871,
      -0.026953935623168945,
      0.09717261791229248
    ],
    "rotationMatrix" : [
      0.9723913669586182,
      -0.02944265305995941,
      0.23149114847183228,
      0.23155926167964935,
      -0.0011219382286071777,
      -0.9728201031684875,
      0.028902143239974976,
      0.9995657801628113,
      0.00572675745934248
    ]
  },
  {
    "gravity" : [
      -0.02899879775941372,
      -0.9995244741439819,
      -0.010474367067217827
    ],
    "timestamp" : 306982335451,
    "userAcceleration" : [
      0.011344397440552711,
      -0.027941226959228516,
      0.0998908281326294
    ],
    "rotationMatrix" : [
      0.9721364378929138,
      -0.030639633536338806,
      0.2324046492576599,
      0.23261509835720062,
      0.003443107008934021,
      -0.9725626707077026,
      0.028998784720897675,
      0.9995244741439819,
      0.010474413633346558
    ]
  },
  {
    "gravity" : [
      -0.029024863615632057,
      -0.9994651079177856,
      -0.015071490779519081
    ],
    "timestamp" : 306982345469,
    "userAcceleration" : [
      0.001086018979549408,
      -0.034607768058776855,
      0.07070499658584595
    ],
    "rotationMatrix" : [
      0.9718153476715088,
      -0.03174443542957306,
      0.23359636962413788,
      0.23394985496997833,
      0.007866550236940384,
      -0.9722169041633606,
      0.02902485430240631,
      0.9994651675224304,
      0.015071439556777477
    ]
  },
  {
    "gravity" : [
      -0.029194533824920654,
      -0.9993849992752075,
      -0.019426535815000534
    ],
    "timestamp" : 306982355486,
    "userAcceleration" : [
      0.00819845125079155,
      -0.03708350658416748,
      0.04583948850631714
    ],
    "rotationMatrix" : [
      0.9714359641075134,
      -0.03294619172811508,
      0.23500359058380127,
      0.2354990839958191,
      0.012010814622044563,
      -0.9718004465103149,
      0.029194526374340057,
      0.9993849992752075,
      0.019426535815000534
    ]
  },
  {
    "gravity" : [
      -0.029731152579188347,
      -0.9992784857749939,
      -0.023635582998394966
    ],
    "timestamp" : 306982365504,
    "userAcceleration" : [
      0.0383828841149807,
      -0.034641802310943604,
      0.04598969221115112
    ],
    "rotationMatrix" : [
      0.9710565209388733,
      -0.03448174148797989,
      0.23634761571884155,
      0.23699209094047546,
      0.01592453010380268,
      -0.9713811278343201,
      0.029731154441833496,
      0.9992784857749939,
      0.023635514080524445
    ]
  },
  {
    "gravity" : [
      -0.030655512586236,
      -0.9991439580917358,
      -0.027778007090091705
    ],
    "timestamp" : 306982375521,
    "userAcceleration" : [
      0.04930177330970764,
      -0.03476107120513916,
      0.05042201280593872
    ],
    "rotationMatrix" : [
      0.9707607626914978,
      -0.036381371319293976,
      0.23727606236934662,
      0.23808354139328003,
      0.019692005589604378,
      -0.9710450172424316,
      0.030655518174171448,
      0.9991439580917358,
      0.027778033167123795
    ]
  },
  {
    "gravity" : [
      -0.03191164508461952,
      -0.9989783763885498,
      -0.03200278431177139
    ],
    "timestamp" : 306982385538,
    "userAcceleration" : [
      0.038549210876226425,
      -0.03803962469100952,
      0.05504351481795311
    ],
    "rotationMatrix" : [
      0.9705260992050171,
      -0.038623444736003876,
      0.23788097500801086,
      0.23887395858764648,
      0.023468373343348503,
      -0.9707671403884888,
      0.03191164880990982,
      0.9989783763885498,
      0.03200279548764229
    ]
  },
  {
    "gravity" : [
      -0.03337400034070015,
      -0.9987838864326477,
      -0.03629324212670326
    ],
    "timestamp" : 306982395556,
    "userAcceleration" : [
      0.026248157024383545,
      -0.037730515003204346,
      0.05762499198317528
    ],
    "rotationMatrix" : [
      0.9703803062438965,
      -0.04107562452554703,
      0.23806491494178772,
      0.23926615715026855,
      0.027273062616586685,
      -0.9705711007118225,
      0.03337400406599045,
      0.9987838864326477,
      0.03629324212670326
    ]
  },
  {
    "gravity" : [
      -0.03484078869223595,
      -0.9985716938972473,
      -0.04050769656896591
    ],
    "timestamp" : 306982405573,
    "userAcceleration" : [
      -0.019953522831201553,
      -0.04282546043395996,
      0.03194749355316162
    ],
    "rotationMatrix" : [
      0.9702933430671692,
      -0.04350827634334564,
      0.237987220287323,
      0.2394097000360489,
      0.031012672930955887,
      -0.9704232811927795,
      0.03484079986810684,
      0.9985716938972473,
      0.040507689118385315
    ]
  },
  {
    "gravity" : [
      -0.036148957908153534,
      -0.9983566403388977,
      -0.044465914368629456
    ],
    "timestamp" : 306982415591,
    "userAcceleration" : [
      -0.018645338714122772,
      -0.04304039478302002,
      0.03590572252869606
    ],
    "rotationMatrix" : [
      0.9701648354530334,
      -0.04573266953229904,
      0.23809394240379333,
      0.23973622918128967,
      0.03453238308429718,
      -0.9702237248420715,
      0.036148957908153534,
      0.9983566403388977,
      0.04446587711572647
    ]
  },
  {
    "gravity" : [
      -0.03722843527793884,
      -0.998153030872345,
      -0.04800482839345932
    ],
    "timestamp" : 306982425608,
    "userAcceleration" : [
      -0.019320625811815262,
      -0.045975327491760254,
      0.009079638868570328
    ],
    "rotationMatrix" : [
      0.9699715971946716,
      -0.047647930681705475,
      0.23850536346435547,
      0.24035218358039856,
      0.03768415004014969,
      -0.9699539542198181,
      0.03722844272851944,
      0.998153030872345,
      0.048004843294620514
    ]
  },
  {
    "gravity" : [
      -0.038052406162023544,
      -0.9979641437530518,
      -0.05118170380592346
    ],
    "timestamp" : 306982435626,
    "userAcceleration" : [
      -0.018496643751859665,
      -0.04616427421569824,
      0.012256506830453873
    ],
    "rotationMatrix" : [
      0.969831109046936,
      -0.04922456294298172,
      0.23875631392002106,
      0.24078965187072754,
      0.040552347898483276,
      -0.9697297215461731,
      0.03805239498615265,
      0.997964084148407,
      0.051181692630052567
    ]
  },
  {
    "gravity" : [
      -0.038664333522319794,
      -0.9977884292602539,
      -0.054066672921180725
    ],
    "timestamp" : 306982445643,
    "userAcceleration" : [
      -0.017884738743305206,
      -0.04633992910385132,
      0.015141487121582031
    ],
    "rotationMatrix" : [
      0.9697023630142212,
      -0.0505269318819046,
      0.2390071004629135,
      0.24121035635471344,
      0.04318755492568016,
      -0.9695113897323608,
      0.0386643260717392,
      0.9977884292602539,
      0.054066698998212814
    ]
  },
  {
    "gravity" : [
      -0.03915311396121979,
      -0.9976233243942261,
      -0.05669675022363663
    ],
    "timestamp" : 306982455660,
    "userAcceleration" : [
      -0.014374714344739914,
      -0.054195404052734375,
      0.01275140792131424
    ],
    "rotationMatrix" : [
      0.9695875644683838,
      -0.0516488179564476,
      0.23923273384571075,
      0.24159249663352966,
      0.04560573399066925,
      -0.9693053960800171,
      0.03915311396121979,
      0.9976233243942261,
      0.05669672042131424
    ]
  },
  {
    "gravity" : [
      -0.03946361318230629,
      -0.9974737763404846,
      -0.05906395614147186
    ],
    "timestamp" : 306982465678,
    "userAcceleration" : [
      -0.017436400055885315,
      -0.06107407808303833,
      0.009808547794818878
    ],
    "rotationMatrix" : [
      0.9694555401802063,
      -0.0525410920381546,
      0.23957344889640808,
      0.24207152426242828,
      0.047805432230234146,
      -0.9690799713134766,
      0.03946361690759659,
      0.9974738359451294,
      0.05906394124031067
    ]
  },
  {
    "gravity" : [
      -0.03939675912261009,
      -0.9973533749580383,
      -0.061108529567718506
    ],
    "timestamp" : 306982475695,
    "userAcceleration" : [
      -0.037339676171541214,
      -0.06934279203414917,
      0.008480966091156006
    ],
    "rotationMatrix" : [
      0.9692843556404114,
      -0.053002990782260895,
      0.24016357958316803,
      0.24276688694953918,
      0.0497698113322258,
      -0.9688071608543396,
      0.0393967479467392,
      0.9973533749580383,
      0.06110846623778343
    ]
  },
  {
    "gravity" : [
      -0.03889850527048111,
      -0.9972665309906006,
      -0.06282220035791397
    ],
    "timestamp" : 306982485713,
    "userAcceleration" : [
      -0.06083294004201889,
      -0.07562482357025146,
      0.01089649647474289
    ],
    "rotationMatrix" : [
      0.969015896320343,
      -0.052993811666965485,
      0.2412465363740921,
      0.24391627311706543,
      0.051491573452949524,
      -0.9684284925460815,
      0.03889851272106171,
      0.9972665309906006,
      0.06282219290733337
    ]
  },
  {
    "gravity" : [
      -0.03805893659591675,
      -0.9972051978111267,
      -0.06429021060466766
    ],
    "timestamp" : 306982495730,
    "userAcceleration" : [
      -0.06422072649002075,
      -0.08886957168579102,
      0.01810181885957718
    ],
    "rotationMatrix" : [
      0.9686543345451355,
      -0.05262108892202377,
      0.24277529120445251,
      0.2454797923564911,
      0.053035177290439606,
      -0.9679498672485352,
      0.038058944046497345,
      0.9972052574157715,
      0.06429016590118408
    ]
  },
  {
    "gravity" : [
      -0.0369577519595623,
      -0.9971505999565125,
      -0.06576383113861084
    ],
    "timestamp" : 306982505748,
    "userAcceleration" : [
      -0.0584859661757946,
      -0.10610562562942505,
      0.03961026668548584
    ],
    "rotationMatrix" : [
      0.9682344794273376,
      -0.05201609432697296,
      0.2445736825466156,
      0.24729757010936737,
      0.05463593825697899,
      -0.9673979878425598,
      0.036957740783691406,
      0.9971505999565125,
      0.06576385349035263
    ]
  },
  {
    "gravity" : [
      -0.03588755801320076,
      -0.9970624446868896,
      -0.06766580790281296
    ],
    "timestamp" : 306982515765,
    "userAcceleration" : [
      -0.04138294979929924,
      -0.11780571937561035,
      0.07264018058776855
    ],
    "rotationMatrix" : [
      0.9678320288658142,
      -0.05154795199632645,
      0.24626006186008453,
      0.24902468919754028,
      0.056651487946510315,
      -0.9668388366699219,
      0.03588755428791046,
      0.9970624446868896,
      0.06766583770513535
    ]
  },
  {
    "gravity" : [
      -0.0350942462682724,
      -0.9968995451927185,
      -0.07042431086301804
    ],
    "timestamp" : 306982525782,
    "userAcceleration" : [
      -0.004380218684673309,
      -0.12823772430419922,
      0.11420173197984695
    ],
    "rotationMatrix" : [
      0.9675313234329224,
      -0.05154035985469818,
      0.24744030833244324,
      0.25030285120010376,
      0.05945398658514023,
      -0.9663403034210205,
      0.035094231367111206,
      0.9968994855880737,
      0.07042430341243744
    ]
  },
  {
    "gravity" : [
      -0.03457080200314522,
      -0.9966412782669067,
      -0.07423734664916992
    ],
    "timestamp" : 306982535800,
    "userAcceleration" : [
      -0.010610457509756088,
      -0.12391841411590576,
      0.10043662786483765
    ],
    "rotationMatrix" : [
      0.9674224853515625,
      -0.052012838423252106,
      0.24776679277420044,
      0.2507959008216858,
      0.06325340270996094,
      -0.9659712910652161,
      0.034570805728435516,
      0.996641218662262,
      0.07423736155033112
    ]
  },
  {
    "gravity" : [
      -0.03423944115638733,
      -0.9963001608848572,
      -0.07882628589868546
    ],
    "timestamp" : 306982545817,
    "userAcceleration" : [
      -0.030198421329259872,
      -0.11240345239639282,
      0.05071955919265747
    ],
    "rotationMatrix" : [
      0.9675681591033936,
      -0.052796870470047,
      0.2470310926437378,
      0.25027889013290405,
      0.06781154870986938,
      -0.9657961130142212,
      0.034239448606967926,
      0.996300220489502,
      0.07882624119520187
    ]
  },
  {
    "gravity" : [
      -0.03382508456707001,
      -0.9959238171577454,
      -0.08361679315567017
    ],
    "timestamp" : 306982555835,
    "userAcceleration" : [
      -0.030612763017416,
      -0.11277979612350464,
      0.05551004409790039
    ],
    "rotationMatrix" : [
      0.9678850769996643,
      -0.053496114909648895,
      0.24563513696193695,
      0.24910703301429749,
      0.07262280583381653,
      -0.9657493829727173,
      0.03382508456707001,
      0.9959238767623901,
      0.08361677825450897
    ]
  },
  {
    "gravity" : [
      -0.03315950930118561,
      -0.9955811500549316,
      -0.08785723894834518
    ],
    "timestamp" : 306982565852,
    "userAcceleration" : [
      -0.0530831515789032,
      -0.09708553552627563,
      -0.016833364963531494
    ],
    "rotationMatrix" : [
      0.9682185053825378,
      -0.05380259454250336,
      0.24425026774406433,
      0.24789787828922272,
      0.07696577906608582,
      -0.9657241702079773,
      0.03315950185060501,
      0.9955810904502869,
      0.08785723149776459
    ]
  },
  {
    "gravity" : [
      -0.03197000175714493,
      -0.9953351020812988,
      -0.09102612733840942
    ],
    "timestamp" : 306982575870,
    "userAcceleration" : [
      -0.06829549372196198,
      -0.07926499843597412,
      -0.08502977341413498
    ],
    "rotationMatrix" : [
      0.9684638381004333,
      -0.05336394160985947,
      0.24337226152420044,
      0.24709448218345642,
      0.08037487417459488,
      -0.9656521677970886,
      0.03196999430656433,
      0.9953351616859436,
      0.09102609753608704
    ]
  },
  {
    "gravity" : [
      -0.03030923567712307,
      -0.9952136278152466,
      -0.0929035022854805
    ],
    "timestamp" : 306982585887,
    "userAcceleration" : [
