[
  {
    "trackingState" : "Normal",
    "timestamp" : 306968368089,
    "transform" : [
      -0.25327003,
      -0.95412415,
      0.15969177,
      0,
      0.5734625,
      -0.015132797,
      0.81909204,
      0,
      -0.77909905,
      0.2990287,
      0.55098706,
      0,
      1.7973298,
      0.24148853,
      -2.0699272,
      1
    ]
  },
  {
    "trackingState" : "Normal",
    "timestamp" : 306968384750,
    "transform" : [
      -0.25537947,
      -0.95285,
      0.163885,
      0,
      0.57714343,
      -0.014247186,
      0.81651855,
      0,
      -0.7756848,
      0.3031072,
      0.5535695,
      0,
      1.8066561,
      0.24096821,
      -2.0665228,
      0.99999994
    ]
  },
  {
    "trackingState" : "Normal",
    "timestamp" : 306968401410,
    "transform" : [
      -0.25802636,
      -0.9515098,
      0.16748604,
      0,
      0.5796276,
      -0.013764859,
      0.81476516,
      0,
      -0.7729516,
      0.30731043,
      0.55507296,
      0,
      1.81608,
      0.24075659,
      -2.0630689,
      0.99999994
    ]
  },
  {
    "trackingState" : "Normal",
    "timestamp" : 306968418071,
    "transform" : [
      -0.2594325,
      -0.95061827,
      0.17035234,
      0,
      0.58221555,
      -0.01321412,
      0.81292707,
      0,
      -0.7705322,
      0.31008145,
      0.5568929,
      0,
      1.8254211,
      0.2408434,
      -2.0595224,
      0.99999994
    ]
  },
  {
    "trackingState" : "Normal",
    "timestamp" : 306968434731,
    "transform" : [
      -0.25929093,
      -0.95016366,
      0.17308213,
      0,
      0.5857378,
      -0.012218164,
      0.8104085,
      0,
      -0.7679059,
      0.31151232,
      0.55971473,
      0,
      1.8346782,
      0.24119441,
      -2.0559435,
      1
    ]
  },
  {
    "trackingState" : "Normal",
    "timestamp" : 306968451392,
    "transform" : [
      -0.25911593,
      -0.94958234,
      0.17650013,
      0,
      0.58972496,
      -0.010823405,
      0.8075314,
      0,
      -0.76490736,
      0.31333083,
      0.5627969,
      0,
      1.8439411,
      0.24171966,
      -2.052383,
      0.9999998
    ]
  },
  {
    "trackingState" : "Normal",
    "timestamp" : 306968468053,
    "transform" : [
      -0.26119477,
      -0.94810045,
      0.18133622,
      0,
      0.59190995,
      -0.0089178,
      0.8059548,
      0,
      -0.762509,
      0.31784588,
      0.56351936,
      0,
      1.8531135,
      0.2422805,
      -2.048834,
      0.99999994
    ]
  },
  {
    "trackingState" : "Normal",
    "timestamp" : 306968484713,
    "transform" : [
      -0.26644325,
      -0.94544107,
      0.18748176,
      0,
      0.59131736,
      -0.006732483,
      0.806411,
      0,
      -0.7611518,
      0.32572398,
      0.5608495,
      0,
      1.8623716,
      0.2428077,
      -2.0452478,
      1
    ]
  },
  {
    "trackingState" : "Normal",
    "timestamp" : 306968501374,
    "transform" : [
      -0.27305034,
      -0.94230473,
      0.19366331,
      0,
      0.5891772,
      -0.0046661156,
      0.8079904,
      0,
      -0.7604695,
      0.33472407,
      0.5564585,
      0,
      1.8715587,
      0.24324034,
      -2.0415962,
      1
    ]
  },
  {
    "trackingState" : "Normal",
    "timestamp" : 306968518035,
    "transform" : [
      -0.27853125,
      -0.9397005,
      0.19845243,
      0,
      0.5880734,
      -0.0034994755,
      0.80880004,
      0,
      -0.7593353,
      0.3419807,
      0.5535875,
      0,
      1.8805583,
      0.24353985,
      -2.0378969,
      1
    ]
  },
  {
    "trackingState" : "Normal",
    "timestamp" : 306968534695,
    "transform" : [
      -0.281228,
      -0.93827844,
      0.20135689,
      0,
      0.5896989,
      -0.0034326955,
      0.8076159,
      0,
      -0.7570773,
      0.34586412,
      0.5542671,
      0,
      1.889326,
      0.2437376,
      -2.0342236,
      0.99999994
    ]
  },
  {
    "trackingState" : "Normal",
    "timestamp" : 306968551356,
    "transform" : [
      -0.28212926,
      -0.937648,
      0.20302549,
      0,
      0.59224385,
      -0.003734301,
      0.80575013,
      0,
      -0.7547519,
      0.3475663,
      0.55636966,
      0,
      1.8978564,
      0.24385273,
      -2.0306234,
      0.9999999
    ]
  },
  {
    "trackingState" : "Normal",
    "timestamp" : 306968568016,
    "transform" : [
      -0.28302687,
      -0.9370204,
      0.20466731,
      0,
      0.59397185,
      -0.003692296,
      0.80447733,
      0,
      -0.753056,
      0.34925535,
      0.55760866,
      0,
      1.9062209,
      0.24388425,
      -2.0271502,
      1
    ]
  },
  {
    "trackingState" : "Normal",
    "timestamp" : 306968584677,
    "transform" : [
      -0.2845531,
      -0.93607897,
      0.20684732,
      0,
      0.59485304,
      -0.003202257,
      0.80382806,
      0,
      -0.7517842,
      0.35177556,
      0.55774057,
      0,
      1.914784,
      0.24347006,
      -2.0230603,
      0.99999994
    ]
  },
  {
    "trackingState" : "Normal",
    "timestamp" : 306968601338,
    "transform" : [
      -0.2855914,
      -0.9351005,
      0.20982033,
      0,
      0.5961122,
      -0.0019035615,
      0.8028988,
      0,
      -0.7503917,
      0.35437745,
      0.55796844,
      0,
      1.9230168,
      0.243252,
      -2.0197387,
      0.99999994
    ]
  },
  {
    "trackingState" : "Normal",
    "timestamp" : 306968617998,
    "transform" : [
      -0.2854637,
      -0.9345154,
      0.21258289,
      0,
      0.5973222,
      -2.3578832e-05,
      0.8020015,
      0,
      -0.7494776,
      0.35592273,
      0.55821353,
      0,
      1.9309576,
      0.2430775,
      -2.0167434,
      1
    ]
  },
  {
    "trackingState" : "Normal",
    "timestamp" : 306968634659,
    "transform" : [
      -0.28458065,
      -0.9342745,
      0.21481408,
      0,
      0.59825295,
      0.0020126326,
      0.80130476,
      0,
      -0.74907094,
      0.356549,
      0.5583597,
      0,
      1.9386936,
      0.24286108,
      -2.0139034,
      0.99999994
    ]
  },
  {
    "trackingState" : "Normal",
    "timestamp" : 306968651319,
    "transform" : [
      -0.28400752,
      -0.9339809,
      0.2168398,
      0,
      0.59946173,
      0.0035397073,
      0.8003956,
      0,
      -0.7483218,
      0.35730556,
      0.55888045,
      0,
      1.9463907,
      0.24253355,
      -2.0112095,
      1
    ]
  },
  {
    "trackingState" : "Normal",
    "timestamp" : 306968667980,
    "transform" : [
      -0.28438306,
      -0.933471,
      0.2185367,
      0,
      0.6016934,
      0.003682952,
      0.79871863,
      0,
      -0.7463856,
      0.35863414,
      0.56061596,
      0,
      1.9537622,
      0.24201487,
      -2.007647,
      1.0000001
    ]
  },
  {
    "trackingState" : "Normal",
    "timestamp" : 306968684641,
    "transform" : [
      -0.28561655,
      -0.93288094,
      0.21944588,
      0,
      0.6039857,
      0.0025598756,
      0.796991,
      0,
      -0.7440595,
      0.36017597,
      0.5627156,
      0,
      1.9613388,
      0.24142437,
      -2.0046933,
      0.99999994
    ]
  },
  {
    "trackingState" : "Normal",
    "timestamp" : 306968701301,
    "transform" : [
      -0.28734452,
      -0.9323103,
      0.21961482,
      0,
      0.6057171,
      0.0007438745,
      0.7956796,
      0,
      -0.74198365,
      0.36165866,
      0.5645026,
      0,
      1.9689372,
      0.24083085,
      -2.0021446,
      1
    ]
  },
  {
    "trackingState" : "Normal",
    "timestamp" : 306968717962,
    "transform" : [
      -0.2892603,
      -0.9316146,
      0.2200519,
      0,
      0.6070691,
      -0.0007910883,
      0.7946487,
      0,
      -0.7401323,
      0.36344698,
      0.5657832,
      0,
      1.9764633,
      0.24028991,
      -1.9998938,
      0.99999994
    ]
  },
  {
    "trackingState" : "Normal",
    "timestamp" : 306968734623,
    "transform" : [
      -0.29167014,
      -0.93049586,
      0.22159885,
      0,
      0.60860413,
      -0.0018046126,
      0.793472,
      0,
      -0.7379225,
      0.36629805,
      0.56683,
      0,
      1.9839807,
      0.23980771,
      -1.9979485,
      1
    ]
  },
  {
    "trackingState" : "Normal",
    "timestamp" : 306968751283,
    "transform" : [
      -0.29538906,
      -0.9287435,
      0.22401096,
      0,
      0.6099776,
      -0.0028763486,
      0.7924135,
      0,
      -0.73530453,
      0.3707119,
      0.56736237,
      0,
      1.9915338,
      0.23934753,
      -1.9962512,
      1
    ]
  },
  {
    "trackingState" : "Normal",
    "timestamp" : 306968767944,
    "transform" : [
      -0.2997776,
      -0.92668957,
      0.22667143,
      0,
      0.6110739,
      -0.004059102,
      0.7915631,
      0,
      -0.7326132,
      0.3758059,
      0.5674926,
      0,
      1.9990289,
      0.23893039,
      -1.9947284,
      1
    ]
  },
  {
    "trackingState" : "Normal",
    "timestamp" : 306968784604,
    "transform" : [
      -0.30288088,
      -0.9250975,
      0.22903655,
      0,
      0.6124162,
      -0.0047897166,
      0.79052085,
      0,
      -0.7302119,
      0.37969938,
      0.5679955,
      0,
      2.0062814,
      0.23865493,
      -1.9929775,
      1
    ]
  },
  {
    "trackingState" : "Normal",
    "timestamp" : 306968801265,
    "transform" : [
      -0.30422127,
      -0.9241446,
      0.23109753,
      0,
      0.6139982,
      -0.004747779,
      0.789293,
      0,
      -0.72832364,
      0.38201323,
      0.56886756,
      0,
      2.0132933,
      0.23848751,
      -1.9915853,
      0.9999999
    ]
  },
  {
    "trackingState" : "Normal",
    "timestamp" : 306968817926,
    "transform" : [
      -0.30492637,
      -0.92344016,
      0.23297691,
      0,
      0.61521363,
      -0.0042533455,
      0.788349,
      0,
      -0.7270022,
      0.38371897,
      0.56940985,
      0,
      2.0201423,
      0.23837177,
      -1.9903408,
      1
    ]
  },
  {
    "trackingState" : "Normal",
    "timestamp" : 306968834586,
    "transform" : [
      -0.3055854,
      -0.9227713,
      0.23475693,
      0,
      0.6161828,
      -0.0036880132,
      0.78759444,
      0,
      -0.72590375,
      0.38533062,
      0.5697228,
      0,
      2.026918,
      0.23822908,
      -1.9891812,
      0.99999994
    ]
  },
  {
    "trackingState" : "Normal",
    "timestamp" : 306968851247,
    "transform" : [
      -0.30630517,
      -0.92215544,
      0.2362343,
      0,
      0.61719483,
      -0.0034485764,
      0.7868028,
      0,
      -0.7247398,
      0.38680437,
      0.5702058,
      0,
      2.0336795,
      0.23799358,
      -1.988077,
      1
    ]
  },
  {
    "trackingState" : "Normal",
    "timestamp" : 306968867907,
    "transform" : [
      -0.3071619,
      -0.92164075,
      0.23712829,
      0,
      0.6185269,
      -0.0039750007,
      0.7857534,
      0,
      -0.72323996,
      0.38802376,
      0.57128066,
      0,
      2.0401714,
      0.23712774,
      -1.9865226,
      0.99999994
    ]
  },
  {
    "trackingState" : "Normal",
    "timestamp" : 306968884568,
    "transform" : [
      -0.30845383,
      -0.9210529,
      0.2377351,
      0,
      0.6196576,
      -0.004937572,
      0.78485674,
      0,
      -0.72172064,
      0.3894064,
      0.5722604,
      0,
      2.0469081,
      0.23638164,
      -1.9852883,
      1
    ]
  },
  {
    "trackingState" : "Normal",
    "timestamp" : 306968901229,
    "transform" : [
      -0.31060883,
      -0.9201712,
      0.23834278,
      0,
      0.62051487,
      -0.006342708,
      0.784169,
      0,
      -0.720058,
      0.39146507,
      0.57294995,
      0,
      2.0538774,
      0.23561604,
      -1.9842955,
      1
    ]
  },
  {
    "trackingState" : "Normal",
    "timestamp" : 306968917889,
    "transform" : [
      -0.31357363,
      -0.9191134,
      0.23854178,
      0,
      0.6210063,
      -0.008455666,
      0.78375995,
      0,
      -0.71834725,
      0.39390242,
      0.57342666,
      0,
      2.061015,
      0.23472644,
      -1.9833883,
      0.99999994
    ]
  },
  {
    "trackingState" : "Normal",
    "timestamp" : 306968934550,
    "transform" : [
      -0.316611,
      -0.9182608,
      0.23781249,
      0,
      0.6213021,
      -0.011312152,
      0.7834894,
      0,
      -0.7167575,
      0.39581478,
      0.5740988,
      0,
      2.0682335,
      0.23370688,
      -1.9824938,
      1
    ]
  },
  {
    "trackingState" : "Normal",
    "timestamp" : 306968951210,
    "transform" : [
      -0.31875172,
      -0.91786474,
      0.23647776,
      0,
      0.62242335,
      -0.014537933,
      0.7825457,
      0,
      -0.71483326,
      0.3966271,
      0.5759344,
      0,
      2.0754793,
      0.2325801,
      -1.9816818,
      0.9999999
    ]
  },
  {
    "trackingState" : "Normal",
    "timestamp" : 306968967871,
    "transform" : [
      -0.3196906,
      -0.91783494,
      0.2353233,
      0,
      0.62481976,
      -0.017499916,
      0.78057283,
      0,
      -0.71231884,
      0.39657646,
      0.579076,
      0,
      2.0827515,
      0.23138955,
      -1.9810632,
      0.99999994
    ]
  },
  {
    "trackingState" : "Normal",
    "timestamp" : 306968984532,
    "transform" : [
      -0.3204202,
      -0.91763777,
      0.2350999,
      0,
      0.62764263,
      -0.019771148,
      0.77825046,
      0,
      -0.7095038,
      0.39692587,
      0.5822837,
      0,
      2.0908313,
      0.23073351,
      -1.9797417,
      0.99999994
    ]
  },
  {
    "trackingState" : "Normal",
    "timestamp" : 306969001192,
    "transform" : [
      -0.32193127,
      -0.91691494,
      0.23585431,
      0,
      0.62923187,
      -0.021077946,
      0.77693176,
      0,
      -0.707409,
      0.39852569,
      0.58373773,
      0,
      2.0985208,
      0.2296592,
      -1.9792033,
      1
    ]
  },
  {
    "trackingState" : "Normal",
    "timestamp" : 306969017853,
    "transform" : [
      -0.32372087,
      -0.9158472,
      0.23754719,
      0,
      0.6298349,
      -0.02123707,
      0.7764385,
      0,
      -0.7060543,
      0.4009649,
      0.5837074,
      0,
      2.1061213,
      0.2284451,
      -1.9790027,
      0.9999999
    ]
  },
  {
    "trackingState" : "Normal",
    "timestamp" : 306969034514,
    "transform" : [
      -0.3251045,
      -0.91480714,
      0.23965614,
      0,
      0.63037276,
      -0.020725751,
      0.7760159,
      0,
      -0.70493776,
      0.40335897,
      0.5834075,
      0,
      2.1137264,
      0.22717185,
      -1.9789687,
      1
    ]
  },
  {
    "trackingState" : "Normal",
    "timestamp" : 306969051174,
    "transform" : [
      -0.32602835,
      -0.9140036,
      0.24146017,
      0,
      0.6312703,
      -0.020359788,
      0.7752956,
      0,
      -0.703707,
      0.40519503,
      0.5836211,
      0,
      2.1213932,
      0.22583616,
      -1.9789914,
      1
    ]
  },
  {
    "trackingState" : "Normal",
    "timestamp" : 306969067835,
    "transform" : [
      -0.32688153,
      -0.91354287,
      0.24204968,
      0,
      0.6319401,
      -0.020847118,
      0.7747368,
      0,
      -0.7027092,
      0.40620807,
      0.5841189,
      0,
      2.1290863,
      0.22451858,
      -1.9784671,
      1
    ]
  },
  {
    "trackingState" : "Normal",
    "timestamp" : 306969084495,
    "transform" : [
      -0.32774836,
      -0.9133198,
      0.24171852,
      0,
      0.6322297,
      -0.021907149,
      0.7744711,
      0,
      -0.7020445,
      0.40665329,
      0.58460796,
      0,
      2.1369257,
      0.22308762,
      -1.978131,
      0.9999999
    ]
  },
  {
    "trackingState" : "Normal",
    "timestamp" : 306969101156,
    "transform" : [
      -0.32868606,
      -0.9131583,
      0.2410549,
      0,
      0.63201976,
      -0.023010667,
      0.7746106,
      0,
      -0.7017953,
      0.40695518,
      0.58469737,
      0,
      2.1449087,
      0.2215845,
      -1.9779114,
      1
    ]
  },
  {
    "trackingState" : "Normal",
    "timestamp" : 306969117817,
    "transform" : [
      -0.33017033,
      -0.9128613,
      0.24014989,
      0,
      0.63097125,
      -0.024219492,
      0.77542806,
      0,
      -0.7020419,
      0.40755102,
      0.58398575,
      0,
      2.1530457,
      0.22003934,
      -1.9777206,
      1
    ]
  },
  {
    "trackingState" : "Normal",
    "timestamp" : 306969134477,
    "transform" : [
      -0.33193132,
      -0.9124024,
      0.23946507,
      0,
      0.62976396,
      -0.025344288,
      0.77637297,
      0,
      -0.7022955,
      0.40850902,
      0.58301073,
      0,
      2.16134,
      0.218502,
      -1.97759,
      1
    ]
  },
  {
    "trackingState" : "Normal",
    "timestamp" : 306969151138,
    "transform" : [
      -0.33328095,
      -0.91202766,
      0.23901758,
      0,
      0.6288739,
      -0.026160365,
      0.77706707,
      0,
      -0.702454,
      0.40929365,
      0.58226913,
      0,
      2.1697414,
      0.2170379,
      -1.9775258,
      1
    ]
  },
  {
    "trackingState" : "Normal",
    "timestamp" : 306969167799,
    "transform" : [
      -0.3339953,
      -0.9119366,
      0.23836705,
      0,
      0.6287628,
      -0.027154647,
      0.77712286,
      0,
      -0.702214,
      0.40943176,
      0.58246136,
      0,
      2.1782598,
      0.21558455,
      -1.9770666,
      1
    ]
  },
  {
    "trackingState" : "Normal",
    "timestamp" : 306969184459,
    "transform" : [
      -0.33429772,
      -0.9119322,
      0.23795995,
      0,
      0.629241,
      -0.027994238,
      0.77670604,
      0,
      -0.7016417,
      0.4093852,
      0.5831834,
      0,
      2.186871,
      0.21430208,
      -1.9769553,
      1
    ]
  },
  {
    "trackingState" : "Normal",
    "timestamp" : 306969201120,
    "transform" : [
      -0.33462355,
      -0.91179883,
      0.23801243,
      0,
      0.6290211,
      -0.028052008,
      0.77688164,
      0,
      -0.70168316,
      0.4096778,
      0.58292764,
      0,
      2.1955514,
      0.21318758,
      -1.9770837,
      0.9999999
    ]
  },
  {
    "trackingState" : "Normal",
    "timestamp" : 306969217780,
    "transform" : [
      -0.33495143,
      -0.9114855,
      0.2387506,
      0,
      0.62820715,
      -0.027179029,
      0.7775713,
      0,
      -0.7022559,
      0.4104335,
      0.5817053,
      0,
      2.2043047,
      0.2122485,
      -1.9773775,
      1
    ]
  },
  {
    "trackingState" : "Normal",
    "timestamp" : 306969234441,
    "transform" : [
      -0.33473313,
      -0.911226,
      0.2400439,
      0,
      0.6277047,
      -0.025627311,
      0.7780296,
      0,
      -0.7028091,
      0.41110897,
      0.580559,
      0,
      2.21313,
      0.2115151,
      -1.9778084,
      0.99999994
    ]
  },
  {
    "trackingState" : "Normal",
    "timestamp" : 306969251102,
    "transform" : [
      -0.3338417,
      -0.9111849,
      0.24143723,
      0,
      0.6277078,
      -0.023811182,
      0.7780849,
      0,
      -0.70323026,
      0.4113092,
      0.57990694,
      0,
      2.2220132,
      0.2109911,
      -1.9783279,
      1
    ]
  },
  {
    "trackingState" : "Normal",
    "timestamp" : 306969267762,
    "transform" : [
      -0.33276922,
      -0.9111544,
      0.24302776,
      0,
      0.62830853,
      -0.022049818,
      0.77765167,
      0,
      -0.70320195,
      0.41147503,
      0.5798235,
      0,
      2.2306712,
      0.21087658,
      -1.9780654,
      1
    ]
  },
  {
    "trackingState" : "Normal",
    "timestamp" : 306969284423,
    "transform" : [
      -0.3320615,
      -0.91088307,
      0.24500427,
      0,
      0.6284841,
      -0.019967843,
      0.77756596,
      0,
      -0.7033796,
      0.41218105,
      0.5791061,
      0,
      2.2395704,
      0.21086468,
      -1.9783363,
      0.9999999
    ]
  },
  {
    "trackingState" : "Normal",
    "timestamp" : 306969301083,
    "transform" : [
      -0.33162847,
      -0.910404,
      0.24736047,
      0,
      0.62781066,
      -0.017256292,
      0.77817476,
      0,
      -0.7041849,
      0.41336048,
      0.577284,
      0,
      2.2485986,
      0.21102014,
      -1.9789284,
      1
    ]
  },
  {
    "trackingState" : "Normal",
    "timestamp" : 306969317744,
    "transform" : [
      -0.33120832,
      -0.9098672,
      0.24988547,
      0,
      0.6269429,
      -0.014292596,
      0.7789342,
      0,
      -0.70515513,
      0.41465336,
      0.5751686,
      0,
      2.2577028,
      0.21137367,
      -1.9796637,
      1
    ]
  },
  {
    "trackingState" : "Normal",
    "timestamp" : 306969334405,
    "transform" : [
      -0.33119974,
      -0.9092181,
      0.2522487,
      0,
      0.62643504,
      -0.011963075,
      0.7793818,
      0,
      -0.70561033,
      0.41614854,
      0.5735281,
      0,
      2.2669137,
      0.21188746,
      -1.9804777,
      0.99999994
    ]
  },
  {
    "trackingState" : "Normal",
    "timestamp" : 306969351065,
    "transform" : [
      -0.33223087,
      -0.908149,
      0.25473157,
      0,
      0.6271133,
      -0.010954626,
      0.778851,
      0,
      -0.7045223,
      0.41850388,
      0.57315177,
      0,
      2.2762747,
      0.21250772,
      -1.981397,
      1
    ]
  },
  {
    "trackingState" : "Normal",
    "timestamp" : 306969367726,
    "transform" : [
      -0.3344826,
      -0.9065289,
      0.25754008,
      0,
      0.6282771,
      -0.010814448,
      0.77791446,
      0,
      -0.70241684,
      0.42200544,
      0.5731685,
      0,
      2.2856824,
      0.21321768,
      -1.9824268,
      1
    ]
  },
  {
    "trackingState" : "Normal",
    "timestamp" : 306969384386,
    "transform" : [
      -0.33734637,
      -0.9045931,
      0.2605933,
      0,
      0.62847406,
      -0.010318302,
      0.7777621,
      0,
      -0.7008694,
      0.42615134,
      0.57199407,
      0,
      2.294458,
      0.214801,
      -1.9824108,
      1
    ]
  },
  {
    "trackingState" : "Normal",
    "timestamp" : 306969401047,
    "transform" : [
      -0.33904105,
      -0.9030162,
      0.26384276,
      0,
      0.6275469,
      -0.008142749,
      0.77853614,
      0,
      -0.70088226,
      0.42952943,
      0.56944567,
      0,
      2.303162,
      0.21599226,
      -1.9831723,
      1
    ]
  },
  {
    "trackingState" : "Normal",
    "timestamp" : 306969417708,
    "transform" : [
      -0.33963192,
      -0.9018608,
      0.2670153,
      0,
      0.6256797,
      -0.004669537,
      0.78006595,
      0,
      -0.7022641,
      0.4320014,
      0.5658619,
      0,
      2.3116128,
      0.21705404,
      -1.9841466,
      0.9999999
    ]
  },
  {
    "trackingState" : "Normal",
    "timestamp" : 306969434368,
    "transform" : [
      -0.3403027,
      -0.9005942,
      0.27041525,
      0,
      0.622473,
      -0.0002122054,
      0.7826412,
      0,
      -0.70478463,
      0.43466112,
      0.56066775,
      0,
      2.3198724,
      0.21795876,
      -1.9851393,
      0.99999994
    ]
  },
  {
    "trackingState" : "Normal",
    "timestamp" : 306969451029,
    "transform" : [
      -0.34147596,
      -0.8990003,
      0.27421302,
      0,
      0.6194351,
      0.0041658627,
      0.78503686,
      0,
      -0.7068907,
      0.4379284,
      0.55544966,
      0,
      2.3280833,
      0.21861935,
      -1.9861001,
      1
    ]
  },
  {
    "trackingState" : "Normal",
    "timestamp" : 306969467690,
    "transform" : [
      -0.34304166,
      -0.89754766,
      0.27700317,
      0,
      0.61841804,
      0.006164492,
      0.78582513,
      0,
      -0.7070231,
      0.44087455,
      0.5529449,
      0,
      2.3362708,
      0.21894021,
      -1.9867901,
      0.99999994
    ]
  },
  {
    "trackingState" : "Normal",
    "timestamp" : 306969484350,
    "transform" : [
      -0.34469151,
      -0.8968862,
      0.27709737,
      0,
      0.6185146,
      0.005055785,
      0.785757,
      0,
      -0.70613563,
      0.44223255,
      0.55299443,
      0,
      2.344538,
      0.21895665,
      -1.9873191,
      1
    ]
  },
  {
    "trackingState" : "Normal",
    "timestamp" : 306969501011,
    "transform" : [
      -0.34627563,
      -0.8968699,
      0.2751683,
      0,
      0.6185897,
      0.0022302438,
      0.785711,
      0,
      -0.7052942,
      0.44228888,
      0.5540222,
      0,
      2.3527532,
      0.21875854,
      -1.9877158,
      0.99999994
    ]
  },
  {
    "trackingState" : "Normal",
    "timestamp" : 306969517671,
    "transform" : [
      -0.3477514,
      -0.89680135,
      0.27352586,
      0,
      0.6184391,
      -0.0001310247,
      0.78583276,
      0,
      -0.7047,
      0.44243357,
      0.5546625,
      0,
      2.3608375,
      0.21843944,
      -1.9881588,
      1
    ]
  },
  {
    "trackingState" : "Normal",
    "timestamp" : 306969534332,
    "transform" : [
      -0.34955454,
      -0.8959676,
      0.27395955,
      0,
      0.6184217,
      -0.0009845353,
      0.7858459,
      0,
      -0.7038227,
      0.4441185,
      0.5544298,
      0,
      2.36879,
      0.2180534,
      -1.9887892,
      0.99999994
    ]
  },
  {
    "trackingState" : "Normal",
    "timestamp" : 306969550993,
    "transform" : [
      -0.35187045,
      -0.8944016,
      0.27610338,
      0,
      0.61835325,
      -0.0006603183,
      0.7859,
      0,
      -0.70272785,
      0.44726443,
      0.55328846,
      0,
      2.3765879,
      0.2176367,
      -1.9895638,
      1
    ]
  },
  {
    "trackingState" : "Normal",
    "timestamp" : 306969567653,
    "transform" : [
      -0.35421985,
      -0.8926923,
      0.2786196,
      0,
      0.6184161,
      -0.000114000635,
      0.78585094,
      0,
      -0.70149136,
      0.45066684,
      0.5520956,
      0,
      2.384173,
      0.21724404,
      -1.9903809,
      1
    ]
  },
  {
    "trackingState" : "Normal",
    "timestamp" : 306969584314,
    "transform" : [
      -0.35581866,
      -0.89132357,
      0.28095466,
      0,
      0.6188641,
      0.00054510566,
      0.7854978,
      0,
      -0.70028585,
      0.4533676,
      0.5514142,
      0,
      2.391075,
      0.21684577,
      -1.9909872,
      1
    ]
  },
  {
    "trackingState" : "Normal",
    "timestamp" : 306969600974,
    "transform" : [
      -0.3570335,
      -0.8901475,
      0.28313354,
      0,
      0.6189918,
      0.0015403652,
      0.785396,
      0,
      -0.6995544,
      0.45567006,
      0.55044395,
      0,
      2.3978822,
      0.2166277,
      -1.99168,
      1
    ]
  },
  {
    "trackingState" : "Normal",
    "timestamp" : 306969617635,
    "transform" : [
      -0.35804132,
      -0.8891179,
      0.285089,
      0,
      0.6184739,
      0.0029059076,
      0.78579986,
      0,
      -0.6994972,
      0.45766893,
      0.54885584,
      0,
      2.4044998,
      0.21658342,
      -1.9923551,
      0.9999999
    ]
  },
  {
    "trackingState" : "Normal",
    "timestamp" : 306969634296,
    "transform" : [
      -0.35868293,
      -0.8884703,
      0.2862988,
      0,
      0.617939,
      0.003881546,
      0.7862164,
      0,
      -0.6996413,
      0.45891765,
      0.54762816,
      0,
      2.4108605,
      0.21669397,
      -1.9929075,
      0.9999999
    ]
  },
  {
    "trackingState" : "Normal",
    "timestamp" : 306969650956,
    "transform" : [
      -0.35793498,
      -0.8889872,
      0.28562954,
      0,
      0.6180113,
      0.003760115,
      0.7861602,
      0,
      -0.69996023,
      0.45791653,
      0.5480584,
      0,
      2.4169192,
      0.21701273,
      -1.9932518,
      0.9999999
    ]
  },
  {
    "trackingState" : "Normal",
    "timestamp" : 306969667617,
    "transform" : [
      -0.35501525,
      -0.8912383,
      0.2822387,
      0,
      0.618,
      0.00279287,
      0.78617316,
      0,
      -0.7014559,
      0.45352697,
      0.5497936,
      0,
      2.4226706,
      0.21767692,
      -1.993328,
      1
    ]
  },
  {
    "trackingState" : "Normal",
    "timestamp" : 306969684278,
    "transform" : [
      -0.35068944,
      -0.89485824,
      0.27612606,
      0,
      0.61751777,
      0.0007059836,
      0.7865564,
      0,
      -0.70405143,
      0.44634986,
      0.55234337,
      0,
      2.4283864,
      0.21836285,
      -1.9926903,
      0.9999999
    ]
  },
  {
    "trackingState" : "Normal",
    "timestamp" : 306969700938,
    "transform" : [
      -0.34617367,
      -0.8988653,
      0.26871008,
      0,
      0.6175827,
      -0.0027256592,
      0.7865012,
      0,
      -0.7062262,
      0.43821675,
      0.5560671,
      0,
      2.4340854,
      0.21970351,
      -1.9922894,
      1
    ]
  },
  {
    "trackingState" : "Normal",
    "timestamp" : 306969717599,
    "transform" : [
      -0.34245992,
      -0.9024971,
      0.2611901,
      0,
      0.61835915,
      -0.007206344,
      0.78586257,
      0,
      -0.7073566,
      0.43063578,
      0.5605352,
      0,
      2.439931,
      0.22152777,
      -1.9920498,
      0.99999994
    ]
  },
  {
    "trackingState" : "Normal",
    "timestamp" : 306969734259,
    "transform" : [
      -0.3393036,
      -0.905518,
      0.25477487,
      0,
      0.6189976,
      -0.010987481,
      0.7853159,
      0,
      -0.70831835,
      0.42416558,
      0.5642416,
      0,
      2.445818,
      0.22385846,
      -1.99198,
      0.99999994
    ]
  },
  {
    "trackingState" : "Normal",
    "timestamp" : 306969750920,
    "transform" : [
      -0.33526748,
      -0.90841,
      0.24977408,
      0,
      0.6181798,
      -0.012050756,
      0.7859444,
      0,
      -0.7109498,
      0.41790688,
      0.5656009,
      0,
      2.4514766,
      0.22675665,
      -1.9920374,
      1
    ]
  },
  {
    "trackingState" : "Normal",
    "timestamp" : 306969767581,
    "transform" : [
      -0.32960346,
      -0.9116138,
      0.24560472,
      0,
      0.6162361,
      -0.010643197,
      0.78748935,
      0,
      -0.71527225,
      0.41090977,
      0.56527746,
      0,
      2.4574852,
      0.23073693,
      -1.9923286,
      0.9999999
    ]
  },
  {
    "trackingState" : "Normal",
    "timestamp" : 306969784241,
    "transform" : [
      -0.32216933,
      -0.9153499,
      0.24154003,
      0,
      0.6137591,
      -0.007701082,
      0.78945583,
      0,
      -0.72076815,
      0.40258586,
      0.56428534,
      0,
      2.462832,
      0.23478402,
      -1.9924866,
      1
    ]
  },
  {
    "trackingState" : "Normal",
    "timestamp" : 306969800902,
    "transform" : [
      -0.31426433,
      -0.91924375,
      0.23712607,
      0,
      0.6107485,
      -0.0045442996,
      0.79181147,
      0,
      -0.72679025,
      0.39366254,
      0.5628549,
      0,
      2.46778,
      0.2388925,
      -1.9924817,
      0.9999999
    ]
  },
  {
    "trackingState" : "Normal",
    "timestamp" : 306969817562,
    "transform" : [
      -0.30624714,
      -0.92323685,
      0.2320486,
      0,
      0.60700405,
      -0.0016083727,
      0.79469705,
      0,
      -0.7333204,
      0.38422823,
      0.56090105,
      0,
      2.4724686,
      0.24308898,
      -1.9923092,
      1
    ]
  },
  {
    "trackingState" : "Normal",
    "timestamp" : 306969834223,
    "transform" : [
      -0.2971066,
      -0.9275652,
      0.22660612,
      0,
      0.6033236,
      0.0015802303,
      0.79749477,
      0,
      -0.7400866,
      0.3736578,
      0.5591526,
      0,
      2.4768727,
      0.24737458,
      -1.992026,
      0.99999994
    ]
  },
  {
    "trackingState" : "Normal",
    "timestamp" : 306969850884,
    "transform" : [
      -0.2864237,
      -0.932246,
      0.22108561,
      0,
      0.60023135,
      0.005262343,
      0.79980916,
      0,
      -0.7467823,
      0.3617868,
      0.5580561,
      0,
      2.4810147,
      0.25169858,
      -1.9916784,
      1
    ]
  },
  {
    "trackingState" : "Normal",
    "timestamp" : 306969867544,
    "transform" : [
      -0.27551064,
      -0.93687147,
      0.21532716,
      0,
      0.5978416,
      0.008419605,
      0.80157006,
      0,
      -0.7527811,
      0.3495726,
      0.55778104,
      0,
      2.485516,
      0.256173,
      -1.9909669,
      1
    ]
  },
  {
    "trackingState" : "Normal",
    "timestamp" : 306969884205,
    "transform" : [
      -0.26548317,
      -0.9410991,
      0.2094069,
      0,
      0.596121,
      0.010474193,
      0.8028263,
      0,
      -0.75773245,
      0.3379687,
      0.5582282,
      0,
      2.4897945,
      0.2604246,
      -1.9902805,
      1
    ]
  },
  {
    "trackingState" : "Normal",
    "timestamp" : 306969900866,
    "transform" : [
      -0.25618976,
      -0.94495535,
      0.20353398,
      0,
      0.59514767,
      0.011720196,
      0.80353075,
      0,
      -0.7616862,
      0.32698917,
      0.5593854,
      0,
      2.493949,
      0.2645185,
      -1.9895658,
      0.9999999
    ]
  },
  {
    "trackingState" : "Normal",
    "timestamp" : 306969917526,
    "transform" : [
      -0.2469881,
      -0.94858724,
      0.19793728,
      0,
      0.59436715,
      0.013027202,
      0.8040883,
      0,
      -0.76532644,
      0.31624764,
      0.5605916,
      0,
      2.4979615,
      0.26853654,
      -1.9887756,
      0.99999994
    ]
  },
  {
    "trackingState" : "Normal",
    "timestamp" : 306969934187,
    "transform" : [
      -0.23792592,
      -0.9520112,
      0.19252521,
      0,
      0.5934995,
      0.014408653,
      0.8047054,
      0,
      -0.76886266,
      0.30572388,
      0.5615899,
      0,
      2.501832,
      0.272484,
      -1.9878641,
      1
    ]
  },
  {
    "trackingState" : "Normal",
    "timestamp" : 306969950847,
    "transform" : [
      -0.22959156,
      -0.9551324,
      0.18710929,
      0,
      0.5917025,
      0.015663734,
      0.8060042,
      0,
      -0.77277154,
      0.2957648,
      0.561558,
      0,
      2.505601,
      0.27633837,
      -1.9867624,
      1
    ]
  },
  {
    "trackingState" : "Normal",
    "timestamp" : 306969967508,
    "transform" : [
      -0.22238547,
      -0.9578735,
      0.1817227,
      0,
      0.5889504,
      0.016555255,
      0.80799955,
      0,
      -0.7769698,
      0.28671303,
      0.5604583,
      0,
      2.5103798,
      0.28065422,
      -1.9853007,
      1
    ]
  },
  {
    "trackingState" : "Normal",
    "timestamp" : 306969984169,
    "transform" : [
      -0.21606496,
      -0.96025693,
      0.17669922,
      0,
      0.58550066,
      0.017397363,
      0.8104853,
      0,
      -0.78134817,
      0.27857497,
      0.55847204,
      0,
      2.5145109,
      0.28454953,
      -1.9837631,
      1
    ]
  },
  {
    "trackingState" : "Normal",
    "timestamp" : 306970000829,
    "transform" : [
      -0.20991807,
      -0.96241224,
      0.17232871,
      0,
      0.58249754,
      0.018455183,
      0.81262285,
      0,
      -0.7852586,
      0.27096528,
      0.5567287,
      0,
      2.5182655,
      0.2881753,
      -1.9821583,
      0.99999994
    ]
  },
  {
    "trackingState" : "Normal",
    "timestamp" : 306970017490,
    "transform" : [
      -0.20380932,
      -0.9644361,
      0.16829982,
      0,
      0.57912016,
      0.01983998,
      0.8150007,
      0,
      -0.78935516,
      0.26357058,
      0.55448073,
      0,
      2.5217953,
      0.2916494,
      -1.9804178,
      1
    ]
  },
  {
    "trackingState" : "Normal",
    "timestamp" : 306970034150,
    "transform" : [
      -0.19788991,
      -0.9663581,
      0.16429108,
      0,
      0.57501286,
      0.021295471,
      0.81786716,
      0,
      -0.79385126,
      0.25631717,
      0.5514541,
      0,
      2.5251615,
      0.29499158,
      -1.9784874,
      0.99999994
    ]
  },
  {
    "trackingState" : "Normal",
    "timestamp" : 306970050811,
    "transform" : [
      -0.19186497,
      -0.9682859,
      0.16003217,
      0,
      0.5710818,
      0.02246188,
      0.82058567,
      0,
      -0.7981562,
      0.24883313,
      0.5486609,
      0,
      2.528409,
      0.29818693,
      -1.9763705,
      1
    ]
  },
  {
    "trackingState" : "Normal",
    "timestamp" : 306970067472,
    "transform" : [
      -0.18541588,
      -0.9703736,
      0.15490708,
      0,
      0.5677221,
      0.022886729,
      0.8229021,
      0,
      -0.8020677,
      0.24052328,
      0.54665893,
      0,
      2.5320573,
      0.3011681,
      -1.9740635,
      1
    ]
  },
  {
    "trackingState" : "Normal",
    "timestamp" : 306970084132,
    "transform" : [
      -0.17821142,
      -0.9727,
      0.1486454,
      0,
      0.5654616,
      0.022393374,
      0.8244705,
      0,
      -0.8052912,
      0.23098335,
      0.54603374,
      0,
      2.5353236,
      0.3040247,
      -1.971507,
      0.99999994
    ]
  },
  {
    "trackingState" : "Normal",
    "timestamp" : 306970100793,
    "transform" : [
      -0.16984631,
      -0.97529817,
      0.14122972,
      0,
      0.5645799,
      0.021160534,
      0.82510716,
      0,
      -0.8077139,
      0.2198769,
      0.5470396,
      0,
      2.5383196,
      0.30676994,
      -1.968753,
      0.99999994
    ]
  },
  {
    "trackingState" : "Normal",
    "timestamp" : 306970117454,
    "transform" : [
      -0.16069338,
      -0.9779643,
      0.13327937,
      0,
      0.56471986,
      0.019648176,
      0.8250486,
      0,
      -0.8094868,
      0.20784536,
      0.54911864,
      0,
      2.5411775,
      0.30941266,
      -1.9658885,
      0.9999999
    ]
  },
  {
    "trackingState" : "Normal",
    "timestamp" : 306970134114,
    "transform" : [
      -0.15207101,
      -0.9803878,
      0.12535709,
      0,
      0.5646185,
      0.017928844,
      0.82515746,
      0,
      -0.81122166,
      0.19626145,
      0.5508185,
      0,
      2.5440092,
      0.31194827,
      -1.9629616,
      1.0000001
    ]
  },
  {
    "trackingState" : "Normal",
    "timestamp" : 306970150775,
    "transform" : [
      -0.14475332,
      -0.9824067,
      0.11799876,
      0,
      0.56357616,
      0.016160665,
      0.8259059,
      0,
      -0.8132825,
      0.18605392,
      0.55132174,
      0,
      2.546868,
      0.31438023,
      -1.9600266,
      1
    ]
  },
  {
    "trackingState" : "Normal",
    "timestamp" : 306970167435,
    "transform" : [
      -0.1382325,
      -0.98413247,
      0.11124342,
      0,
      0.56210655,
      0.014520358,
      0.8269373,
      0,
      -0.8154312,
      0.17684026,
      0.55118006,
      0,
      2.550487,
      0.31731248,
      -1.9570361,
      1
    ]
  },
  {
    "trackingState" : "Normal",
    "timestamp" : 306970184096,
    "transform" : [
      -0.13237537,
      -0.9855511,
      0.105667636,
      0,
      0.5610721,
      0.01337791,
      0.82765865,
      0,
      -0.81711364,
      0.16884883,
      0.5511944,
      0,
      2.5537028,
      0.31991795,
      -1.9541804,
      0.99999994
    ]
  },
  {
    "trackingState" : "Normal",
    "timestamp" : 306970200757,
    "transform" : [
      -0.12634367,
      -0.9868768,
      0.10055665,
      0,
      0.5613174,
      0.012455885,
      0.8275069,
      0,
      -0.81789976,
      0.16099446,
      0.55237734,
      0,
      2.556771,
      0.3223489,
      -1.9514111,
      1
    ]
  },
  {
    "trackingState" : "Normal",
    "timestamp" : 306970217417,
    "transform" : [
      -0.12109584,
      -0.9880218,
      0.0956501,
      0,
      0.56155556,
      0.011270231,
      0.8273622,
      0,
      -0.8185299,
      0.15390296,
      0.5534643,
      0,
      2.5598001,
      0.3247095,
      -1.948654,
      0.99999994
    ]
  },
  {
    "trackingState" : "Normal",
    "timestamp" : 306970234078,
    "transform" : [
      -0.11648775,
      -0.9890219,
      0.0909204,
      0,
      0.56127566,
      0.009970613,
      0.8275688,
      0,
      -0.8193902,
      0.14743306,
      0.5539524,
      0,
      2.5627651,
      0.32704324,
      -1.9459051,
      1
    ]
  },
  {
    "trackingState" : "Normal",
    "timestamp" : 306970250738,
    "transform" : [
      -0.11136031,
      -0.98999643,
