[
  {
    "transform" : [
      0.011531729,
      -0.95464176,
      -0.29753336,
      0,
      0.99992216,
      0.00960105,
      0.007949585,
      0,
      -0.0047323466,
      -0.2976019,
      0.9546782,
      0,
      -3.0081046,
      0.31992623,
      -6.4267964,
      0.9999999
    ],
    "trackingState" : "Normal",
    "timestamp" : 306985028702
  },
  {
    "transform" : [
      0.009655244,
      -0.9536472,
      -0.30077228,
      0,
      0.9999371,
      0.0074916924,
      0.008345857,
      0,
      -0.005705683,
      -0.30083394,
      0.95365953,
      0,
      -3.0113137,
      0.32005587,
      -6.437956,
      1
    ],
    "trackingState" : "Normal",
    "timestamp" : 306985045362
  },
  {
    "transform" : [
      0.008789009,
      -0.9530743,
      -0.302609,
      0,
      0.99993837,
      0.0063285697,
      0.009110325,
      0,
      -0.0067677326,
      -0.3026704,
      0.95307124,
      0,
      -3.015663,
      0.32009682,
      -6.4508376,
      0.99999994
    ],
    "trackingState" : "Normal",
    "timestamp" : 306985062023
  },
  {
    "transform" : [
      0.008613554,
      -0.9528426,
      -0.3033426,
      0,
      0.99993014,
      0.005757234,
      0.010309147,
      0,
      -0.008076577,
      -0.30341026,
      0.9528257,
      0,
      -3.0193808,
      0.32050273,
      -6.4627943,
      0.9999999
    ],
    "trackingState" : "Normal",
    "timestamp" : 306985078683
  },
  {
    "transform" : [
      0.008981711,
      -0.9531479,
      -0.30237123,
      0,
      0.9999111,
      0.005585862,
      0.012093559,
      0,
      -0.00983797,
      -0.30245304,
      0.9531135,
      0,
      -3.0228798,
      0.3211681,
      -6.474535,
      1
    ],
    "trackingState" : "Normal",
    "timestamp" : 306985095344
  },
  {
    "transform" : [
      0.009700146,
      -0.95358336,
      -0.3009728,
      0,
      0.9998992,
      0.0061340453,
      0.012791348,
      0,
      -0.010351442,
      -0.30106655,
      0.95354694,
      0,
      -3.0262864,
      0.32209185,
      -6.486291,
      0.99999994
    ],
    "trackingState" : "Normal",
    "timestamp" : 306985112005
  },
  {
    "transform" : [
      0.010586128,
      -0.9543037,
      -0.29865107,
      0,
      0.99989,
      0.006999509,
      0.013076499,
      0,
      -0.010388537,
      -0.29875666,
      0.9542728,
      0,
      -3.0296087,
      0.3232974,
      -6.498117,
      1
    ],
    "trackingState" : "Normal",
    "timestamp" : 306985128665
  },
  {
    "transform" : [
      0.011448632,
      -0.9554288,
      -0.29499978,
      0,
      0.99986464,
      0.0074530775,
      0.014665084,
      0,
      -0.011812798,
      -0.29512775,
      0.9553848,
      0,
      -3.0328276,
      0.3247608,
      -6.509955,
      0.99999994
    ],
    "trackingState" : "Normal",
    "timestamp" : 306985145326
  },
  {
    "transform" : [
      0.012428952,
      -0.9565481,
      -0.2913097,
      0,
      0.99983513,
      0.008032694,
      0.016282493,
      0,
      -0.013234986,
      -0.29146406,
      0.9564902,
      0,
      -3.0357194,
      0.3261095,
      -6.5221124,
      1
    ],
    "trackingState" : "Normal",
    "timestamp" : 306985161986
  },
  {
    "transform" : [
      0.01286753,
      -0.9572988,
      -0.288814,
      0,
      0.99981636,
      0.00821601,
      0.017312145,
      0,
      -0.014200011,
      -0.28898373,
      0.9572287,
      0,
      -3.0386274,
      0.32765833,
      -6.5338817,
      0.99999994
    ],
    "trackingState" : "Normal",
    "timestamp" : 306985178647
  },
  {
    "transform" : [
      0.012737171,
      -0.95740706,
      -0.28846052,
      0,
      0.99982566,
      0.008254411,
      0.01675141,
      0,
      -0.013656823,
      -0.28862357,
      0.9573452,
      0,
      -3.0414877,
      0.32913092,
      -6.545426,
      0.9999999
    ],
    "trackingState" : "Normal",
    "timestamp" : 306985195308
  },
  {
    "transform" : [
      0.012480257,
      -0.95716083,
      -0.28928784,
      0,
      0.9998324,
      0.00806992,
      0.016433273,
      0,
      -0.01339476,
      -0.28944445,
      0.9571011,
      0,
      -3.0443027,
      0.3304658,
      -6.5567675,
      1
    ],
    "trackingState" : "Normal",
    "timestamp" : 306985211968
  },
  {
    "transform" : [
      0.012172526,
      -0.9567959,
      -0.29050577,
      0,
      0.9998306,
      0.007636062,
      0.01674429,
      0,
      -0.013802545,
      -0.29066038,
      0.9567268,
      0,
      -3.0470936,
      0.3316105,
      -6.567949,
      1
    ],
    "trackingState" : "Normal",
    "timestamp" : 306985228629
  },
  {
    "transform" : [
      0.011542842,
      -0.95642257,
      -0.29175806,
      0,
      0.9998189,
      0.00662411,
      0.017841162,
      0,
      -0.015131044,
      -0.29191115,
      0.95632577,
      0,
      -3.0498588,
      0.33251718,
      -6.5789866,
      1
    ],
    "trackingState" : "Normal",
    "timestamp" : 306985245289
  },
  {
    "transform" : [
      0.010777288,
      -0.95593613,
      -0.29337686,
      0,
      0.99980915,
      0.005519854,
      0.018742468,
      0,
      -0.016297175,
      -0.29352286,
      0.95581317,
      0,
      -3.052488,
      0.33165485,
      -6.5898156,
      1
    ],
    "trackingState" : "Normal",
    "timestamp" : 306985261950
  },
  {
    "transform" : [
      0.009797434,
      -0.9555392,
      -0.2947013,
      0,
      0.9998072,
      0.004344774,
      0.019151397,
      0,
      -0.017019505,
      -0.29483208,
      0.9553975,
      0,
      -3.0551727,
      0.33160174,
      -6.600615,
      0.99999994
    ],
    "trackingState" : "Normal",
    "timestamp" : 306985278611
  },
  {
    "transform" : [
      0.008757317,
      -0.95531386,
      -0.29546362,
      0,
      0.99980927,
      0.0032073774,
      0.019263273,
      0,
      -0.017454805,
      -0.29557598,
      0.95515984,
      0,
      -3.057855,
      0.33170432,
      -6.611427,
      1
    ],
    "trackingState" : "Normal",
    "timestamp" : 306985295271
  },
  {
    "transform" : [
      0.007896486,
      -0.95531106,
      -0.2954973,
      0,
      0.99982643,
      0.0025546604,
      0.018459154,
      0,
      -0.016879337,
      -0.29559174,
      0.9551654,
      0,
      -3.0605009,
      0.3318151,
      -6.622319,
      1
    ],
    "trackingState" : "Normal",
    "timestamp" : 306985311932
  },
  {
    "transform" : [
      0.007354295,
      -0.95566845,
      -0.29435328,
      0,
      0.99985653,
      0.002536263,
      0.016746618,
      0,
      -0.0152576575,
      -0.29443422,
      0.95555,
      0,
      -3.063107,
      0.33190864,
      -6.6333404,
      0.99999994
    ],
    "trackingState" : "Normal",
    "timestamp" : 306985328592
  },
  {
    "transform" : [
      0.007750962,
      -0.95661867,
      -0.29124013,
      0,
      0.999879,
      0.0034874887,
      0.01515528,
      0,
      -0.013482144,
      -0.29132235,
      0.95653003,
      0,
      -3.0657213,
      0.33201194,
      -6.6445136,
      1
    ],
    "trackingState" : "Normal",
    "timestamp" : 306985345253
  },
  {
    "transform" : [
      0.009016518,
      -0.95837843,
      -0.2853589,
      0,
      0.9998724,
      0.0048779,
      0.015210636,
      0,
      -0.0131856,
      -0.2854596,
      0.95830005,
      0,
      -3.0684845,
      0.33193928,
      -6.655694,
      1
    ],
    "trackingState" : "Normal",
    "timestamp" : 306985361914
  },
  {
    "transform" : [
      0.011175584,
      -0.960644,
      -0.27755767,
      0,
      0.99983925,
      0.0068441518,
      0.016569503,
      0,
      -0.014017724,
      -0.27769822,
      0.9605661,
      0,
      -3.0716188,
      0.33138058,
      -6.666581,
      0.99999994
    ],
    "trackingState" : "Normal",
    "timestamp" : 306985378574
  },
  {
    "transform" : [
      0.0126204165,
      -0.96299547,
      -0.2692222,
      0,
      0.99980927,
      0.008139694,
      0.017753078,
      0,
      -0.01490474,
      -0.2693949,
      0.9629145,
      0,
      -3.0743077,
      0.33108616,
      -6.6776857,
      1
    ],
    "trackingState" : "Normal",
    "timestamp" : 306985395235
  },
  {
    "transform" : [
      0.013420755,
      -0.9652795,
      -0.26087442,
      0,
      0.99979776,
      0.00904605,
      0.01796297,
      0,
      -0.014979393,
      -0.26106274,
      0.96520567,
      0,
      -3.076771,
      0.33066988,
      -6.688837,
      1
    ],
    "trackingState" : "Normal",
    "timestamp" : 306985411896
  },
  {
    "transform" : [
      0.012965557,
      -0.9672156,
      -0.2536257,
      0,
      0.99981314,
      0.00890416,
      0.017154792,
      0,
      -0.014334063,
      -0.25380075,
      0.9671504,
      0,
      -3.0790808,
      0.33000392,
      -6.6998887,
      1
    ],
    "trackingState" : "Normal",
    "timestamp" : 306985428556
  },
  {
    "transform" : [
      0.012264592,
      -0.968734,
      -0.24779843,
      0,
      0.9998317,
      0.008500585,
      0.01625402,
      0,
      -0.013639376,
      -0.2479561,
      0.96867526,
      0,
      -3.081365,
      0.32906342,
      -6.7107673,
      1
    ],
    "trackingState" : "Normal",
    "timestamp" : 306985445217
  },
  {
    "transform" : [
      0.011895643,
      -0.96995705,
      -0.24298544,
      0,
      0.9998391,
      0.008276781,
      0.015908798,
      0,
      -0.013419721,
      -0.24313562,
      0.9698996,
      0,
      -3.0838716,
      0.32777724,
      -6.7219343,
      0.99999994
    ],
    "trackingState" : "Normal",
    "timestamp" : 306985461877
  },
  {
    "transform" : [
      0.011751027,
      -0.97106546,
      -0.23852408,
      0,
      0.9998398,
      0.008192854,
      0.015903413,
      0,
      -0.0134890685,
      -0.2386728,
      0.9710063,
      0,
      -3.0869608,
      0.3259756,
      -6.7342906,
      0.99999994
    ],
    "trackingState" : "Normal",
    "timestamp" : 306985478538
  },
  {
    "transform" : [
      0.011264745,
      -0.97224414,
      -0.23369776,
      0,
      0.9998511,
      0.00789752,
      0.015339264,
      0,
      -0.013067849,
      -0.23383574,
      0.97218835,
      0,
      -3.0895002,
      0.3243244,
      -6.7455683,
      0.99999994
    ],
    "trackingState" : "Normal",
    "timestamp" : 306985495199
  },
  {
    "transform" : [
      0.010791667,
      -0.97355694,
      -0.22818972,
      0,
      0.99987066,
      0.0077845836,
      0.014074003,
      0,
      -0.011925451,
      -0.22831208,
      0.97351503,
      0,
      -3.0918777,
      0.32266837,
      -6.756566,
      0.99999994
    ],
    "trackingState" : "Normal",
    "timestamp" : 306985511859
  },
  {
    "transform" : [
      0.010837156,
      -0.97485054,
      -0.22259587,
      0,
      0.99988645,
      0.008234874,
      0.012615494,
      0,
      -0.010465141,
      -0.22270732,
      0.97482914,
      0,
      -3.0942743,
      0.32096428,
      -6.7674613,
      0.9999999
    ],
    "trackingState" : "Normal",
    "timestamp" : 306985528520
  },
  {
    "transform" : [
      0.012189297,
      -0.97608286,
      -0.21705705,
      0,
      0.99988484,
      0.009937388,
      0.011463264,
      0,
      -0.009032108,
      -0.2171718,
      0.9760916,
      0,
      -3.0967898,
      0.3192439,
      -6.7783165,
      0.99999994
    ],
    "trackingState" : "Normal",
    "timestamp" : 306985545180
  },
  {
    "transform" : [
      0.0144799305,
      -0.9774574,
      -0.21063557,
      0,
      0.99985677,
      0.012311861,
      0.0116008045,
      0,
      -0.008745943,
      -0.21077342,
      0.97749573,
      0,
      -3.0993757,
      0.3175221,
      -6.789207,
      0.9999999
    ],
    "trackingState" : "Normal",
    "timestamp" : 306985561841
  },
  {
    "transform" : [
      0.017069677,
      -0.9789845,
      -0.20321903,
      0,
      0.9998144,
      0.014900014,
      0.012201756,
      0,
      -0.008917345,
      -0.20338961,
      0.9790572,
      0,
      -3.101982,
      0.3154364,
      -6.800668,
      0.9999999
    ],
    "trackingState" : "Normal",
    "timestamp" : 306985578502
  },
  {
    "transform" : [
      0.019293528,
      -0.9803763,
      -0.1961887,
      0,
      0.99978274,
      0.017372366,
      0.011508719,
      0,
      -0.007874598,
      -0.19636813,
      0.98049855,
      0,
      -3.1045473,
      0.31350356,
      -6.8118887,
      0.99999994
    ],
    "trackingState" : "Normal",
    "timestamp" : 306985595162
  },
  {
    "transform" : [
      0.02113574,
      -0.98155826,
      -0.18999109,
      0,
      0.99975544,
      0.019517757,
      0.010383447,
      0,
      -0.006483744,
      -0.19016413,
      0.9817308,
      0,
      -3.1070855,
      0.3115449,
      -6.822999,
      0.9999999
    ],
    "trackingState" : "Normal",
    "timestamp" : 306985611823
  },
  {
    "transform" : [
      0.023547713,
      -0.9825913,
      -0.18428239,
      0,
      0.9997141,
      0.022379259,
      0.008418141,
      0,
      -0.0041474863,
      -0.18442793,
      0.9828373,
      0,
      -3.1096497,
      0.30957454,
      -6.834124,
      1
    ],
    "trackingState" : "Normal",
    "timestamp" : 306985628483
  },
  {
    "transform" : [
      0.026525466,
      -0.9837292,
      -0.17768909,
      0,
      0.99964714,
      0.025854291,
      0.0060920385,
      0,
      -0.00139887,
      -0.17778797,
      0.98406786,
      0,
      -3.1122177,
      0.30762672,
      -6.8454022,
      1
    ],
    "trackingState" : "Normal",
    "timestamp" : 306985645144
  },
  {
    "transform" : [
      0.029120954,
      -0.9852124,
      -0.16884463,
      0,
      0.99957573,
      0.028670909,
      0.005103301,
      0,
      -0.00018689706,
      -0.16892162,
      0.9856294,
      0,
      -3.1144602,
      0.30516604,
      -6.857184,
      0.99999994
    ],
    "trackingState" : "Normal",
    "timestamp" : 306985661805
  },
  {
    "transform" : [
      0.030526452,
      -0.9867259,
      -0.1594999,
      0,
      0.9995337,
      0.030234521,
      0.004257297,
      0,
      0.0006216106,
      -0.15955551,
      0.9871889,
      0,
      -3.1167705,
      0.30289,
      -6.868832,
      1
    ],
    "trackingState" : "Normal",
    "timestamp" : 306985678465
  },
  {
    "transform" : [
      0.030959172,
      -0.98790467,
      -0.15194045,
      0,
      0.99951553,
      0.031077404,
      0.0015970825,
      0,
      0.003144152,
      -0.1519163,
      0.98838836,
      0,
      -3.1190681,
      0.30057514,
      -6.880344,
      0.99999994
    ],
    "trackingState" : "Normal",
    "timestamp" : 306985695126
  },
  {
    "transform" : [
      0.030642245,
      -0.98875386,
      -0.14637963,
      0,
      0.99950415,
      0.03137304,
      -0.0026859143,
      0,
      0.0072480952,
      -0.14622475,
      0.98922485,
      0,
      -3.121355,
      0.29818273,
      -6.891714,
      1
    ],
    "trackingState" : "Normal",
    "timestamp" : 306985711786
  },
  {
    "transform" : [
      0.030060666,
      -0.9894438,
      -0.14176565,
      0,
      0.9994819,
      0.0313859,
      -0.0071208174,
      0,
      0.0114950705,
      -0.14147815,
      0.9898747,
      0,
      -3.1236732,
      0.29574347,
      -6.9029503,
      1
    ],
    "trackingState" : "Normal",
    "timestamp" : 306985728447
  },
  {
    "transform" : [
      0.029666506,
      -0.99008864,
      -0.13727517,
      0,
      0.9994468,
      0.031446762,
      -0.010817548,
      0,
      0.015027202,
      -0.13687834,
      0.990474,
      0,
      -3.1260781,
      0.29327914,
      -6.9140806,
      0.99999994
    ],
    "trackingState" : "Normal",
    "timestamp" : 306985745108
  },
  {
    "transform" : [
      0.030739957,
      -0.9907011,
      -0.13253841,
      0,
      0.9993603,
      0.032887418,
      -0.014043528,
      0,
      0.018271793,
      -0.13202193,
      0.9910784,
      0,
      -3.1282437,
      0.29003677,
      -6.923653,
      0.99999994
    ],
    "trackingState" : "Normal",
    "timestamp" : 306985761768
  },
  {
    "transform" : [
      0.03198079,
      -0.9914134,
      -0.12679456,
      0,
      0.9992599,
      0.034427904,
      -0.017154997,
      0,
      0.021372959,
      -0.12615208,
      0.99178076,
      0,
      -3.1307104,
      0.28731492,
      -6.934342,
      0.99999994
    ],
    "trackingState" : "Normal",
    "timestamp" : 306985778429
  },
  {
    "transform" : [
      0.03318931,
      -0.9922545,
      -0.11970615,
      0,
      0.9991622,
      0.03581055,
      -0.019812448,
      0,
      0.023945786,
      -0.11894827,
      0.99261165,
      0,
      -3.1332362,
      0.2847514,
      -6.9455,
      0.99999994
    ],
    "trackingState" : "Normal",
    "timestamp" : 306985795089
  },
  {
    "transform" : [
      0.03449926,
      -0.99306226,
      -0.11241548,
      0,
      0.9989928,
      0.03749527,
      -0.024646338,
      0,
      0.0286904,
      -0.11145197,
      0.99335563,
      0,
      -3.135753,
      0.2822535,
      -6.9569397,
      1
    ],
    "trackingState" : "Normal",
    "timestamp" : 306985811750
  },
  {
    "transform" : [
      0.035813354,
      -0.9937735,
      -0.105506994,
      0,
      0.9987272,
      0.03934264,
      -0.031560924,
      0,
      0.035515357,
      -0.1042424,
      0.99391764,
      0,
      -3.138259,
      0.27976075,
      -6.9685426,
      0.99999994
    ],
    "trackingState" : "Normal",
    "timestamp" : 306985828411
  },
  {
    "transform" : [
      0.036769807,
      -0.99440753,
      -0.09900414,
      0,
      0.99841326,
      0.04078364,
      -0.038827598,
      0,
      0.04264816,
      -0.097419366,
      0.9943293,
      0,
      -3.1407344,
      0.27725306,
      -6.980193,
      0.99999994
    ],
    "trackingState" : "Normal",
    "timestamp" : 306985845071
  },
  {
    "transform" : [
      0.03735619,
      -0.9949016,
      -0.093676955,
      0,
      0.99805063,
      0.041834746,
      -0.046308905,
      0,
      0.04999181,
      -0.09176443,
      0.994525,
      0,
      -3.1430404,
      0.2746277,
      -6.9916196,
      1
    ],
    "trackingState" : "Normal",
    "timestamp" : 306985861732
  },
  {
    "transform" : [
      0.038109105,
      -0.9952713,
      -0.08934542,
      0,
      0.99758166,
      0.043092787,
      -0.054530706,
      0,
      0.058123,
      -0.08705125,
      0.9945068,
      0,
      -3.1450393,
      0.27167574,
      -7.002571,
      0.9999999
    ],
    "trackingState" : "Normal",
    "timestamp" : 306985878393
  },
  {
    "transform" : [
      0.03925075,
      -0.9956633,
      -0.08434413,
      0,
      0.9970502,
      0.044596843,
      -0.062464006,
      0,
      0.06595462,
      -0.08164358,
      0.99447685,
      0,
      -3.1473753,
      0.26927188,
      -7.0140805,
      1
    ],
    "trackingState" : "Normal",
    "timestamp" : 306985895053
  },
  {
    "transform" : [
      0.041478097,
      -0.9962183,
      -0.07634541,
      0,
      0.99651676,
      0.046780873,
      -0.06903285,
      0,
      0.07234328,
      -0.07321614,
      0.9946888,
      0,
      -3.1498454,
      0.26716053,
      -7.0259924,
      0.9999999
    ],
    "trackingState" : "Normal",
    "timestamp" : 306985911714
  },
  {
    "transform" : [
      0.04400232,
      -0.9969601,
      -0.064298876,
      0,
      0.99614215,
      0.048675433,
      -0.07301677,
      0,
      0.07592461,
      -0.060837924,
      0.9952559,
      0,
      -3.1523056,
      0.2651825,
      -7.0382094,
      1
    ],
    "trackingState" : "Normal",
    "timestamp" : 306985928374
  },
  {
    "transform" : [
      0.04631745,
      -0.99766654,
      -0.050162993,
      0,
      0.9958386,
      0.050061617,
      -0.07615357,
      0,
      0.078487135,
      -0.046427,
      0.99583346,
      0,
      -3.1546645,
      0.26322636,
      -7.050572,
      1
    ],
    "trackingState" : "Normal",
    "timestamp" : 306985945035
  },
  {
    "transform" : [
      0.04784667,
      -0.998161,
      -0.03721876,
      0,
      0.99544823,
      0.050725017,
      -0.08068084,
      0,
      0.082420416,
      -0.033189047,
      0.99604475,
      0,
      -3.1569083,
      0.26121795,
      -7.062886,
      0.9999998
    ],
    "trackingState" : "Normal",
    "timestamp" : 306985961696
  },
  {
    "transform" : [
      0.049013536,
      -0.99845016,
      -0.026363993,
      0,
      0.99489343,
      0.051136646,
      -0.08701815,
      0,
      0.08823146,
      -0.021964295,
      0.9958578,
      0,
      -3.157485,
      0.25853193,
      -7.074607,
      1
    ],
    "trackingState" : "Normal",
    "timestamp" : 306985978356
  },
  {
    "transform" : [
      0.050483443,
      -0.9986022,
      -0.015652018,
      0,
      0.994315,
      0.051725466,
      -0.0930691,
      0,
      0.09374864,
      -0.01086459,
      0.99553657,
      0,
      -3.159112,
      0.25629184,
      -7.0865936,
      0.9999999
    ],
    "trackingState" : "Normal",
    "timestamp" : 306985995017
  },
  {
    "transform" : [
      0.052818265,
      -0.99860024,
      -0.0027903966,
      0,
      0.993894,
      0.052840006,
      -0.096863896,
      0,
      0.096875764,
      0.0023428265,
      0.9952938,
      0,
      -3.1610677,
      0.25429958,
      -7.098659,
      0.99999994
    ],
    "trackingState" : "Normal",
    "timestamp" : 306986011677
  },
  {
    "transform" : [
      0.055395633,
      -0.99840045,
      0.011312726,
      0,
      0.9937208,
      0.05402578,
      -0.09798046,
      0,
      0.09721261,
      0.01666938,
      0.99512404,
      0,
      -3.1630473,
      0.25246003,
      -7.1105843,
      0.99999994
    ],
    "trackingState" : "Normal",
    "timestamp" : 306986028338
  },
  {
    "transform" : [
      0.05779192,
      -0.9980218,
      0.024752716,
      0,
      0.9935537,
      0.055075735,
      -0.09908378,
      0,
      0.09752447,
      0.030319395,
      0.99477124,
      0,
      -3.1649215,
      0.2507016,
      -7.122274,
      0.99999994
    ],
    "trackingState" : "Normal",
    "timestamp" : 306986044999
  },
  {
    "transform" : [
      0.058712643,
      -0.9977124,
      0.033507537,
      0,
      0.99304295,
      0.05494007,
      -0.10414928,
      0,
      0.10207011,
      0.039389305,
      0.99399704,
      0,
      -3.166618,
      0.24869983,
      -7.1337867,
      0.99999994
    ],
    "trackingState" : "Normal",
    "timestamp" : 306986061659
  },
  {
    "transform" : [
      0.05818526,
      -0.9975183,
      0.039646715,
      0,
      0.9925513,
      0.05354627,
      -0.10942841,
      0,
      0.10703392,
      0.04571852,
      0.99320376,
      0,
      -3.1680903,
      0.24622361,
      -7.145438,
      1
    ],
    "trackingState" : "Normal",
    "timestamp" : 306986078320
  },
  {
    "transform" : [
      0.05683555,
      -0.9974065,
      0.044159997,
      0,
      0.99218214,
      0.05150496,
      -0.11367384,
      0,
      0.11110457,
      0.050275482,
      0.9925363,
      0,
      -3.169571,
      0.24424905,
      -7.1562266,
      0.9999999
    ],
    "trackingState" : "Normal",
    "timestamp" : 306986094980
  },
  {
    "transform" : [
      0.055996448,
      -0.9972508,
      0.048532143,
      0,
      0.99198174,
      0.050053045,
      -0.116047174,
      0,
      0.11329894,
      0.054641232,
      0.9920573,
      0,
      -3.171121,
      0.24249984,
      -7.1665726,
      1
    ],
    "trackingState" : "Normal",
    "timestamp" : 306986111641
  },
  {
    "transform" : [
      0.05606247,
      -0.9970025,
      0.05331852,
      0,
      0.9920001,
      0.049572546,
      -0.1160952,
      0,
      0.11310414,
      0.059400566,
      0.991806,
      0,
      -3.1727467,
      0.24087282,
      -7.176578,
      0.99999994
    ],
    "trackingState" : "Normal",
    "timestamp" : 306986128302
  },
  {
    "transform" : [
      0.057036515,
      -0.996688,
      0.05796614,
      0,
      0.9920565,
      0.050059717,
      -0.115403906,
      0,
      0.112119935,
      0.06408791,
      0.99162596,
      0,
      -3.1744568,
      0.23931299,
      -7.1863174,
      1
    ],
    "trackingState" : "Normal",
    "timestamp" : 306986144962
  },
  {
    "transform" : [
      0.05930711,
      -0.9963072,
      0.062085725,
      0,
      0.9918796,
      0.051805492,
      -0.11615102,
      0,
      0.11250577,
      0.06847014,
      0.99128926,
      0,
      -3.1761768,
      0.23779999,
      -7.195917,
      0.99999994
    ],
    "trackingState" : "Normal",
    "timestamp" : 306986161623
  },
  {
    "transform" : [
      0.06064635,
      -0.9958851,
      0.06734138,
      0,
      0.99191004,
      0.052591875,
      -0.11553464,
      0,
      0.11151763,
      0.073803365,
      0.9910181,
      0,
      -3.1777635,
      0.23626268,
      -7.2053537,
      0.9999999
    ],
    "trackingState" : "Normal",
    "timestamp" : 306986178283
  },
  {
    "transform" : [
      0.06070257,
      -0.995501,
      0.072752066,
      0,
      0.9922036,
      0.052232206,
      -0.11315274,
      0,
      0.108843684,
      0.079053536,
      0.9909105,
      0,
      -3.1791558,
      0.23472959,
      -7.2145243,
      0.9999998
    ],
    "trackingState" : "Normal",
    "timestamp" : 306986194944
  },
  {
    "transform" : [
      0.06007165,
      -0.9952645,
      0.0764209,
      0,
      0.99248636,
      0.051377412,
      -0.11104535,
      0,
      0.106593244,
      0.082517385,
      0.9908728,
      0,
      -3.1804051,
      0.23326387,
      -7.2233834,
      1
    ],
    "trackingState" : "Normal",
    "timestamp" : 306986211605
  },
  {
    "transform" : [
      0.059450712,
      -0.9951393,
      0.078507856,
      0,
      0.9925678,
      0.050564576,
      -0.11069038,
      0,
      0.10618259,
      0.084504984,
      0.99074936,
      0,
      -3.1815703,
      0.23192929,
      -7.2320566,
      1
    ],
    "trackingState" : "Normal",
    "timestamp" : 306986228265
  },
  {
    "transform" : [
      0.058954265,
      -0.9949162,
      0.081646785,
      0,
      0.99267894,
      0.0497912,
      -0.110042155,
      0,
      0.105417415,
      0.0875365,
      0.9905679,
      0,
      -3.1832802,
      0.23043956,
      -7.2409554,
      1
    ],
    "trackingState" : "Normal",
    "timestamp" : 306986244926
  },
  {
    "transform" : [
      0.058589395,
      -0.9945167,
      0.08662525,
      0,
      0.9930367,
      0.04917786,
      -0.10704978,
      0,
      0.102202766,
      0.09229403,
      0.99047285,
      0,
      -3.184487,
      0.2293538,
      -7.249552,
      0.99999994
    ],
    "trackingState" : "Normal",
    "timestamp" : 306986261586
  },
  {
    "transform" : [
      0.058339518,
      -0.99406815,
      0.09178891,
      0,
      0.9934784,
      0.048789285,
      -0.103053644,
      0,
      0.09796403,
      0.09720241,
      0.9904316,
      0,
      -3.1855102,
      0.22851525,
      -7.257887,
      1
    ],
    "trackingState" : "Normal",
    "timestamp" : 306986278247
  },
  {
    "transform" : [
      0.058400653,
      -0.9937914,
      0.09469978,
      0,
      0.99354833,
      0.04862315,
      -0.10245648,
      0,
      0.0972158,
      0.10007233,
      0.99021953,
      0,
      -3.1864986,
      0.2278397,
      -7.2660255,
      1
    ],
    "trackingState" : "Normal",
    "timestamp" : 306986294908
  },
  {
    "transform" : [
      0.058176782,
      -0.9936132,
      0.09668621,
      0,
      0.9935215,
      0.04815494,
      -0.10293603,
      0,
      0.09762275,
      0.10204832,
      0.9899777,
      0,
      -3.1874807,
      0.22721598,
      -7.273996,
      1
    ],
    "trackingState" : "Normal",
    "timestamp" : 306986311568
  },
  {
    "transform" : [
      0.0575549,
      -0.99338675,
      0.09934961,
      0,
      0.9937312,
      0.047451224,
      -0.10122522,
      0,
      0.09584153,
      0.10455281,
      0.9898905,
      0,
      -3.1884854,
      0.22655559,
      -7.2817597,
      1
    ],
    "trackingState" : "Normal",
    "timestamp" : 306986328229
  },
  {
    "transform" : [
      0.05633899,
      -0.99322855,
      0.10160199,
      0,
      0.994097,
      0.046353944,
      -0.09809222,
      0,
      0.09271833,
      0.10652866,
      0.9899772,
      0,
      -3.189554,
      0.22534792,
      -7.2918715,
      0.9999999
    ],
    "trackingState" : "Normal",
    "timestamp" : 306986344889
  },
  {
    "transform" : [
      0.054929405,
      -0.9932821,
      0.101850666,
      0,
      0.994418,
      0.045216996,
      -0.095331304,
      0,
      0.0900855,
      0.10651864,
      0.9902214,
      0,
      -3.1906161,
      0.22431849,
      -7.299961,
      1
    ],
    "trackingState" : "Normal",
    "timestamp" : 306986361550
  },
  {
    "transform" : [
      0.05301876,
      -0.9934919,
      0.10081081,
      0,
      0.9946692,
      0.043599613,
      -0.09344504,
      0,
      0.088441595,
      0.10522777,
      0.99050754,
      0,
      -3.1916757,
      0.22319677,
      -7.3073587,
      0.99999994
    ],
    "trackingState" : "Normal",
    "timestamp" : 306986378211
  },
  {
    "transform" : [
      0.051211618,
      -0.99368435,
      0.09984429,
      0,
      0.994875,
      0.04203276,
      -0.09196172,
      0,
      0.08718423,
      0.10404211,
      0.99074423,
      0,
      -3.1927989,
      0.2219146,
      -7.3145905,
      0.99999994
    ],
    "trackingState" : "Normal",
    "timestamp" : 306986394871
  },
  {
    "transform" : [
      0.049751863,
      -0.9937362,
      0.100066446,
      0,
      0.9951292,
      0.040784378,
      -0.08974657,
      0,
      0.085103266,
      0.10404411,
      0.990925,
      0,
      -3.1940172,
      0.22044201,
      -7.321852,
      1
    ],
    "trackingState" : "Normal",
    "timestamp" : 306986411532
  },
  {
    "transform" : [
      0.048414245,
      -0.99365807,
      0.101487964,
      0,
      0.9954733,
      0.039682183,
      -0.08636062,
      0,
      0.08178568,
      0.10520965,
      0.9910813,
      0,
      -3.195305,
      0.21876194,
      -7.329172,
      1
    ],
    "trackingState" : "Normal",
    "timestamp" : 306986428193
  },
  {
    "transform" : [
      0.04699016,
      -0.99356836,
      0.10302303,
      0,
      0.9958337,
      0.038527574,
      -0.082647555,
      0,
      0.07814679,
      0.106477454,
      0.9912393,
      0,
      -3.1968434,
      0.21657635,
      -7.3371167,
      0.9999999
    ],
    "trackingState" : "Normal",
    "timestamp" : 306986444853
  },
  {
    "transform" : [
      0.04588962,
      -0.9934647,
      0.104508206,
      0,
      0.99609125,
      0.03760315,
      -0.07992527,
      0,
      0.0754731,
      0.107767485,
      0.9913072,
      0,
      -3.1983097,
      0.21445175,
      -7.3447595,
      1
    ],
    "trackingState" : "Normal",
    "timestamp" : 306986461514
  },
  {
    "transform" : [
      0.045242257,
      -0.99333245,
      0.10603636,
      0,
      0.99630696,
      0.03711266,
      -0.07742605,
      0,
      0.0729745,
      0.10914772,
      0.9913432,
      0,
      -3.199831,
      0.21227439,
      -7.3523555,
      0.9999998
    ],
    "trackingState" : "Normal",
    "timestamp" : 306986478174
  },
  {
    "transform" : [
      0.04516314,
      -0.9930896,
      0.108321115,
      0,
      0.9965054,
      0.037158884,
      -0.074807376,
      0,
      0.07026534,
      0.111321114,
      0.99129736,
      0,
      -3.2014494,
      0.21000618,
      -7.360034,
      1
    ],
    "trackingState" : "Normal",
    "timestamp" : 306986494835
  },
  {
    "transform" : [
      0.04539002,
      -0.99270564,
      0.11169312,
      0,
      0.9967169,
      0.03749976,
      -0.07175719,
      0,
      0.0670453,
      0.1145835,
      0.99114865,
      0,
      -3.2031488,
      0.20766705,
      -7.367844,
      1
    ],
    "trackingState" : "Normal",
    "timestamp" : 306986511496
  },
  {
    "transform" : [
      0.04623989,
      -0.992207,
      0.11570356,
      0,
      0.9968829,
      0.03842246,
      -0.06890642,
      0,
      0.06392377,
      0.11852913,
      0.9908909,
      0,
      -3.2049603,
      0.20528701,
      -7.375788,
      1
    ],
    "trackingState" : "Normal",
    "timestamp" : 306986528156
  },
  {
    "transform" : [
      0.04747228,
      -0.9916701,
      0.11973714,
      0,
      0.9970282,
      0.039761774,
      -0.065983094,
      0,
      0.06067248,
      0.12251369,
      0.99061066,
      0,
      -3.206788,
      0.20273821,
      -7.3844595,
      1
    ],
    "trackingState" : "Normal",
    "timestamp" : 306986544817
  },
  {
    "transform" : [
      0.049036555,
      -0.99113595,
      0.12347054,
      0,
      0.9971568,
      0.041499067,
      -0.06289688,
      0,
      0.057215482,
      0.12620376,
      0.990353,
      0,
      -3.2085004,
      0.19985195,
      -7.3947406,
      1
    ],
    "trackingState" : "Normal",
    "timestamp" : 306986561477
  },
  {
    "transform" : [
      0.050310366,
      -0.9906423,
      0.12687303,
      0,
      0.9972486,
      0.04290368,
      -0.060452115,
      0,
      0.0544431,
      0.12956531,
      0.9900752,
      0,
      -3.2105348,
      0.19717585,
      -7.403544,
      1
    ],
    "trackingState" : "Normal",
    "timestamp" : 306986578138
  },
  {
    "transform" : [
      0.050695866,
      -0.9902612,
      0.12966423,
      0,
      0.9973466,
      0.043405868,
      -0.058444798,
      0,
      0.05224743,
      0.13228308,
      0.9898341,
      0,
      -3.2127008,
      0.19452383,
      -7.411874,
      1
    ],
    "trackingState" : "Normal",
    "timestamp" : 306986594799
  },
  {
    "transform" : [
      0.050165765,
      -0.9900081,
      0.13178536,
      0,
      0.99749726,
      0.043082345,
      -0.056063354,
      0,
      0.04982557,
      0.134268,
      0.98969173,
      0,
      -3.2149715,
      0.1918824,
      -7.4200187,
      1
    ],
    "trackingState" : "Normal",
    "timestamp" : 306986611459
  },
  {
    "transform" : [
      0.049440946,
      -0.9898588,
      0.13317353,
      0,
      0.99766606,
      0.042657528,
      -0.05331856,
      0,
      0.04709701,
      0.13549882,
      0.9896575,
      0,
      -3.217408,
      0.18930024,
      -7.4280825,
      0.99999994
    ],
    "trackingState" : "Normal",
    "timestamp" : 306986628120
  },
  {
    "transform" : [
      0.048939046,
      -0.98977214,
      0.13400058,
      0,
      0.997805,
      0.042456027,
      -0.050819427,
      0,
      0.044610586,
      0.13619351,
      0.9896773,
      0,
      -3.2201862,
      0.1867506,
      -7.436089,
      0.99999994
    ],
    "trackingState" : "Normal",
    "timestamp" : 306986644780
  },
  {
    "transform" : [
      0.048906103,
      -0.9896375,
      0.13500328,
      0,
      0.9978731,
      0.042579997,
      -0.049356733,
      0,
      0.04309685,
      0.13713,
      0.9896151,
      0,
      -3.2230992,
      0.18437645,
      -7.444269,
      1
    ],
    "trackingState" : "Normal",
    "timestamp" : 306986661441
  },
  {
    "transform" : [
      0.04851224,
      -0.98945844,
      0.13645011,
      0,
      0.9979501,
      0.04230685,
      -0.048016973,
      0,
      0.04173805,
      0.13849983,
      0.98948264,
      0,
      -3.2261612,
      0.18215354,
      -7.4525766,
      1
    ],
    "trackingState" : "Normal",
    "timestamp" : 306986678102
  },
  {
    "transform" : [
      0.04690084,
      -0.9893884,
      0.13751711,
      0,
      0.9980807,
      0.04084304,
      -0.046548307,
      0,
      0.040437754,
      0.13943632,
      0.9894051,
      0,
      -3.229327,
      0.18004021,
      -7.4609027,
      1
    ],
    "trackingState" : "Normal",
    "timestamp" : 306986694762
  },
  {
    "transform" : [
      0.043968134,
      -0.98964536,
      0.13663444,
      0,
      0.99821705,
      0.03799302,
      -0.0460361,
      0,
      0.040368263,
      0.13841495,
      0.9895513,
      0,
      -3.2326188,
      0.17802466,
      -7.469155,
      1
    ],
    "trackingState" : "Normal",
    "timestamp" : 306986711423
  },
  {
    "transform" : [
      0.04131036,
      -0.99010605,
      0.13410299,
      0,
      0.99831426,
      0.03542606,
      -0.045973346,
      0,
      0.04076776,
      0.13577612,
      0.98990047,
      0,
      -3.2362995,
      0.17625444,
      -7.477355,
      1
    ],
    "trackingState" : "Normal",
    "timestamp" : 306986728083
  },
  {
    "transform" : [
      0.04280609,
      -0.99036795,
      0.13167775,
      0,
      0.998259,
      0.03704468,
      -0.04589756,
      0,
      0.040577494,
      0.1334132,
      0.9902296,
      0,
      -3.2406325,
      0.17534344,
      -7.486136,
      1
    ],
    "trackingState" : "Normal",
    "timestamp" : 306986744744
  },
  {
    "transform" : [
      0.047823377,
      -0.9900446,
      0.13238034,
      0,
      0.99823916,
      0.042716525,
      -0.041153435,
      0,
      0.035088927,
      0.13411537,
      0.9903442,
      0,
      -3.2459219,
      0.17471638,
      -7.4947433,
      0.99999994
    ],
    "trackingState" : "Normal",
    "timestamp" : 306986761405
  },
  {
    "transform" : [
      0.053297356,
      -0.9895372,
      0.13407367,
      0,
      0.99820554,
      0.049124897,
      -0.0342409,
      0,
      0.027296279,
      0.13565804,
      0.9903797,
      0,
      -3.2516115,
      0.17434227,
      -7.503332,
      1
    ],
    "trackingState" : "Normal",
    "timestamp" : 306986778065
  },
  {
    "transform" : [
      0.057586823,
      -0.98946995,
      0.13278896,
      0,
      0.9980247,
      0.05371238,
      -0.032580175,
      0,
      0.025104731,
      0.13440287,
      0.99060863,
      0,
      -3.2572687,
      0.17400812,
      -7.511941,
      0.9999999
    ],
    "trackingState" : "Normal",
    "timestamp" : 306986794726
  },
  {
    "transform" : [
      0.058936235,
      -0.9899801,
      0.12831992,
      0,
      0.9978732,
      0.054838583,
      -0.035238292,
      0,
      0.027848385,
      0.13012382,
      0.9911066,
      0,
      -3.2626164,
      0.17360598,
      -7.5205717,
      1
    ],
    "trackingState" : "Normal",
    "timestamp" : 306986811386
  },
  {
    "transform" : [
      0.058817815,
      -0.9904443,
      0.12474233,
      0,
      0.99779797,
      0.054492142,
      -0.037812833,
      0,
      0.030654069,
      0.12669171,
      0.9914684,
      0,
      -3.267786,
      0.17318377,
      -7.5293407,
      1
    ],
    "trackingState" : "Normal",
    "timestamp" : 306986828047
  },
  {
    "transform" : [
      0.05772162,
      -0.99059457,
      0.12405971,
      0,
      0.99780536,
      0.053205553,
      -0.039415054,
      0,
      0.032443628,
      0.12606256,
      0.9914917,
      0,
      -3.2727776,
      0.17333584,
      -7.5368533,
      0.99999994
    ],
    "trackingState" : "Normal",
    "timestamp" : 306986844708
  },
  {
    "transform" : [
      0.055066437,
      -0.9905879,
      0.12531345,
      0,
      0.99788576,
      0.050259437,
      -0.041205686,
      0,
      0.03451969,
      0.12731756,
      0.9912612,
      0,
      -3.2774885,
      0.17310244,
      -7.545511,
      1
    ],
    "trackingState" : "Normal",
    "timestamp" : 306986861368
  },
  {
    "transform" : [
      0.05132527,
      -0.99072814,
      0.12579174,
      0,
      0.99796325,
      0.046102084,
      -0.04408961,
      0,
      0.037881583,
      0.12779845,
      0.99107647,
      0,
      -3.281997,
      0.17272808,
      -7.5543966,
      0.99999994
    ],
    "trackingState" : "Normal",
    "timestamp" : 306986878029
  },
  {
