[
  {
    "timestamp" : 306951707461,
    "transform" : [
      -0.1409049,
      -0.69101465,
      0.7089743,
      0,
      0.95831686,
      0.08458251,
      0.27290028,
      0,
      -0.24854492,
      0.7178751,
      0.65029293,
      0,
      0.011022575,
      0.01959153,
      -0.144907,
      1
    ],
    "trackingState" : "Normal"
  },
  {
    "timestamp" : 306951724121,
    "transform" : [
      -0.1424859,
      -0.68849957,
      0.7111021,
      0,
      0.95807153,
      0.08449977,
      0.27378595,
      0,
      -0.24858947,
      0.72029734,
      0.64759177,
      0,
      0.011709966,
      0.020218926,
      -0.14933348,
      1
    ],
    "trackingState" : "Normal"
  },
  {
    "timestamp" : 306951740782,
    "transform" : [
      -0.1452238,
      -0.6864677,
      0.7125112,
      0,
      0.9578677,
      0.08280809,
      0.27501363,
      0,
      -0.24778965,
      0.72242993,
      0.6455195,
      0,
      0.012440754,
      0.020701338,
      -0.15334119,
      1.0000001
    ],
    "trackingState" : "Normal"
  },
  {
    "timestamp" : 306951757442,
    "transform" : [
      -0.14900117,
      -0.68626493,
      0.7119264,
      0,
      0.9574561,
      0.07981081,
      0.27732283,
      0,
      -0.24713635,
      0.72295976,
      0.6451766,
      0,
      0.013177983,
      0.021135887,
      -0.15692732,
      1
    ],
    "trackingState" : "Normal"
  },
  {
    "timestamp" : 306951774103,
    "transform" : [
      -0.14966425,
      -0.6895771,
      0.7085789,
      0,
      0.95742524,
      0.07784909,
      0.2779864,
      0,
      -0.24685529,
      0.720016,
      0.6485674,
      0,
      0.013077415,
      0.020869613,
      -0.15328509,
      0.99999994
    ],
    "trackingState" : "Normal"
  },
  {
    "timestamp" : 306951790764,
    "transform" : [
      -0.14815816,
      -0.6930795,
      0.70547146,
      0,
      0.95796305,
      0.07662933,
      0.27646798,
      0,
      -0.24567412,
      0.7167766,
      0.6525913,
      0,
      0.013185935,
      0.021160163,
      -0.15412295,
      0.9999999
    ],
    "trackingState" : "Normal"
  },
  {
    "timestamp" : 306951807424,
    "transform" : [
      -0.14528105,
      -0.6957749,
      0.70341367,
      0,
      0.95842916,
      0.07749554,
      0.27460518,
      0,
      -0.24557482,
      0.7140671,
      0.6555923,
      0,
      0.013298731,
      0.021612851,
      -0.1564034,
      1
    ],
    "trackingState" : "Normal"
  },
  {
    "timestamp" : 306951824085,
    "transform" : [
      -0.14257063,
      -0.69682413,
      0.7029294,
      0,
      0.95862794,
      0.079572804,
      0.273314,
      0,
      -0.24638589,
      0.71281433,
      0.6566504,
      0,
      0.0134296445,
      0.022040896,
      -0.15912886,
      0.99999994
    ],
    "trackingState" : "Normal"
  },
  {
    "timestamp" : 306951840746,
    "transform" : [
      -0.14067551,
      -0.6967117,
      0.70342255,
      0,
      0.95869434,
      0.08154895,
      0.2724976,
      0,
      -0.24721561,
      0.71270096,
      0.6564616,
      0,
      0.013602197,
      0.02240493,
      -0.16195327,
      1
    ],
    "trackingState" : "Normal"
  },
  {
    "timestamp" : 306951857406,
    "transform" : [
      -0.1390361,
      -0.69587064,
      0.70458007,
      0,
      0.95857215,
      0.08404936,
      0.27216727,
      0,
      -0.24861273,
      0.713232,
      0.6553564,
      0,
      0.013247813,
      0.022504259,
      -0.15891753,
      0.99999994
    ],
    "trackingState" : "Normal"
  },
  {
    "timestamp" : 306951874067,
    "transform" : [
      -0.13747233,
      -0.6952598,
      0.70548934,
      0,
      0.95841855,
      0.08645128,
      0.27195612,
      0,
      -0.2500706,
      0.71354055,
      0.6544652,
      0,
      0.013241105,
      0.022824967,
      -0.1596781,
      1
    ],
    "trackingState" : "Normal"
  },
  {
    "timestamp" : 306951890728,
    "transform" : [
      -0.1355929,
      -0.6952015,
      0.7059104,
      0,
      0.9581953,
      0.08916639,
      0.27186608,
      0,
      -0.25194517,
      0.71326315,
      0.65404844,
      0,
      0.013321575,
      0.023204586,
      -0.16158435,
      1
    ],
    "trackingState" : "Normal"
  },
  {
    "timestamp" : 306951907388,
    "transform" : [
      -0.13278913,
      -0.6962573,
      0.7054026,
      0,
      0.95887405,
      0.0898847,
      0.26922348,
      0,
      -0.25085372,
      0.7121422,
      0.65568733,
      0,
      0.0134780705,
      0.023517063,
      -0.16386002,
      1
    ],
    "trackingState" : "Normal"
  },
  {
    "timestamp" : 306951924049,
    "transform" : [
      -0.13024868,
      -0.69810975,
      0.7040441,
      0,
      0.96021485,
      0.08810292,
      0.2650008,
      0,
      -0.24702798,
      0.71054965,
      0.65886,
      0,
      0.013737105,
      0.023757225,
      -0.16621208,
      1
    ],
    "trackingState" : "Normal"
  },
  {
    "timestamp" : 306951940710,
    "transform" : [
      -0.129523,
      -0.70019203,
      0.70210755,
      0,
      0.96113104,
      0.08545945,
      0.2625333,
      0,
      -0.24382542,
      0.7088215,
      0.66190726,
      0,
      0.01450764,
      0.02446091,
      -0.1694366,
      1
    ],
    "trackingState" : "Normal"
  },
  {
    "timestamp" : 306951957370,
    "transform" : [
      -0.12852259,
      -0.7012162,
      0.7012686,
      0,
      0.9617576,
      0.084337756,
      0.26059425,
      0,
      -0.24187636,
      0.7079427,
      0.66356075,
      0,
      0.015407565,
      0.025239524,
      -0.17269664,
      0.99999994
    ],
    "trackingState" : "Normal"
  },
  {
    "timestamp" : 306951974031,
    "transform" : [
      -0.1279028,
      -0.7018421,
      0.7007557,
      0,
      0.96218693,
      0.08352023,
      0.2592693,
      0,
      -0.24049342,
      0.7074193,
      0.6646209,
      0,
      0.015976582,
      0.02560523,
      -0.17517239,
      1
    ],
    "trackingState" : "Normal"
  },
  {
    "timestamp" : 306951990692,
    "transform" : [
      -0.12711954,
      -0.70238835,
      0.7003508,
      0,
      0.96253437,
      0.08314671,
      0.25809667,
      0,
      -0.23951599,
      0.7069209,
      0.6655035,
      0,
      0.016392263,
      0.025851477,
      -0.17733674,
      0.99999994
    ],
    "trackingState" : "Normal"
  },
  {
    "timestamp" : 306952007352,
    "transform" : [
      -0.12518477,
      -0.70334667,
      0.6997373,
      0,
      0.96293885,
      0.08370024,
      0.2564042,
      0,
      -0.23890921,
      0.70590216,
      0.6668018,
      0,
      0.016670693,
      0.026119275,
      -0.17935705,
      1
    ],
    "trackingState" : "Normal"
  },
  {
    "timestamp" : 306952024013,
    "transform" : [
      -0.12244201,
      -0.70488507,
      0.6986737,
      0,
      0.963428,
      0.084652215,
      0.2542448,
      0,
      -0.23835765,
      0.70425206,
      0.6687411,
      0,
      0.016870115,
      0.026420584,
      -0.18126202,
      1
    ],
    "trackingState" : "Normal"
  },
  {
    "timestamp" : 306952040674,
    "transform" : [
      -0.1229044,
      -0.7061242,
      0.6973401,
      0,
      0.9628097,
      0.085519016,
      0.256289,
      0,
      -0.24060771,
      0.7029048,
      0.66935253,
      0,
      0.017323535,
      0.02703605,
      -0.1837095,
      1
    ],
    "trackingState" : "Normal"
  },
  {
    "timestamp" : 306952057334,
    "transform" : [
      -0.1220755,
      -0.7076176,
      0.69597054,
      0,
      0.9628461,
      0.08575253,
      0.25607395,
      0,
      -0.24088365,
      0.7013729,
      0.67085856,
      0,
      0.017992644,
      0.027633023,
      -0.18613313,
      0.99999994
    ],
    "trackingState" : "Normal"
  },
  {
    "timestamp" : 306952073995,
    "transform" : [
      -0.12232933,
      -0.7088022,
      0.69471943,
      0,
      0.96259993,
      0.085758604,
      0.256996,
      0,
      -0.24173747,
      0.70017505,
      0.6718021,
      0,
      0.018575896,
      0.027931994,
      -0.18792063,
      1
    ],
    "trackingState" : "Normal"
  },
  {
    "timestamp" : 306952090655,
    "transform" : [
      -0.12322409,
      -0.7097386,
      0.69360423,
      0,
      0.9620231,
      0.086114526,
      0.25902846,
      0,
      -0.24357192,
      0.6991819,
      0.6721736,
      0,
      0.019160638,
      0.028126705,
      -0.18941873,
      0.9999999
    ],
    "trackingState" : "Normal"
  },
  {
    "timestamp" : 306952107316,
    "transform" : [
      -0.12369138,
      -0.7111842,
      0.6920387,
      0,
      0.9616231,
      0.08621573,
      0.2604764,
      0,
      -0.2449113,
      0.69769907,
      0.6732269,
      0,
      0.019732242,
      0.02828154,
      -0.19078562,
      0.99999994
    ],
    "trackingState" : "Normal"
  },
  {
    "timestamp" : 306952123977,
    "transform" : [
      -0.1229385,
      -0.71343946,
      0.689848,
      0,
      0.9616746,
      0.08602586,
      0.26034877,
      0,
      -0.24508786,
      0.6954162,
      0.6755208,
      0,
      0.020253215,
      0.028456872,
      -0.19209963,
      1
    ],
    "trackingState" : "Normal"
  },
  {
    "timestamp" : 306952140637,
    "transform" : [
      -0.12228682,
      -0.715422,
      0.6879079,
      0,
      0.96159005,
      0.086212225,
      0.26059872,
      0,
      -0.24574414,
      0.6933533,
      0.6774002,
      0,
      0.020748397,
      0.028562482,
      -0.19392163,
      0.99999994
    ],
    "trackingState" : "Normal"
  },
  {
    "timestamp" : 306952157298,
    "transform" : [
      -0.12107781,
      -0.71696025,
      0.68651885,
      0,
      0.96150655,
      0.08715332,
      0.26059383,
      0,
      -0.24666783,
      0.6916446,
      0.6788097,
      0,
      0.021252783,
      0.028679509,
      -0.1958009,
      0.9999999
    ],
    "trackingState" : "Normal"
  },
  {
    "timestamp" : 306952173959,
    "transform" : [
      -0.119967714,
      -0.71810585,
      0.6855157,
      0,
      0.9611761,
      0.08881854,
      0.26125038,
      0,
      -0.24849193,
      0.6902429,
      0.67957085,
      0,
      0.021757236,
      0.028899845,
      -0.19723591,
      0.99999994
    ],
    "trackingState" : "Normal"
  },
  {
    "timestamp" : 306952190619,
    "transform" : [
      -0.11871191,
      -0.7197733,
      0.6839838,
      0,
      0.9612246,
      0.08937552,
      0.2608818,
      0,
      -0.24890716,
      0.68843186,
      0.6812539,
      0,
      0.02232243,
      0.029148351,
      -0.1984936,
      0.99999994
    ],
    "trackingState" : "Normal"
  },
  {
    "timestamp" : 306952207280,
    "transform" : [
      -0.11743424,
      -0.72199047,
      0.6818644,
      0,
      0.96161824,
      0.08878834,
      0.25962824,
      0,
      -0.24799074,
      0.6861825,
      0.6838525,
      0,
      0.022963507,
      0.029415201,
      -0.19966081,
      0.99999994
    ],
    "trackingState" : "Normal"
  },
  {
    "timestamp" : 306952223941,
    "transform" : [
      -0.116332635,
      -0.72400117,
      0.67991847,
      0,
      0.9619402,
      0.08829238,
      0.25860286,
      0,
      -0.24726038,
      0.6841249,
      0.6861746,
      0,
      0.023633976,
      0.029666586,
      -0.20079485,
      1
    ],
    "trackingState" : "Normal"
  },
  {
    "timestamp" : 306952240601,
    "transform" : [
      -0.11543284,
      -0.72497034,
      0.6790385,
      0,
      0.96175003,
      0.08939299,
      0.25893205,
      0,
      -0.24841936,
      0.68295455,
      0.6869214,
      0,
      0.024346618,
      0.02998988,
      -0.20143305,
      1.0000001
    ],
    "trackingState" : "Normal"
  },
  {
    "timestamp" : 306952257262,
    "transform" : [
      -0.114714354,
      -0.7259105,
      0.67815536,
      0,
      0.9617649,
      0.08974602,
      0.2587546,
      0,
      -0.24869442,
      0.6819089,
      0.68786,
      0,
      0.0251274,
      0.030247001,
      -0.20205691,
      1
    ],
    "trackingState" : "Normal"
  },
  {
    "timestamp" : 306952273923,
    "transform" : [
      -0.114504635,
      -0.72698903,
      0.67703456,
      0,
      0.96191067,
      0.08915405,
      0.25841704,
      0,
      -0.24822672,
      0.68083674,
      0.6890899,
      0,
      0.025985133,
      0.03036975,
      -0.2030707,
      1
    ],
    "trackingState" : "Normal"
  },
  {
    "timestamp" : 306952290583,
    "transform" : [
      -0.11438181,
      -0.728086,
      0.6758757,
      0,
      0.9621746,
      0.08813994,
      0.25778222,
      0,
      -0.24725923,
      0.6797959,
      0.69046414,
      0,
      0.02687054,
      0.030461136,
      -0.20425837,
      1.0000001
    ],
    "trackingState" : "Normal"
  },
  {
    "timestamp" : 306952307244,
    "transform" : [
      -0.113743894,
      -0.72835255,
      0.67569584,
      0,
      0.9625861,
      0.087572664,
      0.256435,
      0,
      -0.24594757,
      0.67958343,
      0.69114125,
      0,
      0.027731678,
      0.03054209,
      -0.20561746,
      0.99999994
    ],
    "trackingState" : "Normal"
  },
  {
    "timestamp" : 306952323905,
    "transform" : [
      -0.11296987,
      -0.7278584,
      0.67635804,
      0,
      0.96292,
      0.08764658,
      0.25515372,
      0,
      -0.24499622,
      0.6801033,
      0.69096804,
      0,
      0.028579233,
      0.030630644,
      -0.20709665,
      1.0000001
    ],
    "trackingState" : "Normal"
  },
  {
    "timestamp" : 306952340565,
    "transform" : [
      -0.11256887,
      -0.72760296,
      0.6766995,
      0,
      0.96315634,
      0.08750497,
      0.2543083,
      0,
      -0.24425003,
      0.68039465,
      0.6909451,
      0,
      0.02970266,
      0.03153926,
      -0.21080133,
      1
    ],
    "trackingState" : "Normal"
  },
  {
    "timestamp" : 306952357226,
    "transform" : [
      -0.11227332,
      -0.72847044,
      0.67581487,
      0,
      0.96379936,
      0.08569067,
      0.2524835,
      0,
      -0.24183777,
      0.67969704,
      0.6924786,
      0,
      0.03066152,
      0.032086045,
      -0.21296293,
      1
    ],
    "trackingState" : "Normal"
  },
  {
    "timestamp" : 306952373887,
    "transform" : [
      -0.11115156,
      -0.730893,
      0.67338014,
      0,
      0.9644537,
      0.08412212,
      0.2505046,
      0,
      -0.23973823,
      0.677288,
      0.6955621,
      0,
      0.031431314,
      0.032679178,
      -0.21455157,
      1
    ],
    "trackingState" : "Normal"
  },
  {
    "timestamp" : 306952390547,
    "transform" : [
      -0.109663226,
      -0.73411006,
      0.6701167,
      0,
      0.96475,
      0.08365155,
      0.2495193,
      0,
      -0.23923095,
      0.67385817,
      0.69905925,
      0,
      0.032061342,
      0.03338989,
      -0.2159352,
      1
    ],
    "trackingState" : "Normal"
  },
  {
    "timestamp" : 306952407208,
    "transform" : [
      -0.10834562,
      -0.7370351,
      0.66711354,
      0,
      0.96509796,
      0.08296409,
      0.24840088,
      0,
      -0.23842663,
      0.6707431,
      0.70232224,
      0,
      0.03265728,
      0.034117807,
      -0.21733618,
      0.99999994
    ],
    "trackingState" : "Normal"
  },
  {
    "timestamp" : 306952423869,
    "transform" : [
      -0.107100226,
      -0.7394503,
      0.6646374,
      0,
      0.9654619,
      0.08234499,
      0.24718927,
      0,
      -0.23751374,
      0.668156,
      0.705092,
      0,
      0.0332595,
      0.034848414,
      -0.21879333,
      1
    ],
    "trackingState" : "Normal"
  },
  {
    "timestamp" : 306952440529,
    "transform" : [
      -0.10613902,
      -0.7420196,
      0.6619226,
      0,
      0.9656192,
      0.08195178,
      0.24670519,
      0,
      -0.23730582,
      0.6653502,
      0.70781004,
      0,
      0.03401837,
      0.036252916,
      -0.22069475,
      1
    ],
    "trackingState" : "Normal"
  },
  {
    "timestamp" : 306952457190,
    "transform" : [
      -0.10505677,
      -0.74423444,
      0.65960455,
      0,
      0.96557796,
      0.08236957,
      0.24672781,
      0,
      -0.23795468,
      0.66282004,
      0.7099629,
      0,
      0.034791123,
      0.037868313,
      -0.22261444,
      1
    ],
    "trackingState" : "Normal"
  },
  {
    "timestamp" : 306952473851,
    "transform" : [
      -0.104019776,
      -0.74682295,
      0.6568374,
      0,
      0.9655798,
      0.08247324,
      0.2466856,
      0,
      -0.238402,
      0.6598891,
      0.7125384,
      0,
      0.035486463,
      0.039064154,
      -0.22420296,
      1
    ],
    "trackingState" : "Normal"
  },
  {
    "timestamp" : 306952490511,
    "transform" : [
      -0.10339582,
      -0.7499348,
      0.6533813,
      0,
      0.9658806,
      0.081120186,
      0.24595574,
      0,
      -0.23745318,
      0.6565191,
      0.71596,
      0,
      0.036262587,
      0.040095784,
      -0.22570059,
      0.99999994
    ],
    "trackingState" : "Normal"
  },
  {
    "timestamp" : 306952507172,
    "transform" : [
      -0.103243396,
      -0.7531971,
      0.64964235,
      0,
      0.96632814,
      0.07881166,
      0.24494666,
      0,
      -0.23569246,
      0.6530568,
      0.71969867,
      0,
      0.037129566,
      0.04106869,
      -0.22719167,
      1.0000001
    ],
    "trackingState" : "Normal"
  },
  {
    "timestamp" : 306952523833,
    "transform" : [
      -0.102898724,
      -0.7561464,
      0.64626217,
      0,
      0.96655613,
      0.07742654,
      0.24448778,
      0,
      -0.23490636,
      0.64980614,
      0.72289085,
      0,
      0.0380002,
      0.042059124,
      -0.22870383,
      1
    ],
    "trackingState" : "Normal"
  },
  {
    "timestamp" : 306952540493,
    "transform" : [
      -0.102132656,
      -0.7590164,
      0.64301103,
      0,
      0.9664551,
      0.07741669,
      0.2448903,
      0,
      -0.23565553,
      0.64645255,
      0.7256485,
      0,
      0.03894384,
      0.043389566,
      -0.2309773,
      1
    ],
    "trackingState" : "Normal"
  },
  {
    "timestamp" : 306952557154,
    "transform" : [
      -0.101658374,
      -0.76152515,
      0.6401134,
      0,
      0.9663307,
      0.07729303,
      0.24541934,
      0,
      -0.2363693,
      0.6435102,
      0.7280277,
      0,
      0.03994391,
      0.044731922,
      -0.23337913,
      0.99999994
    ],
    "trackingState" : "Normal"
  },
  {
    "timestamp" : 306952573815,
    "transform" : [
      -0.10134888,
      -0.763984,
      0.63722605,
      0,
      0.96657515,
      0.07600746,
      0.24485788,
      0,
      -0.23550141,
      0.6407429,
      0.73074466,
      0,
      0.04096166,
      0.045743957,
      -0.23528895,
      0.99999994
    ],
    "trackingState" : "Normal"
  },
  {
    "timestamp" : 306952590475,
    "transform" : [
      -0.101297155,
      -0.76653093,
      0.6341682,
      0,
      0.9670014,
      0.073921315,
      0.24381146,
      0,
      -0.23376757,
      0.637939,
      0.73374844,
      0,
      0.04199,
      0.046635315,
      -0.23702621,
      1
    ],
    "trackingState" : "Normal"
  },
  {
    "timestamp" : 306952607136,
    "transform" : [
      -0.10110652,
      -0.7692064,
      0.630951,
      0,
      0.9674545,
      0.07185444,
      0.2426288,
      0,
      -0.23196824,
      0.6349477,
      0.73690724,
      0,
      0.04297241,
      0.047517616,
      -0.23868681,
      1.0000001
    ],
    "trackingState" : "Normal"
  },
  {
    "timestamp" : 306952623797,
    "transform" : [
      -0.10028807,
      -0.7719184,
      0.6277614,
      0,
      0.9678258,
      0.07065667,
      0.24149711,
      0,
      -0.23077159,
      0.631783,
      0.73999655,
      0,
      0.043857418,
      0.048448496,
      -0.24032465,
      0.9999999
    ],
    "trackingState" : "Normal"
  },
  {
    "timestamp" : 306952640457,
    "transform" : [
      -0.09956654,
      -0.7747574,
      0.6243697,
      0,
      0.9680166,
      0.069801144,
      0.2409807,
      0,
      -0.23028329,
      0.6283939,
      0.74302816,
      0,
      0.044709235,
      0.049234547,
      -0.2419593,
      0.99999994
    ],
    "trackingState" : "Normal"
  },
  {
    "timestamp" : 306952657118,
    "transform" : [
      -0.09832943,
      -0.77705044,
      0.6217106,
      0,
      0.9682887,
      0.06947589,
      0.23997913,
      0,
      -0.22966978,
      0.6255924,
      0.74557763,
      0,
      0.045535978,
      0.04996889,
      -0.24353749,
      1
    ],
    "trackingState" : "Normal"
  },
  {
    "timestamp" : 306952673779,
    "transform" : [
      -0.097568594,
      -0.77924144,
      0.6190825,
      0,
      0.96839225,
      0.06914709,
      0.2396562,
      0,
      -0.2295578,
      0.6228977,
      0.74786484,
      0,
      0.04628495,
      0.050805174,
      -0.24504697,
      0.99999994
    ],
    "trackingState" : "Normal"
  },
  {
    "timestamp" : 306952690439,
    "transform" : [
      -0.09659612,
      -0.781596,
      0.6162605,
      0,
      0.96857804,
      0.06875251,
      0.23901838,
      0,
      -0.22918525,
      0.6199846,
      0.7503955,
      0,
      0.046962757,
      0.051675722,
      -0.2465114,
      1
    ],
    "trackingState" : "Normal"
  },
  {
    "timestamp" : 306952707100,
    "transform" : [
      -0.09534842,
      -0.78396374,
      0.6134409,
      0,
      0.968962,
      0.06810427,
      0.23764361,
      0,
      -0.22808188,
      0.61705977,
      0.75313735,
      0,
      0.04759763,
      0.052531242,
      -0.2479774,
      0.9999999
    ],
    "trackingState" : "Normal"
  },
  {
    "timestamp" : 306952723761,
    "transform" : [
      -0.09475122,
      -0.7860034,
      0.61091805,
      0,
      0.96934736,
      0.06689709,
      0.23641172,
      0,
      -0.22668906,
      0.61459213,
      0.75557184,
      0,
      0.048247576,
      0.053305894,
      -0.24942425,
      0.99999994
    ],
    "trackingState" : "Normal"
  },
  {
    "timestamp" : 306952740421,
    "transform" : [
      -0.09481872,
      -0.78796744,
      0.6083721,
      0,
      0.96955055,
      0.06551408,
      0.235965,
      0,
      -0.22578968,
      0.6122215,
      0.7577624,
      0,
      0.048897766,
      0.054022714,
      -0.25077093,
      0.99999994
    ],
    "trackingState" : "Normal"
  },
  {
    "timestamp" : 306952757082,
    "transform" : [
      -0.09555027,
      -0.79034615,
      0.6051638,
      0,
      0.9694592,
      0.064064115,
      0.23673743,
      0,
      -0.2258738,
      0.6093019,
      0.760087,
      0,
      0.04935129,
      0.0549914,
      -0.2534729,
      0.99999994
    ],
    "trackingState" : "Normal"
  },
  {
    "timestamp" : 306952773743,
    "transform" : [
      -0.09500921,
      -0.79314315,
      0.60157895,
      0,
      0.96942306,
      0.06363397,
      0.23700124,
      0,
      -0.22625676,
      0.6057019,
      0.76284546,
      0,
      0.049784936,
      0.055807248,
      -0.255063,
      0.99999994
    ],
    "trackingState" : "Normal"
  },
  {
    "timestamp" : 306952790403,
    "transform" : [
      -0.09399769,
      -0.7959275,
      0.5980502,
      0,
      0.969511,
      0.06336588,
      0.23671333,
      0,
      -0.22630262,
      0.6020667,
      0.7657043,
      0,
      0.05019017,
      0.05655142,
      -0.2563668,
      1
    ],
    "trackingState" : "Normal"
  },
  {
    "timestamp" : 306952807064,
    "transform" : [
      -0.0934428,
      -0.79799557,
      0.59537524,
      0,
      0.96965474,
      0.06274854,
      0.23628849,
      0,
      -0.22591607,
      0.5993879,
      0.7679168,
      0,
      0.050645344,
      0.057179734,
      -0.25763795,
      0.99999994
    ],
    "trackingState" : "Normal"
  },
  {
    "timestamp" : 306952823725,
    "transform" : [
      -0.093710154,
      -0.7994841,
      0.59333277,
      0,
      0.96965367,
      0.061877776,
      0.23652276,
      0,
      -0.22581027,
      0.59749186,
      0.769424,
      0,
      0.051171817,
      0.057725035,
      -0.25890014,
      0.99999994
    ],
    "trackingState" : "Normal"
  },
  {
    "timestamp" : 306952840385,
    "transform" : [
      -0.09455573,
      -0.800931,
      0.5912436,
      0,
      0.96943706,
      0.060977124,
      0.23764198,
      0,
      -0.22638716,
      0.5956439,
      0.77068657,
      0,
      0.051724657,
      0.058239806,
      -0.260123,
      1.0000001
    ],
    "trackingState" : "Normal"
  },
  {
    "timestamp" : 306952857046,
    "transform" : [
      -0.095942564,
      -0.8024854,
      0.5889076,
      0,
      0.9694329,
      0.05889017,
      0.23818403,
      0,
      -0.22582011,
      0.5937584,
      0.7723058,
      0,
      0.052390613,
      0.05869121,
      -0.26301792,
      0.9999999
    ],
    "trackingState" : "Normal"
  },
  {
    "timestamp" : 306952873707,
    "transform" : [
      -0.09611393,
      -0.8040569,
      0.5867323,
      0,
      0.9695258,
      0.05782716,
      0.23806642,
      0,
      -0.22534798,
      0.5917337,
      0.77399594,
      0,
      0.052960366,
      0.059195504,
      -0.26487365,
      0.99999994
    ],
    "trackingState" : "Normal"
  },
  {
    "timestamp" : 306952890367,
    "transform" : [
      -0.0964887,
      -0.80492234,
      0.5854826,
      0,
      0.9695757,
      0.05694478,
      0.2380758,
      0,
      -0.22497271,
      0.5906414,
      0.7749387,
      0,
      0.05353114,
      0.059727766,
      -0.2664816,
      0.99999994
    ],
    "trackingState" : "Normal"
  },
  {
    "timestamp" : 306952907028,
    "transform" : [
      -0.097577535,
      -0.80533123,
      0.5847395,
      0,
      0.96941054,
      0.05604738,
      0.23896007,
      0,
      -0.22521514,
      0.5901698,
      0.77522767,
      0,
      0.05414285,
      0.060284548,
      -0.26800856,
      1
    ],
    "trackingState" : "Normal"
  },
  {
    "timestamp" : 306952923689,
    "transform" : [
      -0.09907458,
      -0.80594313,
      0.5836437,
      0,
      0.9691039,
      0.054991603,
      0.24044412,
      0,
      -0.22587979,
      0.58943325,
      0.7755944,
      0,
      0.054746352,
      0.06090174,
      -0.26945305,
      0.99999994
    ],
    "trackingState" : "Normal"
  },
  {
    "timestamp" : 306952940349,
    "transform" : [
      -0.10123901,
      -0.8068984,
      0.58194995,
      0,
      0.9687289,
      0.053238604,
      0.24234268,
      0,
      -0.22652811,
      0.58828634,
      0.776276,
      0,
      0.055554114,
      0.06176585,
      -0.27151912,
      0.99999994
    ],
    "trackingState" : "Normal"
  },
  {
    "timestamp" : 306952957010,
    "transform" : [
      -0.102302365,
      -0.8083518,
      0.57974267,
      0,
      0.96800363,
      0.053347487,
      0.24519949,
      0,
      -0.22913527,
      0.5862776,
      0.77703,
      0,
      0.05633261,
      0.06278946,
      -0.2735869,
      0.99999994
    ],
    "trackingState" : "Normal"
  },
  {
    "timestamp" : 306952973671,
    "transform" : [
      -0.10322615,
      -0.8103305,
      0.5768094,
      0,
      0.96708083,
      0.05384136,
      0.24870838,
      0,
      -0.23259217,
      0.5834945,
      0.7780972,
      0,
      0.0568532,
      0.06385032,
      -0.27501717,
      1
    ],
    "trackingState" : "Normal"
  },
  {
    "timestamp" : 306952990331,
    "transform" : [
      -0.10384378,
      -0.8131642,
      0.57269573,
      0,
      0.9663434,
      0.053772416,
      0.2515726,
      0,
      -0.2353651,
      0.5795451,
      0.78021204,
      0,
      0.057292245,
      0.06494331,
      -0.27620667,
      0.9999999
    ],
    "trackingState" : "Normal"
  },
  {
    "timestamp" : 306953006992,
    "transform" : [
      -0.10412343,
      -0.81654435,
      0.56781477,
      0,
      0.9657274,
      0.053474505,
      0.25398982,
      0,
      -0.23775758,
      0.57480055,
      0.78299135,
      0,
      0.057691276,
      0.06606076,
      -0.2773406,
      0.9999999
    ],
    "trackingState" : "Normal"
  },
  {
    "timestamp" : 306953023653,
    "transform" : [
      -0.10411903,
      -0.81961405,
      0.56337565,
      0,
      0.9650489,
      0.053718943,
      0.25650516,
      0,
      -0.24049915,
      0.57039213,
      0.78537446,
      0,
      0.05805648,
      0.06716264,
      -0.27854088,
      0.99999994
    ],
    "trackingState" : "Normal"
  },
  {
    "timestamp" : 306953040313,
    "transform" : [
      -0.10438217,
      -0.8219107,
      0.55997074,
      0,
      0.96402305,
      0.054784846,
      0.26011193,
      0,
      -0.24446669,
      0.5669758,
      0.78662235,
      0,
      0.058443844,
      0.06821416,
      -0.27982077,
      0.99999994
    ],
    "trackingState" : "Normal"
  },
  {
    "timestamp" : 306953056974,
    "transform" : [
      -0.106050566,
      -0.8238947,
      0.5567324,
      0,
      0.9627786,
      0.054908484,
      0.26465502,
      0,
      -0.24861719,
      0.56407696,
      0.7874052,
      0,
      0.059505682,
      0.07006156,
      -0.28214765,
      1
    ],
    "trackingState" : "Normal"
  },
  {
    "timestamp" : 306953073634,
    "transform" : [
      -0.10756082,
      -0.82587856,
      0.5534939,
      0,
      0.96149933,
      0.05519567,
      0.26920727,
      0,
      -0.25288296,
      0.5611402,
      0.78814477,
      0,
      0.060239334,
      0.0712461,
      -0.28379637,
      1
    ],
    "trackingState" : "Normal"
  },
  {
    "timestamp" : 306953090295,
    "transform" : [
      -0.10846062,
      -0.82830477,
      0.5496794,
      0,
      0.9605939,
      0.055023417,
      0.27245474,
      0,
      -0.25592083,
      0.5575693,
      0.7896967,
      0,
      0.060835432,
      0.072211504,
      -0.28529847,
      0.9999998
    ],
    "trackingState" : "Normal"
  },
  {
    "timestamp" : 306953106956,
    "transform" : [
      -0.10940987,
      -0.8307723,
      0.5457537,
      0,
      0.9598456,
      0.054381695,
      0.27520728,
      0,
      -0.25831357,
      0.5539497,
      0.7914632,
      0,
      0.061415844,
      0.07307776,
      -0.286828,
      0.99999994
    ],
    "trackingState" : "Normal"
  },
  {
    "timestamp" : 306953123616,
    "transform" : [
      -0.11095026,
      -0.8327807,
      0.54237115,
      0,
      0.95878714,
      0.05394112,
      0.27895808,
      0,
      -0.26156703,
      0.55096895,
      0.7924747,
      0,
      0.06200393,
      0.07385314,
      -0.28842285,
      1
    ],
    "trackingState" : "Normal"
  },
  {
    "timestamp" : 306953140277,
    "transform" : [
      -0.11298167,
      -0.83421755,
      0.53973734,
      0,
      0.95737684,
      0.0539319,
      0.28376207,
      0,
      -0.26582834,
      0.54879194,
      0.79256725,
      0,
      0.06255039,
      0.07473363,
      -0.29045042,
      0.99999994
    ],
    "trackingState" : "Normal"
  },
  {
    "timestamp" : 306953156938,
    "transform" : [
      -0.114571355,
      -0.8351174,
      0.5380078,
      0,
      0.95578825,
      0.05497318,
      0.28887132,
      0,
      -0.27081746,
      0.54731804,
      0.7918971,
      0,
      0.06308016,
      0.07558368,
      -0.2926432,
      1
    ],
    "trackingState" : "Normal"
  },
  {
    "timestamp" : 306953173598,
    "transform" : [
      -0.11600471,
      -0.83594847,
      0.5364076,
      0,
      0.9543061,
      0.055934157,
      0.29354933,
      0,
      -0.27539563,
      0.5459502,
      0.7912622,
      0,
      0.06361681,
      0.0762609,
      -0.2946761,
      1
    ],
    "trackingState" : "Normal"
  },
  {
    "timestamp" : 306953190259,
    "transform" : [
      -0.11750205,
      -0.83689237,
      0.53460705,
      0,
      0.95304006,
      0.056277875,
      0.29756936,
      0,
      -0.27912006,
      0.54446685,
      0.79097915,
      0,
      0.06416893,
      0.07684717,
      -0.29669958,
      1
    ],
    "trackingState" : "Normal"
  },
  {
    "timestamp" : 306953206920,
    "transform" : [
      -0.11936682,
      -0.83793557,
      0.53255594,
      0,
      0.95177364,
      0.056116756,
      0.3016254,
      0,
      -0.28262794,
      0.5428767,
      0.79082644,
      0,
      0.06472696,
      0.077358946,
      -0.29872578,
      1
    ],
    "trackingState" : "Normal"
  },
  {
    "timestamp" : 306953223580,
    "transform" : [
      -0.12123124,
      -0.8390023,
      0.530451,
      0,
      0.95040894,
      0.056076884,
      0.30590552,
      0,
      -0.28640148,
      0.5412307,
      0.7905971,
      0,
      0.06526798,
      0.07783553,
      -0.30078694,
      1
    ],
    "trackingState" : "Normal"
  },
  {
    "timestamp" : 306953240241,
    "transform" : [
      -0.12286349,
      -0.839976,
      0.52853096,
      0,
      0.9491114,
      0.056164164,
      0.30989233,
      0,
      -0.2899866,
      0.53970927,
      0.7903302,
      0,
      0.06578137,
      0.07828239,
      -0.30293223,
      1
    ],
    "trackingState" : "Normal"
  },
  {
    "timestamp" : 306953256902,
    "transform" : [
      -0.12469294,
      -0.8407896,
      0.52680606,
      0,
      0.9475634,
      0.056541782,
      0.314526,
      0,
      -0.29423675,
      0.5384014,
      0.7896511,
      0,
      0.06726132,
      0.077914715,
      -0.30178893,
      1
    ],
    "trackingState" : "Normal"
  },
  {
    "timestamp" : 306953273562,
    "transform" : [
      -0.12693034,
      -0.84145856,
      0.52520096,
      0,
      0.9459067,
      0.056698047,
      0.31944597,
      0,
      -0.29857844,
      0.53733855,
      0.78874475,
      0,
      0.06808175,
      0.07800935,
      -0.30294985,
      1
    ],
    "trackingState" : "Normal"
  },
  {
    "timestamp" : 306953290223,
    "transform" : [
      -0.12943895,
      -0.84211063,
      0.5235413,
      0,
      0.94403535,
      0.056886338,
      0.32490188,
      0,
      -0.30338567,
      0.5362964,
      0.7876189,
      0,
      0.06866473,
      0.07824965,
      -0.3048522,
      1
    ],
    "trackingState" : "Normal"
  },
  {
    "timestamp" : 306953306884,
    "transform" : [
      -0.13162379,
      -0.8429398,
      0.5216587,
      0,
      0.9421137,
      0.05733305,
      0.33035558,
      0,
      -0.30837816,
      0.5349445,
      0.78659874,
      0,
      0.069104314,
      0.078568414,
      -0.3070144,
      1
    ],
    "trackingState" : "Normal"
  },
  {
    "timestamp" : 306953323544,
    "transform" : [
      -0.1330048,
      -0.8440893,
      0.5194449,
      0,
      0.9405581,
      0.057757016,
      0.33468574,
      0,
      -0.31250626,
      0.533083,
      0.7862331,
      0,
      0.06943224,
      0.07893826,
      -0.30933228,
      1
    ],
    "trackingState" : "Normal"
  },
  {
    "timestamp" : 306953340205,
    "transform" : [
      -0.13371074,
      -0.84530264,
      0.5172862,
      0,
      0.93952346,
      0.057948276,
      0.33754662,
      0,
      -0.31530488,
      0.53113616,
      0.78643334,
      0,
      0.069679976,
      0.079324305,
      -0.31182733,
      1
    ],
    "trackingState" : "Normal"
  },
  {
    "timestamp" : 306953356866,
    "transform" : [
      -0.13452162,
      -0.84620947,
      0.5155905,
      0,
      0.9382111,
      0.05865654,
      0.34105632,
      0,
      -0.31884784,
      0.5296122,
      0.78603256,
      0,
      0.070343375,
      0.07899365,
      -0.31250456,
      1
    ],
    "trackingState" : "Normal"
  },
  {
    "timestamp" : 306953373526,
    "transform" : [
      -0.13593024,
      -0.8467487,
      0.51433426,
      0,
      0.93642193,
      0.059697043,
      0.34576046,
      0,
      -0.32347646,
      0.5286332,
      0.7847994,
      0,
      0.07065329,
      0.079163,
      -0.3145141,
      1
    ],
    "trackingState" : "Normal"
  },
  {
    "timestamp" : 306953390187,
    "transform" : [
      -0.13786209,
      -0.8472571,
      0.512981,
      0,
      0.9341999,
      0.060826194,
      0.35152605,
      0,
      -0.3290356,
      0.5276889,
      0.783122,
      0,
      0.07079014,
      0.07951091,
      -0.31694034,
      0.99999994
    ],
    "trackingState" : "Normal"
  },
  {
    "timestamp" : 306953406848,
    "transform" : [
      -0.13947448,
      -0.8482316,
      0.5109307,
      0,
      0.9321331,
      0.06166366,
      0.356827,
      0,
      -0.33417776,
      0.5260236,
      0.78206426,
      0,
      0.07079452,
      0.079937875,
      -0.31951618,
      1
    ],
    "trackingState" : "Normal"
  },
  {
    "timestamp" : 306953423508,
    "transform" : [
      -0.14053749,
      -0.8496933,
      0.5082034,
      0,
      0.930443,
      0.062102765,
      0.3611358,
      0,
      -0.3384155,
      0.52360743,
      0.78186345,
      0,
      0.07069963,
      0.0804096,
      -0.322211,
      0.99999994
    ],
    "trackingState" : "Normal"
  },
  {
    "timestamp" : 306953440169,
    "transform" : [
      -0.1416293,
      -0.85100055,
      0.5057068,
      0,
      0.92892486,
      0.062297143,
      0.36498994,
      0,
      -0.34211072,
      0.52145684,
      0.78169245,
      0,
      0.07058823,
      0.08089295,
      -0.32508734,
      1
    ],
    "trackingState" : "Normal"
  },
  {
    "timestamp" : 306953456830,
    "transform" : [
      -0.14375776,
      -0.85158795,
      0.50411487,
      0,
      0.9270406,
      0.06237786,
      0.3697362,
      0,
      -0.34630847,
      0.52048737,
      0.78048927,
      0,
      0.07042308,
      0.081217475,
      -0.3268384,
      0.99999994
    ],
    "trackingState" : "Normal"
  },
  {
    "timestamp" : 306953473490,
    "transform" : [
      -0.14673172,
      -0.85148233,
      0.503436,
      0,
      0.9249899,
      0.062236283,
      0.37486082,
      0,
      -0.35051933,
      0.5206772,
      0.7784804,
      0,
      0.07037072,
      0.08158294,
      -0.32956904,
      1
    ],
    "trackingState" : "Normal"
  },
  {
    "timestamp" : 306953490151,
    "transform" : [
      -0.15018204,
      -0.85140914,
      0.5025416,
      0,
      0.92288196,
      0.061579924,
      0.38012773,
      0,
      -0.35459065,
      0.5208749,
      0.77650183,
      0,
      0.07032645,
      0.08199291,
      -0.33262324,
      1
    ],
    "trackingState" : "Normal"
  },
  {
    "timestamp" : 306953506812,
    "transform" : [
      -0.15325129,
      -0.85184044,
      0.50088125,
      0,
      0.92112017,
      0.06040752,
      0.38456306,
      0,
      -0.35784334,
      0.5203066,
      0.77538985,
      0,
      0.07022786,
      0.08245634,
      -0.33579016,
      0.99999994
    ],
    "trackingState" : "Normal"
  },
  {
    "timestamp" : 306953523472,
    "transform" : [
      -0.1556976,
      -0.8525907,
      0.49884623,
      0,
      0.91959983,
      0.05929074,
      0.38835654,
      0,
      -0.36068612,
      0.51920515,
      0.7748108,
      0,
      0.07005194,
      0.08298325,
      -0.33903834,
      1
    ],
    "trackingState" : "Normal"
  },
  {
    "timestamp" : 306953540133,
    "transform" : [
      -0.1580041,
      -0.8532484,
      0.49699292,
      0,
      0.91794693,
      0.0585526,
      0.3923583,
      0,
      -0.36387935,
      0.5182073,
      0.7739852,
      0,
      0.0698167,
      0.08353448,
      -0.34237027,
      0.99999994
    ],
    "trackingState" : "Normal"
  },
  {
    "timestamp" : 306953556793,
    "transform" : [
      -0.16085646,
      -0.8538818,
      0.49498624,
      0,
      0.91591084,
      0.05771707,
      0.39721048,
      0,
      -0.36773992,
      0.51725715,
      0.7727954,
      0,
      0.06966619,
      0.084028244,
      -0.34501514,
      1
    ],
    "trackingState" : "Normal"
  },
  {
    "timestamp" : 306953573454,
    "transform" : [
      -0.16313119,
      -0.854702,
      0.49282143,
      0,
      0.91397905,
      0.0571822,
