{
  "keyframeAnchors" : [
    {
      "keyframeTimestamp" : 239717.833432833,
      "uuid" : "54027768-DE59-4D93-A287-13B414CEB601",
      "transform" : [
        0.0011859454,
        -0.9997733,
        0.021258075,
        0,
        -0.48485157,
        -0.019167123,
        -0.87438625,
        0,
        0.87459564,
        -0.009270038,
        -0.48476443,
        0,
        -4.62359,
        0.14632101,
        6.4770355,
        0.9999999
      ]
    },
    {
      "keyframeTimestamp" : 239712.364508916,
      "uuid" : "88C403E2-95C1-4662-BA2C-DDF9200231A0",
      "transform" : [
        0.22816469,
        -0.97003734,
        -0.08347802,
        0,
        -0.43652618,
        -0.025282593,
        -0.8993362,
        0,
        0.8702792,
        0.2416371,
        -0.4292153,
        0,
        -2.707029,
        0.040784113,
        4.939661,
        0.99999994
      ]
    },
    {
      "keyframeTimestamp" : 239711.280728041,
      "uuid" : "DF890255-C6B6-4635-8E79-227AE8EC0160",
      "transform" : [
        -0.037766274,
        -0.99764913,
        0.057184234,
        0,
        -0.3594909,
        -0.039829753,
        -0.93229824,
        0,
        0.93238413,
        -0.055766642,
        -0.3571416,
        0,
        -2.3420699,
        0.14675382,
        4.5478387,
        0.99999994
      ]
    },
    {
      "keyframeTimestamp" : 239680.651386791,
      "uuid" : "E5F41191-D56A-4776-97EF-7F81640FF020",
      "transform" : [
        -0.43929404,
        -0.8626817,
        -0.25060162,
        0,
        -0.55613446,
        0.042078804,
        0.8300264,
        0,
        -0.70550346,
        0.50399387,
        -0.49825194,
        0,
        2.6184137,
        -0.1707261,
        -2.7150955,
        0.99999994
      ]
    },
    {
      "keyframeTimestamp" : 239625.945322083,
      "uuid" : "4BD44833-8669-4997-B37E-AFB3AE99327A",
      "transform" : [
        0.11676435,
        -0.9861074,
        -0.11814539,
        0,
        -0.63302803,
        0.017767388,
        -0.77392495,
        0,
        0.76527226,
        0.16515619,
        -0.622159,
        0,
        -6.0676856,
        0.06934009,
        -8.180957,
        0.99999994
      ]
    },
    {
      "keyframeTimestamp" : 239571.839477458,
      "uuid" : "39A49679-02D1-4B51-87A2-84A0A9377FCF",
      "transform" : [
        -0.2615649,
        -0.96088403,
        0.0910252,
        0,
        0.31582236,
        0.00391054,
        0.94881016,
        0,
        -0.91205263,
        0.2769233,
        0.30244586,
        0,
        1.2367345,
        -0.025572622,
        0.2774686,
        0.9999999
      ]
    },
    {
      "keyframeTimestamp" : 239705.278246291,
      "uuid" : "8788D621-8E84-4F01-9F0B-CF17E9EDF624",
      "transform" : [
        0.18019997,
        -0.8149679,
        -0.55077714,
        0,
        -0.94208646,
        0.018017305,
        -0.33488584,
        0,
        0.2828447,
        0.5792261,
        -0.76452345,
        0,
        -0.9171372,
        -0.13879994,
        3.1155226,
        0.9999999
      ]
    },
    {
      "keyframeTimestamp" : 239753.981667208,
      "uuid" : "1EDA6B1A-D919-46D8-8A7B-7E5D24C897E6",
      "transform" : [
        0.37797135,
        -0.9121477,
        -0.15850675,
        0,
        -0.44589216,
        -0.029308012,
        -0.89460677,
        0,
        0.811368,
        0.4088126,
        -0.4177971,
        0,
        -8.317933,
        0.040873237,
        10.354369,
        0.99999994
      ]
    },
    {
      "keyframeTimestamp" : 239701.526695,
      "uuid" : "20FB18F4-CC06-460D-BBE4-036F37785D94",
      "transform" : [
        -0.19206198,
        -0.9811017,
        -0.02349181,
        0,
        0.40364325,
        -0.057153564,
        -0.91312957,
        0,
        0.89453024,
        -0.18485978,
        0.4069921,
        0,
        -1.0513297,
        0.21687174,
        2.3122034,
        0.99999994
      ]
    },
    {
      "keyframeTimestamp" : 239648.938220916,
      "uuid" : "54E2C55A-A5DB-48C0-84B2-72D631AD5325",
      "transform" : [
        0.1376156,
        -0.9894426,
        -0.04544657,
        0,
        -0.47230592,
        -0.02522116,
        -0.8810738,
        0,
        0.87062573,
        0.14271419,
        -0.47079045,
        0,
        -5.9538774,
        0.0041861115,
        -4.4563375,
        0.99999994
      ]
    },
    {
      "keyframeTimestamp" : 239745.861657041,
      "uuid" : "A755A8F2-8CC3-4196-9B90-12A8FD5BDDF7",
      "transform" : [
        -0.1256445,
        -0.8734906,
        -0.47034857,
        0,
        -0.98442405,
        0.051004328,
        0.16824901,
        0,
        -0.1229741,
        0.48416203,
        -0.86629355,
        0,
        -8.389631,
        -0.031274967,
        10.812444,
        0.9999999
      ]
    },
    {
      "keyframeTimestamp" : 239678.417127458,
      "uuid" : "8672054B-63B8-4E92-9884-9C0719C75DAF",
      "transform" : [
        -0.21713702,
        -0.9660836,
        -0.13976464,
        0,
        -0.4028326,
        -0.041735493,
        0.91432166,
        0,
        -0.8891443,
        0.25483483,
        -0.38010764,
        0,
        1.9298168,
        -0.05042447,
        -2.725948,
        0.99999994
      ]
    },
    {
      "keyframeTimestamp" : 239727.987623583,
      "uuid" : "44E1DC80-F54F-4018-B94C-8DF2E3FD8D55",
      "transform" : [
        -0.07329971,
        -0.9645167,
        -0.25364307,
        0,
        -0.8880787,
        -0.052602254,
        0.45667195,
        0,
        -0.45380992,
        0.25872886,
        -0.852711,
        0,
        -7.422344,
        0.14227782,
        9.381234,
        0.99999994
      ]
    },
    {
      "keyframeTimestamp" : 239651.072442,
      "uuid" : "A41EBA41-E1B4-48F1-85CC-642AAB202A82",
      "transform" : [
        0.11281355,
        -0.97461224,
        0.19340162,
        0,
        -0.9833775,
        -0.081645064,
        0.16218081,
        0,
        -0.14227313,
        -0.20848303,
        -0.9676225,
        0,
        -5.730113,
        0.13201004,
        -4.3445992,
        0.99999994
      ]
    },
    {
      "keyframeTimestamp" : 239684.302900083,
      "uuid" : "6FFC8B29-7E2A-45F3-B1BC-5F34C30BAB40",
      "transform" : [
        -0.18177685,
        -0.98267037,
        -0.03627875,
        0,
        -0.11704966,
        -0.015008432,
        0.99301255,
        0,
        -0.97634864,
        0.18475313,
        -0.11229304,
        0,
        2.7120044,
        -0.077541955,
        -1.8232899,
        0.9999999
      ]
    },
    {
      "keyframeTimestamp" : 239649.538470708,
      "uuid" : "CF98A5DC-508F-441A-BF2E-2C786ED419FC",
      "transform" : [
        0.0084502855,
        -0.9972737,
        0.07330643,
        0,
        -0.7112552,
        -0.057523876,
        -0.7005761,
        0,
        0.702883,
        -0.046219513,
        -0.70980215,
        0,
        -5.9163833,
        0.05979061,
        -4.4139204,
        0.9999998
      ]
    },
    {
      "keyframeTimestamp" : 239590.180435958,
      "uuid" : "5AAF1EFC-F422-459B-B908-550364941125",
      "transform" : [
        0.16571355,
        -0.9746653,
        0.15022206,
        0,
        0.7155994,
        0.014029379,
        -0.69837,
        0,
        0.6785695,
        0.22322819,
        0.69979477,
        0,
        2.8248382,
        -0.07062575,
        -2.1809132,
        0.99999994
      ]
    },
    {
      "keyframeTimestamp" : 239758.650254958,
      "uuid" : "194398B1-0912-4BF8-84CE-5271EC458A0C",
      "transform" : [
        -0.054355863,
        -0.9864118,
        0.15503936,
        0,
        0.98127246,
        -0.024033386,
        0.19111982,
        0,
        -0.18479672,
        0.16252433,
        0.96924514,
        0,
        -7.45397,
        0.0965634,
        9.960882,
        0.99999994
      ]
    },
    {
      "keyframeTimestamp" : 239646.470527916,
      "uuid" : "3C3E370A-2B20-4CAC-865C-82063D5F341D",
      "transform" : [
        0.3274163,
        -0.8473831,
        -0.41801983,
        0,
        -0.7849457,
        0.0023418008,
        -0.6195601,
        0,
        0.52598363,
        0.53097695,
        -0.66438293,
        0,
        -5.8791823,
        -0.10314341,
        -4.2835855,
        0.9999999
      ]
    },
    {
      "keyframeTimestamp" : 239651.605997166,
      "uuid" : "61CECE64-9471-400E-976E-B4EE6A432C5B",
      "transform" : [
        0.08357406,
        -0.9960667,
        0.029438587,
        0,
        -0.91776854,
        -0.065428235,
        0.39168864,
        0,
        -0.38822192,
        -0.059752822,
        -0.91962683,
        0,
        -5.6129174,
        0.08672138,
        -4.287222,
        0.99999994
      ]
    },
    {
      "keyframeTimestamp" : 239614.373839958,
      "uuid" : "31929A2A-AA34-4371-9576-D8CC83495989",
      "transform" : [
        -0.04024424,
        -0.9685061,
        0.24571618,
        0,
        0.99740916,
        -0.024264295,
        0.067719825,
        0,
        -0.059624955,
        0.24780494,
        0.9669735,
        0,
        -3.7445076,
        -0.03450847,
        -7.4334383,
        0.9999999
      ]
    },
    {
      "keyframeTimestamp" : 239695.707622,
      "uuid" : "21117E0D-2E5E-42FF-97D7-D2D81FCE4B07",
      "transform" : [
        0.11561244,
        -0.9932863,
        -0.004010403,
        0,
        -0.18487784,
        -0.017551376,
        -0.9826047,
        0,
        0.9759374,
        0.114342764,
        -0.18566582,
        0,
        0.77415925,
        0.029035503,
        1.193043,
        0.9999999
      ]
    },
    {
      "keyframeTimestamp" : 239751.13049375,
      "uuid" : "1227B82E-91D7-4C0D-B72C-CE86D50B4C83",
      "transform" : [
        0.025557376,
        -0.9990638,
        -0.034906466,
        0,
        -0.9360087,
        -0.036176994,
        0.35011283,
        0,
        -0.35104784,
        0.023724789,
        -0.936057,
        0,
        -8.349201,
        0.11515899,
        11.067214,
        0.99999994
      ]
    },
    {
      "keyframeTimestamp" : 239770.988650083,
      "uuid" : "70276106-A133-4D37-9032-7A18EE0098D4",
      "transform" : [
        -0.07817239,
        -0.9649654,
        0.25046113,
        0,
        0.95678604,
        -0.002035066,
        0.29078555,
        0,
        -0.28008834,
        0.26236913,
        0.92342454,
        0,
        -3.072863,
        0.078899406,
        5.6548448,
        0.9999999
      ]
    },
    {
      "keyframeTimestamp" : 239719.684196291,
      "uuid" : "CFEC2E73-F31E-4A8A-AEB2-75C173D9E039",
      "transform" : [
        0.25235593,
        -0.95755273,
        -0.13931753,
        0,
        -0.490027,
        -0.0023158703,
        -0.8717042,
        0,
        0.8343801,
        0.28824908,
        -0.4698111,
        0,
        -5.2200646,
        0.068281464,
        7.1035085,
        0.99999994
      ]
    },
    {
      "keyframeTimestamp" : 239596.232955083,
      "uuid" : "0295DF31-91AF-4CCA-89E2-5763A25EC2A5",
      "transform" : [
        0.060416747,
        -0.99670655,
        0.05409109,
        0,
        0.83137846,
        0.020257115,
        -0.55533713,
        0,
        0.5524124,
        0.07852184,
        0.8298643,
        0,
        1.2297238,
        0.0469096,
        -4.3400917,
        0.99999994
      ]
    },
    {
      "keyframeTimestamp" : 239632.514721875,
      "uuid" : "6DA3431C-8A34-4B76-B5A3-A53F9B2056A2",
      "transform" : [
        0.12938449,
        -0.97284377,
        -0.19192338,
        0,
        -0.8759178,
        -0.021407343,
        -0.48198494,
        0,
        0.46478754,
        0.2304705,
        -0.854901,
        0,
        -8.246373,
        0.07484377,
        -6.1633396,
        0.9999998
      ]
    },
    {
      "keyframeTimestamp" : 239669.546782,
      "uuid" : "34B51D75-E6C5-4A70-BAF2-F06B5010A593",
      "transform" : [
        -0.26625746,
        -0.96385825,
        0.009181447,
        0,
        0.06488664,
        -0.008419064,
        0.9978571,
        0,
        -0.9617156,
        0.26628268,
        0.06478317,
        0,
        -1.3601627,
        -0.023777802,
        -0.49427697,
        0.99999994
      ]
    },
    {
      "keyframeTimestamp" : 239590.430540041,
      "uuid" : "63DC80D0-2A66-47DD-A730-A4F8CF2F396A",
      "transform" : [
        0.12550284,
        -0.97949296,
        0.15761551,
        0,
        0.80867416,
        0.008967164,
        -0.5881884,
        0,
        0.5747131,
        0.20127894,
        0.7932161,
        0,
        2.7783535,
        -0.06842085,
        -2.228277,
        0.99999994
      ]
    },
    {
      "keyframeTimestamp" : 239743.093850125,
      "uuid" : "D7E2DABE-B8D9-4701-9B8B-B45E5E1D7F71",
      "transform" : [
        0.13405327,
        -0.96016943,
        -0.24516216,
        0,
        -0.9285533,
        -0.0352894,
        -0.36951786,
        0,
        0.34614813,
        0.2771812,
        -0.8962991,
        0,
        -8.533492,
        0.14922942,
        10.036755,
        0.99999994
      ]
    },
    {
      "keyframeTimestamp" : 239678.783946041,
      "uuid" : "B3330472-DF6B-40F4-8742-E4BC951FC0F5",
      "transform" : [
        -0.056258243,
        -0.993404,
        -0.09991801,
        0,
        -0.45898995,
        -0.06314134,
        0.8861949,
        0,
        -0.88665855,
        0.09571713,
        -0.45241022,
        0,
        2.0239792,
        -0.007202436,
        -2.7491431,
        0.99999994
      ]
    },
    {
      "keyframeTimestamp" : 239705.595043958,
      "uuid" : "E6E92D01-905C-4AF5-AD2D-6869E180060C",
      "transform" : [
        0.05437708,
        -0.8376287,
        -0.5435268,
        0,
        -0.9956207,
        -0.0040289713,
        -0.09339772,
        0,
        0.076042764,
        0.54622525,
        -0.83417964,
        0,
        -0.858323,
        -0.12783651,
        3.1201854,
        0.99999994
      ]
    },
    {
      "keyframeTimestamp" : 239600.818196791,
      "uuid" : "E7BDFB68-FC57-4A36-8792-96AD569C11C7",
      "transform" : [
        0.18345672,
        -0.96376044,
        0.19367334,
        0,
        0.65431476,
        -0.027316,
        -0.75572866,
        0,
        0.7336319,
        0.26536685,
        0.6255914,
        0,
        -0.121491484,
        0.01111138,
        -4.8882027,
        0.9999998
      ]
    },
    {
      "keyframeTimestamp" : 239621.310060333,
      "uuid" : "58EAA322-D028-4FA2-9CDA-059A14CD33CC",
      "transform" : [
        0.08856359,
        -0.9950954,
        -0.044063214,
        0,
        -0.82940793,
        -0.049176484,
        -0.55647457,
        0,
        0.55157834,
        0.08582978,
        -0.82969534,
        0,
        -5.201376,
        0.09524844,
        -8.349621,
        0.9999999
      ]
    },
    {
      "keyframeTimestamp" : 239680.334588916,
      "uuid" : "46D42864-B8CC-4A3A-B33F-806EF37FAA76",
      "transform" : [
        -0.39028546,
        -0.9037505,
        -0.17581938,
        0,
        -0.4361298,
        0.0132950265,
        0.8997855,
        0,
        -0.81084406,
        0.42785332,
        -0.3993414,
        0,
        2.5473852,
        -0.13374777,
        -2.7937448,
        0.99999994
      ]
    },
    {
      "keyframeTimestamp" : 239621.977004416,
      "uuid" : "44070024-457B-4DCF-8E49-0FC0E2899DAC",
      "transform" : [
        0.06185081,
        -0.9681279,
        -0.24269885,
        0,
        -0.97875345,
        -0.011205136,
        -0.2047339,
        0,
        0.19548917,
        0.2502053,
        -0.9482516,
        0,
        -5.28223,
        0.04875306,
        -8.352155,
        0.99999976
      ]
    },
    {
      "keyframeTimestamp" : 239657.691860291,
      "uuid" : "B4982AF2-5AAF-4943-8BB3-62F16E7C140B",
      "transform" : [
        -0.19117804,
        -0.97601634,
        0.10412972,
        0,
        0.46042848,
        0.004518969,
        0.88768524,
        0,
        -0.86686593,
        0.21765022,
        0.44852185,
        0,
        -4.594151,
        -0.004755515,
        -3.6064663,
        0.9999999
      ]
    },
    {
      "keyframeTimestamp" : 239726.753780708,
      "uuid" : "91B06752-7417-4677-A389-58805BB9D8B6",
      "transform" : [
        0.073367,
        -0.9617913,
        -0.26377076,
        0,
        -0.97418547,
        -0.012495761,
        -0.2254031,
        0,
        0.21349473,
        0.27349877,
        -0.93787986,
        0,
        -7.3041677,
        0.114851326,
        9.199398,
        0.9999999
      ]
    },
    {
      "keyframeTimestamp" : 239767.503889041,
      "uuid" : "020EB3DF-4482-4984-870B-BC28271D46AA",
      "transform" : [
        -0.11268061,
        -0.9580851,
        0.26339307,
        0,
        0.9518871,
        -0.02805781,
        0.30516154,
        0,
        -0.28498054,
        0.28510627,
        0.9151506,
        0,
        -4.5602617,
        0.09072262,
        6.835465,
        0.99999976
      ]
    },
    {
      "keyframeTimestamp" : 239734.106816791,
      "uuid" : "F3F5720C-BE6D-4E11-9A66-E3C911F02DE8",
      "transform" : [
        -0.01333507,
        -0.9743087,
        0.22482136,
        0,
        0.99662524,
        -0.031163655,
        -0.0759401,
        0,
        0.08099535,
        0.22305,
        0.9714363,
        0,
        -7.3668556,
        0.117999956,
        9.33893,
        0.99999994
      ]
    },
    {
      "keyframeTimestamp" : 239684.753086666,
      "uuid" : "F334E19D-0EB6-495C-AC97-297AFD68788B",
      "transform" : [
        -0.2105669,
        -0.9774846,
        -0.013624379,
        0,
        0.12526286,
        -0.040800486,
        0.9912843,
        0,
        -0.9695209,
        0.20702502,
        0.13103376,
        0,
        2.7526476,
        -0.07448433,
        -1.7672894,
        0.99999994
      ]
    },
    {
      "keyframeTimestamp" : 239614.590596875,
      "uuid" : "4CEA94BB-00AF-4FE6-9275-6B5DFF15B475",
      "transform" : [
        -0.03825991,
        -0.9841073,
        0.1734043,
        0,
        0.9992562,
        -0.038515717,
        0.0018906826,
        0,
        0.004818146,
        0.17334767,
        0.984849,
        0,
        -3.783162,
        -0.0021985997,
        -7.5286064,
        0.9999999
      ]
    },
    {
      "keyframeTimestamp" : 239567.537684041,
      "uuid" : "EBECBFEA-6D70-49D7-B350-2FC906C6890E",
      "transform" : [
        -0.29835564,
        -0.9116665,
        0.2825741,
        0,
        0.6798034,
        0.004837937,
        0.73337847,
        0,
        -0.66996366,
        0.41090244,
        0.61831045,
        0,
        0.12252857,
        0.0060553984,
        0.16355498,
        0.9999999
      ]
    },
    {
      "keyframeTimestamp" : 239653.3900725,
      "uuid" : "DC96728D-75A0-4F4B-8DA0-9254E7C1661E",
      "transform" : [
        -0.29459882,
        -0.93320197,
        -0.2057806,
        0,
        -0.5444787,
        -0.013051675,
        0.8386731,
        0,
        -0.7853372,
        0.35911527,
        -0.5042636,
        0,
        -5.182543,
        -0.057050668,
        -3.9396603,
        0.9999999
      ]
    },
    {
      "keyframeTimestamp" : 239766.870296,
      "uuid" : "C1D3E6DB-C2DC-46DA-8BDD-84508692718F",
      "transform" : [
        -0.06543766,
        -0.9862431,
        0.15179753,
        0,
        0.96322536,
        -0.022702169,
        0.26773387,
        0,
        -0.26060462,
        0.16373512,
        0.95146,
        0,
        -4.763045,
        0.12890534,
        7.0138845,
        0.9999999
      ]
    },
    {
      "keyframeTimestamp" : 239664.978219,
      "uuid" : "B7D682CC-6915-414A-BA71-75BB5477F59A",
      "transform" : [
        -0.20982437,
        -0.87284935,
        -0.44057676,
        0,
        -0.92703414,
        0.034374673,
        0.37339792,
        0,
        -0.31077543,
        0.48677772,
        -0.8163739,
        0,
        -2.6848173,
        -0.123525426,
        -1.2883908,
        0.9999999
      ]
    },
    {
      "keyframeTimestamp" : 239644.853188625,
      "uuid" : "EB83ECED-1D65-4926-BBE3-AE1872EDC2A7",
      "transform" : [
        0.032389104,
        -0.8533434,
        -0.5203423,
        0,
        -0.9980671,
        1.2021394e-05,
        -0.062145155,
        0,
        0.05303743,
        0.5213493,
        -0.85169363,
        0,
        -5.969745,
        -0.10757982,
        -4.550637,
        0.99999994
      ]
    },
    {
      "keyframeTimestamp" : 239736.324396708,
      "uuid" : "988F0FEB-32E5-4305-9F41-B05DBAFBD483",
      "transform" : [
        -0.2446675,
        -0.9025043,
        -0.35443443,
        0,
        0.8855916,
        -0.05916228,
        -0.4606812,
        0,
        0.39479765,
        -0.42659795,
        0.81372535,
        0,
        -7.3348236,
        0.44390333,
        9.4235935,
        0.9999999
      ]
    },
    {
      "keyframeTimestamp" : 239773.623062166,
      "uuid" : "5749B647-A6BD-4C2A-B4A6-7A47BB6DF474",
      "transform" : [
        -0.02701699,
        -0.9535838,
        0.29991373,
        0,
        0.9892587,
        0.0176113,
        0.14511052,
        0,
        -0.14365692,
        0.3006127,
        0.9428652,
        0,
        -2.1835523,
        0.034498714,
        4.5508685,
        0.99999994
      ]
    },
    {
      "keyframeTimestamp" : 239673.865240333,
      "uuid" : "314A3783-29DE-4424-8BE8-0A13D4D97DA4",
      "transform" : [
        -0.2076614,
        -0.9781878,
        0.0050448296,
        0,
        0.1387308,
        -0.024345525,
        0.9900308,
        0,
        -0.9683133,
        0.20629108,
        0.14076042,
        0,
        -0.025118427,
        -0.037344642,
        -1.8555548,
        0.99999994
      ]
    },
    {
      "keyframeTimestamp" : 239688.504640083,
      "uuid" : "D2A0B6C3-E580-4513-8FDD-A8212D87510C",
      "transform" : [
        -0.062409993,
        -0.9693007,
        -0.23782578,
        0,
        -0.90279526,
        -0.046767548,
        0.42751995,
        0,
        -0.42551795,
        0.24138953,
        -0.87216145,
        0,
        2.781233,
        -0.09677077,
        -0.66759324,
        0.9999999
      ]
    },
    {
      "keyframeTimestamp" : 239666.512188958,
      "uuid" : "F9AE0292-78CA-400E-806B-6F2A6C56E23A",
      "transform" : [
        -0.059206203,
        -0.94544023,
        -0.3203709,
        0,
        -0.9944184,
        0.027782772,
        0.101784505,
        0,
        -0.08733034,
        0.32460904,
        -0.9418081,
        0,
        -2.2802339,
        -0.07424408,
        -0.87740105,
        0.99999994
      ]
    },
    {
      "keyframeTimestamp" : 239584.194612125,
      "uuid" : "6F830CAC-9DEA-4CB7-907D-84B90BD77F2A",
      "transform" : [
        0.14364786,
        -0.98664117,
        -0.07684192,
        0,
        -0.64228684,
        -0.033876657,
        -0.76571536,
        0,
        0.75288314,
        0.15934792,
        -0.63857293,
        0,
        2.879964,
        -0.0509284,
        -1.7513309,
        0.9999999
      ]
    },
    {
      "keyframeTimestamp" : 239758.166722791,
      "uuid" : "82010134-B203-468A-B655-A9758BB0B4E2",
      "transform" : [
        -0.059885535,
        -0.9580947,
        0.28012192,
        0,
        0.9882635,
        -0.017399244,
        0.15176447,
        0,
        -0.14053087,
        0.2859228,
        0.94789207,
        0,
        -7.603875,
        0.037277833,
        10.094697,
        0.99999994
      ]
    },
    {
      "keyframeTimestamp" : 239773.256245333,
      "uuid" : "679DDF0C-0564-4E30-B4A8-A91D3CE2C74E",
      "transform" : [
        -0.04989267,
        -0.94654876,
        0.3186791,
        0,
        0.9835296,
        0.008936598,
        0.1805259,
        0,
        -0.1737245,
        0.32243726,
        0.93051285,
        0,
        -2.262753,
        0.049462393,
        4.764821,
        0.9999999
      ]
    },
    {
      "keyframeTimestamp" : 239756.149225958,
      "uuid" : "CCF235F6-8DB2-407F-B2D7-F3167D8F91A9",
      "transform" : [
        0.3914882,
        -0.90769744,
        0.15107115,
        0,
        0.3270287,
        -0.01621196,
        -0.94487536,
        0,
        0.8601101,
        0.41931218,
        0.2904963,
        0,
        -7.8845553,
        -0.003207502,
        10.331633,
        0.9999999
      ]
    },
    {
      "keyframeTimestamp" : 239650.622254791,
      "uuid" : "8379FD18-DDC1-4E3D-A6A8-7EF584958883",
      "transform" : [
        0.06885126,
        -0.9600954,
        0.27106526,
        0,
        -0.98999465,
        -0.0992995,
        -0.1002512,
        0,
        0.123167366,
        -0.26145074,
        -0.95732623,
        0,
        -5.8176484,
        0.13687952,
        -4.383084,
        0.99999994
      ]
    },
    {
      "keyframeTimestamp" : 239768.587666583,
      "uuid" : "A1F7204C-A74B-4212-809E-1C5F45B03DAE",
      "transform" : [
        -0.19093293,
        -0.93360364,
        0.30319798,
        0,
        0.88140774,
        -0.027108267,
        0.47157767,
        0,
        -0.4320475,
        0.35728073,
        0.8280614,
        0,
        -4.1571164,
        0.051154062,
        6.425835,
        0.99999994
      ]
    },
    {
      "keyframeTimestamp" : 239635.499297083,
      "uuid" : "0C89F2B0-BF4C-4A9B-86C8-25A6E5D5EDC5",
      "transform" : [
        0.038758904,
        -0.9986507,
        -0.034563754,
        0,
        -0.9046046,
        -0.049760748,
        0.42333707,
        0,
        -0.42448577,
        0.014858453,
        -0.9053127,
        0,
        -8.215717,
        0.18519172,
        -6.0230455,
        0.9999999
      ]
    },
    {
      "keyframeTimestamp" : 239641.184995958,
      "uuid" : "2E18C104-9320-4803-8EB9-2E2282F2D731",
      "transform" : [
        -0.23570906,
        -0.9063121,
        -0.35077006,
        0,
        -0.8515738,
        0.018707529,
        0.523901,
        0,
        -0.46825576,
        0.42219478,
        -0.7762012,
        0,
        -6.68671,
        -0.031592123,
        -5.2862616,
        0.99999994
      ]
    },
    {
      "keyframeTimestamp" : 239777.974842208,
      "uuid" : "F69BED0A-1119-41E5-A990-C4863384136C",
      "transform" : [
        -0.020801747,
        -0.9993716,
        0.02869845,
        0,
        0.83824664,
        -0.03307797,
        -0.5442867,
        0,
        0.54489416,
        0.012734268,
        0.8384082,
        0,
        -1.7590158,
        0.09995308,
        2.8901994,
        0.9999998
      ]
    },
    {
      "keyframeTimestamp" : 239751.66404675,
      "uuid" : "F68E9868-B5DE-4F12-B37A-0C73F736412F",
      "transform" : [
        -0.05797965,
        -0.9521767,
        -0.29999635,
        0,
        -0.97856283,
        -0.0052790213,
        0.20588018,
        0,
        -0.197618,
        0.3055022,
        -0.9314588,
        0,
        -8.298336,
        0.04886458,
        11.035939,
        0.9999998
      ]
    },
    {
      "keyframeTimestamp" : 239648.454686458,
      "uuid" : "2B4C5DD3-88E2-43C8-A7EB-FC6A8E33007B",
      "transform" : [
        0.27731547,
        -0.9549476,
        -0.10569451,
        0,
        -0.34120622,
        0.00495153,
        -0.9399754,
        0,
        0.8981506,
        0.29673338,
        -0.32446095,
        0,
        -5.9899993,
        -0.04180476,
        -4.4463797,
        0.99999994
      ]
    },
    {
      "keyframeTimestamp" : 239696.441258625,
      "uuid" : "083A739E-A52A-4E7F-8393-312E1313E6C1",
      "transform" : [
        0.28665146,
        -0.95730865,
        -0.03729825,
        0,
        -0.17606288,
        -0.014370488,
        -0.98427397,
        0,
        0.941718,
        0.28871045,
        -0.17266586,
        0,
        0.44535416,
        -0.025797486,
        1.3570974,
        0.9999999
      ]
    },
    {
      "keyframeTimestamp" : 239610.205437458,
      "uuid" : "6CE15F39-A6BC-4B2C-8B14-BF9D6DD7E084",
      "transform" : [
        0.27969998,
        -0.905227,
        0.31989393,
        0,
        0.84511715,
        0.074034244,
        -0.52943,
        0,
        0.4555712,
        0.41842937,
        0.7857302,
        0,
        -2.863345,
        -0.09234782,
        -6.4089127,
        0.99999994
      ]
    },
    {
      "keyframeTimestamp" : 239764.502658333,
      "uuid" : "E32E2371-CDAD-4887-BBC2-A3FEA67D8E26",
      "transform" : [
        -0.16391589,
        -0.93401587,
        0.31740516,
        0,
        0.9450951,
        -0.056476798,
        0.32187837,
        0,
        -0.28271347,
        0.35273904,
        0.8919913,
        0,
        -5.560771,
        0.06818313,
        7.9172935,
        0.9999999
      ]
    },
    {
      "keyframeTimestamp" : 239638.683955416,
      "uuid" : "20AB17B0-3710-42C7-BDB5-F05B4EB01825",
      "transform" : [
        -0.123713486,
        -0.98719746,
        -0.100679405,
        0,
        -0.6357294,
        0.00094481383,
        0.77191144,
        0,
        -0.76193386,
        0.1595007,
        -0.6277073,
        0,
        -7.425502,
        0.09340117,
        -5.899073,
        0.99999994
      ]
    },
    {
      "keyframeTimestamp" : 239741.076352916,
      "uuid" : "57787678-FCE7-4E50-B75B-0757BE112C9B",
      "transform" : [
        0.30026704,
        -0.93504363,
        -0.1885026,
        0,
        -0.41448385,
        0.050085537,
        -0.9086774,
        0,
        0.85909426,
        0.35097715,
        -0.37252146,
        0,
        -7.9546976,
        0.085660785,
        9.931269,
        0.9999999
      ]
    },
    {
      "keyframeTimestamp" : 239657.925290541,
      "uuid" : "5500F73E-A8FE-4297-A6C9-21087C1390F0",
      "transform" : [
        -0.21559545,
        -0.97275794,
        0.08520879,
        0,
        0.295631,
        0.018143004,
        0.95512986,
        0,
        -0.93065614,
        0.23111203,
        0.2836659,
        0,
        -4.55496,
        -0.012542086,
        -3.5553448,
        0.99999994
      ]
    },
    {
      "keyframeTimestamp" : 239757.249678791,
      "uuid" : "68651D24-0AF5-445E-8803-66103BF78C18",
      "transform" : [
        0.041116137,
        -0.9475547,
        0.31693792,
        0,
        0.9827695,
        -0.018856984,
        -0.18387105,
        0,
        0.18020435,
        0.31903702,
        0.93045247,
        0,
        -7.693946,
        0.016900659,
        10.18732,
        0.9999999
      ]
    },
    {
      "keyframeTimestamp" : 239698.842251541,
      "uuid" : "F90D3A55-C315-4431-9DFF-C10236B2311F",
      "transform" : [
        -0.17924416,
        -0.9835035,
        -0.02434036,
        0,
        0.25374028,
        -0.022312036,
        -0.96701497,
        0,
        0.9505197,
        -0.17950793,
        0.25355378,
        0,
        -0.5020049,
        0.17052662,
        1.8082526,
        0.99999994
      ]
    },
    {
      "keyframeTimestamp" : 239670.230399125,
      "uuid" : "4EAB4E69-8A00-47D7-9F2D-D1BB7AE38434",
      "transform" : [
        -0.19748873,
        -0.9793196,
        0.043948576,
        0,
        0.2730171,
        -0.011887944,
        0.96193564,
        0,
        -0.94152004,
        0.20197017,
        0.26971874,
        0,
        -1.2062455,
        -0.010280389,
        -0.5559026,
        0.9999999
      ]
    },
    {
      "keyframeTimestamp" : 239624.411350458,
      "uuid" : "660CFD37-6754-409A-9BD5-6C54B9330798",
      "transform" : [
        0.008818719,
        -0.99689233,
        -0.07828164,
        0,
        -0.99251914,
        0.00080691994,
        -0.12208685,
        0,
        0.121770635,
        0.078772664,
        -0.9894275,
        0,
        -5.633345,
        0.09659294,
        -8.610399,
        0.9999999
      ]
    },
    {
      "keyframeTimestamp" : 239725.16979325,
      "uuid" : "54480E3A-3CBA-44A7-9A65-7E2BE1208224",
      "transform" : [
        0.11644661,
        -0.99036986,
        -0.07488536,
        0,
        -0.7173309,
        -0.031715177,
        -0.69601035,
        0,
        0.6869327,
        0.13476564,
        -0.71411604,
        0,
        -6.9913416,
        0.16864836,
        8.6004715,
        0.9999999
      ]
    },
    {
      "keyframeTimestamp" : 239735.040534833,
      "uuid" : "F0F0E685-3D0A-4F73-857B-05FEED86C82A",
      "transform" : [
        -0.075789906,
        -0.97949505,
        -0.18666956,
        0,
        0.98937225,
        -0.050573573,
        -0.1363258,
        0,
        0.12408989,
        -0.19501783,
        0.97291815,
        0,
        -7.3802543,
        0.2819149,
        9.509771,
        0.9999999
      ]
    },
    {
      "keyframeTimestamp" : 239616.408020125,
      "uuid" : "D4E44833-55AE-4807-9692-20DDB24FEF8D",
      "transform" : [
        0.061502732,
        -0.9694226,
        0.23756564,
        0,
        0.9404366,
        -0.02345025,
        -0.33915937,
        0,
        0.33435974,
        0.24427466,
        0.91023827,
        0,
        -4.129913,
        -0.019061286,
        -8.346486,
        0.99999994
      ]
    },
    {
      "keyframeTimestamp" : 239673.031561208,
      "uuid" : "7C2916E1-7831-4721-9F96-E17A01D7503E",
      "transform" : [
        -0.21416645,
        -0.9765985,
        0.019699302,
        0,
        0.23885436,
        -0.032804064,
        0.970501,
        0,
        -0.9471437,
        0.21255404,
        0.24029039,
        0,
        -0.36269832,
        -0.040526252,
        -1.5674942,
        0.9999998
      ]
    },
    {
      "keyframeTimestamp" : 239587.6127005,
      "uuid" : "88F92569-DE1A-4C6A-B9D6-68C4DF94BE76",
      "transform" : [
        0.17489618,
        -0.9809379,
        -0.084689036,
        0,
        -0.5808041,
        -0.033333108,
        -0.81336063,
        0,
        0.79503334,
        0.19144142,
        -0.57556266,
        0,
        2.8925562,
        -0.04846508,
        -1.7671092,
        0.99999994
      ]
    },
    {
      "keyframeTimestamp" : 239615.024110666,
      "uuid" : "FC08F4FD-5B0A-4431-9F8F-379F77197DF1",
      "transform" : [
        -0.05472764,
        -0.98531216,
        0.16175568,
        0,
        0.99830514,
        -0.05720482,
        -0.010693415,
        0,
        0.019789545,
        0.1608963,
        0.9867729,
        0,
        -3.845819,
        0.012508066,
        -7.703977,
        0.99999994
      ]
    },
    {
      "keyframeTimestamp" : 239763.985779666,
      "uuid" : "4F4FCA02-1AD2-429F-9703-714D7BB417B5",
      "transform" : [
        -0.11717821,
        -0.9588658,
        0.25854534,
        0,
        0.9618659,
        -0.044788875,
        0.26982963,
        0,
        -0.24715045,
        0.2803041,
        0.92754865,
        0,
        -5.7399254,
        0.07838388,
        8.142181,
        0.99999994
      ]
    },
    {
      "keyframeTimestamp" : 239670.030316083,
      "uuid" : "21944C98-87C4-47E0-85DF-1019BC9B3D17",
      "transform" : [
        -0.22976728,
        -0.9725962,
        0.035549786,
        0,
        0.23333746,
        -0.019588672,
        0.9721984,
        0,
        -0.94486016,
        0.23167449,
        0.23144397,
        0,
        -1.2551686,
        -0.014298486,
        -0.5121656,
        0.99999994
      ]
    },
    {
      "keyframeTimestamp" : 239763.785697541,
      "uuid" : "0BB2D6E1-C110-4211-BBA7-CA320AF48FC3",
      "transform" : [
        -0.10873693,
        -0.9658973,
        0.2349866,
        0,
        0.96287423,
        -0.04358377,
        0.26640892,
        0,
        -0.2470821,
        0.25523102,
        0.9347769,
        0,
        -5.8053184,
        0.071687065,
        8.249074,
        0.99999994
      ]
    },
    {
      "keyframeTimestamp" : 239686.55383225,
      "uuid" : "51F15F1B-C547-4317-9295-62AF5E9522B3",
      "transform" : [
        -0.4228416,
        -0.9025096,
        0.0817403,
        0,
        0.08884871,
        0.0484777,
        0.9948647,
        0,
        -0.9018376,
        0.42793274,
        0.059688445,
        0,
        2.8897197,
        -0.17898378,
        -1.2410992,
        0.99999994
      ]
    },
    {
      "keyframeTimestamp" : 239770.188322291,
      "uuid" : "D47AF5CA-C42C-408A-99EF-701399477863",
      "transform" : [
        -0.115569726,
        -0.95766914,
        0.26365426,
        0,
        0.9267875,
        -0.008467313,
        0.37549058,
        0,
        -0.3573633,
        0.28774685,
        0.88853437,
        0,
        -3.4480217,
        0.07260853,
        5.8933287,
        0.99999994
      ]
    },
    {
      "keyframeTimestamp" : 239640.518051833,
      "uuid" : "15501493-D4AF-485D-B406-7955D8C79641",
      "transform" : [
        -0.21899115,
        -0.91794395,
        -0.33078974,
        0,
        -0.8571626,
        0.019015584,
        0.5146948,
        0,
        -0.46617082,
        0.3962542,
        -0.7909915,
        0,
        -6.861954,
        -0.014557001,
        -5.426867,
        0.9999999
      ]
    },
    {
      "keyframeTimestamp" : 239691.739313208,
      "uuid" : "DDB5279D-6C89-429F-B6E8-B7413705DE93",
      "transform" : [
        0.1847418,
        -0.9679259,
        -0.17026396,
        0,
        -0.68704176,
        -0.003316162,
        -0.7266102,
        0,
        0.70274025,
        0.25121376,
        -0.6656183,
        0,
        1.9472723,
        -0.082402565,
        0.19059527,
        0.9999999
      ]
    },
    {
      "keyframeTimestamp" : 239617.1583325,
      "uuid" : "57A9DE6E-DCCF-4842-84F2-44CE96C6165F",
      "transform" : [
        0.15263377,
        -0.97683215,
        0.15000643,
        0,
        0.69101477,
        -0.0030277364,
        -0.7228342,
        0,
        0.7065419,
        0.2139856,
        0.67454344,
        0,
        -4.248935,
        0.026007874,
        -8.534374,
        0.99999994
      ]
    },
    {
      "keyframeTimestamp" : 239665.361711458,
      "uuid" : "357F8C46-B923-4F71-A484-6472FE20E787",
      "transform" : [
        -0.17304413,
        -0.88696516,
        -0.42819235,
        0,
        -0.9520504,
        0.039267138,
        0.3034108,
        0,
        -0.2523009,
        0.4601642,
        -0.85123044,
        0,
        -2.5519946,
        -0.12155072,
        -1.1834295,
        0.99999994
      ]
    },
    {
      "keyframeTimestamp" : 239669.063247916,
      "uuid" : "DCFF2C2F-D46E-4839-BC5E-3DD0B1FB4F0B",
      "transform" : [
        -0.29853842,
        -0.9509081,
        -0.081539355,
        0,
        -0.22134204,
        -0.014122748,
        0.97509396,
        0,
        -0.9283764,
        0.30915108,
        -0.20625976,
        0,
        -1.4929211,
        -0.03943208,
        -0.5505289,
        0.99999994
      ]
    },
    {
      "keyframeTimestamp" : 239582.327168791,
      "uuid" : "18FEB8C5-0D93-4A3B-ACA4-478B15C8F028",
      "transform" : [
        0.120178275,
        -0.99168265,
        0.04607155,
        0,
        -0.06082282,
        -0.05367573,
        -0.99670416,
        0,
        0.99088734,
        0.11698,
        -0.0667676,
        0,
        2.6786997,
        -0.048315655,
        -1.739667,
        0.9999998
      ]
    },
    {
      "keyframeTimestamp" : 239658.475519083,
      "uuid" : "44AA3FC7-06FB-4113-8DD5-D8E571AB8B49",
      "transform" : [
        -0.2481975,
        -0.9686402,
        -0.011587484,
        0,
        -0.041279376,
        -0.0013752895,
        0.99914664,
        0,
        -0.96782964,
        0.24846405,
        -0.03964351,
        0,
        -4.444589,
        -0.02388867,
        -3.4249392,
        0.99999994
      ]
    },
    {
      "keyframeTimestamp" : 239714.51539675,
