[{"name":"239564119589.jpg","transform":[0.018252306,-0.92225367,0.38615444,0.0,0.9994726,0.0064552394,-0.031824872,0.0,0.026857872,0.38653165,0.921885,0.0,0.0050133914,0.002607788,-0.007883862,1.0],"params":{"w":1024,"h":768,"cx":514.3909,"cy":387.4455,"fx":706.5197,"fy":706.5197}},{"name":"239565420133.jpg","transform":[-0.02344015,-0.94680214,0.32096168,0.0,0.99403757,0.012124649,0.10836193,0.0,-0.106488876,0.32158798,0.94087267,0.0,0.06737836,0.018654982,-0.027283663,1.0],"params":{"w":1024,"h":768,"cx":514.48395,"cy":387.45715,"fx":706.2608,"fy":706.2608}},{"name":"239565953690.jpg","transform":[-0.086780325,-0.9350942,0.3436103,0.0,0.9568008,0.017840862,0.2901961,0.0,-0.277491,0.35394993,0.8931507,0.0,0.11279458,0.013183955,-0.01865843,1.0],"params":{"w":1024,"h":768,"cx":514.48157,"cy":387.45056,"fx":706.256,"fy":706.256}},{"name":"239566537266.jpg","transform":[-0.1817881,-0.9249573,0.33377737,0.0,0.869826,0.0070608933,0.493308,0.0,-0.45864558,0.3800058,0.80326825,0.0,0.110943496,0.010961359,0.04417005,1.0],"params":{"w":1024,"h":768,"cx":514.4263,"cy":387.37393,"fx":706.23065,"fy":706.23065}},{"name":"239567154190.jpg","transform":[-0.27099752,-0.90124637,0.3381054,0.0,0.77349627,0.005180329,0.6337796,0.0,-0.5729431,0.43327597,0.6957069,0.0,0.10236567,0.0003620596,0.11393511,1.0],"params":{"w":1024,"h":768,"cx":514.4048,"cy":387.45847,"fx":706.2751,"fy":706.2751}},{"name":"239567537684.jpg","transform":[-0.29835564,-0.9116665,0.2825741,0.0,0.6798034,0.004837937,0.73337847,0.0,-0.66996366,0.41090244,0.61831045,0.0,0.12252857,0.0060553984,0.16355498,1.0],"params":{"w":1024,"h":768,"cx":514.3873,"cy":387.51526,"fx":706.55615,"fy":706.55615}},{"name":"239567904503.jpg","transform":[-0.3271063,-0.91562355,0.23374158,0.0,0.58429354,-0.0015675402,0.81154084,0.0,-0.7426995,0.40203384,0.5355057,0.0,0.17079748,0.009816992,0.19941042,1.0],"params":{"w":1024,"h":768,"cx":514.4436,"cy":387.45676,"fx":706.5419,"fy":706.5419}},{"name":"239568454732.jpg","transform":[-0.31916028,-0.9314245,0.17488587,0.0,0.46860826,0.0052943896,0.8833901,0.0,-0.82373726,0.363896,0.43478346,0.0,0.27377146,0.019461824,0.25533316,1.0],"params":{"w":1024,"h":768,"cx":514.4528,"cy":387.43454,"fx":706.5387,"fy":706.5387}},{"name":"239569004962.jpg","transform":[-0.31556937,-0.93922055,0.13520673,0.0,0.30599925,0.03414985,0.95141906,0.0,-0.8982096,0.3416119,0.27662417,0.0,0.3652477,0.023004165,0.33628476,1.0],"params":{"w":1024,"h":768,"cx":514.43365,"cy":387.44363,"fx":706.2354,"fy":706.2354}},{"name":"239569321761.jpg","transform":[-0.3307907,-0.9397572,0.086220585,0.0,0.19095357,0.02282027,0.9813338,0.0,-0.9241831,0.34108022,0.17190124,0.0,0.41355383,0.020609826,0.37580594,1.0],"params":{"w":1024,"h":768,"cx":514.49115,"cy":387.50195,"fx":706.2465,"fy":706.2465}},{"name":"239569788623.jpg","transform":[-0.32436126,-0.9450826,0.04010684,0.0,0.04423859,0.027197016,0.9986506,0.0,-0.9448982,0.3256979,0.03298748,0.0,0.50488764,0.010357569,0.4072558,1.0],"params":{"w":1024,"h":768,"cx":514.51044,"cy":387.46298,"fx":706.2655,"fy":706.2655}},{"name":"239570238810.jpg","transform":[-0.27017722,-0.96280813,0.0021611173,0.0,-0.024231762,0.009043609,0.9996653,0.0,-0.9625056,0.27003446,-0.025773909,0.0,0.6700484,-0.0033463011,0.4156118,1.0],"params":{"w":1024,"h":768,"cx":514.54346,"cy":387.44614,"fx":707.15656,"fy":707.15656}},{"name":"239570772366.jpg","transform":[-0.27759385,-0.9606321,0.011307006,0.0,0.032033984,0.00250744,0.9994836,0.0,-0.96016437,0.27781272,0.030076832,0.0,0.8555962,-0.009256487,0.38503838,1.0],"params":{"w":1024,"h":768,"cx":514.5458,"cy":387.36505,"fx":707.3821,"fy":707.3821}},{"name":"239570989123.jpg","transform":[-0.28770545,-0.95675445,0.04297223,0.0,0.100453235,0.01447539,0.99483645,0.0,-0.95243627,0.29053658,0.09194443,0.0,0.93720657,-0.020109456,0.35911292,1.0],"params":{"w":1024,"h":768,"cx":514.54865,"cy":387.3026,"fx":707.75055,"fy":707.75055}},{"name":"239571222553.jpg","transform":[-0.2570865,-0.96531147,0.045609873,0.0,0.18439005,-0.0026691433,0.98284936,0.0,-0.94863415,0.26108733,0.17868006,0.0,1.0443186,-0.029180592,0.3415124,1.0],"params":{"w":1024,"h":768,"cx":514.5723,"cy":387.3918,"fx":707.74097,"fy":707.74097}},{"name":"239571839477.jpg","transform":[-0.2615649,-0.96088403,0.0910252,0.0,0.31582236,0.00391054,0.94881016,0.0,-0.91205263,0.2769233,0.30244586,0.0,1.2367345,-0.025572622,0.2774686,1.0],"params":{"w":1024,"h":768,"cx":514.527,"cy":387.32828,"fx":707.3456,"fy":707.3456}},{"name":"239572106255.jpg","transform":[-0.2733443,-0.9543135,0.12070104,0.0,0.38573664,0.0062017594,0.9225881,0.0,-0.88118684,0.298743,0.36641845,0.0,1.334443,-0.0440242,0.22370368,1.0],"params":{"w":1024,"h":768,"cx":514.51355,"cy":387.34235,"fx":707.08514,"fy":707.08514}},{"name":"239572306338.jpg","transform":[-0.25784063,-0.9591624,0.11630023,0.0,0.4381525,-0.008795352,0.89885765,0.0,-0.86112756,0.28271925,0.4225272,0.0,1.4017178,-0.049122646,0.1846243,1.0],"params":{"w":1024,"h":768,"cx":514.5424,"cy":387.34534,"fx":707.1582,"fy":707.1582}},{"name":"239572756525.jpg","transform":[-0.22305007,-0.9636493,0.14706732,0.0,0.5562919,-0.0019407574,0.8309847,0.0,-0.8004925,0.26716357,0.53650314,0.0,1.5238928,-0.036137827,0.10325771,1.0],"params":{"w":1024,"h":768,"cx":514.5955,"cy":387.34225,"fx":706.82623,"fy":706.82623}},{"name":"239572989955.jpg","transform":[-0.2223349,-0.9604057,0.16789281,0.0,0.59347725,0.0033077532,0.80484384,0.0,-0.77353203,0.27858546,0.5692436,0.0,1.5737813,-0.035297427,0.06747832,1.0],"params":{"w":1024,"h":768,"cx":514.49066,"cy":387.33984,"fx":706.85004,"fy":706.85004}},{"name":"239573406795.jpg","transform":[-0.21383625,-0.9589445,0.18627834,0.0,0.68017876,-0.009288567,0.7329873,0.0,-0.70116395,0.28344187,0.6542401,0.0,1.6665455,-0.0413796,0.0108352,1.0],"params":{"w":1024,"h":768,"cx":514.5214,"cy":387.4324,"fx":706.53076,"fy":706.53076}},{"name":"239574040392.jpg","transform":[-0.13501348,-0.9670982,0.21562144,0.0,0.82560855,0.010519641,0.56414515,0.0,-0.54785204,0.25418612,0.79702425,0.0,1.8516737,-0.044272974,-0.061938327,1.0],"params":{"w":1024,"h":768,"cx":514.5447,"cy":387.39734,"fx":706.5197,"fy":706.5197}},{"name":"239575474320.jpg","transform":[-0.1227554,-0.9684623,0.21682255,0.0,0.8972726,-0.014949247,0.44122383,0.0,-0.42406732,0.24871153,0.8708097,0.0,2.2788303,-0.060560428,-0.32593334,1.0],"params":{"w":1024,"h":768,"cx":514.59827,"cy":387.30844,"fx":706.76587,"fy":706.76587}},{"name":"239576291326.jpg","transform":[-0.07185279,-0.953333,0.29324615,0.0,0.96951985,0.0022899956,0.24500175,0.0,-0.23423986,0.30191207,0.9241108,0.0,2.5144656,-0.084316924,-0.50869966,1.0],"params":{"w":1024,"h":768,"cx":514.58093,"cy":387.30124,"fx":706.8167,"fy":706.8167}},{"name":"239577041637.jpg","transform":[-0.04364258,-0.93826556,0.34315166,0.0,0.9936678,-0.0051704217,0.11223899,0.0,-0.103535764,0.34587717,0.93254995,0.0,2.6117287,-0.12201204,-0.78965354,1.0],"params":{"w":1024,"h":768,"cx":514.53143,"cy":387.35507,"fx":706.8436,"fy":706.8436}},{"name":"239577541845.jpg","transform":[-0.013033003,-0.9088638,0.41688943,0.0,0.9998311,-0.006441237,0.017214613,0.0,-0.012960467,0.41704336,0.9087942,0.0,2.6396487,-0.1427437,-0.9516494,1.0],"params":{"w":1024,"h":768,"cx":514.39307,"cy":387.3055,"fx":706.796,"fy":706.796}},{"name":"239577942011.jpg","transform":[0.022952987,-0.93974864,0.34109485,0.0,0.99659294,-0.0055276565,-0.08229205,0.0,0.07921929,0.34182158,0.9364201,0.0,2.6911752,-0.1340299,-1.0911309,1.0],"params":{"w":1024,"h":768,"cx":514.4436,"cy":387.50348,"fx":706.85956,"fy":706.85956}},{"name":"239578475566.jpg","transform":[0.031073108,-0.97288835,0.22917846,0.0,0.979531,-0.015982714,-0.2006579,0.0,0.19888064,0.23072249,0.9524777,0.0,2.7434182,-0.094488665,-1.2382413,1.0],"params":{"w":1024,"h":768,"cx":514.4337,"cy":387.27994,"fx":706.83093,"fy":706.83093}},{"name":"239578942427.jpg","transform":[0.08058088,-0.9671616,0.24105044,0.0,0.9296061,-0.014335331,-0.36827585,0.0,0.3596378,0.25375795,0.8979241,0.0,2.7299829,-0.1075811,-1.3805724,1.0],"params":{"w":1024,"h":768,"cx":514.5246,"cy":387.23892,"fx":706.52765,"fy":706.52765}},{"name":"239579409288.jpg","transform":[0.154906,-0.9515725,0.2655448,0.0,0.87434316,0.0069180573,-0.48525888,0.0,0.459922,0.3073468,0.83307254,0.0,2.716218,-0.11196862,-1.4982958,1.0],"params":{"w":1024,"h":768,"cx":514.5425,"cy":387.32217,"fx":706.18933,"fy":706.18933}},{"name":"239579876149.jpg","transform":[0.17147882,-0.9482156,0.26736188,0.0,0.8036334,-0.022352811,-0.5947048,0.0,0.56988466,0.31684017,0.7581847,0.0,2.7187116,-0.112054415,-1.5826763,1.0],"params":{"w":1024,"h":768,"cx":514.4468,"cy":387.35873,"fx":706.2195,"fy":706.2195}},{"name":"239580209621.jpg","transform":[0.21479602,-0.95127887,0.22120412,0.0,0.6766393,-0.01838115,-0.73608506,0.0,0.70428824,0.30778357,0.63972455,0.0,2.7514184,-0.11138281,-1.6414728,1.0],"params":{"w":1024,"h":768,"cx":514.448,"cy":387.4156,"fx":706.26715,"fy":706.26715}},{"name":"239580609787.jpg","transform":[0.25863343,-0.9542364,0.15013844,0.0,0.4972139,-0.0017478706,-0.86762613,0.0,0.82818294,0.2990481,0.47400758,0.0,2.7921848,-0.0962149,-1.677241,1.0],"params":{"w":1024,"h":768,"cx":514.4941,"cy":387.23755,"fx":706.2639,"fy":706.2639}},{"name":"239581009954.jpg","transform":[0.27506292,-0.95699203,0.092231125,0.0,0.33505267,0.0054984125,-0.9421833,0.0,0.9011548,0.290062,0.3221552,0.0,2.792332,-0.091984995,-1.6883196,1.0],"params":{"w":1024,"h":768,"cx":514.46436,"cy":387.22168,"fx":706.2417,"fy":706.2417}},{"name":"239581460141.jpg","transform":[0.24136278,-0.96910805,0.05073042,0.0,0.17647801,-0.007571376,-0.98427534,0.0,0.9542534,0.24652027,0.16919883,0.0,2.7531512,-0.0894264,-1.7028236,1.0],"params":{"w":1024,"h":768,"cx":514.5779,"cy":387.3836,"fx":706.31165,"fy":706.31165}},{"name":"239581810287.jpg","transform":[0.17174102,-0.9845182,0.03505981,0.0,0.053129658,-0.026280504,-0.9982418,0.0,0.98370856,0.17330177,0.047793653,0.0,2.7054384,-0.072811894,-1.7225044,1.0],"params":{"w":1024,"h":768,"cx":514.5896,"cy":387.3958,"fx":706.2417,"fy":706.2417}},{"name":"239582327168.jpg","transform":[0.120178275,-0.99168265,0.04607155,0.0,-0.06082282,-0.05367573,-0.99670416,0.0,0.99088734,0.11698,-0.0667676,0.0,2.6786997,-0.048315655,-1.739667,1.0],"params":{"w":1024,"h":768,"cx":514.5858,"cy":387.22485,"fx":706.2576,"fy":706.2576}},{"name":"239582693988.jpg","transform":[0.1009095,-0.9942053,0.037059683,0.0,-0.20640376,-0.05735981,-0.9767843,0.0,0.9732497,0.09091755,-0.21099585,0.0,2.7166042,-0.03990706,-1.770296,1.0],"params":{"w":1024,"h":768,"cx":514.58966,"cy":387.22394,"fx":706.56415,"fy":706.56415}},{"name":"239583127501.jpg","transform":[0.11564217,-0.99324155,0.009912003,0.0,-0.35048887,-0.05014011,-0.9352238,0.0,0.92940015,0.10467726,-0.35391843,0.0,2.8034942,-0.04105431,-1.80582,1.0],"params":{"w":1024,"h":768,"cx":514.60175,"cy":387.09128,"fx":706.85486,"fy":706.85486}},{"name":"239583527667.jpg","transform":[0.14541201,-0.9888069,-0.033409256,0.0,-0.46977493,-0.039286654,-0.8819115,0.0,0.8707278,0.14393537,-0.47022948,0.0,2.8502846,-0.051682066,-1.7998502,1.0],"params":{"w":1024,"h":768,"cx":514.63135,"cy":387.10126,"fx":707.1168,"fy":707.1168}},{"name":"239584194612.jpg","transform":[0.14364786,-0.98664117,-0.07684192,0.0,-0.64228684,-0.033876657,-0.76571536,0.0,0.75288314,0.15934792,-0.63857293,0.0,2.879964,-0.0509284,-1.7513309,1.0],"params":{"w":1024,"h":768,"cx":514.6496,"cy":387.24582,"fx":707.11206,"fy":707.11206}},{"name":"239584794861.jpg","transform":[0.12308158,-0.9883632,-0.08938176,0.0,-0.80986136,-0.047979776,-0.58465576,0.0,0.5735638,0.1443472,-0.80634266,0.0,2.9205523,-0.048101623,-1.7001889,1.0],"params":{"w":1024,"h":768,"cx":514.59296,"cy":387.20102,"fx":706.53394,"fy":706.53394}},{"name":"239585395111.jpg","transform":[0.10997229,-0.98765445,-0.11155619,0.0,-0.9083461,-0.05430335,-0.41467857,0.0,0.40350127,0.14693478,-0.9031039,0.0,2.9666576,-0.04166648,-1.6545395,1.0],"params":{"w":1024,"h":768,"cx":514.636,"cy":387.15427,"fx":706.2608,"fy":706.2608}},{"name":"239585945340.jpg","transform":[0.07302303,-0.98151624,-0.17690004,0.0,-0.9623119,-0.022752527,-0.2709946,0.0,0.26196074,0.19002187,-0.9461863,0.0,3.013639,-0.05058991,-1.6179544,1.0],"params":{"w":1024,"h":768,"cx":514.56866,"cy":387.12994,"fx":706.49426,"fy":706.49426}},{"name":"239586695652.jpg","transform":[0.12797101,-0.96270347,-0.23838077,0.0,-0.90375185,-0.014199368,-0.42782083,0.0,0.4084798,0.27018577,-0.87186223,0.0,2.9767895,-0.066490956,-1.636446,1.0],"params":{"w":1024,"h":768,"cx":514.5458,"cy":387.48972,"fx":707.13904,"fy":707.13904}},{"name":"239586929082.jpg","transform":[0.15237176,-0.9702596,-0.18809366,0.0,-0.83676946,-0.025373645,-0.5469671,0.0,0.5259274,0.24073337,-0.8157499,0.0,2.9481578,-0.06048321,-1.6684891,1.0],"params":{"w":1024,"h":768,"cx":514.52325,"cy":387.45016,"fx":707.13904,"fy":707.13904}},{"name":"239587212534.jpg","transform":[0.1675603,-0.9762648,-0.13722448,0.0,-0.7354833,-0.031098478,-0.6768286,0.0,0.65649647,0.21433593,-0.72323745,0.0,2.918612,-0.054393068,-1.7125458,1.0],"params":{"w":1024,"h":768,"cx":514.5178,"cy":387.29108,"fx":706.823,"fy":706.823}},{"name":"239587612700.jpg","transform":[0.17489618,-0.9809379,-0.084689036,0.0,-0.5808041,-0.033333108,-0.81336063,0.0,0.79503334,0.19144142,-0.57556266,0.0,2.8925562,-0.04846508,-1.7671092,1.0],"params":{"w":1024,"h":768,"cx":514.54553,"cy":387.20016,"fx":706.55304,"fy":706.55304}},{"name":"239588062887.jpg","transform":[0.19449967,-0.97975457,-0.047442198,0.0,-0.39756483,-0.03452429,-0.91692424,0.0,0.89672285,0.19720285,-0.39623094,0.0,2.8785923,-0.049269803,-1.8287623,1.0],"params":{"w":1024,"h":768,"cx":514.5395,"cy":387.22858,"fx":706.5292,"fy":706.5292}},{"name":"239588262971.jpg","transform":[0.19158679,-0.9811102,-0.026783437,0.0,-0.28867188,-0.030246664,-0.9569502,0.0,0.9380635,0.19107065,-0.28901383,0.0,2.878345,-0.051128134,-1.8602797,1.0],"params":{"w":1024,"h":768,"cx":514.5647,"cy":387.26028,"fx":706.5324,"fy":706.5324}},{"name":"239588646464.jpg","transform":[0.19259709,-0.9812096,0.011583659,0.0,-0.07086332,-0.025681341,-0.9971553,0.0,0.97871596,0.19122835999999999,-0.07447793,0.0,2.8790705,-0.057448626,-1.9304909,1.0],"params":{"w":1024,"h":768,"cx":514.5418,"cy":387.25763,"fx":706.5054,"fy":706.5054}},{"name":"239588996609.jpg","transform":[0.19976637,-0.9789549,0.04172261,0.0,0.12460839,-0.016853575,-0.9920628,0.0,0.97188807,0.20337978,0.1186192,0.0,2.88084,-0.060504735,-1.9933053,1.0],"params":{"w":1024,"h":768,"cx":514.5733,"cy":387.2674,"fx":706.5356,"fy":706.5356}},{"name":"239589380102.jpg","transform":[0.20893224,-0.97357106,0.092232235,0.0,0.33885592,-0.01639788,-0.9406954,0.0,0.9173462,0.22779502,0.32647428,0.0,2.8728042,-0.06825288,-2.060129,1.0],"params":{"w":1024,"h":768,"cx":514.55914,"cy":387.26843,"fx":706.5499,"fy":706.5499}},{"name":"239589780269.jpg","transform":[0.19685037,-0.971594,0.13135885,0.0,0.54732645,-0.0022590854,-0.83691615,0.0,0.8134394,0.23664342,0.53133446,0.0,2.8616123,-0.07363176,-2.116501,1.0],"params":{"w":1024,"h":768,"cx":514.5791,"cy":387.29968,"fx":706.23065,"fy":706.23065}},{"name":"239590180435.jpg","transform":[0.16571355,-0.9746653,0.15022206,0.0,0.7155994,0.014029379,-0.69837,0.0,0.6785695,0.22322819,0.69979477,0.0,2.8248382,-0.07062575,-2.1809132,1.0],"params":{"w":1024,"h":768,"cx":514.56323,"cy":387.32877,"fx":706.2195,"fy":706.2195}},{"name":"239590430540.jpg","transform":[0.12550284,-0.97949296,0.15761551,0.0,0.80867416,0.008967164,-0.5881884,0.0,0.5747131,0.20127894,0.7932161,0.0,2.7783535,-0.06842085,-2.228277,1.0],"params":{"w":1024,"h":768,"cx":514.58887,"cy":387.32083,"fx":706.256,"fy":706.256}},{"name":"239590847380.jpg","transform":[0.08318106,-0.981957,0.16982728,0.0,0.91491896,0.0077068415,-0.40356374,0.0,0.39497346,0.1889471,0.8990522,0.0,2.6826558,-0.056227896,-2.306818,1.0],"params":{"w":1024,"h":768,"cx":514.61096,"cy":387.36514,"fx":706.26874,"fy":706.26874}},{"name":"239591631039.jpg","transform":[0.10164392,-0.980864,0.16605502,0.0,0.94549805,0.043342613,-0.3227299,0.0,0.30935687,0.18980828,0.9318106,0.0,2.4748635,-0.07550814,-2.512433,1.0],"params":{"w":1024,"h":768,"cx":514.619,"cy":387.4044,"fx":706.2719,"fy":706.2719}},{"name":"239592131247.jpg","transform":[0.10484623,-0.97769505,0.18198824,0.0,0.94588935,0.04153171,-0.32182065,0.0,0.30708414,0.20588244,0.9291458,0.0,2.285247,-0.05857583,-2.7386732,1.0],"params":{"w":1024,"h":768,"cx":514.7107,"cy":387.58514,"fx":706.2735,"fy":706.2735}},{"name":"239592464719.jpg","transform":[0.11830608,-0.9746834,0.18972632,0.0,0.9352371,0.045169430000000003,-0.35112864,0.0,0.3336694,0.21897973,0.9169039,0.0,2.1887486,-0.054451905,-2.8500726,1.0],"params":{"w":1024,"h":768,"cx":514.5371,"cy":387.59616,"fx":706.24963,"fy":706.24963}},{"name":"239593098317.jpg","transform":[0.09068599,-0.98676246,0.13444696,0.0,0.93230486,0.036656726,-0.35981104,0.0,0.35011965,0.15797538,0.9232877,0.0,1.934328,-0.025958296,-3.08822,1.0],"params":{"w":1024,"h":768,"cx":514.68536,"cy":387.46182,"fx":706.55457,"fy":706.55457}},{"name":"239593531830.jpg","transform":[0.102627754,-0.98127925,0.16296834,0.0,0.9241652,0.033457845,-0.3805249,0.0,0.36794856,0.1896621,0.91029793,0.0,1.8158087,-0.023724815,-3.2507994,1.0],"params":{"w":1024,"h":768,"cx":514.49457,"cy":387.67468,"fx":706.56885,"fy":706.56885}},{"name":"239593881976.jpg","transform":[0.12123433,-0.9749916,0.18626261,0.0,0.9147875,0.03690309,-0.40224627,0.0,0.38531306,0.21915679,0.896384,0.0,1.736939,-0.03640143,-3.4294803,1.0],"params":{"w":1024,"h":768,"cx":514.58203,"cy":387.6346,"fx":706.5959,"fy":706.5959}},{"name":"239594198775.jpg","transform":[0.17088476,-0.95569956,0.23965974,0.0,0.89524573,0.049017668,-0.4428682,0.0,0.41150144,0.29023382,0.8639625,0.0,1.6746376,-0.034161627,-3.590693,1.0],"params":{"w":1024,"h":768,"cx":514.64575,"cy":387.56723,"fx":706.54346,"fy":706.54346}},{"name":"239594648962.jpg","transform":[0.21257773,-0.9310248,0.29665416,0.0,0.8677959,0.040328324,-0.4952818,0.0,0.449156,0.36272112,0.81651235,0.0,1.594883,-0.053217575,-3.759687,1.0],"params":{"w":1024,"h":768,"cx":514.394,"cy":387.50833,"fx":706.51807,"fy":706.51807}},{"name":"239595115823.jpg","transform":[0.12189702,-0.97679776,0.17608844,0.0,0.865227,0.017645437,-0.50106955,0.0,0.48633653,0.2134354,0.8473028,0.0,1.4834247,-0.019175494,-3.9408288,1.0],"params":{"w":1024,"h":768,"cx":514.5604,"cy":387.45688,"fx":706.92,"fy":706.92}},{"name":"239595465969.jpg","transform":[0.04290144,-0.99659383,0.070428684,0.0,0.86387825,0.0015922401,-0.5036983,0.0,0.50187045,0.08245119,0.8610041,0.0,1.410402,0.037814856,-4.0459256,1.0],"params":{"w":1024,"h":768,"cx":514.6064,"cy":387.41916,"fx":706.87067,"fy":706.87067}},{"name":"239595932830.jpg","transform":[-0.010774021,-0.999932,-0.0044715903,0.0,0.83581513,-0.0065507586,-0.54897195,0.0,0.5489053,-0.009652059,0.83582896,0.0,1.309302,0.061256565,-4.199837,1.0],"params":{"w":1024,"h":768,"cx":514.55695,"cy":387.34464,"fx":706.823,"fy":706.823}},{"name":"239596232955.jpg","transform":[0.060416747,-0.99670655,0.05409109,0.0,0.83137846,0.020257115,-0.55533713,0.0,0.5524124,0.07852184,0.8298643,0.0,1.2297238,0.0469096,-4.3400917,1.0],"params":{"w":1024,"h":768,"cx":514.57794,"cy":387.3673,"fx":706.82776,"fy":706.82776}},{"name":"239596566427.jpg","transform":[0.13778251,-0.97836465,0.15433343,0.0,0.8275983,0.028115027,-0.56061625,0.0,0.544148,0.20496923,0.81356674,0.0,1.1471851,0.016498715,-4.4547157,1.0],"params":{"w":1024,"h":768,"cx":514.5881,"cy":387.35706,"fx":707.08826,"fy":707.08826}},{"name":"239596983267.jpg","transform":[0.19107373,-0.9531263,0.2346082,0.0,0.8460559,0.038737264,-0.53168464,0.0,0.4976746,0.30008265,0.8138,0.0,1.0138469,-0.024452975,-4.5496655,1.0],"params":{"w":1024,"h":768,"cx":514.52966,"cy":387.28772,"fx":707.1327,"fy":707.1327}},{"name":"239597400107.jpg","transform":[0.15089041,-0.94913185,0.27637088,0.0,0.90512514,0.020239698,-0.42466325,0.0,0.39746773,0.31422785,0.8621371,0.0,0.8308623,-0.026957791,-4.588496,1.0],"params":{"w":1024,"h":768,"cx":514.57184,"cy":387.3177,"fx":707.1534,"fy":707.1534}},{"name":"239598133746.jpg","transform":[0.1182275,-0.9567638,0.26575458,0.0,0.95591486,0.03721666,-0.29127583,0.0,0.26879165,0.28847557,0.9189847,0.0,0.6541308,-0.019988757,-4.618179,1.0],"params":{"w":1024,"h":768,"cx":514.42914,"cy":387.62842,"fx":707.42334,"fy":707.42334}},{"name":"239598633954.jpg","transform":[0.0762137,-0.9835607,0.16370638,0.0,0.96315026,0.030147279,-0.26726857,0.0,0.25793958,0.1780434,0.94961447,0.0,0.5013951,0.009688537,-4.6591444,1.0],"params":{"w":1024,"h":768,"cx":514.58826,"cy":387.3883,"fx":707.6886,"fy":707.6886}},{"name":"239599184183.jpg","transform":[0.07143245,-0.9869613,0.14423868,0.0,0.9277453,0.01263483,-0.37300003,0.0,0.36631414,0.16046105,0.91655135,0.0,0.35378173,0.048309974,-4.709859,1.0],"params":{"w":1024,"h":768,"cx":514.56714,"cy":387.60318,"fx":707.7251,"fy":707.7251}},{"name":"239599551002.jpg","transform":[0.09454412,-0.98623604,0.13564695,0.0,0.8827791,0.020070648,-0.46935937,0.0,0.46017656,0.16412146,0.8725261,0.0,0.27779248,0.052041337,-4.7478313,1.0],"params":{"w":1024,"h":768,"cx":514.5821,"cy":387.45425,"fx":707.37256,"fy":707.37256}},{"name":"239599901148.jpg","transform":[0.123234525,-0.9826926,0.13830613,0.0,0.7991653,0.01564632,-0.6009078,0.0,0.5883437,0.18458202,0.7872619,0.0,0.16389799,0.04142259,-4.784852,1.0],"params":{"w":1024,"h":768,"cx":514.56946,"cy":387.31998,"fx":707.39954,"fy":707.39954}},{"name":"239600217947.jpg","transform":[0.10711094,-0.98616827,0.12648875,0.0,0.7294889,-0.0084919,-0.68393975,0.0,0.67555386,0.1655296,0.7184893,0.0,0.036310673,0.034337133,-4.8310695,1.0],"params":{"w":1024,"h":768,"cx":514.64685,"cy":387.33902,"fx":707.0931,"fy":707.0931}},{"name":"239600468051.jpg","transform":[0.13027577,-0.9798556,0.15136491,0.0,0.68696064,-0.020876866,-0.7263946,0.0,0.71492183,0.19861336,0.6704025,0.0,-0.04726978,0.027271746,-4.8663054,1.0],"params":{"w":1024,"h":768,"cx":514.616,"cy":387.41684,"fx":707.0612,"fy":707.0612}},{"name":"239600818196.jpg","transform":[0.18345672,-0.96376044,0.19367334,0.0,0.65431476,-0.027316,-0.75572866,0.0,0.7336319,0.26536685,0.6255914,0.0,-0.121491484,0.01111138,-4.8882027,1.0],"params":{"w":1024,"h":768,"cx":514.5207,"cy":387.32816,"fx":707.12164,"fy":707.12164}},{"name":"239601301731.jpg","transform":[0.27353093,-0.9227103,0.27163705,0.0,0.67112553,-0.019220693,-0.7410944,0.0,0.6890366,0.38501486,0.6139969,0.0,-0.21382158,-0.04559186,-4.9391255,1.0],"params":{"w":1024,"h":768,"cx":514.4073,"cy":387.27808,"fx":707.42334,"fy":707.42334}},{"name":"239601601856.jpg","transform":[0.29565936,-0.91680646,0.26842436,0.0,0.697778,0.015349611,-0.7161495,0.0,0.6524503,0.39903694,0.6442656,0.0,-0.31174836,-0.06383184,-4.9989915,1.0],"params":{"w":1024,"h":768,"cx":514.4777,"cy":387.23636,"fx":707.7077,"fy":707.7077}},{"name":"239601952002.jpg","transform":[0.23844759,-0.9405171,0.24201305,0.0,0.7324766,0.010543617,-0.68071043,0.0,0.63766825,0.33958268,0.691421,0.0,-0.4241377,-0.037894472,-5.078895,1.0],"params":{"w":1024,"h":768,"cx":514.5076,"cy":387.43152,"fx":707.976,"fy":707.976}},{"name":"239602135411.jpg","transform":[0.19373181,-0.95708764,0.21552533,0.0,0.76129085,0.008095654,-0.64835995,0.0,0.61879253,0.28968543,0.7301904,0.0,-0.46365434,-0.020844132,-5.1108627,1.0],"params":{"w":1024,"h":768,"cx":514.38947,"cy":387.55127,"fx":707.9919,"fy":707.9919}},{"name":"239602452210.jpg","transform":[0.17708276,-0.97023875,0.16516267,0.0,0.84105974,0.062029094,-0.5373742,0.0,0.51113635,0.23407139,0.82701296,0.0,-0.5521351,-0.005328276,-5.1574087,1.0],"params":{"w":1024,"h":768,"cx":514.36597,"cy":387.39844,"fx":708.28094,"fy":708.28094}},{"name":"239602752335.jpg","transform":[0.08976692,-0.98374003,0.15555525,0.0,0.9169544,0.020666266,-0.39845613,0.0,0.3887625,0.17840528,0.90389997,0.0,-0.6668854,0.003145202,-5.187212,1.0],"params":{"w":1024,"h":768,"cx":514.455,"cy":387.41336,"fx":707.9888,"fy":707.9888}},{"name":"239603152501.jpg","transform":[-0.008848638,-0.98960716,0.14352512,0.0,0.98650116,-0.032109503,-0.16057536,0.0,0.16351505,0.14016682,0.97653276,0.0,-0.8066423,0.02552315,-5.22886,1.0],"params":{"w":1024,"h":768,"cx":514.63586,"cy":387.52686,"fx":707.7061,"fy":707.7061}},{"name":"239603519321.jpg","transform":[0.0042072837,-0.9911786,0.13246563,0.0,0.99998254,0.0047178078,0.0035403883,0.0,-0.0041341167,0.13244842,0.9911812,0.0,-0.87141955,0.030368969,-5.3147416,1.0],"params":{"w":1024,"h":768,"cx":514.6058,"cy":387.4947,"fx":707.7347,"fy":707.7347}},{"name":"239603836119.jpg","transform":[-0.017600052,-0.989811,0.14129622,0.0,0.9876962,0.0047512837,0.15631257,0.0,-0.15539125,0.14230886,0.9775489,0.0,-0.9186471,0.021340873,-5.4220653,1.0],"params":{"w":1024,"h":768,"cx":514.59937,"cy":387.3944,"fx":707.6854,"fy":707.6854}},{"name":"239604186265.jpg","transform":[-0.045430426,-0.9895528,0.13682598,0.0,0.9712876,-0.011736244,0.23761843,0.0,-0.23353016,0.1436925,0.9616737,0.0,-1.0271142,0.02033582,-5.5675664,1.0],"params":{"w":1024,"h":768,"cx":514.63837,"cy":387.1693,"fx":707.9665,"fy":707.9665}},{"name":"239604753168.jpg","transform":[-0.07716724,-0.95856583,0.27422068,0.0,0.965151,-0.0028380833,0.26167816,0.0,-0.25005746,0.28485733,0.9253798,0.0,-1.1892465,-0.0054051117,-5.758271,1.0],"params":{"w":1024,"h":768,"cx":514.47394,"cy":387.3697,"fx":708.84485,"fy":708.84485}},{"name":"239605453459.jpg","transform":[-0.070236176,-0.9781774,0.19553995,0.0,0.9358833,0.003225307,0.3522952,0.0,-0.3452379,0.20774646,0.91523343,0.0,-1.4188875,0.0013863645,-5.9419637,1.0],"params":{"w":1024,"h":768,"cx":514.6175,"cy":387.41312,"fx":709.1942,"fy":709.1942}},{"name":"239605770258.jpg","transform":[-0.08800849,-0.97896457,0.18407331,0.0,0.95473224,-0.030186523,0.295931,0.0,-0.28414947,0.20178519,0.9373057,0.0,-1.5360371,0.020343594,-6.0155783,1.0],"params":{"w":1024,"h":768,"cx":514.5728,"cy":387.42502,"fx":709.44995,"fy":709.44995}},{"name":"239605987015.jpg","transform":[-0.038706873,-0.9816953,0.18648385,0.0,0.9793842,-0.00024245649,0.20200616,0.0,-0.19826329,0.19045837,0.9614663,0.0,-1.6256726,0.014223107,-6.059316,1.0],"params":{"w":1024,"h":768,"cx":514.44916,"cy":387.27823,"fx":709.4706,"fy":709.4706}},{"name":"239606253792.jpg","transform":[-0.004902532,-0.9774888,0.21093033,0.0,0.9944251,0.017452398,0.10399037,0.0,-0.10533068,0.21026425,0.9719539,0.0,-1.7183222,-0.0050099827,-6.1171975,1.0],"params":{"w":1024,"h":768,"cx":514.4538,"cy":387.33023,"fx":709.1593,"fy":709.1593}},{"name":"239606703980.jpg","transform":[0.008609254,-0.96823364,0.2498991,0.0,0.9996426,0.014658989,0.022357617,0.0,-0.025310678,0.24961731,0.9680138,0.0,-1.8548334,-0.024392964,-6.2404575,1.0],"params":{"w":1024,"h":768,"cx":514.6195,"cy":387.47885,"fx":709.1831,"fy":709.1831}},{"name":"239607104146.jpg","transform":[-0.02676463,-0.9579132,0.2858076,0.0,0.9979518000000001,-0.008985784,0.06333703,0.0,-0.058103185,0.2869174,0.9561917,0.0,-1.9646266,-0.025240334,-6.3783174,1.0],"params":{"w":1024,"h":768,"cx":514.58386,"cy":387.44028,"fx":709.12915,"fy":709.12915}},{"name":"239607504313.jpg","transform":[0.033829708,-0.9358299,0.35082486,0.0,0.9993892,0.034754805,-0.003661267,0.0,-0.008766538,0.35073444,0.936434,0.0,-2.0671918,-0.052128557,-6.461098,1.0],"params":{"w":1024,"h":768,"cx":514.3781,"cy":387.38162,"fx":709.118,"fy":709.118}},{"name":"239608271299.jpg","transform":[0.01898321,-0.90864354,0.4171411,0.0,0.9994884,0.02798793,0.015480493,0.0,-0.025741179,0.4166338,0.90871,0.0,-2.296141,-0.107823566,-6.5135355,1.0],"params":{"w":1024,"h":768,"cx":514.277,"cy":387.33224,"fx":708.5812,"fy":708.5812}},{"name":"239609238368.jpg","transform":[-0.008612232,-0.9168807,0.3990686,0.0,0.99738336,0.020770816,0.069246374,0.0,-0.07177966,0.39862078,0.91430265,0.0,-2.6761975,-0.08730199,-6.4502187,1.0],"params":{"w":1024,"h":768,"cx":514.2865,"cy":387.72977,"fx":708.3191,"fy":708.3191}},{"name":"239609688555.jpg","transform":[0.07542368,-0.9019649,0.42517138,0.0,0.997116,0.06462503,-0.039787855,0.0,0.008410516,0.42694622,0.9042379,0.0,-2.7273545,-0.09482724,-6.450821,1.0],"params":{"w":1024,"h":768,"cx":514.312,"cy":387.57596,"fx":708.2937,"fy":708.2937}},{"name":"239609871965.jpg","transform":[0.1480217,-0.8972474,0.41597673,0.0,0.9738377,0.058904294,-0.21947715,0.0,0.17242248,0.43758127,0.88249254,0.0,-2.771077,-0.100724824,-6.439035,1.0],"params":{"w":1024,"h":768,"cx":514.3012,"cy":387.48135,"fx":707.9935,"fy":707.9935}},{"name":"239609955333.jpg","transform":[0.19631901,-0.9037104,0.38048184,0.0,0.94832355,0.07634262,-0.30798393,0.0,0.24928135,0.42128304,0.87199736,0.0,-2.7959611,-0.09952302,-6.429968,1.0],"params":{"w":1024,"h":768,"cx":514.2859,"cy":387.40283,"fx":708.0079,"fy":708.0079}},{"name":"239610088722.jpg","transform":[0.2516182,-0.9026729,0.3490989,0.0,0.8940624,0.078674085,-0.44097936,0.0,0.37059507,0.42307463,0.8268418,0.0,-2.8341815,-0.09539095,-6.417583,1.0],"params":{"w":1024,"h":768,"cx":514.27704,"cy":387.41803,"fx":708.85596,"fy":708.85596}},{"name":"239610205437.jpg","transform":[0.27969998,-0.905227,0.31989393,0.0,0.84511715,0.074034244,-0.52943,0.0,0.4555712,0.41842937,0.7857302,0.0,-2.863345,-0.09234782,-6.4089127,1.0],"params":{"w":1024,"h":768,"cx":514.2747,"cy":387.49423,"fx":710.3139,"fy":710.3139}},{"name":"239610405520.jpg","transform":[0.3268035,-0.9004769,0.28695077,0.0,0.7627422,0.0720166,-0.6426801,0.0,0.55805343,0.42889968,0.710367,0.0,-2.9125426,-0.09069838,-6.3960667,1.0],"params":{"w":1024,"h":768,"cx":514.2918,"cy":387.70056,"fx":710.95557,"fy":710.95557}},{"name":"239610939076.jpg","transform":[0.32926863,-0.9191174,0.21634568,0.0,0.6587623,0.059460297,-0.7499978,0.0,0.676472,0.38947114,0.62505835,0.0,-3.0538173,-0.08248321,-6.359981,1.0],"params":{"w":1024,"h":768,"cx":514.3052,"cy":387.62033,"fx":709.5388,"fy":709.5388}},{"name":"239611339243.jpg","transform":[0.22416225,-0.9561929,0.18827213,0.0,0.7227745,0.03352895,-0.69027007,0.0,0.65371877,0.2908108,0.6986278,0.0,-3.15429,-0.046702586,-6.3531685,1.0],"params":{"w":1024,"h":768,"cx":514.4103,"cy":387.67023,"fx":708.55414,"fy":708.55414}},{"name":"239611606020.jpg","transform":[0.1560261,-0.97549844,0.15510856,0.0,0.7777326,0.024521085,-0.6281168,0.0,0.60892355,0.2186356,0.76250297,0.0,-3.2106097,-0.022976438,-6.405677,1.0],"params":{"w":1024,"h":768,"cx":514.4944,"cy":387.74814,"fx":708.26514,"fy":708.26514}},{"name":"239611939492.jpg","transform":[0.10315617,-0.9859032,0.13173355,0.0,0.86071664,0.022099465,-0.5086046,0.0,0.49852365,0.16585095,0.850863,0.0,-3.2907627,-0.005989449,-6.5493636,1.0],"params":{"w":1024,"h":768,"cx":514.5688,"cy":387.68463,"fx":707.6172,"fy":707.6172}},{"name":"239612256291.jpg","transform":[0.059092123,-0.9897608,0.12992941,0.0,0.9202062,0.003556677,-0.39141768,0.0,0.38694778,0.14269157,0.91099423,0.0,-3.3487828,0.023036096,-6.7009788,1.0],"params":{"w":1024,"h":768,"cx":514.6366,"cy":387.56223,"fx":707.5743,"fy":707.5743}},{"name":"239612506395.jpg","transform":[0.08171301,-0.988544,0.12690039,0.0,0.9645351,0.046371397,-0.25984874,0.0,0.25098735,0.14363293,0.9572747,0.0,-3.399042,0.027592998,-6.800568,1.0],"params":{"w":1024,"h":768,"cx":514.5632,"cy":387.33713,"fx":707.363,"fy":707.363}},{"name":"239612656458.jpg","transform":[0.051121913,-0.99378145,0.09891916,0.0,0.98461556,0.033581905,-0.17147699,0.0,0.16708873,0.10616358,0.9802095,0.0,-3.431415,0.023339598,-6.8619847,1.0],"params":{"w":1024,"h":768,"cx":514.54364,"cy":387.35034,"fx":707.3678,"fy":707.3678}},{"name":"239613006603.jpg","transform":[-0.011357118,-0.9929853,0.117691666,0.0,0.99890643,-0.0059280526,0.046377357,0.0,-0.045354366,0.11808968,0.9919667,0.0,-3.5231996,0.03022149,-7.0027246,1.0],"params":{"w":1024,"h":768,"cx":514.6617,"cy":387.44806,"fx":706.8087,"fy":706.8087}},{"name":"239613106645.jpg","transform":[-0.011175892,-0.9923729,0.1227644,0.0,0.9950829,0.0010454118,0.099038295,0.0,-0.09841127,0.12326762,0.98748183,0.0,-3.5473325,0.029928962,-7.0327209999999996,1.0],"params":{"w":1024,"h":768,"cx":514.6591,"cy":387.42126,"fx":706.8389,"fy":706.8389}},{"name":"239613390096.jpg","transform":[-0.036600325,-0.9776393,0.20707944,0.0,0.98350096,0.0014970414,0.18089683,0.0,-0.17716189,0.21028371,0.9614544,0.0,-3.6013541,0.016471235,-7.102008,1.0],"params":{"w":1024,"h":768,"cx":514.61505,"cy":387.48694,"fx":706.86273,"fy":706.86273}},{"name":"239613973673.jpg","transform":[-0.05191769,-0.94034743,0.33623087,0.0,0.9770388,0.021837508,0.21193904,0.0,-0.20663883,0.339514,0.9176222,0.0,-3.6642725,-0.044974975,-7.2554007,1.0],"params":{"w":1024,"h":768,"cx":514.52435,"cy":387.43674,"fx":707.12476,"fy":707.12476}},{"name":"239614157083.jpg","transform":[-0.035607807,-0.94503677,0.32501948,0.0,0.9885009,0.014520455,0.15051621,0.0,-0.14696284,0.32664156,0.9336527,0.0,-3.70111,-0.054565966,-7.33427,1.0],"params":{"w":1024,"h":768,"cx":514.59515,"cy":387.3013,"fx":707.128,"fy":707.128}},{"name":"239614373839.jpg","transform":[-0.04024424,-0.9685061,0.24571618,0.0,0.99740916,-0.024264295,0.067719825,0.0,-0.059624955,0.24780494,0.9669735,0.0,-3.7445076,-0.03450847,-7.4334383,1.0],"params":{"w":1024,"h":768,"cx":514.6355,"cy":387.3015,"fx":707.1153,"fy":707.1153}},{"name":"239614590596.jpg","transform":[-0.03825991,-0.9841073,0.1734043,0.0,0.9992562,-0.038515717,0.0018906826,0.0,0.004818146,0.17334767,0.984849,0.0,-3.783162,-0.0021985997,-7.5286064,1.0],"params":{"w":1024,"h":768,"cx":514.654,"cy":387.3657,"fx":707.1153,"fy":707.1153}},{"name":"239615024110.jpg","transform":[-0.05472764,-0.98531216,0.16175568,0.0,0.99830514,-0.05720482,-0.010693415,0.0,0.019789545,0.1608963,0.9867729,0.0,-3.845819,0.012508066,-7.703977,1.0],"params":{"w":1024,"h":768,"cx":514.44586,"cy":387.23233,"fx":707.1089,"fy":707.1089}},{"name":"239615490971.jpg","transform":[-0.031172184,-0.9888857,0.14537342,0.0,0.99785864,-0.03915691,-0.05239113,0.0,0.057501204,0.14342897,0.9879888,0.0,-3.9614522,0.0038559204,-7.9348626,1.0],"params":{"w":1024,"h":768,"cx":514.61273,"cy":387.00488,"fx":707.0724,"fy":707.0724}},{"name":"239615824443.jpg","transform":[-0.012902603,-0.9786589,0.20508651,0.0,0.99276465,-0.03702546,-0.11422524,0.0,0.11938094,0.20212884,0.9720557,0.0,-4.0409102,-0.002727394,-8.083084,1.0],"params":{"w":1024,"h":768,"cx":514.62616,"cy":387.16904,"fx":707.12634,"fy":707.12634}},{"name":"239616091221.jpg","transform":[0.027375655,-0.973733,0.22604114,0.0,0.9720039,-0.026859704,-0.233424,0.0,0.23336405,0.22610302,0.945737,0.0,-4.10244,-0.012414713,-8.191561,1.0],"params":{"w":1024,"h":768,"cx":514.5263,"cy":387.2701,"fx":707.1582,"fy":707.1582}},{"name":"239616408020.jpg","transform":[0.061502732,-0.9694226,0.23756564,0.0,0.9404366,-0.02345025,-0.33915937,0.0,0.33435974,0.24427466,0.91023827,0.0,-4.129913,-0.019061286,-8.346486,1.0],"params":{"w":1024,"h":768,"cx":514.5825,"cy":387.44986,"fx":707.41705,"fy":707.41705}},{"name":"239616658124.jpg","transform":[0.12964796,-0.96065086,0.24564499,0.0,0.8894363,0.003166649,-0.4570481,0.0,0.43828577,0.27774096,0.8548484,0.0,-4.154732,-0.0069350637,-8.450024,1.0],"params":{"w":1024,"h":768,"cx":514.63367,"cy":387.33966,"fx":707.4552,"fy":707.4552}},{"name":"239616891554.jpg","transform":[0.16848174,-0.96707374,0.19074169,0.0,0.80384576,0.022807367,-0.59440035,0.0,0.5704787,0.2534725,0.78122073,0.0,-4.19178,0.0078618275,-8.499055,1.0],"params":{"w":1024,"h":768,"cx":514.51984,"cy":387.09567,"fx":707.6918,"fy":707.6918}},{"name":"239617158332.jpg","transform":[0.15263377,-0.97683215,0.15000643,0.0,0.69101477,-0.0030277364,-0.7228342,0.0,0.7065419,0.2139856,0.67454344,0.0,-4.248935,0.026007874,-8.534374,1.0],"params":{"w":1024,"h":768,"cx":514.4279,"cy":387.17294,"fx":707.9919,"fy":707.9919}},{"name":"239617375089.jpg","transform":[0.13693976,-0.9826527,0.12506506,0.0,0.59982723,-0.018218137,-0.7999221,0.0,0.7883241,0.18455857,0.58692706,0.0,-4.312524,0.03324365,-8.556733,1.0],"params":{"w":1024,"h":768,"cx":514.4535,"cy":387.22827,"fx":708.60815,"fy":708.60815}},{"name":"239617575172.jpg","transform":[0.11742462,-0.98819405,0.09840827,0.0,0.492493,-0.028102642,-0.8698626,0.0,0.8623585,0.15060866,0.48337868,0.0,-4.3773627,0.04238221,-8.571642,1.0],"params":{"w":1024,"h":768,"cx":514.53613,"cy":387.191,"fx":708.8766,"fy":708.8766}},{"name":"239617875297.jpg","transform":[0.11977342,-0.9903945,0.06908745,0.0,0.33533335,-0.025141543,-0.9417639,0.0,0.93445474,0.13596562,0.329101,0.0,-4.481843,0.05247142,-8.583251,1.0],"params":{"w":1024,"h":768,"cx":514.59467,"cy":387.1832,"fx":709.1879,"fy":709.1879}},{"name":"239618208769.jpg","transform":[0.1391604,-0.98863786,0.056829285,0.0,0.18900582,-0.029815907,-0.9815231,0.0,0.9720654,0.14733022,0.1827091,0.0,-4.5662127,0.051927656,-8.579384,1.0],"params":{"w":1024,"h":768,"cx":514.5702,"cy":387.17807,"fx":709.13385,"fy":709.13385}},{"name":"239618625609.jpg","transform":[0.20172992,-0.97869813,0.03814431,0.0,-0.0153081445,-0.042090755,-0.9989964,0.0,0.9793215,0.20094356,-0.023473028,0.0,-4.64587,0.04367555,-8.561367,1.0],"params":{"w":1024,"h":768,"cx":514.5566,"cy":387.18143,"fx":709.15607,"fy":709.15607}},{"name":"239618992429.jpg","transform":[0.23112239,-0.9716176,-0.050416656,0.0,-0.25897107,-0.011486782,-0.96581674,0.0,0.9378254,0.23627834,-0.2542757,0.0,-4.706032,0.031503998,-8.563255,1.0],"params":{"w":1024,"h":768,"cx":514.5374,"cy":387.2139,"fx":708.8337,"fy":708.8337}},{"name":"239619475963.jpg","transform":[0.21656093,-0.9705084,-0.10590072,0.0,-0.43718237,0.0005848372,-0.8993727,0.0,0.87291074,0.24106692,-0.4241625,0.0,-4.7444496,0.028589586,-8.58349,1.0],"params":{"w":1024,"h":768,"cx":514.52295,"cy":387.28928,"fx":707.9682,"fy":707.9682}},{"name":"239620026192.jpg","transform":[0.19275951,-0.97560096,-0.105103105,0.0,-0.53607774,-0.014989046,-0.84403557,0.0,0.8218665,0.2190393,-0.52588725,0.0,-4.844561,0.028994413,-8.54542,1.0],"params":{"w":1024,"h":768,"cx":514.58673,"cy":387.3398,"fx":707.3916,"fy":707.3916}},{"name":"239620342991.jpg","transform":[0.13644661,-0.98801905,-0.072116524,0.0,-0.57568413,-0.019837504,-0.81743157,0.0,0.8062073,0.15305209,-0.5714936,0.0,-4.9650626,0.051012136,-8.489857,1.0],"params":{"w":1024,"h":768,"cx":514.697,"cy":387.3353,"fx":707.1486,"fy":707.1486}},{"name":"239620776505.jpg","transform":[0.094589,-0.99482334,-0.037142307,0.0,-0.670895,-0.03613611,-0.74067134,0.0,0.73549485,0.09497795,-0.6708401,0.0,-5.0934205,0.0898747,-8.406771,1.0],"params":{"w":1024,"h":768,"cx":514.57874,"cy":387.18634,"fx":706.81824,"fy":706.81824}},{"name":"239621310060.jpg","transform":[0.08856359,-0.9950954,-0.044063214,0.0,-0.82940793,-0.049176484,-0.55647457,0.0,0.55157834,0.08582978,-0.82969534,0.0,-5.201376,0.09524844,-8.349621,1.0],"params":{"w":1024,"h":768,"cx":514.54193,"cy":387.29077,"fx":706.5848,"fy":706.5848}},{"name":"239621593511.jpg","transform":[0.075184666,-0.98736966,-0.13945822,0.0,-0.91659474,-0.013355813,-0.39959455,0.0,0.39268494,0.15787004,-0.906022,0.0,-5.2522283,0.07889295,-8.3480835,1.0],"params":{"w":1024,"h":768,"cx":514.5691,"cy":387.20898,"fx":706.5118,"fy":706.5118}},{"name":"239621977004.jpg","transform":[0.06185081,-0.9681279,-0.24269885,0.0,-0.97875345,-0.011205136,-0.2047339,0.0,0.19548917,0.2502053,-0.9482516,0.0,-5.28223,0.04875306,-8.352155,1.0],"params":{"w":1024,"h":768,"cx":514.54645,"cy":387.13013,"fx":706.77545,"fy":706.77545}},{"name":"239622493886.jpg","transform":[0.014336085,-0.9327958,-0.3601202,0.0,-0.9997953,-0.008231463,-0.01847959,0.0,0.01427338,0.36031145,-0.932723,0.0,-5.260321,-0.0127572,-8.375979,1.0],"params":{"w":1024,"h":768,"cx":514.4583,"cy":387.15103,"fx":706.8484,"fy":706.8484}},{"name":"239622960747.jpg","transform":[-0.038808692,-0.954198,-0.2966482,0.0,-0.98088086,-0.02027823,0.19354966,0.0,-0.19070019,0.29848796,-0.93516755,0.0,-5.2273164,0.00063507963,-8.501687,1.0],"params":{"w":1024,"h":768,"cx":514.4364,"cy":387.35132,"fx":706.7992,"fy":706.7992}},{"name":"239624027857.jpg","transform":[0.0026564803,-0.99186635,-0.12725656,0.0,-0.9860468,-0.023779718,0.16476077,0.0,-0.16644678,0.12504324,-0.97808987,0.0,-5.4697623,0.077641256,-8.617692,1.0],"params":{"w":1024,"