{"format_version":1,"windows":[{"identifier":"934ACD05-D412-4BFE-B462-1E766C8A207B","parentIdentifier":"4","wall_thickness":0.1,"dimensions":[2.79361612358062,1.6129849,0.0],"transform":[0.7009196969355337,0.0,-0.7132401968816674,0.0,0.0,1.0,0.0,0.0,0.7132401968816674,0.0,0.7009196969355337,0.0,-6.179114783306643,1.0044601,6.021878069013759,1.0],"category":{"window":{}},"color":[null,null],"story":0},{"identifier":"AD7BAFEA-7797-4AFB-ACEF-269B9F7D9FF5","parentIdentifier":"4","wall_thickness":0.1,"dimensions":[0.8277706804674058,1.4433355,0.0],"transform":[0.7009196969355337,0.0,-0.7132401968816673,0.0,0.0,1.0,0.0,0.0,0.7132401968816673,0.0,0.7009196969355337,0.0,-9.460558603687451,1.0679978,9.361001861278654,1.0],"category":{"window":{}},"color":[null,null],"story":0},{"identifier":"C02E8767-DFC9-479C-BCCD-BC679DB5E663","parentIdentifier":"4","wall_thickness":0.1,"dimensions":[0.8676633921789735,1.4646225,0.0],"transform":[0.7009196969355327,0.0,-0.7132401968816684,0.0,0.0,1.0,0.0,0.0,0.7132401968816684,0.0,0.7009196969355327,0.0,-8.691617658944374,1.0786413,8.578544764956861,1.0],"category":{"window":{}},"color":[null,null],"story":0},{"identifier":"E49E7EF2-59E0-478B-A8FD-386BC69E1E30","parentIdentifier":"0","wall_thickness":0.1,"dimensions":[1.852622096856477,0.8057228,0.0],"transform":[-0.7132401968816677,0.0,-0.7009196969355334,0.0,0.0,1.0,0.0,0.0,0.7009196969355334,0.0,-0.7132401968816677,0.0,-4.017641839824897,1.2844015,-1.0278473136972621,1.0],"category":{"window":{}},"color":[null,null],"story":0},{"identifier":"E59DAE33-5756-4CC6-86D6-5059F104ED15","parentIdentifier":"8","wall_thickness":0.1,"dimensions":[0.8167031300495449,1.1997356,0.0],"transform":[-0.7132401968816667,0.0,-0.7009196969355342,0.0,0.0,1.0,0.0,0.0,0.7009196969355342,0.0,-0.7132401968816667,0.0,-3.755820199157837,1.2110847,1.52753223861869,1.0],"category":{"window":{}},"color":[null,null],"story":0},{"identifier":"ED8AA9BD-D5F9-439F-889B-9E5CC8E6FC69","parentIdentifier":"10","wall_thickness":0.1,"dimensions":[0.7303817755520223,1.5024111,0.0],"transform":[-0.7132401968816672,0.0,-0.7009196969355339,0.0,0.0,1.0,0.0,0.0,0.7009196969355339,0.0,-0.7132401968816672,0.0,-7.537194854524552,1.059747,-2.0740242283555013,1.0],"category":{"window":{}},"color":[null,null],"story":0},{"identifier":"F87B97EC-8B10-46DA-A961-A0E194674E53","parentIdentifier":"0","wall_thickness":0.1,"dimensions":[0.8406169244174758,0.69178224,0.0],"transform":[-0.7132401968816677,0.0,-0.7009196969355334,0.0,0.0,1.0,0.0,0.0,0.7009196969355334,0.0,-0.7132401968816677,0.0,-5.403037929792209,1.3739262,-2.389312093390081,1.0],"category":{"window":{}},"color":[null,null],"story":0}],"doors":[{"identifier":"257A11FA-DED6-4B80-852E-3A74B32F1E67","parentIdentifier":"3","wall_thickness":0.1,"dimensions":[3.5394604234719127,2.07,0.0],"transform":[-0.7132401968816677,0.0,-0.7009196969355334,0.0,0.0,1.0,0.0,0.0,0.7009196969355334,0.0,-0.7132401968816677,0.0,-9.336916284672526,-0.46154553,11.852790217996887,1.0],"category":{"door":{}},"color":[null,null],"story":0},{"identifier":"6F2BEAF4-790D-4D81-8F81-86D5F8E60912","parentIdentifier":"1","wall_thickness":0.1,"dimensions":[0.9389566168633154,3.307498,0.0],"transform":[0.700919696935534,0.0,-0.7132401968816671,0.0,0.0,1.0,0.0,0.0,0.7132401968816671,0.0,0.700919696935534,0.0,-3.8835589419184204,0.15720358,0.36539257977572603,1.0],"category":{"door":{}},"color":[null,null],"story":0,"door_swing_dir":"left_p2","door_swing_dir_conf":1.0}],"openings":[],"walls":[{"identifier":"0","wall_thickness":0.1,"dimensions":[3.556276231809781,3.6350002,0.0],"transform":[-0.7132401968816674,0.0,-0.7009196969355336,0.0,0.0,0.9999999999999999,0.0,0.0,0.7009196969355336,0.0,-0.7132401968816674,0.0,-4.5211576935513555,0.32095456,-1.5226654424836004,1.0],"category":{"wall":{}},"color":[[0.9686274509803922,1.0,1.0],null],"story":0},{"identifier":"1","wall_thickness":0.1,"dimensions":[1.6390834699736967,3.6350002,0.0],"transform":[0.7009196969355339,0.0,-0.7132401968816672,0.0,0.0,1.0,0.0,0.0,0.7132401968816672,0.0,0.7009196969355339,0.0,-3.827351058193558,0.32095456,0.3081966952407395,1.0],"category":{"wall":{}},"color":[[0.3254901960784314,0.2901960784313726,0.25882352941176473],null],"story":0},{"identifier":"10","wall_thickness":0.1,"dimensions":[5.380408217327698,3.6350002,0.0],"transform":[-0.7132401968816677,0.0,-0.7009196969355334,0.0,0.0,1.0,0.0,0.0,0.7009196969355334,0.0,-0.7132401968816677,0.0,-8.914265571434745,0.32095456,-3.4273074473544822,1.0],"category":{"wall":{}},"color":[[1.0,1.0,0.9372549019607843],null],"story":0},{"identifier":"2","wall_thickness":0.1,"dimensions":[19.530371390143543,2.1,0.0],"transform":[-0.7009196969355338,0.0,0.7132401968816672,0.0,0.0,1.0,0.0,0.0,-0.7132401968816672,0.0,-0.7009196969355338,0.0,-1.183701949320315,-0.44654554,6.173865794226289,1.0],"category":{"wall":{}},"color":[[0.5372549019607843,0.5450980392156862,0.5372549019607843],null],"story":0},{"identifier":"3","wall_thickness":0.1,"dimensions":[3.669460423511506,2.1,0.0],"transform":[-0.7132401968816684,0.0,-0.7009196969355327,0.0,0.0,1.0,0.0,0.0,0.7009196969355327,0.0,-0.7132401968816684,0.0,-9.336916284686644,-0.44654554,11.85279021798301,1.0],"category":{"wall":{}},"color":[[0.16470588235294117,0.1607843137254902,0.17254901960784313],null],"story":0},{"identifier":"4","wall_thickness":0.1,"dimensions":[11.276289210892768,3.6350002,0.0],"transform":[0.7009196969355336,0.0,-0.7132401968816675,0.0,0.0,1.0,0.0,0.0,0.7132401968816675,0.0,0.7009196969355336,0.0,-6.693633014015872,0.32095456,6.545440305564816,1.0],"category":{"wall":{}},"color":[[0.3686274509803922,0.43137254901960786,0.5215686274509804],null],"story":0},{"identifier":"5","wall_thickness":0.1,"dimensions":[13.360819901479712,3.6350002,0.0],"transform":[0.7132401968816673,0.0,0.7009196969355338,0.0,0.0,1.0,0.0,0.0,-0.7009196969355338,0.0,0.7132401968816673,0.0,0.4961944163700833,0.32095456,-7.310366383024953,1.0],"category":{"wall":{}},"color":[[0.4,0.47058823529411764,0.4627450980392157],null],"story":0},{"identifier":"6","wall_thickness":0.1,"dimensions":[9.365530482456855,3.6350002,0.0],"transform":[0.7009196969355336,0.0,-0.7132401968816675,0.0,0.0,1.0,0.0,0.0,0.7132401968816675,0.0,0.7009196969355336,0.0,-7.55078488584794,0.32095456,-8.652860898498266,1.0],"category":{"wall":{}},"color":[[0.7529411764705882,0.8470588235294118,0.8235294117647058],null],"story":0},{"identifier":"7","wall_thickness":0.1,"dimensions":[0.9766295111406935,3.6350002,0.0],"transform":[-0.7009196969355336,0.0,0.7132401968816675,0.0,0.0,1.0,0.0,0.0,-0.7132401968816675,0.0,-0.7009196969355336,0.0,4.9186618944025104,0.32095456,-2.2796497525440333,1.0],"category":{"wall":{}},"color":[[0.4,0.47058823529411764,0.4627450980392157],null],"story":0},{"identifier":"8","wall_thickness":0.1,"dimensions":[2.3274593945723683,3.6350002,0.0],"transform":[-0.7132401968816674,0.0,-0.7009196969355336,0.0,0.0,0.9999999999999999,0.0,0.0,0.7009196969355336,0.0,-0.7132401968816674,0.0,-3.57176520429712,0.32095456,1.7084078703922148,1.0],"category":{"wall":{}},"color":[[1.0,1.0,0.9372549019607843],null],"story":0},{"identifier":"9","wall_thickness":0.1,"dimensions":[1.7207486038279265,3.6350002,0.0],"transform":[-0.7009196969355336,0.0,0.7132401968816675,0.0,0.0,1.0,0.0,0.0,-0.7132401968816675,0.0,-0.7009196969355336,0.0,-6.392450568370814,0.32095456,-2.155343935304134,1.0],"category":{"wall":{}},"color":[[0.47843137254901963,0.4666666666666667,0.4470588235294118],null],"story":0}],"objects":[{"identifier":"13D66B67-5011-4326-9B4D-4BC9B1E89E11","category_detail":"chair_other_four_back_no","dimensions":[0.5915529,0.7435252997580102,0.63720703],"transform":[0.7009196969355336,0.0,-0.7132401968816675,0.0,0.0,1.0,0.0,0.0,0.7132401968816675,0.0,0.7009196969355336,0.0,-3.8726004561521745,-1.0046601198790048,4.2566664766727165,1.0],"story":0,"confidence":{"high":{}},"attributes":{"ChairType":"other","ChairLegType":"four","ChairBackType":"existing","ChairArmType":"missing"},"category":{"chair":{}}},{"identifier":"253BD58A-3F34-42FE-898D-E3F94C012FD2","category_detail":"stairs3","dimensions":[0.93749964,0.2,1.0415037],"transform":[0.7132401968816676,0.0,0.7009196969355335,0.0,0.0,1.0,0.0,0.0,-0.7009196969355335,0.0,0.7132401968816676,0.0,-6.230909434972606,-1.4514847999999996,-3.3463541070826843,1.0],"story":0,"confidence":{"high":{}},"attributes":{},"category":{"stairs":{}}},{"identifier":"308242C1-DC4C-44A7-984C-04240FBD3BFF","category_detail":"chair_dining_four_back_arms","dimensions":[0.55957025,0.9485095550399334,0.6425782],"transform":[-0.33149930495657565,0.0,0.9434554630788394,0.0,0.0,0.9999999999999999,0.0,0.0,-0.9434554630788394,0.0,-0.33149930495657565,0.0,-0.45309443859847587,-1.0364612775199662,-5.477261115312559,1.0],"story":0,"confidence":{"high":{}},"attributes":{"ChairType":"dining","ChairLegType":"four","ChairBackType":"existing","ChairArmType":"existing"},"category":{"chair":{}}},{"identifier":"637324C8-2325-4A41-84D0-D7A0A4D895BA","category_detail":"stairs3","dimensions":[1.7477833,0.6382543,1.4965819],"transform":[0.7009196969355336,0.0,-0.7132401968816675,0.0,0.0,1.0,0.0,0.0,0.7132401968816675,0.0,0.7009196969355336,0.0,-2.5447600499948124,-1.1774184999999995,1.4223281101509229,1.0],"story":0,"confidence":{"high":{}},"attributes":{},"category":{"stairs":{}}}],"rooms":[{"id":"0","area":131.63230248837874,"category":"Other","label_automated":"Other 1","vertices_x":[5.6609090485886,4.539136017914624,4.576392463918994,5.260931324886028,-4.26854249214586,-10.83302727955002,-6.9955038633194695,-5.789397273422157,-3.252918113680555,-4.401784002706561,-2.741746405887679,-0.12453973097284576],"vertices_z":[-0.7910571735127421,-1.8934527144933184,-1.9313640401408159,-2.6279354649472504,-11.992797301102657,-5.312924495893873,-1.5416903988150914,-2.7689974717931767,-0.2763334131740236,0.8927268036555022,2.5240889371289272,5.0960860250935465],"edges":[["Existing wall"],["Existing wall"],["Existing wall","7"],["Existing wall","5"],["Existing wall","6"],["Existing wall","10"],["Existing wall","9"],["Existing wall","0"],["Existing wall","1"],["Existing wall","8"],["Existing wall"],["Existing wall","2"]],"curved_edges":[{},{},{},{},{},{},{},{},{},{},{},{}],"center_xz":[-2.182994682383339,-4.584083516909608],"floor_height":-1.510716055039933,"ceiling":[{"transform":[1.0,0.0,-0.0,0.0,-0.0,2.220446049250313e-16,-1.0,0.0,0.0,1.0,2.220446049250313e-16,0.0,-2.58605911548071,0.6034544600000008,-3.449355638004555,1.0],"dimensions":[16.49393632813862,17.088883326196203,0.0],"polygon":[[8.24696816406931,-2.657298464491813],[7.125195133395334,-1.5549029235112368],[7.162451579399704,-1.5169915978637394],[7.846990440366738,-0.8204201730573049],[-1.6824833766651501,8.544441663098102],[-8.24696816406931,1.864568857889318],[-4.4094447478387595,-1.9066652391894638],[-3.203338157941447,-0.6793581662113786],[-0.666858998199845,-3.1720222248305316],[-1.8157248872258513,-4.341082441660057],[-0.15568729040696905,-5.9724445751334825],[2.4615193845078642,-8.544441663098102]]}],"ceiling_curr":[{"transform":[1.0,0.0,-0.0,0.0,-0.0,2.220446049250313e-16,-1.0,0.0,0.0,1.0,2.220446049250313e-16,0.0,-2.58605911548071,0.6034544600000008,-3.449355638004555,1.0],"dimensions":[16.49393632813862,17.088883326196203,0.0],"polygon":[[8.24696816406931,-2.657298464491813],[7.125195133395334,-1.5549029235112368],[7.162451579399704,-1.5169915978637394],[7.846990440366738,-0.8204201730573049],[-1.6824833766651501,8.544441663098102],[-8.24696816406931,1.864568857889318],[-4.4094447478387595,-1.9066652391894638],[-3.203338157941447,-0.6793581662113786],[-0.666858998199845,-3.1720222248305316],[-1.8157248872258513,-4.341082441660057],[-0.15568729040696905,-5.9724445751334825],[2.4615193845078642,-8.544441663098102]]}],"ceiling_lidar_avg_diff":0.7641721199161282,"ceiling_lidar_valid_pct":0.09482758620689655,"story":0},{"id":"1","area":41.37789698344079,"category":"Other","label_automated":"Other 2","vertices_x":[-2.741746405887679,-10.645519622144066,-8.02831294722923,-0.12453973097284576],"vertices_z":[2.5240889371289272,10.566791674000706,13.138788761965321,5.0960860250935465],"edges":[["Existing wall","4"],["Existing wall","3"],["Existing wall","2"],["Existing wall"]],"curved_edges":[{},{},{},{}],"center_xz":[-5.385029676558456,7.831438849547125],"floor_height":-1.3764227697580098,"ceiling":[{"transform":[0.7009196969355336,5.551115123125783e-17,-0.7132401968816675,0.0,0.7132401968816675,-2.220446049250313e-16,0.7009196969355336,0.0,-5.551115123125783e-17,-1.0,-2.220446049250313e-16,0.0,-5.384316436361575,2.13845466,7.832139769244064,1.0],"dimensions":[11.276289210892768,3.669460423511509,0.0],"polygon":[[5.638144605446384,-1.834730211755751],[-5.638144605446384,-1.8347302117557545],[-5.638144605446379,1.834730211755751],[5.638144605446384,1.8347302117557545]]}],"ceiling_curr":[{"transform":[0.7009196969355336,5.551115123125783e-17,-0.7132401968816675,0.0,0.7132401968816675,-2.220446049250313e-16,0.7009196969355336,0.0,-5.551115123125783e-17,-1.0,-2.220446049250313e-16,0.0,-5.384316436361575,2.13845466,7.832139769244064,1.0],"dimensions":[11.276289210892768,3.669460423511509,0.0],"polygon":[[5.638144605446384,-1.834730211755751],[-5.638144605446384,-1.8347302117557545],[-5.638144605446379,1.834730211755751],[5.638144605446384,1.8347302117557545]]}],"ceiling_lidar_avg_diff":0.6666804870242115,"ceiling_lidar_valid_pct":0.06451612903225806,"story":0}],"floors":[{"story":0,"polygonCorners":[[-10.3042955,-7.32813085,0.0],[-10.2688585,-3.75884635,0.0],[1.0068749999999995,-3.8707902499999993,0.0],[1.0299808999999995,-1.54344585,0.0],[2.6689835,-1.5597176499999998,0.0],[2.7052804999999998,2.0963785500000003,0.0],[0.9846169999999994,2.11346075,0.0],[1.0348533999999996,7.17371575,0.0],[10.3042955,7.52152085,0.0],[10.1704665,-5.9585408499999994,0.0],[9.243883499999999,-5.94934155,0.0],[9.1751185,-7.52152085,0.0]],"transform":[0.6938045505523482,-2.50000009027751e-8,-0.7201633464935948,0.0,-0.7201633464935948,1.0629374824766558e-8,-0.6938045505523487,0.0,2.5000000569708192e-8,0.9999999999999996,-1.0629375601922675e-8,0.0,-6.157213824909876,-1.4965456000000246,0.5630154777935596,1.0]}],"joints":[{"id":"0","position":[-3.252918113680555,0.2763334131740236],"wall_endpoints":{"0":0.0,"1":1.0},"room_vertices":{"0":{"idx":8}},"story":0},{"id":"1","position":[-5.789397273422157,2.7689974717931767],"wall_endpoints":{"0":1.0,"9":0.0},"room_vertices":{"0":{"idx":7}},"story":0},{"id":"10","position":[5.6609090485886,0.7910571735127421],"wall_endpoints":{"2":0.0},"room_vertices":{"0":{"idx":0}},"story":0},{"id":"11","position":[4.576392463918994,1.9313640401408159],"wall_endpoints":{"7":1.0},"room_vertices":{"0":{"idx":2}},"story":0},{"id":"13","position":[4.539136017914624,1.8934527144933184],"room_vertices":{"0":{"idx":1}},"story":0},{"id":"14","position":[-0.12453973097284576,-5.0960860250935465],"room_vertices":{"0":{"idx":11},"1":{"idx":3}},"story":0},{"id":"2","position":[-4.401784002706561,-0.8927268036555022],"wall_endpoints":{"1":0.0,"8":1.0},"room_vertices":{"0":{"idx":9}},"story":0},{"id":"3","position":[-10.83302727955002,5.312924495893873],"wall_endpoints":{"10":1.0,"6":0.0},"room_vertices":{"0":{"idx":5}},"story":0},{"id":"4","position":[-6.9955038633194695,1.5416903988150914],"wall_endpoints":{"10":0.0,"9":1.0},"room_vertices":{"0":{"idx":6}},"story":0},{"id":"5","position":[-8.02831294722923,-13.138788761965321],"wall_endpoints":{"2":1.0,"3":0.0},"room_vertices":{"1":{"idx":2}},"story":0},{"id":"6","position":[-10.645519622144066,-10.566791674000706],"wall_endpoints":{"3":1.0,"4":0.0},"room_vertices":{"1":{"idx":1}},"story":0},{"id":"7","position":[-2.741746405887679,-2.5240889371289272],"wall_endpoints":{"4":1.0,"8":0.0},"room_vertices":{"0":{"idx":10},"1":{"idx":0}},"story":0},{"id":"8","position":[-4.26854249214586,11.992797301102657],"wall_endpoints":{"5":0.0,"6":1.0},"room_vertices":{"0":{"idx":4}},"story":0},{"id":"9","position":[5.260931324886028,2.6279354649472504],"wall_endpoints":{"5":1.0,"7":0.0},"room_vertices":{"0":{"idx":3}},"story":0}],"latLonAlt":{"latitude":45.639942164310526,"longitude":-122.67651158300461,"altitude":39.89507325924933},"orientation":{"confidence":0.974305680014882,"orientation_degrees":130.7191736497528},"alignment_transform":{"t00":-0.7132401968816674,"t10":0.0,"t20":0.7009196969355336,"t30":0.0,"t01":0.0,"t11":0.9999999999999999,"t21":0.0,"t31":0.0,"t02":-0.7009196969355336,"t12":0.0,"t22":-0.7132401968816674,"t32":0.0,"t03":-4.093634110424222,"t13":0.0,"t23":4.718237677514811,"t33":1.0}}