[{"name":"1251040394120.jpg","transform":[-0.035045258700847626,-0.9275064468383789,0.37215742468833923,0.0,0.9992161989212036,-0.0393710620701313,-0.004028217867016792,0.0,0.01838846504688263,0.37172481417655945,0.9281600117683411,0.0,0.976068377494812,1.3587260246276855,-3.0030698776245117,1.0],"params":{"w":1024,"h":768,"cx":514.8647,"cy":384.5203,"fx":714.0367,"fy":714.0367}},{"name":"1251041393307.jpg","transform":[0.002799190115183592,-0.9827322959899902,0.18500922620296478,0.0,0.9985709190368652,-0.007130985148251057,-0.0529867447912693,0.0,0.05339109152555466,0.18489305675029755,0.9813076853752136,0.0,0.9306865334510803,1.4002097845077515,-2.979990243911743,1.0],"params":{"w":1024,"h":768,"cx":515.0916,"cy":384.8754,"fx":714.0383,"fy":714.0383}},{"name":"1251041659757.jpg","transform":[-0.0021957475692033768,-0.9989441633224487,0.04588321968913078,0.0,0.9951156973838806,-0.0067108324728906155,-0.0984831377863884,0.0,0.09868718683719635,0.04544290155172348,0.9940807223320007,0.0,0.9248648881912231,1.4266806840896606,-2.9734904766082764,1.0],"params":{"w":1024,"h":768,"cx":515.16785,"cy":384.85953,"fx":714.0209,"fy":714.0209}},{"name":"1251041909553.jpg","transform":[-0.004822740331292152,-0.9960561990737915,-0.08860272914171219,0.0,0.9887137413024902,0.008518798276782036,-0.14958354830741882,0.0,0.14974845945835114,-0.08832413703203201,0.984773576259613,0.0,0.916680097579956,1.4552315473556519,-2.9603753089904785,1.0],"params":{"w":1024,"h":768,"cx":515.2296,"cy":384.84216,"fx":713.7254,"fy":713.7254}},{"name":"1251042126044.jpg","transform":[-0.01506852451711893,-0.9803704023361206,-0.19658826291561127,0.0,0.9760264754295349,0.028273064643144608,-0.2158082276582718,0.0,0.2171301394701004,-0.1951272189617157,0.9564414024353027,0.0,0.9057416915893555,1.4760502576828003,-2.947164297103882,1.0],"params":{"w":1024,"h":768,"cx":515.26294,"cy":384.83517,"fx":713.1886,"fy":713.1886}},{"name":"1251042325881.jpg","transform":[-0.049577124416828156,-0.9587051868438721,-0.2800487279891968,0.0,0.9523290991783142,0.039131756871938705,-0.3025529384613037,0.0,0.30101776123046875,-0.2816981077194214,0.9110625386238098,0.0,0.8923594355583191,1.4928091764450073,-2.9340338706970215,1.0],"params":{"w":1024,"h":768,"cx":515.2536,"cy":384.86703,"fx":713.1934,"fy":713.1934}},{"name":"1251042525718.jpg","transform":[-0.09967565536499023,-0.9396300315856934,-0.3273540139198303,0.0,0.9038379788398743,0.052078887820243835,-0.42469483613967896,0.0,0.41610413789749146,-0.3382064700126648,0.8440821766853333,0.0,0.8762980699539185,1.5058214664459229,-2.9219107627868652,1.0],"params":{"w":1024,"h":768,"cx":515.20825,"cy":384.8949,"fx":713.18384,"fy":713.18384}},{"name":"1251042775515.jpg","transform":[-0.16099673509597778,-0.9280195832252502,-0.33595016598701477,0.0,0.8296387791633606,0.05712017044425011,-0.5553732514381409,0.0,0.5345861315727234,-0.3681299388408661,0.7607236504554749,0.0,0.856459379196167,1.512657642364502,-2.9029598236083984,1.0],"params":{"w":1024,"h":768,"cx":515.07336,"cy":384.97415,"fx":713.1791,"fy":713.1791}},{"name":"1251043025311.jpg","transform":[-0.2108597755432129,-0.9297462105751038,-0.30184441804885864,0.0,0.7241232395172119,0.058860402554273605,-0.687154233455658,0.0,0.6566458940505981,-0.363465815782547,0.6608396172523499,0.0,0.8416244387626648,1.5157123804092407,-2.8822734355926514,1.0],"params":{"w":1024,"h":768,"cx":515.0077,"cy":385.02432,"fx":713.1775,"fy":713.1775}},{"name":"1251043291761.jpg","transform":[-0.25159576535224915,-0.930686354637146,-0.2655628025531769,0.0,0.5909847021102905,0.06955979019403458,-0.8036803007125854,0.0,0.7664454579353333,-0.3591454327106476,0.5325195789337158,0.0,0.8298513889312744,1.5187077522277832,-2.85830020904541,1.0],"params":{"w":1024,"h":768,"cx":514.98364,"cy":385.03375,"fx":713.4952,"fy":713.4952}},{"name":"1251043574863.jpg","transform":[-0.2893364429473877,-0.934355616569519,-0.2080060839653015,0.0,0.43582284450531006,0.06488530337810516,-0.8976920247077942,0.0,0.8522598743438721,-0.3503887355327606,0.38843971490859985,0.0,0.8309250473976135,1.5198701620101929,-2.836348295211792,1.0],"params":{"w":1024,"h":768,"cx":515.0185,"cy":385.09778,"fx":713.48395,"fy":713.48395}},{"name":"1251043957885.jpg","transform":[-0.266783207654953,-0.9590551257133484,-0.09507264196872711,0.0,0.19946537911891937,0.041566211730241776,-0.9790231585502625,0.0,0.9428891539573669,-0.2801506221294403,0.1802092045545578,0.0,0.8421871066093445,1.51424241065979,-2.8066396713256836,1.0],"params":{"w":1024,"h":768,"cx":514.9839,"cy":385.15952,"fx":713.4554,"fy":713.4554}},{"name":"1251044240987.jpg","transform":[-0.13464123010635376,-0.9908114671707153,0.012815590016543865,0.0,0.03755790740251541,-0.01802694797515869,-0.9991316795349121,0.0,0.9901821613311768,-0.13404296338558197,0.039639994502067566,0.0,0.8302961587905884,1.4956352710723877,-2.780902862548828,1.0],"params":{"w":1024,"h":768,"cx":515.0071,"cy":385.13498,"fx":713.1854,"fy":713.1854}},{"name":"1251044624008.jpg","transform":[0.06171020120382309,-0.9973427653312683,0.038705360144376755,0.0,-0.04779313504695892,-0.04168756306171417,-0.9979878067970276,0.0,0.9969492554664612,0.05973615124821663,-0.05023866146802902,0.0,0.8301361799240112,1.4675790071487427,-2.7040648460388184,1.0],"params":{"w":1024,"h":768,"cx":515.1883,"cy":384.83856,"fx":713.1775,"fy":713.1775}},{"name":"1251044973723.jpg","transform":[0.22873078286647797,-0.966765284538269,0.11421841382980347,0.0,0.08813245594501495,-0.09628260135650635,-0.9914453625679016,0.0,0.9694934487342834,0.23684068024158478,0.06318071484565735,0.0,0.8536081314086914,1.419827938079834,-2.644690990447998,1.0],"params":{"w":1024,"h":768,"cx":515.2378,"cy":384.75137,"fx":714.051,"fy":714.051}},{"name":"1251045140254.jpg","transform":[0.26151275634765625,-0.9537534117698669,0.14821627736091614,0.0,0.21790249645709991,-0.09125751256942749,-0.9716978073120117,0.0,0.9402834177017212,0.2864071726799011,0.18395976722240448,0.0,0.8773674964904785,1.402753233909607,-2.6488475799560547,1.0],"params":{"w":1024,"h":768,"cx":515.26154,"cy":384.82162,"fx":714.5926,"fy":714.5926}},{"name":"1251045340091.jpg","transform":[0.26088741421699524,-0.9502566456794739,0.17015178501605988,0.0,0.34984850883483887,-0.07120931893587112,-0.9340968132019043,0.0,0.8997468948364258,0.30322107672691345,0.3138678967952728,0.0,0.9175727963447571,1.3905123472213745,-2.674370765686035,1.0],"params":{"w":1024,"h":768,"cx":515.2679,"cy":384.86624,"fx":715.1485,"fy":715.1485}},{"name":"1251045606540.jpg","transform":[0.25269126892089844,-0.9437469244003296,0.213282510638237,0.0,0.5369711518287659,-0.04658346623182297,-0.8423144221305847,0.0,0.8048673272132874,0.32737210392951965,0.49499380588531494,0.0,0.9856614470481873,1.3816403150558472,-2.753809928894043,1.0],"params":{"w":1024,"h":768,"cx":515.24347,"cy":384.92072,"fx":715.99817,"fy":715.99817}},{"name":"1251045922949.jpg","transform":[0.1970420628786087,-0.9535608291625977,0.22780746221542358,0.0,0.6864688396453857,-0.03170386701822281,-0.7264677286148071,0.0,0.6999539732933044,0.29952749609947205,0.6483429670333862,0.0,1.077326774597168,1.384391188621521,-2.83575701713562,1.0],"params":{"w":1024,"h":768,"cx":515.10986,"cy":384.80807,"fx":716.28723,"fy":716.28723}},{"name":"1251046239357.jpg","transform":[0.15822142362594604,-0.964674711227417,0.21063998341560364,0.0,0.8122744560241699,0.0058713024482131004,-0.5832477807998657,0.0,0.5614069700241089,0.26337942481040955,0.7845087647438049,0.0,1.1522070169448853,1.3935126066207886,-2.908414125442505,1.0],"params":{"w":1024,"h":768,"cx":515.0868,"cy":384.6814,"fx":716.284,"fy":716.284}},{"name":"1251046522460.jpg","transform":[0.1007353886961937,-0.9831030964851379,0.1528409868478775,0.0,0.9020473957061768,0.025440897792577744,-0.4308861494064331,0.0,0.41971728205680847,0.18127533793449402,0.8893688917160034,0.0,1.1795289516448975,1.4192062616348267,-2.9531984329223633,1.0],"params":{"w":1024,"h":768,"cx":515.15625,"cy":384.68494,"fx":715.7234,"fy":715.7234}},{"name":"1251046872174.jpg","transform":[0.052118297666311264,-0.9941811561584473,0.09427405148744583,0.0,0.9730947017669678,0.02934238500893116,-0.22852937877178192,0.0,0.22443346679210663,0.10364816337823868,0.9689618349075317,0.0,1.1225389242172241,1.4472510814666748,-2.987725257873535,1.0],"params":{"w":1024,"h":768,"cx":515.2072,"cy":384.6758,"fx":714.63385,"fy":714.63385}},{"name":"1251047121971.jpg","transform":[0.029946407303214073,-0.9990355968475342,0.03209239989519119,0.0,0.995647132396698,0.026978634297847748,-0.0892246812582016,0.0,0.08827289938926697,0.034624673426151276,0.9954954981803894,0.0,1.061892032623291,1.4703348875045776,-2.9990270137786865,1.0],"params":{"w":1024,"h":768,"cx":515.28406,"cy":384.78024,"fx":713.76355,"fy":713.76355}},{"name":"1251047388420.jpg","transform":[0.05614367127418518,-0.9965419173240662,-0.06127431243658066,0.0,0.9974694848060608,0.05330079048871994,0.047085195779800415,0.0,-0.04365638270974159,-0.06376276910305023,0.9970127940177917,0.0,1.008923053741455,1.4953645467758179,-3.0126302242279053,1.0],"params":{"w":1024,"h":768,"cx":515.3066,"cy":384.97156,"fx":713.44434,"fy":713.44434}},{"name":"1251047788094.jpg","transform":[0.09159691631793976,-0.9820836782455444,-0.16468404233455658,0.0,0.9783624410629272,0.05794329568743706,0.19862151145935059,0.0,-0.18552084267139435,-0.17931392788887024,0.9661422371864319,0.0,0.9536347389221191,1.5298832654953003,-3.0684070587158203,1.0],"params":{"w":1024,"h":768,"cx":515.27374,"cy":385.21704,"fx":713.7889,"fy":713.7889}},{"name":"1251048054543.jpg","transform":[0.10312163084745407,-0.9902056455612183,-0.09412383288145065,0.0,0.9091321229934692,0.05543927848339081,0.41280609369277954,0.0,-0.403544545173645,-0.1281401365995407,0.905944287776947,0.0,0.9074701070785522,1.5154225826263428,-3.1082489490509033,1.0],"params":{"w":1024,"h":768,"cx":515.1439,"cy":385.15616,"fx":713.7922,"fy":713.7922}},{"name":"1251048337645.jpg","transform":[0.01979794353246689,-0.9993731379508972,0.029337268322706223,0.0,0.8237589597702026,0.032933805137872696,0.565984308719635,0.0,-0.5665959715843201,0.012961513362824917,0.8238949775695801,0.0,0.8392713069915771,1.4851634502410889,-3.1251091957092285,1.0],"params":{"w":1024,"h":768,"cx":515.0731,"cy":385.11362,"fx":714.3258,"fy":714.3258}},{"name":"1251048554135.jpg","transform":[-0.034217022359371185,-0.9880698919296265,0.1501571089029312,0.0,0.8910087943077087,0.03789621964097023,0.45240479707717896,0.0,-0.45269763469696045,0.149271160364151,0.8790816068649292,0.0,0.7638856172561646,1.46669602394104,-3.1409828662872314,1.0],"params":{"w":1024,"h":768,"cx":515.1377,"cy":385.0411,"fx":714.58624,"fy":714.58624}},{"name":"1251048753972.jpg","transform":[0.017029372975230217,-0.9925060272216797,0.121004618704319,0.0,0.9171153903007507,0.0637102946639061,0.39349716901779175,0.0,-0.3982574939727783,0.10427413880825043,0.9113272428512573,0.0,0.6904103755950928,1.4888914823532104,-3.138467788696289,1.0],"params":{"w":1024,"h":768,"cx":515.3177,"cy":385.01205,"fx":714.84033,"fy":714.84033}},{"name":"1251048870543.jpg","transform":[0.07716886699199677,-0.9965853691101074,0.029334669932723045,0.0,0.9399371147155762,0.0825318694114685,0.3312184512615204,0.0,-0.3325090706348419,0.002012999728322029,0.9430981874465942,0.0,0.6494987607002258,1.518344759941101,-3.1190197467803955,1.0],"params":{"w":1024,"h":768,"cx":515.451,"cy":385.05777,"fx":714.80695,"fy":714.80695}},{"name":"1251048970462.jpg","transform":[0.11795947700738907,-0.9900174736976624,-0.07714325189590454,0.0,0.954131543636322,0.09147053956985474,0.28507232666015625,0.0,-0.2751704454421997,-0.10723185539245605,0.955397367477417,0.0,0.6169041991233826,1.546817421913147,-3.0941567420959473,1.0],"params":{"w":1024,"h":768,"cx":515.53406,"cy":385.12415,"fx":714.5973,"fy":714.5973}},{"name":"1251049087034.jpg","transform":[0.12753084301948547,-0.9734497666358948,-0.1900751292705536,0.0,0.9720831513404846,0.08461952954530716,0.21884870529174805,0.0,-0.19695457816123962,-0.2126791626214981,0.9570677876472473,0.0,0.5899132490158081,1.5822447538375854,-3.06313419342041,1.0],"params":{"w":1024,"h":768,"cx":515.58746,"cy":385.25272,"fx":714.3591,"fy":714.3591}},{"name":"1251049253565.jpg","transform":[0.12526534497737885,-0.9388930797576904,-0.32060930132865906,0.0,0.9784336686134338,0.06340783089399338,0.19659653306007385,0.0,-0.16425395011901855,-0.33832159638404846,0.9265874028205872,0.0,0.5646663904190063,1.6247732639312744,-3.015040874481201,1.0],"params":{"w":1024,"h":768,"cx":515.4967,"cy":385.45685,"fx":714.31464,"fy":714.31464}},{"name":"1251049470054.jpg","transform":[0.12637044489383698,-0.8890970349311829,-0.43992775678634644,0.0,0.9815157055854797,0.04780814051628113,0.18532246351242065,0.0,-0.14373749494552612,-0.45521509647369385,0.8787042498588562,0.0,0.5392845273017883,1.6606899499893188,-2.9543704986572266,1.0],"params":{"w":1024,"h":768,"cx":515.1761,"cy":385.4964,"fx":714.2988,"fy":714.2988}},{"name":"1251049619932.jpg","transform":[0.15961389243602753,-0.8295737504959106,-0.535097062587738,0.0,0.9709129333496094,0.033925723284482956,0.23701730370521545,0.0,-0.17846979200839996,-0.5573640465736389,0.8108590245246887,0.0,0.5310544967651367,1.6723015308380127,-2.9086098670959473,1.0],"params":{"w":1024,"h":768,"cx":514.95526,"cy":385.40305,"fx":714.31616,"fy":714.31616}},{"name":"1251049853075.jpg","transform":[0.21864643692970276,-0.818897545337677,-0.5306611657142639,0.0,0.9267851710319519,0.004075505770742893,0.3755708336830139,0.0,-0.30539125204086304,-0.573925793170929,0.7598328590393066,0.0,0.5298239588737488,1.6795858144760132,-2.8650102615356445,1.0],"params":{"w":1024,"h":768,"cx":514.58466,"cy":385.20694,"fx":714.3099,"fy":714.3099}},{"name":"1251050119524.jpg","transform":[0.2584477365016937,-0.8692516684532166,-0.42143288254737854,0.0,0.8128953576087952,-0.040007583796978,0.5810360908508301,0.0,-0.5219266414642334,-0.49274787306785583,0.696270227432251,0.0,0.5212783217430115,1.6660857200622559,-2.8584353923797607,1.0],"params":{"w":1024,"h":768,"cx":514.263,"cy":384.92978,"fx":714.3432,"fy":714.3432}},{"name":"1251050385973.jpg","transform":[0.16514873504638672,-0.964857280254364,-0.20438680052757263,0.0,0.7609759569168091,-0.0071718404069542885,0.6487404704093933,0.0,-0.627408504486084,-0.2626723647117615,0.7330496907234192,0.0,0.5043725371360779,1.6109858751296997,-2.905404567718506,1.0],"params":{"w":1024,"h":768,"cx":514.17426,"cy":384.62903,"fx":714.09064,"fy":714.09064}},{"name":"1251050735687.jpg","transform":[0.02647189050912857,-0.9996489882469177,0.0011268585221841931,0.0,0.7514491677284241,0.02064264938235283,0.6594685912132263,0.0,-0.6592607498168945,-0.016610613092780113,0.7517324090003967,0.0,0.4984237849712372,1.5311243534088135,-2.9656975269317627,1.0],"params":{"w":1024,"h":768,"cx":514.724,"cy":384.7232,"fx":714.0796,"fy":714.0796}},{"name":"1251050952177.jpg","transform":[-0.03891773521900177,-0.9961941838264465,0.0779900923371315,0.0,0.6697321534156799,0.03191931173205376,0.7419185638427734,0.0,-0.7415841817855835,0.08110623061656952,0.6659407615661621,0.0,0.5346870422363281,1.4952514171600342,-2.9961647987365723,1.0],"params":{"w":1024,"h":768,"cx":515.1512,"cy":385.06482,"fx":714.0082,"fy":714.0082}},{"name":"1251051168667.jpg","transform":[-0.11488628387451172,-0.9886611700057983,0.09669158607721329,0.0,0.576408863067627,0.012928063049912453,0.8170613050460815,0.0,-0.8090461492538452,0.14960286021232605,0.5683873891830444,0.0,0.5944728851318359,1.4710242748260498,-3.0159032344818115,1.0],"params":{"w":1024,"h":768,"cx":515.3409,"cy":385.28113,"fx":714.07166,"fy":714.07166}},{"name":"1251051385157.jpg","transform":[-0.19043682515621185,-0.9735240340232849,0.12642592191696167,0.0,0.4704219102859497,0.0225382000207901,0.8821538686752319,0.0,-0.8616480827331543,0.22746825218200684,0.4536752998828888,0.0,0.652459979057312,1.450103998184204,-3.0266425609588623,1.0],"params":{"w":1024,"h":768,"cx":515.3757,"cy":385.29416,"fx":713.7603,"fy":713.7603}},{"name":"1251051584994.jpg","transform":[-0.30644935369491577,-0.9346474409103394,0.18034136295318604,0.0,0.4366598427295685,0.03031485341489315,0.8991162180900574,0.0,-0.8458234667778015,0.3542812764644623,0.39883294701576233,0.0,0.6898900270462036,1.4047378301620483,-3.0447683334350586,1.0],"params":{"w":1024,"h":768,"cx":515.2133,"cy":385.13525,"fx":713.7603,"fy":713.7603}},{"name":"1251051834790.jpg","transform":[-0.4525834321975708,-0.8514070510864258,0.26509594917297363,0.0,0.4962783753871918,0.00649884482845664,0.868140697479248,0.0,-0.7408632636070251,0.5244668126106262,0.41959327459335327,0.0,0.7032456398010254,1.3365634679794312,-3.0851306915283203,1.0],"params":{"w":1024,"h":768,"cx":514.9399,"cy":384.87604,"fx":713.7905,"fy":713.7905}},{"name":"1251052084586.jpg","transform":[-0.5206292867660522,-0.8395772576332092,0.15509741008281708,0.0,0.24610066413879395,0.026375960558652878,0.9688870906829834,0.0,-0.817546010017395,0.5426002740859985,0.1928882747888565,0.0,0.7093576788902283,1.3115345239639282,-3.0795745849609375,1.0],"params":{"w":1024,"h":768,"cx":514.78345,"cy":384.96564,"fx":714.0606,"fy":714.0606}},{"name":"1251052334382.jpg","transform":[-0.5062671899795532,-0.8622244596481323,0.016209883615374565,0.0,-0.011373897083103657,0.02547110989689827,0.9996107816696167,0.0,-0.8623009920120239,0.5058851838111877,-0.022702036425471306,0.0,0.7009018659591675,1.3241266012191772,-3.040475368499756,1.0],"params":{"w":1024,"h":768,"cx":514.7244,"cy":385.2082,"fx":714.0431,"fy":714.0431}},{"name":"1251052584178.jpg","transform":[-0.40665507316589355,-0.9129136204719543,-0.034991100430488586,0.0,-0.18730495870113373,0.04582476243376732,0.981234073638916,0.0,-0.8941773772239685,0.40557724237442017,-0.18962790071964264,0.0,0.6925501227378845,1.3645390272140503,-3.0066473484039307,1.0],"params":{"w":1024,"h":768,"cx":514.74713,"cy":385.21512,"fx":713.7762,"fy":713.7762}},{"name":"1251052900586.jpg","transform":[-0.1680363267660141,-0.9857083559036255,0.011913168244063854,0.0,-0.14056779444217682,0.03592097386717796,0.9894181489944458,0.0,-0.9757071733474731,0.16458381712436676,-0.14459514617919922,0.0,0.6841764450073242,1.4435579776763916,-2.9926397800445557,1.0],"params":{"w":1024,"h":768,"cx":514.9121,"cy":385.0731,"fx":713.7572,"fy":713.7572}},{"name":"1251053133729.jpg","transform":[-0.00032686247141100466,-0.9987049698829651,0.05087045580148697,0.0,0.004967663902789354,0.05086823180317879,0.9986933469772339,0.0,-0.9999884366989136,0.0005791432340629399,0.0049445838667452335,0.0,0.6699705719947815,1.4818626642227173,-3.0043914318084717,1.0],"params":{"w":1024,"h":768,"cx":514.99176,"cy":384.9471,"fx":713.7381,"fy":713.7381}},{"name":"1251053466790.jpg","transform":[0.16195246577262878,-0.9857012033462524,0.04655876383185387,0.0,-0.04106985405087471,0.04040791466832161,0.9983405470848083,0.0,-0.9859440922737122,-0.16359539330005646,-0.033938370645046234,0.0,0.6663775444030762,1.5286911725997925,-3.016444206237793,1.0],"params":{"w":1024,"h":768,"cx":515.13617,"cy":385.04074,"fx":713.5094,"fy":713.5094}},{"name":"1251053649973.jpg","transform":[0.21916480362415314,-0.9726644158363342,0.07674825936555862,0.0,-0.18061001598834991,0.036857329308986664,0.9828651547431946,0.0,-0.9588258862495422,-0.22927069664001465,-0.16759496927261353,0.0,0.6862984895706177,1.5547187328338623,-3.026235580444336,1.0],"params":{"w":1024,"h":768,"cx":515.1629,"cy":385.09872,"fx":713.4856,"fy":713.4856}},{"name":"1251053816504.jpg","transform":[0.24867574870586395,-0.9604782462120056,0.12505647540092468,0.0,-0.33366936445236206,0.03625989705324173,0.941993236541748,0.0,-0.9092995524406433,-0.2759786546230316,-0.3114655911922455,0.0,0.7019513845443726,1.5767409801483154,-3.042133331298828,1.0],"params":{"w":1024,"h":768,"cx":515.1883,"cy":385.08035,"fx":713.4697,"fy":713.4697}},{"name":"1251053999688.jpg","transform":[0.2730309069156647,-0.9457002878189087,0.1763666570186615,0.0,-0.4793349504470825,0.02521735243499279,0.8772705793380737,0.0,-0.8340824246406555,-0.3240605294704437,-0.4464220106601715,0.0,0.7025511264801025,1.5971224308013916,-3.065481662750244,1.0],"params":{"w":1024,"h":768,"cx":515.1782,"cy":385.0532,"fx":713.4665,"fy":713.4665}},{"name":"1251054199524.jpg","transform":[0.2838369905948639,-0.9317466616630554,0.22645920515060425,0.0,-0.5987353324890137,0.012253706343472004,0.8008533120155334,0.0,-0.7489679455757141,-0.36290115118026733,-0.5543919801712036,0.0,0.6869128346443176,1.611458420753479,-3.092658758163452,1.0],"params":{"w":1024,"h":768,"cx":515.1364,"cy":385.02942,"fx":713.48395,"fy":713.48395}},{"name":"1251054432667.jpg","transform":[0.29330337047576904,-0.9106667041778564,0.2909606397151947,0.0,-0.6971202492713928,0.004539879970252514,0.7169422507286072,0.0,-0.6542158126831055,-0.41311562061309814,-0.6335118412971497,0.0,0.6607760787010193,1.629201889038086,-3.12123966217041,1.0],"params":{"w":1024,"h":768,"cx":515.027,"cy":384.9911,"fx":713.4602,"fy":713.4602}},{"name":"1251055015524.jpg","transform":[0.2294384241104126,-0.9223031997680664,0.3109901547431946,0.0,-0.8478212952613831,-0.032438986003398895,0.5292906165122986,0.0,-0.4780784249305725,-0.38510388135910034,-0.7893915176391602,0.0,0.6198920607566833,1.619757056236267,-3.084815502166748,1.0],"params":{"w":1024,"h":768,"cx":514.68726,"cy":384.96408,"fx":713.4999,"fy":713.4999}},{"name":"1251055565075.jpg","transform":[0.0060656992718577385,-0.9924173355102539,0.12276260554790497,0.0,-0.8891594409942627,0.050820644944906235,0.4547693133354187,0.0,-0.4575595557689667,-0.11191394180059433,-0.8821083903312683,0.0,0.7137726545333862,1.5416843891143799,-3.1425154209136963,1.0],"params":{"w":1024,"h":768,"cx":514.8917,"cy":384.50027,"fx":714.0669,"fy":714.0669}},{"name":"1251055998054.jpg","transform":[-0.08449076861143112,-0.9931039810180664,-0.08126629889011383,0.0,-0.9311812520027161,0.04966866597533226,0.3611590266227722,0.0,-0.354632169008255,0.10618824511766434,-0.9289565086364746,0.0,0.7544760704040527,1.4714624881744385,-3.2052695751190186,1.0],"params":{"w":1024,"h":768,"cx":515.21027,"cy":385.14902,"fx":714.0494,"fy":714.0494}},{"name":"1251056347768.jpg","transform":[-0.12002656608819962,-0.9654728174209595,-0.23120225965976715,0.0,-0.9666574001312256,0.060592591762542725,0.24880406260490417,0.0,-0.22620464861392975,0.25335657596588135,-0.9405549168586731,0.0,0.7023274898529053,1.4287981986999512,-3.1876416206359863,1.0],"params":{"w":1024,"h":768,"cx":515.3173,"cy":385.53717,"fx":714.08435,"fy":714.08435}},{"name":"1251056580911.jpg","transform":[-0.08478757739067078,-0.9594399333000183,-0.2688620686531067,0.0,-0.989673912525177,0.049792107194662094,0.13441655039787292,0.0,-0.115577332675457,0.27748239040374756,-0.9537537097930908,0.0,0.6368786096572876,1.435854434967041,-3.169700860977173,1.0],"params":{"w":1024,"h":768,"cx":515.33344,"cy":385.54865,"fx":714.0383,"fy":714.0383}},{"name":"1251056764095.jpg","transform":[-0.06553076952695847,-0.9840125441551208,-0.16559644043445587,0.0,-0.9949666261672974,0.05182819068431854,0.08575862646102905,0.0,-0.07580521702766418,0.17038315534591675,-0.9824585318565369,0.0,0.5931137800216675,1.4626438617706299,-3.174833059310913,1.0],"params":{"w":1024,"h":768,"cx":515.31366,"cy":385.37018,"fx":714.3368,"fy":714.3368}},{"name":"1251057030543.jpg","transform":[-0.04979260265827179,-0.9985928535461426,-0.018217112869024277,0.0,-0.9965882897377014,0.048473723232746124,0.06681632995605469,0.0,-0.0658392533659935,0.02148190699517727,-0.9975991249084473,0.0,0.5705004930496216,1.5069884061813354,-3.185789108276367,1.0],"params":{"w":1024,"h":768,"cx":515.3098,"cy":385.08386,"fx":714.3274,"fy":714.3274}},{"name":"1251057346952.jpg","transform":[-0.04840906336903572,-0.9875186085700989,0.14987321197986603,0.0,-0.9970788359642029,0.05665433779358864,0.05124044418334961,0.0,-0.05909190699458122,-0.14695493876934052,-0.987376868724823,0.0,0.5854186415672302,1.5497543811798096,-3.19755220413208,1.0],"params":{"w":1024,"h":768,"cx":515.23517,"cy":384.88538,"fx":714.32104,"fy":714.32104}},{"name":"1251058063033.jpg","transform":[-0.016411788761615753,-0.9983558654785156,0.05489049851894379,0.0,-0.990210235118866,0.008617603220045567,-0.13932615518569946,0.0,0.13862408697605133,-0.056639716029167175,-0.9887238144874573,0.0,0.5855013132095337,1.550280213356018,-3.1661264896392822,1.0],"params":{"w":1024,"h":768,"cx":515.0239,"cy":385.10867,"fx":714.0383,"fy":714.0383}},{"name":"1251058379440.jpg","transform":[0.009290692396461964,-0.9951171875,-0.0982518270611763,0.0,-0.9661025404930115,0.016417408362030983,-0.2576340138912201,0.0,0.25798946619033813,0.09731507301330566,-0.9612342715263367,0.0,0.5658750534057617,1.5101020336151123,-3.123565435409546,1.0],"params":{"w":1024,"h":768,"cx":515.0905,"cy":385.0074,"fx":714.41315,"fy":714.41315}},{"name":"1251058762461.jpg","transform":[0.09016341716051102,-0.9615082740783691,-0.25956204533576965,0.0,-0.936087965965271,0.0071618384681642056,-0.3516964912414551,0.0,0.3400178849697113,0.2746829092502594,-0.8994102478027344,0.0,0.5745671987533569,1.44451904296875,-3.066678762435913,1.0],"params":{"w":1024,"h":768,"cx":515.1769,"cy":384.9353,"fx":715.73926,"fy":715.73926}},{"name":"1251059611766.jpg","transform":[0.1031670793890953,-0.9741584658622742,-0.20092745125293732,0.0,-0.8534301519393921,0.017063841223716736,-0.5209282636642456,0.0,0.5108948945999146,0.22522003948688507,-0.8296152353286743,0.0,0.7573063969612122,1.4545820951461792,-2.7639496326446533,1.0],"params":{"w":1024,"h":768,"cx":515.2992,"cy":384.83554,"fx":717.57526,"fy":717.57526}},{"name":"1251059878215.jpg","transform":[0.10420069098472595,-0.9821025729179382,-0.15688927471637726,0.0,-0.7774423360824585,0.01794724352657795,-0.6286987066268921,0.0,0.6202630400657654,0.18748337030410767,-0.7616590261459351,0.0,0.82536381483078,1.4763656854629517,-2.6609017848968506,1.0],"params":{"w":1024,"h":768,"cx":515.24396,"cy":385.03162,"fx":718.26294,"fy":718.26294}},{"name":"1251060128010.jpg","transform":[0.11424800008535385,-0.9886950850486755,-0.09708826243877411,0.0,-0.597044825553894,0.00977858155965805,-0.8021484017372131,0.0,0.7940317392349243,0.1496102660894394,-0.5891797542572021,0.0,0.9419385194778442,1.4910866022109985,-2.6035470962524414,1.0],"params":{"w":1024,"h":768,"cx":515.092,"cy":385.04773,"fx":718.54724,"fy":718.54724}},{"name":"1251060294541.jpg","transform":[0.09313640743494034,-0.9945784211158752,-0.04625524580478668,0.0,-0.4936816096305847,-0.005786406807601452,-0.8696245551109314,0.0,0.8646420836448669,0.103829026222229,-0.4915439188480377,0.0,1.018377661705017,1.5209736824035645,-2.599977493286133,1.0],"params":{"w":1024,"h":768,"cx":515.13214,"cy":385.0495,"fx":718.209,"fy":718.209}},{"name":"1251060727520.jpg","transform":[0.11479537934064865,-0.9916001558303833,-0.05956748127937317,0.0,-0.34006503224372864,0.017113979905843735,-0.94024658203125,0.0,0.9333691000938416,0.12819288671016693,-0.3352443277835846,0.0,1.1246947050094604,1.510217547416687,-2.6787023544311523,1.0],"params":{"w":1024,"h":768,"cx":515.1207,"cy":385.3079,"fx":716.8494,"fy":716.8494}},{"name":"1251060877397.jpg","transform":[0.25294068455696106,-0.9590513110160828,-0.12744000554084778,0.0,-0.37701213359832764,0.023602452129125595,-0.9259074926376343,0.0,0.8910014033317566,0.2822462320327759,-0.35560423135757446,0.0,1.1454765796661377,1.4574846029281616,-2.6930418014526367,1.0],"params":{"w":1024,"h":768,"cx":514.9219,"cy":385.22855,"fx":716.1617,"fy":716.1617}},{"name":"1251061060581.jpg","transform":[0.34238284826278687,-0.9219481945037842,-0.18106801807880402,0.0,-0.41797134280204773,0.02313973568379879,-0.9081659913063049,0.0,0.8414722681045532,0.38662177324295044,-0.37742534279823303,0.0,1.1968984603881836,1.4058301448822021,-2.6965270042419434,1.0],"params":{"w":1024,"h":768,"cx":514.8768,"cy":384.99393,"fx":716.03625,"fy":716.03625}},{"name":"1251061327029.jpg","transform":[0.39734724164009094,-0.908245861530304,-0.13116301596164703,0.0,-0.26028743386268616,0.025514468550682068,-0.9651951193809509,0.0,0.8799808025360107,0.4176575541496277,-0.22626684606075287,0.0,1.266620397567749,1.371077060699463,-2.6751980781555176,1.0],"params":{"w":1024,"h":768,"cx":515.0467,"cy":384.82452,"fx":715.99817,"fy":715.99817}},{"name":"1251062509395.jpg","transform":[0.39284276962280273,-0.9195331931114197,-0.011421553790569305,0.0,-0.14453373849391937,-0.04947241395711899,-0.9882621765136719,0.0,0.9081766605377197,0.3898831605911255,-0.15233871340751648,0.0,1.1645549535751343,1.0675015449523926,-2.6733977794647217,1.0],"params":{"w":1024,"h":768,"cx":514.5541,"cy":385.22925,"fx":714.8657,"fy":714.8657}},{"name":"1251062742538.jpg","transform":[0.3305797576904297,-0.942933201789856,0.039913903921842575,0.0,-0.011193536221981049,-0.04620594531297684,-0.9988694787025452,0.0,0.9437116384506226,0.32975926995277405,-0.025829488411545753,0.0,1.096842646598816,1.0486578941345215,-2.7507026195526123,1.0],"params":{"w":1024,"h":768,"cx":514.9635,"cy":385.06906,"fx":715.1564,"fy":715.1564}},{"name":"1251062925721.jpg","transform":[0.25280067324638367,-0.9654154777526855,0.06373485177755356,0.0,0.08916276693344116,-0.0423477366566658,-0.9951164722442627,0.0,0.963400661945343,0.2572490870952606,0.07537367939949036,0.0,1.0645232200622559,1.0688974857330322,-2.7821686267852783,1.0],"params":{"w":1024,"h":768,"cx":515.3535,"cy":384.8275,"fx":715.22473,"fy":715.22473}},{"name":"1251063175516.jpg","transform":[0.17769868671894073,-0.9805669188499451,0.08313645422458649,0.0,0.32262641191482544,-0.021762697026133537,-0.9462763071060181,0.0,0.9296965003013611,0.19497402012348175,0.31248965859413147,0.0,1.054945707321167,1.0977932214736938,-2.7656068801879883,1.0],"params":{"w":1024,"h":768,"cx":515.37054,"cy":384.4807,"fx":715.4915,"fy":715.4915}},{"name":"1251063425312.jpg","transform":[0.19218690693378448,-0.9666975736618042,0.16899517178535461,0.0,0.4870201051235199,-0.05555100739002228,-0.8716220259666443,0.0,0.8519824743270874,0.24981828033924103,0.46012479066848755,0.0,1.0500818490982056,1.096064805984497,-2.695176601409912,1.0],"params":{"w":1024,"h":768,"cx":515.1177,"cy":384.3424,"fx":716.0442,"fy":716.0442}},{"name":"1251063658454.jpg","transform":[0.1693129688501358,-0.9608674049377441,0.2192496508359909,0.0,0.637527585029602,-0.0628717690706253,-0.7678607106208801,0.0,0.7515940070152283,0.26978543400764465,0.6019324064254761,0.0,1.0550085306167603,1.1212712526321411,-2.6411473751068115,1.0],"params":{"w":1024,"h":768,"cx":515.06287,"cy":384.551,"fx":716.2475,"fy":716.2475}},{"name":"1251064024821.jpg","transform":[0.1603567898273468,-0.9530026912689209,0.2570439279079437,0.0,0.787736177444458,-0.03335900604724884,-0.6151092052459717,0.0,0.5947754383087158,0.30111977458000183,0.745365560054779,0.0,1.0865823030471802,1.2597335577011108,-2.5964791774749756,1.0],"params":{"w":1024,"h":768,"cx":515.4071,"cy":384.84286,"fx":716.00134,"fy":716.00134}},{"name":"1251064307923.jpg","transform":[0.14718253910541534,-0.9620329141616821,0.2298528105020523,0.0,0.878078281879425,0.020109806209802628,-0.47809508442878723,0.0,0.45532047748565674,0.27219563722610474,0.8476991653442383,0.0,1.1591463088989258,1.3646024465560913,-2.615936756134033,1.0],"params":{"w":1024,"h":768,"cx":515.32776,"cy":385.04813,"fx":715.74243,"fy":715.74243}},{"name":"1251065073962.jpg","transform":[0.1595914214849472,-0.9468114376068115,0.27942973375320435,0.0,0.8822369575500488,0.009788662195205688,-0.47070643305778503,0.0,0.4429348409175873,0.3216438293457031,0.8368739485740662,0.0,1.3353829383850098,1.352990746498108,-2.896144151687622,1.0],"params":{"w":1024,"h":768,"cx":514.8353,"cy":385.2613,"fx":714.6021,"fy":714.6021}},{"name":"1251065440329.jpg","transform":[0.1928204894065857,-0.9336150884628296,0.3019661009311676,0.0,0.8730482459068298,0.022763367742300034,-0.48710572719573975,0.0,0.4478952884674072,0.35755476355552673,0.8194801211357117,0.0,1.3723764419555664,1.3006865978240967,-3.1810948848724365,1.0],"params":{"w":1024,"h":768,"cx":515.0789,"cy":385.1416,"fx":714.3353,"fy":714.3353}},{"name":"1251065840002.jpg","transform":[0.21844060719013214,-0.9448039531707764,0.24418963491916656,0.0,0.7839052081108093,0.020861171185970306,-0.6205301284790039,0.0,0.5811852216720581,0.3269704580307007,0.7451936602592468,0.0,1.4487110376358032,1.2198772430419922,-3.4641401767730713,1.0],"params":{"w":1024,"h":768,"cx":514.93176,"cy":385.0969,"fx":714.645,"fy":714.645}},{"name":"1251066139757.jpg","transform":[0.19904127717018127,-0.942278265953064,0.26924511790275574,0.0,0.835064172744751,0.01929093338549137,-0.5498143434524536,0.0,0.5128844976425171,0.3342728912830353,0.7907031774520874,0.0,1.474027395248413,1.1572014093399048,-3.5859928131103516,1.0],"params":{"w":1024,"h":768,"cx":514.8636,"cy":384.81964,"fx":714.87213,"fy":714.87213}},{"name":"1251066356246.jpg","transform":[0.13492770493030548,-0.9468774199485779,0.29192134737968445,0.0,0.9031227231025696,-0.003681421047076583,-0.42936941981315613,0.0,0.4076344072818756,0.3215741813182831,0.854648768901825,0.0,1.4785771369934082,1.1464307308197021,-3.6078763008117676,1.0],"params":{"w":1024,"h":768,"cx":514.9652,"cy":384.70218,"fx":715.7488,"fy":715.7488}},{"name":"1251066589388.jpg","transform":[0.08181274682283401,-0.9743673205375671,0.20955611765384674,0.0,0.9627935886383057,0.022929903119802475,-0.26926735043525696,0.0,0.2575600743293762,0.22378867864608765,0.9399901032447815,0.0,1.4538995027542114,1.1483187675476074,-3.594771146774292,1.0],"params":{"w":1024,"h":768,"cx":515.0491,"cy":384.60452,"fx":716.2793,"fy":716.2793}},{"name":"1251066755919.jpg","transform":[0.01691693253815174,-0.9823360443115234,0.18635646998882294,0.0,0.9950956106185913,-0.0016284651355817914,-0.09891612082719803,0.0,0.09747245907783508,0.18711598217487335,0.9774917364120483,0.0,1.417030930519104,1.1102596521377563,-3.5806572437286377,1.0],"params":{"w":1024,"h":768,"cx":515.0223,"cy":384.6021,"fx":716.8272,"fy":716.8272}},{"name":"1251066889143.jpg","transform":[-0.017142752185463905,-0.9859616756439209,0.1660870760679245,0.0,0.9980965256690979,-0.007034818641841412,0.06125737726688385,0.0,-0.05922909826040268,0.16682131588459015,0.9842069745063782,0.0,1.3844594955444336,1.0615772008895874,-3.568976879119873,1.0],"params":{"w":1024,"h":768,"cx":514.8899,"cy":384.6604,"fx":716.8526,"fy":716.8526}},{"name":"1251067005714.jpg","transform":[-0.07472825050354004,-0.9808672070503235,0.17976133525371552,0.0,0.9776511192321777,-0.03654004633426666,0.2070368379354477,0.0,-0.19650712609291077,0.19121530652046204,0.9616763591766357,0.0,1.361088514328003,1.0277260541915894,-3.5623221397399902,1.0],"params":{"w":1024,"h":768,"cx":514.8301,"cy":384.7522,"fx":716.55884,"fy":716.55884}},{"name":"1251067122285.jpg","transform":[-0.10458976775407791,-0.9782696962356567,0.1790187656879425,0.0,0.9368349313735962,-0.036502573639154434,0.3478628993034363,0.0,-0.33376941084861755,0.20409399271011353,0.9202955961227417,0.0,1.3388493061065674,1.014288067817688,-3.554288387298584,1.0],"params":{"w":1024,"h":768,"cx":514.89844,"cy":384.85126,"fx":715.9934,"fy":715.9934}},{"name":"1251067288815.jpg","transform":[-0.15225738286972046,-0.9735565185546875,0.17030009627342224,0.0,0.8616535663604736,-0.04635317251086235,0.5053765773773193,0.0,-0.48411935567855835,0.22368724644184113,0.8459271192550659,0.0,1.3241312503814697,1.0198137760162354,-3.541572332382202,1.0],"params":{"w":1024,"h":768,"cx":515.22095,"cy":384.94962,"fx":715.6773,"fy":715.6773}},{"name":"1251067455346.jpg","transform":[-0.18718473613262177,-0.9656250476837158,0.18036116659641266,0.0,0.765423595905304,-0.02829298935830593,0.6429053544998169,0.0,-0.615702211856842,0.25839462876319885,0.7444078326225281,0.0,1.3233931064605713,1.0285674333572388,-3.5406763553619385,1.0],"params":{"w":1024,"h":768,"cx":515.4351,"cy":385.01315,"fx":715.45496,"fy":715.45496}},{"name":"1251068354609.jpg","transform":[-0.2582004964351654,-0.9409189224243164,0.21909202635288239,0.0,0.7075894474983215,-0.02978181280195713,0.705994188785553,0.0,-0.657759964466095,0.33731603622436523,0.6734755635261536,0.0,1.2272101640701294,1.2053239345550537,-3.6952202320098877,1.0],"params":{"w":1024,"h":768,"cx":515.02655,"cy":384.59552,"fx":715.46295,"fy":715.46295}},{"name":"1251068587752.jpg","transform":[-0.2403230220079422,-0.9442738890647888,0.22492507100105286,0.0,0.7198120951652527,-0.017900872975587845,0.693938136100769,0.0,-0.6512414216995239,0.3286731541156769,0.6840019822120667,0.0,1.1300181150436401,1.255068063735962,-3.8048760890960693,1.0],"params":{"w":1024,"h":768,"cx":514.9383,"cy":384.55432,"fx":715.9965,"fy":715.9965}},{"name":"1251068770935.jpg","transform":[-0.2684618830680847,-0.9412598609924316,0.2048320323228836,0.0,0.7166273593902588,-0.05305623635649681,0.6954352855682373,0.0,-0.6437186002731323,0.33348652720451355,0.6887770891189575,0.0,1.0543471574783325,1.2932804822921753,-3.898621082305908,1.0],"params":{"w":1024,"h":768,"cx":514.9315,"cy":384.61865,"fx":718.4806,"fy":718.4806}},{"name":"1251068904159.jpg","transform":[-0.2479674369096756,-0.9474731683731079,0.20200364291667938,0.0,0.7162196040153503,-0.03888746723532677,0.6967910528182983,0.0,-0.6523357629776001,0.3174606263637543,0.6882421374320984,0.0,1.0084102153778076,1.3140957355499268,-3.970633029937744,1.0],"params":{"w":1024,"h":768,"cx":514.9442,"cy":384.66223,"fx":721.09155,"fy":721.09155}},{"name":"1251069054036.jpg","transform":[-0.23493508994579315,-0.9499351382255554,0.20598752796649933,0.0,0.6997624635696411,-0.018205055966973305,0.7141458988189697,0.0,-0.6746410727500916,0.3119196593761444,0.6690048575401306,0.0,0.9711846709251404,1.3253209590911865,-4.058209419250488,1.0],"params":{"w":1024,"h":768,"cx":514.91565,"cy":384.74054,"fx":724.6952,"fy":724.6952}},{"name":"1251069187261.jpg","transform":[-0.25128477811813354,-0.9473735094070435,0.1983383744955063,0.0,0.6746634244918823,-0.024504253640770912,0.7377188801765442,0.0,-0.6940359473228455,0.3191893994808197,0.6453164219856262,0.0,0.9509057402610779,1.3268147706985474,-4.146621227264404,1.0],"params":{"w":1024,"h":768,"cx":514.9148,"cy":384.82236,"fx":727.13947,"fy":727.13947}},{"name":"1251069287179.jpg","transform":[-0.27372851967811584,-0.9410016536712646,0.19896987080574036,0.0,0.6591452360153198,-0.03288150578737259,0.7512958645820618,0.0,-0.70042884349823,0.33680132031440735,0.6292576789855957,0.0,0.945899486541748,1.3160808086395264,-4.2213826179504395,1.0],"params":{"w":1024,"h":768,"cx":514.9043,"cy":384.87747,"fx":727.0458,"fy":727.0458}},{"name":"1251069387097.jpg","transform":[-0.29151833057403564,-0.935350239276886,0.2003355175256729,0.0,0.6405728459358215,-0.03535006567835808,0.767082929611206,0.0,-0.7104110717773438,0.35194891691207886,0.6094664335250854,0.0,0.9489085078239441,1.2994729280471802,-4.309554576873779,1.0],"params":{"w":1024,"h":768,"cx":514.89526,"cy":384.86823,"fx":724.53,"fy":724.53}},{"name":"1251069570280.jpg","transform":[-0.2874276041984558,-0.9409120082855225,0.17907918989658356,0.0,0.6118344068527222,-0.036517541855573654,0.7901438474655151,0.0,-0.7369163632392883,0.33667588233947754,0.5861785411834717,0.0,0.9617465734481812,1.274067759513855,-4.479213714599609,1.0],"params":{"w":1024,"h":768,"cx":514.91,"cy":384.861,"fx":720.54517,"fy":720.54517}},{"name":"1251069786769.jpg","transform":[-0.283139169216156,-0.9414424896240234,0.18308021128177643,0.0,0.5501242876052856,-0.003054466098546982,0.8350773453712463,0.0,-0.7856181263923645,0.33715999126434326,0.518775224685669,0.0,0.9810773730278015,1.2383009195327759,-4.660350799560547,1.0],"params":{"w":1024,"h":768,"cx":514.92957,"cy":384.84534,"fx":718.2121,"fy":718.2121}},{"name":"1251070053218.jpg","transform":[-0.2991252839565277,-0.9387699365615845,0.17098335921764374,0.0,0.4367886781692505,0.02460525929927826,0.8992291688919067,0.0,-0.8483750820159912,0.3436652421951294,0.40268346667289734,0.0,1.0231542587280273,1.200040340423584,-4.798146724700928,1.0],"params":{"w":1024,"h":768,"cx":514.93555,"cy":385.15887,"fx":716.83356,