{"format_version":1,"windows":[{"identifier":"0B7FB6BF-EDA2-4774-BD3D-6884AECEBF45","parentIdentifier":"52","wall_thickness":0.1,"dimensions":[1.6790442586541412,1.5485048,0.0],"transform":[0.5116933236417801,0.0,-0.8591681689520559,0.0,0.0,1.0,0.0,0.0,0.8591681689520559,0.0,0.5116933236417801,0.0,-6.469886506606608,-1.5079825,-4.356951227442051,1.0],"category":{"window":{}},"color":[null,null],"story":0},{"identifier":"30715862-891B-4943-BCA2-BD7437740298","parentIdentifier":"63","wall_thickness":0.1,"dimensions":[0.8542482933213069,1.3675045,0.0],"transform":[-0.5116933236417803,0.0,0.8591681689520557,0.0,0.0,0.9999999999999999,0.0,0.0,-0.8591681689520557,0.0,-0.5116933236417803,0.0,2.0818465455650372,1.8216536,-1.8592751040547135,1.0],"category":{"window":{}},"color":[null,null],"story":1},{"identifier":"3E7C325B-BD8F-4745-AE68-78C77CB70291","parentIdentifier":"19","wall_thickness":0.1,"dimensions":[0.8399775080790048,1.6040802,0.0],"transform":[0.5116933236417804,0.0,-0.8591681689520557,0.0,0.0,1.0,0.0,0.0,0.8591681689520557,0.0,0.5116933236417804,0.0,-5.5221789292425285,-1.5029871,-0.6841212782654905,1.0],"category":{"window":{}},"color":[null,null],"story":0},{"identifier":"4393A2C0-B631-4110-ACDA-4CE31B358FE5","parentIdentifier":"6","wall_thickness":0.1,"dimensions":[1.0502426166865495,1.419611,0.0],"transform":[0.8591681689520546,0.0,0.5116933236417822,0.0,0.0,1.0,0.0,0.0,-0.5116933236417822,0.0,0.8591681689520546,0.0,4.145862113296676,-1.3947117,-8.389849485503081,1.0],"category":{"window":{}},"color":[null,null],"story":0},{"identifier":"46B0093A-8B59-4ED0-BE8B-694F033ADD17","parentIdentifier":"31","wall_thickness":0.1,"dimensions":[1.681400814571907,1.8767738,0.0],"transform":[0.5116933236417799,0.0,-0.859168168952056,0.0,0.0,1.0,0.0,0.0,0.859168168952056,0.0,0.5116933236417799,0.0,-5.6540279141994185,-1.55913,-11.907938743352299,1.0],"category":{"window":{}},"color":[null,null],"story":0},{"identifier":"6BF76A06-6047-480C-8B73-63B9BD0DED4E","parentIdentifier":"40","wall_thickness":0.1,"dimensions":[1.0893066167594994,1.6472192,0.0],"transform":[0.859168168952056,0.0,0.5116933236417798,0.0,0.0,1.0,0.0,0.0,-0.5116933236417798,0.0,0.859168168952056,0.0,-3.001066077524588,-1.3317962,-12.762722980093859,1.0],"category":{"window":{}},"color":[null,null],"story":0},{"identifier":"7AF3065C-02AD-4995-A819-A3FFB2C5B3AD","parentIdentifier":"45","wall_thickness":0.1,"dimensions":[0.9089472585579048,1.628993,0.0],"transform":[-0.8591681689520556,0.0,-0.5116933236417806,0.0,0.0,1.0,0.0,0.0,0.5116933236417806,0.0,-0.8591681689520556,0.0,-4.64690958057855,-1.5357645,2.1284550233005404,1.0],"category":{"window":{}},"color":[null,null],"story":0},{"identifier":"A6950B80-66EC-4181-B135-6AF86E0AE303","parentIdentifier":"36","wall_thickness":0.1,"dimensions":[0.879831195639602,1.3955498,0.0],"transform":[-0.5116933236417803,0.0,0.8591681689520557,0.0,0.0,0.9999999999999999,0.0,0.0,-0.8591681689520557,0.0,-0.5116933236417803,0.0,4.849934796143511,-1.4067423,-6.507083149346405,1.0],"category":{"window":{}},"color":[null,null],"story":0},{"identifier":"B0CF66D9-9E06-44F0-AC0B-9A083E25DA0C","parentIdentifier":"21","wall_thickness":0.1,"dimensions":[0.9138006994195204,1.2431622,0.0],"transform":[0.8591681689520559,0.0,0.51169332364178,0.0,0.0,1.0,0.0,0.0,-0.51169332364178,0.0,0.8591681689520559,0.0,1.4363931695777388,-1.2984669,-10.119917984297953,1.0],"category":{"window":{}},"color":[null,null],"story":0},{"identifier":"B76B58D8-EF73-4970-BC99-D0E0E5645089","parentIdentifier":"62","wall_thickness":0.1,"dimensions":[0.9145061961605293,0.9143257,0.0],"transform":[-0.51169332364178,0.0,0.8591681689520559,0.0,0.0,1.0,0.0,0.0,-0.8591681689520559,0.0,-0.51169332364178,0.0,2.153805346893824,-1.1260283,-1.784669428490643,1.0],"category":{"window":{}},"color":[null,null],"story":0},{"identifier":"C50DE257-6E80-45E5-ABF5-C945608242F6","parentIdentifier":"45","wall_thickness":0.1,"dimensions":[0.9183194430492583,1.6012259,0.0],"transform":[-0.8591681689520559,0.0,-0.5116933236417801,0.0,0.0,0.9999999999999999,0.0,0.0,0.5116933236417801,0.0,-0.8591681689520559,0.0,-5.890776664999922,-1.5218809,1.3876472215258215,1.0],"category":{"window":{}},"color":[null,null],"story":0},{"identifier":"CD0EC061-8FB1-4F91-8F58-D9E0E0DCF169","parentIdentifier":"52","wall_thickness":0.1,"dimensions":[1.627382317439465,1.5741005,0.0],"transform":[0.5116933236417801,0.0,-0.8591681689520559,0.0,0.0,1.0,0.0,0.0,0.8591681689520559,0.0,0.5116933236417801,0.0,-5.386027950158625,-1.5335777,-6.176824046416617,1.0],"category":{"window":{}},"color":[null,null],"story":0}],"doors":[{"identifier":"10C06913-EFC7-4DD6-8DD3-9A3EEEE9C52D","parentIdentifier":"35","wall_thickness":0.1,"dimensions":[0.7920134194057531,2.0821357,0.0],"transform":[-0.51169332364178,0.0,0.8591681689520559,0.0,0.0,1.0,0.0,0.0,-0.8591681689520559,0.0,-0.51169332364178,0.0,0.4991999642285343,-1.7420154,-1.2235164702858958,1.0],"category":{"door":{}},"color":[null,null],"story":0},{"identifier":"1F0799B6-C768-481A-873F-C241ADA49E23","parentIdentifier":"50","wall_thickness":0.1,"dimensions":[0.8332885217001337,2.0660949,0.0],"transform":[-0.8591681689520556,0.0,-0.5116933236417806,0.0,0.0,1.0,0.0,0.0,0.5116933236417806,0.0,-0.8591681689520556,0.0,-3.21036487261941,-1.7500358,-1.1097557351696055,1.0],"category":{"door":{}},"color":[null,null],"story":0},{"identifier":"2566BEC7-A671-4EE4-9D47-5CD8AC0F1246","parentIdentifier":"51","wall_thickness":0.1,"dimensions":[0.7860315546938943,2.0259929,0.0],"transform":[0.5116933236417812,0.0,-0.8591681689520553,0.0,0.0,1.0,0.0,0.0,0.8591681689520553,0.0,0.5116933236417812,0.0,-1.4186338157677674,-1.7700868,-8.332290590576442,1.0],"category":{"door":{}},"color":[null,null],"story":0,"door_swing_dir":"left_p2","door_swing_dir_conf":0.4},{"identifier":"2663A254-6705-4D97-BB90-416935E20E36","parentIdentifier":"60","wall_thickness":0.1,"dimensions":[2.8234586227638356,2.1897302,0.0],"transform":[-0.8591681689520562,0.0,-0.5116933236417798,0.0,0.0,1.0,0.0,0.0,0.5116933236417798,0.0,-0.8591681689520562,0.0,-5.0826436307198275,-1.6882181,-9.98136656187332,1.0],"category":{"door":{}},"color":[null,null],"story":0},{"identifier":"47A66030-B3FD-43DD-A972-09B4B445A9F3","parentIdentifier":"72","wall_thickness":0.1,"dimensions":[0.7658274179584661,2.550992,0.0],"transform":[-0.8591681689520559,0.0,-0.5116933236417801,0.0,0.0,0.9999999999999999,0.0,0.0,0.5116933236417801,0.0,-0.8591681689520559,0.0,1.3149847808453223,1.2006061,-1.5255408175814158,1.0],"category":{"door":{}},"color":[null,null],"story":1},{"identifier":"62BE6BE1-7EEF-482F-B36A-DFD01F2C00AB","parentIdentifier":"23","wall_thickness":0.1,"dimensions":[0.7709454770068553,2.009952,0.0],"transform":[-0.5116933236417803,0.0,0.8591681689520557,0.0,0.0,0.9999999999999999,0.0,0.0,-0.8591681689520557,0.0,-0.5116933236417803,0.0,0.06828393250755338,-1.7781072,-5.673556593596593,1.0],"category":{"door":{}},"color":[null,null],"story":0,"door_swing_dir":"left_p2","door_swing_dir_conf":1.0},{"identifier":"6C5A48C8-BB6E-4186-A8CC-5AE966FFE405","parentIdentifier":"42","wall_thickness":0.1,"dimensions":[0.8106270619199629,2.0340133,0.0],"transform":[-0.5116933236417803,0.0,0.8591681689520557,0.0,0.0,0.9999999999999999,0.0,0.0,-0.8591681689520557,0.0,-0.5116933236417803,0.0,1.3038960036706948,-1.7660766,-6.780659063592749,1.0],"category":{"door":{}},"color":[null,null],"story":0,"door_swing_dir":"left_p2","door_swing_dir_conf":1.0},{"identifier":"B816D603-A9A0-4D35-83C6-E0DF614CAB4B","parentIdentifier":"12","wall_thickness":0.1,"dimensions":[0.7168186814233085,2.050054,0.0],"transform":[-0.8591681689520579,0.0,-0.5116933236417767,0.0,0.0,1.0,0.0,0.0,0.5116933236417767,0.0,-0.8591681689520579,0.0,-2.144623990997117,-1.7580562,-9.374011889000695,1.0],"category":{"door":{}},"color":[null,null],"story":0,"door_swing_dir":"right_p2","door_swing_dir_conf":1.0},{"identifier":"BA94EAAD-0192-4C42-BA0C-7C61BD580BF0","parentIdentifier":"46","wall_thickness":0.1,"dimensions":[1.40479042333887,2.1061969,0.0],"transform":[-0.8591681689520556,0.0,-0.5116933236417806,0.0,0.0,1.0,0.0,0.0,0.5116933236417806,0.0,-0.8591681689520556,0.0,3.4999851385649734,-1.7299848,-5.740142199214901,1.0],"category":{"door":{}},"color":[null,null],"story":0},{"identifier":"DC4F5300-32BC-48C8-B116-B3E0C93EC4E6","parentIdentifier":"52","wall_thickness":0.1,"dimensions":[0.8136902102800424,1.9853654,0.0],"transform":[0.5116933236417789,0.0,-0.8591681689520566,0.0,0.0,1.0,0.0,0.0,0.8591681689520566,0.0,0.5116933236417789,0.0,-4.490522915694679,-1.7904005,-7.680438389617155,1.0],"category":{"door":{}},"color":[null,null],"story":0},{"identifier":"F368533E-BA7B-45A4-8AC5-8C3F99DDDCA2","parentIdentifier":"19","wall_thickness":0.1,"dimensions":[0.8642075808226612,2.0821357,0.0],"transform":[0.5116933236417802,0.0,-0.8591681689520558,0.0,0.0,1.0,0.0,0.0,0.8591681689520558,0.0,0.5116933236417802,0.0,-6.247484594164085,-1.7420154,0.5337166556479512,1.0],"category":{"door":{}},"color":[null,null],"story":0},{"identifier":"F752BC3F-B49B-4AE6-BFD0-209EB96B0FBC","parentIdentifier":"45","wall_thickness":0.1,"dimensions":[0.8433533052960158,2.0525594,0.0],"transform":[-0.8591681689520562,0.0,-0.5116933236417798,0.0,0.0,1.0,0.0,0.0,0.5116933236417798,0.0,-0.8591681689520562,0.0,-3.378890075690551,-1.7568035,2.88364724101287,1.0],"category":{"door":{}},"color":[null,null],"story":0},{"identifier":"F8E4D900-C96B-452A-BBD9-4704A43D8EF0","parentIdentifier":"4","wall_thickness":0.1,"dimensions":[0.8702495704969274,2.0981765,0.0],"transform":[-0.5116933236417803,0.0,0.8591681689520557,0.0,0.0,0.9999999999999999,0.0,0.0,-0.8591681689520557,0.0,-0.5116933236417803,0.0,-1.7475431942305333,-1.733995,1.2799050282821354,1.0],"category":{"door":{}},"color":[null,null],"story":0,"door_swing_dir":"left_p1","door_swing_dir_conf":1.0}],"openings":[{"identifier":"196982C4-A051-499F-8722-36A805C53282","parentIdentifier":"43","wall_thickness":0.1,"dimensions":[3.9869120195350103,2.1192794,0.0],"transform":[-0.5116933236417796,0.0,0.8591681689520562,0.0,0.0,1.0,0.0,0.0,-0.8591681689520562,0.0,-0.5116933236417796,0.0,-1.2155181574756093,-1.7234435,-3.517964874913482,1.0],"category":{"opening":{}},"color":[null,null],"story":0},{"identifier":"D17DD863-797E-43DD-85F4-F838D591E435","parentIdentifier":"55","wall_thickness":0.1,"dimensions":[1.011594907646656,2.1192794,0.0],"transform":[-0.8591681689520562,0.0,-0.5116933236417798,0.0,0.0,1.0,0.0,0.0,0.5116933236417798,0.0,-0.8591681689520562,0.0,-6.553601320984944,-1.7234435,-3.1008813748346427,1.0],"category":{"opening":{}},"color":[null,null],"story":0},{"identifier":"D48BCC1B-0E5F-4819-9BFB-80A51911D743","parentIdentifier":"9","wall_thickness":0.1,"dimensions":[1.4569625998798041,2.4293289000000002,0.0],"transform":[0.8591681689520562,0.0,0.5116933236417798,0.0,0.0,1.0,0.0,0.0,-0.5116933236417798,0.0,0.8591681689520562,0.0,-1.5870824791168774,-1.5646689,-1.3433859105193302,1.0],"category":{"opening":{}},"color":[null,null],"story":0},{"identifier":"DFA3F6FB-36D2-4D2B-8A88-2BF9BCFF4524","parentIdentifier":"59","wall_thickness":0.1,"dimensions":[2.171431407157736,2.0592794,0.0],"transform":[-0.8591681689520559,0.0,-0.5116933236417801,0.0,0.0,0.9999999999999999,0.0,0.0,0.5116933236417801,0.0,-0.8591681689520559,0.0,-0.3751968816719482,-1.7534435,-7.177760516010354,1.0],"category":{"opening":{}},"color":[null,null],"story":0}],"walls":[{"identifier":"0","wall_thickness":0.1,"dimensions":[0.440668484850336,2.4368289,0.0],"transform":[0.8591681689520563,0.0,0.5116933236417794,0.0,0.0,1.0,0.0,0.0,-0.5116933236417794,0.0,0.8591681689520563,0.0,-1.9129192976052627,-1.5646689,-7.071753145599686,1.0],"category":{"wall":{}},"color":[[0.788235294117647,0.5843137254901961,0.4470588235294118],[0.42745098039215684,0.25098039215686274,0.19607843137254902]],"story":0},{"identifier":"1","wall_thickness":0.1,"dimensions":[3.781731213689478,2.4368289,0.0],"transform":[0.8591681689520562,0.0,0.5116933236417798,0.0,0.0,1.0,0.0,0.0,-0.5116933236417798,0.0,0.8591681689520562,0.0,1.4623515808999337,-1.5646689,-4.318981448767469,1.0],"category":{"wall":{}},"color":[[0.6039215686274509,0.5490196078431373,0.5058823529411764],[0.9490196078431372,0.7450980392156863,0.5294117647058824]],"story":0},{"identifier":"11","wall_thickness":0.1,"dimensions":[0.6225542698742977,2.2192793,0.0],"transform":[-0.5116933236417796,0.0,0.8591681689520562,0.0,0.0,1.0,0.0,0.0,-0.8591681689520562,0.0,-0.5116933236417796,0.0,-6.222468749490739,-1.6734436,-2.541368722500926,1.0],"category":{"wall":{}},"color":[null,null],"story":0},{"identifier":"12","wall_thickness":0.1,"dimensions":[1.6932851752658866,2.4368289,0.0],"transform":[-0.8591681689520566,0.0,-0.511693323641779,0.0,0.0,1.0,0.0,0.0,0.511693323641779,0.0,-0.8591681689520566,0.0,-1.8781556507742792,-1.5646689,-9.215311793278758,1.0],"category":{"wall":{}},"color":[[0.8627450980392157,0.796078431372549,0.7294117647058823],[0.7215686274509804,0.6274509803921569,0.5607843137254902]],"story":0},{"identifier":"13","wall_thickness":0.1,"dimensions":[0.09999917854467276,2.4368289,0.0],"transform":[-0.5116933236417845,0.0,0.8591681689520533,0.0,0.0,1.0,0.0,0.0,-0.8591681689520533,0.0,-0.5116933236417845,0.0,-0.2851970711784546,-1.5646689,-11.087042153299137,1.0],"category":{"wall":{}},"color":[null,null],"story":0},{"identifier":"16","wall_thickness":0.1,"dimensions":[0.10000261515549214,2.470768896972027,0.0],"transform":[-0.5116933236417842,0.0,0.8591681689520535,0.0,0.0,1.0,0.0,0.0,-0.8591681689520535,0.0,-0.5116933236417842,0.0,2.7810428650595655,-1.5476987515139864,-9.260889907998333,1.0],"polygonCorners":[[-0.05000130757774588,1.1975357047584234,0.0],[-0.05000130757774588,-1.2353844484860135,0.0],[0.050001307577746255,-1.2353844484860135,0.0],[0.05000130757774588,1.2353844484860135,0.0]],"category":{"wall":{}},"color":[[0.9176470588235294,0.8666666666666667,0.8],[0.5607843137254902,0.4627450980392157,0.3607843137254902]],"story":0},{"identifier":"19","wall_thickness":0.1,"dimensions":[3.517237944211267,2.4368289,0.0],"transform":[0.5116933236417802,0.0,-0.8591681689520558,0.0,0.0,1.0,0.0,0.0,0.8591681689520558,0.0,0.5116933236417802,0.0,-5.629628170363954,-1.5646689,-0.5037066363613256,1.0],"category":{"wall":{}},"color":[[0.7490196078431373,0.6078431372549019,0.49019607843137253],null],"story":0},{"identifier":"2","wall_thickness":0.1,"dimensions":[2.3057209139759176,2.4368289,0.0],"transform":[0.8591681689520555,0.0,0.5116933236417809,0.0,0.0,1.0,0.0,0.0,-0.5116933236417809,0.0,0.8591681689520555,0.0,-3.041555139358565,-1.5646689,-7.860324524582075,1.0],"category":{"wall":{}},"color":[[0.9764705882352941,1.0,0.9450980392156862],null],"story":0},{"identifier":"21","wall_thickness":0.1,"dimensions":[3.1330704529939717,2.4368289,0.0],"transform":[0.8591681689520559,0.0,0.5116933236417801,0.0,0.0,1.0,0.0,0.0,-0.5116933236417801,0.0,0.8591681689520559,0.0,1.4607109981721482,-1.5646689,-10.105435056523287,1.0],"category":{"wall":{}},"color":[[0.9176470588235294,0.8666666666666667,0.8],null],"story":0},{"identifier":"23","wall_thickness":0.1,"dimensions":[1.5159106964752873,3.515449350044319,0.0],"transform":[-0.51169332364178,0.0,0.8591681689520559,0.0,0.0,1.0,0.0,0.0,-0.8591681689520559,0.0,-0.51169332364178,0.0,0.22562073104450303,-1.0253585249778407,-5.937735864386539,1.0],"polygonCorners":[[0.7579553482376437,-1.7577246750221596,0.0],[0.7579553482376437,1.7577246750221596,0.0],[-0.7579553482376434,0.5913131309174893,0.0],[-0.7579553482376437,-1.7577246750221596,0.0]],"category":{"wall":{}},"color":[[0.7450980392156863,0.6274509803921569,0.5450980392156862],[0.9490196078431372,0.7450980392156863,0.5294117647058824]],"story":0},{"identifier":"24","wall_thickness":0.1,"dimensions":[0.4357752104651856,2.4368289,0.0],"transform":[0.8591681689520544,0.0,0.5116933236417827,0.0,0.0,1.0,0.0,0.0,-0.5116933236417827,0.0,0.8591681689520544,0.0,-0.12357943236890556,-1.5646689,-10.932592464833856,1.0],"category":{"wall":{}},"color":[null,null],"story":0},{"identifier":"25","wall_thickness":0.1,"dimensions":[1.9429807700903847,2.4368289,0.0],"transform":[-0.8591681689520559,0.0,-0.5116933236417801,0.0,0.0,0.9999999999999999,0.0,0.0,0.5116933236417801,0.0,-0.8591681689520559,0.0,-0.24531222974251682,-1.5646689,0.6561356193216544,1.0],"category":{"wall":{}},"color":[[0.6039215686274509,0.5490196078431373,0.5058823529411764],[0.7176470588235294,0.6980392156862745,0.611764705882353]],"story":0},{"identifier":"26","wall_thickness":0.1,"dimensions":[1.9429807700903838,2.4368289,0.0],"transform":[-0.8591681689520559,0.0,-0.5116933236417801,0.0,0.0,0.9999999999999999,0.0,0.0,0.5116933236417801,0.0,-0.8591681689520559,0.0,-2.0450594034549616,-1.5646689,3.67803450361834,1.0],"category":{"wall":{}},"color":[[0.7176470588235294,0.6980392156862745,0.611764705882353],null],"story":0},{"identifier":"27","wall_thickness":0.1,"dimensions":[3.5172379442112653,2.4368289,0.0],"transform":[-0.5116933236417803,0.0,0.8591681689520557,0.0,0.0,0.9999999999999999,0.0,0.0,-0.8591681689520557,0.0,-0.5116933236417803,0.0,-0.3105122013249336,-1.5646689,2.6641902054798043,1.0],"category":{"wall":{}},"color":[[0.7176470588235294,0.6980392156862745,0.611764705882353],null],"story":0},{"identifier":"28","wall_thickness":0.1,"dimensions":[1.1415949076466585,2.4368289,0.0],"transform":[-0.8591681689520555,0.0,-0.5116933236417809,0.0,0.0,0.9999999999999999,0.0,0.0,0.5116933236417809,0.0,-0.8591681689520555,0.0,-6.872158184484306,-1.5646689,-2.5660025627134573,1.0],"category":{"wall":{}},"color":[null,null],"story":0},{"identifier":"29","wall_thickness":0.1,"dimensions":[1.1344460547075488,2.4368289,0.0],"transform":[-0.8591681689520562,0.0,-0.5116933236417798,0.0,0.0,1.0,0.0,0.0,0.5116933236417798,0.0,-0.8591681689520562,0.0,1.2817479726285663,-1.5646689,-1.4289467686377035,1.0],"category":{"wall":{}},"color":[[0.6039215686274509,0.5490196078431373,0.5058823529411764],null],"story":0},{"identifier":"31","wall_thickness":0.1,"dimensions":[3.4547822376581796,3.0792794,0.0],"transform":[0.5116933236417801,0.0,-0.8591681689520559,0.0,0.0,1.0,0.0,0.0,0.8591681689520559,0.0,0.5116933236417801,0.0,-5.467507946394705,-1.2434435000000001,-12.221118555962008,1.0],"polygonCorners":[[1.7273911188290898,-1.5396397,0.0],[1.7273911188290898,0.8624375311015356,0.0],[0.031141385111106912,1.5396397,0.0],[-1.7273911188290898,0.8857386513322439,0.0],[-1.7273911188290898,-1.5396397,0.0]],"category":{"wall":{}},"color":[[0.7215686274509804,0.6274509803921569,0.5607843137254902],null],"story":0},{"identifier":"32","wall_thickness":0.1,"dimensions":[0.09999897026666227,2.4368289,0.0],"transform":[-0.8591681689520516,0.0,-0.5116933236417873,0.0,0.0,1.0,0.0,0.0,0.5116933236417873,0.0,-0.8591681689520516,0.0,4.202264643528126,-1.5646689,-5.32188679008073,1.0],"category":{"wall":{}},"color":[[0.5607843137254902,0.4627450980392157,0.3607843137254902],null],"story":0},{"identifier":"35","wall_thickness":0.1,"dimensions":[1.5414725546219046,2.4368289,0.0],"transform":[-0.51169332364178,0.0,0.8591681689520559,0.0,0.0,1.0,0.0,0.0,-0.8591681689520559,0.0,-0.51169332364178,0.0,0.40002739544104804,-1.5646689,-1.056998928628334,1.0],"category":{"wall":{}},"color":[[0.6039215686274509,0.5490196078431373,0.5058823529411764],[0.6196078431372549,0.3843137254901961,0.20392156862745098]],"story":0},{"identifier":"36","wall_thickness":0.1,"dimensions":[2.6070350932832995,3.4270218848750904,0.0],"transform":[-0.51169332364178,0.0,0.8591681689520559,0.0,0.0,1.0,0.0,0.0,-0.8591681689520559,0.0,-0.51169332364178,0.0,4.826307903304021,-1.0695720575624543,-6.467411976553964,1.0],"polygonCorners":[[1.3035175466416498,-1.7135109424375452,0.0],[1.3035175466416498,1.7135109424375452,0.0],[-1.3035175466416498,0.6482246681520296,0.0],[-1.3035175466416495,-1.7135109424375452,0.0]],"category":{"wall":{}},"color":[[0.5607843137254902,0.4627450980392157,0.3607843137254902],null],"story":0},{"identifier":"37","wall_thickness":0.1,"dimensions":[0.4357752104651849,2.4368289,0.0],"transform":[0.8591681689520538,0.0,0.5116933236417837,0.0,0.0,1.0,0.0,0.0,-0.5116933236417837,0.0,0.8591681689520538,0.0,-0.5448880776550645,-1.5646689,-10.225186367060363,1.0],"category":{"wall":{}},"color":[[0.8627450980392157,0.796078431372549,0.7294117647058823],null],"story":0},{"identifier":"38","wall_thickness":0.1,"dimensions":[2.4732370054800956,3.406599747327624,0.0],"transform":[-0.5116933236417803,0.0,0.8591681689520557,0.0,0.0,0.9999999999999999,0.0,0.0,-0.8591681689520557,0.0,-0.5116933236417803,0.0,-1.9727945808037282,-1.079783326336188,-10.710996407572734,1.0],"polygonCorners":[[-1.2366185027400478,0.5812538440283209,0.0],[-1.2366185027400478,-1.703299873663812,0.0],[1.2366185027400478,-1.703299873663812,0.0],[1.2366185027400478,1.703299873663812,0.0]],"category":{"wall":{}},"color":[[0.7215686274509804,0.6274509803921569,0.5607843137254902],[0.8627450980392157,0.796078431372549,0.7294117647058823]],"story":0},{"identifier":"39","wall_thickness":0.1,"dimensions":[0.1000000027203106,2.4368288000000002,0.0],"transform":[0.5116933236417767,0.0,-0.8591681689520579,0.0,0.0,1.0,0.0,0.0,0.8591681689520579,0.0,0.5116933236417767,0.0,-2.0766387983490606,-1.5646688,-7.22745511603452,1.0],"polygonCorners":[[-0.050000001360155144,1.2184144,0.0],[-0.05000000136015535,-1.2184144000000001,0.0],[0.05000000136015525,-1.2184144000000001,0.0],[0.050000001360155144,1.2184144,0.0]],"category":{"wall":{}},"color":[[0.42745098039215684,0.25098039215686274,0.19607843137254902],null],"story":0},{"identifier":"4","wall_thickness":0.1,"dimensions":[3.5172379442112667,2.4368289,0.0],"transform":[-0.5116933236417803,0.0,0.8591681689520557,0.0,0.0,0.9999999999999999,0.0,0.0,-0.8591681689520557,0.0,-0.5116933236417803,0.0,-1.979859431872545,-1.5646689,1.6699799174601901,1.0],"category":{"wall":{}},"color":[[0.7490196078431373,0.6078431372549019,0.49019607843137253],[0.7176470588235294,0.6980392156862745,0.611764705882353]],"story":0},{"identifier":"40","wall_thickness":0.1,"dimensions":[3.775265904541448,2.4368289,0.0],"transform":[0.8591681689520557,0.0,0.5116933236417804,0.0,0.0,1.0,0.0,0.0,-0.5116933236417804,0.0,0.8591681689520557,0.0,-2.9618192963157526,-1.5646689,-12.739348841427287,1.0],"category":{"wall":{}},"color":[[0.7215686274509804,0.6274509803921569,0.5607843137254902],null],"story":0},{"identifier":"41","wall_thickness":0.1,"dimensions":[0.8233616227150637,2.4368289,0.0],"transform":[-0.5116933236417796,0.0,0.8591681689520562,0.0,0.0,1.0,0.0,0.0,-0.8591681689520562,0.0,-0.5116933236417796,0.0,-0.5214358498370205,-1.5646689,-10.690381048848923,1.0],"category":{"wall":{}},"color":[[0.8627450980392157,0.796078431372549,0.7294117647058823],null],"story":0},{"identifier":"42","wall_thickness":0.1,"dimensions":[3.3547839640421135,3.7404792772358726,0.0],"transform":[-0.51169332364178,0.0,0.8591681689520559,0.0,0.0,1.0,0.0,0.0,-0.8591681689520559,0.0,-0.51169332364178,0.0,1.8971472514682461,-0.9128435613820638,-7.776768578313661,1.0],"polygonCorners":[[1.6773919820210568,-1.8702396386179363,0.0],[1.6773919820210568,1.8702396386179363,0.0],[-1.6773919820210568,0.600529258354091,0.0],[-1.6773919820210563,-1.8702396386179363,0.0]],"category":{"wall":{}},"color":[[0.9176470588235294,0.8666666666666667,0.8],[0.5607843137254902,0.4627450980392157,0.3607843137254902]],"story":0},{"identifier":"43","wall_thickness":0.1,"dimensions":[4.116912019535009,2.4368289,0.0],"transform":[-0.51169332364178,0.0,0.8591681689520559,0.0,0.0,1.0,0.0,0.0,-0.8591681689520559,0.0,-0.51169332364178,0.0,-1.21551815747561,-1.5646689,-3.5179648749134813,1.0],"category":{"wall":{}},"color":[[0.7450980392156863,0.6274509803921569,0.5450980392156862],[0.6039215686274509,0.5490196078431373,0.5058823529411764]],"story":0},{"identifier":"44","wall_thickness":0.1,"dimensions":[1.997939020501654,2.4368289,0.0],"transform":[-0.8591681689520559,0.0,-0.5116933236417801,0.0,0.0,0.9999999999999999,0.0,0.0,0.5116933236417801,0.0,-0.8591681689520559,0.0,-1.9382686499774575,-1.5646689,-0.35213555360519977,1.0],"category":{"wall":{}},"color":[[0.6039215686274509,0.5490196078431373,0.5058823529411764],[0.7490196078431373,0.6078431372549019,0.49019607843137253]],"story":0},{"identifier":"45","wall_thickness":0.1,"dimensions":[4.248026021428499,2.4368289,0.0],"transform":[-0.8591681689520559,0.0,-0.5116933236417801,0.0,0.0,0.9999999999999999,0.0,0.0,0.5116933236417801,0.0,-0.8591681689520559,0.0,-4.704617387974473,-1.5646689,2.094086082697775,1.0],"category":{"wall":{}},"color":[[0.7490196078431373,0.6078431372549019,0.49019607843137253],null],"story":0},{"identifier":"46","wall_thickness":0.1,"dimensions":[1.5998588267659655,2.4368289,0.0],"transform":[-0.8591681689520562,0.0,-0.5116933236417798,0.0,0.0,1.0,0.0,0.0,0.5116933236417798,0.0,-0.8591681689520562,0.0,3.4720327880504267,-1.5646689,-5.75678973302174,1.0],"category":{"wall":{}},"color":[[0.5607843137254902,0.4627450980392157,0.3607843137254902],null],"story":0},{"identifier":"47","wall_thickness":0.1,"dimensions":[0.7779204494582305,3.7358382,0.0],"transform":[0.5116933236417807,0.0,-0.8591681689520556,0.0,0.0,1.0,0.0,0.0,0.8591681689520556,0.0,0.5116933236417807,0.0,-1.8520257813148946,-0.9151641000000001,-7.604595769726419,1.0],"polygonCorners":[[-0.38896022472911534,-1.8679191,0.0],[0.3889602247291151,-1.8679191,0.0],[0.3889602247291152,1.8544119560318675,0.0],[0.34697043245164616,1.8679191,0.0],[0.34697043245164616,0.5689097000000001,0.0],[-0.38896022472911534,0.5689097000000001,0.0]],"category":{"wall":{}},"color":[[0.42745098039215684,0.25098039215686274,0.19607843137254902],null],"story":0},{"identifier":"48","wall_thickness":0.1,"dimensions":[1.2575099648007004,2.4368289,0.0],"transform":[0.8591681689520554,0.0,0.5116933236417811,0.0,0.0,1.0,0.0,0.0,-0.5116933236417811,0.0,0.8591681689520554,0.0,-0.7998188821113608,-1.5646689,-11.45172993556337,1.0],"category":{"wall":{}},"color":[[0.8627450980392157,0.796078431372549,0.7294117647058823],null],"story":0},{"identifier":"49","wall_thickness":0.1,"dimensions":[1.0313503731076656,2.4368289,0.0],"transform":[-0.5116933236417803,0.0,0.8591681689520557,0.0,0.0,0.9999999999999999,0.0,0.0,-0.8591681689520557,0.0,-0.5116933236417803,0.0,-2.532683904811266,-1.5646689,-1.3063532883277127,1.0],"category":{"wall":{}},"color":[[0.7450980392156863,0.6274509803921569,0.5450980392156862],[0.6039215686274509,0.5490196078431373,0.5058823529411764]],"story":0},{"identifier":"5","wall_thickness":0.1,"dimensions":[0.6225542698742981,2.2192793,0.0],"transform":[0.5116933236417791,0.0,-0.8591681689520565,0.0,0.0,1.0,0.0,0.0,0.8591681689520565,0.0,0.5116933236417791,0.0,-7.203290755978509,-1.6734436,-3.1255152150471748,1.0],"category":{"wall":{}},"color":[null,null],"story":0},{"identifier":"50","wall_thickness":0.1,"dimensions":[2.250087000926845,2.4368289,0.0],"transform":[-0.8591681689520559,0.0,-0.5116933236417801,0.0,0.0,0.9999999999999999,0.0,0.0,0.5116933236417801,0.0,-0.8591681689520559,0.0,-3.7631530192231626,-1.5646689,-1.4389788305159579,1.0],"category":{"wall":{}},"color":[[0.6980392156862745,0.4745098039215686,0.3215686274509804],[0.7490196078431373,0.6078431372549019,0.49019607843137253]],"story":0},{"identifier":"51","wall_thickness":0.1,"dimensions":[0.9815452321780838,3.722331056031867,0.0],"transform":[0.511693323641781,0.0,-0.8591681689520554,0.0,0.0,1.0,0.0,0.0,0.8591681689520554,0.0,0.511693323641781,0.0,-1.4018723600798264,-0.9219176719840664,-8.360434223739146,1.0],"polygonCorners":[[-0.4907726160890419,-1.8611655280159336,0.0],[0.4907726160890419,-1.8611655280159336,0.0],[0.4907726160890419,1.5454251536264623,0.0],[-0.49077261608904166,1.8611655280159336,0.0]],"category":{"wall":{}},"color":[[0.9176470588235294,0.8666666666666667,0.8],[0.7215686274509804,0.6274509803921569,0.5607843137254902]],"story":0},{"identifier":"52","wall_thickness":0.1,"dimensions":[5.886252639659732,4.8952793,0.0],"transform":[0.5116933236417804,0.0,-0.8591681689520557,0.0,0.0,1.0,0.0,0.0,0.8591681689520557,0.0,0.5116933236417804,0.0,-5.538034235737484,-0.33544355000000015,-5.921595072310597,1.0],"polygonCorners":[[2.9431263198298647,-2.44763965,0.0],[2.943126319829866,0.4919436102078023,0.0],[1.0388255531743378,2.11163975,0.0],[0.16521462310345753,2.44763965,0.0],[-2.943126319829866,0.020393221506012974,0.0],[-2.943126319829866,-2.44763965,0.0]],"category":{"wall":{}},"color":[[0.6980392156862745,0.4745098039215686,0.3215686274509804],null],"story":0},{"identifier":"53","wall_thickness":0.1,"dimensions":[1.5520078401644508,2.4368289,0.0],"transform":[-0.8591681689520559,0.0,-0.5116933236417801,0.0,0.0,0.9999999999999999,0.0,0.0,0.5116933236417801,0.0,-0.8591681689520559,0.0,-5.396472450624396,-1.5646689,-2.4117321035355936,1.0],"category":{"wall":{}},"color":[[0.6980392156862745,0.4745098039215686,0.3215686274509804],null],"story":0},{"identifier":"54","wall_thickness":0.1,"dimensions":[1.549876204220363,3.4065894625698045,0.0],"transform":[0.5116933236417801,0.0,-0.8591681689520559,0.0,0.0,1.0,0.0,0.0,0.8591681689520559,0.0,0.5116933236417801,0.0,-0.754216635915441,-1.0797882687150977,-9.447892583917364,1.0],"polygonCorners":[[-0.7749381021101813,-1.7032947312849023,0.0],[0.7749381021101813,-1.7032947312849023,0.0],[0.7749381021101815,1.0930457371387798,0.0],[-0.7749381021101815,1.7032947312849023,0.0]],"category":{"wall":{}},"color":[[0.9176470588235294,0.8666666666666667,0.8],[0.8627450980392157,0.796078431372549,0.7294117647058823]],"story":0},{"identifier":"55","wall_thickness":0.1,"dimensions":[1.1415949076466587,2.4368289,0.0],"transform":[-0.8591681689520562,0.0,-0.5116933236417798,0.0,0.0,1.0,0.0,0.0,0.5116933236417798,0.0,-0.8591681689520562,0.0,-6.553601320984944,-1.5646689,-3.1008813748346427,1.0],"category":{"wall":{}},"color":[[0.6980392156862745,0.4745098039215686,0.3215686274509804],null],"story":0},{"identifier":"56","wall_thickness":0.1,"dimensions":[0.8233616227150606,2.7963404684236823,0.0],"transform":[0.511693323641781,0.0,-0.8591681689520554,0.0,0.0,1.0,0.0,0.0,0.8591681689520554,0.0,0.511693323641781,0.0,-0.14703166018694905,-1.3849127657881588,-10.467397783045296,1.0],"polygonCorners":[[-0.41168081135753015,-1.3981702342118412,0.0],[0.41168081135753043,-1.3981702342118412,0.0],[0.41168081135753026,1.0739794375164526,0.0],[-0.41168081135753026,1.3981702342118412,0.0]],"category":{"wall":{}},"color":[[0.9176470588235294,0.8666666666666667,0.8],null],"story":0},{"identifier":"57","wall_thickness":0.1,"dimensions":[0.10000352008409814,2.472149671728294,0.0],"transform":[0.5116933236417844,0.0,-0.8591681689520533,0.0,0.0,1.0,0.0,0.0,0.8591681689520533,0.0,0.5116933236417844,0.0,0.08920822923998606,-1.547008164135853,-10.864060752551747,1.0],"polygonCorners":[[0.050001760042049,-1.236074835864147,0.0],[0.05000176004204873,1.1966994023316728,0.0],[-0.050001760042049,1.236074835864147,0.0],[-0.05000176004204914,-1.236074835864147,0.0]],"category":{"wall":{}},"color":[[0.9176470588235294,0.8666666666666667,0.8],null],"story":0},{"identifier":"58","wall_thickness":0.1,"dimensions":[0.4951016182319371,2.4368289,0.0],"transform":[-0.8591681689520562,0.0,-0.5116933236417798,0.0,0.0,1.0,0.0,0.0,0.5116933236417798,0.0,-0.8591681689520562,0.0,0.8261491977470512,-1.5646689,-6.462276876792531,1.0],"category":{"wall":{}},"color":[[0.9176470588235294,0.8666666666666667,0.8],null],"story":0},{"identifier":"59","wall_thickness":0.1,"dimensions":[2.6379688347620345,2.4368289,0.0],"transform":[-0.8591681689520559,0.0,-0.5116933236417801,0.0,0.0,0.9999999999999999,0.0,0.0,0.5116933236417801,0.0,-0.8591681689520559,0.0,-0.5197680044012583,-1.5646689,-7.263862493440702,1.0],"category":{"wall":{}},"color":[[0.9176470588235294,0.8666666666666667,0.8],[0.42745098039215684,0.25098039215686274,0.19607843137254902]],"story":0},{"identifier":"6","wall_thickness":0.1,"dimensions":[3.1866306251908796,2.4368289,0.0],"transform":[0.8591681689520557,0.0,0.5116933236417804,0.0,0.0,1.0,0.0,0.0,-0.5116933236417804,0.0,0.8591681689520557,0.0,4.124383329484569,-1.5646689,-8.40264156821025,1.0],"category":{"wall":{}},"color":[[0.5607843137254902,0.4627450980392157,0.3607843137254902],null],"story":0},{"identifier":"60","wall_thickness":0.1,"dimensions":[5.468551079807338,2.4368289,0.0],"transform":[-0.8591681689520564,0.0,-0.5116933236417793,0.0,0.0,0.9999999999999999,0.0,0.0,0.5116933236417793,0.0,-0.8591681689520564,0.0,-4.00219994018823,-1.5646689,-9.337888552567842,1.0],"category":{"wall":{}},"color":[[0.7215686274509804,0.6274509803921569,0.5607843137254902],[0.42745098039215684,0.25098039215686274,0.19607843137254902]],"story":0},{"identifier":"61","wall_thickness":0.1,"dimensions":[1.5159106964752858,2.4368289,0.0],"transform":[-0.5116933236417803,0.0,0.8591681689520557,0.0,0.0,0.9999999999999999,0.0,0.0,-0.8591681689520557,0.0,-0.5116933236417803,0.0,3.474763813378928,-1.5646689,-4.002649250533907,1.0],"category":{"wall":{}},"color":[[0.8352941176470589,0.7333333333333333,0.611764705882353],null],"story":0},{"identifier":"62","wall_thickness":0.1,"dimensions":[2.5754394649131047,2.4368289,0.0],"transform":[-0.5116933236417803,0.0,0.8591681689520557,0.0,0.0,0.9999999999999999,0.0,0.0,-0.8591681689520557,0.0,-0.5116933236417803,0.0,2.428005532247348,-1.5646689,-2.2450703371830265,1.0],"category":{"wall":{}},"color":[[0.6039215686274509,0.5490196078431373,0.5058823529411764],null],"story":0},{"identifier":"63","wall_thickness":0.1,"dimensions":[3.991350853112016,3.7499998,0.0],"transform":[-0.51169332364178,0.0,0.8591681689520559,0.0,0.0,1.0,0.0,0.0,-0.8591681689520559,0.0,-0.51169332364178,0.0,2.7555130676476116,1.80011,-2.9904073770784265,1.0],"polygonCorners":[[-1.995675426556008,-0.7760693987238351,0.0],[-1.995675426556008,-1.8749999,0.0],[1.995675426556008,-1.8749999,0.0],[1.9956754265560075,1.420118433902931,0.0],[1.4114137414641112,1.8749999,0.0],[1.1299030509253007,1.8749999,0.0]],"category":{"wall":{}},"color":[[0.7764705882352941,0.596078431372549,0.38823529411764707],null],"story":1},{"identifier":"64","wall_thickness":0.1,"dimensions":[3.7817234003700033,1.1539612,0.0],"transform":[-0.8591681689520559,0.0,-0.5116933236417801,0.0,0.0,0.9999999999999999,0.0,0.0,0.5116933236417801,0.0,-0.8591681689520559,0.0,-1.1222673207134295,0.5020907,0.020772616715672654,1.0],"category":{"wall":{}},"color":[[0.4980392156862745,0.35294117647058826,0.21568627450980393],null],"story":1},{"identifier":"65","wall_thickness":0.1,"dimensions":[0.09999692342679084,3.3026648,0.0],"transform":[-0.8591681689520556,0.0,-0.5116933236417806,0.0,0.0,1.0,0.0,0.0,0.5116933236417806,0.0,-0.8591681689520556,0.0,1.7772963625236586,1.5764425,-1.2502026959705848,1.0],"category":{"wall":{}},"color":[[0.7764705882352941,0.596078431372549,0.38823529411764707],null],"story":1},{"identifier":"66","wall_thickness":0.1,"dimensions":[2.5756689103705055,3.2946949544260233,0.0],"transform":[-0.5116933236417803,0.0,0.8591681689520557,0.0,0.0,0.9999999999999999,0.0,0.0,-0.8591681689520557,0.0,-0.5116933236417803,0.0,1.161277156650233,1.5724573772130117,-0.11815244614459885,1.0],"polygonCorners":[[-1.2878344551852527,1.6473474772130117,0.0],[-1.2878344551852527,-1.6473474772130117,0.0],[1.2878344551852527,-1.6473474772130117,0.0],[1.2878344551852527,-0.4705352217437676,0.0]],"category":{"wall":{}},"color":[[1.0,0.7843137254901961,0.5333333333333333],null],"story":1},{"identifier":"67","wall_thickness":0.1,"dimensions":[2.5472823029635894,2.0939999,0.0],"transform":[-0.8591681689520559,0.0,-0.5116933236417801,0.0,0.0,0.9999999999999999,0.0,0.0,0.5116933236417801,0.0,-0.8591681689520559,0.0,-1.0886257962213768,0.9721101,-1.0465181155580094,1.0],"category":{"wall":{}},"color":[[0.7764705882352941,0.596078431372549,0.38823529411764707],[0.4980392156862745,0.35294117647058826,0.21568627450980393]],"story":1},{"identifier":"68","wall_thickness":0.1,"dimensions":[5.632823395815727,3.7499998,0.0],"transform":[0.5116933236417801,0.0,-0.8591681689520559,0.0,0.0,1.0,0.0,0.0,0.8591681689520559,0.0,0.5116933236417801,0.0,-0.7417586697959146,1.80011,-4.118003070993323,1.0],"polygonCorners":[[-2.8164116979078635,0.05543183680122703,0.0],[-2.816411697907863,-1.8749999,0.0],[2.8164116979078635,-1.8749999,0.0],[2.8164116979078635,-0.7603085199650723,0.0],[-0.4515572368285732,1.8749999,0.0],[-2.816411168297835,0.0554322442941655,0.0]],"category":{"wall":{}},"color":[[0.7764705882352941,0.596078431372549,0.38823529411764707],null],"story":1},{"identifier":"69","wall_thickness":0.1,"dimensions":[1.641472542703713,3.290821288510805,0.0],"transform":[0.5116933236417802,0.0,-0.8591681689520558,0.0,0.0,1.0,0.0,0.0,0.8591681689520558,0.0,0.5116933236417802,0.0,0.4256114103206182,1.5705206442554025,-1.0999549210792579,1.0],"polygonCorners":[[0.8207362713518565,-1.6454106442554024,0.0],[0.8207362713518565,1.6454106442554024,0.0],[-0.8207362713518561,0.3009241144482791,0.0],[-0.8207362713518565,-1.6454106442554024,0.0]],"category":{"wall":{}},"color":[[0.7529411764705882,0.5098039215686274,0.30980392156862746],[0.7764705882352941,0.596078431372549,0.38823529411764707]],"story":1},{"identifier":"7","wall_thickness":0.1,"dimensions":[3.286629595457541,2.4368289,0.0],"transform":[-0.8591681689520559,0.0,-0.5116933236417801,0.0,0.0,0.9999999999999999,0.0,0.0,0.5116933236417801,0.0,-0.8591681689520559,0.0,2.4507207389142645,-1.5646689,-5.494733569866215,1.0],"category":{"wall":{}},"color":[[0.8352941176470589,0.7333333333333333,0.611764705882353],[0.5607843137254902,0.4627450980392157,0.3607843137254902]],"story":0},{"identifier":"70","wall_thickness":0.1,"dimensions":[3.5817277433306023,1.5039583,0.0],"transform":[0.8591681689520559,0.0,0.5116933236417801,0.0,0.0,1.0,0.0,0.0,-0.5116933236417801,0.0,0.8591681689520559,0.0,2.2380336261112155,0.6770893,-5.6214012658175685,1.0],"category":{"wall":{}},"color":[[0.7764705882352941,0.596078431372549,0.38823529411764707],null],"story":1},{"identifier":"71","wall_thickness":0.1,"dimensions":[0.9341963676667937,1.93714073935342,0.0],"transform":[0.5116933236417807,0.0,-0.8591681689520556,0.0,0.0,1.0,0.0,0.0,0.8591681689520556,0.0,0.5116933236417807,0.0,-2.5078244832501984,0.8936804796767099,-1.348084582523908,1.0],"polygonCorners":[[0.46709818383339685,-0.96857036967671,0.0],[0.46709818383339685,0.96857036967671,0.0],[-0.46709818383339685,0.1950026849390777,0.0],[-0.46709818383339685,-0.96857036967671,0.0]],"category":{"wall":{}},"color":[[0.4980392156862745,0.35294117647058826,0.21568627450980393],null],"story":1},{"identifier":"72","wall_thickness":0.1,"dimensions":[1.0344454403670127,3.3026648,0.0],"transform":[-0.8591681689520559,0.0,-0.5116933236417801,0.0,0.0,0.9999999999999999,0.0,0.0,0.5116933236417801,0.0,-0.8591681689520559,0.0,1.2899579782824766,1.5764425,-1.5404459877754293,1.0],"category":{"wall":{}},"color":[[0.7764705882352941,0.596078431372549,0.38823529411764707],null],"story":1},{"identifier":"73","wall_thickness":0.1,"dimensions":[0.0999987336126096,2.0939999,0.0],"transform":[-0.8591681689520547,0.0,-0.511693323641782,0.0,0.0,1.0,0.0,0.0,0.511693323641782,0.0,-0.8591681689520547,0.0,-2.2258555966697133,0.9721101,-1.7238161316677758,1.0],"category":{"wall":{}},"color":[null,null],"story":1},{"identifier":"8","wall_thickness":0.1,"dimensions":[0.7477488707588136,2.4368289,0.0],"transform":[-0.5116933236417808,0.0,0.8591681689520555,0.0,0.0,0.9999999999999999,0.0,0.0,-0.8591681689520555,0.0,-0.5116933236417808,0.0,4.053913557154693,-1.5646689,-4.975081373289569,1.0],"category":{"wall":{}},"color":[null,null],"story":0},{"identifier":"9","wall_thickness":0.1,"dimensions":[2.6472851589819277,2.4368289,0.0],"transform":[0.859168168952056,0.0,0.5116933236417799,0.0,0.0,1.0,0.0,0.0,-0.5116933236417799,0.0,0.859168168952056,0.0,-1.1315847833157133,-1.5646689,-1.0721059233196693,1.0],"category":{"wall":{}},"color":[[0.6196078431372549,0.3843137254901961,0.20392156862745098],[0.6039215686274509,0.5490196078431373,0.5058823529411764]],"story":0}],"objects":[{"identifier":"08ACEC54-CF9B-4F36-BDAE-0