{"objects":[{"category":{"bed":{}},"confidence":{"medium":{}},"dimensions":[1.3129881999999999,1.5039583000000001,2.1066889999999998],"parentIdentifier":null,"identifier":"8123E642-A447-4B60-8DCB-82A72ED79190","attributes":{},"story":1,"transform":[-0.51426667000000004,0,0.85763029999999996,0,0,1.0000001000000001,0,0,-0.85763049999999996,0,-0.51426680000000002,0,2.4128932999999999,0.67708919999999995,-4.2967139999999997,1]},{"category":{"bed":{}},"confidence":{"medium":{}},"dimensions":[1.3009777,1.2539593,2.3623044000000002],"parentIdentifier":null,"identifier":"23E05EE1-FFDD-4B82-B52C-34EB973FBA44","attributes":{},"story":1,"transform":[0.85763049999999996,0,0.51426660000000002,0,0,1,0,0,-0.51426654999999999,0,0.85763043000000005,0,-0.21901667,0.55208970000000002,-3.6190798000000002,1]},{"category":{"stairs":{}},"confidence":{"low":{}},"dimensions":[0.99596404999999999,0.15918803000000001,0.95532220000000001],"parentIdentifier":null,"identifier":"08ACEC54-CF9B-4F36-BDAE-09EC4D5D5D0A","attributes":{},"story":1,"transform":[0.85763043000000005,0,0.51426660000000002,0,0,-1.0000001000000001,0,0,0.51426660000000002,0,-0.85763049999999996,0,0.92342572999999994,-0.1544838,-0.73285294000000001,1]},{"category":{"sofa":{}},"confidence":{"medium":{}},"dimensions":[2.3979685000000002,0.85951949999999999,0.96950155000000005],"parentIdentifier":null,"identifier":"A379E59B-0F9F-4C95-A0D7-806EFE1C9A65","attributes":{"SofaType":"rectangular"},"story":0,"transform":[0.85916159999999997,0,0.51170459999999995,0,0,1,0,0,-0.51170455999999997,0,0.85916155999999999,0,-3.304551,-2.3533232000000002,-5.6886520000000003,1]},{"category":{"storage":{}},"confidence":{"low":{}},"dimensions":[1.70713,1.0782342,1.0119629999999999],"parentIdentifier":null,"identifier":"A013932E-CA1C-4BFF-8AD6-6FC857A7BC61","attributes":{"StorageType":"cabinet"},"story":0,"transform":[0.51170420000000005,0,-0.85916170000000003,0,0,1,0,0,0.85916172999999996,0,0.51170426999999996,0,-0.93493749999999998,-2.2439662999999999,-2.6731631999999999,1]},{"category":{"bed":{}},"confidence":{"medium":{}},"dimensions":[2.0522656000000001,0.70727490000000004,2.2265112],"parentIdentifier":null,"identifier":"1A89D0FA-0AA2-4DA5-B21D-597A4B5217AD","attributes":{},"story":0,"transform":[-0.51223479999999999,0,0.85884539999999998,0,0,0.99999990000000005,0,0,-0.85884530000000003,0,-0.51223474999999996,0,-3.0618732,-2.4294454999999999,-11.059240000000001,1]},{"category":{"storage":{}},"confidence":{"high":{}},"dimensions":[1.4438287000000001,1.8636870000000001,0.58561695000000002],"parentIdentifier":null,"identifier":"DC962893-B236-4BB5-93BD-1981F98402FF","attributes":{"StorageType":"shelf"},"story":0,"transform":[0.85916179999999998,0,0.5117043,0,0,1,0,0,-0.5117043,0,0.85916172999999996,0,-1.8867376,-1.8512394000000001,0.10284448,1]},{"category":{"table":{}},"confidence":{"high":{}},"dimensions":[1.7423618000000001,0.78741499999999998,1.0535747],"parentIdentifier":null,"identifier":"9F5D792D-6AB6-4D09-911C-B9CD8B3A2502","attributes":{"TableType":"dining","TableShapeType":"rectangular"},"story":0,"transform":[0.51170130000000003,0,-0.85916334000000005,0,0,1.0000001000000001,0,0,0.85916349999999997,0,0.51170139999999997,0,0.40983926999999998,-2.3893759999999999,-8.3173809999999992,1]},{"category":{"fireplace":{}},"confidence":{"low":{}},"dimensions":[1.6020224999999999,1.6252751000000001,0.97707010000000005],"parentIdentifier":"49F70E07-7C71-4BE0-864E-A93339195AD3","identifier":"BEC8E6F8-659B-4BED-B036-8CFC9BC11E61","attributes":{},"story":0,"transform":[-0.85916144000000005,0,-0.51170479999999996,0,0,1,0,0,0.51170473999999999,0,-0.85916139999999996,0,-5.3167762999999999,-1.9704459000000001,-2.4966664000000001,1]},{"category":{"bed":{}},"confidence":{"medium":{}},"dimensions":[1.682636,0.69028140000000004,2.350117],"parentIdentifier":null,"identifier":"477E9314-120C-4387-80E6-3181707A059A","attributes":{},"story":0,"transform":[0.51170159999999998,0,-0.85916329999999996,0,0,1,0,0,0.85916334000000005,0,0.51170159999999998,0,3.299455,-2.4379426999999998,-7.6270980000000002,1]},{"category":{"sofa":{}},"confidence":{"medium":{}},"dimensions":[1.1157421999999999,0.83264400000000005,1.0268748999999999],"parentIdentifier":null,"identifier":"5E37EA9F-686A-41E0-BE09-B7A1CD5C0E5E","attributes":{"SofaType":"singleSeat"},"story":0,"transform":[-0.51170400000000005,0,0.85916185,0,0,0.99999994000000003,0,0,-0.85916185,0,-0.51170397000000001,0,-2.7153765999999999,-2.3667614000000001,-3.4836857000000001,1]},{"category":{"sofa":{}},"confidence":{"medium":{}},"dimensions":[1.0117385000000001,0.87880135000000004,0.97511760000000003],"parentIdentifier":null,"identifier":"9097A60A-E71D-4497-B4EB-50B49028CB95","attributes":{"SofaType":"singleSeat"},"story":0,"transform":[0.51170426999999996,0,-0.85916172999999996,0,0,1,0,0,0.85916179999999998,0,0.51170426999999996,0,-5.4660444000000004,-2.3436824999999999,-4.8927250000000004,1]},{"category":{"storage":{}},"confidence":{"low":{}},"dimensions":[2.3087618000000001,0.83944653999999996,0.42346200000000001],"parentIdentifier":null,"identifier":"E897C825-DE5D-4309-BE0E-E46A982630A6","attributes":{"StorageType":"cabinet"},"story":0,"transform":[0.85916170000000003,0,0.51170439999999995,0,0,1,0,0,-0.5117043,0,0.85916159999999997,0,1.5775433000000001,-0.99610542999999996,-3.8516854999999999,1]},{"category":{"storage":{}},"confidence":{"low":{}},"dimensions":[0.62186163999999999,2.1014762,0.57104516000000005],"parentIdentifier":null,"identifier":"7299D830-6FFD-47F6-9B41-FAF6CDC25092","attributes":{"StorageType":"cabinet"},"story":0,"transform":[0.86329864999999995,0,0.50469350000000002,0,0,1,0,0,-0.50469344999999999,0,0.86329864999999995,0,0.75898516000000005,-1.7323449,-6.0823755000000004,1]},{"category":{"washerDryer":{}},"confidence":{"high":{}},"dimensions":[1.5349611999999999,1.0104895,0.93043876000000003],"parentIdentifier":null,"identifier":"B19CEC98-49E8-4B3C-A9DA-1C497A4FFCFB","attributes":{},"story":0,"transform":[-0.51170397000000001,0,0.85916185,0,0,1,0,0,-0.85916190000000003,0,-0.51170397000000001,0,-1.3801502999999999,-2.2778390000000002,3.2389749999999999,1]},{"category":{"storage":{}},"confidence":{"medium":{}},"dimensions":[1.1525471,0.95494319999999999,0.63925016000000001],"parentIdentifier":null,"identifier":"1D524B70-5B31-4B82-9086-3F5BDD024021","attributes":{"StorageType":"cabinet"},"story":0,"transform":[-0.51170426999999996,0,0.85916159999999997,0,0,0.99999994000000003,0,0,-0.85916159999999997,0,-0.51170426999999996,0,1.7458115000000001,-2.3056117999999999,-1.7916363,1]},{"category":{"storage":{}},"confidence":{"high":{}},"dimensions":[0.51476350000000004,1.6407623,0.41710736999999998],"parentIdentifier":null,"identifier":"3C9D0569-3460-4393-ACFE-87F2371D5FED","attributes":{"StorageType":"shelf"},"story":0,"transform":[-0.14241224999999999,0,0.98980754999999998,0,0,1,0,0,-0.98980749999999995,0,-0.14241226000000001,0,5.1162653000000002,-1.9627019999999999,-7.5464070000000003,1]},{"category":{"refrigerator":{}},"confidence":{"medium":{}},"dimensions":[0.84254854999999995,1.7627109999999999,0.78297852999999995],"parentIdentifier":null,"identifier":"D519E8B2-4C98-410A-9FCB-E506EA89B38B","attributes":{},"story":0,"transform":[0.85916179999999998,0,0.51170420000000005,0,0,1,0,0,-0.51170420000000005,0,0.85916172999999996,0,0.10898757000000001,-1.9017279,-4.4754886999999997,1]},{"category":{"storage":{}},"confidence":{"medium":{}},"dimensions":[0.73908160000000001,0.98033380000000003,0.72338855000000002],"parentIdentifier":null,"identifier":"DCB400F2-CCA1-4A94-AC29-8B242972C4F9","attributes":{"StorageType":"cabinet"},"story":0,"transform":[0.85916170000000003,0,0.51170439999999995,0,0,0.99999994000000003,0,0,-0.51170426999999996,0,0.85916155999999999,0,1.9267738000000001,-2.2929165,-3.4428755999999998,1]},{"category":{"storage":{}},"confidence":{"low":{}},"dimensions":[1.1338425000000001,0.78712079999999995,0.62522610000000001],"parentIdentifier":null,"identifier":"A98A98CA-44DB-4A52-B7DF-CDB1F878E800","attributes":{"StorageType":"cabinet"},"story":0,"transform":[0.85916170000000003,0,0.51170426999999996,0,0,1,0,0,-0.51170420000000005,0,0.85916159999999997,0,1.5955465,-2.3895227999999999,-5.6544533000000001,1]},{"category":{"table":{}},"confidence":{"high":{}},"dimensions":[1.1211603999999999,0.48725795999999999,0.94445734999999997],"parentIdentifier":null,"identifier":"1100082D-F38E-4E04-B4D5-019CCC84EF09","attributes":{"TableType":"coffee","TableShapeType":"rectangular"},"story":0,"transform":[-0.85916172999999996,0,-0.51170439999999995,0,0,0.99999994000000003,0,0,0.51170426999999996,0,-0.85916159999999997,0,-4.1759157,-2.5394546999999998,-4.2851933999999998,1]},{"category":{"storage":{}},"confidence":{"low":{}},"dimensions":[1.0307816999999999,0.72954180000000002,0.63759774000000002],"parentIdentifier":null,"identifier":"3076E39D-FBD8-4759-B754-68BA27190775","attributes":{"StorageType":"cabinet"},"story":0,"transform":[0.51170426999999996,0,-0.85916159999999997,0,0,0.99999994000000003,0,0,0.85916159999999997,0,0.51170426999999996,0,-4.6342553999999998,-2.4183123000000002,-12.899433999999999,1]},{"category":{"stairs":{}},"confidence":{"low":{}},"dimensions":[0.83894860000000004,0.82814025999999996,1.0268549],"parentIdentifier":null,"identifier":"D4C88563-6A3D-49C1-AE09-29FBF5BF0B67","attributes":{},"story":0,"transform":[-0.51170450000000001,0,0.85916155999999999,0,0,1,0,0,-0.85916159999999997,0,-0.51170455999999997,0,-1.1256609,-2.3690129999999998,-0.45132349999999999,1]},{"category":{"storage":{}},"confidence":{"medium":{}},"dimensions":[0.68141649999999998,0.89843035000000004,0.62057830000000003],"parentIdentifier":null,"identifier":"13A9F1EC-DD1E-4E64-B13F-5619D9BC0376","attributes":{"StorageType":"cabinet"},"story":0,"transform":[-0.51170450000000001,0,0.85916144000000005,0,0,1,0,0,-0.85916150000000002,0,-0.51170455999999997,0,-0.56494880000000003,-2.3338682999999998,2.3872971999999999,1]},{"category":{"storage":{}},"confidence":{"low":{}},"dimensions":[0.83620249999999996,0.76556444000000001,0.58171709999999999],"parentIdentifier":null,"identifier":"F517B009-CA53-43C0-9256-C176033275DD","attributes":{"StorageType":"cabinet"},"story":0,"transform":[-0.85916203000000002,0,-0.51170389999999999,0,0,1.0000001000000001,0,0,0.51170397000000001,0,-0.85916210000000004,0,-6.7969590000000002,-2.4003011999999999,-2.8597530999999998,1]},{"category":{"storage":{}},"confidence":{"low":{}},"dimensions":[1.0375780999999999,0.83944653999999996,0.35741289999999998],"parentIdentifier":null,"identifier":"90482B4E-C27D-4F76-9540-381CABB6BB65","attributes":{"StorageType":"cabinet"},"story":0,"transform":[-0.5117043,0,0.85916155999999999,0,0,1,0,0,-0.85916159999999997,0,-0.51170439999999995,0,2.5425377,-0.99610542999999996,-2.8539650000000001,1]},{"category":{"storage":{}},"confidence":{"medium":{}},"dimensions":[0.45874280000000001,0.98033380000000003,0.72338880000000005],"parentIdentifier":null,"identifier":"B265526A-9133-49F8-87C7-512326B8FBD5","attributes":{"StorageType":"cabinet"},"story":0,"transform":[0.85916172999999996,0,0.51170415000000002,0,0,0.99999994000000003,0,0,-0.51170400000000005,0,0.85916159999999997,0,0.79309313999999997,-2.2929165,-4.1538750000000002,1]},{"category":{"chair":{}},"confidence":{"low":{}},"dimensions":[0.49550292000000001,0.99047090000000004,0.61281216000000005],"parentIdentifier":null,"identifier":"116CB400-8E44-46E0-A361-03CA9A289ACA","attributes":{"ChairLegType":"four","ChairBackType":"existing","ChairType":"dining","ChairArmType":"existing"},"story":0,"transform":[0.87531393999999996,0,0.48355516999999998,0,0,1,0,0,-0.48355513999999999,0,0.87531393999999996,0,1.1773477999999999,-2.2878478000000002,-9.6466349999999998,1]},{"category":{"chair":{}},"confidence":{"low":{}},"dimensions":[0.49878686999999999,0.92871784999999996,0.5830398],"parentIdentifier":"9F5D792D-6AB6-4D09-911C-B9CD8B3A2502","identifier":"7D594AFD-E8A6-40F4-AEB8-E124F88A56BF","attributes":{"ChairLegType":"four","ChairBackType":"existing","ChairType":"dining","ChairArmType":"missing"},"story":0,"transform":[-0.51169925999999999,0,0.85916466000000002,0,0,1.0000001000000001,0,0,-0.85916482999999999,0,-0.51169929999999997,0,1.0101888999999999,-2.318724,-8.466818,1]},{"category":{"chair":{}},"confidence":{"low":{}},"dimensions":[0.49733385000000002,1.0165818,0.54754559999999997],"parentIdentifier":"A013932E-CA1C-4BFF-8AD6-6FC857A7BC61","identifier":"7864D187-FA8C-43F8-B3A7-C6C9BFFFCAFE","attributes":{"ChairLegType":"four","ChairBackType":"existing","ChairType":"unidentified","ChairArmType":"missing"},"story":0,"transform":[0.51170355000000001,0,-0.85916214999999996,0,0,0.99999994000000003,0,0,0.85916210000000004,0,0.51170349999999998,0,-1.2990927999999999,-2.2747920000000001,-2.8900486999999999,1]},{"category":{"chair":{}},"confidence":{"medium":{}},"dimensions":[0.49878660000000002,0.92871809999999999,0.58304],"parentIdentifier":"9F5D792D-6AB6-4D09-911C-B9CD8B3A2502","identifier":"D615C54C-B603-4E26-9372-45CE5D8E9B14","attributes":{"ChairLegType":"four","ChairBackType":"existing","ChairType":"dining","ChairArmType":"missing"},"story":0,"transform":[-0.85916364000000001,0,-0.51170090000000001,0,0,1,0,0,0.51170086999999997,0,-0.85916364000000001,0,0.0088059309999999995,-2.318724,-7.6440330000000003,1]},{"category":{"chair":{}},"confidence":{"low":{}},"dimensions":[0.49733402999999998,1.0165823,0.54754570000000002],"parentIdentifier":"A013932E-CA1C-4BFF-8AD6-6FC857A7BC61","identifier":"8C5BE19F-C3D4-4DAC-BBF9-8B33656F7230","attributes":{"ChairLegType":"four","ChairBackType":"existing","ChairType":"unidentified","ChairArmType":"missing"},"story":0,"transform":[0.51170340000000003,0,-0.85916219999999999,0,0,1,0,0,0.85916219999999999,0,0.51170340000000003,0,-1.5902748,-2.2747920000000001,-2.4011486,1]},{"category":{"oven":{}},"confidence":{"medium":{}},"dimensions":[0.73927754000000001,0.96233369999999996,0.7233887],"parentIdentifier":null,"identifier":"31061FE2-5CC8-4D0F-9CEB-66C9C39A552C","attributes":{},"story":0,"transform":[0.85916170000000003,0,0.51170439999999995,0,0,1,0,0,-0.5117043,0,0.85916159999999997,0,1.3005593,-2.3019164000000001,-3.8356119999999998,1]},{"category":{"chair":{}},"confidence":{"low":{}},"dimensions":[0.4973339,1.0165823,0.54754570000000002],"parentIdentifier":"A013932E-CA1C-4BFF-8AD6-6FC857A7BC61","identifier":"FDE53EBB-57DF-4882-8DED-EA0322EA9C06","attributes":{"ChairLegType":"four","ChairBackType":"existing","ChairType":"unidentified","ChairArmType":"missing"},"story":0,"transform":[0.51170397000000001,0,-0.85916185,0,0,1,0,0,0.85916190000000003,0,0.51170397000000001,0,-1.0079111000000001,-2.2747920000000001,-3.3789492000000001,1]},{"category":{"chair":{}},"confidence":{"low":{}},"dimensions":[0.49878689999999998,0.92871740000000003,0.58303976000000002],"parentIdentifier":"9F5D792D-6AB6-4D09-911C-B9CD8B3A2502","identifier":"94B89520-EDF7-4BE0-AAFA-E9BAF347F2E0","attributes":{"ChairLegType":"four","ChairBackType":"existing","ChairType":"dining","ChairArmType":"missing"},"story":0,"transform":[-0.5117024,0,0.85916274999999998,0,0,1,0,0,-0.8591628,0,-0.5117024,0,0.56440460000000003,-2.3187248999999999,-7.7183313,1]},{"category":{"chair":{}},"confidence":{"low":{}},"dimensions":[0.49878647999999998,0.92871740000000003,0.58303994000000003],"parentIdentifier":"9F5D792D-6AB6-4D09-911C-B9CD8B3A2502","identifier":"762C441F-406C-4FBF-8C0C-A7E9B12384C3","attributes":{"ChairLegType":"four","ChairBackType":"existing","ChairType":"dining","ChairArmType":"missing"},"story":0,"transform":[0.51210829999999996,0,-0.85892089999999999,0,0,1,0,0,0.85892089999999999,0,0.51210829999999996,0,0.032382130000000002,-2.3187248999999999,-8.5421870000000002,1]},{"category":{"bathtub":{}},"confidence":{"medium":{}},"dimensions":[1.5283047999999999,0.41444587999999999,0.84065276],"parentIdentifier":null,"identifier":"A7E78912-5F6F-4383-80D0-1DE8F2459043","attributes":{},"story":0,"transform":[-0.51170420000000005,0,0.85916159999999997,0,0,1,0,0,-0.85916170000000003,0,-0.51170426999999996,0,3.0871284000000001,-2.5758603,-4.2405305000000002,1]},{"category":{"chair":{}},"confidence":{"low":{}},"dimensions":[0.49878665999999999,0.92871784999999996,0.58303990000000006],"parentIdentifier":"9F5D792D-6AB6-4D09-911C-B9CD8B3A2502","identifier":"D5D74346-7CF8-4122-ABF3-E56610B61DA8","attributes":{"ChairLegType":"four","ChairBackType":"existing","ChairType":"dining","ChairArmType":"missing"},"story":0,"transform":[0.85916256999999996,0,0.51170280000000001,0,0,1.0000001000000001,0,0,-0.51170283999999999,0,0.85916269999999995,0,0.81087220000000004,-2.318724,-8.9907280000000007,1]},{"category":{"storage":{}},"confidence":{"low":{}},"dimensions":[0.56845396999999998,0.77051926000000004,0.51782220000000001],"parentIdentifier":null,"identifier":"24A58CD9-58C3-4C96-8C8B-E7E8B53988AA","attributes":{"StorageType":"cabinet"},"story":0,"transform":[-0.51170415000000002,0,0.85916170000000003,0,0,0.99999994000000003,0,0,-0.85916170000000003,0,-0.51170415000000002,0,-1.2827698999999999,-2.3978236000000002,-9.3046930000000003,1]},{"category":{"chair":{}},"confidence":{"low":{}},"dimensions":[0.46815866,0.87038802999999998,0.47938943000000001],"parentIdentifier":null,"identifier":"2D1F5DF9-F993-42BF-AD39-D859BAB9F685","attributes":{"ChairLegType":"unidentified","ChairBackType":"existing","ChairType":"unidentified","ChairArmType":"existing"},"story":0,"transform":[-0.53801094999999999,0,0.84293779999999996,0,0,0.99999994000000003,0,0,-0.84293777000000003,0,-0.53801094999999999,0,-2.7252762000000001,-2.3478892,2.3204164999999999,1]},{"category":{"chair":{}},"confidence":{"low":{}},"dimensions":[0.46266552999999999,0.87613490000000005,0.47230931999999998],"parentIdentifier":null,"identifier":"C03FFF6E-C3C9-4975-A6E2-D0D4540CD1C7","attributes":{"ChairLegType":"unidentified","ChairBackType":"existing","ChairType":"unidentified","ChairArmType":"missing"},"story":0,"transform":[-0.51733399999999996,0,0.85578363999999996,0,0,0.99999994000000003,0,0,-0.85578359999999998,0,-0.51733390000000001,0,-2.3875772999999998,-2.3450158000000001,1.7510589999999999,1]},{"category":{"dishwasher":{}},"confidence":{"low":{}},"dimensions":[0.56117684000000001,0.95494319999999999,0.62955457000000004],"parentIdentifier":null,"identifier":"1588C7D5-09D2-4112-BF96-E73C29A1E3CF","attributes":{},"story":0,"transform":[-0.51170439999999995,0,0.85916170000000003,0,0,0.99999994000000003,0,0,-0.85916170000000003,0,-0.51170439999999995,0,2.1884079999999999,-2.3056117999999999,-2.5252910000000002,1]},{"category":{"table":{}},"confidence":{"high":{}},"dimensions":[0.50599499999999997,0.66080284,0.49760535],"parentIdentifier":null,"identifier":"E9505CEB-97CD-45B5-91A5-6FFDD2177976","attributes":{},"story":0,"transform":[0.85916170000000003,0,0.51170450000000001,0,0,1,0,0,-0.51170444000000004,0,0.85916159999999997,0,-4.6575002999999997,-2.4526818000000001,-6.226521,1]},{"category":{"table":{}},"confidence":{"high":{}},"dimensions":[0.51650209999999996,0.65977669999999999,0.47778746],"parentIdentifier":null,"identifier":"9783F8AA-13B7-4C81-BAEA-33F58C42FA7A","attributes":{"TableType":"coffee","TableShapeType":"rectangular"},"story":0,"transform":[0.85916159999999997,0,0.51170444000000004,0,0,1,0,0,-0.51170439999999995,0,0.85916155999999999,0,-2.1380515,-2.4531949000000002,-4.7722160000000002,1]},{"category":{"washerDryer":{}},"confidence":{"low":{}},"dimensions":[0.54545690000000002,0.88786600000000004,0.60329010000000005],"parentIdentifier":null,"identifier":"D7316326-EE4C-4DC5-8A32-EA30607262B9","attributes":{},"story":0,"transform":[0.85916219999999999,0,0.51170349999999998,0,0,1.0000001000000001,0,0,-0.51170355000000001,0,0.85916232999999997,0,0.103990555,-2.3391506999999998,1.3375387000000001,1]},{"category":{"toilet":{}},"confidence":{"medium":{}},"dimensions":[0.44960412,0.86021566000000005,0.80104770000000003],"parentIdentifier":null,"identifier":"7E8C2FB7-7242-4EEA-B976-C9E0733699D2","attributes":{},"story":0,"transform":[-0.5117043,0,0.85916172999999996,0,0,1,0,0,-0.85916179999999998,0,-0.5117043,0,-0.91246450000000001,-2.3529751000000001,-9.9649049999999999,1]},{"category":{"storage":{}},"confidence":{"low":{}},"dimensions":[0.63283144999999996,0.71191406000000002,0.32733827999999998],"parentIdentifier":null,"identifier":"7F1D5402-477C-4760-85BB-0895CD9B64DE","attributes":{"StorageType":"cabinet"},"story":0,"transform":[-0.51170479999999996,0,0.85916130000000002,0,0,0.99999994000000003,0,0,-0.85916130000000002,0,-0.51170479999999996,0,-0.68579219999999996,-1.2019166999999999,-9.8826230000000006,1]},{"category":{"toilet":{}},"confidence":{"medium":{}},"dimensions":[0.43800824999999999,0.8376498,0.69459957000000006],"parentIdentifier":null,"identifier":"8C7DC5C3-CCD4-4924-863A-EFEEAB4C949F","attributes":{},"story":0,"transform":[0.85916170000000003,0,0.51170439999999995,0,0,1,0,0,-0.5117043,0,0.85916159999999997,0,2.4376169999999999,-2.364258,-5.0460010000000004,1]},{"category":{"storage":{}},"confidence":{"high":{}},"dimensions":[0.35356547999999999,0.82958984000000002,0.27367957999999998],"parentIdentifier":null,"identifier":"1D001463-1EE0-4F53-8E87-DC235608481F","attributes":{"StorageType":"shelf"},"story":0,"transform":[-0.85916179999999998,0,-0.5117043,0,0,0.99999994000000003,0,0,0.51170426999999996,0,-0.85916170000000003,0,1.6436758,-1.0449151999999999,-1.3409986,1]},{"category":{"chair":{}},"confidence":{"low":{}},"dimensions":[0.51613220000000004,0.87474730000000001,0.51466780000000001],"parentIdentifier":null,"identifier":"CC9B6661-D8F1-4A1F-B19B-E8A711EC1F74","attributes":{},"story":0,"transform":[0.91396840000000001,0,0.40578540000000002,0,0,1.0000001000000001,0,0,-0.40578544,0,0.91396856000000004,0,-4.1123820000000002,-2.34571,-1.2905781999999999,1]},{"category":{"storage":{}},"confidence":{"low":{}},"dimensions":[0.91767209999999999,0.37353515999999998,0.33217247999999999],"parentIdentifier":null,"identifier":"AC61AF70-C082-44D2-AF2F-7F81A8E1091B","attributes":{"StorageType":"cabinet"},"story":0,"transform":[-0.51170397000000001,0,0.85916179999999998,0,0,1,0,0,-0.85916185,0,-0.51170397000000001,0,-1.234477,-0.87931250000000005,3.6849766000000002,1]},{"category":{"table":{}},"confidence":{"high":{}},"dimensions":[0.4962358,0.51497700000000002,0.43604927999999998],"parentIdentifier":null,"identifier":"559DFFE1-E224-436A-8AB6-94BDEAA9E9CF","attributes":{"TableType":"unidentified","TableShapeType":"unidentified"},"story":0,"transform":[0.85916345999999999,0,0.51170135000000005,0,0,1,0,0,-0.51170130000000003,0,0.85916340000000002,0,1.9744413000000001,-2.525595,-7.2534976000000002,1]},{"category":{"chair":{}},"confidence":{"low":{}},"dimensions":[0.48830067999999999,0.79872560000000004,0.51686483999999999],"parentIdentifier":null,"identifier":"9DA9CBF4-54BB-4DD0-A001-FCED2740BB22","attributes":{},"story":0,"transform":[0.85636734999999997,0,0.51636713999999995,0,0,0.99999994000000003,0,0,-0.51636709999999997,0,0.85636730000000005,0,-2.7136187999999999,-2.3837206000000002,-0.46945452999999998,1]},{"category":{"storage":{}},"confidence":{"low":{}},"dimensions":[0.47224873000000001,0.39589416999999999,0.42346188000000001],"parentIdentifier":null,"identifier":"A9CCFD72-FD40-4C28-BDA8-EE60B95068F2","attributes":{"StorageType":"cabinet"},"story":0,"transform":[0.85916159999999997,0,0.51170450000000001,0,0,1,0,0,-0.51170444000000004,0,0.85916155999999999,0,0.40298181999999999,-0.82242490000000001,-4.5959373000000001,1]},{"category":{"sink":{}},"confidence":{"low":{}},"dimensions":[0.48924204999999998,0.18740367999999999,0.4781686],"parentIdentifier":"13A9F1EC-DD1E-4E64-B13F-5619D9BC0376","identifier":"F196935E-8062-48F0-877D-0DA89B8E0243","attributes":{},"story":0,"transform":[-0.51170499999999997,0,0.85916126000000004,0,0,1,0,0,-0.85916130000000002,0,-0.51170504000000006,0,-0.61455166000000006,-1.9783549,2.4346743000000002,1]},{"category":{"television":{}},"confidence":{"medium":{}},"dimensions":[1.1860542000000001,0.71191406000000002,0.080000119999999994],"parentIdentifier":null,"identifier":"AC99D4C4-6A50-48E2-9D75-BD0F651C6C83","attributes":{},"story":0,"transform":[-0.85916139999999996,0,-0.51170490000000002,0,0,0.99999994000000003,0,0,0.51170479999999996,0,-0.85916126000000004,0,-5.2400484000000001,-0.78609275999999995,-2.6197796000000002,1]},{"category":{"sink":{}},"confidence":{"low":{}},"dimensions":[0.53444356000000004,0.22495841999999999,0.42506813999999998],"parentIdentifier":"1D524B70-5B31-4B82-9086-3F5BDD024021","identifier":"F6B37990-19C1-4BD1-AF8C-149C6D124C37","attributes":{},"story":0,"transform":[-0.51170397000000001,0,0.85916190000000003,0,0,0.99999994000000003,0,0,-0.85916190000000003,0,-0.51170389999999999,0,1.8290268000000001,-1.9406194999999999,-1.899513,1]},{"category":{"television":{}},"confidence":{"medium":{}},"dimensions":[0.92360412999999997,0.6057129,0.079999520000000005],"parentIdentifier":null,"identifier":"DC6E57AB-0236-49BE-95B8-3D241D1D20A7","attributes":{},"story":0,"transform":[0.51223529999999995,0,-0.85884519999999998,0,0,1,0,0,0.85884519999999998,0,0.51223529999999995,0,-4.6388959999999999,-1.7773939999999999,-12.937777499999999,1]},{"category":{"sink":{}},"confidence":{"low":{}},"dimensions":[0.62013680000000004,0.17021942000000001,0.39296365],"parentIdentifier":"A98A98CA-44DB-4A52-B7DF-CDB1F878E800","identifier":"88CFC444-1820-4B7F-8EEA-9B26FB679B25","attributes":{},"story":0,"transform":[0.85916150000000002,0,0.51170479999999996,0,0,1,0,0,-0.51170473999999999,0,0.85916144000000005,0,1.5648226999999999,-2.0810719999999998,-5.6477456000000004,1]},{"category":{"sink":{}},"confidence":{"low":{}},"dimensions":[0.47962337999999999,0.13415241,0.39913314999999999],"parentIdentifier":"24A58CD9-58C3-4C96-8C8B-E7E8B53988AA","identifier":"5C6BDE38-0DEB-4E2E-AE2E-7F9CBBE87277","attributes":{},"story":0,"transform":[-0.5117043,0,0.85916159999999997,0,0,1,0,0,-0.85916170000000003,0,-0.51170439999999995,0,-1.2501823999999999,-2.0796402,-9.3020610000000001,1]},{"category":{"stove":{}},"confidence":{"low":{}},"dimensions":[0.73927754000000001,0.018000126000000002,0.7233887],"parentIdentifier":null,"identifier":"9D727239-4E07-4DF2-B176-FE247446BFE5","attributes":{},"story":0,"transform":[0.85916170000000003,0,0.51170439999999995,0,0,1,0,0,-0.5117043,0,0.85916159999999997,0,1.3005593,-1.8117497,-3.8356119999999998,1]}],"walls":[{"category":{"wall":{}},"confidence":{"high":{}},"polygonCorners":[],"completedEdges":[],"dimensions":[3.6125543000000002,1.5039583000000001,0],"parentIdentifier":null,"identifier":"B2B3852E-F365-457F-9989-43BA9227EA78","curve":null,"story":1,"transform":[0.85763043000000005,0,0.51426669999999997,0,0,1.0000001000000001,0,0,-0.51426667000000004,0,0.85763040000000001,0,2.2652429999999999,0.67708930000000001,-5.5145710000000001,1]},{"category":{"wall":{}},"confidence":{"high":{}},"polygonCorners":[[-0.84237814,0.2713796,-1.1920929000000001e-07],[0.84237814,1.651332,5.9604645000000006e-08],[0.84237814,-1.6513325000000001,5.9604645000000006e-08],[-0.84237814,-1.6513325000000001,-1.1920929000000001e-07]],"completedEdges":[],"dimensions":[1.6847562,3.3026648000000001,0],"parentIdentifier":null,"identifier":"9EA750E3-8FF4-488F-8A40-14CAC7E3742A","curve":null,"story":1,"transform":[0.51426667000000004,0,-0.85763040000000001,0,0,0.99999994000000003,0,0,0.85763040000000001,0,0.51426667000000004,0,0.43811457999999998,1.5764425,-1.0610359,1]},{"category":{"wall":{}},"confidence":{"high":{}},"polygonCorners":[[-1.9583699999999999,-0.72103870000000003,0],[1.1022987,1.8749998999999999,0],[1.3838067000000001,1.8749998999999999,-1.1920929000000001e-07],[1.9583704,1.4276646,0],[1.9583704,-1.8749998999999999,0],[-1.9583699999999999,-1.8749998999999999,0]],"completedEdges":[],"dimensions":[3.9167402,3.7499997999999999,0],"parentIdentifier":null,"identifier":"13A90DA2-0FB5-46B8-9CF3-19048CC23D90","curve":null,"story":1,"transform":[-0.51426660000000002,0,0.85763029999999996,0,0,1,0,0,-0.85763040000000001,0,-0.51426667000000004,0,2.8072366999999998,1.8001100000000001,-2.9061054999999998,1]},{"category":{"wall":{}},"confidence":{"high":{}},"polygonCorners":[[-1.3065631,1.6513323,-2.3841858000000002e-07],[1.3065636,-0.49737137999999997,-1.1920929000000001e-07],[1.3065636,-1.6513325999999999,-1.1920929000000001e-07],[-1.3065631,-1.6513325999999999,-2.3841858000000002e-07]],"completedEdges":[],"dimensions":[2.6131264999999999,3.3026648000000001,0],"parentIdentifier":null,"identifier":"5437A160-DF2D-4EFA-B79F-FF5E4764B945","curve":null,"story":1,"transform":[-0.51426660000000002,0,0.85763040000000001,0,0,0.99999994000000003,0,0,-0.85763040000000001,0,-0.51426660000000002,0,1.1281903,1.5764425,-0.10599971,1]},{"category":{"wall":{}},"confidence":{"high":{}},"polygonCorners":[],"completedEdges":[],"dimensions":[2.5295809999999999,2.0939999,0],"parentIdentifier":null,"identifier":"5C2BE100-F094-4E06-B643-C379076CE39B","curve":null,"story":1,"transform":[-0.85763043000000005,0,-0.51426669999999997,0,0,1,0,0,0.51426667000000004,0,-0.85763040000000001,0,-1.0798151,0.97211009999999998,-0.98902654999999995,1]},{"category":{"wall":{}},"confidence":{"high":{}},"polygonCorners":[[-2.8007485999999999,0.042025090000000001,0],[-0.41849247000000001,1.8749998999999999,2.3841858000000002e-07],[2.8007483,-0.72103870000000003,2.3841858000000002e-07],[2.8007483,-1.8749998999999999,2.3841858000000002e-07],[-2.8007485999999999,-1.8749998999999999,0]],"completedEdges":[],"dimensions":[5.601496,3.7499997999999999,0],"parentIdentifier":null,"identifier":"6A80560E-C052-458E-AA8B-DC637DC1333D","curve":null,"story":1,"transform":[0.51426660000000002,0,-0.85763029999999996,0,0,1,0,0,0.85763040000000001,0,0.51426667000000004,0,-0.72420656999999999,1.8001100000000001,-4.0414729999999999,1]},{"category":{"wall":{}},"confidence":{"high":{}},"polygonCorners":[],"completedEdges":[],"dimensions":[3.6125543000000002,1.1539611999999999,0],"parentIdentifier":null,"identifier":"41914E88-7B50-4AAD-810A-BA72DA332818","curve":null,"story":1,"transform":[-0.85763043000000005,0,-0.51426667000000004,0,0,0.99999994000000003,0,0,0.51426654999999999,0,-0.85763029999999996,0,-1.0928500000000001,0.5020907,0.085640670000000002,1]},{"category":{"wall":{}},"confidence":{"high":{}},"polygonCorners":[[-0.46418524,0.19260511,2.3841858000000002e-07],[0.46418524,0.96135603999999997,1.1920929000000001e-07],[0.46418524,-0.96135603999999997,1.1920929000000001e-07],[-0.46418524,-0.96135603999999997,2.3841858000000002e-07]],"completedEdges":[],"dimensions":[0.92837040000000004,1.9227121,0],"parentIdentifier":null,"identifier":"C9B2956A-C6A9-4312-AE83-013951818CA0","curve":null,"story":1,"transform":[0.51426680000000002,0,-0.85763029999999996,0,0,1,0,0,0.85763040000000001,0,0.51426685000000005,0,-2.4032529999999999,0.88646614999999995,-1.2413666999999999,1]},{"category":{"wall":{}},"confidence":{"high":{}},"polygonCorners":[],"completedEdges":[],"dimensions":[1.082973,3.3026648000000001,0],"parentIdentifier":null,"identifier":"4DBBA514-E4AB-4E84-B6C8-F19931D7DC21","curve":null,"story":1,"transform":[-0.85763043000000005,0,-0.51426667000000004,0,0,0.99999994000000003,0,0,0.51426654999999999,0,-0.85763029999999996,0,1.335717,1.5764425,-1.5050163999999999,1]},{"category":{"wall":{}},"confidence":{"high":{}},"polygonCorners":[],"completedEdges":[],"dimensions":[1.884412,2.4368289000000001,0],"parentIdentifier":null,"identifier":"611D588A-D115-4E9E-AD92-C1CB19EB48A3","curve":null,"story":0,"transform":[0.85916179999999998,0,0.51170420000000005,0,0,1,0,0,-0.51170420000000005,0,0.85916172999999996,0,-0.74841046,-1.5646689,-0.89279839999999999,1]},{"category":{"wall":{}},"confidence":{"high":{}},"polygonCorners":[],"completedEdges":[],"dimensions":[6.0910114999999996,2.4368289000000001,0.10879311999999999],"parentIdentifier":null,"identifier":"6A6F149A-5DC5-4E22-A0C5-E3CE357CAF39","curve":null,"story":0,"transform":[-0.85916172999999996,0,-0.5117043,0,0,1,0,0,0.51170426999999996,0,-0.85916170000000003,0,-2.0562792000000001,-1.5646689,-0.454036,1]},{"category":{"wall":{}},"confidence":{"high":{}},"polygonCorners":[],"completedEdges":[],"dimensions":[1.1924443,2.4368289000000001,0],"parentIdentifier":null,"identifier":"A7C87AA9-253E-4FEC-89ED-877D814B0595","curve":null,"story":0,"transform":[-0.83951279999999995,0,-0.54333984999999996,0,0,1,0,0,0.54333984999999996,0,-0.83951279999999995,0,-6.5497931999999999,-1.5646689,-3.1561482000000001,1]},{"category":{"wall":{}},"confidence":{"high":{}},"polygonCorners":[],"completedEdges":[],"dimensions":[5.1209616999999996,2.4368289000000001,0.10879311999999999],"parentIdentifier":null,"identifier":"9E8C685C-5F1D-46A6-B95E-571AAE085527","curve":null,"story":0,"transform":[-0.51170420000000005,0,0.85916172999999996,0,0,1,0,0,-0.85916179999999998,0,-0.51170420000000005,0,-1.4509791999999999,-1.5646689,-3.0737367,1]},{"category":{"wall":{}},"confidence":{"high":{}},"polygonCorners":[],"completedEdges":[],"dimensions":[3.5943958999999999,2.4368289000000001,0],"parentIdentifier":null,"identifier":"B836C588-0437-49CB-9271-6C71C94F3FAE","curve":null,"story":0,"transform":[-0.51170420000000005,0,0.85916170000000003,0,0,1,0,0,-0.85916172999999996,0,-0.51170426999999996,0,-0.35933136999999998,-1.5646689,2.6484459999999999,1]},{"category":{"wall":{}},"confidence":{"high":{}},"polygonCorners":[[-1.6684703999999999,1.2184145,-9.5367430000000002e-07],[0.059268475000000001,1.8608651,-1.9073486e-06],[1.6684728,1.2184145,-9.5367430000000002e-07],[1.6684728,-1.2184143000000001,-9.5367430000000002e-07],[-1.6684703999999999,-1.2184143000000001,-9.5367430000000002e-07]],"completedEdges":[],"dimensions":[3.3369439000000001,2.4368289000000001,0],"parentIdentifier":null,"identifier":"D6003319-B118-4823-BE56-F919D0C8E56B","curve":null,"story":0,"transform":[0.51170420000000005,0,-0.85916179999999998,0,0,1,0,0,0.85916185,0,0.51170420000000005,0,-5.4389419999999999,-1.5646689,-12.171367999999999,1]},{"category":{"wall":{}},"confidence":{"high":{}},"polygonCorners":[],"completedEdges":[],"dimensions":[1.0604197,2.4368289000000001,0],"parentIdentifier":null,"identifier":"C9F484DB-EEA8-407E-AABA-0346E634F369","curve":null,"story":0,"transform":[-0.85916172999999996,0,-0.51170426999999996,0,0,1,0,0,0.51170420000000005,0,-0.85916170000000003,0,1.2700034,-1.5646689,-1.4042813000000001,1]},{"category":{"wall":{}},"confidence":{"high":{}},"polygonCorners":[],"completedEdges":[],"dimensions":[1.4722773,2.4368289000000001,0],"parentIdentifier":null,"identifier":"E92CEDB3-7165-4B91-8196-49BE516EFC08","curve":null,"story":0,"transform":[-0.5117043,0,0.85916170000000003,0,0,1,0,0,-0.85916172999999996,0,-0.51170439999999995,0,0.43778217000000003,-1.5646689,-1.0431296999999999,1]},{"category":{"wall":{}},"confidence":{"high":{}},"polygonCorners":[],"completedEdges":[],"dimensions":[1.1916168,2.4368289000000001,0],"parentIdentifier":null,"identifier":"C8D711AD-E5D1-4B28-A8CF-63823F97D792","curve":null,"story":0,"transform":[-0.85916159999999997,0,-0.51170444000000004,0,0,1,0,0,0.51170439999999995,0,-0.85916155999999999,0,-6.8936510000000002,-1.5646689,-2.5788030000000002,1]},{"category":{"wall":{}},"confidence":{"high":{}},"polygonCorners":[],"completedEdges":[],"dimensions":[0.64978639999999999,2.2192793000000002,0],"parentIdentifier":null,"identifier":"586406A1-F3BF-4FE6-A807-5F129C8C5B6C","curve":null,"story":0,"transform":[-0.51170439999999995,0,0.85916155999999999,0,0,0.99999994000000003,0,0,-0.85916170000000003,0,-0.51170444000000004,0,-6.2155066000000003,-1.6734435999999999,-2.553061,1]},{"category":{"wall":{}},"confidence":{"high":{}},"polygonCorners":[],"completedEdges":[],"dimensions":[0.48579612,2.4368289000000001,0],"parentIdentifier":null,"identifier":"EC6B9A91-D849-42DF-9476-91BD4254DD0B","curve":null,"story":0,"transform":[0.85916199999999998,0,0.51170389999999999,0,0,1,0,0,-0.51170389999999999,0,0.85916190000000003,0,-0.59194933999999999,-1.5646689,-10.195017,1]},{"category":{"wall":{}},"confidence":{"high":{}},"polygonCorners":[],"completedEdges":[],"dimensions":[1.8929693999999999,2.4368289000000001,0],"parentIdentifier":null,"identifier":"AD39E628-BF67-4686-B017-3630687795AF","curve":null,"story":0,"transform":[-0.85916170000000003,0,-0.51170444000000004,0,0,1,0,0,0.51170439999999995,0,-0.85916159999999997,0,-2.0921482999999998,-1.5646689,3.7082095000000002,1]},{"category":{"wall":{}},"confidence":{"high":{}},"polygonCorners":[],"completedEdges":[],"dimensions":[4.1980420000000001,2.4368289000000001,0],"parentIdentifier":null,"identifier":"668B4539-B03F-4BEC-A350-7C5DE3732F12","curve":null,"story":0,"transform":[-0.85916185,0,-0.51170415000000002,0,0,1,0,0,0.51170415000000002,0,-0.85916179999999998,0,-4.7087297000000001,-1.5646689,2.1498113000000001,1]},{"category":{"wall":{}},"confidence":{"high":{}},"polygonCorners":[],"completedEdges":[],"dimensions":[3.5943966000000001,2.4368289000000001,0],"parentIdentifier":null,"identifier":"74366D16-77E2-4994-AD42-BA59BE486E19","curve":null,"story":0,"transform":[0.51170426999999996,0,-0.85916170000000003,0,0,1,0,0,0.85916172999999996,0,0.5117043,0,-5.5924950000000004,-1.5646689,-0.46835064999999998,1]},{"category":{"wall":{}},"confidence":{"high":{}},"polygonCorners":[],"completedEdges":[],"dimensions":[1.6020224000000001,2.4368289000000001,0],"parentIdentifier":null,"identifier":"49F70E07-7C71-4BE0-864E-A93339195AD3","curve":null,"story":0,"transform":[-0.85916150000000002,0,-0.51170479999999996,0,0,1,0,0,0.51170473999999999,0,-0.85916144000000005,0,-5.3610579999999999,-1.5646689,-2.4223156000000001,1]},{"category":{"wall":{}},"confidence":{"high":{}},"polygonCorners":[],"completedEdges":[],"dimensions":[2.3556433000000001,2.4368289000000001,0],"parentIdentifier":null,"identifier":"0D4007DF-846B-403B-BA75-7540CD6019D5","curve":null,"story":0,"transform":[0.85916172999999996,0,0.5117041,0,0,1,0,0,-0.5117041,0,0.85916179999999998,0,-3.0886022999999998,-1.5646689,-7.8301553999999998,1]},{"category":{"wall":{}},"confidence":{"high":{}},"polygonCorners":[],"completedEdges":[],"dimensions":[0.44069125999999997,2.4368289000000001,0],"parentIdentifier":null,"identifier":"05F8D0BA-EAD0-4B38-9D33-E74F677F3C84","curve":null,"story":0,"transform":[0.85916170000000003,0,0.5117043,0,0,1,0,0,-0.51170426999999996,0,0.85916159999999997,0,-1.8873503,-1.5646689,-7.1147074999999997,1]},{"category":{"wall":{}},"confidence":{"high":{}},"polygonCorners":[],"completedEdges":[],"dimensions":[0.69418619999999998,2.2192793000000002,0],"parentIdentifier":null,"identifier":"E2B51EE3-3EDC-44BA-95C3-5EE379B50C7E","curve":null,"story":0,"transform":[0.51170360000000004,0,-0.85916203000000002,0,0,0.99999994000000003,0,0,0.85916210000000004,0,0.51170360000000004,0,-7.2279377,-1.6734435999999999,-3.1818901999999998,1]},{"category":{"wall":{}},"confidence":{"high":{}},"polygonCorners":[[-2.8747919999999998,1.3114364999999999,9.5367430000000002e-07],[0.15438467,3.6768649999999998,9.5367430000000002e-07],[1.0279955999999999,3.3408650999999998,1.4305114999999999e-06],[2.8823167999999999,1.7636788999999999,4.7683716000000005e-07],[2.8823167999999999,-1.2184143000000001,4.7683716000000005e-07],[-2.8747919999999998,-1.2184143000000001,9.5367430000000002e-07]],"completedEdges":[],"dimensions":[5.7646329999999999,2.4368289000000001,0],"parentIdentifier":null,"identifier":"21593977-29F7-4E82-AA35-B9B013853D2D","curve":null,"story":0,"transform":[0.5117043,0,-0.85916172999999996,0,0,1,0,0,0.85916170000000003,0,0.5117043,0,-5.5754355999999996,-1.5646689,-5.9564753000000001,1]},{"category":{"wall":{}},"confidence":{"high":{}},"polygonCorners":[],"completedEdges":[],"dimensions":[1.6842413000000001,2.4368289000000001,0],"parentIdentifier":null,"identifier":"DFD24C51-DEBF-41B5-AB64-E8B958A04837","curve":null,"story":0,"transform":[-0.85916172999999996,0,-0.5117043,0,0,1,0,0,0.51170426999999996,0,-0.85916170000000003,0,3.5338696999999999,-1.5646689,-5.7781640000000003,1]},{"category":{"wall":{}},"confidence":{"high":{}},"polygonCorners":[[-1.3233366,1.1066954,0],[1.3233375999999999,2.18817