[
  {
    "rotationMatrix" : [
      0.978946328163147,
      0.14765316247940063,
      -0.14093470573425293,
      -0.2031020224094391,
      0.6358245611190796,
      -0.7446319460868835,
      -0.020337514579296112,
      0.7575787901878357,
      0.6524267792701721
    ],
    "gravity" : [
      0.020337514579296112,
      -0.7575787901878357,
      -0.6524267792701721
    ],
    "timestamp" : 1251211449087,
    "userAcceleration" : [
      -0.02662414312362671,
      -0.056233346462249756,
      -0.12015628814697266
    ]
  },
  {
    "rotationMatrix" : [
      0.9809523820877075,
      0.14062221348285675,
      -0.1340068131685257,
      -0.19323612749576569,
      0.6361034512519836,
      -0.7470155358314514,
      -0.019804775714874268,
      0.75868159532547,
      0.651160478591919
    ],
    "gravity" : [
      0.01980477198958397,
      -0.75868159532547,
      -0.651160478591919
    ],
    "timestamp" : 1251211459142,
    "userAcceleration" : [
      -0.04341011494398117,
      -0.057999253273010254,
      -0.11051249504089355
    ]
  },
  {
    "rotationMatrix" : [
      0.9828162789344788,
      0.13407178223133087,
      -0.12687352299690247,
      -0.1835159808397293,
      0.6358012557029724,
      -0.7497190237045288,
      -0.019849825650453568,
      0.7601194381713867,
      0.6494801640510559
    ],
    "gravity" : [
      0.019849825650453568,
      -0.7601194381713867,
      -0.6494801640510559
    ],
    "timestamp" : 1251211469198,
    "userAcceleration" : [
      -0.057752661406993866,
      -0.062481820583343506,
      -0.09568285942077637
    ]
  },
  {
    "rotationMatrix" : [
      0.9845967292785645,
      0.12792280316352844,
      -0.11918474733829498,
      -0.17362505197525024,
      0.6351324915885925,
      -0.7526359558105469,
      -0.02058122679591179,
      0.7617363929748535,
      0.6475600004196167
    ],
    "gravity" : [
      0.02058122493326664,
      -0.7617363929748535,
      -0.6475599408149719
    ],
    "timestamp" : 1251211479253,
    "userAcceleration" : [
      -0.06638812273740768,
      -0.06182605028152466,
      -0.07204455137252808
    ]
  },
  {
    "rotationMatrix" : [
      0.9860779643058777,
      0.1230279803276062,
      -0.11186768114566803,
      -0.16482174396514893,
      0.6341407299041748,
      -0.7554464340209961,
      -0.022001195698976517,
      0.7633672952651978,
      0.6455898880958557
    ],
    "gravity" : [
      0.02200119011104107,
      -0.7633672952651978,
      -0.6455898880958557
    ],
    "timestamp" : 1251211489308,
    "userAcceleration" : [
      -0.06809799373149872,
      -0.05918818712234497,
      -0.04912757873535156
    ]
  },
  {
    "rotationMatrix" : [
      0.9875043630599976,
      0.11843214929103851,
      -0.10396628081798553,
      -0.15575860440731049,
      0.6331571936607361,
      -0.7581894397735596,
      -0.02396700158715248,
      0.764909029006958,
      0.6436923146247864
    ],
    "gravity" : [
      0.02396700158715248,
      -0.764909029006958,
      -0.6436923146247864
    ],
    "timestamp" : 1251211499363,
    "userAcceleration" : [
      -0.06180880591273308,
      -0.05772274732589722,
      -0.0269010066986084
    ]
  },
  {
    "rotationMatrix" : [
      0.9887551665306091,
      0.11450599133968353,
      -0.09618546068668365,
      -0.14721481502056122,
      0.6322373747825623,
      -0.7606599926948547,
      -0.026288103312253952,
      0.766266405582428,
      0.6419849395751953
    ],
    "gravity" : [
      0.026288103312253952,
      -0.7662663459777832,
      -0.6419849395751953
    ],
    "timestamp" : 1251211509418,
    "userAcceleration" : [
      -0.05354030430316925,
      -0.059310317039489746,
      -0.010862350463867188
    ]
  },
  {
    "rotationMatrix" : [
      0.9898483157157898,
      0.11111319065093994,
      -0.08862408995628357,
      -0.1391802430152893,
      0.6314594745635986,
      -0.7628157138824463,
      -0.028796367347240448,
      0.7674065828323364,
      0.6405138373374939
    ],
    "gravity" : [
      0.028796367347240448,
      -0.7674065828323364,
      -0.6405138373374939
    ],
    "timestamp" : 1251211519473,
    "userAcceleration" : [
      -0.04339902848005295,
      -0.052371859550476074,
      -0.002964615821838379
    ]
  },
  {
    "rotationMatrix" : [
      0.9907963275909424,
      0.1082020252943039,
      -0.08133246004581451,
      -0.1316620260477066,
      0.6308484077453613,
      -0.7646536827087402,
      -0.03142864257097244,
      0.7683244943618774,
      0.6392884254455566
    ],
    "gravity" : [
      0.03142864629626274,
      -0.7683244943618774,
      -0.6392883658409119
    ],
    "timestamp" : 1251211529528,
    "userAcceleration" : [
      -0.03277143836021423,
      -0.03579831123352051,
      -0.007913172245025635
    ]
  },
  {
    "rotationMatrix" : [
      0.9916399717330933,
      0.10563822835683823,
      -0.0740998387336731,
      -0.12441117316484451,
      0.6303727626800537,
      -0.7662584781646729,
      -0.03423565998673439,
      0.7690713405609131,
      0.6382454037666321
    ],
    "gravity" : [
      0.03423565626144409,
      -0.7690712809562683,
      -0.6382454037666321
    ],
    "timestamp" : 1251211539584,
    "userAcceleration" : [
      -0.018397033214569092,
      -0.014085948467254639,
      -0.02484053373336792
    ]
  },
  {
    "rotationMatrix" : [
      0.9924547672271729,
      0.10301406681537628,
      -0.06649504601955414,
      -0.1168292909860611,
      0.6299358606338501,
      -0.7678096890449524,
      -0.03720758855342865,
      0.7697849869728088,
      0.6372179388999939
    ],
    "gravity" : [
      0.03720759227871895,
      -0.7697849869728088,
      -0.6372178792953491
    ],
    "timestamp" : 1251211549639,
    "userAcceleration" : [
      -0.0018529891967773438,
      0.006662487983703613,
      -0.04379713535308838
    ]
  },
  {
    "rotationMatrix" : [
      0.9932605028152466,
      0.10008891671895981,
      -0.05844432860612869,
      -0.10869652777910233,
      0.629371166229248,
      -0.7694653272628784,
      -0.04023178666830063,
      0.770632266998291,
      0.6360088586807251
    ],
    "gravity" : [
      0.04023178666830063,
      -0.770632266998291,
      -0.6360088586807251
    ],
    "timestamp" : 1251211559694,
    "userAcceleration" : [
      0.01485244557261467,
      0.018877625465393066,
      -0.05709117650985718
    ]
  },
  {
    "rotationMatrix" : [
      0.9940575957298279,
      0.09663520008325577,
      -0.050111621618270874,
      -0.09998232871294022,
      0.6284826397895813,
      -0.7713710069656372,
      -0.04304729402065277,
      0.7717974185943604,
      0.6344097256660461
    ],
    "gravity" : [
      0.04304729402065277,
      -0.7717974185943604,
      -0.6344097256660461
    ],
    "timestamp" : 1251211569749,
    "userAcceleration" : [
      0.028897903859615326,
      0.020225822925567627,
      -0.06345105171203613
    ]
  },
  {
    "rotationMatrix" : [
      0.9948481321334839,
      0.09245018661022186,
      -0.04159514978528023,
      -0.09062722325325012,
      0.6271814703941345,
      -0.7735826969146729,
      -0.04543015733361244,
      0.7733669281005859,
      0.6323288083076477
    ],
    "gravity" : [
      0.045430153608322144,
      -0.7733669281005859,
      -0.6323288083076477
    ],
    "timestamp" : 1251211579804,
    "userAcceleration" : [
      0.033595118671655655,
      0.013708174228668213,
      -0.05211949348449707
    ]
  },
  {
    "rotationMatrix" : [
      0.9954864978790283,
      0.0884847640991211,
      -0.0343087874352932,
      -0.08232742547988892,
      0.6253276467323303,
      -0.776007354259491,
      -0.04721059277653694,
      0.7753294110298157,
      0.6297899484634399
    ],
    "gravity" : [
      0.04721059277653694,
      -0.7753294706344604,
      -0.6297899484634399
    ],
    "timestamp" : 1251211589859,
    "userAcceleration" : [
      0.03216563165187836,
      0.0027770400047302246,
      -0.03294503688812256
    ]
  },
  {
    "rotationMatrix" : [
      0.9960774779319763,
      0.08407750725746155,
      -0.02757963165640831,
      -0.07415811717510223,
      0.6231729984283447,
      -0.7785601019859314,
      -0.0482725165784359,
      0.7775514721870422,
      0.6269636154174805
    ],
    "gravity" : [
      0.0482725165784359,
      -0.7775514721870422,
      -0.6269636750221252
    ],
    "timestamp" : 1251211599914,
    "userAcceleration" : [
      0.031897157430648804,
      -0.011022686958312988,
      -0.013051033020019531
    ]
  },
  {
    "rotationMatrix" : [
      0.9965813755989075,
      0.07968561351299286,
      -0.02181287854909897,
      -0.06674204766750336,
      0.6209045052528381,
      -0.7810397148132324,
      -0.04869392514228821,
      0.7798254489898682,
      0.6241002082824707
    ],
    "gravity" : [
      0.04869392514228821,
      -0.7798255085945129,
      -0.6241002082824707
    ],
    "timestamp" : 1251211609970,
    "userAcceleration" : [
      0.028851237148046494,
      -0.021642327308654785,
      0.002563953399658203
    ]
  },
  {
    "rotationMatrix" : [
      0.9970211982727051,
      0.0753176286816597,
      -0.01661325804889202,
      -0.05979643017053604,
      0.6187856793403625,
      -0.783280611038208,
      -0.04871480166912079,
      0.7819408178329468,
      0.6214461326599121
    ],
    "gravity" : [
      0.04871480539441109,
      -0.7819408178329468,
      -0.6214461326599121
    ],
    "timestamp" : 1251211620025,
    "userAcceleration" : [
      0.023459266871213913,
      -0.022548258304595947,
      0.004762172698974609
    ]
  },
  {
    "rotationMatrix" : [
      0.997419536113739,
      0.0708584189414978,
      -0.011545388028025627,
      -0.05291818454861641,
      0.616947591304779,
      -0.785223126411438,
      -0.04851677268743515,
      0.7838078737258911,
      0.6191052794456482
    ],
    "gravity" : [
      0.04851676896214485,
      -0.7838078141212463,
      -0.6191052794456482
    ],
    "timestamp" : 1251211630080,
    "userAcceleration" : [
      0.017034970223903656,
      -0.018010973930358887,
      -0.008290410041809082
    ]
  },
  {
    "rotationMatrix" : [
      0.9977709650993347,
      0.06641516089439392,
      -0.0064885858446359634,
      -0.04608021676540375,
      0.6153993010520935,
      -0.7868673801422119,
      -0.04826685041189194,
      0.7854124307632446,
      0.6170880198478699
    ],
    "gravity" : [
      0.04826685041189194,
      -0.7854124307632446,
      -0.6170880198478699
    ],
    "timestamp" : 1251211640135,
    "userAcceleration" : [
      0.012035876512527466,
      -0.01164555549621582,
      -0.028145194053649902
    ]
  },
  {
    "rotationMatrix" : [
      0.9980801939964294,
      0.06192399933934212,
      -0.0011409800499677658,
      -0.03899582102894783,
      0.6140022873878479,
      -0.7883402109146118,
      -0.04811662435531616,
      0.7868713140487671,
      0.6152383089065552
    ],
    "gravity" : [
      0.04811662435531616,
      -0.7868712544441223,
      -0.6152383089065552
    ],
    "timestamp" : 1251211650190,
    "userAcceleration" : [
      0.006204664707183838,
      -0.01050710678100586,
      -0.05643826723098755
    ]
  },
  {
    "rotationMatrix" : [
      0.9983431696891785,
      0.05734836310148239,
      0.004694065079092979,
      -0.031471043825149536,
      0.6125099062919617,
      -0.7898362278938293,
      -0.04817097634077072,
      0.7883798480033875,
      0.6132999062538147
    ],
    "gravity" : [
      0.04817097261548042,
      -0.7883798480033875,
      -0.6132999062538147
    ],
    "timestamp" : 1251211660245,
    "userAcceleration" : [
      0.001710008829832077,
      -0.014919042587280273,
      -0.08817720413208008
    ]
  },
  {
    "rotationMatrix" : [
      0.9985460638999939,
      0.05276854336261749,
      0.011009106412529945,
      -0.02354477345943451,
      0.6106777191162109,
      -0.7915289998054504,
      -0.04849085956811905,
      0.7901189923286438,
      0.6110323071479797
    ],
    "gravity" : [
      0.04849085584282875,
      -0.7901189923286438,
      -0.6110323071479797
    ],
    "timestamp" : 1251211670300,
    "userAcceleration" : [
      9.311363101005554e-05,
      -0.017360687255859375,
      -0.10787028074264526
    ]
  },
  {
    "rotationMatrix" : [
      0.9986848831176758,
      0.04793597757816315,
      0.018183406442403793,
      -0.014755608513951302,
      0.6084060072898865,
      -0.793488621711731,
      -0.049099553376436234,
      0.7921768426895142,
      0.608313262462616
    ],
    "gravity" : [
      0.049099553376436234,
      -0.7921767830848694,
      -0.6083132028579712
    ],
    "timestamp" : 1251211680356,
    "userAcceleration" : [
      -0.006908997893333435,
      -0.02491593360900879,
      -0.11255770921707153
    ]
  },
  {
    "rotationMatrix" : [
      0.9987335801124573,
      0.04332853853702545,
      0.025571424514055252,
      -0.005905618891119957,
      0.6057077646255493,
      -0.7956652641296387,
      -0.049963828176259995,
      0.7945065498352051,
      0.6051965951919556
    ],
    "gravity" : [
      0.049963828176259995,
      -0.7945065498352051,
      -0.6051965951919556
    ],
    "timestamp" : 1251211690411,
    "userAcceleration" : [
      -0.018347620964050293,
      -0.03233659267425537,
      -0.10207879543304443
    ]
  },
  {
    "rotationMatrix" : [
      0.9986962676048279,
      0.038871120661497116,
      0.033087313175201416,
      0.0029759518802165985,
      0.6027427911758423,
      -0.7979299426078796,
      -0.050959572196006775,
      0.7969881892204285,
      0.6018412709236145
    ],
    "gravity" : [
      0.050959572196006775,
      -0.7969881892204285,
      -0.6018412709236145
    ],
    "timestamp" : 1251211700466,
    "userAcceleration" : [
      -0.03409862890839577,
      -0.03991049528121948,
      -0.079875648021698
    ]
  },
  {
    "rotationMatrix" : [
      0.9985765814781189,
      0.03454478830099106,
      0.04063860699534416,
      0.011819000355899334,
      0.5996660590171814,
      -0.8001630306243896,
      -0.05201105400919914,
      0.7995043992996216,
      0.5984041690826416
    ],
    "gravity" : [
      0.05201105773448944,
      -0.7995043992996216,
      -0.5984041690826416
    ],
    "timestamp" : 1251211710521,
    "userAcceleration" : [
      -0.045083582401275635,
      -0.04244500398635864,
      -0.0599057674407959
    ]
  },
  {
    "rotationMatrix" : [
      0.9983805418014526,
      0.030352335423231125,
      0.04811428114771843,
      0.020527299493551254,
      0.5965800881385803,
      -0.8022909164428711,
      -0.053055424243211746,
      0.8019793033599854,
      0.5949909090995789
    ],
    "gravity" : [
      0.053055424243211746,
      -0.8019793629646301,
      -0.5949909090995789
    ],
    "timestamp" : 1251211720576,
    "userAcceleration" : [
      -0.055054325610399246,
      -0.0460582971572876,
      -0.04835021495819092
    ]
  },
  {
    "rotationMatrix" : [
      0.9981037378311157,
      0.026263978332281113,
      0.05567023158073425,
      0.02924182638525963,
      0.593524694442749,
      -0.804284393787384,
      -0.05416536331176758,
      0.8043871521949768,
      0.5916312336921692
    ],
    "gravity" : [
      0.05416536331176758,
      -0.8043871521949768,
      -0.5916311740875244
    ],
    "timestamp" : 1251211730631,
    "userAcceleration" : [
      -0.05888032913208008,
      -0.05254638195037842,
      -0.041379690170288086
    ]
  },
  {
    "rotationMatrix" : [
      0.9977323412895203,
      0.022315336391329765,
      0.06349928677082062,
      0.03809776157140732,
      0.5905088186264038,
      -0.8061314225196838,
      -0.055485986173152924,
      0.8067225813865662,
      0.5883195996284485
    ],
    "gravity" : [
      0.055485982447862625,
      -0.8067226409912109,
      -0.5883195996284485
    ],
    "timestamp" : 1251211740686,
    "userAcceleration" : [
      -0.05786636099219322,
      -0.05838960409164429,
      -0.04134964942932129
    ]
  },
  {
    "rotationMatrix" : [
      0.9972578883171082,
      0.018546724691987038,
      0.07164327800273895,
      0.0471094474196434,
      0.5875095129013062,
      -0.8078448176383972,
      -0.057073984295129776,
      0.8090047240257263,
      0.5850247740745544
    ],
    "gravity" : [
      0.05707398056983948,
      -0.8090047240257263,
      -0.5850247740745544
    ],
    "timestamp" : 1251211750742,
    "userAcceleration" : [
      -0.054403677582740784,
      -0.06620889902114868,
      -0.03756445646286011
    ]
  },
  {
    "rotationMatrix" : [
      0.996678352355957,
      0.014810290187597275,
      0.08008047193288803,
      0.05634700134396553,
      0.5845478177070618,
      -0.8094002604484558,
      -0.05879832059144974,
      0.8112240433692932,
      0.5817716717720032
    ],
    "gravity" : [
      0.058798324316740036,
      -0.8112240433692932,
      -0.5817716717720032
    ],
    "timestamp" : 1251211760797,
    "userAcceleration" : [
      -0.04677440598607063,
      -0.07169514894485474,
      -0.0321199893951416
    ]
  },
  {
    "rotationMatrix" : [
      0.9960222840309143,
      0.01118960976600647,
      0.08839910477399826,
      0.06542745977640152,
      0.581632137298584,
      -0.8108164072036743,
      -0.06048848479986191,
      0.8133749961853027,
      0.5785865187644958
    ],
    "gravity" : [
      0.06048848107457161,
      -0.8133749961853027,
      -0.5785864591598511
    ],
    "timestamp" : 1251211770852,
    "userAcceleration" : [
      -0.0356014110147953,
      -0.07116168737411499,
      -0.026821255683898926
    ]
  },
  {
    "rotationMatrix" : [
      0.9953091740608215,
      0.007488943636417389,
      0.09645525366067886,
      0.07434824854135513,
      0.5787295699119568,
      -0.8121234178543091,
      -0.0619034543633461,
      0.8154851198196411,
      0.5754580497741699
    ],
    "gravity" : [
      0.0619034469127655,
      -0.8154851198196411,
      -0.5754580497741699
    ],
    "timestamp" : 1251211780907,
    "userAcceleration" : [
      -0.026289425790309906,
      -0.06178843975067139,
      -0.028606951236724854
    ]
  },
  {
    "rotationMatrix" : [
      0.9945642352104187,
      0.003581184893846512,
      0.10406316816806793,
      0.08303481340408325,
      0.5757437944412231,
      -0.8134028315544128,
      -0.06282666325569153,
      0.8176222443580627,
      0.5723168253898621
    ],
    "gravity" : [
      0.06282665580511093,
      -0.8176222443580627,
      -0.5723167657852173
    ],
    "timestamp" : 1251211790962,
    "userAcceleration" : [
      -0.01894237846136093,
      -0.043263256549835205,
      -0.040399909019470215
    ]
  },
  {
    "rotationMatrix" : [
      0.9937776923179626,
      -0.0006852373480796814,
      0.11137975007295609,
      0.09171188622713089,
      0.5724839568138123,
      -0.8147704601287842,
      -0.0632048025727272,
      0.8199155330657959,
      0.5689846277236938
    ],
    "gravity" : [
      0.0632048025727272,
      -0.8199154734611511,
      -0.5689846873283386
    ],
    "timestamp" : 1251211801017,
    "userAcceleration" : [
      -0.012026838958263397,
      -0.02374279499053955,
      -0.06286650896072388
    ]
  },
  {
    "rotationMatrix" : [
      0.9929208159446716,
      -0.00526808574795723,
      0.11866149306297302,
      0.10057404637336731,
      0.5687770843505859,
      -0.8163194060325623,
      -0.0631914883852005,
      0.8224747776985168,
      0.5652804374694824
    ],
    "gravity" : [
      0.0631914958357811,
      -0.8224747776985168,
      -0.5652804374694824
    ],
    "timestamp" : 1251211811072,
    "userAcceleration" : [
      -0.013112157583236694,
      -0.0077558159828186035,
      -0.08105134963989258
    ]
  },
  {
    "rotationMatrix" : [
      0.9919518232345581,
      -0.010197162628173828,
      0.12620456516742706,
      0.10988404601812363,
      0.5645370483398438,
      -0.8180607557296753,
      -0.06290525197982788,
      0.8253446817398071,
      0.5611140727996826
    ],
    "gravity" : [
      0.06290525197982788,
      -0.8253447413444519,
      -0.5611140727996826
    ],
    "timestamp" : 1251211821127,
    "userAcceleration" : [
      -0.02239316701889038,
      -0.0014069080352783203,
      -0.08802539110183716
    ]
  },
  {
    "rotationMatrix" : [
      0.9908608198165894,
      -0.015324097126722336,
      0.1340147852897644,
      0.1195603609085083,
      0.5597617030143738,
      -0.8199829459190369,
      -0.062450844794511795,
      0.8285118937492371,
      0.5564781427383423
    ],
    "gravity" : [
      0.062450844794511795,
      -0.8285118937492371,
      -0.5564781427383423
    ],
    "timestamp" : 1251211831183,
    "userAcceleration" : [
      -0.037838421761989594,
      -0.005716562271118164,
      -0.08011859655380249
    ]
  },
  {
    "rotationMatrix" : [
      0.9896632432937622,
      -0.020454291254281998,
      0.1419445276260376,
      0.12936487793922424,
      0.5545289516448975,
      -0.8220475912094116,
      -0.061897940933704376,
      0.8319129943847656,
      0.5514429807662964
    ],
    "gravity" : [
      0.061897944658994675,
      -0.8319129943847656,
      -0.5514429807662964
    ],
    "timestamp" : 1251211841238,
    "userAcceleration" : [
      -0.053551387041807175,
      -0.0151328444480896,
      -0.06167042255401611
    ]
  },
  {
    "rotationMatrix" : [
      0.9884070158004761,
      -0.025288715958595276,
      0.1497064083814621,
      0.13887840509414673,
      0.5490497350692749,
      -0.8241704702377319,
      -0.06135403737425804,
      0.8354068994522095,
      0.546196699142456
    ],
    "gravity" : [
      0.06135403364896774,
      -0.8354068994522095,
      -0.546196699142456
    ],
    "timestamp" : 1251211851293,
    "userAcceleration" : [
      -0.07369840890169144,
      -0.021236658096313477,
      -0.038535356521606445
    ]
  },
  {
    "rotationMatrix" : [
      0.9870889782905579,
      -0.02988148108124733,
      0.1573607623577118,
      0.14816714823246002,
      0.5435332655906677,
      -0.8262069821357727,
      -0.06084251031279564,
      0.8388555645942688,
      0.5409431457519531
    ],
    "gravity" : [
      0.06084250658750534,
      -0.838855504989624,
      -0.5409431457519531
    ],
    "timestamp" : 1251211861348,
    "userAcceleration" : [
      -0.08189963549375534,
      -0.019237637519836426,
      -0.01768118143081665
    ]
  },
  {
    "rotationMatrix" : [
      0.9857335686683655,
      -0.03425200283527374,
      0.16479136049747467,
      0.15713460743427277,
      0.5381358861923218,
      -0.8280812501907349,
      -0.06031671538949013,
      0.8421618938446045,
      0.5358407497406006
    ],
    "gravity" : [
      0.06031671538949013,
      -0.8421618342399597,
      -0.5358408093452454
    ],
    "timestamp" : 1251211871403,
    "userAcceleration" : [
      -0.07848993688821793,
      -0.012925326824188232,
      -0.007494211196899414
    ]
  },
  {
    "rotationMatrix" : [
      0.9843403697013855,
      -0.03853088617324829,
      0.17201557755470276,
      0.16585884988307953,
      0.5329539775848389,
      -0.8297293782234192,
      -0.059706173837184906,
      0.8452664017677307,
      0.5309988260269165
    ],
    "gravity" : [
      0.059706173837184906,
      -0.8452664017677307,
      -0.5309988260269165
    ],
    "timestamp" : 1251211881458,
    "userAcceleration" : [
      -0.0713028535246849,
      -0.00022298097610473633,
      -0.008826673030853271
    ]
  },
  {
    "rotationMatrix" : [
      0.9828875064849854,
      -0.042831264436244965,
      0.17915818095207214,
      0.17450949549674988,
      0.5279138088226318,
      -0.8311759233474731,
      -0.058979760855436325,
      0.848217248916626,
      0.5263543725013733
    ],
    "gravity" : [
      0.05897976830601692,
      -0.8482171893119812,
      -0.5263543725013733
    ],
    "timestamp" : 1251211891513,
    "userAcceleration" : [
      -0.06035306304693222,
      0.011684715747833252,
      -0.017270565032958984
    ]
  },
  {
    "rotationMatrix" : [
      0.981356680393219,
      -0.04717129468917847,
      0.1863166242837906,
      0.18318651616573334,
      0.5228843092918396,
      -0.8324869871139526,
      -0.05815252661705017,
      0.8510973453521729,
      0.5217771530151367
    ],
    "gravity" : [
      0.05815252661705017,
      -0.8510973453521729,
      -0.5217771530151367
    ],
    "timestamp" : 1251211901569,
    "userAcceleration" : [
      -0.04852423071861267,
      0.017814993858337402,
      -0.03164386749267578
    ]
  },
  {
    "rotationMatrix" : [
      0.9796677827835083,
      -0.05168384313583374,
      0.19385504722595215,
      0.19227838516235352,
      0.5177012085914612,
      -0.8336752653121948,
      -0.05727145075798035,
      0.8539988994598389,
      0.5171129107475281
    ],
    "gravity" : [
      0.05727144703269005,
      -0.8539989590644836,
      -0.5171129107475281
    ],
    "timestamp" : 1251211911624,
    "userAcceleration" : [
      -0.03976961225271225,
      0.015589594841003418,
      -0.0429304838180542
    ]
  },
  {
    "rotationMatrix" : [
      0.9777671694755554,
      -0.05631686747074127,
      0.20198942720890045,
      0.2019476443529129,
      0.5122848153114319,
      -0.8347342610359192,
      -0.0564664751291275,
      0.856967031955719,
      0.5122683644294739
    ],
    "gravity" : [
      0.056466471403837204,
      -0.856967031955719,
      -0.5122683048248291
    ],
    "timestamp" : 1251211921679,
    "userAcceleration" : [
      -0.038934119045734406,
      0.012362658977508545,
      -0.0480344295501709
    ]
  },
  {
    "rotationMatrix" : [
      0.9756593704223633,
      -0.060952022671699524,
      0.21065059304237366,
      0.2120765596628189,
      0.5066404342651367,
      -0.8356667160987854,
      -0.05578850954771042,
      0.8600000739097595,
      0.5072349905967712
    ],
    "gravity" : [
      0.055788516998291016,
      -0.8600000739097595,
      -0.5072349905967712
    ],
    "timestamp" : 1251211931734,
    "userAcceleration" : [
      -0.046907901763916016,
      0.008895456790924072,
      -0.040174126625061035
    ]
  },
  {
    "rotationMatrix" : [
      0.9733395576477051,
      -0.06558831036090851,
      0.21979135274887085,
      0.22262392938137054,
      0.5008155703544617,
      -0.8364341855049133,
      -0.055214591324329376,
      0.8630653023719788,
      0.502065122127533
    ],
    "gravity" : [
      0.055214595049619675,
      -0.8630653619766235,
      -0.502065122127533
    ],
    "timestamp" : 1251211941789,
    "userAcceleration" : [
      -0.06038733571767807,
      0.006711721420288086,
      -0.02559906244277954
    ]
  },
  {
    "rotationMatrix" : [
      0.9708821773529053,
      -0.07018507272005081,
      0.22904559969902039,
      0.23325756192207336,
      0.49479708075523376,
      -0.8371181488037109,
      -0.05457790940999985,
      0.8661696910858154,
      0.49676084518432617
    ],
    "gravity" : [
      0.05457789823412895,
      -0.8661696910858154,
      -0.49676087498664856
    ],
    "timestamp" : 1251211951844,
    "userAcceleration" : [
      -0.06571681797504425,
      0.006336987018585205,
      -0.015247821807861328
    ]
  },
  {
    "rotationMatrix" : [
      0.9683811068534851,
      -0.07470418512821198,
      0.2380279302597046,
      0.24363012611865997,
      0.4885103106498718,
      -0.8378555774688721,
      -0.05368775129318237,
      0.869354248046875,
      0.49126434326171875
    ],
    "gravity" : [
      0.05368775501847267,
      -0.869354248046875,
      -0.49126434326171875
    ],
    "timestamp" : 1251211961899,
    "userAcceleration" : [
      -0.06418580561876297,
      0.012100398540496826,
      -0.009376555681228638
    ]
  },
  {
    "rotationMatrix" : [
      0.9658212661743164,
      -0.07920782268047333,
      0.24681057035923004,
      0.25383615493774414,
      0.4818747639656067,
      -0.8386679291725159,
      -0.05250270664691925,
      0.8726527094841003,
      0.4855106770992279
    ],
    "gravity" : [
      0.05250270664691925,
      -0.8726527690887451,
      -0.4855106770992279
    ],
    "timestamp" : 1251211971954,
    "userAcceleration" : [
      -0.06344325840473175,
      0.018206417560577393,
      -0.005944430828094482
    ]
  },
  {
    "rotationMatrix" : [
      0.9632124900817871,
      -0.08366528898477554,
      0.2553856372833252,
      0.2638544738292694,
      0.47481322288513184,
      -0.8396030068397522,
      -0.05101485550403595,
      0.8761007189750671,
      0.4794214963912964
    ],
    "gravity" : [
      0.05101484805345535,
      -0.8761007785797119,
      -0.4794214963912964
    ],
    "timestamp" : 1251211982010,
    "userAcceleration" : [
      -0.05968184024095535,
      0.02101355791091919,
      -0.0012609362602233887
    ]
  },
  {
    "rotationMatrix" : [
      0.9604814052581787,
      -0.08813533186912537,
      0.2640221118927002,
      0.2739424407482147,
      0.4673430025577545,
      -0.8405629992485046,
      -0.04930560290813446,
      0.8796719908714294,
      0.47301825881004333
    ],
    "gravity" : [
      0.04930559918284416,
      -0.8796719312667847,
      -0.4730182886123657
    ],
    "timestamp" : 1251211992065,
    "userAcceleration" : [
      -0.049168266355991364,
      0.009325861930847168,
      0.004725933074951172
    ]
  },
  {
    "rotationMatrix" : [
      0.9575685262680054,
      -0.09250282496213913,
      0.2729574739933014,
      0.2842344045639038,
      0.4597904086112976,
      -0.8413106799125671,
      -0.04767964035272598,
      0.8831965327262878,
      0.4665732979774475
    ],
    "gravity" : [
      0.04767964035272598,
      -0.8831964731216431,
      -0.4665733277797699
    ],
    "timestamp" : 1251212002120,
    "userAcceleration" : [
      -0.051448557525873184,
      0.0009332895278930664,
      0.020711421966552734
    ]
  },
  {
    "rotationMatrix" : [
      0.954555869102478,
      -0.09668444842100143,
      0.2819134593009949,
      0.2944324016571045,
      0.4524981677532196,
      -0.8417571187019348,
      -0.04618048667907715,
      0.8865086436271667,
      0.4604018032550812
    ],
    "gravity" : [
      0.04618048667907715,
      -0.8865086436271667,
      -0.4604017734527588
    ],
    "timestamp" : 1251212012175,
    "userAcceleration" : [
      -0.06072210520505905,
      -0.006450951099395752,
      0.03941166400909424
    ]
  },
  {
    "rotationMatrix" : [
      0.9514925479888916,
      -0.10072236508131027,
      0.29071786999702454,
      0.30439871549606323,
      0.44563382863998413,
      -0.8418740034103394,
      -0.0447581484913826,
      0.8895310163497925,
      0.4546770453453064
    ],
    "gravity" : [
      0.0447581484913826,
      -0.8895310163497925,
      -0.454677015542984
    ],
    "timestamp" : 1251212022230,
    "userAcceleration" : [
      -0.0566905178129673,
      -0.014765739440917969,
      0.04413926601409912
    ]
  },
  {
    "rotationMatrix" : [
      0.9484056234359741,
      -0.10465333610773087,
      0.29928985238075256,
      0.31408047676086426,
      0.4391991198062897,
      -0.8416991829872131,
      -0.04336118698120117,
      0.8922733664512634,
      0.44940850138664246
    ],
    "gravity" : [
      0.043361175805330276,
      -0.8922733068466187,
      -0.44940850138664246
    ],
    "timestamp" : 1251212032285,
    "userAcceleration" : [
      -0.050868503749370575,
      -0.007552623748779297,
      0.03432363271713257
    ]
  },
  {
    "rotationMatrix" : [
      0.9452666640281677,
      -0.1086600199341774,
      0.3076751232147217,
      0.32360875606536865,
      0.43301621079444885,
      -0.841293215751648,
      -0.041813358664512634,
      0.894812822341919,
      0.4444791078567505
    ],
    "gravity" : [
      0.041813354939222336,
      -0.894812822341919,
      -0.4444790780544281
    ],
    "timestamp" : 1251212042340,
    "userAcceleration" : [
      -0.04762694239616394,
      0.007498979568481445,
      0.016042709350585938
    ]
  },
  {
    "rotationMatrix" : [
      0.9420546889305115,
      -0.11282560974359512,
      0.3159165680408478,
      0.3330684006214142,
      0.4268195331096649,
      -0.8407676815986633,
      -0.03997918963432312,
      0.8972709774971008,
      0.4396660327911377
    ],
    "gravity" : [
      0.03997919335961342,
      -0.8972710371017456,
      -0.4396660029888153
    ],
    "timestamp" : 1251212052395,
    "userAcceleration" : [
      -0.04446527361869812,
      0.018975257873535156,
      -0.010437846183776855
    ]
  },
  {
    "rotationMatrix" : [
      0.9388819336891174,
      -0.1170576810836792,
      0.3237255811691284,
      0.3421676456928253,
      0.4203612804412842,
      -0.8403676152229309,
      -0.03771023452281952,
      0.8997743725776672,
      0.4347229301929474
    ],
    "gravity" : [
      0.03771022707223892,
      -0.8997743725776672,
      -0.4347229599952698
    ],
    "timestamp" : 1251212062451,
    "userAcceleration" : [
      -0.04094507917761803,
      0.026605427265167236,
      -0.036804258823394775
    ]
  },
  {
    "rotationMatrix" : [
      0.9356644153594971,
      -0.12144766747951508,
      0.3313344120979309,
      0.351157546043396,
      0.4133760333061218,
      -0.8401241302490234,
      -0.03493456542491913,
      0.9024248123168945,
      0.4294285476207733
    ],
    "gravity" : [
      0.03493456542491913,
      -0.9024248123168945,
      -0.4294285476207733
    ],
    "timestamp" : 1251212072506,
    "userAcceleration" : [
      -0.03717760369181633,
      0.028325259685516357,
      -0.05979877710342407
    ]
  },
  {
    "rotationMatrix" : [
      0.9323961138725281,
      -0.12577897310256958,
      0.33884674310684204,
      0.36003366112709045,
      0.4057732820510864,
      -0.8400735259056091,
      -0.03183130919933319,
      0.9052775502204895,
      0.4236261248588562
    ],
    "gravity" : [
      0.03183131292462349,
      -0.9052775502204895,
      -0.4236260950565338
    ],
    "timestamp" : 1251212082561,
    "userAcceleration" : [
      -0.03827051818370819,
      0.03297853469848633,
      -0.07837280631065369
    ]
  },
  {
    "rotationMatrix" : [
      0.9289903044700623,
      -0.1299859881401062,
      0.3465265929698944,
      0.3689965009689331,
      0.3976806700229645,
      -0.8400545120239258,
      -0.02861163020133972,
      0.9082696437835693,
      0.4174058437347412
    ],
    "gravity" : [
      0.02861163578927517,
      -0.9082696437835693,
      -0.4174058735370636
    ],
    "timestamp" : 1251212092616,
    "userAcceleration" : [
      -0.04672382026910782,
      0.02559453248977661,
      -0.07276755571365356
    ]
  },
  {
    "rotationMatrix" : [
      0.9252116680145264,
      -0.1342301070690155,
      0.3549163341522217,
      0.3786033093929291,
      0.3890596926212311,
      -0.8398166298866272,
      -0.025354966521263123,
      0.9113807082176208,
      0.4107825458049774
    ],
    "gravity" : [
      0.02535497210919857,
      -0.9113807082176208,
      -0.4107825756072998
    ],
    "timestamp" : 1251212102671,
    "userAcceleration" : [
      -0.05584203079342842,
      0.024494171142578125,
      -0.07002192735671997
    ]
  },
  {
    "rotationMatrix" : [
      0.9210042953491211,
      -0.13834547996520996,
      0.3641587793827057,
      0.3889119029045105,
      0.38013190031051636,
      -0.8391942977905273,
      -0.02232956886291504,
      0.914527177810669,
      0.40390732884407043
    ],
    "gravity" : [
      0.022329574450850487,
      -0.9145272374153137,
      -0.40390729904174805
    ],
    "timestamp" : 1251212112726,
    "userAcceleration" : [
      -0.08093857765197754,
      0.010657787322998047,
      -0.05791524052619934
    ]
  },
  {
    "rotationMatrix" : [
      0.9166262149810791,
      -0.1420263946056366,
      0.37366414070129395,
      0.39926132559776306,
      0.37126490473747253,
      -0.8383035063743591,
      -0.019667133688926697,
      0.9176005721092224,
      0.3970167934894562
    ],
    "gravity" : [
      0.019667143002152443,
      -0.9176005721092224,
      -0.3970167934894562
    ],
    "timestamp" : 1251212122781,
    "userAcceleration" : [
      -0.1002335399389267,
      -0.0061206817626953125,
      -0.026597797870635986
    ]
  },
  {
    "rotationMatrix" : [
      0.9123278260231018,
      -0.1451594978570938,
      0.38286644220352173,
      0.4090917706489563,
      0.3628224730491638,
      -0.8372597694396973,
      -0.017376378178596497,
      0.920482873916626,
      0.3903965651988983
    ],
    "gravity" : [
      0.017376387491822243,
      -0.920482873916626,
      -0.3903965353965759
    ],
    "timestamp" : 1251212132836,
    "userAcceleration" : [
      -0.1187710389494896,
      -0.0224340558052063,
      0.005493462085723877
    ]
  },
  {
    "rotationMatrix" : [
      0.9083880186080933,
      -0.1476229876279831,
      0.39120155572891235,
      0.41784030199050903,
      0.35520461201667786,
      -0.8362050652503967,
      -0.015513435006141663,
      0.9230584502220154,
      0.38434645533561707
    ],
    "gravity" : [
      0.015513445250689983,
      -0.9230584502220154,
      -0.38434645533561707
    ],
    "timestamp" : 1251212142892,
    "userAcceleration" : [
      -0.13312818109989166,
      -0.031165003776550293,
      0.026756703853607178
    ]
  },
  {
    "rotationMatrix" : [
      0.9046124219894409,
      -0.1497422605752945,
      0.39906591176986694,
      0.4260041117668152,
      0.3484492897987366,
      -0.8349272012710571,
      -0.014030307531356812,
      0.9252892732620239,
      0.3790023922920227
    ],
    "gravity" : [
      0.014030316844582558,
      -0.9252892732620239,
      -0.3790023922920227
    ],
    "timestamp" : 1251212152947,
    "userAcceleration" : [
      -0.1314314305782318,
      -0.0298803448677063,
      0.02335047721862793
    ]
  },
  {
    "rotationMatrix" : [
      0.9008433818817139,
      -0.15169894695281982,
      0.40677836537361145,
      0.43395429849624634,
      0.3423466384410858,
      -0.8333560824394226,
      -0.012839943170547485,
      0.9272465109825134,
      0.37423112988471985
    ],
    "gravity" : [
      0.012839955277740955,
      -0.9272465705871582,
      -0.37423110008239746
    ],
    "timestamp" : 1251212163002,
    "userAcceleration" : [
      -0.11624875664710999,
      -0.019347667694091797,
      -6.708502769470215e-05
    ]
  },
  {
    "rotationMatrix" : [
      0.8970832824707031,
      -0.15337540209293365,
      0.4143882691860199,
      0.4417007565498352,
      0.3365761339664459,
      -0.8316351175308228,
      -0.011920839548110962,
      0.9290815591812134,
      0.36968284845352173
    ],
    "gravity" : [
      0.011920836754143238,
      -0.9290814995765686,
      -0.36968284845352173
    ],
    "timestamp" : 1251212173057,
    "userAcceleration" : [
      -0.10248174518346786,
      -0.007457137107849121,
      -0.027961254119873047
    ]
  },
  {
    "rotationMatrix" : [
      0.8932738304138184,
      -0.15475665032863617,
      0.4220334589481354,
      0.4493749141693115,
      0.3307006061077118,
      -0.8298789858818054,
      -0.011137396097183228,
      0.930960476398468,
      0.3649499714374542
    ],
    "gravity" : [
      0.011137397959828377,
      -0.930960476398468,
      -0.3649499714374542
    ],
    "timestamp" : 1251212183112,
    "userAcceleration" : [
      -0.08187713474035263,
      0.011587977409362793,
      -0.05074530839920044
    ]
  },
  {
    "rotationMatrix" : [
      0.8893556594848633,
      -0.15590189397335052,
      0.4298152029514313,
      0.4570996165275574,
      0.3243876099586487,
      -0.8281501531600952,
      -0.010316580533981323,
      0.9329884052276611,
      0.3597586750984192
    ],
    "gravity" : [
      0.010316574014723301,
      -0.9329883456230164,
