[
  {
    "timestamp" : 1251251667856,
    "gravity" : [
      -0.003528279485180974,
      -0.9748835563659668,
      -0.22268743813037872
    ],
    "userAcceleration" : [
      -0.19694168865680695,
      0.03895515203475952,
      -0.031920820474624634
    ],
    "rotationMatrix" : [
      0.5639649629592896,
      0.1819557547569275,
      -0.8055033683776855,
      -0.8257911801338196,
      0.12842994928359985,
      -0.5491581559181213,
      0.003528296947479248,
      0.974883496761322,
      0.22268743813037872
    ]
  },
  {
    "timestamp" : 1251251677910,
    "gravity" : [
      -0.0015793634811416268,
      -0.9734640717506409,
      -0.2288343608379364
    ],
    "userAcceleration" : [
      -0.18550865352153778,
      0.04524141550064087,
      -0.02722349762916565
    ],
    "rotationMatrix" : [
      0.5648252964019775,
      0.18796825408935547,
      -0.8035174608230591,
      -0.8252090215682983,
      0.13052043318748474,
      -0.5495404005050659,
      0.001579374074935913,
      0.9734641313552856,
      0.22883431613445282
    ]
  },
  {
    "timestamp" : 1251251687965,
    "gravity" : [
      0.0002807336568366736,
      -0.9720553159713745,
      -0.23475123941898346
    ],
    "userAcceleration" : [
      -0.1687377691268921,
      0.04281049966812134,
      -0.021108195185661316
    ],
    "rotationMatrix" : [
      0.5654116272926331,
      0.1937790811061859,
      -0.8017226457595825,
      -0.8248087167739868,
      0.13250604271888733,
      -0.5496656894683838,
      -0.00028073787689208984,
      0.9720553159713745,
      0.23475123941898346
    ]
  },
  {
    "timestamp" : 1251251698019,
    "gravity" : [
      0.0017611662624403834,
      -0.9706724286079407,
      -0.24039950966835022
    ],
    "userAcceleration" : [
      -0.15367767214775085,
      0.03872668743133545,
      -0.018877923488616943
    ],
    "rotationMatrix" : [
      0.5653228759765625,
      0.19926488399505615,
      -0.8004395961761475,
      -0.824867844581604,
      0.1344936490058899,
      -0.5490942597389221,
      -0.0017611980438232422,
      0.9706724286079407,
      0.2403995245695114
    ]
  },
  {
    "timestamp" : 1251251708073,
    "gravity" : [
      0.002782288007438183,
      -0.9693412780761719,
      -0.24570181965827942
    ],
    "userAcceleration" : [
      -0.14507052302360535,
      0.04180550575256348,
      -0.022898703813552856
    ],
    "rotationMatrix" : [
      0.564440131187439,
      0.2043430209159851,
      -0.7997819185256958,
      -0.8254691958427429,
      0.1364588439464569,
      -0.5477036237716675,
      -0.002782285213470459,
      0.9693412780761719,
      0.2457018494606018
    ]
  },
  {
    "timestamp" : 1251251718128,
    "gravity" : [
      0.0032552045304328203,
      -0.968070924282074,
      -0.25065481662750244
    ],
    "userAcceleration" : [
      -0.1463674008846283,
      0.052558958530426025,
      -0.032563596963882446
    ],
    "rotationMatrix" : [
      0.5629664063453674,
      0.2089356780052185,
      -0.7996340394020081,
      -0.8264732956886292,
      0.13850736618041992,
      -0.5456714630126953,
      -0.003255188465118408,
      0.9680708646774292,
      0.2506548762321472
    ]
  },
  {
    "timestamp" : 1251251728182,
    "gravity" : [
      0.003433548379689455,
      -0.9668513536453247,
      -0.25531643629074097
    ],
    "userAcceleration" : [
      -0.15995821356773376,
      0.06025052070617676,
      -0.04010903835296631
    ],
    "rotationMatrix" : [
      0.561149537563324,
      0.21319261193275452,
      -0.7997875213623047,
      -0.8277072906494141,
      0.14052462577819824,
      -0.5432801842689514,
      -0.0034335553646087646,
      0.9668514132499695,
      0.25531643629074097
    ]
  },
  {
    "timestamp" : 1251251738237,
    "gravity" : [
      0.0033582490868866444,
      -0.9656634330749512,
      -0.25977447628974915
    ],
    "userAcceleration" : [
      -0.17761363089084625,
      0.06684458255767822,
      -0.04360085725784302
    ],
    "rotationMatrix" : [
      0.5592629909515381,
      0.21716484427452087,
      -0.8000401258468628,
      -0.8289834260940552,
      0.14259552955627441,
      -0.5407891273498535,
      -0.0033582746982574463,
      0.9656634330749512,
      0.25977447628974915
    ]
  },
  {
    "timestamp" : 1251251748291,
    "gravity" : [
      0.00322092417627573,
      -0.9644864797592163,
      -0.26411235332489014
    ],
    "userAcceleration" : [
      -0.19590893387794495,
      0.06682723760604858,
      -0.04091089963912964
    ],
    "rotationMatrix" : [
      0.557192862033844,
      0.22104591131210327,
      -0.8004215955734253,
      -0.8303768038749695,
      0.14458343386650085,
      -0.5381169319152832,
      -0.0032209157943725586,
      0.9644864797592163,
      0.26411232352256775
    ]
  },
  {
    "timestamp" : 1251251758346,
    "gravity" : [
      0.003280984004959464,
      -0.9633095264434814,
      -0.26837289333343506
    ],
    "userAcceleration" : [
      -0.21232639253139496,
      0.06372767686843872,
      -0.03274416923522949
    ],
    "rotationMatrix" : [
      0.5558026432991028,
      0.2248595654964447,
      -0.800325870513916,
      -0.8313077688217163,
      0.1465364694595337,
      -0.5361477732658386,
      -0.0032809674739837646,
      0.9633095860481262,
      0.2683728337287903
    ]
  },
  {
    "timestamp" : 1251251768400,
    "gravity" : [
      0.003699813736602664,
      -0.9621145129203796,
      -0.27262046933174133
    ],
    "userAcceleration" : [
      -0.21779589354991913,
      0.050981760025024414,
      -0.021462202072143555
    ],
    "rotationMatrix" : [
      0.5542949438095093,
      0.22888150811195374,
      -0.8002314567565918,
      -0.8323121070861816,
      0.1481514275074005,
      -0.5341420769691467,
      -0.0036998093128204346,
      0.9621145129203796,
      0.27262043952941895
    ]
  },
  {
    "timestamp" : 1251251778455,
    "gravity" : [
      0.004534048493951559,
      -0.9608722925186157,
      -0.2769545912742615
    ],
    "userAcceleration" : [
      -0.213915154337883,
      0.026958167552947998,
      -0.004905819892883301
    ],
    "rotationMatrix" : [
      0.5526713132858276,
      0.23322290182113647,
      -0.8001009225845337,
      -0.8333869576454163,
      0.14943715929985046,
      -0.5321040153503418,
      -0.004534035921096802,
      0.9608722925186157,
      0.2769545912742615
    ]
  },
  {
    "timestamp" : 1251251788509,
    "gravity" : [
      0.0056604924611747265,
      -0.9595427513122559,
      -0.281505823135376
    ],
    "userAcceleration" : [
      -0.2056116908788681,
      0.00667726993560791,
      0.009517848491668701
    ],
    "rotationMatrix" : [
      0.5506975650787354,
      0.23796755075454712,
      -0.8000646829605103,
      -0.8346856236457825,
      0.15049585700035095,
      -0.5297647714614868,
      -0.005660504102706909,
      0.9595427513122559,
      0.28150585293769836
    ]
  },
  {
    "timestamp" : 1251251798564,
    "gravity" : [
      0.006930827163159847,
      -0.9580971002578735,
      -0.28635987639427185
    ],
    "userAcceleration" : [
      -0.1977114975452423,
      0.0041329264640808105,
      0.017560958862304688
    ],
    "rotationMatrix" : [
      0.5480636954307556,
      0.24316474795341492,
      -0.8003106117248535,
      -0.8364078998565674,
      0.15139660239219666,
      -0.5267835855484009,
      -0.00693085789680481,
      0.9580971002578735,
      0.28635984659194946
    ]
  },
  {
    "timestamp" : 1251251808618,
    "gravity" : [
      0.008314963430166245,
      -0.9565351009368896,
      -0.2914988696575165
    ],
    "userAcceleration" : [
      -0.19203080236911774,
      0.010261356830596924,
      0.014765381813049316
    ],
    "rotationMatrix" : [
      0.5448138117790222,
      0.2487768530845642,
      -0.800804615020752,
      -0.8385158181190491,
      0.15215393900871277,
      -0.523202121257782,
      -0.008314967155456543,
      0.9565350413322449,
      0.29149889945983887
    ]
  },
  {
    "timestamp" : 1251251818673,
    "gravity" : [
      0.009756095707416534,
      -0.9548799395561218,
      -0.2968316674232483
    ],
    "userAcceleration" : [
      -0.18324854969978333,
      0.0251619815826416,
      0.0035271644592285156
    ],
    "rotationMatrix" : [
      0.5410910248756409,
      0.25467291474342346,
      -0.8014749884605408,
      -0.8409074544906616,
      0.15279367566108704,
      -0.5191615223884583,
      -0.009756088256835938,
      0.9548799395561218,
      0.2968316376209259
    ]
  },
  {
    "timestamp" : 1251251828727,
    "gravity" : [
      0.011096585541963577,
      -0.9531676173210144,
      -0.3022390902042389
    ],
    "userAcceleration" : [
      -0.16638527810573578,
      0.04124128818511963,
      -0.01168009638786316
    ],
    "rotationMatrix" : [
      0.5368852615356445,
      0.26067429780960083,
      -0.802373468875885,
      -0.8435823321342468,
      0.1533641219139099,
      -0.5146342515945435,
      -0.011096596717834473,
      0.9531675577163696,
      0.3022391200065613
    ]
  },
  {
    "timestamp" : 1251251838782,
    "gravity" : [
      0.01224448811262846,
      -0.9514369964599609,
      -0.30759987235069275
    ],
    "userAcceleration" : [
      -0.15300683677196503,
      0.05005455017089844,
      -0.024538248777389526
    ],
    "rotationMatrix" : [
      0.5324287414550781,
      0.26659101247787476,
      -0.8033983111381531,
      -0.8463862538337708,
      0.15393784642219543,
      -0.509836733341217,
      -0.012244462966918945,
      0.9514370560646057,
      0.30759990215301514
    ]
  },
  {
    "timestamp" : 1251251848836,
    "gravity" : [
      0.013159588910639286,
      -0.9497073888778687,
      -0.3128618597984314
    ],
    "userAcceleration" : [
      -0.1442326009273529,
      0.0488591194152832,
      -0.02780592441558838
    ],
    "rotationMatrix" : [
      0.5278853178024292,
      0.2723310589790344,
      -0.8044705390930176,
      -0.8492136597633362,
      0.15456873178482056,
      -0.5049203634262085,
      -0.013159602880477905,
      0.9497073888778687,
      0.3128618597984314
    ]
  },
  {
    "timestamp" : 1251251858891,
    "gravity" : [
      0.013852794654667377,
      -0.947989284992218,
      -0.3180004954338074
    ],
    "userAcceleration" : [
      -0.1413552612066269,
      0.04581344127655029,
      -0.028816580772399902
    ],
    "rotationMatrix" : [
      0.52298903465271,
      0.2779298722743988,
      -0.8057526350021362,
      -0.852226734161377,
      0.15514889359474182,
      -0.49963802099227905,
      -0.013852804899215698,
      0.947989284992218,
      0.3180004954338074
    ]
  },
  {
    "timestamp" : 1251251868945,
    "gravity" : [
      0.014456902630627155,
      -0.946268618106842,
      -0.3230583369731903
    ],
    "userAcceleration" : [
      -0.13860242068767548,
      0.031183838844299316,
      -0.02468949556350708
    ],
    "rotationMatrix" : [
      0.5179809331893921,
      0.28344738483428955,
      -0.8070646524429321,
      -0.8552700281143188,
      0.1556704044342041,
      -0.49424681067466736,
      -0.014456897974014282,
      0.9462685585021973,
      0.3230583369731903
    ]
  },
  {
    "timestamp" : 1251251879000,
    "gravity" : [
      0.015005716122686863,
      -0.9445393085479736,
      -0.32805514335632324
    ],
    "userAcceleration" : [
      -0.13364282250404358,
      0.016438841819763184,
      -0.017861634492874146
    ],
    "rotationMatrix" : [
      0.512713611125946,
      0.2889438569545746,
      -0.8084776401519775,
      -0.8584284782409668,
      0.15606659650802612,
      -0.48861396312713623,
      -0.015005737543106079,
      0.9445393085479736,
      0.32805514335632324
    ]
  },
  {
    "timestamp" : 1251251889054,
    "gravity" : [
      0.01557991188019514,
      -0.9427788257598877,
      -0.33305463194847107
    ],
    "userAcceleration" : [
      -0.1302802562713623,
      0.010161638259887695,
      -0.018553704023361206
    ],
    "rotationMatrix" : [
      0.5072246789932251,
      0.2945060431957245,
      -0.809931755065918,
      -0.8616729974746704,
      0.15631484985351562,
      -0.4827890992164612,
      -0.015579909086227417,
      0.9427788853645325,
      0.33305466175079346
    ]
  },
  {
    "timestamp" : 1251251899109,
    "gravity" : [
      0.01629265397787094,
      -0.9409441947937012,
      -0.33816927671432495
    ],
    "userAcceleration" : [
      -0.12946711480617523,
      0.0033375024795532227,
      -0.022151827812194824
    ],
    "rotationMatrix" : [
      0.5017176866531372,
      0.30024638772010803,
      -0.8112529516220093,
      -0.8648779392242432,
      0.15644803643226624,
      -0.4769800901412964,
      -0.016292661428451538,
      0.9409441947937012,
      0.33816927671432495
    ]
  },
  {
    "timestamp" : 1251251909163,
    "gravity" : [
      0.017221100628376007,
      -0.9390015602111816,
      -0.3434813916683197
    ],
    "userAcceleration" : [
      -0.1167542040348053,
      -0.007165372371673584,
      -0.02884840965270996
    ],
    "rotationMatrix" : [
      0.4964384436607361,
      0.30622637271881104,
      -0.8122649192810059,
      -0.867901086807251,
      0.1565292775630951,
      -0.4714299738407135,
      -0.017221122980117798,
      0.9390015602111816,
      0.3434813916683197
    ]
  },
  {
    "timestamp" : 1251251919218,
    "gravity" : [
      0.018283262848854065,
      -0.9369426965713501,
      -0.34900450706481934
    ],
    "userAcceleration" : [
      -0.10390034317970276,
      -0.014580130577087402,
      -0.03522714972496033
    ],
    "rotationMatrix" : [
      0.4915897250175476,
      0.31238114833831787,
      -0.8128700256347656,
      -0.8706350326538086,
      0.1567050814628601,
      -0.4663028120994568,
      -0.01828324794769287,
      0.9369427561759949,
      0.34900450706481934
    ]
  },
  {
    "timestamp" : 1251251929272,
    "gravity" : [
      0.019313929602503777,
      -0.9347828030586243,
      -0.3546943664550781
    ],
    "userAcceleration" : [
      -0.09177792072296143,
      -0.012574255466461182,
      -0.04291921854019165
    ],
    "rotationMatrix" : [
      0.48703616857528687,
      0.31861981749534607,
      -0.8131895661354065,
      -0.8731682300567627,
      0.15704309940338135,
      -0.4614267945289612,
      -0.019313931465148926,
      0.9347828030586243,
      0.3546943664550781
    ]
  },
  {
    "timestamp" : 1251251939327,
    "gravity" : [
      0.020202262327075005,
      -0.9325602054595947,
      -0.3604487180709839
    ],
    "userAcceleration" : [
      -0.08126794546842575,
      -0.014217019081115723,
      -0.05086725950241089
    ],
    "rotationMatrix" : [
      0.4826458692550659,
      0.3248281478881836,
      -0.8133508563041687,
      -0.8755825757980347,
      0.1575375497341156,
      -0.45665860176086426,
      -0.020202279090881348,
      0.9325602054595947,
      0.3604487180709839
    ]
  },
  {
    "timestamp" : 1251251949381,
    "gravity" : [
      0.020768746733665466,
      -0.9303513765335083,
      -0.3660803437232971
    ],
    "userAcceleration" : [
      -0.07182466238737106,
      -0.013923406600952148,
      -0.05832764506340027
    ],
    "rotationMatrix" : [
      0.4786539077758789,
      0.3307211697101593,
      -0.8133349418640137,
      -0.8777579069137573,
      0.15833386778831482,
      -0.4521849453449249,
      -0.020768731832504272,
      0.9303513765335083,
      0.3660803437232971
    ]
  },
  {
    "timestamp" : 1251251959436,
    "gravity" : [
      0.02094380185008049,
      -0.9282788634300232,
      -0.37129440903663635
    ],
    "userAcceleration" : [
      -0.06037252023816109,
      -0.01086890697479248,
      -0.07148519158363342
    ],
    "rotationMatrix" : [
      0.4747817814350128,
      0.33606284856796265,
      -0.8134149312973022,
      -0.8798542618751526,
      0.15924787521362305,
      -0.44776827096939087,
      -0.020943790674209595,
      0.9282788634300232,
      0.37129440903663635
    ]
  },
  {
    "timestamp" : 1251251969490,
    "gravity" : [
      0.020754778757691383,
      -0.92645663022995,
      -0.37582868337631226
    ],
    "userAcceleration" : [
      -0.051867470145225525,
      -0.011562049388885498,
      -0.07984456419944763
    ],
    "rotationMatrix" : [
      0.4711001515388489,
      0.34062421321868896,
      -0.8136582374572754,
      -0.8818354606628418,
      0.1601656973361969,
      -0.4435234069824219,
      -0.02075478434562683,
      0.9264566898345947,
      0.37582868337631226
    ]
  },
  {
    "timestamp" : 1251251979545,
    "gravity" : [
      0.02024564892053604,
      -0.9249590635299683,
      -0.37952685356140137
    ],
    "userAcceleration" : [
      -0.04192839562892914,
      -0.018384933471679688,
      -0.08078509569168091
    ],
    "rotationMatrix" : [
      0.46775931119918823,
      0.34425944089889526,
      -0.8140555620193481,
      -0.8836238980293274,
      0.16104617714881897,
      -0.43962788581848145,
      -0.020245641469955444,
      0.9249590635299683,
      0.37952685356140137
    ]
  },
  {
    "timestamp" : 1251251989599,
    "gravity" : [
      0.019432464614510536,
      -0.9237983226776123,
      -0.3823857009410858
    ],
    "userAcceleration" : [
      -0.032432958483695984,
      -0.03024202585220337,
      -0.07443195581436157
    ],
    "rotationMatrix" : [
      0.46468842029571533,
      0.34698396921157837,
      -0.8146573305130005,
      -0.8852608799934387,
      0.1618594527244568,
      -0.43602100014686584,
      -0.019432485103607178,
      0.9237983226776123,
      0.3823857307434082
    ]
  },
  {
    "timestamp" : 1251251999654,
    "gravity" : [
      0.01833345927298069,
      -0.9229260087013245,
      -0.3845406770706177
    ],
    "userAcceleration" : [
      -0.02452854812145233,
      -0.04744136333465576,
      -0.0615500807762146
    ],
    "rotationMatrix" : [
      0.46188145875930786,
      0.34892481565475464,
      -0.8154244422912598,
      -0.886752188205719,
      0.16266262531280518,
      -0.4326793849468231,
      -0.018333464860916138,
      0.9229259490966797,
      0.3845406770706177
    ]
  },
  {
    "timestamp" : 1251252009708,
    "gravity" : [
      0.01709044724702835,
      -0.9222375154495239,
      -0.3862457573413849
    ],
    "userAcceleration" : [
      -0.023193981498479843,
      -0.06367850303649902,
      -0.03921511769294739
    ],
    "rotationMatrix" : [
      0.4594796597957611,
      0.3503398001194,
      -0.8161742687225342,
      -0.888023853302002,
      0.16352331638336182,
      -0.429736852645874,
      -0.017090439796447754,
      0.9222375154495239,
      0.3862457573413849
    ]
  },
  {
    "timestamp" : 1251252019763,
    "gravity" : [
      0.015881946310400963,
      -0.9215823411941528,
      -0.3878577947616577
    ],
    "userAcceleration" : [
      -0.0322699099779129,
      -0.07867699861526489,
      -0.0056359171867370605
    ],
    "rotationMatrix" : [
      0.4572833776473999,
      0.3516567647457123,
      -0.8168410658836365,
      -0.8891791105270386,
      0.16438794136047363,
      -0.4270092248916626,
      -0.01588195562362671,
      0.9215823411941528,
      0.3878577947616577
    ]
  },
  {
    "timestamp" : 1251252029817,
    "gravity" : [
      0.01491629984229803,
      -0.9207766652107239,
      -0.38980478048324585
    ],
    "userAcceleration" : [
      -0.0388878658413887,
      -0.09970051050186157,
      0.035251498222351074
    ],
    "rotationMatrix" : [
      0.4550718665122986,
      0.3533836007118225,
      -0.8173307776451111,
      -0.8903297781944275,
      0.16519764065742493,
      -0.4242907166481018,
      -0.014916300773620605,
      0.9207766652107239,
      0.38980475068092346
    ]
  },
  {
    "timestamp" : 1251252039872,
    "gravity" : [
      0.014296649023890495,
      -0.9196245074272156,
      -0.3925384283065796
    ],
    "userAcceleration" : [
      -0.05105509236454964,
      -0.11321234703063965,
      0.07755118608474731
    ],
    "rotationMatrix" : [
      0.45268648862838745,
      0.3559941351413727,
      -0.8175225853919983,
      -0.8915551900863647,
      0.16600900888442993,
      -0.421391099691391,
      -0.014296650886535645,
      0.9196244478225708,
      0.3925384283065796
    ]
  },
  {
    "timestamp" : 1251252049926,
    "gravity" : [
      0.013834492303431034,
      -0.917950451374054,
      -0.39645370841026306
    ],
    "userAcceleration" : [
      -0.06662990897893906,
      -0.11325371265411377,
      0.10951215028762817
    ],
    "rotationMatrix" : [
      0.44963786005973816,
      0.35985323786735535,
      -0.8175153732299805,
      -0.8931037187576294,
      0.16695073246955872,
      -0.4177236258983612,
      -0.013834506273269653,
      0.9179503917694092,
      0.39645373821258545
    ]
  },
  {
    "timestamp" : 1251252059981,
    "gravity" : [
      0.01333754975348711,
      -0.9156622886657715,
      -0.40172696113586426
    ],
    "userAcceleration" : [
      -0.07837051898241043,
      -0.11041492223739624,
      0.11904257535934448
    ],
    "rotationMatrix" : [
      0.44539713859558105,
      0.36514386534690857,
      -0.817490816116333,
      -0.8952336311340332,
      0.16802477836608887,
      -0.41270342469215393,
      -0.013337522745132446,
      0.9156622886657715,
      0.40172696113586426
    ]
  },
  {
    "timestamp" : 1251252070035,
    "gravity" : [
      0.012560314498841763,
      -0.9127582907676697,
      -0.40830689668655396
    ],
    "userAcceleration" : [
      -0.08354422450065613,
      -0.10192060470581055,
      0.10194087028503418
    ],
    "rotationMatrix" : [
      0.4398729205131531,
      0.3717498183250427,
      -0.8175046443939209,
      -0.8979721665382385,
      0.1693350076675415,
      -0.4061669409275055,
      -0.01256030797958374,
      0.9127583503723145,
      0.40830689668655396
    ]
  },
  {
    "timestamp" : 1251252080090,
    "gravity" : [
      0.011519642546772957,
      -0.9093334078788757,
      -0.41590866446495056
    ],
    "userAcceleration" : [
      -0.0829308032989502,
      -0.08572268486022949,
      0.06333905458450317
    ],
    "rotationMatrix" : [
      0.4333347678184509,
      0.37938958406448364,
      -0.8174866437911987,
      -0.9011593461036682,
      0.1708105504512787,
      -0.3984161615371704,
      -0.011519640684127808,
      0.909333348274231,
      0.41590866446495056
    ]
  },
  {
    "timestamp" : 1251252090144,
    "gravity" : [
      0.010441470891237259,
      -0.9055386781692505,
      -0.4241350591182709
    ],
    "userAcceleration" : [
      -0.08910053968429565,
      -0.06215834617614746,
      0.011232197284698486
    ],
    "rotationMatrix" : [
      0.4262760281562805,
      0.3877168595790863,
      -0.8172908425331116,
      -0.904532790184021,
      0.17226490378379822,
      -0.390057772397995,
      -0.010441482067108154,
      0.9055386781692505,
      0.4241350591182709
    ]
  },
  {
    "timestamp" : 1251252100199,
    "gravity" : [
      0.009368403814733028,
      -0.9015828371047974,
      -0.4325050413608551
    ],
    "userAcceleration" : [
      -0.0849452093243599,
      -0.031690359115600586,
      -0.044866204261779785
    ],
    "rotationMatrix" : [
      0.4190543293952942,
      0.39625120162963867,
      -0.8169323205947876,
      -0.9079128503799438,
      0.17358973622322083,
      -0.3815244436264038,
      -0.009368449449539185,
      0.9015828371047974,
      0.4325050711631775
    ]
  },
  {
    "timestamp" : 1251252110253,
    "gravity" : [
      0.008379909209907055,
      -0.8976895809173584,
      -0.4405486285686493
    ],
    "userAcceleration" : [
      -0.07284832000732422,
      -0.00981152057647705,
      -0.09588944911956787
    ],
    "rotationMatrix" : [
      0.4125426411628723,
      0.40442734956741333,
      -0.8162395358085632,
      -0.9108996987342834,
      0.17490509152412415,
      -0.37372422218322754,
      -0.008379936218261719,
      0.8976895809173584,
      0.4405485987663269
    ]
  },
  {
    "timestamp" : 1251252120308,
    "gravity" : [
      0.007534482050687075,
      -0.8940469026565552,
      -0.44790974259376526
    ],
    "userAcceleration" : [
      -0.07123995572328568,
      0.001346886157989502,
      -0.12415757775306702
    ],
    "rotationMatrix" : [
      0.4070259928703308,
      0.411879301071167,
      -0.8152822256088257,
      -0.9133853912353516,
      0.17616823315620422,
      -0.36700353026390076,
      -0.00753447413444519,
      0.8940469026565552,
      0.44790974259376526
    ]
  },
  {
    "timestamp" : 1251252130362,
    "gravity" : [
      0.006941928528249264,
      -0.8907469511032104,
      -0.45444634556770325
    ],
    "userAcceleration" : [
      -0.07896342873573303,
      0.0037078857421875,
      -0.13080453872680664
    ],
    "rotationMatrix" : [
      0.4024728834629059,
      0.4185115098953247,
      -0.8141643404960632,
      -0.9154055118560791,
      0.17725050449371338,
      -0.36140674352645874,
      -0.0069419145584106445,
      0.8907470107078552,
      0.45444634556770325
    ]
  },
  {
    "timestamp" : 1251252140417,
    "gravity" : [
      0.006718939170241356,
      -0.887742817401886,
      -0.4602906405925751
    ],
    "userAcceleration" : [
      -0.0898488387465477,
      -0.006727278232574463,
      -0.11681205034255981
    ],
    "rotationMatrix" : [
      0.3985362648963928,
      0.424541711807251,
      -0.8129779696464539,
      -0.9171279668807983,
      0.17798015475273132,
      -0.35665014386177063,
      -0.006718933582305908,
      0.8877428770065308,
      0.4602906107902527
    ]
  },
  {
    "timestamp" : 1251252150471,
    "gravity" : [
      0.006935511250048876,
      -0.8849124908447266,
      -0.4657057821750641
    ],
    "userAcceleration" : [
      -0.09003490209579468,
      -0.021688401699066162,
      -0.0908890962600708
    ],
    "rotationMatrix" : [
      0.3948824405670166,
      0.43029075860977173,
      -0.8117375373840332,
      -0.9187055230140686,
      0.17826920747756958,
      -0.3524206876754761,
      -0.006935536861419678,
      0.8849124908447266,
      0.4657058119773865
    ]
  },
  {
    "timestamp" : 1251252160526,
    "gravity" : [
      0.007553869392722845,
      -0.8820909261703491,
      -0.47101864218711853
    ],
    "userAcceleration" : [
      -0.07690508663654327,
      -0.032414019107818604,
      -0.06262701749801636
    ],
    "rotationMatrix" : [
      0.3912213444709778,
      0.43609392642974854,
      -0.8104122281074524,
      -0.9202656745910645,
      0.17815080285072327,
      -0.3483870029449463,
      -0.00755387544631958,
      0.8820909261703491,
      0.47101864218711853
    ]
  },
  {
    "timestamp" : 1251252170580,
    "gravity" : [
      0.0083262724801898,
      -0.8791198134422302,
      -0.4765279293060303
    ],
    "userAcceleration" : [
      -0.06090807914733887,
      -0.030273377895355225,
      -0.0404704213142395
    ],
    "rotationMatrix" : [
      0.38720113039016724,
      0.4422034025192261,
      -0.8090311288833618,
      -0.9219576120376587,
      0.17777597904205322,
      -0.34407806396484375,
      -0.00832626223564148,
      0.879119873046875,
      0.4765279293060303
    ]
  },
  {
    "timestamp" : 1251252180635,
    "gravity" : [
      0.009015558287501335,
      -0.8759286403656006,
      -0.4823564887046814
    ],
    "userAcceleration" : [
      -0.03976202383637428,
      -0.020601511001586914,
      -0.033253371715545654
    ],
    "rotationMatrix" : [
      0.3828970193862915,
      0.44863563776016235,
      -0.8075369596481323,
      -0.9237471222877502,
      0.17741242051124573,
      -0.3394352197647095,
      -0.009015589952468872,
      0.8759286403656006,
      0.4823564887046814
    ]
  },
  {
    "timestamp" : 1251252190689,
    "gravity" : [
      0.009391715750098228,
      -0.872550368309021,
      -0.48843374848365784
    ],
    "userAcceleration" : [
      -0.015907220542430878,
      -0.011375904083251953,
      -0.045776546001434326
    ],
    "rotationMatrix" : [
      0.3783186674118042,
      0.4552481174468994,
      -0.8059925436973572,
      -0.9256277084350586,
      0.17721399664878845,
      -0.33437761664390564,
      -0.009391725063323975,
      0.872550368309021,
      0.48843374848365784
    ]
  },
  {
    "timestamp" : 1251252200744,
    "gravity" : [
      0.009331519715487957,
      -0.8691364526748657,
      -0.4944843649864197
    ],
    "userAcceleration" : [
      0.004569234326481819,
      -0.004825890064239502,
      -0.0714794397354126
    ],
    "rotationMatrix" : [
      0.3735702633857727,
      0.4617314338684082,
      -0.8045181035995483,
      -0.9275549650192261,
      0.1772172451019287,
      -0.32899221777915955,
      -0.00933152437210083,
      0.8691364526748657,
      0.4944843649864197
    ]
  },
  {
    "timestamp" : 1251252210798,
    "gravity" : [
      0.008892720565199852,
      -0.8659371137619019,
      -0.5000737309455872
    ],
    "userAcceleration" : [
      0.017459191381931305,
      -0.0007772445678710938,
      -0.10367077589035034
    ],
    "rotationMatrix" : [
      0.3690410554409027,
      0.4676324725151062,
      -0.8031988143920898,
      -0.9293704628944397,
      0.17740517854690552,
      -0.32372477650642395,
      -0.008892685174942017,
      0.8659371137619019,
      0.5000737905502319
    ]
  },
  {
    "timestamp" : 1251252220853,
    "gravity" : [
      0.008070802316069603,
      -0.8631883859634399,
      -0.5048174858093262
    ],
    "userAcceleration" : [
      0.01594650372862816,
      0.0012041926383972168,
      -0.1264844536781311
    ],
    "rotationMatrix" : [
      0.3647458851337433,
      0.4725933074951172,
      -0.8022568225860596,
      -0.9310721158981323,
      0.17765524983406067,
      -0.31865862011909485,
      -0.008070766925811768,
      0.8631883859634399,
      0.5048174858093262
    ]
  },
  {
    "timestamp" : 1251252230907,
    "gravity" : [
      0.006924304645508528,
      -0.8610373139381409,
      -0.5084944367408752
    ],
    "userAcceleration" : [
      0.0021699094213545322,
      -0.0025641918182373047,
      -0.13185590505599976
    ],
    "rotationMatrix" : [
      0.36077752709388733,
      0.476408988237381,
      -0.801794171333313,
      -0.9326261281967163,
      0.17790156602859497,
      -0.31394162774086,
      -0.006924301385879517,
      0.8610373735427856,
      0.50849449634552
    ]
  },
  {
    "timestamp" : 1251252240962,
    "gravity" : [
      0.005588827654719353,
      -0.8595486283302307,
      -0.5110233426094055
    ],
    "userAcceleration" : [
      -0.016117393970489502,
      -0.016382038593292236,
      -0.12241482734680176
    ],
    "rotationMatrix" : [
      0.35670629143714905,
      0.479126513004303,
      -0.8019965291023254,
      -0.934199869632721,
      0.17780303955078125,
      -0.30928415060043335,
      -0.005588829517364502,
      0.8595486283302307,
      0.5110234022140503
    ]
  },
  {
    "timestamp" : 1251252251016,
    "gravity" : [
      0.004233561456203461,
      -0.8586665987968445,
      -0.5125170946121216
    ],
    "userAcceleration" : [
      -0.03671954572200775,
      -0.03200411796569824,
      -0.0976819396018982
    ],
    "rotationMatrix" : [
      0.3522556722164154,
      0.48095089197158813,
      -0.8028712272644043,
      -0.9358941912651062,
      0.17713803052902222,
      -0.3045063316822052,
      -0.004233568906784058,
      0.8586666584014893,
      0.5125170946121216
    ]
  },
  {
    "timestamp" : 1251252261070,
    "gravity" : [
      0.003024488687515259,
      -0.858244001865387,
      -0.5132330060005188
    ],
    "userAcceleration" : [
      -0.05641500651836395,
      -0.04857051372528076,
      -0.06798958778381348
    ],
    "rotationMatrix" : [
      0.34718143939971924,
      0.4822119474411011,
      -0.8043237328529358,
      -0.9377931356430054,
      0.17575228214263916,
      -0.29942482709884644,
      -0.003024458885192871,
      0.858244001865387,
      0.5132330060005188
    ]
  },
  {
    "timestamp" : 1251252271125,
    "gravity" : [
      0.0021831777412444353,
      -0.8581233024597168,
      -0.5134389996528625
    ],
    "userAcceleration" : [
      -0.06541561335325241,
      -0.06036412715911865,
      -0.03856301307678223
    ],
    "rotationMatrix" : [
      0.3412640690803528,
      0.4832563102245331,
      -0.8062270879745483,
      -0.9399648904800415,
      0.17345815896987915,
      -0.2939016819000244,
      -0.00218316912651062,
      0.8581233024597168,
      0.5134389996528625
    ]
  },
  {
    "timestamp" : 1251252281180,
    "gravity" : [
      0.0018587765516713262,
      -0.8581548929214478,
      -0.5133873820304871
    ],
    "userAcceleration" : [
      -0.06623561680316925,
      -0.061080217361450195,
      -0.010492682456970215
    ],
    "rotationMatrix" : [
      0.33447253704071045,
      0.484353244304657,
      -0.8084119558334351,
      -0.9424036145210266,
      0.17021134495735168,
      -0.287929505109787,
      -0.0018587708473205566,
      0.8581548929214478,
      0.5133873224258423
    ]
  },
  {
    "timestamp" : 1251252291234,
    "gravity" : [
      0.002135081449523568,
      -0.8582102656364441,
      -0.5132939219474792
    ],
    "userAcceleration" : [
      -0.05778390169143677,
      -0.05106091499328613,
      0.014178872108459473
    ],
    "rotationMatrix" : [
      0.3268381357192993,
      0.48570382595062256,
      -0.8107210397720337,
      -0.9450778961181641,
      0.1660330593585968,
      -0.2815329134464264,
      -0.00213506817817688,
      0.8582103252410889,
      0.5132938623428345
    ]
  },
  {
    "timestamp" : 1251252301288,
    "gravity" : [
      0.002982652746140957,
      -0.858158528804779,
      -0.5133760571479797
    ],
    "userAcceleration" : [
      -0.04120592027902603,
      -0.03640317916870117,
      0.03286147117614746
    ],
    "rotationMatrix" : [
      0.31835371255874634,
      0.48748278617858887,
      -0.813025951385498,
      -0.9479671716690063,
      0.1610102355480194,
      -0.2746518850326538,
      -0.0029826462268829346,
      0.8581584692001343,
      0.5133760571479797
    ]
  },
  {
    "timestamp" : 1251252311343,
    "gravity" : [
      0.004176142625510693,
      -0.857894778251648,
      -0.5138083696365356
    ],
    "userAcceleration" : [
      -0.01381971687078476,
      -0.021194517612457275,
      0.04379183053970337
    ],
    "rotationMatrix" : [
      0.3090437054634094,
      0.48976725339889526,
      -0.8152422308921814,
      -0.9510385394096375,
      0.15538471937179565,
      -0.2671722173690796,
      -0.004176139831542969,
      0.857894778251648,
      0.5138083696365356
    ]
  },
  {
    "timestamp" : 1251252321397,
    "gravity" : [
      0.0055696796625852585,
      -0.857374906539917,
      -0.5146622657775879
    ],
    "userAcceleration" : [
      0.0159146711230278,
      -0.005768954753875732,
      0.04386758804321289
    ],
    "rotationMatrix" : [
      0.2989802956581116,
      0.49255597591400146,
      -0.8173123598098755,
      -0.9542430639266968,
      0.14932167530059814,
      -0.2590816020965576,
      -0.005569726228713989,
      0.857374906539917,
      0.5146623253822327
    ]
  },
  {
    "timestamp" : 1251252331452,
    "gravity" : [
      0.007141081616282463,
      -0.8565250635147095,
      -0.5160558819770813
    ],
    "userAcceleration" : [
      0.03364565223455429,
      0.012805700302124023,
      0.03949332237243652
    ],
    "rotationMatrix" : [
      0.28863096237182617,
      0.49586960673332214,
      -0.8190270662307739,
      -0.9574136734008789,
      0.14310100674629211,
      -0.25076064467430115,
      -0.007141083478927612,
      0.8565250635147095,
      0.5160558819770813
    ]
  },
  {
    "timestamp" : 1251252341506,
    "gravity" : [
      0.008867274038493633,
      -0.8552975058555603,
      -0.5180612206459045
    ],
    "userAcceleration" : [
      0.0411815345287323,
      0.028484880924224854,
      0.03225189447402954
    ],
    "rotationMatrix" : [
      0.2781987190246582,
      0.49973785877227783,
      -0.820284903049469,
      -0.9604824781417847,
      0.1368502974510193,
      -0.24237388372421265,
      -0.008867263793945312,
      0.8552975058555603,
      0.5180612206459045
    ]
  },
  {
    "timestamp" : 1251252351561,
    "gravity" : [
      0.010905971750617027,
      -0.8536819815635681,
      -0.5206804275512695
    ],
    "userAcceleration" : [
      0.04045509919524193,
      0.033705294132232666,
      0.02010059356689453
    ],
    "rotationMatrix" : [
      0.26790231466293335,
      0.5041695237159729,
      -0.8210002183914185,
      -0.9633843302726746,
      0.13053768873214722,
      -0.2342018485069275,
      -0.010905981063842773,
      0.8536819815635681,
      0.5206804275512695
    ]
  },
  {
    "timestamp" : 1251252361615,
    "gravity" : [
      0.01345343142747879,
      -0.8516994714736938,
      -0.5238576531410217
    ],
    "userAcceleration" : [
      0.03250601887702942,
      0.0363919734954834,
      0.008934557437896729
    ],
    "rotationMatrix" : [
      0.2580239474773407,
      0.5091184377670288,
      -0.8211100101470947,
      -0.9660446643829346,
      0.12412112951278687,
      -0.22660815715789795,
      -0.013453394174575806,
      0.8516994714736938,
      0.523857593536377
    ]
  },
  {
    "timestamp" : 1251252371670,
    "gravity" : [
      0.01655937358736992,
      -0.8493784070014954,
      -0.5275244116783142
    ],
    "userAcceleration" : [
      0.029140697792172432,
      0.04191386699676514,
      0.0029577016830444336
    ],
    "rotationMatrix" : [
      0.24851854145526886,
      0.5145361423492432,
      -0.8206648826599121,
      -0.9684854745864868,
      0.11750993132591248,
      -0.21960657835006714,
      -0.01655939221382141,
      0.8493784070014954,
      0.5275244116783142
    ]
  },
  {
    "timestamp" : 1251252381724,
    "gravity" : [
      0.020056791603565216,
      -0.846786379814148,
      -0.5315546989440918
    ],
    "userAcceleration" : [
      0.03139582276344299,
      0.0479583740234375,
      -0.0022587180137634277
    ],
    "rotationMatrix" : [
      0.23935046792030334,
      0.5202682614326477,
      -0.8197756409645081,
      -0.970725953578949,
      0.11078581213951111,
      -0.21311354637145996,
      -0.02005678415298462,
      0.846786379814148,
      0.5315546989440918
    ]
  },
  {
    "timestamp" : 1251252391779,
    "gravity" : [
      0.023696361109614372,
      -0.8440359830856323,
      -0.5357626676559448
    ],
    "userAcceleration" : [
      0.03764394670724869,
      0.056789398193359375,
      -0.010151028633117676
    ],
    "rotationMatrix" : [
      0.23043292760849,
      0.5260939002037048,
      -0.8186120986938477,
      -0.9727995991706848,
      0.10405927896499634,
      -0.20696014165878296,
      -0.023696333169937134,
      0.8440360426902771,
      0.5357626676559448
    ]
  },
  {
    "timestamp" : 1251252401833,
    "gravity" : [
      0.027239320799708366,
      -0.8412830233573914,
      -0.5399081707000732
    ],
    "userAcceleration" : [
      0.0476050078868866,
      0.06567883491516113,
      -0.019021332263946533
    ],
    "rotationMatrix" : [
      0.22151194512844086,
      0.5317608118057251,
      -0.817412257194519,
      -0.974777102470398,
      0.09733036160469055,
      -0.20083898305892944,
      -0.027239322662353516,
      0.8412830233573914,
      0.5399081707000732
    ]
  },
  {
    "timestamp" : 1251252411888,
    "gravity" : [
      0.03043338842689991,
      -0.8386684656143188,
      -0.5437913537025452
    ],
    "userAcceleration" : [
      0.05805230885744095,
      0.07171601057052612,
      -0.02285909652709961
    ],
    "rotationMatrix" : [
