[
  {
    "gravity" : [
      -0.008329163305461407,
      -0.9767650365829468,
      -0.21415084600448608
    ],
    "userAcceleration" : [
      -0.09262299537658691,
      0.026859700679779053,
      0.07244241237640381
    ],
    "timestamp" : 1251070685843,
    "rotationMatrix" : [
      0.09979751706123352,
      0.21227702498435974,
      -0.9721001982688904,
      -0.994972825050354,
      0.029468566179275513,
      -0.09571054577827454,
      0.008329153060913086,
      0.9767650365829468,
      0.21415084600448608
    ]
  },
  {
    "gravity" : [
      -0.009063337929546833,
      -0.9774748086929321,
      -0.2108573168516159
    ],
    "userAcceleration" : [
      -0.10598795115947723,
      0.03448176383972168,
      0.05698758363723755
    ],
    "timestamp" : 1251070695897,
    "rotationMatrix" : [
      0.09785982966423035,
      0.20898672938346863,
      -0.9730097055435181,
      -0.9951589107513428,
      0.02945321798324585,
      -0.09376135468482971,
      0.00906333327293396,
      0.9774748086929321,
      0.2108573019504547
    ]
  },
  {
    "gravity" : [
      -0.009737592190504074,
      -0.9782523512840271,
      -0.20718872547149658
    ],
    "userAcceleration" : [
      -0.11980954557657242,
      0.039791226387023926,
      0.0369768887758255
    ],
    "timestamp" : 1251070705950,
    "rotationMatrix" : [
      0.09491327404975891,
      0.20535865426063538,
      -0.9740733504295349,
      -0.995437741279602,
      0.02915024757385254,
      -0.09084925055503845,
      0.009737610816955566,
      0.9782522916793823,
      0.20718875527381897
    ]
  },
  {
    "gravity" : [
      -0.010156036354601383,
      -0.9790635108947754,
      -0.20330089330673218
    ],
    "userAcceleration" : [
      -0.11368431150913239,
      0.03513973951339722,
      0.027305975556373596
    ],
    "timestamp" : 1251070716003,
    "rotationMatrix" : [
      0.0918501615524292,
      0.2015382945537567,
      -0.9751644134521484,
      -0.9957208633422852,
      0.028577148914337158,
      -0.08788016438484192,
      0.010156065225601196,
      0.9790635108947754,
      0.20330089330673218
    ]
  },
  {
    "gravity" : [
      -0.010551855899393559,
      -0.979827344417572,
      -0.1995667964220047
    ],
    "userAcceleration" : [
      -0.09223134815692902,
      0.04156452417373657,
      0.03158271312713623
    ],
    "timestamp" : 1251070726056,
    "rotationMatrix" : [
      0.08920231461524963,
      0.19785979390144348,
      -0.9761631488800049,
      -0.995957612991333,
      0.028102189302444458,
      -0.0853150486946106,
      0.01055184006690979,
      0.979827344417572,
      0.1995667815208435
    ]
  },
  {
    "gravity" : [
      -0.011123179458081722,
      -0.9804706573486328,
      -0.19635047018527985
    ],
    "userAcceleration" : [
      -0.0794987827539444,
      0.04773145914077759,
      0.04251128435134888
    ],
    "timestamp" : 1251070736110,
    "rotationMatrix" : [
      0.08694607019424438,
      0.19467052817344666,
      -0.9770075082778931,
      -0.9961508512496948,
      0.02793937921524048,
      -0.08308267593383789,
      0.011123180389404297,
      0.9804706573486328,
      0.19635045528411865
    ]
  },
  {
    "gravity" : [
      -0.011951430700719357,
      -0.9809666275978088,
      -0.19380825757980347
    ],
    "userAcceleration" : [
      -0.07760241627693176,
      0.05343067646026611,
      0.04787313938140869
    ],
    "timestamp" : 1251070746163,
    "rotationMatrix" : [
      0.08531668782234192,
      0.19211488962173462,
      -0.9776568412780762,
      -0.996282160282135,
      0.028219491243362427,
      -0.08139675855636597,
      0.011951446533203125,
      0.9809666275978088,
      0.19380825757980347
    ]
  },
  {
    "gravity" : [
      -0.01316110510379076,
      -0.9813082218170166,
      -0.19199205935001373
    ],
    "userAcceleration" : [
      -0.0694042220711708,
      0.06208831071853638,
      0.046438395977020264
    ],
    "timestamp" : 1251070756216,
    "rotationMatrix" : [
      0.08427855372428894,
      0.19023677706718445,
      -0.9781140089035034,
      -0.9963552951812744,
      0.029053866863250732,
      -0.0801994800567627,
      0.01316109299659729,
      0.9813082218170166,
      0.19199207425117493
    ]
  },
  {
    "gravity" : [
      -0.014766869135200977,
      -0.9814980030059814,
      -0.19090116024017334
    ],
    "userAcceleration" : [
      -0.06465514004230499,
      0.06160688400268555,
      0.04231104254722595
    ],
    "timestamp" : 1251070766270,
    "rotationMatrix" : [
      0.08331435918807983,
      0.1890500783920288,
      -0.9784265160560608,
      -0.9964137077331543,
      0.030353248119354248,
      -0.07898101210594177,
      0.014766812324523926,
      0.9814980030059814,
      0.19090116024017334
    ]
  },
  {
    "gravity" : [
      -0.0165899395942688,
      -0.9815464615821838,
      -0.1905025690793991
    ],
    "userAcceleration" : [
      -0.0687982439994812,
      0.04603022336959839,
      0.030254721641540527
    ],
    "timestamp" : 1251070776323,
    "rotationMatrix" : [
      0.08244264125823975,
      0.18853706121444702,
      -0.9785994291305542,
      -0.9964576363563538,
      0.0319405198097229,
      -0.0777934193611145,
      0.0165899395942688,
      0.9815464615821838,
      0.1905025839805603
    ]
  },
  {
    "gravity" : [
      -0.01862434856593609,
      -0.9814910888671875,
      -0.19059956073760986
    ],
    "userAcceleration" : [
      -0.06713007390499115,
      0.03227245807647705,
      0.008699491620063782
    ],
    "timestamp" : 1251070786376,
    "rotationMatrix" : [
      0.08198940753936768,
      0.18849119544029236,
      -0.9786462783813477,
      -0.9964590072631836,
      0.033853888511657715,
      -0.07696124911308289,
      0.018624335527420044,
      0.9814910888671875,
      0.19059956073760986
    ]
  },
  {
    "gravity" : [
      -0.02075238525867462,
      -0.9813635349273682,
      -0.1910359412431717
    ],
    "userAcceleration" : [
      -0.08381610363721848,
      0.029581427574157715,
      -0.004017233848571777
    ],
    "timestamp" : 1251070796429,
    "rotationMatrix" : [
      0.08256599307060242,
      0.1887420117855072,
      -0.9785494804382324,
      -0.9963693618774414,
      0.03608044981956482,
      -0.07711029052734375,
      0.020752400159835815,
      0.9813635349273682,
      0.1910359263420105
    ]
  },
  {
    "gravity" : [
      -0.02276855893433094,
      -0.9811738729476929,
      -0.19177952408790588
    ],
    "userAcceleration" : [
      -0.1060461476445198,
      0.03183317184448242,
      0.0030282139778137207
    ],
    "timestamp" : 1251070806483,
    "rotationMatrix" : [
      0.0836465060710907,
      0.189287006855011,
      -0.9783524870872498,
      -0.9962353110313416,
      0.03831738233566284,
      -0.07776197791099548,
      0.02276855707168579,
      0.9811738729476929,
      0.19177952408790588
    ]
  },
  {
    "gravity" : [
      -0.02464994229376316,
      -0.9809326529502869,
      -0.192777618765831
    ],
    "userAcceleration" : [
      -0.09937349706888199,
      0.02471029758453369,
      0.00922955572605133
    ],
    "timestamp" : 1251070816536,
    "rotationMatrix" : [
      0.08481672406196594,
      0.1900886595249176,
      -0.9780961871147156,
      -0.9960914850234985,
      0.04046091437339783,
      -0.07851365208625793,
      0.02464991807937622,
      0.9809327125549316,
      0.1927776336669922
    ]
  },
  {
    "gravity" : [
      -0.02647867426276207,
      -0.9806489944458008,
      -0.19397452473640442
    ],
    "userAcceleration" : [
      -0.08460532128810883,
      0.014371097087860107,
      0.01392073929309845
    ],
    "timestamp" : 1251070826589,
    "rotationMatrix" : [
      0.0856662392616272,
      0.19110259413719177,
      -0.9778245687484741,
      -0.9959717988967896,
      0.04250869154930115,
      -0.07894822955131531,
      0.026478677988052368,
      0.9806489944458008,
      0.19397452473640442
    ]
  },
  {
    "gravity" : [
      -0.028368476778268814,
      -0.9803679585456848,
      -0.19512468576431274
    ],
    "userAcceleration" : [
      -0.09034492075443268,
      0.01431894302368164,
      0.015177682042121887
    ],
    "timestamp" : 1251070836643,
    "rotationMatrix" : [
      0.08563116192817688,
      0.1921020746231079,
      -0.9776318073272705,
      -0.9959228038787842,
      0.0444428026676178,
      -0.07850030064582825,
      0.028368502855300903,
      0.9803680181503296,
      0.19512468576431274
    ]
  },
  {
    "gravity" : [
      -0.030254404991865158,
      -0.9801531434059143,
      -0.195919007062912
    ],
    "userAcceleration" : [
      -0.10371777415275574,
      0.017781496047973633,
      0.006633669137954712
    ],
    "timestamp" : 1251070846696,
    "rotationMatrix" : [
      0.08410778641700745,
      0.19281697273254395,
      -0.9776232242584229,
      -0.9959970712661743,
      0.04605585336685181,
      -0.07660481333732605,
      0.030254393815994263,
      0.9801530838012695,
      0.195919007062912
    ]
  },
  {
    "gravity" : [
      -0.03207826241850853,
      -0.9800506234169006,
      -0.19614197313785553
    ],
    "userAcceleration" : [
      -0.11082032322883606,
      0.019143760204315186,
      -0.00890570878982544
    ],
    "timestamp" : 1251070856749,
    "rotationMatrix" : [
      0.0813121497631073,
      0.19303348660469055,
      -0.977817177772522,
      -0.996172308921814,
      0.04731541872024536,
      -0.07349783182144165,
      0.032078295946121216,
      0.9800506234169006,
      0.19614198803901672
    ]
  },
  {
    "gravity" : [
      -0.03363490477204323,
      -0.9800680875778198,
      -0.19579334557056427
    ],
    "userAcceleration" : [
      -0.10348059237003326,
      0.020351409912109375,
      -0.022285327315330505
    ],
    "timestamp" : 1251070866802,
    "rotationMatrix" : [
      0.07801440358161926,
      0.19273167848587036,
      -0.9781452417373657,
      -0.9963845610618591,
      0.048174649477005005,
      -0.06997671723365784,
      0.03363493084907532,
      0.9800680875778198,
      0.19579333066940308
    ]
  },
  {
    "gravity" : [
      -0.03485161438584328,
      -0.9801624417304993,
      -0.19510743021965027
    ],
    "userAcceleration" : [
      -0.08599799871444702,
      0.025038599967956543,
      -0.032675862312316895
    ],
    "timestamp" : 1251070876856,
    "rotationMatrix" : [
      0.07365149259567261,
      0.19217607378959656,
      -0.9785926938056946,
      -0.9966747760772705,
      0.04847553372383118,
      -0.06549271941184998,
      0.03485161066055298,
      0.9801623821258545,
      0.19510743021965027
    ]
  },
  {
    "gravity" : [
      -0.03594378009438515,
      -0.9802769422531128,
      -0.19433271884918213
    ],
    "userAcceleration" : [
      -0.05321333184838295,
      0.03716170787811279,
      -0.034167736768722534
    ],
    "timestamp" : 1251070886909,
    "rotationMatrix" : [
      0.0719577968120575,
      0.1914149820804596,
      -0.9788680076599121,
      -0.9967598915100098,
      0.0491679310798645,
      -0.06365841627120972,
      0.03594377636909485,
      0.9802770018577576,
      0.19433274865150452
    ]
  },
  {
    "gravity" : [
      -0.037351835519075394,
      -0.9803418517112732,
      -0.19373823702335358
    ],
    "userAcceleration" : [
      -0.0249803327023983,
      0.048228323459625244,
      -0.021654903888702393
    ],
    "timestamp" : 1251070896962,
    "rotationMatrix" : [
      0.07314193248748779,
      0.1906714141368866,
      -0.9789251685142517,
      -0.9966217279434204,
      0.05073511600494385,
      -0.06458210945129395,
      0.037351787090301514,
      0.980341911315918,
      0.19373822212219238
    ]
  },
  {
    "gravity" : [
      -0.03931722790002823,
      -0.9803074598312378,
      -0.19352376461029053
    ],
    "userAcceleration" : [
      -0.022541910409927368,
      0.04189193248748779,
      -0.0014836490154266357
    ],
    "timestamp" : 1251070907016,
    "rotationMatrix" : [
      0.0739065408706665,
      0.19029003381729126,
      -0.9789420366287231,
      -0.9964898228645325,
      0.05279195308685303,
      -0.0649695098400116,
      0.03931725025177002,
      0.9803074598312378,
      0.19352376461029053
    ]
  },
  {
    "gravity" : [
      -0.0418296754360199,
      -0.9801858067512512,
      -0.19361311197280884
    ],
    "userAcceleration" : [
      -0.0341133251786232,
      0.02869361639022827,
      0.008218765258789062
    ],
    "timestamp" : 1251070917069,
    "rotationMatrix" : [
      0.07573133707046509,
      0.19011476635932922,
      -0.9788366556167603,
      -0.9962505102157593,
      0.055606961250305176,
      -0.0662783682346344,
      0.0418296754360199,
      0.980185866355896,
      0.19361311197280884
    ]
  },
  {
    "gravity" : [
      -0.04430410638451576,
      -0.9799743890762329,
      -0.1941322684288025
    ],
    "userAcceleration" : [
      -0.08338146656751633,
      -0.0010436773300170898,
      0.021265357732772827
    ],
    "timestamp" : 1251070927122,
    "rotationMatrix" : [
      0.07804682850837708,
      0.19033396244049072,
      -0.9786120653152466,
      -0.995964765548706,
      0.058507949113845825,
      -0.0680513083934784,
      0.044304102659225464,
      0.9799743890762329,
      0.1941322684288025
    ]
  },
  {
    "gravity" : [
      -0.046247921884059906,
      -0.9796503186225891,
      -0.1953107714653015
    ],
    "userAcceleration" : [
      -0.12930446863174438,
      -0.04271894693374634,
      0.03809940814971924
    ],
    "timestamp" : 1251070937175,
    "rotationMatrix" : [
      0.08005392551422119,
      0.1912563443183899,
      -0.9782701134681702,
      -0.9957171082496643,
      0.060878366231918335,
      -0.06957963109016418,
      0.046247899532318115,
      0.9796503782272339,
      0.1953108012676239
    ]
  },
  {
    "gravity" : [
      -0.04781792685389519,
      -0.9792394638061523,
      -0.19698543846607208
    ],
    "userAcceleration" : [
      -0.10994270443916321,
      -0.04880601167678833,
      0.021967068314552307
    ],
    "timestamp" : 1251070947229,
    "rotationMatrix" : [
      0.08218976855278015,
      0.19268473982810974,
      -0.9778124094009399,
      -0.9954687356948853,
      0.06294724345207214,
      -0.07126957178115845,
      0.04781791567802429,
      0.9792395234107971,
      0.1969854235649109
    ]
  },
  {
    "gravity" : [
      -0.049319781363010406,
      -0.9788092970848083,
      -0.19874538481235504
    ],
    "userAcceleration" : [
      -0.07336089760065079,
      -0.0319327712059021,
      -0.005386769771575928
    ],
    "timestamp" : 1251070957282,
    "rotationMatrix" : [
      0.08436417579650879,
      0.1941937506198883,
      -0.9773286581039429,
      -0.9952136278152466,
      0.06496870517730713,
      -0.07299879193305969,
      0.04931977391242981,
      0.9788093566894531,
      0.19874536991119385
    ]
  },
  {
    "gravity" : [
      -0.050985295325517654,
      -0.9784468412399292,
      -0.20010501146316528
    ],
    "userAcceleration" : [
      -0.04158979654312134,
      -0.011650025844573975,
      -0.0359179824590683
    ],
    "timestamp" : 1251070967335,
    "rotationMatrix" : [
      0.08619952201843262,
      0.19530636072158813,
      -0.9769466519355774,
      -0.994972288608551,
      0.0670589804649353,
      -0.07438373565673828,
      0.05098527669906616,
      0.9784468412399292,
      0.20010501146316528
    ]
  },
  {
    "gravity" : [
      -0.052746936678886414,
      -0.9782313704490662,
      -0.20070138573646545
    ],
    "userAcceleration" : [
      -0.03854640945792198,
      0.0013638138771057129,
      -0.05402892827987671
    ],
    "timestamp" : 1251070977389,
    "rotationMatrix" : [
      0.08767595887184143,
      0.19566839933395386,
      -0.9767429232597351,
      -0.994751513004303,
      0.06911695003509521,
      -0.07544642686843872,
      0.05274695158004761,
      0.9782313704490662,
      0.20070138573646545
    ]
  },
  {
    "gravity" : [
      -0.054400648921728134,
      -0.9781952500343323,
      -0.20043589174747467
    ],
    "userAcceleration" : [
      -0.045788563787937164,
      -0.0011748075485229492,
      -0.0535467267036438
    ],
    "timestamp" : 1251070987442,
    "rotationMatrix" : [
      0.08875611424446106,
      0.19520136713981628,
      -0.976738691329956,
      -0.9945665597915649,
      0.07092523574829102,
      -0.07620164752006531,
      0.05440065264701843,
      0.9781951904296875,
      0.20043590664863586
    ]
  },
  {
    "gravity" : [
      -0.05588436499238014,
      -0.9783334136009216,
      -0.19935040175914764
    ],
    "userAcceleration" : [
      -0.05266666039824486,
      -0.004973351955413818,
      -0.05264860391616821
    ],
    "timestamp" : 1251070997495,
    "rotationMatrix" : [
      0.08971035480499268,
      0.1939346194267273,
      -0.9769039750099182,
      -0.9943987727165222,
      0.07247751951217651,
      -0.07692867517471313,
      0.05588442087173462,
      0.9783334136009216,
      0.19935041666030884
    ]
  },
  {
    "gravity" : [
      -0.057402316480875015,
      -0.9786217212677002,
      -0.19749528169631958
    ],
    "userAcceleration" : [
      -0.048829369246959686,
      -0.003601670265197754,
      -0.053878068923950195
    ],
    "timestamp" : 1251071007548,
    "rotationMatrix" : [
      0.09067484736442566,
      0.19189324975013733,
      -0.9772179126739502,
      -0.9942247867584229,
      0.0740024745464325,
      -0.0777212381362915,
      0.057402342557907104,
      0.9786217212677002,
      0.19749528169631958
    ]
  },
  {
    "gravity" : [
      -0.05903538689017296,
      -0.979034423828125,
      -0.19495157897472382
    ],
    "userAcceleration" : [
      -0.052597928792238235,
      0.0019227862358093262,
      -0.04651877284049988
    ],
    "timestamp" : 1251071017602,
    "rotationMatrix" : [
      0.09156090021133423,
      0.18915829062461853,
      -0.9776683449745178,
      -0.9940477609634399,
      0.07556712627410889,
      -0.07847404479980469,
      0.05903536081314087,
      0.979034423828125,
      0.194951593875885
    ]
  },
  {
    "gravity" : [
      -0.06072399765253067,
      -0.9795597791671753,
      -0.19176825881004333
    ],
    "userAcceleration" : [
      -0.06722097098827362,
      0.015234947204589844,
      -0.03525203466415405
    ],
    "timestamp" : 1251071027655,
    "rotationMatrix" : [
      0.09236067533493042,
      0.1857842206954956,
      -0.9782400131225586,
      -0.9938721656799316,
      0.07711458206176758,
      -0.0791911780834198,
      0.06072402000427246,
      0.9795597791671753,
      0.19176822900772095
    ]
  },
  {
    "gravity" : [
      -0.06238116696476936,
      -0.9801843166351318,
      -0.1880076378583908
    ],
    "userAcceleration" : [
      -0.06446516513824463,
      0.019002914428710938,
      -0.034282416105270386
    ],
    "timestamp" : 1251071037708,
    "rotationMatrix" : [
      0.09313464164733887,
      0.1818353831768036,
      -0.9789083003997803,
      -0.9936971664428711,
      0.07857567071914673,
      -0.07994577288627625,
      0.06238114833831787,
      0.9801843166351318,
      0.188007652759552
    ]
  },
  {
    "gravity" : [
      -0.06395275890827179,
      -0.980862557888031,
      -0.18389832973480225
    ],
    "userAcceleration" : [
      -0.0507628470659256,
      0.014019966125488281,
      -0.02960270643234253
    ],
    "timestamp" : 1251071047762,
    "rotationMatrix" : [
      0.09245163202285767,
      0.1776597797870636,
      -0.9797394871711731,
      -0.9936611652374268,
      0.07965883612632751,
      -0.07932040095329285,
      0.0639527440071106,
      0.9808624982833862,
      0.18389835953712463
    ]
  },
  {
    "gravity" : [
      -0.0653533861041069,
      -0.9815317988395691,
      -0.17978905141353607
    ],
    "userAcceleration" : [
      -0.059875503182411194,
      4.082918167114258e-05,
      -0.00862652063369751
    ],
    "timestamp" : 1251071057815,
    "rotationMatrix" : [
      0.09513208270072937,
      0.17322492599487305,
      -0.9802769422531128,
      -0.9933170080184937,
      0.08116817474365234,
      -0.08205428719520569,
      0.0653533935546875,
      0.9815318584442139,
      0.17978903651237488
    ]
  },
  {
    "gravity" : [
      -0.06664899736642838,
      -0.9821471571922302,
      -0.1759115308523178
    ],
    "userAcceleration" : [
      -0.07019182294607162,
      -0.016693174839019775,
      0.016762301325798035
    ],
    "timestamp" : 1251071067868,
    "rotationMatrix" : [
      0.09564036130905151,
      0.1692032814025879,
      -0.9809297323226929,
      -0.9931821823120117,
      0.08220222592353821,
      -0.08265569806098938,
      0.06664904952049255,
      0.982147216796875,
      0.17591151595115662
    ]
  },
  {
    "gravity" : [
      -0.06786833703517914,
      -0.9826915264129639,
      -0.17236952483654022
    ],
    "userAcceleration" : [
      -0.06259433180093765,
      -0.025151431560516357,
      0.042211949825286865
    ],
    "timestamp" : 1251071077921,
    "rotationMatrix" : [
      0.09528803825378418,
      0.16559359431266785,
      -0.9815797805786133,
      -0.9931334257125854,
      0.08304297924041748,
      -0.0824001133441925,
      0.06786832213401794,
      0.9826915264129639,
      0.17236953973770142
    ]
  },
  {
    "gravity" : [
      -0.06880901008844376,
      -0.9831571578979492,
      -0.16931410133838654
    ],
    "userAcceleration" : [
      -0.053505443036556244,
      -0.02756965160369873,
      0.06657660007476807
    ],
    "timestamp" : 1251071087975,
    "rotationMatrix" : [
      0.09399038553237915,
      0.16257277131080627,
      -0.9822096824645996,
      -0.9931924343109131,
      0.08349877595901489,
      -0.0812208354473114,
      0.06880900263786316,
      0.9831571578979492,
      0.16931408643722534
    ]
  },
  {
    "gravity" : [
      -0.06956031173467636,
      -0.983508825302124,
      -0.16694803535938263
    ],
    "userAcceleration" : [
      -0.021717771887779236,
      -0.0189172625541687,
      0.07754671573638916
    ],
    "timestamp" : 1251071098028,
    "rotationMatrix" : [
      0.09204220771789551,
      0.1603119969367981,
      -0.9827655553817749,
      -0.9933224320411682,
      0.08372780680656433,
      -0.07937288284301758,
      0.06956028938293457,
      0.983508825302124,
      0.16694805026054382
    ]
  },
  {
    "gravity" : [
      -0.0705871433019638,
      -0.9836928844451904,
      -0.16542570292949677
    ],
    "userAcceleration" : [
      0.025436386466026306,
      -0.0018264055252075195,
      0.08171594142913818
    ],
    "timestamp" : 1251071108081,
    "rotationMatrix" : [
      0.08950024843215942,
      0.15892475843429565,
      -0.9832255840301514,
      -0.9934822916984558,
      0.08420875668525696,
      -0.07682263851165771,
      0.070587158203125,
      0.9836928844451904,
      0.16542568802833557
    ]
  },
  {
    "gravity" : [
      -0.07222434133291245,
      -0.9836729764938354,
      -0.16483667492866516
    ],
    "userAcceleration" : [
      0.04703207314014435,
      0.004577577114105225,
      0.0858418345451355
    ],
    "timestamp" : 1251071118135,
    "rotationMatrix" : [
      0.08613049983978271,
      0.15849965810775757,
      -0.9835951328277588,
      -0.9936625361442566,
      0.08523699641227722,
      -0.07327666878700256,
      0.07222434878349304,
      0.9836729764938354,
      0.16483667492866516
    ]
  },
  {
    "gravity" : [
      -0.07465258985757828,
      -0.9834597706794739,
      -0.16502651572227478
    ],
    "userAcceleration" : [
      0.058615587651729584,
      -0.0015865564346313477,
      0.06949114799499512
    ],
    "timestamp" : 1251071128188,
    "rotationMatrix" : [
      0.08029496669769287,
      0.15902277827262878,
      -0.9840042591094971,
      -0.993971586227417,
      0.08670935034751892,
      -0.06709533929824829,
      0.07465258240699768,
      0.9834597706794739,
      0.16502651572227478
    ]
  },
  {
    "gravity" : [
      -0.07761231064796448,
      -0.9831288456916809,
      -0.1656322330236435
    ],
    "userAcceleration" : [
      0.039419546723365784,
      -0.013254761695861816,
      0.03524583578109741
    ],
    "timestamp" : 1251071138241,
    "rotationMatrix" : [
      0.07680198550224304,
      0.15974396467208862,
      -0.9841662645339966,
      -0.9940209984779358,
      0.0891042947769165,
      -0.06310814619064331,
      0.07761228084564209,
      0.9831288456916809,
      0.1656322181224823
    ]
  },
  {
    "gravity" : [
      -0.08049186319112778,
      -0.9827779531478882,
      -0.1663377583026886
    ],
    "userAcceleration" : [
      0.004411548376083374,
      -0.02147907018661499,
      -0.00886373221874237
    ],
    "timestamp" : 1251071148294,
    "rotationMatrix" : [
      0.07172513008117676,
      0.1607356071472168,
      -0.9843877553939819,
      -0.994171142578125,
      0.0911659300327301,
      -0.057551831007003784,
      0.08049187064170837,
      0.9827779531478882,
      0.1663377583026886
    ]
  },
  {
    "gravity" : [
      -0.08304417133331299,
      -0.9824615716934204,
      -0.16695155203342438
    ],
    "userAcceleration" : [
      -0.015878550708293915,
      -0.02669358253479004,
      -0.04548138380050659
    ],
    "timestamp" : 1251071158348,
    "rotationMatrix" : [
      0.06722858548164368,
      0.16162541508674622,
      -0.9845595359802246,
      -0.9942755699157715,
      0.09298586845397949,
      -0.05262741446495056,
      0.08304417133331299,
      0.9824615716934204,
      0.16695156693458557
    ]
  },
  {
    "gravity" : [
      -0.08523106575012207,
      -0.9821790456771851,
      -0.1675109565258026
    ],
    "userAcceleration" : [
      -0.016010992228984833,
      -0.02461099624633789,
      -0.06510937213897705
    ],
    "timestamp" : 1251071168401,
    "rotationMatrix" : [
      0.06374931335449219,
      0.16240254044532776,
      -0.9846631288528442,
      -0.9943196773529053,
      0.09460267424583435,
      -0.048771411180496216,
      0.08523109555244446,
      0.9821790456771851,
      0.1675109565258026
    ]
  },
  {
    "gravity" : [
      -0.08707168698310852,
      -0.9818902015686035,
      -0.16825585067272186
    ],
    "userAcceleration" : [
      -0.010035254061222076,
      -0.023007750511169434,
      -0.059313759207725525
    ],
    "timestamp" : 1251071178454,
    "rotationMatrix" : [
      0.061271101236343384,
      0.16329911351203918,
      -0.9846720695495605,
      -0.9943159818649292,
      0.09604635834693909,
      -0.04594269394874573,
      0.08707168698310852,
      0.9818902015686035,
      0.16825586557388306
    ]
  },
  {
    "gravity" : [
      -0.08878712356090546,
      -0.9815508723258972,
      -0.16933560371398926
    ],
    "userAcceleration" : [
      -4.953891038894653e-05,
      -0.03637808561325073,
      -0.049612805247306824
    ],
    "timestamp" : 1251071188508,
    "rotationMatrix" : [
      0.05896514654159546,
      0.16452914476394653,
      -0.9846080541610718,
      -0.9943036437034607,
      0.09740552306175232,
      -0.04326909780502319,
      0.08878707885742188,
      0.9815508723258972,
      0.16933563351631165
    ]
  },
  {
    "gravity" : [
      -0.09067253023386002,
      -0.9811608791351318,
      -0.17059245705604553
    ],
    "userAcceleration" : [
      0.001957923173904419,
      -0.05294245481491089,
      -0.05259793996810913
    ],
    "timestamp" : 1251071198561,
    "rotationMatrix" : [
      0.05663323402404785,
      0.1659407615661621,
      -0.9845081567764282,
      -0.9942691326141357,
      0.09892907738685608,
      -0.04051998257637024,
      0.09067252278327942,
      0.9811608791351318,
      0.17059245705604553
    ]
  },
  {
    "gravity" : [
      -0.09266526252031326,
      -0.9807669520378113,
      -0.1717827171087265
    ],
    "userAcceleration" : [
      -0.014939717948436737,
      -0.06742024421691895,
      -0.06405723094940186
    ],
    "timestamp" : 1251071208614,
    "rotationMatrix" : [
      0.05409446358680725,
      0.16731131076812744,
      -0.9844188690185547,
      -0.9942266941070557,
      0.1005139946937561,
      -0.03755009174346924,
      0.09266528487205505,
      0.9807668924331665,
      0.1717827022075653
    ]
  },
  {
    "gravity" : [
      -0.09451714158058167,
      -0.9804321527481079,
      -0.17268212139606476
    ],
    "userAcceleration" : [
      -0.041789621114730835,
      -0.08136582374572754,
      -0.08227704465389252
    ],
    "timestamp" : 1251071218667,
    "rotationMatrix" : [
      0.05131173133850098,
      0.1684301793575287,
      -0.9843770265579224,
      -0.9941998720169067,
      0.10190123319625854,
      -0.03438803553581238,
      0.09451711177825928,
      0.9804321527481079,
      0.17268210649490356
    ]
  },
  {
    "gravity" : [
      -0.09599095582962036,
      -0.980207622051239,
      -0.1731431782245636
    ],
    "userAcceleration" : [
      -0.04948633909225464,
      -0.08696144819259644,
      -0.10149984061717987
    ],
    "timestamp" : 1251071228721,
    "rotationMatrix" : [
      0.046802371740341187,
      0.1693093478679657,
      -0.9844509959220886,
      -0.9942811727523804,
      0.10260194540023804,
      -0.02962377667427063,
      0.09599095582962036,
      0.9802076816558838,
      0.1731431782245636
    ]
  },
  {
    "gravity" : [
      -0.0970182716846466,
      -0.9800921678543091,
      -0.17322394251823425
    ],
    "userAcceleration" : [
      -0.0382508859038353,
      -0.08907574415206909,
      -0.11554865539073944
    ],
    "timestamp" : 1251071238774,
    "rotationMatrix" : [
      0.044600337743759155,
      0.16958877444267273,
      -0.9845049977302551,
      -0.994282603263855,
      0.103240966796875,
      -0.027259111404418945,
      0.097018301486969,
      0.9800921678543091,
      0.17322394251823425
    ]
  },
  {
    "gravity" : [
      -0.09776938706636429,
      -0.9800397157669067,
      -0.17309923470020294
    ],
    "userAcceleration" : [
      -0.019067175686359406,
      -0.08194142580032349,
      -0.11368972063064575
    ],
    "timestamp" : 1251071248827,
    "rotationMatrix" : [
      0.042881011962890625,
      0.16962262988090515,
      -0.9845757484436035,
      -0.9942848682403564,
      0.10368400812149048,
      -0.025441259145736694,
      0.09776937961578369,
      0.9800397157669067,
      0.17309921979904175
    ]
  },
  {
    "gravity" : [
      -0.09840386360883713,
      -0.9799869656562805,
      -0.17303788661956787
    ],
    "userAcceleration" : [
      -0.010681241750717163,
      -0.06943613290786743,
      -0.1002318263053894
    ],
    "timestamp" : 1251071258881,
    "rotationMatrix" : [
      0.04153519868850708,
      0.16968566179275513,
      -0.9846225380897522,
      -0.9942793250083923,
      0.10407787561416626,
      -0.024006187915802002,
      0.09840387105941772,
      0.9799869656562805,
      0.17303788661956787
    ]
  },
  {
    "gravity" : [
      -0.09896433353424072,
      -0.9799008369445801,
      -0.17320629954338074
    ],
    "userAcceleration" : [
      -0.0032543018460273743,
      -0.06695884466171265,
      -0.09524160623550415
    ],
    "timestamp" : 1251071268934,
    "rotationMatrix" : [
      0.040640830993652344,
      0.16993534564971924,
      -0.984616756439209,
      -0.9942606687545776,
      0.10448122024536133,
      -0.023006469011306763,
      0.09896433353424072,
      0.9799008369445801,
      0.17320632934570312
    ]
  },
  {
    "gravity" : [
      -0.09943751990795135,
      -0.9797813892364502,
      -0.17360959947109222
    ],
    "userAcceleration" : [
      0.004817776381969452,
      -0.07995659112930298,
      -0.09584544599056244
    ],
    "timestamp" : 1251071278987,
    "rotationMatrix" : [
      0.04006633162498474,
      0.17039015889167786,
      -0.9845616221427917,
      -0.9942367076873779,
      0.1048583984375,
      -0.022312968969345093,
      0.09943753480911255,
      0.9797813892364502,
      0.17360958456993103
    ]
  },
  {
    "gravity" : [
      -0.09988269954919815,
      -0.9796435236930847,
      -0.17413122951984406
    ],
    "userAcceleration" : [
      0.004118531942367554,
      -0.09291183948516846,
      -0.09503386914730072
    ],
    "timestamp" : 1251071289040,
    "rotationMatrix" : [
      0.0394616425037384,
      0.17096832394599915,
      -0.9844857454299927,
      -0.9942162036895752,
      0.1052047610282898,
      -0.021581381559371948,
      0.09988272190093994,
      0.9796434640884399,
      0.17413124442100525
    ]
  },
  {
    "gravity" : [
      -0.1004491001367569,
      -0.9795258045196533,
      -0.17446765303611755
    ],
    "userAcceleration" : [
      -0.012725353240966797,
      -0.09966719150543213,
      -0.09761184453964233
    ],
    "timestamp" : 1251071299094,
    "rotationMatrix" : [
      0.038270771503448486,
      0.17142075300216675,
      -0.9844541549682617,
      -0.9942057728767395,
      0.10556462407112122,
      -0.02026805281639099,
      0.10044905543327332,
      0.9795258045196533,
      0.17446765303611755
    ]
  },
  {
    "gravity" : [
      -0.10105007886886597,
      -0.9794964790344238,
      -0.17428535223007202
    ],
    "userAcceleration" : [
      -0.040520958602428436,
      -0.09897935390472412,
      -0.11068783700466156
    ],
    "timestamp" : 1251071309147,
    "rotationMatrix" : [
      0.03637376427650452,
      0.17142748832702637,
      -0.9845249652862549,
      -0.9942160844802856,
      0.10582581162452698,
      -0.01830512285232544,
      0.10105004906654358,
      0.9794964790344238,
      0.17428535223007202
    ]
  },
  {
    "gravity" : [
      -0.1012442335486412,
      -0.9796047210693359,
      -0.17356286942958832
    ],
    "userAcceleration" : [
      -0.0610177218914032,
      -0.10102260112762451,
      -0.12131331861019135
    ],
    "timestamp" : 1251071319200,
    "rotationMatrix" : [
      0.03454387187957764,
      0.17089256644248962,
      -0.9846838712692261,
      -0.994261622428894,
      0.1056891679763794,
      -0.01653730869293213,
      0.10124421119689941,
      0.9796047210693359,
      0.1735628843307495
    ]
  },
  {
    "gravity" : [
      -0.10088789463043213,
      -0.979826807975769,
      -0.17251385748386383
    ],
    "userAcceleration" : [
      -0.05482804775238037,
      -0.09655863046646118,
      -0.11566364765167236
    ],
    "timestamp" : 1251071329254,
    "rotationMatrix" : [
      0.033055663108825684,
      0.1700015664100647,
      -0.9848891496658325,
      -0.9943484663963318,
      0.10506594181060791,
      -0.015237748622894287,
      0.10088786482810974,
      0.979826807975769,
      0.17251384258270264
    ]
  },
  {
    "gravity" : [
      -0.10019376128911972,
      -0.9800906181335449,
      -0.17141523957252502
    ],
    "userAcceleration" : [
      -0.02834625542163849,
      -0.08527779579162598,
      -0.10536400973796844
    ],
    "timestamp" : 1251071339307,
    "rotationMatrix" : [
      0.03171306848526001,
      0.16904863715171814,
      -0.9850971102714539,
      -0.9944621324539185,
      0.10413691401481628,
      -0.014143824577331543,
      0.1001937985420227,
      0.9800906181335449,
      0.17141523957252502
    ]
  },
  {
    "gravity" : [
      -0.09940114617347717,
      -0.9803259968757629,
      -0.1705295741558075
    ],
    "userAcceleration" : [
      -0.011728622019290924,
      -0.07703173160552979,
      -0.09891021251678467
    ],
    "timestamp" : 1251071349360,
    "rotationMatrix" : [
      0.030324041843414307,
      0.16831424832344055,
      -0.9852668642997742,
      -0.9945852756500244,
      0.10310781002044678,
      -0.012996792793273926,
      0.09940117597579956,
      0.9803259968757629,
      0.1705295443534851
    ]
  },
  {
    "gravity" : [
      -0.098617322742939,
      -0.9805024862289429,
      -0.1699685901403427
    ],
    "userAcceleration" : [
      -0.012756571173667908,
      -0.07566499710083008,
      -0.10374365746974945
    ],
    "timestamp" : 1251071359413,
    "rotationMatrix" : [
      0.028943181037902832,
      0.1679026484489441,
      -0.9853785037994385,
      -0.9947043061256409,
      0.10209497809410095,
      -0.011820614337921143,
      0.09861734509468079,
      0.9805024266242981,
      0.16996857523918152
    ]
  },
  {
    "gravity" : [
      -0.09786374866962433,
      -0.9806283712387085,
      -0.16967779397964478
    ],
    "userAcceleration" : [
      -0.015158094465732574,
      -0.07758384943008423,
      -0.1167144775390625
    ],
    "timestamp" : 1251071369467,
    "rotationMatrix" : [
      0.027995675802230835,
      0.16771596670150757,
      -0.9854376316070557,
      -0.9948058724403381,
      0.10118898749351501,
      -0.011039942502975464,
      0.09786376357078552,
      0.9806283712387085,
      0.16967779397964478
    ]
  },
  {
    "gravity" : [
      -0.09717100113630295,
      -0.9807354807853699,
      -0.16945691406726837
    ],
    "userAcceleration" : [
      -0.020062297582626343,
      -0.07314318418502808,
      -0.1304546594619751
    ],
    "timestamp" : 1251071379520,
    "rotationMatrix" : [
      0.02731594443321228,
      0.16757047176361084,
      -0.9854815602302551,
      -0.9948927164077759,
      0.10038912296295166,
      -0.010506749153137207,
      0.09717100858688354,
      0.9807354807853699,
      0.16945692896842957
    ]
  },
  {
    "gravity" : [
      -0.0965711921453476,
      -0.980850875377655,
      -0.16913153231143951
    ],
    "userAcceleration" : [
      -0.0216386541724205,
      -0.06960982084274292,
      -0.14115601778030396
    ],
    "timestamp" : 1251071389573,
    "rotationMatrix" : [
      0.027014613151550293,
      0.16728010773658752,
      -0.9855391383171082,
      -0.9949593544006348,
      0.09974375367164612,
      -0.010342836380004883,
      0.09657114744186401,
      0.980850875377655,
      0.1691315472126007
    ]
  },
  {
    "gravity" : [
      -0.09603330492973328,
      -0.9809939861297607,
      -0.16860653460025787
    ],
    "userAcceleration" : [
      -0.019719868898391724,
      -0.06757456064224243,
      -0.1450837105512619
    ],
    "timestamp" : 1251071399627,
    "rotationMatrix" : [
      0.027016133069992065,
      0.16675809025764465,
      -0.9856275320053101,
      -0.9950113296508789,
      0.0992082953453064,
      -0.010488182306289673,
      0.0960332453250885,
      0.9809939861297607,
      0.16860654950141907
    ]
  },
  {
    "gravity" : [
      -0.0954383909702301,
      -0.9811815023422241,
      -0.16785213351249695
    ],
    "userAcceleration" : [
      -0.01993332803249359,
      -0.0673719048500061,
      -0.15027844905853271
    ],
    "timestamp" : 1251071409680,
    "rotationMatrix" : [
      0.027567565441131592,
      0.16595187783241272,
      -0.9857484102249146,
      -0.9950535297393799,
      0.09870555996894836,
      -0.01121056079864502,
      0.0954383909702301,
      0.9811815023422241,
      0.16785213351249695
    ]
  },
  {
    "gravity" : [
      -0.09492350369691849,
      -0.981404185295105,
      -0.1668388396501541
    ],
    "userAcceleration" : [
      -0.015428051352500916,
      -0.05655956268310547,
      -0.15460288524627686
    ],
    "timestamp" : 1251071419733,
    "rotationMatrix" : [
      0.028972089290618896,
      0.1648010015487671,
      -0.9859011173248291,
      -0.9950628280639648,
      0.0984189510345459,
      -0.012789756059646606,
      0.0949234664440155,
      0.981404185295105,
      0.16683882474899292
    ]
  },
  {
    "gravity" : [
      -0.09472639858722687,
      -0.9816473126411438,
      -0.16551527380943298
    ],
    "userAcceleration" : [
      -0.0023652687668800354,
