[
  {
    "rotationMatrix" : [
      0.4085019528865814,
      -0.046653926372528076,
      -0.9115642309188843,
      -0.9125308990478516,
      0.0013700425624847412,
      -0.4090051054954529,
      0.020330458879470825,
      0.9989100098609924,
      -0.04201340675354004
    ],
    "gravity" : [
      -0.02033045142889023,
      -0.9989100098609924,
      0.042013391852378845
    ],
    "userAcceleration" : [
      -0.004175174981355667,
      0.008233308792114258,
      0.02219545468688011
    ],
    "timestamp" : 1251322050400
  },
  {
    "rotationMatrix" : [
      0.40864431858062744,
      -0.04584801197052002,
      -0.9115414023399353,
      -0.9124657511711121,
      0.0017977654933929443,
      -0.4091491401195526,
      0.020397424697875977,
      0.9989467859268188,
      -0.041100114583969116
    ],
    "gravity" : [
      -0.020397411659359932,
      -0.9989467859268188,
      0.041100095957517624
    ],
    "userAcceleration" : [
      -0.001148005947470665,
      0.007766366004943848,
      0.024482015520334244
    ],
    "timestamp" : 1251322060455
  },
  {
    "rotationMatrix" : [
      0.4090661108493805,
      -0.04495379328727722,
      -0.9113967418670654,
      -0.9122743606567383,
      0.0022933781147003174,
      -0.4095730185508728,
      0.020501941442489624,
      0.9989863038063049,
      -0.040071964263916016
    ],
    "gravity" : [
      -0.020501935854554176,
      -0.9989863634109497,
      0.040071986615657806
    ],
    "userAcceleration" : [
      -0.0007230360060930252,
      0.013375520706176758,
      0.026593562215566635
    ],
    "timestamp" : 1251322070510
  },
  {
    "rotationMatrix" : [
      0.40976303815841675,
      -0.04398283362388611,
      -0.9111310243606567,
      -0.911959171295166,
      0.002813398838043213,
      -0.4102712869644165,
      0.020608246326446533,
      0.9990283250808716,
      -0.03895771503448486
    ],
    "gravity" : [
      -0.020608248189091682,
      -0.9990283250808716,
      0.03895770385861397
    ],
    "userAcceleration" : [
      -0.0019595175981521606,
      0.015126407146453857,
      0.024976491928100586
    ],
    "timestamp" : 1251322080564
  },
  {
    "rotationMatrix" : [
      0.4107714295387268,
      -0.042983680963516235,
      -0.9107245802879333,
      -0.911503791809082,
      0.003294140100479126,
      -0.4112783372402191,
      0.020678281784057617,
      0.9990702867507935,
      -0.03782662749290466
    ],
    "gravity" : [
      -0.020678307861089706,
      -0.9990703463554382,
      0.037826672196388245
    ],
    "userAcceleration" : [
      -0.006650188937783241,
      0.015214204788208008,
      0.0245511531829834
    ],
    "timestamp" : 1251322090619
  },
  {
    "rotationMatrix" : [
      0.4119493067264557,
      -0.041934967041015625,
      -0.9102412462234497,
      -0.9109710454940796,
      0.0037633776664733887,
      -0.4124528169631958,
      0.0207216739654541,
      0.9991130828857422,
      -0.036651164293289185
    ],
    "gravity" : [
      -0.020721670240163803,
      -0.999113142490387,
      0.036651164293289185
    ],
    "userAcceleration" : [
      -0.007705457508563995,
      0.015836894512176514,
      0.029770255088806152
    ],
    "timestamp" : 1251322100674
  },
  {
    "rotationMatrix" : [
      0.41324418783187866,
      -0.040863633155822754,
      -0.9097028970718384,
      -0.9103837609291077,
      0.0042250752449035645,
      -0.413743257522583,
      0.02075055241584778,
      0.9991557598114014,
      -0.03545558452606201
    ],
    "gravity" : [
      -0.020750561729073524,
      -0.9991557002067566,
      0.035455554723739624
    ],
    "userAcceleration" : [
      -0.0030226390808820724,
      0.013132870197296143,
      0.03566551208496094
    ],
    "timestamp" : 1251322110729
  },
  {
    "rotationMatrix" : [
      0.41439568996429443,
      -0.03979945182800293,
      -0.9092260599136353,
      -0.9098597764968872,
      0.004677861928939819,
      -0.4148891568183899,
      0.020765483379364014,
      0.9991965889930725,
      -0.034273356199264526
    ],
    "gravity" : [
      -0.02076547034084797,
      -0.9991965889930725,
      0.03427333012223244
    ],
    "userAcceleration" : [
      0.004560621455311775,
      0.011373281478881836,
      0.03933488950133324
    ],
    "timestamp" : 1251322120784
  },
  {
    "rotationMatrix" : [
      0.4153605103492737,
      -0.038824886083602905,
      -0.9088278412818909,
      -0.9094181060791016,
      0.005163133144378662,
      -0.4158506989479065,
      0.020837604999542236,
      0.9992325901985168,
      -0.03316342830657959
    ],
    "gravity" : [
      -0.020837638527154922,
      -0.9992325305938721,
      0.03316342458128929
    ],
    "userAcceleration" : [
      0.010446399450302124,
      0.012095868587493896,
      0.04020070657134056
    ],
    "timestamp" : 1251322130838
  },
  {
    "rotationMatrix" : [
      0.4160116910934448,
      -0.037938088178634644,
      -0.908567488193512,
      -0.9091169834136963,
      0.005708932876586914,
      -0.416501522064209,
      0.020988106727600098,
      0.9992636442184448,
      -0.03211510181427002
    ],
    "gravity" : [
      -0.020988119766116142,
      -0.9992637038230896,
      0.03211512044072151
    ],
    "userAcceleration" : [
      0.008262287825345993,
      0.01655203104019165,
      0.04471277818083763
    ],
    "timestamp" : 1251322140893
  },
  {
    "rotationMatrix" : [
      0.41627806425094604,
      -0.03708288073539734,
      -0.908480703830719,
      -0.9089903831481934,
      0.0063096582889556885,
      -0.4167689085006714,
      0.021187007427215576,
      0.9992920160293579,
      -0.031081289052963257
    ],
    "gravity" : [
      -0.02118697203695774,
      -0.9992920756340027,
      0.031081298366189003
    ],
    "userAcceleration" : [
      -0.002677787095308304,
      0.017267167568206787,
      0.05000375956296921
    ],
    "timestamp" : 1251322150948
  },
  {
    "rotationMatrix" : [
      0.4164886474609375,
      -0.03624257445335388,
      -0.9084181785583496,
      -0.9088894128799438,
      0.006900578737258911,
      -0.4169798791408539,
      0.021380871534347534,
      0.9993190765380859,
      -0.03006640076637268
    ],
    "gravity" : [
      -0.021380895748734474,
      -0.9993190765380859,
      0.03006639890372753
    ],
    "userAcceleration" : [
      -0.01174594834446907,
      0.01885044574737549,
      0.046074867248535156
    ],
    "timestamp" : 1251322161003
  },
  {
    "rotationMatrix" : [
      0.41660332679748535,
      -0.03540527820587158,
      -0.9083986878395081,
      -0.9088331460952759,
      0.0074561238288879395,
      -0.4170932173728943,
      0.021540462970733643,
      0.9993452429771423,
      -0.029071271419525146
    ],
    "gravity" : [
      -0.021540453657507896,
      -0.9993452429771423,
      0.02907126024365425
    ],
    "userAcceleration" : [
      -0.014516085386276245,
      0.023118436336517334,
      0.04049349203705788
    ],
    "timestamp" : 1251322171057
  },
  {
    "rotationMatrix" : [
      0.41669800877571106,
      -0.03454822301864624,
      -0.9083881378173828,
      -0.9087862968444824,
      0.00800246000289917,
      -0.41718488931655884,
      0.021682262420654297,
      0.9993708729743958,
      -0.028062254190444946
    ],
    "gravity" : [
      -0.021682219579815865,
      -0.9993708729743958,
      0.028062231838703156
    ],
    "userAcceleration" : [
      -0.016937797889113426,
      0.023907124996185303,
      0.03776407241821289
    ],
    "timestamp" : 1251322181112
  },
  {
    "rotationMatrix" : [
      0.4168226420879364,
      -0.03356704115867615,
      -0.9083678126335144,
      -0.9087259769439697,
      0.008597046136856079,
      -0.4173046350479126,
      0.021816909313201904,
      0.9993994235992432,
      -0.026919782161712646
    ],
    "gravity" : [
      -0.021816913038492203,
      -0.9993994832038879,
      0.026919782161712646
    ],
    "userAcceleration" : [
      -0.01747448928654194,
      0.019968390464782715,
      0.03300142288208008
    ],
    "timestamp" : 1251322191167
  },
  {
    "rotationMatrix" : [
      0.4169796109199524,
      -0.03245359659194946,
      -0.9083362221717834,
      -0.9086490869522095,
      0.00932261347770691,
      -0.4174562096595764,
      0.022015929222106934,
      0.9994296431541443,
      -0.02560153603553772
    ],
    "gravity" : [
      -0.022015942260622978,
      -0.9994296431541443,
      0.025601524859666824
    ],
    "userAcceleration" : [
      -0.01697027124464512,
      0.020425856113433838,
      0.025118587538599968
    ],
    "timestamp" : 1251322201222
  },
  {
    "rotationMatrix" : [
      0.4172316789627075,
      -0.031245529651641846,
      -0.9082627296447754,
      -0.9085273146629333,
      0.010142624378204346,
      -0.4177019000053406,
      0.022263288497924805,
      0.9994600415229797,
      -0.02415543794631958
    ],
    "gravity" : [
      -0.022263262420892715,
      -0.9994601011276245,
      0.024155473336577415
    ],
    "userAcceleration" : [
      -0.023024842143058777,
      0.024026930332183838,
      0.015669818967580795
    ],
    "timestamp" : 1251322211277
  },
  {
    "rotationMatrix" : [
      0.4174215793609619,
      -0.03002944588661194,
      -0.9082165956497192,
      -0.9084345102310181,
      0.010949045419692993,
      -0.41788363456726074,
      0.02249285578727722,
      0.9994889497756958,
      -0.022709399461746216
    ],
    "gravity" : [
      -0.022492848336696625,
      -0.9994890093803406,
      0.022709408774971962
    ],
    "userAcceleration" : [
      -0.029326021671295166,
      0.02201104164123535,
      0.005778670310974121
    ],
    "timestamp" : 1251322221331
  },
  {
    "rotationMatrix" : [
      0.41766202449798584,
      -0.028872549533843994,
      -0.9081435799598694,
      -0.9083183407783508,
      0.01172482967376709,
      -0.41811513900756836,
      0.022719860076904297,
      0.9995143413543701,
      -0.021328449249267578
    ],
    "gravity" : [
      -0.022719893604516983,
      -0.9995142817497253,
      0.02132841944694519
    ],
    "userAcceleration" : [
      -0.026611799374222755,
      0.019030392169952393,
      -0.004909992218017578
    ],
    "timestamp" : 1251322231386
  },
  {
    "rotationMatrix" : [
      0.4178396463394165,
      -0.02780359983444214,
      -0.9080950617790222,
      -0.9082297682762146,
      0.012506186962127686,
      -0.4182843267917633,
      0.02298647165298462,
      0.9995349645614624,
      -0.02002638578414917
    ],
    "gravity" : [
      -0.022986451163887978,
      -0.9995349645614624,
      0.02002634108066559
    ],
    "userAcceleration" : [
      -0.021218271926045418,
      0.013710558414459229,
      -0.009925128892064095
    ],
    "timestamp" : 1251322241441
  },
  {
    "rotationMatrix" : [
      0.4181986451148987,
      -0.02682572603225708,
      -0.9079593420028687,
      -0.9080559015274048,
      0.013326317071914673,
      -0.4186367392539978,
      0.02332991361618042,
      0.9995512366294861,
      -0.01878616213798523
    ],
    "gravity" : [
      -0.023329928517341614,
      -0.9995512366294861,
      0.018786177039146423
    ],
    "userAcceleration" : [
      -0.015015427023172379,
      0.00846242904663086,
      -0.007128596305847168
    ],
    "timestamp" : 1251322251496
  },
  {
    "rotationMatrix" : [
      0.4184569716453552,
      -0.025917261838912964,
      -0.9078667759895325,
      -0.9079245328903198,
      0.014266937971115112,
      -0.41889089345932007,
      0.02380901575088501,
      0.9995623230934143,
      -0.017560869455337524
    ],
    "gravity" : [
      -0.02380901761353016,
      -0.9995622634887695,
      0.0175608042627573
    ],
    "userAcceleration" : [
      -0.009775582700967789,
      0.005864262580871582,
      -8.952617645263672e-05
    ],
    "timestamp" : 1251322261550
  },
  {
    "rotationMatrix" : [
      0.41869860887527466,
      -0.025059103965759277,
      -0.9077793955802917,
      -0.9077973961830139,
      0.015306740999221802,
      -0.4191293716430664,
      0.024398088455200195,
      0.9995687007904053,
      -0.016339629888534546
    ],
    "gravity" : [
      -0.0243980772793293,
      -0.9995686411857605,
      0.01633957400918007
    ],
    "userAcceleration" : [
      -0.007294444367289543,
      0.008540987968444824,
      0.006334898993372917
    ],
    "timestamp" : 1251322271605
  },
  {
    "rotationMatrix" : [
      0.41889145970344543,
      -0.024262964725494385,
      -0.9077119827270508,
      -0.9076927304267883,
      0.016302525997161865,
      -0.4193181097507477,
      0.024971693754196167,
      0.9995725154876709,
      -0.015194207429885864
    ],
    "gravity" : [
      -0.024971697479486465,
      -0.9995724558830261,
      0.01519420649856329
    ],
    "userAcceleration" : [
      -0.00978783331811428,
      0.0036315321922302246,
      0.010745642706751823
    ],
    "timestamp" : 1251322281660
  },
  {
    "rotationMatrix" : [
      0.4190656840801239,
      -0.023446470499038696,
      -0.9076530933380127,
      -0.9075978994369507,
      0.017253726720809937,
      -0.4194858968257904,
      0.025495857000350952,
      0.999576210975647,
      -0.014049530029296875
    ],
    "gravity" : [
      -0.025495868176221848,
      -0.9995761513710022,
      0.014049481600522995
    ],
    "userAcceleration" : [
      -0.013078359887003899,
      -0.003017723560333252,
      0.021564364433288574
    ],
    "timestamp" : 1251322291715
  },
  {
    "rotationMatrix" : [
      0.4191817343235016,
      -0.022435933351516724,
      -0.9076250791549683,
      -0.9075297117233276,
      0.018286913633346558,
      -0.4195897579193115,
      0.026011556386947632,
      0.9995810985565186,
      -0.012695729732513428
    ],
    "gravity" : [
      -0.02601155824959278,
      -0.9995810389518738,
      0.012695739045739174
    ],
    "userAcceleration" : [
      -0.011601369827985764,
      -0.004081010818481445,
      0.031447768211364746
    ],
    "timestamp" : 1251322301770
  },
  {
    "rotationMatrix" : [
      0.4194435179233551,
      -0.021145910024642944,
      -0.9075350165367126,
      -0.9073911905288696,
      0.019541442394256592,
      -0.4198322296142578,
      0.026612162590026855,
      0.9995852708816528,
      -0.010991007089614868
    ],
    "gravity" : [
      -0.026612157002091408,
      -0.9995852708816528,
      0.01099100150167942
    ],
    "userAcceleration" : [
      -0.004302166402339935,
      -0.004809141159057617,
      0.03219127655029297
    ],
    "timestamp" : 1251322311824
  },
  {
    "rotationMatrix" : [
      0.4196951985359192,
      -0.01952141523361206,
      -0.9074550867080688,
      -0.9072536826133728,
      0.021074354648590088,
      -0.4200553894042969,
      0.02732411026954651,
      0.9995872974395752,
      -0.008866071701049805
    ],
    "gravity" : [
      -0.02732410840690136,
      -0.9995872974395752,
      0.008866053074598312
    ],
    "userAcceleration" : [
      0.0021318309009075165,
      -0.0022436976432800293,
      0.029540181159973145
    ],
    "timestamp" : 1251322321879
  },
  {
    "rotationMatrix" : [
      0.42010465264320374,
      -0.01758626103401184,
      -0.9073052406311035,
      -0.9070401191711426,
      0.02283617854118347,
      -0.4204244315624237,
      0.02811303734779358,
      0.999584436416626,
      -0.006357848644256592
    ],
    "gravity" : [
      -0.028113042935729027,
      -0.9995844960212708,
      0.006357844453305006
    ],
    "userAcceleration" : [
      0.0031496621668338776,
      -0.003833472728729248,
      0.021809697151184082
    ],
    "timestamp" : 1251322331934
  },
  {
    "rotationMatrix" : [
      0.4209325611591339,
      -0.015361160039901733,
      -0.9069618582725525,
      -0.9066306352615356,
      0.02476009726524353,
      -0.4211982190608978,
      0.028926610946655273,
      0.9995753765106201,
      -0.0035045742988586426
    ],
    "gravity" : [
      -0.028926590457558632,
      -0.9995754361152649,
      0.0035045419353991747
    ],
    "userAcceleration" : [
      -0.002430235967040062,
      -0.004697084426879883,
      0.006093144882470369
    ],
    "timestamp" : 1251322341989
  },
  {
    "rotationMatrix" : [
      0.4220339059829712,
      -0.012919902801513672,
      -0.9064879417419434,
      -0.9060938358306885,
      0.026731282472610474,
      -0.42223143577575684,
      0.029686808586120605,
      0.9995591640472412,
      -0.00042513012886047363
    ],
    "gravity" : [
      -0.029686782509088516,
      -0.9995591640472412,
      0.00042510678758844733
    ],
    "userAcceleration" : [
      -0.011862896382808685,
      -8.982419967651367e-05,
      -0.004667162895202637
    ],
    "timestamp" : 1251322352044
  },
  {
    "rotationMatrix" : [
      0.4231826066970825,
      -0.010365962982177734,
      -0.9059850573539734,
      -0.9055373668670654,
      0.02860802412033081,
      -0.42330071330070496,
      0.03030627965927124,
      0.9995368719100952,
      0.002719700336456299
    ],
    "gravity" : [
      -0.030306272208690643,
      -0.9995368719100952,
      -0.002719705458730459
    ],
    "userAcceleration" : [
      -0.020810676738619804,
      0.005289554595947266,
      -0.018184959888458252
    ],
    "timestamp" : 1251322362098
  },
  {
    "rotationMatrix" : [
      0.4243311285972595,
      -0.007766038179397583,
      -0.9054737091064453,
      -0.9049855470657349,
      0.030293375253677368,
      -0.42436206340789795,
      0.030725300312042236,
      0.9995107650756836,
      0.005826383829116821
    ],
    "gravity" : [
      -0.030725298449397087,
      -0.9995107054710388,
      -0.005826366133987904
    ],
    "userAcceleration" : [
      -0.023443417623639107,
      0.009947896003723145,
      -0.031115233898162842
    ],
    "timestamp" : 1251322372153
  },
  {
    "rotationMatrix" : [
      0.425505131483078,
      -0.005160897970199585,
      -0.904941201210022,
      -0.9044274091720581,
      0.031745970249176025,
      -0.42544448375701904,
      0.030923813581466675,
      0.9994825124740601,
      0.008840471506118774
    ],
    "gravity" : [
      -0.030923806130886078,
      -0.9994825720787048,
      -0.008840486407279968
    ],
    "userAcceleration" : [
      -0.020483072847127914,
      0.008805811405181885,
      -0.04195612668991089
    ],
    "timestamp" : 1251322382208
  },
  {
    "rotationMatrix" : [
      0.42696496844291687,
      -0.002565443515777588,
      -0.9042643904685974,
      -0.903739333152771,
      0.032979488372802734,
      -0.4268103837966919,
      0.030916929244995117,
      0.9994524717330933,
      0.01176270842552185
    ],
    "gravity" : [
      -0.030916908755898476,
      -0.9994524717330933,
      -0.01176273450255394
    ],
    "userAcceleration" : [
      -0.012326503172516823,
      0.004533946514129639,
      -0.04742622375488281
    ],
    "timestamp" : 1251322392263
  },
  {
    "rotationMatrix" : [
      0.4284641742706299,
      -4.220008850097656e-05,
      -0.9035588502883911,
      -0.9030333161354065,
      0.034080177545547485,
      -0.4282166361808777,
      0.030811578035354614,
      0.9994191527366638,
      0.01456400752067566
    ],
    "gravity" : [
      -0.030811555683612823,
      -0.9994191527366638,
      -0.014563998207449913
    ],
    "userAcceleration" : [
      0.0024302005767822266,
      0.00048726797103881836,
      -0.053917527198791504
    ],
    "timestamp" : 1251322402317
  },
  {
    "rotationMatrix" : [
      0.4300380051136017,
      0.0023363828659057617,
      -0.9028076529502869,
      -0.9022897481918335,
      0.03507798910140991,
      -0.42970043420791626,
      0.03066462278366089,
      0.9993817210197449,
      0.01719304919242859
    ],
    "gravity" : [
      -0.030664624646306038,
      -0.9993817210197449,
      -0.017193062230944633
    ],
    "userAcceleration" : [
      0.012552427127957344,
      0.005378603935241699,
      -0.061435580253601074
    ],
    "timestamp" : 1251322412372
  },
  {
    "rotationMatrix" : [
      0.4314557909965515,
      0.004564493894577026,
      -0.9021225571632385,
      -0.9016190767288208,
      0.03596648573875427,
      -0.43103307485580444,
      0.030478715896606445,
      0.9993426203727722,
      0.019633382558822632
    ],
    "gravity" : [
      -0.03047873266041279,
      -0.9993426203727722,
      -0.01963336579501629
    ],
    "userAcceleration" : [
      0.010718578472733498,
      0.006407380104064941,
      -0.0671740174293518
    ],
    "timestamp" : 1251322422427
  },
  {
    "rotationMatrix" : [
      0.4327431321144104,
      0.006562739610671997,
      -0.9014933705329895,
      -0.9010096788406372,
      0.03670036792755127,
      -0.4322437345981598,
      0.030248403549194336,
      0.9993047714233398,
      0.02179497480392456
    ],
    "gravity" : [
      -0.030248388648033142,
      -0.9993047118186951,
      -0.02179492637515068
    ],
    "userAcceleration" : [
      0.006124237552285194,
      0.006079733371734619,
      -0.07541888952255249
    ],
    "timestamp" : 1251322432482
  },
  {
    "rotationMatrix" : [
      0.43381306529045105,
      0.00828242301940918,
      -0.9009647369384766,
      -0.9005044102668762,
      0.03724026679992676,
      -0.43324896693229675,
      0.029963701963424683,
      0.9992718696594238,
      0.023613780736923218
    ],
    "gravity" : [
      -0.029963677749037743,
      -0.9992718696594238,
      -0.023613790050148964
    ],
    "userAcceleration" : [
      -0.00018769130110740662,
      0.010288894176483154,
      -0.08003926277160645
    ],
    "timestamp" : 1251322442536
  },
  {
    "rotationMatrix" : [
      0.43460988998413086,
      0.009683996438980103,
      -0.9005667567253113,
      -0.9001307487487793,
      0.03758677840232849,
      -0.4339952766895294,
      0.029646575450897217,
      0.9992464780807495,
      0.02505245804786682
    ],
    "gravity" : [
      -0.029646584764122963,
      -0.9992464184761047,
      -0.025052456185221672
    ],
    "userAcceleration" : [
      -0.005921658128499985,
      0.013299763202667236,
      -0.08343762159347534
    ],
    "timestamp" : 1251322452591
  },
  {
    "rotationMatrix" : [
      0.43527087569236755,
      0.010763704776763916,
      -0.9002350568771362,
      -0.8998222351074219,
      0.037752360105514526,
      -0.4346196949481964,
      0.02930772304534912,
      0.9992289543151855,
      0.026118040084838867
    ],
    "gravity" : [
      -0.02930769883096218,
      -0.9992289543151855,
      -0.026118071749806404
    ],
    "userAcceleration" : [
      -0.009541170671582222,
      0.016776740550994873,
      -0.08548480272293091
    ],
    "timestamp" : 1251322462646
  },
  {
    "rotationMatrix" : [
      0.43579909205436707,
      0.01151132583618164,
      -0.899970293045044,
      -0.8995771408081055,
      0.03777128458023071,
      -0.435125470161438,
      0.028984099626541138,
      0.9992200136184692,
      0.02681604027748108
    ],
    "gravity" : [
      -0.028984099626541138,
      -0.999220073223114,
      -0.026816006749868393
    ],
    "userAcceleration" : [
      -0.011741625145077705,
      0.025419533252716064,
      -0.08213180303573608
    ],
    "timestamp" : 1251322472701
  },
  {
    "rotationMatrix" : [
      0.4362087845802307,
      0.011976182460784912,
      -0.8997657299041748,
      -0.8993876576423645,
      0.037691324949264526,
      -0.43552371859550476,
      0.028697341680526733,
      0.9992175102233887,
      0.027212589979171753
    ],
    "gravity" : [
      -0.028697367757558823,
      -0.9992175698280334,
      -0.027212580665946007
    ],
    "userAcceleration" : [
      -0.019947655498981476,
      0.029430091381072998,
      -0.07746285200119019
    ],
    "timestamp" : 1251322482756
  },
  {
    "rotationMatrix" : [
      0.43651464581489563,
      0.012214839458465576,
      -0.8996142148971558,
      -0.8992483615875244,
      0.037501513957977295,
      -0.4358278214931488,
      0.028413206338882446,
      0.9992218017578125,
      0.02735421061515808
    ],
    "gravity" : [
      -0.02841319888830185,
      -0.9992218017578125,
      -0.02735418826341629
    ],
    "userAcceleration" : [
      -0.029814349487423897,
      0.030685603618621826,
      -0.07252997159957886
    ],
    "timestamp" : 1251322492810
  },
  {
    "rotationMatrix" : [
      0.43672892451286316,
      0.012290149927139282,
      -0.8995091915130615,
      -0.8991528749465942,
      0.0372450053691864,
      -0.4360469877719879,
      0.02814313769340515,
      0.9992306232452393,
      0.027316689491271973
    ],
    "gravity" : [
      -0.028143158182501793,
      -0.9992306232452393,
      -0.02731666900217533
    ],
    "userAcceleration" : [
      -0.034112706780433655,
      0.029793918132781982,
      -0.06550264358520508
    ],
    "timestamp" : 1251322502865
  },
  {
    "rotationMatrix" : [
      0.43701884150505066,
      0.012317389249801636,
      -0.8993679285049438,
      -0.8990203142166138,
      0.03696829080581665,
      -0.43634358048439026,
      0.02787342667579651,
      0.999240517616272,
      0.02722945809364319
    ],
    "gravity" : [
      -0.027873432263731956,
      -0.9992404580116272,
      -0.027229487895965576
    ],
    "userAcceleration" : [
      -0.03439769893884659,
      0.026095986366271973,
      -0.054023683071136475
    ],
    "timestamp" : 1251322512920
  },
  {
    "rotationMatrix" : [
      0.4376640021800995,
      0.012448430061340332,
      -0.8990523815155029,
      -0.8987143635749817,
      0.03676885366439819,
      -0.436990350484848,
      0.027617305517196655,
      0.9992462396621704,
      0.02728000283241272
    ],
    "gravity" : [
      -0.02761729061603546,
      -0.9992462396621704,
      -0.027280034497380257
    ],
    "userAcceleration" : [
      -0.03099173493683338,
      0.02327883243560791,
      -0.039965514093637466
    ],
    "timestamp" : 1251322522975
  },
  {
    "rotationMatrix" : [
      0.4386603832244873,
      0.01279228925704956,
      -0.8985617160797119,
      -0.8982333540916443,
      0.036787956953048706,
      -0.4379761815071106,
      0.02745339274406433,
      0.999241054058075,
      0.02762797474861145
    ],
    "gravity" : [
      -0.027453364804387093,
      -0.9992409944534302,
      -0.02762800268828869
    ],
    "userAcceleration" : [
      -0.027218878269195557,
      0.018635153770446777,
      -0.027074869722127914
    ],
    "timestamp" : 1251322533029
  },
  {
    "rotationMatrix" : [
      0.43986690044403076,
      0.01340445876121521,
      -0.8979629278182983,
      -0.89764404296875,
      0.03709849715232849,
      -0.4391568899154663,
      0.02742636203765869,
      0.999221682548523,
      0.028350859880447388
    ],
    "gravity" : [
      -0.02742636203765869,
      -0.999221682548523,
      -0.02835087478160858
    ],
    "userAcceleration" : [
      -0.022683516144752502,
      0.016036927700042725,
      -0.01611328125
    ],
    "timestamp" : 1251322543084
  },
  {
    "rotationMatrix" : [
      0.44108667969703674,
      0.014225900173187256,
      -0.8973516225814819,
      -0.8970397114753723,
      0.03774428367614746,
      -0.4403347671031952,
      0.02760559320449829,
      0.9991859197616577,
      0.029409795999526978
    ],
    "gravity" : [
      -0.02760555036365986,
      -0.9991859793663025,
      -0.029409825801849365
    ],
    "userAcceleration" : [
      -0.017636774107813835,
      0.015314757823944092,
      -0.008691484108567238
    ],
    "timestamp" : 1251322553139
  },
  {
    "rotationMatrix" : [
      0.44220924377441406,
      0.015215963125228882,
      -0.8967827558517456,
      -0.8964744806289673,
      0.03872010111808777,
      -0.44140005111694336,
      0.028007030487060547,
      0.9991340637207031,
      0.030763179063796997
    ],
    "gravity" : [
      -0.028007058426737785,
      -0.9991341233253479,
      -0.030763179063796997
    ],
    "userAcceleration" : [
      -0.022545307874679565,
      0.010791957378387451,
      -0.003264008089900017
    ],
    "timestamp" : 1251322563194
  },
  {
    "rotationMatrix" : [
      0.4432327449321747,
      0.016365885734558105,
      -0.8962571620941162,
      -0.895951509475708,
      0.03994283080101013,
      -0.4423522353172302,
      0.028559595346450806,
      0.9990679621696472,
      0.03236699104309082
    ],
    "gravity" : [
      -0.028559569269418716,
      -0.9990679621696472,
      -0.03236699104309082
    ],
    "userAcceleration" : [
      -0.03339114040136337,
      0.009153962135314941,
      -0.0027282871305942535
    ],
    "timestamp" : 1251322573249
  },
  {
    "rotationMatrix" : [
      0.44423744082450867,
      0.017642498016357422,
      -0.8957353830337524,
      -0.8954331874847412,
      0.041329383850097656,
      -0.44327354431152344,
      0.0291997492313385,
      0.9989898204803467,
      0.03415772318840027
    ],
    "gravity" : [
      -0.029199747368693352,
      -0.9989898800849915,
      -0.034157704561948776
    ],
    "userAcceleration" : [
      -0.04135691374540329,
      0.0037505626678466797,
      -0.008414391428232193
    ],
    "timestamp" : 1251322583303
  },
  {
    "rotationMatrix" : [
      0.4453449547290802,
      0.01904284954071045,
      -0.8951566219329834,
      -0.8948609828948975,
      0.04281121492385864,
      -0.44428718090057373,
      0.029862254858016968,
      0.9989017248153687,
      0.03610643744468689
    ],
    "gravity" : [
      -0.02986227348446846,
      -0.9989017248153687,
      -0.03610638156533241
    ],
    "userAcceleration" : [
      -0.04844585433602333,
      0.0007632970809936523,
      -0.013850990682840347
    ],
    "timestamp" : 1251322593358
  },
  {
    "rotationMatrix" : [
      0.44654610753059387,
      0.020566880702972412,
      -0.8945242166519165,
      -0.8942413330078125,
      0.04431319236755371,
      -0.44538602232933044,
      0.030479013919830322,
      0.9988058805465698,
      0.0381796658039093
    ],
    "gravity" : [
      -0.030479002743959427,
      -0.9988059997558594,
      -0.038179606199264526
    ],
    "userAcceleration" : [
      -0.05365798622369766,
      -0.0026587843894958496,
      -0.022962510585784912
    ],
    "timestamp" : 1251322603413
  },
  {
    "rotationMatrix" : [
      0.44795987010002136,
      0.02218395471572876,
      -0.893778383731842,
      -0.8935144543647766,
      0.04582250118255615,
      -0.44669023156166077,
      0.031045734882354736,
      0.9987032413482666,
      0.04034838080406189
    ],
    "gravity" : [
      -0.03104572929441929,
      -0.9987031817436218,
      -0.04034833982586861
    ],
    "userAcceleration" : [
      -0.05451029911637306,
      -0.003905951976776123,
      -0.02781277894973755
    ],
    "timestamp" : 1251322613468
  },
  {
    "rotationMatrix" : [
      0.44951143860816956,
      0.02384352684020996,
      -0.8929563164710999,
      -0.8927160501480103,
      0.04733544588088989,
      -0.4481266140937805,
      0.03158360719680786,
      0.9985944628715515,
      0.042563289403915405
    ],
    "gravity" : [
      -0.03158361837267876,
      -0.9985944032669067,
      -0.042563337832689285
    ],
    "userAcceleration" : [
      -0.051546286791563034,
      -0.0013903379440307617,
      -0.02970236912369728
    ],
    "timestamp" : 1251322623523
  },
  {
    "rotationMatrix" : [
      0.4511646330356598,
      0.025574713945388794,
      -0.8920741677284241,
      -0.8918644189834595,
      0.04883819818496704,
      -0.4496583640575409,
      0.03206735849380493,
      0.9984791278839111,
      0.04484328627586365
    ],
    "gravity" : [
      -0.03206734359264374,
      -0.9984791278839111,
      -0.04484330490231514
    ],
    "userAcceleration" : [
      -0.054434746503829956,
      -0.0025430917739868164,
      -0.02995532751083374
    ],
    "timestamp" : 1251322633577
  },
  {
    "rotationMatrix" : [
      0.4530186057090759,
      0.02737528085708618,
      -0.8910805583000183,
      -0.8909084796905518,
      0.05033671855926514,
      -0.451384574174881,
      0.03249716758728027,
      0.9983569383621216,
      0.047192394733428955
    ],
    "gravity" : [
      -0.03249717503786087,
      -0.9983569383621216,
      -0.04719240590929985
    ],
    "userAcceleration" : [
      -0.05734658241271973,
      -0.006235837936401367,
      -0.03279423341155052
    ],
    "timestamp" : 1251322643632
  },
  {
    "rotationMatrix" : [
      0.4548068344593048,
      0.02925056219100952,
      -0.8901095390319824,
      -0.8899857401847839,
      0.051738470792770386,
      -0.4530431926250458,
      0.03280100226402283,
      0.9982320070266724,
      0.049563705921173096
    ],
    "gravity" : [
      -0.03280099108815193,
      -0.9982320070266724,
      -0.04956373944878578
    ],
    "userAcceleration" : [
      -0.06508414447307587,
      -0.005460381507873535,
      -0.04000543802976608
    ],
    "timestamp" : 1251322653687
  },
  {
    "rotationMatrix" : [
      0.4567117989063263,
      0.031184464693069458,
      -0.8890678882598877,
      -0.889007568359375,
      0.05291423201560974,
      -0.4548247158527374,
      0.032860785722732544,
      0.9981119632720947,
      0.05188983678817749
    ],
    "gravity" : [
      -0.03286079317331314,
      -0.99811190366745,
      -0.05188983678817749
    ],
    "userAcceleration" : [
      -0.07802483439445496,
      -0.008220374584197998,
      -0.043248772621154785
    ],
    "timestamp" : 1251322663742
  },
  {
    "rotationMatrix" : [
      0.4588753283023834,
      0.033165544271469116,
      -0.8878812789916992,
      -0.887902021408081,
      0.05379101634025574,
      -0.45687660574913025,
      0.03260734677314758,
      0.9980010986328125,
      0.05413120985031128
    ],
    "gravity" : [
      -0.03260733187198639,
      -0.9980010986328125,
      -0.05413123965263367
    ],
    "userAcceleration" : [
      -0.0796515941619873,
      -0.010848760604858398,
      -0.0434487983584404
    ],
    "timestamp" : 1251322673796
  },
  {
    "rotationMatrix" : [
      0.4611998200416565,
      0.03517720103263855,
      -0.8865987062454224,
      -0.8867168426513672,
      0.054376572370529175,
      -0.45910370349884033,
      0.03206014633178711,
      0.9979006052017212,
      0.05627068877220154
    ],
    "gravity" : [
      -0.0320601761341095,
      -0.9979006052017212,
      -0.05627066642045975
    ],
    "userAcceleration" : [
      -0.0674424022436142,
      -0.011117219924926758,
      -0.0397225022315979
    ],
    "timestamp" : 1251322683851
  },
  {
    "rotationMatrix" : [
      0.4637147784233093,
      0.037175655364990234,
      -0.8852042555809021,
      -0.885430097579956,
      0.054785579442977905,
      -0.4615322947502136,
      0.031338632106781006,
      0.9978058934211731,
      0.05832132697105408
    ],
    "gravity" : [
      -0.03133867308497429,
      -0.9978058338165283,
      -0.05832131952047348
    ],
    "userAcceleration" : [
      -0.046450644731521606,
      -0.009136855602264404,
      -0.036191701889038086
    ],
    "timestamp" : 1251322693906
  },
  {
    "rotationMatrix" : [
      0.46620315313339233,
      0.03916236758232117,
      -0.8838104605674744,
      -0.8841493129730225,
      0.0551474392414093,
      -0.46393829584121704,
      0.03057098388671875,
      0.9977099299430847,
      0.06033530831336975
    ],
    "gravity" : [
      -0.03057095967233181,
      -0.9977099299430847,
      -0.06033529341220856
    ],
    "userAcceleration" : [
      -0.02988436445593834,
      -0.006013154983520508,
      -0.03132432699203491
    ],
    "timestamp" : 1251322703961
  },
  {
    "rotationMatrix" : [
      0.46871301531791687,
      0.04116612672805786,
      -0.8823906779289246,
      -0.8828474283218384,
      0.05553621053695679,
      -0.4663645625114441,
      0.029806077480316162,
      0.9976075291633606,
      0.06237402558326721
    ],
    "gravity" : [
      -0.029806094244122505,
      -0.9976075291633606,
      -0.06237402185797691
    ],
    "userAcceleration" : [
      -0.019891783595085144,
      -0.004604816436767578,
      -0.023624595254659653
    ],
    "timestamp" : 1251322714015
  },
  {
    "rotationMatrix" : [
      0.4712025821208954,
      0.04319876432418823,
      -0.8809664249420166,
      -0.8815453052520752,
      0.05600115656852722,
      -0.46876609325408936,
      0.029085010290145874,
      0.9974956512451172,
      0.06446957588195801
    ],
    "gravity" : [
      -0.02908499166369438,
      -0.9974956512451172,
      -0.06446961313486099
    ],
    "userAcceleration" : [
      -0.016721900552511215,
      -0.0038470029830932617,
      -0.020613431930541992
    ],
    "timestamp" : 1251322724070
  },
  {
    "rotationMatrix" : [
      0.47368571162223816,
      0.04529088735580444,
      -0.8795286417007446,
      -0.8802361488342285,
      0.05654457211494446,
      -0.471155047416687,
      0.028393536806106567,
      0.9973722696304321,
      0.06665104627609253
    ],
    "gravity" : [
      -0.028393562883138657,
      -0.9973722696304321,
      -0.06665106862783432
    ],
    "userAcceleration" : [
      -0.017901629209518433,
      -0.0017121434211730957,
      -0.024123549461364746
    ],
    "timestamp" : 1251322734125
  },
  {
    "rotationMatrix" : [
      0.4763029217720032,
      0.047430068254470825,
      -0.8780009746551514,
      -0.8788446187973022,
      0.057140231132507324,
      -0.4736737012863159,
      0.027702659368515015,
      0.9972387552261353,
      0.06889981031417847
    ],
    "gravity" : [
      -0.02770267426967621,
      -0.9972386956214905,
      -0.06889981031417847
    ],
    "userAcceleration" : [
      -0.024177221581339836,
      0.0003669857978820801,
      -0.02851235121488571
    ],
    "timestamp" : 1251322744180
  },
  {
    "rotationMatrix" : [
      0.47905027866363525,
      0.04957267642021179,
      -0.8763865828514099,
      -0.8773730993270874,
      0.05771744251251221,
      -0.47632476687431335,
      0.02697014808654785,
      0.9971014261245728,
      0.0711432695388794
    ],
    "gravity" : [
      -0.026970116421580315,
      -0.9971014857292175,
      -0.07114329189062119
    ],
    "userAcceleration" : [
      -0.026878155767917633,
      0.0005041360855102539,
      -0.03437132388353348
    ],
    "timestamp" : 1251322754235
  },
  {
    "rotationMatrix" : [
      0.4819483757019043,
      0.05163222551345825,
      -0.8746769428253174,
      -0.8758097290992737,
      0.058161407709121704,
      -0.47913914918899536,
      0.02613326907157898,
      0.9969709515571594,
      0.07325085997581482
    ],
    "gravity" : [
      -0.026133280247449875,
      -0.9969709515571594,
      -0.07325088232755661
    ],
    "userAcceleration" : [
      -0.024968411773443222,
      0.00011444091796875,
      -0.03836720436811447
    ],
    "timestamp" : 1251322764289
  },
  {
    "rotationMatrix" : [
      0.4850327968597412,
      0.05349862575531006,
      -0.8728578686714172,
      -0.8741323351860046,
      0.05843648314476013,
      -0.48215916752815247,
      0.025211691856384277,
      0.9968564510345459,
      0.07510857284069061
    ],
    "gravity" : [
      -0.025211723521351814,
      -0.9968564510345459,
      -0.07510855048894882
    ],
    "userAcceleration" : [
      -0.02042732760310173,
      0.0018767714500427246,
      -0.03895097225904465
    ],
    "timestamp" : 1251322774344
  },
  {
    "rotationMatrix" : [
      0.48806241154670715,
      0.05512705445289612,
      -0.8710660934448242,
      -0.8724707365036011,
      0.05858433246612549,
      -0.48514193296432495,
      0.024286478757858276,
      0.9967592358589172,
      0.07668951153755188
    ],
    "gravity" : [
      -0.024286452680826187,
      -0.9967592358589172,
      -0.07668957114219666
    ],
