[
  {
    "rotationMatrix" : [
      0.02776867151260376,
      0.566594660282135,
      -0.8235284090042114,
      -0.9995428919792175,
      0.025578588247299194,
      -0.016105353832244873,
      0.011939376592636108,
      0.8235993981361389,
      0.5670461654663086
    ],
    "timestamp" : 1251291886166,
    "gravity" : [
      -0.011939368210732937,
      -0.8235993385314941,
      -0.5670462250709534
    ],
    "userAcceleration" : [
      0.10520107299089432,
      0.02124655246734619,
      0.0019064545631408691
    ]
  },
  {
    "rotationMatrix" : [
      0.03053659200668335,
      0.5664131045341492,
      -0.8235554695129395,
      -0.9994505047798157,
      0.027927443385124207,
      -0.017851054668426514,
      0.012888699769973755,
      0.8236480951309204,
      0.5669547319412231
    ],
    "timestamp" : 1251291896220,
    "gravity" : [
      -0.01288870070129633,
      -0.8236480951309204,
      -0.5669547319412231
    ],
    "userAcceleration" : [
      0.08754995465278625,
      0.02503371238708496,
      -0.01821988821029663
    ]
  },
  {
    "rotationMatrix" : [
      0.034542515873909,
      0.5661764740943909,
      -0.8235599994659424,
      -0.9993143677711487,
      0.03055623173713684,
      -0.02090752124786377,
      0.01332750916481018,
      0.8237175345420837,
      0.5668437480926514
    ],
    "timestamp" : 1251291906275,
    "gravity" : [
      -0.01332754548639059,
      -0.8237175345420837,
      -0.5668437480926514
    ],
    "userAcceleration" : [
      0.07671254128217697,
      0.020601749420166016,
      -0.023671507835388184
    ]
  },
  {
    "rotationMatrix" : [
      0.039038076996803284,
      0.5660289525985718,
      -0.8234603404998779,
      -0.9991481304168701,
      0.03313687443733215,
      -0.02458930015563965,
      0.01336851716041565,
      0.8237189650535583,
      0.5668405890464783
    ],
    "timestamp" : 1251291916330,
    "gravity" : [
      -0.013368532992899418,
      -0.8237189650535583,
      -0.5668405294418335
    ],
    "userAcceleration" : [
      0.045030511915683746,
      0.0151863694190979,
      0.0049204230308532715
    ]
  },
  {
    "rotationMatrix" : [
      0.043141961097717285,
      0.5660713315010071,
      -0.8232264518737793,
      -0.998982846736908,
      0.035248786211013794,
      -0.02811458706855774,
      0.013102740049362183,
      0.8236020803451538,
      0.5670164823532104
    ],
    "timestamp" : 1251291926384,
    "gravity" : [
      -0.013102718628942966,
      -0.8236021399497986,
      -0.5670165419578552
    ],
    "userAcceleration" : [
      0.009104900062084198,
      0.012109339237213135,
      0.037399232387542725
    ]
  },
  {
    "rotationMatrix" : [
      0.04632987082004547,
      0.5662819743156433,
      -0.8229084014892578,
      -0.9988439679145813,
      0.036830320954322815,
      -0.03089037537574768,
      0.012815266847610474,
      0.8233882188796997,
      0.5673336982727051
    ],
    "timestamp" : 1251291936439,
    "gravity" : [
      -0.012815282680094242,
      -0.8233882784843445,
      -0.5673336982727051
    ],
    "userAcceleration" : [
      -0.0013143690302968025,
      0.002770662307739258,
      0.05965852737426758
    ]
  },
  {
    "rotationMatrix" : [
      0.04792025685310364,
      0.566551685333252,
      -0.8226317167282104,
      -0.998769998550415,
      0.03767658770084381,
      -0.032232582569122314,
      0.012732475996017456,
      0.8231644630432129,
      0.5676602721214294
    ],
    "timestamp" : 1251291946494,
    "gravity" : [
      -0.012732487171888351,
      -0.8231644630432129,
      -0.5676602721214294
    ],
    "userAcceleration" : [
      0.00723931472748518,
      -0.001100003719329834,
      0.06946074962615967
    ]
  },
  {
    "rotationMatrix" : [
      0.048124223947525024,
      0.5668197870254517,
      -0.8224347829818726,
      -0.9987576007843018,
      0.03795497119426727,
      -0.03228303790092468,
      0.012916624546051025,
      0.8229668140411377,
      0.5679424405097961
    ],
    "timestamp" : 1251291956548,
    "gravity" : [
      -0.0129166254773736,
      -0.8229668140411377,
      -0.5679424405097961
    ],
    "userAcceleration" : [
      0.01836399734020233,
      0.003402113914489746,
      0.06371575593948364
    ]
  },
  {
    "rotationMatrix" : [
      0.047330379486083984,
      0.5670411586761475,
      -0.8223284482955933,
      -0.9987910985946655,
      0.03780239820480347,
      -0.03142008185386658,
      0.01326945424079895,
      0.8228214979171753,
      0.5681449770927429
    ],
    "timestamp" : 1251291966603,
    "gravity" : [
      -0.013269458897411823,
      -0.8228214979171753,
      -0.5681449770927429
    ],
    "userAcceleration" : [
      0.027551673352718353,
      0.010764062404632568,
      0.047072529792785645
    ]
  },
  {
    "rotationMatrix" : [
      0.04595044255256653,
      0.5671436786651611,
      -0.822335958480835,
      -0.9988503456115723,
      0.03733307123184204,
      -0.030065953731536865,
      0.01364848017692566,
      0.8227721452713013,
      0.5682073831558228
    ],
    "timestamp" : 1251291976658,
    "gravity" : [
      -0.013648463413119316,
      -0.8227721452713013,
      -0.568207323551178
    ],
    "userAcceleration" : [
      0.042762212455272675,
      0.01930546760559082,
      0.025543808937072754
    ]
  },
  {
    "rotationMatrix" : [
      0.04475004971027374,
      0.5670570135116577,
      -0.8224617838859558,
      -0.9989020824432373,
      0.03680688142776489,
      -0.028973102569580078,
      0.013842761516571045,
      0.822855532169342,
      0.5680818557739258
    ],
    "timestamp" : 1251291986712,
    "gravity" : [
      -0.013842754997313023,
      -0.822855532169342,
      -0.5680818557739258
    ],
    "userAcceleration" : [
      0.05971064791083336,
      0.026819884777069092,
      0.007840216159820557
    ]
  },
  {
    "rotationMatrix" : [
      0.043811991810798645,
      0.5667102336883545,
      -0.8227514028549194,
      -0.9989445209503174,
      0.03621681034564972,
      -0.028248250484466553,
      0.013788819313049316,
      0.823120653629303,
      0.5676989555358887
    ],
    "timestamp" : 1251291996767,
    "gravity" : [
      -0.013788809068500996,
      -0.8231207132339478,
      -0.5676989555358887
    ],
    "userAcceleration" : [
      0.07081089913845062,
      0.03039616346359253,
      -0.003864765167236328
    ]
  },
  {
    "rotationMatrix" : [
      0.043574437499046326,
      0.5661209225654602,
      -0.8231695890426636,
      -0.9989596009254456,
      0.03578026592731476,
      -0.028272569179534912,
      0.013447463512420654,
      0.8235452175140381,
      0.567091166973114
    ],
    "timestamp" : 1251292006822,
    "gravity" : [
      -0.013447476550936699,
      -0.8235452175140381,
      -0.567091166973114
    ],
    "userAcceleration" : [
      0.07236164063215256,
      0.02956944704055786,
      -0.008195757865905762
    ]
  },
  {
    "rotationMatrix" : [
      0.04366700351238251,
      0.5654414296150208,
      -0.8236315250396729,
      -0.9989623427391052,
      0.035380005836486816,
      -0.028673380613327026,
      0.012926846742630005,
      0.8240290880203247,
      0.566399872303009
    ],
    "timestamp" : 1251292016876,
    "gravity" : [
      -0.012926837429404259,
      -0.8240290880203247,
      -0.566399872303009
    ],
    "userAcceleration" : [
      0.06172442436218262,
      0.021706819534301758,
      0.002694368362426758
    ]
  },
  {
    "rotationMatrix" : [
      0.043441519141197205,
      0.5648714303970337,
      -0.824034571647644,
      -0.9989787340164185,
      0.03481288254261017,
      -0.028800129890441895,
      0.012418568134307861,
      0.8244441747665405,
      0.5658069252967834
    ],
    "timestamp" : 1251292026931,
    "gravity" : [
      -0.012418575584888458,
      -0.8244441747665405,
      -0.5658069252967834
    ],
    "userAcceleration" : [
      0.04548434540629387,
      0.015057086944580078,
      0.020534038543701172
    ]
  },
  {
    "rotationMatrix" : [
      0.04254484176635742,
      0.5645955204963684,
      -0.8242703676223755,
      -0.9990230202674866,
      0.03390958905220032,
      -0.028337866067886353,
      0.011951237916946411,
      0.8246707916259766,
      0.5654866695404053
    ],
    "timestamp" : 1251292036986,
    "gravity" : [
      -0.011951216496527195,
      -0.8246707916259766,
      -0.5654866695404053
    ],
    "userAcceleration" : [
      0.025073746219277382,
      0.0018101930618286133,
      0.03812766075134277
    ]
  },
  {
    "rotationMatrix" : [
      0.04093015193939209,
      0.5647791028022766,
      -0.8242263793945312,
      -0.9990969300270081,
      0.03254470229148865,
      -0.027313590049743652,
      0.011397987604141235,
      0.824600100517273,
      0.5656012296676636
    ],
    "timestamp" : 1251292047040,
    "gravity" : [
      -0.011398009955883026,
      -0.824600100517273,
      -0.5656012296676636
    ],
    "userAcceleration" : [
      0.009032883681356907,
      -0.011535704135894775,
      0.0481756329536438
    ]
  },
  {
    "rotationMatrix" : [
      0.03850850462913513,
      0.565394401550293,
      -0.8239210844039917,
      -0.9992008209228516,
      0.03061516582965851,
      -0.02569180727005005,
      0.0106983482837677,
      0.8242521286010742,
      0.5661217570304871
    ],
    "timestamp" : 1251292057095,
    "gravity" : [
      -0.010698343627154827,
      -0.8242521286010742,
      -0.5661217570304871
    ],
    "userAcceleration" : [
      0.0018635038286447525,
      -0.01809394359588623,
      0.041204094886779785
    ]
  },
  {
    "rotationMatrix" : [
      0.035674214363098145,
      0.5663061141967773,
      -0.8234225511550903,
      -0.999314546585083,
      0.028369590640068054,
      -0.023783504962921143,
      0.009891420602798462,
      0.8237066268920898,
      0.5669299960136414
    ],
    "timestamp" : 1251292067150,
    "gravity" : [
      -0.009891395457088947,
      -0.8237066268920898,
      -0.5669299364089966
    ],
    "userAcceleration" : [
      0.0025061341002583504,
      -0.01946347951889038,
      0.020772099494934082
    ]
  },
  {
    "rotationMatrix" : [
      0.03256197273731232,
      0.5673331022262573,
      -0.8228440880775452,
      -0.9994287490844727,
      0.02591252326965332,
      -0.02168363332748413,
      0.009019970893859863,
      0.82308030128479,
      0.5678531527519226
    ],
    "timestamp" : 1251292077204,
    "gravity" : [
      -0.009019950404763222,
      -0.82308030128479,
      -0.5678531527519226
    ],
    "userAcceleration" : [
      0.003221604973077774,
      -0.015771448612213135,
      0.0024082064628601074
    ]
  },
  {
    "rotationMatrix" : [
      0.02926918864250183,
      0.5682550072669983,
      -0.8223316669464111,
      -0.9995389580726624,
      0.023274749517440796,
      -0.019492924213409424,
      0.008062481880187988,
      0.8225231766700745,
      0.5686743855476379
    ],
    "timestamp" : 1251292087259,
    "gravity" : [
      -0.008062515407800674,
      -0.8225231766700745,
      -0.5686743855476379
    ],
    "userAcceleration" : [
      0.004995470866560936,
      -0.010682940483093262,
      -0.016469717025756836
    ]
  },
  {
    "rotationMatrix" : [
      0.02602410316467285,
      0.5688360929489136,
      -0.8220388889312744,
      -0.9996358156204224,
      0.020669996738433838,
      -0.01734316349029541,
      0.007126063108444214,
      0.8221909403800964,
      0.5691670775413513
    ],
    "timestamp" : 1251292097314,
    "gravity" : [
      -0.007126058451831341,
      -0.8221909403800964,
      -0.5691670775413513
    ],
    "userAcceleration" : [
      0.0057680243626236916,
      -0.007810771465301514,
      -0.03399765491485596
    ]
  },
  {
    "rotationMatrix" : [
      0.022825226187705994,
      0.568891704082489,
      -0.8220956325531006,
      -0.9997192025184631,
      0.01822371780872345,
      -0.015146017074584961,
      0.006365180015563965,
      0.8222105503082275,
      0.5691478848457336
    ],
    "timestamp" : 1251292107368,
    "gravity" : [
      -0.006365200038999319,
      -0.8222105503082275,
      -0.5691478848457336
    ],
    "userAcceleration" : [
      0.002138514071702957,
      -0.008477866649627686,
      -0.04991650581359863
    ]
  },
  {
    "rotationMatrix" : [
      0.019665732979774475,
      0.5683130621910095,
      -0.8225771188735962,
      -0.9997901320457458,
      0.01587463915348053,
      -0.012934654951095581,
      0.0057070255279541016,
      0.8226590156555176,
      0.5685062408447266
    ],
    "timestamp" : 1251292117423,
    "gravity" : [
      -0.0057070194743573666,
      -0.8226590156555176,
      -0.5685062408447266
    ],
    "userAcceleration" : [
      -0.007888569496572018,
      -0.014514267444610596,
      -0.06403154134750366
    ]
  },
  {
    "rotationMatrix" : [
      0.01649916172027588,
      0.5670504570007324,
      -0.8235175609588623,
      -0.9998515844345093,
      0.013412922620773315,
      -0.010796159505844116,
      0.00492367148399353,
      0.8235735893249512,
      0.5671879053115845
    ],
    "timestamp" : 1251292127478,
    "gravity" : [
      -0.004923680797219276,
      -0.823573648929596,
      -0.5671878457069397
    ],
    "userAcceleration" : [
      -0.018193397670984268,
      -0.025120139122009277,
      -0.0710720419883728
    ]
  },
  {
    "rotationMatrix" : [
      0.013512268662452698,
      0.5651773810386658,
      -0.8248586654663086,
      -0.9999006390571594,
      0.010936528444290161,
      -0.008886128664016724,
      0.003998786211013794,
      0.8248968124389648,
      0.5652691721916199
    ],
    "timestamp" : 1251292137532,
    "gravity" : [
      -0.003998765721917152,
      -0.8248968124389648,
      -0.5652691721916199
    ],
    "userAcceleration" : [
      -0.026625627651810646,
      -0.03778928518295288,
      -0.0589374303817749
    ]
  },
  {
    "rotationMatrix" : [
      0.010258644819259644,
      0.5629616379737854,
      -0.8264191746711731,
      -0.9999426007270813,
      0.008296415209770203,
      -0.006760984659194946,
      0.0030499696731567383,
      0.8264411687850952,
      0.5630146265029907
    ],
    "timestamp" : 1251292147587,
    "gravity" : [
      -0.00304999528452754,
      -0.82644122838974,
      -0.5630146265029907
    ],
    "userAcceleration" : [
      -0.037797801196575165,
      -0.050740718841552734,
      -0.021992087364196777
    ]
  },
  {
    "rotationMatrix" : [
      0.006312847137451172,
      0.5607957243919373,
      -0.827930212020874,
      -0.9999776482582092,
      0.00536598265171051,
      -0.0039900243282318115,
      0.0022050440311431885,
      0.8279368877410889,
      0.5608170032501221
    ],
    "timestamp" : 1251292157642,
    "gravity" : [
      -0.002205081982538104,
      -0.8279368281364441,
      -0.5608170032501221
    ],
    "userAcceleration" : [
      -0.058250248432159424,
      -0.05724072456359863,
      0.02466893196105957
    ]
  },
  {
    "rotationMatrix" : [
      0.0013089478015899658,
      0.5591530799865723,
      -0.8290631771087646,
      -0.9999977350234985,
      0.002035781741142273,
      -0.00020572543144226074,
      0.001572638750076294,
      0.82906174659729,
      0.5591546893119812
    ],
    "timestamp" : 1251292167696,
    "gravity" : [
      -0.001572630601003766,
      -0.82906174659729,
      -0.5591546893119812
    ],
    "userAcceleration" : [
      -0.080412857234478,
      -0.048730432987213135,
      0.0681573748588562
    ]
  },
  {
    "rotationMatrix" : [
      -0.0049996525049209595,
      0.5585026144981384,
      -0.8294875621795654,
      -0.9999867081642151,
      -0.0018546581268310547,
      0.004778653383255005,
      0.0011303424835205078,
      0.8295005559921265,
      0.5585047006607056
    ],
    "timestamp" : 1251292177751,
    "gravity" : [
      -0.0011303528444841504,
      -0.8295005559921265,
      -0.5585047006607056
    ],
    "userAcceleration" : [
      -0.10174442827701569,
      -0.036542415618896484,
      0.09089910984039307
    ]
  },
  {
    "rotationMatrix" : [
      -0.012115240097045898,
      0.5591684579849243,
      -0.8289653658866882,
      -0.9999262094497681,
      -0.0061442553997039795,
      0.010469317436218262,
      0.0007606744766235352,
      0.8290311098098755,
      0.5592018365859985
    ],
    "timestamp" : 1251292187806,
    "gravity" : [
      -0.0007606502040289342,
      -0.8290311098098755,
      -0.5592018365859985
    ],
    "userAcceleration" : [
      -0.10843126475811005,
      -0.023904621601104736,
      0.08492815494537354
    ]
  },
  {
    "rotationMatrix" : [
      -0.0190039724111557,
      0.5611590147018433,
      -0.8274899125099182,
      -0.9998193979263306,
      -0.01043902337551117,
      0.015882492065429688,
      0.00027441978454589844,
      0.8276422619819641,
      0.561255931854248
    ],
    "timestamp" : 1251292197860,
    "gravity" : [
      -0.0002744499361142516,
      -0.8276422619819641,
      -0.561255931854248
    ],
    "userAcceleration" : [
      -0.09706138074398041,
      -0.010767102241516113,
      0.05307722091674805
    ]
  },
  {
    "rotationMatrix" : [
      -0.0248299241065979,
      0.5641727447509766,
      -0.8252831101417542,
      -0.999691367149353,
      -0.014429807662963867,
      0.020213007926940918,
      -0.0005052089691162109,
      0.825530469417572,
      0.5643572211265564
    ],
    "timestamp" : 1251292207915,
    "gravity" : [
      0.0005052167107351124,
      -0.8255304098129272,
      -0.5643572211265564
    ],
    "userAcceleration" : [
      -0.090593121945858,
      -0.0029911398887634277,
      0.011378705501556396
    ]
  },
  {
    "rotationMatrix" : [
      -0.029529467225074768,
      0.5677326917648315,
      -0.8226829171180725,
      -0.9995623826980591,
      -0.01813696324825287,
      0.02336221933364868,
      -0.0016576647758483887,
      0.8230128884315491,
      0.5680201053619385
    ],
    "timestamp" : 1251292217970,
    "gravity" : [
      0.0016576555790379643,
      -0.8230129480361938,
      -0.5680201053619385
    ],
    "userAcceleration" : [
      -0.09816949814558029,
      -0.005813896656036377,
      -0.025180578231811523
    ]
  },
  {
    "rotationMatrix" : [
      -0.03370313346385956,
      0.5712760090827942,
      -0.8200655579566956,
      -0.9994269013404846,
      -0.021818771958351135,
      0.025875180959701538,
      -0.0031110644340515137,
      0.8204678297042847,
      0.5716841816902161
    ],
    "timestamp" : 1251292228024,
    "gravity" : [
      0.003111066296696663,
      -0.8204677700996399,
      -0.5716841816902161
    ],
    "userAcceleration" : [
      -0.1140119656920433,
      -0.022030889987945557,
      -0.04881453514099121
    ]
  },
  {
    "rotationMatrix" : [
      -0.03784002363681793,
      0.5743552446365356,
      -0.8177312612533569,
      -0.9992730617523193,
      -0.02555900812149048,
      0.028288692235946655,
      -0.004652589559555054,
      0.8182071447372437,
      0.57490473985672
    ],
    "timestamp" : 1251292238079,
    "gravity" : [
      0.004652576986700296,
      -0.8182071447372437,
      -0.57490473985672
    ],
    "userAcceleration" : [
      -0.12617360055446625,
      -0.0398402214050293,
      -0.055649518966674805
    ]
  },
  {
    "rotationMatrix" : [
      -0.04273603856563568,
      0.5767340660095215,
      -0.815813422203064,
      -0.9990682601928711,
      -0.029589608311653137,
      0.03141754865646362,
      -0.00601997971534729,
      0.8163959980010986,
      0.5774611830711365
    ],
    "timestamp" : 1251292248134,
    "gravity" : [
      0.006019993219524622,
      -0.8163959980010986,
      -0.5774611830711365
    ],
    "userAcceleration" : [
      -0.14078563451766968,
      -0.05629986524581909,
      -0.0493546724319458
    ]
  },
  {
    "rotationMatrix" : [
      -0.048910096287727356,
      0.578417956829071,
      -0.814272940158844,
      -0.9987778067588806,
      -0.034132301807403564,
      0.03574672341346741,
      -0.007116496562957764,
      0.815026044845581,
      0.5793805122375488
    ],
    "timestamp" : 1251292258188,
    "gravity" : [
      0.007116510067135096,
      -0.8150261044502258,
      -0.5793805122375488
    ],
    "userAcceleration" : [
      -0.15262432396411896,
      -0.0676795244216919,
      -0.03905820846557617
    ]
  },
  {
    "rotationMatrix" : [
      -0.05621245503425598,
      0.5795294046401978,
      -0.8130102157592773,
      -0.9983866214752197,
      -0.039160847663879395,
      0.041114985942840576,
      -0.008010894060134888,
      0.8140097856521606,
      0.5807958841323853
    ],
    "timestamp" : 1251292268243,
    "gravity" : [
      0.008010895922780037,
      -0.8140097856521606,
      -0.5807958841323853
    ],
    "userAcceleration" : [
      -0.15271002054214478,
      -0.0725562572479248,
      -0.03497260808944702
    ]
  },
  {
    "rotationMatrix" : [
      -0.0645454078912735,
      0.5802947282791138,
      -0.811844527721405,
      -0.9978755712509155,
      -0.044725894927978516,
      0.04736641049385071,
      -0.00882411003112793,
      0.813177227973938,
      0.5819491147994995
    ],
    "timestamp" : 1251292278298,
    "gravity" : [
      0.008824116550385952,
      -0.813177227973938,
      -0.5819491147994995
    ],
    "userAcceleration" : [
      -0.14413908123970032,
      -0.061166465282440186,
      -0.03471958637237549
    ]
  },
  {
    "rotationMatrix" : [
      -0.0733119398355484,
      0.580999493598938,
      -0.8105951547622681,
      -0.9972614049911499,
      -0.05063515901565552,
      0.05390143394470215,
      -0.009728044271469116,
      0.8123270869255066,
      0.5831208825111389
    ],
    "timestamp" : 1251292288352,
    "gravity" : [
      0.009728063829243183,
      -0.8123270273208618,
      -0.5831208825111389
    ],
    "userAcceleration" : [
      -0.1336294561624527,
      -0.03731268644332886,
      -0.034524381160736084
    ]
  },
  {
    "rotationMatrix" : [
      -0.08174018561840057,
      0.5818690657615662,
      -0.8091639876365662,
      -0.9965946078300476,
      -0.05653655529022217,
      0.060018837451934814,
      -0.010824501514434814,
      0.8113146424293518,
      0.5845093131065369
    ],
    "timestamp" : 1251292298407,
    "gravity" : [
      0.01082446426153183,
      -0.8113146424293518,
      -0.5845093131065369
    ],
    "userAcceleration" : [
      -0.11981801688671112,
      -0.003626585006713867,
      -0.042337000370025635
    ]
  },
  {
    "rotationMatrix" : [
      -0.08952575922012329,
      0.5829516649246216,
      -0.8075594902038574,
      -0.9959104061126709,
      -0.06227828562259674,
      0.06544959545135498,
      -0.01213952898979187,
      0.8101164102554321,
      0.5861433148384094
    ],
    "timestamp" : 1251292308462,
    "gravity" : [
      0.012139528058469296,
      -0.8101164102554321,
      -0.5861433148384094
    ],
    "userAcceleration" : [
      -0.11188624054193497,
      0.02483820915222168,
      -0.057106196880340576
    ]
  },
  {
    "rotationMatrix" : [
      -0.09642735123634338,
      0.5841712951660156,
      -0.8058817982673645,
      -0.9952462911605835,
      -0.0676925927400589,
      0.07001635432243347,
      -0.013650715351104736,
      0.8088024854660034,
      0.5879218578338623
    ],
    "timestamp" : 1251292318516,
    "gravity" : [
      0.013650716282427311,
      -0.8088024854660034,
      -0.5879218578338623
    ],
    "userAcceleration" : [
      -0.11106283962726593,
      0.04136180877685547,
      -0.0637352466583252
    ]
  },
  {
    "rotationMatrix" : [
      -0.10220959782600403,
      0.585407018661499,
      -0.8042709231376648,
      -0.9946455955505371,
      -0.07255329191684723,
      0.07359352707862854,
      -0.015270352363586426,
      0.8074865341186523,
      0.589688241481781
    ],
    "timestamp" : 1251292328571,
    "gravity" : [
      0.015270357020199299,
      -0.8074865341186523,
      -0.589688241481781
    ],
    "userAcceleration" : [
      -0.11053098738193512,
      0.05496889352798462,
      -0.057040274143218994
    ]
  },
  {
    "rotationMatrix" : [
      -0.10720793902873993,
      0.5864832997322083,
      -0.8028349280357361,
      -0.994093120098114,
      -0.07695150375366211,
      0.07653361558914185,
      -0.01689356565475464,
      0.8062976598739624,
      0.5912687182426453
    ],
    "timestamp" : 1251292338626,
    "gravity" : [
      0.016893599182367325,
      -0.8062976598739624,
      -0.59126877784729
    ],
    "userAcceleration" : [
      -0.11453460901975632,
      0.05881541967391968,
      -0.031961262226104736
    ]
  },
  {
    "rotationMatrix" : [
      -0.11176528036594391,
      0.5872641801834106,
      -0.8016414046287537,
      -0.9935625791549683,
      -0.0810425877571106,
      0.0791531503200531,
      -0.018483400344848633,
      0.8053275346755981,
      0.5925417542457581
    ],
    "timestamp" : 1251292348680,
    "gravity" : [
      0.01848340779542923,
      -0.8053275942802429,
      -0.5925417542457581
    ],
    "userAcceleration" : [
      -0.11766555905342102,
      0.050063371658325195,
      0.00040912628173828125
    ]
  },
  {
    "rotationMatrix" : [
      -0.11650407314300537,
      0.5877549648284912,
      -0.8006066083908081,
      -0.9929918050765991,
      -0.08504681289196014,
      0.08206391334533691,
      -0.019855588674545288,
      0.8045565485954285,
      0.593544065952301
    ],
    "timestamp" : 1251292358735,
    "gravity" : [
      0.01985553838312626,
      -0.8045565485954285,
      -0.593544065952301
    ],
    "userAcceleration" : [
      -0.1223641037940979,
      0.03539156913757324,
      0.03759002685546875
    ]
  },
  {
    "rotationMatrix" : [
      -0.12209795415401459,
      0.5881044864654541,
      -0.7995153665542603,
      -0.9923008680343628,
      -0.08917829394340515,
      0.08594179153442383,
      -0.02075675129890442,
      0.8038532733917236,
      0.5944653153419495
    ],
    "timestamp" : 1251292368790,
    "gravity" : [
      0.020756736397743225,
      -0.8038532137870789,
      -0.5944653153419495
    ],
    "userAcceleration" : [
      -0.12164787203073502,
      0.024175047874450684,
      0.07629209756851196
    ]
  },
  {
    "rotationMatrix" : [
      -0.12885402143001556,
      0.5885350704193115,
      -0.7981371879577637,
      -0.9914432764053345,
      -0.09341783821582794,
      0.09117704629898071,
      -0.02089938521385193,
      0.8030562996864319,
      0.5955365300178528
    ],
    "timestamp" : 1251292378844,
    "gravity" : [
      0.020899401977658272,
      -0.8030562996864319,
      -0.5955365300178528
    ],
    "userAcceleration" : [
      -0.10799658298492432,
      0.02653658390045166,
      0.10205197334289551
    ]
  },
  {
    "rotationMatrix" : [
      -0.13677552342414856,
      0.5892841815948486,
      -0.7962638735771179,
      -0.9903947114944458,
      -0.0977836400270462,
      0.09775590896606445,
      -0.020255744457244873,
      0.8019863367080688,
      0.5969986915588379
    ],
    "timestamp" : 1251292388899,
    "gravity" : [
      0.02025573141872883,
      -0.8019863367080688,
      -0.5969986915588379
    ],
    "userAcceleration" : [
      -0.09601563960313797,
      0.0335385799407959,
      0.10406357049942017
    ]
  },
  {
    "rotationMatrix" : [
      -0.14521585404872894,
      0.590421736240387,
      -0.7939232587814331,
      -0.9892131686210632,
      -0.10222555696964264,
      0.10491356253623962,
      -0.01921612024307251,
      0.800594687461853,
      0.5988980531692505
    ],
    "timestamp" : 1251292398954,
    "gravity" : [
      0.019216110929846764,
      -0.8005946278572083,
      -0.5988980531692505
    ],
    "userAcceleration" : [
      -0.0837150365114212,
      0.03554952144622803,
      0.08347141742706299
    ]
  },
  {
    "rotationMatrix" : [
      -0.15314626693725586,
      0.5918370485305786,
      -0.7913753986358643,
      -0.9880346059799194,
      -0.10651038587093353,
      0.11154887080192566,
      -0.01827096939086914,
      0.7989895343780518,
      0.6010671854019165
    ],
    "timestamp" : 1251292409008,
    "gravity" : [
      0.018270963802933693,
      -0.7989895939826965,
      -0.6010671854019165
    ],
    "userAcceleration" : [
      -0.06638194620609283,
      0.03777444362640381,
      0.041695237159729004
    ]
  },
  {
    "rotationMatrix" : [
      -0.1600758284330368,
      0.5932369232177734,
      -0.7889522314071655,
      -0.9869457483291626,
      -0.11052945256233215,
      0.11713767051696777,
      -0.017712116241455078,
      0.7974039912223816,
      0.6031858325004578
    ],
    "timestamp" : 1251292419063,
    "gravity" : [
      0.017712075263261795,
      -0.7974039912223816,
      -0.603185772895813
    ],
    "userAcceleration" : [
      -0.05678985267877579,
      0.04445910453796387,
      0.0009213685989379883
    ]
  },
  {
    "rotationMatrix" : [
      -0.16564838588237762,
      0.5944921970367432,
      -0.7868542671203613,
      -0.9860275983810425,
      -0.11408981680870056,
      0.12137997150421143,
      -0.017612576484680176,
      0.795966386795044,
      0.6050845384597778
    ],
    "timestamp" : 1251292429118,
    "gravity" : [
      0.017612606287002563,
      -0.795966386795044,
      -0.6050845384597778
    ],
    "userAcceleration" : [
      -0.050037555396556854,
      0.04938441514968872,
      -0.018023431301116943
    ]
  },
  {
    "rotationMatrix" : [
      -0.1702890694141388,
      0.5955065488815308,
      -0.7850943803787231,
      -0.9852384328842163,
      -0.11704926192760468,
      0.1249171793460846,
      -0.01750582456588745,
      0.7947773933410645,
      0.6066485047340393
    ],
    "timestamp" : 1251292439172,
    "gravity" : [
      0.017505817115306854,
      -0.7947773933410645,
      -0.6066485047340393
    ],
    "userAcceleration" : [
      -0.04062289744615555,
      0.056130051612854004,
      -0.019923150539398193
    ]
  },
  {
    "rotationMatrix" : [
      -0.17431378364562988,
      0.5962346792221069,
      -0.7836571931838989,
      -0.9845395088195801,
      -0.11944276094436646,
      0.12812098860740662,
      -0.017212092876434326,
      0.7938748598098755,
      0.6078373789787292
    ],
    "timestamp" : 1251292449226,
    "gravity" : [
      0.01721210591495037,
      -0.7938749194145203,
      -0.6078373789787292
    ],
    "userAcceleration" : [
      -0.03727743774652481,
      0.053228676319122314,
      -0.014843285083770752
    ]
  },
  {
    "rotationMatrix" : [
      -0.17823798954486847,
      0.5966235995292664,
      -0.7824779152870178,
      -0.9838489890098572,
      -0.12139755487442017,
      0.13154444098472595,
      -0.016508400440216064,
      0.7932862043380737,
      0.608625054359436
    ],
    "timestamp" : 1251292459281,
    "gravity" : [
      0.016508378088474274,
      -0.7932862043380737,
      -0.608625054359436
    ],
    "userAcceleration" : [
      -0.043897923082113266,
      0.04308795928955078,
      -0.00012439489364624023
    ]
  },
  {
    "rotationMatrix" : [
      -0.18233415484428406,
      0.5966191291809082,
      -0.7815365791320801,
      -0.9831147193908691,
      -0.12313063442707062,
      0.1353658139705658,
      -0.015469342470169067,
      0.7930220365524292,
      0.6089963316917419
    ],
    "timestamp" : 1251292469335,
    "gravity" : [
      0.015469375066459179,
      -0.793022096157074,
      -0.6089963912963867
    ],
    "userAcceleration" : [
      -0.04974062740802765,
      0.03797149658203125,
      0.015643060207366943
    ]
  },
  {
    "rotationMatrix" : [
      -0.18635308742523193,
      0.5962308645248413,
      -0.780884861946106,
      -0.9823778867721558,
      -0.1246902346611023,
      0.1392330825328827,
      -0.014353662729263306,
      0.7930705547332764,
      0.6089605689048767
    ],
    "timestamp" : 1251292479390,
    "gravity" : [
      0.014353668317198753,
      -0.7930705547332764,
      -0.6089605689048767
    ],
    "userAcceleration" : [
      -0.0636853501200676,
      0.03335076570510864,
      0.03068298101425171
    ]
  },
  {
    "rotationMatrix" : [
      -0.19048495590686798,
      0.5955289602279663,
      -0.7804232835769653,
      -0.9816004037857056,
      -0.12628604471683502,
      0.1432211995124817,
      -0.013264268636703491,
      0.7933453917503357,
      0.608627200126648
    ],
    "timestamp" : 1251292489445,
    "gravity" : [
      0.013264266774058342,
      -0.7933453917503357,
      -0.608627200126648
    ],
    "userAcceleration" : [
      -0.07747326791286469,
      0.02727794647216797,
      0.05403125286102295
    ]
  },
  {
    "rotationMatrix" : [
      -0.1948825567960739,
      0.5947068929672241,
      -0.7799642086029053,
      -0.9807499647140503,
      -0.12807966768741608,
      0.14739301800727844,
      -0.012242048978805542,
      0.7936743497848511,
      0.608219563961029
    ],
    "timestamp" : 1251292499499,
    "gravity" : [
      0.01224203035235405,
      -0.7936743497848511,
      -0.608219563961029
    ],
    "userAcceleration" : [
      -0.08711692690849304,
      0.021549224853515625,
      0.08211177587509155
    ]
  },
  {
    "rotationMatrix" : [
      -0.19975072145462036,
      0.5939658880233765,
      -0.7792973518371582,
      -0.9797816276550293,
      -0.13025347888469696,
      0.15186235308647156,
      -0.011305063962936401,
      0.7938758134841919,
      0.6079748868942261
    ],
    "timestamp" : 1251292509554,
    "gravity" : [
      0.011305095627903938,
      -0.7938757538795471,
      -0.6079748868942261
    ],
    "userAcceleration" : [
      -0.09145952761173248,
      0.014456868171691895,
      0.10368716716766357
    ]
  },
  {
    "rotationMatrix" : [
      -0.2050180435180664,
      0.5935308933258057,
      -0.7782598733901978,
      -0.978701114654541,
      -0.13288792967796326,
      0.15647518634796143,
      -0.010548561811447144,
      0.7937641739845276,
      0.6081340312957764
    ],
    "timestamp" : 1251292519609,
    "gravity" : [
      0.01054855715483427,
      -0.7937642335891724,
      -0.6081340312957764
    ],
    "userAcceleration" : [
      -0.09186265617609024,
      0.006258189678192139,
      0.11413073539733887
    ]
  },
  {
    "rotationMatrix" : [
      -0.21010346710681915,
      0.5935799479484558,
      -0.7768650650978088,
      -0.977626621723175,
      -0.13578800857067108,
      0.16064786911010742,
      -0.010131597518920898,
      0.7932366728782654,
      0.608829140663147
    ],
    "timestamp" : 1251292529663,
    "gravity" : [
      0.010131608694791794,
      -0.7932366728782654,
      -0.608829140663147
    ],
    "userAcceleration" : [
      -0.09222391247749329,
      0.004281044006347656,
      0.11366617679595947
    ]
  },
  {
    "rotationMatrix" : [
      -0.2149197906255722,
      0.5940808057785034,
      -0.7751625776290894,
      -0.9765796661376953,
      -0.13889998197555542,
      0.16431203484535217,
      -0.010055512189865112,
      0.7923221588134766,
      0.6100199818611145
    ],
    "timestamp" : 1251292539718,
    "gravity" : [
      0.010055547580122948,
      -0.7923220992088318,
      -0.6100199818611145
    ],
    "userAcceleration" : [
      -0.08061221241950989,
      0.012186169624328613,
      0.0953105092048645
    ]
  },
  {
    "rotationMatrix" : [
      -0.2191852182149887,
      0.5949075222015381,
      -0.7733321189880371,
      -0.9756290912628174,
      -0.141977921128273,
      0.167301744222641,
      -0.010267168283462524,
      0.7911555767059326,
      0.611528754234314
    ],
    "timestamp" : 1251292549773,
    "gravity" : [
      0.010267140343785286,
      -0.7911555171012878,
      -0.611528754234314
    ],
    "userAcceleration" : [
      -0.06777753680944443,
      0.022326290607452393,
      0.07031476497650146
    ]
  },
  {
    "rotationMatrix" : [
      -0.2228691428899765,
      0.5959036946296692,
      -0.7715100049972534,
      -0.9747894406318665,
      -0.14490818977355957,
      0.16966629028320312,
      -0.010693520307540894,
      0.7898733615875244,
      0.6131765842437744
    ],
    "timestamp" : 1251292559827,
    "gravity" : [
      0.010693526826798916,
      -0.7898733615875244,
      -0.6131765842437744
    ],
    "userAcceleration" : [
      -0.053357116878032684,
      0.031420111656188965,
      0.04472571611404419
    ]
  },
  {
    "rotationMatrix" : [
      -0.22599519789218903,
      0.5968677997589111,
      -0.7698537111282349,
      -0.974065899848938,
      -0.14740127325057983,
      0.17166274785995483,
      -0.011017531156539917,
      0.7886833548545837,
      0.6147008538246155
    ],
    "timestamp" : 1251292569882,
    "gravity" : [
      0.011017530225217342,
      -0.7886833548545837,
      -0.6147007942199707
    ],
    "userAcceleration" : [
      -0.03807137906551361,
      0.041094303131103516,
      0.026596546173095703
    ]
  },
  {
    "rotationMatrix" : [
      -0.22879019379615784,
      0.5976083278656006,
      -0.7684525847434998,
      -0.9734119176864624,
      -0.14948096871376038,
      0.17356443405151367,
      -0.011145472526550293,
      0.7877308130264282,
      0.6159188151359558
    ],
    "timestamp" : 1251292579937,
    "gravity" : [
      0.011145460419356823,
      -0.7877308130264282,
      -0.6159188151359558
    ],
    "userAcceleration" : [
      -0.03172957897186279,
      0.0475117564201355,
      0.019208550453186035
    ]
  },
  {
    "rotationMatrix" : [
      -0.23150978982448578,
      0.5980660915374756,
      -0.7672810554504395,
      -0.9727703332901001,
      -0.15123850107192993,
      0.1756269633769989,
      -0.011005908250808716,
      0.7870476245880127,
      0.6167940497398376
    ],
    "timestamp" : 1251292589991,
    "gravity" : [
      0.011005891487002373,
      -0.7870476245880127,
      -0.6167940497398376
    ],
    "userAcceleration" : [
      -0.041401419788599014,
      0.03460627794265747,
      0.02194535732269287
    ]
  },
  {
    "rotationMatrix" : [
      -0.234405979514122,
      0.5982372164726257,
      -0.7662676572799683,
      -0.9720800518989563,
      -0.15291206538677216,
      0.1779843270778656,
      -0.010694652795791626,
      0.786594033241272,
      0.6173778772354126
    ],
    "timestamp" : 1251292600046,
    "gravity" : [
      0.010694662109017372,
      -0.7865940928459167,
      -0.6173778772354126
    ],
    "userAcceleration" : [
      -0.05816476792097092,
      0.017108678817749023,
      0.020881235599517822
    ]
  },
  {
    "rotationMatrix" : [
      -0.23741669952869415,
      0.5981810688972473,
      -0.7653840780258179,
      -0.9713521599769592,
      -0.15463480353355408,
      0.18045267462730408,
      -0.010411649942398071,
      0.7862999439239502,
      0.617757260799408
    ],
    "timestamp" : 1251292610101,
    "gravity" : [
      0.010411648079752922,
      -0.7862999439239502,
      -0.617757260799408
    ],
    "userAcceleration" : [
      -0.06914274394512177,
      0.00468367338180542,
      0.016347289085388184
    ]
  },
  {
    "rotationMatrix" : [
      -0.2403952181339264,
      0.5979339480400085,
      -0.7646470069885254,
      -0.9706198573112488,
      -0.15647251904010773,
      0.1827930212020874,
      -0.010348111391067505,
      0.7861241698265076,
      0.6179819107055664
    ],
    "timestamp" : 1251292620155,
    "gravity" : [
      0.010348102077841759,
      -0.7861241698265076,
      -0.6179819107055664
    ],
    "userAcceleration" : [
      -0.071184903383255,
      3.725290298461914e-05,
      0.007615089416503906
    ]
  },
  {
    "rotationMatrix" : [
      -0.24319761991500854,
      0.5975576043128967,
      -0.7640546560287476,
      -0.9699192643165588,
      -0.15837940573692322,
      0.1848575472831726,
