[
  {
    "timestamp" : 1251241613368,
    "gravity" : [
      -0.016478311270475388,
      -0.9998521208763123,
      -0.004902394954115152
    ],
    "rotationMatrix" : [
      -0.21178704500198364,
      -0.0013014376163482666,
      0.9773149490356445,
      0.9771769046783447,
      -0.01714271306991577,
      0.2117343246936798,
      0.016478300094604492,
      0.999852180480957,
      0.004902362823486328
    ],
    "userAcceleration" : [
      0.06677130609750748,
      0.014363348484039307,
      -0.04842716455459595
    ]
  },
  {
    "timestamp" : 1251241623422,
    "gravity" : [
      -0.01675277389585972,
      -0.9998528361320496,
      -0.0036408111918717623
    ],
    "rotationMatrix" : [
      -0.21511679887771606,
      4.845857620239258e-05,
      0.9765880703926086,
      0.9764443635940552,
      -0.01714348793029785,
      0.21508625149726868,
      0.016752779483795166,
      0.9998528957366943,
      0.0036408305168151855
    ],
    "userAcceleration" : [
      0.04473742097616196,
      0.010473191738128662,
      -0.07660526037216187
    ]
  },
  {
    "timestamp" : 1251241633477,
    "gravity" : [
      -0.016502121463418007,
      -0.9998601675033569,
      -0.0026663916651159525
    ],
    "rotationMatrix" : [
      -0.21965259313583374,
      0.0010236799716949463,
      0.9755775332450867,
      0.9754384756088257,
      -0.01668471097946167,
      0.21963879466056824,
      0.01650214195251465,
      0.9998601675033569,
      0.0026663541793823242
    ],
    "userAcceleration" : [
      0.014915227890014648,
      -0.0005211830139160156,
      -0.10536593198776245
    ]
  },
  {
    "timestamp" : 1251241643531,
    "gravity" : [
      -0.015701336786150932,
      -0.9998749494552612,
      -0.0018418323015794158
    ],
    "rotationMatrix" : [
      -0.22564184665679932,
      0.0017488598823547363,
      0.9742085933685303,
      0.9740836024284363,
      -0.015711814165115356,
      0.22564128041267395,
      0.015701323747634888,
      0.9998749494552612,
      0.0018418729305267334
    ],
    "userAcceleration" : [
      -0.006332332268357277,
      -0.0009489059448242188,
      -0.1349990963935852
    ]
  },
  {
    "timestamp" : 1251241653586,
    "gravity" : [
      -0.014422922395169735,
      -0.999895453453064,
      -0.0008820427465252578
    ],
    "rotationMatrix" : [
      -0.23345857858657837,
      0.002509891986846924,
      0.972363293170929,
      0.9722595810890198,
      -0.014230072498321533,
      0.23347055912017822,
      0.014422893524169922,
      0.999895453453064,
      0.0008820295333862305
    ],
    "userAcceleration" : [
      -0.023388352245092392,
      0.009813845157623291,
      -0.14790648221969604
    ]
  },
  {
    "timestamp" : 1251241663640,
    "gravity" : [
      -0.01277095079421997,
      -0.9999181628227234,
      0.0005746542592532933
    ],
    "rotationMatrix" : [
      -0.24319112300872803,
      0.003663569688796997,
      0.9699712991714478,
      0.9698941707611084,
      -0.012247592210769653,
      0.24321821331977844,
      0.012771010398864746,
      0.9999182224273682,
      -0.0005746185779571533
    ],
    "userAcceleration" : [
      -0.03027406334877014,
      0.01894599199295044,
      -0.14484655857086182
    ]
  },
  {
    "timestamp" : 1251241673695,
    "gravity" : [
      -0.010688978247344494,
      -0.9999390840530396,
      0.0027492335066199303
    ],
    "rotationMatrix" : [
      -0.2546464800834656,
      0.005380809307098389,
      0.9670192003250122,
      0.9669750928878784,
      -0.009636342525482178,
      0.2546885311603546,
      0.010689020156860352,
      0.9999390840530396,
      -0.002749204635620117
    ],
    "userAcceleration" : [
      -0.03247813507914543,
      0.018341243267059326,
      -0.11831939220428467
    ]
  },
  {
    "timestamp" : 1251241683749,
    "gravity" : [
      -0.00820602010935545,
      -0.9999508261680603,
      0.005578834563493729
    ],
    "rotationMatrix" : [
      -0.26680946350097656,
      0.007566124200820923,
      0.9637197256088257,
      0.9637144804000854,
      -0.006419926881790161,
      0.26685836911201477,
      0.008206039667129517,
      0.9999508857727051,
      -0.005578786134719849
    ],
    "userAcceleration" : [
      -0.012072909623384476,
      0.008129537105560303,
      -0.06556117534637451
    ]
  },
  {
    "timestamp" : 1251241693804,
    "gravity" : [
      -0.0056090326979756355,
      -0.9999457597732544,
      0.008774824440479279
    ],
    "rotationMatrix" : [
      -0.2787836790084839,
      0.00999075174331665,
      0.9603018760681152,
      0.9603375196456909,
      -0.0029400289058685303,
      0.2788245975971222,
      0.005609005689620972,
      0.9999457597732544,
      -0.00877484679222107
    ],
    "userAcceleration" : [
      0.023217692971229553,
      -0.00022208690643310547,
      -0.006272434256970882
    ]
  },
  {
    "timestamp" : 1251241703858,
    "gravity" : [
      -0.0033179919701069593,
      -0.9999216794967651,
      0.012059692293405533
    ],
    "rotationMatrix" : [
      -0.2900426983833313,
      0.012503713369369507,
      0.9569318294525146,
      0.9570077657699585,
      0.000322878360748291,
      0.2900615930557251,
      0.0033179819583892822,
      0.9999216794967651,
      -0.012059688568115234
    ],
    "userAcceleration" : [
      0.057898689061403275,
      -0.0008258819580078125,
      0.041345953941345215
    ]
  },
  {
    "timestamp" : 1251241713913,
    "gravity" : [
      -0.0015440132701769471,
      -0.999883234500885,
      0.015208903700113297
    ],
    "rotationMatrix" : [
      -0.300168514251709,
      0.014970898628234863,
      0.9537688493728638,
      0.9538850784301758,
      0.003092467784881592,
      0.3001564145088196,
      0.0015440285205841064,
      0.999883234500885,
      -0.015208899974822998
    ],
    "userAcceleration" : [
      0.08616926521062851,
      -0.0027565956115722656,
      0.07779335975646973
    ]
  },
  {
    "timestamp" : 1251241723967,
    "gravity" : [
      -0.0003063960757572204,
      -0.999837338924408,
      0.018026558682322502
    ],
    "rotationMatrix" : [
      -0.30916470289230347,
      0.01723828911781311,
      0.95085209608078,
      0.9510083198547363,
      0.005282014608383179,
      0.3091198801994324,
      0.0003063678741455078,
      0.999837338924408,
      -0.01802656054496765
    ],
    "userAcceleration" : [
      0.0917523205280304,
      -0.01299518346786499,
      0.09984755516052246
    ]
  },
  {
    "timestamp" : 1251241734022,
    "gravity" : [
      0.0006323230918496847,
      -0.9997913837432861,
      0.020410293713212013
    ],
    "rotationMatrix" : [
      -0.31689244508743286,
      0.019158124923706055,
      0.9482678174972534,
      0.94846111536026,
      0.007067650556564331,
      0.3168144226074219,
      -0.0006323158740997314,
      0.9997913837432861,
      -0.020410269498825073
    ],
    "userAcceleration" : [
      0.08039185404777527,
      -0.041391968727111816,
      0.10808384418487549
    ]
  },
  {
    "timestamp" : 1251241744077,
    "gravity" : [
      0.0014972451608628035,
      -0.9997460246086121,
      0.02248232252895832
    ],
    "rotationMatrix" : [
      -0.3236519694328308,
      0.020787924528121948,
      0.9459476470947266,
      0.9461748600006104,
      0.008692890405654907,
      0.32353875041007996,
      -0.0014972388744354248,
      0.9997459650039673,
      -0.022482305765151978
    ],
    "userAcceleration" : [
      0.06490901112556458,
      -0.06838434934616089,
      0.09829092025756836
    ]
  },
  {
    "timestamp" : 1251241754131,
    "gravity" : [
      0.0024605104699730873,
      -0.9996966123580933,
      0.0245052557438612
    ],
    "rotationMatrix" : [
      -0.3297182321548462,
      0.022323936223983765,
      0.9438153505325317,
      0.9440760612487793,
      0.010402143001556396,
      0.3295634388923645,
      -0.002460479736328125,
      0.999696671962738,
      -0.024505198001861572
    ],
    "userAcceleration" : [
      0.046245552599430084,
      -0.07954216003417969,
      0.0692446231842041
    ]
  },
  {
    "timestamp" : 1251241764186,
    "gravity" : [
      0.00359889748506248,
      -0.9996358156204224,
      0.02674049511551857
    ],
    "rotationMatrix" : [
      -0.33575278520584106,
      0.023980528116226196,
      0.9416446685791016,
      0.9419431686401367,
      0.01236724853515625,
      0.3355443477630615,
      -0.0035988986492156982,
      0.9996358156204224,
      -0.02674049139022827
    ],
    "userAcceleration" : [
      0.027941036969423294,
      -0.08250212669372559,
      0.03614091873168945
    ]
  },
  {
    "timestamp" : 1251241774240,
    "gravity" : [
      0.0048236665315926075,
      -0.9995567798614502,
      0.02937052771449089
    ],
    "rotationMatrix" : [
      -0.34238380193710327,
      0.025944948196411133,
      0.9392015933990479,
      0.9395474791526794,
      0.014586687088012695,
      0.34210720658302307,
      -0.004823654890060425,
      0.9995567798614502,
      -0.029370486736297607
    ],
    "userAcceleration" : [
      0.021680869162082672,
      -0.07597404718399048,
      0.008959408849477768
    ]
  },
  {
    "timestamp" : 1251241784295,
    "gravity" : [
      0.006052569951862097,
      -0.9994556307792664,
      0.03242708370089531
    ],
    "rotationMatrix" : [
      -0.34981948137283325,
      0.028262615203857422,
      0.9363905191421509,
      0.9367973804473877,
      0.017011374235153198,
      0.34945815801620483,
      -0.006052583456039429,
      0.9994556307792664,
      -0.032427042722702026
    ],
    "userAcceleration" : [
      0.01973479613661766,
      -0.06489056348800659,
      -0.003237128257751465
    ]
  },
  {
    "timestamp" : 1251241794349,
    "gravity" : [
      0.0071477279998362064,
      -0.9993330836296082,
      0.03580811992287636
    ],
    "rotationMatrix" : [
      -0.35821521282196045,
      0.030873745679855347,
      0.9331283569335938,
      0.9336116313934326,
      0.019496768712997437,
      0.3577556908130646,
      -0.007147699594497681,
      0.9993331432342529,
      -0.03580811619758606
    ],
    "userAcceleration" : [
      0.02471262216567993,
      -0.059321582317352295,
      0.008015036582946777
    ]
  },
  {
    "timestamp" : 1251241804404,
    "gravity" : [
      0.007981153205037117,
      -0.9991952180862427,
      0.0393095426261425
    ],
    "rotationMatrix" : [
      -0.36767029762268066,
      0.03362491726875305,
      0.9293480515480042,
      0.9299218654632568,
      0.02187025547027588,
      0.36710602045059204,
      -0.007981181144714355,
      0.9991951584815979,
      -0.03930950164794922
    ],
    "userAcceleration" : [
      0.03704754263162613,
      -0.06437283754348755,
      0.03251349925994873
    ]
  },
  {
    "timestamp" : 1251241814458,
    "gravity" : [
      0.008549332618713379,
      -0.9990546703338623,
      0.042621299624443054
    ],
    "rotationMatrix" : [
      -0.37757015228271484,
      0.03624263405799866,
      0.9252713918685913,
      0.9259414672851562,
      0.024003058671951294,
      0.3769034147262573,
      -0.008549362421035767,
      0.9990546703338623,
      -0.042621344327926636
    ],
    "userAcceleration" : [
      0.04635181277990341,
      -0.07276839017868042,
      0.06943917274475098
    ]
  },
  {
    "timestamp" : 1251241824513,
    "gravity" : [
      0.008801739662885666,
      -0.9989219307899475,
      0.0455789640545845
    ],
    "rotationMatrix" : [
      -0.38755273818969727,
      0.038610488176345825,
      0.9210385084152222,
      0.9218053817749023,
      0.02577105164527893,
      0.38679513335227966,
      -0.008801758289337158,
      0.9989218711853027,
      -0.04557892680168152
    ],
    "userAcceleration" : [
      0.054537512362003326,
      -0.08326184749603271,
      0.09649550914764404
    ]
  },
  {
    "timestamp" : 1251241834567,
    "gravity" : [
      0.008695672266185284,
      -0.9988021850585938,
      0.04815390333533287
    ],
    "rotationMatrix" : [
      -0.3970034122467041,
      0.04074940085411072,
      0.9169121980667114,
      0.9177761077880859,
      0.02709028124809265,
      0.3961733877658844,
      -0.008695662021636963,
      0.9988021850585938,
      -0.04815390706062317
    ],
    "userAcceleration" : [
      0.06291383504867554,
      -0.0916367769241333,
      0.10855378210544586
    ]
  },
  {
    "timestamp" : 1251241844622,
    "gravity" : [
      0.008340101689100266,
      -0.9986921548843384,
      0.050440218299627304
    ],
    "rotationMatrix" : [
      -0.40568506717681885,
      0.0427250862121582,
      0.9130136966705322,
      0.9139747619628906,
      0.02807757258415222,
      0.40479832887649536,
      -0.00834009051322937,
      0.9986922144889832,
      -0.0504402220249176
    ],
    "userAcceleration" : [
      0.05338170751929283,
      -0.09702610969543457,
      0.10724401473999023
    ]
  },
  {
    "timestamp" : 1251241854676,
    "gravity" : [
      0.00795439537614584,
      -0.9985803961753845,
      0.05266694352030754
    ],
    "rotationMatrix" : [
      -0.41369539499282837,
      0.044663846492767334,
      0.9093190431594849,
      0.9103805422782898,
      0.029021263122558594,
      0.4127529263496399,
      -0.007954388856887817,
      0.9985803961753845,
      -0.05266696214675903
    ],
    "userAcceleration" : [
      0.037440523505210876,
      -0.1081852912902832,
      0.09351217746734619
    ]
  },
  {
    "timestamp" : 1251241864731,
    "gravity" : [
      0.00781389232724905,
      -0.9984515905380249,
      0.05507533252239227
    ],
    "rotationMatrix" : [
      -0.4209977984428406,
      0.046673208475112915,
      0.9058600068092346,
      0.9070279598236084,
      0.03026491403579712,
      0.41998133063316345,
      -0.007813870906829834,
      0.9984515905380249,
      -0.05507528781890869
    ],
    "userAcceleration" : [
      0.005049269646406174,
      -0.11891889572143555,
      0.08016324043273926
    ]
  },
  {
    "timestamp" : 1251241874785,
    "gravity" : [
      0.008234476670622826,
      -0.9982972741127014,
      0.057743895798921585
    ],
    "rotationMatrix" : [
      -0.42770886421203613,
      0.04868099093437195,
      0.9026044607162476,
      0.9038788080215454,
      0.03213033080101013,
      0.4265799820423126,
      -0.008234471082687378,
      0.9982973337173462,
      -0.05774393677711487
    ],
    "userAcceleration" : [
      -0.02530905231833458,
      -0.11483120918273926,
      0.07230663299560547
    ]
  },
  {
    "timestamp" : 1251241884840,
    "gravity" : [
      0.009381549432873726,
      -0.9981116652488708,
      0.06070311367511749
    ],
    "rotationMatrix" : [
      -0.43383514881134033,
      0.05063226819038391,
      0.8995682001113892,
      0.9009431600570679,
      0.034774720668792725,
      0.4325411021709442,
      -0.00938156247138977,
      0.9981116056442261,
      -0.0607030987739563
    ],
    "userAcceleration" : [
      -0.04148602485656738,
      -0.1038932204246521,
      0.05784237012267113
    ]
  },
  {
    "timestamp" : 1251241894894,
    "gravity" : [
      0.011096159927546978,
      -0.9978883266448975,
      0.0639985129237175
    ],
    "rotationMatrix" : [
      -0.4401986002922058,
      0.05259212851524353,
      0.8963589668273926,
      0.897831916809082,
      0.03811812400817871,
      0.43868547677993774,
      -0.01109611988067627,
      0.9978883862495422,
      -0.0639985203742981
    ],
    "userAcceleration" : [
      -0.039157066494226456,
      -0.09165024757385254,
      0.039486534893512726
    ]
  },
  {
    "timestamp" : 1251241904949,
    "gravity" : [
      0.013124251738190651,
      -0.9976284503936768,
      0.06756490468978882
    ],
    "rotationMatrix" : [
      -0.4473112225532532,
      0.0545748770236969,
      0.8927115201950073,
      0.8942818641662598,
      0.0419389009475708,
      0.44553428888320923,
      -0.013124257326126099,
      0.997628390789032,
      -0.06756490468978882
    ],
    "userAcceleration" : [
      -0.033799909055233,
      -0.06603109836578369,
      0.03959750384092331
    ]
  },
  {
    "timestamp" : 1251241915003,
    "gravity" : [
      0.015183798968791962,
      -0.9973526000976562,
      0.07111191749572754
    ],
    "rotationMatrix" : [
      -0.45554763078689575,
      0.05640992522239685,
      0.8884220719337463,
      0.8900816440582275,
      0.045884788036346436,
      0.453485369682312,
      -0.015183806419372559,
      0.9973526000976562,
      -0.07111191749572754
    ],
    "userAcceleration" : [
      -0.02803170122206211,
      -0.041374027729034424,
      0.06498109549283981
    ]
  },
  {
    "timestamp" : 1251241925058,
    "gravity" : [
      0.017035482451319695,
      -0.997089147567749,
      0.07431349158287048
    ],
    "rotationMatrix" : [
      -0.4646598696708679,
      0.057915955781936646,
      0.8835928440093994,
      0.8853249549865723,
      0.049583256244659424,
      0.4623209238052368,
      -0.017035484313964844,
      0.997089147567749,
      -0.07431352138519287
    ],
    "userAcceleration" : [
      -0.009848585352301598,
      -0.0479239821434021,
      0.10088776051998138
    ]
  },
  {
    "timestamp" : 1251241935112,
    "gravity" : [
      0.018553586676716805,
      -0.9968571066856384,
      0.0770149677991867
    ],
    "rotationMatrix" : [
      -0.47399699687957764,
      0.05905240774154663,
      0.8785437345504761,
      0.8803306818008423,
      0.05280527472496033,
      0.47141188383102417,
      -0.018553584814071655,
      0.9968571066856384,
      -0.07701495289802551
    ],
    "userAcceleration" : [
      0.008195089176297188,
      -0.08114564418792725,
      0.12726962566375732
    ]
  },
  {
    "timestamp" : 1251241945167,
    "gravity" : [
      0.019805891439318657,
      -0.9966526627540588,
      0.07931490987539291
    ],
    "rotationMatrix" : [
      -0.48268359899520874,
      0.05994144082069397,
      0.8737409114837646,
      0.8755706548690796,
      0.05558940768241882,
      0.4798808991909027,
      -0.019805878400802612,
      0.9966527223587036,
      -0.07931491732597351
    ],
    "userAcceleration" : [
      0.01152040809392929,
      -0.10550475120544434,
      0.1341860294342041
    ]
  },
  {
    "timestamp" : 1251241955222,
    "gravity" : [
      0.02091641165316105,
      -0.996457576751709,
      0.08145368844270706
    ],
    "rotationMatrix" : [
      -0.49049949645996094,
      0.06076514720916748,
      0.8693203926086426,
      0.8711904287338257,
      0.05813607573509216,
      0.4874909520149231,
      -0.02091643214225769,
      0.9964576363563538,
      -0.08145371079444885
    ],
    "userAcceleration" : [
      0.007861664518713951,
      -0.10885858535766602,
      0.12440253049135208
    ]
  },
  {
    "timestamp" : 1251241965276,
    "gravity" : [
      0.0220154020935297,
      -0.9962486028671265,
      0.08368971943855286
    ],
    "rotationMatrix" : [
      -0.4974263906478882,
      0.061697959899902344,
      0.8653093576431274,
      0.8672267198562622,
      0.06067967414855957,
      0.4942021369934082,
      -0.022015392780303955,
      0.9962486028671265,
      -0.08368968963623047
    ],
    "userAcceleration" : [
      -0.0030792299658060074,
      -0.10528331995010376,
      0.10095679759979248
    ]
  },
  {
    "timestamp" : 1251241975331,
    "gravity" : [
      0.0232546404004097,
      -0.9960027933120728,
      0.08624003827571869
    ],
    "rotationMatrix" : [
      -0.5037131309509277,
      0.0628405213356018,
      0.8615820407867432,
      0.8635576367378235,
      0.06347626447677612,
      0.5002385377883911,
      -0.0232546329498291,
      0.9960027933120728,
      -0.08623999357223511
    ],
    "userAcceleration" : [
      -0.0188448503613472,
      -0.09702986478805542,
      0.07705938071012497
    ]
  },
  {
    "timestamp" : 1251241985385,
    "gravity" : [
      0.02479667030274868,
      -0.9957020878791809,
      0.08923089504241943
    ],
    "rotationMatrix" : [
      -0.5099378228187561,
      0.06417468190193176,
      0.8578138947486877,
      0.8598536252975464,
      0.06677332520484924,
      0.5061550140380859,
      -0.024796664714813232,
      0.9957021474838257,
      -0.08923092484474182
    ],
    "userAcceleration" : [
      -0.04684562236070633,
      -0.08307886123657227,
      0.05238579958677292
    ]
  },
  {
    "timestamp" : 1251241995440,
    "gravity" : [
      0.026660360395908356,
      -0.995331883430481,
      0.09275469928979874
    ],
    "rotationMatrix" : [
      -0.5161327719688416,
      0.06575748324394226,
      0.8539804220199585,
      0.8560934066772461,
      0.07064133882522583,
      0.5119704008102417,
      -0.02666035294532776,
      0.995331883430481,
      -0.09275472164154053
    ],
    "userAcceleration" : [
      -0.07469501346349716,
      -0.06471133232116699,
      0.027530185878276825
    ]
  },
  {
    "timestamp" : 1251242005494,
    "gravity" : [
      0.028735073283314705,
      -0.9948856830596924,
      0.09683248400688171
    ],
    "rotationMatrix" : [
      -0.5234931111335754,
      0.06754741072654724,
      0.8493479490280151,
      0.851544976234436,
      0.07509739696979523,
      0.518875002861023,
      -0.028735071420669556,
      0.9948856830596924,
      -0.09683249890804291
    ],
    "userAcceleration" : [
      -0.08346832543611526,
      -0.039034485816955566,
      0.014129400253295898
    ]
  },
  {
    "timestamp" : 1251242015549,
    "gravity" : [
      0.030804838985204697,
      -0.9943639636039734,
      0.10144590586423874
    ],
    "rotationMatrix" : [
      -0.5318201184272766,
      0.06962916254997253,
      0.8439900875091553,
      0.8462969064712524,
      0.0799499899148941,
      0.5266778469085693,
      -0.030804842710494995,
      0.9943640232086182,
      -0.10144595801830292
    ],
    "userAcceleration" : [
      -0.07967871427536011,
      -0.010930836200714111,
      0.011484280228614807
    ]
  },
  {
    "timestamp" : 1251242025603,
    "gravity" : [
      0.03267613425850868,
      -0.9937648177146912,
      0.1066020056605339
    ],
    "rotationMatrix" : [
      -0.5408444404602051,
      0.0721120834350586,
      0.8380258083343506,
      0.8404877781867981,
      0.08503840863704681,
      0.5351157188415527,
      -0.032676130533218384,
      0.9937647581100464,
      -0.10660196840763092
    ],
    "userAcceleration" : [
      -0.06313265860080719,
      0.007375597953796387,
      0.025600090622901917
    ]
  },
  {
    "timestamp" : 1251242035658,
    "gravity" : [
      0.034335702657699585,
      -0.9930893182754517,
      0.11222384870052338
    ],
    "rotationMatrix" : [
      -0.5499288439750671,
      0.07498824596405029,
      0.8318380117416382,
      0.8345050811767578,
      0.09027720987796783,
      0.5435540080070496,
      -0.0343356728553772,
      0.9930893778800964,
      -0.11222390830516815
    ],
    "userAcceleration" : [
      -0.04413185641169548,
      0.01626765727996826,
      0.05296764522790909
    ]
  },
  {
    "timestamp" : 1251242045712,
    "gravity" : [
      0.03578157350420952,
      -0.9923607110977173,
      0.11806777119636536
    ],
    "rotationMatrix" : [
      -0.5586411356925964,
      0.07809898257255554,
      0.8257243633270264,
      0.8286373615264893,
      0.09550321102142334,
      0.551578938961029,
      -0.0357816219329834,
      0.9923606514930725,
      -0.11806780099868774
    ],
    "userAcceleration" : [
      -0.03620881214737892,
      0.02026897668838501,
      0.08763588964939117
    ]
  },
  {
    "timestamp" : 1251242055767,
    "gravity" : [
      0.03701215982437134,
      -0.9916062951087952,
      0.12388277798891068
    ],
    "rotationMatrix" : [
      -0.5668352246284485,
      0.08126312494277954,
      0.8198134303092957,
      0.8229992985725403,
      0.10056424140930176,
      0.5590696930885315,
      -0.03701215982437134,
      0.9916062951087952,
      -0.12388283014297485
    ],
    "userAcceleration" : [
      -0.032754961401224136,
      0.025526702404022217,
      0.11262834072113037
    ]
  },
  {
    "timestamp" : 1251242065821,
    "gravity" : [
      0.03803370147943497,
      -0.9908528327941895,
      0.12947452068328857
    ],
    "rotationMatrix" : [
      -0.5745900273323059,
      0.0843210220336914,
      0.8140857219696045,
      0.8175567388534546,
      0.10535787045955658,
      0.5661275386810303,
      -0.03803369402885437,
      0.9908528327941895,
      -0.129474475979805
    ],
    "userAcceleration" : [
      -0.04634975641965866,
      0.040077924728393555,
      0.12740705907344818
    ]
  },
  {
    "timestamp" : 1251242075876,
    "gravity" : [
      0.03877697512507439,
      -0.9901118278503418,
      0.13481317460536957
    ],
    "rotationMatrix" : [
      -0.5820404291152954,
      0.08728468418121338,
      0.8084614276885986,
      0.8122345209121704,
      0.10981664061546326,
      0.572900652885437,
      -0.03877696394920349,
      0.9901118278503418,
      -0.13481321930885315
    ],
    "userAcceleration" : [
      -0.062397561967372894,
      0.06031769514083862,
      0.1339549869298935
    ]
  },
  {
    "timestamp" : 1251242085930,
    "gravity" : [
      0.039106205105781555,
      -0.9893901944160461,
      0.13991963863372803
    ],
    "rotationMatrix" : [
      -0.5893769264221191,
      0.09023699164390564,
      0.8028023838996887,
      0.8069108724594116,
      0.11386018991470337,
      0.579595148563385,
      -0.03910619020462036,
      0.9893901944160461,
      -0.13991957902908325
    ],
    "userAcceleration" : [
      -0.06237587705254555,
      0.0767011046409607,
      0.14230678975582123
    ]
  },
  {
    "timestamp" : 1251242095985,
    "gravity" : [
      0.038976844400167465,
      -0.9886948466300964,
      0.14478616416454315
    ],
    "rotationMatrix" : [
      -0.5964596271514893,
      0.09323090314865112,
      0.7972098588943481,
      0.8016959428787231,
      0.11743202805519104,
      0.5860828757286072,
      -0.038976848125457764,
      0.9886948466300964,
      -0.14478620886802673
    ],
    "userAcceleration" : [
      -0.05924050882458687,
      0.08891469240188599,
      0.15347729623317719
    ]
  },
  {
    "timestamp" : 1251242106039,
    "gravity" : [
      0.03853171318769455,
      -0.9880483150482178,
      0.14925087988376617
    ],
    "rotationMatrix" : [
      -0.6032525300979614,
      0.09607213735580444,
      0.7917426824569702,
      0.7966189384460449,
      0.12054313719272614,
      0.5923408269882202,
      -0.03853169083595276,
      0.9880483150482178,
      -0.1492508500814438
    ],
    "userAcceleration" : [
      -0.06915612518787384,
      0.09293729066848755,
      0.16767406463623047
    ]
  },
  {
    "timestamp" : 1251242116094,
    "gravity" : [
      0.03797740489244461,
      -0.9874683022499084,
      0.1531801074743271
    ],
    "rotationMatrix" : [
      -0.6098822951316833,
      0.09852510690689087,
      0.7863438129425049,
      0.7915816307067871,
      0.12328502535820007,
      0.5984976291656494,
      -0.037977367639541626,
      0.9874683618545532,
      -0.1531800925731659
    ],
    "userAcceleration" : [
      -0.09120002388954163,
      0.08320194482803345,
      0.18048371374607086
    ]
  },
  {
    "timestamp" : 1251242126149,
    "gravity" : [
      0.037580106407403946,
      -0.9869617223739624,
      0.15650637447834015
    ],
    "rotationMatrix" : [
      -0.6159927248954773,
      0.10044243931770325,
      0.7813221216201782,
      0.7868549823760986,
      0.1257689893245697,
      0.6041866540908813,
      -0.03758010268211365,
      0.9869617223739624,
      -0.15650638937950134
    ],
    "userAcceleration" : [
      -0.11424027383327484,
      0.0651935338973999,
      0.18730463087558746
    ]
  },
  {
    "timestamp" : 1251242136203,
    "gravity" : [
      0.03765036538243294,
      -0.9865255355834961,
      0.15921525657176971
    ],
    "rotationMatrix" : [
      -0.6217063665390015,
      0.10161325335502625,
      0.7766308784484863,
      0.7823446989059448,
      0.12822580337524414,
      0.6095036864280701,
      -0.037650346755981445,
      0.9865255951881409,
      -0.15921521186828613
    ],
    "userAcceleration" : [
      -0.14101339876651764,
      0.05879133939743042,
      0.18941746652126312
    ]
  },
  {
    "timestamp" : 1251242146258,
    "gravity" : [
      0.03836106136441231,
      -0.9861552715301514,
      0.161326065659523
    ],
    "rotationMatrix" : [
      -0.6271464228630066,
      0.1019296944141388,
      0.7722030878067017,
      0.7779561281204224,
      0.13079768419265747,
      0.6145537495613098,
      -0.038361042737960815,
      0.9861553311347961,
      -0.16132605075836182
    ],
    "userAcceleration" : [
      -0.15966841578483582,
      0.05965691804885864,
      0.18535351753234863
    ]
  },
  {
    "timestamp" : 1251242156312,
    "gravity" : [
      0.03965191915631294,
      -0.9858391284942627,
      0.16293738782405853
    ],
    "rotationMatrix" : [
      -0.6324126124382019,
      0.10148933529853821,
      0.7679543495178223,
      0.7736159563064575,
      0.13349471986293793,
      0.6194331049919128,
      -0.03965190052986145,
      0.9858391880989075,
      -0.16293735802173615
    ],
    "userAcceleration" : [
      -0.16543008387088776,
      0.06469672918319702,
      0.17692147195339203
    ]
  },
  {
    "timestamp" : 1251242166367,
    "gravity" : [
      0.04139929264783859,
      -0.9855688810348511,
      0.16413386166095734
    ],
    "rotationMatrix" : [
      -0.6372225880622864,
      0.10048440098762512,
      0.7641007900238037,
      0.7695668935775757,
      0.13622316718101501,
      0.6238669157028198,
      -0.04139930009841919,
      0.9855688810348511,
      -0.16413387656211853
    ],
    "userAcceleration" : [
      -0.15988381206989288,
      0.08162301778793335,
      0.16919434070587158
    ]
  },
  {
    "timestamp" : 1251242176421,
    "gravity" : [
      0.04336905479431152,
      -0.985338568687439,
      0.16500554978847504
    ],
    "rotationMatrix" : [
      -0.6416777968406677,
      0.09911808371543884,
      0.7605425119400024,
      0.7657469511032104,
      0.13886460661888123,
      0.6279714107513428,
      -0.04336905479431152,
      0.985338568687439,
      -0.16500553488731384
    ],
    "userAcceleration" : [
      -0.14215444028377533,
      0.10116815567016602,
      0.15835857391357422
    ]
  },
  {
    "timestamp" : 1251242186476,
    "gravity" : [
      0.04538891464471817,
      -0.985142707824707,
      0.16562992334365845
    ],
    "rotationMatrix" : [
      -0.6455862522125244,
      0.09759992361068726,
      0.7574245929718018,
      0.7623369693756104,
      0.14130742847919464,
      0.6315648555755615,
      -0.04538890719413757,
      0.985142707824707,
      -0.16562990844249725
    ],
    "userAcceleration" : [
      -0.12626048922538757,
      0.11058545112609863,
      0.1425822675228119
    ]
  },
  {
    "timestamp" : 1251242196530,
    "gravity" : [
      0.047376763075590134,
      -0.9849855899810791,
      0.16600832343101501
    ],
    "rotationMatrix" : [
      -0.6492394804954529,
      0.09593638777732849,
      0.7545093297958374,
      0.7591071128845215,
      0.14352533221244812,
      0.6349464058876038,
      -0.04737675189971924,
      0.9849856495857239,
      -0.16600832343101501
    ],
    "userAcceleration" : [
      -0.11659061908721924,
      0.1118166446685791,
      0.13051559031009674
    ]
  },
  {
    "timestamp" : 1251242206585,
    "gravity" : [
      0.049244463443756104,
      -0.9848646521568298,
      0.16618146002292633
    ],
    "rotationMatrix" : [
      -0.653007984161377,
      0.09414941072463989,
      0.7514758706092834,
      0.7557480335235596,
      0.14552412927150726,
      0.6384884119033813,
      -0.049244463443756104,
      0.9848647117614746,
      -0.16618146002292633
    ],
    "userAcceleration" : [
      -0.1125226691365242,
      0.10322725772857666,
      0.12043951451778412
    ]
  },
  {
    "timestamp" : 1251242216639,
    "gravity" : [
      0.05102524161338806,
      -0.9847686886787415,
      0.16621337831020355
    ],
    "rotationMatrix" : [
      -0.6569827198982239,
      0.09224995970726013,
      0.7482402324676514,
      0.7521767616271973,
      0.14737865328788757,
      0.6422690749168396,
      -0.05102524161338806,
      0.9847686886787415,
      -0.16621336340904236
    ],
    "userAcceleration" : [
      -0.11636334657669067,
      0.09841620922088623,
      0.1204228401184082
    ]
  },
  {
    "timestamp" : 1251242226694,
    "gravity" : [
      0.05299169942736626,
      -0.9846817255020142,
      0.16611382365226746
    ],
    "rotationMatrix" : [
      -0.6612452864646912,
      0.09005141258239746,
      0.7447451949119568,
      0.748295783996582,
      0.14930731058120728,
      0.6463441848754883,
      -0.05299168825149536,
      0.9846817255020142,
      -0.16611385345458984
    ],
    "userAcceleration" : [
      -0.12910252809524536,
      0.07881313562393188,
      0.1157921701669693
    ]
  },
  {
    "timestamp" : 1251242236748,
    "gravity" : [
      0.055249471217393875,
      -0.984581470489502,
      0.16597133874893188
    ],
    "rotationMatrix" : [
      -0.6657310128211975,
      0.08755970001220703,
      0.7410365343093872,
      0.7441433668136597,
      0.15143437683582306,
      0.650628924369812,
      -0.05524948239326477,
      0.984581470489502,
      -0.16597138345241547
    ],
    "userAcceleration" : [
      -0.12746931612491608,
      0.05349034070968628,
      0.10645900666713715
    ]
  },
  {
    "timestamp" : 1251242246803,
    "gravity" : [
      0.05776757001876831,
      -0.9844379425048828,
      0.16596591472625732
    ],
    "rotationMatrix" : [
      -0.6704192757606506,
      0.08492761850357056,
      0.7371058464050293,
      0.7397301197052002,
      0.15384766459465027,
      0.6550801992416382,
      -0.05776757001876831,
      0.9844379425048828,
      -0.16596588492393494
    ],
    "userAcceleration" : [
      -0.1205422505736351,
      0.05049329996109009,
      0.09412002563476562
    ]
  },
  {
    "timestamp" : 1251242256857,
    "gravity" : [
      0.06033105403184891,
      -0.9842279553413391,
      0.16629864275455475
    ],
    "rotationMatrix" : [
      -0.6752673387527466,
      0.08244943618774414,
      0.7329499125480652,
      0.7351011037826538,
      0.15651598572731018,
      0.6596429944038391,
      -0.06033104658126831,
      0.9842279553413391,
      -0.16629859805107117
    ],
    "userAcceleration" : [
      -0.10563437640666962,
      0.06397050619125366,
      0.0840369313955307
    ]
  },
  {
    "timestamp" : 1251242266912,
    "gravity" : [
      0.06264759600162506,
      -0.9839507937431335,
      0.16708162426948547
    ],
    "rotationMatrix" : [
      -0.6805258393287659,
      0.0803426206111908,
      0.7283061146736145,
      0.7300411462783813,
      0.1593298465013504,
      0.6645706295967102,
      -0.06264758110046387,
      0.9839507937431335,
      -0.1670815795660019
    ],
    "userAcceleration" : [
      -0.08498644828796387,
      0.07158195972442627,
      0.08380331099033356
    ]
  },
  {
    "timestamp" : 1251242276966,
    "gravity" : [
      0.06453736126422882,
      -0.9836415648460388,
      0.1681789755821228
    ],
    "rotationMatrix" : [
      -0.6858752965927124,
      0.07869207859039307,
      0.7234517931938171,
      0.7248516082763672,
      0.16203951835632324,
      0.6695769429206848,
      -0.06453734636306763,
      0.9836415648460388,
      -0.16817891597747803
    ],
    "userAcceleration" : [
      -0.06851992011070251,
      0.06939607858657837,
      0.10055875778198242
    ]
  },
  {
    "timestamp" : 1251242287021,
    "gravity" : [
      0.06595007330179214,
      -0.9833433032035828,
      0.16936956346035004
    ],
    "rotationMatrix" : [
      -0.690949022769928,
      0.077455073595047,
      0.7187415957450867,
      0.71988844871521,
      0.16442717611789703,
      0.6743323802947998,
      -0.06595003604888916,
      0.9833433628082275,
      -0.16936950385570526
    ],
    "userAcceleration" : [
      -0.059877075254917145,
      0.060797154903411865,
      0.12613199651241302
    ]
  },
  {
    "timestamp" : 1251242297075,
    "gravity" : [
      0.06696821004152298,
      -0.9830701351165771,
      0.17055317759513855
    ],
    "rotationMatrix" : [
      -0.6955108642578125,
      0.07656648755073547,
      0.7144243717193604,
      0.7153879404067993,
      0.16646532714366913,
      0.6786084175109863,
      -0.06696820259094238,
      0.9830701351165771,
      -0.17055316269397736
    ],
    "userAcceleration" : [
      -0.05761454254388809,
      0.04401367902755737,
      0.1400393396615982
    ]
  },
  {
    "timestamp" : 1251242307130,
    "gravity" : [
      0.06768838316202164,
      -0.9827954173088074,
      0.1718468815088272
    ],
    "rotationMatrix" : [
      -0.6993388533592224,
      0.07610848546028137,
      0.7107267379760742,
      0.7115780115127563,
      0.16828729212284088,
      0.682155430316925,
      -0.06768837571144104,
      0.9827954173088074,
      -0.1718469113111496
    ],
    "userAcceleration" : [
      -0.05169718712568283,
      0.03104376792907715,
      0.13638055324554443
    ]
  },
  {
    "timestamp" : 1251242317184,
    "gravity" : [
      0.06823998689651489,
      -0.9824879169464111,
      0.17338083684444427
    ],
    "rotationMatrix" : [
      -0.7024011611938477,
      0.07610267400741577,
      0.7077012062072754,
      0.7085025906562805,
      0.1700764000415802,
      0.6849073767662048,
      -0.06823998689651489,
      0.9824878573417664,
      -0.17338082194328308
    ],
    "userAcceleration" : [
      -0.05246236175298691,
      0.026570498943328857,
      0.13235940039157867
    ]
  },
  {
    "timestamp" : 1251242327239,
    "gravity" : [
      0.0688156709074974,
      -0.982136070728302,
      0.17513777315616608
    ],
    "rotationMatrix" : [
      -0.7048500180244446,
      0.07637256383895874,
      0.7052332162857056,
      0.706010639667511,
      0.17197690904140472,
      0.6870028972625732,
      -0.06881570816040039,
      0.9821360111236572,
      -0.17513783276081085
    ],
    "userAcceleration" : [
      -0.05973667651414871,
      0.021579980850219727,
      0.12942756712436676
    ]
  },
  {
    "timestamp" : 1251242337293,
    "gravity" : [
      0.06944548338651657,
      -0.9817584156990051,
      0.17699581384658813
    ],
    "rotationMatrix" : [
      -0.7068278789520264,
      0.07677915692329407,
      0.7032061219215393,
      0.7039681673049927,
      0.17394034564495087,
      0.6886024475097656,
      -0.06944549083709717,
      0.9817583560943604,
      -0.17699582874774933
    ],
    "userAcceleration" : [
      -0.061571940779685974,
      0.016319692134857178,
      0.1216643899679184
    ]
  },
  {
    "timestamp" : 1251242347348,
    "gravity" : [
      0.07028629630804062,
      -0.9813608527183533,
      0.17885862290859222
    ],
    "rotationMatrix" : [
      -0.7086551785469055,
      0.07706722617149353,
      0.7013330459594727,
      0.7020450830459595,
      0.17604339122772217,
      0.6900299191474915,
      -0.07028627395629883,
      0.9813608527183533,
      -0.17885857820510864
    ],
    "userAcceleration" : [
      -0.06389285624027252,
      0.015449106693267822,
      0.10678575932979584
    ]
  },
  {
    "timestamp" : 1251242357402,
    "gravity" : [
      0.07116484642028809,
      -0.9809389710426331,
      0.18081466853618622
    ],
    "rotationMatrix" : [
      -0.7107077836990356,
      0.07732662558555603,
      0.6992242932319641,
      0.6998782157897949,
      0.17826689779758453,
      0.6916581988334656,
