[
  {
    "userAcceleration" : [
      -0.06571491807699203,
      0.10799866914749146,
      0.005388439632952213
    ],
    "timestamp" : 1251120954617,
    "rotationMatrix" : [
      0.7102230787277222,
      -0.055941879749298096,
      0.7017503380775452,
      0.7004390954971313,
      -0.043652623891830444,
      -0.7123756408691406,
      0.07048499584197998,
      0.9974790811538696,
      0.008180826902389526
    ],
    "gravity" : [
      -0.07048500329256058,
      -0.9974790811538696,
      -0.008180869743227959
    ]
  },
  {
    "userAcceleration" : [
      -0.07020214200019836,
      0.09325593709945679,
      0.03169363737106323
    ],
    "timestamp" : 1251120964671,
    "rotationMatrix" : [
      0.7046248912811279,
      -0.057907938957214355,
      0.7072131037712097,
      0.7059414982795715,
      -0.04359208047389984,
      -0.7069273591041565,
      0.07176560163497925,
      0.9973697066307068,
      0.010163560509681702
    ],
    "gravity" : [
      -0.07176562398672104,
      -0.9973697066307068,
      -0.010163557715713978
    ]
  },
  {
    "userAcceleration" : [
      -0.06515805423259735,
      0.07641363143920898,
      0.050982534885406494
    ],
    "timestamp" : 1251120974725,
    "rotationMatrix" : [
      0.6986516714096069,
      -0.059926360845565796,
      0.7129478454589844,
      0.7117706537246704,
      -0.04287618398666382,
      -0.7011018991470337,
      0.07258301973342896,
      0.9972814321517944,
      0.012698329985141754
    ],
    "gravity" : [
      -0.07258301228284836,
      -0.9972814321517944,
      -0.012698346748948097
    ]
  },
  {
    "userAcceleration" : [
      -0.05812358856201172,
      0.06613188982009888,
      0.0705602765083313
    ],
    "timestamp" : 1251120984779,
    "rotationMatrix" : [
      0.6924626231193542,
      -0.06204092502593994,
      0.7187811732292175,
      0.7177514433860779,
      -0.04156064987182617,
      -0.69505774974823,
      0.07299518585205078,
      0.997207760810852,
      0.01575082540512085
    ],
    "gravity" : [
      -0.07299516350030899,
      -0.997207760810852,
      -0.015750832855701447
    ]
  },
  {
    "userAcceleration" : [
      -0.046267323195934296,
      0.06113791465759277,
      0.08375531435012817
    ],
    "timestamp" : 1251120994833,
    "rotationMatrix" : [
      0.6864688396453857,
      -0.06426018476486206,
      0.7243143320083618,
      0.7234799861907959,
      -0.039717718958854675,
      -0.689201831817627,
      0.07305637001991272,
      0.9971424341201782,
      0.01922599971294403
    ],
    "gravity" : [
      -0.07305639237165451,
      -0.9971424341201782,
      -0.01922597922384739
    ]
  },
  {
    "userAcceleration" : [
      -0.03574872761964798,
      0.05563133955001831,
      0.0925714373588562
    ],
    "timestamp" : 1251121004887,
    "rotationMatrix" : [
      0.6808584928512573,
      -0.06654506921768188,
      0.7293857336044312,
      0.7287923097610474,
      -0.037372052669525146,
      -0.6837141513824463,
      0.07275649905204773,
      0.9970831871032715,
      0.023052483797073364
    ],
    "gravity" : [
      -0.07275649905204773,
      -0.9970832467079163,
      -0.023052474483847618
    ]
  },
  {
    "userAcceleration" : [
      -0.03032674640417099,
      0.054719626903533936,
      0.0947447419166565
    ],
    "timestamp" : 1251121014941,
    "rotationMatrix" : [
      0.6761432886123657,
      -0.06892988085746765,
      0.7335386276245117,
      0.7332347631454468,
      -0.03446286916732788,
      -0.6791015863418579,
      0.0720902681350708,
      0.9970260858535767,
      0.027239948511123657
    ],
    "gravity" : [
      -0.07209023088216782,
      -0.9970260262489319,
      -0.027239961549639702
    ]
  },
  {
    "userAcceleration" : [
      -0.030235692858695984,
      0.057894349098205566,
      0.09186345338821411
    ],
    "timestamp" : 1251121024995,
    "rotationMatrix" : [
      0.6718087792396545,
      -0.07138785719871521,
      0.737276554107666,
      0.7373089790344238,
      -0.03102847933769226,
      -0.6748427152633667,
      0.07105213403701782,
      0.9969658851623535,
      0.03178970515727997
    ],
    "gravity" : [
      -0.07105213403701782,
      -0.9969658851623535,
      -0.03178970888257027
    ]
  },
  {
    "userAcceleration" : [
      -0.03133822977542877,
      0.06387794017791748,
      0.080780029296875
    ],
    "timestamp" : 1251121035049,
    "rotationMatrix" : [
      0.6678906679153442,
      -0.07397395372390747,
      0.7405740022659302,
      0.7409879565238953,
      -0.027101874351501465,
      -0.6709710359573364,
      0.06970542669296265,
      0.9968917369842529,
      0.036712780594825745
    ],
    "gravity" : [
      -0.06970544159412384,
      -0.9968917369842529,
      -0.03671275079250336
    ]
  },
  {
    "userAcceleration" : [
      -0.027960851788520813,
      0.07241743803024292,
      0.06573760509490967
    ],
    "timestamp" : 1251121045103,
    "rotationMatrix" : [
      0.6642742156982422,
      -0.07667714357376099,
      0.7435457706451416,
      0.7443767786026001,
      -0.022818908095359802,
      -0.6673696637153625,
      0.068138986825943,
      0.9967947602272034,
      0.04191870987415314
    ],
    "gravity" : [
      -0.0681389793753624,
      -0.9967947006225586,
      -0.041918717324733734
    ]
  },
  {
    "userAcceleration" : [
      -0.017116323113441467,
      0.07891535758972168,
      0.04737645760178566
    ],
    "timestamp" : 1251121055157,
    "rotationMatrix" : [
      0.6608049869537354,
      -0.07943546772003174,
      0.7463421821594238,
      0.7476097345352173,
      -0.018382981419563293,
      -0.6638835668563843,
      0.06645604968070984,
      0.9966703653335571,
      0.04723922908306122
    ],
    "gravity" : [
      -0.06645604223012924,
      -0.9966703057289124,
      -0.04723919555544853
    ]
  },
  {
    "userAcceleration" : [
      0.0008311271667480469,
      0.08132541179656982,
      0.032001081854104996
    ],
    "timestamp" : 1251121065211,
    "rotationMatrix" : [
      0.6571789979934692,
      -0.08220046758651733,
      0.7492387294769287,
      0.7509454488754272,
      -0.014028400182723999,
      -0.6602149605751038,
      0.06478068232536316,
      0.9965168833732605,
      0.05250893533229828
    ],
    "gravity" : [
      -0.06478068977594376,
      -0.9965168833732605,
      -0.05250898376107216
    ]
  },
  {
    "userAcceleration" : [
      0.012480460107326508,
      0.08317214250564575,
      0.023389451205730438
    ],
    "timestamp" : 1251121075265,
    "rotationMatrix" : [
      0.6534215211868286,
      -0.08496522903442383,
      0.7522109150886536,
      0.754347562789917,
      -0.009937748312950134,
      -0.6564000844955444,
      0.06324642896652222,
      0.996334433555603,
      0.05759976804256439
    ],
    "gravity" : [
      -0.06324644386768341,
      -0.996334433555603,
      -0.0575997456908226
    ]
  },
  {
    "userAcceleration" : [
      0.018552806228399277,
      0.08217358589172363,
      0.01977252960205078
    ],
    "timestamp" : 1251121085319,
    "rotationMatrix" : [
      0.6494710445404053,
      -0.08768260478973389,
      0.7553138732910156,
      0.757864773273468,
      -0.006182610988616943,
      -0.6523821353912354,
      0.0618724524974823,
      0.9961291551589966,
      0.062436193227767944
    ],
    "gravity" : [
      -0.061872489750385284,
      -0.9961291551589966,
      -0.06243619695305824
    ]
  },
  {
    "userAcceleration" : [
      0.02449798211455345,
      0.08238524198532104,
      0.02488715946674347
    ],
    "timestamp" : 1251121095373,
    "rotationMatrix" : [
      0.6454254388809204,
      -0.0904359221458435,
      0.7584505081176758,
      0.7614045143127441,
      -0.0027825236320495605,
      -0.6482707262039185,
      0.06073752045631409,
      0.9958981275558472,
      0.06706252694129944
    ],
    "gravity" : [
      -0.06073758006095886,
      -0.9958981275558472,
      -0.06706254184246063
    ]
  },
  {
    "userAcceleration" : [
      0.02661772444844246,
      0.08144873380661011,
      0.04075302183628082
    ],
    "timestamp" : 1251121105427,
    "rotationMatrix" : [
      0.641355037689209,
      -0.09335049986839294,
      0.7615439891815186,
      0.7649002075195312,
      0.0002680867910385132,
      -0.6441484689712524,
      0.05992761254310608,
      0.9956330060958862,
      0.07157586514949799
    ],
    "gravity" : [
      -0.05992763489484787,
      -0.995633065700531,
      -0.0715758427977562
    ]
  },
  {
    "userAcceleration" : [
      0.02584858238697052,
      0.07571017742156982,
      0.054684340953826904
    ],
    "timestamp" : 1251121115481,
    "rotationMatrix" : [
      0.6374629735946655,
      -0.09651711583137512,
      0.7644118070602417,
      0.7681794166564941,
      0.0029872506856918335,
      -0.6402276754379272,
      0.059509485960006714,
      0.9953267574310303,
      0.07604672014713287
    ],
    "gravity" : [
      -0.059509456157684326,
      -0.995326817035675,
      -0.07604671269655228
    ]
  },
  {
    "userAcceleration" : [
      0.01712104305624962,
      0.06512421369552612,
      0.05719649791717529
    ],
    "timestamp" : 1251121125535,
    "rotationMatrix" : [
      0.6338058114051819,
      -0.09993213415145874,
      0.7670095562934875,
      0.7712030410766602,
      0.005409792065620422,
      -0.6365661025047302,
      0.05946415662765503,
      0.9949794411659241,
      0.08049678802490234
    ],
    "gravity" : [
      -0.059464164078235626,
      -0.9949794411659241,
      -0.08049674332141876
    ]
  },
  {
    "userAcceleration" : [
      0.010158248245716095,
      0.052761614322662354,
      0.059297919273376465
    ],
    "timestamp" : 1251121135589,
    "rotationMatrix" : [
      0.630769670009613,
      -0.10340696573257446,
      0.7690491676330566,
      0.7736710906028748,
      0.007573574781417847,
      -0.6335421204566956,
      0.05968821048736572,
      0.9946102499961853,
      0.08478017151355743
    ],
    "gravity" : [
      -0.0596882626414299,
      -0.9946102499961853,
      -0.08478018641471863
    ]
  },
  {
    "userAcceleration" : [
      0.0014589913189411163,
      0.0406496524810791,
      0.06357872486114502
    ],
    "timestamp" : 1251121145643,
    "rotationMatrix" : [
      0.6284240484237671,
      -0.10681599378585815,
      0.7705020904541016,
      0.7755517363548279,
      0.009605810046195984,
      -0.6312108635902405,
      0.060022175312042236,
      0.9942323565483093,
      0.08887790143489838
    ],
    "gravity" : [
      -0.06002220883965492,
      -0.9942322969436646,
      -0.08887787908315659
    ]
  },
  {
    "userAcceleration" : [
      -0.007801249623298645,
      0.028406500816345215,
      0.06659096479415894
    ],
    "timestamp" : 1251121155697,
    "rotationMatrix" : [
      0.6267480850219727,
      -0.1101541817188263,
      0.7713966965675354,
      0.7768853902816772,
      0.011728093028068542,
      -0.6295326948165894,
      0.06029874086380005,
      0.9938452243804932,
      0.09292776882648468
    ],
    "gravity" : [
      -0.06029871106147766,
      -0.9938452243804932,
      -0.09292774647474289
    ]
  },
  {
    "userAcceleration" : [
      -0.00973561778664589,
      0.018767058849334717,
      0.0664525181055069
    ],
    "timestamp" : 1251121165751,
    "rotationMatrix" : [
      0.6254326105117798,
      -0.11350315809249878,
      0.7719786167144775,
      0.7779361605644226,
      0.014109298586845398,
      -0.6281845569610596,
      0.06040900945663452,
      0.9934372901916504,
      0.09712271392345428
    ],
    "gravity" : [
      -0.06040900945663452,
      -0.9934372305870056,
      -0.09712275117635727
    ]
  },
  {
    "userAcceleration" : [
      -0.0054369643330574036,
      0.010661125183105469,
      0.06168830394744873
    ],
    "timestamp" : 1251121175806,
    "rotationMatrix" : [
      0.6243770122528076,
      -0.11699223518371582,
      0.7723121643066406,
      0.778782844543457,
      0.01675797998905182,
      -0.6270695924758911,
      0.06041997671127319,
      0.9929913282394409,
      0.10157488286495209
    ],
    "gravity" : [
      -0.060419950634241104,
      -0.9929913282394409,
      -0.10157489031553268
    ]
  },
  {
    "userAcceleration" : [
      -0.0039047040045261383,
      0.0007684230804443359,
      0.047235965728759766
    ],
    "timestamp" : 1251121185860,
    "rotationMatrix" : [
      0.6232380867004395,
      -0.12067556381225586,
      0.77266526222229,
      0.7796988487243652,
      0.01961924135684967,
      -0.625847339630127,
      0.06036534905433655,
      0.9924981594085693,
      0.10631801187992096
    ],
    "gravity" : [
      -0.06036530062556267,
      -0.9924980998039246,
      -0.10631806403398514
    ]
  },
  {
    "userAcceleration" : [
      -0.00452972948551178,
      -0.00559002161026001,
      0.030065059661865234
    ],
    "timestamp" : 1251121195914,
    "rotationMatrix" : [
      0.6218639612197876,
      -0.12457701563835144,
      0.7731531858444214,
      0.7807976007461548,
      0.022566869854927063,
      -0.6243762969970703,
      0.060335367918014526,
      0.9919532537460327,
      0.11130300164222717
    ],
    "gravity" : [
      -0.060335367918014526,
      -0.9919532537460327,
      -0.11130295693874359
    ]
  },
  {
    "userAcceleration" : [
      -0.008256923407316208,
      -0.019939422607421875,
      0.007636427879333496
    ],
    "timestamp" : 1251121205968,
    "rotationMatrix" : [
      0.6200963854789734,
      -0.12850332260131836,
      0.7739298343658447,
      0.7822047472000122,
      0.025445163249969482,
      -0.62250155210495,
      0.0603007972240448,
      0.9913825392723083,
      0.11629438400268555
    ],
    "gravity" : [
      -0.0603007972240448,
      -0.9913825392723083,
      -0.11629437655210495
    ]
  },
  {
    "userAcceleration" : [
      -0.013721104711294174,
      -0.03897905349731445,
      -0.00594668835401535
    ],
    "timestamp" : 1251121216022,
    "rotationMatrix" : [
      0.6179063320159912,
      -0.13221019506454468,
      0.7750562429428101,
      0.7839465737342834,
      0.028170093894004822,
      -0.6201887130737305,
      0.06016191840171814,
      0.9908212423324585,
      0.12105225026607513
    ],
    "gravity" : [
      -0.060161933302879333,
      -0.9908211827278137,
      -0.12105229496955872
    ]
  },
  {
    "userAcceleration" : [
      -0.014704395085573196,
      -0.042143046855926514,
      -0.00694255530834198
    ],
    "timestamp" : 1251121226076,
    "rotationMatrix" : [
      0.6155802011489868,
      -0.13554903864860535,
      0.7763293981552124,
      0.7857900857925415,
      0.030626952648162842,
      -0.6177343130111694,
      0.05995684862136841,
      0.9902969598770142,
      0.12536653876304626
    ],
    "gravity" : [
      -0.05995684117078781,
      -0.9902970194816589,
      -0.1253664791584015
    ]
  },
  {
    "userAcceleration" : [
      -0.009483862668275833,
      -0.04975086450576782,
      -0.000903889536857605
    ],
    "timestamp" : 1251121236130,
    "rotationMatrix" : [
      0.6133173108100891,
      -0.1385340392589569,
      0.7775924205780029,
      0.7875725030899048,
      0.03277616202831268,
      -0.615349531173706,
      0.059760481119155884,
      0.9898149967193604,
      0.12920787930488586
    ],
    "gravity" : [
      -0.059760499745607376,
      -0.9898149967193604,
      -0.12920789420604706
    ]
  },
  {
    "userAcceleration" : [
      -0.006753269582986832,
      -0.05826061964035034,
      0.014473140239715576
    ],
    "timestamp" : 1251121246184,
    "rotationMatrix" : [
      0.6111445426940918,
      -0.14130067825317383,
      0.7788044810295105,
      0.7892655730247498,
      0.03459753096103668,
      -0.6130764484405518,
      0.05968350172042847,
      0.9893618822097778,
      0.1326678991317749
    ],
    "gravity" : [
      -0.059683483093976974,
      -0.9893619418144226,
      -0.13266783952713013
    ]
  },
  {
    "userAcceleration" : [
      -0.004502888768911362,
      -0.06909692287445068,
      0.03464710712432861
    ],
    "timestamp" : 1251121256238,
    "rotationMatrix" : [
      0.6092908382415771,
      -0.1440717875957489,
      0.7797486782073975,
      0.7906923294067383,
      0.03628835082054138,
      -0.6111372709274292,
      0.05975183844566345,
      0.9889016151428223,
      0.13602662086486816
    ],
    "gravity" : [
      -0.059751853346824646,
      -0.9889016151428223,
      -0.13602660596370697
    ]
  },
  {
    "userAcceleration" : [
      -0.003905743360519409,
      -0.08152967691421509,
      0.043992117047309875
    ],
    "timestamp" : 1251121266292,
    "rotationMatrix" : [
      0.6079198122024536,
      -0.14701363444328308,
      0.7802695035934448,
      0.7917340993881226,
      0.03807571530342102,
      -0.6096779108047485,
      0.05992177128791809,
      0.9884012937545776,
      0.13954275846481323
    ],
    "gravity" : [
      -0.0599217489361763,
      -0.9884012341499329,
      -0.13954274356365204
    ]
  },
  {
    "userAcceleration" : [
      -0.006508253514766693,
      -0.09386754035949707,
      0.02934207022190094
    ],
    "timestamp" : 1251121276346,
    "rotationMatrix" : [
      0.6070035099983215,
      -0.1501101851463318,
      0.780393123626709,
      0.7924211621284485,
      0.04003016650676727,
      -0.608659029006958,
      0.06012687087059021,
      0.9878582954406738,
      0.143249049782753
    ],
    "gravity" : [
      -0.060126859694719315,
      -0.9878583550453186,
      -0.1432490199804306
    ]
  },
  {
    "userAcceleration" : [
      -0.007424831390380859,
      -0.09750455617904663,
      0.0015834569931030273
    ],
    "timestamp" : 1251121286400,
    "rotationMatrix" : [
      0.606331467628479,
      -0.15326473116874695,
      0.7803025245666504,
      0.7929205894470215,
      0.04208725690841675,
      -0.6078696250915527,
      0.06032419204711914,
      0.9872884750366211,
      0.1470455825328827
    ],
    "gravity" : [
      -0.06032417714595795,
      -0.9872884750366211,
      -0.14704561233520508
    ]
  },
  {
    "userAcceleration" : [
      -0.0035111233592033386,
      -0.09747159481048584,
      -0.024902179837226868
    ],
    "timestamp" : 1251121296454,
    "rotationMatrix" : [
      0.6055083870887756,
      -0.1564677357673645,
      0.7803060412406921,
      0.7935348749160767,
      0.04414784908294678,
      -0.6069212555885315,
      0.060514748096466064,
      0.9866959452629089,
      0.15089446306228638
    ],
    "gravity" : [
      -0.060514748096466064,
      -0.9866959452629089,
      -0.15089444816112518
    ]
  },
  {
    "userAcceleration" : [
      -0.0025233663618564606,
      -0.09374755620956421,
      -0.04544658958911896
    ],
    "timestamp" : 1251121306508,
    "rotationMatrix" : [
      0.6045089960098267,
      -0.15970680117607117,
      0.7804245948791504,
      0.7942781448364258,
      0.04612326622009277,
      -0.6058011651039124,
      0.06075480580329895,
      0.9860864281654358,
      0.1547335535287857
    ],
    "gravity" : [
      -0.06075482442975044,
      -0.9860864281654358,
      -0.1547335684299469
    ]
  },
  {
    "userAcceleration" : [
      -0.014864325523376465,
      -0.0888795256614685,
      -0.06165167689323425
    ],
    "timestamp" : 1251121316562,
    "rotationMatrix" : [
      0.6030870079994202,
      -0.16293123364448547,
      0.780858039855957,
      0.7953323125839233,
      0.047848254442214966,
      -0.6042819619178772,
      0.061093926429748535,
      0.9854763150215149,
      0.1584412306547165
    ],
    "gravity" : [
      -0.06109389662742615,
      -0.9854763150215149,
      -0.1584411859512329
    ]
  },
  {
    "userAcceleration" : [
      -0.03425034135580063,
      -0.08340662717819214,
      -0.0676390528678894
    ],
    "timestamp" : 1251121326616,
    "rotationMatrix" : [
      0.6012415289878845,
      -0.16601696610450745,
      0.7816309332847595,
      0.7966972589492798,
      0.049262017011642456,
      -0.6023675203323364,
      0.06149852275848389,
      0.9848916530609131,
      0.1618836671113968
    ],
    "gravity" : [
      -0.06149854511022568,
      -0.9848915934562683,
      -0.16188371181488037
    ]
  },
  {
    "userAcceleration" : [
      -0.058479417115449905,
      -0.08040457963943481,
      -0.06458282470703125
    ],
    "timestamp" : 1251121336670,
    "rotationMatrix" : [
      0.5990703105926514,
      -0.168837308883667,
      0.7826932072639465,
      0.7983027100563049,
      0.05041545629501343,
      -0.6001424789428711,
      0.0618666410446167,
      0.9843536615371704,
      0.16498571634292603
    ],
    "gravity" : [
      -0.0618666335940361,
      -0.9843536615371704,
      -0.1649857461452484
    ]
  },
  {
    "userAcceleration" : [
      -0.0775090754032135,
      -0.08296412229537964,
      -0.05539558827877045
    ],
    "timestamp" : 1251121346724,
    "rotationMatrix" : [
      0.5968707799911499,
      -0.17124536633491516,
      0.7838495969772339,
      0.7999333143234253,
      0.05143997073173523,
      -0.5978798866271973,
      0.062063068151474,
      0.9838844537734985,
      0.16768793761730194
    ],
    "gravity" : [
      -0.06206304207444191,
      -0.9838844537734985,
      -0.16768799722194672
    ]
  },
  {
    "userAcceleration" : [
      -0.08834993839263916,
      -0.09049230813980103,
      -0.03842495381832123
    ],
    "timestamp" : 1251121356778,
    "rotationMatrix" : [
      0.594489574432373,
      -0.17311808466911316,
      0.7852466106414795,
      0.8017251491546631,
      0.05256196856498718,
      -0.5953769683837891,
      0.06179654598236084,
      0.9834973812103271,
      0.17004074156284332
    ],
    "gravity" : [
      -0.061796531081199646,
      -0.9834973812103271,
      -0.17004071176052094
    ]
  },
  {
    "userAcceleration" : [
      -0.10341927409172058,
      -0.08978331089019775,
      -0.008600130677223206
    ],
    "timestamp" : 1251121366832,
    "rotationMatrix" : [
      0.5922896862030029,
      -0.17444860935211182,
      0.7866133451461792,
      0.8034327626228333,
      0.0542815625667572,
      -0.5929158926010132,
      0.06073477864265442,
      0.9831689596176147,
      0.17230814695358276
    ],
    "gravity" : [
      -0.060734763741493225,
      -0.9831689596176147,
      -0.17230814695358276
    ]
  },
  {
    "userAcceleration" : [
      -0.11195345222949982,
      -0.06646174192428589,
      0.028933465480804443
    ],
    "timestamp" : 1251121376886,
    "rotationMatrix" : [
      0.5902464389801025,
      -0.17548620700836182,
      0.7879172563552856,
      0.8050925731658936,
      0.05710837244987488,
      -0.5903935432434082,
      0.05860927700996399,
      0.9828240871429443,
      0.1749906837940216
    ],
    "gravity" : [
      -0.05860927328467369,
      -0.9828240275382996,
      -0.1749906837940216
    ]
  },
  {
    "userAcceleration" : [
      -0.0914844498038292,
      -0.040663957595825195,
      0.06266488134860992
    ],
    "timestamp" : 1251121386940,
    "rotationMatrix" : [
      0.5881495475769043,
      -0.1767384111881256,
      0.7892043590545654,
      0.8068485260009766,
      0.061312705278396606,
      -0.587567925453186,
      0.05545768141746521,
      0.9823461771011353,
      0.1786622405052185
    ],
    "gravity" : [
      -0.055457670241594315,
      -0.9823461771011353,
      -0.1786622554063797
    ]
  },
  {
    "userAcceleration" : [
      -0.03994462266564369,
      -0.031216561794281006,
      0.07967647910118103
    ],
    "timestamp" : 1251121396994,
    "rotationMatrix" : [
      0.5857025384902954,
      -0.17878469824790955,
      0.790562093257904,
      0.8088812828063965,
      0.06682747602462769,
      -0.5841615200042725,
      0.05160808563232422,
      0.9816159009933472,
      0.1837567538022995
    ],
    "gravity" : [
      -0.05160808563232422,
      -0.9816158413887024,
      -0.1837567538022995
    ]
  },
  {
    "userAcceleration" : [
      0.013375364243984222,
      -0.02544689178466797,
      0.0713670402765274
    ],
    "timestamp" : 1251121407048,
    "rotationMatrix" : [
      0.5826783776283264,
      -0.1819700002670288,
      0.792068600654602,
      0.8113164901733398,
      0.07334253191947937,
      -0.5799880623817444,
      0.047448188066482544,
      0.9805648922920227,
      0.19037042558193207
    ],
    "gravity" : [
      -0.04744822159409523,
      -0.9805649518966675,
      -0.19037042558193207
    ]
  },
  {
    "userAcceleration" : [
      0.05637757480144501,
      -0.020515620708465576,
      0.04527229070663452
    ],
    "timestamp" : 1251121417103,
    "rotationMatrix" : [
      0.5790255069732666,
      -0.18626463413238525,
      0.7937474250793457,
      0.8141564130783081,
      0.08033663034439087,
      -0.5750613212585449,
      0.043346554040908813,
      0.9792096614837646,
      0.19816544651985168
    ],
    "gravity" : [
      -0.043346554040908813,
      -0.9792096614837646,
      -0.19816546142101288
    ]
  },
  {
    "userAcceleration" : [
      0.08497388660907745,
      -0.004719376564025879,
      -0.0005635619163513184
    ],
    "timestamp" : 1251121427157,
    "rotationMatrix" : [
      0.5747516751289368,
      -0.19134056568145752,
      0.7956439256668091,
      0.8173635005950928,
      0.08704134821891785,
      -0.5695091485977173,
      0.03971627354621887,
      0.9776567220687866,
      0.20642195641994476
    ],
    "gravity" : [
      -0.03971629962325096,
      -0.9776566624641418,
      -0.20642200112342834
    ]
  },
  {
    "userAcceleration" : [
      0.10647441446781158,
      0.012017428874969482,
      -0.04325656592845917
    ],
    "timestamp" : 1251121437211,
    "rotationMatrix" : [
      0.5702023506164551,
      -0.1968049705028534,
      0.7975820302963257,
      0.8206684589385986,
      0.09267932176589966,
      -0.5638382434844971,
      0.037046879529953,
      0.9760522842407227,
      0.2143576443195343
    ],
    "gravity" : [
      -0.037046901881694794,
      -0.9760523438453674,
      -0.2143576443195343
    ]
  },
  {
    "userAcceleration" : [
      0.1126871332526207,
      0.029282689094543457,
      -0.07064710557460785
    ],
    "timestamp" : 1251121447265,
    "rotationMatrix" : [
      0.5658064484596252,
      -0.20231622457504272,
      0.7993316054344177,
      0.8237637877464294,
      0.09670230746269226,
      -0.5586246252059937,
      0.035721778869628906,
      0.9745339155197144,
      0.22137568891048431
    ],
    "gravity" : [
      -0.0357217863202095,
      -0.9745339751243591,
      -0.22137567400932312
    ]
  },
  {
    "userAcceleration" : [
      0.08955621719360352,
      0.04505389928817749,
      -0.08129751682281494
    ],
    "timestamp" : 1251121457319,
    "rotationMatrix" : [
      0.5619320869445801,
      -0.2077043354511261,
      0.8006817102432251,
      0.8263996839523315,
      0.09884229302406311,
      -0.554340660572052,
      0.03599783778190613,
      0.9731848835945129,
      0.22718949615955353
    ],
    "gravity" : [
      -0.03599786013364792,
      -0.9731848835945129,
      -0.22718952596187592
    ]
  },
  {
    "userAcceleration" : [
      0.045772623270750046,
      0.04360342025756836,
      -0.08708229660987854
    ],
    "timestamp" : 1251121467373,
    "rotationMatrix" : [
      0.5591322779655457,
      -0.21277916431427002,
      0.8013089895248413,
      0.828211784362793,
      0.09916752576828003,
      -0.5515714883804321,
      0.03789907693862915,
      0.9720549583435059,
      0.2316739708185196
    ],
    "gravity" : [
      -0.03789907693862915,
      -0.9720549583435059,
      -0.2316739410161972
    ]
  },
  {
    "userAcceleration" : [
      -0.00805031880736351,
      0.02828538417816162,
      -0.08351652324199677
    ],
    "timestamp" : 1251121477427,
    "rotationMatrix" : [
      0.5572531223297119,
      -0.21732836961746216,
      0.8013970851898193,
      0.8293332457542419,
      0.0980994701385498,
      -0.5500751733779907,
      0.040930360555648804,
      0.9711563587188721,
      0.23490390181541443
    ],
    "gravity" : [
      -0.0409303717315197,
      -0.9711563587188721,
      -0.23490393161773682
    ]
  },
  {
    "userAcceleration" : [
      -0.06486537307500839,
      0.01140892505645752,
      -0.07356855273246765
    ],
    "timestamp" : 1251121487481,
    "rotationMatrix" : [
      0.5562602281570435,
      -0.2212371826171875,
      0.8010172843933105,
      0.8298243284225464,
      0.09644743800163269,
      -0.5496267080307007,
      0.04434177279472351,
      0.970439076423645,
      0.2372378408908844
    ],
    "gravity" : [
      -0.04434176906943321,
      -0.9704391360282898,
      -0.23723779618740082
    ]
  },
  {
    "userAcceleration" : [
      -0.10607937723398209,
      0.006624281406402588,
      -0.06364361941814423
    ],
    "timestamp" : 1251121497535,
    "rotationMatrix" : [
      0.5556633472442627,
      -0.22471284866333008,
      0.8004637956619263,
      0.8300492763519287,
      0.09493356943130493,
      -0.5495502948760986,
      0.047500282526016235,
      0.9697893857955933,
      0.23927398025989532
    ],
    "gravity" : [
      -0.04750031605362892,
      -0.9697893857955933,
      -0.23927393555641174
    ]
  },
  {
    "userAcceleration" : [
      -0.1255509853363037,
      0.01633274555206299,
      -0.05859559774398804
    ],
    "timestamp" : 1251121507589,
    "rotationMatrix" : [
      0.5547946095466614,
      -0.22806519269943237,
      0.8001181483268738,
      0.8304861187934875,
      0.09406283497810364,
      -0.5490397214889526,
      0.04995560646057129,
      0.9690914154052734,
      0.24159063398838043
    ],
    "gravity" : [
      -0.04995559900999069,
      -0.9690914154052734,
      -0.24159064888954163
    ]
  },
  {
    "userAcceleration" : [
      -0.13061071932315826,
      0.03109729290008545,
      -0.052277058362960815
    ],
    "timestamp" : 1251121517643,
    "rotationMatrix" : [
      0.5535119771957397,
      -0.23163047432899475,
      0.7999824285507202,
      0.8312454223632812,
      0.09421274065971375,
      -0.5478642582893372,
      0.05153343081474304,
      0.9682311415672302,
      0.24468958377838135
    ],
    "gravity" : [
      -0.05153343081474304,
      -0.9682310819625854,
      -0.24468958377838135
    ]
  },
  {
    "userAcceleration" : [
      -0.11435195803642273,
      0.04529494047164917,
      -0.05278722941875458
    ],
    "timestamp" : 1251121527697,
    "rotationMatrix" : [
      0.5511484742164612,
      -0.2357144057750702,
      0.8004211187362671,
      0.8327593803405762,
      0.09513410925865173,
      -0.5453998446464539,
      0.05241134762763977,
      0.9671545624732971,
      0.2487264722585678
    ],
    "gravity" : [
      -0.05241132900118828,
      -0.9671545624732971,
      -0.248726487159729
    ]
  },
  {
    "userAcceleration" : [
      -0.08855869621038437,
      0.05279439687728882,
      -0.06927573680877686
    ],
    "timestamp" : 1251121537751,
    "rotationMatrix" : [
      0.5476465225219727,
      -0.2403249740600586,
      0.8014531135559082,
      0.8350335359573364,
      0.09638234972953796,
      -0.5416911840438843,
      0.052936047315597534,
      0.9658955335617065,
      0.25346291065216064
    ],
    "gravity" : [
      -0.05293603613972664,
      -0.9658955335617065,
      -0.2534629702568054
    ]
  },
  {
    "userAcceleration" : [
      -0.06587685644626617,
      0.0561867356300354,
      -0.08733272552490234
    ],
    "timestamp" : 1251121547805,
    "rotationMatrix" : [
      0.5430902242660522,
      -0.24516835808753967,
      0.8030849695205688,
      0.8379745483398438,
      0.09742456674575806,
      -0.5369423627853394,
      0.05340111255645752,
      0.9645729064941406,
      0.25835520029067993
    ],
    "gravity" : [
      -0.05340107902884483,
      -0.9645729064941406,
      -0.25835520029067993
    ]
  },
  {
    "userAcceleration" : [
      -0.05200393870472908,
      0.046290695667266846,
      -0.09558233618736267
    ],
    "timestamp" : 1251121557859,
    "rotationMatrix" : [
      0.5379093885421753,
      -0.2498304545879364,
      0.8051325082778931,
      0.8412704467773438,
      0.09789097309112549,
      -0.5316779613494873,
      0.054014116525650024,
      0.9633287191390991,
      0.262831449508667
    ],
    "gravity" : [
      -0.05401412025094032,
      -0.9633286595344543,
      -0.262831449508667
    ]
  },
  {
    "userAcceleration" : [
      -0.04396367073059082,
      0.025377094745635986,
      -0.09186998009681702
    ],
    "timestamp" : 1251121567913,
    "rotationMatrix" : [
      0.5325307250022888,
      -0.25391241908073425,
      0.8074276447296143,
      0.8446363210678101,
      0.0976826548576355,
      -0.5263529419898987,
      0.05477592349052429,
      0.9622818827629089,
      0.26648271083831787
    ],
    "gravity" : [
      -0.05477593094110489,
      -0.9622818827629089,
      -0.26648271083831787
    ]
  },
  {
    "userAcceleration" : [
      -0.03545895963907242,
      0.00837475061416626,
      -0.07468485832214355
    ],
    "timestamp" : 1251121577967,
    "rotationMatrix" : [
      0.5270017385482788,
      -0.2573104798793793,
      0.8099755048751831,
      0.8480390310287476,
      0.09678977727890015,
      -0.5210195183753967,
      0.05566650629043579,
      0.9614691138267517,
      0.2692178189754486
    ],
    "gravity" : [
      -0.05566651001572609,
      -0.9614691138267517,
      -0.2692178189754486
    ]
  },
  {
    "userAcceleration" : [
      -0.02693762630224228,
      0.002764284610748291,
      -0.04415425658226013
    ],
    "timestamp" : 1251121588021,
    "rotationMatrix" : [
      0.5215116143226624,
      -0.2601652443408966,
      0.8126128911972046,
      0.8513544797897339,
      0.09531223773956299,
      -0.5158597826957703,
      0.056756824254989624,
      0.9608483910560608,
      0.2711992859840393
    ],
    "gravity" : [
      -0.056756820529699326,
      -0.9608483910560608,
      -0.2711992561817169
    ]
  },
  {
    "userAcceleration" : [
      -0.033717669546604156,
      -0.002275526523590088,
      -0.013132423162460327
    ],
    "timestamp" : 1251121598075,
    "rotationMatrix" : [
      0.516228199005127,
      -0.26263225078582764,
      0.8151886463165283,
      0.8544856309890747,
      0.09349426627159119,
      -0.5109919905662537,
      0.05798766016960144,
      0.9603555798530579,
      0.27267998456954956
    ],
    "gravity" : [
      -0.05798763409256935,
      -0.9603555202484131,
      -0.27268001437187195
    ]
  },
  {
    "userAcceleration" : [
      -0.05073842406272888,
      -0.008705317974090576,
      0.012497186660766602
    ],
    "timestamp" : 1251121608129,
    "rotationMatrix" : [
      0.5112429857254028,
      -0.2648572623729706,
      0.8176069259643555,
      0.8573946952819824,
      0.09164735674858093,
      -0.5064334869384766,
      0.05920115113258362,
      0.9599225521087646,
      0.2739413380622864
    ],
    "gravity" : [
      -0.059201132506132126,
      -0.9599224925041199,
      -0.27394136786460876
    ]
  },
  {
    "userAcceleration" : [
      -0.07086275517940521,
      -0.012411117553710938,
      0.024302154779434204
    ],
    "timestamp" : 1251121618183,
    "rotationMatrix" : [
      0.5067549347877502,
      -0.26689180731773376,
      0.8197365999221802,
      0.859980583190918,
      0.09002280235290527,
      -0.502323567867279,
      0.060271233320236206,
      0.9595125317573547,
      0.2751414179801941
    ],
    "gravity" : [
      -0.060271259397268295,
      -0.9595125913619995,
      -0.2751414179801941
    ]
  },
  {
    "userAcceleration" : [
      -0.0843021422624588,
      -0.01260066032409668,
      0.026317596435546875
    ],
    "timestamp" : 1251121628237,
    "rotationMatrix" : [
      0.5025407075881958,
      -0.26876136660575867,
      0.8217177391052246,
      0.8623971939086914,
      0.0887482762336731,
      -0.4983919858932495,
      0.06102257966995239,
      0.9591094255447388,
      0.27637872099876404
    ],
    "gravity" : [
      -0.061022549867630005,
      -0.9591094255447388,
      -0.27637872099876404
    ]
  },
  {
    "userAcceleration" : [
      -0.09665007889270782,
      -0.010980069637298584,
      0.020601004362106323
    ],
    "timestamp" : 1251121638292,
    "rotationMatrix" : [
      0.4983212947845459,
      -0.2704438269138336,
      0.823732852935791,
      0.8648229837417603,
      0.08788490295410156,
      -0.49432486295700073,
      0.06129363179206848,
      0.9587157368659973,
      0.2776811122894287
    ],
    "gravity" : [
      -0.06129362806677818,
      -0.9587157964706421,
      -0.2776811122894287
    ]
  },
  {
    "userAcceleration" : [
      -0.09379588067531586,
      -0.007096827030181885,
      0.010947227478027344
    ],
    "timestamp" : 1251121648346,
    "rotationMatrix" : [
      0.4938806891441345,
      -0.271919310092926,
      0.8259186744689941,
      0.8673859238624573,
      0.08740970492362976,
      -0.4898989796638489,
      0.06101977825164795,
      0.9583418965339661,
      0.2790290117263794
    ],
    "gravity" : [
      -0.06101977452635765,
      -0.9583418965339661,
      -0.279028981924057
    ]
  },
  {
    "userAcceleration" : [
      -0.07815103977918625,
      -0.009592235088348389,
      0.004648536443710327
    ],
    "timestamp" : 1251121658400,
    "rotationMatrix" : [
      0.4890584349632263,
      -0.27319106459617615,
      0.8283648490905762,
      0.8701678514480591,
      0.08721399307250977,
      -0.48497557640075684,
      0.06024613976478577,
      0.9579979181289673,
      0.2803749442100525
    ],
    "gravity" : [
      -0.06024615466594696,
      -0.9579979777336121,
      -0.2803749144077301
    ]
  },
  {
    "userAcceleration" : [
      -0.06047813966870308,
      -0.00285184383392334,
      0.008135199546813965
    ],
    "timestamp" : 1251121668454,
    "rotationMatrix" : [
      0.48380792140960693,
      -0.2743551731109619,
      0.8310590386390686,
      0.8731719255447388,
      0.08712318539619446,
      -0.47956258058547974,
      0.059166014194488525,
      0.9576736092567444,
      0.281710147857666
    ],
    "gravity" : [
      -0.05916601046919823,
      -0.9576736092567444,
      -0.28171011805534363
    ]
  },
  {
    "userAcceleration" : [
      -0.03772443160414696,
      0.002981722354888916,
      0.013177573680877686
    ],
    "timestamp" : 1251121678508,
    "rotationMatrix" : [
      0.47815027832984924,
      -0.2755722999572754,
      0.833925724029541,
      0.8763561248779297,
      0.0869188904762268,
      -0.47375619411468506,
      0.05807018280029297,
      0.9573426246643066,
      0.2830598056316376
    ],
    "gravity" : [
      -0.05807022750377655,
      -0.9573426246643066,
      -0.28305983543395996
    ]
  },
  {
    "userAcceleration" : [
      -0.019185271114110947,
      0.008779287338256836,
      0.01495903730392456
    ],
    "timestamp" : 1251121688562,
    "rotationMatrix" : [
      0.4721525013446808,
      -0.276960551738739,
      0.8368780612945557,
      0.8796561360359192,
      0.08637893199920654,
      -0.46770042181015015,
      0.057245999574661255,
      0.9569907784461975,
      0.2844140827655792
    ],
    "gravity" : [
      -0.05724598467350006,
      -0.9569908380508423,
      -0.2844140827655792
    ]
  },
  {
    "userAcceleration" : [
      -0.009383190423250198,
      0.007610023021697998,
      0.01478549838066101
    ],
    "timestamp" : 1251121698616,
    "rotationMatrix" : [
      0.46598851680755615,
      -0.2785050570964813,
      0.8398151397705078,
      0.8829630613327026,
      0.08540043234825134,
      -0.4616089463233948,
      0.05683991312980652,
      0.956630289554596,
