[
  {
    "timestamp" : 1251171227413,
    "gravity" : [
      -0.03235892578959465,
      -0.944763720035553,
      -0.3261508345603943
    ],
    "userAcceleration" : [
      -0.053364939987659454,
      0.01823490858078003,
      0.0006655454635620117
    ],
    "rotationMatrix" : [
      -0.9480758905410767,
      -0.07428571581840515,
      0.3092470169067383,
      0.31639373302459717,
      -0.319222629070282,
      0.8933039307594299,
      0.03235892951488495,
      0.944763720035553,
      0.3261508345603943
    ]
  },
  {
    "timestamp" : 1251171237468,
    "gravity" : [
      -0.030076267197728157,
      -0.9467708468437195,
      -0.3205001652240753
    ],
    "userAcceleration" : [
      -0.042418222874403,
      0.008599519729614258,
      0.00430750846862793
    ],
    "rotationMatrix" : [
      -0.9463375210762024,
      -0.07625135034322739,
      0.31405556201934814,
      0.32177722454071045,
      -0.31274691224098206,
      0.893671452999115,
      0.0300762802362442,
      0.9467708468437195,
      0.3205001652240753
    ]
  },
  {
    "timestamp" : 1251171247523,
    "gravity" : [
      -0.027873029932379723,
      -0.9486026167869568,
      -0.3152393400669098
    ],
    "userAcceleration" : [
      -0.028721805661916733,
      0.0006810426712036133,
      -0.00443229079246521
    ],
    "rotationMatrix" : [
      -0.9446542859077454,
      -0.07812901586294174,
      0.3186272382736206,
      0.32688000798225403,
      -0.3066730499267578,
      0.8939242362976074,
      0.02787303924560547,
      0.9486026763916016,
      0.3152393698692322
    ]
  },
  {
    "timestamp" : 1251171257578,
    "gravity" : [
      -0.025982631370425224,
      -0.9503700733184814,
      -0.31003451347351074
    ],
    "userAcceleration" : [
      -0.01825258508324623,
      -0.0021596550941467285,
      -0.023949891328811646
    ],
    "rotationMatrix" : [
      -0.9428973197937012,
      -0.07972313463687897,
      0.3234010338783264,
      0.332067608833313,
      -0.3007333278656006,
      0.8940302729606628,
      0.025982633233070374,
      0.9503700137138367,
      0.31003451347351074
    ]
  },
  {
    "timestamp" : 1251171267633,
    "gravity" : [
      -0.024409020319581032,
      -0.9522075057029724,
      -0.3044745624065399
    ],
    "userAcceleration" : [
      -0.015309596434235573,
      -0.004243731498718262,
      -0.04977348446846008
    ],
    "rotationMatrix" : [
      -0.9410203695297241,
      -0.08092676103115082,
      0.32852834463119507,
      0.3374673128128052,
      -0.2945355772972107,
      0.894071638584137,
      0.024409011006355286,
      0.9522075057029724,
      0.30447453260421753
    ]
  },
  {
    "timestamp" : 1251171277689,
    "gravity" : [
      -0.0229771938174963,
      -0.9542174339294434,
      -0.2982296645641327
    ],
    "userAcceleration" : [
      -0.0147730503231287,
      -0.01384580135345459,
      -0.07132300734519958
    ],
    "rotationMatrix" : [
      -0.9390959143638611,
      -0.08171169459819794,
      0.333798348903656,
      0.3428850769996643,
      -0.2877357602119446,
      0.8942245244979858,
      0.022977203130722046,
      0.9542174339294434,
      0.2982296943664551
    ]
  },
  {
    "timestamp" : 1251171287744,
    "gravity" : [
      -0.021647367626428604,
      -0.9564478397369385,
      -0.29109930992126465
    ],
    "userAcceleration" : [
      -0.01407344825565815,
      -0.022494912147521973,
      -0.08058959245681763
    ],
    "rotationMatrix" : [
      -0.9371116757392883,
      -0.08204255998134613,
      0.3392500877380371,
      0.34835755825042725,
      -0.2801363468170166,
      0.8945224285125732,
      0.021647348999977112,
      0.9564478397369385,
      0.2910992503166199
    ]
  },
  {
    "timestamp" : 1251171297799,
    "gravity" : [
      -0.02040533535182476,
      -0.958881676197052,
      -0.28307175636291504
    ],
    "userAcceleration" : [
      -0.010173274204134941,
      -0.020305275917053223,
      -0.08045369386672974
    ],
    "rotationMatrix" : [
      -0.935093343257904,
      -0.08189243078231812,
      0.34481024742126465,
      0.35381364822387695,
      -0.2717345058917999,
      0.8949728012084961,
      0.02040533721446991,
      0.9588816165924072,
      0.2830717861652374
    ]
  },
  {
    "timestamp" : 1251171307854,
    "gravity" : [
      -0.01932351104915142,
      -0.9614402651786804,
      -0.274334192276001
    ],
    "userAcceleration" : [
      -0.0067384932190179825,
      -0.017410993576049805,
      -0.07385611534118652
    ],
    "rotationMatrix" : [
      -0.9330644607543945,
      -0.08123359084129333,
      0.3504168391227722,
      0.3591900169849396,
      -0.2627427875995636,
      0.8955159783363342,
      0.01932351291179657,
      0.9614402651786804,
      0.2743341624736786
    ]
  },
  {
    "timestamp" : 1251171317909,
    "gravity" : [
      -0.018429331481456757,
      -0.9640198349952698,
      -0.26519060134887695
    ],
    "userAcceleration" : [
      -0.008441392332315445,
      -0.013992130756378174,
      -0.05991321802139282
    ],
    "rotationMatrix" : [
      -0.931075394153595,
      -0.08011062443256378,
      0.3559226989746094,
      0.36436110734939575,
      -0.25347185134887695,
      0.8960987329483032,
      0.01842932403087616,
      0.9640198945999146,
      0.2651905417442322
    ]
  },
  {
    "timestamp" : 1251171327963,
    "gravity" : [
      -0.01763479970395565,
      -0.9665453433990479,
      -0.25588899850845337
    ],
    "userAcceleration" : [
      -0.019398268312215805,
      -0.009132087230682373,
      -0.044251441955566406
    ],
    "rotationMatrix" : [
      -0.9291713237762451,
      -0.07866846024990082,
      0.36118149757385254,
      0.36922866106033325,
      -0.24413412809371948,
      0.8966988325119019,
      0.017634794116020203,
      0.9665453433990479,
      0.25588899850845337
    ]
  },
  {
    "timestamp" : 1251171338019,
    "gravity" : [
      -0.01675313338637352,
      -0.9689962863922119,
      -0.24650636315345764
    ],
    "userAcceleration" : [
      -0.03386026620864868,
      -0.004758477210998535,
      -0.022170469164848328
    ],
    "rotationMatrix" : [
      -0.9273691177368164,
      -0.0771041214466095,
      0.3661162257194519,
      0.37377193570137024,
      -0.23473583161830902,
      0.8973256349563599,
      0.01675313711166382,
      0.9689962863922119,
      0.24650634825229645
    ]
  },
  {
    "timestamp" : 1251171348074,
    "gravity" : [
      -0.015670182183384895,
      -0.9713420867919922,
      -0.23716802895069122
    ],
    "userAcceleration" : [
      -0.031677816063165665,
      -0.006166279315948486,
      0.00044311583042144775
    ],
    "rotationMatrix" : [
      -0.9256884455680847,
      -0.07556872069835663,
      0.3706607222557068,
      0.3779609203338623,
      -0.22535167634487152,
      0.8979763984680176,
      0.015670180320739746,
      0.9713420867919922,
      0.23716802895069122
    ]
  },
  {
    "timestamp" : 1251171358129,
    "gravity" : [
      -0.014519044198095798,
      -0.9735446572303772,
      -0.22803473472595215
    ],
    "userAcceleration" : [
      -0.019614864140748978,
      -0.008968710899353027,
      0.02112555503845215
    ],
    "rotationMatrix" : [
      -0.9240232110023499,
      -0.07407751679420471,
      0.3750908076763153,
      0.3820599317550659,
      -0.21615518629550934,
      0.8985025882720947,
      0.014519065618515015,
      0.973544716835022,
      0.22803477942943573
    ]
  },
  {
    "timestamp" : 1251171368184,
    "gravity" : [
      -0.01336150337010622,
      -0.9755725264549255,
      -0.21927058696746826
    ],
    "userAcceleration" : [
      -0.012654712423682213,
      -0.007459580898284912,
      0.042573750019073486
    ],
    "rotationMatrix" : [
      -0.9223469495773315,
      -0.07265728712081909,
      0.3794691562652588,
      0.38613131642341614,
      -0.20731377601623535,
      0.8988456130027771,
      0.013361483812332153,
      0.9755725264549255,
      0.21927058696746826
    ]
  },
  {
    "timestamp" : 1251171378239,
    "gravity" : [
      -0.012307621538639069,
      -0.9773914217948914,
      -0.2110789269208908
    ],
    "userAcceleration" : [
      -0.009985464625060558,
      -0.010248839855194092,
      0.06419777870178223
    ],
    "rotationMatrix" : [
      -0.9205793738365173,
      -0.07133373618125916,
      0.38398510217666626,
      0.3903608024120331,
      -0.19904065132141113,
      0.8988887667655945,
      0.012307628989219666,
      0.9773914217948914,
      0.211078941822052
    ]
  },
  {
    "timestamp" : 1251171388294,
    "gravity" : [
      -0.011520195752382278,
      -0.978973388671875,
      -0.2036622166633606
    ],
    "userAcceleration" : [
      -0.013748351484537125,
      -0.011917054653167725,
      0.07689213752746582
    ],
    "rotationMatrix" : [
      -0.9185727834701538,
      -0.07011325657367706,
      0.38898319005966187,
      0.3950836658477783,
      -0.19155962765216827,
      0.8984507322311401,
      0.01152019202709198,
      0.978973388671875,
      0.2036622017621994
    ]
  },
  {
    "timestamp" : 1251171398349,
    "gravity" : [
      -0.011011960916221142,
      -0.9803208708763123,
      -0.1971031129360199
    ],
    "userAcceleration" : [
      -0.02203856036067009,
      -0.012232780456542969,
      0.07742840051651001
    ],
    "rotationMatrix" : [
      -0.9161657691001892,
      -0.06908701360225677,
      0.39479976892471313,
      0.40064775943756104,
      -0.18492648005485535,
      0.8973758220672607,
      0.011011958122253418,
      0.9803208112716675,
      0.1971031129360199
    ]
  },
  {
    "timestamp" : 1251171408405,
    "gravity" : [
      -0.010643359273672104,
      -0.9814649820327759,
      -0.19134581089019775
    ],
    "userAcceleration" : [
      -0.034492120146751404,
      -0.014354109764099121,
      0.054489582777023315
    ],
    "rotationMatrix" : [
      -0.9134121537208557,
      -0.06832420825958252,
      0.4012607932090759,
      0.4068969488143921,
      -0.17904838919639587,
      0.8957548141479492,
      0.010643362998962402,
      0.9814649820327759,
      0.19134578108787537
    ]
  },
  {
    "timestamp" : 1251171418460,
    "gravity" : [
      -0.01023888774216175,
      -0.9824775457382202,
      -0.18609903752803802
    ],
    "userAcceleration" : [
      -0.0335996113717556,
      -0.022801876068115234,
      0.016421273350715637
    ],
    "rotationMatrix" : [
      -0.9105315804481506,
      -0.06776458024978638,
      0.4078477919101715,
      0.41331225633621216,
      -0.17362475395202637,
      0.8938831686973572,
      0.010238885879516602,
      0.9824774861335754,
      0.18609899282455444
    ]
  },
  {
    "timestamp" : 1251171428515,
    "gravity" : [
      -0.009761353023350239,
      -0.9834339618682861,
      -0.18100294470787048
    ],
    "userAcceleration" : [
      -0.02653929963707924,
      -0.01575714349746704,
      -0.027142271399497986
    ],
    "rotationMatrix" : [
      -0.9075726270675659,
      -0.06727549433708191,
      0.41446971893310547,
      0.4197807312011719,
      -0.16831877827644348,
      0.8918814063072205,
      0.009761348366737366,
      0.9834339022636414,
      0.18100294470787048
    ]
  },
  {
    "timestamp" : 1251171438570,
    "gravity" : [
      -0.009204073809087276,
      -0.9844158887863159,
      -0.17561481893062592
    ],
    "userAcceleration" : [
      -0.019558722153306007,
      -0.004292547702789307,
      -0.07160812616348267
    ],
    "rotationMatrix" : [
      -0.9047917127609253,
      -0.06657643616199493,
      0.4206176996231079,
      0.4257545471191406,
      -0.16276611387729645,
      0.8900786638259888,
      0.009204074740409851,
      0.9844158887863159,
      0.17561481893062592
    ]
  },
  {
    "timestamp" : 1251171448625,
    "gravity" : [
      -0.008583414368331432,
      -0.9854529500007629,
      -0.16973133385181427
    ],
    "userAcceleration" : [
      -0.0029369639232754707,
      0.005426764488220215,
      -0.10439282655715942
    ],
    "rotationMatrix" : [
      -0.9025177359580994,
      -0.06545150279998779,
      0.4256495535373688,
      0.43056678771972656,
      -0.15683896839618683,
      0.8888271450996399,
      0.008583426475524902,
      0.9854529500007629,
      0.16973136365413666
    ]
  },
  {
    "timestamp" : 1251171458680,
    "gravity" : [
      -0.008003445342183113,
      -0.9865362644195557,
      -0.16334682703018188
    ],
    "userAcceleration" : [
      0.005363692529499531,
      0.015527963638305664,
      -0.11523295938968658
    ],
    "rotationMatrix" : [
      -0.9007539749145508,
      -0.06382638216018677,
      0.42961448431015015,
      0.43425607681274414,
      -0.1505737006664276,
      0.8881155252456665,
      0.00800342857837677,
      0.9865362644195557,
      0.1633467972278595
    ]
  },
  {
    "timestamp" : 1251171468735,
    "gravity" : [
      -0.007569846231490374,
      -0.9876381158828735,
      -0.15656739473342896
    ],
    "userAcceleration" : [
      0.017259199172258377,
      0.012845814228057861,
      -0.10267947614192963
    ],
    "rotationMatrix" : [
      -0.8995007872581482,
      -0.061675429344177246,
      0.4325433373451233,
      0.43685272336006165,
      -0.1441064327955246,
      0.8879147171974182,
      0.007569834589958191,
      0.9876380562782288,
      0.15656735002994537
    ]
  },
  {
    "timestamp" : 1251171478791,
    "gravity" : [
      -0.007346749305725098,
      -0.9887136816978455,
      -0.14963588118553162
    ],
    "userAcceleration" : [
      0.02103389799594879,
      0.00911492109298706,
      -0.08238933980464935
    ],
    "rotationMatrix" : [
      -0.8985351324081421,
      -0.05914239585399628,
      0.43489766120910645,
      0.4388391971588135,
      -0.1376478672027588,
      0.887959897518158,
      0.007346749305725098,
      0.9887136816978455,
      0.149635910987854
    ]
  },
  {
    "timestamp" : 1251171488846,
    "gravity" : [
      -0.0073982239700853825,
      -0.9897337555885315,
      -0.14273104071617126
    ],
    "userAcceleration" : [
      0.01888810470700264,
      0.002703845500946045,
      -0.0638120025396347
    ],
    "rotationMatrix" : [
      -0.8976564407348633,
      -0.056322187185287476,
      0.43708136677742004,
      0.4406331479549408,
      -0.1313568353652954,
      0.8880245089530945,
      0.0073982179164886475,
      0.9897337555885315,
      0.14273107051849365
    ]
  },
  {
    "timestamp" : 1251171498901,
    "gravity" : [
      -0.007725229021161795,
      -0.9906918406486511,
      -0.13590390980243683
    ],
    "userAcceleration" : [
      0.017292508855462074,
      -0.0064394474029541016,
      -0.06210947036743164
    ],
    "rotationMatrix" : [
      -0.8966326713562012,
      -0.05330660939216614,
      0.4395543336868286,
      0.44270750880241394,
      -0.12525144219398499,
      0.887874960899353,
      0.007725223898887634,
      0.9906917810440063,
      0.13590392470359802
    ]
  },
  {
    "timestamp" : 1251171508956,
    "gravity" : [
      -0.008207490667700768,
      -0.9915996789932251,
      -0.12908391654491425
    ],
    "userAcceleration" : [
      0.0006849057972431183,
      -0.007301628589630127,
      -0.06690007448196411
    ],
    "rotationMatrix" : [
      -0.8954262733459473,
      -0.05017553269863129,
      0.4423730969429016,
      0.44513386487960815,
      -0.11921586096286774,
      0.8874926567077637,
      0.008207499980926514,
      0.9915996789932251,
      0.12908397614955902
    ]
  },
  {
    "timestamp" : 1251171519011,
    "gravity" : [
      -0.008680546656250954,
      -0.9924638867378235,
      -0.12222819030284882
    ],
    "userAcceleration" : [
      -0.0174882672727108,
      -0.0040874481201171875,
      -0.07439659535884857
    ],
    "rotationMatrix" : [
      -0.8940971493721008,
      -0.04703304171562195,
      0.44539588689804077,
      0.44778817892074585,
      -0.11314981430768967,
      0.886951208114624,
      0.008680552244186401,
      0.9924639463424683,
      0.12222815304994583
    ]
  },
  {
    "timestamp" : 1251171529066,
    "gravity" : [
      -0.009058441035449505,
      -0.9932925701141357,
      -0.11527173966169357
    ],
    "userAcceleration" : [
      -0.02808145433664322,
      0.003012537956237793,
      -0.0816735029220581
    ],
    "rotationMatrix" : [
      -0.8926540613174438,
      -0.04391905665397644,
      0.44859713315963745,
      0.4506509006023407,
      -0.106961190700531,
      0.8862690329551697,
      0.009058460593223572,
      0.9932926297187805,
      0.11527174711227417
    ]
  },
  {
    "timestamp" : 1251171539121,
    "gravity" : [
      -0.009368711151182652,
      -0.9940835237503052,
      -0.10821244865655899
    ],
    "userAcceleration" : [
      -0.03533951938152313,
      0.015476465225219727,
      -0.08780204504728317
    ],
    "rotationMatrix" : [
      -0.8911517262458801,
      -0.040790051221847534,
      0.4518676996231079,
      0.45360827445983887,
      -0.10066697001457214,
      0.8854973316192627,
      0.009368717670440674,
      0.9940835237503052,
      0.1082124412059784
    ]
  },
  {
    "timestamp" : 1251171549177,
    "gravity" : [
      -0.009631705470383167,
      -0.99482661485672,
      -0.10112941265106201
    ],
    "userAcceleration" : [
      -0.038326654583215714,
      0.02529853582382202,
      -0.08753031492233276
    ],
    "rotationMatrix" : [
      -0.8896360993385315,
      -0.037651583552360535,
      0.45511502027511597,
      0.45656824111938477,
      -0.09435180574655533,
      0.884671151638031,
      0.009631708264350891,
      0.99482661485672,
      0.1011294350028038
    ]
  },
  {
    "timestamp" : 1251171559232,
    "gravity" : [
      -0.009875106625258923,
      -0.9955126643180847,
      -0.0941116064786911
    ],
    "userAcceleration" : [
      -0.0311100035905838,
      0.028120696544647217,
      -0.07779397070407867
    ],
    "rotationMatrix" : [
      -0.8880881667137146,
      -0.03452332317829132,
      0.4583747982978821,
      0.45956695079803467,
      -0.08810583502054214,
      0.8837621212005615,
      0.009875088930130005,
      0.9955126047134399,
      0.09411158412694931
    ]
  },
  {
    "timestamp" : 1251171569287,
    "gravity" : [
      -0.010071982629597187,
      -0.996135950088501,
      -0.08724551647901535
    ],
    "userAcceleration" : [
      -0.018065206706523895,
      0.026760399341583252,
      -0.06145143508911133
    ],
    "rotationMatrix" : [
      -0.8865041732788086,
      -0.03146958351135254,
      0.46164920926094055,
      0.4626109302043915,
      -0.08199325203895569,
      0.8827617168426514,
      0.010071992874145508,
      0.996135950088501,
      0.08724555373191833
    ]
  },
  {
    "timestamp" : 1251171579342,
    "gravity" : [
      -0.010199910961091518,
      -0.9966878890991211,
      -0.08067956566810608
    ],
    "userAcceleration" : [
      -0.007897008210420609,
      0.02792268991470337,
      -0.043435513973236084
    ],
    "rotationMatrix" : [
      -0.8847965598106384,
      -0.02859385311603546,
      0.4650992751121521,
      0.46586573123931885,
      -0.07612889260053635,
      0.8815743923187256,
      0.010199889540672302,
      0.9966878890991211,
      0.08067954331636429
    ]
  },
  {
    "timestamp" : 1251171589397,
    "gravity" : [
      -0.010330606251955032,
      -0.997160792350769,
      -0.07458898425102234
    ],
    "userAcceleration" : [
      -0.0034022927284240723,
      0.026595115661621094,
      -0.025050997734069824
    ],
    "rotationMatrix" : [
      -0.8828601241111755,
      -0.025929316878318787,
      0.4689193665981293,
      0.46952205896377563,
      -0.07069572061300278,
      0.8800857663154602,
      0.01033058762550354,
      0.9971607327461243,
      0.07458899170160294
    ]
  },
  {
    "timestamp" : 1251171599452,
    "gravity" : [
      -0.0105569027364254,
      -0.9975548982620239,
      -0.06908364593982697
    ],
    "userAcceleration" : [
      -0.0070517295971512794,
      0.027431726455688477,
      -0.010765671730041504
    ],
    "rotationMatrix" : [
      -0.8807780146598816,
      -0.023431986570358276,
      0.47294872999191284,
      0.4734111428260803,
      -0.06584005057811737,
      0.8783773183822632,
      0.010556921362876892,
      0.9975548982620239,
      0.06908370554447174
    ]
  },
  {
    "timestamp" : 1251171609508,
    "gravity" : [
      -0.01083746924996376,
      -0.997876763343811,
      -0.06422074884176254
    ],
    "userAcceleration" : [
      -0.017345502972602844,
      0.035413503646850586,
      -0.008746854960918427
    ],
    "rotationMatrix" : [
      -0.8786193132400513,
      -0.021159589290618896,
      0.4770534336566925,
      0.47739946842193604,
      -0.06159546971321106,
      0.8765246868133545,
      0.01083749532699585,
      0.997876763343811,
      0.06422075629234314
    ]
  },
  {
    "timestamp" : 1251171619563,
    "gravity" : [
      -0.011073270812630653,
      -0.9981400370597839,
      -0.05994829908013344
    ],
    "userAcceleration" : [
      -0.021412678062915802,
      0.02977156639099121,
      -0.013019323348999023
    ],
    "rotationMatrix" : [
      -0.8764660954475403,
      -0.019170328974723816,
      0.4810815453529358,
      0.48133599758148193,
      -0.05786972492933273,
      0.874623715877533,
      0.011073276400566101,
      0.9981400370597839,
      0.059948332607746124
    ]
  },
  {
    "timestamp" : 1251171629618,
    "gravity" : [
      -0.011147474870085716,
      -0.9983567595481873,
      -0.056209418922662735
    ],
    "userAcceleration" : [
      -0.01703549548983574,
      0.018315255641937256,
      -0.022373445332050323
    ],
    "rotationMatrix" : [
      -0.8744069933891296,
      -0.017535999417304993,
      0.4848761558532715,
      0.4850651025772095,
      -0.054555099457502365,
      0.8727747201919556,
      0.011147484183311462,
      0.998356819152832,
      0.056209463626146317
    ]
  },
  {
    "timestamp" : 1251171639673,
    "gravity" : [
      -0.011180020868778229,
      -0.9985333681106567,
      -0.05297090485692024
    ],
    "userAcceleration" : [
      -0.007145772688090801,
      0.02046036720275879,
      -0.036613523960113525
    ],
    "rotationMatrix" : [
      -0.872426450252533,
      -0.01614503562450409,
      0.4884783625602722,
      0.4886171817779541,
      -0.05167426913976669,
      0.8709666132926941,
      0.011180028319358826,
      0.9985334277153015,
      0.052970923483371735
    ]
  },
  {
    "timestamp" : 1251171649728,
    "gravity" : [
      -0.0113445483148098,
      -0.9986778497695923,
      -0.05013713240623474
    ],
    "userAcceleration" : [
      0.009711853228509426,
      0.025457143783569336,
      -0.05818510055541992
    ],
    "rotationMatrix" : [
      -0.8706277012825012,
      -0.014796048402786255,
      0.49171966314315796,
      0.4918114244937897,
      -0.04922899603843689,
      0.8693088293075562,
      0.011344537138938904,
      0.9986778497695923,
      0.05013713240623474
    ]
  },
  {
    "timestamp" : 1251171659783,
    "gravity" : [
      -0.011854921467602253,
      -0.9988062977790833,
      -0.0473855696618557
    ],
    "userAcceleration" : [
      0.02194097451865673,
      0.03149062395095825,
      -0.07791966944932938
    ],
    "rotationMatrix" : [
      -0.8690924644470215,
      -0.0131436288356781,
      0.49447494745254517,
      0.4945075213909149,
      -0.04704432189464569,
      0.8678992390632629,
      0.011854901909828186,
      0.9988062977790833,
      0.047385528683662415
    ]
  },
  {
    "timestamp" : 1251171669838,
    "gravity" : [
      -0.012731772847473621,
      -0.9989381432533264,
      -0.04427407681941986
    ],
    "userAcceleration" : [
      0.02406907267868519,
      0.04221224784851074,
      -0.100943922996521
    ],
    "rotationMatrix" : [
      -0.8678268194198608,
      -0.010955512523651123,
      0.49674537777900696,
      0.49670302867889404,
      -0.04474639892578125,
      0.8667661547660828,
      0.012731760740280151,
      0.9989381432533264,
      0.044274091720581055
    ]
  },
  {
    "timestamp" : 1251171679894,
    "gravity" : [
      -0.013794299215078354,
      -0.9990829229354858,
      -0.04053125157952309
    ],
    "userAcceleration" : [
      0.013931642286479473,
      0.044569551944732666,
      -0.10746383666992188
    ],
    "rotationMatrix" : [
      -0.8666882514953613,
      -0.008268356323242188,
      0.4987811744213104,
      0.4986589550971985,
      -0.04200807958841324,
      0.8657795786857605,
      0.013794273138046265,
      0.9990828633308411,
      0.04053124040365219
    ]
  },
  {
    "timestamp" : 1251171689949,
    "gravity" : [
      -0.01493916753679514,
      -0.9992395639419556,
      -0.036014314740896225
    ],
    "userAcceleration" : [
      0.014374598860740662,
      0.03668469190597534,
      -0.09801900386810303
    ],
    "rotationMatrix" : [
      -0.8653836846351624,
      -0.005121931433677673,
      0.5010835528373718,
      0.5008869767189026,
      -0.03865189850330353,
      0.8646491765975952,
      0.014939144253730774,
      0.9992395639419556,
      0.03601430356502533
    ]
  },
  {
    "timestamp" : 1251171700004,
    "gravity" : [
      -0.01613915152847767,
      -0.9993986487388611,
      -0.030692843720316887
    ],
    "userAcceleration" : [
      0.022898808121681213,
      0.03568398952484131,
      -0.08795952796936035
    ],
    "rotationMatrix" : [
      -0.8636420965194702,
      -0.0015348494052886963,
      0.5041033625602722,
      0.5038472414016724,
      -0.034643515944480896,
      0.8630977869033813,
      0.01613914966583252,
      0.9993985891342163,
      0.030692830681800842
    ]
  },
  {
    "timestamp" : 1251171710059,
    "gravity" : [
      -0.01735740713775158,
      -0.9995434284210205,
      -0.024730244651436806
    ],
    "userAcceleration" : [
      0.025291986763477325,
      0.04525882005691528,
      -0.07162904739379883
    ],
    "rotationMatrix" : [
      -0.8614019155502319,
      0.0023918747901916504,
      0.507918119430542,
      0.5076270699501038,
      -0.030118748545646667,
      0.8610501885414124,
      0.01735740900039673,
      0.9995433688163757,
      0.02473028004169464
    ]
  },
  {
    "timestamp" : 1251171720114,
    "gravity" : [
      -0.0186093058437109,
      -0.9996576309204102,
      -0.018389662727713585
    ],
    "userAcceleration" : [
      0.02132537215948105,
      0.05240732431411743,
      -0.05669891834259033
    ],
    "rotationMatrix" : [
      -0.8586541414260864,
      0.006556302309036255,
      0.512513279914856,
      0.5122172832489014,
      -0.02532774955034256,
      0.8584822416305542,
      0.01860930025577545,
      0.9996576309204102,
      0.018389634788036346
    ]
  },
  {
    "timestamp" : 1251171730169,
    "gravity" : [
      -0.019867606461048126,
      -0.9997313022613525,
      -0.011931907385587692
    ],
    "userAcceleration" : [
      0.015656204894185066,
      0.05672299861907959,
      -0.04768425226211548
    ],
    "rotationMatrix" : [
      -0.8554614782333374,
      0.010821133852005005,
      0.5177531242370605,
      0.5174849033355713,
      -0.02049364149570465,
      0.8554467558860779,
      0.019867613911628723,
      0.9997313618659973,
      0.011931881308555603
    ]
  },
  {
    "timestamp" : 1251171740224,
    "gravity" : [
      -0.021042300388216972,
      -0.9997629523277283,
      -0.00558271910995245
    ],
    "userAcceleration" : [
      0.0031742677092552185,
      0.05614423751831055,
      -0.04583948850631714
    ],
    "rotationMatrix" : [
      -0.8519319295883179,
      0.015007972717285156,
      0.5234371423721313,
      0.5232293009757996,
      -0.015770278871059418,
      0.8520458936691284,
      0.021042287349700928,
      0.9997628927230835,
      0.005582727491855621
    ]
  },
  {
    "timestamp" : 1251171750280,
    "gravity" : [
      -0.02197815664112568,
      -0.999758243560791,
      0.0005097868270240724
    ],
    "userAcceleration" : [
      -0.013590075075626373,
      0.053164124488830566,
      -0.04993307590484619
    ],
    "rotationMatrix" : [
      -0.8482871055603027,
      0.01891818642616272,
      0.5291980504989624,
      0.529079794883728,
      -0.011198155581951141,
      0.8484980463981628,
      0.021978169679641724,
      0.9997581839561462,
      -0.0005097314715385437
    ]
  },
  {
    "timestamp" : 1251171760335,
    "gravity" : [
      -0.022574761882424355,
      -0.9997252821922302,
      0.006294826045632362
    ],
    "userAcceleration" : [
      -0.019478457048535347,
      0.056457579135894775,
      -0.057015061378479004
    ],
    "rotationMatrix" : [
      -0.8447662591934204,
      0.02244219183921814,
      0.5346645712852478,
      0.5346590280532837,
      -0.006752222776412964,
      0.8450409173965454,
      0.022574782371520996,
      0.999725341796875,
      -0.006294816732406616
    ]
  },
  {
    "timestamp" : 1251171770390,
    "gravity" : [
      -0.02287950925529003,
      -0.9996693134307861,
      0.011724695563316345
    ],
    "userAcceleration" : [
      -0.011376459151506424,
      0.06187957525253296,
      -0.05718064308166504
    ],
    "rotationMatrix" : [
      -0.8415059447288513,
      0.025588929653167725,
      0.5396410226821899,
      0.5397626757621765,
      -0.002480059862136841,
      0.8418134450912476,
      0.02287951111793518,
      0.9996693134307861,
      -0.011724680662155151
    ]
  },
  {
    "timestamp" : 1251171780445,
    "gravity" : [
      -0.023056915029883385,
      -0.9995940923690796,
      0.01672566495835781
    ],
    "userAcceleration" : [
      0.0023202262818813324,
      0.06362015008926392,
      -0.057680368423461914
    ],
    "rotationMatrix" : [
      -0.8384832143783569,
      0.028446316719055176,
      0.5441837906837463,
      0.5444387793540955,
      0.0014773458242416382,
      0.8387990593910217,
      0.02305692434310913,
      0.9995940327644348,
      -0.016725674271583557
    ]
  },
  {
    "timestamp" : 1251171790500,
    "gravity" : [
      -0.02323256805539131,
      -0.9995034337043762,
      0.021279705688357353
    ],
    "userAcceleration" : [
      0.01888381689786911,
      0.06046247482299805,
      -0.05419301986694336
    ],
    "rotationMatrix" : [
      -0.8355575203895569,
      0.031100064516067505,
      0.5485215187072754,
      0.5489109754562378,
      0.005037136375904083,
      0.8358653783798218,
      0.02323254942893982,
      0.9995033740997314,
      -0.02127968519926071
    ]
  },
  {
    "timestamp" : 1251171800555,
    "gravity" : [
      -0.0235061626881361,
      -0.9993980526924133,
      0.025514187291264534
    ],
    "userAcceleration" : [
      0.02800751104950905,
      0.06009751558303833,
      -0.05542146787047386
    ],
    "rotationMatrix" : [
      -0.8325463533401489,
      0.033697813749313354,
      0.5529295206069946,
      0.5534564256668091,
      0.00824446976184845,
      0.8328372836112976,
      0.02350616455078125,
      0.9993980526924133,
      -0.02551417052745819
    ]
  },
  {
    "timestamp" : 1251171810611,
    "gravity" : [
      -0.02389863133430481,
      -0.9992740750312805,
      0.02966478280723095
    ],
    "userAcceleration" : [
      0.0276218019425869,
      0.06339162588119507,
      -0.06616389751434326
    ],
    "rotationMatrix" : [
      -0.8293215036392212,
      0.03638675808906555,
      0.5575853586196899,
      0.5582599639892578,
      0.01127634197473526,
      0.8295892477035522,
      0.02389863133430481,
      0.9992740154266357,
      -0.0296647772192955
    ]
  },
  {
    "timestamp" : 1251171820666,
    "gravity" : [
      -0.024386916309595108,
      -0.999127209186554,
      0.03391296789050102
    ],
    "userAcceleration" : [
      0.02368501015007496,
      0.06367188692092896,
      -0.0772479772567749
    ],
    "rotationMatrix" : [
      -0.8259210586547852,
      0.03924918174743652,
      0.5624179840087891,
      0.563258171081543,
      0.014293797314167023,
      0.8261573314666748,
      0.02438691258430481,
      0.9991272687911987,
      -0.033913008868694305
    ]
  },
  {
    "timestamp" : 1251171830721,
    "gravity" : [
      -0.024932218715548515,
      -0.9989520311355591,
      0.03838048502802849
    ],
    "userAcceleration" : [
      0.015609119087457657,
      0.05692028999328613,
      -0.08752906322479248
    ],
    "rotationMatrix" : [
      -0.8223875164985657,
      0.042323559522628784,
      0.567351222038269,
      0.5683810710906982,
      0.01741841435432434,
      0.8225809931755066,
      0.02493223547935486,
      0.9989520907402039,
      -0.03838053345680237
    ]
  },
  {
    "timestamp" : 1251171840776,
    "gravity" : [
      -0.0255520548671484,
      -0.9987452626228333,
      0.04306778311729431
    ],
    "userAcceleration" : [
      0.012398982420563698,
      0.0462307333946228,
      -0.0981062650680542
    ],
    "rotationMatrix" : [
      -0.8187627792358398,
      0.04562678933143616,
      0.5723157525062561,
      0.573562741279602,
      0.020638704299926758,
      0.8189014196395874,
      0.025552034378051758,
      0.9987452030181885,
      -0.0430678129196167
    ]
  },
  {
    "timestamp" : 1251171850831,
    "gravity" : [
      -0.026191482320427895,
      -0.9985107183456421,
      0.04785405844449997
    ],
    "userAcceleration" : [
      0.009040609002113342,
      0.036734163761138916,
      -0.10696661472320557
    ],
    "rotationMatrix" : [
      -0.8151838183403015,
      0.04904162883758545,
      0.577121913433075,
      0.5786093473434448,
      0.023894421756267548,
      0.8152545690536499,
      0.02619147300720215,
      0.9985107183456421,
      -0.04785401374101639
    ]
  },
  {
    "timestamp" : 1251171860886,
    "gravity" : [
      -0.026855094358325005,
      -0.9982514381408691,
      0.05265513062477112
    ],
    "userAcceleration" : [
      0.01007043942809105,
      0.027990996837615967,
      -0.11521626263856888
    ],
    "rotationMatrix" : [
      -0.8118083477020264,
      0.05251508951187134,
      0.5815572738647461,
      0.5833056569099426,
      0.027128390967845917,
      0.8117994070053101,
      0.02685508131980896,
      0.9982514381408691,
      -0.0526551678776741
    ]
  },
  {
    "timestamp" : 1251171870941,
    "gravity" : [
      -0.0276037510484457,
      -0.9979651570320129,
      0.0574774369597435
    ],
    "userAcceleration" : [
      0.015839233994483948,
      0.02250128984451294,
      -0.12969732284545898
    ],
    "rotationMatrix" : [
      -0.8087465763092041,
      0.05609023571014404,
      0.5854767560958862,
      0.587509274482727,
      0.030323214828968048,
      0.8086491227149963,
      0.027603745460510254,
      0.9979651570320129,
      -0.05747740715742111
    ]
  },
  {
    "timestamp" : 1251171880997,
    "gravity" : [
      -0.028337974101305008,
      -0.9976507425308228,
      0.06236722320318222
    ],
    "userAcceleration" : [
      0.011309176683425903,
      0.017838239669799805,
      -0.13254249095916748
    ],
    "rotationMatrix" : [
      -0.8060617446899414,
      0.05970504879951477,
      0.5888117551803589,
      0.5911521911621094,
      0.033586353063583374,
      0.8058602213859558,
      0.028337955474853516,
      0.997650682926178,
      -0.06236723065376282
    ]
  },
  {
    "timestamp" : 1251171891052,
    "gravity" : [
      -0.028908925130963326,
      -0.9973103404045105,
      0.06735143065452576
    ],
    "userAcceleration" : [
      -0.00037268735468387604,
      0.01597195863723755,
      -0.1236717700958252
    ],
    "rotationMatrix" : [
      -0.8037299513816833,
      0.06325176358222961,
      0.591622531414032,
      0.5942913293838501,
      0.03702932596206665,
      0.8033968210220337,
      0.028908908367156982,
      0.9973104000091553,
      -0.06735146045684814
    ]
  },
  {
    "timestamp" : 1251171901107,
    "gravity" : [
      -0.0292393546551466,
      -0.9969499111175537,
      0.07235947251319885
    ],
    "userAcceleration" : [
      -0.007396996021270752,
      0.009736835956573486,
      -0.10415887832641602
    ],
    "rotationMatrix" : [
      -0.8016430139541626,
      0.06662994623184204,
      0.5940782427787781,
      0.597087562084198,
      0.040636010468006134,
      0.8011461496353149,
      0.029239356517791748,
      0.9969499111175537,
      -0.07235949486494064
    ]
  },
  {
    "timestamp" : 1251171911162,
    "gravity" : [
      -0.029231246560811996,
      -0.9965802431106567,
      0.07728607207536697
    ],
    "userAcceleration" : [
      -0.008000185713171959,
      0.002516031265258789,
      -0.07774389535188675
    ],
    "rotationMatrix" : [
      -0.799503743648529,
      0.06971794366836548,
      0.5966011881828308,
      0.5999492406845093,
      0.04435126483440399,
      0.798807680606842,
      0.029231250286102295,
      0.9965803027153015,
      -0.07728613913059235
    ]
  },
  {
    "timestamp" : 1251171921217,
    "gravity" : [
      -0.02877463959157467,
      -0.9962133169174194,
      0.0820416808128357
    ],
    "userAcceleration" : [
      -0.008639892563223839,
      0.005689144134521484,
      -0.055201537907123566
    ],
    "rotationMatrix" : [
      -0.7969298958778381,
      0.07240736484527588,
      0.599716305732727,
      0.603385865688324,
      0.0481250137090683,
      0.795995831489563,
      0.028774619102478027,
      0.9962133169174194,
      -0.08204169571399689
    ]
  },
  {
    "timestamp" : 1251171931272,
    "gravity" : [
      -0.027878137305378914,
      -0.9958553910255432,
      0.08657344430685043
    ],
    "userAcceleration" : [
      0.0016788095235824585,
      0.011465072631835938,
      -0.03882872313261032
    ],
    "rotationMatrix" : [
      -0.7936651706695557,
      0.07470431923866272,
      0.6037508249282837,
      0.6077159643173218,
      0.05187879502773285,
      0.7924582362174988,
      0.027878135442733765,
      0.9958553910255432,
      -0.08657349646091461
    ]
  },
  {
    "timestamp" : 1251171941328,
    "gravity" : [
      -0.026682818308472633,
      -0.9955059289932251,
      0.09086115658283234
    ],
    "userAcceleration" : [
      0.01574227772653103,
      0.02222418785095215,
      -0.031535036861896515
    ],
    "rotationMatrix" : [
      -0.7896595001220703,
      0.07672503590583801,
      0.60872882604599,
      0.6129645109176636,
      0.055506981909275055,
      0.788158118724823,
      0.026682794094085693,
      0.9955058693885803,
      -0.09086116403341293
    ]
  },
  {
    "timestamp" : 1251171951383,
    "gravity" : [
      -0.02535063959658146,
      -0.9951735734939575,
      0.09479876607656479
    ],
    "userAcceleration" : [
      0.01955232210457325,
      0.038142383098602295,
      -0.029704928398132324
    ],
    "rotationMatrix" : [
      -0.7850072979927063,
      0.07853224873542786,
      0.6144883632659912,
      0.6189674139022827,
      0.058840230107307434,
      0.783209502696991,
      0.025350630283355713,
      0.9951735138893127,
      -0.09479878842830658
    ]
  },
  {
    "timestamp" : 1251171961438,
    "gravity" : [
      -0.024131568148732185,
      -0.9948731064796448,
      0.09820912033319473
    ],
    "userAcceleration" : [
      0.02432994358241558,
      0.044738948345184326,
      -0.031162142753601074
    ],
    "rotationMatrix" : [
      -0.7799226641654968,
      0.08019199967384338,
      0.6207171678543091,
      0.6254104375839233,
      0.06161673367023468,
      0.7778593301773071,
      0.024131566286087036,
      0.9948731660842896,
      -0.09820912778377533
    ]
  },
  {
    "timestamp" : 1251171971493,
    "gravity" : [
      -0.02319841831922531,
      -0.9946059584617615,
      0.10109597444534302
    ],
    "userAcceleration" : [
