[
  {
    "gravity" : [
      0.047089919447898865,
      -0.9351227283477783,
      -0.3511804938316345
    ],
    "timestamp" : 1251040527280,
    "userAcceleration" : [
      -0.015611041337251663,
      0.024722516536712646,
      -0.016663163900375366
    ],
    "rotationMatrix" : [
      0.9983588457107544,
      0.03258992359042168,
      0.047089919447898865,
      0.03258992359042168,
      0.35282158851623535,
      -0.9351227879524231,
      -0.047089919447898865,
      0.9351227879524231,
      0.35118046402931213
    ]
  },
  {
    "gravity" : [
      0.04621146619319916,
      -0.9357755780220032,
      -0.34955471754074097
    ],
    "timestamp" : 1251040537333,
    "userAcceleration" : [
      -0.016288969665765762,
      0.015945374965667725,
      -0.014306426048278809
    ],
    "rotationMatrix" : [
      0.9983657002449036,
      0.0314875990152359,
      0.04769100248813629,
      0.03362143784761429,
      0.3511873483657837,
      -0.935701310634613,
      -0.04621146619319916,
      0.9357755780220032,
      0.34955474734306335
    ]
  },
  {
    "gravity" : [
      0.045280616730451584,
      -0.93648362159729,
      -0.34777599573135376
    ],
    "timestamp" : 1251040547385,
    "userAcceleration" : [
      -0.01848616823554039,
      0.005590677261352539,
      -0.010759860277175903
    ],
    "rotationMatrix" : [
      0.9983776807785034,
      0.030392440035939217,
      0.048149194568395615,
      0.03452116623520851,
      0.3493920564651489,
      -0.9363405108451843,
      -0.045280616730451584,
      0.9364835619926453,
      0.34777602553367615
    ]
  },
  {
    "gravity" : [
      0.04441063106060028,
      -0.9371978640556335,
      -0.345959335565567
    ],
    "timestamp" : 1251040557437,
    "userAcceleration" : [
      -0.027030859142541885,
      0.0004302859306335449,
      -0.003222912549972534
    ],
    "rotationMatrix" : [
      0.998380184173584,
      0.029308577999472618,
      0.0487651452422142,
      0.035563014447689056,
      0.3475646376609802,
      -0.9369813203811646,
      -0.04441063106060028,
      0.9371978044509888,
      0.345959335565567
    ]
  },
  {
    "gravity" : [
      0.04367675259709358,
      -0.9378857016563416,
      -0.34418413043022156
    ],
    "timestamp" : 1251040567490,
    "userAcceleration" : [
      -0.03653564304113388,
      0.0020490288734436035,
      0.0021888017654418945
    ],
    "rotationMatrix" : [
      0.9983711242675781,
      0.028316957876086235,
      0.049530286341905594,
      0.036707501858472824,
      0.34578683972358704,
      -0.9375947713851929,
      -0.04367675259709358,
      0.9378856420516968,
      0.34418413043022156
    ]
  },
  {
    "gravity" : [
      0.04314063861966133,
      -0.9385284185409546,
      -0.34249556064605713
    ],
    "timestamp" : 1251040577542,
    "userAcceleration" : [
      -0.03882241249084473,
      0.004476964473724365,
      0.010448992252349854
    ],
    "rotationMatrix" : [
      0.9983475208282471,
      0.0274712685495615,
      0.050473012030124664,
      0.03796157240867615,
      0.3441070318222046,
      -0.9381626844406128,
      -0.04314063489437103,
      0.9385284185409546,
      0.34249556064605713
    ]
  },
  {
    "gravity" : [
      0.04273511841893196,
      -0.9390995502471924,
      -0.3409774601459503
    ],
    "timestamp" : 1251040587594,
    "userAcceleration" : [
      -0.03876782953739166,
      -0.0017877817153930664,
      0.023472517728805542
    ],
    "rotationMatrix" : [
      0.9983142018318176,
      0.026722216978669167,
      0.05152321979403496,
      0.03927376866340637,
      0.34260445833206177,
      -0.9386584162712097,
      -0.04273511841893196,
      0.9390996098518372,
      0.34097743034362793
    ]
  },
  {
    "gravity" : [
      0.042309246957302094,
      -0.9395742416381836,
      -0.33972057700157166
    ],
    "timestamp" : 1251040597647,
    "userAcceleration" : [
      -0.03188750892877579,
      -0.010605692863464355,
      0.03195074200630188
    ],
    "rotationMatrix" : [
      0.9982883334159851,
      0.02601413056254387,
      0.05238017067313194,
      0.040377531200647354,
      0.34135526418685913,
      -0.9390665888786316,
      -0.042309243232011795,
      0.9395741820335388,
      0.33972060680389404
    ]
  },
  {
    "gravity" : [
      0.041790544986724854,
      -0.9399622678756714,
      -0.33870965242385864
    ],
    "timestamp" : 1251040607699,
    "userAcceleration" : [
      -0.02372414618730545,
      -0.010309219360351562,
      0.032084256410598755
    ],
    "rotationMatrix" : [
      0.998284101486206,
      0.02536548487842083,
      0.052777476608753204,
      0.041017308831214905,
      0.34033408761024475,
      -0.9394093751907349,
      -0.041790544986724854,
      0.9399622678756714,
      0.33870968222618103
    ]
  },
  {
    "gravity" : [
      0.04120249301195145,
      -0.9402598142623901,
      -0.33795517683029175
    ],
    "timestamp" : 1251040617751,
    "userAcceleration" : [
      -0.01984020695090294,
      -0.0048236846923828125,
      0.02728620171546936
    ],
    "rotationMatrix" : [
      0.9982879757881165,
      0.024686353281140327,
      0.05302587151527405,
      0.04151522368192673,
      0.3395613431930542,
      -0.9396672248840332,
      -0.04120249301195145,
      0.9402598142623901,
      0.33795514702796936
    ]
  },
  {
    "gravity" : [
      0.04050552099943161,
      -0.9404470324516296,
      -0.33751800656318665
    ],
    "timestamp" : 1251040627804,
    "userAcceleration" : [
      -0.018700718879699707,
      0.0016654729843139648,
      0.02019616961479187
    ],
    "rotationMatrix" : [
      0.9982985854148865,
      0.023911170661449432,
      0.05318060517311096,
      0.041943103075027466,
      0.33909788727760315,
      -0.9398155212402344,
      -0.04050552099943161,
      0.9404470920562744,
      0.33751803636550903
    ]
  },
  {
    "gravity" : [
      0.03972873464226723,
      -0.9405357241630554,
      -0.3373635411262512
    ],
    "timestamp" : 1251040637856,
    "userAcceleration" : [
      -0.018519029021263123,
      0.00401228666305542,
      0.012168139219284058
    ],
    "rotationMatrix" : [
      0.9982956051826477,
      0.022916719317436218,
      0.053672149777412415,
      0.0427493080496788,
      0.338920921087265,
      -0.9398431181907654,
      -0.039728738367557526,
      0.9405357241630554,
      0.3373635709285736
    ]
  },
  {
    "gravity" : [
      0.038864489644765854,
      -0.940584123134613,
      -0.3373295068740845
    ],
    "timestamp" : 1251040647908,
    "userAcceleration" : [
      -0.022507060319185257,
      0.006029009819030762,
      -0.0012936294078826904
    ],
    "rotationMatrix" : [
      0.9982893466949463,
      0.021791141480207443,
      0.05425437539815903,
      0.04368000105023384,
      0.33886098861694336,
      -0.9398220181465149,
      -0.038864485919475555,
      0.940584123134613,
      0.3373294770717621
    ]
  },
  {
    "gravity" : [
      0.03794930875301361,
      -0.9406682848930359,
      -0.33719879388809204
    ],
    "timestamp" : 1251040657961,
    "userAcceleration" : [
      -0.030792947858572006,
      0.006784617900848389,
      -0.014653712511062622
    ],
    "rotationMatrix" : [
      0.9982801079750061,
      0.020598633214831352,
      0.05488619953393936,
      0.044683873653411865,
      0.3387017548084259,
      -0.9398321509361267,
      -0.03794930875301361,
      0.9406682848930359,
      0.33719879388809204
    ]
  },
  {
    "gravity" : [
      0.037158556282520294,
      -0.9408528804779053,
      -0.3367716372013092
    ],
    "timestamp" : 1251040668013,
    "userAcceleration" : [
      -0.03682287782430649,
      0.0006826519966125488,
      -0.02245086431503296
    ],
    "rotationMatrix" : [
      0.9982541799545288,
      0.01946505531668663,
      0.055764589458703995,
      0.045910995453596115,
      0.3382558524608612,
      -0.9399335980415344,
      -0.03715856000781059,
      0.9408528208732605,
      0.3367716670036316
    ]
  },
  {
    "gravity" : [
      0.03649323433637619,
      -0.9411686658859253,
      -0.3359609842300415
    ],
    "timestamp" : 1251040678065,
    "userAcceleration" : [
      -0.03901093453168869,
      -0.006539463996887207,
      -0.02643534541130066
    ],
    "rotationMatrix" : [
      0.9982200860977173,
      0.01846298947930336,
      0.05670744925737381,
      0.04716842994093895,
      0.33743247389793396,
      -0.940167248249054,
      -0.03649323433637619,
      0.9411686062812805,
      0.3359610140323639
    ]
  },
  {
    "gravity" : [
      0.03599538654088974,
      -0.9415934085845947,
      -0.33482256531715393
    ],
    "timestamp" : 1251040688118,
    "userAcceleration" : [
      -0.037338171154260635,
      -0.011836707592010498,
      -0.018433749675750732
    ],
    "rotationMatrix" : [
      0.9981887936592102,
      0.01771550439298153,
      0.05749131739139557,
      0.048201896250247955,
      0.3362855315208435,
      -0.9405256509780884,
      -0.03599538654088974,
      0.9415934085845947,
      0.33482253551483154
    ]
  },
  {
    "gravity" : [
      0.0356423482298851,
      -0.9420926570892334,
      -0.3334532678127289
    ],
    "timestamp" : 1251040698170,
    "userAcceleration" : [
      -0.0335366390645504,
      -0.013244807720184326,
      -0.009579658508300781
    ],
    "rotationMatrix" : [
      0.9981728792190552,
      0.01726977899670601,
      0.05790165811777115,
      0.048790063709020615,
      0.33490774035453796,
      -0.9409869313240051,
      -0.0356423482298851,
      0.9420927166938782,
      0.3334532380104065
    ]
  },
  {
    "gravity" : [
      0.035347867757081985,
      -0.9426288604736328,
      -0.33196595311164856
    ],
    "timestamp" : 1251040708222,
    "userAcceleration" : [
      -0.023583337664604187,
      -0.013303697109222412,
      -0.008549273014068604
    ],
    "rotationMatrix" : [
      0.9981885552406311,
      0.017119571566581726,
      0.05767590180039406,
      0.04868385195732117,
      0.3334032893180847,
      -0.9415265321731567,
      -0.035347867757081985,
      0.9426288604736328,
      0.33196592330932617
    ]
  },
  {
    "gravity" : [
      0.03501427546143532,
      -0.9431813955307007,
      -0.3304279148578644
    ],
    "timestamp" : 1251040718275,
    "userAcceleration" : [
      -0.011653080582618713,
      -0.011270999908447266,
      -0.01013299822807312
    ],
    "rotationMatrix" : [
      0.9981670379638672,
      0.0166743453592062,
      0.058176591992378235,
      0.049361422657966614,
      0.3318592309951782,
      -0.9420364499092102,
      -0.035014279186725616,
      0.9431814551353455,
      0.330427885055542
    ]
  },
  {
    "gravity" : [
      0.03453155234456062,
      -0.9437589645385742,
      -0.32882606983184814
    ],
    "timestamp" : 1251040728327,
    "userAcceleration" : [
      -0.00540253147482872,
      -0.006466805934906006,
      -0.01280301809310913
    ],
    "rotationMatrix" : [
      0.9981648325920105,
      0.016191497445106506,
      0.058350928127765656,
      0.049745023250579834,
      0.33023762702941895,
      -0.9425860643386841,
      -0.034531548619270325,
      0.9437589645385742,
      0.3288261294364929
    ]
  },
  {
    "gravity" : [
      0.03385384753346443,
      -0.9443755745887756,
      -0.32712167501449585
    ],
    "timestamp" : 1251040738379,
    "userAcceleration" : [
      -0.005487769842147827,
      -0.0013335347175598145,
      -0.016277432441711426
    ],
    "rotationMatrix" : [
      0.9981639385223389,
      0.01549980416893959,
      0.0585533045232296,
      0.05022599175572395,
      0.3285033106803894,
      -0.9431664347648621,
      -0.03385384753346443,
      0.9443755745887756,
      0.32712167501449585
    ]
  },
  {
    "gravity" : [
      0.03308838605880737,
      -0.9450221061706543,
      -0.32532796263694763
    ],
    "timestamp" : 1251040748432,
    "userAcceleration" : [
      -0.00698060542345047,
      -0.0006107091903686523,
      -0.018681496381759644
    ],
    "rotationMatrix" : [
      0.9981532096862793,
      0.014653775840997696,
      0.05895323306322098,
      0.05094483122229576,
      0.3266778588294983,
      -0.9437616467475891,
      -0.03308838605880737,
      0.9450220465660095,
      0.3253280222415924
    ]
  },
  {
    "gravity" : [
      0.03223823383450508,
      -0.9457066059112549,
      -0.3234187662601471
    ],
    "timestamp" : 1251040758484,
    "userAcceleration" : [
      -0.007793653756380081,
      -0.0037103891372680664,
      -0.02072805166244507
    ],
    "rotationMatrix" : [
      0.9981327056884766,
      0.013665487989783287,
      0.05953425541520119,
      0.05188225954771042,
      0.324734091758728,
      -0.9443812370300293,
      -0.03223823383450508,
      0.9457066059112549,
      0.3234187364578247
    ]
  },
  {
    "gravity" : [
      0.0313064269721508,
      -0.9464297890663147,
      -0.3213885426521301
    ],
    "timestamp" : 1251040768536,
    "userAcceleration" : [
      -0.02572169154882431,
      -0.014309346675872803,
      -0.013343602418899536
    ],
    "rotationMatrix" : [
      0.9981051683425903,
      0.012560945004224777,
      0.0602356418967247,
      0.05297185853123665,
      0.32266533374786377,
      -0.9450296759605408,
      -0.031306423246860504,
      0.9464297890663147,
      0.3213885724544525
    ]
  },
  {
    "gravity" : [
      0.030529161915183067,
      -0.9471682906150818,
      -0.3192808926105499
    ],
    "timestamp" : 1251040778589,
    "userAcceleration" : [
      -0.03725830465555191,
      -0.027029037475585938,
      -0.008767902851104736
    ],
    "rotationMatrix" : [
      0.9980700612068176,
      0.011606140062212944,
      0.06100356578826904,
      0.05407501757144928,
      0.3205271065235138,
      -0.9456945657730103,
      -0.030529163777828217,
      0.947168231010437,
      0.3192808926105499
    ]
  },
  {
    "gravity" : [
      0.02994452975690365,
      -0.9479140043258667,
      -0.317115843296051
    ],
    "timestamp" : 1251040788641,
    "userAcceleration" : [
      -0.041327591985464096,
      -0.026634395122528076,
      -0.0025711357593536377
    ],
    "rotationMatrix" : [
      0.9980326294898987,
      0.01087103970348835,
      0.06174653768539429,
      0.055083028972148895,
      0.318340927362442,
      -0.9463746547698975,
      -0.02994452975690365,
      0.9479140043258667,
      0.317115843296051
    ]
  },
  {
    "gravity" : [
      0.02949410490691662,
      -0.9486442804336548,
      -0.31496667861938477
    ],
    "timestamp" : 1251040798693,
    "userAcceleration" : [
      -0.040037915110588074,
      -0.02233344316482544,
      0.00504535436630249
    ],
    "rotationMatrix" : [
      0.9980030655860901,
      0.01033940538764,
      0.06231386959552765,
      0.055857133120298386,
      0.3161756098270416,
      -0.9470548033714294,
      -0.029494106769561768,
      0.94864422082901,
      0.31496667861938477
    ]
  },
  {
    "gravity" : [
      0.029157385230064392,
      -0.9493027329444885,
      -0.31300821900367737
    ],
    "timestamp" : 1251040808746,
    "userAcceleration" : [
      -0.036161161959171295,
      -0.0180128812789917,
      0.010685741901397705
    ],
    "rotationMatrix" : [
      0.9979904294013977,
      0.010022932663559914,
      0.06256704032421112,
      0.05625780671834946,
      0.31420353055000305,
      -0.9476872682571411,
      -0.029157385230064392,
      0.9493026733398438,
      0.31300824880599976
    ]
  },
  {
    "gravity" : [
      0.028871864080429077,
      -0.9498702883720398,
      -0.3113080561161041
    ],
    "timestamp" : 1251040818798,
    "userAcceleration" : [
      -0.02867351472377777,
      -0.016300857067108154,
      0.012342512607574463
    ],
    "rotationMatrix" : [
      0.9979962706565857,
      0.009850593283772469,
      0.06250152736902237,
      0.0563017874956131,
      0.3124887943267822,
      -0.9482514262199402,
      -0.028871862217783928,
      0.9498702883720398,
      0.3113080561161041
    ]
  },
  {
    "gravity" : [
      0.028596408665180206,
      -0.9503637552261353,
      -0.30982428789138794
    ],
    "timestamp" : 1251040828850,
    "userAcceleration" : [
      -0.02543785236775875,
      -0.0078119635581970215,
      0.009653300046920776
    ],
    "rotationMatrix" : [
      0.9979799389839172,
      0.009553525596857071,
      0.0628075823187828,
      0.056730132550001144,
      0.3109945058822632,
      -0.9487171173095703,
      -0.028596406802535057,
      0.9503637552261353,
      0.30982428789138794
    ]
  },
  {
    "gravity" : [
      0.028353368863463402,
      -0.9507945775985718,
      -0.30852171778678894
    ],
    "timestamp" : 1251040838903,
    "userAcceleration" : [
      -0.0278956089168787,
      -0.0010333061218261719,
      0.005360037088394165
    ],
    "rotationMatrix" : [
      0.9979552626609802,
      0.009237395599484444,
      0.06324523687362671,
      0.057283297181129456,
      0.30968403816223145,
      -0.9491124749183655,
      -0.028353368863463402,
      0.9507946372032166,
      0.30852168798446655
    ]
  },
  {
    "gravity" : [
      0.02818593569099903,
      -0.9511978626251221,
      -0.30729153752326965
    ],
    "timestamp" : 1251040848955,
    "userAcceleration" : [
      -0.02666006051003933,
      0.005168318748474121,
      -0.0016990303993225098
    ],
    "rotationMatrix" : [
      0.9979245662689209,
      0.008970500901341438,
      0.06376588344573975,
      0.0578974187374115,
      0.3084510564804077,
      -0.9494766592979431,
      -0.028185933828353882,
      0.9511979222297668,
      0.30729150772094727
    ]
  },
  {
    "gravity" : [
      0.028160760179162025,
      -0.9515967965126038,
      -0.3060562014579773
    ],
    "timestamp" : 1251040859007,
    "userAcceleration" : [
      -0.027077389881014824,
      0.005948662757873535,
      -0.0066117048263549805
    ],
    "rotationMatrix" : [
      0.997876763343811,
      0.008773645386099815,
      0.0645371526479721,
      0.05872812122106552,
      0.30722373723983765,
      -0.9498233795166016,
      -0.028160758316516876,
      0.9515968561172485,
      0.3060561716556549
    ]
  },
  {
    "gravity" : [
      0.02827448770403862,
      -0.9519850611686707,
      -0.30483612418174744
    ],
    "timestamp" : 1251040869060,
    "userAcceleration" : [
      -0.025451594963669777,
      0.0027968287467956543,
      -0.008838921785354614
    ],
    "rotationMatrix" : [
      0.9978146553039551,
      0.008660076186060905,
      0.06550546735525131,
      0.05972031503915787,
      0.30602213740348816,
      -0.950149416923523,
      -0.02827449142932892,
      0.9519850015640259,
      0.3048361837863922
    ]
  },
  {
    "gravity" : [
      0.028410928323864937,
      -0.9523699283599854,
      -0.303618848323822
    ],
    "timestamp" : 1251040879112,
    "userAcceleration" : [
      -0.019148848950862885,
      0.002937614917755127,
      -0.009750962257385254
    ],
    "rotationMatrix" : [
      0.9977424740791321,
      0.008528165519237518,
      0.06661254167556763,
      0.06085047125816345,
      0.30482593178749084,
      -0.9504622220993042,
      -0.028410930186510086,
      0.9523699283599854,
      0.30361881852149963
    ]
  },
  {
    "gravity" : [
      0.028478194028139114,
      -0.9527732729911804,
      -0.3023443818092346
    ],
    "timestamp" : 1251040889164,
    "userAcceleration" : [
      -0.01419597864151001,
      0.00533980131149292,
      -0.011712104082107544
    ],
    "rotationMatrix" : [
      0.9976682662963867,
      0.008323969319462776,
      0.06774041056632996,
      0.0620245486497879,
      0.3035685122013092,
      -0.9507887363433838,
      -0.028478194028139114,
      0.9527733325958252,
      0.3023443818092346
    ]
  },
  {
    "gravity" : [
      0.02838788740336895,
      -0.9532135128974915,
      -0.3009618818759918
    ],
    "timestamp" : 1251040899217,
    "userAcceleration" : [
      -0.011008139699697495,
      0.0074738264083862305,
      -0.012911498546600342
    ],
    "rotationMatrix" : [
      0.9976075291633606,
      0.008030572906136513,
      0.0686635822057724,
      0.06303416937589645,
      0.3021910786628723,
      -0.9511609673500061,
      -0.0283878855407238,
      0.9532135128974915,
      0.3009618818759918
    ]
  },
  {
    "gravity" : [
      0.028120923787355423,
      -0.9536830186843872,
      -0.2994959354400635
    ],
    "timestamp" : 1251040909269,
    "userAcceleration" : [
      -0.010573331266641617,
      0.003106355667114258,
      -0.012119114398956299
    ],
    "rotationMatrix" : [
      0.9975590705871582,
      0.007616851478815079,
      0.06941070407629013,
      0.06391459703445435,
      0.3007167875766754,
      -0.9515693783760071,
      -0.028120925650000572,
      0.953683078289032,
      0.2994959354400635
    ]
  },
  {
    "gravity" : [
      0.027782488614320755,
      -0.9541611671447754,
      -0.29800093173980713
    ],
    "timestamp" : 1251040919321,
    "userAcceleration" : [
      -0.014751484617590904,
      -0.005647122859954834,
      -0.010653913021087646
    ],
    "rotationMatrix" : [
      0.9975265264511108,
      0.007207779213786125,
      0.06992055475711823,
      0.06456755101680756,
      0.29920637607574463,
      -0.9520012736320496,
      -0.027782488614320755,
      0.9541611075401306,
      0.29800093173980713
    ]
  },
  {
    "gravity" : [
      0.027445267885923386,
      -0.9546414017677307,
      -0.29649031162261963
    ],
    "timestamp" : 1251040929374,
    "userAcceleration" : [
      -0.022943925112485886,
      -0.009393572807312012,
      -0.011111676692962646
    ],
    "rotationMatrix" : [
      0.9974852800369263,
      0.006765585392713547,
      0.07055052369832993,
      0.06534452736377716,
      0.2976810336112976,
      -0.9524263739585876,
      -0.027445266023278236,
      0.9546414017677307,
      0.296490341424942
    ]
  },
  {
    "gravity" : [
      0.02719191461801529,
      -0.9551231861114502,
      -0.294958233833313
    ],
    "timestamp" : 1251040939426,
    "userAcceleration" : [
      -0.026596829295158386,
      -0.006806075572967529,
      -0.013635575771331787
    ],
    "rotationMatrix" : [
      0.9974391460418701,
      0.006398404017090797,
      0.07123386114835739,
      0.06614985316991806,
      0.2961398959159851,
      -0.9528511762619019,
      -0.02719191275537014,
      0.9551231861114502,
      0.2949582636356354
    ]
  },
  {
    "gravity" : [
      0.027094420045614243,
      -0.9556301236152649,
      -0.2933202385902405
    ],
    "timestamp" : 1251040949478,
    "userAcceleration" : [
      -0.03136688470840454,
      -0.0028353333473205566,
      -0.012954235076904297
    ],
    "rotationMatrix" : [
      0.9973854422569275,
      0.006178541108965874,
      0.0720004290342331,
      0.06699349731206894,
      0.2945041060447693,
      -0.9532990455627441,
      -0.027094420045614243,
      0.9556301832199097,
      0.2933202087879181
    ]
  },
  {
    "gravity" : [
      0.027134552597999573,
      -0.9561694264411926,
      -0.29155364632606506
    ],
    "timestamp" : 1251040959531,
    "userAcceleration" : [
      -0.03126969188451767,
      0.0017322897911071777,
      -0.0132102370262146
    ],
    "rotationMatrix" : [
      0.9973262548446655,
      0.006097586825489998,
      0.07282255589962006,
      0.0678529441356659,
      0.29275012016296387,
      -0.9537783861160278,
      -0.02713455632328987,
      0.9561694860458374,
      0.29155364632606506
    ]
  },
  {
    "gravity" : [
      0.02724892646074295,
      -0.9567306041717529,
      -0.2896963953971863
    ],
    "timestamp" : 1251040969583,
    "userAcceleration" : [
      -0.025768816471099854,
      0.003392040729522705,
      -0.009909987449645996
    ],
    "rotationMatrix" : [
      0.9972683787345886,
      0.00611463189125061,
      0.0736096203327179,
      0.06865318864583969,
      0.29091084003448486,
      -0.9542838335037231,
      -0.0272489283233881,
      0.9567306041717529,
      0.2896963953971863
    ]
  },
  {
    "gravity" : [
      0.027322128415107727,
      -0.9572922587394714,
      -0.2878281772136688
    ],
    "timestamp" : 1251040979635,
    "userAcceleration" : [
      -0.018166862428188324,
      0.0017868876457214355,
      -0.0047134459018707275
    ],
    "rotationMatrix" : [
      0.9972035884857178,
      0.006065431982278824,
      0.07448658347129822,
      0.06955961883068085,
      0.2890583872795105,
      -0.9547809958457947,
      -0.027322132140398026,
      0.9572922587394714,
      0.28782814741134644
    ]
  },
  {
    "gravity" : [
      0.027302803471684456,
      -0.9578441381454468,
      -0.2859882116317749
    ],
    "timestamp" : 1251040989688,
    "userAcceleration" : [
      -0.011113230139017105,
      0.0005382895469665527,
      -0.003944098949432373
    ],
    "rotationMatrix" : [
      0.997136116027832,
      0.005911283195018768,
      0.07539656013250351,
      0.0705275908112526,
      0.28722766041755676,
      -0.9552624225616455,
      -0.027302809059619904,
      0.9578441381454468,
      0.2859881818294525
    ]
  },
  {
    "gravity" : [
      0.02721540257334709,
      -0.958387017250061,
      -0.2841717600822449
    ],
    "timestamp" : 1251040999740,
    "userAcceleration" : [
      -0.010308677330613136,
      0.0008523464202880859,
      -0.004478812217712402
    ],
    "rotationMatrix" : [
      0.9970680475234985,
      0.005687549710273743,
      0.07630854099988937,
      0.07151687890291214,
      0.2854153513908386,
      -0.9557318687438965,
      -0.027215398848056793,
      0.958387017250061,
      0.2841717600822449
    ]
  },
  {
    "gravity" : [
      0.027119359001517296,
      -0.9589315056800842,
      -0.28233814239501953
    ],
    "timestamp" : 1251041009792,
    "userAcceleration" : [
      -0.010731415823101997,
      0.0017630457878112793,
      -0.009272634983062744
    ],
    "rotationMatrix" : [
      0.9969913959503174,
      0.005429770797491074,
      0.07732215523719788,
      0.07261362671852112,
      0.28358563780784607,
      -0.9561936855316162,
      -0.027119362726807594,
      0.9589314460754395,
      0.28233814239501953
    ]
  },
  {
    "gravity" : [
      0.027027828618884087,
      -0.959511399269104,
      -0.28036966919898987
    ],
    "timestamp" : 1251041019845,
    "userAcceleration" : [
      -0.007771225646138191,
      0.00382310152053833,
      -0.016307026147842407
    ],
    "rotationMatrix" : [
      0.9968968033790588,
      0.005127906799316406,
      0.07855228334665298,
      0.07393411546945572,
      0.2816227674484253,
      -0.9566724300384521,
      -0.027027828618884087,
      0.959511399269104,
      0.28036969900131226
    ]
  },
  {
    "gravity" : [
      0.026917537674307823,
      -0.9601485133171082,
      -0.278190940618515
    ],
    "timestamp" : 1251041029897,
    "userAcceleration" : [
      -0.007172679528594017,
      0.006031811237335205,
      -0.01587653160095215
    ],
    "rotationMatrix" : [
      0.9967900514602661,
      0.004789877682924271,
      0.07991684228181839,
      0.07539954781532288,
      0.27944910526275635,
      -0.9571954011917114,
      -0.026917537674307823,
      0.9601485729217529,
      0.278190940618515
    ]
  },
  {
    "gravity" : [
      0.02675049751996994,
      -0.9608324766159058,
      -0.2758358120918274
    ],
    "timestamp" : 1251041039949,
    "userAcceleration" : [
      -0.006318980827927589,
      0.004610002040863037,
      -0.009824037551879883
    ],
    "rotationMatrix" : [
      0.9966803193092346,
      0.004410386085510254,
      0.08129492402076721,
      0.07689426094293594,
      0.27709484100341797,
      -0.957760751247406,
      -0.02675049751996994,
      0.960832417011261,
      0.2758358418941498
    ]
  },
  {
    "gravity" : [
      0.026529347524046898,
      -0.9615347981452942,
      -0.27339914441108704
    ],
    "timestamp" : 1251041050002,
    "userAcceleration" : [
      -0.011835144832730293,
      0.0008109807968139648,
      -0.002876579761505127
    ],
    "rotationMatrix" : [
      0.9965746402740479,
      0.0040096379816532135,
      0.08260108530521393,
      0.07832758128643036,
      0.2746540606021881,
      -0.9583474397659302,
      -0.026529347524046898,
      0.9615347385406494,
      0.2733992040157318
    ]
  },
  {
    "gravity" : [
      0.026322074234485626,
      -0.9622089862823486,
      -0.27103713154792786
    ],
    "timestamp" : 1251041060054,
    "userAcceleration" : [
      -0.016876891255378723,
      -0.006174802780151367,
      0.006190210580825806
    ],
    "rotationMatrix" : [
      0.9964787364006042,
      0.0036642253398895264,
      0.08376576006412506,
      0.07960701733827591,
      0.2722875773906708,
      -0.9589173197746277,
      -0.026322076097130775,
      0.9622090458869934,
      0.2710370719432831
    ]
  },
  {
    "gravity" : [
      0.026162125170230865,
      -0.9628194570541382,
      -0.2688755393028259
    ],
    "timestamp" : 1251041070106,
    "userAcceleration" : [
      -0.02289673127233982,
      -0.012278079986572266,
      0.017135977745056152
    ],
    "rotationMatrix" : [
      0.9963844418525696,
      0.003367319703102112,
      0.084892138838768,
      0.08083042502403259,
      0.2701243460178375,
      -0.9594264626502991,
      -0.026162125170230865,
      0.962819516658783,
      0.26887550950050354
    ]
  },
  {
    "gravity" : [
      0.0260727908462286,
      -0.9633475542068481,
      -0.2669859826564789
    ],
    "timestamp" : 1251041080159,
    "userAcceleration" : [
      -0.02592020109295845,
      -0.016571760177612305,
      0.020770102739334106
    ],
    "rotationMatrix" : [
      0.996303141117096,
      0.003172360360622406,
      0.08584840595722198,
      0.08185488730669022,
      0.26823732256889343,
      -0.9598689079284668,
      -0.0260727871209383,
      0.9633475542068481,
      0.26698601245880127
    ]
  },
  {
    "gravity" : [
      0.02603464387357235,
      -0.9638122916221619,
      -0.26530730724334717
    ],
    "timestamp" : 1251041090211,
    "userAcceleration" : [
      -0.024295145645737648,
      -0.014886319637298584,
      0.014208614826202393
    ],
    "rotationMatrix" : [
      0.9962204694747925,
      0.003014426678419113,
      0.08680840581655502,
      0.08286726474761963,
      0.26656460762023926,
      -0.9602479934692383,
      -0.02603464014828205,
      0.9638122320175171,
      0.26530730724334717
    ]
  },
  {
    "gravity" : [
      0.026010239496827126,
      -0.9642595648765564,
      -0.2636794149875641
    ],
    "timestamp" : 1251041100263,
    "userAcceleration" : [
      -0.013055529445409775,
      -0.007206380367279053,
      0.0032576024532318115
    ],
    "rotationMatrix" : [
      0.9961384534835815,
      0.002874981611967087,
      0.08774889260530472,
      0.08385464549064636,
      0.26494359970092773,
      -0.9606108069419861,
      -0.026010243222117424,
      0.9642595648765564,
      0.2636794149875641
    ]
  },
  {
    "gravity" : [
      0.025904007256031036,
      -0.9647308588027954,
      -0.2619606554508209
    ],
    "timestamp" : 1251041110316,
    "userAcceleration" : [
      -0.002603849396109581,
      0.0028931498527526855,
      -0.00723499059677124
    ],
    "rotationMatrix" : [
      0.9960377812385559,
      0.002606939524412155,
      0.0888926312327385,
      0.0850745439529419,
      0.26322537660598755,
      -0.9609759449958801,
      -0.025904007256031036,
      0.9647309184074402,
      0.2619606554508209
    ]
  },
  {
    "gravity" : [
      0.02566947415471077,
      -0.9652414321899414,
      -0.26009613275527954
    ],
    "timestamp" : 1251041120368,
    "userAcceleration" : [
      0.003734203055500984,
      0.007752478122711182,
      -0.013616085052490234
    ],
    "rotationMatrix" : [
      0.9959508776664734,
      0.0022694580256938934,
      0.08987048268318176,
      0.0861564427614212,
      0.2613499164581299,
      -0.9613913297653198,
      -0.02566947415471077,
      0.9652414321899414,
      0.26009613275527954
    ]
  },
  {
    "gravity" : [
      0.02529919520020485,
      -0.9657886624336243,
      -0.25809305906295776
    ],
    "timestamp" : 1251041130420,
    "userAcceleration" : [
      0.0015104878693819046,
      0.005614221096038818,
      -0.016076892614364624
    ],
    "rotationMatrix" : [
      0.9958628416061401,
      0.001808319240808487,
      0.09085129201412201,
      0.08727644383907318,
      0.25932374596595764,
      -0.9618387222290039,
      -0.02529919520020485,
      0.9657886028289795,
      0.25809305906295776
    ]
  },
  {
    "gravity" : [
      0.024820666760206223,
      -0.966361403465271,
      -0.2559869885444641
    ],
    "timestamp" : 1251041140473,
    "userAcceleration" : [
      -0.003931373357772827,
      0.0021434426307678223,
      -0.014536112546920776
    ],
    "rotationMatrix" : [
      0.9957751631736755,
      0.0012542270123958588,
      0.09181629121303558,
      0.08840666711330414,
      0.2571844160556793,
      -0.9623098373413086,
      -0.024820666760206223,
      0.966361403465271,
      0.2559869587421417
    ]
  },
  {
    "gravity" : [
      0.024276092648506165,
      -0.966943085193634,
      -0.2538338601589203
    ],
    "timestamp" : 1251041150525,
    "userAcceleration" : [
      -0.012343714013695717,
      -0.002157747745513916,
      -0.018321961164474487
    ],
    "rotationMatrix" : [
      0.9956912398338318,
      0.0006556026637554169,
      0.09272824227809906,
      0.08949652314186096,
      0.25499123334884644,
      -0.9627926349639893,
      -0.024276096373796463,
      0.9669430255889893,
      0.2538338899612427
    ]
  },
  {
    "gravity" : [
      0.02373911254107952,
      -0.9675261974334717,
      -0.25165343284606934
    ],
    "timestamp" : 1251041160577,
    "userAcceleration" : [
      -0.020580556243658066,
      -0.0060759782791137695,
      -0.02666693925857544
    ],
    "rotationMatrix" : [
      0.9955924153327942,
      3.417208790779114e-05,
      0.09378540515899658,
      0.09073124825954437,
      0.25277063250541687,
      -0.9632625579833984,
      -0.023739106953144073,
      0.9675261974334717,
      0.25165343284606934
    ]
  },
  {
    "gravity" : [
      0.023319201543927193,
      -0.9681097865104675,
      -0.24943870306015015
    ],
    "timestamp" : 1251041170630,
    "userAcceleration" : [
      -0.028339331969618797,
      -0.009871721267700195,
      -0.02975142002105713
    ],
    "rotationMatrix" : [
      0.9954609870910645,
      -0.0005427449941635132,
      0.09516885131597519,
      0.09226927906274796,
      0.2505257725715637,
      -0.9637027978897095,
      -0.023319199681282043,
      0.9681097269058228,
      0.24943871796131134
    ]
  },
  {
    "gravity" : [
      0.023080026730895042,
      -0.9686968326568604,
      -0.24717135727405548
    ],
    "timestamp" : 1251041180682,
    "userAcceleration" : [
      -0.029961751773953438,
      -0.007743537425994873,
      -0.02942478656768799
    ],
    "rotationMatrix" : [
      0.9953135251998901,
      -0.0009586364030838013,
      0.09669604897499084,
      0.09390610456466675,
      0.2482447624206543,
      -0.9641348719596863,
      -0.023080024868249893,
      0.9686967730522156,
      0.24717137217521667
    ]
  },
  {
    "gravity" : [
      0.022974546998739243,
      -0.9693122506141663,
      -0.24475690722465515
    ],
    "timestamp" : 1251041190734,
    "userAcceleration" : [
      -0.024805601686239243,
      -0.0028252005577087402,
      -0.0304354727268219
    ],
    "rotationMatrix" : [
      0.9951581358909607,
      -0.0012289024889469147,
      0.09827913343906403,
      0.09556394815444946,
      0.2458297610282898,
      -0.9645906686782837,
      -0.022974546998739243,
      0.9693121910095215,
      0.24475692212581635
    ]
  },
  {
    "gravity" : [
      0.02289767377078533,
      -0.9699671864509583,
      -0.2421553134918213
    ],
    "timestamp" : 1251041200787,
    "userAcceleration" : [
      -0.02007480151951313,
      0.0024837851524353027,
      -0.028734028339385986
    ],
    "rotationMatrix" : [
      0.9949895143508911,
      -0.001469045877456665,
      0.09996840357780457,
      0.09732181578874588,
      0.24323099851608276,
      -0.9650735855102539,
      -0.022897671908140182,
      0.969967246055603,
      0.2421552687883377
    ]
  },
  {
    "gravity" : [
      0.022772135213017464,
      -0.9706597924232483,
      -0.2393762320280075
    ],
    "timestamp" : 1251041210839,
    "userAcceleration" : [
      -0.01569207012653351,
      0.0034662485122680664,
      -0.02362436056137085
    ],
    "rotationMatrix" : [
      0.9948216676712036,
      -0.001722089946269989,
      0.10162155330181122,
      0.09905218333005905,
      0.24045078456401825,
      -0.9655941128730774,
      -0.022772137075662613,
      0.9706597924232483,
      0.2393762320280075
    ]
  },
  {
    "gravity" : [
      0.02254962921142578,
      -0.9713854789733887,
      -0.23643508553504944
    ],
    "timestamp" : 1251041220891,
    "userAcceleration" : [
      -0.009411826729774475,
      0.0020099878311157227,
      -0.020217835903167725
    ],
    "rotationMatrix" : [
      0.9946754574775696,
      -0.001989021897315979,
      0.1030375063419342,
      0.10055942088365555,
      0.2374996393918991,
      -0.9661684632301331,
      -0.02254963293671608,
      0.9713854193687439,
      0.23643508553504944
    ]
  },
  {
    "gravity" : [
      0.022282106801867485,
      -0.9721419811248779,
      -0.23333127796649933
    ],
    "timestamp" : 1251041230944,
    "userAcceleration" : [
      -0.013523554429411888,
      -7.170438766479492e-05,
      -0.02292490005493164
    ],
    "rotationMatrix" : [
      0.9945296049118042,
      -0.0022698454558849335,
      0.1044301837682724,
      0.10205058753490448,
      0.234381765127182,
      -0.9667733907699585,
      -0.022282104939222336,
      0.9721419811248779,
      0.23333124816417694
    ]
  },
  {
    "gravity" : [
      0.02209099382162094,
      -0.9729386568069458,
      -0.23000498116016388
    ],
    "timestamp" : 1251041240996,
    "userAcceleration" : [
      -0.016658853739500046,
      0.00028252601623535156,
      -0.02646481990814209
    ],
    "rotationMatrix" : [
      0.9943655133247375,
      -0.0024757124483585358,
      0.10597700625658035,
      0.10367855429649353,
      0.23105019330978394,
      -0.9674019813537598,
      -0.02209099382162094,
      0.9729386568069458,
      0.23000501096248627
    ]
  },
  {
    "gravity" : [
      0.022003214806318283,
      -0.9737686514854431,
      -0.22647377848625183
    ],
    "timestamp" : 1251041251048,
    "userAcceleration" : [
      -0.016067558899521828,
      -0.0011458396911621094,
      -0.026517033576965332
    ],
    "rotationMatrix" : [
      0.9941649436950684,
      -0.0026164911687374115,
      0.1078389436006546,
      0.10560275614261627,
      0.22752511501312256,
      -0.9680290818214417,
      -0.02200321853160858,
      0.9737686514854431,
      0.22647379338741302
    ]
  },
  {
    "gravity" : [
      0.021928876638412476,
      -0.9746140241622925,
      -0.2228143960237503
    ],
    "timestamp" : 1251041261101,
    "userAcceleration" : [
      -0.01315506361424923,
      -0.007365107536315918,
      -0.014932826161384583
    ],
    "rotationMatrix" : [
      0.9939417839050293,
      -0.002755258232355118,
      0.10987330973148346,
      0.10769800841808319,
      0.22387391328811646,
      -0.9686492085456848,
      -0.021928872913122177,
      0.9746140837669373,
      0.2228143811225891
    ]
  },
  {
    "gravity" : [
      0.021735254675149918,
      -0.9754579067230225,
      -0.2191096693277359
