[
  {
    "rotationMatrix" : [
      0.7212660312652588,
      -0.1871149241924286,
      0.6669057607650757,
      0.6919410228729248,
      0.1508421003818512,
      -0.706019937992096,
      0.03150942921638489,
      0.9706876873970032,
      0.23826980590820312
    ],
    "gravity" : [
      -0.03150944411754608,
      -0.9706876277923584,
      -0.2382698506116867
    ],
    "timestamp" : 1251271776924,
    "userAcceleration" : [
      -0.07969659566879272,
      -0.06594860553741455,
      -0.04938894510269165
    ]
  },
  {
    "rotationMatrix" : [
      0.7258504629135132,
      -0.18533670902252197,
      0.6624132394790649,
      0.6871893405914307,
      0.15310998260974884,
      -0.7101606130599976,
      0.03019675612449646,
      0.9706737995147705,
      0.23849637806415558
    ],
    "gravity" : [
      -0.030196767300367355,
      -0.9706737399101257,
      -0.23849639296531677
    ],
    "timestamp" : 1251271786979,
    "userAcceleration" : [
      -0.08227575570344925,
      -0.04667538404464722,
      -0.04873514175415039
    ]
  },
  {
    "rotationMatrix" : [
      0.7298758029937744,
      -0.1834305226802826,
      0.658509373664856,
      0.6829843521118164,
      0.1554824858903885,
      -0.7136930227279663,
      0.028526335954666138,
      0.9706588983535767,
      0.23876303434371948
    ],
    "gravity" : [
      -0.0285263080149889,
      -0.9706587791442871,
      -0.23876307904720306
    ],
    "timestamp" : 1251271797033,
    "userAcceleration" : [
      -0.051109299063682556,
      -0.06301736831665039,
      -0.02822008728981018
    ]
  },
  {
    "rotationMatrix" : [
      0.7339823246002197,
      -0.18169854581356049,
      0.6544123888015747,
      0.6786316633224487,
      0.1579039841890335,
      -0.7173041105270386,
      0.026998847723007202,
      0.9705935716629028,
      0.23920515179634094
    ],
    "gravity" : [
      -0.0269988551735878,
      -0.9705935120582581,
      -0.23920518159866333
    ],
    "timestamp" : 1251271807088,
    "userAcceleration" : [
      -0.010644566267728806,
      -0.10484582185745239,
      -0.005240678787231445
    ]
  },
  {
    "rotationMatrix" : [
      0.7387884259223938,
      -0.18039065599441528,
      0.6493463516235352,
      0.6734325885772705,
      0.16031748056411743,
      -0.7216554284095764,
      0.02607843279838562,
      0.9704417586326599,
      0.2399217188358307
    ],
    "gravity" : [
      -0.02607845328748226,
      -0.9704417586326599,
      -0.2399217039346695
    ],
    "timestamp" : 1251271817142,
    "userAcceleration" : [
      0.020524272695183754,
      -0.14158809185028076,
      0.0017319470643997192
    ]
  },
  {
    "rotationMatrix" : [
      0.7443820238113403,
      -0.17958234250545502,
      0.6431529521942139,
      0.6672499179840088,
      0.16262033581733704,
      -0.7268646955490112,
      0.025942295789718628,
      0.9702086448669434,
      0.2408779412508011
    ],
    "gravity" : [
      -0.025942286476492882,
      -0.9702087044715881,
      -0.2408779412508011
    ],
    "timestamp" : 1251271827197,
    "userAcceleration" : [
      0.020555945113301277,
      -0.15210580825805664,
      -0.01591232419013977
    ]
  },
  {
    "rotationMatrix" : [
      0.7504304647445679,
      -0.17913773655891418,
      0.6362104415893555,
      0.6604177951812744,
      0.1646287441253662,
      -0.7326291799545288,
      0.02650308609008789,
      0.9699519872665405,
      0.24184823036193848
    ],
    "gravity" : [
      -0.02650310844182968,
      -0.9699519872665405,
      -0.24184824526309967
    ],
    "timestamp" : 1251271837252,
    "userAcceleration" : [
      -0.0066542234271764755,
      -0.13589811325073242,
      -0.047870442271232605
    ]
  },
  {
    "rotationMatrix" : [
      0.7565126419067383,
      -0.17879092693328857,
      0.6290646195411682,
      0.6533985137939453,
      0.1661202311515808,
      -0.738562285900116,
      0.02754795551300049,
      0.9697616696357727,
      0.24249383807182312
    ],
    "gravity" : [
      -0.027547962963581085,
      -0.9697616696357727,
      -0.24249380826950073
    ],
    "timestamp" : 1251271847306,
    "userAcceleration" : [
      -0.04602990299463272,
      -0.11083513498306274,
      -0.08460891246795654
    ]
  },
  {
    "rotationMatrix" : [
      0.7625312805175781,
      -0.1780887097120285,
      0.621957004070282,
      0.6463151574134827,
      0.16707353293895721,
      -0.744555652141571,
      0.02868443727493286,
      0.9697272181510925,
      0.24250023066997528
    ],
    "gravity" : [
      -0.028684431686997414,
      -0.9697272181510925,
      -0.2425002008676529
    ],
    "timestamp" : 1251271857361,
    "userAcceleration" : [
      -0.08438318967819214,
      -0.09622126817703247,
      -0.10910817980766296
    ]
  },
  {
    "rotationMatrix" : [
      0.7685545682907104,
      -0.1766749769449234,
      0.6149062514305115,
      0.639101505279541,
      0.16762106120586395,
      -0.750634491443634,
      0.02954721450805664,
      0.9698911309242249,
      0.24173924326896667
    ],
    "gravity" : [
      -0.02954724058508873,
      -0.9698911309242249,
      -0.24173922836780548
    ],
    "timestamp" : 1251271867415,
    "userAcceleration" : [
      -0.11481614410877228,
      -0.09353947639465332,
      -0.1211758702993393
    ]
  },
  {
    "rotationMatrix" : [
      0.7745492458343506,
      -0.17443761229515076,
      0.6079843044281006,
      0.6318044662475586,
      0.16786733269691467,
      -0.7567322254180908,
      0.029941827058792114,
      0.970253586769104,
      0.24023199081420898
    ],
    "gravity" : [
      -0.029941849410533905,
      -0.9702536463737488,
      -0.2402319759130478
    ],
    "timestamp" : 1251271877470,
    "userAcceleration" : [
      -0.1318928599357605,
      -0.09105610847473145,
      -0.12443792819976807
    ]
  },
  {
    "rotationMatrix" : [
      0.7806176543235779,
      -0.1714417189359665,
      0.6010355949401855,
      0.62429279088974,
      0.1678621768951416,
      -0.7629421949386597,
      0.02990901470184326,
      0.9707883596420288,
      0.23806601762771606
    ],
    "gravity" : [
      -0.029908986762166023,
      -0.9707883596420288,
      -0.23806601762771606
    ],
    "timestamp" : 1251271887524,
    "userAcceleration" : [
      -0.13404668867588043,
      -0.07395035028457642,
      -0.1272294521331787
    ]
  },
  {
    "rotationMatrix" : [
      0.7865046858787537,
      -0.16796240210533142,
      0.5943053960800171,
      0.6168731451034546,
      0.1674901694059372,
      -0.769034743309021,
      0.029628664255142212,
      0.9714604616165161,
      0.235343337059021
    ],
    "gravity" : [
      -0.029628675431013107,
      -0.9714604616165161,
      -0.23534338176250458
    ],
    "timestamp" : 1251271897579,
    "userAcceleration" : [
      -0.1280861496925354,
      -0.039083242416381836,
      -0.12975375354290009
    ]
  },
  {
    "rotationMatrix" : [
      0.7919940948486328,
      -0.1641853153705597,
      0.5880378484725952,
      0.6098315715789795,
      0.16672642529010773,
      -0.7747953534126282,
      0.029168516397476196,
      0.9722374081611633,
      0.23217171430587769
    ],
    "gravity" : [
      -0.029168488457798958,
      -0.9722374081611633,
      -0.23217175900936127
    ],
    "timestamp" : 1251271907634,
    "userAcceleration" : [
      -0.1240755170583725,
      -0.0020209550857543945,
      -0.12337338924407959
    ]
  },
  {
    "rotationMatrix" : [
      0.7969062924385071,
      -0.16034844517707825,
      0.5824334621429443,
      0.603424072265625,
      0.16559289395809174,
      -0.7800372838973999,
      0.028631001710891724,
      0.9730709791183472,
      0.22872015833854675
    ],
    "gravity" : [
      -0.028631001710891724,
      -0.9730710387229919,
      -0.22872014343738556
    ],
    "timestamp" : 1251271917688,
    "userAcceleration" : [
      -0.12259884178638458,
      0.028109610080718994,
      -0.10598146915435791
    ]
  },
  {
    "rotationMatrix" : [
      0.8014724254608154,
      -0.15658029913902283,
      0.5771694183349609,
      0.5973700284957886,
      0.16422873735427856,
      -0.7849698662757874,
      0.02812311053276062,
      0.9739153981208801,
      0.22516123950481415
    ],
    "gravity" : [
      -0.02812311425805092,
      -0.9739154577255249,
      -0.22516123950481415
    ],
    "timestamp" : 1251271927743,
    "userAcceleration" : [
      -0.11460758745670319,
      0.04334306716918945,
      -0.08685058355331421
    ]
  },
  {
    "rotationMatrix" : [
      0.8057877421379089,
      -0.15290677547454834,
      0.5721237659454346,
      0.591557502746582,
      0.16268318891525269,
      -0.7896795272827148,
      0.027672529220581055,
      0.9747581481933594,
      0.22154131531715393
    ],
    "gravity" : [
      -0.027672521770000458,
      -0.9747582077980042,
      -0.22154125571250916
    ],
    "timestamp" : 1251271937797,
    "userAcceleration" : [
      -0.10871051996946335,
      0.0496332049369812,
      -0.06727717816829681
    ]
  },
  {
    "rotationMatrix" : [
      0.8100467920303345,
      -0.14916452765464783,
      0.5670750141143799,
      0.5857372283935547,
      0.16109907627105713,
      -0.7943291664123535,
      0.027130544185638428,
      0.9756007194519043,
      0.21786904335021973
    ],
    "gravity" : [
      -0.02713055908679962,
      -0.9756007194519043,
      -0.21786905825138092
    ],
    "timestamp" : 1251271947852,
    "userAcceleration" : [
      -0.11094620823860168,
      0.05888336896896362,
      -0.057048603892326355
    ]
  },
  {
    "rotationMatrix" : [
      0.8143596053123474,
      -0.14532284438610077,
      0.5618715286254883,
      0.5797571539878845,
      0.1595679074525833,
      -0.7990117073059082,
      0.026457995176315308,
      0.9764319658279419,
      0.21419763565063477
    ],
    "gravity" : [
      -0.026458004489541054,
      -0.9764319062232971,
      -0.21419766545295715
    ],
    "timestamp" : 1251271957906,
    "userAcceleration" : [
      -0.1175391674041748,
      0.0667639970779419,
      -0.03893047571182251
    ]
  },
  {
    "rotationMatrix" : [
      0.8186341524124146,
      -0.1414041966199875,
      0.5566353797912598,
      0.5737434029579163,
      0.15811601281166077,
      -0.8036279082298279,
      0.025623410940170288,
      0.9772431254386902,
      0.21056890487670898
    ],
    "gravity" : [
      -0.025623418390750885,
      -0.9772430658340454,
      -0.21056894958019257
    ],
    "timestamp" : 1251271967961,
    "userAcceleration" : [
      -0.11991490423679352,
      0.07967543601989746,
      -0.02479797601699829
    ]
  },
  {
    "rotationMatrix" : [
      0.822823166847229,
      -0.1374455839395523,
      0.5514260530471802,
      0.5677636861801147,
      0.15677036345005035,
      -0.8081259727478027,
      0.024626046419143677,
      0.9780244827270508,
      0.20703089237213135
    ],
    "gravity" : [
      -0.02462606318295002,
      -0.9780244827270508,
      -0.20703087747097015
    ],
    "timestamp" : 1251271978015,
    "userAcceleration" : [
      -0.12463539838790894,
      0.09805017709732056,
      -0.006882190704345703
    ]
  },
  {
    "rotationMatrix" : [
      0.8268710970878601,
      -0.13357749581336975,
      0.5462977886199951,
      0.5618964433670044,
      0.1554705798625946,
      -0.8124662041664124,
      0.0235939621925354,
      0.9787675738334656,
      0.2036108374595642
    ],
    "gravity" : [
      -0.023593952879309654,
      -0.9787675738334656,
      -0.2036108523607254
    ],
    "timestamp" : 1251271988070,
    "userAcceleration" : [
      -0.1198081374168396,
      0.11634093523025513,
      0.011121153831481934
    ]
  },
  {
    "rotationMatrix" : [
      0.8307163715362549,
      -0.1299186497926712,
      0.541323721408844,
      0.5562348961830139,
      0.15414631366729736,
      -0.8166036605834961,
      0.022649049758911133,
      0.9794691801071167,
      0.2003171741962433
    ],
    "gravity" : [
      -0.022649010643363,
      -0.9794692397117615,
      -0.2003171741962433
    ],
    "timestamp" : 1251271998125,
    "userAcceleration" : [
      -0.09931448101997375,
      0.12668609619140625,
      0.030151069164276123
    ]
  },
  {
    "rotationMatrix" : [
      0.834394633769989,
      -0.12656788527965546,
      0.5364384651184082,
      0.5507326722145081,
      0.15280285477638245,
      -0.8205758333206177,
      0.02188923954963684,
      0.9801182746887207,
      0.19720293581485748
    ],
    "gravity" : [
      -0.021889226511120796,
      -0.9801182746887207,
      -0.19720296561717987
    ],
    "timestamp" : 1251272008179,
    "userAcceleration" : [
      -0.07781168818473816,
      0.1251530647277832,
      0.047315746545791626
    ]
  },
  {
    "rotationMatrix" : [
      0.8381032347679138,
      -0.12360100448131561,
      0.5313245058059692,
      0.5450920462608337,
      0.15155595541000366,
      -0.8245635628700256,
      0.021391630172729492,
      0.9806901812553406,
      0.19439350068569183
    ],
    "gravity" : [
      -0.02139163389801979,
      -0.9806902408599854,
      -0.19439345598220825
    ],
    "timestamp" : 1251272018234,
    "userAcceleration" : [
      -0.06579707562923431,
      0.1189960241317749,
      0.06481577455997467
    ]
  },
  {
    "rotationMatrix" : [
      0.8419120907783508,
      -0.12113787233829498,
      0.5258418321609497,
      0.5391964316368103,
      0.15049511194229126,
      -0.8286243677139282,
      0.021241217851638794,
      0.9811608791351318,
      0.19202078878879547
    ],
    "gravity" : [
      -0.02124122902750969,
      -0.9811608791351318,
      -0.19202078878879547
    ],
    "timestamp" : 1251272028288,
    "userAcceleration" : [
      -0.057707734405994415,
      0.11128795146942139,
      0.0777476578950882
    ]
  },
  {
    "rotationMatrix" : [
      0.8457310199737549,
      -0.11925540864467621,
      0.5201126337051392,
      0.5331770181655884,
      0.1496291160583496,
      -0.832666277885437,
      0.02147604525089264,
      0.981523871421814,
      0.19013026356697083
    ],
    "gravity" : [
      -0.021476026624441147,
      -0.981523871421814,
      -0.19013026356697083
    ],
    "timestamp" : 1251272038343,
    "userAcceleration" : [
      -0.048714399337768555,
      0.10025262832641602,
      0.08032794296741486
    ]
  },
  {
    "rotationMatrix" : [
      0.8495449423789978,
      -0.11789576709270477,
      0.5141730904579163,
      0.527053952217102,
      0.14890193939208984,
      -0.8366852402687073,
      0.02208028733730316,
      0.9817987084388733,
      0.18863633275032043
    ],
    "gravity" : [
      -0.022080296650528908,
      -0.9817987680435181,
      -0.18863628804683685
    ],
    "timestamp" : 1251272048397,
    "userAcceleration" : [
      -0.04153358191251755,
      0.09250134229660034,
      0.072104811668396
    ]
  },
  {
    "rotationMatrix" : [
      0.8533021807670593,
      -0.11693565547466278,
      0.5081352591514587,
      0.5209086537361145,
      0.1481703370809555,
      -0.840654194355011,
      0.02301192283630371,
      0.9820241332054138,
      0.18734687566757202
    ],
    "gravity" : [
      -0.02301192097365856,
      -0.9820241332054138,
      -0.1873469054698944
    ],
    "timestamp" : 1251272058452,
    "userAcceleration" : [
      -0.040189966559410095,
      0.08235079050064087,
      0.05348147451877594
    ]
  },
  {
    "rotationMatrix" : [
      0.85701584815979,
      -0.11615622043609619,
      0.5020273923873901,
      0.5147225260734558,
      0.14726410806179047,
      -0.8446145057678223,
      0.0241767019033432,
      0.982252836227417,
      0.1859959363937378
    ],
    "gravity" : [
      -0.02417670749127865,
      -0.9822527766227722,
      -0.18599598109722137
    ],
    "timestamp" : 1251272068507,
    "userAcceleration" : [
      -0.04464041069149971,
      0.07127279043197632,
      0.03615458309650421
    ]
  },
  {
    "rotationMatrix" : [
      0.8607205748558044,
      -0.1152709424495697,
      0.49585556983947754,
      0.5084437131881714,
      0.14605224132537842,
      -0.8486188054084778,
      0.025400221347808838,
      0.9825382828712463,
      0.1843189299106598
    ],
    "gravity" : [
      -0.02540023997426033,
      -0.9825382232666016,
      -0.18431894481182098
    ],
    "timestamp" : 1251272078561,
    "userAcceleration" : [
      -0.054220110177993774,
      0.06356245279312134,
      0.023109734058380127
    ]
  },
  {
    "rotationMatrix" : [
      0.8643016815185547,
      -0.11416791379451752,
      0.4898452162742615,
      0.5022714734077454,
      0.14446328580379486,
      -0.8525570631027222,
      0.026570096611976624,
      0.9829016923904419,
      0.18220317363739014
    ],
    "gravity" : [
      -0.026570094749331474,
      -0.9829018115997314,
      -0.18220311403274536
    ],
    "timestamp" : 1251272088616,
    "userAcceleration" : [
      -0.06806491315364838,
      0.05635768175125122,
      0.015271902084350586
    ]
  },
  {
    "rotationMatrix" : [
      0.8677791953086853,
      -0.11270055174827576,
      0.48400190472602844,
      0.4961880147457123,
      0.1425856053829193,
      -0.8564267158508301,
      0.02750810980796814,
      0.9833452701568604,
      0.17965349555015564
    ],
    "gravity" : [
      -0.027508093044161797,
      -0.9833452105522156,
      -0.17965351045131683
    ],
    "timestamp" : 1251272098670,
    "userAcceleration" : [
      -0.07899825274944305,
      0.04996520280838013,
      0.015163660049438477
    ]
  },
  {
    "rotationMatrix" : [
      0.8711966872215271,
      -0.1108483225107193,
      0.4782561957836151,
      0.4901279807090759,
      0.14057983458042145,
      -0.8602394461631775,
      0.028122931718826294,
      0.9838444590568542,
      0.17680254578590393
    ],
    "gravity" : [
      -0.028122922405600548,
      -0.9838444590568542,
      -0.17680254578590393
    ],
    "timestamp" : 1251272108725,
    "userAcceleration" : [
      -0.0850972831249237,
      0.0430181622505188,
      0.025282680988311768
    ]
  },
  {
    "rotationMatrix" : [
      0.8746525049209595,
      -0.10868820548057556,
      0.4724085032939911,
      0.4839160740375519,
      0.1386210024356842,
      -0.8640655279159546,
      0.02842804789543152,
      0.9843631982803345,
      0.1738412082195282
    ],
    "gravity" : [
      -0.028428049758076668,
      -0.9843631386756897,
      -0.1738412231206894
    ],
    "timestamp" : 1251272118779,
    "userAcceleration" : [
      -0.08314420282840729,
      0.03769278526306152,
      0.03475727140903473
    ]
  },
  {
    "rotationMatrix" : [
      0.8781235218048096,
      -0.10638129711151123,
      0.46645691990852356,
      0.47758400440216064,
      0.1368175595998764,
      -0.8678675293922424,
      0.02850550413131714,
      0.9848672747612,
      0.17094875872135162
    ],
    "gravity" : [
      -0.028505481779575348,
      -0.9848673343658447,
      -0.17094874382019043
    ],
    "timestamp" : 1251272128834,
    "userAcceleration" : [
      -0.07699376344680786,
      0.03630489110946655,
      0.03845663368701935
    ]
  },
  {
    "rotationMatrix" : [
      0.8815441727638245,
      -0.10408224165439606,
      0.4604853689670563,
      0.4712415933609009,
      0.1351487934589386,
      -0.8715882897377014,
      0.028482824563980103,
      0.9853433966636658,
      0.16818751394748688
    ],
    "gravity" : [
      -0.028482824563980103,
      -0.9853434562683105,
      -0.1681874543428421
    ],
    "timestamp" : 1251272138889,
    "userAcceleration" : [
      -0.0698600560426712,
      0.04102283716201782,
      0.03691601753234863
    ]
  },
  {
    "rotationMatrix" : [
      0.8850353956222534,
      -0.10183601081371307,
      0.4542485177516937,
      0.4646521210670471,
      0.1335633099079132,
      -0.8753622174263,
      0.02847251296043396,
      0.9857941269874573,
      0.1655265986919403
    ],
    "gravity" : [
      -0.02847250923514366,
      -0.9857941269874573,
      -0.16552656888961792
    ],
    "timestamp" : 1251272148943,
    "userAcceleration" : [
      -0.06774940341711044,
      0.047836482524871826,
      0.032805562019348145
    ]
  },
  {
    "rotationMatrix" : [
      0.8884414434432983,
      -0.09964454174041748,
      0.4480432868003845,
      0.4581041932106018,
      0.1318877935409546,
      -0.879059910774231,
      0.028502032160758972,
      0.986243724822998,
      0.16282212734222412
    ],
    "gravity" : [
      -0.02850201167166233,
      -0.986243724822998,
      -0.16282212734222412
    ],
    "timestamp" : 1251272158998,
    "userAcceleration" : [
      -0.06739947944879532,
      0.05174970626831055,
      0.021769806742668152
    ]
  },
  {
    "rotationMatrix" : [
      0.8917357325553894,
      -0.09742096066474915,
      0.44194626808166504,
      0.4516558349132538,
      0.13000163435935974,
      -0.8826701641082764,
      0.0285368412733078,
      0.9867161512374878,
      0.1599278450012207
    ],
    "gravity" : [
      -0.028536835685372353,
      -0.986716091632843,
      -0.1599278748035431
    ],
    "timestamp" : 1251272169052,
    "userAcceleration" : [
      -0.0673036128282547,
      0.04926198720932007,
      0.010757863521575928
    ]
  },
  {
    "rotationMatrix" : [
      0.8949246406555176,
      -0.09511207044124603,
      0.4359627962112427,
      0.44530189037323,
      0.12781426310539246,
      -0.8862107396125793,
      0.028567150235176086,
      0.9872269034385681,
      0.15673772990703583
    ],
    "gravity" : [
      -0.02856714092195034,
      -0.9872269630432129,
      -0.15673767030239105
    ],
    "timestamp" : 1251272179107,
    "userAcceleration" : [
      -0.06785313785076141,
      0.04458487033843994,
      0.004805803298950195
    ]
  },
  {
    "rotationMatrix" : [
      0.8980653285980225,
      -0.09266477823257446,
      0.4299905598163605,
      0.43893301486968994,
      0.12529142200946808,
      -0.8897413611412048,
      0.028573602437973022,
      0.987782895565033,
      0.15319351851940155
    ],
    "gravity" : [
      -0.02857358194887638,
      -0.987782895565033,
      -0.15319354832172394
    ],
    "timestamp" : 1251272189162,
    "userAcceleration" : [
      -0.06929628551006317,
      0.03740459680557251,
      0.0038862377405166626
    ]
  },
  {
    "rotationMatrix" : [
      0.9011105298995972,
      -0.09005944430828094,
      0.4241333305835724,
      0.43265146017074585,
      0.12245607376098633,
      -0.8932059407234192,
      0.028504014015197754,
      0.988379180431366,
      0.14931082725524902
    ],
    "gravity" : [
      -0.0285040233284235,
      -0.9883792400360107,
      -0.14931081235408783
    ],
    "timestamp" : 1251272199216,
    "userAcceleration" : [
      -0.07350097596645355,
      0.03285878896713257,
      0.0072361379861831665
    ]
  },
  {
    "rotationMatrix" : [
      0.9041170477867126,
      -0.08734604716300964,
      0.4182618260383606,
      0.42634066939353943,
      0.11937573552131653,
      -0.8966508507728577,
      0.02838866412639618,
      0.9889994263648987,
      0.14516884088516235
    ],
    "gravity" : [
      -0.02838868275284767,
      -0.9889993667602539,
      -0.14516885578632355
    ],
    "timestamp" : 1251272209271,
    "userAcceleration" : [
      -0.07872799783945084,
      0.026322543621063232,
      0.011013522744178772
    ]
  },
  {
    "rotationMatrix" : [
      0.9071544408798218,
      -0.08457185328006744,
      0.412211537361145,
      0.41984879970550537,
      0.11615660786628723,
      -0.9001302719116211,
      0.028244629502296448,
      0.9896236658096313,
      0.14087939262390137
    ],
    "gravity" : [
      -0.028244642540812492,
      -0.9896236658096313,
      -0.14087936282157898
    ],
    "timestamp" : 1251272219325,
    "userAcceleration" : [
      -0.08171018213033676,
      0.020034611225128174,
      0.01374305784702301
    ]
  },
  {
    "rotationMatrix" : [
      0.9101154804229736,
      -0.08178125321865082,
      0.4062039256095886,
      0.4134039878845215,
      0.11284753680229187,
      -0.9035277366638184,
      0.02805258333683014,
      0.9902409315109253,
      0.13651300966739655
    ],
    "gravity" : [
      -0.028052568435668945,
      -0.9902408719062805,
      -0.13651302456855774
    ],
    "timestamp" : 1251272229380,
    "userAcceleration" : [
      -0.08072733879089355,
      0.012076318264007568,
      0.011711299419403076
    ]
  },
  {
    "rotationMatrix" : [
      0.912976086139679,
      -0.07895159721374512,
      0.4003014862537384,
      0.4070652723312378,
      0.10942003130912781,
      -0.9068214893341064,
      0.027793973684310913,
      0.9908552169799805,
      0.13203632831573486
    ],
    "gravity" : [
      -0.027793971821665764,
      -0.9908551573753357,
      -0.13203635811805725
    ],
    "timestamp" : 1251272239434,
    "userAcceleration" : [
      -0.07807150483131409,
      0.007288873195648193,
      0.005556151270866394
    ]
  },
  {
    "rotationMatrix" : [
      0.9157787561416626,
      -0.07603731751441956,
      0.3944206237792969,
      0.4007432460784912,
      0.10581693053245544,
      -0.9100591540336609,
      0.027462050318717957,
      0.9914742112159729,
      0.12737631797790527
    ],
    "gravity" : [
      -0.027462026104331017,
      -0.9914742112159729,
      -0.12737637758255005
    ],
    "timestamp" : 1251272249489,
    "userAcceleration" : [
      -0.07597728818655014,
      0.004764676094055176,
      0.0027577877044677734
    ]
  },
  {
    "rotationMatrix" : [
      0.9186478853225708,
      -0.07305403053760529,
      0.3882642686367035,
      0.39414435625076294,
      0.10196997970342636,
      -0.9133741855621338,
      0.027134358882904053,
      0.9921014308929443,
      0.12246834486722946
    ],
    "gravity" : [
      -0.02713436260819435,
      -0.9921014308929443,
      -0.12246835976839066
    ],
    "timestamp" : 1251272259544,
    "userAcceleration" : [
      -0.07369570434093475,
      0.009038746356964111,
      0.0012371540069580078
    ]
  },
  {
    "rotationMatrix" : [
      0.9212151765823364,
      -0.07019460201263428,
      0.3826686441898346,
      0.38811975717544556,
      0.09770829975605011,
      -0.916414737701416,
      0.026937514543533325,
      0.9927364587783813,
      0.11725430190563202
    ],
    "gravity" : [
      -0.02693750523030758,
      -0.9927364587783813,
      -0.11725431680679321
    ],
    "timestamp" : 1251272269598,
    "userAcceleration" : [
      -0.07026097178459167,
      0.012389898300170898,
      0.001348443329334259
    ]
  },
  {
    "rotationMatrix" : [
      0.9239426851272583,
      -0.06737677752971649,
      0.37655043601989746,
      0.3815839886665344,
      0.09311778843402863,
      -0.9196317195892334,
      0.026898309588432312,
      0.9933726787567139,
      0.11174540966749191
    ],
    "gravity" : [
      -0.026898305863142014,
      -0.9933726191520691,
      -0.11174546182155609
    ],
    "timestamp" : 1251272279653,
    "userAcceleration" : [
      -0.06999499350786209,
      0.010920345783233643,
      0.006322383880615234
    ]
  },
  {
    "rotationMatrix" : [
      0.9266546368598938,
      -0.06453414261341095,
      0.3703329563140869,
      0.3749520778656006,
      0.08825205266475677,
      -0.9228337407112122,
      0.026871725916862488,
      0.9940052628517151,
      0.1059764102101326
    ],
    "gravity" : [
      -0.026871733367443085,
      -0.9940053224563599,
      -0.10597636550664902
    ],
    "timestamp" : 1251272289707,
    "userAcceleration" : [
      -0.07823078334331512,
      0.00021582841873168945,
      0.012348368763923645
    ]
  },
  {
    "rotationMatrix" : [
      0.9293643236160278,
      -0.061544641852378845,
      0.36399757862091064,
      0.36819958686828613,
      0.08331161737442017,
      -0.9260064959526062,
      0.02666555345058441,
      0.9946210980415344,
      0.10008756071329117
    ],
    "gravity" : [
      -0.02666555345058441,
      -0.9946211576461792,
      -0.10008752346038818
    ],
    "timestamp" : 1251272299762,
    "userAcceleration" : [
      -0.0838233232498169,
      -0.01415252685546875,
      0.02759290486574173
    ]
  },
  {
    "rotationMatrix" : [
      0.9319415092468262,
      -0.058378249406814575,
      0.3578784763813019,
      0.3616669476032257,
      0.0785660594701767,
      -0.9289909601211548,
      0.02611580491065979,
      0.9951980113983154,
      0.09433246403932571
    ],
    "gravity" : [
      -0.026115797460079193,
      -0.9951980710029602,
      -0.09433245658874512
    ],
    "timestamp" : 1251272309816,
    "userAcceleration" : [
      -0.08724173903465271,
      -0.02884972095489502,
      0.047381043434143066
    ]
  },
  {
    "rotationMatrix" : [
      0.9343858957290649,
      -0.055167898535728455,
      0.3519652485847473,
      0.3553661108016968,
      0.07428430020809174,
      -0.9317706823348999,
      0.025258377194404602,
      0.9957098960876465,
      0.08901499956846237
    ],
    "gravity" : [
      -0.025258373469114304,
      -0.9957099556922913,
      -0.0890149474143982
    ],
    "timestamp" : 1251272319871,
    "userAcceleration" : [
      -0.0831858366727829,
      -0.04030078649520874,
      0.06569939106702805
    ]
  },
  {
    "rotationMatrix" : [
      0.9367214441299438,
      -0.05206921696662903,
      0.34618163108825684,
      0.34923866391181946,
      0.0706547349691391,
      -0.9343663454055786,
      0.024192333221435547,
      0.9961409568786621,
      0.08436837792396545
    ],
    "gravity" : [
      -0.024192333221435547,
      -0.9961410164833069,
      -0.08436836302280426
    ],
    "timestamp" : 1251272329926,
    "userAcceleration" : [
      -0.07283830642700195,
      -0.04633951187133789,
      0.0773950144648552
    ]
  },
  {
    "rotationMatrix" : [
      0.9390860795974731,
      -0.0492146760225296,
      0.34014007449150085,
      0.3429079055786133,
      0.06778323650360107,
      -0.9369202852249146,
      0.023054420948028564,
      0.9964854717254639,
      0.08053039759397507
    ],
    "gravity" : [
      -0.023054424673318863,
      -0.9964854717254639,
      -0.08053039014339447
    ],
    "timestamp" : 1251272339980,
    "userAcceleration" : [
      -0.06233375519514084,
      -0.05302917957305908,
      0.08252918720245361
    ]
  },
  {
    "rotationMatrix" : [
      0.9412581920623779,
      -0.0467648059129715,
      0.33443403244018555,
      0.3369709849357605,
      0.06557591259479523,
      -0.9392286539077759,
      0.021992012858390808,
      0.9967511892318726,
      0.07748223841190338
    ],
    "gravity" : [
      -0.021991996094584465,
      -0.9967511296272278,
      -0.07748227566480637
    ],
    "timestamp" : 1251272350035,
    "userAcceleration" : [
      -0.05509539693593979,
      -0.058424532413482666,
      0.08218187093734741
    ]
  },
  {
    "rotationMatrix" : [
      0.9435631036758423,
      -0.04465584456920624,
      0.3281683623790741,
      0.33052146434783936,
      0.06391192972660065,
      -0.9416319727897644,
      0.02107548713684082,
      0.996955931186676,
      0.07506465911865234
    ],
    "gravity" : [
      -0.021075494587421417,
      -0.996955931186676,
      -0.07506467401981354
    ],
    "timestamp" : 1251272360089,
    "userAcceleration" : [
      -0.051586851477622986,
      -0.0653303861618042,
      0.06980031728744507
    ]
  },
  {
    "rotationMatrix" : [
      0.9459203481674194,
      -0.042796939611434937,
      0.3215634524822235,
      0.3237651288509369,
      0.06261710822582245,
      -0.944063127040863,
      0.020267635583877563,
      0.9971196055412292,
      0.07308696210384369
    ],
    "gravity" : [
      -0.020267633721232414,
      -0.9971196055412292,
      -0.07308696955442429
    ],
    "timestamp" : 1251272370144,
    "userAcceleration" : [
      -0.05865081399679184,
      -0.07044631242752075,
      0.054928891360759735
    ]
  },
  {
    "rotationMatrix" : [
      0.9482722878456116,
      -0.041017383337020874,
      0.31479722261428833,
      0.31686222553253174,
      0.06155851483345032,
      -0.9464718699455261,
      0.0194433331489563,
      0.9972603917121887,
      0.07137108594179153
    ],
    "gravity" : [
      -0.019443336874246597,
      -0.9972603917121887,
      -0.07137107849121094
    ],
    "timestamp" : 1251272380198,
    "userAcceleration" : [
      -0.06986633688211441,
      -0.07773661613464355,
      0.04404246062040329
    ]
  },
  {
    "rotationMatrix" : [
      0.9506027102470398,
      -0.039198607206344604,
      0.3079252243041992,
      0.3098575174808502,
      0.06066083908081055,
      -0.9488459229469299,
      0.018514439463615417,
      0.9973884224891663,
      0.06981033831834793
    ],
    "gravity" : [
      -0.01851443573832512,
      -0.9973884224891663,
      -0.06981035321950912
    ],
    "timestamp" : 1251272390253,
    "userAcceleration" : [
      -0.07946226000785828,
      -0.08560407161712646,
      0.03631722927093506
    ]
  },
  {
    "rotationMatrix" : [
      0.9528837203979492,
      -0.03712545335292816,
      0.30105525255203247,
      0.30284541845321655,
      0.060029007494449615,
      -0.951147198677063,
      0.0172397643327713,
      0.9975059032440186,
      0.06844393908977509
    ],
    "gravity" : [
      -0.017239755019545555,
      -0.9975059032440186,
      -0.06844396144151688
    ],
    "timestamp" : 1251272400308,
    "userAcceleration" : [
      -0.0869014635682106,
      -0.0940161943435669,
      0.035774774849414825
    ]
  },
  {
    "rotationMatrix" : [
      0.9551976323127747,
      -0.03487695753574371,
      0.2939065098762512,
      0.29555171728134155,
      0.059709541499614716,
      -0.953458845615387,
      0.01570473611354828,
      0.9976062178611755,
      0.0673423632979393
    ],
    "gravity" : [
      -0.015704739838838577,
      -0.9976062178611755,
      -0.0673423707485199
    ],
    "timestamp" : 1251272410362,
    "userAcceleration" : [
      -0.08213461935520172,
      -0.09292405843734741,
      0.03783179074525833
    ]
  },
  {
    "rotationMatrix" : [
      0.9576316475868225,
      -0.032637178897857666,
      0.2861405909061432,
      0.28765109181404114,
      0.059792403131723404,
      -0.9558668732643127,
      0.014087796211242676,
      0.9976770281791687,
      0.06664722412824631
    ],
    "gravity" : [
      -0.014087804593145847,
      -0.9976769685745239,
      -0.06664726883172989
    ],
    "timestamp" : 1251272420418,
    "userAcceleration" : [
      -0.06629548221826553,
      -0.08394211530685425,
      0.036968834698200226
    ]
  },
  {
    "rotationMatrix" : [
      0.9602092504501343,
      -0.030675411224365234,
      0.27759188413619995,
      0.27899396419525146,
      0.06025592237710953,
      -0.9584003686904907,
      0.012672841548919678,
      0.9977113008499146,
      0.06641656160354614
    ],
    "gravity" : [
      -0.012672841548919678,
      -0.9977113604545593,
      -0.06641650199890137
    ],
    "timestamp" : 1251272430472,
    "userAcceleration" : [
      -0.053000982850790024,
      -0.07461512088775635,
      0.026514656841754913
    ]
  },
  {
    "rotationMatrix" : [
      0.9629454612731934,
      -0.02918335050344467,
      0.26811254024505615,
      0.26944226026535034,
      0.06097469478845596,
      -0.9610841870307922,
      0.011699602007865906,
      0.9977125525474548,
      0.06657853722572327
    ],
    "gravity" : [
      -0.011699599213898182,
      -0.9977124929428101,
      -0.06657855212688446
    ],
    "timestamp" : 1251272440527,
    "userAcceleration" : [
      -0.041629865765571594,
      -0.06497049331665039,
      -0.0004076361656188965
    ]
  },
  {
    "rotationMatrix" : [
      0.9657799005508423,
      -0.028262712061405182,
      0.2578185498714447,
      0.25911518931388855,
      0.061691686511039734,
      -0.9638739824295044,
      0.011336468160152435,
      0.9976948499679565,
      0.06690388917922974
    ],
    "gravity" : [
      -0.011336465366184711,
      -0.9976948499679565,
      -0.06690392643213272
    ],
    "timestamp" : 1251272450581,
    "userAcceleration" : [
      -0.03157123178243637,
      -0.05757230520248413,
      -0.03592514246702194
    ]
  },
  {
    "rotationMatrix" : [
      0.9686523079872131,
      -0.027877405285835266,
      0.24685132503509521,
      0.24814815819263458,
      0.06206931173801422,
      -0.9667314291000366,
      0.011628098785877228,
      0.9976823329925537,
      0.0670413076877594
    ],
    "gravity" : [
      -0.01162809133529663,
      -0.9976823925971985,
      -0.0670412927865982
    ],
    "timestamp" : 1251272460636,
    "userAcceleration" : [
      -0.03637606278061867,
      -0.05242735147476196,
      -0.08026713132858276
    ]
  },
  {
    "rotationMatrix" : [
      0.9715181589126587,
      -0.02783353626728058,
      0.235324889421463,
      0.2366384118795395,
      0.06181897968053818,
      -0.9696290493011475,
      0.012440681457519531,
      0.9976991415023804,
      0.06664474308490753
    ],
    "gravity" : [
      -0.012440680526196957,
      -0.9976991415023804,
      -0.06664476543664932
    ],
    "timestamp" : 1251272470691,
    "userAcceleration" : [
      -0.05376719683408737,
      -0.041927874088287354,
      -0.12428855895996094
    ]
  },
  {
    "rotationMatrix" : [
      0.9742156863212585,
      -0.027903102338314056,
      0.2238866686820984,
      0.2252110242843628,
      0.060638029128313065,
      -0.9724211692810059,
      0.01355753093957901,
      0.9977697134017944,
      0.06535860896110535
    ],
    "gravity" : [
      -0.013557528145611286,
      -0.9977697134017944,
      -0.06535859405994415
    ],
    "timestamp" : 1251272480745,
    "userAcceleration" : [
      -0.07630147784948349,
      -0.02472168207168579,
      -0.16094458103179932
    ]
  },
  {
    "rotationMatrix" : [
      0.9767218232154846,
      -0.027805954217910767,
      0.21269994974136353,
      0.2140045017004013,
      0.05829349160194397,
      -0.9750917553901672,
      0.014714345335960388,
      0.9979121088981628,
      0.06288712471723557
    ],
    "gravity" : [
      -0.014714343473315239,
      -0.9979121685028076,
      -0.06288708746433258
    ],
    "timestamp" : 1251272490800,
    "userAcceleration" : [
      -0.09441649913787842,
      -0.009854555130004883,
      -0.1867009997367859
    ]
  },
  {
    "rotationMatrix" : [
      0.9789431095123291,
      -0.027286291122436523,
      0.20230141282081604,
      0.2035357654094696,
      0.05469886213541031,
      -0.9775382280349731,
      0.015607766807079315,
      0.9981298446655273,
      0.059100814163684845
    ],
    "gravity" : [
      -0.015607757493853569,
      -0.9981298446655273,
      -0.05910079926252365
    ],
    "timestamp" : 1251272500854,
    "userAcceleration" : [
      -0.11540418863296509,
      0.00669020414352417,
      -0.1905025839805603
    ]
  },
  {
    "rotationMatrix" : [
      0.9809423685073853,
      -0.02607434242963791,
      0.19254140555858612,
      0.19364747405052185,
      0.05011966452002525,
      -0.9797900915145874,
      0.015897288918495178,
      0.9984027147293091,
      0.054213736206293106
    ],
    "gravity" : [
      -0.01589728333055973,
      -0.9984027147293091,
      -0.05421372503042221
    ],
    "timestamp" : 1251272510909,
    "userAcceleration" : [
      -0.14755485951900482,
      0.025609254837036133,
      -0.16751182079315186
    ]
  },
  {
    "rotationMatrix" : [
      0.9827418923377991,
      -0.024071544408798218,
      0.18340928852558136,
      0.18434247374534607,
      0.04505474865436554,
      -0.9818286895751953,
      0.01537071168422699,
      0.9986943006515503,
      0.04871460050344467
    ],
    "gravity" : [
      -0.015370712615549564,
