[
  {
    "timestamp" : 1251311995630,
    "rotationMatrix" : [
      -0.7440106272697449,
      -0.07320839166641235,
      -0.66414475440979,
      -0.6481472849845886,
      0.3205694556236267,
      0.6907533407211304,
      0.16233548521995544,
      0.9443916082382202,
      -0.2859567403793335
    ],
    "userAcceleration" : [
      0.08384430408477783,
      -0.10854089260101318,
      0.052895158529281616
    ],
    "gravity" : [
      -0.16233550012111664,
      -0.944391667842865,
      0.2859567403793335
    ]
  },
  {
    "timestamp" : 1251312005685,
    "rotationMatrix" : [
      -0.7438905835151672,
      -0.07352414727210999,
      -0.664244532585144,
      -0.647960901260376,
      0.32270094752311707,
      0.6899352669715881,
      0.16362538933753967,
      0.9436408877372742,
      -0.28769490122795105
    ],
    "userAcceleration" : [
      0.09836356341838837,
      -0.11345738172531128,
      0.043451279401779175
    ],
    "gravity" : [
      -0.16362537443637848,
      -0.9436408877372742,
      0.2876948416233063
    ]
  },
  {
    "timestamp" : 1251312015740,
    "rotationMatrix" : [
      -0.7444934844970703,
      -0.07379978895187378,
      -0.6635380387306213,
      -0.6469284296035767,
      0.32531797885894775,
      0.6896750330924988,
      0.16496293246746063,
      0.942720353603363,
      -0.2899402379989624
    ],
    "userAcceleration" : [
      0.10583516955375671,
      -0.10655015707015991,
      0.02753409743309021
    ],
    "gravity" : [
      -0.16496294736862183,
      -0.9427202939987183,
      0.28994014859199524
    ]
  },
  {
    "timestamp" : 1251312025795,
    "rotationMatrix" : [
      -0.7457640767097473,
      -0.07388153672218323,
      -0.6621006727218628,
      -0.6450551748275757,
      0.3285351097583771,
      0.6899046301841736,
      0.16655203700065613,
      0.9415976405143738,
      -0.29266729950904846
    ],
    "userAcceleration" : [
      0.11290214955806732,
      -0.09093397855758667,
      0.013469696044921875
    ],
    "gravity" : [
      -0.16655205190181732,
      -0.9415976405143738,
      0.29266729950904846
    ]
  },
  {
    "timestamp" : 1251312035849,
    "rotationMatrix" : [
      -0.7476559281349182,
      -0.07356137037277222,
      -0.6599990129470825,
      -0.6423603296279907,
      0.33223995566368103,
      0.6906442642211914,
      0.16847321391105652,
      0.9403218030929565,
      -0.29565390944480896
    ],
    "userAcceleration" : [
      0.10809420049190521,
      -0.07859885692596436,
      0.010589927434921265
    ],
    "gravity" : [
      -0.16847321391105652,
      -0.9403218030929565,
      0.2956538796424866
    ]
  },
  {
    "timestamp" : 1251312045904,
    "rotationMatrix" : [
      -0.7498029470443726,
      -0.07291197776794434,
      -0.6576310992240906,
      -0.6392672657966614,
      0.3362170457839966,
      0.6915889382362366,
      0.17068153619766235,
      0.9389577507972717,
      -0.2987065315246582
    ],
    "userAcceleration" : [
      0.09545573592185974,
      -0.07778090238571167,
      0.006224840879440308
    ],
    "gravity" : [
      -0.17068153619766235,
      -0.9389577507972717,
      0.298706591129303
    ]
  },
  {
    "timestamp" : 1251312055959,
    "rotationMatrix" : [
      -0.7521053552627563,
      -0.07208538055419922,
      -0.6550886631011963,
      -0.6359370350837708,
      0.34027448296546936,
      0.6926740407943726,
      0.17297829687595367,
      0.9375590085983276,
      -0.30176398158073425
    ],
    "userAcceleration" : [
      0.07254493236541748,
      -0.07744038105010986,
      -0.0042636096477508545
    ],
    "gravity" : [
      -0.17297829687595367,
      -0.9375590682029724,
      0.3017640709877014
    ]
  },
  {
    "timestamp" : 1251312066014,
    "rotationMatrix" : [
      -0.7543653845787048,
      -0.07133576273918152,
      -0.6525671482086182,
      -0.6326364278793335,
      0.3443467617034912,
      0.6936832070350647,
      0.1752249151468277,
      0.9361284375190735,
      -0.3048928380012512
    ],
    "userAcceleration" : [
      0.05287995934486389,
      -0.07528501749038696,
      -0.027778029441833496
    ],
    "gravity" : [
      -0.1752249151468277,
      -0.9361284971237183,
      0.3048928380012512
    ]
  },
  {
    "timestamp" : 1251312076069,
    "rotationMatrix" : [
      -0.7562005519866943,
      -0.07081153988838196,
      -0.6504966020584106,
      -0.6298115253448486,
      0.3484025001525879,
      0.6942282319068909,
      0.1774751842021942,
      0.9346663355827332,
      -0.3080599308013916
    ],
    "userAcceleration" : [
      0.041092172265052795,
      -0.06701189279556274,
      -0.04481548070907593
    ],
    "gravity" : [
      -0.1774751842021942,
      -0.9346662759780884,
      0.3080598711967468
    ]
  },
  {
    "timestamp" : 1251312086123,
    "rotationMatrix" : [
      -0.7575023174285889,
      -0.07045108079910278,
      -0.6490200757980347,
      -0.6275724172592163,
      0.35245469212532043,
      0.6942107677459717,
      0.1798422634601593,
      0.9331732988357544,
      -0.3111984431743622
    ],
    "userAcceleration" : [
      0.0341208279132843,
      -0.04706662893295288,
      -0.04667207598686218
    ],
    "gravity" : [
      -0.1798422634601593,
      -0.9331732988357544,
      0.3111984133720398
    ]
  },
  {
    "timestamp" : 1251312096178,
    "rotationMatrix" : [
      -0.7584622502326965,
      -0.07014346122741699,
      -0.6479307413101196,
      -0.62571120262146,
      0.35641685128211975,
      0.693867564201355,
      0.18226304650306702,
      0.9316902160644531,
      -0.31421807408332825
    ],
    "userAcceleration" : [
      0.029766738414764404,
      -0.03239035606384277,
      -0.0353027880191803
    ],
    "gravity" : [
      -0.18226304650306702,
      -0.9316902756690979,
      0.31421804428100586
    ]
  },
  {
    "timestamp" : 1251312106233,
    "rotationMatrix" : [
      -0.7593516707420349,
      -0.069792240858078,
      -0.6469263434410095,
      -0.6239105463027954,
      0.3603423535823822,
      0.6934614777565002,
      0.18471665680408478,
      0.9302055239677429,
      -0.3171705901622772
    ],
    "userAcceleration" : [
      0.03470754623413086,
      -0.01713627576828003,
      -0.019700676202774048
    ],
    "gravity" : [
      -0.18471667170524597,
      -0.9302055239677429,
      0.3171706199645996
    ]
  },
  {
    "timestamp" : 1251312116288,
    "rotationMatrix" : [
      -0.7603979110717773,
      -0.06938129663467407,
      -0.6457405090332031,
      -0.6218852400779724,
      0.3644142746925354,
      0.6931528449058533,
      0.1872251331806183,
      0.9286486506462097,
      -0.3202468752861023
    ],
    "userAcceleration" : [
      0.03988628089427948,
      -0.006974399089813232,
      -0.02057972550392151
    ],
    "gravity" : [
      -0.1872251182794571,
      -0.9286486506462097,
      0.3202469050884247
    ]
  },
  {
    "timestamp" : 1251312126342,
    "rotationMatrix" : [
      -0.761709988117218,
      -0.06897541880607605,
      -0.6442358493804932,
      -0.6195051670074463,
      0.36875367164611816,
      0.6929891109466553,
      0.1897650808095932,
      0.9269644021987915,
      -0.32361382246017456
    ],
    "userAcceleration" : [
      0.033667683601379395,
      0.0026938915252685547,
      -0.024389147758483887
    ],
    "gravity" : [
      -0.1897650808095932,
      -0.9269644021987915,
      0.32361388206481934
    ]
  },
  {
    "timestamp" : 1251312136397,
    "rotationMatrix" : [
      -0.7634469866752625,
      -0.06856432557106018,
      -0.6422206163406372,
      -0.6165869235992432,
      0.37338536977767944,
      0.6931116580963135,
      0.19227303564548492,
      0.9251389503479004,
      -0.3273357152938843
    ],
    "userAcceleration" : [
      0.025753870606422424,
      0.015242278575897217,
      -0.019230365753173828
    ],
    "gravity" : [
      -0.19227303564548492,
      -0.9251390099525452,
      0.32733574509620667
    ]
  },
  {
    "timestamp" : 1251312146452,
    "rotationMatrix" : [
      -0.7656510472297668,
      -0.06813299655914307,
      -0.6396371722221375,
      -0.6130858659744263,
      0.3782520592212677,
      0.6935783624649048,
      0.19468842446804047,
      0.9231917858123779,
      -0.33138027787208557
    ],
    "userAcceleration" : [
      0.015077263116836548,
      0.024372994899749756,
      -0.020619899034500122
    ],
    "gravity" : [
      -0.19468843936920166,
      -0.9231917858123779,
      0.33138030767440796
    ]
  },
  {
    "timestamp" : 1251312156507,
    "rotationMatrix" : [
      -0.7683088779449463,
      -0.06770795583724976,
      -0.6364880800247192,
      -0.6090320944786072,
      0.3832686245441437,
      0.6943954229354858,
      0.19692976772785187,
      0.921151876449585,
      -0.3357050120830536
    ],
    "userAcceleration" : [
      -0.0030061006546020508,
      0.023340046405792236,
      -0.023845911026000977
    ],
    "gravity" : [
      -0.19692979753017426,
      -0.9211518168449402,
      0.3357050120830536
    ]
  },
  {
    "timestamp" : 1251312166561,
    "rotationMatrix" : [
      -0.7713268995285034,
      -0.0674864649772644,
      -0.6328507661819458,
      -0.6045837998390198,
      0.3883431553840637,
      0.6954623460769653,
      0.19882893562316895,
      0.919040322303772,
      -0.34034067392349243
    ],
    "userAcceleration" : [
      -0.025078490376472473,
      0.013354957103729248,
      -0.033349186182022095
    ],
    "gravity" : [
      -0.19882895052433014,
      -0.9190402626991272,
      0.34034064412117004
    ]
  },
  {
    "timestamp" : 1251312176616,
    "rotationMatrix" : [
      -0.7745389938354492,
      -0.06775015592575073,
      -0.6288872957229614,
      -0.600041389465332,
      0.39322972297668457,
      0.6966496109962463,
      0.20009905099868774,
      0.9169407486915588,
      -0.34522461891174316
    ],
    "userAcceleration" : [
      -0.048405587673187256,
      -0.0005701780319213867,
      -0.029917120933532715
    ],
    "gravity" : [
      -0.20009905099868774,
      -0.9169407486915588,
      0.34522464871406555
    ]
  },
  {
    "timestamp" : 1251312186671,
    "rotationMatrix" : [
      -0.7779274582862854,
      -0.06855154037475586,
      -0.624603271484375,
      -0.5954982042312622,
      0.3976552188396454,
      0.698034405708313,
      0.2005254030227661,
      0.9149703979492188,
      -0.3501691520214081
    ],
    "userAcceleration" : [
      -0.06751047074794769,
      -0.007072269916534424,
      -0.014613181352615356
    ],
    "gravity" : [
      -0.20052538812160492,
      -0.9149703979492188,
      0.3501690924167633
    ]
  },
  {
    "timestamp" : 1251312196726,
    "rotationMatrix" : [
      -0.7814136147499084,
      -0.06989547610282898,
      -0.6200865507125854,
      -0.591086745262146,
      0.4014331102371216,
      0.6996197700500488,
      0.20002302527427673,
      0.9132174253463745,
      -0.3549996018409729
    ],
    "userAcceleration" : [
      -0.07799211144447327,
      -0.008901655673980713,
      -0.004230618476867676
    ],
    "gravity" : [
      -0.20002301037311554,
      -0.9132174253463745,
      0.35499948263168335
    ]
  },
  {
    "timestamp" : 1251312206780,
    "rotationMatrix" : [
      -0.7849417328834534,
      -0.07175680994987488,
      -0.6153998374938965,
      -0.5868746042251587,
      0.4045099914073944,
      0.7013912200927734,
      0.19860577583312988,
      0.9117139577865601,
      -0.3596288859844208
    ],
    "userAcceleration" : [
      -0.08069109916687012,
      -0.00419461727142334,
      0.0025536715984344482
    ],
    "gravity" : [
      -0.1986057460308075,
      -0.9117140173912048,
      0.3596288561820984
    ]
  },
  {
    "timestamp" : 1251312216835,
    "rotationMatrix" : [
      -0.7886249423027039,
      -0.07399365305900574,
      -0.6104060411453247,
      -0.5826724767684937,
      0.4069867730140686,
      0.7034589648246765,
      0.19637569785118103,
      0.9104321599006653,
      -0.3640739917755127
    ],
    "userAcceleration" : [
      -0.07077518105506897,
      0.005448698997497559,
      0.011811017990112305
    ],
    "gravity" : [
      -0.19637568295001984,
      -0.9104321002960205,
      0.36407390236854553
    ]
  },
  {
    "timestamp" : 1251312226890,
    "rotationMatrix" : [
      -0.7927124500274658,
      -0.07632967829704285,
      -0.6047977209091187,
      -0.5780730247497559,
      0.40903398394584656,
      0.7060613632202148,
      0.19348935782909393,
      0.9093210697174072,
      -0.36837032437324524
    ],
    "userAcceleration" : [
      -0.06169860064983368,
      0.018162190914154053,
      0.01689884066581726
    ],
    "gravity" : [
      -0.19348934292793274,
      -0.9093210697174072,
      0.3683702349662781
    ]
  },
  {
    "timestamp" : 1251312236945,
    "rotationMatrix" : [
      -0.7972655892372131,
      -0.07871714234352112,
      -0.5984739065170288,
      -0.5729526281356812,
      0.4107290506362915,
      0.709243893623352,
      0.18998095393180847,
      0.9083529710769653,
      -0.3725612759590149
    ],
    "userAcceleration" : [
      -0.053534045815467834,
      0.022641420364379883,
      0.021084904670715332
    ],
    "gravity" : [
      -0.18998095393180847,
      -0.9083529710769653,
      0.3725612163543701
    ]
  },
  {
    "timestamp" : 1251312247000,
    "rotationMatrix" : [
      -0.8021543622016907,
      -0.08114650845527649,
      -0.5915766954421997,
      -0.567423939704895,
      0.4121167063713074,
      0.7128742337226868,
      0.1859513223171234,
      0.9075102210044861,
      -0.37662553787231445
    ],
    "userAcceleration" : [
      -0.041663989424705505,
      0.03734755516052246,
      0.01801246404647827
    ],
    "gravity" : [
      -0.1859513223171234,
      -0.9075102806091309,
      0.37662550806999207
    ]
  },
  {
    "timestamp" : 1251312257054,
    "rotationMatrix" : [
      -0.8072789907455444,
      -0.08344894647598267,
      -0.5842403769493103,
      -0.5615317225456238,
      0.4132440686225891,
      0.7168761491775513,
      0.1816113144159317,
      0.9067885875701904,
      -0.3804624676704407
    ],
    "userAcceleration" : [
      -0.021620512008666992,
      0.05334925651550293,
      0.013900816440582275
    ],
    "gravity" : [
      -0.1816112995147705,
      -0.9067886471748352,
      0.38046249747276306
    ]
  },
  {
    "timestamp" : 1251312267109,
    "rotationMatrix" : [
      -0.8126799464225769,
      -0.08540557324886322,
      -0.576417088508606,
      -0.5551109313964844,
      0.41429561376571655,
      0.72125643491745,
      0.17720767855644226,
      0.9061263203620911,
      -0.3840991258621216
    ],
    "userAcceleration" : [
      0.005408972501754761,
      0.06667941808700562,
      0.005549073219299316
    ],
    "gravity" : [
      -0.17720767855644226,
      -0.9061263799667358,
      0.38409921526908875
    ]
  },
  {
    "timestamp" : 1251312277164,
    "rotationMatrix" : [
      -0.8184491395950317,
      -0.08700168132781982,
      -0.5679541826248169,
      -0.547971248626709,
      0.4155079126358032,
      0.7260033488273621,
      0.17282596230506897,
      0.9054192900657654,
      -0.38774657249450684
    ],
    "userAcceleration" : [
      0.017872944474220276,
      0.06424784660339355,
      -0.017827779054641724
    ],
    "gravity" : [
      -0.17282599210739136,
      -0.9054192304611206,
      0.3877466320991516
    ]
  },
  {
    "timestamp" : 1251312287219,
    "rotationMatrix" : [
      -0.8243941068649292,
      -0.08843019604682922,
      -0.559065043926239,
      -0.5403369665145874,
      0.4170832633972168,
      0.7308059334754944,
      0.1685512810945511,
      0.9045559763908386,
      -0.3916229009628296
    ],
    "userAcceleration" : [
      0.020480021834373474,
      0.04911792278289795,
      -0.054541170597076416
    ],
    "gravity" : [
      -0.16855129599571228,
      -0.9045559167861938,
      0.39162296056747437
    ]
  },
  {
    "timestamp" : 1251312297273,
    "rotationMatrix" : [
      -0.8302246332168579,
      -0.0899026095867157,
      -0.5501311421394348,
      -0.5326164960861206,
      0.41910672187805176,
      0.7353020906448364,
      0.1644580364227295,
      0.9034749269485474,
      -0.3958362340927124
    ],
    "userAcceleration" : [
      0.01360967755317688,
      0.038408517837524414,
      -0.07698872685432434
    ],
    "gravity" : [
      -0.1644580364227295,
      -0.9034749269485474,
      0.39583620429039
    ]
  },
  {
    "timestamp" : 1251312307328,
    "rotationMatrix" : [
      -0.8357118368148804,
      -0.0914526879787445,
      -0.5414997339248657,
      -0.5251504182815552,
      0.42149999737739563,
      0.7392933964729309,
      0.16063173115253448,
      0.9022051692008972,
      -0.40027889609336853
    ],
    "userAcceleration" : [
      0.006762102246284485,
      0.030379056930541992,
      -0.07868468761444092
    ],
    "gravity" : [
      -0.16063173115253448,
      -0.9022051692008972,
      0.40027886629104614
    ]
  },
  {
    "timestamp" : 1251312317383,
    "rotationMatrix" : [
      -0.8406257033348083,
      -0.09344482421875,
      -0.5334944128990173,
      -0.5184046030044556,
      0.4240879714488983,
      0.7425671219825745,
      0.15685950219631195,
      0.9007870554924011,
      -0.4049414098262787
    ],
    "userAcceleration" : [
      -0.00845421850681305,
      0.0211179256439209,
      -0.0921517014503479
    ],
    "gravity" : [
      -0.15685950219631195,
      -0.9007871150970459,
      0.4049414396286011
    ]
  },
  {
    "timestamp" : 1251312327438,
    "rotationMatrix" : [
      -0.8455267548561096,
      -0.09512580931186676,
      -0.5253905653953552,
      -0.5115487575531006,
      0.4262511134147644,
      0.7460749745368958,
      0.15297727286815643,
      0.8995893597602844,
      -0.40906810760498047
    ],
    "userAcceleration" : [
      0.003914177417755127,
      0.0186537504196167,
      -0.03144371509552002
    ],
    "gravity" : [
      -0.15297728776931763,
      -0.8995893001556396,
      0.40906813740730286
    ]
  },
  {
    "timestamp" : 1251312337492,
    "rotationMatrix" : [
      -0.8500401377677917,
      -0.09612925350666046,
      -0.5178707838058472,
      -0.5050531029701233,
      0.4278365969657898,
      0.7495845556259155,
      0.14950695633888245,
      0.8987295627593994,
      -0.41222846508026123
    ],
    "userAcceleration" : [
      0.024400174617767334,
      0.006731390953063965,
      -0.009869992733001709
    ],
    "gravity" : [
      -0.14950697124004364,
      -0.8987295031547546,
      0.41222843527793884
    ]
  },
  {
    "timestamp" : 1251312347547,
    "rotationMatrix" : [
      -0.8541098833084106,
      -0.09664550423622131,
      -0.5110338926315308,
      -0.4990461766719818,
      0.42898029088974,
      0.7529467344284058,
      0.14645454287528992,
      0.898128867149353,
      -0.4146267771720886
    ],
    "userAcceleration" : [
      0.013169020414352417,
      0.019360005855560303,
      -0.02255237102508545
    ],
    "gravity" : [
      -0.14645454287528992,
      -0.898128867149353,
      0.414626806974411
    ]
  },
  {
    "timestamp" : 1251312357602,
    "rotationMatrix" : [
      -0.8578634858131409,
      -0.09677490592002869,
      -0.5046823024749756,
      -0.4933227002620697,
      0.4300786852836609,
      0.7560851573944092,
      0.14388294517993927,
      0.8975893259048462,
      -0.4166898727416992
    ],
    "userAcceleration" : [
      0.031166300177574158,
      0.026816368103027344,
      -0.03308400511741638
    ],
    "gravity" : [
      -0.14388294517993927,
      -0.897589385509491,
      0.41668981313705444
    ]
  },
  {
    "timestamp" : 1251312367657,
    "rotationMatrix" : [
      -0.8615813851356506,
      -0.09643721580505371,
      -0.498374342918396,
      -0.4874064326286316,
      0.4314541816711426,
      0.759132444858551,
      0.14181704819202423,
      0.8969654440879822,
      -0.41873687505722046
    ],
    "userAcceleration" : [
      0.04974551498889923,
      0.03092247247695923,
      -0.040090203285217285
    ],
    "gravity" : [
      -0.14181704819202423,
      -0.8969654440879822,
      0.41873693466186523
    ]
  },
  {
    "timestamp" : 1251312377712,
    "rotationMatrix" : [
      -0.8654071092605591,
      -0.09561967849731445,
      -0.4918608069419861,
      -0.48104047775268555,
      0.4333046078681946,
      0.7621332406997681,
      0.1402505785226822,
      0.8961606025695801,
      -0.4209817051887512
    ],
    "userAcceleration" : [
      0.06011144816875458,
      0.035397231578826904,
      -0.04431861639022827
    ],
    "gravity" : [
      -0.14025059342384338,
      -0.8961606025695801,
      0.42098164558410645
    ]
  },
  {
    "timestamp" : 1251312387766,
    "rotationMatrix" : [
      -0.8693642616271973,
      -0.09432773292064667,
      -0.4850849509239197,
      -0.47417575120925903,
      0.43563395738601685,
      0.765101432800293,
      0.13914911448955536,
      0.8951677083969116,
      -0.42345231771469116
    ],
    "userAcceleration" : [
      0.06807370483875275,
      0.04600101709365845,
      -0.037939250469207764
    ],
    "gravity" : [
      -0.13914912939071655,
      -0.8951677083969116,
      0.42345234751701355
    ]
  },
  {
    "timestamp" : 1251312397821,
    "rotationMatrix" : [
      -0.8734771013259888,
      -0.09246955811977386,
      -0.4780033230781555,
      -0.4667432904243469,
      0.43838176131248474,
      0.768096387386322,
      0.13852240145206451,
      0.8940194249153137,
      -0.4260759651660919
    ],
    "userAcceleration" : [
      0.062091097235679626,
      0.050040602684020996,
      -0.026219427585601807
    ],
    "gravity" : [
      -0.13852237164974213,
      -0.8940194845199585,
      0.42607593536376953
    ]
  },
  {
    "timestamp" : 1251312407876,
    "rotationMatrix" : [
      -0.8777356743812561,
      -0.09010978043079376,
      -0.47059527039527893,
      -0.4587547779083252,
      0.44151151180267334,
      0.7711105346679688,
      0.13828858733177185,
      0.8927192687988281,
      -0.4288685917854309
    ],
    "userAcceleration" : [
      0.050474271178245544,
      0.03920382261276245,
      -0.02251189947128296
    ],
    "gravity" : [
      -0.13828857243061066,
      -0.8927192091941833,
      0.4288685619831085
    ]
  },
  {
    "timestamp" : 1251312417931,
    "rotationMatrix" : [
      -0.8820886015892029,
      -0.08750572800636292,
      -0.46288490295410156,
      -0.45035532116889954,
      0.44490668177604675,
      0.7741047739982605,
      0.13820195198059082,
      0.8912916779518127,
      -0.4318557679653168
    ],
    "userAcceleration" : [
      0.024249330163002014,
      0.021082818508148193,
      -0.029649436473846436
    ],
    "gravity" : [
      -0.1382019817829132,
      -0.891291618347168,
      0.4318557381629944
    ]
  },
  {
    "timestamp" : 1251312427985,
    "rotationMatrix" : [
      -0.8862158060073853,
      -0.08503134548664093,
      -0.45540207624435425,
      -0.44220542907714844,
      0.4483279883861542,
      0.7768245339393616,
      0.1381150335073471,
      0.8898155093193054,
      -0.4349166452884674
    ],
    "userAcceleration" : [
      -0.004676699638366699,
      0.008025407791137695,
      -0.03641819953918457
    ],
    "gravity" : [
      -0.1381150484085083,
      -0.8898155093193054,
      0.434916615486145
    ]
  },
  {
    "timestamp" : 1251312438040,
    "rotationMatrix" : [
      -0.8899044394493103,
      -0.08271218836307526,
      -0.4485852122306824,
      -0.43472564220428467,
      0.45161503553390503,
      0.7791388630867004,
      0.13814353942871094,
      0.88837069272995,
      -0.43785130977630615
    ],
    "userAcceleration" : [
      -0.023874282836914062,
      0.003025233745574951,
      -0.03810161352157593
    ],
    "gravity" : [
      -0.13814353942871094,
      -0.88837069272995,
      0.43785130977630615
    ]
  },
  {
    "timestamp" : 1251312448095,
    "rotationMatrix" : [
      -0.8929766416549683,
      -0.08061224222183228,
      -0.44282498955726624,
      -0.4283149242401123,
      0.45457643270492554,
      0.7809650897979736,
      0.13834241032600403,
      0.8870522975921631,
      -0.4404534697532654
    ],
    "userAcceleration" : [
      -0.04039902985095978,
      -0.004030346870422363,
      -0.03743851184844971
    ],
    "gravity" : [
      -0.13834242522716522,
      -0.8870523571968079,
      0.44045349955558777
    ]
  },
  {
    "timestamp" : 1251312458150,
    "rotationMatrix" : [
      -0.8953984379768372,
      -0.07856617867946625,
      -0.43827879428863525,
      -0.4230572581291199,
      0.45708873867988586,
      0.78236323595047,
      0.13886494934558868,
      0.8859441876411438,
      -0.4425143301486969
    ],
    "userAcceleration" : [
      -0.04079200327396393,
      -0.0032920241355895996,
      -0.016504377126693726
    ],
    "gravity" : [
      -0.13886494934558868,
      -0.885944128036499,
      0.4425143003463745
    ]
  },
  {
    "timestamp" : 1251312468204,
    "rotationMatrix" : [
      -0.8974796533584595,
      -0.0763639509677887,
      -0.43439382314682007,
      -0.41837698221206665,
      0.45914894342422485,
      0.783672571182251,
      0.13960707187652588,
      0.8850709199905396,
      -0.44402554631233215
    ],
    "userAcceleration" : [
      -0.030879348516464233,
      0.0030979514122009277,
      0.01634719967842102
    ],
    "gravity" : [
      -0.13960707187652588,
      -0.8850709795951843,
      0.44402557611465454
    ]
  },
  {
    "timestamp" : 1251312478259,
    "rotationMatrix" : [
      -0.8995697498321533,
      -0.07399843633174896,
      -0.43046292662620544,
      -0.41363340616226196,
      0.4608812928199768,
      0.7851724624633789,
      0.140290766954422,
      0.884371280670166,
      -0.44520303606987
    ],
    "userAcceleration" : [
      -0.02548070251941681,
      0.0019403696060180664,
      0.026491761207580566
    ],
    "gravity" : [
      -0.1402907818555832,
      -0.884371280670166,
      0.4452030658721924
    ]
  },
  {
    "timestamp" : 1251312488314,
    "rotationMatrix" : [
      -0.9016084671020508,
      -0.07181639969348907,
      -0.42654895782470703,
      -0.4090195298194885,
      0.4623793959617615,
      0.7867071628570557,
      0.1407289355993271,
      0.8837689161300659,
      -0.4462593197822571
    ],
    "userAcceleration" : [
      -0.03422832489013672,
      -0.008076608180999756,
      0.020140618085861206
    ],
    "gravity" : [
      -0.1407289355993271,
      -0.8837689757347107,
      0.44625934958457947
    ]
  },
  {
    "timestamp" : 1251312498369,
    "rotationMatrix" : [
      -0.9034876823425293,
      -0.06985580921173096,
      -0.4228825569152832,
      -0.4047558605670929,
      0.4636339843273163,
      0.7881726026535034,
      0.14100424945354462,
      0.8832687139511108,
      -0.4471619725227356
    ],
    "userAcceleration" : [
      -0.040422722697257996,
      -0.004945278167724609,
      0.017956316471099854
    ],
    "gravity" : [
      -0.14100424945354462,
      -0.8832686543464661,
      0.4471619427204132
    ]
  },
  {
    "timestamp" : 1251312508423,
    "rotationMatrix" : [
      -0.9052466154098511,
      -0.06790982186794281,
      -0.41942450404167175,
      -0.40073055028915405,
      0.4645630121231079,
      0.7896811366081238,
      0.1412220299243927,
      0.8829323649406433,
      -0.44775769114494324
    ],
    "userAcceleration" : [
      -0.037763580679893494,
      -0.0014824867248535156,
      0.026348114013671875
    ],
    "gravity" : [
      -0.1412220299243927,
      -0.8829323053359985,
      0.447757750749588
    ]
  },
  {
    "timestamp" : 1251312518478,
    "rotationMatrix" : [
      -0.9070152044296265,
      -0.06581714749336243,
      -0.4159215986728668,
      -0.39664092659950256,
      0.4652341902256012,
      0.7913487553596497,
      0.14141657948493958,
      0.8827372193336487,
      -0.44808006286621094
    ],
    "userAcceleration" : [
      -0.02765078842639923,
      0.003907501697540283,
      0.031610310077667236
    ],
    "gravity" : [
      -0.14141657948493958,
      -0.8827372193336487,
      0.4480800926685333
    ]
  },
  {
    "timestamp" : 1251312528533,
    "rotationMatrix" : [
      -0.9088617563247681,
      -0.06355264782905579,
      -0.41222724318504333,
      -0.3923260569572449,
      0.4657824635505676,
      0.793175220489502,
      0.14159980416297913,
      0.8826141357421875,
      -0.4482651650905609
    ],
    "userAcceleration" : [
      -0.016328662633895874,
      0.014251708984375,
      0.031074345111846924
    ],
    "gravity" : [
      -0.14159981906414032,
      -0.8826141357421875,
      0.4482651650905609
    ]
  },
  {
    "timestamp" : 1251312538588,
    "rotationMatrix" : [
      -0.9109180569648743,
      -0.06108258664608002,
      -0.40803998708724976,
      -0.38747990131378174,
      0.46638038754463196,
      0.795203447341919,
      0.1417287439107895,
      0.8824727535247803,
      -0.44850245118141174
    ],
    "userAcceleration" : [
      -0.01415504515171051,
      0.02088528871536255,
      0.022704005241394043
    ],
    "gravity" : [
      -0.1417287439107895,
      -0.8824727535247803,
      0.44850245118141174
    ]
  },
  {
    "timestamp" : 1251312548643,
    "rotationMatrix" : [
      -0.9130631685256958,
      -0.058519765734672546,
      -0.4035966694355011,
      -0.3823460340499878,
      0.46710705757141113,
      0.7972592711448669,
      0.14186736941337585,
      0.8822620511054993,
      -0.4488728940486908
    ],
    "userAcceleration" : [
      -0.011574968695640564,
      0.028487205505371094,
      0.00884479284286499
    ],
    "gravity" : [
      -0.14186739921569824,
      -0.8822619915008545,
      0.44887295365333557
    ]
  },
  {
    "timestamp" : 1251312558697,
    "rotationMatrix" : [
      -0.9153311252593994,
      -0.0557405948638916,
      -0.398826003074646,
      -0.37680864334106445,
      0.4679504930973053,
      0.7993983030319214,
      0.1420719027519226,
      0.8819950819015503,
      -0.4493332803249359
    ],
    "userAcceleration" : [
      -0.013659313321113586,
      0.03459823131561279,
      0.0020522475242614746
    ],
    "gravity" : [
      -0.1420718878507614,
      -0.8819950819015503,
      0.44933319091796875
    ]
  },
  {
    "timestamp" : 1251312568752,
    "rotationMatrix" : [
      -0.9176416397094727,
      -0.05272437632083893,
      -0.39389553666114807,
      -0.37102025747299194,
      0.46881207823753357,
      0.8015978336334229,
      0.14239922165870667,
      0.8817229270935059,
      -0.4497632086277008
    ],
    "userAcceleration" : [
      -0.014567926526069641,
      0.038079798221588135,
      0.0050858259201049805
    ],
    "gravity" : [
      -0.14239923655986786,
      -0.8817229270935059,
      0.4497632384300232
    ]
  },
  {
    "timestamp" : 1251312578807,
    "rotationMatrix" : [
      -0.9199444055557251,
      -0.04939079284667969,
      -0.38892537355422974,
      -0.3650687336921692,
      0.46957138180732727,
      0.8038828372955322,
      0.14292383193969727,
      0.881511926651001,
      -0.45001062750816345
    ],
    "userAcceleration" : [
      -0.011235728859901428,
      0.0413629412651062,
      0.012376368045806885
    ],
    "gravity" : [
      -0.14292383193969727,
      -0.881511926651001,
      0.45001065731048584
    ]
  },
  {
    "timestamp" : 1251312588862,
    "rotationMatrix" : [
      -0.9222814440727234,
      -0.0456477552652359,
      -0.3838135004043579,
      -0.3588302731513977,
      0.47018709778785706,
      0.8063279390335083,
      0.14365707337856293,
      0.8813854455947876,
      -0.4500245153903961
    ],
    "userAcceleration" : [
      -0.007679596543312073,
      0.04349493980407715,
      0.01767250895500183
    ],
    "gravity" : [
      -0.14365704357624054,
      -0.8813854455947876,
      0.45002442598342896
    ]
  },
  {
    "timestamp" : 1251312598916,
    "rotationMatrix" : [
      -0.9246159791946411,
      -0.04162910580635071,
      -0.37861767411231995,
      -0.3524070978164673,
      0.470706969499588,
      0.8088534474372864,
      0.14454606175422668,
      0.8813068270683289,
      -0.4498933255672455
    ],
    "userAcceleration" : [
      -0.01280251145362854,
      0.043080806732177734,
      0.010448813438415527
    ],
    "gravity" : [
      -0.14454607665538788,
      -0.8813067674636841,
      0.44989335536956787
    ]
  },
  {
    "timestamp" : 1251312608971,
    "rotationMatrix" : [
      -0.9268942475318909,
      -0.03749902546405792,
      -0.3734439015388489,
      -0.3459637761116028,
      0.47113990783691406,
      0.8113791942596436,
      0.14551836252212524,
      0.8812609910964966,
      -0.4496700167655945
    ],
    "userAcceleration" : [
      -0.027012750506401062,
      0.04121905565261841,
      0.0009219050407409668
    ],
    "gravity" : [
      -0.14551834762096405,
      -0.8812609910964966,
      0.4496699869632721
    ]
  },
  {
    "timestamp" : 1251312619026,
    "rotationMatrix" : [
      -0.9291234612464905,
      -0.0332334041595459,
      -0.3682728707790375,
      -0.33947688341140747,
      0.4714618921279907,
      0.8139281868934631,
      0.14657703042030334,
      0.8812599778175354,
      -0.4493282437324524
    ],
    "userAcceleration" : [
      -0.036848872900009155,
      0.038486599922180176,
      0.002575993537902832
    ],
    "gravity" : [
      -0.14657703042030334,
      -0.8812599778175354,
      0.44932821393013
    ]
  },
  {
    "timestamp" : 1251312629081,
    "rotationMatrix" : [
      -0.9312964081764221,
      -0.028882816433906555,
      -0.363114595413208,
      -0.33299732208251953,
      0.4715580940246582,
      0.8165448904037476,
      0.1476454883813858,
      0.881361722946167,
      -0.44877809286117554
    ],
    "userAcceleration" : [
      -0.0388626754283905,
      0.035872459411621094,
      0.009900897741317749
    ],
    "gravity" : [
      -0.1476454883813858,
      -0.8813617825508118,
      0.4487781524658203
    ]
  },
  {
    "timestamp" : 1251312639135,
    "rotationMatrix" : [
      -0.9332572221755981,
      -0.024841666221618652,
      -0.358348548412323,
      -0.3269963264465332,
      0.47165781259536743,
      0.818909227848053,
      0.14867478609085083,
      0.8814316391944885,
      -0.44830113649368286
    ],
    "userAcceleration" : [
      -0.04767531156539917,
      0.030738890171051025,
      -0.0014628767967224121
    ],
    "gravity" : [
      -0.14867478609085083,
      -0.8814316987991333,
      0.44830113649368286
    ]
  },
  {
    "timestamp" : 1251312649190,
    "rotationMatrix" : [
      -0.9353247284889221,
      -0.02114810049533844,
      -0.35315749049186707,
      -0.32079780101776123,
      0.47161921858787537,
      0.8213793635368347,
      0.1491852104663849,
      0.8815487027168274,
      -0.44790133833885193
    ],
    "userAcceleration" : [
      -0.058700501918792725,
      0.03642541170120239,
      -0.007258176803588867
    ],
    "gravity" : [
      -0.14918522536754608,
      -0.8815486431121826,
      0.44790133833885193
    ]
  },
  {
    "timestamp" : 1251312659245,
    "rotationMatrix" : [
      -0.9374252557754517,
      -0.017206117510795593,
      -0.347759872674942,
      -0.31438374519348145,
      0.47110894322395325,
      0.8241474628448486,
      0.149652361869812,
      0.8819071054458618,
      -0.4470385015010834
    ],
    "userAcceleration" : [
      -0.0209561288356781,
      0.03798943758010864,
      0.03809911012649536
    ],
    "gravity" : [
      -0.149652361869812,
      -0.8819071054458618,
      0.44703856110572815
    ]
  },
  {
    "timestamp" : 1251312669300,
    "rotationMatrix" : [
      -0.9396123290061951,
      -0.012711584568023682,
      -0.3420041799545288,
      -0.3074414134025574,
      0.4703890085220337,
      0.8271722197532654,
      0.1503603309392929,
      0.8823675513267517,
      -0.4458913207054138
    ],
    "userAcceleration" : [
      -0.0258328914642334,
      0.05090099573135376,
      0.011643290519714355
    ],
    "gravity" : [
      -0.1503603309392929,
      -0.8823676109313965,
      0.4458913803100586
    ]
  },
  {
    "timestamp" : 1251312679355,
    "rotationMatrix" : [
      -0.9416826963424683,
      -0.008039027452468872,
      -0.3364059329032898,
      -0.30052781105041504,
      0.46983397006988525,
      0.8300235271453857,
      0.15138235688209534,
      0.8827182054519653,
      -0.44485044479370117
    ],
    "userAcceleration" : [
      -0.03208933770656586,
      0.06371790170669556,
      -0.016627848148345947
    ],
    "gravity" : [
      -0.15138234198093414,
      -0.8827182054519653,
      0.44485044479370117
    ]
  },
  {
    "timestamp" : 1251312689409,
    "rotationMatrix" : [
      -0.9437707662582397,
      -0.0031234174966812134,
      -0.3305850923061371,
      -0.2932589650154114,
      0.4695599377155304,
      0.8327739834785461,
      0.1526283621788025,
      0.8828950524330139,
      -0.44407281279563904
    ],
    "userAcceleration" : [
      -0.023976817727088928,
      0.05245083570480347,
      -0.005397975444793701
    ],
    "gravity" : [
      -0.15262837707996368,
      -0.8828949928283691,
      0.44407275319099426
    ]
  },
  {
    "timestamp" : 1251312699464,
    "rotationMatrix" : [
      -0.9459946751594543,
      0.001911446452140808,
      -0.32417649030685425,
      -0.2854005694389343,
      0.46936681866645813,
      0.8356083631515503,
      0.15375488996505737,
      0.8830012083053589,
      -0.4434730112552643
    ],
    "userAcceleration" : [
      -0.028511330485343933,
      0.04044133424758911,
      0.01995164155960083
    ],
    "gravity" : [
      -0.15375490486621857,
      -0.8830012083053589,
      0.4434729814529419
    ]
  },
  {
    "timestamp" : 1251312709519,
    "rotationMatrix" : [
      -0.9483701586723328,
      0.006941184401512146,
      -0.3170892000198364,
      -0.27697330713272095,
      0.46898072957992554,
      0.8386552929878235,
      0.15452997386455536,
      0.8831810355186462,
      -0.4428447484970093
    ],
    "userAcceleration" : [
      -0.04075199365615845,
      0.03283935785293579,
      0.03675413131713867
    ],
    "gravity" : [
      -0.15452997386455536,
      -0.883181095123291,
      0.4428447484970093
    ]
  },
  {
    "timestamp" : 1251312719574,
    "rotationMatrix" : [
      -0.9507564902305603,
      0.011881917715072632,
      -0.3097100853919983,
      -0.26838013529777527,
      0.4682607054710388,
      0.8418455123901367,
      0.15502777695655823,
      0.8835103511810303,
      -0.4420129060745239
    ],
    "userAcceleration" : [
      -0.045915186405181885,
      0.0250052809715271,
      0.03735703229904175
    ],
    "gravity" : [
      -0.15502777695655823,
      -0.8835103511810303,
      0.4420129358768463
    ]
  },
  {
    "timestamp" : 1251312729628,
    "rotationMatrix" : [
      -0.953062891960144,
      0.016698189079761505,
      -0.3023109436035156,
      -0.2598778307437897,
      0.4672028422355652,
      0.8450946807861328,
      0.15535207092761993,
      0.8839924335479736,
      -0.44093412160873413
    ],
    "userAcceleration" : [
      -0.05444099009037018,
      0.020223021507263184,
      0.025435417890548706
    ],
    "gravity" : [
      -0.15535207092761993,
      -0.8839924335479736,
      0.4409341514110565
    ]
  },
  {
    "timestamp" : 1251312739683,
    "rotationMatrix" : [
      -0.9551844000816345,
      0.02123580127954483,
      -0.29524874687194824,
      -0.25186800956726074,
      0.4657127857208252,
      0.8483361005783081,
      0.15551620721817017,
      0.8846811056137085,
      -0.43949300050735474
    ],
    "userAcceleration" : [
      -0.06352370977401733,
