[
  {
    "timestamp" : 1251231558790,
    "gravity" : [
      -0.13466256856918335,
      -0.9581974744796753,
      -0.2524353265762329
    ],
    "rotationMatrix" : [
      -0.9853786826133728,
      0.10265956073999405,
      0.1359773576259613,
      0.10437826067209244,
      -0.2670554518699646,
      0.9580118060112,
      0.13466256856918335,
      0.9581975340843201,
      0.2524353265762329
    ],
    "userAcceleration" : [
      -0.04729849100112915,
      0.02533620595932007,
      0.06774288415908813
    ]
  },
  {
    "timestamp" : 1251231568845,
    "gravity" : [
      -0.1376998871564865,
      -0.9574734568595886,
      -0.25354138016700745
    ],
    "rotationMatrix" : [
      -0.9841471314430237,
      0.1033749058842659,
      0.14411143958568573,
      0.11177308112382889,
      -0.2693661153316498,
      0.956529438495636,
      0.1376998871564865,
      0.9574734568595886,
      0.25354132056236267
    ],
    "userAcceleration" : [
      -0.05855865776538849,
      0.006179630756378174,
      0.08950936794281006
    ]
  },
  {
    "timestamp" : 1251231578899,
    "gravity" : [
      -0.14092642068862915,
      -0.9566206932067871,
      -0.25498339533805847
    ],
    "rotationMatrix" : [
      -0.9826367497444153,
      0.10376079380512238,
      0.15381307899951935,
      0.12068350613117218,
      -0.2722322642803192,
      0.954633355140686,
      0.14092640578746796,
      0.9566206932067871,
      0.25498339533805847
    ],
    "userAcceleration" : [
      -0.08932869136333466,
      -0.032957494258880615,
      0.08393234014511108
    ]
  },
  {
    "timestamp" : 1251231588954,
    "gravity" : [
      -0.14386774599552155,
      -0.9556972980499268,
      -0.2567967474460602
    ],
    "rotationMatrix" : [
      -0.9809633493423462,
      0.10352490842342377,
      0.1642955243587494,
      0.13043196499347687,
      -0.2755448520183563,
      0.9523981213569641,
      0.14386776089668274,
      0.955697238445282,
      0.2567967474460602
    ],
    "userAcceleration" : [
      -0.10857363045215607,
      -0.07486593723297119,
      0.04498949646949768
    ]
  },
  {
    "timestamp" : 1251231599008,
    "gravity" : [
      -0.14618195593357086,
      -0.9548022747039795,
      -0.2588113248348236
    ],
    "rotationMatrix" : [
      -0.9793153405189514,
      0.10267441719770432,
      0.17435286939144135,
      0.13989922404289246,
      -0.2789449989795685,
      0.9500619173049927,
      0.14618195593357086,
      0.9548022747039795,
      0.2588113844394684
    ],
    "userAcceleration" : [
      -0.11771877110004425,
      -0.07975876331329346,
      -0.0016257762908935547
    ]
  },
  {
    "timestamp" : 1251231609063,
    "gravity" : [
      -0.1476844996213913,
      -0.954043447971344,
      -0.2607494294643402
    ],
    "rotationMatrix" : [
      -0.9778385162353516,
      0.10129035264253616,
      0.18322649598121643,
      0.1483946442604065,
      -0.28203049302101135,
      0.947859525680542,
      0.1476845145225525,
      0.9540435075759888,
      0.2607494294643402
    ],
    "userAcceleration" : [
      -0.13608315587043762,
      -0.06318360567092896,
      -0.04309886693954468
    ]
  },
  {
    "timestamp" : 1251231619118,
    "gravity" : [
      -0.1483471840620041,
      -0.9535284638404846,
      -0.262252539396286
    ],
    "rotationMatrix" : [
      -0.9766106009483337,
      0.09951737523078918,
      0.1905980259180069,
      0.15564200282096863,
      -0.28439316153526306,
      0.9459893107414246,
      0.1483471840620041,
      0.9535284638404846,
      0.262252539396286
    ],
    "userAcceleration" : [
      -0.13554257154464722,
      -0.05143052339553833,
      -0.07193019986152649
    ]
  },
  {
    "timestamp" : 1251231629172,
    "gravity" : [
      -0.14824192225933075,
      -0.9533156752586365,
      -0.2630840837955475
    ],
    "rotationMatrix" : [
      -0.9756699204444885,
      0.09753067791461945,
      0.19635449349880219,
      0.16152910888195038,
      -0.28579092025756836,
      0.9445799589157104,
      0.14824192225933075,
      0.9533156156539917,
      0.2630841135978699
    ],
    "userAcceleration" : [
      -0.11803916096687317,
      -0.0492018461227417,
      -0.08664742112159729
    ]
  },
  {
    "timestamp" : 1251231639227,
    "gravity" : [
      -0.14753690361976624,
      -0.9533854126930237,
      -0.2632278800010681
    ],
    "rotationMatrix" : [
      -0.9749343991279602,
      0.09537218511104584,
      0.2010137140750885,
      0.16653896868228912,
      -0.2862866222858429,
      0.9435594081878662,
      0.14753690361976624,
      0.9533853530883789,
      0.2632278501987457
    ],
    "userAcceleration" : [
      -0.10641510784626007,
      -0.05236703157424927,
      -0.08029329776763916
    ]
  },
  {
    "timestamp" : 1251231649282,
    "gravity" : [
      -0.14656980335712433,
      -0.953657865524292,
      -0.262781023979187
    ],
    "rotationMatrix" : [
      -0.97428959608078,
      0.09322342276573181,
      0.2051069587469101,
      0.1711045205593109,
      -0.2860872149467468,
      0.9428027868270874,
      0.14656980335712433,
      0.953657865524292,
      0.262781023979187
    ],
    "userAcceleration" : [
      -0.08794249594211578,
      -0.05391043424606323,
      -0.06532877683639526
    ]
  },
  {
    "timestamp" : 1251231659336,
    "gravity" : [
      -0.14573505520820618,
      -0.9540619254112244,
      -0.2617766559123993
    ],
    "rotationMatrix" : [
      -0.9736839532852173,
      0.09145647287368774,
      0.2087458372116089,
      0.17521530389785767,
      -0.28530919551849365,
      0.9422833919525146,
      0.14573505520820618,
      0.9540618658065796,
      0.2617766857147217
    ],
    "userAcceleration" : [
      -0.060105979442596436,
      -0.05079030990600586,
      -0.052935898303985596
    ]
  },
  {
    "timestamp" : 1251231669391,
    "gravity" : [
      -0.145285964012146,
      -0.9545444846153259,
      -0.26026296615600586
    ],
    "rotationMatrix" : [
      -0.9730318188667297,
      0.09021563827991486,
      0.21229702234268188,
      0.17916716635227203,
      -0.2840878367424011,
      0.9419093132019043,
      0.145285964012146,
      0.9545444250106812,
      0.26026296615600586
    ],
    "userAcceleration" : [
      -0.042702287435531616,
      -0.0415949821472168,
      -0.036886751651763916
    ]
  },
  {
    "timestamp" : 1251231679445,
    "gravity" : [
      -0.1452147513628006,
      -0.9551072120666504,
      -0.25822973251342773
    ],
    "rotationMatrix" : [
      -0.9721700549125671,
      0.08924467861652374,
      0.21661049127578735,
      0.18384067714214325,
      -0.28249797224998474,
      0.9414865970611572,
      0.1452147662639618,
      0.9551072120666504,
      0.25822970271110535
    ],
    "userAcceleration" : [
      -0.05403450131416321,
      -0.04660159349441528,
      -0.03516629338264465
    ]
  },
  {
    "timestamp" : 1251231689500,
    "gravity" : [
      -0.14514893293380737,
      -0.9558263421058655,
      -0.2555924355983734
    ],
    "rotationMatrix" : [
      -0.9712094068527222,
      0.08832234144210815,
      0.2212478071451187,
      0.18890002369880676,
      -0.2803473472595215,
      0.9411278367042542,
      0.14514891803264618,
      0.9558263421058655,
      0.2555924654006958
    ],
    "userAcceleration" : [
      -0.06690242886543274,
      -0.0717155933380127,
      -0.05768576264381409
    ]
  },
  {
    "timestamp" : 1251231699555,
    "gravity" : [
      -0.1446523666381836,
      -0.9568078517913818,
      -0.2521791160106659
    ],
    "rotationMatrix" : [
      -0.9703253507614136,
      0.08726048469543457,
      0.2255079448223114,
      0.19376254081726074,
      -0.27731582522392273,
      0.9410375356674194,
      0.1446523666381836,
      0.9568078517913818,
      0.2521790564060211
    ],
    "userAcceleration" : [
      -0.07588289678096771,
      -0.07792109251022339,
      -0.07797539234161377
    ]
  },
  {
    "timestamp" : 1251231709609,
    "gravity" : [
      -0.14341053366661072,
      -0.9581010937690735,
      -0.24794261157512665
    ],
    "rotationMatrix" : [
      -0.9696061611175537,
      0.08584033697843552,
      0.229117751121521,
      0.19823449850082397,
      -0.27326446771621704,
      0.941291332244873,
      0.14341053366661072,
      0.9581011533737183,
      0.24794262647628784
    ],
    "userAcceleration" : [
      -0.09488597512245178,
      -0.05685240030288696,
      -0.08144891262054443
    ]
  },
  {
    "timestamp" : 1251231719664,
    "gravity" : [
      -0.14141935110092163,
      -0.9596769213676453,
      -0.24294163286685944
    ],
    "rotationMatrix" : [
      -0.969032883644104,
      0.08401720225811005,
      0.23219841718673706,
      0.20242421329021454,
      -0.2682556211948395,
      0.9418402314186096,
      0.14141935110092163,
      0.9596769213676453,
      0.24294158816337585
    ],
    "userAcceleration" : [
      -0.09670929610729218,
      -0.034326255321502686,
      -0.07808810472488403
    ]
  },
  {
    "timestamp" : 1251231729719,
    "gravity" : [
      -0.13896100223064423,
      -0.961425244808197,
      -0.23738352954387665
    ],
    "rotationMatrix" : [
      -0.9685549139976501,
      0.08199307322502136,
      0.23489932715892792,
      0.2063744068145752,
      -0.26256051659584045,
      0.9425874352455139,
      0.13896100223064423,
      0.961425244808197,
      0.23738351464271545
    ],
    "userAcceleration" : [
      -0.08284074068069458,
      -0.014938712120056152,
      -0.06667838990688324
    ]
  },
  {
    "timestamp" : 1251231739773,
    "gravity" : [
      -0.13630691170692444,
      -0.9632022380828857,
      -0.2316499948501587
    ],
    "rotationMatrix" : [
      -0.9681388735771179,
      0.07993166893720627,
      0.23731353878974915,
      0.21006476879119873,
      -0.2566167414188385,
      0.9434089660644531,
      0.13630691170692444,
      0.9632022380828857,
      0.23165002465248108
    ],
    "userAcceleration" : [
      -0.06947311758995056,
      0.008475184440612793,
      -0.044549405574798584
    ]
  },
  {
    "timestamp" : 1251231749828,
    "gravity" : [
      -0.13376839458942413,
      -0.9648672938346863,
      -0.2261352390050888
    ],
    "rotationMatrix" : [
      -0.9678663015365601,
      0.07816816121339798,
      0.23900750279426575,
      0.2129339575767517,
      -0.25084033608436584,
      0.944318950176239,
      0.13376837968826294,
      0.9648672938346863,
      0.2261352241039276
    ],
    "userAcceleration" : [
      -0.04549185931682587,
      0.03696507215499878,
      -0.021041959524154663
    ]
  },
  {
    "timestamp" : 1251231759882,
    "gravity" : [
      -0.13160774111747742,
      -0.9663324952125549,
      -0.22108998894691467
    ],
    "rotationMatrix" : [
      -0.9677594900131226,
      0.07692854106426239,
      0.2398396134376526,
      0.21475671231746674,
      -0.2455265074968338,
      0.9453020691871643,
      0.13160774111747742,
      0.9663324952125549,
      0.22109000384807587
    ],
    "userAcceleration" : [
      -0.012267351150512695,
      0.06258505582809448,
      -0.0027565211057662964
    ]
  },
  {
    "timestamp" : 1251231769937,
    "gravity" : [
      -0.12995508313179016,
      -0.967552900314331,
      -0.21668651700019836
    ],
    "rotationMatrix" : [
      -0.9677963852882385,
      0.07626024633646011,
      0.2399052381515503,
      0.21559646725654602,
      -0.24088537693023682,
      0.9463045597076416,
      0.12995508313179016,
      0.967552900314331,
      0.21668654680252075
    ],
    "userAcceleration" : [
      0.021434590220451355,
      0.0792778730392456,
      0.0170099139213562
    ]
  },
  {
    "timestamp" : 1251231779992,
    "gravity" : [
      -0.12862001359462738,
      -0.9685834646224976,
      -0.2128443419933319
    ],
    "rotationMatrix" : [
      -0.9678711295127869,
      0.07584429532289505,
      0.2397344559431076,
      0.2160598635673523,
      -0.23684033751487732,
      0.9472193717956543,
      0.12862001359462738,
      0.9685834646224976,
      0.2128443419933319
    ],
    "userAcceleration" : [
      0.03329840302467346,
      0.07002407312393188,
      0.02259775996208191
    ]
  },
  {
    "timestamp" : 1251231790046,
    "gravity" : [
      -0.12729839980602264,
      -0.9695654511451721,
      -0.20913594961166382
    ],
    "rotationMatrix" : [
      -0.9679752588272095,
      0.075441874563694,
      0.2394416779279709,
      0.21637678146362305,
      -0.23291891813278198,
      0.9481191039085388,
      0.12729839980602264,
      0.9695654511451721,
      0.20913594961166382
    ],
    "userAcceleration" : [
      0.028375670313835144,
      0.029715657234191895,
      -0.004014134407043457
    ]
  },
  {
    "timestamp" : 1251231800101,
    "gravity" : [
      -0.12579122185707092,
      -0.9706587791442871,
      -0.2049340009689331
    ],
    "rotationMatrix" : [
      -0.9682182669639587,
      0.07510761171579361,
      0.2385622262954712,
      0.21617045998573303,
      -0.22842974960803986,
      0.9492576122283936,
      0.12579122185707092,
      0.9706587791442871,
      0.2049339860677719
    ],
    "userAcceleration" : [
      0.026593834161758423,
      0.01062166690826416,
      -0.03469008207321167
    ]
  },
  {
    "timestamp" : 1251231810156,
    "gravity" : [
      -0.12381429225206375,
      -0.9719855785369873,
      -0.19978459179401398
    ],
    "rotationMatrix" : [
      -0.9686136245727539,
      0.07465149462223053,
      0.23709572851657867,
      0.21553944051265717,
      -0.22286978363990784,
      0.9507216215133667,
      0.12381429970264435,
      0.9719855785369873,
      0.19978460669517517
    ],
    "userAcceleration" : [
      -0.010920792818069458,
      0.025345683097839355,
      -0.03921389579772949
    ]
  },
  {
    "timestamp" : 1251231820210,
    "gravity" : [
      -0.12118406593799591,
      -0.9735892415046692,
      -0.19349004328250885
    ],
    "rotationMatrix" : [
      -0.9690567851066589,
      0.07380794733762741,
      0.23554497957229614,
      0.21504294872283936,
      -0.21604713797569275,
      0.9524075984954834,
      0.12118405848741531,
      0.973589301109314,
      0.19348999857902527
    ],
    "userAcceleration" : [
      -0.041596703231334686,
      0.03714209794998169,
      -0.02504637837409973
    ]
  },
  {
    "timestamp" : 1251231830265,
    "gravity" : [
      -0.11781101673841476,
      -0.975398600101471,
      -0.1863277405500412
    ],
    "rotationMatrix" : [
      -0.9696139693260193,
      0.07247753441333771,
      0.23365676403045654,
      0.2144039124250412,
      -0.20819325745105743,
      0.9542989134788513,
      0.11781102418899536,
      0.975398600101471,
      0.18632780015468597
    ],
    "userAcceleration" : [
      -0.036455318331718445,
      0.027827918529510498,
      0.015276610851287842
    ]
  },
  {
    "timestamp" : 1251231840319,
    "gravity" : [
      -0.11380848288536072,
      -0.9772427082061768,
      -0.17900915443897247
    ],
    "rotationMatrix" : [
      -0.9701322317123413,
      0.07046174257993698,
      0.23211702704429626,
      0.21422138810157776,
      -0.20007935166358948,
      0.9560738205909729,
      0.11380847543478012,
      0.977242648601532,
      0.17900916934013367
    ],
    "userAcceleration" : [
      -0.011771328747272491,
      0.010949432849884033,
      0.07280796766281128
    ]
  },
  {
    "timestamp" : 1251231850374,
    "gravity" : [
      -0.10959052294492722,
      -0.9789242744445801,
      -0.17232835292816162
    ],
    "rotationMatrix" : [
      -0.9704553484916687,
      0.06788351386785507,
      0.23153412342071533,
      0.214956134557724,
      -0.19261087477207184,
      0.9574418067932129,
      0.10959052294492722,
      0.9789242744445801,
      0.1723283976316452
    ],
    "userAcceleration" : [
      0.034990303218364716,
      -0.009814620018005371,
      0.12008219957351685
    ]
  },
  {
    "timestamp" : 1251231860429,
    "gravity" : [
      -0.10554326325654984,
      -0.9803233742713928,
      -0.166812926530838
    ],
    "rotationMatrix" : [
      -0.9705132842063904,
      0.06498917937278748,
      0.2321208417415619,
      0.21671247482299805,
      -0.18639282882213593,
      0.9582762122154236,
      0.10554325580596924,
      0.9803233742713928,
      0.16681291162967682
    ],
    "userAcceleration" : [
      0.08349432796239853,
      -0.026146233081817627,
      0.14332956075668335
    ]
  },
  {
    "timestamp" : 1251231870483,
    "gravity" : [
      -0.10194288939237595,
      -0.9814174175262451,
      -0.16256392002105713
    ],
    "rotationMatrix" : [
      -0.9701696038246155,
      0.06195218861103058,
      0.23437558114528656,
      0.2199491709470749,
      -0.18160708248615265,
      0.9584574103355408,
      0.10194288194179535,
      0.9814174771308899,
      0.16256390511989594
    ],
    "userAcceleration" : [
      0.11250199377536774,
      -0.01760578155517578,
      0.14155252277851105
    ]
  },
  {
    "timestamp" : 1251231880538,
    "gravity" : [
      -0.0989803597331047,
      -0.982232391834259,
      -0.15944382548332214
    ],
    "rotationMatrix" : [
      -0.9694393873214722,
      0.05903754383325577,
      0.23812082409858704,
      0.22447684407234192,
      -0.1781402975320816,
      0.9580585360527039,
      0.0989803671836853,
      0.982232391834259,
      0.15944384038448334
    ],
    "userAcceleration" : [
      0.1269039660692215,
      0.006814360618591309,
      0.11406409740447998
    ]
  },
  {
    "timestamp" : 1251231890593,
    "gravity" : [
      -0.09669895470142365,
      -0.982826292514801,
      -0.1571676880121231
    ],
    "rotationMatrix" : [
      -0.9684287309646606,
      0.05645301938056946,
      0.24281421303749084,
      0.22977161407470703,
      -0.17568552494049072,
      0.9572562575340271,
      0.09669896215200424,
      0.982826292514801,
      0.15716767311096191
    ],
    "userAcceleration" : [
      0.13168737292289734,
      0.027321040630340576,
      0.07152003049850464
    ]
  },
  {
    "timestamp" : 1251231900647,
    "gravity" : [
      -0.09491748362779617,
      -0.983283281326294,
      -0.15538440644741058
    ],
    "rotationMatrix" : [
      -0.967369794845581,
      0.0542721152305603,
      0.24748626351356506,
      0.23491612076759338,
      -0.1738046407699585,
      0.9563503265380859,
      0.09491747617721558,
      0.983283281326294,
      0.15538442134857178
    ],
    "userAcceleration" : [
      0.12389393895864487,
      0.03227949142456055,
      0.024570778012275696
    ]
  },
  {
    "timestamp" : 1251231910702,
    "gravity" : [
      -0.09339670091867447,
      -0.983684778213501,
      -0.15375757217407227
    ],
    "rotationMatrix" : [
      -0.9664369225502014,
      0.05244868993759155,
      0.25149351358413696,
      0.23932594060897827,
      -0.1720857173204422,
      0.9555677175521851,
      0.09339670091867447,
      0.983684778213501,
      0.15375755727291107
    ],
    "userAcceleration" : [
      0.11300425231456757,
      0.0288049578666687,
      -0.014562204480171204
    ]
  },
  {
    "timestamp" : 1251231920756,
    "gravity" : [
      -0.09183859825134277,
      -0.9840942025184631,
      -0.15206626057624817
    ],
    "rotationMatrix" : [
      -0.9656906723976135,
      0.050766319036483765,
      0.25468412041664124,
      0.24291333556175232,
      -0.17023865878582,
      0.9549930691719055,
      0.09183860570192337,
      0.9840942025184631,
      0.15206624567508698
    ],
    "userAcceleration" : [
      0.09818625450134277,
      0.024240195751190186,
      -0.031863272190093994
    ]
  },
  {
    "timestamp" : 1251231930811,
    "gravity" : [
      -0.09012003242969513,
      -0.9845391511917114,
      -0.15020306408405304
    ],
    "rotationMatrix" : [
      -0.9651618599891663,
      0.049138352274894714,
      0.2569975256919861,
      0.24564339220523834,
      -0.1681307554244995,
      0.9546681642532349,
      0.09012003242969513,
      0.9845391511917114,
      0.15020304918289185
    ],
    "userAcceleration" : [
      0.09321758151054382,
      0.0192071795463562,
      -0.03635096549987793
    ]
  },
  {
    "timestamp" : 1251231940866,
    "gravity" : [
      -0.08828013390302658,
      -0.9850181937217712,
      -0.14814169704914093
    ],
    "rotationMatrix" : [
      -0.9648255109786987,
      0.04758588224649429,
      0.2585493326187134,
      0.24762633442878723,
      -0.16575582325458527,
      0.9545713663101196,
      0.08828013390302658,
      0.985018253326416,
      0.14814166724681854
    ],
    "userAcceleration" : [
      0.09146922081708908,
      0.013063788414001465,
      -0.025320246815681458
    ]
  },
  {
    "timestamp" : 1251231950920,
    "gravity" : [
      -0.08645877987146378,
      -0.985519528388977,
      -0.14586319029331207
    ],
    "rotationMatrix" : [
      -0.9645633697509766,
      0.04617127776145935,
      0.2597796320915222,
      0.24928319454193115,
      -0.16315443813800812,
      0.9545881152153015,
      0.08645878732204437,
      0.9855195879936218,
      0.14586322009563446
    ],
    "userAcceleration" : [
      0.09015140682458878,
      0.006668269634246826,
      -0.004924178123474121
    ]
  },
  {
    "timestamp" : 1251231960975,
    "gravity" : [
      -0.08473645895719528,
      -0.9860411286354065,
      -0.1433265060186386
    ],
    "rotationMatrix" : [
      -0.9642725586891174,
      0.04491695016622543,
      0.2610759735107422,
      0.25099387764930725,
      -0.16032835841178894,
      0.9546186327934265,
      0.08473645895719528,
      0.9860411286354065,
      0.14332649111747742
    ],
    "userAcceleration" : [
      0.09961378574371338,
      0.0043517351150512695,
      0.02021855115890503
    ]
  },
  {
    "timestamp" : 1251231971030,
    "gravity" : [
      -0.0831371620297432,
      -0.9865706562995911,
      -0.1405930370092392
    ],
    "rotationMatrix" : [
      -0.9639084339141846,
      0.04380456358194351,
      0.2626045048236847,
      0.2529193162918091,
      -0.15735077857971191,
      0.9546058177947998,
      0.0831371620297432,
      0.9865705966949463,
      0.1405930519104004
    ],
    "userAcceleration" : [
      0.11681333184242249,
      0.00495755672454834,
      0.048551976680755615
    ]
  },
  {
    "timestamp" : 1251231981084,
    "gravity" : [
      -0.08190460503101349,
      -0.9870920777320862,
      -0.13762475550174713
    ],
    "rotationMatrix" : [
      -0.9634636640548706,
      0.04308725893497467,
      0.26434969902038574,
      0.25500768423080444,
      -0.15424767136573792,
      0.9545567035675049,
      0.08190461248159409,
      0.987092137336731,
      0.13762471079826355
    ],
    "userAcceleration" : [
      0.14699861407279968,
      0.008683443069458008,
      0.06361956894397736
    ]
  },
  {
    "timestamp" : 1251231991139,
    "gravity" : [
      -0.08126319944858551,
      -0.9875994324684143,
      -0.13432639837265015
    ],
    "rotationMatrix" : [
      -0.9629814624786377,
      0.04304333031177521,
      0.26610857248306274,
      0.2570268511772156,
      -0.15097859501838684,
      0.9545379281044006,
      0.0812632143497467,
      0.9875994324684143,
      0.13432642817497253
    ],
    "userAcceleration" : [
      0.1789652407169342,
      0.020833134651184082,
      0.07144486904144287
    ]
  },
  {
    "timestamp" : 1251232001193,
    "gravity" : [
      -0.08130156993865967,
      -0.9880880117416382,
      -0.13066045939922333
    ],
    "rotationMatrix" : [
      -0.9625661373138428,
      0.04383125901222229,
      0.2674795091152191,
      0.258566290140152,
      -0.14751584827899933,
      0.9546635746955872,
      0.08130156248807907,
      0.9880879521369934,
      0.13066045939922333
    ],
    "userAcceleration" : [
      0.20549285411834717,
      0.039708495140075684,
      0.08512817323207855
    ]
  },
  {
    "timestamp" : 1251232011248,
    "gravity" : [
      -0.08200477063655853,
      -0.9885470271110535,
      -0.12668778002262115
    ],
    "rotationMatrix" : [
      -0.9622901082038879,
      0.04545535892248154,
      0.26819998025894165,
      0.25936970114707947,
      -0.143903911113739,
      0.9549968242645264,
      0.08200477063655853,
      0.9885470867156982,
      0.12668776512145996
    ],
    "userAcceleration" : [
      0.21736550331115723,
      0.05257302522659302,
      0.10976570844650269
    ]
  },
  {
    "timestamp" : 1251232021303,
    "gravity" : [
      -0.08330829441547394,
      -0.9889487624168396,
      -0.12263739109039307
    ],
    "rotationMatrix" : [
      -0.962092399597168,
      0.04774849861860275,
      0.26851099729537964,
      0.2596878707408905,
      -0.1403576284646988,
      0.955437958240509,
      0.08330829441547394,
      0.9889487624168396,
      0.12263738363981247
    ],
    "userAcceleration" : [
      0.21857747435569763,
      0.05436331033706665,
      0.1482110619544983
    ]
  },
  {
    "timestamp" : 1251232031357,
    "gravity" : [
      -0.0850340723991394,
      -0.9892633557319641,
      -0.11885872483253479
    ],
    "rotationMatrix" : [
      -0.9619303345680237,
      0.05041196197271347,
      0.2686055898666382,
      0.2597297132015228,
      -0.1371746063232422,
      0.9558890461921692,
      0.0850340873003006,
      0.9892633557319641,
      0.11885876208543777
    ],
    "userAcceleration" : [
      0.2085692137479782,
      0.043981313705444336,
      0.19187192618846893
    ]
  },
  {
    "timestamp" : 1251232041412,
    "gravity" : [
      -0.08692076802253723,
      -0.9894721508026123,
      -0.11571336537599564
    ],
    "rotationMatrix" : [
      -0.9616560339927673,
      0.05300908535718918,
      0.26908639073371887,
      0.26011964678764343,
      -0.13466554880142212,
      0.9561395049095154,
      0.08692076057195663,
      0.9894720911979675,
      0.11571335792541504
    ],
    "userAcceleration" : [
      0.18447023630142212,
      0.02426224946975708,
      0.22968119382858276
    ]
  },
  {
    "timestamp" : 1251232051467,
    "gravity" : [
      -0.08878161013126373,
      -0.9895825386047363,
      -0.11333250254392624
    ],
    "rotationMatrix" : [
      -0.9611303210258484,
      0.05524859577417374,
      0.270510733127594,
      0.2614312469959259,
      -0.13294367492198944,
      0.9560228586196899,
      0.08878160268068314,
      0.9895825386047363,
      0.11333252489566803
    ],
    "userAcceleration" : [
      0.17235401272773743,
      -0.0036424994468688965,
      0.24858635663986206
    ]
  },
  {
    "timestamp" : 1251232061521,
    "gravity" : [
      -0.09045752137899399,
      -0.9896253347396851,
      -0.11161887645721436
    ],
    "rotationMatrix" : [
      -0.9600391387939453,
      0.05684565007686615,
      0.27403029799461365,
      0.26484233140945435,
      -0.13194622099399567,
      0.9552215337753296,
      0.09045752137899399,
      0.9896253347396851,
      0.11161886155605316
    ],
    "userAcceleration" : [
      0.14516031742095947,
      -0.029341161251068115,
      0.24960406124591827
    ]
  },
  {
    "timestamp" : 1251232071576,
    "gravity" : [
      -0.09168141335248947,
      -0.9896411299705505,
      -0.11047495901584625
    ],
    "rotationMatrix" : [
      -0.9582236409187317,
      0.0574939027428627,
      0.2801811695098877,
      0.27092722058296204,
      -0.1315469741821289,
      0.9535689353942871,
      0.09168142080307007,
      0.9896411895751953,
      0.11047500371932983
    ],
    "userAcceleration" : [
      0.13042348623275757,
      -0.030927598476409912,
      0.23544442653656006
    ]
  },
  {
    "timestamp" : 1251232081630,
    "gravity" : [
      -0.09240975975990295,
      -0.9896613955497742,
      -0.10968531668186188
    ],
    "rotationMatrix" : [
      -0.9557374119758606,
      0.05725662410259247,
      0.28859636187553406,
      0.2793324589729309,
      -0.13149955868721008,
      0.9511473774909973,
      0.09240975975990295,
      0.9896613955497742,
      0.10968532413244247
    ],
    "userAcceleration" : [
      0.13089242577552795,
      -0.01807481050491333,
      0.19963578879833221
    ]
  },
  {
    "timestamp" : 1251232091685,
    "gravity" : [
      -0.09292737394571304,
      -0.98968905210495,
      -0.10899544507265091
    ],
    "rotationMatrix" : [
      -0.9527757167816162,
      0.056603528559207916,
      0.29835253953933716,
      0.28910672664642334,
      -0.13157321512699127,
      0.9482117891311646,
      0.09292736649513245,
      0.9896889925003052,
      0.10899542272090912
    ],
    "userAcceleration" : [
      0.11886733025312424,
      0.0023386478424072266,
      0.14280885457992554
    ]
  },
  {
    "timestamp" : 1251232101740,
    "gravity" : [
      -0.09354808926582336,
      -0.9897266030311584,
      -0.10811913758516312
    ],
    "rotationMatrix" : [
      -0.949601948261261,
      0.056065261363983154,
      0.3084026575088501,
      0.29917263984680176,
      -0.1315203309059143,
      0.9450914263725281,
      0.09354808926582336,
      0.9897266030311584,
      0.10811913013458252
    ],
    "userAcceleration" : [
      0.11266737431287766,
      0.038249671459198,
      0.07850176095962524
    ]
  },
  {
    "timestamp" : 1251232111794,
    "gravity" : [
      -0.0943329930305481,
      -0.9897850155830383,
      -0.10689619928598404
    ],
    "rotationMatrix" : [
      -0.9464681148529053,
      0.055868878960609436,
      0.3179253935813904,
      0.3087056279182434,
      -0.13116455078125,
      0.9420703053474426,
      0.0943329855799675,
      0.9897850155830383,
      0.10689615458250046
    ],
    "userAcceleration" : [
      0.0902283787727356,
      0.0706719160079956,
      0.029488325119018555
    ]
  },
  {
    "timestamp" : 1251232121849,
    "gravity" : [
      -0.09531638771295547,
      -0.9898669719696045,
      -0.10525323450565338
    ],
    "rotationMatrix" : [
      -0.943507194519043,
      0.05612857639789581,
      0.3265635073184967,
      0.3173466920852661,
      -0.13043402135372162,
      0.9392966032028198,
      0.09531638026237488,
      0.9898669719696045,
      0.10525323450565338
    ],
    "userAcceleration" : [
      0.07615134865045547,
      0.08134335279464722,
      -0.007387235760688782
    ]
  },
  {
    "timestamp" : 1251232131903,
    "gravity" : [
      -0.09655728191137314,
      -0.9899795055389404,
      -0.10303999483585358
    ],
    "rotationMatrix" : [
      -0.9407558441162109,
      0.056964948773384094,
      0.3342652916908264,
      0.3250461220741272,
      -0.1292111724615097,
      0.9368294477462769,
      0.09655727446079254,
      0.9899795055389404,
      0.10303999483585358
    ],
    "userAcceleration" : [
      0.08462491631507874,
      0.06540369987487793,
      -0.031481578946113586
    ]
  },
  {
    "timestamp" : 1251232141958,
    "gravity" : [
      -0.09789697825908661,
      -0.9901460409164429,
      -0.10013481974601746
    ],
    "rotationMatrix" : [
      -0.9382569789886475,
      0.05828142166137695,
      0.34099429845809937,
      0.33179816603660583,
      -0.1273345649242401,
      0.934717059135437,
      0.0978969857096672,
      0.9901460409164429,
      0.10013487935066223
    ],
    "userAcceleration" : [
      0.0801510140299797,
      0.033282697200775146,
      -0.029626011848449707
    ]
  },
  {
    "timestamp" : 1251232152013,
    "gravity" : [
      -0.09918804466724396,
      -0.9903783202171326,
      -0.09650152921676636
    ],
    "rotationMatrix" : [
      -0.9358016848564148,
      0.05987122654914856,
      0.34740573167800903,
      0.3382854163646698,
      -0.1247648149728775,
      0.9327361583709717,
      0.09918804466724396,
      0.9903782606124878,
      0.09650151431560516
    ],
    "userAcceleration" : [
      0.07568953186273575,
      -0.00017642974853515625,
      -0.012095391750335693
    ]
  },
  {
    "timestamp" : 1251232162067,
    "gravity" : [
      -0.1002492904663086,
      -0.9906786680221558,
      -0.0922275111079216
    ],
    "rotationMatrix" : [
      -0.9330558180809021,
      0.06142066419124603,
      0.3544495701789856,
      0.34548091888427734,
      -0.12158679962158203,
      0.9305158257484436,
      0.1002492904663086,
      0.9906787276268005,
      0.0922275185585022
    ],
    "userAcceleration" : [
      0.0618734285235405,
      -0.02598392963409424,
      0.011615268886089325
    ]
  },
  {
    "timestamp" : 1251232172122,
    "gravity" : [
      -0.10078451037406921,
      -0.9910404682159424,
      -0.08764073252677917
    ],
    "rotationMatrix" : [
      -0.9300380349159241,
      0.06255954504013062,
      0.3620976209640503,
      0.353370726108551,
      -0.11800263822078705,
      0.9280107617378235,
      0.10078451037406921,
      0.9910404086112976,
      0.08764071762561798
    ],
    "userAcceleration" : [
      0.0184175968170166,
      -0.02463012933731079,
      0.03077114373445511
    ]
  },
  {
    "timestamp" : 1251232182177,
    "gravity" : [
      -0.10074494034051895,
      -0.99142986536026,
      -0.08316752314567566
    ],
    "rotationMatrix" : [
      -0.9273298978805542,
      0.06328964233398438,
      0.3688536286354065,
      0.36042895913124084,
      -0.11428351700305939,
      0.9257590770721436,
      0.10074494779109955,
      0.9914299249649048,
      0.08316747844219208
    ],
    "userAcceleration" : [
      -0.009591333568096161,
      -0.010721385478973389,
      0.03891696035861969
    ]
  },
  {
    "timestamp" : 1251232192231,
    "gravity" : [
      -0.10025157034397125,
      -0.9918167591094971,
      -0.07904890179634094
    ],
    "rotationMatrix" : [
      -0.9254966378211975,
      0.06379218399524689,
      0.37334394454956055,
      0.3652461767196655,
      -0.1105874702334404,
      0.9243188500404358,
      0.10025158524513245,
      0.9918168187141418,
      0.07904893904924393
    ],
    "userAcceleration" : [
      0.002137601375579834,
      -0.026600360870361328,
      0.05721355229616165
    ]
  },
  {
    "timestamp" : 1251232202286,
    "gravity" : [
      -0.09923852980136871,
      -0.992193877696991,
      -0.07551735639572144
    ],
    "rotationMatrix" : [
      -0.9246287941932678,
      0.06390318274497986,
      0.37547001242637634,
      0.3677132725715637,
      -0.10708646476268768,
      0.9237527847290039,
      0.09923851490020752,
      0.9921938180923462,
      0.07551731169223785
    ],
    "userAcceleration" : [
      0.031443752348423004,
      -0.08362692594528198,
      0.10701144486665726
    ]
  },
  {
    "timestamp" : 1251232212340,
    "gravity" : [
      -0.09754741191864014,
      -0.9925649762153625,
      -0.0727957934141159
    ],
    "rotationMatrix" : [
      -0.9240832924842834,
      0.06317242980003357,
      0.37693387269973755,
      0.36953267455101013,
      -0.10403823852539062,
      0.923375129699707,
      0.09754742681980133,
      0.9925650358200073,
      0.0727958083152771
    ],
    "userAcceleration" : [
      0.06922710686922073,
      -0.15504848957061768,
      0.17013150453567505
    ]
  },
  {
    "timestamp" : 1251232222395,
    "gravity" : [
      -0.09510144591331482,
      -0.9929185509681702,
      -0.07119172811508179
    ],
    "rotationMatrix" : [
      -0.9230576157569885,
      0.06118135154247284,
      0.3797641396522522,
      0.37271928787231445,
      -0.10182993859052658,
      0.9223397970199585,
      0.09510144591331482,
      0.9929184913635254,
      0.07119179517030716
    ],
    "userAcceleration" : [
      0.08318436145782471,
      -0.18335086107254028,
      0.214807391166687
    ]
  },
  {
    "timestamp" : 1251232232450,
    "gravity" : [
      -0.09199678152799606,
      -0.9932054281234741,
      -0.07126938551664352
    ],
    "rotationMatrix" : [
      -0.9203205704689026,
      0.05748176574707031,
      0.3869178295135498,
      0.38019222021102905,
      -0.1011856347322464,
      0.9193557500839233,
      0.09199677407741547,
      0.9932054281234741,
      0.07126937806606293
    ],
    "userAcceleration" : [
      0.059083595871925354,
      -0.17668581008911133,
      0.23357701301574707
    ]
  },
  {
    "timestamp" : 1251232242504,
    "gravity" : [
      -0.08877875655889511,
      -0.9933340549468994,
      -0.07352252304553986
    ],
    "rotationMatrix" : [
      -0.9154719114303589,
      0.05228984355926514,
      0.39896926283836365,
      0.3924653232097626,
      -0.10272758454084396,
      0.9140118956565857,
      0.08877876400947571,
      0.9933341145515442,
      0.07352251559495926
    ],
    "userAcceleration" : [
      0.0337708443403244,
      -0.14973223209381104,
      0.1966761350631714
    ]
  },
  {
    "timestamp" : 1251232252559,
    "gravity" : [
      -0.08593080192804337,
      -0.9932610988616943,
      -0.07777070254087448
    ],
    "rotationMatrix" : [
      -0.908991813659668,
      0.04620563983917236,
      0.41424500942230225,
      0.4078599810600281,
      -0.10628937184810638,
      0.906836748123169,
      0.08593082427978516,
      0.9932610988616943,
      0.07777072489261627
    ],
    "userAcceleration" : [
      0.002312667667865753,
      -0.10778254270553589,
      0.06441915035247803
    ]
  },
  {
    "timestamp" : 1251232262614,
    "gravity" : [
      -0.08353060483932495,
      -0.9930616021156311,
      -0.08277086913585663
    ],
    "rotationMatrix" : [
      -0.9020082354545593,
      0.04004359245300293,
      0.42985689640045166,
      0.4235599935054779,
      -0.1105659008026123,
      0.8990949392318726,
      0.08353060483932495,
      0.9930615425109863,
      0.08277088403701782
    ],
    "userAcceleration" : [
      -0.051463864743709564,
      -0.050044357776641846,
      -0.11736344546079636
    ]
  },
  {
    "timestamp" : 1251232272668,
    "gravity" : [
      -0.08110154420137405,
      -0.9929003119468689,
      -0.0870148092508316
    ],
    "rotationMatrix" : [
      -0.8958322405815125,
      0.03434409201145172,
      0.44306349754333496,
      0.4369294047355652,
      -0.11388389021158218,
      0.8922573924064636,
      0.08110155165195465,
      0.9929003119468689,
      0.0870148167014122
    ],
    "userAcceleration" : [
      -0.11042676866054535,
      -0.0010724067687988281,
      -0.28380435705184937
    ]
  },
  {
    "timestamp" : 1251232282723,
    "gravity" : [
      -0.07824189960956573,
      -0.9929301142692566,
      -0.08926406502723694
    ],
    "rotationMatrix" : [
      -0.8916205763816833,
      0.0296410471200943,
      0.45181214809417725,
      0.4459719657897949,
      -0.11494032293558121,
      0.8876360654830933,
      0.07824188470840454,
      0.9929300546646118,
      0.08926405757665634
    ],
    "userAcceleration" : [
      -0.14360561966896057,
      0.017313599586486816,
      -0.4016112685203552
    ]
  },
  {
    "timestamp" : 1251232292777,
    "gravity" : [
      -0.0746084675192833,
      -0.9932458996772766,
      -0.08885923027992249
    ],
    "rotationMatrix" : [
      -0.890061616897583,
      0.02614384889602661,
      0.4550895392894745,
      0.4496927559375763,
      -0.11304361373186111,
      0.8860007524490356,
      0.07460847496986389,
      0.9932459592819214,
      0.08885925263166428
    ],
    "userAcceleration" : [
      -0.1424630582332611,
      0.001989305019378662,
      -0.4450306296348572
    ]
  },
  {
    "timestamp" : 1251232302832,
    "gravity" : [
      -0.0700598806142807,
      -0.9938532114028931,
      -0.08571551740169525
    ],
    "rotationMatrix" : [
      -0.8909497261047363,
      0.023695051670074463,
      0.4534827470779419,
      0.4486643075942993,
      -0.10813886672258377,
      0.8871335983276367,
      0.0700598955154419,
      0.9938532114028931,
      0.08571546524763107
    ],
    "userAcceleration" : [
      -0.1393517106771469,
