[
  {
    "userAcceleration" : [
      -0.08294524997472763,
      -0.04915851354598999,
      0.03558048605918884
    ],
    "gravity" : [
      -0.00038301185122691095,
      -0.9908040165901184,
      0.1353025734424591
    ],
    "rotationMatrix" : [
      0.7404163479804993,
      -0.09122458100318909,
      -0.6659291386604309,
      -0.6721483469009399,
      -0.09992515295743942,
      -0.7336423993110657,
      0.00038301944732666016,
      0.9908040165901184,
      -0.1353026032447815
    ],
    "timestamp" : 1251050579777
  },
  {
    "userAcceleration" : [
      -0.04947114363312721,
      -0.04382246732711792,
      0.023280739784240723
    ],
    "gravity" : [
      -0.0004403655184432864,
      -0.9918982982635498,
      0.1270335167646408
    ],
    "rotationMatrix" : [
      0.7414667010307312,
      -0.0855620801448822,
      -0.665511965751648,
      -0.6709895133972168,
      -0.09389804303646088,
      -0.735497236251831,
      0.00044038891792297363,
      0.9918982982635498,
      -0.127033531665802
    ],
    "timestamp" : 1251050589829
  },
  {
    "userAcceleration" : [
      -0.019607359543442726,
      -0.034304916858673096,
      0.016096964478492737
    ],
    "gravity" : [
      -0.0006257988279685378,
      -0.9928862452507019,
      0.11906525492668152
    ],
    "rotationMatrix" : [
      0.7424517273902893,
      -0.08022305369377136,
      -0.6650787591934204,
      -0.6698993444442749,
      -0.08798404037952423,
      -0.737220287322998,
      0.0006257891654968262,
      0.9928863048553467,
      -0.1190652847290039
    ],
    "timestamp" : 1251050599882
  },
  {
    "userAcceleration" : [
      -0.009558412246406078,
      -0.026545703411102295,
      0.01769375056028366
    ],
    "gravity" : [
      -0.0009548970265313983,
      -0.9937635660171509,
      0.1115022748708725
    ],
    "rotationMatrix" : [
      0.7432376742362976,
      -0.07530343532562256,
      -0.6647759675979614,
      -0.6690267324447632,
      -0.08223789185285568,
      -0.7386744618415833,
      0.0009548664093017578,
      0.9937636256217957,
      -0.11150228977203369
    ],
    "timestamp" : 1251050609935
  },
  {
    "userAcceleration" : [
      -0.027821440249681473,
      -0.023890197277069092,
      0.0269930362701416
    ],
    "gravity" : [
      -0.0013991640880703926,
      -0.9945423603057861,
      0.10432395339012146
    ],
    "rotationMatrix" : [
      0.7437127828598022,
      -0.07077541947364807,
      -0.664742112159729,
      -0.6684978008270264,
      -0.07665695250034332,
      -0.7397528886795044,
      0.0013991594314575195,
      0.9945423603057861,
      -0.10432393848896027
    ],
    "timestamp" : 1251050619987
  },
  {
    "userAcceleration" : [
      -0.06631521135568619,
      -0.029828965663909912,
      0.03601251542568207
    ],
    "gravity" : [
      -0.001800048747099936,
      -0.9952410459518433,
      0.09742548316717148
    ],
    "rotationMatrix" : [
      0.7439011335372925,
      -0.06644117832183838,
      -0.6649786233901978,
      -0.6682872176170349,
      -0.07127793878316879,
      -0.7404805421829224,
      0.0018000304698944092,
      0.9952410459518433,
      -0.09742552042007446
    ],
    "timestamp" : 1251050630040
  },
  {
    "userAcceleration" : [
      -0.09983954578638077,
      -0.03703761100769043,
      0.04088413715362549
    ],
    "gravity" : [
      -0.0019823750481009483,
      -0.9958754777908325,
      0.09070755541324615
    ],
    "rotationMatrix" : [
      0.7439943552017212,
      -0.062078386545181274,
      -0.6652958989143372,
      -0.6681829690933228,
      -0.06616698950529099,
      -0.7410488128662109,
      0.001982390880584717,
      0.9958754777908325,
      -0.09070754051208496
    ],
    "timestamp" : 1251050640093
  },
  {
    "userAcceleration" : [
      -0.107704296708107,
      -0.04701441526412964,
      0.04631340503692627
    ],
    "gravity" : [
      -0.0018995791906490922,
      -0.9964577555656433,
      0.08407287299633026
    ],
    "rotationMatrix" : [
      0.7439423203468323,
      -0.057589322328567505,
      -0.6657576560974121,
      -0.6682411432266235,
      -0.06128072738647461,
      -0.7414165139198303,
      0.0018995404243469238,
      0.9964577555656433,
      -0.08407288789749146
    ],
    "timestamp" : 1251050650145
  },
  {
    "userAcceleration" : [
      -0.09169267117977142,
      -0.05162167549133301,
      0.0468827486038208
    ],
    "gravity" : [
      -0.0016758688725531101,
      -0.9969927072525024,
      0.07747623324394226
    ],
    "rotationMatrix" : [
      0.7437725067138672,
      -0.05303040146827698,
      -0.6663259267807007,
      -0.6684306859970093,
      -0.05650804936885834,
      -0.741624653339386,
      0.0016758739948272705,
      0.9969927668571472,
      -0.07747627794742584
    ],
    "timestamp" : 1251050660198
  },
  {
    "userAcceleration" : [
      -0.06800486147403717,
      -0.04887843132019043,
      0.03737305849790573
    ],
    "gravity" : [
      -0.001483688480220735,
      -0.997477650642395,
      0.07096421718597412
    ],
    "rotationMatrix" : [
      0.7435004711151123,
      -0.04855671525001526,
      -0.6669701933860779,
      -0.6687337160110474,
      -0.05177228897809982,
      -0.7416970729827881,
      0.0014836788177490234,
      0.997477650642395,
      -0.07096418738365173
    ],
    "timestamp" : 1251050670251
  },
  {
    "userAcceleration" : [
      -0.06032354384660721,
      -0.039936721324920654,
      0.03210722655057907
    ],
    "gravity" : [
      -0.0014135196106508374,
      -0.997904896736145,
      0.0646790936589241
    ],
    "rotationMatrix" : [
      0.7430240511894226,
      -0.04433569312095642,
      -0.6677945256233215,
      -0.6692631244659424,
      -0.04711412638425827,
      -0.7415299415588379,
      0.0014135241508483887,
      0.997904896736145,
      -0.0646791011095047
    ],
    "timestamp" : 1251050680304
  },
  {
    "userAcceleration" : [
      -0.0709211453795433,
      -0.03222888708114624,
      0.03344118595123291
    ],
    "gravity" : [
      -0.001405527931638062,
      -0.9982733130455017,
      0.05872175842523575
    ],
    "rotationMatrix" : [
      0.7421225309371948,
      -0.04040044546127319,
      -0.6690455079078674,
      -0.6702626943588257,
      -0.042638324201107025,
      -0.7408978939056396,
      0.0014055371284484863,
      0.9982732534408569,
      -0.05872173607349396
    ],
    "timestamp" : 1251050690356
  },
  {
    "userAcceleration" : [
      -0.09175236523151398,
      -0.025397539138793945,
      0.03609132766723633
    ],
    "gravity" : [
      -0.0014178096316754818,
      -0.9985891580581665,
      0.0530809722840786
    ],
    "rotationMatrix" : [
      0.7407692074775696,
      -0.03670644760131836,
      -0.6707559823989868,
      -0.6717581152915955,
      -0.03836970031261444,
      -0.7397761344909668,
      0.0014178156852722168,
      0.9985891580581665,
      -0.053080931305885315
    ],
    "timestamp" : 1251050700409
  },
  {
    "userAcceleration" : [
      -0.11163829267024994,
      -0.01853358745574951,
      0.03457605838775635
    ],
    "gravity" : [
      -0.00145987409632653,
      -0.9988613128662109,
      0.047683946788311005
    ],
    "rotationMatrix" : [
      0.739042341709137,
      -0.03320041298866272,
      -0.6728403568267822,
      -0.6736574172973633,
      -0.03425813466310501,
      -0.7382493019104004,
      0.0014598667621612549,
      0.9988613128662109,
      -0.04768390953540802
    ],
    "timestamp" : 1251050710462
  },
  {
    "userAcceleration" : [
      -0.11897142976522446,
      -0.015489578247070312,
      0.03290783613920212
    ],
    "gravity" : [
      -0.001557756564579904,
      -0.9990975856781006,
      0.04243987798690796
    ],
    "rotationMatrix" : [
      0.7371435761451721,
      -0.029825568199157715,
      -0.675077497959137,
      -0.675734281539917,
      -0.030232593417167664,
      -0.7365247011184692,
      0.001557767391204834,
      0.9990975856781006,
      -0.04243984818458557
    ],
    "timestamp" : 1251050720514
  },
  {
    "userAcceleration" : [
      -0.10937857627868652,
      -0.014677584171295166,
      0.027238845825195312
    ],
    "gravity" : [
      -0.0017969858599826694,
      -0.9992993474006653,
      0.03738199174404144
    ],
    "rotationMatrix" : [
      0.7350961565971375,
      -0.026663661003112793,
      -0.6774382591247559,
      -0.6779604554176331,
      -0.026261985301971436,
      -0.7346289753913879,
      0.0017969906330108643,
      0.9992993474006653,
      -0.03738199174404144
    ],
    "timestamp" : 1251050730567
  },
  {
    "userAcceleration" : [
      -0.09454697370529175,
      -0.017590463161468506,
      0.026215672492980957
    ],
    "gravity" : [
      -0.0022090342827141285,
      -0.9994688034057617,
      0.03251522406935692
    ],
    "rotationMatrix" : [
      0.7329355478286743,
      -0.02373829483985901,
      -0.6798838376998901,
      -0.6802945137023926,
      -0.022329658269882202,
      -0.732598602771759,
      0.0022090673446655273,
      0.9994687438011169,
      -0.03251522779464722
    ],
    "timestamp" : 1251050740620
  },
  {
    "userAcceleration" : [
      -0.08434008806943893,
      -0.014492392539978027,
      0.02749181166291237
    ],
    "gravity" : [
      -0.002833381062373519,
      -0.999606728553772,
      0.02789751999080181
    ],
    "rotationMatrix" : [
      0.7303438186645508,
      -0.02112478017807007,
      -0.6827529668807983,
      -0.6830738186836243,
      -0.01844029128551483,
      -0.7301164865493774,
      0.0028333663940429688,
      0.999606728553772,
      -0.027897536754608154
    ],
    "timestamp" : 1251050750673
  },
  {
    "userAcceleration" : [
      -0.0801822617650032,
      -0.00289154052734375,
      0.031777262687683105
    ],
    "gravity" : [
      -0.003680021036416292,
      -0.9997175931930542,
      0.023474641144275665
    ],
    "rotationMatrix" : [
      0.7270915508270264,
      -0.0187913179397583,
      -0.6862832903862,
      -0.6865306496620178,
      -0.014542654156684875,
      -0.7269552946090698,
      0.003679990768432617,
      0.9997175931930542,
      -0.02347463369369507
    ],
    "timestamp" : 1251050760725
  },
  {
    "userAcceleration" : [
      -0.08313345164060593,
      0.0044296979904174805,
      0.0410231351852417
    ],
    "gravity" : [
      -0.0047114212065935135,
      -0.9998061656951904,
      0.019111713394522667
    ],
    "rotationMatrix" : [
      0.7232917547225952,
      -0.01660466194152832,
      -0.690342903137207,
      -0.6905264854431152,
      -0.010570764541625977,
      -0.723229706287384,
      0.004711449146270752,
      0.9998061060905457,
      -0.019111663103103638
    ],
    "timestamp" : 1251050770778
  },
  {
    "userAcceleration" : [
      -0.09929881244897842,
      0.010952115058898926,
      0.04649686440825462
    ],
    "gravity" : [
      -0.005788506008684635,
      -0.9998739957809448,
      0.014767058193683624
    ],
    "rotationMatrix" : [
      0.718896746635437,
      -0.014425933361053467,
      -0.6949670314788818,
      -0.6950926780700684,
      -0.006593108177185059,
      -0.718889594078064,
      0.005788475275039673,
      0.9998739957809448,
      -0.014767050743103027
    ],
    "timestamp" : 1251050780831
  },
  {
    "userAcceleration" : [
      -0.11862371861934662,
      0.018904387950897217,
      0.04137611389160156
    ],
    "gravity" : [
      -0.0067882840521633625,
      -0.9999222159385681,
      0.010442567057907581
    ],
    "rotationMatrix" : [
      0.7144314050674438,
      -0.012156456708908081,
      -0.6995998024940491,
      -0.6996724605560303,
      -0.0027112960815429688,
      -0.7144582867622375,
      0.006788313388824463,
      0.9999222159385681,
      -0.01044251024723053
    ],
    "timestamp" : 1251050790884
  },
  {
    "userAcceleration" : [
      -0.12610776722431183,
      0.024305522441864014,
      0.041324615478515625
    ],
    "gravity" : [
      -0.007604997605085373,
      -0.9999523162841797,
      0.006099552381783724
    ],
    "rotationMatrix" : [
      0.7102480530738831,
      -0.009695351123809814,
      -0.7038846611976624,
      -0.7039103507995605,
      0.0010209083557128906,
      -0.7102879285812378,
      0.00760495662689209,
      0.9999523162841797,
      -0.006099522113800049
    ],
    "timestamp" : 1251050800936
  },
  {
    "userAcceleration" : [
      -0.12262888997793198,
      0.02036607265472412,
      0.057169556617736816
    ],
    "gravity" : [
      -0.00821524579077959,
      -0.9999648928642273,
      0.0015614604344591498
    ],
    "rotationMatrix" : [
      0.7063964605331421,
      -0.006908714771270752,
      -0.7077826261520386,
      -0.7077686786651611,
      0.00471159815788269,
      -0.7064284086227417,
      0.008215248584747314,
      0.9999649524688721,
      -0.001561492681503296
    ],
    "timestamp" : 1251050810989
  },
  {
    "userAcceleration" : [
      -0.10980293899774551,
      0.020235717296600342,
      0.0714491605758667
    ],
    "gravity" : [
      -0.008681580424308777,
      -0.9999565482139587,
      -0.0033340435475111008
    ],
    "rotationMatrix" : [
      0.7028104662895203,
      -0.0037300586700439453,
      -0.7113672494888306,
      -0.7113240957260132,
      0.008519008755683899,
      -0.7028122544288635,
      0.008681565523147583,
      0.9999565482139587,
      0.0033340156078338623
    ],
    "timestamp" : 1251050821042
  },
  {
    "userAcceleration" : [
      -0.09714473783969879,
      0.022519230842590332,
      0.07379555702209473
    ],
    "gravity" : [
      -0.009147963486611843,
      -0.9999207258224487,
      -0.008625390008091927
    ],
    "rotationMatrix" : [
      0.6992644667625427,
      -0.00023102760314941406,
      -0.7148629426956177,
      -0.7148044109344482,
      0.01257103681564331,
      -0.6992111206054688,
      0.009147971868515015,
      0.9999207258224487,
      0.008625403046607971
    ],
    "timestamp" : 1251050831094
  },
  {
    "userAcceleration" : [
      -0.09665355086326599,
      0.021137654781341553,
      0.06478112936019897
    ],
    "gravity" : [
      -0.009669718332588673,
      -0.9998515844345093,
      -0.0142593402415514
    ],
    "rotationMatrix" : [
      0.6956512331962585,
      0.003517240285873413,
      -0.7183710336685181,
      -0.718314528465271,
      0.016866013407707214,
      -0.6955139636993408,
      0.009669721126556396,
      0.9998515844345093,
      0.014259368181228638
    ],
    "timestamp" : 1251050841147
  },
  {
    "userAcceleration" : [
      -0.10161644220352173,
      0.018391788005828857,
      0.045686542987823486
    ],
    "gravity" : [
      -0.010276281274855137,
      -0.9997454881668091,
      -0.02008235454559326
    ],
    "rotationMatrix" : [
      0.6920305490493774,
      0.007386386394500732,
      -0.7218304872512817,
      -0.7217950820922852,
      0.021315395832061768,
      -0.6917784214019775,
      0.01027628779411316,
      0.9997454881668091,
      0.020082399249076843
    ],
    "timestamp" : 1251050851200
  },
  {
    "userAcceleration" : [
      -0.10482347756624222,
      0.009067058563232422,
      0.0232622642070055
    ],
    "gravity" : [
      -0.010975501500070095,
      -0.9996064305305481,
      -0.02581062726676464
    ],
    "rotationMatrix" : [
      0.6884072422981262,
      0.011167526245117188,
      -0.7252383828163147,
      -0.7252413034439087,
      0.02572806179523468,
      -0.6880137920379639,
      0.010975480079650879,
      0.9996064901351929,
      0.025810569524765015
    ],
    "timestamp" : 1251050861253
  },
  {
    "userAcceleration" : [
      -0.0925082340836525,
      -0.024591505527496338,
      0.009456638246774673
    ],
    "gravity" : [
      -0.012044972740113735,
      -0.9994409084320068,
      -0.031185239553451538
    ],
    "rotationMatrix" : [
      0.6847422122955322,
      0.014483153820037842,
      -0.7286413908004761,
      -0.728685736656189,
      0.03013034164905548,
      -0.6841849088668823,
      0.0120449960231781,
      0.9994409084320068,
      0.03118520975112915
    ],
    "timestamp" : 1251050871305
  },
  {
    "userAcceleration" : [
      -0.08367280662059784,
      -0.012523293495178223,
      0.013859633356332779
    ],
    "gravity" : [
      -0.013022138737142086,
      -0.9992563128471375,
      -0.03629011660814285
    ],
    "rotationMatrix" : [
      0.6808108687400818,
      0.01772075891494751,
      -0.7322447896003723,
      -0.7323434352874756,
      0.03424215316772461,
      -0.6800737977027893,
      0.013022124767303467,
      0.9992563128471375,
      0.03629012405872345
    ],
    "timestamp" : 1251050881358
  },
  {
    "userAcceleration" : [
      -0.14128683507442474,
      0.010016083717346191,
      0.029670659452676773
    ],
    "gravity" : [
      -0.013345729559659958,
      -0.9990600943565369,
      -0.04123690724372864
    ],
    "rotationMatrix" : [
      0.6768108606338501,
      0.021331489086151123,
      -0.7358477711677551,
      -0.7360358834266663,
      0.03773006796836853,
      -0.6758899688720703,
      0.013345718383789062,
      0.9990601539611816,
      0.04123690724372864
    ],
    "timestamp" : 1251050891411
  },
  {
    "userAcceleration" : [
      -0.13316786289215088,
      -0.015321433544158936,
      0.01340562105178833
    ],
    "gravity" : [
      -0.013224980793893337,
      -0.998853862285614,
      -0.04599850997328758
    ],
    "rotationMatrix" : [
      0.6729404330253601,
      0.025134414434432983,
      -0.739269495010376,
      -0.739578366279602,
      0.04073108732700348,
      -0.6718367338180542,
      0.013225018978118896,
      0.9988539218902588,
      0.04599848389625549
    ],
    "timestamp" : 1251050901463
  },
  {
    "userAcceleration" : [
      -0.12484116852283478,
      -0.01851058006286621,
      0.010035090148448944
    ],
    "gravity" : [
      -0.012869392521679401,
      -0.9986402988433838,
      -0.05051672086119652
    ],
    "rotationMatrix" : [
      0.6690566539764404,
      0.028945118188858032,
      -0.7426475286483765,
      -0.7430999279022217,
      0.043355971574783325,
      -0.6677744388580322,
      0.012869417667388916,
      0.9986402988433838,
      0.050516724586486816
    ],
    "timestamp" : 1251050911516
  },
  {
    "userAcceleration" : [
      -0.12681445479393005,
      -0.017047464847564697,
      0.015308737754821777
    ],
    "gravity" : [
      -0.012376227416098118,
      -0.9984248280525208,
      -0.05472227558493614
    ],
    "rotationMatrix" : [
      0.6648291945457458,
      0.032661497592926025,
      -0.7462810277938843,
      -0.7468928694725037,
      0.04561716318130493,
      -0.6633777022361755,
      0.012376219034194946,
      0.9984248280525208,
      0.054722294211387634
    ],
    "timestamp" : 1251050921569
  },
  {
    "userAcceleration" : [
      -0.10874786227941513,
      -0.017947793006896973,
      0.009672820568084717
    ],
    "gravity" : [
      -0.011888151988387108,
      -0.998211145401001,
      -0.058592602610588074
    ],
    "rotationMatrix" : [
      0.6600816249847412,
      0.03618091344833374,
      -0.7503219842910767,
      -0.7510997653007507,
      0.047595903277397156,
      -0.6584707498550415,
      0.011888116598129272,
      0.998211145401001,
      0.05859266221523285
    ],
    "timestamp" : 1251050931622
  },
  {
    "userAcceleration" : [
      -0.06005348265171051,
      -0.01728081703186035,
      -0.010206170380115509
    ],
    "gravity" : [
      -0.011464455164968967,
      -0.9980084896087646,
      -0.062029048800468445
    ],
    "rotationMatrix" : [
      0.6553065180778503,
      0.03935644030570984,
      -0.7543370723724365,
      -0.755276083946228,
      0.04929612576961517,
      -0.6535502076148987,
      0.011464446783065796,
      0.9980084300041199,
      0.06202906370162964
    ],
    "timestamp" : 1251050941674
  },
  {
    "userAcceleration" : [
      -0.06783126294612885,
      -0.028834640979766846,
      0.0014755800366401672
    ],
    "gravity" : [
      -0.011056692339479923,
      -0.9978070855140686,
      -0.06525743752717972
    ],
    "rotationMatrix" : [
      0.6506717205047607,
      0.042375147342681885,
      -0.7581757307052612,
      -0.7592785358428955,
      0.05084417760372162,
      -0.6487761735916138,
      0.011056691408157349,
      0.9978070259094238,
      0.0652574747800827
    ],
    "timestamp" : 1251050951727
  },
  {
    "userAcceleration" : [
      -0.094865582883358,
      -0.0485568642616272,
      0.02426993101835251
    ],
    "gravity" : [
      -0.010633682832121849,
      -0.9975857734680176,
      -0.06862729787826538
    ],
    "rotationMatrix" : [
      0.6459798812866211,
      0.045534491539001465,
      -0.7619951963424683,
      -0.7632803916931152,
      0.05243462324142456,
      -0.6439361572265625,
      0.010633677244186401,
      0.9975857734680176,
      0.06862728297710419
    ],
    "timestamp" : 1251050961780
  },
  {
    "userAcceleration" : [
      -0.1059795543551445,
      -0.06034916639328003,
      0.03238070756196976
    ],
    "gravity" : [
      -0.010170357301831245,
      -0.9973289370536804,
      -0.07232827693223953
    ],
    "rotationMatrix" : [
      0.6413118839263916,
      0.04899120330810547,
      -0.7657145261764526,
      -0.7672128081321716,
      0.054172664880752563,
      -0.6391005516052246,
      0.01017037034034729,
      0.9973288774490356,
      0.07232831418514252
    ],
    "timestamp" : 1251050971832
  },
  {
    "userAcceleration" : [
      -0.09625066071748734,
      -0.05747401714324951,
      0.030979685485363007
    ],
    "gravity" : [
      -0.00963007565587759,
      -0.9970303773880005,
      -0.07640521973371506
    ],
    "rotationMatrix" : [
      0.6368144750595093,
      0.05279570817947388,
      -0.7692073583602905,
      -0.7709569334983826,
      0.05606342852115631,
      -0.6344150304794312,
      0.009630084037780762,
      0.9970303773880005,
      0.07640516757965088
    ],
    "timestamp" : 1251050981885
  },
  {
    "userAcceleration" : [
      -0.08452440053224564,
      -0.04937541484832764,
      0.032486848533153534
    ],
    "gravity" : [
      -0.009042511694133282,
      -0.9966908693313599,
      -0.08078102022409439
    ],
    "rotationMatrix" : [
      0.6323776841163635,
      0.05687892436981201,
      -0.7725692987442017,
      -0.7746074795722961,
      0.058070018887519836,
      -0.629770815372467,
      0.009042471647262573,
      0.9966909289360046,
      0.08078096807003021
    ],
    "timestamp" : 1251050991938
  },
  {
    "userAcceleration" : [
      -0.07856534421443939,
      -0.04387950897216797,
      0.028480105102062225
    ],
    "gravity" : [
      -0.008501306176185608,
      -0.996312141418457,
      -0.0853802040219307
    ],
    "rotationMatrix" : [
      0.6279944777488708,
      0.061125725507736206,
      -0.7758134603500366,
      -0.7781713008880615,
      0.06021372973918915,
      -0.6251589059829712,
      0.008501321077346802,
      0.996312141418457,
      0.0853801965713501
    ],
    "timestamp" : 1251051001991
  },
  {
    "userAcceleration" : [
      -0.07005501538515091,
      -0.040750861167907715,
      0.015247642993927002
    ],
    "gravity" : [
      -0.00807000882923603,
      -0.9959006905555725,
      -0.09009212255477905
    ],
    "rotationMatrix" : [
      0.6235286593437195,
      0.06542328000068665,
      -0.7790582180023193,
      -0.7817587852478027,
      0.062462061643600464,
      -0.6204445958137512,
      0.0080699622631073,
      0.9959006905555725,
      0.09009215235710144
    ],
    "timestamp" : 1251051012043
  },
  {
    "userAcceleration" : [
      -0.06826593726873398,
      -0.03974670171737671,
      0.0005146116018295288
    ],
    "gravity" : [
      -0.0075702425092458725,
      -0.9954705834388733,
      -0.09476828575134277
    ],
    "rotationMatrix" : [
      0.6192424893379211,
      0.0697459876537323,
      -0.7820960283279419,
      -0.7851632833480835,
      0.06460520625114441,
      -0.61590975522995,
      0.0075702667236328125,
      0.9954705834388733,
      0.09476827085018158
    ],
    "timestamp" : 1251051022096
  },
  {
    "userAcceleration" : [
      -0.06580737978219986,
      -0.03820091485977173,
      -0.010902993381023407
    ],
    "gravity" : [
      -0.006870238576084375,
      -0.9950326085090637,
      -0.09931132197380066
    ],
    "rotationMatrix" : [
      0.6151569485664368,
      0.07409265637397766,
      -0.7849153280258179,
      -0.788374662399292,
      0.06648458540439606,
      -0.6115921139717102,
      0.006870239973068237,
      0.9950326085090637,
      0.09931126236915588
    ],
    "timestamp" : 1251051032149
  },
  {
    "userAcceleration" : [
      -0.061129894107580185,
      -0.03968435525894165,
      -0.012563228607177734
    ],
    "gravity" : [
      -0.005932487081736326,
      -0.9945867657661438,
      -0.10373930633068085
    ],
    "rotationMatrix" : [
      0.611183762550354,
      0.07850265502929688,
      -0.787585973739624,
      -0.7914664149284363,
      0.06807619333267212,
      -0.6074095368385315,
      0.005932509899139404,
      0.9945867657661438,
      0.10373935103416443
    ],
    "timestamp" : 1251051042202
  },
  {
    "userAcceleration" : [
      -0.05124662443995476,
      -0.04090726375579834,
      -0.018662631511688232
    ],
    "gravity" : [
      -0.004890474025160074,
      -0.9941421151161194,
      -0.10797015577554703
    ],
    "rotationMatrix" : [
      0.6072226166725159,
      0.08283385634422302,
      -0.7902020215988159,
      -0.7945166826248169,
      0.06942641735076904,
      -0.6032604575157166,
      0.004890471696853638,
      0.9941421151161194,
      0.10797017812728882
    ],
    "timestamp" : 1251051052254
  },
  {
    "userAcceleration" : [
      -0.043454624712467194,
      -0.038082778453826904,
      -0.027480363845825195
    ],
    "gravity" : [
      -0.0037713453639298677,
      -0.9937164783477783,
      -0.11186301708221436
    ],
    "rotationMatrix" : [
      0.6030157804489136,
      0.08697670698165894,
      -0.792973518371582,
      -0.7977203130722046,
      0.07044577598571777,
      -0.5988986492156982,
      0.003771364688873291,
      0.9937164783477783,
      0.11186303198337555
    ],
    "timestamp" : 1251051062307
  },
  {
    "userAcceleration" : [
      -0.037997785955667496,
      -0.027671873569488525,
      -0.03878217935562134
    ],
    "gravity" : [
      -0.002636366756632924,
      -0.9933393597602844,
      -0.11519434303045273
    ],
    "rotationMatrix" : [
      0.5985578298568726,
      0.09071239829063416,
      -0.7959269285202026,
      -0.8010752201080322,
      0.07104887068271637,
      -0.5943318605422974,
      0.0026363730430603027,
      0.9933394193649292,
      0.11519433557987213
    ],
    "timestamp" : 1251051072360
  },
  {
    "userAcceleration" : [
      -0.03848619759082794,
      -0.017278552055358887,
      -0.05085773766040802
    ],
    "gravity" : [
      -0.0015376278897747397,
      -0.9930364489555359,
      -0.11779773235321045
    ],
    "rotationMatrix" : [
      0.5940169095993042,
      0.09385573863983154,
      -0.7989586591720581,
      -0.8044511079788208,
      0.07120232284069061,
      -0.5897361636161804,
      0.0015376508235931396,
      0.9930364489555359,
      0.11779771745204926
    ],
    "timestamp" : 1251051082413
  },
  {
    "userAcceleration" : [
      -0.052149347960948944,
      -0.017215728759765625,
      -0.04762148857116699
    ],
    "gravity" : [
      -0.0004629617615137249,
      -0.9928092360496521,
      -0.11970646679401398
    ],
    "rotationMatrix" : [
      0.5892399549484253,
      0.09644696116447449,
      -0.8021808862686157,
      -0.8079578876495361,
      0.07090720534324646,
      -0.5849581956863403,
      0.0004629790782928467,
      0.9928091764450073,
      0.11970645189285278
    ],
    "timestamp" : 1251051092465
  },
  {
    "userAcceleration" : [
      -0.06868132203817368,
      -0.0246770977973938,
      -0.037039272487163544
    ],
    "gravity" : [
      0.0006881565786898136,
      -0.9926414489746094,
      -0.12108761817216873
    ],
    "rotationMatrix" : [
      0.5843685865402222,
      0.09866026043891907,
      -0.8054684400558472,
      -0.8114880323410034,
      0.07020552456378937,
      -0.5801362991333008,
      -0.0006881654262542725,
      0.9926414489746094,
      0.12108758091926575
    ],
    "timestamp" : 1251051102518
  },
  {
    "userAcceleration" : [
      -0.07708607614040375,
      -0.02556002140045166,
      -0.018020331859588623
    ],
    "gravity" : [
      0.0019517733016982675,
      -0.9925063252449036,
      -0.12217748910188675
    ],
    "rotationMatrix" : [
      0.5796395540237427,
      0.10068204998970032,
      -0.8086291551589966,
      -0.8148705959320068,
      0.06924067437648773,
      -0.5754923820495605,
      -0.001951754093170166,
      0.9925062656402588,
      0.12217749655246735
    ],
    "timestamp" : 1251051112571
  },
  {
    "userAcceleration" : [
      -0.07339397817850113,
      -0.020294606685638428,
      0.010076940059661865
    ],
    "gravity" : [
      0.003264573635533452,
      -0.9923548698425293,
      -0.12337351590394974
    ],
    "rotationMatrix" : [
      0.5749669075012207,
      0.10280418395996094,
      -0.8116922378540039,
      -0.8181700706481934,
      0.06828594207763672,
      -0.5709067583084106,
      -0.0032645761966705322,
      0.9923548698425293,
      0.12337353825569153
    ],
    "timestamp" : 1251051122623
  },
  {
    "userAcceleration" : [
      -0.0716906189918518,
      -0.016385555267333984,
      0.03344839811325073
    ],
    "gravity" : [
      0.0045977006666362286,
      -0.9921440482139587,
      -0.1250164955854416
    ],
    "rotationMatrix" : [
      0.5706261396408081,
      0.10526838898658752,
      -0.8144350051879883,
      -0.8211971521377563,
      0.06759311258792877,
      -0.5666273236274719,
      -0.004597693681716919,
      0.9921440482139587,
      0.125016450881958
    ],
    "timestamp" : 1251051132676
  },
  {
    "userAcceleration" : [
      -0.08168338984251022,
      -0.01289987564086914,
      0.04886035621166229
    ],
    "gravity" : [
      0.005953999701887369,
      -0.9918456673622131,
      -0.12730592489242554
    ],
    "rotationMatrix" : [
      0.5666162371635437,
      0.10824501514434814,
      -0.8168408870697021,
      -0.8239603042602539,
      0.06727014482021332,
      -0.5626403093338013,
      -0.005953997373580933,
      0.9918456077575684,
      0.12730593979358673
    ],
    "timestamp" : 1251051142729
  },
  {
    "userAcceleration" : [
      -0.09154360741376877,
      -0.015453577041625977,
      0.0608542263507843
    ],
    "gravity" : [
      0.007406624499708414,
      -0.9914431571960449,
      -0.13032755255699158
    ],
    "rotationMatrix" : [
      0.562911331653595,
      0.1118532121181488,
      -0.8189136385917664,
      -0.826483964920044,
      0.0672975480556488,
      -0.5589230060577393,
      -0.00740659236907959,
      0.9914431571960449,
      0.13032753765583038
    ],
    "timestamp" : 1251051152782
  },
  {
    "userAcceleration" : [
      -0.09123717248439789,
      -0.01734548807144165,
      0.06470538675785065
    ],
    "gravity" : [
      0.008885478600859642,
      -0.9909399151802063,
      -0.13401088118553162
    ],
    "rotationMatrix" : [
      0.5590512156486511,
      0.1160379946231842,
      -0.8209730982780457,
      -0.8290854692459106,
      0.06762427091598511,
      -0.5550171136856079,
      -0.008885502815246582,
      0.9909398555755615,
      0.1340108960866928
    ],
    "timestamp" : 1251051162834
  },
  {
    "userAcceleration" : [
      -0.08564737439155579,
      -0.015518486499786377,
      0.05675484240055084
    ],
    "gravity" : [
      0.010314719751477242,
      -0.9903559684753418,
      -0.1381605565547943
    ],
    "rotationMatrix" : [
      0.5546091794967651,
      0.12063422799110413,
      -0.8233200311660767,
      -0.8320469856262207,
      0.06813287734985352,
      -0.5505046844482422,
      -0.010314732789993286,
      0.9903559684753418,
      0.1381605714559555
    ],
    "timestamp" : 1251051172887
  },
  {
    "userAcceleration" : [
      -0.06318455934524536,
      -0.0114707350730896,
      0.03642471134662628
    ],
    "gravity" : [
      0.01160982996225357,
      -0.9897039532661438,
      -0.14265650510787964
    ],
    "rotationMatrix" : [
      0.5496188402175903,
      0.125497967004776,
      -0.8259353637695312,
      -0.8353347778320312,
      0.06881788372993469,
      -0.5454168319702148,
      -0.011609792709350586,
      0.989703893661499,
      0.14265654981136322
    ],
    "timestamp" : 1251051182940
  },
  {
    "userAcceleration" : [
      -0.034537579864263535,
      -0.013716578483581543,
      0.004206553101539612
    ],
    "gravity" : [
      0.012671712785959244,
      -0.9890145659446716,
      -0.1472730189561844
    ],
    "rotationMatrix" : [
      0.5441964268684387,
      0.1303826868534088,
      -0.8287644386291504,
      -0.8388620615005493,
      0.06964367628097534,
      -0.5398703217506409,
      -0.012671679258346558,
      0.9890145659446716,
      0.14727306365966797
    ],
    "timestamp" : 1251051192993
  },
  {
    "userAcceleration" : [
      -0.016481295228004456,
      -0.012745916843414307,
      -0.026363611221313477
    ],
    "gravity" : [
      0.013460039161145687,
      -0.9883221387863159,
      -0.15178288519382477
    ],
    "rotationMatrix" : [
      0.5387312173843384,
      0.13504844903945923,
      -0.8315831422805786,
      -0.8423700928688049,
      0.07057708501815796,
      -0.5342576503753662,
      -0.01346006989479065,
      0.9883221387863159,
      0.15178291499614716
    ],
    "timestamp" : 1251051203045
  },
  {
    "userAcceleration" : [
      0.0022282805293798447,
      -0.000301361083984375,
      -0.04579780995845795
    ],
    "gravity" : [
      0.013946027494966984,
      -0.9876440167427063,
      -0.15609127283096313
    ],
    "rotationMatrix" : [
      0.5333855152130127,
      0.1393890380859375,
      -0.834308385848999,
      -0.8457571864128113,
      0.0716215968132019,
      -0.5287388563156128,
      -0.013946056365966797,
      0.9876440763473511,
      0.15609127283096313
    ],
    "timestamp" : 1251051213098
  },
  {
    "userAcceleration" : [
      -0.007227902300655842,
      -0.011476099491119385,
      -0.049131616950035095
    ],
    "gravity" : [
      0.0141095956787467,
      -0.9869978427886963,
      -0.16011223196983337
    ],
    "rotationMatrix" : [
      0.5281764268875122,
      0.1433219313621521,
      -0.8369518518447876,
      -0.849017322063446,
      0.07275855541229248,
      -0.5233311057090759,
      -0.014109581708908081,
      0.9869977831840515,
      0.16011226177215576
    ],
    "timestamp" : 1251051223151
  },
  {
    "userAcceleration" : [
      -0.01847330667078495,
      -0.009026885032653809,
      -0.05339948832988739
    ],
    "gravity" : [
      0.01398719847202301,
      -0.9863801002502441,
      -0.16388575732707977
    ],
    "rotationMatrix" : [
      0.5228842496871948,
      0.14692077040672302,
      -0.8396464586257935,
      -0.8522888422012329,
      0.07394903898239136,
      -0.5178176164627075,
      -0.013987213373184204,
      0.9863801002502441,
      0.16388578712940216
    ],
    "timestamp" : 1251051233204
  },
  {
    "userAcceleration" : [
      -0.007832156494259834,
      -0.0019448399543762207,
      -0.06152147054672241
    ],
    "gravity" : [
      0.013554193079471588,
      -0.985787034034729,
      -0.16745200753211975
    ],
    "rotationMatrix" : [
      0.5174591541290283,
      0.15021365880966187,
      -0.842420220375061,
      -0.8556005358695984,
      0.07523122429847717,
      -0.5121405720710754,
      -0.013554185628890991,
      0.9857870936393738,
      0.16745196282863617
    ],
    "timestamp" : 1251051243256
  },
  {
    "userAcceleration" : [
      -0.014434919692575932,
      -0.0003789663314819336,
      -0.06028032302856445
    ],
    "gravity" : [
      0.012863255105912685,
      -0.9852166771888733,
      -0.1708293855190277
    ],
    "rotationMatrix" : [
      0.5119966268539429,
      0.15323776006698608,
      -0.8452086448669434,
      -0.8588910698890686,
      0.07659190893173218,
      -0.5063987374305725,
      -0.012863248586654663,
      0.9852166771888733,
      0.17082935571670532
    ],
    "timestamp" : 1251051253309
  },
  {
    "userAcceleration" : [
      -0.026709306985139847,
      0.01727914810180664,
      -0.05233381688594818
    ],
    "gravity" : [
      0.012045605108141899,
      -0.9846556186676025,
      -0.17409147322177887
    ],
    "rotationMatrix" : [
      0.5066521167755127,
      0.15611013770103455,
      -0.8478991985321045,
      -0.8620662689208984,
      0.07799050211906433,
      -0.500758171081543,
      -0.012045592069625854,
      0.9846556186676025,
      0.17409150302410126
    ],
    "timestamp" : 1251051263362
  },
  {
    "userAcceleration" : [
      -0.03634139895439148,
      0.03859740495681763,
      -0.04596485197544098
    ],
    "gravity" : [
      0.011179647408425808,
      -0.9840930700302124,
      -0.17730183899402618
    ],
    "rotationMatrix" : [
      0.5012192130088806,
      0.15894430875778198,
      -0.8505975008010864,
      -0.8652481436729431,
      0.07935771346092224,
      -0.49502331018447876,
      -0.01117965579032898,
      0.9840930104255676,
      0.17730186879634857
    ],
    "timestamp" : 1251051273414
  },
  {
    "userAcceleration" : [
      -0.027337446808815002,
      0.050346553325653076,
      -0.05004788935184479
    ],
    "gravity" : [
      0.010308616794645786,
      -0.9835131168365479,
      -0.18054303526878357
    ],
    "rotationMatrix" : [
      0.4960528612136841,
      0.16179966926574707,
      -0.8530840873718262,
      -0.8682311773300171,
      0.0807647705078125,
      -0.4895424246788025,
      -0.010308623313903809,
      0.9835130572319031,
      0.18054307997226715
    ],
    "timestamp" : 1251051283467
  },
  {
    "userAcceleration" : [
      -0.022784840315580368,
      0.047591328620910645,
      -0.05242167413234711
    ],
    "gravity" : [
      0.009494415484368801,
      -0.9829091429710388,
      -0.18384547531604767
    ],
    "rotationMatrix" : [
      0.49113959074020386,
      0.16473284363746643,
      -0.8553623557090759,
      -0.8710290193557739,
      0.08217266201972961,
      -0.484309583902359,
      -0.009494423866271973,
      0.9829092025756836,
      0.18384544551372528
    ],
    "timestamp" : 1251051293520
  },
  {
    "userAcceleration" : [
      -0.021125048398971558,
      0.044870078563690186,
      -0.0460248738527298
    ],
    "gravity" : [
      0.008872216567397118,
      -0.9822632670402527,
      -0.18729737401008606
    ],
    "rotationMatrix" : [
      0.4866955280303955,
      0.16786399483680725,
      -0.8572918176651001,
      -0.8735266923904419,
      0.08355072140693665,
      -0.4795524775981903,
      -0.00887221097946167,
      0.9822632074356079,
      0.18729741871356964
    ],
    "timestamp" : 1251051303573
  },
  {
    "userAcceleration" : [
      -0.020868796855211258,
      0.05139118432998657,
      -0.027828097343444824
    ],
    "gravity" : [
      0.008280286565423012,
      -0.9815821051597595,
      -0.19086097180843353
    ],
    "rotationMatrix" : [
      0.4822956919670105,
      0.17112001776695251,
      -0.8591325283050537,
      -0.8759692907333374,
      0.08493757247924805,
      -0.4748297333717346,
      -0.008280277252197266,
      0.9815821051597595,
      0.19086094200611115
    ],
    "timestamp" : 1251051313625
  },
  {
    "userAcceleration" : [
