[
  {
    "userAcceleration" : [
      0.0643155574798584,
      -0.06395304203033447,
      0.03661000728607178
    ],
    "rotationMatrix" : [
      0.9820874929428101,
      0.025539003312587738,
      -0.18668682873249054,
      -0.18834730982780457,
      0.16161750257015228,
      -0.968713104724884,
      0.0054318904876708984,
      0.9865229725837708,
      0.16353271901607513
    ],
    "gravity" : [
      -0.0054318867623806,
      -0.9865229725837708,
      -0.16353270411491394
    ],
    "timestamp" : 1251191338158
  },
  {
    "userAcceleration" : [
      0.06634692847728729,
      -0.058974504470825195,
      0.04572440683841705
    ],
    "rotationMatrix" : [
      0.9823698401451111,
      0.02575460821390152,
      -0.1851653754711151,
      -0.1868816614151001,
      0.16165068745613098,
      -0.9689912796020508,
      0.004976101219654083,
      0.9865118265151978,
      0.16361382603645325
    ],
    "gravity" : [
      -0.004976094234734774,
      -0.986511766910553,
      -0.16361385583877563
    ],
    "timestamp" : 1251191348213
  },
  {
    "userAcceleration" : [
      0.07169142365455627,
      -0.052396416664123535,
      0.055349305272102356
    ],
    "rotationMatrix" : [
      0.9826275110244751,
      0.0262976735830307,
      -0.18371616303920746,
      -0.18553946912288666,
      0.16201895475387573,
      -0.9691876173019409,
      0.004278078675270081,
      0.9864369630813599,
      0.1640835404396057
    ],
    "gravity" : [
      -0.004278081003576517,
      -0.9864369630813599,
      -0.16408352553844452
    ],
    "timestamp" : 1251191358268
  },
  {
    "userAcceleration" : [
      0.07864750921726227,
      -0.0453643798828125,
      0.058462753891944885
    ],
    "rotationMatrix" : [
      0.9828593730926514,
      0.026996679604053497,
      -0.18236956000328064,
      -0.18432343006134033,
      0.16275213658809662,
      -0.9692968726158142,
      0.003513224422931671,
      0.9862975478172302,
      0.16493858397006989
    ],
    "gravity" : [
      -0.0035132241901010275,
      -0.9862974882125854,
      -0.16493862867355347
    ],
    "timestamp" : 1251191368324
  },
  {
    "userAcceleration" : [
      0.08653602749109268,
      -0.03989487886428833,
      0.054474830627441406
    ],
    "rotationMatrix" : [
      0.9830185770988464,
      0.02782689779996872,
      -0.18138378858566284,
      -0.18348529934883118,
      0.16386127471923828,
      -0.9692690372467041,
      0.002750024199485779,
      0.9860907793045044,
      0.16618451476097107
    ],
    "gravity" : [
      -0.0027500151190906763,
      -0.9860907196998596,
      -0.16618452966213226
    ],
    "timestamp" : 1251191378379
  },
  {
    "userAcceleration" : [
      0.1001262292265892,
      -0.038281798362731934,
      0.04502607882022858
    ],
    "rotationMatrix" : [
      0.9831792712211609,
      0.028671957552433014,
      -0.1803787350654602,
      -0.18263202905654907,
      0.16529659926891327,
      -0.9691863656044006,
      0.0020274892449378967,
      0.9858269095420837,
      0.16775260865688324
    ],
    "gravity" : [
      -0.002027483657002449,
      -0.985826849937439,
      -0.16775260865688324
    ],
    "timestamp" : 1251191388435
  },
  {
    "userAcceleration" : [
      0.11363846808671951,
      -0.039945900440216064,
      0.03456757962703705
    ],
    "rotationMatrix" : [
      0.9833724498748779,
      0.029333487153053284,
      -0.1792154163122177,
      -0.18159395456314087,
      0.16699688136577606,
      -0.9690902233123779,
      0.0015016347169876099,
      0.9855210781097412,
      0.1695469170808792
    ],
    "gravity" : [
      -0.0015016371617093682,
      -0.9855210781097412,
      -0.16954690217971802
    ],
    "timestamp" : 1251191398491
  },
  {
    "userAcceleration" : [
      0.12694862484931946,
      -0.04621553421020508,
      0.026836872100830078
    ],
    "rotationMatrix" : [
      0.983613133430481,
      0.02969367802143097,
      -0.17783001065254211,
      -0.18028753995895386,
      0.16898228228092194,
      -0.9689898490905762,
      0.001277245581150055,
      0.9851716756820679,
      0.17156659066677094
    ],
    "gravity" : [
      -0.0012772459303960204,
      -0.9851716756820679,
      -0.17156656086444855
    ],
    "timestamp" : 1251191408546
  },
  {
    "userAcceleration" : [
      0.13346387445926666,
      -0.04528242349624634,
      0.02274090051651001
    ],
    "rotationMatrix" : [
      0.9838783144950867,
      0.029505357146263123,
      -0.17638833820819855,
      -0.1788318008184433,
      0.171210378408432,
      -0.9688684940338135,
      0.0016126930713653564,
      0.9847925901412964,
      0.17372667789459229
    ],
    "gravity" : [
      -0.0016126930713653564,
      -0.9847925305366516,
      -0.17372667789459229
    ],
    "timestamp" : 1251191418602
  },
  {
    "userAcceleration" : [
      0.14131741225719452,
      -0.06374967098236084,
      0.005297437310218811
    ],
    "rotationMatrix" : [
      0.9841935038566589,
      0.028492853045463562,
      -0.17478927969932556,
      -0.17707547545433044,
      0.17349621653556824,
      -0.9687843918800354,
      0.002721823751926422,
      0.9844221472740173,
      0.17579923570156097
    ],
    "gravity" : [
      -0.0027218235190957785,
      -0.9844222068786621,
      -0.1757991909980774
    ],
    "timestamp" : 1251191428657
  },
  {
    "userAcceleration" : [
      0.1322455257177353,
      -0.07849103212356567,
      -0.0052711814641952515
    ],
    "rotationMatrix" : [
      0.9845120310783386,
      0.026610776782035828,
      -0.17328573763370514,
      -0.1752549558877945,
      0.17569346725940704,
      -0.9687194228172302,
      0.0046667903661727905,
      0.9840851426124573,
      0.17763599753379822
    ],
    "gravity" : [
      -0.004666788969188929,
      -0.9840851426124573,
      -0.1776360273361206
    ],
    "timestamp" : 1251191438713
  },
  {
    "userAcceleration" : [
      0.10648208111524582,
      -0.10116362571716309,
      -0.009001553058624268
    ],
    "rotationMatrix" : [
      0.9848402142524719,
      0.024049632251262665,
      -0.17178872227668762,
      -0.17331349849700928,
      0.177664652466774,
      -0.9687092900276184,
      0.007223673164844513,
      0.9837971329689026,
      0.1791394203901291
    ],
    "gravity" : [
      -0.007223674561828375,
      -0.9837971925735474,
      -0.1791394203901291
    ],
    "timestamp" : 1251191448768
  },
  {
    "userAcceleration" : [
      0.0740441083908081,
      -0.12393206357955933,
      -0.003562331199645996
    ],
    "rotationMatrix" : [
      0.9851216673851013,
      0.021207690238952637,
      -0.1705448478460312,
      -0.17156437039375305,
      0.17938238382339478,
      -0.968704104423523,
      0.0100487619638443,
      0.9835507869720459,
      0.18035195767879486
    ],
    "gravity" : [
      -0.010048763826489449,
      -0.9835507869720459,
      -0.18035197257995605
    ],
    "timestamp" : 1251191458824
  },
  {
    "userAcceleration" : [
      0.03799113258719444,
      -0.13704830408096313,
      0.004559576511383057
    ],
    "rotationMatrix" : [
      0.9853740334510803,
      0.01842295378446579,
      -0.1694066971540451,
      -0.16992300748825073,
      0.1809866726398468,
      -0.9686949253082275,
      0.012814134359359741,
      0.9833129644393921,
      0.18147005140781403
    ],
    "gravity" : [
      -0.012814129702746868,
      -0.9833129644393921,
      -0.1814700812101364
    ],
    "timestamp" : 1251191468880
  },
  {
    "userAcceleration" : [
      0.011364949867129326,
      -0.134804368019104,
      0.0021629929542541504
    ],
    "rotationMatrix" : [
      0.9855802059173584,
      0.0159146785736084,
      -0.16845881938934326,
      -0.1685100495815277,
      0.1827036589384079,
      -0.9686194658279419,
      0.015362754464149475,
      0.983039140701294,
      0.1827508956193924
    ],
    "gravity" : [
      -0.015362759120762348,
      -0.983039140701294,
      -0.18275086581707
    ],
    "timestamp" : 1251191478935
  },
  {
    "userAcceleration" : [
      -0.010646894574165344,
      -0.126772940158844,
      -0.0052063316106796265
    ],
    "rotationMatrix" : [
      0.9858204126358032,
      0.013714037835597992,
      -0.16724227368831635,
      -0.16687676310539246,
      0.18473026156425476,
      -0.9685177206993103,
      0.01761239767074585,
      0.9826933741569519,
      0.18439942598342896
    ],
    "gravity" : [
      -0.01761239767074585,
      -0.9826933741569519,
      -0.18439944088459015
    ],
    "timestamp" : 1251191488991
  },
  {
    "userAcceleration" : [
      -0.02511037141084671,
      -0.12710195779800415,
      -0.01621536910533905
    ],
    "rotationMatrix" : [
      0.9861843585968018,
      0.011883318424224854,
      -0.1652245968580246,
      -0.16450971364974976,
      0.18715909123420715,
      -0.9684563875198364,
      0.019414782524108887,
      0.982257604598999,
      0.1865282952785492
    ],
    "gravity" : [
      -0.019414788112044334,
      -0.9822576642036438,
      -0.1865282654762268
    ],
    "timestamp" : 1251191499046
  },
  {
    "userAcceleration" : [
      -0.03166065365076065,
      -0.13275301456451416,
      -0.02791588008403778
    ],
    "rotationMatrix" : [
      0.9866514205932617,
      0.010449521243572235,
      -0.1625109612941742,
      -0.16151875257492065,
      0.18997329473495483,
      -0.968411922454834,
      0.020753279328346252,
      0.9817335605621338,
      0.18912522494792938
    ],
    "gravity" : [
      -0.020753277465701103,
      -0.9817335605621338,
      -0.1891251802444458
    ],
    "timestamp" : 1251191509102
  },
  {
    "userAcceleration" : [
      -0.04411235451698303,
      -0.13690048456192017,
      -0.03787732124328613
    ],
    "rotationMatrix" : [
      0.9872395396232605,
      0.009456641972064972,
      -0.15896111726760864,
      -0.15777987241744995,
      0.19305942952632904,
      -0.9684180021286011,
      0.02153094857931137,
      0.9811414480209351,
      0.19208797812461853
    ],
    "gravity" : [
      -0.021530956029891968,
      -0.9811414480209351,
      -0.19208797812461853
    ],
    "timestamp" : 1251191519157
  },
  {
    "userAcceleration" : [
      -0.05821670591831207,
      -0.1217079758644104,
      -0.04824179410934448
    ],
    "rotationMatrix" : [
      0.9878898859024048,
      0.008940264582633972,
      -0.15489895641803741,
      -0.1536240577697754,
      0.19633853435516357,
      -0.9684268832206726,
      0.02175462245941162,
      0.980495274066925,
      0.1953342854976654
    ],
    "gravity" : [
      -0.021754618734121323,
      -0.980495274066925,
      -0.1953343152999878
    ],
    "timestamp" : 1251191529213
  },
  {
    "userAcceleration" : [
      -0.07052861899137497,
      -0.09598332643508911,
      -0.060335397720336914
    ],
    "rotationMatrix" : [
      0.9885533452033997,
      0.008732102811336517,
      -0.15061882138252258,
      -0.1493147313594818,
      0.19967971742153168,
      -0.968417763710022,
      0.021619193255901337,
      0.9798222780227661,
      0.19869787991046906
    ],
    "gravity" : [
      -0.021619202569127083,
      -0.9798222780227661,
      -0.19869789481163025
    ],
    "timestamp" : 1251191539269
  },
  {
    "userAcceleration" : [
      -0.06698909401893616,
      -0.08058172464370728,
      -0.0754983127117157
    ],
    "rotationMatrix" : [
      0.9892046451568604,
      0.008726157248020172,
      -0.1462807059288025,
      -0.14499592781066895,
      0.20284637808799744,
      -0.9684160351753235,
      0.021221958100795746,
      0.9791716933250427,
      0.20192183554172516
    ],
    "gravity" : [
      -0.021221956238150597,
      -0.9791716933250427,
      -0.20192183554172516
    ],
    "timestamp" : 1251191549324
  },
  {
    "userAcceleration" : [
      -0.05074027180671692,
      -0.07119649648666382,
      -0.08644726872444153
    ],
    "rotationMatrix" : [
      0.9897828102111816,
      0.008843615651130676,
      -0.1423085331916809,
      -0.14107449352741241,
      0.2055429369211197,
      -0.9684264659881592,
      0.020686104893684387,
      0.9786080121994019,
      0.20469047129154205
    ],
    "gravity" : [
      -0.020686108618974686,
      -0.9786080121994019,
      -0.20469045639038086
    ],
    "timestamp" : 1251191559380
  },
  {
    "userAcceleration" : [
      -0.03219284489750862,
      -0.05590146780014038,
      -0.09491732716560364
    ],
    "rotationMatrix" : [
      0.9902044534683228,
      0.009056612849235535,
      -0.13933104276657104,
      -0.1381642073392868,
      0.20753057301044464,
      -0.9684221148490906,
      0.02014479786157608,
      0.9781864285469055,
      0.20674899220466614
    ],
    "gravity" : [
      -0.02014480158686638,
      -0.9781864285469055,
      -0.20674897730350494
    ],
    "timestamp" : 1251191569435
  },
  {
    "userAcceleration" : [
      -0.021578649058938026,
      -0.028606712818145752,
      -0.10338026285171509
    ],
    "rotationMatrix" : [
      0.9904553294181824,
      0.009310685098171234,
      -0.13751935958862305,
      -0.1364218294620514,
      0.20868180692195892,
      -0.9684218764305115,
      0.019681107252836227,
      0.9779391884803772,
      0.20796018838882446
    ],
    "gravity" : [
      -0.019681107252836227,
      -0.9779391884803772,
      -0.20796017348766327
    ],
    "timestamp" : 1251191579491
  },
  {
    "userAcceleration" : [
      -0.015559183433651924,
      0.010363340377807617,
      -0.1090264767408371
    ],
    "rotationMatrix" : [
      0.9905872941017151,
      0.009521491825580597,
      -0.1365508884191513,
      -0.13551181554794312,
      0.20903366804122925,
      -0.9684737324714661,
      0.019322406500577927,
      0.9778620600700378,
      0.20835638046264648
    ],
    "gravity" : [
      -0.019322408363223076,
      -0.9778620004653931,
      -0.20835638046264648
    ],
    "timestamp" : 1251191589546
  },
  {
    "userAcceleration" : [
      -0.01815304532647133,
      0.05550462007522583,
      -0.11537611484527588
    ],
    "rotationMatrix" : [
      0.9906786680221558,
      0.009469859302043915,
      -0.1358901411294937,
      -0.13485974073410034,
      0.2087947130203247,
      -0.968616247177124,
      0.01920047029852867,
      0.977913498878479,
      0.20812557637691498
    ],
    "gravity" : [
      -0.019200466573238373,
      -0.9779135584831238,
      -0.2081255465745926
    ],
    "timestamp" : 1251191599602
  },
  {
    "userAcceleration" : [
      -0.024744100868701935,
      0.09628891944885254,
      -0.11854535341262817
    ],
    "rotationMatrix" : [
      0.9907695055007935,
      0.009055137634277344,
      -0.135254368185997,
      -0.13416403532028198,
      0.208180770277977,
      -0.968845009803772,
      0.019384320825338364,
      0.9780484437942505,
      0.20747403800487518
    ],
    "gravity" : [
      -0.019384320825338364,
      -0.9780484437942505,
      -0.2074740082025528
    ],
    "timestamp" : 1251191609658
  },
  {
    "userAcceleration" : [
      -0.03165563941001892,
      0.11843550205230713,
      -0.11091941595077515
    ],
    "rotationMatrix" : [
      0.9909377694129944,
      0.00829332321882248,
      -0.1340654045343399,
      -0.13285931944847107,
      0.20739367604255676,
      -0.9691936373710632,
      0.019766483455896378,
      0.9782224297523499,
      0.20661607384681702
    ],
    "gravity" : [
      -0.019766483455896378,
      -0.9782224297523499,
      -0.2066160887479782
    ],
    "timestamp" : 1251191619713
  },
  {
    "userAcceleration" : [
      -0.03571024909615517,
      0.12070357799530029,
      -0.0980667918920517
    ],
    "rotationMatrix" : [
      0.991240918636322,
      0.007311295717954636,
      -0.1318635642528534,
      -0.13051950931549072,
      0.20659101009368896,
      -0.9696828126907349,
      0.020152181386947632,
      0.9783999919891357,
      0.2057357281446457
    ],
    "gravity" : [
      -0.020152177661657333,
      -0.9783999919891357,
      -0.20573575794696808
    ],
    "timestamp" : 1251191629769
  },
  {
    "userAcceleration" : [
      -0.03812918812036514,
      0.11005568504333496,
      -0.07567965984344482
    ],
    "rotationMatrix" : [
      0.9916839599609375,
      0.006294667720794678,
      -0.128542959690094,
      -0.127076655626297,
      0.2058876007795334,
      -0.9702894687652588,
      0.020357735455036163,
      0.9785553216934204,
      0.20497533679008484
    ],
    "gravity" : [
      -0.02035774290561676,
      -0.9785553216934204,
      -0.20497533679008484
    ],
    "timestamp" : 1251191639824
  },
  {
    "userAcceleration" : [
      -0.0396006740629673,
      0.09968805313110352,
      -0.05065123736858368
    ],
    "rotationMatrix" : [
      0.992218017578125,
      0.005397982895374298,
      -0.1243954747915268,
      -0.12284570187330246,
      0.20536498725414276,
      -0.9709448218345642,
      0.020305320620536804,
      0.9786704182624817,
      0.20442995429039001
    ],
    "gravity" : [
      -0.020305318757891655,
      -0.9786704182624817,
      -0.2044300138950348
    ],
    "timestamp" : 1251191649880
  },
  {
    "userAcceleration" : [
      -0.03322725370526314,
      0.09512370824813843,
      -0.0284593403339386
    ],
    "rotationMatrix" : [
      0.9928163886070251,
      0.004602596163749695,
      -0.11955909430980682,
      -0.11795724183320999,
      0.20502987504005432,
      -0.971621572971344,
      0.02004118263721466,
      0.9787446856498718,
      0.20409993827342987
    ],
    "gravity" : [
      -0.020041178911924362,
      -0.9787446856498718,
      -0.20409990847110748
    ],
    "timestamp" : 1251191659935
  },
  {
    "userAcceleration" : [
      -0.019384840503335,
      0.09559875726699829,
      -0.006505057215690613
    ],
    "rotationMatrix" : [
      0.9934525489807129,
      0.0037763118743896484,
      -0.11418314278125763,
      -0.11253015697002411,
      0.20489130914211273,
      -0.9722943902015686,
      0.01972343400120735,
      0.9787773489952087,
      0.20397473871707916
    ],
    "gravity" : [
      -0.01972343400120735,
      -0.9787773489952087,
      -0.20397475361824036
    ],
    "timestamp" : 1251191669991
  },
  {
    "userAcceleration" : [
      -0.007445408031344414,
      0.09104877710342407,
      0.01671585440635681
    ],
    "rotationMatrix" : [
      0.9941054582595825,
      0.0027447454631328583,
      -0.10838289558887482,
      -0.10664092004299164,
      0.20499424636363983,
      -0.9729361534118652,
      0.019547387957572937,
      0.9787591695785522,
      0.20407859981060028
    ],
    "gravity" : [
      -0.019547387957572937,
      -0.9787591695785522,
      -0.2040785849094391
    ],
    "timestamp" : 1251191680047
  },
  {
    "userAcceleration" : [
      -0.002326948568224907,
      0.07544100284576416,
      0.03867459297180176
    ],
    "rotationMatrix" : [
      0.9947320222854614,
      0.0015432797372341156,
      -0.10249771177768707,
      -0.10062702000141144,
      0.20543412864208221,
      -0.9734838604927063,
      0.01955416426062584,
      0.9786695837974548,
      0.20450720191001892
    ],
    "gravity" : [
      -0.01955416239798069,
      -0.9786696434020996,
      -0.20450720191001892
    ],
    "timestamp" : 1251191690102
  },
  {
    "userAcceleration" : [
      0.001313280314207077,
      0.05546367168426514,
      0.058443546295166016
    ],
    "rotationMatrix" : [
      0.9952796697616577,
      0.0001370646059513092,
      -0.09704849123954773,
      -0.09498992562294006,
      0.20625482499599457,
      -0.9738767147064209,
      0.019883234053850174,
      0.9784983396530151,
      0.20529425144195557
    ],
    "gravity" : [
      -0.019883232191205025,
      -0.9784982800483704,
      -0.20529423654079437
    ],
    "timestamp" : 1251191700158
  },
  {
    "userAcceleration" : [
      0.0020985007286071777,
      0.032586097717285156,
      0.06765872240066528
    ],
    "rotationMatrix" : [
      0.9957032799720764,
      -0.0014233551919460297,
      -0.09259030222892761,
      -0.0902826339006424,
      0.2074267715215683,
      -0.974075436592102,
      0.020592153072357178,
      0.9782494306564331,
      0.20640701055526733
    ],
    "gravity" : [
      -0.020592154935002327,
      -0.9782494902610779,
      -0.20640695095062256
    ],
    "timestamp" : 1251191710213
  },
  {
    "userAcceleration" : [
      -0.005351835861802101,
      0.009899139404296875,
      0.05822208523750305
    ],
    "rotationMatrix" : [
      0.9959978461265564,
      -0.003120783716440201,
      -0.08932255208492279,
      -0.08670607209205627,
      0.20875751972198486,
      -0.9741160273551941,
      0.021686747670173645,
      0.97796231508255,
      0.20765145123004913
    ],
    "gravity" : [
      -0.021686747670173645,
      -0.97796231508255,
      -0.20765146613121033
    ],
    "timestamp" : 1251191720269
  },
  {
    "userAcceleration" : [
      -0.022974003106355667,
      -0.003152191638946533,
      0.032662928104400635
    ],
    "rotationMatrix" : [
      0.9961853623390198,
      -0.004864208400249481,
      -0.08712677657604218,
      -0.08416827023029327,
      0.20995977520942688,
      -0.9740803837776184,
      0.023031242191791534,
      0.9776979088783264,
      0.2087494432926178
    ],
    "gravity" : [
      -0.023031244054436684,
      -0.9776979088783264,
      -0.2087494432926178
    ],
    "timestamp" : 1251191730325
  },
  {
    "userAcceleration" : [
      -0.04700251296162605,
      0.0008909106254577637,
      -0.0015881061553955078
    ],
    "rotationMatrix" : [
      0.996295690536499,
      -0.006510838866233826,
      -0.08574682474136353,
      -0.08245682716369629,
      0.21069739758968353,
      -0.9740674495697021,
      0.024408627301454544,
      0.9775296449661255,
      0.20938004553318024
    ],
    "gravity" : [
      -0.024408627301454544,
      -0.9775296449661255,
      -0.20938001573085785
    ],
    "timestamp" : 1251191740380
  },
  {
    "userAcceleration" : [
      -0.0648871660232544,
      0.008842647075653076,
      -0.026416659355163574
    ],
    "rotationMatrix" : [
      0.996384859085083,
      -0.00805622711777687,
      -0.08457102626562119,
      -0.08098159730434418,
      0.21077662706375122,
      -0.9741740822792053,
      0.02567376010119915,
      0.9775009751319885,
      0.2093622386455536
    ],
    "gravity" : [
      -0.0256737619638443,
      -0.9775010347366333,
      -0.2093622088432312
    ],
    "timestamp" : 1251191750436
  },
  {
    "userAcceleration" : [
      -0.07427912205457687,
      0.012421846389770508,
      -0.03993074595928192
    ],
    "rotationMatrix" : [
      0.9964762330055237,
      -0.009449373930692673,
      -0.08334135264158249,
      -0.07950583100318909,
      0.21011142432689667,
      -0.974439263343811,
      0.026718804612755775,
      0.977631688117981,
      0.20861975848674774
    ],
    "gravity" : [
      -0.026718800887465477,
      -0.977631688117981,
      -0.20861975848674774
    ],
    "timestamp" : 1251191760491
  },
  {
    "userAcceleration" : [
      -0.07677236944437027,
      0.01167440414428711,
      -0.04218333959579468
    ],
    "rotationMatrix" : [
      0.9965910315513611,
      -0.010599944740533829,
      -0.08181659132242203,
      -0.07781228423118591,
      0.2087734192609787,
      -0.9748635292053223,
      0.027414632961153984,
      0.9779065847396851,
      0.2072369009256363
    ],
    "gravity" : [
      -0.027414629235863686,
      -0.9779066443443298,
      -0.20723691582679749
    ],
    "timestamp" : 1251191770547
  },
  {
    "userAcceleration" : [
      -0.07732143998146057,
      0.010814487934112549,
      -0.03489565849304199
    ],
    "rotationMatrix" : [
      0.9967356324195862,
      -0.011446349322795868,
      -0.07991919666528702,
      -0.0758323222398758,
      0.20695871114730835,
      -0.975406289100647,
      0.027704810723662376,
      0.9782826900482178,
      0.20541511476039886
    ],
    "gravity" : [
      -0.027704810723662376,
      -0.9782826900482178,
      -0.20541512966156006
    ],
    "timestamp" : 1251191780602
  },
  {
    "userAcceleration" : [
      -0.07420789450407028,
      0.016003429889678955,
      -0.023568451404571533
    ],
    "rotationMatrix" : [
      0.996901273727417,
      -0.011987635865807533,
      -0.07774391025304794,
      -0.07365082204341888,
      0.20489338040351868,
      -0.9760093092918396,
      0.02762925624847412,
      0.9787108302116394,
      0.20337556302547455
    ],
    "gravity" : [
      -0.02762925624847412,
      -0.9787108302116394,
      -0.20337559282779694
    ],
    "timestamp" : 1251191790658
  },
  {
    "userAcceleration" : [
      -0.06937337666749954,
      0.02306675910949707,
      -0.010663092136383057
    ],
    "rotationMatrix" : [
      0.9970993995666504,
      -0.012401105836033821,
      -0.07509361207485199,
      -0.07103194296360016,
      0.2027505338191986,
      -0.9766507744789124,
      0.02733682468533516,
      0.9791519045829773,
      0.20128154754638672
    ],
    "gravity" : [
      -0.02733682468533516,
      -0.9791519045829773,
      -0.2012815922498703
    ],
    "timestamp" : 1251191800714
  },
  {
    "userAcceleration" : [
      -0.07016605138778687,
      0.026328861713409424,
      -0.0004756450653076172
    ],
    "rotationMatrix" : [
      0.9973151087760925,
      -0.012760518118739128,
      -0.07210929691791534,
      -0.06809384375810623,
      0.20066970586776733,
      -0.9772894978523254,
      0.02694087103009224,
      0.9795758128166199,
      0.19926202297210693
    ],
    "gravity" : [
      -0.02694086916744709,
      -0.9795758724212646,
      -0.19926197826862335
    ],
    "timestamp" : 1251191810769
  },
  {
    "userAcceleration" : [
      -0.06835450977087021,
      0.0185394287109375,
      0.006274819374084473
    ],
    "rotationMatrix" : [
      0.9975368976593018,
      -0.013158470392227173,
      -0.06889858096837997,
      -0.06492289900779724,
      0.1986585259437561,
      -0.9779159426689148,
      0.02655516378581524,
      0.9799802899360657,
      0.19731491804122925
    ],
    "gravity" : [
      -0.02655516378581524,
      -0.9799803495407104,
      -0.19731491804122925
    ],
    "timestamp" : 1251191820825
  },
  {
    "userAcceleration" : [
      -0.058523133397102356,
      0.003691554069519043,
      0.007186949253082275
    ],
    "rotationMatrix" : [
      0.9977502226829529,
      -0.013692870736122131,
      -0.06562785804271698,
      -0.061666809022426605,
      0.196584090590477,
      -0.9785456657409668,
      0.02630048617720604,
      0.980391263961792,
      0.19529742002487183
    ],
    "gravity" : [
      -0.02630048803985119,
      -0.980391263961792,
      -0.19529739022254944
    ],
    "timestamp" : 1251191830880
  },
  {
    "userAcceleration" : [
      -0.047593094408512115,
      -0.0090218186378479,
      -0.001998215913772583
    ],
    "rotationMatrix" : [
      0.9979350566864014,
      -0.014366906136274338,
      -0.06260348856449127,
      -0.05863145366311073,
      0.19425272941589355,
      -0.9791977405548096,
      0.02622893825173378,
      0.9808462858200073,
      0.19300925731658936
    ],
    "gravity" : [
      -0.02622893825173378,
      -0.9808463454246521,
      -0.19300924241542816
    ],
    "timestamp" : 1251191840936
  },
  {
    "userAcceleration" : [
      -0.042295388877391815,
      -0.016917288303375244,
      -0.006027519702911377
    ],
    "rotationMatrix" : [
      0.9981022477149963,
      -0.015233980491757393,
      -0.05966445803642273,
      -0.05565422773361206,
      0.19150342047214508,
      -0.9799126982688904,
      0.02635391615331173,
      0.9813736081123352,
      0.1902921497821808
    ],
    "gravity" : [
      -0.02635391615331173,
      -0.98137366771698,
      -0.1902921199798584
    ],
    "timestamp" : 1251191850991
  },
  {
    "userAcceleration" : [
      -0.04169480502605438,
      -0.023196280002593994,
      -0.0043541789054870605
    ],
    "rotationMatrix" : [
      0.9982532262802124,
      -0.016285035759210587,
      -0.0567917674779892,
      -0.05272103473544121,
      0.18830062448978424,
      -0.9806953072547913,
      0.026664583012461662,
      0.981976330280304,
      0.18711313605308533
    ],
    "gravity" : [
      -0.026664581149816513,
      -0.981976330280304,
      -0.18711316585540771
    ],
    "timestamp" : 1251191861047
  },
  {
    "userAcceleration" : [
      -0.04001588374376297,
      -0.028921663761138916,
      -0.00226670503616333
    ],
    "rotationMatrix" : [
      0.998391330242157,
      -0.01756843738257885,
      -0.05390814691781998,
      -0.049748845398426056,
      0.18466497957706451,
      -0.9815414547920227,
      0.027199095115065575,
      0.9826443791389465,
      0.18349391222000122
    ],
    "gravity" : [
      -0.027199093252420425,
      -0.9826443791389465,
      -0.18349389731884003
    ],
    "timestamp" : 1251191871103
  },
  {
    "userAcceleration" : [
      -0.04135814309120178,
      -0.032491207122802734,
      0.0008348971605300903
    ],
    "rotationMatrix" : [
      0.9985203146934509,
      -0.019016534090042114,
      -0.05094613879919052,
      -0.04668506234884262,
      0.18065525591373444,
      -0.982437789440155,
      0.027886247262358665,
      0.9833624958992004,
      0.17950016260147095
    ],
    "gravity" : [
      -0.027886245399713516,
      -0.9833624958992004,
      -0.17950014770030975
    ],
    "timestamp" : 1251191881158
  },
  {
    "userAcceleration" : [
      -0.04740672558546066,
      -0.0409928560256958,
      0.005965098738670349
    ],
    "rotationMatrix" : [
      0.9986458420753479,
      -0.02045460045337677,
      -0.047833383083343506,
      -0.04348830133676529,
      0.17638982832431793,
      -0.9833592176437378,
      0.02855154126882553,
      0.9841078519821167,
      0.17526143789291382
    ],
    "gravity" : [
      -0.02855154313147068,
      -0.9841078519821167,
      -0.17526143789291382
    ],
    "timestamp" : 1251191891214
  },
  {
    "userAcceleration" : [
      -0.052133142948150635,
      -0.05232048034667969,
      0.015190854668617249
    ],
    "rotationMatrix" : [
      0.9987830519676208,
      -0.02184465155005455,
      -0.044218383729457855,
      -0.03981675207614899,
      0.17194008827209473,
      -0.984302282333374,
      0.029104650020599365,
      0.9848650693893433,
      0.17086105048656464
    ],
    "gravity" : [
      -0.029104650020599365,
      -0.9848650097846985,
      -0.17086108028888702
    ],
    "timestamp" : 1251191901269
  },
  {
    "userAcceleration" : [
      -0.05768369138240814,
      -0.07046222686767578,
      0.029599830508232117
    ],
    "rotationMatrix" : [
      0.9989290237426758,
      -0.022979484871029854,
      -0.04015864431858063,
      -0.03575347363948822,
      0.16753335297107697,
      -0.9852178692817688,
      0.029367709532380104,
      0.9855985045433044,
      0.16653233766555786
    ],
    "gravity" : [
      -0.029367709532380104,
      -0.9855985641479492,
      -0.16653227806091309
    ],
    "timestamp" : 1251191911325
  },
  {
    "userAcceleration" : [
      -0.055398546159267426,
      -0.07229650020599365,
      0.04596078395843506
    ],
    "rotationMatrix" : [
      0.999065101146698,
      -0.02392643131315708,
      -0.03600636497139931,
      -0.03162913769483566,
      0.16323375701904297,
      -0.9860802292823792,
      0.029470833018422127,
      0.9862971901893616,
      0.16232436895370483
    ],
    "gravity" : [
      -0.029470834881067276,
      -0.9862971901893616,
      -0.16232436895370483
    ],
    "timestamp" : 1251191921381
  },
  {
    "userAcceleration" : [
      -0.05353564769029617,
      -0.07352125644683838,
      0.04833441972732544
    ],
    "rotationMatrix" : [
      0.9991838335990906,
      -0.024658961221575737,
      -0.031993575394153595,
      -0.02767203189432621,
      0.15913213789463043,
      -0.9868693351745605,
      0.02942637912929058,
      0.9869492053985596,
      0.158319890499115
    ],
    "gravity" : [
      -0.02942637912929058,
      -0.9869492650032043,
      -0.1583198755979538
    ],
    "timestamp" : 1251191931436
  },
  {
    "userAcceleration" : [
      -0.04627509415149689,
      -0.07186436653137207,
      0.04472619295120239
    ],
    "rotationMatrix" : [
      0.999274730682373,
      -0.025230875238776207,
      -0.028519749641418457,
      -0.024263137951493263,
      0.15534493327140808,
      -0.9875622391700745,
      0.029347460716962814,
      0.9875380396842957,
      0.15462009608745575
    ],
    "gravity" : [
      -0.029347458854317665,
      -0.9875380396842957,
      -0.15462011098861694
    ],
    "timestamp" : 1251191941492
  },
  {
    "userAcceleration" : [
      -0.043650608509778976,
      -0.07663041353225708,
      0.030410632491111755
    ],
    "rotationMatrix" : [
      0.9993438720703125,
      -0.025678392499685287,
      -0.025542471557855606,
      -0.021351587027311325,
      0.15196935832500458,
      -0.9881546497344971,
      0.02925589680671692,
      0.9880516529083252,
      0.1513213813304901
    ],
    "gravity" : [
      -0.02925589680671692,
      -0.9880516529083252,
      -0.1513213962316513
    ],
    "timestamp" : 1251191951547
  },
  {
    "userAcceleration" : [
      -0.03650309145450592,
      -0.07625305652618408,
      0.006799444556236267
    ],
    "rotationMatrix" : [
      0.9993983507156372,
      -0.026094380766153336,
      -0.02284785360097885,
      -0.01871437579393387,
      0.1489180326461792,
      -0.9886724948883057,
      0.02920125424861908,
      0.9885052442550659,
      0.148340106010437
    ],
    "gravity" : [
      -0.02920125611126423,
      -0.9885052442550659,
      -0.14834009110927582
    ],
    "timestamp" : 1251191961603
  },
  {
    "userAcceleration" : [
      -0.029062017798423767,
      -0.06610482931137085,
      -0.024146899580955505
    ],
    "rotationMatrix" : [
      0.9994422793388367,
      -0.026636958122253418,
      -0.02013949677348137,
      -0.016042567789554596,
      0.1459481120109558,
      -0.989162027835846,
      0.029287591576576233,
      0.9889333844184875,
      0.14543938636779785
    ],
    "gravity" : [
      -0.029287591576576233,
      -0.9889334440231323,
      -0.14543938636779785
    ],
    "timestamp" : 1251191971658
  },
  {
    "userAcceleration" : [
      -0.026356996968388557,
      -0.06017744541168213,
      -0.04808877408504486
    ],
    "rotationMatrix" : [
      0.99949049949646,
      -0.027324890717864037,
      -0.016493909060955048,
      -0.012426594272255898,
      0.14284491539001465,
      -0.9896668791770935,
      0.029398612678050995,
      0.989367663860321,
      0.1424325853586197
    ],
    "gravity" : [
      -0.029398612678050995,
      -0.989367663860321,
      -0.1424325555562973
    ],
    "timestamp" : 1251191981714
  },
  {
    "userAcceleration" : [
      -0.021983541548252106,
      -0.06344830989837646,
      -0.05847977101802826
    ],
    "rotationMatrix" : [
      0.999537467956543,
      -0.02820627950131893,
      -0.01136888936161995,
      -0.007329227402806282,
      0.13939285278320312,
      -0.9902098774909973,
      0.02951488271355629,
      0.9898352026939392,
      0.1391216516494751
    ],
    "gravity" : [
      -0.02951488271355629,
      -0.989835262298584,
      -0.1391216367483139
    ],
    "timestamp" : 1251191991770
  },
  {
    "userAcceleration" : [
      -0.017863931134343147,
      -0.07283210754394531,
      -0.062397003173828125
    ],
    "rotationMatrix" : [
      0.9995601177215576,
      -0.029094871133565903,
      -0.005754340440034866,
      -0.0017606420442461967,
      0.13546785712242126,
      -0.9907801151275635,
      0.029606148600578308,
      0.9903544187545776,
      0.13535703718662262
    ],
    "gravity" : [
      -0.02960614673793316,
      -0.9903544187545776,
      -0.13535700738430023
    ],
    "timestamp" : 1251192001825
  },
  {
    "userAcceleration" : [
      -0.02310185693204403,
      -0.07538002729415894,
      -0.04817645251750946
    ],
    "rotationMatrix" : [
      0.9995502233505249,
      -0.02996710129082203,
      0.0011638393625617027,
      0.005080575123429298,
      0.13096003234386444,
      -0.9913744926452637,
      0.029556207358837128,
      0.9909344911575317,
      0.1310533881187439
    ],
    "gravity" : [
      -0.029556207358837128,
      -0.9909344911575317,
      -0.1310533732175827
    ],
    "timestamp" : 1251192011881
  },
  {
    "userAcceleration" : [
      -0.04094189777970314,
      -0.05387240648269653,
      -0.018739566206932068
    ],
    "rotationMatrix" : [
      0.9994964003562927,
      -0.030673004686832428,
      0.00813446007668972,
      0.011940536089241505,
      0.12602300941944122,
      -0.9919553399085999,
      0.029401125386357307,
      0.9915528893470764,
      0.1263258010149002
    ],
    "gravity" : [
      -0.029401125386357307,
      -0.9915528893470764,
      -0.1263258010149002
    ],
    "timestamp" : 1251192021936
  },
  {
    "userAcceleration" : [
      -0.047731123864650726,
      -0.029411256313323975,
      0.010912008583545685
    ],
    "rotationMatrix" : [
      0.9993990063667297,
      -0.03135022521018982,
      0.014792002737522125,
      0.0184834823012352,
      0.12093998491764069,
      -0.9924876093864441,
      0.02932577207684517,
      0.9921645522117615,
      0.12144676595926285
    ],
    "gravity" : [
      -0.02932577207684517,
      -0.9921645522117615,
      -0.12144672870635986
    ],
    "timestamp" : 1251192031992
  },
  {
    "userAcceleration" : [
      -0.04452246427536011,
      -0.029014647006988525,
      0.03189109265804291
    ],
    "rotationMatrix" : [
      0.9992521405220032,
      -0.03220726549625397,
      0.021398697048425674,
      0.025001682341098785,
      0.11598104983568192,
      -0.9929367303848267,
      0.029497932642698288,
      0.9927291870117188,
      0.11669954657554626
    ],
    "gravity" : [
      -0.029497932642698288,
      -0.992729127407074,
      -0.11669956147670746
    ],
    "timestamp" : 1251192042048
  },
  {
    "userAcceleration" : [
      -0.03928454965353012,
      -0.04614287614822388,
      0.052138373255729675
    ],
    "rotationMatrix" : [
      0.999051034450531,
      -0.03328128531575203,
      0.02809622325003147,
      0.03164297714829445,
      0.1113412156701088,
      -0.9932783842086792,
      0.02992931194603443,
      0.9932248592376709,
      0.11228867620229721
    ],
    "gravity" : [
      -0.02992931380867958,
      -0.9932248592376709,
      -0.11228863149881363
    ],
    "timestamp" : 1251192052103
  },
  {
    "userAcceleration" : [
      -0.04756007343530655,
      -0.05768221616744995,
      0.07250863313674927
    ],
    "rotationMatrix" : [
      0.9988072514533997,
      -0.034326016902923584,
      0.034723930060863495,
      0.03822265565395355,
      0.10716741532087326,
      -0.9935060739517212,
      0.030381828546524048,
      0.9936482906341553,
      0.10835162550210953
    ],
    "gravity" : [
      -0.030381830409169197,
      -0.9936482906341553,
      -0.10835163295269012
    ],
    "timestamp" : 1251192062159
  },
  {
    "userAcceleration" : [
      -0.0593273900449276,
      -0.053186237812042236,
      0.09436279535293579
    ],
    "rotationMatrix" : [
      0.9985427260398865,
      -0.03511032089591026,
      0.04098329693078995,
      0.04442581161856651,
      0.1036505252122879,
      -0.9936210513114929,
      0.030638419091701508,
      0.9939938187599182,
      0.10505928099155426
    ],
    "gravity" : [
      -0.03063841722905636,
      -0.9939938187599182,
      -0.10505929589271545
    ],
    "timestamp" : 1251192072214
  },
  {
    "userAcceleration" : [
