[
  {
    "gravity" : [
      -0.030439935624599457,
      -0.995219349861145,
      -0.09279870986938477
    ],
    "userAcceleration" : [
      0.016829118132591248,
      0.13566142320632935,
      0.04146803170442581
    ],
    "timestamp" : 1251060632669,
    "rotationMatrix" : [
      -0.42721593379974365,
      -0.07097974419593811,
      0.901358962059021,
      0.9036368131637573,
      -0.06708225607872009,
      0.4230131208896637,
      0.030439943075180054,
      0.995219349861145,
      0.09279873967170715
    ]
  },
  {
    "gravity" : [
      -0.030678492039442062,
      -0.9950810670852661,
      -0.09419181942939758
    ],
    "userAcceleration" : [
      0.015434971079230309,
      0.14740979671478271,
      0.06683273613452911
    ],
    "timestamp" : 1251060642722,
    "rotationMatrix" : [
      -0.426099956035614,
      -0.07222399115562439,
      0.9017882347106934,
      0.9041554927825928,
      -0.06780034303665161,
      0.4217885434627533,
      0.030678480863571167,
      0.9950810670852661,
      0.0941917896270752
    ]
  },
  {
    "gravity" : [
      -0.030770713463425636,
      -0.9948986768722534,
      -0.09607149660587311
    ],
    "userAcceleration" : [
      0.021340811625123024,
      0.1573438048362732,
      0.10025233030319214
    ],
    "timestamp" : 1251060652775,
    "rotationMatrix" : [
      -0.425464391708374,
      -0.07393690943717957,
      0.9019496440887451,
      0.904451847076416,
      -0.06862854957580566,
      0.42101889848709106,
      0.030770689249038696,
      0.9948986172676086,
      0.09607148170471191
    ]
  },
  {
    "gravity" : [
      -0.03063877671957016,
      -0.9946554899215698,
      -0.09859731048345566
    ],
    "userAcceleration" : [
      0.041792985051870346,
      0.16581350564956665,
      0.12887068092823029
    ],
    "timestamp" : 1251060662828,
    "rotationMatrix" : [
      -0.4250880479812622,
      -0.07631126046180725,
      0.9019291400909424,
      0.9046330451965332,
      -0.06954631209373474,
      0.42047828435897827,
      0.03063875436782837,
      0.994655430316925,
      0.09859731793403625
    ]
  },
  {
    "gravity" : [
      -0.03045152872800827,
      -0.9943357110023499,
      -0.10182725638151169
    ],
    "userAcceleration" : [
      0.07624316960573196,
      0.17081910371780396,
      0.14261390268802643
    ],
    "timestamp" : 1251060672881,
    "rotationMatrix" : [
      -0.4248155355453491,
      -0.07934030890464783,
      0.9017961025238037,
      0.9047672748565674,
      -0.07071855664253235,
      0.4199935793876648,
      0.03045150637626648,
      0.9943357110023499,
      0.1018272340297699
    ]
  },
  {
    "gravity" : [
      -0.030565312132239342,
      -0.9939294457435608,
      -0.10568773001432419
    ],
    "userAcceleration" : [
      0.11364944279193878,
      0.17157238721847534,
      0.14459753036499023
    ],
    "timestamp" : 1251060682934,
    "rotationMatrix" : [
      -0.42466962337493896,
      -0.08280563354492188,
      0.9015535116195679,
      0.9048321843147278,
      -0.07243859767913818,
      0.4195607304573059,
      0.030565321445465088,
      0.9939294457435608,
      0.10568773746490479
    ]
  },
  {
    "gravity" : [
      -0.031222011893987656,
      -0.993426501750946,
      -0.1101299449801445
    ],
    "userAcceleration" : [
      0.13196055591106415,
      0.17253434658050537,
      0.14649152755737305
    ],
    "timestamp" : 1251060692987,
    "rotationMatrix" : [
      -0.4246211647987366,
      -0.08656296133995056,
      0.9012231826782227,
      0.9048323631286621,
      -0.07490131258964539,
      0.419127494096756,
      0.031221985816955566,
      0.9934265613555908,
      0.11012992262840271
    ]
  },
  {
    "gravity" : [
      -0.03231586888432503,
      -0.9928184747695923,
      -0.11518260091543198
    ],
    "userAcceleration" : [
      0.12646260857582092,
      0.16763848066329956,
      0.1470428705215454
    ],
    "timestamp" : 1251060703040,
    "rotationMatrix" : [
      -0.4248480796813965,
      -0.09066817164421082,
      0.9007126688957214,
      0.9046876430511475,
      -0.07804232835769653,
      0.4188670814037323,
      0.032315850257873535,
      0.9928184747695923,
      0.11518257856369019
    ]
  },
  {
    "gravity" : [
      -0.03356574848294258,
      -0.9920877814292908,
      -0.12097614258527756
    ],
    "userAcceleration" : [
      0.10485483705997467,
      0.15970557928085327,
      0.15141735970973969
    ],
    "timestamp" : 1251060713093,
    "rotationMatrix" : [
      -0.4255473017692566,
      -0.09533703327178955,
      0.8999003171920776,
      0.9043136239051819,
      -0.08168703317642212,
      0.41898009181022644,
      0.03356575965881348,
      0.9920878410339355,
      0.12097609043121338
    ]
  },
  {
    "gravity" : [
      -0.034656133502721786,
      -0.9911869168281555,
      -0.1278567910194397
    ],
    "userAcceleration" : [
      0.07284888625144958,
      0.15914052724838257,
      0.17270231246948242
    ],
    "timestamp" : 1251060723146,
    "rotationMatrix" : [
      -0.4265759587287903,
      -0.10102340579032898,
      0.8987919688224792,
      0.90378737449646,
      -0.08568918704986572,
      0.41931551694869995,
      0.0346561074256897,
      0.9911869168281555,
      0.1278567910194397
    ]
  },
  {
    "gravity" : [
      -0.03527703136205673,
      -0.9900609850883484,
      -0.13614128530025482
    ],
    "userAcceleration" : [
      0.05035272613167763,
      0.15621411800384521,
      0.18676991760730743
    ],
    "timestamp" : 1251060733200,
    "rotationMatrix" : [
      -0.42784518003463745,
      -0.10814914107322693,
      0.897358238697052,
      0.9031630754470825,
      -0.089903324842453,
      0.41977789998054504,
      0.03527706861495972,
      0.9900610446929932,
      0.13614127039909363
    ]
  },
  {
    "gravity" : [
      -0.03538259118795395,
      -0.9886842370033264,
      -0.14577841758728027
    ],
    "userAcceleration" : [
      0.059705134481191635,
      0.14339321851730347,
      0.1762349158525467
    ],
    "timestamp" : 1251060743253,
    "rotationMatrix" : [
      -0.42924726009368896,
      -0.11669403314590454,
      0.8956165313720703,
      0.9024935364723206,
      -0.09426406025886536,
      0.4202612042427063,
      0.035382598638534546,
      0.9886842370033264,
      0.14577838778495789
    ]
  },
  {
    "gravity" : [
      -0.03511713817715645,
      -0.9870419502258301,
      -0.15657177567481995
    ],
    "userAcceleration" : [
      0.07201291620731354,
      0.1350676417350769,
      0.14474613964557648
    ],
    "timestamp" : 1251060753306,
    "rotationMatrix" : [
      -0.4306575655937195,
      -0.1264297068119049,
      0.8936157822608948,
      0.9018317461013794,
      -0.0988098680973053,
      0.42063745856285095,
      0.035117149353027344,
      0.9870419502258301,
      0.15657177567481995
    ]
  },
  {
    "gravity" : [
      -0.034625343978405,
      -0.9851433038711548,
      -0.16820630431175232
    ],
    "userAcceleration" : [
      0.07638867199420929,
      0.1375178098678589,
      0.10457709431648254
    ],
    "timestamp" : 1251060763359,
    "rotationMatrix" : [
      -0.4320070743560791,
      -0.13701632618904114,
      0.891400933265686,
      0.9012049436569214,
      -0.1035311222076416,
      0.42084500193595886,
      0.03462538123130798,
      0.9851433038711548,
      0.1682063341140747
    ]
  },
  {
    "gravity" : [
      -0.03407120332121849,
      -0.9830036759376526,
      -0.1803959161043167
    ],
    "userAcceleration" : [
      0.08546282351016998,
      0.13444733619689941,
      0.057791486382484436
    ],
    "timestamp" : 1251060773412,
    "rotationMatrix" : [
      -0.4335896968841553,
      -0.14809027314186096,
      0.8888581991195679,
      0.9004658460617065,
      -0.1085021048784256,
      0.4211748242378235,
      0.0340711772441864,
      0.9830036759376526,
      0.18039588630199432
    ]
  },
  {
    "gravity" : [
      -0.03355764225125313,
      -0.9806371331214905,
      -0.1929364949464798
    ],
    "userAcceleration" : [
      0.09151053428649902,
      0.12995976209640503,
      0.013966098427772522
    ],
    "timestamp" : 1251060783465,
    "rotationMatrix" : [
      -0.43552178144454956,
      -0.1594037115573883,
      0.8859518766403198,
      0.8995522260665894,
      -0.11375829577445984,
      0.4217398762702942,
      0.03355765342712402,
      0.9806371331214905,
      0.192936509847641
    ]
  },
  {
    "gravity" : [
      -0.03307993337512016,
      -0.9780831336975098,
      -0.20556975901126862
    ],
    "userAcceleration" : [
      0.09368786215782166,
      0.12324011325836182,
      -0.02761511504650116
    ],
    "timestamp" : 1251060793518,
    "rotationMatrix" : [
      -0.4381123185157776,
      -0.17067718505859375,
      0.8825681209564209,
      0.8983111381530762,
      -0.11925780773162842,
      0.42286446690559387,
      0.03307992219924927,
      0.9780831336975098,
      0.2055698037147522
    ]
  },
  {
    "gravity" : [
      -0.03261005878448486,
      -0.9753987193107605,
      -0.21802258491516113
    ],
    "userAcceleration" : [
      0.10611166059970856,
      0.10865378379821777,
      -0.06458550691604614
    ],
    "timestamp" : 1251060803571,
    "rotationMatrix" : [
      -0.44150209426879883,
      -0.18164363503456116,
      0.8786815404891968,
      0.8966673612594604,
      -0.12491120398044586,
      0.4247172772884369,
      0.03261008858680725,
      0.9753986597061157,
      0.21802257001399994
    ]
  },
  {
    "gravity" : [
      -0.0322837270796299,
      -0.9726741313934326,
      -0.22991929948329926
    ],
    "userAcceleration" : [
      0.1292228251695633,
      0.08815258741378784,
      -0.08670064806938171
    ],
    "timestamp" : 1251060813624,
    "rotationMatrix" : [
      -0.44545555114746094,
      -0.19192585349082947,
      0.8744906187057495,
      0.8947217464447021,
      -0.13065063953399658,
      0.4270869791507721,
      0.0322837233543396,
      0.9726741313934326,
      0.22991931438446045
    ]
  },
  {
    "gravity" : [
      -0.032356515526771545,
      -0.9699738025665283,
      -0.24104732275009155
    ],
    "userAcceleration" : [
      0.14447812736034393,
      0.0682709813117981,
      -0.09135019779205322
    ],
    "timestamp" : 1251060823677,
    "rotationMatrix" : [
      -0.4494144320487976,
      -0.20129776000976562,
      0.8703480958938599,
      0.8927371501922607,
      -0.1364915370941162,
      0.4294069707393646,
      0.03235653042793274,
      0.9699738025665283,
      0.24104732275009155
    ]
  },
  {
    "gravity" : [
      -0.033015135675668716,
      -0.9673298597335815,
      -0.2513618767261505
    ],
    "userAcceleration" : [
      0.1449078470468521,
      0.048018455505371094,
      -0.08929058909416199
    ],
    "timestamp" : 1251060833730,
    "rotationMatrix" : [
      -0.45269775390625,
      -0.20974764227867126,
      0.8666431903839111,
      0.8910524845123291,
      -0.1424032300710678,
      0.430983304977417,
      0.033015161752700806,
      0.9673298597335815,
      0.2513618469238281
    ]
  },
  {
    "gravity" : [
      -0.03428484499454498,
      -0.9647850394248962,
      -0.26079559326171875
    ],
    "userAcceleration" : [
      0.13938739895820618,
      0.02295166254043579,
      -0.10112768411636353
    ],
    "timestamp" : 1251060843783,
    "rotationMatrix" : [
      -0.45529478788375854,
      -0.21721994876861572,
      0.8634361028671265,
      0.8896802663803101,
      -0.1483415812253952,
      0.4318143129348755,
      0.03428485989570618,
      0.9647849798202515,
      0.26079559326171875
    ]
  },
  {
    "gravity" : [
      -0.03598819300532341,
      -0.9624056816101074,
      -0.26922139525413513
    ],
    "userAcceleration" : [
      0.1291583776473999,
      -0.0037197470664978027,
      -0.12503528594970703
    ],
    "timestamp" : 1251060853836,
    "rotationMatrix" : [
      -0.4577549695968628,
      -0.223597913980484,
      0.8605023622512817,
      0.8883497714996338,
      -0.15420536696910858,
      0.43249908089637756,
      0.035988181829452515,
      0.9624056816101074,
      0.26922136545181274
    ]
  },
  {
    "gravity" : [
      -0.037844959646463394,
      -0.9601972103118896,
      -0.27674737572669983
    ],
    "userAcceleration" : [
      0.11131604760885239,
      -0.01812005043029785,
      -0.13929888606071472
    ],
    "timestamp" : 1251060863889,
    "rotationMatrix" : [
      -0.4605046510696411,
      -0.2290274202823639,
      0.8576024770736694,
      0.8868502378463745,
      -0.15989944338798523,
      0.43350768089294434,
      0.037844955921173096,
      0.9601972103118896,
      0.27674737572669983
    ]
  },
  {
    "gravity" : [
      -0.039580803364515305,
      -0.9581090211868286,
      -0.2836555540561676
    ],
    "userAcceleration" : [
      0.0903315544128418,
      -0.027700304985046387,
      -0.13483205437660217
    ],
    "timestamp" : 1251060873942,
    "rotationMatrix" : [
      -0.46383798122406006,
      -0.23382163047790527,
      0.8545068502426147,
      0.885035514831543,
      -0.16539235413074493,
      0.43515247106552124,
      0.0395808219909668,
      0.9581090807914734,
      0.28365558385849
    ]
  },
  {
    "gravity" : [
      -0.040964510291814804,
      -0.9560707807540894,
      -0.2902592420578003
    ],
    "userAcceleration" : [
      0.07439655065536499,
      -0.037566184997558594,
      -0.1120082437992096
    ],
    "timestamp" : 1251060883995,
    "rotationMatrix" : [
      -0.46806859970092773,
      -0.23829185962677002,
      0.8509573936462402,
      0.8827419281005859,
      -0.1707201451063156,
      0.4377453625202179,
      0.0409645140171051,
      0.9560707807540894,
      0.2902591824531555
    ]
  },
  {
    "gravity" : [
      -0.0418907105922699,
      -0.9540401101112366,
      -0.29673609137535095
    ],
    "userAcceleration" : [
      0.07504808157682419,
      -0.0468752384185791,
      -0.08943334221839905
    ],
    "timestamp" : 1251060894048,
    "rotationMatrix" : [
      -0.4727897047996521,
      -0.24271130561828613,
      0.847089409828186,
      0.880178689956665,
      -0.17577873170375824,
      0.440893292427063,
      0.0418907105922699,
      0.9540401697158813,
      0.29673606157302856
    ]
  },
  {
    "gravity" : [
      -0.042520005255937576,
      -0.9519927501678467,
      -0.30315282940864563
    ],
    "userAcceleration" : [
      0.08684679865837097,
      -0.055438101291656494,
      -0.06765106320381165
    ],
    "timestamp" : 1251060904101,
    "rotationMatrix" : [
      -0.47767287492752075,
      -0.2471301257610321,
      0.8430627584457397,
      0.8775079250335693,
      -0.18065479397773743,
      0.44423338770866394,
      0.04252001643180847,
      0.9519927501678467,
      0.30315282940864563
    ]
  },
  {
    "gravity" : [
      -0.04307378828525543,
      -0.9499062299728394,
      -0.30955207347869873
    ],
    "userAcceleration" : [
      0.08836190402507782,
      -0.06176656484603882,
      -0.04098811745643616
    ],
    "timestamp" : 1251060914154,
    "rotationMatrix" : [
      -0.48233672976493835,
      -0.2515663504600525,
      0.8390857577323914,
      0.8749257922172546,
      -0.1854506880044937,
      0.44733914732933044,
      0.04307377338409424,
      0.9499062299728394,
      0.30955207347869873
    ]
  },
  {
    "gravity" : [
      -0.043658092617988586,
      -0.9477720260620117,
      -0.31594642996788025
    ],
    "userAcceleration" : [
      0.07344327121973038,
      -0.06950092315673828,
      -0.019945353269577026
    ],
    "timestamp" : 1251060924208,
    "rotationMatrix" : [
      -0.4864160120487213,
      -0.2560674846172333,
      0.8353615999221802,
      0.8726359605789185,
      -0.19015178084373474,
      0.449832022190094,
      0.04365810751914978,
      0.9477720856666565,
      0.31594645977020264
    ]
  },
  {
    "gravity" : [
      -0.04429588466882706,
      -0.9456320405006409,
      -0.3222079277038574
    ],
    "userAcceleration" : [
      0.06545983254909515,
      -0.08172690868377686,
      -0.022945940494537354
    ],
    "timestamp" : 1251060934261,
    "rotationMatrix" : [
      -0.4895792603492737,
      -0.26059332489967346,
      0.8321077823638916,
      0.8708330392837524,
      -0.19460530579090118,
      0.45141857862472534,
      0.04429587721824646,
      0.9456320405006409,
      0.3222079277038574
    ]
  },
  {
    "gravity" : [
      -0.04483046010136604,
      -0.9435453414916992,
      -0.3281957507133484
    ],
    "userAcceleration" : [
      0.06398023664951324,
      -0.09280109405517578,
      -0.033895403146743774
    ],
    "timestamp" : 1251060944314,
    "rotationMatrix" : [
      -0.49224260449409485,
      -0.2650124430656433,
      0.8291354179382324,
      0.8693028092384338,
      -0.19872242212295532,
      0.4525725841522217,
      0.04483044147491455,
      0.9435453414916992,
      0.328195720911026
    ]
  },
  {
    "gravity" : [
      -0.04515404626727104,
      -0.941534698009491,
      -0.33387628197669983
    ],
    "userAcceleration" : [
      0.06392236799001694,
      -0.09877890348434448,
      -0.040254026651382446
    ],
    "timestamp" : 1251060954367,
    "rotationMatrix" : [
      -0.49461692571640015,
      -0.26930439472198486,
      0.826334536075592,
      0.8679370880126953,
      -0.20245304703712463,
      0.45353907346725464,
      0.045154035091400146,
      0.941534698009491,
      0.33387628197669983
    ]
  },
  {
    "gravity" : [
      -0.04520754888653755,
      -0.939568042755127,
      -0.33936434984207153
    ],
    "userAcceleration" : [
      0.06710392981767654,
      -0.09865522384643555,
      -0.03502538800239563
    ],
    "timestamp" : 1251060964420,
    "rotationMatrix" : [
      -0.4969117045402527,
      -0.2735533118247986,
      0.8235577344894409,
      0.8666227459907532,
      -0.20586514472961426,
      0.4545156955718994,
      0.045207589864730835,
      0.939568042755127,
      0.33936434984207153
    ]
  },
  {
    "gravity" : [
      -0.04498065635561943,
      -0.9375819563865662,
      -0.34484320878982544
    ],
    "userAcceleration" : [
      0.06864707171916962,
      -0.09664344787597656,
      -0.019277334213256836
    ],
    "timestamp" : 1251060974473,
    "rotationMatrix" : [
      -0.49904772639274597,
      -0.27794554829597473,
      0.8207908868789673,
      0.8654063940048218,
      -0.2090129405260086,
      0.45539599657058716,
      0.04498067498207092,
      0.9375819563865662,
      0.34484320878982544
    ]
  },
  {
    "gravity" : [
      -0.04459983855485916,
      -0.935515820980072,
      -0.3504581153392792
    ],
    "userAcceleration" : [
      0.06995996832847595,
      -0.09198039770126343,
      -0.004751294851303101
    ],
    "timestamp" : 1251060984526,
    "rotationMatrix" : [
      -0.501336932182312,
      -0.2824755311012268,
      0.8178437948226929,
      0.8641017079353333,
      -0.21217316389083862,
      0.45641040802001953,
      0.044599831104278564,
      0.9355157613754272,
      0.3504580855369568
    ]
  },
  {
    "gravity" : [
      -0.044283557683229446,
      -0.9333460927009583,
      -0.35623568296432495
    ],
    "userAcceleration" : [
      0.06666821986436844,
      -0.0941501259803772,
      0.0031167268753051758
    ],
    "timestamp" : 1251060994579,
    "rotationMatrix" : [
      -0.5035983324050903,
      -0.2871091663837433,
      0.8148353695869446,
      0.8628020286560059,
      -0.21548336744308472,
      0.4573175311088562,
      0.04428356885910034,
      0.9333460927009583,
      0.35623568296432495
    ]
  },
  {
    "gravity" : [
      -0.044087450951337814,
      -0.9310970306396484,
      -0.3620976507663727
    ],
    "userAcceleration" : [
      0.04750543460249901,
      -0.09636878967285156,
      0.0027378499507904053
    ],
    "timestamp" : 1251061004632,
    "rotationMatrix" : [
      -0.5056061744689941,
      -0.2918091118335724,
      0.8119174838066101,
      0.8616373538970947,
      -0.2188742756843567,
      0.4579031467437744,
      0.04408746957778931,
      0.9310970306396484,
      0.36209768056869507
    ]
  },
  {
    "gravity" : [
      -0.043835293501615524,
      -0.928851306438446,
      -0.3678499460220337
    ],
    "userAcceleration" : [
      0.020382557064294815,
      -0.1036650538444519,
      -0.0017942488193511963
    ],
    "timestamp" : 1251061014685,
    "rotationMatrix" : [
      -0.5074140429496765,
      -0.29647621512413025,
      0.809093713760376,
      0.8605865240097046,
      -0.2221190333366394,
      0.45831620693206787,
      0.04383531212806702,
      0.9288513660430908,
      0.3678499460220337
    ]
  },
  {
    "gravity" : [
      -0.04333703964948654,
      -0.9266833066940308,
      -0.37333619594573975
    ],
    "userAcceleration" : [
      0.0011007227003574371,
      -0.11294370889663696,
      -0.0026556849479675293
    ],
    "timestamp" : 1251061024738,
    "rotationMatrix" : [
      -0.5086877346038818,
      -0.3011535704135895,
      0.806562602519989,
      0.8598597049713135,
      -0.22486557066440582,
      0.4583413600921631,
      0.04333704710006714,
      0.9266833066940308,
      0.37333619594573975
    ]
  },
  {
    "gravity" : [
      -0.04245198518037796,
      -0.9246467351913452,
      -0.3784521520137787
    ],
    "userAcceleration" : [
      -0.005216468125581741,
      -0.12012243270874023,
      0.003085911273956299
    ],
    "timestamp" : 1251061034791,
    "rotationMatrix" : [
      -0.509406328201294,
      -0.3058266043663025,
      0.8043474555015564,
      0.8594780564308167,
      -0.22693194448947906,
      0.4580381214618683,
      0.04245197772979736,
      0.9246467351913452,
      0.3784521818161011
    ]
  },
  {
    "gravity" : [
      -0.04118591174483299,
      -0.9227510690689087,
      -0.38318952918052673
    ],
    "userAcceleration" : [
      0.001360476016998291,
      -0.11594516038894653,
      0.016764938831329346
    ],
    "timestamp" : 1251061044844,
    "rotationMatrix" : [
      -0.5094740986824036,
      -0.31051579117774963,
      0.8025060892105103,
      0.8594998121261597,
      -0.2282770574092865,
      0.4573289155960083,
      0.0411858856678009,
      0.9227510690689087,
      0.38318952918052673
    ]
  },
  {
    "gravity" : [
      -0.03983872011303902,
      -0.9209331274032593,
      -0.387678861618042
    ],
    "userAcceleration" : [
      0.02355761080980301,
      -0.10216856002807617,
      0.03591793775558472
    ],
    "timestamp" : 1251061054897,
    "rotationMatrix" : [
      -0.5086802840232849,
      -0.3152540922164917,
      0.8011610507965088,
      0.8600331544876099,
      -0.22912175953388214,
      0.4559013247489929,
      0.03983873128890991,
      0.920933187007904,
      0.387678861618042
    ]
  },
  {
    "gravity" : [
      -0.03887096047401428,
      -0.9191468358039856,
      -0.39199233055114746
    ],
    "userAcceleration" : [
      0.061209842562675476,
      -0.09370094537734985,
      0.03827831149101257
    ],
    "timestamp" : 1251061064950,
    "rotationMatrix" : [
      -0.5071330070495605,
      -0.31986600160598755,
      0.8003133535385132,
      0.860990583896637,
      -0.22990107536315918,
      0.4536963403224945,
      0.038870930671691895,
      0.9191467761993408,
      0.39199233055114746
    ]
  },
  {
    "gravity" : [
      -0.03871476277709007,
      -0.9174313545227051,
      -0.39600616693496704
    ],
    "userAcceleration" : [
      0.09338701516389847,
      -0.08232444524765015,
      0.021463871002197266
    ],
    "timestamp" : 1251061075003,
    "rotationMatrix" : [
      -0.5050063133239746,
      -0.32400381565093994,
      0.7999938130378723,
      0.8622468709945679,
      -0.23095718026161194,
      0.4507649838924408,
      0.03871476650238037,
      0.9174313545227051,
      0.39600616693496704
    ]
  },
  {
    "gravity" : [
      -0.03960997983813286,
      -0.9158774614334106,
      -0.3994991183280945
    ],
    "userAcceleration" : [
      0.09626588225364685,
      -0.06973344087600708,
      -0.001974940299987793
    ],
    "timestamp" : 1251061085057,
    "rotationMatrix" : [
      -0.5023555755615234,
      -0.3273579478263855,
      0.8002972602844238,
      0.8637533783912659,
      -0.2323904186487198,
      0.447129487991333,
      0.03960996866226196,
      0.9158774614334106,
      0.3994991183280945
    ]
  },
  {
    "gravity" : [
      -0.04145844280719757,
      -0.9145874381065369,
      -0.40225738286972046
    ],
    "userAcceleration" : [
      0.07231174409389496,
      -0.06475210189819336,
      -0.027201294898986816
    ],
    "timestamp" : 1251061095110,
    "rotationMatrix" : [
      -0.49941784143447876,
      -0.3297310471534729,
      0.8011611104011536,
      0.865368664264679,
      -0.23410940170288086,
      0.44309115409851074,
      0.04145842790603638,
      0.9145873785018921,
      0.40225738286972046
    ]
  },
  {
    "gravity" : [
      -0.04378634691238403,
      -0.9136191606521606,
      -0.4042063057422638
    ],
    "userAcceleration" : [
      0.039101917296648026,
      -0.07208329439163208,
      -0.040572166442871094
    ],
    "timestamp" : 1251061105163,
    "rotationMatrix" : [
      -0.4963652491569519,
      -0.33122876286506653,
      0.802439272403717,
      0.8670086860656738,
      -0.23576977849006653,
      0.4389856159687042,
      0.04378634691238403,
      0.9136191606521606,
      0.4042063057422638
    ]
  },
  {
    "gravity" : [
      -0.04601939395070076,
      -0.9129320383071899,
      -0.40550848841667175
    ],
    "userAcceleration" : [
      0.004973281174898148,
      -0.07501339912414551,
      -0.03667595982551575
    ],
    "timestamp" : 1251061115216,
    "rotationMatrix" : [
      -0.49351125955581665,
      -0.3321623206138611,
      0.8038125038146973,
      0.8685209155082703,
      -0.23711390793323517,
      0.4352564513683319,
      0.046019405126571655,
      0.9129320383071899,
      0.40550851821899414
    ]
  },
  {
    "gravity" : [
      -0.047666557133197784,
      -0.9123984575271606,
      -0.40651801228523254
    ],
    "userAcceleration" : [
      -0.03332707658410072,
      -0.07009965181350708,
      -0.017401695251464844
    ],
    "timestamp" : 1251061125269,
    "rotationMatrix" : [
      -0.49099498987197876,
      -0.33301541209220886,
      0.804999589920044,
      0.8698571920394897,
      -0.2379697859287262,
      0.4321094751358032,
      0.0476665198802948,
      0.9123984575271606,
      0.40651801228523254
    ]
  },
  {
    "gravity" : [
      -0.04804392158985138,
      -0.9119636416435242,
      -0.40744808316230774
    ],
    "userAcceleration" : [
      -0.06332997232675552,
      -0.06176060438156128,
      0.0009996891021728516
    ],
    "timestamp" : 1251061135322,
    "rotationMatrix" : [
      -0.4892171621322632,
      -0.3341575562953949,
      0.8056083917617798,
      0.8708374500274658,
      -0.23803505301475525,
      0.4300941824913025,
      0.048043906688690186,
      0.9119636416435242,
      0.40744808316230774
    ]
  },
  {
    "gravity" : [
      -0.04677000269293785,
      -0.9116129279136658,
      -0.40838000178337097
    ],
    "userAcceleration" : [
      -0.09274110198020935,
      -0.04775279760360718,
      0.012414395809173584
    ],
    "timestamp" : 1251061145375,
    "rotationMatrix" : [
      -0.4881895184516907,
      -0.33581629395484924,
      0.8055419921875,
      0.871483325958252,
      -0.2370419055223465,
      0.42933398485183716,
      0.04677000641822815,
      0.9116129279136658,
      0.40838003158569336
    ]
  },
  {
    "gravity" : [
      -0.04505890980362892,
      -0.9110899567604065,
      -0.40973716974258423
    ],
    "userAcceleration" : [
      -0.027694962918758392,
      -0.08926087617874146,
      0.06867268681526184
    ],
    "timestamp" : 1251061155428,
    "rotationMatrix" : [
      -0.4867136776447296,
      -0.33815962076187134,
      0.8054547905921936,
      0.8723984360694885,
      -0.23571747541427612,
      0.4282030165195465,
      0.04505890607833862,
      0.9110900163650513,
      0.40973713994026184
    ]
  },
  {
    "gravity" : [
      -0.043439630419015884,
      -0.9103152751922607,
      -0.411629855632782
    ],
    "userAcceleration" : [
      0.01763702556490898,
      -0.08142966032028198,
      0.10646927356719971
    ],
    "timestamp" : 1251061165481,
    "rotationMatrix" : [
      -0.48436784744262695,
      -0.3411661982536316,
      0.8056012988090515,
      0.8737853169441223,
      -0.23437531292438507,
      0.4261072874069214,
      0.043439626693725586,
      0.9103152751922607,
      0.411629855632782
    ]
  },
  {
    "gravity" : [
      -0.042320430278778076,
      -0.9093956351280212,
      -0.4137733578681946
    ],
    "userAcceleration" : [
      0.05068226531147957,
      -0.052335143089294434,
      0.11171033978462219
    ],
    "timestamp" : 1251061175534,
    "rotationMatrix" : [
      -0.48076286911964417,
      -0.3445088267326355,
      0.8063375949859619,
      0.8758285641670227,
      -0.23305131494998932,
      0.42262405157089233,
      0.04232040047645569,
      0.9093956351280212,
      0.4137733578681946
    ]
  },
  {
    "gravity" : [
      -0.041809793561697006,
      -0.9085521101951599,
      -0.4156741201877594
    ],
    "userAcceleration" : [
      0.0789802223443985,
      -0.031099319458007812,
      0.08059108257293701
    ],
    "timestamp" : 1251061185587,
    "rotationMatrix" : [
      -0.47630906105041504,
      -0.3475939929485321,
      0.8076558709144592,
      0.8782832622528076,
      -0.231757253408432,
      0.41821879148483276,
      0.041809797286987305,
      0.9085521101951599,
      0.4156741201877594
    ]
  },
  {
    "gravity" : [
      -0.041615404188632965,
      -0.9080075025558472,
      -0.41688182950019836
    ],
    "userAcceleration" : [
      0.06995099782943726,
      -0.01795673370361328,
      0.03844857215881348
    ],
    "timestamp" : 1251061195640,
    "rotationMatrix" : [
      -0.4714728593826294,
      -0.35002100467681885,
      0.8094433546066284,
      0.880898118019104,
      -0.23023375868797302,
      0.4135347008705139,
      0.04161539673805237,
      0.9080075621604919,
      0.41688182950019836
    ]
  },
  {
    "gravity" : [
      -0.0420626662671566,
      -0.9077303409576416,
      -0.4174399971961975
    ],
    "userAcceleration" : [
      0.07032196968793869,
      -0.03523212671279907,
      0.028203517198562622
    ],
    "timestamp" : 1251061205693,
    "rotationMatrix" : [
      -0.46612095832824707,
      -0.35172519087791443,
      0.8118005990982056,
      0.8837202787399292,
      -0.2287239283323288,
      0.4083178639411926,
      0.0420626699924469,
      0.9077304005622864,
      0.4174399971961975
    ]
  },
  {
    "gravity" : [
      -0.0429212860763073,
      -0.9076539874076843,
      -0.417518675327301
    ],
    "userAcceleration" : [
      0.05796646326780319,
      -0.03793305158615112,
      0.028266936540603638
    ],
    "timestamp" : 1251061215746,
    "rotationMatrix" : [
      -0.46053609251976013,
      -0.35288166999816895,
      0.814481794834137,
      0.8866024017333984,
      -0.2272408902645111,
      0.40286150574684143,
      0.04292130470275879,
      0.9076540470123291,
      0.417518675327301
    ]
  },
  {
    "gravity" : [
      -0.04404018074274063,
      -0.9076486825942993,
      -0.41741394996643066
    ],
    "userAcceleration" : [
      0.04771755263209343,
      -0.04448443651199341,
      0.04609125852584839
    ],
    "timestamp" : 1251061225799,
    "rotationMatrix" : [
      -0.4547824263572693,
      -0.3538023829460144,
      0.8173108100891113,
      0.8895130753517151,
      -0.22582705318927765,
      0.3972010910511017,
      0.04404020309448242,
      0.9076486825942993,
      0.41741394996643066
    ]
  },
  {
    "gravity" : [
      -0.04482493922114372,
      -0.9076942205429077,
      -0.4172312915325165
    ],
    "userAcceleration" : [
      0.014063239097595215,
      -0.04803997278213501,
      0.05637615919113159
    ],
    "timestamp" : 1251061235853,
    "rotationMatrix" : [
      -0.44893476366996765,
      -0.35480064153671265,
      0.8201061487197876,
      0.8924395442008972,
      -0.22407084703445435,
      0.39159154891967773,
      0.04482492804527283,
      0.9076942205429077,
      0.4172312915325165
    ]
  },
  {
    "gravity" : [
      -0.04531843587756157,
      -0.9076730012893677,
      -0.4172241687774658
    ],
    "userAcceleration" : [
      -0.011276386678218842,
      -0.06769925355911255,
      0.09416502714157104
    ],
    "timestamp" : 1251061245906,
    "rotationMatrix" : [
      -0.44219937920570374,
      -0.35627955198287964,
      0.8231189250946045,
      0.8957712054252625,
      -0.22179874777793884,
      0.38522636890411377,
      0.04531845450401306,
      0.9076730012893677,
      0.4172241687774658
    ]
  },
  {
    "gravity" : [
      -0.045297909528017044,
      -0.9075693488121033,
      -0.41745173931121826
    ],
    "userAcceleration" : [
      -0.016973178833723068,
      -0.07083934545516968,
      0.10887318849563599
    ],
    "timestamp" : 1251061255959,
    "rotationMatrix" : [
      -0.43441396951675415,
      -0.3584047853946686,
      0.8263355493545532,
      0.899573564529419,
      -0.21877816319465637,
      0.3780258297920227,
      0.04529795050621033,
      0.9075693488121033,
      0.41745176911354065
    ]
  },
  {
    "gravity" : [
      -0.04470660164952278,
      -0.9074254035949707,
      -0.41782838106155396
    ],
    "userAcceleration" : [
      -0.023591723293066025,
      -0.06321662664413452,
      0.08790278434753418
    ],
    "timestamp" : 1251061266012,
    "rotationMatrix" : [
      -0.4256286025047302,
      -0.36108526587486267,
      0.8297336101531982,
      0.9037929773330688,
      -0.2149343192577362,
      0.3700832426548004,
      0.04470661282539368,
      0.9074254035949707,
      0.41782841086387634
    ]
  },
  {
    "gravity" : [
      -0.04381556808948517,
      -0.9072787165641785,
      -0.4182409346103668
    ],
    "userAcceleration" : [
      0.0002669915556907654,
      -0.06293606758117676,
      0.053861021995544434
    ],
    "timestamp" : 1251061276065,
    "rotationMatrix" : [
      -0.4160569906234741,
      -0.36404019594192505,
      0.833289384841919,
      0.9082822203636169,
      -0.2105230689048767,
      0.3615291714668274,
      0.04381558299064636,
      0.9072787165641785,
      0.4182409644126892
    ]
  },
  {
    "gravity" : [
      -0.043159712105989456,
      -0.9071303009986877,
      -0.41863101720809937
    ],
    "userAcceleration" : [
      0.03467584028840065,
      -0.06618207693099976,
      0.024526894092559814
    ],
    "timestamp" : 1251061286118,
    "rotationMatrix" : [
      -0.4057745635509491,
      -0.3669876754283905,
      0.8370586633682251,
      0.9129536151885986,
      -0.20599707961082458,
      0.35225123167037964,
      0.04315972328186035,
      0.9071303009986877,
      0.41863101720809937
    ]
  },
  {
    "gravity" : [
      -0.042819418013095856,
      -0.9070232510566711,
      -0.4188976585865021
    ],
    "userAcceleration" : [
      0.047168198972940445,
      -0.05122864246368408,
      -0.0037097930908203125
    ],
    "timestamp" : 1251061296171,
    "rotationMatrix" : [
      -0.39521774649620056,
      -0.3697040379047394,
      0.8409051895141602,
      0.9175888299942017,
      -0.2015627771615982,
      0.34264129400253296,
      0.04281941056251526,
      0.9070232510566711,
      0.4188976287841797
    ]
  },
  {
    "gravity" : [
      -0.042637500911951065,
      -0.9070124626159668,
      -0.4189395606517792
    ],
    "userAcceleration" : [
      0.048680003732442856,
      -0.03695720434188843,
      -0.025854170322418213
    ],
    "timestamp" : 1251061306224,
    "rotationMatrix" : [
      -0.384738564491272,
      -0.3720766007900238,
      0.8447099924087524,
      0.9220401048660278,
      -0.1971985101699829,
      0.33309832215309143,
      0.04263755679130554,
      0.9070124626159668,
      0.41893959045410156
    ]
  },
  {
    "gravity" : [
      -0.04256941005587578,
      -0.9071173667907715,
      -0.41871923208236694
    ],
    "userAcceleration" : [
      0.05579879879951477,
      -0.040590643882751465,
      -0.030621647834777832
    ],
    "timestamp" : 1251061316277,
    "rotationMatrix" : [
      -0.3746093213558197,
      -0.37403184175491333,
      0.8483912944793701,
      0.9262048602104187,
      -0.19297155737876892,
      0.3238924443721771,
      0.04256942868232727,
      0.9071173667907715,
      0.41871923208236694
    ]
  },
  {
    "gravity" : [
      -0.04251321777701378,
      -0.9073054194450378,
      -0.41831740736961365
    ],
    "userAcceleration" : [
      0.05652080476284027,
      -0.05074810981750488,
      -0.016848087310791016
    ],
    "timestamp" : 1251061326330,
    "rotationMatrix" : [
      -0.3643874526023865,
      -0.3757745921611786,
      0.8520651459693909,
      0.9302763938903809,
      -0.18865357339382172,
      0.31463539600372314,
      0.04251319169998169,
      0.9073053598403931,
      0.41831737756729126
    ]
  },
  {
    "gravity" : [
      -0.04230940341949463,
      -0.9075353741645813,
      -0.4178389310836792
    ],
    "userAcceleration" : [
      0.045010242611169815,
      -0.06071096658706665,
      -0.002586543560028076
    ],
    "timestamp" : 1251061336383,
    "rotationMatrix" : [
      -0.35379570722579956,
      -0.3775050938129425,
      0.8557559847831726,
      0.9343652725219727,
      -0.18403609097003937,
      0.30511024594306946,
      0.04230940341949463,
      0.9075354337692261,
      0.4178389310836792
    ]
  },
  {
    "gravity" : [
      -0.041788920760154724,
      -0.9078205823898315,
      -0.4172714948654175
    ],
    "userAcceleration" : [
      0.03284729644656181,
      -0.06572061777114868,
      0.004628002643585205
    ],
    "timestamp" : 1251061346436,
    "rotationMatrix" : [
      -0.34269246459007263,
      -0.37927839159965515,
      0.8594822883605957,
      0.938517689704895,
      -0.17891265451908112,
      0.2952536344528198,
      0.04178893566131592,
      0.9078205823898315,
      0.4172714948654175
    ]
  },
  {
    "gravity" : [
      -0.04099221155047417,
      -0.9081337451934814,
      -0.4166686534881592
    ],
    "userAcceleration" : [
      0.026435334235429764,
      -0.05611485242843628,
      0.015087783336639404
    ],
    "timestamp" : 1251061356489,
    "rotationMatrix" : [
      -0.3310105800628662,
      -0.3811267614364624,
      0.8632348775863647,
      0.9427362680435181,
      -0.1733076572418213,
      0.28497862815856934,
      0.04099223017692566,
      0.9081337451934814,
      0.4166686534881592
    ]
  },
  {
    "gravity" : [
      -0.04017185792326927,
      -0.9084206223487854,
      -0.4161227345466614
    ],
    "userAcceleration" : [
      0.03985143080353737,
      -0.044216036796569824,
      0.0231478214263916
    ],
    "timestamp" : 1251061366542,
    "rotationMatrix" : [
      -0.31871649622917175,
      -0.3830547332763672,
      0.8669998645782471,
      0.9469983577728271,
      -0.16745412349700928,
      0.2741406559944153,
      0.04017183184623718,
      0.9084206223487854,
      0.416122704744339
    ]
  },
  {
    "gravity" : [
      -0.03946341946721077,
      -0.9086774587631226,
      -0.415629506111145
    ],
    "userAcceleration" : [
      0.06055106967687607,
      -0.035276949405670166,
      0.013209402561187744
    ],
    "timestamp" : 1251061376596,
    "rotationMatrix" : [
      -0.3061104118824005,
      -0.38495999574661255,
      0.8706905841827393,
      0.9511776566505432,
      -0.1615888923406601,
