[
  {
    "rotationMatrix" : [
      -0.4872989058494568,
      -0.13336700201034546,
      0.8629906177520752,
      0.8666492104530334,
      -0.19500893354415894,
      0.4592280983924866,
      0.10704508423805237,
      0.9716915488243103,
      0.2106102705001831
    ],
    "userAcceleration" : [
      -0.07306962460279465,
      -0.09915488958358765,
      0.11548693478107452
    ],
    "gravity" : [
      -0.10704509913921356,
      -0.9716915488243103,
      -0.2106102705001831
    ],
    "timestamp" : 1251131008712
  },
  {
    "rotationMatrix" : [
      -0.49154508113861084,
      -0.13841012120246887,
      0.8597826957702637,
      0.8643084764480591,
      -0.19834236800670624,
      0.4622027575969696,
      0.10655775666236877,
      0.9703108072280884,
      0.2171231061220169
    ],
    "userAcceleration" : [
      -0.07285510748624802,
      -0.10337388515472412,
      0.11806294322013855
    ],
    "gravity" : [
      -0.10655773431062698,
      -0.9703108668327332,
      -0.21712307631969452
    ],
    "timestamp" : 1251131018766
  },
  {
    "rotationMatrix" : [
      -0.49567002058029175,
      -0.14415761828422546,
      0.8564634323120117,
      0.8620443344116211,
      -0.20177142322063446,
      0.46493834257125854,
      0.10578548908233643,
      0.9687655568122864,
      0.2242823988199234
    ],
    "userAcceleration" : [
      -0.08261474967002869,
      -0.10455280542373657,
      0.09842783212661743
    ],
    "gravity" : [
      -0.10578551143407822,
      -0.9687655568122864,
      -0.2242824137210846
    ],
    "timestamp" : 1251131028820
  },
  {
    "rotationMatrix" : [
      -0.5000947117805481,
      -0.15029692649841309,
      0.8528282046318054,
      0.8596153259277344,
      -0.20525354146957397,
      0.46790212392807007,
      0.1047217845916748,
      0.9670996069908142,
      0.23184382915496826
    ],
    "userAcceleration" : [
      -0.09011763334274292,
      -0.10231250524520874,
      0.06909352540969849
    ],
    "gravity" : [
      -0.10472181439399719,
      -0.9670996069908142,
      -0.23184385895729065
    ],
    "timestamp" : 1251131038874
  },
  {
    "rotationMatrix" : [
      -0.5048370957374573,
      -0.15669497847557068,
      0.848873496055603,
      0.8570082187652588,
      -0.20869286358356476,
      0.4711519479751587,
      0.10332667827606201,
      0.9653465747833252,
      0.23964475095272064
    ],
    "userAcceleration" : [
      -0.0875454843044281,
      -0.08981388807296753,
      0.04843682050704956
    ],
    "gravity" : [
      -0.1033266931772232,
      -0.9653465747833252,
      -0.23964479565620422
    ],
    "timestamp" : 1251131048928
  },
  {
    "rotationMatrix" : [
      -0.509641706943512,
      -0.16322633624076843,
      0.8447616100311279,
      0.8543531894683838,
      -0.21207894384860992,
      0.47445011138916016,
      0.10171344876289368,
      0.963524580001831,
      0.24753741919994354
    ],
    "userAcceleration" : [
      -0.08050697296857834,
      -0.08173292875289917,
      0.03128977119922638
    ],
    "gravity" : [
      -0.10171344876289368,
      -0.9635245203971863,
      -0.24753735959529877
    ],
    "timestamp" : 1251131058982
  },
  {
    "rotationMatrix" : [
      -0.5146198868751526,
      -0.16965916752815247,
      0.8404653668403625,
      0.8515554666519165,
      -0.2155679166316986,
      0.47789517045021057,
      0.1000981330871582,
      0.9616372585296631,
      0.2554098069667816
    ],
    "userAcceleration" : [
      -0.0596308633685112,
      -0.07870692014694214,
      0.005897998809814453
    ],
    "gravity" : [
      -0.1000981256365776,
      -0.9616371989250183,
      -0.25540977716445923
    ],
    "timestamp" : 1251131069037
  },
  {
    "rotationMatrix" : [
      -0.5201433897018433,
      -0.17576542496681213,
      0.8357971906661987,
      0.8483738899230957,
      -0.219246044754982,
      0.48186373710632324,
      0.09855040907859802,
      0.9597069025039673,
      0.2631545066833496
    ],
    "userAcceleration" : [
      -0.035574302077293396,
      -0.06890320777893066,
      -0.024244844913482666
    ],
    "gravity" : [
      -0.09855041652917862,
      -0.9597069025039673,
      -0.2631544768810272
    ],
    "timestamp" : 1251131079091
  },
  {
    "rotationMatrix" : [
      -0.5264332294464111,
      -0.18132561445236206,
      0.830655574798584,
      0.8446465134620667,
      -0.22318391501903534,
      0.48658090829849243,
      0.09715956449508667,
      0.9577628970146179,
      0.27064770460128784
    ],
    "userAcceleration" : [
      -0.01732715219259262,
      -0.0642249584197998,
      -0.046841979026794434
    ],
    "gravity" : [
      -0.09715952724218369,
      -0.9577628970146179,
      -0.27064770460128784
    ],
    "timestamp" : 1251131089145
  },
  {
    "rotationMatrix" : [
      -0.533527135848999,
      -0.18617138266563416,
      0.8250386714935303,
      0.8403191566467285,
      -0.22737805545330048,
      0.4921003580093384,
      0.09598073363304138,
      0.9558448791503906,
      0.2777557969093323
    ],
    "userAcceleration" : [
      -0.010525591671466827,
      -0.06895065307617188,
      -0.0637969970703125
    ],
    "gravity" : [
      -0.09598072618246078,
      -0.9558448195457458,
      -0.27775582671165466
    ],
    "timestamp" : 1251131099199
  },
  {
    "rotationMatrix" : [
      -0.541571319103241,
      -0.19023409485816956,
      0.8188477158546448,
      0.8352729082107544,
      -0.23181261122226715,
      0.49858009815216064,
      0.09497225284576416,
      0.9539779424667358,
      0.28444045782089233
    ],
    "userAcceleration" : [
      -0.014311149716377258,
      -0.08152920007705688,
      -0.06394827365875244
    ],
    "gravity" : [
      -0.09497226774692535,
      -0.9539779424667358,
      -0.28444045782089233
    ],
    "timestamp" : 1251131109253
  },
  {
    "rotationMatrix" : [
      -0.5503435134887695,
      -0.19356966018676758,
      0.8121901154518127,
      0.8296178579330444,
      -0.23641766607761383,
      0.505807101726532,
      0.09410715103149414,
      0.9521750807762146,
      0.29069983959198
    ],
    "userAcceleration" : [
      -0.020013287663459778,
      -0.09419631958007812,
      -0.049220263957977295
    ],
    "gravity" : [
      -0.09410716593265533,
      -0.9521750807762146,
      -0.29069983959198
    ],
    "timestamp" : 1251131119307
  },
  {
    "rotationMatrix" : [
      -0.559199869632721,
      -0.1964353621006012,
      0.8054242730140686,
      0.8237740993499756,
      -0.24091029167175293,
      0.5131843090057373,
      0.09322750568389893,
      0.9504604339599609,
      0.2965356707572937
    ],
    "userAcceleration" : [
      -0.034412212669849396,
      -0.09693324565887451,
      -0.029437899589538574
    ],
    "gravity" : [
      -0.09322755038738251,
      -0.9504604339599609,
      -0.2965356707572937
    ],
    "timestamp" : 1251131129361
  },
  {
    "rotationMatrix" : [
      -0.5680214762687683,
      -0.1989130675792694,
      0.7986143231391907,
      0.8178335428237915,
      -0.24511773884296417,
      0.5206392407417297,
      0.0921926498413086,
      0.9488680958747864,
      0.3019101619720459
    ],
    "userAcceleration" : [
      -0.03505035489797592,
      -0.09794574975967407,
      -0.015503227710723877
    ],
    "gravity" : [
      -0.09219265729188919,
      -0.9488680958747864,
      -0.3019101321697235
    ],
    "timestamp" : 1251131139416
  },
  {
    "rotationMatrix" : [
      -0.5764774680137634,
      -0.20114818215370178,
      0.7919678688049316,
      0.812021017074585,
      -0.24906225502490997,
      0.527816116809845,
      0.09108006954193115,
      0.9473686814308167,
      0.30691540241241455
    ],
    "userAcceleration" : [
      -0.030120477080345154,
      -0.08821475505828857,
      0.005432188510894775
    ],
    "gravity" : [
      -0.09108006954193115,
      -0.9473686814308167,
      -0.30691537261009216
    ],
    "timestamp" : 1251131149470
  },
  {
    "rotationMatrix" : [
      -0.5843881368637085,
      -0.20327425003051758,
      0.7856017351150513,
      0.8064619302749634,
      -0.25292208790779114,
      0.5344619750976562,
      0.09005364775657654,
      0.9458911418914795,
      0.31173762679100037
    ],
    "userAcceleration" : [
      -0.012378565967082977,
      -0.07672238349914551,
      0.02214103937149048
    ],
    "gravity" : [
      -0.09005366265773773,
      -0.9458910822868347,
      -0.31173762679100037
    ],
    "timestamp" : 1251131159524
  },
  {
    "rotationMatrix" : [
      -0.5921468734741211,
      -0.20543694496154785,
      0.7792030572891235,
      0.8008853197097778,
      -0.25698840618133545,
      0.5408691167831421,
      0.08913174271583557,
      0.9443264007568359,
      0.3167065382003784
    ],
    "userAcceleration" : [
      0.0029348209500312805,
      -0.07439601421356201,
      0.03496813774108887
    ],
    "gravity" : [
      -0.08913170546293259,
      -0.9443264007568359,
      -0.31670650839805603
    ],
    "timestamp" : 1251131169578
  },
  {
    "rotationMatrix" : [
      -0.5994945168495178,
      -0.20791125297546387,
      0.772903323173523,
      0.7954717874526978,
      -0.2615439295768738,
      0.5466440320014954,
      0.08849465847015381,
      0.9425327181816101,
      0.32218146324157715
    ],
    "userAcceleration" : [
      0.0041593462228775024,
      -0.07077300548553467,
      0.05882999300956726
    ],
    "gravity" : [
      -0.08849465847015381,
      -0.9425326585769653,
      -0.32218149304389954
    ],
    "timestamp" : 1251131179632
  },
  {
    "rotationMatrix" : [
      -0.6060906052589417,
      -0.2109871804714203,
      0.7669014930725098,
      0.7904928922653198,
      -0.26666390895843506,
      0.5513717532157898,
      0.08817276358604431,
      0.9404117465019226,
      0.3284068703651428
    ],
    "userAcceleration" : [
      -0.0058061107993125916,
      -0.07269537448883057,
      0.07657572627067566
    ],
    "gravity" : [
      -0.08817274868488312,
      -0.9404117465019226,
      -0.32840681076049805
    ],
    "timestamp" : 1251131189686
  },
  {
    "rotationMatrix" : [
      -0.6114908456802368,
      -0.21490579843521118,
      0.7615076303482056,
      0.786332905292511,
      -0.27218902111053467,
      0.5546109080314636,
      0.08808502554893494,
      0.9379382729530334,
      0.33542895317077637
    ],
    "userAcceleration" : [
      -0.023166798055171967,
      -0.07719826698303223,
      0.07622787356376648
    ],
    "gravity" : [
      -0.08808501809835434,
      -0.9379383325576782,
      -0.33542895317077637
    ],
    "timestamp" : 1251131199741
  },
  {
    "rotationMatrix" : [
      -0.6157976388931274,
      -0.21955320239067078,
      0.756696343421936,
      0.7829587459564209,
      -0.27795255184173584,
      0.5565229058265686,
      0.0881393551826477,
      0.9351676106452942,
      0.3430638313293457
    ],
    "userAcceleration" : [
      -0.0385696142911911,
      -0.08064037561416626,
      0.051727741956710815
    ],
    "gravity" : [
      -0.08813934028148651,
      -0.9351676106452942,
      -0.3430638313293457
    ],
    "timestamp" : 1251131209795
  },
  {
    "rotationMatrix" : [
      -0.6193971633911133,
      -0.2245413064956665,
      0.7522817254066467,
      0.7800942659378052,
      -0.2838226556777954,
      0.5575815439224243,
      0.08831465244293213,
      0.9322153329849243,
      0.35096269845962524
    ],
    "userAcceleration" : [
      -0.03663954883813858,
      -0.07536816596984863,
      0.007212728261947632
    ],
    "gravity" : [
      -0.08831465244293213,
      -0.9322153329849243,
      -0.35096275806427
    ],
    "timestamp" : 1251131219849
  },
  {
    "rotationMatrix" : [
      -0.6225746870040894,
      -0.22940638661384583,
      0.7481796741485596,
      0.7775180339813232,
      -0.28968513011932373,
      0.5581647157669067,
      0.0886901319026947,
      0.9292227029800415,
      0.3587186336517334
    ],
    "userAcceleration" : [
      -0.0273224338889122,
      -0.06662678718566895,
      -0.041717857122421265
    ],
    "gravity" : [
      -0.08869011700153351,
      -0.9292227029800415,
      -0.3587185740470886
    ],
    "timestamp" : 1251131229903
  },
  {
    "rotationMatrix" : [
      -0.6252844333648682,
      -0.2338857352733612,
      0.7445244789123535,
      0.7752745151519775,
      -0.29529693722724915,
      0.5583447813987732,
      0.08926692605018616,
      0.9263352751731873,
      0.3659703731536865
    ],
    "userAcceleration" : [
      -0.018322758376598358,
      -0.05919933319091797,
      -0.08158516883850098
    ],
    "gravity" : [
      -0.08926693350076675,
      -0.9263352751731873,
      -0.3659704029560089
    ],
    "timestamp" : 1251131239957
  },
  {
    "rotationMatrix" : [
      -0.6280502080917358,
      -0.23760586977005005,
      0.7410101294517517,
      0.7729409337043762,
      -0.30071187019348145,
      0.5586898326873779,
      0.09008264541625977,
      0.9236425161361694,
      0.37251773476600647
    ],
    "userAcceleration" : [
      -0.010060764849185944,
      -0.045168399810791016,
      -0.10583007335662842
    ],
    "gravity" : [
      -0.09008265286684036,
      -0.9236425161361694,
      -0.37251773476600647
    ],
    "timestamp" : 1251131250011
  },
  {
    "rotationMatrix" : [
      -0.6309508681297302,
      -0.24041205644607544,
      0.7376331090927124,
      0.7704437375068665,
      -0.30592721700668335,
      0.5593072772026062,
      0.0911979079246521,
      0.9212004542350769,
      0.37824928760528564
    ],
    "userAcceleration" : [
      -0.005237601697444916,
      -0.029421985149383545,
      -0.11847010254859924
    ],
    "gravity" : [
      -0.0911979228258133,
      -0.9212004542350769,
      -0.37824928760528564
    ],
    "timestamp" : 1251131260065
  },
  {
    "rotationMatrix" : [
      -0.6340257525444031,
      -0.24218663573265076,
      0.7344088554382324,
      0.7677222490310669,
      -0.3111051917076111,
      0.5601924657821655,
      0.09280747175216675,
      0.9189988374710083,
      0.38318121433258057
    ],
    "userAcceleration" : [
      -0.0025446638464927673,
      -0.012473881244659424,
      -0.11762753129005432
    ],
    "gravity" : [
      -0.09280746430158615,
      -0.9189987778663635,
      -0.3831811845302582
    ],
    "timestamp" : 1251131270120
  },
  {
    "rotationMatrix" : [
      -0.636994481086731,
      -0.24298635125160217,
      0.7315704822540283,
      0.7649857997894287,
      -0.31627267599105835,
      0.561042070388794,
      0.09505030512809753,
      0.9170218706130981,
      0.38734519481658936
    ],
    "userAcceleration" : [
      -0.006603747606277466,
      -0.0008247494697570801,
      -0.10682594776153564
    ],
    "gravity" : [
      -0.09505028277635574,
      -0.9170218706130981,
      -0.38734522461891174
    ],
    "timestamp" : 1251131280174
  },
  {
    "rotationMatrix" : [
      -0.6398401260375977,
      -0.2428499460220337,
      0.7291286587715149,
      0.7622431516647339,
      -0.3214401602745056,
      0.5618377923965454,
      0.09792894124984741,
      0.915259599685669,
      0.3907809555530548
    ],
    "userAcceleration" : [
      -0.028505384922027588,
      -0.0027244091033935547,
      -0.09293800592422485
    ],
    "gravity" : [
      -0.09792894870042801,
      -0.9152596592903137,
      -0.3907809555530548
    ],
    "timestamp" : 1251131290227
  },
  {
    "rotationMatrix" : [
      -0.6426144242286682,
      -0.24204689264297485,
      0.7269525527954102,
      0.759507954120636,
      -0.3262674808502197,
      0.5627585649490356,
      0.10096701979637146,
      0.9137629270553589,
      0.39350074529647827
    ],
    "userAcceleration" : [
      -0.056854598224163055,
      -0.020746231079101562,
      -0.08747154474258423
    ],
    "gravity" : [
      -0.10096702724695206,
      -0.9137629866600037,
      -0.39350077509880066
    ],
    "timestamp" : 1251131300281
  },
  {
    "rotationMatrix" : [
      -0.6454043388366699,
      -0.24096792936325073,
      0.7248364686965942,
      0.7567759156227112,
      -0.3304899334907532,
      0.5639740824699402,
      0.10365143418312073,
      0.9125300049781799,
      0.3956581950187683
    ],
    "userAcceleration" : [
      -0.08223113417625427,
      -0.04241073131561279,
      -0.07722693681716919
    ],
    "gravity" : [
      -0.10365141183137894,
      -0.9125300049781799,
      -0.3956582248210907
    ],
    "timestamp" : 1251131310335
  },
  {
    "rotationMatrix" : [
      -0.6483603715896606,
      -0.24005112051963806,
      0.7224984169006348,
      0.7539834976196289,
      -0.3340035080909729,
      0.5656415820121765,
      0.10553425550460815,
      0.9114915728569031,
      0.39754945039749146
    ],
    "userAcceleration" : [
      -0.10485394299030304,
      -0.05379462242126465,
      -0.05145573616027832
    ],
    "gravity" : [
      -0.10553421825170517,
      -0.9114915728569031,
      -0.39754945039749146
    ],
    "timestamp" : 1251131320389
  },
  {
    "rotationMatrix" : [
      -0.651478111743927,
      -0.23967811465263367,
      0.7198129296302795,
      0.7511696815490723,
      -0.33684027194976807,
      0.5676994323730469,
      0.10639685392379761,
      0.9105454683303833,
      0.3994830250740051
    ],
    "userAcceleration" : [
      -0.11674763262271881,
      -0.059333622455596924,
      -0.01810431480407715
    ],
    "gravity" : [
      -0.10639688372612,
      -0.9105454683303833,
      -0.3994830250740051
    ],
    "timestamp" : 1251131330444
  },
  {
    "rotationMatrix" : [
      -0.6546715497970581,
      -0.24006181955337524,
      0.7167812585830688,
      0.7484111785888672,
      -0.33910852670669556,
      0.5699877738952637,
      0.10623437166213989,
      0.9096019268035889,
      0.4016697406768799
    ],
    "userAcceleration" : [
      -0.11546053737401962,
      -0.06367987394332886,
      0.010937869548797607
    ],
    "gravity" : [
      -0.10623439401388168,
      -0.9096019268035889,
      -0.4016697406768799
    ],
    "timestamp" : 1251131340498
  },
  {
    "rotationMatrix" : [
      -0.6579651832580566,
      -0.24119296669960022,
      0.7133775949478149,
      0.7456660270690918,
      -0.34099382162094116,
      0.5724555850028992,
      0.1051851212978363,
      0.9085972905158997,
      0.40421155095100403
    ],
    "userAcceleration" : [
      -0.1106351688504219,
      -0.06950622797012329,
      0.03099679946899414
    ],
    "gravity" : [
      -0.1051851287484169,
      -0.9085973501205444,
      -0.40421155095100403
    ],
    "timestamp" : 1251131350552
  },
  {
    "rotationMatrix" : [
      -0.6610695123672485,
      -0.24305686354637146,
      0.709866464138031,
      0.7431658506393433,
      -0.34247714281082153,
      0.5748163461685181,
      0.10339999198913574,
      0.9075421094894409,
      0.40703284740448
    ],
    "userAcceleration" : [
      -0.10097621381282806,
      -0.0778856873512268,
      0.038548290729522705
    ],
    "gravity" : [
      -0.10339998453855515,
      -0.9075421094894409,
      -0.4070328176021576
    ],
    "timestamp" : 1251131360606
  },
  {
    "rotationMatrix" : [
      -0.6638565063476562,
      -0.24553142488002777,
      0.7064054012298584,
      0.7410180568695068,
      -0.3434336185455322,
      0.5770142078399658,
      0.10092827677726746,
      0.9065139293670654,
      0.40993401408195496
    ],
    "userAcceleration" : [
      -0.08823490887880325,
      -0.08407127857208252,
      0.03104299306869507
    ],
    "gravity" : [
      -0.10092829167842865,
      -0.9065139293670654,
      -0.40993401408195496
    ],
    "timestamp" : 1251131370660
  },
  {
    "rotationMatrix" : [
      -0.666390597820282,
      -0.24856449663639069,
      0.702950119972229,
      0.7391685247421265,
      -0.3438294529914856,
      0.5791467428207397,
      0.09773978590965271,
      0.9055366516113281,
      0.4128561019897461
    ],
    "userAcceleration" : [
      -0.0783466324210167,
      -0.07097995281219482,
      0.01962178945541382
    ],
    "gravity" : [
      -0.09773976355791092,
      -0.9055367112159729,
      -0.4128560721874237
    ],
    "timestamp" : 1251131380714
  },
  {
    "rotationMatrix" : [
      -0.6689347624778748,
      -0.25196951627731323,
      0.6993119716644287,
      0.7373620867729187,
      -0.3438218832015991,
      0.5814494490623474,
      0.09393134713172913,
      0.90459805727005,
      0.41578739881515503
    ],
    "userAcceleration" : [
      -0.06041131168603897,
      -0.042240262031555176,
      0.0036475062370300293
    ],
    "gravity" : [
      -0.09393131732940674,
      -0.90459805727005,
      -0.4157874286174774
    ],
    "timestamp" : 1251131390768
  },
  {
    "rotationMatrix" : [
      -0.6717340350151062,
      -0.25540387630462646,
      0.6953717470169067,
      0.735326886177063,
      -0.3436985909938812,
      0.5840936303138733,
      0.08981859683990479,
      0.903681218624115,
      0.41867968440055847
    ],
    "userAcceleration" : [
      -0.029535621404647827,
      -0.015523374080657959,
      -0.013388216495513916
    ],
    "gravity" : [
      -0.08981859683990479,
      -0.903681218624115,
      -0.41867968440055847
    ],
    "timestamp" : 1251131400823
  },
  {
    "rotationMatrix" : [
      -0.6749411225318909,
      -0.2585809826850891,
      0.6910789608955383,
      0.7328830361366272,
      -0.3436499834060669,
      0.5871855616569519,
      0.08565431833267212,
      0.9027958512306213,
      0.4214532971382141
    ],
    "userAcceleration" : [
      -0.003823205828666687,
      0.008447766304016113,
      -0.02614802122116089
    ],
    "gravity" : [
      -0.08565431088209152,
      -0.9027958512306213,
      -0.4214533269405365
    ],
    "timestamp" : 1251131410877
  },
  {
    "rotationMatrix" : [
      -0.6783872246742249,
      -0.26133066415786743,
      0.6866562962532043,
      0.7301394939422607,
      -0.3438217043876648,
      0.5904936790466309,
      0.08177328109741211,
      0.9019383192062378,
      0.42405223846435547
    ],
    "userAcceleration" : [
      0.0131545290350914,
      0.025168418884277344,
      -0.028889715671539307
    ],
    "gravity" : [
      -0.0817732885479927,
      -0.9019383788108826,
      -0.4240522086620331
    ],
    "timestamp" : 1251131420931
  },
  {
    "rotationMatrix" : [
      -0.6820875406265259,
      -0.26327675580978394,
      0.6822330951690674,
      0.727036714553833,
      -0.34439459443092346,
      0.5939781665802002,
      0.0785767138004303,
      0.901153564453125,
      0.42631909251213074
    ],
    "userAcceleration" : [
      0.01999823749065399,
      0.03204345703125,
      -0.034786343574523926
    ],
    "gravity" : [
      -0.0785767138004303,
      -0.901153564453125,
      -0.42631909251213074
    ],
    "timestamp" : 1251131430985
  },
  {
    "rotationMatrix" : [
      -0.6858224868774414,
      -0.26423192024230957,
      0.6781067848205566,
      0.7237717509269714,
      -0.34515467286109924,
      0.5975136756896973,
      0.07616955041885376,
      0.9005829095840454,
      0.42795854806900024
    ],
    "userAcceleration" : [
      0.018933847546577454,
      0.031167685985565186,
      -0.04582691192626953
    ],
    "gravity" : [
      -0.07616955041885376,
      -0.9005829691886902,
      -0.42795854806900024
    ],
    "timestamp" : 1251131441039
  },
  {
    "rotationMatrix" : [
      -0.6895900964736938,
      -0.2639526128768921,
      0.6743844747543335,
      0.7203500866889954,
      -0.34589219093322754,
      0.6012106537818909,
      0.07457324862480164,
      0.900381863117218,
      0.4286622107028961
    ],
    "userAcceleration" : [
      0.01411794126033783,
      0.029929041862487793,
      -0.05261528491973877
    ],
    "gravity" : [
      -0.07457323372364044,
      -0.900381863117218,
      -0.4286622107028961
    ],
    "timestamp" : 1251131451093
  },
  {
    "rotationMatrix" : [
      -0.6934157609939575,
      -0.2623974084854126,
      0.6710605621337891,
      0.7167556881904602,
      -0.34649279713630676,
      0.6051479578018188,
      0.07372835278511047,
      0.9006055593490601,
      0.4283383786678314
    ],
    "userAcceleration" : [
      0.003415897488594055,
      0.029084622859954834,
      -0.04537075757980347
    ],
    "gravity" : [
      -0.07372837513685226,
      -0.9006055593490601,
      -0.4283383786678314
    ],
    "timestamp" : 1251131461148
  },
  {
    "rotationMatrix" : [
      -0.6972652673721313,
      -0.25986534357070923,
      0.6680499315261841,
      0.7130370736122131,
      -0.3469794690608978,
      0.6092479228973389,
      0.07347729802131653,
      0.9011520147323608,
      0.4272306561470032
    ],
    "userAcceleration" : [
      -0.008737049996852875,
      0.029600560665130615,
      -0.0251924991607666
    ],
    "gravity" : [
      -0.07347729802131653,
      -0.9011520147323608,
      -0.4272306561470032
    ],
    "timestamp" : 1251131471202
  },
  {
    "rotationMatrix" : [
      -0.7010959386825562,
      -0.2567424774169922,
      0.6652425527572632,
      0.7092390656471252,
      -0.34761300683021545,
      0.6133065223693848,
      0.07378512620925903,
      0.9018027782440186,
      0.42580199241638184
    ],
    "userAcceleration" : [
      -0.02066671848297119,
      0.031960368156433105,
      0.00826042890548706
    ],
    "gravity" : [
      -0.07378515601158142,
      -0.9018028378486633,
      -0.42580199241638184
    ],
    "timestamp" : 1251131481256
  },
  {
    "rotationMatrix" : [
      -0.7047697901725769,
      -0.25345900654792786,
      0.6626144647598267,
      0.7055009603500366,
      -0.3486335277557373,
      0.6170275807380676,
      0.07461842894554138,
      0.9023376107215881,
      0.4245219826698303
    ],
    "userAcceleration" : [
      -0.03300178796052933,
      0.02774965763092041,
      0.04293018579483032
    ],
    "gravity" : [
      -0.07461842894554138,
      -0.9023375511169434,
      -0.4245220124721527
    ],
    "timestamp" : 1251131491310
  },
  {
    "rotationMatrix" : [
      -0.7082794904708862,
      -0.2502742409706116,
      0.6600776314735413,
      0.7018405199050903,
      -0.3501742482185364,
      0.6203204393386841,
      0.07589203119277954,
      0.9026297330856323,
      0.42367419600486755
    ],
    "userAcceleration" : [
      -0.04268399626016617,
      0.013774871826171875,
      0.054579347372055054
    ],
    "gravity" : [
      -0.07589203864336014,
      -0.9026297330856323,
      -0.42367419600486755
    ],
    "timestamp" : 1251131501364
  },
  {
    "rotationMatrix" : [
      -0.7117951512336731,
      -0.24721063673496246,
      0.6574451923370361,
      0.6980985999107361,
      -0.35226529836654663,
      0.6233515739440918,
      0.07749605178833008,
      0.9026603698730469,
      0.42331838607788086
    ],
    "userAcceleration" : [
      -0.04817529022693634,
      0.006313443183898926,
      0.05170586705207825
    ],
    "gravity" : [
      -0.07749605178833008,
      -0.9026603698730469,
      -0.42331841588020325
    ],
    "timestamp" : 1251131511418
  },
  {
    "rotationMatrix" : [
      -0.7152787446975708,
      -0.24426867067813873,
      0.6547584533691406,
      0.6943222880363464,
      -0.3547482490539551,
      0.6261548399925232,
      0.07932448387145996,
      0.9024888873100281,
      0.4233454167842865
    ],
    "userAcceleration" : [
      -0.048086367547512054,
      0.007942438125610352,
      0.03792363405227661
    ],
    "gravity" : [
      -0.07932449132204056,
      -0.9024888873100281,
      -0.4233454167842865
    ],
    "timestamp" : 1251131521473
  },
  {
    "rotationMatrix" : [
      -0.7190264463424683,
      -0.24128247797489166,
      0.6517540812492371,
      0.6902230978012085,
      -0.3574844002723694,
      0.6291238069534302,
      0.0811954140663147,
      0.9022125005722046,
      0.42357972264289856
    ],
    "userAcceleration" : [
      -0.04874841868877411,
      0.0029816627502441406,
      0.018397808074951172
    ],
    "gravity" : [
      -0.0811954215168953,
      -0.9022125005722046,
      -0.42357972264289856
    ],
    "timestamp" : 1251131531527
  },
  {
    "rotationMatrix" : [
      -0.723081111907959,
      -0.2381565123796463,
      0.6484092473983765,
      0.6857507228851318,
      -0.36036238074302673,
      0.6323642134666443,
      0.08306077122688293,
      0.9018979668617249,
      0.42388761043548584
    ],
    "userAcceleration" : [
      -0.04657786339521408,
      -0.00908207893371582,
      0.005522102117538452
    ],
    "gravity" : [
      -0.08306079357862473,
      -0.9018980264663696,
      -0.42388761043548584
    ],
    "timestamp" : 1251131541581
  },
  {
    "rotationMatrix" : [
      -0.7271362543106079,
      -0.2348633110523224,
      0.6450673341751099,
      0.681206464767456,
      -0.3632417917251587,
      0.6356201171875,
      0.08503159880638123,
      0.901606559753418,
      0.42411690950393677
    ],
    "userAcceleration" : [
      -0.04199779033660889,
      -0.02510535717010498,
      -0.007386445999145508
    ],
    "gravity" : [
      -0.08503162860870361,
      -0.901606559753418,
      -0.4241168797016144
    ],
    "timestamp" : 1251131551635
  },
  {
    "rotationMatrix" : [
      -0.7312842607498169,
      -0.23137038946151733,
      0.6416313648223877,
      0.6765087246894836,
      -0.36595073342323303,
      0.6390741467475891,
      0.0869426429271698,
      0.9014142155647278,
      0.42413824796676636
    ],
    "userAcceleration" : [
      -0.03970528393983841,
      -0.048613131046295166,
      -0.028895169496536255
    ],
    "gravity" : [
      -0.0869426503777504,
      -0.9014142155647278,
      -0.42413827776908875
    ],
    "timestamp" : 1251131561689
  },
  {
    "rotationMatrix" : [
      -0.7355160713195801,
      -0.22761696577072144,
      0.6381270885467529,
      0.6716645956039429,
      -0.36840102076530457,
      0.6427651643753052,
      0.08878248929977417,
      0.9013717174530029,
      0.4238474369049072
    ],
    "userAcceleration" : [
      -0.039482854306697845,
      -0.056101977825164795,
      -0.04211023449897766
    ],
    "gravity" : [
      -0.08878250420093536,
      -0.9013716578483582,
      -0.4238474369049072
    ],
    "timestamp" : 1251131571743
  },
  {
    "rotationMatrix" : [
      -0.7396577596664429,
      -0.22358465194702148,
      0.6347572207450867,
      0.6668463349342346,
      -0.3705841898918152,
      0.6465166211128235,
      0.09067976474761963,
      0.901486337184906,
      0.4232017695903778
    ],
    "userAcceleration" : [
      -0.037341490387916565,
      -0.06061089038848877,
      -0.049271464347839355
    ],
    "gravity" : [
      -0.09067974984645844,
      -0.901486337184906,
      -0.4232017695903778
    ],
    "timestamp" : 1251131581797
  },
  {
    "rotationMatrix" : [
      -0.7436854243278503,
      -0.21916547417640686,
      0.6315841674804688,
      0.662057638168335,
      -0.37258380651474,
      0.6502776145935059,
      0.0927996039390564,
      0.9017471075057983,
      0.4221853017807007
    ],
    "userAcceleration" : [
      -0.03433661907911301,
      -0.062150537967681885,
      -0.05594891309738159
    ],
    "gravity" : [
      -0.092799611389637,
      -0.9017471075057983,
      -0.4221853017807007
    ],
    "timestamp" : 1251131591852
  },
  {
    "rotationMatrix" : [
      -0.7475838661193848,
      -0.2144576609134674,
      0.6285905838012695,
      0.6573278903961182,
      -0.37438061833381653,
      0.6540329456329346,
      0.09506979584693909,
      0.9021346569061279,
      0.42085000872612
    ],
    "userAcceleration" : [
      -0.03514869511127472,
      -0.05884850025177002,
      -0.05894738435745239
    ],
    "gravity" : [
      -0.09506979584693909,
      -0.9021347165107727,
      -0.4208499789237976
    ],
    "timestamp" : 1251131601906
  },
  {
    "rotationMatrix" : [
      -0.7515401244163513,
      -0.20957937836647034,
      0.6255102753639221,
      0.6524691581726074,
      -0.37602537870407104,
      0.6579424142837524,
      0.09731674194335938,
      0.9025967121124268,
      0.41934287548065186
    ],
    "userAcceleration" : [
      -0.04086680710315704,
      -0.05333578586578369,
      -0.05840983986854553
    ],
    "gravity" : [
      -0.09731675684452057,
      -0.9025967121124268,
      -0.41934287548065186
    ],
    "timestamp" : 1251131611960
  },
  {
    "rotationMatrix" : [
      -0.755739688873291,
      -0.2047731578350067,
      0.6220327615737915,
      0.6473063230514526,
      -0.3775455951690674,
      0.6621580123901367,
      0.09925365447998047,
      0.9030652046203613,
      0.4178776443004608
    ],
    "userAcceleration" : [
      -0.04033368080854416,
      -0.052134811878204346,
      -0.0509486198425293
    ],
    "gravity" : [
      -0.09925368428230286,
      -0.9030652046203613,
      -0.4178776443004608
    ],
    "timestamp" : 1251131622014
  },
  {
    "rotationMatrix" : [
      -0.7603336572647095,
      -0.20019133388996124,
      0.6179126501083374,
      0.6416780352592468,
      -0.3790051341056824,
      0.6667865514755249,
      0.10070720314979553,
      0.9034812450408936,
      0.4166288375854492
    ],
    "userAcceleration" : [
      -0.03367692232131958,
      -0.0649939775466919,
      -0.04269123077392578
    ],
    "gravity" : [
      -0.10070721060037613,
      -0.9034813046455383,
      -0.4166288375854492
    ],
    "timestamp" : 1251131632068
  },
  {
    "rotationMatrix" : [
      -0.7653690576553345,
      -0.19595196843147278,
      0.613036036491394,
      0.635527491569519,
      -0.3804244101047516,
      0.6718497276306152,
      0.10156354308128357,
      0.9038141965866089,
      0.4156978130340576
    ],
    "userAcceleration" : [
      -0.024794459342956543,
      -0.09595692157745361,
      -0.028424561023712158
    ],
    "gravity" : [
      -0.10156356543302536,
      -0.9038142561912537,
      -0.41569784283638
    ],
    "timestamp" : 1251131642122
  },
  {
    "rotationMatrix" : [
      -0.7705942988395691,
      -0.1923251450061798,
      0.6076143383979797,
      0.6291539669036865,
      -0.3817419707775116,
      0.6770806312561035,
      0.10173231363296509,
      0.904037594795227,
      0.4151705205440521
    ],
    "userAcceleration" : [
      -0.024488374590873718,
      -0.13429248332977295,
      -0.008840739727020264
    ],
    "gravity" : [
      -0.10173232108354568,
      -0.9040375351905823,
      -0.41517049074172974
    ],
    "timestamp" : 1251131652177
  },
  {
    "rotationMatrix" : [
      -0.7756845951080322,
      -0.18948939442634583,
      0.6020025014877319,
      0.622948169708252,
      -0.38288503885269165,
      0.6821543574333191,
      0.10123676061630249,
      0.904153048992157,
      0.41504019498825073
    ],
    "userAcceleration" : [
      -0.03317786753177643,
      -0.15538668632507324,
      0.011826694011688232
    ],
    "gravity" : [
      -0.10123676806688309,
      -0.9041529893875122,
      -0.4150402247905731
    ],
    "timestamp" : 1251131662231
  },
  {
    "rotationMatrix" : [
      -0.7803976535797119,
      -0.18767336010932922,
      0.5964548587799072,
      0.6172239780426025,
      -0.3838726282119751,
      0.6867870688438416,
      0.1000710278749466,
      0.904113233089447,
      0.415409654378891
    ],
    "userAcceleration" : [
      -0.048503801226615906,
      -0.14688169956207275,
      0.026310443878173828
    ],
    "gravity" : [
      -0.100071020424366,
      -0.9041131734848022,
      -0.415409654378891
    ],
    "timestamp" : 1251131672285
  },
  {
    "rotationMatrix" : [
      -0.7845877408981323,
      -0.18698106706142426,
      0.5911512970924377,
      0.6121614575386047,
      -0.3849101960659027,
      0.6907259225845337,
      0.09838758409023285,
      0.9038152694702148,
      0.4164586663246155
    ],
    "userAcceleration" : [
      -0.05218615382909775,
      -0.12307065725326538,
      0.0345616340637207
    ],
    "gravity" : [
      -0.09838756173849106,
      -0.9038152694702148,
      -0.4164586365222931
    ],
    "timestamp" : 1251131682339
  },
  {
    "rotationMatrix" : [
      -0.7884261608123779,
      -0.1872020959854126,
      0.5859519243240356,
      0.6075360178947449,
      -0.3861912190914154,
      0.6940867304801941,
      0.09635496139526367,
      0.9032229781150818,
      0.41821518540382385
    ],
    "userAcceleration" : [
      -0.026630863547325134,
      -0.12228959798812866,
      0.021257758140563965
    ],
    "gravity" : [
      -0.09635496139526367,
      -0.9032230377197266,
      -0.41821518540382385
    ],
    "timestamp" : 1251131692393
  },
  {
    "rotationMatrix" : [
      -0.792156457901001,
      -0.18799015879631042,
      0.5806442499160767,
      0.6030206680297852,
      -0.3877626359462738,
      0.6971414089202881,
      0.09409643709659576,
      0.9023855924606323,
      0.4205307066440582
    ],
    "userAcceleration" : [
      0.013636857271194458,
      -0.12726223468780518,
      -0.0048996806144714355
    ],
    "gravity" : [
      -0.09409645199775696,
      -0.9023855924606323,
      -0.4205307066440582
    ],
    "timestamp" : 1251131702447
  },
  {
    "rotationMatrix" : [
      -0.7958956360816956,
      -0.18916422128677368,
      0.5751235485076904,
      0.5984620451927185,
      -0.389555424451828,
      0.7000641226768494,
      0.09161542356014252,
      0.9013676047325134,
      0.42325302958488464
    ],
    "userAcceleration" : [
      0.03296065330505371,
      -0.1184687614440918,
      -0.02692711353302002
    ],
    "gravity" : [
      -0.09161540120840073,
      -0.9013676047325134,
      -0.42325299978256226
    ],
    "timestamp" : 1251131712502
  },
  {
    "rotationMatrix" : [
      -0.7998510003089905,
      -0.19023633003234863,
      0.5692525506019592,
      0.5935377478599548,
      -0.39161089062690735,
      0.7031029462814331,
      0.08916975557804108,
      0.9002505540847778,
      0.4261428415775299
    ],
    "userAcceleration" : [
      0.06405380368232727,
      -0.10998803377151489,
      -0.05542457103729248
    ],
    "gravity" : [
      -0.08916974812746048,
      -0.9002505540847778,
      -0.4261428415775299
    ],
    "timestamp" : 1251131722556
  },
  {
    "rotationMatrix" : [
      -0.804282546043396,
      -0.1905951201915741,
      0.5628525018692017,
      0.587837815284729,
      -0.3939126133918762,
      0.7065970301628113,
      0.08704079687595367,
      0.8991697430610657,
      0.42885622382164
    ],
    "userAcceleration" : [
      0.09477701038122177,
      -0.10287487506866455,
      -0.08739441633224487
    ],
    "gravity" : [
      -0.08704078942537308,
      -0.8991696834564209,
      -0.42885622382164
    ],
    "timestamp" : 1251131732610
  },
  {
    "rotationMatrix" : [
      -0.8092843294143677,
      -0.18978899717330933,
      0.5559126138687134,
      0.5811789631843567,
      -0.3962476849555969,
      0.7107873558998108,
      0.08537951111793518,
      0.8983138203620911,
      0.43097856640815735
    ],
    "userAcceleration" : [
      0.11154834926128387,
      -0.09654390811920166,
      -0.10654282569885254
    ],
    "gravity" : [
      -0.08537950366735458,
      -0.8983138203620911,
      -0.43097856640815735
    ],
    "timestamp" : 1251131742664
  },
  {
    "rotationMatrix" : [
      -0.814612627029419,
      -0.187467560172081,
      0.5488726496696472,
      0.573818027973175,
      -0.3983365595340729,
      0.7155837416648865,
      0.08448748290538788,
      0.897877037525177,
      0.43206295371055603
    ],
    "userAcceleration" : [
      0.12136801332235336,
      -0.08773374557495117,
      -0.10196411609649658
    ],
    "gravity" : [
      -0.08448749035596848,
      -0.897877037525177,
