[
  {
    "rotationMatrix" : [
      -0.9968295693397522,
      0.07060228288173676,
      0.03668414056301117,
      0.02259465679526329,
      -0.1908864974975586,
      0.981351912021637,
      0.07628820091485977,
      0.9790696501731873,
      0.1886863112449646
    ],
    "timestamp" : 1251261722372,
    "gravity" : [
      -0.07628820091485977,
      -0.979069709777832,
      -0.18868626654148102
    ],
    "userAcceleration" : [
      0.0024509429931640625,
      -0.1074475646018982,
      0.06167203187942505
    ]
  },
  {
    "rotationMatrix" : [
      -0.9967423677444458,
      0.06994683295488358,
      0.04014720767736435,
      0.02582198567688465,
      -0.19481207430362701,
      0.9805005192756653,
      0.07640407234430313,
      0.9783431887626648,
      0.19237147271633148
    ],
    "timestamp" : 1251261732426,
    "gravity" : [
      -0.07640407234430313,
      -0.9783432483673096,
      -0.19237151741981506
    ],
    "userAcceleration" : [
      0.008822895586490631,
      -0.10280293226242065,
      0.054111599922180176
    ]
  },
  {
    "rotationMatrix" : [
      -0.9966399669647217,
      0.06914433091878891,
      0.04390479624271393,
      0.02940906025469303,
      -0.19819696247577667,
      0.9797208309173584,
      0.07644394040107727,
      0.9777202606201172,
      0.19549767673015594
    ],
    "timestamp" : 1251261742481,
    "gravity" : [
      -0.07644394785165787,
      -0.9777202606201172,
      -0.19549770653247833
    ],
    "userAcceleration" : [
      0.020886704325675964,
      -0.09202760457992554,
      0.04802143573760986
    ]
  },
  {
    "rotationMatrix" : [
      -0.9964993000030518,
      0.06843075156211853,
      0.04802149906754494,
      0.03337046504020691,
      -0.20107527077198029,
      0.9790070652961731,
      0.07665014266967773,
      0.9771825671195984,
      0.19808797538280487
    ],
    "timestamp" : 1251261752535,
    "gravity" : [
      -0.07665013521909714,
      -0.9771825671195984,
      -0.19808799028396606
    ],
    "userAcceleration" : [
      0.030263423919677734,
      -0.08205193281173706,
      0.04643084108829498
    ]
  },
  {
    "rotationMatrix" : [
      -0.9963300824165344,
      0.06784647703170776,
      0.05217872932553291,
      0.03737573325634003,
      -0.20355457067489624,
      0.9783497452735901,
      0.07699882984161377,
      0.97670978307724,
      0.2002720832824707
    ],
    "timestamp" : 1251261762590,
    "gravity" : [
      -0.07699882239103317,
      -0.97670978307724,
      -0.2002720832824707
    ],
    "userAcceleration" : [
      0.02460014820098877,
      -0.08069360256195068,
      0.04846234619617462
    ]
  },
  {
    "rotationMatrix" : [
      -0.9961557984352112,
      0.06716009974479675,
      0.05623745173215866,
      0.04131979122757912,
      -0.20582586526870728,
      0.9777157306671143,
      0.07723862677812576,
      0.9762811660766602,
      0.20225989818572998
    ],
    "timestamp" : 1251261772644,
    "gravity" : [
      -0.07723862677812576,
      -0.9762811660766602,
      -0.2022598832845688
    ],
    "userAcceleration" : [
      0.00936756283044815,
      -0.08736312389373779,
      0.0558212548494339
    ]
  },
  {
    "rotationMatrix" : [
      -0.9959941506385803,
      0.06613937020301819,
      0.06016955524682999,
      0.04520956426858902,
      -0.20806562900543213,
      0.9770692586898804,
      0.07714199274778366,
      0.975875973701477,
      0.2042425274848938
    ],
    "timestamp" : 1251261782699,
    "gravity" : [
      -0.07714199274778366,
      -0.9758759140968323,
      -0.20424246788024902
    ],
    "userAcceleration" : [
      -0.008154615759849548,
      -0.0950162410736084,
      0.06549425423145294
    ]
  },
  {
    "rotationMatrix" : [
      -0.9958527684211731,
      0.0646260678768158,
      0.06403391063213348,
      0.049122802913188934,
      -0.2104642391204834,
      0.9763664603233337,
      0.07657559216022491,
      0.9754629731178284,
      0.2064170241355896
    ],
    "timestamp" : 1251261792753,
    "gravity" : [
      -0.07657559216022491,
      -0.9754629731178284,
      -0.2064170241355896
    ],
    "userAcceleration" : [
      -0.025765106081962585,
      -0.09245377779006958,
      0.0756034255027771
    ]
  },
  {
    "rotationMatrix" : [
      -0.995731770992279,
      0.06250456720590591,
      0.06790748983621597,
      0.05314524099230766,
      -0.2132464200258255,
      0.9755519032478333,
      0.07545747607946396,
      0.9749969840049744,
      0.2090144008398056
    ],
    "timestamp" : 1251261802808,
    "gravity" : [
      -0.07545747607946396,
      -0.9749970436096191,
      -0.2090143859386444
    ],
    "userAcceleration" : [
      -0.04288967698812485,
      -0.08106380701065063,
      0.08706608414649963
    ]
  },
  {
    "rotationMatrix" : [
      -0.9956227540969849,
      0.05978703498840332,
      0.07183831185102463,
      0.05732067674398422,
      -0.21649789810180664,
      0.9745988845825195,
      0.07382122427225113,
      0.9744507074356079,
      0.21212327480316162
    ],
    "timestamp" : 1251261812863,
    "gravity" : [
      -0.07382122427225113,
      -0.9744506478309631,
      -0.21212325990200043
    ],
    "userAcceleration" : [
      -0.04893571883440018,
      -0.06961661577224731,
      0.08901524543762207
    ]
  },
  {
    "rotationMatrix" : [
      -0.9955261945724487,
      0.056512970477342606,
      0.07572070509195328,
      0.061547357589006424,
      -0.22018328309059143,
      0.9735148549079895,
      0.07168865948915482,
      0.9738200306892395,
      0.21572014689445496
    ],
    "timestamp" : 1251261822917,
    "gravity" : [
      -0.07168865948915482,
      -0.9738200306892395,
      -0.21572014689445496
    ],
    "userAcceleration" : [
      -0.05198381096124649,
      -0.05486643314361572,
      0.08588302135467529
    ]
  },
  {
    "rotationMatrix" : [
      -0.9954225420951843,
      0.05267892777919769,
      0.07974261790513992,
      0.0660204142332077,
      -0.22427408397197723,
      0.9722871780395508,
      0.06910324841737747,
      0.9731012582778931,
      0.21976961195468903
    ],
    "timestamp" : 1251261832972,
    "gravity" : [
      -0.06910324841737747,
      -0.9731012582778931,
      -0.21976956725120544
    ],
    "userAcceleration" : [
      -0.059284210205078125,
      -0.036282896995544434,
      0.08865073323249817
    ]
  },
  {
    "rotationMatrix" : [
      -0.9953125715255737,
      0.048343151807785034,
      0.08376108109951019,
      0.07059020549058914,
      -0.2288631945848465,
      0.9708958864212036,
      0.06610599160194397,
      0.9722574949264526,
      0.2243777960538864
    ],
    "timestamp" : 1251261843026,
    "gravity" : [
      -0.06610599160194397,
      -0.9722575545310974,
      -0.22437773644924164
    ],
    "userAcceleration" : [
      -0.05895503610372543,
      -0.028871536254882812,
      0.08787256479263306
    ]
  },
  {
    "rotationMatrix" : [
      -0.9951827526092529,
      0.04370144382119179,
      0.08775642514228821,
      0.07519958913326263,
      -0.23401419818401337,
      0.96932053565979,
      0.0628969669342041,
      0.9712504148483276,
      0.22960074245929718
    ],
    "timestamp" : 1251261853081,
    "gravity" : [
      -0.0628969669342041,
      -0.9712504744529724,
      -0.229600727558136
    ],
    "userAcceleration" : [
      -0.045608267188072205,
      -0.03189277648925781,
      0.08126997947692871
    ]
  },
  {
    "rotationMatrix" : [
      -0.9950399994850159,
      0.039013512432575226,
      0.09150247275829315,
      0.07958196848630905,
      -0.23965336382389069,
      0.9675911664962769,
      0.059678032994270325,
      0.9700741767883301,
      0.2353603094816208
    ],
    "timestamp" : 1251261863135,
    "gravity" : [
      -0.059678029268980026,
      -0.9700741171836853,
      -0.2353602796792984
    ],
    "userAcceleration" : [
      -0.026228953152894974,
      -0.03502213954925537,
      0.06530101597309113
    ]
  },
  {
    "rotationMatrix" : [
      -0.9948800802230835,
      0.03444434329867363,
      0.0950109139084816,
      0.08372731506824493,
      -0.2455742061138153,
      0.9657551646232605,
      0.0565970316529274,
      0.9687656760215759,
      0.2414330542087555
    ],
    "timestamp" : 1251261873190,
    "gravity" : [
      -0.0565970353782177,
      -0.9687656164169312,
      -0.2414330244064331
    ],
    "userAcceleration" : [
      -0.013944350183010101,
      -0.03401142358779907,
      0.04421311616897583
    ]
  },
  {
    "rotationMatrix" : [
      -0.9947053790092468,
      0.03011281229555607,
      0.09825621545314789,
      0.08759637922048569,
      -0.2515311539173126,
      0.9638770222663879,
      0.053739551454782486,
      0.9673805832862854,
      0.2475617229938507
    ],
    "timestamp" : 1251261883244,
    "gravity" : [
      -0.053739551454782486,
      -0.9673805832862854,
      -0.24756169319152832
    ],
    "userAcceleration" : [
      -0.005937572568655014,
      -0.028774142265319824,
      0.021487414836883545
    ]
  },
  {
    "rotationMatrix" : [
      -0.9945510029792786,
      0.026099760085344315,
      0.10092905908823013,
      0.09088264405727386,
      -0.2572193443775177,
      0.9620698094367981,
      0.05107071250677109,
      0.9660003781318665,
      0.2534460127353668
    ],
    "timestamp" : 1251261893299,
    "gravity" : [
      -0.05107071250677109,
      -0.9660003781318665,
      -0.25344598293304443
    ],
    "userAcceleration" : [
      0.006591346114873886,
      -0.033206045627593994,
      -0.0004450380802154541
    ]
  },
  {
    "rotationMatrix" : [
      -0.9944589138031006,
      0.02239873632788658,
      0.10270962119102478,
      0.09328706562519073,
      -0.2623751759529114,
      0.9604459404945374,
      0.04846125468611717,
      0.964705765247345,
      0.2588321566581726
    ],
    "timestamp" : 1251261903353,
    "gravity" : [
      -0.04846125841140747,
      -0.964705765247345,
      -0.258832186460495
    ],
    "userAcceleration" : [
      0.015258140861988068,
      -0.04544121026992798,
      -0.014834284782409668
    ]
  },
  {
    "rotationMatrix" : [
      -0.9944273233413696,
      0.01874586194753647,
      0.10374283790588379,
      0.09501685202121735,
      -0.26693615317344666,
      0.9590186476707458,
      0.04567036032676697,
      0.9635317921638489,
      0.26366761326789856
    ],
    "timestamp" : 1251261913408,
    "gravity" : [
      -0.04567036032676697,
      -0.9635317921638489,
      -0.26366761326789856
    ],
    "userAcceleration" : [
      0.002457462251186371,
      -0.05137598514556885,
      -0.009922504425048828
    ]
  },
  {
    "rotationMatrix" : [
      -0.9944099187850952,
      0.014871876686811447,
      0.10453296452760696,
      0.09661747515201569,
      -0.2711220383644104,
      0.9576834440231323,
      0.042583756148815155,
      0.9624298810958862,
      0.26816993951797485
    ],
    "timestamp" : 1251261923463,
    "gravity" : [
      -0.04258376359939575,
      -0.9624298810958862,
      -0.26816993951797485
    ],
    "userAcceleration" : [
      -0.025073710829019547,
      -0.05208104848861694,
      0.007992297410964966
    ]
  },
  {
    "rotationMatrix" : [
      -0.9943482875823975,
      0.010822463780641556,
      0.1056123673915863,
      0.09857615828514099,
      -0.2752439081668854,
      0.956307053565979,
      0.03941876068711281,
      0.9613133668899536,
      0.2726217210292816
    ],
    "timestamp" : 1251261933517,
    "gravity" : [
      -0.039418768137693405,
      -0.9613133668899536,
      -0.27262169122695923
    ],
    "userAcceleration" : [
      -0.0436805784702301,
      -0.055791616439819336,
      0.021080493927001953
    ]
  },
  {
    "rotationMatrix" : [
      -0.9942188858985901,
      0.0067288316786289215,
      0.10716081410646439,
      0.10102273523807526,
      -0.27948611974716187,
      0.9548203349113464,
      0.036374785006046295,
      0.9601261019706726,
      0.2771906852722168
    ],
    "timestamp" : 1251261943572,
    "gravity" : [
      -0.036374785006046295,
      -0.9601261019706726,
      -0.2771907150745392
    ],
    "userAcceleration" : [
      -0.05560518056154251,
      -0.05569714307785034,
      0.02299448847770691
    ]
  },
  {
    "rotationMatrix" : [
      -0.9940438270568848,
      0.002664439380168915,
      0.10894422233104706,
      0.10371056199073792,
      -0.28388363122940063,
      0.9532332420349121,
      0.03346734866499901,
      0.9588546752929688,
      0.2819170355796814
    ],
    "timestamp" : 1251261953626,
    "gravity" : [
      -0.03346734866499901,
      -0.9588547348976135,
      -0.2819170653820038
    ],
    "userAcceleration" : [
      -0.073389932513237,
      -0.04729437828063965,
      0.014109998941421509
    ]
  },
  {
    "rotationMatrix" : [
      -0.9938247799873352,
      -0.0015080086886882782,
      0.11094649136066437,
      0.10666586458683014,
      -0.28836315870285034,
      0.9515610933303833,
      0.030557949095964432,
      0.9575196504592896,
      0.2867438793182373
    ],
    "timestamp" : 1251261963681,
    "gravity" : [
      -0.030557947233319283,
      -0.9575196504592896,
      -0.2867438793182373
    ],
    "userAcceleration" : [
      -0.09425894916057587,
      -0.03936737775802612,
      0.003006666898727417
    ]
  },
  {
    "rotationMatrix" : [
      -0.9935373663902283,
      -0.005891479551792145,
      0.11335112899541855,
      0.11009685695171356,
      -0.2928745150566101,
      0.9497910141944885,
      0.027601994574069977,
      0.9561325907707214,
      0.2916306257247925
    ],
    "timestamp" : 1251261973735,
    "gravity" : [
      -0.027601996436715126,
      -0.9561325907707214,
      -0.29163065552711487
    ],
    "userAcceleration" : [
      -0.10643118619918823,
      -0.034025371074676514,
      -0.0067397356033325195
    ]
  },
  {
    "rotationMatrix" : [
      -0.9931219816207886,
      -0.010487545281648636,
      0.11661188304424286,
      0.11444011330604553,
      -0.2973555028438568,
      0.9478833675384521,
      0.02473422884941101,
      0.9547090530395508,
      0.2965107262134552
    ],
    "timestamp" : 1251261983790,
    "gravity" : [
      -0.02473422884941101,
      -0.9547091126441956,
      -0.2965107262134552
    ],
    "userAcceleration" : [
      -0.11816433072090149,
      -0.017290890216827393,
      -0.0187968909740448
    ]
  },
  {
    "rotationMatrix" : [
      -0.9925625324249268,
      -0.015128105878829956,
      0.12079080939292908,
      0.11970479786396027,
      -0.30172622203826904,
      0.9458497762680054,
      0.022136852145195007,
      0.9532744884490967,
      0.3012932538986206
    ],
    "timestamp" : 1251261993844,
    "gravity" : [
      -0.02213684841990471,
      -0.9532744884490967,
      -0.301293283700943
    ],
    "userAcceleration" : [
      -0.1256140023469925,
      0.011090099811553955,
      -0.033820271492004395
    ]
  },
  {
    "rotationMatrix" : [
      -0.9918771982192993,
      -0.019546639174222946,
      0.12568718194961548,
      0.1256164312362671,
      -0.3058660924434662,
      0.9437511563301086,
      0.019996296614408493,
      0.9518737196922302,
      0.3058371841907501
    ],
    "timestamp" : 1251262003899,
    "gravity" : [
      -0.019996296614408493,
      -0.951873779296875,
      -0.30583715438842773
    ],
    "userAcceleration" : [
      -0.12111698091030121,
      0.04478466510772705,
      -0.05234768986701965
    ]
  },
  {
    "rotationMatrix" : [
      -0.9911199808120728,
      -0.02333661913871765,
      0.13090667128562927,
      0.13166998326778412,
      -0.30959552526474,
      0.9417077898979187,
      0.018551837652921677,
      0.9505818486213684,
      0.3099190592765808
    ],
    "timestamp" : 1251262013953,
    "gravity" : [
      -0.018551841378211975,
      -0.9505819082260132,
      -0.3099190890789032
    ],
    "userAcceleration" : [
      -0.09785745292901993,
      0.07051604986190796,
      -0.07197797298431396
    ]
  },
  {
    "rotationMatrix" : [
      -0.9903213381767273,
      -0.02631218731403351,
      0.13627785444259644,
      0.1376366764307022,
      -0.31274861097335815,
      0.9398109316825867,
      0.017892219126224518,
      0.9494715332984924,
      0.3133429288864136
    ],
    "timestamp" : 1251262024008,
    "gravity" : [
      -0.01789221540093422,
      -0.9494714736938477,
      -0.31334295868873596
    ],
    "userAcceleration" : [
      -0.07941307127475739,
      0.07665348052978516,
      -0.08576598763465881
    ]
  },
  {
    "rotationMatrix" : [
      -0.9895657896995544,
      -0.0284893661737442,
      0.14123517274856567,
      0.14297589659690857,
      -0.31528764963150024,
      0.9381637573242188,
      0.01780204102396965,
      0.9485682249069214,
      0.3160715103149414
    ],
    "timestamp" : 1251262034062,
    "gravity" : [
      -0.01780204102396965,
      -0.9485682249069214,
      -0.3160715401172638
    ],
    "userAcceleration" : [
      -0.07539863884449005,
      0.06754112243652344,
      -0.0851125419139862
    ]
  },
  {
    "rotationMatrix" : [
      -0.9889525771141052,
      -0.03007248416543007,
      0.14515066146850586,
      0.14714884757995605,
      -0.3173856735229492,
      0.936810314655304,
      0.017896510660648346,
      0.9478196501731873,
      0.3183043599128723
    ],
    "timestamp" : 1251262044117,
    "gravity" : [
      -0.017896512523293495,
      -0.9478196501731873,
      -0.3183043897151947
    ],
    "userAcceleration" : [
      -0.07298483699560165,
      0.03958606719970703,
      -0.06975716352462769
    ]
  },
  {
    "rotationMatrix" : [
      -0.9884928464889526,
      -0.031508199870586395,
      0.14795005321502686,
      0.15021899342536926,
      -0.31945034861564636,
      0.9356205463409424,
      0.017782963812351227,
      0.947079062461853,
      0.3205074369907379
    ],
    "timestamp" : 1251262054172,
    "gravity" : [
      -0.017782967537641525,
      -0.947079062461853,
      -0.3205074369907379
    ],
    "userAcceleration" : [
      -0.08622094988822937,
      0.008556783199310303,
      -0.04169046878814697
    ]
  },
  {
    "rotationMatrix" : [
      -0.9881936311721802,
      -0.03321775794029236,
      0.1495656669139862,
      0.15224957466125488,
      -0.32204529643058777,
      0.9344018697738647,
      0.01712818443775177,
      0.9461413621902466,
      0.3233005106449127
    ],
    "timestamp" : 1251262064226,
    "gravity" : [
      -0.01712818071246147,
      -0.9461413025856018,
      -0.3233005106449127
    ],
    "userAcceleration" : [
      -0.11916332691907883,
      -0.009653925895690918,
      -0.0036649107933044434
    ]
  },
  {
    "rotationMatrix" : [
      -0.9880778789520264,
      -0.035396624356508255,
      0.14982819557189941,
      0.1531427502632141,
      -0.32567575573921204,
      0.9329963326454163,
      0.015770524740219116,
      0.9448184370994568,
      0.32721421122550964
    ],
    "timestamp" : 1251262074281,
    "gravity" : [
      -0.015770526602864265,
      -0.9448184967041016,
      -0.32721421122550964
    ],
    "userAcceleration" : [
      -0.1438821703195572,
      -0.014654040336608887,
      0.025044351816177368
    ]
  },
  {
    "rotationMatrix" : [
      -0.9881159067153931,
      -0.03804660961031914,
      0.14892584085464478,
      0.15308818221092224,
      -0.3305853009223938,
      0.9312770366668701,
      0.01380077749490738,
      0.9430086612701416,
      0.3324814438819885
    ],
    "timestamp" : 1251262084335,
    "gravity" : [
      -0.013800781220197678,
      -0.9430087208747864,
      -0.3324814438819885
    ],
    "userAcceleration" : [
      -0.15363390743732452,
      -0.008880198001861572,
      0.03861245512962341
    ]
  },
  {
    "rotationMatrix" : [
      -0.9882715940475464,
      -0.04089538753032684,
      0.14712852239608765,
      0.15227088332176208,
      -0.3366190195083618,
      0.9292477369308472,
      0.011524312198162079,
      0.9407525062561035,
      0.3388981819152832
    ],
    "timestamp" : 1251262094390,
    "gravity" : [
      -0.011524315923452377,
      -0.9407525062561035,
      -0.3388981819152832
    ],
    "userAcceleration" : [
      -0.15821446478366852,
      0.001238405704498291,
      0.028625905513763428
    ]
  },
  {
    "rotationMatrix" : [
      -0.9884676337242126,
      -0.04366131126880646,
      0.14499999582767487,
      0.15114648640155792,
      -0.343120276927948,
      0.9270506501197815,
      0.009276211261749268,
      0.9382759928703308,
      0.34576284885406494
    ],
    "timestamp" : 1251262104444,
    "gravity" : [
      -0.009276209399104118,
      -0.9382760524749756,
      -0.34576284885406494
    ],
    "userAcceleration" : [
      -0.14824025332927704,
      -0.0031453967094421387,
      0.002440035343170166
    ]
  },
  {
    "rotationMatrix" : [
      -0.9886406064033508,
      -0.04613737389445305,
      0.14304132759571075,
      0.1501217931509018,
      -0.3491966426372528,
      0.9249459505081177,
      0.007275000214576721,
      0.9359128475189209,
      0.3521563708782196
    ],
    "timestamp" : 1251262114499,
    "gravity" : [
      -0.007274993695318699,
      -0.9359128475189209,
      -0.352156400680542
    ],
    "userAcceleration" : [
      -0.13072550296783447,
      -0.01469433307647705,
      -0.030671417713165283
    ]
  },
  {
    "rotationMatrix" : [
      -0.9886903166770935,
      -0.048294346779584885,
      0.14198094606399536,
      0.14986196160316467,
      -0.35404685139656067,
      0.9231424331665039,
      0.005685374140739441,
      0.9339797496795654,
      0.35728052258491516
    ],
    "timestamp" : 1251262124553,
    "gravity" : [
      -0.005685369484126568,
      -0.9339797496795654,
      -0.35728052258491516
    ],
    "userAcceleration" : [
      -0.10970159620046616,
      -0.01906883716583252,
      -0.053531914949417114
    ]
  },
  {
    "rotationMatrix" : [
      -0.9885583519935608,
      -0.05002645403146744,
      0.1423005759716034,
      0.15076422691345215,
      -0.3572023808956146,
      0.9217789769172668,
      0.004716791212558746,
      0.9326862692832947,
      0.36065778136253357
    ],
    "timestamp" : 1251262134608,
    "gravity" : [
      -0.004716782830655575,
      -0.9326862096786499,
      -0.36065781116485596
    ],
    "userAcceleration" : [
      -0.08444032818078995,
      -0.015540599822998047,
      -0.06088155508041382
    ]
  },
  {
    "rotationMatrix" : [
      -0.9882348775863647,
      -0.05118813365697861,
      0.14412207901477814,
      0.15287476778030396,
      -0.3586382567882538,
      0.9208732843399048,
      0.004549920558929443,
      0.9320719242095947,
      0.36224451661109924
    ],
    "timestamp" : 1251262144662,
    "gravity" : [
      -0.004549921024590731,
      -0.9320719838142395,
      -0.36224445700645447
    ],
    "userAcceleration" : [
      -0.06272608041763306,
      -0.005809426307678223,
      -0.05651777982711792
    ]
  },
  {
    "rotationMatrix" : [
      -0.9877411723136902,
      -0.05177249386906624,
      0.14726319909095764,
      0.15601253509521484,
      -0.35878100991249084,
      0.9202912449836731,
      0.005189493298530579,
      0.9319847226142883,
      0.36246028542518616
    ],
    "timestamp" : 1251262154717,
    "gravity" : [
      -0.005189485382288694,
      -0.9319846630096436,
      -0.36246025562286377
    ],
    "userAcceleration" : [
      -0.05345003679394722,
      0.0035942792892456055,
      -0.038067758083343506
    ]
  },
  {
    "rotationMatrix" : [
      -0.9871643781661987,
      -0.05179546773433685,
      0.15107280015945435,
      0.1595730185508728,
      -0.3583758473396301,
      0.9198384881019592,
      0.006497420370578766,
      0.9321392178535461,
      0.36204153299331665
    ],
    "timestamp" : 1251262164771,
    "gravity" : [
      -0.006497416645288467,
      -0.9321392178535461,
      -0.36204150319099426
    ],
    "userAcceleration" : [
      -0.048693615943193436,
      0.0005903244018554688,
      -0.011325806379318237
    ]
  },
  {
    "rotationMatrix" : [
      -0.986606240272522,
      -0.051489971578121185,
      0.15477782487869263,
      0.16291707754135132,
      -0.3580991327762604,
      0.9193598628044128,
      0.008088022470474243,
      0.9322624802589417,
      0.3616919219493866
    ],
    "timestamp" : 1251262174826,
    "gravity" : [
      -0.008088021539151669,
      -0.9322624802589417,
      -0.3616918921470642
    ],
    "userAcceleration" : [
      -0.05293186008930206,
      -0.0205267071723938,
      0.014615505933761597
    ]
  },
  {
    "rotationMatrix" : [
      -0.9861167669296265,
      -0.05120912194252014,
      0.1579592227935791,
      0.1657768189907074,
      -0.35841283202171326,
      0.9187263250350952,
      0.009567447006702423,
      0.9321575164794922,
      0.3619263470172882
    ],
    "timestamp" : 1251262184881,
    "gravity" : [
      -0.009567453525960445,
      -0.9321575164794922,
      -0.3619263768196106
    ],
    "userAcceleration" : [
      -0.06364420056343079,
      -0.03776735067367554,
      0.035922348499298096
    ]
  },
  {
    "rotationMatrix" : [
      -0.9857015013694763,
      -0.05124243348836899,
      0.16052021086215973,
      0.1681622862815857,
      -0.3595131039619446,
      0.917862594127655,
      0.010675609111785889,
      0.9317319989204407,
      0.3629896640777588
    ],
    "timestamp" : 1251262194935,
    "gravity" : [
      -0.010675610974431038,
      -0.9317319989204407,
      -0.3629896640777588
    ],
    "userAcceleration" : [
      -0.07454471290111542,
      -0.04141247272491455,
      0.044035136699676514
    ]
  },
  {
    "rotationMatrix" : [
      -0.9853725433349609,
      -0.05162094533443451,
      0.1624055653810501,
      0.17003239691257477,
      -0.3614068925380707,
      0.9167734384536743,
      0.01136980950832367,
      0.9309779405593872,
      0.36489811539649963
    ],
    "timestamp" : 1251262204990,
    "gravity" : [
      -0.01136980764567852,
      -0.9309779405593872,
      -0.36489808559417725
    ],
    "userAcceleration" : [
      -0.08239543437957764,
      -0.03710055351257324,
      0.035140424966812134
    ]
  },
  {
    "rotationMatrix" : [
      -0.9851033091545105,
      -0.05221402272582054,
      0.16384389996528625,
      0.17155565321445465,
      -0.36391234397888184,
      0.9154978394508362,
      0.011823013424873352,
      0.9299684166908264,
      0.3674491047859192
    ],
    "timestamp" : 1251262215044,
    "gravity" : [
      -0.011823009699583054,
      -0.9299684762954712,
      -0.3674490749835968
    ],
    "userAcceleration" : [
      -0.08447519689798355,
      -0.027062714099884033,
      0.01773279905319214
    ]
  },
  {
    "rotationMatrix" : [
      -0.9848872423171997,
      -0.0527217723429203,
      0.16497814655303955,
      0.1727592945098877,
      -0.36676058173179626,
      0.9141340255737305,
      0.012312695384025574,
      0.9288203716278076,
      0.37032583355903625
    ],
    "timestamp" : 1251262225099,
    "gravity" : [
      -0.012312700971961021,
      -0.9288203120231628,
      -0.37032586336135864
    ],
    "userAcceleration" : [
      -0.08270376920700073,
      -0.018735110759735107,
      -0.002721071243286133
    ]
  },
  {
    "rotationMatrix" : [
      -0.9847122430801392,
      -0.052914369851350784,
      0.16595646739006042,
      0.1737009733915329,
      -0.3694974482059479,
      0.9128523468971252,
      0.013017497956752777,
      0.9277238249778748,
      0.37304016947746277
    ],
    "timestamp" : 1251262235153,
    "gravity" : [
      -0.013017499819397926,
      -0.9277238249778748,
      -0.3730401396751404
    ],
    "userAcceleration" : [
      -0.08219734579324722,
      -0.013728082180023193,
      -0.03137883543968201
    ]
  },
  {
    "rotationMatrix" : [
      -0.9845997095108032,
      -0.052680302411317825,
      0.16669827699661255,
      0.17426997423171997,
      -0.37162208557128906,
      0.9118810296058655,
      0.013910584151744843,
      0.9268882870674133,
      0.37507951259613037
    ],
    "timestamp" : 1251262245208,
    "gravity" : [
      -0.013910575769841671,
      -0.9268882870674133,
      -0.375079482793808
    ],
    "userAcceleration" : [
      -0.07755059748888016,
      -0.013342976570129395,
      -0.055966079235076904
    ]
  },
  {
    "rotationMatrix" : [
      -0.9845101833343506,
      -0.05202925205230713,
      0.16743023693561554,
      0.17468570172786713,
      -0.3727565109729767,
      0.9113383293151855,
      0.014994442462921143,
      0.9264694452285767,
      0.37607118487358093
    ],
    "timestamp" : 1251262255262,
    "gravity" : [
      -0.014994448982179165,
      -0.9264694452285767,
      -0.3760712444782257
    ],
    "userAcceleration" : [
      -0.07062260061502457,
      -0.017668068408966064,
      -0.06464838981628418
    ]
  },
  {
    "rotationMatrix" : [
      -0.9843800067901611,
      -0.051152344793081284,
      0.16846181452274323,
      0.17531061172485352,
      -0.37278956174850464,
      0.9112047553062439,
      0.0161905437707901,
      0.926504909992218,
      0.3759341835975647
    ],
    "timestamp" : 1251262265317,
    "gravity" : [
      -0.016190549358725548,
      -0.9265048503875732,
      -0.3759342133998871
    ],
    "userAcceleration" : [
      -0.0627584308385849,
      -0.026223301887512207,
      -0.0525326132774353
    ]
  },
  {
    "rotationMatrix" : [
      -0.9841750264167786,
      -0.04997192323207855,
      0.1700059175491333,
      0.17631429433822632,
      -0.37187275290489197,
      0.9113855957984924,
      0.01767689734697342,
      0.9269375205039978,
      0.37479886412620544
    ],
    "timestamp" : 1251262275371,
    "gravity" : [
      -0.01767689920961857,
      -0.9269375205039978,
      -0.37479889392852783
    ],
    "userAcceleration" : [
      -0.05493968352675438,
      -0.033252179622650146,
      -0.03734105825424194
    ]
  },
  {
    "rotationMatrix" : [
      -0.9838618040084839,
      -0.0485796183347702,
      0.17220807075500488,
      0.17786471545696259,
      -0.37034958600997925,
      0.9117044806480408,
      0.019486941397190094,
      0.927621066570282,
      0.3730136752128601
    ],
    "timestamp" : 1251262285426,
    "gravity" : [
      -0.01948694884777069,
      -0.9276211261749268,
      -0.3730136752128601
    ],
    "userAcceleration" : [
      -0.05666964873671532,
      -0.03542202711105347,
      -0.011782526969909668
    ]
  },
  {
    "rotationMatrix" : [
      -0.9834478497505188,
      -0.04710191488265991,
      0.17496110498905182,
      0.17990587651729584,
      -0.3686215877532959,
      0.912004292011261,
      0.021537303924560547,
      0.928385317325592,
      0.3709942698478699
    ],
    "timestamp" : 1251262295480,
    "gravity" : [
      -0.021537309512495995,
      -0.928385317325592,
      -0.3709942400455475
    ],
    "userAcceleration" : [
      -0.07038164138793945,
      -0.029546082019805908,
      0.012656807899475098
    ]
  },
  {
    "rotationMatrix" : [
      -0.9829612374305725,
      -0.04569404572248459,
      0.1780415177345276,
      0.1822824776172638,
      -0.3670041859149933,
      0.9121845364570618,
      0.023660600185394287,
      0.9290961623191833,
      0.36908045411109924
    ],
    "timestamp" : 1251262305535,
    "gravity" : [
      -0.023660602048039436,
      -0.9290961623191833,
      -0.36908042430877686
    ],
    "userAcceleration" : [
      -0.08463101089000702,
      -0.0299643874168396,
      0.027146190404891968
    ]
  },
  {
    "rotationMatrix" : [
      -0.9824884533882141,
      -0.044524192810058594,
      0.18092365562915802,
      0.18456260859966278,
      -0.365678995847702,
      0.9122582674026489,
      0.025542452931404114,
      0.9296752214431763,
      0.3674933612346649
    ],
    "timestamp" : 1251262315590,
    "gravity" : [
      -0.025542451068758965,
      -0.9296752214431763,
      -0.36749333143234253
    ],
    "userAcceleration" : [
      -0.09278944134712219,
      -0.03596186637878418,
      0.03288337588310242
    ]
  },
  {
    "rotationMatrix" : [
      -0.9821024537086487,
      -0.043776847422122955,
      0.1831875890493393,
      0.18641656637191772,
      -0.36477941274642944,
      0.9122413992881775,
      0.02688804268836975,
      0.9300640225410461,
      0.3664119243621826
    ],
    "timestamp" : 1251262325644,
    "gravity" : [
      -0.0268880482763052,
      -0.9300640821456909,
      -0.3664119243621826
    ],
    "userAcceleration" : [
      -0.10091955214738846,
      -0.04387378692626953,
      0.03413650393486023
    ]
  },
  {
    "rotationMatrix" : [
      -0.9818205833435059,
      -0.043625108897686005,
      0.18472769856452942,
      0.18780219554901123,
      -0.3644219934940338,
      0.9120999574661255,
      0.027528412640094757,
      0.9302111864089966,
      0.3659904897212982
    ],
    "timestamp" : 1251262335699,
    "gravity" : [
      -0.027528416365385056,
      -0.9302111864089966,
      -0.36599045991897583
    ],
    "userAcceleration" : [
      -0.11396631598472595,
      -0.04584759473800659,
      0.03943708539009094
    ]
  },
  {
    "rotationMatrix" : [
      -0.9816233515739441,
      -0.04402387887239456,
      0.18567891418933868,
      0.18882781267166138,
      -0.36454954743385315,
      0.9118372201919556,
      0.027546599507331848,
      0.9301424026489258,
      0.36616387963294983
    ],
    "timestamp" : 1251262345753,
    "gravity" : [
      -0.027546601369976997,
      -0.9301424622535706,
      -0.36616384983062744
    ],
    "userAcceleration" : [
      -0.11820534616708755,
      -0.04947167634963989,
      0.033064454793930054
    ]
  },
  {
    "rotationMatrix" : [
      -0.9815128445625305,
      -0.044799789786338806,
      0.18607906997203827,
      0.1894717961549759,
      -0.36494603753089905,
      0.9115452766418457,
      0.027071774005889893,
      0.9299501180648804,
      0.3666875660419464
    ],
    "timestamp" : 1251262355808,
    "gravity" : [
      -0.02707177959382534,
      -0.9299501180648804,
      -0.3666875958442688
    ],
    "userAcceleration" : [
      -0.11015051603317261,
      -0.05129671096801758,
      0.018863439559936523
    ]
  },
  {
    "rotationMatrix" : [
      -0.9814549684524536,
      -0.04575018584728241,
      0.18615174293518066,
      0.18987907469272614,
      -0.3652401566505432,
      0.9113425016403198,
      0.026296041905879974,
      0.9297882318496704,
      0.36715418100357056
    ],
    "timestamp" : 1251262365862,
    "gravity" : [
      -0.026296038180589676,
      -0.9297882318496704,
      -0.36715418100357056
    ],
    "userAcceleration" : [
      -0.10367830842733383,
      -0.04698777198791504,
      0.003476172685623169
    ]
  },
  {
    "rotationMatrix" : [
      -0.9813852906227112,
      -0.046706557273864746,
      0.18628107011318207,
      0.1903531700372696,
      -0.36512234807014465,
      0.91129070520401,
      0.02545216679573059,
      0.9297868609428406,
      0.36721697449684143
    ],
    "timestamp" : 1251262375917,
    "gravity" : [
      -0.02545216865837574,
      -0.9297868609428406,
      -0.3672170042991638
    ],
    "userAcceleration" : [
      -0.09880014508962631,
      -0.0360637903213501,
      -0.0023508965969085693
    ]
  },
  {
    "rotationMatrix" : [
      -0.9812408089637756,
      -0.04755333811044693,
      0.18682752549648285,
      0.19118943810462952,
      -0.3644382059574127,
      0.9113896489143372,
      0.02474750578403473,
      0.9300124049186707,
      0.36669376492500305
    ],
    "timestamp" : 1251262385971,
    "gravity" : [
      -0.02474750578403473,
      -0.9300124049186707,
      -0.36669373512268066
    ],
    "userAcceleration" : [
      -0.09787212312221527,
      -0.028346240520477295,
      0.006220042705535889
    ]
  },
  {
    "rotationMatrix" : [
      -0.9809184074401855,
      -0.04834086447954178,
      0.18831366300582886,
      0.19288992881774902,
      -0.3632318675518036,
      0.9115130305290222,
      0.02433820813894272,
      0.9304438233375549,
      0.36562541127204895
    ],
    "timestamp" : 1251262396026,
    "gravity" : [
      -0.02433820441365242,
      -0.9304438233375549,
      -0.36562538146972656
    ],
    "userAcceleration" : [
      -0.10707049071788788,
      -0.025687098503112793,
      0.027307450771331787
    ]
  },
  {
    "rotationMatrix" : [
      -0.9803891181945801,
      -0.04906681180000305,
      0.19086328148841858,
      0.19556546211242676,
      -0.3616604804992676,
      0.9115674495697021,
      0.024300046265125275,
      0.9310175180435181,
      0.3641643524169922
    ],
    "timestamp" : 1251262406080,
    "gravity" : [
      -0.024300049990415573,
      -0.9310175180435181,
      -0.3641643226146698
    ],
    "userAcceleration" : [
      -0.11333421617746353,
      -0.023465394973754883,
      0.0490092933177948
    ]
  },
  {
    "rotationMatrix" : [
      -0.9796340465545654,
      -0.04975656419992447,
      0.194528728723526,
      0.19927304983139038,
      -0.3598332703113556,
      0.9114879369735718,
      0.024645395576953888,
      0.9316889047622681,
      0.36242005228996277
    ],
    "timestamp" : 1251262416135,
    "gravity" : [
      -0.024645401164889336,
      -0.9316889643669128,
      -0.36242008209228516
    ],
    "userAcceleration" : [
      -0.11349241435527802,
      -0.027219057083129883,
      0.06498044729232788
    ]
  },
  {
    "rotationMatrix" : [
      -0.9786206483840942,
      -0.05049329996109009,
      0.1993781179189682,
      0.20410659909248352,
      -0.3578219711780548,
      0.9112100005149841,
      0.025331899523735046,
      0.9324235320091248,
      0.3604782521724701
    ],
    "timestamp" : 1251262426190,
    "gravity" : [
      -0.02533189207315445,
      -0.93242347240448,
      -0.3604782521724701
    ],
    "userAcceleration" : [
      -0.10818250477313995,
      -0.02292919158935547,
      0.0808151364326477
    ]
  },
  {
    "rotationMatrix" : [
      -0.9773518443107605,
      -0.051374949514865875,
      0.20528849959373474,
      0.20998525619506836,
      -0.3557620644569397,
      0.9106805324554443,
      0.026247717440128326,
      0.9331631660461426,
      0.3584930896759033
    ],
    "timestamp" : 1251262436244,
    "gravity" : [
      -0.026247723028063774,
      -0.9331631660461426,
      -0.3584931492805481
    ],
    "userAcceleration" : [
      -0.10552717745304108,
      -0.013598799705505371,
      0.09529423713684082
    ]
  },
  {
    "rotationMatrix" : [
      -0.975939929485321,
      -0.052410952746868134,
      0.21164551377296448,
      0.2163333296775818,
      -0.3539116084575653,
      0.9099154472351074,
      0.027214303612709045,
      0.9338090419769287,
      0.35673508048057556
    ],
    "timestamp" : 1251262446299,
    "gravity" : [
      -0.027214305475354195,
      -0.9338090419769287,
      -0.3567350208759308
    ],
    "userAcceleration" : [
      -0.09651921689510345,
      -0.006086468696594238,
      0.10229471325874329
    ]
  },
  {
    "rotationMatrix" : [
      -0.9744321703910828,
      -0.05377583205699921,
      0.21815085411071777,
      0.22292523086071014,
      -0.3525516390800476,
      0.9088517427444458,
      0.028035208582878113,
      0.9342458248138428,
      0.3555258512496948
    ],
    "timestamp" : 1251262456353,
    "gravity" : [
      -0.028035204857587814,
      -0.9342458248138428,
      -0.3555258810520172
    ],
    "userAcceleration" : [
      -0.0866345763206482,
      -0.0010110139846801758,
      0.10741797089576721
    ]
  },
  {
    "rotationMatrix" : [
      -0.9729391932487488,
      -0.055478520691394806,
      0.22430238127708435,
      0.22928577661514282,
      -0.35192960500717163,
      0.9075096249580383,
