[
  {
    "gravity" : [
      -0.05201268941164017,
      -0.9986355900764465,
      0.004646136425435543
    ],
    "rotationMatrix" : [
      0.8432542681694031,
      -0.04641130566596985,
      -0.5355074405670166,
      -0.5349924564361572,
      0.02393527328968048,
      -0.8445177674293518,
      0.052012696862220764,
      0.9986355900764465,
      -0.004646182060241699
    ],
    "timestamp" : 1251110900620,
    "userAcceleration" : [
      -0.04890895262360573,
      0.04996621608734131,
      -0.0316084623336792
    ]
  },
  {
    "gravity" : [
      -0.0517864003777504,
      -0.998641312122345,
      0.0058051953092217445
    ],
    "rotationMatrix" : [
      0.8457921147346497,
      -0.04694943130016327,
      -0.5314428210258484,
      -0.5309932827949524,
      0.022611506283283234,
      -0.8470743298530579,
      0.051786378026008606,
      0.998641312122345,
      -0.005805209279060364
    ],
    "timestamp" : 1251110910674,
    "userAcceleration" : [
      -0.0653248131275177,
      0.060546278953552246,
      -0.038275957107543945
    ]
  },
  {
    "gravity" : [
      -0.051002420485019684,
      -0.9986757636070251,
      0.006715173367410898
    ],
    "rotationMatrix" : [
      0.8485893607139587,
      -0.04688097536563873,
      -0.5269708037376404,
      -0.5265879034996033,
      0.021178346127271652,
      -0.8498567342758179,
      0.05100242793560028,
      0.9986758232116699,
      -0.00671522319316864
    ],
    "timestamp" : 1251110920728,
    "userAcceleration" : [
      -0.07541665434837341,
      0.07023966312408447,
      -0.03981161117553711
    ]
  },
  {
    "gravity" : [
      -0.04970507696270943,
      -0.9987386465072632,
      0.0070958673022687435
    ],
    "rotationMatrix" : [
      0.8518211245536804,
      -0.04610066115856171,
      -0.5218002200126648,
      -0.521469235420227,
      0.019891727715730667,
      -0.8530380725860596,
      0.04970507323741913,
      0.9987386465072632,
      -0.007095865905284882
    ],
    "timestamp" : 1251110930781,
    "userAcceleration" : [
      -0.07393686473369598,
      0.08278411626815796,
      -0.032562851905822754
    ]
  },
  {
    "gravity" : [
      -0.0481262281537056,
      -0.9988185167312622,
      0.0067534963600337505
    ],
    "rotationMatrix" : [
      0.8555390238761902,
      -0.04471014440059662,
      -0.5158042907714844,
      -0.5154967308044434,
      0.019045814871788025,
      -0.8566799163818359,
      0.04812625050544739,
      0.9988185167312622,
      -0.006753504276275635
    ],
    "timestamp" : 1251110940835,
    "userAcceleration" : [
      -0.05873110890388489,
      0.09906870126724243,
      -0.02352297306060791
    ]
  },
  {
    "gravity" : [
      -0.0465426966547966,
      -0.9989000558853149,
      0.005666032433509827
    ],
    "rotationMatrix" : [
      0.8595035076141357,
      -0.042936772108078,
      -0.5093231797218323,
      -0.5090063810348511,
      0.01883532479405403,
      -0.8605565428733826,
      0.046542689204216,
      0.9989001154899597,
      -0.005666039884090424
    ],
    "timestamp" : 1251110950889,
    "userAcceleration" : [
      -0.044369176030159,
      0.11183053255081177,
      -0.018239378929138184
    ]
  },
  {
    "gravity" : [
      -0.04513762146234512,
      -0.9989727139472961,
      0.004031002055853605
    ],
    "rotationMatrix" : [
      0.8636550307273865,
      -0.041050687432289124,
      -0.5024089813232422,
      -0.5020583271980286,
      0.019196096807718277,
      -0.8646207451820374,
      0.045137614011764526,
      0.9989727139472961,
      -0.004031047224998474
    ],
    "timestamp" : 1251110960943,
    "userAcceleration" : [
      -0.035245660692453384,
      0.11831164360046387,
      -0.019350886344909668
    ]
  },
  {
    "gravity" : [
      -0.043999429792165756,
      -0.9990290999412537,
      0.0021528848446905613
    ],
    "rotationMatrix" : [
      0.8679531812667847,
      -0.039293527603149414,
      -0.4950891137123108,
      -0.4946931004524231,
      0.019915010780096054,
      -0.8688393831253052,
      0.043999433517456055,
      0.9990291595458984,
      -0.0021529272198677063
    ],
    "timestamp" : 1251110970997,
    "userAcceleration" : [
      -0.026389338076114655,
      0.11733061075210571,
      -0.02324056625366211
    ]
  },
  {
    "gravity" : [
      -0.04310663789510727,
      -0.999070405960083,
      0.00026906971470452845
    ],
    "rotationMatrix" : [
      0.872109591960907,
      -0.03776009380817413,
      -0.48785141110420227,
      -0.4874081015586853,
      0.02079496905207634,
      -0.8729265928268433,
      0.043106645345687866,
      0.999070405960083,
      -0.000269085168838501
    ],
    "timestamp" : 1251110981051,
    "userAcceleration" : [
      -0.025237489491701126,
      0.10383731126785278,
      -0.022119760513305664
    ]
  },
  {
    "gravity" : [
      -0.04232146590948105,
      -0.999102771282196,
      -0.0015301310922950506
    ],
    "rotationMatrix" : [
      0.8760846257209778,
      -0.036374226212501526,
      -0.4807833135128021,
      -0.48029637336730957,
      0.02168792486190796,
      -0.8768380284309387,
      0.042321473360061646,
      0.999102771282196,
      0.0015300586819648743
    ],
    "timestamp" : 1251110991105,
    "userAcceleration" : [
      -0.02957797423005104,
      0.0866883397102356,
      -0.015468239784240723
    ]
  },
  {
    "gravity" : [
      -0.0414775088429451,
      -0.999133825302124,
      -0.003328301478177309
    ],
    "rotationMatrix" : [
      0.8798792958259583,
      -0.034948185086250305,
      -0.473910391330719,
      -0.47338366508483887,
      0.022585172206163406,
      -0.8805667161941528,
      0.04147748649120331,
      0.999133825302124,
      0.0033283457159996033
    ],
    "timestamp" : 1251111001159,
    "userAcceleration" : [
      -0.037746112793684006,
      0.06837832927703857,
      -0.005766034126281738
    ]
  },
  {
    "gravity" : [
      -0.04049501568078995,
      -0.9991654753684998,
      -0.005320143885910511
    ],
    "rotationMatrix" : [
      0.8834371566772461,
      -0.033316195011138916,
      -0.4673635959625244,
      -0.4667963981628418,
      0.023625921458005905,
      -0.8840490579605103,
      0.040495023131370544,
      0.999165415763855,
      0.005320146679878235
    ],
    "timestamp" : 1251111011213,
    "userAcceleration" : [
      -0.04513729736208916,
      0.05917841196060181,
      0.0029091835021972656
    ]
  },
  {
    "gravity" : [
      -0.03940305858850479,
      -0.999194324016571,
      -0.007615638431161642
    ],
    "rotationMatrix" : [
      0.8867334127426147,
      -0.0314529687166214,
      -0.4612099230289459,
      -0.46059882640838623,
      0.024926111102104187,
      -0.8872582912445068,
      0.039403051137924194,
      0.9991942644119263,
      0.007615618407726288
    ],
    "timestamp" : 1251111021267,
    "userAcceleration" : [
      -0.05381288751959801,
      0.05603337287902832,
      -0.0006546974182128906
    ]
  },
  {
    "gravity" : [
      -0.0382368378341198,
      -0.9992170333862305,
      -0.010147657245397568
    ],
    "rotationMatrix" : [
      0.8899174928665161,
      -0.029431790113449097,
      -0.4551709294319153,
      -0.4545159637928009,
      0.026434853672981262,
      -0.890346109867096,
      0.0382368266582489,
      0.9992170929908752,
      0.010147623717784882
    ],
    "timestamp" : 1251111031321,
    "userAcceleration" : [
      -0.06048751622438431,
      0.053981006145477295,
      -0.017898082733154297
    ]
  },
  {
    "gravity" : [
      -0.0370599590241909,
      -0.9992315173149109,
      -0.012759956531226635
    ],
    "rotationMatrix" : [
      0.893198549747467,
      -0.027395963668823242,
      -0.4488270878791809,
      -0.44813263416290283,
      0.028030749410390854,
      -0.8935274481773376,
      0.0370599627494812,
      0.9992315173149109,
      0.012760013341903687
    ],
    "timestamp" : 1251111041375,
    "userAcceleration" : [
      -0.0636175200343132,
      0.06208258867263794,
      -0.03837233781814575
    ]
  },
  {
    "gravity" : [
      -0.035861045122146606,
      -0.9992382526397705,
      -0.015390108339488506
    ],
    "rotationMatrix" : [
      0.8966701626777649,
      -0.025372877717018127,
      -0.4419715404510498,
      -0.44124436378479004,
      0.029649391770362854,
      -0.8968970775604248,
      0.03586103022098541,
      0.9992382526397705,
      0.015390083193778992
    ],
    "timestamp" : 1251111051429,
    "userAcceleration" : [
      -0.07185077667236328,
      0.06968814134597778,
      -0.050833165645599365
    ]
  },
  {
    "gravity" : [
      -0.03459513932466507,
      -0.9992376565933228,
      -0.018082663416862488
    ],
    "rotationMatrix" : [
      0.900359034538269,
      -0.023308560252189636,
      -0.4345231056213379,
      -0.43377041816711426,
      0.03131326660513878,
      -0.9004789590835571,
      0.034595146775245667,
      0.9992376565933228,
      0.0180826298892498
    ],
    "timestamp" : 1251111061483,
    "userAcceleration" : [
      -0.08103598654270172,
      0.07255631685256958,
      -0.05462557077407837
    ]
  },
  {
    "gravity" : [
      -0.03321276977658272,
      -0.9992302656173706,
      -0.02086639404296875
    ],
    "rotationMatrix" : [
      0.9042266011238098,
      -0.02114810049533844,
      -0.4265289604663849,
      -0.4257594347000122,
      0.03303416818380356,
      -0.9042329788208008,
      0.03321278095245361,
      0.9992302656173706,
      0.020866382867097855
    ],
    "timestamp" : 1251111071537,
    "userAcceleration" : [
      -0.08969676494598389,
      0.06723886728286743,
      -0.0565720796585083
    ]
  },
  {
    "gravity" : [
      -0.03163616731762886,
      -0.9992188215255737,
      -0.023682907223701477
    ],
    "rotationMatrix" : [
      0.9082036018371582,
      -0.018844887614250183,
      -0.4181041717529297,
      -0.4173312783241272,
      0.03473609685897827,
      -0.908090353012085,
      0.031636178493499756,
      0.9992188215255737,
      0.023682888597249985
    ],
    "timestamp" : 1251111081591,
    "userAcceleration" : [
      -0.09722431749105453,
      0.06771564483642578,
      -0.05488473176956177
    ]
  },
  {
    "gravity" : [
      -0.029860273003578186,
      -0.9992042779922485,
      -0.026442689821124077
    ],
    "rotationMatrix" : [
      0.9121597409248352,
      -0.016421958804130554,
      -0.4095057249069214,
      -0.40874558687210083,
      0.036347895860672,
      -0.9119243025779724,
      0.029860273003578186,
      0.9992043375968933,
      0.02644268050789833
    ],
    "timestamp" : 1251111091645,
    "userAcceleration" : [
      -0.09903071820735931,
      0.07078325748443604,
      -0.05181974545121193
    ]
  },
  {
    "gravity" : [
      -0.027951011434197426,
      -0.9991861581802368,
      -0.029077880084514618
    ],
    "rotationMatrix" : [
      0.9160380363464355,
      -0.013959765434265137,
      -0.400848388671875,
      -0.4001162648200989,
      0.0378405936062336,
      -0.9156826734542847,
      0.027951017022132874,
      0.9991861581802368,
      0.02907790243625641
    ],
    "timestamp" : 1251111101699,
    "userAcceleration" : [
      -0.09692692011594772,
      0.07560235261917114,
      -0.04617857560515404
    ]
  },
  {
    "gravity" : [
      -0.026034120470285416,
      -0.9991632699966431,
      -0.03154152259230614
    ],
    "rotationMatrix" : [
      0.9196738004684448,
      -0.011572182178497314,
      -0.3925126791000366,
      -0.3918192982673645,
      0.03922666609287262,
      -0.9192054867744446,
      0.02603413164615631,
      0.9991632103919983,
      0.03154154494404793
    ],
    "timestamp" : 1251111111753,
    "userAcceleration" : [
      -0.08875774592161179,
      0.08081316947937012,
      -0.039320409297943115
    ]
  },
  {
    "gravity" : [
      -0.024255473166704178,
      -0.9991317391395569,
      -0.033869668841362
    ],
    "rotationMatrix" : [
      0.9230412244796753,
      -0.009371146559715271,
      -0.3845869302749634,
      -0.3839356303215027,
      0.04059142991900444,
      -0.922467052936554,
      0.02425546944141388,
      0.9991317391395569,
      0.03386965021491051
    ],
    "timestamp" : 1251111121807,
    "userAcceleration" : [
      -0.07616262882947922,
      0.08677840232849121,
      -0.03360479697585106
    ]
  },
  {
    "gravity" : [
      -0.02269451878964901,
      -0.9990896582603455,
      -0.036118242889642715
    ],
    "rotationMatrix" : [
      0.926201581954956,
      -0.007411494851112366,
      -0.37695586681365967,
      -0.37634503841400146,
      0.04200759530067444,
      -0.9255266189575195,
      0.022694513201713562,
      0.9990897178649902,
      0.03611822426319122
    ],
    "timestamp" : 1251111131861,
    "userAcceleration" : [
      -0.06971271336078644,
      0.09003221988677979,
      -0.026885386556386948
    ]
  },
  {
    "gravity" : [
      -0.021413350477814674,
      -0.999035120010376,
      -0.0383419394493103
    ],
    "rotationMatrix" : [
      0.9292090535163879,
      -0.005735322833061218,
      -0.3695099353790283,
      -0.3689334988594055,
      0.04354013875126839,
      -0.9284353256225586,
      0.021413341164588928,
      0.999035120010376,
      0.0383419468998909
    ],
    "timestamp" : 1251111141915,
    "userAcceleration" : [
      -0.06803368031978607,
      0.09373128414154053,
      -0.02316635474562645
    ]
  },
  {
    "gravity" : [
      -0.020473040640354156,
      -0.9989662170410156,
      -0.04058234393596649
    ],
    "rotationMatrix" : [
      0.9321707487106323,
      -0.0043984949588775635,
      -0.36199215054512024,
      -0.3614394962787628,
      0.045240744948387146,
      -0.9312971830368042,
      0.02047303318977356,
      0.9989662170410156,
      0.0405823215842247
    ],
    "timestamp" : 1251111151969,
    "userAcceleration" : [
      -0.06503722816705704,
      0.09347939491271973,
      -0.021810945123434067
    ]
  },
  {
    "gravity" : [
      -0.019949905574321747,
      -0.9988839030265808,
      -0.04281137138605118
    ],
    "rotationMatrix" : [
      0.9350916147232056,
      -0.003487035632133484,
      -0.354388952255249,
      -0.35384416580200195,
      0.047102585434913635,
      -0.9341174960136414,
      0.01994989812374115,
      0.9988839030265808,
      0.04281137138605118
    ],
    "timestamp" : 1251111162022,
    "userAcceleration" : [
      -0.059533119201660156,
      0.09046727418899536,
      -0.020146489143371582
    ]
  },
  {
    "gravity" : [
      -0.019821127876639366,
      -0.9987878799438477,
      -0.04504922032356262
    ],
    "rotationMatrix" : [
      0.9380627870559692,
      -0.0029897540807724,
      -0.34645238518714905,
      -0.3458978533744812,
      0.0491260401904583,
      -0.9369850754737854,
      0.019821137189865112,
      0.9987879395484924,
      0.04504917189478874
    ],
    "timestamp" : 1251111172076,
    "userAcceleration" : [
      -0.06216433644294739,
      0.08588528633117676,
      -0.012491758912801743
    ]
  },
  {
    "gravity" : [
      -0.020026560872793198,
      -0.9986779689788818,
      -0.04734364524483681
    ],
    "rotationMatrix" : [
      0.9409312605857849,
      -0.0028174221515655518,
      -0.33858591318130493,
      -0.33800485730171204,
      0.051327839493751526,
      -0.9397437572479248,
      0.020026549696922302,
      0.9986779689788818,
      0.0473436638712883
    ],
    "timestamp" : 1251111182130,
    "userAcceleration" : [
      -0.0684133768081665,
      0.08008354902267456,
      0.00013285130262374878
    ]
  },
  {
    "gravity" : [
      -0.02049325406551361,
      -0.9985505938529968,
      -0.049764834344387054
    ],
    "rotationMatrix" : [
      0.9436309337615967,
      -0.0028707385063171387,
      -0.33098703622817993,
      -0.330364465713501,
      0.0537426620721817,
      -0.9423220157623291,
      0.02049325406551361,
      0.998550534248352,
      0.04976485297083855
    ],
    "timestamp" : 1251111192184,
    "userAcceleration" : [
      -0.07665945589542389,
      0.07405120134353638,
      0.008840624243021011
    ]
  },
  {
    "gravity" : [
      -0.021111968904733658,
      -0.9984074831008911,
      -0.052311256527900696
    ],
    "rotationMatrix" : [
      0.9460917711257935,
      -0.003035932779312134,
      -0.32388442754745483,
      -0.32320988178253174,
      0.056329138576984406,
      -0.9446491599082947,
      0.02111196517944336,
      0.9984074234962463,
      0.05231129378080368
    ],
    "timestamp" : 1251111202238,
    "userAcceleration" : [
      -0.08862923830747604,
      0.06669074296951294,
      0.015095002949237823
    ]
  },
  {
    "gravity" : [
      -0.0217879731208086,
      -0.9982507824897766,
      -0.05495859682559967
    ],
    "rotationMatrix" : [
      0.9482604265213013,
      -0.003218233585357666,
      -0.31747716665267944,
      -0.31674501299858093,
      0.05903223156929016,
      -0.9466718435287476,
      0.021787971258163452,
      0.9982508420944214,
      0.05495857447385788
    ],
    "timestamp" : 1251111212292,
    "userAcceleration" : [
      -0.09568944573402405,
      0.06465715169906616,
      0.013881862163543701
    ]
  },
  {
    "gravity" : [
      -0.022436248138546944,
      -0.998081386089325,
      -0.05770474299788475
    ],
    "rotationMatrix" : [
      0.9501724243164062,
      -0.003337770700454712,
      -0.3117069602012634,
      -0.31091636419296265,
      0.061823032796382904,
      -0.9484242796897888,
      0.022436246275901794,
      0.998081386089325,
      0.057704776525497437
    ],
    "timestamp" : 1251111222346,
    "userAcceleration" : [
      -0.1007784903049469,
      0.05981862545013428,
      0.0063435472548007965
    ]
  },
  {
    "gravity" : [
      -0.023028085008263588,
      -0.9978985786437988,
      -0.06056443229317665
    ],
    "rotationMatrix" : [
      0.9519162774085999,
      -0.003374621272087097,
      -0.30633968114852905,
      -0.30549156665802,
      0.0647066980600357,
      -0.9499936103820801,
      0.023028090596199036,
      0.9978985786437988,
      0.060564443469047546
    ],
    "timestamp" : 1251111232400,
    "userAcceleration" : [
      -0.10398606956005096,
      0.055943071842193604,
      -0.0005928874015808105
    ]
  },
  {
    "gravity" : [
      -0.023630330339074135,
      -0.9977006316184998,
      -0.06352268159389496
    ],
    "rotationMatrix" : [
      0.953482985496521,
      -0.0033914148807525635,
      -0.3014276623725891,
      -0.3005191385746002,
      0.0676906406879425,
      -0.9513707160949707,
      0.023630335927009583,
      0.997700572013855,
      0.06352269649505615
    ],
    "timestamp" : 1251111242454,
    "userAcceleration" : [
      -0.09595279395580292,
      0.057835519313812256,
      -0.011642225086688995
    ]
  },
  {
    "gravity" : [
      -0.024317381903529167,
      -0.997485339641571,
      -0.06657065451145172
    ],
    "rotationMatrix" : [
      0.9548971652984619,
      -0.0034633874893188477,
      -0.2969164252281189,
      -0.29593923687934875,
      0.07078837603330612,
      -0.9525800943374634,
      0.024317368865013123,
      0.9974852800369263,
      0.06657066941261292
    ],
    "timestamp" : 1251111252508,
    "userAcceleration" : [
      -0.08882654458284378,
      0.06270146369934082,
      -0.025104224681854248
    ]
  },
  {
    "gravity" : [
      -0.02505434863269329,
      -0.997251033782959,
      -0.06973125040531158
    ],
    "rotationMatrix" : [
      0.9562940001487732,
      -0.003580823540687561,
      -0.2923848628997803,
      -0.2913314700126648,
      0.07400911301374435,
      -0.9537549018859863,
      0.02505435049533844,
      0.997251033782959,
      0.06973126530647278
    ],
    "timestamp" : 1251111262562,
    "userAcceleration" : [
      -0.08932553231716156,
      0.06802141666412354,
      -0.03845363110303879
    ]
  },
  {
    "gravity" : [
      -0.025870492681860924,
      -0.9969920516014099,
      -0.07305695861577988
    ],
    "rotationMatrix" : [
      0.9577648639678955,
      -0.003783389925956726,
      -0.28752756118774414,
      -0.28638631105422974,
      0.07740987092256546,
      -0.9549818634986877,
      0.02587050199508667,
      0.9969920516014099,
      0.07305695116519928
    ],
    "timestamp" : 1251111272616,
    "userAcceleration" : [
      -0.09235459566116333,
      0.07800108194351196,
      -0.04799109697341919
    ]
  },
  {
    "gravity" : [
      -0.026779627427458763,
      -0.9967054724693298,
      -0.07655586302280426
    ],
    "rotationMatrix" : [
      0.9593299031257629,
      -0.004095554351806641,
      -0.2822575569152832,
      -0.2810141444206238,
      0.08100109547376633,
      -0.9562790393829346,
      0.02677963674068451,
      0.9967054128646851,
      0.07655587047338486
    ],
    "timestamp" : 1251111282670,
    "userAcceleration" : [
      -0.09197953343391418,
      0.08600002527236938,
      -0.05853026360273361
    ]
  },
  {
    "gravity" : [
      -0.027816003188490868,
      -0.9963939189910889,
      -0.08015868067741394
    ],
    "rotationMatrix" : [
      0.9610376954078674,
      -0.0045946091413497925,
      -0.27637913823127747,
      -0.2750142216682434,
      0.08472330123186111,
      -0.9576998949050903,
      0.02781599760055542,
      0.9963939189910889,
      0.08015870302915573
    ],
    "timestamp" : 1251111292724,
    "userAcceleration" : [
      -0.09257584810256958,
      0.08257555961608887,
      -0.06502879410982132
    ]
  },
  {
    "gravity" : [
      -0.028916649520397186,
      -0.9960607290267944,
      -0.08382546901702881
    ],
    "rotationMatrix" : [
      0.9628591537475586,
      -0.005234330892562866,
      -0.26995334029197693,
      -0.26845118403434753,
      0.08851827681064606,
      -0.9592175483703613,
      0.028916649520397186,
      0.9960607290267944,
      0.08382546901702881
    ],
    "timestamp" : 1251111302778,
    "userAcceleration" : [
      -0.09269589930772781,
      0.07439947128295898,
      -0.06569545716047287
    ]
  },
  {
    "gravity" : [
      -0.029936611652374268,
      -0.9957120418548584,
      -0.08752694725990295
    ],
    "rotationMatrix" : [
      0.964749813079834,
      -0.005877971649169922,
      -0.26310309767723083,
      -0.26146048307418823,
      0.09231802821159363,
      -0.9607889652252197,
      0.029936611652374268,
      0.9957120418548584,
      0.08752694725990295
    ],
    "timestamp" : 1251111312832,
    "userAcceleration" : [
      -0.09634511917829514,
      0.0599365234375,
      -0.05631773918867111
    ]
  },
  {
    "gravity" : [
      -0.030701689422130585,
      -0.9953507781028748,
      -0.09129119664430618
    ],
    "rotationMatrix" : [
      0.9666554927825928,
      -0.006336703896522522,
      -0.2560020089149475,
      -0.25423336029052734,
      0.09610684961080551,
      -0.9623557329177856,
      0.030701681971549988,
      0.99535071849823,
      0.09129121154546738
    ],
    "timestamp" : 1251111322886,
    "userAcceleration" : [
      -0.09599205106496811,
      0.04108142852783203,
      -0.04469519853591919
    ]
  },
  {
    "gravity" : [
      -0.03107551299035549,
      -0.9949729442596436,
      -0.09520082920789719
    ],
    "rotationMatrix" : [
      0.9685084819793701,
      -0.006433993577957153,
      -0.24889741837978363,
      -0.24703365564346313,
      0.09993740916252136,
      -0.9638396501541138,
      0.031075522303581238,
      0.9949729442596436,
      0.0952008068561554
    ],
    "timestamp" : 1251111332940,
    "userAcceleration" : [
      -0.08740898221731186,
      0.018883466720581055,
      -0.02952463924884796
    ]
  },
  {
    "gravity" : [
      -0.03099183738231659,
      -0.994565486907959,
      -0.09939179569482803
    ],
    "rotationMatrix" : [
      0.9702820181846619,
      -0.0060608163475990295,
      -0.24190101027488708,
      -0.23998403549194336,
      0.10393498837947845,
      -0.9651968479156494,
      0.030991829931735992,
      0.994565486907959,
      0.09939175844192505
    ],
    "timestamp" : 1251111342994,
    "userAcceleration" : [
      -0.07910031825304031,
      0.00849694013595581,
      -0.014713510870933533
    ]
  },
  {
    "gravity" : [
      -0.030524641275405884,
      -0.9941091537475586,
      -0.10399579256772995
    ],
    "rotationMatrix" : [
      0.9719290137290955,
      -0.005237169563770294,
      -0.23521605134010315,
      -0.2332858145236969,
      0.10825639963150024,
      -0.9663633704185486,
      0.030524641275405884,
      0.9941090941429138,
      0.10399577766656876
    ],
    "timestamp" : 1251111353048,
    "userAcceleration" : [
      -0.06398828327655792,
      0.0060874223709106445,
      -0.002312295138835907
    ]
  },
  {
    "gravity" : [
      -0.029914459213614464,
      -0.993581235408783,
      -0.10909292846918106
    ],
    "rotationMatrix" : [
      0.9734198451042175,
      -0.004164889454841614,
      -0.22898998856544495,
      -0.2270658165216446,
      0.11304337531328201,
      -0.967296302318573,
      0.02991444617509842,
      0.993581235408783,
      0.10909296572208405
    ],
    "timestamp" : 1251111363102,
    "userAcceleration" : [
      -0.04158822447061539,
      0.01021343469619751,
      -0.0002821683883666992
    ]
  },
  {
    "gravity" : [
      -0.029411179944872856,
      -0.9929648041725159,
      -0.11469907313585281
    ],
    "rotationMatrix" : [
      0.9747747182846069,
      -0.0030936971306800842,
      -0.22316960990428925,
      -0.2212447226047516,
      0.11836941540241241,
      -0.9680079817771912,
      0.029411181807518005,
      0.9929648041725159,
      0.11469905078411102
    ],
    "timestamp" : 1251111373156,
    "userAcceleration" : [
      -0.019615327939391136,
      0.02072054147720337,
      -0.011857464909553528
    ]
  },
  {
    "gravity" : [
      -0.02916090376675129,
      -0.992258608341217,
      -0.12071596831083298
    ],
    "rotationMatrix" : [
      0.9760447144508362,
      -0.0022166892886161804,
      -0.21755880117416382,
      -0.21560701727867126,
      0.12416835874319077,
      -0.9685534238815308,
      0.029160894453525543,
      0.9922586679458618,
      0.12071593105792999
    ],
    "timestamp" : 1251111383210,
    "userAcceleration" : [
      -0.006895618513226509,
      0.030024230480194092,
      -0.03335213661193848
    ]
  },
  {
    "gravity" : [
      -0.029207764193415642,
      -0.9914717674255371,
      -0.12700693309307098
    ],
    "rotationMatrix" : [
      0.977277398109436,
      -0.0016378983855247498,
      -0.21195808053016663,
      -0.20994240045547485,
      0.13031180202960968,
      -0.9689908027648926,
      0.029207773506641388,
      0.9914717674255371,
      0.1270069181919098
    ],
    "timestamp" : 1251111393264,
    "userAcceleration" : [
      -0.006101094186306,
      0.030381619930267334,
      -0.06014223396778107
    ]
  },
  {
    "gravity" : [
      -0.029385486617684364,
      -0.9906197190284729,
      -0.13345018029212952
    ],
    "rotationMatrix" : [
      0.978562593460083,
      -0.0012841150164604187,
      -0.20594562590122223,
      -0.203842431306839,
      0.13664114475250244,
      -0.9694210886955261,
      0.029385477304458618,
      0.9906197190284729,
      0.13345015048980713
    ],
    "timestamp" : 1251111403317,
    "userAcceleration" : [
      -0.012927139177918434,
      0.02179354429244995,
      -0.08046285808086395
    ]
  },
  {
    "gravity" : [
      -0.02946631982922554,
      -0.9897242188453674,
      -0.13991975784301758
    ],
    "rotationMatrix" : [
      0.979973554611206,
      -0.0010252594947814941,
      -0.19912490248680115,
      -0.19693531095981598,
      0.14298513531684875,
      -0.969933807849884,
      0.02946632355451584,
      0.9897242188453674,
      0.13991974294185638
    ],
    "timestamp" : 1251111413371,
    "userAcceleration" : [
      -0.021238641813397408,
      0.009545505046844482,
      -0.09257851541042328
    ]
  },
  {
    "gravity" : [
      -0.029301632195711136,
      -0.988788366317749,
      -0.1464196890592575
    ],
    "rotationMatrix" : [
      0.9814577102661133,
      -0.0007008463144302368,
      -0.19167745113372803,
      -0.18942585587501526,
      0.14932124316692352,
      -0.9704744219779968,
      0.029301635921001434,
      0.9887883067131042,
      0.1464197337627411
    ],
    "timestamp" : 1251111423425,
    "userAcceleration" : [
      -0.022868173196911812,
      0.0010870695114135742,
      -0.08940498530864716
    ]
  },
  {
    "gravity" : [
      -0.02890521101653576,
      -0.987795889377594,
      -0.15304848551750183
    ],
    "rotationMatrix" : [
      0.9829930663108826,
      -0.0003112182021141052,
      -0.1836424171924591,
      -0.1813535988330841,
      0.15575382113456726,
      -0.9710054993629456,
      0.028905212879180908,
      0.987795889377594,
      0.15304848551750183
    ],
    "timestamp" : 1251111433479,
    "userAcceleration" : [
      -0.01977032609283924,
      -0.0007447600364685059,
      -0.07462801039218903
    ]
  },
  {
    "gravity" : [
      -0.02843945287168026,
      -0.9867260456085205,
      -0.1598842591047287
    ],
    "rotationMatrix" : [
      0.9844998717308044,
      4.328042268753052e-05,
      -0.1753852665424347,
      -0.17306411266326904,
      0.16239386796951294,
      -0.9714304804801941,
      0.02843945473432541,
      0.9867261052131653,
      0.1598842293024063
    ],
    "timestamp" : 1251111443533,
    "userAcceleration" : [
      -0.010195793583989143,
      0.002030670642852783,
      -0.05412036180496216
    ]
  },
  {
    "gravity" : [
      -0.028089575469493866,
      -0.9855712056159973,
      -0.16691380739212036
    ],
    "rotationMatrix" : [
      0.9858658313751221,
      0.00027557462453842163,
      -0.16753661632537842,
      -0.1651652753353119,
      0.1692606508731842,
      -0.9716331958770752,
      0.028089582920074463,
      0.9855711460113525,
      0.16691380739212036
    ],
    "timestamp" : 1251111453587,
    "userAcceleration" : [
      -0.0017108283936977386,
      0.0006316900253295898,
      -0.035860300064086914
    ]
  },
  {
    "gravity" : [
      -0.02801634930074215,
      -0.984338104724884,
      -0.1740502566099167
    ],
    "rotationMatrix" : [
      0.9870889186859131,
      0.00022710859775543213,
      -0.160173237323761,
      -0.15770414471626282,
      0.17629055678844452,
      -0.9716228246688843,
      0.0280163511633873,
      0.9843380451202393,
      0.17405027151107788
    ],
    "timestamp" : 1251111463641,
    "userAcceleration" : [
      0.010453468188643456,
      -0.005865693092346191,
      -0.02690809965133667
    ]
  },
  {
    "gravity" : [
      -0.028331607580184937,
      -0.9830516576766968,
      -0.18112590909004211
    ],
    "rotationMatrix" : [
      0.9881451725959778,
      -0.0001921430230140686,
      -0.15352225303649902,
      -0.15088552236557007,
      0.18332825601100922,
      -0.971403181552887,
      0.028331607580184937,
      0.983051598072052,
      0.1811259388923645
    ],
    "timestamp" : 1251111473695,
    "userAcceleration" : [
      0.02007659710943699,
      -0.014262676239013672,
      -0.02746182680130005
    ]
  },
  {
    "gravity" : [
      -0.029015421867370605,
      -0.9817474484443665,
      -0.187962144613266
    ],
    "rotationMatrix" : [
      0.9890095591545105,
      -0.0009234100580215454,
      -0.14784887433052063,
      -0.14497670531272888,
      0.1901862919330597,
      -0.9709843397140503,
      0.029015425592660904,
      0.9817473888397217,
      0.18796217441558838
    ],
    "timestamp" : 1251111483749,
    "userAcceleration" : [
      0.02361380122601986,
      -0.02431011199951172,
      -0.031489819288253784
    ]
  },
  {
    "gravity" : [
      -0.02996438555419445,
      -0.9804480075836182,
      -0.19448287785053253
    ],
    "rotationMatrix" : [
      0.9897489547729492,
      -0.0019216388463974,
      -0.14280518889427185,
      -0.13963934779167175,
      0.19676825404167175,
      -0.9704549908638,
      0.029964379966259003,
      0.9804480671882629,
      0.19448283314704895
    ],
    "timestamp" : 1251111493803,
    "userAcceleration" : [
      0.025630883872509003,
      -0.036473870277404785,
      -0.036596283316612244
    ]
  },
  {
    "gravity" : [
      -0.031002817675471306,
      -0.9791491031646729,
      -0.20076264441013336
    ],
    "rotationMatrix" : [
      0.9903920888900757,
      -0.0030113384127616882,
      -0.13825485110282898,
      -0.1347675621509552,
      0.20312006771564484,
      -0.9698349237442017,
      0.031002819538116455,
      0.9791491031646729,
      0.20076268911361694
    ],
    "timestamp" : 1251111503857,
    "userAcceleration" : [
      0.0288208220154047,
      -0.0355297327041626,
      -0.038327381014823914
    ]
  },
  {
    "gravity" : [
      -0.03196358680725098,
      -0.9778355360031128,
      -0.20691968500614166
    ],
    "rotationMatrix" : [
      0.9909854531288147,
      -0.004057198762893677,
      -0.13390794396400452,
      -0.13010045886039734,
      0.2093345671892166,
      -0.9691504836082458,
      0.03196358680725098,
      0.977835476398468,
      0.20691967010498047
    ],
    "timestamp" : 1251111513911,
    "userAcceleration" : [
      0.03208564594388008,
      -0.032830238342285156,
      -0.04239372909069061
    ]
  },
  {
    "gravity" : [
      -0.03283735364675522,
      -0.9764783382415771,
      -0.21310000121593475
    ],
    "rotationMatrix" : [
      0.9915974736213684,
      -0.005137041211128235,
      -0.12925970554351807,
      -0.12512461841106415,
      0.21555398404598236,
      -0.9684420824050903,
      0.03283735737204552,
      0.9764783382415771,
      0.21310001611709595
    ],
    "timestamp" : 1251111523965,
    "userAcceleration" : [
      0.04232833534479141,
      -0.0320206880569458,
      -0.046711504459381104
    ]
  },
  {
    "gravity" : [
      -0.03374365344643593,
      -0.9750651121139526,
      -0.21933795511722565
    ],
    "rotationMatrix" : [
      0.9922350645065308,
      -0.006396733224391937,
      -0.12421206384897232,
      -0.11971182376146317,
      0.22182618081569672,
      -0.9677096605300903,
      0.03374365717172623,
      0.9750651121139526,
      0.21933795511722565
    ],
    "timestamp" : 1251111534019,
    "userAcceleration" : [
      0.05368689447641373,
      -0.027101457118988037,
      -0.04820971190929413
    ]
  },
  {
    "gravity" : [
      -0.03480049967765808,
      -0.9736043214797974,
      -0.22557352483272552
    ],
    "rotationMatrix" : [
      0.9928626418113708,
      -0.00791773572564125,
      -0.11900055408477783,
      -0.11407344043254852,
      0.2281048446893692,
      -0.9669308066368103,
      0.03480049595236778,
      0.9736042618751526,
      0.2255735695362091
    ],
    "timestamp" : 1251111544073,
    "userAcceleration" : [
      0.055415134876966476,
      -0.023282766342163086,
      -0.04513274133205414
    ]
  },
  {
    "gravity" : [
      -0.03609427064657211,
      -0.9721246957778931,
      -0.23166975378990173
    ],
    "rotationMatrix" : [
      0.9934321641921997,
      -0.009715557098388672,
      -0.11400917917490005,
      -0.1085803359746933,
      0.23426325619220734,
      -0.9660906791687012,
      0.03609427064657211,
      0.9721246957778931,
      0.23166973888874054
    ],
    "timestamp" : 1251111554127,
    "userAcceleration" : [
      0.04895741492509842,
      -0.015469849109649658,
      -0.04053187370300293
    ]
  },
  {
    "gravity" : [
      -0.03772207349538803,
      -0.9706478714942932,
      -0.2375279814004898
    ],
    "rotationMatrix" : [
      0.993890643119812,
      -0.011770833283662796,
      -0.10973984748125076,
      -0.10372285544872284,
      0.24021640419960022,
      -0.965161919593811,
      0.03772207349538803,
      0.970647931098938,
      0.23752793669700623
    ],
    "timestamp" : 1251111564181,
    "userAcceleration" : [
      0.032961323857307434,
      -0.012613058090209961,
      -0.030980989336967468
    ]
  },
  {
    "gravity" : [
      -0.039630331099033356,
      -0.9691902995109558,
      -0.24310342967510223
    ],
    "rotationMatrix" : [
      0.9942179918289185,
      -0.0139475017786026,
      -0.10647080838680267,
      -0.09979981184005737,
      0.24591727554798126,
      -0.9641391634941101,
      0.03963032737374306,
      0.9691902995109558,
      0.24310342967510223
    ],
    "timestamp" : 1251111574235,
    "userAcceleration" : [
      0.011950898915529251,
      -0.019518017768859863,
      -0.02450530230998993
    ]
  },
  {
    "gravity" : [
      -0.04149390012025833,
      -0.9677621126174927,
      -0.24842457473278046
    ],
    "rotationMatrix" : [
      0.9944286942481995,
      -0.015887286514043808,
      -0.1042071133852005,
      -0.09690089523792267,
      0.25136449933052063,
      -0.9630296230316162,
      0.04149389639496803,
      0.9677621126174927,
      0.24842458963394165
    ],
    "timestamp" : 1251111584289,
    "userAcceleration" : [
      -0.015039913356304169,
      -0.031581759452819824,
      -0.023700803518295288
    ]
  },
  {
    "gravity" : [
      -0.04287410527467728,
      -0.9663466811180115,
      -0.2536449134349823
    ],
    "rotationMatrix" : [
      0.9945786595344543,
      -0.01720864325761795,
      -0.10255344212055206,
      -0.09473730623722076,
      0.25666671991348267,
      -0.9618455767631531,
      0.042874108999967575,
      0.9663466811180115,
      0.2536449134349823
    ],
    "timestamp" : 1251111594343,
    "userAcceleration" : [
      -0.04123234003782272,
      -0.043159425258636475,
      -0.019868940114974976
    ]
  },
  {
    "gravity" : [
      -0.04342789947986603,
      -0.9649038314819336,
      -0.25898706912994385
    ],
    "rotationMatrix" : [
      0.9947044849395752,
      -0.017590217292308807,
      -0.10126015543937683,
      -0.09315069019794464,
      0.26201313734054565,
      -0.9605580568313599,
      0.04342789947986603,
      0.9649038314819336,
      0.25898709893226624
    ],
    "timestamp" : 1251111604397,
    "userAcceleration" : [
      -0.05915693938732147,
      -0.04591447114944458,
      -0.01754799485206604
    ]
  },
  {
    "gravity" : [
      -0.042989376932382584,
      -0.9634016752243042,
      -0.26459214091300964
    ],
    "rotationMatrix" : [
      0.9948607087135315,
      -0.016978342086076736,
      -0.0998196005821228,
      -0.09167404472827911,
      0.26752349734306335,
      -0.9591803550720215,
      0.042989373207092285,
      0.9634016752243042,
      0.26459214091300964
    ],
    "timestamp" : 1251111614451,
    "userAcceleration" : [
      -0.05388866364955902,
      -0.04158782958984375,
      -0.02407371997833252
    ]
  },
  {
    "gravity" : [
      -0.04169187322258949,
      -0.9618366360664368,
      -0.2704293727874756
    ],
    "rotationMatrix" : [
      0.9950717687606812,
      -0.01560068130493164,
      -0.0979224145412445,
      -0.08996649086475372,
      0.27317917346954346,
      -0.9577469229698181,
      0.041691869497299194,
      0.9618366360664368,
      0.2704293429851532
    ],
    "timestamp" : 1251111624505,
    "userAcceleration" : [
      -0.024866964668035507,
      -0.017472386360168457,
      -0.03013831377029419
    ]
  },
  {
    "gravity" : [
      -0.03985617682337761,
      -0.960200309753418,
      -0.2764538824558258
    ],
    "rotationMatrix" : [
      0.9953382611274719,
      -0.013833913952112198,
      -0.09544830024242401,
      -0.08782505989074707,
      0.27896931767463684,
      -0.956275463104248,
      0.03985618054866791,
      0.960200309753418,
      0.2764538824558258
    ],
    "timestamp" : 1251111634559,
    "userAcceleration" : [
      0.005844347178936005,
      0.01479637622833252,
      -0.03453555703163147
    ]
  },
