[
  {
    "userAcceleration" : [
      -0.09055157750844955,
      0.014216899871826172,
      -0.07671403884887695
    ],
    "rotationMatrix" : [
      0.5910824537277222,
      -0.2339729368686676,
      0.771931529045105,
      0.804031252861023,
      0.09442463517189026,
      -0.5870416760444641,
      0.06446245312690735,
      0.9676470160484314,
      0.2439342439174652
    ],
    "gravity" : [
      -0.06446244567632675,
      -0.9676470160484314,
      -0.24393422901630402
    ],
    "timestamp" : 1251090792855
  },
  {
    "userAcceleration" : [
      -0.1025235503911972,
      -0.006673336029052734,
      -0.08622005581855774
    ],
    "rotationMatrix" : [
      0.5880169868469238,
      -0.2423066794872284,
      0.7717016339302063,
      0.8062629699707031,
      0.09936559200286865,
      -0.5831518769264221,
      0.0646212100982666,
      0.9650977253913879,
      0.2537916600704193
    ],
    "gravity" : [
      -0.06462119519710541,
      -0.9650977849960327,
      -0.25379160046577454
    ],
    "timestamp" : 1251090802908
  },
  {
    "userAcceleration" : [
      -0.12135878950357437,
      -0.023193538188934326,
      -0.09365904331207275
    ],
    "rotationMatrix" : [
      0.5845779180526733,
      -0.25003746151924133,
      0.7718483209609985,
      0.8087652921676636,
      0.10389116406440735,
      -0.5788825750350952,
      0.06455427408218384,
      0.9626461267471313,
      0.2629542052745819
    ],
    "gravity" : [
      -0.06455428153276443,
      -0.9626461863517761,
      -0.2629541754722595
    ],
    "timestamp" : 1251090812962
  },
  {
    "userAcceleration" : [
      -0.13942500948905945,
      -0.029200971126556396,
      -0.08875024318695068
    ],
    "rotationMatrix" : [
      0.5806284546852112,
      -0.25698474049568176,
      0.7725473642349243,
      0.8116596937179565,
      0.10827001929283142,
      -0.5740087628364563,
      0.06386783719062805,
      0.960331380367279,
      0.27144885063171387
    ],
    "gravity" : [
      -0.06386782228946686,
      -0.960331380367279,
      -0.2714488208293915
    ],
    "timestamp" : 1251090823016
  },
  {
    "userAcceleration" : [
      -0.14300115406513214,
      -0.026312410831451416,
      -0.06743264198303223
    ],
    "rotationMatrix" : [
      0.5762525796890259,
      -0.2631319761276245,
      0.7737535238265991,
      0.8148943185806274,
      0.1128336489200592,
      -0.5685205459594727,
      0.062290579080581665,
      0.9581388235092163,
      0.27944549918174744
    ],
    "gravity" : [
      -0.062290579080581665,
      -0.9581388235092163,
      -0.27944549918174744
    ],
    "timestamp" : 1251090833069
  },
  {
    "userAcceleration" : [
      -0.12664806842803955,
      -0.021430671215057373,
      -0.025579750537872314
    ],
    "rotationMatrix" : [
      0.5719459652900696,
      -0.26878517866134644,
      0.7750046849250793,
      0.8181008696556091,
      0.11791124939918518,
      -0.5628567934036255,
      0.05990588665008545,
      0.9559557437896729,
      0.28733232617378235
    ],
    "gravity" : [
      -0.059905871748924255,
      -0.9559556841850281,
      -0.28733232617378235
    ],
    "timestamp" : 1251090843123
  },
  {
    "userAcceleration" : [
      -0.08305133134126663,
      -0.014920473098754883,
      0.006116032600402832
    ],
    "rotationMatrix" : [
      0.5681254863739014,
      -0.27438172698020935,
      0.775853157043457,
      0.8209606409072876,
      0.12358519434928894,
      -0.5574498176574707,
      0.05707010626792908,
      0.9536463022232056,
      0.2954685091972351
    ],
    "gravity" : [
      -0.057070109993219376,
      -0.9536463022232056,
      -0.2954685091972351
    ],
    "timestamp" : 1251090853177
  },
  {
    "userAcceleration" : [
      -0.021941673010587692,
      -0.005598485469818115,
      0.008573293685913086
    ],
    "rotationMatrix" : [
      0.5645743608474731,
      -0.28030991554260254,
      0.7763259410858154,
      0.8235936164855957,
      0.1294359564781189,
      -0.5522134304046631,
      0.054306477308273315,
      0.9511427879333496,
      0.30393773317337036
    ],
    "gravity" : [
      -0.054306481033563614,
      -0.9511427283287048,
      -0.30393773317337036
    ],
    "timestamp" : 1251090863231
  },
  {
    "userAcceleration" : [
      0.03481046110391617,
      0.015974760055541992,
      -0.013228118419647217
    ],
    "rotationMatrix" : [
      0.5613319873809814,
      -0.28665122389793396,
      0.7763617038726807,
      0.8259463310241699,
      0.13493406772613525,
      -0.5473622679710388,
      0.052144408226013184,
      0.9484850764274597,
      0.31250131130218506
    ],
    "gravity" : [
      -0.052144426852464676,
      -0.9484850764274597,
      -0.31250131130218506
    ],
    "timestamp" : 1251090873284
  },
  {
    "userAcceleration" : [
      0.06422260403633118,
      0.03538107872009277,
      -0.04861614108085632
    ],
    "rotationMatrix" : [
      0.5581303834915161,
      -0.29339107871055603,
      0.7761520743370056,
      0.8281885385513306,
      0.1395592987537384,
      -0.5427951812744141,
      0.05093216896057129,
      0.9457508325576782,
      0.32087549567222595
    ],
    "gravity" : [
      -0.05093218386173248,
      -0.9457508325576782,
      -0.32087549567222595
    ],
    "timestamp" : 1251090883338
  },
  {
    "userAcceleration" : [
      0.0644506886601448,
      0.026205778121948242,
      -0.08128657937049866
    ],
    "rotationMatrix" : [
      0.5543565154075623,
      -0.3004648685455322,
      0.7761505842208862,
      0.8307353258132935,
      0.14298200607299805,
      -0.5379915833473206,
      0.05067199468612671,
      0.9430148005485535,
      0.3288697600364685
    ],
    "gravity" : [
      -0.05067199468612671,
      -0.9430148601531982,
      -0.3288697898387909
    ],
    "timestamp" : 1251090893392
  },
  {
    "userAcceleration" : [
      0.03201830014586449,
      0.004374086856842041,
      -0.09317299723625183
    ],
    "rotationMatrix" : [
      0.5498055815696716,
      -0.3077235817909241,
      0.7765436172485352,
      0.8337276577949524,
      0.14528879523277283,
      -0.5327187776565552,
      0.051107048988342285,
      0.9403176307678223,
      0.33643829822540283
    ],
    "gravity" : [
      -0.05110703781247139,
      -0.940317690372467,
      -0.33643829822540283
    ],
    "timestamp" : 1251090903446
  },
  {
    "userAcceleration" : [
      -0.013028737157583237,
      -0.031961143016815186,
      -0.10075846314430237
    ],
    "rotationMatrix" : [
      0.5443398356437683,
      -0.3147706985473633,
      0.777569055557251,
      0.8372777700424194,
      0.146876722574234,
      -0.5266814231872559,
      0.05157700181007385,
      0.9377349615097046,
      0.3435012698173523
    ],
    "gravity" : [
      -0.05157696455717087,
      -0.9377349615097046,
      -0.3435012400150299
    ],
    "timestamp" : 1251090913499
  },
  {
    "userAcceleration" : [
      -0.05770779401063919,
      -0.06595903635025024,
      -0.08535674214363098
    ],
    "rotationMatrix" : [
      0.5377825498580933,
      -0.32121995091438293,
      0.7794919013977051,
      0.8415175676345825,
      0.1481914520263672,
      -0.5195068717002869,
      0.05136200785636902,
      0.9353378415107727,
      0.3500070571899414
    ],
    "gravity" : [
      -0.05136201158165932,
      -0.9353378415107727,
      -0.3500070869922638
    ],
    "timestamp" : 1251090923553
  },
  {
    "userAcceleration" : [
      -0.09711329638957977,
      -0.07837283611297607,
      -0.03884190320968628
    ],
    "rotationMatrix" : [
      0.5306078195571899,
      -0.3269681930541992,
      0.782014787197113,
      0.846136212348938,
      0.1498047411441803,
      -0.5114802718162537,
      0.05008822679519653,
      0.9330864548683167,
      0.3561471700668335
    ],
    "gravity" : [
      -0.050088219344615936,
      -0.9330864548683167,
      -0.3561471998691559
    ],
    "timestamp" : 1251090933607
  },
  {
    "userAcceleration" : [
      -0.09717407077550888,
      -0.08476614952087402,
      0.020949333906173706
    ],
    "rotationMatrix" : [
      0.5236168503761292,
      -0.3322739005088806,
      0.7844865918159485,
      0.8506031632423401,
      0.15206652879714966,
      -0.5033385157585144,
      0.047952234745025635,
      0.9308434128761292,
      0.3622579574584961
    ],
    "gravity" : [
      -0.04795224592089653,
      -0.9308434128761292,
      -0.3622579872608185
    ],
    "timestamp" : 1251090943661
  },
  {
    "userAcceleration" : [
      -0.06742598116397858,
      -0.07990247011184692,
      0.06979811191558838
    ],
    "rotationMatrix" : [
      0.5174656510353088,
      -0.33749333024024963,
      0.7863379716873169,
      0.8545020818710327,
      0.15511751174926758,
      -0.4957464933395386,
      0.04533642530441284,
      0.9284592866897583,
      0.36865681409835815
    ],
    "gravity" : [
      -0.04533644765615463,
      -0.9284592866897583,
      -0.36865684390068054
    ],
    "timestamp" : 1251090953714
  },
  {
    "userAcceleration" : [
      -0.03752553090453148,
      -0.05347609519958496,
      0.09681940078735352
    ],
    "rotationMatrix" : [
      0.5122647285461426,
      -0.34295132756233215,
      0.7873812317848206,
      0.8577690124511719,
      0.1588011085987091,
      -0.4888911843299866,
      0.04262888431549072,
      0.9258329272270203,
      0.3755212426185608
    ],
    "gravity" : [
      -0.04262886941432953,
      -0.9258329272270203,
      -0.3755212128162384
    ],
    "timestamp" : 1251090963768
  },
  {
    "userAcceleration" : [
      0.00013756752014160156,
      -0.020796000957489014,
      0.10203737020492554
    ],
    "rotationMatrix" : [
      0.507676362991333,
      -0.3489108085632324,
      0.7877347469329834,
      0.8606077432632446,
      0.1626725196838379,
      -0.4825889468193054,
      0.040237635374069214,
      0.922929584980011,
      0.3828602731227875
    ],
    "gravity" : [
      -0.04023765027523041,
      -0.922929584980011,
      -0.3828602731227875
    ],
    "timestamp" : 1251090973822
  },
  {
    "userAcceleration" : [
      0.038909051567316055,
      0.005833804607391357,
      0.09476834535598755
    ],
    "rotationMatrix" : [
      0.5036949515342712,
      -0.35546165704727173,
      0.7873616218566895,
      0.8630185723304749,
      0.16632026433944702,
      -0.4770077168941498,
      0.03860384225845337,
      0.919774055480957,
      0.3905447721481323
    ],
    "gravity" : [
      -0.03860386088490486,
      -0.9197741150856018,
      -0.3905447721481323
    ],
    "timestamp" : 1251090983876
  },
  {
    "userAcceleration" : [
      0.053179048001766205,
      0.019993185997009277,
      0.07805994153022766
    ],
    "rotationMatrix" : [
      0.500067412853241,
      -0.362628698348999,
      0.786405086517334,
      0.8651524782180786,
      0.1693553328514099,
      -0.4720486104488373,
      0.037996530532836914,
      0.9164164066314697,
      0.39841824769973755
    ],
    "gravity" : [
      -0.03799653425812721,
      -0.9164164066314697,
      -0.39841827750205994
    ],
    "timestamp" : 1251090993929
  },
  {
    "userAcceleration" : [
      0.04367455467581749,
      0.00873720645904541,
      0.04977458715438843
    ],
    "rotationMatrix" : [
      0.4968706965446472,
      -0.370183527469635,
      0.7849099636077881,
      0.8669762015342712,
      0.17175644636154175,
      -0.4678162932395935,
      0.03836449980735779,
      0.9129424691200256,
      0.4062809944152832
    ],
    "gravity" : [
      -0.038364477455616,
      -0.9129424691200256,
      -0.4062810242176056
    ],
    "timestamp" : 1251091003983
  },
  {
    "userAcceleration" : [
      0.005373179912567139,
      -0.017707347869873047,
      0.01715683937072754
    ],
    "rotationMatrix" : [
      0.49350789189338684,
      -0.37783652544021606,
      0.7833832502365112,
      0.868855893611908,
      0.17354434728622437,
      -0.463650107383728,
      0.03923240303993225,
      0.9094622135162354,
      0.4139311611652374
    ],
    "gravity" : [
      -0.03923240676522255,
      -0.9094622135162354,
      -0.4139311611652374
    ],
    "timestamp" : 1251091014037
  },
  {
    "userAcceleration" : [
      -0.050911951810121536,
      -0.04637020826339722,
      -0.0006273984909057617
    ],
    "rotationMatrix" : [
      0.48979678750038147,
      -0.38515138626098633,
      0.7821492552757263,
      0.8709248304367065,
      0.17513233423233032,
      -0.4591498374938965,
      0.03986257314682007,
      0.906083345413208,
      0.4212171733379364
    ],
    "gravity" : [
      -0.03986256942152977,
      -0.906083345413208,
      -0.421217143535614
    ],
    "timestamp" : 1251091024091
  },
  {
    "userAcceleration" : [
      -0.09037072956562042,
      -0.07062602043151855,
      -0.00432354211807251
    ],
    "rotationMatrix" : [
      0.48579835891723633,
      -0.3918408155441284,
      0.7813198566436768,
      0.8731690645217896,
      0.17696082592010498,
      -0.4541592299938202,
      0.039695173501968384,
      0.9028540849685669,
      0.42811059951782227
    ],
    "gravity" : [
      -0.039695169776678085,
      -0.9028540849685669,
      -0.42811062932014465
    ],
    "timestamp" : 1251091034144
  },
  {
    "userAcceleration" : [
      -0.11956574022769928,
      -0.08302575349807739,
      0.008265495300292969
    ],
    "rotationMatrix" : [
      0.4814831018447876,
      -0.3979043960571289,
      0.7809264659881592,
      0.875612735748291,
      0.17931804060935974,
      -0.4484945833683014,
      0.038423746824264526,
      0.8997317552566528,
      0.43474870920181274
    ],
    "gravity" : [
      -0.03842374309897423,
      -0.8997317552566528,
      -0.43474873900413513
    ],
    "timestamp" : 1251091044198
  },
  {
    "userAcceleration" : [
      -0.1252363920211792,
      -0.08633697032928467,
      0.034303247928619385
    ],
    "rotationMatrix" : [
      0.47727012634277344,
      -0.403554230928421,
      0.7806133031845093,
      0.8780081272125244,
      0.18233457207679749,
      -0.4425560235977173,
      0.03626260161399841,
      0.8966035842895508,
      0.44134676456451416
    ],
    "gravity" : [
      -0.03626261278986931,
      -0.8966036438941956,
      -0.4413467347621918
    ],
    "timestamp" : 1251091054252
  },
  {
    "userAcceleration" : [
      -0.09664797782897949,
      -0.08805596828460693,
      0.05687218904495239
    ],
    "rotationMatrix" : [
      0.4738627076148987,
      -0.40897440910339355,
      0.7798678874969482,
      0.8799526691436768,
      0.1859985589981079,
      -0.43713563680648804,
      0.03372311592102051,
      0.8933891654014587,
      0.4480159878730774
    ],
    "gravity" : [
      -0.03372310474514961,
      -0.8933891654014587,
      -0.4480159878730774
    ],
    "timestamp" : 1251091064306
  },
  {
    "userAcceleration" : [
      -0.0575685054063797,
      -0.08066064119338989,
      0.0630754828453064
    ],
    "rotationMatrix" : [
      0.47136837244033813,
      -0.41442787647247314,
      0.7784993648529053,
      0.8813797235488892,
      0.19000262022018433,
      -0.4325142502784729,
      0.03132915496826172,
      0.8900271058082581,
      0.45482969284057617
    ],
    "gravity" : [
      -0.031329184770584106,
      -0.8900271654129028,
      -0.4548296630382538
    ],
    "timestamp" : 1251091074359
  },
  {
    "userAcceleration" : [
      -0.029300322756171227,
      -0.06791490316390991,
      0.046532273292541504
    ],
    "rotationMatrix" : [
      0.46972742676734924,
      -0.41994184255599976,
      0.7765339016914368,
      0.8823217749595642,
      0.19402548670768738,
      -0.42879170179367065,
      0.029400229454040527,
      0.886568009853363,
      0.4616629481315613
    ],
    "gravity" : [
      -0.02940022200345993,
      -0.886568009853363,
      -0.4616629481315613
    ],
    "timestamp" : 1251091084413
  },
  {
    "userAcceleration" : [
      -0.008089445531368256,
      -0.04857116937637329,
      0.015564829111099243
    ],
    "rotationMatrix" : [
      0.4685351252555847,
      -0.42540860176086426,
      0.7742753028869629,
      0.8830020427703857,
      0.19775763154029846,
      -0.4256749749183655,
      0.02796703577041626,
      0.8831303715705872,
      0.46829313039779663
    ],
    "gravity" : [
      -0.02796705812215805,
      -0.8831303715705872,
      -0.468293160200119
    ],
    "timestamp" : 1251091094467
  },
  {
    "userAcceleration" : [
      -0.0029273349791765213,
      -0.028032660484313965,
      -0.0053588151931762695
    ],
    "rotationMatrix" : [
      0.4675729274749756,
      -0.4306754171848297,
      0.7719417810440063,
      0.8835458755493164,
      0.20115447044372559,
      -0.42294609546661377,
      0.02687305212020874,
      0.8798041343688965,
      0.474575936794281
    ],
    "gravity" : [
      -0.026873061433434486,
      -0.8798041343688965,
      -0.4745759665966034
    ],
    "timestamp" : 1251091104521
  },
  {
    "userAcceleration" : [
      0.0010009165853261948,
      -0.025607168674468994,
      -0.013167619705200195
    ],
    "rotationMatrix" : [
      0.46657365560531616,
      -0.4357754588127136,
      0.769680917263031,
      0.884098470211029,
      0.20414111018180847,
      -0.4203525185585022,
      0.02605581283569336,
      0.876599133014679,
      0.4805153012275696
    ],
    "gravity" : [
      -0.02605583518743515,
      -0.876599133014679,
      -0.48051533102989197
    ],
    "timestamp" : 1251091114574
  },
  {
    "userAcceleration" : [
      -0.005711518228054047,
      -0.03344452381134033,
      -0.01327425241470337
    ],
    "rotationMatrix" : [
      0.4657455086708069,
      -0.44077110290527344,
      0.7673343420028687,
      0.8845497369766235,
      0.20684757828712463,
      -0.4180741310119629,
      0.025553733110427856,
      0.8734614849090576,
      0.4862222671508789
    ],
    "gravity" : [
      -0.02555372752249241,
      -0.8734615445137024,
      -0.4862222373485565
    ],
    "timestamp" : 1251091124628
  },
  {
    "userAcceleration" : [
      -0.02618192881345749,
      -0.03600054979324341,
      -0.011385619640350342
    ],
    "rotationMatrix" : [
      0.46527084708213806,
      -0.44564878940582275,
      0.7648007869720459,
      0.8848071098327637,
      0.20946893095970154,
      -0.4162200093269348,
      0.025285929441452026,
      0.8703561425209045,
      0.49177300930023193
    ],
    "gravity" : [
      -0.025285953655838966,
      -0.8703562021255493,
      -0.4917730391025543
    ],
    "timestamp" : 1251091134682
  },
  {
    "userAcceleration" : [
      -0.048967145383358,
      -0.0357394814491272,
      -0.004585146903991699
    ],
    "rotationMatrix" : [
      0.46547931432724,
      -0.4503495693206787,
      0.761914849281311,
      0.8847014904022217,
      0.21229952573776245,
      -0.41500866413116455,
      0.0251447856426239,
      0.8672451972961426,
      0.4972459673881531
    ],
    "gravity" : [
      -0.025144778192043304,
      -0.8672451376914978,
      -0.49724599719047546
    ],
    "timestamp" : 1251091144736
  },
  {
    "userAcceleration" : [
      -0.0654839277267456,
      -0.04730719327926636,
      -0.0077468156814575195
    ],
    "rotationMatrix" : [
      0.4665414094924927,
      -0.45478683710098267,
      0.7586222887039185,
      0.8841449618339539,
      0.21551528573036194,
      -0.4145365357398987,
      0.025031179189682007,
      0.8641306757926941,
      0.5026444792747498
    ],
    "gravity" : [
      -0.025031188502907753,
      -0.8641306757926941,
      -0.5026444792747498
    ],
    "timestamp" : 1251091154789
  },
  {
    "userAcceleration" : [
      -0.07564064115285873,
      -0.050275444984436035,
      -0.02626878023147583
    ],
    "rotationMatrix" : [
      0.46817776560783386,
      -0.45885246992111206,
      0.7551581859588623,
      0.8832919001579285,
      0.21923431754112244,
      -0.4144050180912018,
      0.02459433674812317,
      0.8610403537750244,
      0.5079414248466492
    ],
    "gravity" : [
      -0.024594329297542572,
      -0.8610403537750244,
      -0.5079414248466492
    ],
    "timestamp" : 1251091164843
  },
  {
    "userAcceleration" : [
      -0.07716341316699982,
      -0.03551650047302246,
      -0.039948225021362305
    ],
    "rotationMatrix" : [
      0.4698752760887146,
      -0.46256017684936523,
      0.7518345713615417,
      0.8824154138565063,
      0.22329559922218323,
      -0.41410374641418457,
      0.0236666202545166,
      0.858007550239563,
      0.5130913853645325
    ],
    "gravity" : [
      -0.023666653782129288,
      -0.858007550239563,
      -0.5130913853645325
    ],
    "timestamp" : 1251091174897
  },
  {
    "userAcceleration" : [
      -0.06689409166574478,
      -0.01493901014328003,
      -0.04222148656845093
    ],
    "rotationMatrix" : [
      0.4717126786708832,
      -0.46598052978515625,
      0.7485647201538086,
      0.8814677000045776,
      0.22763901948928833,
      -0.4137572646141052,
      0.022400349378585815,
      0.8550102114677429,
      0.5181270837783813
    ],
    "gravity" : [
      -0.022400327026844025,
      -0.8550102114677429,
      -0.5181270837783813
    ],
    "timestamp" : 1251091184951
  },
  {
    "userAcceleration" : [
      -0.04369598627090454,
      -0.00964277982711792,
      -0.03968590497970581
    ],
    "rotationMatrix" : [
      0.4734552800655365,
      -0.4692983627319336,
      0.7453852891921997,
      0.8805656433105469,
      0.2319338023662567,
      -0.4132927358150482,
      0.02107754349708557,
      0.8520362377166748,
      0.523058295249939
    ],
    "gravity" : [
      -0.021077556535601616,
      -0.8520362377166748,
      -0.523058295249939
    ],
    "timestamp" : 1251091195004
  },
  {
    "userAcceleration" : [
      -0.0306850653141737,
      -0.009554803371429443,
      -0.038940489292144775
    ],
    "rotationMatrix" : [
      0.4749038815498352,
      -0.47256022691726685,
      0.7423968315124512,
      0.8798150420188904,
      0.2359766960144043,
      -0.41260188817977905,
      0.019790977239608765,
      0.849118173122406,
      0.5278319120407104
    ],
    "gravity" : [
      -0.01979099027812481,
      -0.849118173122406,
      -0.5278319120407104
    ],
    "timestamp" : 1251091205058
  },
  {
    "userAcceleration" : [
      -0.02723957784473896,
      -0.008327245712280273,
      -0.02995288372039795
    ],
    "rotationMatrix" : [
      0.4761342704296112,
      -0.47562992572784424,
      0.7396433353424072,
      0.8791781663894653,
      0.23978552222251892,
      -0.41176289319992065,
      0.018490999937057495,
      0.8463327288627625,
      0.5323335528373718
    ],
    "gravity" : [
      -0.018490996211767197,
      -0.8463327288627625,
      -0.5323335528373718
    ],
    "timestamp" : 1251091215112
  },
  {
    "userAcceleration" : [
      -0.024792056530714035,
      -0.009326040744781494,
      -0.01322793960571289
    ],
    "rotationMatrix" : [
      0.4772571325302124,
      -0.47840604186058044,
      0.737125039100647,
      0.878594160079956,
      0.24329590797424316,
      -0.4109494388103485,
      0.017261147499084473,
      0.8437622785568237,
      0.5364394187927246
    ],
    "gravity" : [
      -0.017261149361729622,
      -0.8437622785568237,
      -0.5364394187927246
    ],
    "timestamp" : 1251091225165
  },
  {
    "userAcceleration" : [
      -0.017260946333408356,
      -0.01355886459350586,
      0.008475840091705322
    ],
    "rotationMatrix" : [
      0.4787867069244385,
      -0.4808182120323181,
      0.7345590591430664,
      0.8777785897254944,
      0.24657195806503296,
      -0.4107395112514496,
      0.016369402408599854,
      0.8414368629455566,
      0.5401073694229126
    ],
    "gravity" : [
      -0.0163694079965353,
      -0.8414368629455566,
      -0.5401073694229126
    ],
    "timestamp" : 1251091235219
  },
  {
    "userAcceleration" : [
      -0.005059033632278442,
      -0.012382745742797852,
      0.027825355529785156
    ],
    "rotationMatrix" : [
      0.4813343584537506,
      -0.4828527271747589,
      0.7315533757209778,
      0.8763896226882935,
      0.24980005621910095,
      -0.4117535650730133,
      0.01607435941696167,
      0.8393169641494751,
      0.5434045791625977
    ],
    "gravity" : [
      -0.016074372455477715,
      -0.8393169641494751,
      -0.5434045791625977
    ],
    "timestamp" : 1251091245273
  },
  {
    "userAcceleration" : [
      -0.005679488182067871,
      -0.0086098313331604,
      0.027250468730926514
    ],
    "rotationMatrix" : [
      0.48482710123062134,
      -0.48457109928131104,
      0.7281025648117065,
      0.8744558095932007,
      0.2529429793357849,
      -0.41394028067588806,
      0.01641520857810974,
      0.8373830318450928,
      0.5463697910308838
    ],
    "gravity" : [
      -0.016415221616625786,
      -0.8373830914497375,
      -0.5463697910308838
    ],
    "timestamp" : 1251091255327
  },
  {
    "userAcceleration" : [
      -0.0007690861821174622,
      -0.002412557601928711,
      0.015276134014129639
    ],
    "rotationMatrix" : [
      0.488940954208374,
      -0.48599356412887573,
      0.7243942022323608,
      0.8721465468406677,
      0.25594180822372437,
      -0.41695815324783325,
      0.017236262559890747,
      0.835645854473114,
      0.5489980578422546
    ],
    "gravity" : [
      -0.017236264422535896,
      -0.8356457948684692,
      -0.5489980578422546
    ],
    "timestamp" : 1251091265381
  },
  {
    "userAcceleration" : [
      0.008768254891037941,
      -0.0029520392417907715,
      0.0032657384872436523
    ],
    "rotationMatrix" : [
      0.4930588901042938,
      -0.48731857538223267,
      0.7207034826278687,
      0.8698014616966248,
      0.2586027681827545,
      -0.42020249366760254,
      0.0183965265750885,
      0.8340535163879395,
      0.5513767600059509
    ],
    "gravity" : [
      -0.018396537750959396,
      -0.8340535163879395,
      -0.5513767600059509
    ],
    "timestamp" : 1251091275434
  },
  {
    "userAcceleration" : [
      0.0006566718220710754,
      -0.02443927526473999,
      0.0013837218284606934
    ],
    "rotationMatrix" : [
      0.4969100058078766,
      -0.48864343762397766,
      0.7171527147293091,
      0.8675785064697266,
      0.26096901297569275,
      -0.4233235716819763,
      0.01969960331916809,
      0.832539975643158,
      0.553614616394043
    ],
    "gravity" : [
      -0.019699623808264732,
      -0.832539975643158,
      -0.553614616394043
    ],
    "timestamp" : 1251091285488
  },
  {
    "userAcceleration" : [
      -0.012128543108701706,
      -0.05526745319366455,
      0.0059081315994262695
    ],
    "rotationMatrix" : [
      0.5005214810371399,
      -0.4899299740791321,
      0.7137553691864014,
      0.865470826625824,
      0.2632327079772949,
      -0.4262259900569916,
      0.020937234163284302,
      0.8310697078704834,
      0.5557738542556763
    ],
    "gravity" : [
      -0.0209372416138649,
      -0.8310697674751282,
      -0.5557738542556763
    ],
    "timestamp" : 1251091295542
  },
  {
    "userAcceleration" : [
      -0.02060491032898426,
      -0.07652735710144043,
      0.009954094886779785
    ],
    "rotationMatrix" : [
      0.5043545961380005,
      -0.4909432530403137,
      0.710352897644043,
      0.863218367099762,
      0.2657754123210907,
      -0.42920568585395813,
      0.021921306848526,
      0.82966148853302,
      0.5578362345695496
    ],
    "gravity" : [
      -0.021921318024396896,
      -0.82966148853302,
      -0.5578362345695496
    ],
    "timestamp" : 1251091305596
  },
  {
    "userAcceleration" : [
      -0.024967381730675697,
      -0.08415067195892334,
      0.018566668033599854
    ],
    "rotationMatrix" : [
      0.5086355209350586,
      -0.4916306734085083,
      0.7068161964416504,
      0.8606829643249512,
      0.26870518922805786,
      -0.43246057629585266,
      0.02268579602241516,
      0.8283095359802246,
      0.5598112344741821
    ],
    "gravity" : [
      -0.02268580161035061,
      -0.8283095359802246,
      -0.5598111748695374
    ],
    "timestamp" : 1251091315649
  },
  {
    "userAcceleration" : [
      -0.03123260661959648,
      -0.07928848266601562,
      0.031751930713653564
    ],
    "rotationMatrix" : [
      0.5133535265922546,
      -0.4921479821205139,
      0.7030351161956787,
      0.857860267162323,
      0.27203071117401123,
      -0.43597567081451416,
      0.023317545652389526,
      0.8269156217575073,
      0.5618422627449036
    ],
    "gravity" : [
      -0.023317547515034676,
      -0.8269156217575073,
      -0.5618422627449036
    ],
    "timestamp" : 1251091325703
  },
  {
    "userAcceleration" : [
      -0.031664248555898666,
      -0.06633585691452026,
      0.04052841663360596
    ],
    "rotationMatrix" : [
      0.5186063051223755,
      -0.49265557527542114,
      0.6988117694854736,
      0.8546779751777649,
      0.2758188247680664,
      -0.4398289918899536,
      0.023938745260238647,
      0.82535719871521,
      0.5641033053398132
    ],
    "gravity" : [
      -0.02393876388669014,
      -0.8253571391105652,
      -0.5641033053398132
    ],
    "timestamp" : 1251091335757
  },
  {
    "userAcceleration" : [
      -0.025881510227918625,
      -0.05459684133529663,
      0.03599053621292114
    ],
    "rotationMatrix" : [
      0.5242148637771606,
      -0.49332162737846375,
      0.6941415667533875,
      0.8512294292449951,
      0.2799641191959381,
      -0.4438789486885071,
      0.024640321731567383,
      0.8235617280006409,
      0.5666912794113159
    ],
    "gravity" : [
      -0.024640323594212532,
      -0.8235616683959961,
      -0.5666912794113159
    ],
    "timestamp" : 1251091345811
  },
  {
    "userAcceleration" : [
      -0.027103163301944733,
      -0.04146522283554077,
      0.024539530277252197
    ],
    "rotationMatrix" : [
      0.5301651358604431,
      -0.4941060543060303,
      0.689045786857605,
      0.847514271736145,
      0.284480482339859,
      -0.44809651374816895,
      0.025387078523635864,
      0.8215413093566895,
      0.569583535194397
    ],
    "gravity" : [
      -0.025387056171894073,
      -0.8215413093566895,
      -0.569583535194397
    ],
    "timestamp" : 1251091355864
  },
  {
    "userAcceleration" : [
      -0.033130526542663574,
      -0.031164169311523438,
      0.010850608348846436
    ],
    "rotationMatrix" : [
      0.5360339283943176,
      -0.494991660118103,
      0.6838499307632446,
      0.8437941074371338,
      0.28914740681648254,
      -0.45211178064346313,
      0.026058286428451538,
      0.8193758130073547,
      0.5726639628410339
    ],
    "gravity" : [
      -0.026058297604322433,
      -0.8193758726119995,
      -0.5726639628410339
    ],
    "timestamp" : 1251091365918
  },
  {
    "userAcceleration" : [
      -0.04153550788760185,
      -0.01908773183822632,
      0.005282044410705566
    ],
    "rotationMatrix" : [
      0.5417488813400269,
      -0.49589455127716064,
      0.678672730922699,
      0.8401161432266235,
      0.29380515217781067,
      -0.4559422731399536,
      0.026701807975769043,
      0.8171701431274414,
      0.5757776498794556
    ],
    "gravity" : [
      -0.026701783761382103,
      -0.8171701431274414,
      -0.5757776498794556
    ],
    "timestamp" : 1251091375972
  },
  {
    "userAcceleration" : [
      -0.05139603465795517,
      -0.021924734115600586,
      0.0062639713287353516
    ],
    "rotationMatrix" : [
      0.5474124550819397,
      -0.4967484176158905,
      0.6734838485717773,
      0.8364146947860718,
      0.2984263300895691,
      -0.45973044633865356,
      0.027385085821151733,
      0.8149740099906921,
      0.5788500308990479
    ],
    "gravity" : [
      -0.027385080233216286,
      -0.8149740099906921,
      -0.5788500308990479
    ],
    "timestamp" : 1251091386026
  },
  {
    "userAcceleration" : [
      -0.05778729170560837,
      -0.03698372840881348,
      0.006452500820159912
    ],
    "rotationMatrix" : [
      0.5530913472175598,
      -0.49748730659484863,
      0.668278694152832,
      0.8326464891433716,
      0.3030240833759308,
      -0.46354755759239197,
      0.028104454278945923,
      0.812824010848999,
      0.5818309783935547
    ],
    "gravity" : [
      -0.028104418888688087,
      -0.812824010848999,
      -0.5818309783935547
    ],
    "timestamp" : 1251091396079
  },
  {
    "userAcceleration" : [
      -0.05979221314191818,
      -0.04609721899032593,
      0.0053653717041015625
    ],
    "rotationMatrix" : [
      0.5588176250457764,
      -0.49799996614456177,
      0.663112998008728,
      0.8287913203239441,
      0.3076351583003998,
      -0.4674028158187866,
      0.02876979112625122,
      0.8107752799987793,
      0.5846500396728516
    ],
    "gravity" : [
      -0.028769785538315773,
      -0.8107752203941345,
      -0.5846500396728516
    ],
    "timestamp" : 1251091406133
  },
  {
    "userAcceleration" : [
      -0.07100357860326767,
      -0.05305683612823486,
      0.0067102909088134766
    ],
    "rotationMatrix" : [
      0.5648180246353149,
      -0.4982016086578369,
      0.6578569412231445,
      0.8246959447860718,
      0.31249597668647766,
      -0.4714050889015198,
      0.029277175664901733,
      0.8087900280952454,
      0.5873682498931885
    ],
    "gravity" : [
      -0.029277168214321136,
      -0.8087900280952454,
      -0.5873682498931885
    ],
    "timestamp" : 1251091416187
  },
  {
    "userAcceleration" : [
      -0.08106278628110886,
      -0.06812196969985962,
      0.0042095184326171875
    ],
    "rotationMatrix" : [
      0.5710586309432983,
      -0.4981131851673126,
      0.6525145769119263,
      0.8203794956207275,
      0.3177329897880554,
      -0.47541895508766174,
      0.02948710322380066,
      0.8068016767501831,
      0.590086042881012
    ],
    "gravity" : [
      -0.02948712557554245,
      -0.8068016767501831,
      -0.590086042881012
    ],
    "timestamp" : 1251091426241
  },
  {
    "userAcceleration" : [
      -0.07795759290456772,
      -0.06813877820968628,
      0.0009050369262695312
    ],
    "rotationMatrix" : [
      0.5773826241493225,
      -0.49779433012008667,
      0.6471707820892334,
      0.8159429430961609,
      0.32322001457214355,
      -0.47933894395828247,
      0.029433757066726685,
      0.8048164248466492,
      0.5927934646606445
    ],
    "gravity" : [
      -0.029433749616146088,
      -0.8048164248466492,
      -0.5927934646606445
    ],
    "timestamp" : 1251091436294
  },
  {
    "userAcceleration" : [
      -0.06673838198184967,
      -0.053908467292785645,
      -0.007716357707977295
    ],
    "rotationMatrix" : [
      0.5837384462356567,
      -0.4972650408744812,
      0.6418541669845581,
      0.811418354511261,
      0.3288952708244324,
      -0.48314380645751953,
      0.029147833585739136,
      0.8028419017791748,
      0.595478892326355
    ],
    "gravity" : [
      -0.029147829860448837,
      -0.8028419017791748,
      -0.595478892326355
    ],
    "timestamp" : 1251091446348
  },
  {
    "userAcceleration" : [
      -0.052702128887176514,
      -0.040061771869659424,
      -0.01179438829421997
    ],
    "rotationMatrix" : [
      0.5899764895439148,
      -0.4966672956943512,
      0.6365919709205627,
      0.8069057464599609,
      0.3345324695110321,
      -0.4868173897266388,
      0.028825581073760986,
      0.8008805513381958,
      0.59812992811203
    ],
    "gravity" : [
      -0.02882556989789009,
      -0.8008805513381958,
      -0.5981299877166748
    ],
    "timestamp" : 1251091456402
  },
  {
    "userAcceleration" : [
      -0.03903104364871979,
      -0.031848013401031494,
      -0.015973925590515137
    ],
    "rotationMatrix" : [
      0.5959449410438538,
      -0.4961474537849426,
      0.631416916847229,
      0.8025116324424744,
      0.33984804153442383,
      -0.4903859496116638,
      0.02871796488761902,
      0.798962414264679,
      0.6006948351860046
    ],
    "gravity" : [
      -0.028717966750264168,
      -0.7989624738693237,
      -0.6006947755813599
    ],
    "timestamp" : 1251091466456
  },
  {
    "userAcceleration" : [
      -0.04027144983410835,
      -0.027745187282562256,
      -0.02133333683013916
    ],
    "rotationMatrix" : [
      0.6017029285430908,
      -0.49568870663642883,
      0.6262955665588379,
      0.7981936931610107,
      0.34471479058265686,
      -0.4940227270126343,
      0.028988152742385864,
      0.7971601486206055,
      0.6030715703964233
    ],
    "gravity" : [
      -0.028988178819417953,
      -0.7971601486206055,
      -0.6030715703964233
    ],
    "timestamp" : 1251091476509
  },
  {
    "userAcceleration" : [
      -0.04389847069978714,
      -0.03163045644760132,
      -0.029849469661712646
    ],
    "rotationMatrix" : [
      0.6075122356414795,
      -0.49515220522880554,
      0.621090292930603,
      0.7937538623809814,
      0.34918034076690674,
      -0.4980238080024719,
      0.02972516417503357,
      0.7955483794212341,
      0.6051603555679321
    ],
    "gravity" : [
      -0.029725173488259315,
      -0.7955484390258789,
      -0.6051603555679321
    ],
    "timestamp" : 1251091486563
  },
  {
    "userAcceleration" : [
      -0.04811439663171768,
      -0.038165390491485596,
      -0.03906857967376709
    ],
    "rotationMatrix" : [
      0.6131170988082886,
      -0.49456703662872314,
      0.6160281896591187,
      0.7893905639648438,
      0.3531227707862854,
      -0.5021619200706482,
      0.030819296836853027,
      0.7941709160804749,
      0.6069123148918152
    ],
    "gravity" : [
      -0.030819304287433624,
      -0.7941709160804749,
      -0.6069123148918152
    ],
    "timestamp" : 1251091496617
  },
  {
    "userAcceleration" : [
      -0.053093358874320984,
      -0.04737198352813721,
      -0.03769230842590332
    ],
    "rotationMatrix" : [
      0.6184633374214172,
      -0.49394330382347107,
      0.6111654043197632,
      0.7851554155349731,
      0.35659781098365784,
      -0.5063289403915405,
      0.03215751051902771,
      0.7930057048797607,
      0.6083648800849915
    ],
    "gravity" : [
      -0.03215748071670532,
      -0.7930057644844055,
      -0.6083648800849915
    ],
    "timestamp" : 1251091506671
  },
  {
    "userAcceleration" : [
      -0.056615423411130905,
      -0.0551915168762207,
      -0.029663920402526855
    ],
    "rotationMatrix" : [
      0.6237838268280029,
      -0.4932650625705719,
      0.6062865257263184,
      0.7808680534362793,
      0.35980966687202454,
      -0.5106683373451233,
      0.0337471067905426,
      0.7919763922691345,
      0.6096183657646179
    ],
    "gravity" : [
      -0.0337471105158329,
      -0.7919763922691345,
      -0.6096183657646179
    ],
    "timestamp" : 1251091516724
  },
  {
    "userAcceleration" : [
      -0.06477896869182587,
      -0.06262534856796265,
      -0.020405948162078857
    ],
    "rotationMatrix" : [
      0.6290554404258728,
      -0.4926247000694275,
      0.6013402342796326,
      0.7765507102012634,
      0.3629283607006073,
      -0.5150260925292969,
      0.03547126054763794,
      0.790951132774353,
      0.6108502149581909
    ],
    "gravity" : [
      -0.03547125682234764,
      -0.790951132774353,
      -0.6108501553535461
    ],
    "timestamp" : 1251091526778
  },
  {
    "userAcceleration" : [
      -0.08810803294181824,
      -0.07162231206893921,
      -0.006801247596740723
    ],
    "rotationMatrix" : [
      0.6343955397605896,
      -0.4920654892921448,
      0.5961658358573914,
      0.772113025188446,
      0.36625102162361145,
      -0.5193278193473816,
      0.037197113037109375,
      0.7897667288780212,
      0.6122783422470093
    ],
    "gravity" : [
      -0.03719712048768997,
