[
  {
    "rotationMatrix" : [
      -0.5307925343513489,
      0.26266634464263916,
      -0.8057702779769897,
      -0.8474940061569214,
      -0.1604100465774536,
      0.5059868693351746,
      0.0036520659923553467,
      0.9514594674110413,
      0.3077525496482849
    ],
    "timestamp" : 1251151117562,
    "userAcceleration" : [
      -0.011362600140273571,
      0.010266900062561035,
      0.16082555055618286
    ],
    "gravity" : [
      -0.0036520622670650482,
      -0.9514594674110413,
      -0.3077525198459625
    ]
  },
  {
    "rotationMatrix" : [
      -0.5321125388145447,
      0.26266220211982727,
      -0.8049004077911377,
      -0.846666693687439,
      -0.16124263405799866,
      0.5071057677268982,
      0.0034132301807403564,
      0.9513197541236877,
      0.30818668007850647
    ],
    "timestamp" : 1251151127617,
    "userAcceleration" : [
      -0.018574705347418785,
      -0.01196753978729248,
      0.1495562195777893
    ],
    "gravity" : [
      -0.003413221100345254,
      -0.9513197541236877,
      -0.3081866502761841
    ]
  },
  {
    "rotationMatrix" : [
      -0.5339511036872864,
      0.26290416717529297,
      -0.8036028146743774,
      -0.8455065488815308,
      -0.16171622276306152,
      0.5088874697685242,
      0.0038329660892486572,
      0.9511725306510925,
      0.3086358904838562
    ],
    "timestamp" : 1251151137671,
    "userAcceleration" : [
      -0.021023571491241455,
      -0.029708147048950195,
      0.13793569803237915
    ],
    "gravity" : [
      -0.003833007300272584,
      -0.9511725306510925,
      -0.3086358606815338
    ]
  },
  {
    "rotationMatrix" : [
      -0.5362192392349243,
      0.2631269097328186,
      -0.8020179271697998,
      -0.8440654873847961,
      -0.16187520325183868,
      0.5112236142158508,
      0.0046897828578948975,
      0.9510838389396667,
      0.3088971972465515
    ],
    "timestamp" : 1251151147726,
    "userAcceleration" : [
      -0.030359648168087006,
      -0.0336267352104187,
      0.11128053069114685
    ],
    "gravity" : [
      -0.0046897996217012405,
      -0.951083779335022,
      -0.30889713764190674
    ]
  },
  {
    "rotationMatrix" : [
      -0.5382922887802124,
      0.26321083307266235,
      -0.8006006479263306,
      -0.8427371382713318,
      -0.16139809787273407,
      0.5135608315467834,
      0.005959421396255493,
      0.9511417746543884,
      0.3086969256401062
    ],
    "timestamp" : 1251151157781,
    "userAcceleration" : [
      -0.036154888570308685,
      -0.030120372772216797,
      0.08999264240264893
    ],
    "gravity" : [
      -0.005959384609013796,
      -0.9511417746543884,
      -0.3086969256401062
    ]
  },
  {
    "rotationMatrix" : [
      -0.5401937365531921,
      0.2629781663417816,
      -0.7993953227996826,
      -0.8415073156356812,
      -0.16037066280841827,
      0.515893816947937,
      0.007469147443771362,
      0.9513797760009766,
      0.30792951583862305
    ],
    "timestamp" : 1251151167835,
    "userAcceleration" : [
      -0.04384615644812584,
      -0.03314769268035889,
      0.07399699091911316
    ],
    "gravity" : [
      -0.0074691628105938435,
      -0.9513797760009766,
      -0.30792951583862305
    ]
  },
  {
    "rotationMatrix" : [
      -0.5419338345527649,
      0.2623838484287262,
      -0.7984122633934021,
      -0.8403714895248413,
      -0.1588689684867859,
      0.5182048678398132,
      0.009125590324401855,
      0.951795756816864,
      0.3065965175628662
    ],
    "timestamp" : 1251151177890,
    "userAcceleration" : [
      -0.05595317855477333,
      -0.037690818309783936,
      0.0715196430683136
    ],
    "gravity" : [
      -0.009125567972660065,
      -0.951795756816864,
      -0.3065965473651886
    ]
  },
  {
    "rotationMatrix" : [
      -0.543509840965271,
      0.26140207052230835,
      -0.7976628541946411,
      -0.8393331170082092,
      -0.15700380504131317,
      0.5204513072967529,
      0.010811001062393188,
      0.9523752927780151,
      0.30473655462265015
    ],
    "timestamp" : 1251151187945,
    "userAcceleration" : [
      -0.0644606277346611,
      -0.05287367105484009,
      0.07750266790390015
    ],
    "gravity" : [
      -0.010810984298586845,
      -0.9523752927780151,
      -0.30473658442497253
    ]
  },
  {
    "rotationMatrix" : [
      -0.5450108647346497,
      0.26013705134391785,
      -0.7970520257949829,
      -0.838336706161499,
      -0.15497912466526031,
      0.5226595401763916,
      0.012436717748641968,
      0.9530531167984009,
      0.30254775285720825
    ],
    "timestamp" : 1251151198000,
    "userAcceleration" : [
      -0.06771769374608994,
      -0.06467753648757935,
      0.09307503700256348
    ],
    "gravity" : [
      -0.012436733581125736,
      -0.9530530571937561,
      -0.30254772305488586
    ]
  },
  {
    "rotationMatrix" : [
      -0.5468307137489319,
      0.25872644782066345,
      -0.7962642908096313,
      -0.8371262550354004,
      -0.15306396782398224,
      0.5251580476760864,
      0.01399296522140503,
      0.9537463188171387,
      0.30028676986694336
    ],
    "timestamp" : 1251151208054,
    "userAcceleration" : [
      -0.06625303626060486,
      -0.07063722610473633,
      0.1065305769443512
    ],
    "gravity" : [
      -0.01399294938892126,
      -0.9537463784217834,
      -0.30028676986694336
    ]
  },
  {
    "rotationMatrix" : [
      -0.5487378239631653,
      0.2574627995491028,
      -0.7953614592552185,
      -0.8358492255210876,
      -0.15122660994529724,
      0.5277184247970581,
      0.015588045120239258,
      0.9543812274932861,
      0.29818376898765564
    ],
    "timestamp" : 1251151218109,
    "userAcceleration" : [
      -0.05347321182489395,
      -0.07528191804885864,
      0.11423894762992859
    ],
    "gravity" : [
      -0.015588078647851944,
      -0.9543812274932861,
      -0.29818376898765564
    ]
  },
  {
    "rotationMatrix" : [
      -0.5506587624549866,
      0.25651195645332336,
      -0.7943398952484131,
      -0.8345506191253662,
      -0.14944766461849213,
      0.5302736759185791,
      0.01730915904045105,
      0.9549170732498169,
      0.29636722803115845
    ],
    "timestamp" : 1251151228164,
    "userAcceleration" : [
      -0.04113202542066574,
      -0.07471537590026855,
      0.11342963576316833
    ],
    "gravity" : [
      -0.017309146001935005,
      -0.9549170732498169,
      -0.29636725783348083
    ]
  },
  {
    "rotationMatrix" : [
      -0.552527129650116,
      0.2559150457382202,
      -0.7932347059249878,
      -0.8332734107971191,
      -0.14766249060630798,
      0.5327768921852112,
      0.019214630126953125,
      0.9553551077842712,
      0.294834703207016
    ],
    "timestamp" : 1251151238218,
    "userAcceleration" : [
      -0.031139373779296875,
      -0.07250750064849854,
      0.10234501957893372
    ],
    "gravity" : [
      -0.01921464130282402,
      -0.9553550481796265,
      -0.294834703207016
    ]
  },
  {
    "rotationMatrix" : [
      -0.5540468692779541,
      0.2555464506149292,
      -0.7922929525375366,
      -0.8322131633758545,
      -0.14567728340625763,
      0.534976065158844,
      0.021292179822921753,
      0.9557583928108215,
      0.2933811545372009
    ],
    "timestamp" : 1251151248273,
    "userAcceleration" : [
      -0.018594324588775635,
      -0.07065445184707642,
      0.08097875118255615
    ],
    "gravity" : [
      -0.02129216492176056,
      -0.9557584524154663,
      -0.2933811545372009
    ]
  },
  {
    "rotationMatrix" : [
      -0.555281937122345,
      0.2551654875278473,
      -0.7915505766868591,
      -0.8313308954238892,
      -0.14344331622123718,
      0.5369477272033691,
      0.0234677791595459,
      0.95619797706604,
      0.2917785346508026
    ],
    "timestamp" : 1251151258328,
    "userAcceleration" : [
      -0.01234460063278675,
      -0.06977248191833496,
      0.06292718648910522
    ],
    "gravity" : [
      -0.023467790335416794,
      -0.9561979174613953,
      -0.2917785346508026
    ]
  },
  {
    "rotationMatrix" : [
      -0.55631023645401,
      0.2545897662639618,
      -0.7910138368606567,
      -0.8305771350860596,
      -0.1409188061952591,
      0.5387794971466064,
      0.02569904923439026,
      0.9567266702651978,
      0.2898510694503784
    ],
    "timestamp" : 1251151268382,
    "userAcceleration" : [
      -0.010815249755978584,
      -0.07141047716140747,
      0.05362969636917114
    ],
    "gravity" : [
      -0.025699039921164513,
      -0.956726610660553,
      -0.2898510694503784
    ]
  },
  {
    "rotationMatrix" : [
      -0.5570619106292725,
      0.25376754999160767,
      -0.7907485961914062,
      -0.8300027251243591,
      -0.13816992938518524,
      0.5403740406036377,
      0.027871519327163696,
      0.9573456048965454,
      0.2875973582267761
    ],
    "timestamp" : 1251151278437,
    "userAcceleration" : [
      -0.012381171807646751,
      -0.07604044675827026,
      0.057449012994766235
    ],
    "gravity" : [
      -0.027871521189808846,
      -0.9573456645011902,
      -0.28759732842445374
    ]
  },
  {
    "rotationMatrix" : [
      -0.5577896237373352,
      0.2527558207511902,
      -0.7905598878860474,
      -0.829441249370575,
      -0.13537025451660156,
      0.5419426560401917,
      0.029960811138153076,
      0.958013117313385,
      0.28515440225601196
    ],
    "timestamp" : 1251151288492,
    "userAcceleration" : [
      -0.01493058167397976,
      -0.08388739824295044,
      0.06623658537864685
    ],
    "gravity" : [
      -0.02996078133583069,
      -0.958013117313385,
      -0.28515443205833435
    ]
  },
  {
    "rotationMatrix" : [
      -0.5584613680839539,
      0.2517144978046417,
      -0.7904179096221924,
      -0.8289123773574829,
      -0.13255946338176727,
      0.5434447526931763,
      0.032015442848205566,
      0.9586801528930664,
      0.2826787233352661
    ],
    "timestamp" : 1251151298546,
    "userAcceleration" : [
      -0.016843169927597046,
      -0.09416091442108154,
      0.07599839568138123
    ],
    "gravity" : [
      -0.03201547637581825,
      -0.9586801528930664,
      -0.2826787233352661
    ]
  },
  {
    "rotationMatrix" : [
      -0.5591970682144165,
      0.25067466497421265,
      -0.790228009223938,
      -0.828336775302887,
      -0.12984487414360046,
      0.5449753403663635,
      0.03400430083274841,
      0.9593238234519958,
      0.28025224804878235
    ],
    "timestamp" : 1251151308601,
    "userAcceleration" : [
      -0.0180891752243042,
      -0.1039542555809021,
      0.07608959078788757
    ],
    "gravity" : [
      -0.0340043380856514,
      -0.9593238234519958,
      -0.28025221824645996
    ]
  },
  {
    "rotationMatrix" : [
      -0.5599856376647949,
      0.2495729625225067,
      -0.7900184988975525,
      -0.8277257680892944,
      -0.1272565722465515,
      0.546512246131897,
      0.03585958480834961,
      0.9599578380584717,
      0.2778399586677551
    ],
    "timestamp" : 1251151318656,
    "userAcceleration" : [
      -0.028715606778860092,
      -0.10875242948532104,
      0.07315850257873535
    ],
    "gravity" : [
      -0.035859595984220505,
      -0.9599578380584717,
      -0.27783989906311035
    ]
  },
  {
    "rotationMatrix" : [
      -0.560829758644104,
      0.24830228090286255,
      -0.7898198366165161,
      -0.8270836472511292,
      -0.12487971782684326,
      0.548030436038971,
      0.0374445915222168,
      0.9605991244316101,
      0.27540338039398193
    ],
    "timestamp" : 1251151328710,
    "userAcceleration" : [
      -0.0396886020898819,
      -0.11570990085601807,
      0.06437429785728455
    ],
    "gravity" : [
      -0.0374445840716362,
      -0.9605991244316101,
      -0.27540335059165955
    ]
  },
  {
    "rotationMatrix" : [
      -0.5613116025924683,
      0.24681079387664795,
      -0.7899452447891235,
      -0.8267033100128174,
      -0.12268395721912384,
      0.5490994453430176,
      0.038609981536865234,
      0.961266279220581,
      0.2729033827781677
    ],
    "timestamp" : 1251151338765,
    "userAcceleration" : [
      -0.05503322556614876,
      -0.1210089921951294,
      0.06370532512664795
    ],
    "gravity" : [
      -0.03860997408628464,
      -0.961266279220581,
      -0.2729033827781677
    ]
  },
  {
    "rotationMatrix" : [
      -0.561505913734436,
      0.24506527185440063,
      -0.7903504371643066,
      -0.8265389800071716,
      -0.12074978649616241,
      0.5497750639915466,
      0.03929606080055237,
      0.9619575142860413,
      0.2703579068183899
    ],
    "timestamp" : 1251151348820,
    "userAcceleration" : [
      -0.06930075585842133,
      -0.12037879228591919,
      0.07086443901062012
    ],
    "gravity" : [
      -0.03929605707526207,
      -0.961957573890686,
      -0.2703578770160675
    ]
  },
  {
    "rotationMatrix" : [
      -0.5614981651306152,
      0.24309706687927246,
      -0.7909636497497559,
      -0.826533317565918,
      -0.11911033093929291,
      0.5501411557197571,
      0.03952571749687195,
      0.96266108751297,
      0.267808198928833
    ],
    "timestamp" : 1251151358875,
    "userAcceleration" : [
      -0.07743290066719055,
      -0.11352592706680298,
      0.07933157682418823
    ],
    "gravity" : [
      -0.03952571749687195,
      -0.96266108751297,
      -0.267808198928833
    ]
  },
  {
    "rotationMatrix" : [
      -0.5612776279449463,
      0.24097919464111328,
      -0.7917677760124207,
      -0.8266919851303101,
      -0.11776871979236603,
      0.5501915216445923,
      0.03933918476104736,
      0.9633584022521973,
      0.2653166651725769
    ],
    "timestamp" : 1251151368929,
    "userAcceleration" : [
      -0.07084453105926514,
      -0.11311858892440796,
      0.08791792392730713
    ],
    "gravity" : [
      -0.03933918848633766,
      -0.9633584022521973,
      -0.2653166353702545
    ]
  },
  {
    "rotationMatrix" : [
      -0.561197817325592,
      0.2387564778327942,
      -0.7924975156784058,
      -0.8267735838890076,
      -0.11686821281909943,
      0.5502610206604004,
      0.038760602474212646,
      0.9640213251113892,
      0.2629837989807129
    ],
    "timestamp" : 1251151378984,
    "userAcceleration" : [
      -0.055889710783958435,
      -0.11298972368240356,
      0.09818881750106812
    ],
    "gravity" : [
      -0.03876056894659996,
      -0.9640213251113892,
      -0.2629837989807129
    ]
  },
  {
    "rotationMatrix" : [
      -0.56121426820755,
      0.23656734824180603,
      -0.793141782283783,
      -0.8268043994903564,
      -0.11641952395439148,
      0.5503094792366028,
      0.037847936153411865,
      0.9646149277687073,
      0.2609315812587738
    ],
    "timestamp" : 1251151389039,
    "userAcceleration" : [
      -0.04143675044178963,
      -0.1153867244720459,
      0.1048799455165863
    ],
    "gravity" : [
      -0.03784792497754097,
      -0.9646149277687073,
      -0.2609316110610962
    ]
  },
  {
    "rotationMatrix" : [
      -0.5613199472427368,
      0.23455309867858887,
      -0.7936652898788452,
      -0.8267838954925537,
      -0.1163814514875412,
      0.550348699092865,
      0.03671804070472717,
      0.9651114344596863,
      0.25925201177597046
    ],
    "timestamp" : 1251151399093,
    "userAcceleration" : [
      -0.015207622200250626,
      -0.11090773344039917,
      0.10464990139007568
    ],
    "gravity" : [
      -0.03671804815530777,
      -0.9651114344596863,
      -0.25925201177597046
    ]
  },
  {
    "rotationMatrix" : [
      -0.5614239573478699,
      0.2328486144542694,
      -0.7940935492515564,
      -0.8267618417739868,
      -0.1165371686220169,
      0.5503488183021545,
      0.0356065034866333,
      0.9655053019523621,
      0.2579371929168701
    ],
    "timestamp" : 1251151409148,
    "userAcceleration" : [
      0.00876627117395401,
      -0.09632319211959839,
      0.09704846143722534
    ],
    "gravity" : [
      -0.035606492310762405,
      -0.9655053019523621,
      -0.2579372227191925
    ]
  },
  {
    "rotationMatrix" : [
      -0.5616375803947449,
      0.23146125674247742,
      -0.7943477630615234,
      -0.826653242111206,
      -0.1166667491197586,
      0.5504841208457947,
      0.03474164009094238,
      0.9658229947090149,
      0.256862998008728
    ],
    "timestamp" : 1251151419203,
    "userAcceleration" : [
      0.03164408355951309,
      -0.07063007354736328,
      0.08153954148292542
    ],
    "gravity" : [
      -0.03474162146449089,
      -0.9658230543136597,
      -0.2568630278110504
    ]
  },
  {
    "rotationMatrix" : [
      -0.5619897842407227,
      0.2303682565689087,
      -0.7944164276123047,
      -0.8264292478561401,
      -0.11647084355354309,
      0.5508618354797363,
      0.034374624490737915,
      0.966107964515686,
      0.2558388411998749
    ],
    "timestamp" : 1251151429257,
    "userAcceleration" : [
      0.05433309078216553,
      -0.04615992307662964,
      0.06420370936393738
    ],
    "gravity" : [
      -0.034374598413705826,
      -0.966107964515686,
      -0.25583887100219727
    ]
  },
  {
    "rotationMatrix" : [
      -0.562644362449646,
      0.22955217957496643,
      -0.7941895723342896,
      -0.8259679079055786,
      -0.11569972336292267,
      0.5517159700393677,
      0.034760087728500366,
      0.9663950204849243,
      0.25470060110092163
    ],
    "timestamp" : 1251151439312,
    "userAcceleration" : [
      0.06984004378318787,
      -0.029988527297973633,
      0.04275590181350708
    ],
    "gravity" : [
      -0.03476009890437126,
      -0.9663950204849243,
      -0.25470054149627686
    ]
  },
  {
    "rotationMatrix" : [
      -0.5634793043136597,
      0.22892895340919495,
      -0.7937772274017334,
      -0.8253459930419922,
      -0.11414793133735657,
      0.5529683828353882,
      0.035982340574264526,
      0.9667272567749023,
      0.2532658278942108
    ],
    "timestamp" : 1251151449367,
    "userAcceleration" : [
      0.07863064855337143,
      -0.02340024709701538,
      0.019714802503585815
    ],
    "gravity" : [
      -0.03598233684897423,
      -0.9667271971702576,
      -0.2532658576965332
    ]
  },
  {
    "rotationMatrix" : [
      -0.5644010305404663,
      0.22833484411239624,
      -0.7932933568954468,
      -0.8246293663978577,
      -0.11180993914604187,
      0.5545130968093872,
      0.03791651129722595,
      0.9671409130096436,
      0.25139740109443665
    ],
    "timestamp" : 1251151459421,
    "userAcceleration" : [
      0.07839806377887726,
      -0.02194899320602417,
      -0.003210723400115967
    ],
    "gravity" : [
      -0.03791651129722595,
      -0.9671409130096436,
      -0.2513974606990814
    ]
  },
  {
    "rotationMatrix" : [
      -0.565502941608429,
      0.22752225399017334,
      -0.7927418947219849,
      -0.8237617015838623,
      -0.1088712215423584,
      0.556384265422821,
      0.04028293490409851,
      0.9676675200462341,
      0.24899131059646606
    ],
    "timestamp" : 1251151469476,
    "userAcceleration" : [
      0.06161470338702202,
      -0.01588338613510132,
      -0.02237105369567871
    ],
    "gravity" : [
      -0.040282927453517914,
      -0.9676675200462341,
      -0.24899132549762726
    ]
  },
  {
    "rotationMatrix" : [
      -0.56669682264328,
      0.22629335522651672,
      -0.7922409772872925,
      -0.8228120803833008,
      -0.10544458031654358,
      0.5584456920623779,
      0.04283502697944641,
      0.9683349132537842,
      0.24595215916633606
    ],
    "timestamp" : 1251151479531,
    "userAcceleration" : [
      0.04623768478631973,
      -0.0015441179275512695,
      -0.04018068313598633
    ],
    "gravity" : [
      -0.04283498227596283,
      -0.9683349132537842,
      -0.24595221877098083
    ]
  },
  {
    "rotationMatrix" : [
      -0.5676108598709106,
      0.2245367467403412,
      -0.7920866012573242,
      -0.8220481872558594,
      -0.10159841179847717,
      0.5602807998657227,
      0.045328885316848755,
      0.9691548347473145,
      0.24224838614463806
    ],
    "timestamp" : 1251151489586,
    "userAcceleration" : [
      0.03240467980504036,
      0.02339988946914673,
      -0.050277888774871826
    ],
    "gravity" : [
      -0.045328885316848755,
      -0.9691547751426697,
      -0.24224838614463806
    ]
  },
  {
    "rotationMatrix" : [
      -0.5681283473968506,
      0.22224056720733643,
      -0.7923632860183716,
      -0.8215618133544922,
      -0.09746754169464111,
      0.5617263317108154,
      0.04760870337486267,
      0.970107913017273,
      0.23795831203460693
    ],
    "timestamp" : 1251151499640,
    "userAcceleration" : [
      0.022187568247318268,
      0.05081164836883545,
      -0.04651138186454773
    ],
    "gravity" : [
      -0.04760872945189476,
      -0.970107913017273,
      -0.23795828223228455
    ]
  },
  {
    "rotationMatrix" : [
      -0.5682926774024963,
      0.21950602531433105,
      -0.7930070161819458,
      -0.8213253021240234,
      -0.09314222633838654,
      0.5628045797348022,
      0.049676477909088135,
      0.9711546897888184,
      0.23321817815303802
    ],
    "timestamp" : 1251151509695,
    "userAcceleration" : [
      0.020593203604221344,
      0.08098751306533813,
      -0.03297144174575806
    ],
    "gravity" : [
      -0.04967646673321724,
      -0.9711546301841736,
      -0.23321816325187683
    ]
  },
  {
    "rotationMatrix" : [
      -0.5685989856719971,
      0.21652710437774658,
      -0.7936062812805176,
      -0.8209918737411499,
      -0.08880187571048737,
      0.5639914870262146,
      0.05164560675621033,
      0.9722294211387634,
      0.22825978696346283
    ],
    "timestamp" : 1251151519750,
    "userAcceleration" : [
      0.02129589021205902,
      0.10347038507461548,
      -0.007931113243103027
    ],
    "gravity" : [
      -0.05164562910795212,
      -0.9722294211387634,
      -0.22825977206230164
    ]
  },
  {
    "rotationMatrix" : [
      -0.5691472291946411,
      0.21353685855865479,
      -0.7940236330032349,
      -0.8204882144927979,
      -0.08456875383853912,
      0.5653735995292664,
      0.05357852578163147,
      0.9732678532600403,
      0.22333644330501556
    ],
    "timestamp" : 1251151529804,
    "userAcceleration" : [
      0.025410804897546768,
      0.11180233955383301,
      0.015923649072647095
    ],
    "gravity" : [
      -0.05357854440808296,
      -0.9732677936553955,
      -0.22333645820617676
    ]
  },
  {
    "rotationMatrix" : [
      -0.5698931217193604,
      0.21078631281852722,
      -0.7942230701446533,
      -0.8198450803756714,
      -0.0806264877319336,
      0.5668800473213196,
      0.05545499920845032,
      0.9742012619972229,
      0.21876096725463867
    ],
    "timestamp" : 1251151539859,
    "userAcceleration" : [
      0.039479032158851624,
      0.11352944374084473,
      0.037456005811691284
    ],
    "gravity" : [
      -0.055454984307289124,
      -0.9742012619972229,
      -0.21876098215579987
    ]
  },
  {
    "rotationMatrix" : [
      -0.5703935027122498,
      0.2085859775543213,
      -0.7944451570510864,
      -0.8193649053573608,
      -0.07692790031433105,
      0.5680874586105347,
      0.05738005042076111,
      0.9749737977981567,
      0.21478718519210815
    ],
    "timestamp" : 1251151549914,
    "userAcceleration" : [
      0.0576547309756279,
      0.11269974708557129,
      0.049717485904693604
    ],
    "gravity" : [
      -0.057380080223083496,
      -0.9749738574028015,
      -0.21478714048862457
    ]
  },
  {
    "rotationMatrix" : [
      -0.5706347823143005,
      0.20710206031799316,
      -0.7946596145629883,
      -0.8190402984619141,
      -0.07333947718143463,
      0.5690288543701172,
      0.059567004442214966,
      0.9755662679672241,
      0.2114754170179367
    ],
    "timestamp" : 1251151559968,
    "userAcceleration" : [
      0.07816746830940247,
      0.11075937747955322,
      0.04803851246833801
    ],
    "gravity" : [
      -0.05956700071692467,
      -0.9755662679672241,
      -0.2114754021167755
    ]
  },
  {
    "rotationMatrix" : [
      -0.5706570744514465,
      0.20626327395439148,
      -0.7948620319366455,
      -0.8188353776931763,
      -0.06970493495464325,
      0.5697802901268005,
      0.062118858098983765,
      0.9760105013847351,
      0.20867349207401276
    ],
    "timestamp" : 1251151570023,
    "userAcceleration" : [
      0.09751926362514496,
      0.10726672410964966,
      0.04235263168811798
    ],
    "gravity" : [
      -0.06211886927485466,
      -0.9760105013847351,
      -0.20867346227169037
    ]
  },
  {
    "rotationMatrix" : [
      -0.5702593922615051,
      0.20588073134422302,
      -0.7952468395233154,
      -0.8188879489898682,
      -0.06585502624511719,
      0.5701628923416138,
      0.06501460075378418,
      0.9763587713241577,
      0.20614761114120483
    ],
    "timestamp" : 1251151580078,
    "userAcceleration" : [
      0.10183402895927429,
      0.09488892555236816,
      0.036561399698257446
    ],
    "gravity" : [
      -0.06501459330320358,
      -0.9763587117195129,
      -0.20614764094352722
    ]
  },
  {
    "rotationMatrix" : [
      -0.5699800252914429,
      0.20569533109664917,
      -0.7954946160316467,
      -0.8188241124153137,
      -0.06185397505760193,
      0.570702075958252,
      0.06818610429763794,
      0.9766591787338257,
      0.20368412137031555
    ],
    "timestamp" : 1251151590132,
    "userAcceleration" : [
      0.09221871942281723,
      0.07556682825088501,
      0.03397585451602936
    ],
    "gravity" : [
      -0.06818612664937973,
      -0.9766591787338257,
      -0.20368412137031555
    ]
  },
  {
    "rotationMatrix" : [
      -0.5697765946388245,
      0.2055194079875946,
      -0.795685887336731,
      -0.8186759948730469,
      -0.057615846395492554,
      0.5713578462600708,
      0.0715809166431427,
      0.9769554138183594,
      0.20108219981193542
    ],
    "timestamp" : 1251151600187,
    "userAcceleration" : [
      0.0734424814581871,
      0.0500146746635437,
      0.036806002259254456
    ],
    "gravity" : [
      -0.0715809091925621,
      -0.9769554734230042,
      -0.20108218491077423
    ]
  },
  {
    "rotationMatrix" : [
      -0.5701463222503662,
      0.20515397191047668,
      -0.7955155372619629,
      -0.818103551864624,
      -0.05326393246650696,
      0.5725989937782288,
      0.07509872317314148,
      0.9772792458534241,
      0.19820544123649597
    ],
    "timestamp" : 1251151610242,
    "userAcceleration" : [
      0.0493723601102829,
      0.023849189281463623,
      0.039269864559173584
    ],
    "gravity" : [
      -0.0750986859202385,
      -0.9772793054580688,
      -0.19820545613765717
    ]
  },
  {
    "rotationMatrix" : [
      -0.5710722208023071,
      0.2044876515865326,
      -0.7950229048728943,
      -0.8171260356903076,
      -0.04884302616119385,
      0.5743861794471741,
      0.07862359285354614,
      0.9776498675346375,
      0.194985032081604
    ],
    "timestamp" : 1251151620297,
    "userAcceleration" : [
      0.026575826108455658,
      -8.761882781982422e-05,
      0.03908589482307434
    ],
    "gravity" : [
      -0.07862357050180435,
      -0.9776498079299927,
      -0.1949850618839264
    ]
  },
  {
    "rotationMatrix" : [
      -0.5725978016853333,
      0.20340880751609802,
      -0.7942017316818237,
      -0.8157358169555664,
      -0.044588759541511536,
      0.5767034292221069,
      0.08189401030540466,
      0.9780780076980591,
      0.19145940244197845
    ],
    "timestamp" : 1251151630351,
    "userAcceleration" : [
      -0.0009306669235229492,
      -0.018442869186401367,
      0.0377269983291626
    ],
    "gravity" : [
      -0.08189404010772705,
      -0.9780780076980591,
      -0.19145934283733368
    ]
  },
  {
    "rotationMatrix" : [
      -0.5745635628700256,
      0.2018752098083496,
      -0.7931727170944214,
      -0.8140761852264404,
      -0.04079146683216095,
      0.5793236494064331,
      0.08459636569023132,
      0.9785614013671875,
      0.18777917325496674
    ],
    "timestamp" : 1251151640406,
    "userAcceleration" : [
      -0.01527240127325058,
      -0.032699525356292725,
      0.034733474254608154
    ],
    "gravity" : [
      -0.08459638059139252,
      -0.9785613417625427,
      -0.18777920305728912
    ]
  },
  {
    "rotationMatrix" : [
      -0.5765542984008789,
      0.20001345872879028,
      -0.7921993136405945,
      -0.8124545216560364,
      -0.03755621612071991,
      0.5818136930465698,
      0.08661854267120361,
      0.9790730476379395,
      0.18415506184101105
    ],
    "timestamp" : 1251151650461,
    "userAcceleration" : [
      -0.011556528508663177,
      -0.03855079412460327,
      0.027813419699668884
    ],
    "gravity" : [
      -0.08661853522062302,
      -0.9790731072425842,
      -0.18415504693984985
    ]
  },
  {
    "rotationMatrix" : [
      -0.5784308910369873,
      0.19808194041252136,
      -0.7913155555725098,
      -0.8109633922576904,
      -0.03491304814815521,
      0.5840537548065186,
      0.0880630612373352,
      0.9795631170272827,
      0.18083252012729645
    ],
    "timestamp" : 1251151660515,
    "userAcceleration" : [
      -0.000666789710521698,
      -0.03706860542297363,
      0.016632646322250366
    ],
    "gravity" : [
      -0.0880630612373352,
      -0.9795631766319275,
      -0.18083253502845764
    ]
  },
  {
    "rotationMatrix" : [
      -0.5800077319145203,
      0.19628959894180298,
      -0.7906083464622498,
      -0.8097167611122131,
      -0.032691121101379395,
      0.5859096646308899,
      0.08916211128234863,
      0.980000913143158,
      0.1779000163078308
    ],
    "timestamp" : 1251151670570,
    "userAcceleration" : [
      0.016927003860473633,
      -0.032404422760009766,
      0.0017372369766235352
    ],
    "gravity" : [
      -0.08916211873292923,
      -0.980000913143158,
      -0.17790000140666962
    ]
  },
  {
    "rotationMatrix" : [
      -0.5810973644256592,
      0.19468963146209717,
      -0.7902035713195801,
      -0.8088263273239136,
      -0.030610322952270508,
      0.5872503519058228,
      0.0901431143283844,
      0.9803870916366577,
      0.17525768280029297
    ],
    "timestamp" : 1251151680625,
    "userAcceleration" : [
      0.034479059278964996,
      -0.02518230676651001,
      -0.023594930768013
    ],
    "gravity" : [
      -0.0901431292295456,
      -0.9803871512413025,
      -0.17525765299797058
    ]
  },
  {
    "rotationMatrix" : [
      -0.5817518830299377,
      0.19311320781707764,
      -0.7901090383529663,
      -0.808246374130249,
      -0.028428301215171814,
      0.5881579518318176,
      0.0911196768283844,
      0.9807646870613098,
      0.17262108623981476
    ],
    "timestamp" : 1251151690680,
    "userAcceleration" : [
      0.0449008047580719,
      -0.01857924461364746,
      -0.049440160393714905
    ],
    "gravity" : [
      -0.091119684278965,
      -0.980764627456665,
      -0.17262108623981476
    ]
  },
  {
    "rotationMatrix" : [
      -0.5820962190628052,
      0.19124549627304077,
      -0.7903095483779907,
      -0.8078808784484863,
      -0.025871604681015015,
      0.5887776613235474,
      0.09215447306632996,
      0.9812012910842896,
      0.16956332325935364
    ],
    "timestamp" : 1251151700734,
    "userAcceleration" : [
      0.054800987243652344,
      -0.01524341106414795,
      -0.07387548685073853
    ],
    "gravity" : [
      -0.09215450286865234,
      -0.9812012314796448,
      -0.16956330835819244
    ]
  },
  {
    "rotationMatrix" : [
      -0.5822228193283081,
      0.18875935673713684,
      -0.7908134460449219,
      -0.8076584339141846,
      -0.022666648030281067,
      0.5892144441604614,
      0.09329453110694885,
      0.9817615747451782,
      0.1656504124403
    ],
    "timestamp" : 1251151710789,
    "userAcceleration" : [
      0.06546250730752945,
      -0.01886385679244995,
      -0.09554962813854218
    ],
    "gravity" : [
      -0.09329453110694885,
      -0.981761634349823,
      -0.1656503975391388
    ]
  },
  {
    "rotationMatrix" : [
      -0.5821893811225891,
      0.18538755178451538,
      -0.7916357517242432,
      -0.8075326085090637,
      -0.018574818968772888,
      0.5895304679870605,
      0.09458717703819275,
      0.9824899435043335,
      0.1605205088853836
    ],
    "timestamp" : 1251151720844,
    "userAcceleration" : [
      0.07735999673604965,
      -0.02112632989883423,
      -0.10901081562042236
    ],
    "gravity" : [
      -0.09458716958761215,
      -0.9824899435043335,
      -0.1605205237865448
    ]
  },
  {
    "rotationMatrix" : [
      -0.5818038582801819,
      0.18099305033683777,
      -0.7929348945617676,
      -0.8076419830322266,
      -0.013475269079208374,
      0.5895191431045532,
      0.09601381421089172,
      0.9833921194076538,
      0.15401753783226013
    ],
    "timestamp" : 1251151730898,
    "userAcceleration" : [
      0.08525639027357101,
      -0.019735872745513916,
      -0.11076831817626953
    ],
    "gravity" : [
      -0.09601384401321411,
      -0.9833921194076538,
      -0.15401747822761536
    ]
  },
  {
    "rotationMatrix" : [
      -0.5812278985977173,
      0.17560070753097534,
      -0.7945681810379028,
      -0.8078756928443909,
      -0.007497847080230713,
      0.5893053412437439,
      0.09752491116523743,
      0.9844329953193665,
      0.14622145891189575
    ],
    "timestamp" : 1251151740953,
    "userAcceleration" : [
      0.07948901504278183,
      -0.01449894905090332,
      -0.09521849453449249
    ],
    "gravity" : [
      -0.09752492606639862,
      -0.9844329357147217,
      -0.14622141420841217
    ]
  },
  {
    "rotationMatrix" : [
      -0.5804287791252136,
      0.16940394043922424,
      -0.7964953184127808,
      -0.8082727193832397,
      -0.0009573549032211304,
      0.5888075828552246,
      0.09898382425308228,
      0.9855462312698364,
      0.1374802142381668
    ],
    "timestamp" : 1251151751008,
    "userAcceleration" : [
      0.06590273976325989,
      -0.0186346173286438,
      -0.06327968835830688
    ],
    "gravity" : [
      -0.09898380190134048,
      -0.9855462312698364,
      -0.13748027384281158
    ]
  },
  {
    "rotationMatrix" : [
      -0.5796499848365784,
      0.16273155808448792,
      -0.7984508872032166,
      -0.8086808919906616,
      0.005612239241600037,
      0.5882205367088318,
      0.10020309686660767,
      0.9866542220115662,
      0.1283450573682785
    ],
    "timestamp" : 1251151761062,
    "userAcceleration" : [
      0.04835369437932968,
      -0.02752101421356201,
      -0.022900089621543884
    ],
    "gravity" : [
      -0.10020305961370468,
      -0.9866542816162109,
      -0.1283450424671173
    ]
  },
  {
    "rotationMatrix" : [
      -0.5789481401443481,
      0.15598061680793762,
      -0.8003054857254028,
      -0.8090829849243164,
      0.011697664856910706,
      0.5875778198242188,
      0.10101237893104553,
      0.987690806388855,
      0.11942900717258453
    ],
    "timestamp" : 1251151771117,
    "userAcceleration" : [
      0.034514591097831726,
      -0.037776052951812744,
      0.013777077198028564
    ],
    "gravity" : [
      -0.10101239383220673,
      -0.987690806388855,
      -0.11942899227142334
    ]
  },
  {
    "rotationMatrix" : [
      -0.5784816145896912,
      0.14957651495933533,
      -0.8018638491630554,
      -0.809363603591919,
      0.016992315649986267,
      0.5870618224143982,
      0.10143613815307617,
      0.9886040091514587,
      0.1112322062253952
    ],
    "timestamp" : 1251151781172,
    "userAcceleration" : [
      0.03647945076227188,
      -0.04301208257675171,
      0.03840196132659912
    ],
    "gravity" : [
      -0.10143612325191498,
      -0.9886040091514587,
      -0.11123224347829819
    ]
  },
  {
    "rotationMatrix" : [
      -0.5782040953636169,
      0.14380043745040894,
      -0.8031197786331177,
      -0.809537410736084,
      0.021501153707504272,
      0.5866743326187134,
      0.10163196921348572,
      0.9893730878829956,
      0.10397985577583313
    ],
    "timestamp" : 1251151791227,
    "userAcceleration" : [
      0.042977191507816315,
      -0.04169374704360962,
      0.05156582593917847
    ],
    "gravity" : [
      -0.10163198411464691,
      -0.9893730878829956,
      -0.10397981852293015
    ]
  },
  {
    "rotationMatrix" : [
      -0.5783962607383728,
      0.13871127367019653,
      -0.8038761615753174,
      -0.8093876242637634,
      0.025309652090072632,
      0.586729109287262,
      0.10173177719116211,
      0.9900093674659729,
      0.09763219952583313
    ],
    "timestamp" : 1251151801281,
    "userAcceleration" : [
      0.04818865656852722,
      -0.03571683168411255,
      0.04810208082199097
    ],
    "gravity" : [
      -0.10173174738883972,
      -0.9900093674659729,
      -0.09763222932815552
    ]
  },
  {
    "rotationMatrix" : [
      -0.5788472294807434,
      0.13414278626441956,
      -0.8043268918991089,
      -0.8090555667877197,
      0.02867354452610016,
      0.5870323181152344,
      0.10180908441543579,
      0.9905471801757812,
      0.0919312983751297
    ],
    "timestamp" : 1251151811336,
    "userAcceleration" : [
      0.045137934386730194,
      -0.02852630615234375,
      0.026684701442718506
    ],
    "gravity" : [
      -0.10180908441543579,
      -0.9905471205711365,
      -0.09193134307861328
    ]
  },
  {
    "rotationMatrix" : [
      -0.5794388651847839,
      0.12980341911315918,
      -0.8046127557754517,
      -0.8086247444152832,
      0.03183019161224365,
      0.5874630212783813,
      0.10186567902565002,
      0.9910286664962769,
      0.08651858568191528
    ],
    "timestamp" : 1251151821391,
    "userAcceleration" : [
      0.04487409442663193,
      -0.022887229919433594,
      -0.0007006525993347168
    ],
    "gravity" : [
      -0.10186567902565002,
      -0.9910287261009216,
      -0.08651860803365707
    ]
  },
  {
    "rotationMatrix" : [
      -0.5798009037971497,
      0.12538906931877136,
      -0.805051863193512,
      -0.808355450630188,
      0.0351012647151947,
      0.5876472592353821,
      0.10194289684295654,
      0.9914864897727966,
      0.08100715279579163
    ],
    "timestamp" : 1251151831445,
    "userAcceleration" : [
      0.049650996923446655,
      -0.02160555124282837,
      -0.02856624871492386
    ],
    "gravity" : [
      -0.10194288194179535,
      -0.9914865493774414,
      -0.08100716769695282
    ]
  },
  {
    "rotationMatrix" : [
      -0.5801294445991516,
      0.12063229084014893,
      -0.8055417537689209,
      -0.8080969452857971,
      0.038753822445869446,
      0.5877732038497925,
      0.1021222174167633,
      0.9919404983520508,
      0.07500042021274567
    ],
    "timestamp" : 1251151841500,
    "userAcceleration" : [
      0.05742920935153961,
      -0.020998895168304443,
      -0.0495266318321228
    ],
    "gravity" : [
      -0.10212220251560211,
      -0.9919404983520508,
      -0.07500039041042328
    ]
  },
  {
    "rotationMatrix" : [
      -0.5803813934326172,
      0.1153298020362854,
      -0.8061364889144897,
      -0.8078694939613342,
      0.04304388165473938,
      0.5877872705459595,
      0.10248854756355286,
      0.9923940896987915,
      0.06818976998329163
    ],
    "timestamp" : 1251151851555,
    "userAcceleration" : [
      0.06290724873542786,
      -0.019416093826293945,
      -0.05824470520019531
    ],
    "gravity" : [
      -0.10248855501413345,
      -0.9923941493034363,
      -0.06818973273038864
    ]
  },
  {
    "rotationMatrix" : [
      -0.5804126262664795,
      0.10936218500137329,
      -0.8069453239440918,
      -0.8077900409698486,
      0.04794062674045563,
      0.5875174403190613,
      0.10293760895729065,
      0.9928451180458069,
      0.060516491532325745
    ],
    "timestamp" : 1251151861609,
    "userAcceleration" : [
