[
  {
    "gravity" : [
      -0.014745043590664864,
      -0.9755522012710571,
      -0.21927231550216675
    ],
    "rotationMatrix" : [
      -0.4604417681694031,
      -0.18803656101226807,
      0.8675457239151001,
      0.887567400932312,
      -0.11375404894351959,
      0.44641244411468506,
      0.01474502682685852,
      0.9755522012710571,
      0.21927230060100555
    ],
    "timestamp" : 1251332105122,
    "userAcceleration" : [
      0.05328875035047531,
      0.0027434229850769043,
      0.008792519569396973
    ]
  },
  {
    "gravity" : [
      -0.01421402022242546,
      -0.9760368466377258,
      -0.21714045107364655
    ],
    "rotationMatrix" : [
      -0.4556063413619995,
      -0.18698665499687195,
      0.8703210353851318,
      0.8900676965713501,
      -0.11130125820636749,
      0.4420308470726013,
      0.014214009046554565,
      0.9760368466377258,
      0.21714048087596893
    ],
    "timestamp" : 1251332115176,
    "userAcceleration" : [
      0.05620621144771576,
      0.0018548369407653809,
      0.012214839458465576
    ]
  },
  {
    "gravity" : [
      -0.01377851516008377,
      -0.9765055775642395,
      -0.2150508463382721
    ],
    "rotationMatrix" : [
      -0.4503476619720459,
      -0.18596184253692627,
      0.8732725381851196,
      0.8927468061447144,
      -0.1088799238204956,
      0.4372048079967499,
      0.013778477907180786,
      0.9765055179595947,
      0.2150508165359497
    ],
    "timestamp" : 1251332125231,
    "userAcceleration" : [
      0.05818161368370056,
      -0.0034289956092834473,
      0.010384619235992432
    ]
  },
  {
    "gravity" : [
      -0.013467187061905861,
      -0.9769542813301086,
      -0.21302321553230286
    ],
    "rotationMatrix" : [
      -0.4450456500053406,
      -0.18492048978805542,
      0.8762069940567017,
      0.8954065442085266,
      -0.10660500824451447,
      0.4322989583015442,
      0.013467162847518921,
      0.9769542813301086,
      0.21302317082881927
    ],
    "timestamp" : 1251332135286,
    "userAcceleration" : [
      0.05748879536986351,
      -0.004811406135559082,
      0.004939019680023193
    ]
  },
  {
    "gravity" : [
      -0.013191577047109604,
      -0.9773807525634766,
      -0.21107515692710876
    ],
    "rotationMatrix" : [
      -0.43985515832901,
      -0.1839003562927246,
      0.8790380954742432,
      0.8979717493057251,
      -0.10443830490112305,
      0.4274801015853882,
      0.013191580772399902,
      0.9773807525634766,
      0.21107512712478638
    ],
    "timestamp" : 1251332145340,
    "userAcceleration" : [
      0.054085150361061096,
      -0.008901536464691162,
      0.0005190372467041016
    ]
  },
  {
    "gravity" : [
      -0.012897280976176262,
      -0.9777640700340271,
      -0.2093108594417572
    ],
    "rotationMatrix" : [
      -0.43462538719177246,
      -0.18303802609443665,
      0.8818150758743286,
      0.9005190134048462,
      -0.10234485566616058,
      0.4226004183292389,
      0.012897282838821411,
      0.9777641296386719,
      0.20931090414524078
    ],
    "timestamp" : 1251332155395,
    "userAcceleration" : [
      0.0444982536137104,
      -0.0114937424659729,
      -0.0007111728191375732
    ]
  },
  {
    "gravity" : [
      -0.012560270726680756,
      -0.9780697226524353,
      -0.20789840817451477
    ],
    "rotationMatrix" : [
      -0.42935776710510254,
      -0.18249621987342834,
      0.8845037221908569,
      0.9030470848083496,
      -0.10037237405776978,
      0.4176497459411621,
      0.012560278177261353,
      0.9780697822570801,
      0.20789843797683716
    ],
    "timestamp" : 1251332165450,
    "userAcceleration" : [
      0.037157464772462845,
      -0.018542706966400146,
      0.0010196566581726074
    ]
  },
  {
    "gravity" : [
      -0.012218484655022621,
      -0.9782981872558594,
      -0.20684106647968292
    ],
    "rotationMatrix" : [
      -0.4241026043891907,
      -0.18225884437561035,
      0.8870842456817627,
      0.9055315256118774,
      -0.09856055676937103,
      0.4126720428466797,
      0.012218505144119263,
      0.9782981872558594,
      0.20684106647968292
    ],
    "timestamp" : 1251332175504,
    "userAcceleration" : [
      0.033275630325078964,
      -0.024585604667663574,
      -0.005637630820274353
    ]
  },
  {
    "gravity" : [
      -0.011887849308550358,
      -0.9784746170043945,
      -0.20602400600910187
    ],
    "rotationMatrix" : [
      -0.4187871217727661,
      -0.18222540616989136,
      0.8896127939224243,
      0.9080063700675964,
      -0.09685559570789337,
      0.40760642290115356,
      0.011887818574905396,
      0.9784745573997498,
      0.20602397620677948
    ],
    "timestamp" : 1251332185559,
    "userAcceleration" : [
      0.03334173187613487,
      -0.024485468864440918,
      -0.019088968634605408
    ]
  },
  {
    "gravity" : [
      -0.01150061096996069,
      -0.9786300659179688,
      -0.20530672371387482
    ],
    "rotationMatrix" : [
      -0.41347259283065796,
      -0.1822906732559204,
      0.8920819759368896,
      0.9104437828063965,
      -0.09514807164669037,
      0.4025403559207916,
      0.011500567197799683,
      0.9786300659179688,
      0.20530672371387482
    ],
    "timestamp" : 1251332195614,
    "userAcceleration" : [
      0.02714087814092636,
      -0.0231856107711792,
      -0.03324925899505615
    ]
  },
  {
    "gravity" : [
      -0.010952221229672432,
      -0.978792130947113,
      -0.2045629322528839
    ],
    "rotationMatrix" : [
      -0.4081912040710449,
      -0.18237745761871338,
      0.8944934606552124,
      0.9128308296203613,
      -0.09329749643802643,
      0.39753687381744385,
      0.010952234268188477,
      0.9787921905517578,
      0.20456288754940033
    ],
    "timestamp" : 1251332205668,
    "userAcceleration" : [
      0.015636693686246872,
      -0.026822984218597412,
      -0.04037123918533325
    ]
  },
  {
    "gravity" : [
      -0.010139202699065208,
      -0.9789617657661438,
      -0.20379139482975006
    ],
    "rotationMatrix" : [
      -0.4028926491737366,
      -0.18252766132354736,
      0.8968616724014282,
      0.9151909351348877,
      -0.09119942784309387,
      0.39256593585014343,
      0.010139226913452148,
      0.978961706161499,
      0.20379140973091125
    ],
    "timestamp" : 1251332215723,
    "userAcceleration" : [
      0.005805729888379574,
      -0.02669912576675415,
      -0.03337603807449341
    ]
  },
  {
    "gravity" : [
      -0.009102622978389263,
      -0.979101300239563,
      -0.20316936075687408
    ],
    "rotationMatrix" : [
      -0.3975362777709961,
      -0.1828884482383728,
      0.8991755843162537,
      0.9175413250923157,
      -0.08895206451416016,
      0.38756346702575684,
      0.00910264253616333,
      0.979101300239563,
      0.2031693458557129
    ],
    "timestamp" : 1251332225778,
    "userAcceleration" : [
      -0.0008613420650362968,
      -0.022958576679229736,
      -0.012818872928619385
    ]
  },
  {
    "gravity" : [
      -0.007984308525919914,
      -0.9791539907455444,
      -0.20296208560466766
    ],
    "rotationMatrix" : [
      -0.3918737769126892,
      -0.18366992473602295,
      0.9014987945556641,
      0.9199842214584351,
      -0.08673323690891266,
      0.3822384178638458,
      0.007984310388565063,
      0.9791539907455444,
      0.20296208560466766
    ],
    "timestamp" : 1251332235832,
    "userAcceleration" : [
      0.00023285485804080963,
      -0.025240421295166016,
      0.005391240119934082
    ]
  },
  {
    "gravity" : [
      -0.006975880824029446,
      -0.9790862202644348,
      -0.20332510769367218
    ],
    "rotationMatrix" : [
      -0.3857696056365967,
      -0.18495535850524902,
      0.9038654565811157,
      0.9225684404373169,
      -0.08474165201187134,
      0.3764117956161499,
      0.0069758594036102295,
      0.9790862798690796,
      0.203325092792511
    ],
    "timestamp" : 1251332245887,
    "userAcceleration" : [
      0.009646188467741013,
      -0.034417569637298584,
      0.005784779787063599
    ]
  },
  {
    "gravity" : [
      -0.006257227621972561,
      -0.9789117574691772,
      -0.2041867971420288
    ],
    "rotationMatrix" : [
      -0.379565954208374,
      -0.18658417463302612,
      0.9061541557312012,
      0.9251431822776794,
      -0.08317211270332336,
      0.37039434909820557,
      0.006257206201553345,
      0.9789117574691772,
      0.20418676733970642
    ],
    "timestamp" : 1251332255942,
    "userAcceleration" : [
      0.021119315177202225,
      -0.04130589962005615,
      -0.009436279535293579
    ]
  },
  {
    "gravity" : [
      -0.005877113901078701,
      -0.9786794781684875,
      -0.205309197306633
    ],
    "rotationMatrix" : [
      -0.3733566999435425,
      -0.18831801414489746,
      0.9083726406097412,
      0.9276691675186157,
      -0.08199211955070496,
      0.3642898201942444,
      0.005877107381820679,
      0.9786794781684875,
      0.2053091824054718
    ],
    "timestamp" : 1251332265996,
    "userAcceleration" : [
      0.02736150473356247,
      -0.0454445481300354,
      -0.03240758180618286
    ]
  },
  {
    "gravity" : [
      -0.005787882953882217,
      -0.9784494042396545,
      -0.2064051479101181
    ],
    "rotationMatrix" : [
      -0.3674471378326416,
      -0.18988755345344543,
      0.9104532599449158,
      0.9300262928009033,
      -0.08111244440078735,
      0.3584294617176056,
      0.005787849426269531,
      0.9784494638442993,
      0.20640510320663452
    ],
    "timestamp" : 1251332276051,
    "userAcceleration" : [
      0.020848331972956657,
      -0.04779559373855591,
      -0.05435234308242798
    ]
  },
  {
    "gravity" : [
      -0.005898338742554188,
      -0.9782803058624268,
      -0.2072027623653412
    ],
    "rotationMatrix" : [
      -0.3618248701095581,
      -0.19107899069786072,
      0.9124537110328674,
      0.9322274923324585,
      -0.08035317063331604,
      0.35283899307250977,
      0.0058983564376831055,
      0.9782803058624268,
      0.2072027623653412
    ],
    "timestamp" : 1251332286106,
    "userAcceleration" : [
      0.0049065337516367435,
      -0.04454690217971802,
      -0.06458690762519836
    ]
  },
  {
    "gravity" : [
      -0.006106691900640726,
      -0.9781825542449951,
      -0.20765703916549683
    ],
    "rotationMatrix" : [
      -0.3562142848968506,
      -0.19191071391105652,
      0.9144842624664307,
      0.9343842267990112,
      -0.07955476641654968,
      0.3472707271575928,
      0.006106674671173096,
      0.9781825542449951,
      0.20765700936317444
    ],
    "timestamp" : 1251332296160,
    "userAcceleration" : [
      -0.013638181611895561,
      -0.04844391345977783,
      -0.05670154094696045
    ]
  },
  {
    "gravity" : [
      -0.006327993702143431,
      -0.9781503677368164,
      -0.2078024446964264
    ],
    "rotationMatrix" : [
      -0.3503531813621521,
      -0.19246616959571838,
      0.916629433631897,
      0.9365963935852051,
      -0.07860472798347473,
      0.3414801061153412,
      0.006327986717224121,
      0.9781503677368164,
      0.2078024446964264
    ],
    "timestamp" : 1251332306215,
    "userAcceleration" : [
      -0.02519664727151394,
      -0.058043479919433594,
      -0.04590556025505066
    ]
  },
  {
    "gravity" : [
      -0.00650109862908721,
      -0.9781618714332581,
      -0.20774221420288086
    ],
    "rotationMatrix" : [
      -0.34420299530029297,
      -0.19286268949508667,
      0.9188731908798218,
      0.9388725161552429,
      -0.07747900485992432,
      0.33543261885643005,
      0.006501108407974243,
      0.9781618118286133,
      0.20774221420288086
    ],
    "timestamp" : 1251332316269,
    "userAcceleration" : [
      -0.03587254881858826,
      -0.06749224662780762,
      -0.03383497893810272
    ]
  },
  {
    "gravity" : [
      -0.006592093035578728,
      -0.9781969785690308,
      -0.2075747549533844
    ],
    "rotationMatrix" : [
      -0.33770859241485596,
      -0.1932058334350586,
      0.9212081432342529,
      0.9412276744842529,
      -0.07617247104644775,
      0.3290717899799347,
      0.006592065095901489,
      0.9781969785690308,
      0.207574725151062
    ],
    "timestamp" : 1251332326324,
    "userAcceleration" : [
      -0.049194030463695526,
      -0.06617552042007446,
      -0.023489177227020264
    ]
  },
  {
    "gravity" : [
      -0.0066321296617388725,
      -0.978236198425293,
      -0.2073882520198822
    ],
    "rotationMatrix" : [
      -0.33101803064346313,
      -0.1935526728630066,
      0.9235607385635376,
      0.9436010718345642,
      -0.07477438449859619,
      0.3225301504135132,
      0.006632119417190552,
      0.978236198425293,
      0.20738822221755981
    ],
    "timestamp" : 1251332336379,
    "userAcceleration" : [
      -0.058583907783031464,
      -0.05843055248260498,
      -0.013635396957397461
    ]
  },
  {
    "gravity" : [
      -0.006687329616397619,
      -0.9782754778862,
      -0.2072010338306427
    ],
    "rotationMatrix" : [
      -0.32410717010498047,
      -0.1938997507095337,
      0.9259358644485474,
      0.9459966421127319,
      -0.0733473002910614,
      0.3157694935798645,
      0.0066873133182525635,
      0.9782754778862,
      0.2072010338306427
    ],
    "timestamp" : 1251332346433,
    "userAcceleration" : [
      -0.06435758620500565,
      -0.051585853099823,
      -0.01638607680797577
    ]
  },
  {
    "gravity" : [
      -0.006785700097680092,
      -0.9783187508583069,
      -0.20699337124824524
    ],
    "rotationMatrix" : [
      -0.3172651529312134,
      -0.19419702887535095,
      0.9282402992248535,
      0.9483124017715454,
      -0.07197043299674988,
      0.30906879901885986,
      0.006785660982131958,
      0.9783186912536621,
      0.20699337124824524
    ],
    "timestamp" : 1251332356488,
    "userAcceleration" : [
      -0.06723467260599136,
      -0.04342496395111084,
      -0.018180668354034424
    ]
  },
  {
    "gravity" : [
      -0.006925789173692465,
      -0.9783707857131958,
      -0.20674261450767517
    ],
    "rotationMatrix" : [
      -0.3104434013366699,
      -0.19442835450172424,
      0.9304957389831543,
      0.9505665302276611,
      -0.07062622904777527,
      0.30238232016563416,
      0.006925821304321289,
      0.9783707857131958,
      0.20674267411231995
    ],
    "timestamp" : 1251332366543,
    "userAcceleration" : [
      -0.07138229161500931,
      -0.03752875328063965,
      -0.022825896739959717
    ]
  },
  {
    "gravity" : [
      -0.007076092530041933,
      -0.9784494042396545,
      -0.20636588335037231
    ],
    "rotationMatrix" : [
      -0.3037615418434143,
      -0.19451603293418884,
      0.9326803684234619,
      0.9527219533920288,
      -0.06928586959838867,
      0.29583877325057983,
      0.0070761144161224365,
      0.9784494042396545,
      0.20636588335037231
    ],
    "timestamp" : 1251332376597,
    "userAcceleration" : [
      -0.07761018723249435,
      -0.033620357513427734,
      -0.03118303418159485
    ]
  },
  {
    "gravity" : [
      -0.007201387081295252,
      -0.9785812497138977,
      -0.20573468506336212
    ],
    "rotationMatrix" : [
      -0.29715824127197266,
      -0.19435158371925354,
      0.9348392486572266,
      0.954801082611084,
      -0.06786781549453735,
      0.28939393162727356,
      0.007201403379440308,
      0.9785813093185425,
      0.20573467016220093
    ],
    "timestamp" : 1251332386652,
    "userAcceleration" : [
      -0.08410719782114029,
      -0.021967947483062744,
      -0.03620874881744385
    ]
  },
  {
    "gravity" : [
      -0.007260562386363745,
      -0.9787967205047607,
      -0.20470575988292694
    ],
    "rotationMatrix" : [
      -0.29077214002609253,
      -0.19379916787147522,
      0.9369598031044006,
      0.9567649364471436,
      -0.06632566452026367,
      0.283199667930603,
      0.007260560989379883,
      0.9787967205047607,
      0.20470577478408813
    ],
    "timestamp" : 1251332396707,
    "userAcceleration" : [
      -0.09437821060419083,
      -0.009911835193634033,
      -0.03757336735725403
    ]
  },
  {
    "gravity" : [
      -0.007187910843640566,
      -0.9791083931922913,
      -0.20321160554885864
    ],
    "rotationMatrix" : [
      -0.2842786908149719,
      -0.1928310990333557,
      0.9391492605209351,
      0.9587145447731018,
      -0.06451913714408875,
      0.27695372700691223,
      0.007187932729721069,
      0.9791083335876465,
      0.20321163535118103
    ],
    "timestamp" : 1251332406761,
    "userAcceleration" : [
      -0.10179033875465393,
      5.8770179748535156e-05,
      -0.030095338821411133
    ]
  },
  {
    "gravity" : [
      -0.006988024339079857,
      -0.9795036911964417,
      -0.2013046145439148
    ],
    "rotationMatrix" : [
      -0.2777998447418213,
      -0.19148370623588562,
      0.9413611888885498,
      0.9606133699417114,
      -0.06250053644180298,
      0.2707679867744446,
      0.006988018751144409,
      0.9795036911964417,
      0.2013046145439148
    ],
    "timestamp" : 1251332416816,
    "userAcceleration" : [
      -0.1065831258893013,
      0.007015407085418701,
      -0.016377314925193787
    ]
  },
  {
    "gravity" : [
      -0.006632670760154724,
      -0.9799724221229553,
      -0.19902250170707703
    ],
    "rotationMatrix" : [
      -0.2714328169822693,
      -0.18979007005691528,
      0.9435590505599976,
      0.9624343514442444,
      -0.06027945876121521,
      0.26473796367645264,
      0.00663265585899353,
      0.9799723625183105,
      0.19902250170707703
    ],
    "timestamp" : 1251332426871,
    "userAcceleration" : [
      -0.10841858386993408,
      0.010581672191619873,
      -0.003537997603416443
    ]
  },
  {
    "gravity" : [
      -0.006066021043807268,
      -0.9804961085319519,
      -0.19644476473331451
    ],
    "rotationMatrix" : [
      -0.26490288972854614,
      -0.18785440921783447,
      0.9457997679710388,
      0.9642560482025146,
      -0.057776033878326416,
      0.2585966885089874,
      0.006066024303436279,
      0.9804961681365967,
      0.19644474983215332
    ],
    "timestamp" : 1251332436925,
    "userAcceleration" : [
      -0.10916833579540253,
      0.01459956169128418,
      0.012850940227508545
    ]
  },
  {
    "gravity" : [
      -0.005206294823437929,
      -0.9810509085655212,
      -0.19367992877960205
    ],
    "rotationMatrix" : [
      -0.25839537382125854,
      -0.18578484654426575,
      0.9480060935020447,
      0.9660251140594482,
      -0.054981529712677,
      0.25253185629844666,
      0.005206286907196045,
      0.9810508489608765,
      0.19367992877960205
    ],
    "timestamp" : 1251332446980,
    "userAcceleration" : [
      -0.10799864679574966,
      0.026140689849853516,
      0.026443541049957275
    ]
  },
  {
    "gravity" : [
      -0.003984891343861818,
      -0.9816092252731323,
      -0.19085898995399475
    ],
    "rotationMatrix" : [
      -0.25174200534820557,
      -0.18372869491577148,
      0.9501943588256836,
      0.9677859544754028,
      -0.051833510398864746,
      0.2463802993297577,
      0.003984898328781128,
      0.9816092252731323,
      0.19085896015167236
    ],
    "timestamp" : 1251332457035,
    "userAcceleration" : [
      -0.10558846592903137,
      0.03513723611831665,
      0.04222305119037628
    ]
  },
  {
    "gravity" : [
      -0.0024581425823271275,
      -0.9821209907531738,
      -0.18823416531085968
    ],
    "rotationMatrix" : [
      -0.24502676725387573,
      -0.1819048523902893,
      0.9522983431816101,
      0.9695129990577698,
      -0.048463135957717896,
      0.24019888043403625,
      0.0024580955505371094,
      0.9821209907531738,
      0.1882341206073761
    ],
    "timestamp" : 1251332467089,
    "userAcceleration" : [
      -0.09602206945419312,
      0.04488050937652588,
      0.059694066643714905
    ]
  },
  {
    "gravity" : [
      -0.000757543311920017,
      -0.9825523495674133,
      -0.18598446249961853
    ],
    "rotationMatrix" : [
      -0.2384321689605713,
      -0.18044301867485046,
      0.9542485475540161,
      0.9711587429046631,
      -0.04506745934486389,
      0.2341354787349701,
      0.0007575452327728271,
      0.9825522899627686,
      0.18598446249961853
    ],
    "timestamp" : 1251332477144,
    "userAcceleration" : [
      -0.08086171746253967,
      0.052529215812683105,
      0.07050585746765137
    ]
  },
  {
    "gravity" : [
      0.0009544622735120356,
      -0.9828920960426331,
      -0.18417988717556
    ],
    "rotationMatrix" : [
      -0.23163312673568726,
      -0.1793881058692932,
      0.9561202526092529,
      0.9728026986122131,
      -0.04174956679344177,
      0.2278415858745575,
      -0.0009544789791107178,
      0.9828920364379883,
      0.1841798722743988
    ],
    "timestamp" : 1251332487199,
    "userAcceleration" : [
      -0.06379014998674393,
      0.05932343006134033,
      0.07369095087051392
    ]
  },
  {
    "gravity" : [
      0.0024435780942440033,
      -0.9831394553184509,
      -0.18284083902835846
    ],
    "rotationMatrix" : [
      -0.224614679813385,
      -0.17870885133743286,
      0.9579201936721802,
      0.9744444489479065,
      -0.03872787952423096,
      0.22126436233520508,
      -0.0024435818195343018,
      0.9831393957138062,
      0.18284088373184204
    ],
    "timestamp" : 1251332497253,
    "userAcceleration" : [
      -0.046297308057546616,
      0.0707859992980957,
      0.07364886999130249
    ]
  },
  {
    "gravity" : [
      0.0035276273265480995,
      -0.9832765460014343,
      -0.18208430707454681
    ],
    "rotationMatrix" : [
      -0.21759530901908875,
      -0.17847716808319092,
      0.9595822095870972,
      0.9760326147079468,
      -0.03623563051223755,
      0.21458598971366882,
      -0.003527611494064331,
      0.9832764863967896,
      0.18208429217338562
    ],
    "timestamp" : 1251332507308,
    "userAcceleration" : [
      -0.03662392869591713,
      0.08221465349197388,
      0.07135117053985596
    ]
  },
  {
    "gravity" : [
      0.004188060760498047,
      -0.9833016991615295,
      -0.18193407356739044
    ],
    "rotationMatrix" : [
      -0.2106201946735382,
      -0.17872166633605957,
      0.9610917568206787,
      0.9775588512420654,
      -0.034293800592422485,
      0.20785179734230042,
      -0.004188030958175659,
      0.9833017587661743,
      0.18193405866622925
    ],
    "timestamp" : 1251332517363,
    "userAcceleration" : [
      -0.03945109620690346,
      0.08548992872238159,
      0.06451761722564697
    ]
  },
  {
    "gravity" : [
      0.004516677465289831,
      -0.9832251667976379,
      -0.18233971297740936
    ],
    "rotationMatrix" : [
      -0.20413321256637573,
      -0.17940843105316162,
      0.9623627662658691,
      0.9789326190948486,
      -0.032874852418899536,
      0.20151931047439575,
      -0.004516690969467163,
      0.9832251667976379,
      0.18233969807624817
    ],
    "timestamp" : 1251332527417,
    "userAcceleration" : [
      -0.046249449253082275,
      0.08701556921005249,
      0.052838265895843506
    ]
  },
  {
    "gravity" : [
      0.004590979777276516,
      -0.983079731464386,
      -0.1831209510564804
    ],
    "rotationMatrix" : [
      -0.19830068945884705,
      -0.18038123846054077,
      0.9633999466896057,
      0.9801304936408997,
      -0.03189006447792053,
      0.19577348232269287,
      -0.0045909881591796875,
      0.9830796718597412,
      0.1831209659576416
    ],
    "timestamp" : 1251332537472,
    "userAcceleration" : [
      -0.0521983727812767,
      0.08899092674255371,
      0.03981034457683563
    ]
  },
  {
    "gravity" : [
      0.00447955634444952,
      -0.9828978180885315,
      -0.1840963065624237
    ],
    "rotationMatrix" : [
      -0.19322192668914795,
      -0.1814793050289154,
      0.9642251133918762,
      0.9811445474624634,
      -0.0312519371509552,
      0.19073060154914856,
      -0.004479587078094482,
      0.9828978776931763,
      0.1840963065624237
    ],
    "timestamp" : 1251332547527,
    "userAcceleration" : [
      -0.0569240003824234,
      0.08508610725402832,
      0.03137101233005524
    ]
  },
  {
    "gravity" : [
      0.004276923835277557,
      -0.9827014207839966,
      -0.1851474642753601
    ],
    "rotationMatrix" : [
      -0.1885361671447754,
      -0.1826210618019104,
      0.9649370908737183,
      0.9820569157600403,
      -0.030780017375946045,
      0.18605580925941467,
      -0.004276931285858154,
      0.9827014207839966,
      0.1851474642753601
    ],
    "timestamp" : 1251332557581,
    "userAcceleration" : [
      -0.06331317126750946,
      0.07358282804489136,
      0.029034733772277832
    ]
  },
  {
    "gravity" : [
      0.004084698390215635,
      -0.9824986457824707,
      -0.18622486293315887
    ],
    "rotationMatrix" : [
      -0.18416720628738403,
      -0.18378004431724548,
      0.9655606746673584,
      0.9828864336013794,
      -0.030352503061294556,
      0.18169474601745605,
      -0.004084676504135132,
      0.9824986457824707,
      0.18622484803199768
    ],
    "timestamp" : 1251332567636,
    "userAcceleration" : [
      -0.06826315075159073,
      0.0592045783996582,
      0.032889172434806824
    ]
  },
  {
    "gravity" : [
      0.0039633275009691715,
      -0.9822952151298523,
      -0.18729674816131592
    ],
    "rotationMatrix" : [
      -0.1801203191280365,
      -0.18493589758872986,
      0.9661029577255249,
      0.9836363792419434,
      -0.029906779527664185,
      0.17766454815864563,
      -0.0039633214473724365,
      0.9822952747344971,
      0.18729674816131592
    ],
    "timestamp" : 1251332577691,
    "userAcceleration" : [
      -0.06562408059835434,
      0.04671800136566162,
      0.040491893887519836
    ]
  },
  {
    "gravity" : [
      0.0038741498719900846,
      -0.9820906519889832,
      -0.18836861848831177
    ],
    "rotationMatrix" : [
      -0.1762223243713379,
      -0.18609243631362915,
      0.966599702835083,
      0.984342634677887,
      -0.02944985032081604,
      0.1737874448299408,
      -0.003874152898788452,
      0.9820905923843384,
      0.18836864829063416
    ],
    "timestamp" : 1251332587745,
    "userAcceleration" : [
      -0.06233055517077446,
      0.038121044635772705,
      0.04963564872741699
    ]
  },
  {
    "gravity" : [
      0.003737150691449642,
      -0.9818915128707886,
      -0.18940648436546326
    ],
    "rotationMatrix" : [
      -0.17235323786735535,
      -0.18720561265945435,
      0.9670822620391846,
      0.9850279688835144,
      -0.029030531644821167,
      0.16993200778961182,
      -0.003737151622772217,
      0.9818915128707886,
      0.18940645456314087
    ],
    "timestamp" : 1251332597800,
    "userAcceleration" : [
      -0.05934017896652222,
      0.0389443039894104,
      0.05198575556278229
    ]
  },
  {
    "gravity" : [
      0.003499525599181652,
      -0.9817034602165222,
      -0.19038347899913788
    ],
    "rotationMatrix" : [
      -0.16860103607177734,
      -0.18823829293251038,
      0.9675431847572327,
      0.9856780767440796,
      -0.028712809085845947,
      0.16617512702941895,
      -0.0034995079040527344,
      0.981703519821167,
      0.19038349390029907
    ],
    "timestamp" : 1251332607855,
    "userAcceleration" : [
      -0.057332515716552734,
      0.03817635774612427,
      0.0561823844909668
    ]
  },
  {
    "gravity" : [
      0.0030991770327091217,
      -0.9815154075622559,
      -0.19135792553424835
    ],
    "rotationMatrix" : [
      -0.16471314430236816,
      -0.18924614787101746,
      0.9680162668228149,
      0.9863365888595581,
      -0.028519093990325928,
      0.1622549295425415,
      -0.0030992329120635986,
      0.9815154075622559,
      0.19135791063308716
    ],
    "timestamp" : 1251332617909,
    "userAcceleration" : [
      -0.05520791932940483,
      0.03795778751373291,
      0.06278729438781738
    ]
  },
  {
    "gravity" : [
      0.0024083335883915424,
      -0.981316089630127,
      -0.1923874020576477
    ],
    "rotationMatrix" : [
      -0.16056394577026367,
      -0.19027134776115417,
      0.9685122966766357,
      0.9870225191116333,
      -0.028558045625686646,
      0.1580222249031067,
      -0.0024082958698272705,
      0.9813161492347717,
      0.1923874318599701
    ],
    "timestamp" : 1251332627964,
    "userAcceleration" : [
      -0.04946641996502876,
      0.029900074005126953,
      0.06818076968193054
    ]
  },
  {
    "gravity" : [
      0.0013651151675730944,
      -0.9811086654663086,
      -0.19345274567604065
    ],
    "rotationMatrix" : [
      -0.1562419831752777,
      -0.1912863850593567,
      0.9690190553665161,
      0.9877179265022278,
      -0.028902649879455566,
      0.15355145931243896,
      -0.0013650953769683838,
      0.9811086654663086,
      0.19345274567604065
    ],
    "timestamp" : 1251332638019,
    "userAcceleration" : [
      -0.04355565831065178,
      0.02049165964126587,
      0.061174213886260986
    ]
  },
  {
    "gravity" : [
      -2.1336207282729447e-05,
      -0.9809156656265259,
      -0.1944332718849182
    ],
    "rotationMatrix" : [
      -0.15183398127555847,
      -0.1921757459640503,
      0.9695435762405396,
      0.9884059429168701,
      -0.02954217791557312,
      0.14893236756324768,
      2.1338462829589844e-05,
      0.9809156656265259,
      0.1944332718849182
    ],
    "timestamp" : 1251332648073,
    "userAcceleration" : [
      -0.044473275542259216,
      0.01608729362487793,
      0.04512597620487213
    ]
  },
  {
    "gravity" : [
      -0.0016350522637367249,
      -0.9807656407356262,
      -0.19518201053142548
    ],
    "rotationMatrix" : [
      -0.14752715826034546,
      -0.19280993938446045,
      0.9700824022293091,
      0.9890565872192383,
      -0.030380725860595703,
      0.14437434077262878,
      0.001635044813156128,
      0.9807655811309814,
      0.19518202543258667
    ],
    "timestamp" : 1251332658128,
    "userAcceleration" : [
      -0.054547782987356186,
      0.019812941551208496,
      0.033682942390441895
    ]
  },
  {
    "gravity" : [
      -0.0032690628431737423,
      -0.9806702733039856,
      -0.19563964009284973
    ],
    "rotationMatrix" : [
      -0.1430550515651703,
      -0.19316962361335754,
      0.9706803560256958,
      0.9897091388702393,
      -0.03116023540496826,
      0.13965857028961182,
      0.0032690465450286865,
      0.9806702136993408,
      0.19563964009284973
    ],
    "timestamp" : 1251332668183,
    "userAcceleration" : [
      -0.07462702691555023,
      0.020968914031982422,
      0.029318779706954956
    ]
  },
  {
    "gravity" : [
      -0.004690936766564846,
      -0.9806258082389832,
      -0.19583378732204437
    ],
    "rotationMatrix" : [
      -0.13880571722984314,
      -0.19330152869224548,
      0.9712709784507751,
      0.990308403968811,
      -0.03173893690109253,
      0.1352098286151886,
      0.004690945148468018,
      0.9806258678436279,
      0.19583377242088318
    ],
    "timestamp" : 1251332678237,
    "userAcceleration" : [
      -0.09258382022380829,
      0.008702099323272705,
      0.03230525553226471
    ]
  },
  {
    "gravity" : [
      -0.005788479465991259,
      -0.9806036353111267,
      -0.1959153413772583
    ],
    "rotationMatrix" : [
      -0.1346989870071411,
      -0.19336837530136108,
      0.971835732460022,
      0.9908695816993713,
      -0.03201496601104736,
      0.1309671700000763,
      0.005788475275039673,
      0.9806036949157715,
      0.1959153413772583
    ],
    "timestamp" : 1251332688292,
    "userAcceleration" : [
      -0.10592109709978104,
      -0.00486987829208374,
      0.043373167514801025
    ]
  },
  {
    "gravity" : [
      -0.006533987354487181,
      -0.9805799126625061,
      -0.19601109623908997
    ],
    "rotationMatrix" : [
      -0.1307244896888733,
      -0.19349560141563416,
      0.9723531603813171,
      0.9913972616195679,
      -0.0319768488407135,
      0.12692144513130188,
      0.006533980369567871,
      0.9805799722671509,
      0.19601109623908997
    ],
    "timestamp" : 1251332698347,
    "userAcceleration" : [
      -0.11271343380212784,
      -0.010371506214141846,
      0.0532039999961853
    ]
  },
  {
    "gravity" : [
      -0.006945143453776836,
      -0.9805542230606079,
      -0.19612549245357513
    ],
    "rotationMatrix" : [
      -0.12665030360221863,
      -0.1936882734298706,
      0.9728538393974304,
      0.9919230937957764,
      -0.031595975160598755,
      0.12284231185913086,
      0.006945192813873291,
      0.9805542230606079,
      0.19612550735473633
    ],
    "timestamp" : 1251332708401,
    "userAcceleration" : [
      -0.1138739362359047,
      -0.0073912739753723145,
      0.06198543310165405
    ]
  },
  {
    "gravity" : [
      -0.007090840023010969,
      -0.9805396795272827,
      -0.19619280099868774
    ],
    "rotationMatrix" : [
      -0.12267273664474487,
      -0.19386276602745056,
      0.9733285903930664,
      0.9924217462539673,
      -0.03096914291381836,
      0.11891093850135803,
      0.007090836763381958,
      0.9805396795272827,
      0.19619280099868774
    ],
    "timestamp" : 1251332718456,
    "userAcceleration" : [
      -0.10832662135362625,
      -0.0029807686805725098,
      0.06266307830810547
    ]
  },
  {
    "gravity" : [
      -0.007083912380039692,
      -0.9805552363395691,
      -0.19611552357673645
    ],
    "rotationMatrix" : [
      -0.11861732602119446,
      -0.19391179084777832,
      0.9738214612007141,
      0.9929147958755493,
      -0.03016120195388794,
      0.11493712663650513,
      0.007083892822265625,
      0.9805552363395691,
      0.19611552357673645
    ],
    "timestamp" : 1251332728511,
    "userAcceleration" : [
      -0.09876630455255508,
      0.003107726573944092,
      0.0629061758518219
    ]
  },
  {
    "gravity" : [
      -0.006978335324674845,
      -0.9805999994277954,
      -0.19589518010616302
    ],
    "rotationMatrix" : [
      -0.11437442898750305,
      -0.1938316822052002,
      0.974344789981842,
      0.9934132099151611,
      -0.02920469641685486,
      0.11080297827720642,
      0.006978332996368408,
      0.9805999994277954,
      0.19589519500732422
    ],
    "timestamp" : 1251332738565,
    "userAcceleration" : [
      -0.0895640030503273,
      0.0070130228996276855,
      0.06506627798080444
    ]
  },
  {
    "gravity" : [
      -0.006817009299993515,
      -0.9806626439094543,
      -0.19558647274971008
    ],
    "rotationMatrix" : [
      -0.109934002161026,
      -0.1936703324317932,
      0.9748877286911011,
      0.9939153790473938,
      -0.02814728021621704,
      0.10648807883262634,
      0.0068170130252838135,
      0.9806625843048096,
      0.19558647274971008
    ],
    "timestamp" : 1251332748620,
    "userAcceleration" : [
      -0.08330139517784119,
      0.0067247748374938965,
      0.06567306816577911
    ]
  },
  {
    "gravity" : [
      -0.006604699417948723,
      -0.9807285666465759,
      -0.19526290893554688
    ],
    "rotationMatrix" : [
      -0.10559052228927612,
      -0.19349130988121033,
      0.9754031896591187,
      0.9943875074386597,
      -0.027059972286224365,
      0.10227784514427185,
      0.006604701280593872,
      0.9807285070419312,
      0.19526290893554688
    ],
    "timestamp" : 1251332758675,
    "userAcceleration" : [
      -0.08040089905261993,
      0.0045171380043029785,
      0.0664481520652771
    ]
  },
  {
    "gravity" : [
      -0.006319946143776178,
      -0.9808005094528198,
      -0.19491060078144073
    ],
    "rotationMatrix" : [
      -0.10135096311569214,
      -0.19328230619430542,
      0.9758941531181335,
      0.9948304295539856,
      -0.025921791791915894,
      0.0981837809085846,
      0.006319940090179443,
      0.9808005094528198,
      0.19491061568260193
    ],
    "timestamp" : 1251332768729,
    "userAcceleration" : [
      -0.07723716646432877,
      0.0021477341651916504,
      0.06455472111701965
    ]
  },
  {
    "gravity" : [
      -0.005932173226028681,
      -0.9808773994445801,
      -0.1945352405309677
    ],
    "rotationMatrix" : [
      -0.09735476970672607,
      -0.19304782152175903,
      0.9763473272323608,
      0.9952318072319031,
      -0.024730563163757324,
      0.09434819221496582,
      0.00593218207359314,
      0.9808773994445801,
      0.1945352554321289
    ],
    "timestamp" : 1251332778784,
    "userAcceleration" : [
      -0.07455793023109436,
      0.00822138786315918,
      0.06308069825172424
    ]
  },
  {
    "gravity" : [
      -0.0054487320594489574,
      -0.9809437394142151,
      -0.19421513378620148
    ],
    "rotationMatrix" : [
      -0.09347021579742432,
      -0.1928679645061493,
      0.9767625331878662,
      0.9956070184707642,
      -0.023475348949432373,
      0.09063825011253357,
      0.005448698997497559,
      0.9809436798095703,
      0.19421511888504028
    ],
    "timestamp" : 1251332788839,
    "userAcceleration" : [
      -0.07139451056718826,
      0.013323009014129639,
      0.06861996650695801
    ]
  },
  {
    "gravity" : [
      -0.004946703556925058,
      -0.9809888005256653,
      -0.1940011829137802
    ],
    "rotationMatrix" : [
      -0.08947589993476868,
      -0.1927911937236786,
      0.9771518111228943,
      0.9959766864776611,
      -0.02219212055206299,
      0.08682113885879517,
      0.004946708679199219,
      0.9809888005256653,
      0.19400116801261902
    ],
    "timestamp" : 1251332798893,
    "userAcceleration" : [
      -0.06681535392999649,
      0.013825714588165283,
      0.06997767090797424
    ]
  },
  {
    "gravity" : [
      -0.004460307769477367,
      -0.9810100793838501,
      -0.19390523433685303
    ],
    "rotationMatrix" : [
      -0.08541432023048401,
      -0.19282475113868713,
      0.977508544921875,
      0.996335506439209,
      -0.02092224359512329,
      0.08293232321739197,
      0.0044603049755096436,
      0.9810100793838501,
      0.19390526413917542
    ],
    "timestamp" : 1251332808948,
    "userAcceleration" : [
      -0.061472903937101364,
      0.016929328441619873,
      0.06626540422439575
    ]
  },
  {
    "gravity" : [
      -0.003969267942011356,
      -0.9810367226600647,
      -0.19378136098384857
    ],
    "rotationMatrix" : [
      -0.08152934908866882,
      -0.19282028079032898,
      0.9778411388397217,
      0.996662974357605,
      -0.0196802020072937,
      0.07921785116195679,
      0.003969252109527588,
      0.9810367226600647,
      0.19378134608268738
    ],
    "timestamp" : 1251332819003,
    "userAcceleration" : [
      -0.05511273816227913,
      0.020587503910064697,
      0.0570625364780426
    ]
  },
  {
    "gravity" : [
      -0.003439476480707526,
      -0.9810873866081238,
      -0.1935340315103531
    ],
    "rotationMatrix" : [
      -0.07772228121757507,
      -0.19268733263015747,
      0.9781770706176758,
      0.9969689249992371,
      -0.018406152725219727,
      0.07558983564376831,
      0.0034395158290863037,
      0.9810873866081238,
      0.19353404641151428
    ],
    "timestamp" : 1251332829057,
    "userAcceleration" : [
      -0.052041467279195786,
      0.025261759757995605,
      0.04587468504905701
    ]
  },
  {
    "gravity" : [
      -0.0029464385006576777,
      -0.9811761975288391,
      -0.19309160113334656
    ],
    "rotationMatrix" : [
      -0.07365837693214417,
      -0.19235482811927795,
      0.9785569906234741,
      0.9972790479660034,
      -0.017105937004089355,
      0.07170525193214417,
      0.0029464364051818848,
      0.9811762571334839,
      0.19309160113334656
    ],
    "timestamp" : 1251332839112,
    "userAcceleration" : [
      -0.04800265654921532,
      0.030157029628753662,
      0.041083455085754395
    ]
  },
  {
    "gravity" : [
      -0.0025810825172811747,
      -0.9813035726547241,
