[
  {
    "timestamp" : 1251100846686,
    "userAcceleration" : [
      0.10554490983486176,
      0.09344029426574707,
      0.06749722361564636
    ],
    "rotationMatrix" : [
      0.576649010181427,
      -0.22537356615066528,
      0.7852914333343506,
      0.8166293501853943,
      0.1303691864013672,
      -0.5622456073760986,
      0.02433761954307556,
      0.9655104875564575,
      0.259223997592926
    ],
    "gravity" : [
      -0.024337613955140114,
      -0.9655104279518127,
      -0.25922396779060364
    ]
  },
  {
    "timestamp" : 1251100856740,
    "userAcceleration" : [
      0.12089843302965164,
      0.08964341878890991,
      0.06954747438430786
    ],
    "rotationMatrix" : [
      0.5774010419845581,
      -0.23249301314353943,
      0.7826589345932007,
      0.8161405324935913,
      0.13751408457756042,
      -0.5612525343894958,
      0.022860705852508545,
      0.9628275036811829,
      0.2691477835178375
    ],
    "gravity" : [
      -0.022860702127218246,
      -0.9628275036811829,
      -0.26914775371551514
    ]
  },
  {
    "timestamp" : 1251100866794,
    "userAcceleration" : [
      0.12836617231369019,
      0.08544206619262695,
      0.05027642846107483
    ],
    "rotationMatrix" : [
      0.578349769115448,
      -0.24039119482040405,
      0.7795662879943848,
      0.8154898285865784,
      0.14448747038841248,
      -0.5604460835456848,
      0.022088676691055298,
      0.9598622918128967,
      0.2796008586883545
    ],
    "gravity" : [
      -0.02208869718015194,
      -0.959862232208252,
      -0.2796008884906769
    ]
  },
  {
    "timestamp" : 1251100876848,
    "userAcceleration" : [
      0.11625172942876816,
      0.0783994197845459,
      0.027940690517425537
    ],
    "rotationMatrix" : [
      0.5793478488922119,
      -0.24869948625564575,
      0.7762117385864258,
      0.8147851824760437,
      0.1510774791240692,
      -0.5597326755523682,
      0.021937131881713867,
      0.9567257165908813,
      0.2901630401611328
    ],
    "gravity" : [
      -0.021937141194939613,
      -0.9567257165908813,
      -0.2901630699634552
    ]
  },
  {
    "timestamp" : 1251100886902,
    "userAcceleration" : [
      0.09129633754491806,
      0.06354326009750366,
      0.007032066583633423
    ],
    "rotationMatrix" : [
      0.5804455280303955,
      -0.25694212317466736,
      0.7726989388465881,
      0.8139978647232056,
      0.1572808027267456,
      -0.5591689348220825,
      0.02214348316192627,
      0.9535424709320068,
      0.3004433810710907
    ],
    "gravity" : [
      -0.022143490612506866,
      -0.9535425305366516,
      -0.3004433512687683
    ]
  },
  {
    "timestamp" : 1251100896956,
    "userAcceleration" : [
      0.06947574764490128,
      0.04268205165863037,
      -0.011103540658950806
    ],
    "rotationMatrix" : [
      0.5818492770195007,
      -0.2646527588367462,
      0.7690320014953613,
      0.8129884004592896,
      0.1632382571697235,
      -0.5589301586151123,
      0.02238711714744568,
      0.9504271745681763,
      0.3101397752761841
    ],
    "gravity" : [
      -0.022387107834219933,
      -0.950427234172821,
      -0.3101397752761841
    ]
  },
  {
    "timestamp" : 1251100907010,
    "userAcceleration" : [
      0.05635114014148712,
      0.029226183891296387,
      -0.024923652410507202
    ],
    "rotationMatrix" : [
      0.5834741592407227,
      -0.27164381742477417,
      0.7653543949127197,
      0.811820924282074,
      0.16902312636375427,
      -0.5589075088500977,
      0.022461354732513428,
      0.9474388360977173,
      0.31914687156677246
    ],
    "gravity" : [
      -0.02246135286986828,
      -0.9474388957023621,
      -0.3191468417644501
    ]
  },
  {
    "timestamp" : 1251100917064,
    "userAcceleration" : [
      0.055201560258865356,
      0.023194551467895508,
      -0.03857451677322388
    ],
    "rotationMatrix" : [
      0.5851327180862427,
      -0.277817964553833,
      0.7618640661239624,
      0.8106328248977661,
      0.17463380098342896,
      -0.5589072108268738,
      0.022227317094802856,
      0.9446269869804382,
      0.3273923695087433
    ],
    "gravity" : [
      -0.022227300330996513,
      -0.9446269273757935,
      -0.3273923695087433
    ]
  },
  {
    "timestamp" : 1251100927118,
    "userAcceleration" : [
      0.06232950836420059,
      0.02039271593093872,
      -0.049135178327560425
    ],
    "rotationMatrix" : [
      0.5862630605697632,
      -0.2833555042743683,
      0.7589501142501831,
      0.8098281621932983,
      0.17980581521987915,
      -0.5584337115287781,
      0.021771639585494995,
      0.9420081973075867,
      0.33488279581069946
    ],
    "gravity" : [
      -0.0217716284096241,
      -0.9420081973075867,
      -0.33488279581069946
    ]
  },
  {
    "timestamp" : 1251100937172,
    "userAcceleration" : [
      0.06101303547620773,
      0.014201939105987549,
      -0.04504331946372986
    ],
    "rotationMatrix" : [
      0.5865904092788696,
      -0.2885071337223053,
      0.7567530870437622,
      0.8096069097518921,
      0.1844640076160431,
      -0.5572336912155151,
      0.021172314882278442,
      0.9395405054092407,
      0.34178227186203003
    ],
    "gravity" : [
      -0.02117232233285904,
      -0.9395405054092407,
      -0.34178227186203003
    ]
  },
  {
    "timestamp" : 1251100947225,
    "userAcceleration" : [
      0.054581668227910995,
      0.004451870918273926,
      -0.03140819072723389
    ],
    "rotationMatrix" : [
      0.5866280198097229,
      -0.2934131324291229,
      0.7548352479934692,
      0.8095932006835938,
      0.18870636820793152,
      -0.5558313131332397,
      0.020646095275878906,
      0.9371757507324219,
      0.3482457995414734
    ],
    "gravity" : [
      -0.0206461064517498,
      -0.9371758103370667,
      -0.3482458293437958
    ]
  },
  {
    "timestamp" : 1251100957279,
    "userAcceleration" : [
      0.04270735755562782,
      0.0007331371307373047,
      -0.01567929983139038
    ],
    "rotationMatrix" : [
      0.5866875052452087,
      -0.2980673313140869,
      0.7529632449150085,
      0.8095602989196777,
      0.19262787699699402,
      -0.5545327663421631,
      0.020246386528015137,
      0.9349066019058228,
      0.354315847158432
    ],
    "gravity" : [
      -0.020246407017111778,
      -0.9349066019058228,
      -0.3543158769607544
    ]
  },
  {
    "timestamp" : 1251100967333,
    "userAcceleration" : [
      0.024733243510127068,
      -0.005006015300750732,
      7.075071334838867e-05
    ],
    "rotationMatrix" : [
      0.5870238542556763,
      -0.30232861638069153,
      0.7509995698928833,
      0.8093273639678955,
      0.19646137952804565,
      -0.5535270571708679,
      0.01980462670326233,
      0.9327381253242493,
      0.3600103259086609
    ],
    "gravity" : [
      -0.019804639741778374,
      -0.9327380657196045,
      -0.36001038551330566
    ]
  },
  {
    "timestamp" : 1251100977387,
    "userAcceleration" : [
      0.013927457854151726,
      -0.012877941131591797,
      0.01389765739440918
    ],
    "rotationMatrix" : [
      0.5877321362495422,
      -0.306108683347702,
      0.7489114999771118,
      0.8088303804397583,
      0.2004728615283966,
      -0.5528144836425781,
      0.019084900617599487,
      0.9306492805480957,
      0.3654143810272217
    ],
    "gravity" : [
      -0.01908491551876068,
      -0.9306492209434509,
      -0.36541444063186646
    ]
  },
  {
    "timestamp" : 1251100987441,
    "userAcceleration" : [
      0.017545411363244057,
      -0.01198488473892212,
      0.025229603052139282
    ],
    "rotationMatrix" : [
      0.5889269709587097,
      -0.3094733953475952,
      0.7465863227844238,
      0.8079849481582642,
      0.2048448920249939,
      -0.5524478554725647,
      0.018033653497695923,
      0.9285820126533508,
      0.37068867683410645
    ],
    "gravity" : [
      -0.018033677712082863,
      -0.9285820126533508,
      -0.37068864703178406
    ]
  },
  {
    "timestamp" : 1251100997495,
    "userAcceleration" : [
      0.03627398610115051,
      -0.003757655620574951,
      0.024819642305374146
    ],
    "rotationMatrix" : [
      0.5903987288475037,
      -0.31267231702804565,
      0.7440868616104126,
      0.8069364428520203,
      0.20945751667022705,
      -0.5522508025169373,
      0.016819030046463013,
      0.9264790415763855,
      0.37597015500068665
    ],
    "gravity" : [
      -0.01681901142001152,
      -0.9264790415763855,
      -0.37597018480300903
    ]
  },
  {
    "timestamp" : 1251101007549,
    "userAcceleration" : [
      0.06338006258010864,
      0.015048444271087646,
      0.015427470207214355
    ],
    "rotationMatrix" : [
      0.5919797420501709,
      -0.3159445822238922,
      0.7414437532424927,
      0.8057999610900879,
      0.21410363912582397,
      -0.5521284341812134,
      0.015696316957473755,
      0.9243042469024658,
      0.38133323192596436
    ],
    "gravity" : [
      -0.015696333721280098,
      -0.9243042469024658,
      -0.38133323192596436
    ]
  },
  {
    "timestamp" : 1251101017603,
    "userAcceleration" : [
      0.08736851066350937,
      0.03336089849472046,
      6.565451622009277e-05
    ],
    "rotationMatrix" : [
      0.5930876135826111,
      -0.31953340768814087,
      0.7390165328979492,
      0.8050007224082947,
      0.21839815378189087,
      -0.5516120195388794,
      0.014858752489089966,
      0.9220631122589111,
      0.3867539167404175
    ],
    "gravity" : [
      -0.0148587292060256,
      -0.9220631122589111,
      -0.3867539167404175
    ]
  },
  {
    "timestamp" : 1251101027657,
    "userAcceleration" : [
      0.10354137420654297,
      0.03425037860870361,
      -0.019465118646621704
    ],
    "rotationMatrix" : [
      0.5935104489326477,
      -0.32353782653808594,
      0.7369318604469299,
      0.804694414138794,
      0.2219773232936859,
      -0.5506294965744019,
      0.014567375183105469,
      0.9198093414306641,
      0.3920949697494507
    ],
    "gravity" : [
      -0.014567360281944275,
      -0.9198093414306641,
      -0.39209499955177307
    ]
  },
  {
    "timestamp" : 1251101037711,
    "userAcceleration" : [
      0.1045120358467102,
      0.013176321983337402,
      -0.03488805890083313
    ],
    "rotationMatrix" : [
      0.5933594703674316,
      -0.327846884727478,
      0.7351467609405518,
      0.8047988414764404,
      0.22467616200447083,
      -0.5493807792663574,
      0.014942914247512817,
      0.9176256656646729,
      0.39716461300849915
    ],
    "gravity" : [
      -0.014942931942641735,
      -0.9176256060600281,
      -0.39716461300849915
    ]
  },
  {
    "timestamp" : 1251101047764,
    "userAcceleration" : [
      0.09171600639820099,
      -0.009171247482299805,
      -0.03825506567955017
    ],
    "rotationMatrix" : [
      0.5925203561782837,
      -0.3322647213935852,
      0.7338389754295349,
      0.8054006695747375,
      0.2264936864376068,
      -0.5477500557899475,
      0.015788257122039795,
      0.9155874848365784,
      0.4018084406852722
    ],
    "gravity" : [
      -0.015788258984684944,
      -0.9155875444412231,
      -0.4018084704875946
    ]
  },
  {
    "timestamp" : 1251101057818,
    "userAcceleration" : [
      0.059869542717933655,
      -0.043416619300842285,
      -0.021693170070648193
    ],
    "rotationMatrix" : [
      0.5913047194480896,
      -0.3366796374320984,
      0.7328066825866699,
      0.8062720894813538,
      0.22781482338905334,
      -0.5459173917770386,
      0.01685503125190735,
      0.9136450290679932,
      0.4061633348464966
    ],
    "gravity" : [
      -0.01685500517487526,
      -0.9136450290679932,
      -0.4061633348464966
    ]
  },
  {
    "timestamp" : 1251101067872,
    "userAcceleration" : [
      0.010397471487522125,
      -0.08518677949905396,
      -0.006948947906494141
    ],
    "rotationMatrix" : [
      0.5901502966880798,
      -0.3410114645957947,
      0.7317334413528442,
      0.80709308385849,
      0.22903695702552795,
      -0.5441899299621582,
      0.01798108220100403,
      0.9117308855056763,
      0.41039425134658813
    ],
    "gravity" : [
      -0.01798107475042343,
      -0.9117308259010315,
      -0.41039425134658813
    ]
  },
  {
    "timestamp" : 1251101077926,
    "userAcceleration" : [
      -0.036806412041187286,
      -0.11108005046844482,
      0.002599000930786133
    ],
    "rotationMatrix" : [
      0.5895330309867859,
      -0.34506580233573914,
      0.7303288578987122,
      0.8075275421142578,
      0.2308414876461029,
      -0.5427809953689575,
      0.01870507001876831,
      0.9097480773925781,
      0.4147389233112335
    ],
    "gravity" : [
      -0.01870504766702652,
      -0.9097480773925781,
      -0.4147389531135559
    ]
  },
  {
    "timestamp" : 1251101087980,
    "userAcceleration" : [
      -0.08519750088453293,
      -0.12596875429153442,
      0.015448778867721558
    ],
    "rotationMatrix" : [
      0.5897802114486694,
      -0.3485563397407532,
      0.7284694314002991,
      0.8073535561561584,
      0.23391073942184448,
      -0.5417248606681824,
      0.018424928188323975,
      0.907630980014801,
      0.41936421394348145
    ],
    "gravity" : [
      -0.018424922600388527,
      -0.907630980014801,
      -0.41936421394348145
    ]
  },
  {
    "timestamp" : 1251101098034,
    "userAcceleration" : [
      -0.0996096134185791,
      -0.12139785289764404,
      0.005335122346878052
    ],
    "rotationMatrix" : [
      0.5909377932548523,
      -0.3514551520347595,
      0.7261347770690918,
      0.806537926197052,
      0.238425612449646,
      -0.5409708619117737,
      0.01699802279472351,
      0.9053353667259216,
      0.42435672879219055
    ],
    "gravity" : [
      -0.016998039558529854,
      -0.9053354263305664,
      -0.42435675859451294
    ]
  },
  {
    "timestamp" : 1251101108088,
    "userAcceleration" : [
      -0.07980596274137497,
      -0.09618693590164185,
      -0.010349094867706299
    ],
    "rotationMatrix" : [
      0.5924341082572937,
      -0.3540462255477905,
      0.7236526012420654,
      0.8054888248443604,
      0.24417269229888916,
      -0.539969801902771,
      0.014478087425231934,
      0.9027906656265259,
      0.4298364818096161
    ],
    "gravity" : [
      -0.014478079974651337,
      -0.9027906060218811,
      -0.4298365116119385
    ]
  },
  {
    "timestamp" : 1251101118142,
    "userAcceleration" : [
      -0.04138642176985741,
      -0.0555378794670105,
      -0.03391045331954956
    ],
    "rotationMatrix" : [
      0.5934714078903198,
      -0.35679149627685547,
      0.7214508056640625,
      0.8047775030136108,
      0.2506257891654968,
      -0.5380702614784241,
      0.011164814233779907,
      0.899936854839325,
      0.43587714433670044
    ],
    "gravity" : [
      -0.011164834722876549,
      -0.8999367952346802,
      -0.4358771741390228
    ]
  },
  {
    "timestamp" : 1251101128196,
    "userAcceleration" : [
      0.00566910533234477,
      -0.01750701665878296,
      -0.06037309765815735
    ],
    "rotationMatrix" : [
      0.593997061252594,
      -0.3599483370780945,
      0.7194473743438721,
      0.8044317364692688,
      0.25737595558166504,
      -0.5353942513465881,
      0.007545918226242065,
      0.8967689871788025,
      0.44243454933166504
    ],
    "gravity" : [
      -0.0075459242798388,
      -0.8967689871788025,
      -0.44243454933166504
    ]
  },
  {
    "timestamp" : 1251101138250,
    "userAcceleration" : [
      0.03677135333418846,
      0.00946664810180664,
      -0.08470851182937622
    ],
    "rotationMatrix" : [
      0.5933865308761597,
      -0.36380821466445923,
      0.7180083990097046,
      0.804907500743866,
      0.26371800899505615,
      -0.5315794944763184,
      0.004041224718093872,
      0.8933624029159546,
      0.44931864738464355
    ],
    "gravity" : [
      -0.004041238222271204,
      -0.8933624625205994,
      -0.44931864738464355
    ]
  },
  {
    "timestamp" : 1251101148303,
    "userAcceleration" : [
      0.043350737541913986,
      0.020840466022491455,
      -0.09933775663375854
    ],
    "rotationMatrix" : [
      0.5914773344993591,
      -0.3682979941368103,
      0.7172943353652954,
      0.8063212037086487,
      0.269272118806839,
      -0.5266294479370117,
      0.0008092224597930908,
      0.8898590803146362,
      0.4562348425388336
    ],
    "gravity" : [
      -0.000809222983662039,
      -0.8898590207099915,
      -0.4562348425388336
    ]
  },
  {
    "timestamp" : 1251101158357,
    "userAcceleration" : [
      0.036356985569000244,
      0.0061261653900146484,
      -0.09962791204452515
    ],
    "rotationMatrix" : [
      0.5886282920837402,
      -0.37307244539260864,
      0.7171705365180969,
      0.8084006905555725,
      0.27409666776657104,
      -0.5209214687347412,
      -0.002232491970062256,
      0.8863903284072876,
      0.46293315291404724
    ],
    "gravity" : [
      0.0022325036115944386,
      -0.8863903284072876,
      -0.46293315291404724
    ]
  },
  {
    "timestamp" : 1251101168411,
    "userAcceleration" : [
      0.023902710527181625,
      -0.025224745273590088,
      -0.07900792360305786
    ],
    "rotationMatrix" : [
      0.5854231715202332,
      -0.37780672311782837,
      0.7173156142234802,
      0.810711681842804,
      0.2783944010734558,
      -0.5150175094604492,
      -0.005119502544403076,
      0.8830393552780151,
      0.4692709445953369
    ],
    "gravity" : [
      0.005119518376886845,
      -0.8830393552780151,
      -0.4692709445953369
    ]
  },
  {
    "timestamp" : 1251101178465,
    "userAcceleration" : [
      0.014546645805239677,
      -0.05561643838882446,
      -0.052456676959991455
    ],
    "rotationMatrix" : [
      0.5825319886207581,
      -0.38233572244644165,
      0.717269778251648,
      0.8127712607383728,
      0.2823648452758789,
      -0.5095810890197754,
      -0.007700711488723755,
      0.8798235654830933,
      0.47523805499076843
    ],
    "gravity" : [
      0.007700680755078793,
      -0.8798235654830933,
      -0.47523805499076843
    ]
  },
  {
    "timestamp" : 1251101188519,
    "userAcceleration" : [
      0.007466415874660015,
      -0.06557738780975342,
      -0.02644440531730652
    ],
    "rotationMatrix" : [
      0.5807677507400513,
      -0.3866449296474457,
      0.7163898944854736,
      0.8140121698379517,
      0.2862377464771271,
      -0.5054225921630859,
      -0.009638696908950806,
      0.876683235168457,
      0.4809713661670685
    ],
    "gravity" : [
      0.009638695977628231,
      -0.876683235168457,
      -0.4809713661670685
    ]
  },
  {
    "timestamp" : 1251101198573,
    "userAcceleration" : [
      0.00324125774204731,
      -0.06450879573822021,
      -0.009172201156616211
    ],
    "rotationMatrix" : [
      0.5802629590034485,
      -0.39095938205718994,
      0.7144548296928406,
      0.8143594264984131,
      0.2900077998638153,
      -0.5027068853378296,
      -0.010659515857696533,
      0.8735252618789673,
      0.48666223883628845
    ],
    "gravity" : [
      0.010659509338438511,
      -0.8735252022743225,
      -0.48666223883628845
    ]
  },
  {
    "timestamp" : 1251101208627,
    "userAcceleration" : [
      -0.0024787690490484238,
      -0.05294138193130493,
      -0.01388329267501831
    ],
    "rotationMatrix" : [
      0.580983579158783,
      -0.395449161529541,
      0.7113915681838989,
      0.8138458728790283,
      0.2936648428440094,
      -0.5014138221740723,
      -0.010627001523971558,
      0.8702763319015503,
      0.49244916439056396
    ],
    "gravity" : [
      0.010626974515616894,
      -0.8702763319015503,
      -0.49244916439056396
    ]
  },
  {
    "timestamp" : 1251101218681,
    "userAcceleration" : [
      -0.01403046865016222,
      -0.027772486209869385,
      -0.03826344013214111
    ],
    "rotationMatrix" : [
      0.58254474401474,
      -0.4001866579055786,
      0.7074547410011292,
      0.8127412796020508,
      0.2971345782279968,
      -0.5011611580848694,
      -0.009651243686676025,
      0.8669264912605286,
      0.49834245443344116
    ],
    "gravity" : [
      0.009651207365095615,
      -0.8669265508651733,
      -0.49834245443344116
    ]
  },
  {
    "timestamp" : 1251101228735,
    "userAcceleration" : [
      -0.03039367124438286,
      -0.0020849108695983887,
      -0.07360702753067017
    ],
    "rotationMatrix" : [
      0.5843350291252136,
      -0.4051847457885742,
      0.7031201124191284,
      0.8114731311798096,
      0.30027660727500916,
      -0.5013435482978821,
      -0.007993757724761963,
      0.8635156750679016,
      0.5042586922645569
    ],
    "gravity" : [
      0.007993780076503754,
      -0.8635156750679016,
      -0.5042586922645569
    ]
  },
  {
    "timestamp" : 1251101238789,
    "userAcceleration" : [
      -0.04428558796644211,
      0.01753687858581543,
      -0.10862195491790771
    ],
    "rotationMatrix" : [
      0.5858615636825562,
      -0.410379558801651,
      0.6988238096237183,
      0.8103896379470825,
      0.302935391664505,
      -0.5014963746070862,
      -0.005894482135772705,
      0.8601270318031311,
      0.5100456476211548
    ],
    "gravity" : [
      0.0058944858610630035,
      -0.8601270914077759,
      -0.5100456476211548
    ]
  },
  {
    "timestamp" : 1251101248843,
    "userAcceleration" : [
      -0.06084982305765152,
      0.02382594347000122,
      -0.13301455974578857
    ],
    "rotationMatrix" : [
      0.586821973323822,
      -0.4156319200992584,
      0.6949028372764587,
      0.8097079992294312,
      0.3050144612789154,
      -0.5013372302055359,
      -0.0035836100578308105,
      0.8568641543388367,
      0.5155297517776489
    ],
    "gravity" : [
      0.003583598881959915,
      -0.8568641543388367,
      -0.5155297517776489
    ]
  },
  {
    "timestamp" : 1251101258896,
    "userAcceleration" : [
      -0.08504214882850647,
      0.011972784996032715,
      -0.14489245414733887
    ],
    "rotationMatrix" : [
      0.5867041349411011,
      -0.4208483099937439,
      0.6918561458587646,
      0.8098000884056091,
      0.3064080774784088,
      -0.5003376603126526,
      -0.0014239847660064697,
      0.8538153767585754,
      0.5205739140510559
    ],
    "gravity" : [
      0.001423995359800756,
      -0.8538153767585754,
      -0.5205739140510559
    ]
  },
  {
    "timestamp" : 1251101268950,
    "userAcceleration" : [
      -0.11959531903266907,
      -0.013794362545013428,
      -0.13337862491607666
    ],
    "rotationMatrix" : [
      0.585889458656311,
      -0.4257187247276306,
      0.6895629167556763,
      0.8103908896446228,
      0.30747491121292114,
      -0.49872395396232605,
      0.0002929866313934326,
      0.8510125875473022,
      0.5251449942588806
    ],
    "gravity" : [
      -0.00029297827859409153,
      -0.851012647151947,
      -0.5251449346542358
    ]
  },
  {
    "timestamp" : 1251101279004,
    "userAcceleration" : [
      -0.14723941683769226,
      -0.04886186122894287,
      -0.10995703935623169
    ],
    "rotationMatrix" : [
      0.5848570466041565,
      -0.43001091480255127,
      0.6877738237380981,
      0.8111351728439331,
      0.30859240889549255,
      -0.4968203008174896,
      0.0013964176177978516,
      0.8484463691711426,
      0.5292794704437256
    ],
    "gravity" : [
      -0.0013964301906526089,
      -0.8484463691711426,
      -0.5292794704437256
    ]
  },
  {
    "timestamp" : 1251101289058,
    "userAcceleration" : [
      -0.16774621605873108,
      -0.08345615863800049,
      -0.07416576147079468
    ],
    "rotationMatrix" : [
      0.5841629505157471,
      -0.4335281252861023,
      0.686153769493103,
      0.8116346001625061,
      0.3102511167526245,
      -0.4949682354927063,
      0.0017026066780090332,
      0.8460482954978943,
      0.5331035852432251
    ],
    "gravity" : [
      -0.001702629728242755,
      -0.8460482954978943,
      -0.5331036448478699
    ]
  },
  {
    "timestamp" : 1251101299112,
    "userAcceleration" : [
      -0.18291819095611572,
      -0.10242193937301636,
      -0.03578639030456543
    ],
    "rotationMatrix" : [
      0.583992600440979,
      -0.43633049726486206,
      0.6845205426216125,
      0.8117582201957703,
      0.312709778547287,
      -0.49321526288986206,
      0.0011485815048217773,
      0.8436991572380066,
      0.5368150472640991
    ],
    "gravity" : [
      -0.0011485764989629388,
      -0.8436992168426514,
      -0.5368150472640991
    ]
  },
  {
    "timestamp" : 1251101309166,
    "userAcceleration" : [
      -0.18034668266773224,
      -0.10202550888061523,
      0.001405954360961914
    ],
    "rotationMatrix" : [
      0.5843240022659302,
      -0.4387054443359375,
      0.6827172040939331,
      0.8115203380584717,
      0.3160293996334076,
      -0.49148744344711304,
      -0.00014039874076843262,
      0.8412268757820129,
      0.5406820774078369
    ],
    "gravity" : [
      0.00014040275709703565,
      -0.8412269353866577,
      -0.5406820774078369
    ]
  },
  {
    "timestamp" : 1251101319220,
    "userAcceleration" : [
      -0.16221001744270325,
      -0.08772248029708862,
      0.02876216173171997
    ],
    "rotationMatrix" : [
      0.586311399936676,
      -0.4405657649040222,
      0.6798093318939209,
      0.8100836873054504,
      0.32077136635780334,
      -0.4907851815223694,
      -0.0018401741981506348,
      0.8384553790092468,
      0.5449670553207397
    ],
    "gravity" : [
      0.001840149867348373,
      -0.8384554386138916,
      -0.5449670553207397
    ]
  },
  {
    "timestamp" : 1251101329274,
    "userAcceleration" : [
      -0.1300571858882904,
      -0.06456798315048218,
      0.04232436418533325
    ],
    "rotationMatrix" : [
      0.5887278318405151,
      -0.44272297620773315,
      0.6763105392456055,
      0.808323323726654,
      0.32617703080177307,
      -0.4901244640350342,
      -0.003607630729675293,
      0.8352274894714355,
      0.549892783164978
    ],
    "gravity" : [
      0.0036076141986995935,
      -0.8352274894714355,
      -0.549892783164978
    ]
  },
  {
    "timestamp" : 1251101339328,
    "userAcceleration" : [
      -0.09985727816820145,
      -0.03556150197982788,
      0.035216689109802246
    ],
    "rotationMatrix" : [
      0.5916643738746643,
      -0.4453698992729187,
      0.6719962358474731,
      0.8061683773994446,
      0.332111120223999,
      -0.4896884560585022,
      -0.005084961652755737,
      0.8314732909202576,
      0.555541455745697
    ],
    "gravity" : [
      0.0050849528051912785,
      -0.8314733505249023,
      -0.555541455745697
    ]
  },
  {
    "timestamp" : 1251101349382,
    "userAcceleration" : [
      -0.0804404690861702,
      -0.007303118705749512,
      0.011446058750152588
    ],
    "rotationMatrix" : [
      0.5948768854141235,
      -0.4485815465450287,
      0.6670053005218506,
      0.8037937879562378,
      0.33825114369392395,
      -0.4893891215324402,
      -0.006084412336349487,
      0.8272610306739807,
      0.5617848634719849
    ],
    "gravity" : [
      0.0060844034887850285,
      -0.8272610306739807,
      -0.5617848634719849
    ]
  },
  {
    "timestamp" : 1251101359436,
    "userAcceleration" : [
      -0.07017207890748978,
      0.019973337650299072,
      -0.025740504264831543
    ],
    "rotationMatrix" : [
      0.5980410575866699,
      -0.4521869421005249,
      0.6617203950881958,
      0.8014373779296875,
      0.34431618452072144,
      -0.48902398347854614,
      -0.006710797548294067,
      0.822783887386322,
      0.5683147311210632
    ],
    "gravity" : [
      0.006710784509778023,
      -0.822783887386322,
      -0.5683147311210632
    ]
  },
  {
    "timestamp" : 1251101369489,
    "userAcceleration" : [
      -0.06821330636739731,
      0.03614675998687744,
      -0.05527365207672119
    ],
    "rotationMatrix" : [
      0.6008380055427551,
      -0.45599955320358276,
      0.6565500497817993,
      0.7993387579917908,
      0.350077360868454,
      -0.48836785554885864,
      -0.007147639989852905,
      0.8182359337806702,
      0.5748380422592163
    ],
    "gravity" : [
      0.007147639989852905,
      -0.8182358741760254,
      -0.5748380422592163
    ]
  },
  {
    "timestamp" : 1251101379543,
    "userAcceleration" : [
      -0.07615531235933304,
      0.041253089904785156,
      -0.07343316078186035
    ],
    "rotationMatrix" : [
      0.6031614542007446,
      -0.4598902463912964,
      0.6516878604888916,
      0.7975842952728271,
      0.3553813397884369,
      -0.48740458488464355,
      -0.007444977760314941,
      0.8137596845626831,
      0.5811536908149719
    ],
    "gravity" : [
      0.007444994058459997,
      -0.8137596845626831,
      -0.5811536908149719
    ]
  },
  {
    "timestamp" : 1251101389597,
    "userAcceleration" : [
      -0.07953059673309326,
      0.03629589080810547,
      -0.08070814609527588
    ],
    "rotationMatrix" : [
      0.6047730445861816,
      -0.46390819549560547,
      0.647331953048706,
      0.7963625192642212,
      0.35991814732551575,
      -0.48607146739959717,
      -0.007493883371353149,
      0.8094738721847534,
      0.5871080160140991
    ],
    "gravity" : [
      0.007493866141885519,
      -0.8094738721847534,
      -0.5871080160140991
    ]
  },
  {
    "timestamp" : 1251101399651,
    "userAcceleration" : [
      -0.08219749480485916,
      0.022587835788726807,
      -0.07352632284164429
    ],
    "rotationMatrix" : [
      0.606839656829834,
      -0.46744775772094727,
      0.6428359746932983,
      0.794790506362915,
      0.3643273711204529,
      -0.4853591322898865,
      -0.007322639226913452,
      0.8054551482200623,
      0.5926113724708557
    ],
    "gravity" : [
      0.0073226261883974075,
      -0.8054551482200623,
      -0.5926113724708557
    ]
  },
  {
    "timestamp" : 1251101409705,
    "userAcceleration" : [
      -0.08952006697654724,
      0.0008359551429748535,
      -0.049759089946746826
    ],
    "rotationMatrix" : [
      0.6088500618934631,
      -0.4708443284034729,
      0.6384412050247192,
      0.7932561039924622,
      0.36826291680336,
      -0.48489895462989807,
      -0.006802171468734741,
      0.8016781806945801,
      0.5977171063423157
    ],
    "gravity" : [
      0.006802184507250786,
      -0.8016781806945801,
      -0.5977171063423157
    ]
  },
  {
    "timestamp" : 1251101419759,
    "userAcceleration" : [
      -0.09269903600215912,
      -0.022769808769226074,
      -0.017823100090026855
    ],
    "rotationMatrix" : [
      0.6114081144332886,
      -0.47401732206344604,
      0.6336305737495422,
      0.791294515132904,
      0.37206166982650757,
      -0.48520416021347046,
      -0.0057544708251953125,
      0.7980461716651917,
      0.6025688052177429
    ],
    "gravity" : [
      0.005754469893872738,
      -0.7980461716651917,
      -0.6025688052177429
    ]
  },
  {
    "timestamp" : 1251101429813,
    "userAcceleration" : [
      -0.09595473110675812,
      -0.03816962242126465,
      0.009680390357971191
    ],
    "rotationMatrix" : [
      0.6146770715713501,
      -0.4770943224430084,
      0.6281346082687378,
      0.7887684106826782,
      0.375888854265213,
      -0.4863661229610443,
      -0.0040663182735443115,
      0.7944108247756958,
      0.6073671579360962
    ],
    "gravity" : [
      0.004066316410899162,
      -0.7944108247756958,
      -0.607367217540741
    ]
  },
  {
    "timestamp" : 1251101439867,
    "userAcceleration" : [
      -0.10014952719211578,
      -0.043747901916503906,
      0.01980888843536377
    ],
    "rotationMatrix" : [
      0.618881106376648,
      -0.480164110660553,
      0.621633768081665,
      0.7854829430580139,
      0.3799549341201782,
      -0.4885188937187195,
      -0.0016235113143920898,
      0.7906178832054138,
      0.6123076677322388
    ],
    "gravity" : [
      0.0016235396033152938,
      -0.7906178832054138,
      -0.6123077273368835
    ]
  },
  {
    "timestamp" : 1251101449921,
    "userAcceleration" : [
      -0.10217775404453278,
      -0.04482614994049072,
      0.012149035930633545
    ],
    "rotationMatrix" : [
      0.6235973238945007,
      -0.4834647476673126,
      0.6143193244934082,
      0.7817443609237671,
      0.3841908574104309,
      -0.49119555950164795,
      0.0014599263668060303,
      0.7865488529205322,
      0.6175262331962585
    ],
    "gravity" : [
      -0.0014599320711567998,
      -0.7865488529205322,
      -0.6175262928009033
    ]
  },
  {
    "timestamp" : 1251101459975,
    "userAcceleration" : [
      -0.10575448721647263,
      -0.03994470834732056,
      -0.008624732494354248
    ],
    "rotationMatrix" : [
      0.6285861730575562,
      -0.4870111644268036,
      0.6063822507858276,
      0.7777237892150879,
      0.3885987102985382,
      -0.49410170316696167,
      0.004993796348571777,
      0.7821834683418274,
      0.623028039932251
    ],
    "gravity" : [
      -0.004993789829313755,
      -0.7821834683418274,
      -0.623028039932251
    ]
  },
  {
    "timestamp" : 1251101470028,
    "userAcceleration" : [
      -0.11516669392585754,
      -0.03347975015640259,
      -0.040935635566711426
    ],
    "rotationMatrix" : [
      0.633860170841217,
      -0.4906054139137268,
      0.5979360342025757,
      0.7733976244926453,
      0.39324629306793213,
      -0.4972054958343506,
      0.008795678615570068,
      0.7776011228561401,
      0.6286963224411011
    ],
    "gravity" : [
      -0.008795694448053837,
      -0.7776010632514954,
      -0.6286963224411011
    ]
  },
  {
    "timestamp" : 1251101480082,
    "userAcceleration" : [
      -0.12420514971017838,
      -0.03365820646286011,
      -0.06597274541854858
    ],
    "rotationMatrix" : [
      0.6390005946159363,
      -0.4941469728946686,
      0.5894887447357178,
      0.7691044807434082,
      0.3979797661304474,
      -0.500090479850769,
      0.012513577938079834,
      0.7729365825653076,
      0.6343599557876587
    ],
    "gravity" : [
      -0.012513585388660431,
      -0.7729365229606628,
      -0.6343598961830139
    ]
  },
  {
    "timestamp" : 1251101490136,
    "userAcceleration" : [
      -0.13001605868339539,
      -0.03019857406616211,
      -0.09108990430831909
    ],
    "rotationMatrix" : [
      0.6436064839363098,
      -0.4974583089351654,
      0.5816407203674316,
      0.7651947736740112,
      0.40261110663414,
      -0.5023755431175232,
      0.015735894441604614,
      0.7684006094932556,
      0.6397756338119507
    ],
    "gravity" : [
      -0.015735888853669167,
      -0.7684006094932556,
      -0.6397756338119507
    ]
  },
  {
    "timestamp" : 1251101500190,
    "userAcceleration" : [
      -0.13768014311790466,
      -0.022048652172088623,
      -0.10110723972320557
    ],
    "rotationMatrix" : [
      0.6476641297340393,
      -0.5003649592399597,
      0.5746008157730103,
      0.7617066502571106,
      0.40711236000061035,
      -0.5040461421012878,
      0.018279939889907837,
      0.7641298174858093,
      0.6448034048080444
    ],
    "gravity" : [
      -0.01827993057668209,
      -0.7641298174858093,
      -0.6448034048080444
    ]
  },
  {
    "timestamp" : 1251101510244,
    "userAcceleration" : [
      -0.14018279314041138,
      -0.018609344959259033,
      -0.09300506114959717
    ],
    "rotationMatrix" : [
      0.6514836549758911,
      -0.502670168876648,
      0.5682356357574463,
      0.7583956718444824,
      0.411634624004364,
      -0.5053641200065613,
      0.020126044750213623,
      0.7601838707923889,
      0.6493961215019226
    ],
    "gravity" : [
      -0.02012602798640728,
      -0.7601839303970337,
      -0.6493961215019226
    ]
  },
  {
    "timestamp" : 1251101520298,
    "userAcceleration" : [
      -0.13336427509784698,
      -0.028064250946044922,
      -0.06897693872451782
    ],
    "rotationMatrix" : [
      0.6550692319869995,
      -0.5045362710952759,
      0.5624299049377441,
      0.7552651166915894,
      0.41614750027656555,
      -0.5063554048538208,
      0.02142086625099182,
      0.7564815282821655,
      0.6536641120910645
    ],
    "gravity" : [
      -0.02142086625099182,
      -0.7564815878868103,
      -0.6536641120910645
    ]
  },
  {
    "timestamp" : 1251101530352,
    "userAcceleration" : [
      -0.12214440852403641,
      -0.04002457857131958,
      -0.03814208507537842
    ],
    "rotationMatrix" : [
      0.6585965752601624,
      -0.5061736106872559,
      0.5568113327026367,
      0.7521581649780273,
      0.42063331604003906,
      -0.5072728395462036,
      0.022554665803909302,
      0.7528983354568481,
      0.6577502489089966
    ],
    "gravity" : [
      -0.022554678842425346,
      -0.7528983354568481,
      -0.6577502489089966
    ]
  },
  {
    "timestamp" : 1251101540406,
    "userAcceleration" : [
      -0.11360351741313934,
      -0.042184412479400635,
      -0.012665927410125732
    ],
    "rotationMatrix" : [
      0.6624249219894409,
      -0.5076011419296265,
      0.5509394407272339,
      0.7487480640411377,
      0.4251972734928131,
      -0.5085108876228333,
      0.023862868547439575,
      0.7493651509284973,
      0.661726713180542
    ],
    "gravity" : [
      -0.023862898349761963,
      -0.7493651509284973,
      -0.661726713180542
    ]
  },
  {
    "timestamp" : 1251101550460,
    "userAcceleration" : [
      -0.10326157510280609,
      -0.0389784574508667,
      0.0001677870750427246
    ],
    "rotationMatrix" : [
      0.6665508151054382,
      -0.5088564157485962,
      0.5447705984115601,
      0.7450261116027832,
      0.42981281876564026,
      -0.5100948810577393,
      0.025415778160095215,
      0.7458724975585938,
      0.665603518486023
    ],
    "gravity" : [
      -0.025415772572159767,
      -0.7458725571632385,
      -0.665603518486023
    ]
  },
  {
    "timestamp" : 1251101560514,
    "userAcceleration" : [
      -0.09538610279560089,
      -0.036081016063690186,
      0.006686568260192871
    ],
    "rotationMatrix" : [
      0.6711094975471497,
      -0.5098900198936462,
      0.5381672978401184,
      0.7408555150032043,
      0.4345354735851288,
      -0.5121638178825378,
      0.027294576168060303,
      0.7424222826957703,
      0.6693758368492126
    ],
    "gravity" : [
      -0.027294544503092766,
      -0.7424222826957703,
      -0.6693758368492126
    ]
  },
  {
    "timestamp" : 1251101570568,
    "userAcceleration" : [
      -0.08353452384471893,
      -0.037285566329956055,
      0.0025299787521362305
    ],
    "rotationMatrix" : [
      0.676030695438385,
      -0.5107529759407043,
      0.5311439037322998,
      0.7362795472145081,
      0.43926912546157837,
      -0.5147183537483215,
      0.029578864574432373,
      0.7390357851982117,
      0.6730164289474487
    ],
    "gravity" : [
      -0.02957887016236782,
      -0.7390357851982117,
      -0.6730164289474487
    ]
  },
  {
    "timestamp" : 1251101580621,
    "userAcceleration" : [
      -0.07870136946439743,
      -0.03344571590423584,
      -0.005438745021820068
    ],
    "rotationMatrix" : [
      0.6811749339103699,
      -0.5114423036575317,
      0.5238582491874695,
      0.7314149141311646,
      0.44398367404937744,
      -0.5176008343696594,
      0.03213846683502197,
      0.7357345223426819,
      0.6765070557594299
    ],
    "gravity" : [
      -0.032138463109731674,
      -0.7357344627380371,
      -0.6765070557594299
    ]
  },
  {
    "timestamp" : 1251101590675,
    "userAcceleration" : [
      -0.07670082151889801,
      -0.02395498752593994,
      -0.00820159912109375
    ],
    "rotationMatrix" : [
      0.6862983703613281,
      -0.5120086073875427,
      0.5165672898292542,
      0.7264887690544128,
      0.44863057136535645,
      -0.5205233097076416,
      0.0347646027803421,
      0.7325146198272705,
      0.6798629760742188
    ],
    "gravity" : [
