[
  {
    "userAcceleration" : [
      0.031641751527786255,
      -0.011892914772033691,
      0.017309516668319702
    ],
    "timestamp" : 1251201393765,
    "gravity" : [
      -0.12613940238952637,
      -0.9522334933280945,
      0.27810049057006836
    ],
    "rotationMatrix" : [
      -0.5956923365592957,
      0.2968769967556,
      0.7463338971138,
      0.7932459115982056,
      0.07152050733566284,
      0.6046863198280334,
      0.12613940238952637,
      0.9522334933280945,
      -0.27810049057006836
    ]
  },
  {
    "userAcceleration" : [
      0.03385639935731888,
      -0.010692715644836426,
      0.01672184467315674
    ],
    "timestamp" : 1251201403820,
    "gravity" : [
      -0.12485980242490768,
      -0.9524266719818115,
      0.2780167758464813
    ],
    "rotationMatrix" : [
      -0.6043995022773743,
      0.2952314615249634,
      0.7399592399597168,
      0.7868362665176392,
      0.07564204931259155,
      0.6125087738037109,
      0.12485980987548828,
      0.9524267911911011,
      -0.2780168056488037
    ]
  },
  {
    "userAcceleration" : [
      0.03557547926902771,
      -0.007517695426940918,
      0.016555070877075195
    ],
    "timestamp" : 1251201413876,
    "gravity" : [
      -0.12335926294326782,
      -0.9527025818824768,
      0.27774110436439514
    ],
    "rotationMatrix" : [
      -0.6128711700439453,
      0.293265700340271,
      0.7337465286254883,
      0.780494213104248,
      0.07970520853996277,
      0.6200610995292664,
      0.12335926294326782,
      0.9527025818824768,
      -0.27774110436439514
    ]
  },
  {
    "userAcceleration" : [
      0.03728689253330231,
      0.0006808042526245117,
      0.011622518301010132
    ],
    "timestamp" : 1251201423931,
    "gravity" : [
      -0.12162218987941742,
      -0.9530579447746277,
      0.2772872745990753
    ],
    "rotationMatrix" : [
      -0.6211073398590088,
      0.2909831702709198,
      0.727704644203186,
      0.7742307186126709,
      0.08372047543525696,
      0.6273415088653564,
      0.12162217497825623,
      0.9530578851699829,
      -0.2772873342037201
    ]
  },
  {
    "userAcceleration" : [
      0.04487407207489014,
      0.009629607200622559,
      0.0035293102264404297
    ],
    "timestamp" : 1251201433987,
    "gravity" : [
      -0.11973367631435394,
      -0.953477144241333,
      0.2766677737236023
    ],
    "rotationMatrix" : [
      -0.6290932893753052,
      0.2884501516819,
      0.7218295931816101,
      0.7680529356002808,
      0.08762261271476746,
      0.6343634128570557,
      0.11973369121551514,
      0.953477144241333,
      -0.2766677439212799
    ]
  },
  {
    "userAcceleration" : [
      0.05649075657129288,
      0.020740032196044922,
      -0.01256290078163147
    ],
    "timestamp" : 1251201444043,
    "gravity" : [
      -0.11784631013870239,
      -0.9539216160774231,
      0.27594467997550964
    ],
    "rotationMatrix" : [
      -0.6368129849433899,
      0.2858160138130188,
      0.7160852551460266,
      0.7619587779045105,
      0.09133738279342651,
      0.6411522030830383,
      0.11784631013870239,
      0.9539216160774231,
      -0.27594470977783203
    ]
  },
  {
    "userAcceleration" : [
      0.06997708231210709,
      0.028909146785736084,
      -0.02792137861251831
    ],
    "timestamp" : 1251201454098,
    "gravity" : [
      -0.11616538465023041,
      -0.9543544054031372,
      0.2751593291759491
    ],
    "rotationMatrix" : [
      -0.6444897651672363,
      0.28322023153305054,
      0.7102243900299072,
      0.755736768245697,
      0.09483426809310913,
      0.6479722857475281,
      0.11616536974906921,
      0.954354465007782,
      -0.27515941858291626
    ]
  },
  {
    "userAcceleration" : [
      0.07901600748300552,
      0.03177618980407715,
      -0.04128947854042053
    ],
    "timestamp" : 1251201464154,
    "gravity" : [
      -0.11487413197755814,
      -0.9547343850135803,
      0.274382621049881
    ],
    "rotationMatrix" : [
      -0.6520796418190002,
      0.2808440625667572,
      0.7042146325111389,
      0.749396800994873,
      0.09802359342575073,
      0.6548247933387756,
      0.11487412452697754,
      0.9547343850135803,
      -0.2743825912475586
    ]
  },
  {
    "userAcceleration" : [
      0.08128630369901657,
      0.03600090742111206,
      -0.051337093114852905
    ],
    "timestamp" : 1251201474209,
    "gravity" : [
      -0.11406216770410538,
      -0.9550225734710693,
      0.2737186849117279
    ],
    "rotationMatrix" : [
      -0.6596656441688538,
      0.27881890535354614,
      0.6979265213012695,
      0.7428534626960754,
      0.10095563530921936,
      0.6617982387542725,
      0.11406219005584717,
      0.9550225734710693,
      -0.27371862530708313
    ]
  },
  {
    "userAcceleration" : [
      0.06973516941070557,
      0.03738117218017578,
      -0.054359227418899536
    ],
    "timestamp" : 1251201484265,
    "gravity" : [
      -0.11371096223592758,
      -0.955212414264679,
      0.273200660943985
    ],
    "rotationMatrix" : [
      -0.6672219634056091,
      0.27716702222824097,
      0.6913701891899109,
      0.7361277937889099,
      0.10366949439048767,
      0.6688559055328369,
      0.11371093988418579,
      0.9552123546600342,
      -0.27320072054862976
    ]
  },
  {
    "userAcceleration" : [
      0.05298876017332077,
      0.039843857288360596,
      -0.04882568120956421
    ],
    "timestamp" : 1251201494320,
    "gravity" : [
      -0.11379498988389969,
      -0.9553099274635315,
      0.27282455563545227
    ],
    "rotationMatrix" : [
      -0.6749203205108643,
      0.27584874629974365,
      0.6843898296356201,
      0.7290629148483276,
      0.10625503957271576,
      0.6761485934257507,
      0.11379498243331909,
      0.9553099274635315,
      -0.2728245258331299
    ]
  },
  {
    "userAcceleration" : [
      0.042317382991313934,
      0.03362363576889038,
      -0.03950139880180359
    ],
    "timestamp" : 1251201504376,
    "gravity" : [
      -0.11435411125421524,
      -0.9553307890892029,
      0.2725183367729187
    ],
    "rotationMatrix" : [
      -0.6827218532562256,
      0.2748483121395111,
      0.6770150661468506,
      0.7216745615005493,
      0.10863472521305084,
      0.6836552023887634,
      0.11435410380363464,
      0.9553307890892029,
      -0.2725183963775635
    ]
  },
  {
    "userAcceleration" : [
      0.033306851983070374,
      0.01954019069671631,
      -0.024975448846817017
    ],
    "timestamp" : 1251201514431,
    "gravity" : [
      -0.11520073562860489,
      -0.9553158283233643,
      0.2722134590148926
    ],
    "rotationMatrix" : [
      -0.6906156539916992,
      0.27399784326553345,
      0.6693091988563538,
      0.7139877080917358,
      0.11089016497135162,
      0.6913210153579712,
      0.11520075798034668,
      0.9553158283233643,
      -0.2722134590148926
    ]
  },
  {
    "userAcceleration" : [
      0.024430789053440094,
      0.002590477466583252,
      -0.008861154317855835
    ],
    "timestamp" : 1251201524487,
    "gravity" : [
      -0.116059809923172,
      -0.9553035497665405,
      0.27189213037490845
    ],
    "rotationMatrix" : [
      -0.6983908414840698,
      0.27313342690467834,
      0.6615499258041382,
      0.7062438726425171,
      0.1131075769662857,
      0.6988750696182251,
      0.116059809923172,
      0.9553035497665405,
      -0.27189207077026367
    ]
  },
  {
    "userAcceleration" : [
      0.01040920615196228,
      -0.00766676664352417,
      0.001157134771347046
    ],
    "timestamp" : 1251201534542,
    "gravity" : [
      -0.11664087325334549,
      -0.9553305506706238,
      0.2715478539466858
    ],
    "rotationMatrix" : [
      -0.7058948874473572,
      0.27207598090171814,
      0.6539776921272278,
      0.6986465454101562,
      0.11540389060974121,
      0.7060982584953308,
      0.11664086580276489,
      0.9553305506706238,
      -0.2715478539466858
    ]
  },
  {
    "userAcceleration" : [
      -0.004643872380256653,
      0.00192183256149292,
      0.008939146995544434
    ],
    "timestamp" : 1251201544598,
    "gravity" : [
      -0.11681606620550156,
      -0.9554435014724731,
      0.2710747718811035
    ],
    "rotationMatrix" : [
      -0.7131849527359009,
      0.27065253257751465,
      0.6466174125671387,
      0.6911734938621521,
      0.11779136955738068,
      0.7130247354507446,
      0.11681607365608215,
      0.9554435014724731,
      -0.27107471227645874
    ]
  },
  {
    "userAcceleration" : [
      -0.012107260525226593,
      0.02430582046508789,
      0.01132822036743164
    ],
    "timestamp" : 1251201554653,
    "gravity" : [
      -0.11673791706562042,
      -0.9556717276573181,
      0.2703031301498413
    ],
    "rotationMatrix" : [
      -0.7204194068908691,
      0.2688266634941101,
      0.6393184661865234,
      0.6836433410644531,
      0.12009890377521515,
      0.7198667526245117,
      0.11673793196678162,
      0.9556717872619629,
      -0.2703031897544861
    ]
  },
  {
    "userAcceleration" : [
      -0.013873174786567688,
      0.047620415687561035,
      0.014867514371871948
    ],
    "timestamp" : 1251201564709,
    "gravity" : [
      -0.11665046960115433,
      -0.9560522437095642,
      0.2689915895462036
    ],
    "rotationMatrix" : [
      -0.7278975248336792,
      0.26656031608581543,
      0.6317518949508667,
      0.6756904125213623,
      0.12210437655448914,
      0.7270026206970215,
      0.11665046215057373,
      0.956052303314209,
      -0.268991619348526
    ]
  },
  {
    "userAcceleration" : [
      -0.010096728801727295,
      0.0566745400428772,
      0.021091490983963013
    ],
    "timestamp" : 1251201574764,
    "gravity" : [
      -0.1166885495185852,
      -0.956607460975647,
      0.2669943869113922
    ],
    "rotationMatrix" : [
      -0.7357963919639587,
      0.26383069157600403,
      0.6236962080001831,
      0.6670737266540527,
      0.12367530167102814,
      0.7346543669700623,
      0.1166885495185852,
      0.9566074013710022,
      -0.2669943571090698
    ]
  },
  {
    "userAcceleration" : [
      0.0018032565712928772,
      0.0489766001701355,
      0.03003862500190735
    ],
    "timestamp" : 1251201584820,
    "gravity" : [
      -0.11686976999044418,
      -0.9573323130607605,
      0.2643032968044281
    ],
    "rotationMatrix" : [
      -0.7439340353012085,
      0.26069390773773193,
      0.6153055429458618,
      0.6579541563987732,
      0.12471361458301544,
      0.742659330368042,
      0.11686979234218597,
      0.9573323726654053,
      -0.26430338621139526
    ]
  },
  {
    "userAcceleration" : [
      0.01779872179031372,
      0.035376787185668945,
      0.03986743092536926
    ],
    "timestamp" : 1251201594875,
    "gravity" : [
      -0.11699610948562622,
      -0.9582130908966064,
      0.26103585958480835
    ],
    "rotationMatrix" : [
      -0.7519764304161072,
      0.25716233253479004,
      0.6069588661193848,
      0.6487244963645935,
      0.1252809464931488,
      0.7506405711174011,
      0.11699609458446503,
      0.9582130312919617,
      -0.26103588938713074
    ]
  },
  {
    "userAcceleration" : [
      0.026156671345233917,
      0.022377073764801025,
      0.0456928014755249
    ],
    "timestamp" : 1251201604931,
    "gravity" : [
      -0.11680912226438522,
      -0.9592208862304688,
      0.25739243626594543
    ],
    "rotationMatrix" : [
      -0.7595726847648621,
      0.2532542943954468,
      0.5990921258926392,
      0.639847457408905,
      0.12552890181541443,
      0.7581804990768433,
      0.11680912971496582,
      0.9592208862304688,
      -0.25739237666130066
    ]
  },
  {
    "userAcceleration" : [
      0.032424792647361755,
      0.020905792713165283,
      0.0350189208984375
    ],
    "timestamp" : 1251201614986,
    "gravity" : [
      -0.11622605472803116,
      -0.9603130221366882,
      0.25355514883995056
    ],
    "rotationMatrix" : [
      -0.7664533257484436,
      0.24908117949962616,
      0.5920368432998657,
      0.6316965818405151,
      0.12552820146083832,
      0.7649849653244019,
      0.11622604727745056,
      0.960313081741333,
      -0.2535551190376282
    ]
  },
  {
    "userAcceleration" : [
      0.03735053539276123,
      0.035782694816589355,
      0.017043814063072205
    ],
    "timestamp" : 1251201625042,
    "gravity" : [
      -0.11538394540548325,
      -0.9614570140838623,
      0.24957287311553955
    ],
    "rotationMatrix" : [
      -0.7728346586227417,
      0.2447349578142166,
      0.5855177640914917,
      0.6240295171737671,
      0.1253194510936737,
      0.7712859511375427,
      0.11538396775722504,
      0.9614570736885071,
      -0.24957290291786194
    ]
  },
  {
    "userAcceleration" : [
      0.04088278114795685,
      0.055953919887542725,
      -0.007686018943786621
    ],
    "timestamp" : 1251201635097,
    "gravity" : [
      -0.11456743627786636,
      -0.9626158475875854,
      0.2454483062028885
    ],
    "rotationMatrix" : [
      -0.778788149356842,
      0.24042074382305145,
      0.5793848037719727,
      0.6167359352111816,
      0.12477366626262665,
      0.777218222618103,
      0.11456744372844696,
      0.9626158475875854,
      -0.24544836580753326
    ]
  },
  {
    "userAcceleration" : [
      0.039439208805561066,
      0.06738066673278809,
      -0.03450217843055725
    ],
    "timestamp" : 1251201645153,
    "gravity" : [
      -0.11405464261770248,
      -0.963742733001709,
      0.2412281483411789
    ],
    "rotationMatrix" : [
      -0.784537672996521,
      0.2363392412662506,
      0.5732746124267578,
      0.6095010042190552,
      0.12386831641197205,
      0.7830483913421631,
      0.11405465006828308,
      0.963742733001709,
      -0.2412281334400177
    ]
  },
  {
    "userAcceleration" : [
      0.03660443425178528,
      0.06716877222061157,
      -0.06321419775485992
    ],
    "timestamp" : 1251201655208,
    "gravity" : [
      -0.11395120620727539,
      -0.9647668600082397,
      0.23714901506900787
    ],
    "rotationMatrix" : [
      -0.7901321649551392,
      0.23270921409130096,
      0.5670422315597534,
      0.6022504568099976,
      0.12276428937911987,
      0.7888111472129822,
      0.1139511913061142,
      0.964766800403595,
      -0.2371489405632019
    ]
  },
  {
    "userAcceleration" : [
      0.02555742859840393,
      0.05875289440155029,
      -0.0855783224105835
    ],
    "timestamp" : 1251201665264,
    "gravity" : [
      -0.11416518688201904,
      -0.965628445148468,
      0.23351213335990906
    ],
    "rotationMatrix" : [
      -0.7956539988517761,
      0.229622021317482,
      0.5605427622795105,
      0.594895601272583,
      0.12180052697658539,
      0.794521152973175,
      0.11416518688201904,
      0.965628445148468,
      -0.23351211845874786
    ]
  },
  {
    "userAcceleration" : [
      0.006925128400325775,
      0.042637407779693604,
      -0.09640337526798248
    ],
    "timestamp" : 1251201675319,
    "gravity" : [
      -0.11449956893920898,
      -0.9663127660751343,
      0.2304975539445877
    ],
    "rotationMatrix" : [
      -0.8011847734451294,
      0.22700637578964233,
      0.5536880493164062,
      0.5873603820800781,
      0.1212744265794754,
      0.8001874685287476,
      0.11449955403804779,
      0.9663127660751343,
      -0.23049752414226532
    ]
  },
  {
    "userAcceleration" : [
      -0.013166464865207672,
      0.02351236343383789,
      -0.09077224135398865
    ],
    "timestamp" : 1251201685375,
    "gravity" : [
      -0.11473269760608673,
      -0.9668717980384827,
      0.22802500426769257
    ],
    "rotationMatrix" : [
      -0.8069060444831848,
      0.22459246218204498,
      0.5463155508041382,
      0.5794298052787781,
      0.12131451070308685,
      0.8059428334236145,
      0.11473268270492554,
      0.9668717980384827,
      -0.2280249148607254
    ]
  },
  {
    "userAcceleration" : [
      -0.02892967313528061,
      0.010605156421661377,
      -0.06822575628757477
    ],
    "timestamp" : 1251201695431,
    "gravity" : [
      -0.1146707758307457,
      -0.9674074053764343,
      0.22577263414859772
    ],
    "rotationMatrix" : [
      -0.8129415512084961,
      0.22200503945350647,
      0.5383672714233398,
      0.5709432363510132,
      0.12180522084236145,
      0.8119033575057983,
      0.1146707683801651,
      0.9674073457717896,
      -0.22577258944511414
    ]
  },
  {
    "userAcceleration" : [
      -0.03992891311645508,
      0.0029982328414916992,
      -0.03631913661956787
    ],
    "timestamp" : 1251201705486,
    "gravity" : [
      -0.11420011520385742,
      -0.9680402278900146,
      0.2232850044965744
    ],
    "rotationMatrix" : [
      -0.8193835616111755,
      0.21886903047561646,
      0.5298173427581787,
      0.5617547631263733,
      0.12245112657546997,
      0.818191409111023,
      0.11420010030269623,
      0.9680402278900146,
      -0.22328495979309082
    ]
  },
  {
    "userAcceleration" : [
      -0.04563397169113159,
      -0.0016228556632995605,
      -0.0013431310653686523
    ],
    "timestamp" : 1251201715542,
    "gravity" : [
      -0.11325577646493912,
      -0.9688818454742432,
      0.22009310126304626
    ],
    "rotationMatrix" : [
      -0.8260353207588196,
      0.21491704881191254,
      0.5210336446762085,
      0.5521218180656433,
      0.1227947473526001,
      0.8246713876724243,
      0.11325576901435852,
      0.9688818454742432,
      -0.22009307146072388
    ]
  },
  {
    "userAcceleration" : [
      -0.04714679718017578,
      -0.0021125078201293945,
      0.02084478735923767
    ],
    "timestamp" : 1251201725597,
    "gravity" : [
      -0.11178871989250183,
      -0.9699789881706238,
      0.21597154438495636
    ],
    "rotationMatrix" : [
      -0.8331441283226013,
      0.20994257926940918,
      0.5116585493087769,
      0.5416398048400879,
      0.1227380633354187,
      0.8316016793251038,
      0.11178871989250183,
      0.9699789881706238,
      -0.21597158908843994
    ]
  },
  {
    "userAcceleration" : [
      -0.04341759532690048,
      0.0024651288986206055,
      0.025312066078186035
    ],
    "timestamp" : 1251201735653,
    "gravity" : [
      -0.10976536571979523,
      -0.971306562423706,
      0.210985466837883
    ],
    "rotationMatrix" : [
      -0.8400912880897522,
      0.20410661399364471,
      0.5025802254676819,
      0.5312230587005615,
      0.12208134680986404,
      0.8383901715278625,
      0.10976539552211761,
      0.9713066220283508,
      -0.21098554134368896
    ]
  },
  {
    "userAcceleration" : [
      -0.03397606313228607,
      0.010405182838439941,
      0.009939879179000854
    ],
    "timestamp" : 1251201745708,
    "gravity" : [
      -0.10728976130485535,
      -0.9727615714073181,
      0.2054835706949234
    ],
    "rotationMatrix" : [
      -0.8468188643455505,
      0.1977022886276245,
      0.4937722980976105,
      0.5209473967552185,
      0.12103097885847092,
      0.8449645638465881,
      0.10728976130485535,
      0.9727615714073181,
      -0.2054835557937622
    ]
  },
  {
    "userAcceleration" : [
      -0.019943952560424805,
      0.02341681718826294,
      -0.010263562202453613
    ],
    "timestamp" : 1251201755764,
    "gravity" : [
      -0.1045830175280571,
      -0.9742376804351807,
      0.19980807602405548
    ],
    "rotationMatrix" : [
      -0.8534070253372192,
      0.19107353687286377,
      0.48496097326278687,
      0.51064532995224,
      0.11979905515909195,
      0.8514043688774109,
      0.1045830249786377,
      0.9742376208305359,
      -0.19980809092521667
    ]
  },
  {
    "userAcceleration" : [
      -0.004355035722255707,
      0.030985891819000244,
      -0.023811817169189453
    ],
    "timestamp" : 1251201765819,
    "gravity" : [
      -0.1018919050693512,
      -0.975672721862793,
      0.19411501288414001
    ],
    "rotationMatrix" : [
      -0.859911322593689,
      0.18449251353740692,
      0.47593581676483154,
      0.5001704096794128,
      0.11842776834964752,
      0.8577904105186462,
      0.10189191997051239,
      0.9756727814674377,
      -0.1941150277853012
    ]
  },
  {
    "userAcceleration" : [
      0.010923430323600769,
      0.028276503086090088,
      -0.027366727590560913
    ],
    "timestamp" : 1251201775875,
    "gravity" : [
      -0.09937861561775208,
      -0.9770528078079224,
      0.18839260935783386
    ],
    "rotationMatrix" : [
      -0.8664377927780151,
      0.1780676394701004,
      0.46645206212997437,
      0.48929494619369507,
      0.1168750748038292,
      0.8642516136169434,
      0.09937863051891327,
      0.9770528078079224,
      -0.18839260935783386
    ]
  },
  {
    "userAcceleration" : [
      0.024291835725307465,
      0.020537137985229492,
      -0.02441824972629547
    ],
    "timestamp" : 1251201785930,
    "gravity" : [
      -0.09710674732923508,
      -0.9783616662025452,
      0.18269753456115723
    ],
    "rotationMatrix" : [
      -0.872959554195404,
      0.17189165949821472,
      0.45650243759155273,
      0.4780287444591522,
      0.11515835672616959,
      0.8707622289657593,
      0.09710676968097687,
      0.9783617258071899,
      -0.18269756436347961
    ]
  },
  {
    "userAcceleration" : [
      0.033309660851955414,
      0.01152712106704712,
      -0.017665743827819824
    ],
    "timestamp" : 1251201795986,
    "gravity" : [
      -0.09501618146896362,
      -0.9796056151390076,
      0.17704370617866516
    ],
    "rotationMatrix" : [
      -0.879353404045105,
      0.16595454514026642,
      0.4463141858577728,
      0.4665932059288025,
      0.11327718943357468,
      0.8771880269050598,
      0.09501615166664124,
      0.9796056151390076,
      -0.17704379558563232
    ]
  },
  {
    "userAcceleration" : [
      0.03446410596370697,
      0.0028627514839172363,
      -0.0042433589696884155
    ],
    "timestamp" : 1251201806041,
    "gravity" : [
      -0.09301207214593887,
      -0.9808138012886047,
      0.17132703959941864
    ],
    "rotationMatrix" : [
      -0.8855360150337219,
      0.16015276312828064,
      0.436092734336853,
      0.4551642835140228,
      0.11115441471338272,
      0.883442223072052,
      0.09301209449768066,
      0.9808138012886047,
      -0.17132696509361267
    ]
  },
  {
    "userAcceleration" : [
      0.028074339032173157,
      -0.003927767276763916,
      0.010260239243507385
    ],
    "timestamp" : 1251201816097,
    "gravity" : [
      -0.09106259793043137,
      -0.9820188879966736,
      0.16536840796470642
    ],
    "rotationMatrix" : [
      -0.8914060592651367,
      0.15441201627254486,
      0.426089882850647,
      0.44396311044692993,
      0.10860933363437653,
      0.8894385695457458,
      0.09106260538101196,
      0.9820188879966736,
      -0.16536842286586761
    ]
  },
  {
    "userAcceleration" : [
      0.012642927467823029,
      -0.002701282501220703,
      0.017008185386657715
    ],
    "timestamp" : 1251201826152,
    "gravity" : [
      -0.08915046602487564,
      -0.9832299947738647,
      0.15909340977668762
    ],
    "rotationMatrix" : [
      -0.896990954875946,
      0.14868991076946259,
      0.41629093885421753,
      0.43296539783477783,
      0.10559301823377609,
      0.8952044248580933,
      0.08915047347545624,
      0.9832299947738647,
      -0.15909337997436523
    ]
  },
  {
    "userAcceleration" : [
      -0.009706184267997742,
      0.008916914463043213,
      0.010159134864807129
    ],
    "timestamp" : 1251201836208,
    "gravity" : [
      -0.08720237761735916,
      -0.9844417572021484,
      0.15254519879817963
    ],
    "rotationMatrix" : [
      -0.902167022228241,
      0.1429818719625473,
      0.40700197219848633,
      0.4224809408187866,
      0.10212980955839157,
      0.9005994200706482,
      0.08720237016677856,
      0.9844418168067932,
      -0.15254515409469604
    ]
  },
  {
    "userAcceleration" : [
      -0.027712330222129822,
      0.017159223556518555,
      -0.006097078323364258
    ],
    "timestamp" : 1251201846263,
    "gravity" : [
      -0.08515691012144089,
      -0.9856345057487488,
      0.14585229754447937
    ],
    "rotationMatrix" : [
      -0.9069769382476807,
      0.13728275895118713,
      0.39817845821380615,
      0.4124814569950104,
      0.09837707877159119,
      0.9056383967399597,
      0.0851568877696991,
      0.9856345057487488,
      -0.1458522379398346
    ]
  },
  {
    "userAcceleration" : [
      -0.03219754248857498,
      0.01982790231704712,
      -0.027058959007263184
    ],
    "timestamp" : 1251201856319,
    "gravity" : [
      -0.08303681015968323,
      -0.9867772459983826,
      0.13919571042060852
    ],
    "rotationMatrix" : [
      -0.911475419998169,
      0.131673201918602,
      0.3897109627723694,
      0.4028862714767456,
      0.09451315551996231,
      0.9103569984436035,
      0.08303681015968323,
      0.9867773056030273,
      -0.13919571042060852
    ]
  },
  {
    "userAcceleration" : [
      -0.027425207197666168,
      0.024299025535583496,
      -0.04952095448970795
    ],
    "timestamp" : 1251201866374,
    "gravity" : [
      -0.08089691400527954,
      -0.9878458380699158,
      0.13272707164287567
    ],
    "rotationMatrix" : [
      -0.9156397581100464,
      0.12626317143440247,
      0.3816565275192261,
      0.3937763273715973,
      0.090655118227005,
      0.914725124835968,
      0.08089692890644073,
      0.9878458380699158,
      -0.1327269971370697
    ]
  },
  {
    "userAcceleration" : [
      -0.019320406019687653,
      0.026584863662719727,
      -0.06872926652431488
    ],
    "timestamp" : 1251201876430,
    "gravity" : [
      -0.07871731370687485,
      -0.9888346791267395,
      0.12652944028377533
    ],
    "rotationMatrix" : [
      -0.9196862578392029,
      0.121010422706604,
      0.3735421895980835,
      0.384682834148407,
      0.08696305751800537,
      0.9189431667327881,
      0.07871730625629425,
      0.9888346195220947,
      -0.12652939558029175
    ]
  },
  {
    "userAcceleration" : [
      -0.012955404818058014,
      0.034112751483917236,
      -0.08045385777950287
    ],
    "timestamp" : 1251201886485,
    "gravity" : [
      -0.07656791061162949,
      -0.989740252494812,
      0.1206301599740982
    ],
    "rotationMatrix" : [
      -0.923625111579895,
      0.11597967147827148,
      0.36532914638519287,
      0.3755715787410736,
      0.08344456553459167,
      0.9230292439460754,
      0.07656790316104889,
      0.9897401928901672,
      -0.1206301748752594
    ]
  },
  {
    "userAcceleration" : [
      9.814649820327759e-05,
      0.03944200277328491,
      -0.0956423282623291
    ],
    "timestamp" : 1251201896541,
    "gravity" : [
      -0.07466783374547958,
      -0.9905527830123901,
      0.11502090096473694
    ],
    "rotationMatrix" : [
      -0.9275215268135071,
      0.11134728789329529,
      0.3567988872528076,
      0.3662354350090027,
      0.08004307001829147,
      0.9270731210708618,
      0.07466782629489899,
      0.9905527830123901,
      -0.11502093821763992
    ]
  },
  {
    "userAcceleration" : [
      0.007337428629398346,
      0.04890042543411255,
      -0.1095820888876915
    ],
    "timestamp" : 1251201906596,
    "gravity" : [
      -0.07330113649368286,
      -0.9912524223327637,
      0.10974983870983124
    ],
    "rotationMatrix" : [
      -0.9314057230949402,
      0.1073814332485199,
      0.34778115153312683,
      0.35652410984039307,
      0.07672932744026184,
      0.9311298727989197,
      0.07330113649368286,
      0.9912524819374084,
      -0.10974982380867004
    ]
  },
  {
    "userAcceleration" : [
      -0.000397413969039917,
      0.05974799394607544,
      -0.11602795869112015
    ],
    "timestamp" : 1251201916652,
    "gravity" : [
      -0.07252433151006699,
      -0.9918309450149536,
      0.10493472963571548
    ],
    "rotationMatrix" : [
      -0.9353287816047668,
      0.10416319966316223,
      0.3380972146987915,
      0.3462657034397125,
      0.07362847775220871,
      0.9352425336837769,
      0.07252432405948639,
      0.9918309450149536,
      -0.10493481904268265
    ]
  },
  {
    "userAcceleration" : [
      -0.01992443948984146,
      0.05960041284561157,
      -0.11138986051082611
    ],
    "timestamp" : 1251201926707,
    "gravity" : [
      -0.07226916402578354,
      -0.9922938942909241,
      0.10064754635095596
    ],
    "rotationMatrix" : [
      -0.939208447933197,
      0.1016666442155838,
      0.32795006036758423,
      0.3356553912162781,
      0.0708284080028534,
      0.9393182396888733,
      0.07226915657520294,
      0.9922938942909241,
      -0.10064753890037537
    ]
  },
  {
    "userAcceleration" : [
      -0.042287565767765045,
      0.05293095111846924,
      -0.09707830846309662
    ],
    "timestamp" : 1251201936763,
    "gravity" : [
      -0.07226015627384186,
      -0.9926740527153015,
      0.09683409333229065
    ],
    "rotationMatrix" : [
      -0.9429947733879089,
      0.09962021559476852,
      0.31754785776138306,
      0.3248681128025055,
      0.06836794316768646,
      0.9432849884033203,
      0.07226015627384186,
      0.9926739931106567,
      -0.09683401882648468
    ]
  },
  {
    "userAcceleration" : [
      -0.05678442120552063,
      0.039001405239105225,
      -0.07502783834934235
    ],
    "timestamp" : 1251201946818,
    "gravity" : [
      -0.07224388420581818,
      -0.9930111765861511,
      0.09332308918237686
    ],
    "rotationMatrix" : [
      -0.946679949760437,
      0.09772466868162155,
      0.30699557065963745,
      0.31397008895874023,
      0.06616897881031036,
      0.9471240639686584,
      0.07224388420581818,
      0.9930111765861511,
      -0.09332315623760223
    ]
  },
  {
    "userAcceleration" : [
      -0.06326602399349213,
      0.020772457122802734,
      -0.052625663578510284
    ],
    "timestamp" : 1251201956874,
    "gravity" : [
      -0.07214044779539108,
      -0.9933370351791382,
      0.08987221866846085
    ],
    "rotationMatrix" : [
      -0.9502450227737427,
      0.09582748264074326,
      0.29639673233032227,
      0.30303412675857544,
      0.06401871144771576,
      0.95082688331604,
      0.07214044779539108,
      0.9933370351791382,
      -0.08987225592136383
    ]
  },
  {
    "userAcceleration" : [
      -0.06709267199039459,
      0.0064296722412109375,
      -0.03160727769136429
    ],
    "timestamp" : 1251201966929,
    "gravity" : [
      -0.07191488146781921,
      -0.9936732053756714,
      0.0862642154097557
    ],
    "rotationMatrix" : [
      -0.9537020921707153,
      0.09382829070091248,
      0.28574109077453613,
      0.2920273244380951,
      0.06172162666916847,
      0.9544161558151245,
      0.07191489636898041,
      0.9936732053756714,
      -0.08626419305801392
    ]
  },
  {
    "userAcceleration" : [
      -0.07296624034643173,
      -0.00418400764465332,
      -0.01967095583677292
    ],
    "timestamp" : 1251201976985,
    "gravity" : [
      -0.07148870825767517,
      -0.9940307140350342,
      0.08241509646177292
    ],
    "rotationMatrix" : [
      -0.9570407271385193,
      0.09163634479045868,
      0.27509185671806335,
      0.2810019850730896,
      0.05920875072479248,
      0.9578789472579956,
      0.07148870825767517,
      0.9940307140350342,
      -0.08241504430770874
    ]
  },
  {
    "userAcceleration" : [
      -0.07842283695936203,
      -0.0033608675003051758,
      -0.010560274124145508
    ],
    "timestamp" : 1251201987040,
    "gravity" : [
      -0.07080811262130737,
      -0.994411289691925,
      0.07830921560525894
    ],
    "rotationMatrix" : [
      -0.960239052772522,
      0.08920742571353912,
      0.26454269886016846,
      0.270050048828125,
      0.056463900953531265,
      0.9611892104148865,
      0.07080810517072678,
      0.994411289691925,
      -0.07830923795700073
    ]
  },
  {
    "userAcceleration" : [
      -0.0762816071510315,
      -0.006043195724487305,
      -0.005364067852497101
    ],
    "timestamp" : 1251201997096,
    "gravity" : [
      -0.06985177844762802,
      -0.9948110580444336,
      0.07396747916936874
    ],
    "rotationMatrix" : [
      -0.9632968902587891,
      0.08653274923563004,
      0.2541070282459259,
      0.2591891884803772,
      0.05350324511528015,
      0.9643433094024658,
      0.06985177844762802,
      0.9948110580444336,
      -0.07396748661994934
    ]
  },
  {
    "userAcceleration" : [
      -0.07179085165262222,
      -0.0008940696716308594,
      -0.008830800652503967
    ],
    "timestamp" : 1251202007151,
    "gravity" : [
      -0.06871205568313599,
      -0.9952147006988525,
      0.0694691389799118
    ],
    "rotationMatrix" : [
      -0.9662145376205444,
      0.08372508734464645,
      0.24375984072685242,
      0.24840974807739258,
      0.05037325248122215,
      0.9673442244529724,
      0.06871204823255539,
      0.9952147603034973,
      -0.069469153881073
    ]
  },
  {
    "userAcceleration" : [
      -0.06994128227233887,
      0.009463727474212646,
      -0.015981078147888184
    ],
    "timestamp" : 1251202017207,
    "gravity" : [
      -0.06741831451654434,
      -0.9956086277961731,
      0.06494646519422531
    ],
    "rotationMatrix" : [
      -0.9690161347389221,
      0.08084247261285782,
      0.233392596244812,
      0.23761814832687378,
      0.04719933867454529,
      0.9702111482620239,
      0.06741832941770554,
      0.9956086874008179,
      -0.0649465024471283
    ]
  },
  {
    "userAcceleration" : [
      -0.06521540880203247,
      0.01732766628265381,
      -0.019967086613178253
    ],
    "timestamp" : 1251202027262,
    "gravity" : [
      -0.06602540612220764,
      -0.995980441570282,
      0.06052488088607788
    ],
    "rotationMatrix" : [
      -0.9716992378234863,
      0.07796627283096313,
      0.2229824960231781,
      0.22680515050888062,
      0.04408983513712883,
      0.972941517829895,
      0.06602541357278824,
      0.9959803819656372,
      -0.06052489951252937
    ]
  },
  {
    "userAcceleration" : [
      -0.057256318628787994,
      0.025271236896514893,
      -0.017220620065927505
    ],
    "timestamp" : 1251202037318,
    "gravity" : [
      -0.064600370824337,
      -0.9963251948356628,
      0.056237298995256424
    ],
    "rotationMatrix" : [
      -0.9742487668991089,
      0.07516779750585556,
      0.21257628500461578,
      0.21602237224578857,
      0.041056882590055466,
      0.9755247235298157,
      0.06460036337375641,
      0.9963251948356628,
      -0.05623732879757881
    ]
  },
  {
    "userAcceleration" : [
      -0.046447351574897766,
      0.030619800090789795,
      -0.013559214770793915
    ],
    "timestamp" : 1251202047373,
    "gravity" : [
      -0.06324809044599533,
      -0.9966384768486023,
      0.05207233503460884
    ],
    "rotationMatrix" : [
      -0.9766693115234375,
      0.0725414901971817,
      0.20212632417678833,
      0.20522426068782806,
      0.038073230534791946,
      0.9779742360115051,
      0.06324809789657593,
      0.9966384768486023,
      -0.05207235738635063
    ]
  },
  {
    "userAcceleration" : [
      -0.03763062134385109,
      0.033418118953704834,
      -0.007706407457590103
    ],
    "timestamp" : 1251202057429,
    "gravity" : [
      -0.06205503270030022,
      -0.9969189167022705,
      0.04797431081533432
    ],
    "rotationMatrix" : [
      -0.9789204001426697,
      0.07016512751579285,
      0.1918105185031891,
      0.1945856809616089,
      0.03506047651171684,
      0.9802586436271667,
      0.06205502897500992,
      0.9969189763069153,
      -0.04797433689236641
    ]
  },
  {
    "userAcceleration" : [
      -0.041310545057058334,
      0.03980213403701782,
      -0.0028152503073215485
    ],
    "timestamp" : 1251202067484,
    "gravity" : [
      -0.061030153185129166,
      -0.9971688389778137,
      0.04392237216234207
    ],
    "rotationMatrix" : [
      -0.981004536151886,
      0.06804238259792328,
      0.18165791034698486,
      0.18413223326206207,
      0.03200177475810051,
      0.9823802709579468,
      0.061030156910419464,
      0.9971688985824585,
      -0.04392232373356819
    ]
  },
  {
    "userAcceleration" : [
      -0.05033012852072716,
      0.04819214344024658,
      0.004487510770559311
    ],
    "timestamp" : 1251202077540,
    "gravity" : [
      -0.060112979263067245,
      -0.997395396232605,
      0.03985441476106644
    ],
    "rotationMatrix" : [
      -0.9829593896865845,
      0.06609688699245453,
      0.1715259850025177,
      0.1737135350704193,
      0.028864819556474686,
      0.9843728542327881,
      0.060112979263067245,
      0.997395396232605,
      -0.03985444828867912
    ]
  },
  {
    "userAcceleration" : [
      -0.05532302334904671,
      0.05486655235290527,
      0.011474609375
    ],
    "timestamp" : 1251202087595,
    "gravity" : [
      -0.0593009889125824,
      -0.9976001977920532,
      0.03573593869805336
    ],
    "rotationMatrix" : [
      -0.9847654104232788,
      0.06432516872882843,
      0.16155260801315308,
      0.16346365213394165,
      0.025611385703086853,
      0.9862168431282043,
      0.0593009889125824,
      0.997600257396698,
      -0.03573597967624664
    ]
  },
  {
    "userAcceleration" : [
      -0.05873344838619232,
      0.05416309833526611,
      0.01711762323975563
    ],
    "timestamp" : 1251202097651,
    "gravity" : [
      -0.05863714590668678,
      -0.9977819323539734,
      0.03151210397481918
    ],
    "rotationMatrix" : [
      -0.9864407777786255,
      0.0627598986029625,
      0.15164439380168915,
      0.15328571200370789,
      0.022192731499671936,
      0.9879327416419983,
      0.05863714590668678,
      0.9977819323539734,
      -0.031512126326560974
    ]
  },
  {
    "userAcceleration" : [
      -0.0631725862622261,
      0.04815858602523804,
      0.02508414164185524
    ],
    "timestamp" : 1251202107706,
    "gravity" : [
      -0.0580889955163002,
      -0.9979419708251953,
      0.027161920443177223
    ],
    "rotationMatrix" : [
      -0.9879981875419617,
      0.06136839836835861,
      0.1417534351348877,
      0.14312857389450073,
      0.018601365387439728,
      0.9895293712615967,
      0.0580889955163002,
      0.9979419708251953,
      -0.02716194838285446
    ]
  },
  {
    "userAcceleration" : [
      -0.07309703528881073,
      0.042355358600616455,
      0.037131428718566895
    ],
    "timestamp" : 1251202117762,
    "gravity" : [
      -0.05748767405748367,
      -0.9980895519256592,
      0.022637128829956055
    ],
    "rotationMatrix" : [
      -0.9894381165504456,
      0.059982359409332275,
      0.13196316361427307,
      0.13306888937950134,
      0.014811752364039421,
      0.9909961223602295,
      0.05748767405748367,
      0.9980895519256592,
      -0.02263707108795643
    ]
  },
  {
    "userAcceleration" : [
      -0.07836964726448059,
      0.04122799634933472,
      0.051604628562927246
    ],
    "timestamp" : 1251202127817,
    "gravity" : [
      -0.05674693360924721,
      -0.9982286095619202,
      0.017868507653474808
    ],
    "rotationMatrix" : [
      -0.9907594919204712,
      0.058512598276138306,
      0.1223594918847084,
      0.12318828701972961,
      0.010759930126369,
      0.992324948310852,
      0.056746937334537506,
      0.9982286691665649,
      -0.017868537455797195
    ]
  },
  {
    "userAcceleration" : [
      -0.07880070805549622,
      0.03873223066329956,
      0.06385695934295654
    ],
    "timestamp" : 1251202137873,
    "gravity" : [
      -0.05585811659693718,
      -0.9983574151992798,
      0.012742061167955399
    ],
    "rotationMatrix" : [
      -0.9919471740722656,
      0.05694333463907242,
      0.11312993615865707,
      0.11366968601942062,
      0.006320192012935877,
      0.9934984445571899,
      0.05585811287164688,
      0.9983574151992798,
