[
  {
    "userAcceleration" : [
      -0.09012528508901596,
      -0.028014540672302246,
      0.1252843141555786
    ],
    "timestamp" : 1251141063000,
    "gravity" : [
      -0.06314922869205475,
      -0.9925388693809509,
      0.10429930686950684
    ],
    "rotationMatrix" : [
      0.03940218687057495,
      0.10194703936576843,
      0.9940090179443359,
      0.9972257614135742,
      -0.06688031554222107,
      -0.032670170068740845,
      0.06314921379089355,
      0.9925389289855957,
      -0.10429927706718445
    ]
  },
  {
    "userAcceleration" : [
      -0.06804848462343216,
      -0.03527635335922241,
      0.1282649040222168
    ],
    "timestamp" : 1251141073054,
    "gravity" : [
      -0.06360433995723724,
      -0.992311418056488,
      0.10617104172706604
    ],
    "rotationMatrix" : [
      0.03389713168144226,
      0.10417702794075012,
      0.993980884552002,
      0.9973993301391602,
      -0.06682029366493225,
      -0.027010321617126465,
      0.06360435485839844,
      0.9923114776611328,
      -0.10617101192474365
    ]
  },
  {
    "userAcceleration" : [
      -0.050296083092689514,
      -0.03744852542877197,
      0.12683020532131195
    ],
    "timestamp" : 1251141083109,
    "gravity" : [
      -0.0636260062456131,
      -0.9922295808792114,
      0.10691904276609421
    ],
    "rotationMatrix" : [
      0.02797222137451172,
      0.10532110929489136,
      0.9940445423126221,
      0.9975815415382385,
      -0.06623762845993042,
      -0.0210534930229187,
      0.06362602114677429,
      0.9922296404838562,
      -0.10691899061203003
    ]
  },
  {
    "userAcceleration" : [
      -0.03571198880672455,
      -0.04067361354827881,
      0.09965133666992188
    ],
    "timestamp" : 1251141093163,
    "gravity" : [
      -0.06331752240657806,
      -0.9922852516174316,
      0.10658631473779678
    ],
    "rotationMatrix" : [
      0.021608084440231323,
      0.10541260242462158,
      0.9941936731338501,
      0.9977593421936035,
      -0.06525292992591858,
      -0.014766812324523926,
      0.06331753730773926,
      0.9922852516174316,
      -0.10658633708953857
    ]
  },
  {
    "userAcceleration" : [
      -0.006603516638278961,
      -0.05194723606109619,
      0.05722188949584961
    ],
    "timestamp" : 1251141103218,
    "gravity" : [
      -0.06288497149944305,
      -0.9924404621124268,
      0.10539089888334274
    ],
    "rotationMatrix" : [
      0.014242559671401978,
      0.10469678044319153,
      0.9944021105766296,
      0.9979190826416016,
      -0.06403395533561707,
      -0.007550954818725586,
      0.06288498640060425,
      0.9924404621124268,
      -0.10539090633392334
    ]
  },
  {
    "userAcceleration" : [
      0.016748376190662384,
      -0.046649277210235596,
      0.004815094172954559
    ],
    "timestamp" : 1251141113272,
    "gravity" : [
      -0.0625552386045456,
      -0.9926419854164124,
      0.1036747470498085
    ],
    "rotationMatrix" : [
      0.005708575248718262,
      0.10352078080177307,
      0.9946107864379883,
      0.9980250597000122,
      -0.06280982494354248,
      0.0008093118667602539,
      0.06255519390106201,
      0.9926419854164124,
      -0.10367476940155029
    ]
  },
  {
    "userAcceleration" : [
      0.028668083250522614,
      -0.03738313913345337,
      -0.03919459879398346
    ],
    "timestamp" : 1251141123327,
    "gravity" : [
      -0.06258834153413773,
      -0.9928290247917175,
      0.10184705257415771
    ],
    "rotationMatrix" : [
      -0.0043988823890686035,
      0.10232076048851013,
      0.9947415590286255,
      0.9980294704437256,
      -0.06181102991104126,
      0.01077166199684143,
      0.06258836388587952,
      0.9928290843963623,
      -0.10184705257415771
    ]
  },
  {
    "userAcceleration" : [
      0.024243153631687164,
      -0.016984522342681885,
      -0.06482076644897461
    ],
    "timestamp" : 1251141133381,
    "gravity" : [
      -0.06309201568365097,
      -0.9929488897323608,
      0.10035839676856995
    ],
    "rotationMatrix" : [
      -0.015768736600875854,
      0.10153806209564209,
      0.9947066307067871,
      0.9978830814361572,
      -0.06117543578147888,
      0.022063881158828735,
      0.06309199333190918,
      0.9929488897323608,
      -0.10035836696624756
    ]
  },
  {
    "userAcceleration" : [
      -0.005393996834754944,
      0.01033174991607666,
      -0.059466004371643066
    ],
    "timestamp" : 1251141143435,
    "gravity" : [
      -0.06391139328479767,
      -0.9929824471473694,
      0.09950496256351471
    ],
    "rotationMatrix" : [
      -0.027939587831497192,
      0.10145008563995361,
      0.9944482445716858,
      0.997564435005188,
      -0.06077650189399719,
      0.03422728180885315,
      0.06391137838363647,
      0.9929825067520142,
      -0.09950494766235352
    ]
  },
  {
    "userAcceleration" : [
      -0.026806078851222992,
      0.011476755142211914,
      -0.035401925444602966
    ],
    "timestamp" : 1251141153490,
    "gravity" : [
      -0.06491450220346451,
      -0.9929373860359192,
      0.09930568933486938
    ],
    "rotationMatrix" : [
      -0.040223658084869385,
      0.10203829407691956,
      0.9939670562744141,
      0.9970799684524536,
      -0.06052851676940918,
      0.04656326770782471,
      0.06491449475288391,
      0.992937445640564,
      -0.09930568933486938
    ]
  },
  {
    "userAcceleration" : [
      -0.02176286280155182,
      0.005557417869567871,
      -0.00756121426820755
    ],
    "timestamp" : 1251141163544,
    "gravity" : [
      -0.0661124736070633,
      -0.992816150188446,
      0.09972423315048218
    ],
    "rotationMatrix" : [
      -0.051998794078826904,
      0.10323530435562134,
      0.99329674243927,
      0.9964562058448792,
      -0.060483574867248535,
      0.058450520038604736,
      0.06611242890357971,
      0.992816150188446,
      -0.09972423315048218
    ]
  },
  {
    "userAcceleration" : [
      -0.027241617441177368,
      0.015855789184570312,
      0.02127908170223236
    ],
    "timestamp" : 1251141173599,
    "gravity" : [
      -0.06743911653757095,
      -0.9926469326019287,
      0.10051646828651428
    ],
    "rotationMatrix" : [
      -0.06280708312988281,
      0.10476994514465332,
      0.9925110340118408,
      0.9957443475723267,
      -0.06062072515487671,
      0.06941106915473938,
      0.06743910908699036,
      0.9926470518112183,
      -0.10051649808883667
    ]
  },
  {
    "userAcceleration" : [
      -0.04395323991775513,
      0.028294026851654053,
      0.04741288721561432
    ],
    "timestamp" : 1251141183653,
    "gravity" : [
      -0.06877867132425308,
      -0.992466390132904,
      0.10139069706201553
    ],
    "rotationMatrix" : [
      -0.07215821743011475,
      0.1063140332698822,
      0.9917109608650208,
      0.9950189590454102,
      -0.060892462730407715,
      0.078926682472229,
      0.06877869367599487,
      0.9924664497375488,
      -0.10139071941375732
    ]
  },
  {
    "userAcceleration" : [
      -0.050826750695705414,
      0.04081416130065918,
      0.06284333765506744
    ],
    "timestamp" : 1251141193708,
    "gravity" : [
      -0.07012967020273209,
      -0.9923064708709717,
      0.10202774405479431
    ],
    "rotationMatrix" : [
      -0.08039015531539917,
      0.10756897926330566,
      0.990942120552063,
      0.9942933320999146,
      -0.061292409896850586,
      0.08731541037559509,
      0.0701296329498291,
      0.9923064708709717,
      -0.10202783346176147
    ]
  },
  {
    "userAcceleration" : [
      -0.04739581048488617,
      0.047112882137298584,
      0.05944465845823288
    ],
    "timestamp" : 1251141203762,
    "gravity" : [
      -0.07150065153837204,
      -0.9921963810920715,
      0.10214575380086899
    ],
    "rotationMatrix" : [
      -0.08764141798019409,
      0.10826143622398376,
      0.9902515411376953,
      0.9935826063156128,
      -0.06185126304626465,
      0.09469839930534363,
      0.07150062918663025,
      0.9921963214874268,
      -0.1021457314491272
    ]
  },
  {
    "userAcceleration" : [
      -0.04036105424165726,
      0.04759854078292847,
      0.039467327296733856
    ],
    "timestamp" : 1251141213817,
    "gravity" : [
      -0.07282862812280655,
      -0.9921479821205139,
      0.10167638957500458
    ],
    "rotationMatrix" : [
      -0.0946207046508789,
      0.10836085677146912,
      0.9895981550216675,
      0.9928456544876099,
      -0.06245023012161255,
      0.10176965594291687,
      0.07282865047454834,
      0.9921479225158691,
      -0.10167640447616577
    ]
  },
  {
    "userAcceleration" : [
      -0.03272901475429535,
      0.052344322204589844,
      -0.0006849914789199829
    ],
    "timestamp" : 1251141223871,
    "gravity" : [
      -0.07403668761253357,
      -0.9921481609344482,
      0.10079777240753174
    ],
    "rotationMatrix" : [
      -0.10185748338699341,
      0.10806992650032043,
      0.9889112710952759,
      0.9920399188995361,
      -0.06294852495193481,
      0.10905906558036804,
      0.07403671741485596,
      0.9921481609344482,
      -0.10079777240753174
    ]
  },
  {
    "userAcceleration" : [
      -0.01889113336801529,
      0.07089728116989136,
      -0.04131818562746048
    ],
    "timestamp" : 1251141233925,
    "gravity" : [
      -0.07520978897809982,
      -0.9921464920043945,
      0.09994232654571533
    ],
    "rotationMatrix" : [
      -0.11008012294769287,
      0.10787457227706909,
      0.988051176071167,
      0.991072952747345,
      -0.06330931186676025,
      0.11732906103134155,
      0.07520982623100281,
      0.9921465516090393,
      -0.09994232654571533
    ]
  },
  {
    "userAcceleration" : [
      -0.004378266632556915,
      0.09523767232894897,
      -0.06531191617250443
    ],
    "timestamp" : 1251141243980,
    "gravity" : [
      -0.0764475092291832,
      -0.9921033978462219,
      0.09943044930696487
    ],
    "rotationMatrix" : [
      -0.11993139982223511,
      0.10814785957336426,
      0.986873984336853,
      0.9898343086242676,
      -0.06351906061172485,
      0.12725216150283813,
      0.0764474868774414,
      0.9921033978462219,
      -0.09943044185638428
    ]
  },
  {
    "userAcceleration" : [
      0.021506696939468384,
      0.12067258358001709,
      -0.057859063148498535
    ],
    "timestamp" : 1251141254034,
    "gravity" : [
      -0.0778878927230835,
      -0.991995096206665,
      0.09939337521791458
    ],
    "rotationMatrix" : [
      -0.13117170333862305,
      0.10902634263038635,
      0.9853461980819702,
      0.9882951974868774,
      -0.06370890140533447,
      0.13861364126205444,
      0.07788792252540588,
      0.9919951558113098,
      -0.09939336776733398
    ]
  },
  {
    "userAcceleration" : [
      0.045247673988342285,
      0.13295787572860718,
      -0.023807764053344727
    ],
    "timestamp" : 1251141264089,
    "gravity" : [
      -0.07956467568874359,
      -0.9918292760848999,
      0.09972012788057327
    ],
    "rotationMatrix" : [
      -0.14326244592666626,
      0.11037629842758179,
      0.9835104942321777,
      0.986481249332428,
      -0.06396645307540894,
      0.15087401866912842,
      0.07956469058990479,
      0.9918292760848999,
      -0.09972012042999268
    ]
  },
  {
    "userAcceleration" : [
      0.06819087266921997,
      0.14193075895309448,
      0.019583098590373993
    ],
    "timestamp" : 1251141274143,
    "gravity" : [
      -0.08148124068975449,
      -0.9916315674781799,
      0.10013722628355026
    ],
    "rotationMatrix" : [
      -0.15563803911209106,
      0.11189833283424377,
      0.9814558029174805,
      0.9844478368759155,
      -0.06438499689102173,
      0.16345331072807312,
      0.08148124814033508,
      0.9916316270828247,
      -0.10013723373413086
    ]
  },
  {
    "userAcceleration" : [
      0.0707738921046257,
      0.15347415208816528,
      0.05881322920322418
    ],
    "timestamp" : 1251141284198,
    "gravity" : [
      -0.0835302323102951,
      -0.9914410710334778,
      0.10033584386110306
    ],
    "rotationMatrix" : [
      -0.16755861043930054,
      0.11322805285453796,
      0.9793383479118347,
      0.9823170900344849,
      -0.0649922788143158,
      0.17558243870735168,
      0.0835302472114563,
      0.9914411306381226,
      -0.10033586621284485
    ]
  },
  {
    "userAcceleration" : [
      0.027518093585968018,
      0.1566234827041626,
      0.0932253748178482
    ],
    "timestamp" : 1251141294252,
    "gravity" : [
      -0.08534887433052063,
      -0.9913250803947449,
      0.09995082020759583
    ],
    "rotationMatrix" : [
      -0.1788851022720337,
      0.11393299698829651,
      0.9772509336471558,
      0.9801610708236694,
      -0.06552758812904358,
      0.18705731630325317,
      0.08534887433052063,
      0.9913250803947449,
      -0.09995082020759583
    ]
  },
  {
    "userAcceleration" : [
      -0.011050894856452942,
      0.14756542444229126,
      0.11883378028869629
    ],
    "timestamp" : 1251141304308,
    "gravity" : [
      -0.08655954897403717,
      -0.9913458228111267,
      0.09869538992643356
    ],
    "rotationMatrix" : [
      -0.18942081928253174,
      0.1136370301246643,
      0.9752981066703796,
      0.9780731797218323,
      -0.0657263994216919,
      0.19761791825294495,
      0.08655959367752075,
      0.9913458824157715,
      -0.09869539737701416
    ]
  },
  {
    "userAcceleration" : [
      -0.024862103164196014,
      0.13131290674209595,
      0.12181912362575531
    ],
    "timestamp" : 1251141314362,
    "gravity" : [
      -0.08695428818464279,
      -0.9915269613265991,
      0.09650348126888275
    ],
    "rotationMatrix" : [
      -0.19906657934188843,
      0.11221063137054443,
      0.9735404849052429,
      0.9761204719543457,
      -0.0654427707195282,
      0.20713719725608826,
      0.08695429563522339,
      0.9915269613265991,
      -0.09650352597236633
    ]
  },
  {
    "userAcceleration" : [
      -0.02463655173778534,
      0.125501811504364,
      0.11059211939573288
    ],
    "timestamp" : 1251141324416,
    "gravity" : [
      -0.08643213659524918,
      -0.9918651580810547,
      0.09344835579395294
    ],
    "rotationMatrix" : [
      -0.2079538106918335,
      0.10969522595405579,
      0.9719679355621338,
      0.9743121862411499,
      -0.06457608938217163,
      0.21574363112449646,
      0.08643218874931335,
      0.9918651580810547,
      -0.09344834089279175
    ]
  },
  {
    "userAcceleration" : [
      -0.010113552212715149,
      0.1260698437690735,
      0.09516477584838867
    ],
    "timestamp" : 1251141334471,
    "gravity" : [
      -0.08505548536777496,
      -0.9923416972160339,
      0.08957324177026749
    ],
    "rotationMatrix" : [
      -0.21634143590927124,
      0.10614755749702454,
      0.9705302715301514,
      0.9726057052612305,
      -0.06317046284675598,
      0.22371312975883484,
      0.08505550026893616,
      0.9923416376113892,
      -0.08957323431968689
    ]
  },
  {
    "userAcceleration" : [
      0.017274439334869385,
      0.13134312629699707,
      0.0751957893371582
    ],
    "timestamp" : 1251141344525,
    "gravity" : [
      -0.0832839235663414,
      -0.992900013923645,
      0.08492989093065262
    ],
    "rotationMatrix" : [
      -0.2245025634765625,
      0.10172954201698303,
      0.9691488742828369,
      0.9709079265594482,
      -0.06164741516113281,
      0.2313811182975769,
      0.08328390121459961,
      0.9929000735282898,
      -0.0849299430847168
    ]
  },
  {
    "userAcceleration" : [
      0.04181157797574997,
      0.13288003206253052,
      0.05223678797483444
    ],
    "timestamp" : 1251141354580,
    "gravity" : [
      -0.08146914094686508,
      -0.9934908151626587,
      0.07961433380842209
    ],
    "rotationMatrix" : [
      -0.23259156942367554,
      0.09662595391273499,
      0.9677624702453613,
      0.9691561460494995,
      -0.06032493710517883,
      0.23894977569580078,
      0.08146905899047852,
      0.9934908151626587,
      -0.07961437106132507
    ]
  },
  {
    "userAcceleration" : [
      0.05487894266843796,
      0.13538241386413574,
      0.030923843383789062
    ],
    "timestamp" : 1251141364634,
    "gravity" : [
      -0.07994910329580307,
      -0.9940553903579712,
      0.07390398532152176
    ],
    "rotationMatrix" : [
      -0.2406180500984192,
      0.09119477868080139,
      0.9663261771202087,
      0.967321515083313,
      -0.059474170207977295,
      0.24647867679595947,
      0.07994908094406128,
      0.9940553903579712,
      -0.07390403747558594
    ]
  },
  {
    "userAcceleration" : [
      0.05388706177473068,
      0.13033616542816162,
      0.004091143608093262
    ],
    "timestamp" : 1251141374689,
    "gravity" : [
      -0.0787130743265152,
      -0.9945633411407471,
      0.06817439198493958
    ],
    "rotationMatrix" : [
      -0.24854648113250732,
      0.08580595254898071,
      0.9648116827011108,
      0.9654162526130676,
      -0.05899861454963684,
      0.25394943356513977,
      0.078713059425354,
      0.9945633411407471,
      -0.06817439198493958
    ]
  },
  {
    "userAcceleration" : [
      0.03503116965293884,
      0.11834937334060669,
      -0.01817023754119873
    ],
    "timestamp" : 1251141384743,
    "gravity" : [
      -0.07757266610860825,
      -0.9950125217437744,
      0.06271054595708847
    ],
    "rotationMatrix" : [
      -0.2566080093383789,
      0.08070734143257141,
      0.9631399512290955,
      0.9633975028991699,
      -0.05862131714820862,
      0.26158884167671204,
      0.07757264375686646,
      0.9950125217437744,
      -0.06271055340766907
    ]
  },
  {
    "userAcceleration" : [
      0.013963200151920319,
      0.10654044151306152,
      -0.025767207145690918
    ],
    "timestamp" : 1251141394798,
    "gravity" : [
      -0.07634111493825912,
      -0.9954105615615845,
      0.05770377814769745
    ],
    "rotationMatrix" : [
      -0.26464414596557617,
      0.07602539658546448,
      0.9613445401191711,
      0.9613195657730103,
      -0.05811908841133118,
      0.26923349499702454,
      0.07634109258651733,
      0.9954105615615845,
      -0.057703763246536255
    ]
  },
  {
    "userAcceleration" : [
      -0.004756271839141846,
      0.100832998752594,
      -0.019924521446228027
    ],
    "timestamp" : 1251141404852,
    "gravity" : [
      -0.07484881579875946,
      -0.9957761168479919,
      0.05317336693406105
    ],
    "rotationMatrix" : [
      -0.27232158184051514,
      0.07170739769935608,
      0.9595305919647217,
      0.959290623664856,
      -0.057339370250701904,
      0.2765386402606964,
      0.07484880089759827,
      0.9957761764526367,
      -0.05317336320877075
    ]
  },
  {
    "userAcceleration" : [
      -0.012951582670211792,
      0.10162502527236938,
      -0.008232831954956055
    ],
    "timestamp" : 1251141414907,
    "gravity" : [
      -0.07303166389465332,
      -0.9961256980895996,
      0.0489889420568943
    ],
    "rotationMatrix" : [
      -0.2792653441429138,
      0.06758028268814087,
      0.9578328132629395,
      0.9574325680732727,
      -0.05627116560935974,
      0.28311887383461,
      0.07303166389465332,
      0.9961256980895996,
      -0.04898896813392639
    ]
  },
  {
    "userAcceleration" : [
      -0.008511826395988464,
      0.10281646251678467,
      0.00042533501982688904
    ],
    "timestamp" : 1251141424961,
    "gravity" : [
      -0.07100169360637665,
      -0.9964625239372253,
      0.04495421424508095
    ],
    "rotationMatrix" : [
      -0.28513360023498535,
      0.06346306204795837,
      0.9563843011856079,
      0.9558541774749756,
      -0.05508679151535034,
      0.2886311113834381,
      0.07100173830986023,
      0.9964625835418701,
      -0.04495424032211304
    ]
  },
  {
    "userAcceleration" : [
      0.004422292113304138,
      0.1054229736328125,
      -0.0035978592932224274
    ],
    "timestamp" : 1251141435015,
    "gravity" : [
      -0.06895168870687485,
      -0.9967802166938782,
      0.040920741856098175
    ],
    "rotationMatrix" : [
      -0.29019302129745483,
      0.05928501486778259,
      0.9551298022270203,
      0.9544806480407715,
      -0.053982704877853394,
      0.29334667325019836,
      0.06895166635513306,
      0.996780276298523,
      -0.040920764207839966
    ]
  },
  {
    "userAcceleration" : [
      0.017576299607753754,
      0.10665303468704224,
      -0.0245666466653347
    ],
    "timestamp" : 1251141445070,
    "gravity" : [
      -0.06709105521440506,
      -0.997064471244812,
      0.03689568117260933
    ],
    "rotationMatrix" : [
      -0.29460060596466064,
      0.05512642860412598,
      0.9540291428565979,
      0.953262448310852,
      -0.053137362003326416,
      0.2974342405796051,
      0.06709104776382446,
      0.997064471244812,
      -0.036895692348480225
    ]
  },
  {
    "userAcceleration" : [
      0.024800710380077362,
      0.1073523759841919,
      -0.04861009120941162
    ],
    "timestamp" : 1251141455124,
    "gravity" : [
      -0.06551113724708557,
      -0.9973059296607971,
      0.033000268042087555
    ],
    "rotationMatrix" : [
      -0.29863864183425903,
      0.0511510968208313,
      0.9529944658279419,
      0.9521151185035706,
      -0.05257651209831238,
      0.30118516087532043,
      0.06551113724708557,
      0.9973059892654419,
      -0.03300026059150696
    ]
  },
  {
    "userAcceleration" : [
      0.025782510638237,
      0.10148066282272339,
      -0.06820285320281982
    ],
    "timestamp" : 1251141465179,
    "gravity" : [
      -0.0641888752579689,
      -0.9975073337554932,
      0.029308155179023743
    ],
    "rotationMatrix" : [
      -0.30289143323898315,
      0.047457337379455566,
      0.9518427848815918,
      0.9508609771728516,
      -0.05222052335739136,
      0.3051826059818268,
      0.0641888678073883,
      0.9975073337554932,
      -0.029308199882507324
    ]
  },
  {
    "userAcceleration" : [
      0.02440812438726425,
      0.09181880950927734,
      -0.07757091522216797
    ],
    "timestamp" : 1251141475233,
    "gravity" : [
      -0.06311964243650436,
      -0.9976720213890076,
      0.02581297978758812
    ],
    "rotationMatrix" : [
      -0.307766854763031,
      0.04406246542930603,
      0.9504408836364746,
      0.9493657350540161,
      -0.05204704403877258,
      0.3098316788673401,
      0.06311967968940735,
      0.9976720213890076,
      -0.02581295371055603
    ]
  },
  {
    "userAcceleration" : [
      0.0278666652739048,
      0.0854310393333435,
      -0.07702958583831787
    ],
    "timestamp" : 1251141485288,
    "gravity" : [
      -0.06236676499247551,
      -0.9977997541427612,
      0.022494623437523842
    ],
    "rotationMatrix" : [
      -0.3132827877998352,
      0.040970951318740845,
      0.9487757086753845,
      0.9476097822189331,
      -0.05212488770484924,
      0.3151487112045288,
      0.062366783618927,
      0.9977997541427612,
      -0.022494643926620483
    ]
  },
  {
    "userAcceleration" : [
      0.028576120734214783,
      0.08016157150268555,
      -0.07114112377166748
    ],
    "timestamp" : 1251141495342,
    "gravity" : [
      -0.06202337145805359,
      -0.9978860020637512,
      0.01939850114285946
    ],
    "rotationMatrix" : [
      -0.3190464377403259,
      0.038239091634750366,
      0.9469671249389648,
      0.9457072019577026,
      -0.05254483222961426,
      0.3207438886165619,
      0.062023311853408813,
      0.9978859424591064,
      -0.019398510456085205
    ]
  },
  {
    "userAcceleration" : [
      0.027143768966197968,
      0.06804084777832031,
      -0.061501387506723404
    ],
    "timestamp" : 1251141505397,
    "gravity" : [
      -0.06214740872383118,
      -0.9979264736175537,
      0.01673203520476818
    ],
    "rotationMatrix" : [
      -0.324862539768219,
      0.03607738018035889,
      0.945072591304779,
      0.943716824054718,
      -0.05329790711402893,
      0.3264313340187073,
      0.062147438526153564,
      0.9979265332221985,
      -0.016732066869735718
    ]
  },
  {
    "userAcceleration" : [
      0.020737916231155396,
      0.05452471971511841,
      -0.04799997806549072
    ],
    "timestamp" : 1251141515451,
    "gravity" : [
      -0.0626080110669136,
      -0.9979296922683716,
      0.014705246314406395
    ],
    "rotationMatrix" : [
      -0.3304712772369385,
      0.03463172912597656,
      0.9431802034378052,
      0.9417369961738586,
      -0.054190754890441895,
      0.33195552229881287,
      0.06260797381401062,
      0.9979296922683716,
      -0.014705300331115723
    ]
  },
  {
    "userAcceleration" : [
      0.008431613445281982,
      0.036330997943878174,
      -0.022313952445983887
    ],
    "timestamp" : 1251141525506,
    "gravity" : [
      -0.06324116885662079,
      -0.9979093074798584,
      0.01332648005336523
    ],
    "rotationMatrix" : [
      -0.33558499813079834,
      0.03383910655975342,
      0.941402018070221,
      0.9398847222328186,
      -0.055063217878341675,
      0.33702340722084045,
      0.06324118375778198,
      0.9979093074798584,
      -0.013326495885848999
    ]
  },
  {
    "userAcceleration" : [
      -0.003764599561691284,
      0.016244709491729736,
      0.007140280678868294
    ],
    "timestamp" : 1251141535560,
    "gravity" : [
      -0.06377077102661133,
      -0.9978883862495422,
      0.012329785153269768
    ],
    "rotationMatrix" : [
      -0.33992666006088257,
      0.03333607316017151,
      0.9398609399795532,
      0.9382873773574829,
      -0.055744469165802,
      0.341334730386734,
      0.06377077102661133,
      0.997888445854187,
      -0.012329816818237305
    ]
  },
  {
    "userAcceleration" : [
      -0.014911748468875885,
      -7.009506225585938e-05,
      0.03192150592803955
    ],
    "timestamp" : 1251141545614,
    "gravity" : [
      -0.06400667876005173,
      -0.9978852272033691,
      0.011321797035634518
    ],
    "rotationMatrix" : [
      -0.3438766598701477,
      0.032704442739486694,
      0.9384450912475586,
      0.9368307590484619,
      -0.056173473596572876,
      0.34524282813072205,
      0.06400668621063232,
      0.9978852272033691,
      -0.01132175326347351
    ]
  },
  {
    "userAcceleration" : [
      -0.025310471653938293,
      0.000704646110534668,
      0.055223822593688965
    ],
    "timestamp" : 1251141555669,
    "gravity" : [
      -0.06381610780954361,
      -0.9979121685028076,
      0.00993113499134779
    ],
    "rotationMatrix" : [
      -0.34758591651916504,
      0.031554192304611206,
      0.9371169805526733,
      0.9354737997055054,
      -0.05635109543800354,
      0.34887397289276123,
      0.06381610035896301,
      0.9979121685028076,
      -0.009931117296218872
    ]
  },
  {
    "userAcceleration" : [
      -0.03246122598648071,
      0.010409057140350342,
      0.07040894031524658
    ],
    "timestamp" : 1251141565723,
    "gravity" : [
      -0.0631503015756607,
      -0.9979730248451233,
      0.007853254675865173
    ],
    "rotationMatrix" : [
      -0.35111165046691895,
      0.029582440853118896,
      0.935866117477417,
      0.9342015385627747,
      -0.056342750787734985,
      0.3522682189941406,
      0.0631503164768219,
      0.9979730844497681,
      -0.007853299379348755
    ]
  },
  {
    "userAcceleration" : [
      -0.03402354568243027,
      0.011384844779968262,
      0.07631337642669678
    ],
    "timestamp" : 1251141575778,
    "gravity" : [
      -0.062000006437301636,
      -0.9980638027191162,
      0.004939562641084194
    ],
    "rotationMatrix" : [
      -0.3541816473007202,
      0.02662840485572815,
      0.9347972869873047,
      0.9331190586090088,
      -0.0562078058719635,
      0.35514697432518005,
      0.062000006437301636,
      0.9980638027191162,
      -0.00493958592414856
    ]
  },
  {
    "userAcceleration" : [
      -0.02650153636932373,
      0.016703784465789795,
      0.0656132698059082
    ],
    "timestamp" : 1251141585832,
    "gravity" : [
      -0.06054983288049698,
      -0.9981643557548523,
      0.0012506409548223019
    ],
    "rotationMatrix" : [
      -0.3569961190223694,
      0.022825807332992554,
      0.9338269233703613,
      0.9321413040161133,
      -0.05609661340713501,
      0.3577229678630829,
      0.06054985523223877,
      0.9981644153594971,
      -0.001250624656677246
    ]
  },
  {
    "userAcceleration" : [
      -0.01552727073431015,
      0.02787041664123535,
      0.03270465135574341
    ],
    "timestamp" : 1251141595887,
    "gravity" : [
      -0.05901189148426056,
      -0.9982531070709229,
      -0.0029043257236480713
    ],
    "rotationMatrix" : [
      -0.3596946597099304,
      0.018549174070358276,
      0.9328857660293579,
      0.9312021732330322,
      -0.05609610676765442,
      0.36016082763671875,
      0.05901190638542175,
      0.9982531070709229,
      0.0029043257236480713
    ]
  },
  {
    "userAcceleration" : [
      -0.010532520711421967,
      0.03359699249267578,
      -0.0012236228212714195
    ],
    "timestamp" : 1251141605941,
    "gravity" : [
      -0.05752164125442505,
      -0.9983184337615967,
      -0.007153523154556751
    ],
    "rotationMatrix" : [
      -0.3627726435661316,
      0.014225959777832031,
      0.9317687749862671,
      0.9301003813743591,
      -0.056191712617874146,
      0.3629812002182007,
      0.057521671056747437,
      0.9983184337615967,
      0.007153540849685669
    ]
  },
  {
    "userAcceleration" : [
      -0.014224912971258163,
      0.03156542778015137,
      -0.02051997184753418
    ],
    "timestamp" : 1251141615996,
    "gravity" : [
      -0.056087564677000046,
      -0.9983620643615723,
      -0.01126418448984623
    ],
    "rotationMatrix" : [
      -0.366632342338562,
      0.010101079940795898,
      0.9303107261657715,
      0.9286733865737915,
      -0.056308358907699585,
      0.3665987253189087,
      0.05608758330345154,
      0.9983620643615723,
      0.011264234781265259
    ]
  },
  {
    "userAcceleration" : [
      -0.0168241485953331,
      0.023718714714050293,
      -0.015484749339520931
    ],
    "timestamp" : 1251141626050,
    "gravity" : [
      -0.05466326326131821,
      -0.998388946056366,
      -0.015200784429907799
    ],
    "rotationMatrix" : [
      -0.37109464406967163,
      0.006180316209793091,
      0.9285742044448853,
      0.926984429359436,
      -0.05639958381652832,
      0.3708348870277405,
      0.054663240909576416,
      0.998388946056366,
      0.015200793743133545
    ]
  },
  {
    "userAcceleration" : [
      -0.00817619264125824,
      0.0046593546867370605,
      0.0014139395207166672
    ],
    "timestamp" : 1251141636105,
    "gravity" : [
      -0.05319465696811676,
      -0.9984033107757568,
      -0.01900741271674633
    ],
    "rotationMatrix" : [
      -0.3761184811592102,
      0.002399623394012451,
      0.9265685081481934,
      0.9250433444976807,
      -0.056437551975250244,
      0.37564557790756226,
      0.053194671869277954,
      0.9984032511711121,
      0.019007444381713867
    ]
  },
  {
    "userAcceleration" : [
      0.0006731264293193817,
      -0.007010698318481445,
      0.022923827171325684
    ],
    "timestamp" : 1251141646159,
    "gravity" : [
      -0.051652733236551285,
      -0.9984061121940613,
      -0.022740820422768593
    ],
    "rotationMatrix" : [
      -0.3814985156059265,
      -0.001317530870437622,
      0.9243683815002441,
      0.9229251146316528,
      -0.05642169713973999,
      0.38082247972488403,
      0.051652759313583374,
      0.9984061121940613,
      0.022740840911865234
    ]
  },
  {
    "userAcceleration" : [
      0.01571575179696083,
      -0.005466759204864502,
      0.04466003179550171
    ],
    "timestamp" : 1251141656213,
    "gravity" : [
      -0.050093792378902435,
      -0.9983936548233032,
      -0.026471644639968872
    ],
    "rotationMatrix" : [
      -0.38677865266799927,
      -0.005043923854827881,
      0.9221587181091309,
      0.9208109378814697,
      -0.05643308162689209,
      0.3859046995639801,
      0.050093770027160645,
      0.9983936548233032,
      0.02647167444229126
    ]
  },
  {
    "userAcceleration" : [
      0.03346634283661842,
      0.0013904571533203125,
      0.06188863515853882
    ],
    "timestamp" : 1251141666268,
    "gravity" : [
      -0.04869460687041283,
      -0.998353898525238,
      -0.030303064733743668
    ],
    "rotationMatrix" : [
      -0.39211273193359375,
      -0.008795708417892456,
      0.9198750257492065,
      0.9186273813247681,
      -0.056675106287002563,
      0.39103901386260986,
      0.04869458079338074,
      0.9983538389205933,
      0.030303090810775757
    ]
  },
  {
    "userAcceleration" : [
      0.04130078852176666,
      0.008986055850982666,
      0.08123779296875
    ],
    "timestamp" : 1251141676322,
    "gravity" : [
      -0.04761791229248047,
      -0.9982742667198181,
      -0.03436288982629776
    ],
    "rotationMatrix" : [
      -0.39714664220809937,
      -0.012644141912460327,
      0.917667806148529,
      0.9165188074111938,
      -0.05734437704086304,
      0.39585933089256287,
      0.04761791229248047,
      0.9982742071151733,
      0.03436291217803955
    ]
  },
  {
    "userAcceleration" : [
      0.037363581359386444,
      0.011544644832611084,
      0.09842807054519653
    ],
    "timestamp" : 1251141686377,
    "gravity" : [
      -0.04685454070568085,
      -0.9981472492218018,
      -0.03881204128265381
    ],
    "rotationMatrix" : [
      -0.40156638622283936,
      -0.016754895448684692,
      0.9156763553619385,
      0.9146302938461304,
      -0.05848896503448486,
      0.400037556886673,
      0.04685452580451965,
      0.9981472492218018,
      0.03881204128265381
    ]
  },
  {
    "userAcceleration" : [
      0.02448422461748123,
      0.008378207683563232,
      0.10536789894104004
    ],
    "timestamp" : 1251141696431,
    "gravity" : [
      -0.046197474002838135,
      -0.9979717135429382,
      -0.043798770755529404
    ],
    "rotationMatrix" : [
      -0.4053475260734558,
      -0.021345585584640503,
      0.9139135479927063,
      0.9129947423934937,
      -0.0599743127822876,
      0.40353912115097046,
      0.046197474002838135,
      0.9979717135429382,
      0.043798744678497314
    ]
  },
  {
    "userAcceleration" : [
      -0.0012842975556850433,
      0.012318074703216553,
      0.09848123788833618
    ],
    "timestamp" : 1251141706486,
    "gravity" : [
      -0.04540757089853287,
      -0.9977457523345947,
      -0.04940902069211006
    ],
    "rotationMatrix" : [
      -0.4085236191749573,
      -0.026588529348373413,
      0.9123601317405701,
      0.9116172790527344,
      -0.0616125762462616,
      0.4063955843448639,
      0.04540753364562988,
      0.9977457523345947,
      0.04940900206565857
    ]
  },
  {
    "userAcceleration" : [
      -0.017005860805511475,
      0.016816318035125732,
      0.07546389102935791
    ],
    "timestamp" : 1251141716540,
    "gravity" : [
      -0.04438023269176483,
      -0.997468113899231,
      -0.055566489696502686
    ],
    "rotationMatrix" : [
      -0.4113198518753052,
      -0.032443851232528687,
      0.910913348197937,
      0.9104098081588745,
      -0.06328204274177551,
      0.40883868932724,
      0.044380247592926025,
      0.9974680542945862,
      0.05556651949882507
    ]
  },
  {
    "userAcceleration" : [
      -0.008313871920108795,
      0.016027748584747314,
      0.043943047523498535
    ],
    "timestamp" : 1251141726595,
    "gravity" : [
      -0.04319978505373001,
      -0.9971372485160828,
      -0.062055278569459915
    ],
    "rotationMatrix" : [
      -0.41403353214263916,
      -0.03865998983383179,
      0.9094401597976685,
      0.9092358350753784,
      -0.06498047709465027,
      0.41117826104164124,
      0.043199777603149414,
      0.9971373081207275,
      0.06205525994300842
    ]
  },
  {
    "userAcceleration" : [
      -0.004298217594623566,
      0.028966665267944336,
      0.02668173611164093
    ],
    "timestamp" : 1251141736649,
    "gravity" : [
      -0.04185960814356804,
      -0.9967551231384277,
      -0.0687502920627594
    ],
    "rotationMatrix" : [
      -0.4166165590286255,
      -0.04512938857078552,
      0.9079611301422119,
      0.9081177711486816,
      -0.06664907932281494,
      0.4133758842945099,
      0.041859596967697144,
      0.9967551231384277,
      0.06875026226043701
    ]
  },
  {
    "userAcceleration" : [
      0.005010291934013367,
      0.05143594741821289,
      0.013689160346984863
    ],
    "timestamp" : 1251141746704,
    "gravity" : [
      -0.040517471730709076,
      -0.9963058233261108,
      -0.07571620494127274
    ],
    "rotationMatrix" : [
      -0.4188477396965027,
      -0.05186331272125244,
      0.9065741300582886,
      0.907151997089386,
      -0.06844562292098999,
      0.4151991605758667,
      0.04051750898361206,
      0.9963058233261108,
      0.07571625709533691
    ]
  },
  {
    "userAcceleration" : [
      0.01884283870458603,
      0.06491661071777344,
      -0.0034578517079353333
    ],
    "timestamp" : 1251141756758,
    "gravity" : [
      -0.03947271779179573,
      -0.9957637786865234,
      -0.08304432779550552
    ],
    "rotationMatrix" : [
      -0.42089420557022095,
      -0.058807045221328735,
      0.9052014350891113,
      0.9062504768371582,
      -0.0706835389137268,
      0.4167899489402771,
      0.03947266936302185,
      0.9957637190818787,
      0.08304429054260254
    ]
  },
  {
    "userAcceleration" : [
      0.015494469553232193,
      0.07008194923400879,
      -0.011931180953979492
    ],
    "timestamp" : 1251141766813,
    "gravity" : [
      -0.0390082485973835,
      -0.9951154589653015,
      -0.09068429470062256
    ],
    "rotationMatrix" : [
      -0.42336732149124146,
      -0.06574586033821106,
      0.9035694599151611,
      0.9051179885864258,
      -0.07363948225975037,
      0.4187346398830414,
      0.03900822997093201,
      0.9951153993606567,
      0.09068426489830017
    ]
  },
  {
    "userAcceleration" : [
      -0.0002370104193687439,
      0.07724016904830933,
      -0.023975789546966553
    ],
    "timestamp" : 1251141776867,
    "gravity" : [
      -0.039054352790117264,
      -0.9943848848342896,
      -0.09835399687290192
    ],
    "rotationMatrix" : [
      -0.4264208674430847,
      -0.07243108749389648,
      0.9016202688217163,
      0.9036814570426941,
      -0.07715243101119995,
      0.42119765281677246,
      0.03905436396598816,
      0.9943848848342896,
      0.09835398197174072
    ]
  },
  {
    "userAcceleration" : [
      -0.02969301864504814,
      0.07582610845565796,
      -0.019961945712566376
    ],
    "timestamp" : 1251141786921,
    "gravity" : [
      -0.039200395345687866,
      -0.9935963749885559,
      -0.1059689074754715
    ],
    "rotationMatrix" : [
      -0.42992299795150757,
      -0.07896146178245544,
      0.899405837059021,
      0.902013897895813,
      -0.0808153748512268,
      0.42407485842704773,
      0.039200425148010254,
      0.9935963153839111,
      0.10596895217895508
    ]
  },
  {
    "userAcceleration" : [
      -0.050373438745737076,
      0.05215740203857422,
      0.0013965368270874023
    ],
    "timestamp" : 1251141796976,
    "gravity" : [
      -0.03916512802243233,
      -0.9927548766136169,
      -0.11359447985887527
    ],
    "rotationMatrix" : [
      -0.43376415967941284,
      -0.08552062511444092,
      0.8969584703445435,
      0.900174617767334,
      -0.08440256118774414,
      0.4272722005844116,
      0.03916513919830322,
      0.9927548170089722,
      0.11359447240829468
    ]
  },
  {
    "userAcceleration" : [
      -0.05025725066661835,
      0.02603888511657715,
      0.025942504405975342
    ],
    "timestamp" : 1251141807030,
    "gravity" : [
      -0.03877776116132736,
      -0.9918438792228699,
