[
  {
    "userAcceleration" : [
      -0.044952258467674255,
      0.014631569385528564,
      0.009434401988983154
    ],
    "gravity" : [
      0.02105698548257351,
      -0.9997084140777588,
      -0.011814874596893787
    ],
    "timestamp" : 1251221504078,
    "rotationMatrix" : [
      0.9568962454795837,
      0.01672855019569397,
      0.28994786739349365,
      0.28966569900512695,
      0.017411014065146446,
      -0.9569694995880127,
      -0.021056994795799255,
      0.9997084140777588,
      0.011814847588539124
    ]
  },
  {
    "userAcceleration" : [
      -0.061810072511434555,
      0.009273350238800049,
      -0.027588607743382454
    ],
    "gravity" : [
      0.020626600831747055,
      -0.9996297955513,
      -0.017745336517691612
    ],
    "timestamp" : 1251221514133,
    "rotationMatrix" : [
      0.9587047696113586,
      0.014740213751792908,
      0.28402090072631836,
      0.2836541533470154,
      0.022870907559990883,
      -0.9586539268493652,
      -0.02062658965587616,
      0.9996298551559448,
      0.017745323479175568
    ]
  },
  {
    "userAcceleration" : [
      -0.0751386433839798,
      -0.003752291202545166,
      -0.06259751319885254
    ],
    "gravity" : [
      0.02025276981294155,
      -0.9995130300521851,
      -0.02373681589961052
    ],
    "timestamp" : 1251221524188,
    "rotationMatrix" : [
      0.9601096510887146,
      0.012820735573768616,
      0.27932968735694885,
      0.27888935804367065,
      0.02844713069498539,
      -0.959901750087738,
      -0.020252764225006104,
      0.9995129704475403,
      0.023736799135804176
    ]
  },
  {
    "userAcceleration" : [
      -0.07733138650655746,
      -0.010565757751464844,
      -0.0904470682144165
    ],
    "gravity" : [
      0.02004990540444851,
      -0.9993675947189331,
      -0.029365019872784615
    ],
    "timestamp" : 1251221534242,
    "rotationMatrix" : [
      0.9618431925773621,
      0.011264503002166748,
      0.27336931228637695,
      0.2728656828403473,
      0.033725589513778687,
      -0.9614607691764832,
      -0.020049914717674255,
      0.9993676543235779,
      0.02936503104865551
    ]
  },
  {
    "userAcceleration" : [
      -0.07155797630548477,
      -0.0099906325340271,
      -0.11064642667770386
    ],
    "gravity" : [
      0.019952766597270966,
      -0.9992102980613708,
      -0.034357950091362
    ],
    "timestamp" : 1251221544297,
    "rotationMatrix" : [
      0.9631490707397461,
      0.009990587830543518,
      0.2687825560569763,
      0.2682270407676697,
      0.0384548157453537,
      -0.9625877141952515,
      -0.019952774047851562,
      0.9992102384567261,
      0.03435797616839409
    ]
  },
  {
    "userAcceleration" : [
      -0.06157342717051506,
      -0.0017132759094238281,
      -0.12281018495559692
    ],
    "gravity" : [
      0.019779611378908157,
      -0.9990648031234741,
      -0.03844480589032173
    ],
    "timestamp" : 1251221554352,
    "rotationMatrix" : [
      0.9644984006881714,
      0.008938804268836975,
      0.26393723487854004,
      0.263346791267395,
      0.04230055212974548,
      -0.963773250579834,
      -0.019779615104198456,
      0.9990648031234741,
      0.03844481706619263
    ]
  },
  {
    "userAcceleration" : [
      -0.04893474280834198,
      0.010381937026977539,
      -0.12652850151062012
    ],
    "gravity" : [
      0.01940898224711418,
      -0.9989529848098755,
      -0.041425082832574844
    ],
    "timestamp" : 1251221564407,
    "rotationMatrix" : [
      0.9658153653144836,
      0.008020401000976562,
      0.25910675525665283,
      0.2585032284259796,
      0.04503803700208664,
      -0.9649598002433777,
      -0.01940898597240448,
      0.9989529252052307,
      0.04142513498663902
    ]
  },
  {
    "userAcceleration" : [
      -0.043890438973903656,
      0.020874857902526855,
      -0.11908847093582153
    ],
    "gravity" : [
      0.01878974214196205,
      -0.9988868832588196,
      -0.04326513037085533
    ],
    "timestamp" : 1251221574462,
    "rotationMatrix" : [
      0.9671946167945862,
      0.007194839417934418,
      0.25393471121788025,
      0.2533407509326935,
      0.04661716893315315,
      -0.9662531614303589,
      -0.01878974586725235,
      0.9988868236541748,
      0.04326513037085533
    ]
  },
  {
    "userAcceleration" : [
      -0.04578506946563721,
      0.029306352138519287,
      -0.10218411684036255
    ],
    "gravity" : [
      0.017953043803572655,
      -0.9988649487495422,
      -0.04411726072430611
    ],
    "timestamp" : 1251221584517,
    "rotationMatrix" : [
      0.9686238765716553,
      0.006436236202716827,
      0.24844783544540405,
      0.2478819191455841,
      0.04719340056180954,
      -0.9676400423049927,
      -0.017953060567378998,
      0.998865008354187,
      0.04411723092198372
    ]
  },
  {
    "userAcceleration" : [
      -0.05103401839733124,
      0.031999826431274414,
      -0.07924902439117432
    ],
    "gravity" : [
      0.017037425190210342,
      -0.9988728761672974,
      -0.04430148005485535
    ],
    "timestamp" : 1251221594572,
    "rotationMatrix" : [
      0.9701293706893921,
      0.00579109787940979,
      0.24251887202262878,
      0.24198898673057556,
      0.047110043466091156,
      -0.9691345691680908,
      -0.017037414014339447,
      0.9988728761672974,
      0.044301457703113556
    ]
  },
  {
    "userAcceleration" : [
      -0.052465617656707764,
      0.03136169910430908,
      -0.05570954084396362
    ],
    "gravity" : [
      0.016164952889084816,
      -0.9988908767700195,
      -0.04422038421034813
    ],
    "timestamp" : 1251221604626,
    "rotationMatrix" : [
      0.9715874791145325,
      0.005247965455055237,
      0.23662249743938446,
      0.23612801730632782,
      0.04678895324468613,
      -0.9705947637557983,
      -0.01616494357585907,
      0.9988908767700195,
      0.044220373034477234
    ]
  },
  {
    "userAcceleration" : [
      -0.05486346408724785,
      0.034609079360961914,
      -0.03464150428771973
    ],
    "gravity" : [
      0.015434755012392998,
      -0.9989034533500671,
      -0.04420076310634613
    ],
    "timestamp" : 1251221614681,
    "rotationMatrix" : [
      0.9729372262954712,
      0.004811078310012817,
      0.23101940751075745,
      0.23055341839790344,
      0.0465703159570694,
      -0.9719445705413818,
      -0.01543474942445755,
      0.9989033937454224,
      0.04420078545808792
    ]
  },
  {
    "userAcceleration" : [
      -0.054600268602371216,
      0.041776180267333984,
      -0.01581209897994995
    ],
    "gravity" : [
      0.01492743007838726,
      -0.9988988637924194,
      -0.0444754958152771
    ],
    "timestamp" : 1251221624736,
    "rotationMatrix" : [
      0.9741154909133911,
      0.004494264721870422,
      0.22600628435611725,
      0.22555755078792572,
      0.04669792950153351,
      -0.9731099605560303,
      -0.01492743194103241,
      0.9988988637924194,
      0.04447546228766441
    ]
  },
  {
    "userAcceleration" : [
      -0.0453466922044754,
      0.04597830772399902,
      -0.0030270852148532867
    ],
    "gravity" : [
      0.014554472640156746,
      -0.9988744258880615,
      -0.04514501988887787
    ],
    "timestamp" : 1251221634791,
    "rotationMatrix" : [
      0.975119411945343,
      0.004191093146800995,
      0.22164055705070496,
      0.22120186686515808,
      0.04724763333797455,
      -0.9740828275680542,
      -0.014554470777511597,
      0.9988744258880615,
      0.045145004987716675
    ]
  },
  {
    "userAcceleration" : [
      -0.044137682765722275,
      0.04116356372833252,
      0.004376646131277084
    ],
    "gravity" : [
      0.014413563534617424,
      -0.998820424079895,
      -0.04636891558766365
    ],
    "timestamp" : 1251221644846,
    "rotationMatrix" : [
      0.9759411811828613,
      0.0039631277322769165,
      0.2179979681968689,
      0.21755704283714294,
      0.04839544743299484,
      -0.9748470783233643,
      -0.014413565397262573,
      0.998820424079895,
      0.04636890068650246
    ]
  },
  {
    "userAcceleration" : [
      -0.04045356065034866,
      0.03266251087188721,
      0.021612107753753662
    ],
    "gravity" : [
      0.014498376287519932,
      -0.9987268447875977,
      -0.04831506684422493
    ],
    "timestamp" : 1251221654900,
    "rotationMatrix" : [
      0.9766550660133362,
      0.0037876367568969727,
      0.21478019654750824,
      0.21432377398014069,
      0.050301119685173035,
      -0.9754664897918701,
      -0.014498382806777954,
      0.9987268447875977,
      0.04831506311893463
    ]
  },
  {
    "userAcceleration" : [
      -0.026783127337694168,
      0.026620328426361084,
      0.027573339641094208
    ],
    "gravity" : [
      0.01469816081225872,
      -0.9985899329185486,
      -0.05101095512509346
    ],
    "timestamp" : 1251221664955,
    "rotationMatrix" : [
      0.9773992896080017,
      0.0035887882113456726,
      0.21137121319770813,
      0.21089008450508118,
      0.05296478793025017,
      -0.9760738611221313,
      -0.01469816267490387,
      0.9985899925231934,
      0.05101090297102928
    ]
  },
  {
    "userAcceleration" : [
      -0.01337851770222187,
      0.03295654058456421,
      0.023783031851053238
    ],
    "gravity" : [
      0.014980684965848923,
      -0.9984104633331299,
      -0.05433123931288719
    ],
    "timestamp" : 1251221675010,
    "rotationMatrix" : [
      0.9781941175460815,
      0.003376692533493042,
      0.2076653242111206,
      0.20715180039405823,
      0.05625744163990021,
      -0.9766898155212402,
      -0.014980688691139221,
      0.9984104633331299,
      0.0543312132358551
    ]
  },
  {
    "userAcceleration" : [
      -0.0014493586495518684,
      0.043698668479919434,
      0.011760585010051727
    ],
    "gravity" : [
      0.015243311412632465,
      -0.9981970191001892,
      -0.05805588513612747
    ],
    "timestamp" : 1251221685065,
    "rotationMatrix" : [
      0.9790410399436951,
      0.003106936812400818,
      0.2036394476890564,
      0.20309190452098846,
      0.05994323268532753,
      -0.9773232340812683,
      -0.015243299305438995,
      0.9981970191001892,
      0.05805588513612747
    ]
  },
  {
    "userAcceleration" : [
      0.00835586991161108,
      0.05349314212799072,
      -0.0077340565621852875
    ],
    "gravity" : [
      0.015310509130358696,
      -0.9979662895202637,
      -0.061876632273197174
    ],
    "timestamp" : 1251221695120,
    "rotationMatrix" : [
      0.9798904061317444,
      0.0026625096797943115,
      0.199518620967865,
      0.19894811511039734,
      0.06368705630302429,
      -0.9779384136199951,
      -0.015310503542423248,
      0.9979662895202637,
      0.06187663599848747
    ]
  },
  {
    "userAcceleration" : [
      0.012063596397638321,
      0.06040149927139282,
      -0.024526596069335938
    ],
    "gravity" : [
      0.015081798657774925,
      -0.9977335929870605,
      -0.06557663530111313
    ],
    "timestamp" : 1251221705175,
    "rotationMatrix" : [
      0.980731725692749,
      0.001985326409339905,
      0.19534942507743835,
      0.1947764754295349,
      0.06725925207138062,
      -0.9785389304161072,
      -0.015081800520420074,
      0.9977336525917053,
      0.06557658314704895
    ]
  },
  {
    "userAcceleration" : [
      0.014935292303562164,
      0.0628044605255127,
      -0.03346163034439087
    ],
    "gravity" : [
      0.014514176174998283,
      -0.9975120425224304,
      -0.06898599117994308
    ],
    "timestamp" : 1251221715229,
    "rotationMatrix" : [
      0.9814823269844055,
      0.0010337233543395996,
      0.19154983758926392,
      0.19100195169448853,
      0.07048866152763367,
      -0.9790554642677307,
      -0.014514170587062836,
      0.9975120425224304,
      0.06898593157529831
    ]
  },
  {
    "userAcceleration" : [
      0.015113087370991707,
      0.055263400077819824,
      -0.03649771213531494
    ],
    "gravity" : [
      0.013664986938238144,
      -0.9973104000091553,
      -0.0720076635479927
    ],
    "timestamp" : 1251221725284,
    "rotationMatrix" : [
      0.9821642637252808,
      -0.00011826306581497192,
      0.18802489340305328,
      0.18752771615982056,
      0.07329271733760834,
      -0.9795209765434265,
      -0.013664990663528442,
      0.9973103404045105,
      0.0720076635479927
    ]
  },
  {
    "userAcceleration" : [
      0.01762407459318638,
      0.044407546520233154,
      -0.031080909073352814
    ],
    "gravity" : [
      0.01261884719133377,
      -0.9971358776092529,
      -0.07457103580236435
    ],
    "timestamp" : 1251221735339,
    "rotationMatrix" : [
      0.9828057885169983,
      -0.0013706237077713013,
      0.18463709950447083,
      0.18421047925949097,
      0.07561872154474258,
      -0.9799736738204956,
      -0.012618854641914368,
      0.9971358776092529,
      0.07457099854946136
    ]
  },
  {
    "userAcceleration" : [
      0.022290755063295364,
      0.03354907035827637,
      -0.017795026302337646
    ],
    "gravity" : [
      0.011492213234305382,
      -0.9969888925552368,
      -0.07668749243021011
    ],
    "timestamp" : 1251221745394,
    "rotationMatrix" : [
      0.9834087491035461,
      -0.002616278827190399,
      0.18138478696346283,
      0.18103927373886108,
      0.0774996429681778,
      -0.9804175496101379,
      -0.011492207646369934,
      0.9969889521598816,
      0.07668747007846832
    ]
  },
  {
    "userAcceleration" : [
      0.02572157420217991,
      0.023986399173736572,
      6.460398435592651e-05
    ],
    "gravity" : [
      0.010441746562719345,
      -0.9968563318252563,
      -0.07854063808917999
    ],
    "timestamp" : 1251221755449,
    "rotationMatrix" : [
      0.9840490221977234,
      -0.003705620765686035,
      0.17785879969596863,
      0.17759069800376892,
      0.07914497703313828,
      -0.9809168577194214,
      -0.010441750288009644,
      0.9968563318252563,
      0.0785406231880188
    ]
  },
  {
    "userAcceleration" : [
      0.032619908452034,
      0.01677185297012329,
      0.01974063366651535
    ],
    "gravity" : [
      0.009479092434048653,
      -0.9967218637466431,
      -0.08034862577915192
    ],
    "timestamp" : 1251221765504,
    "rotationMatrix" : [
      0.9847956299781799,
      -0.004633195698261261,
      0.17365527153015137,
      0.1734582483768463,
      0.08077310025691986,
      -0.981523334980011,
      -0.0094790980219841,
      0.9967218041419983,
      0.0803486555814743
    ]
  },
  {
    "userAcceleration" : [
      0.03851693123579025,
      0.01356196403503418,
      0.036652080714702606
    ],
    "gravity" : [
      0.008602220565080643,
      -0.9965636730194092,
      -0.08238277584314346
    ],
    "timestamp" : 1251221775558,
    "rotationMatrix" : [
      0.9856158494949341,
      -0.005455814301967621,
      0.1689130961894989,
      0.16878211498260498,
      0.0826507955789566,
      -0.9821820259094238,
      -0.008602209389209747,
      0.9965636730194092,
      0.08238277584314346
    ]
  },
  {
    "userAcceleration" : [
      0.040755197405815125,
      0.003468036651611328,
      0.044559650123119354
    ],
    "gravity" : [
      0.007783014327287674,
      -0.9963574409484863,
      -0.08491922914981842
    ],
    "timestamp" : 1251221785613,
    "rotationMatrix" : [
      0.9865400195121765,
      -0.006220340728759766,
      0.16340169310569763,
      0.16333472728729248,
      0.08504792302846909,
      -0.9828981161117554,
      -0.007783018052577972,
      0.9963574409484863,
      0.08491917699575424
    ]
  },
  {
    "userAcceleration" : [
      0.0452481247484684,
      -0.00793367624282837,
      0.04224270582199097
    ],
    "gravity" : [
      0.006936932913959026,
      -0.9960945844650269,
      -0.08801914751529694
    ],
    "timestamp" : 1251221795668,
    "rotationMatrix" : [
      0.9874764680862427,
      -0.007050052285194397,
      0.1576087772846222,
      0.15761379897594452,
      0.08801010996103287,
      -0.9835710525512695,
      -0.0069369301199913025,
      0.9960945844650269,
      0.08801909536123276
    ]
  },
  {
    "userAcceleration" : [
      0.040870703756809235,
      -0.016980886459350586,
      0.03679133206605911
    ],
    "gravity" : [
      0.006141625810414553,
      -0.9957752823829651,
      -0.09161622822284698
    ],
    "timestamp" : 1251221805723,
    "rotationMatrix" : [
      0.9884105324745178,
      -0.007851831614971161,
      0.15160122513771057,
      0.1516801416873932,
      0.09148551523685455,
      -0.984186589717865,
      -0.006141625344753265,
      0.9957752823829651,
      0.09161621332168579
    ]
  },
  {
    "userAcceleration" : [
      0.04158632457256317,
      -0.024729907512664795,
      0.02553970366716385
    ],
    "gravity" : [
      0.005410761572420597,
      -0.9954115152359009,
      -0.09553183615207672
    ],
    "timestamp" : 1251221815778,
    "rotationMatrix" : [
      0.9893030524253845,
      -0.008598007261753082,
      0.145621195435524,
      0.14577442407608032,
      0.09529785811901093,
      -0.9847171306610107,
      -0.0054107606410980225,
      0.9954115152359009,
      0.09553183615207672
    ]
  },
  {
    "userAcceleration" : [
      0.04225166141986847,
      -0.029592037200927734,
      0.01003623753786087
    ],
    "gravity" : [
      0.004730151500552893,
      -0.9950202703475952,
      -0.09955965727567673
    ],
    "timestamp" : 1251221825833,
    "rotationMatrix" : [
      0.9901596903800964,
      -0.009264551103115082,
      0.13963524997234344,
      0.1398622989654541,
      0.09924045950174332,
      -0.9851851463317871,
      -0.004730150103569031,
      0.9950202703475952,
      0.09955966472625732
    ]
  },
  {
    "userAcceleration" : [
      0.04528980702161789,
      -0.031196236610412598,
      -0.0035895109176635742
    ],
    "gravity" : [
      0.004041850101202726,
      -0.9946215748786926,
      -0.10349678248167038
    ],
    "timestamp" : 1251221835887,
    "rotationMatrix" : [
      0.9909831881523132,
      -0.009877137839794159,
      0.1336217224597931,
      0.13392531871795654,
      0.10310361534357071,
      -0.9856133460998535,
      -0.004041858017444611,
      0.9946216344833374,
      0.1034967452287674
    ]
  },
  {
    "userAcceleration" : [
      0.05148162692785263,
      -0.02812671661376953,
      -0.015298381447792053
    ],
    "gravity" : [
      0.003221141407266259,
      -0.9942274689674377,
      -0.107245072722435
    ],
    "timestamp" : 1251221845942,
    "rotationMatrix" : [
      0.9917628169059753,
      -0.01055639237165451,
      0.12765203416347504,
      0.12804725766181946,
      0.10677286982536316,
      -0.9860038161277771,
      -0.0032211430370807648,
      0.9942274689674377,
      0.1072450801730156
    ]
  },
  {
    "userAcceleration" : [
      0.05297882854938507,
      -0.022742509841918945,
      -0.02335590124130249
    ],
    "gravity" : [
      0.0021969680674374104,
      -0.9938437342643738,
      -0.11076892167329788
    ],
    "timestamp" : 1251221855997,
    "rotationMatrix" : [
      0.9925017952919006,
      -0.01137007400393486,
      0.1216999739408493,
      0.12221020460128784,
      0.11020571738481522,
      -0.9863666892051697,
      -0.0021969638764858246,
      0.9938437342643738,
      0.11076891422271729
    ]
  },
  {
    "userAcceleration" : [
      0.050293050706386566,
      -0.02366459369659424,
      -0.02703224867582321
    ],
    "gravity" : [
      0.0009307047002948821,
      -0.9934708476066589,
      -0.11408114433288574
    ],
    "timestamp" : 1251221866052,
    "rotationMatrix" : [
      0.9931924939155579,
      -0.012369941920042038,
      0.11582601815462112,
      0.11648096144199371,
      0.11341238766908646,
      -0.9866962432861328,
      -0.0009307041764259338,
      0.9934707880020142,
      0.11408118903636932
    ]
  },
  {
    "userAcceleration" : [
      0.04642976075410843,
      -0.03223222494125366,
      -0.029352717101573944
    ],
    "gravity" : [
      -0.0005771046271547675,
      -0.9931125044822693,
      -0.11716224253177643
    ],
    "timestamp" : 1251221876107,
    "rotationMatrix" : [
      0.9938392639160156,
      -0.013554643839597702,
      0.10999917984008789,
      0.1108296662569046,
      0.11637689918279648,
      -0.9870020151138306,
      0.0005771070718765259,
      0.9931125640869141,
      0.11716219037771225
    ]
  },
  {
    "userAcceleration" : [
      0.036068785935640335,
      -0.03775840997695923,
      -0.027026347815990448
    ],
    "gravity" : [
      -0.002133249305188656,
      -0.992774248123169,
      -0.1199769452214241
    ],
    "timestamp" : 1251221886161,
    "rotationMatrix" : [
      0.9944333434104919,
      -0.014745168387889862,
      0.10433061420917511,
      0.10534583777189255,
      0.11908651143312454,
      -0.9872792959213257,
      0.002133246511220932,
      0.992774248123169,
      0.1199769452214241
    ]
  },
  {
    "userAcceleration" : [
      0.02150025963783264,
      -0.03906816244125366,
      -0.014017991721630096
    ],
    "gravity" : [
      -0.0034796283580362797,
      -0.992456316947937,
      -0.12254825979471207
    ],
    "timestamp" : 1251221896216,
    "rotationMatrix" : [
      0.9949739575386047,
      -0.01570003107190132,
      0.09889546036720276,
      0.10007345676422119,
      0.12158823758363724,
      -0.9875228404998779,
      0.00347963348031044,
      0.992456316947937,
      0.12254828959703445
    ]
  },
  {
    "userAcceleration" : [
      0.00436084158718586,
      -0.039189696311950684,
      0.006795063614845276
    ],
    "gravity" : [
      -0.004437120631337166,
      -0.9921364188194275,
      -0.12508130073547363
    ],
    "timestamp" : 1251221906271,
    "rotationMatrix" : [
      0.9954976439476013,
      -0.01622568443417549,
      0.0933869332075119,
      0.09468212723731995,
      0.12410376220941544,
      -0.9877415299415588,
      0.004437122493982315,
      0.9921364188194275,
      0.12508128583431244
    ]
  },
  {
    "userAcceleration" : [
      -0.0018557095900177956,
      -0.0331454873085022,
      0.02886962890625
    ],
    "gravity" : [
      -0.005102303810417652,
      -0.9917719960212708,
      -0.12791453301906586
    ],
    "timestamp" : 1251221916326,
    "rotationMatrix" : [
      0.9960440397262573,
      -0.016388587653636932,
      0.08733664453029633,
      0.08871438354253769,
      0.12696290016174316,
      -0.9879322052001953,
      0.005102306604385376,
      0.9917720556259155,
      0.12791454792022705
    ]
  },
  {
    "userAcceleration" : [
      -0.0007821926847100258,
      -0.028226137161254883,
      0.038555607199668884
    ],
    "gravity" : [
      -0.005718052387237549,
      -0.9913203716278076,
      -0.13134439289569855
    ],
    "timestamp" : 1251221926381,
    "rotationMatrix" : [
      0.9965820908546448,
      -0.01647372916340828,
      0.08094924688339233,
      0.08241036534309387,
      0.13043265044689178,
      -0.9880262613296509,
      0.00571804866194725,
      0.9913203716278076,
      0.13134443759918213
    ]
  },
  {
    "userAcceleration" : [
      -0.0011400948278605938,
      -0.03059375286102295,
      0.028701722621917725
    ],
    "gravity" : [
      -0.006550322752445936,
      -0.9907684922218323,
      -0.13540655374526978
    ],
    "timestamp" : 1251221936436,
    "rotationMatrix" : [
      0.9970968961715698,
      -0.016743753105401993,
      0.07427908480167389,
      0.07586058974266052,
      0.13452692329883575,
      -0.988001823425293,
      0.0065503232181072235,
      0.9907684326171875,
      0.13540656864643097
    ]
  },
  {
    "userAcceleration" : [
      -0.011617613025009632,
      -0.02768087387084961,
      0.007675826549530029
    ],
    "gravity" : [
      -0.007654242683202028,
      -0.9901412725448608,
      -0.1398627907037735
    ],
    "timestamp" : 1251221946490,
    "rotationMatrix" : [
      0.9975791573524475,
      -0.017228389158844948,
      0.06737193465232849,
      0.06911734491586685,
      0.1390085518360138,
      -0.9878761768341064,
      0.00765424408018589,
      0.9901412725448608,
      0.1398628205060959
    ]
  },
  {
    "userAcceleration" : [
      -0.03762461990118027,
      -0.0219571590423584,
      -0.011594727635383606
    ],
    "gravity" : [
      -0.008868910372257233,
      -0.9894869327545166,
      -0.14435018599033356
    ],
    "timestamp" : 1251221956545,
    "rotationMatrix" : [
      0.9980047345161438,
      -0.01778338849544525,
      0.060583315789699554,
      0.06251343339681625,
      0.1435248851776123,
      -0.9876703023910522,
      0.008868910372257233,
      0.9894869327545166,
      0.14435021579265594
    ]
  },
  {
    "userAcceleration" : [
      -0.07074034214019775,
      -0.020483195781707764,
      -0.028092101216316223
    ],
    "gravity" : [
      -0.010009177960455418,
      -0.9888551831245422,
      -0.14854376018047333
    ],
    "timestamp" : 1251221966600,
    "rotationMatrix" : [
      0.9983915686607361,
      -0.018172793090343475,
      0.053702570497989655,
      0.05580352246761322,
      0.1477673351764679,
      -0.9874466061592102,
      0.010009175166487694,
      0.9888551831245422,
      0.14854377508163452
    ]
  },
  {
    "userAcceleration" : [
      -0.09413322061300278,
      -0.02292579412460327,
      -0.034684404730796814
    ],
    "gravity" : [
      -0.010847235098481178,
      -0.9882892966270447,
      -0.15220531821250916
    ],
    "timestamp" : 1251221976655,
    "rotationMatrix" : [
      0.9987375140190125,
      -0.0181741826236248,
      0.046830277889966965,
      0.04904806986451149,
      0.15150518715381622,
      -0.9872386455535889,
      0.010847233235836029,
      0.9882892370223999,
      0.15220533311367035
    ]
  },
  {
    "userAcceleration" : [
      -0.10947270691394806,
      -0.025398075580596924,
      -0.026946842670440674
    ],
    "gravity" : [
      -0.011209049262106419,
      -0.987800657749176,
      -0.155319482088089
    ],
    "timestamp" : 1251221986710,
    "rotationMatrix" : [
      0.9990431666374207,
      -0.017629917711019516,
      0.04002409055829048,
      0.04227409511804581,
      0.15472224354743958,
      -0.9870530962944031,
      0.011209048330783844,
      0.987800657749176,
      0.155319482088089
    ]
  },
  {
    "userAcceleration" : [
      -0.11176151782274246,
      -0.030938148498535156,
      -0.007109001278877258
    ],
    "gravity" : [
      -0.011010691523551941,
      -0.9873571395874023,
      -0.1581285297870636
    ],
    "timestamp" : 1251221996764,
    "rotationMatrix" : [
      0.9993142485618591,
      -0.016456149518489838,
      0.033168938010931015,
      0.03535177558660507,
      0.15765491127967834,
      -0.9868612289428711,
      0.011010690592229366,
      0.9873571395874023,
      0.158128559589386
    ]
  },
  {
    "userAcceleration" : [
      -0.10454444587230682,
      -0.02902287244796753,
      0.014156058430671692
    ],
    "gravity" : [
      -0.010308449156582355,
      -0.9868918061256409,
      -0.16105251014232635
    ],
    "timestamp" : 1251222006819,
    "rotationMatrix" : [
      0.9995476007461548,
      -0.014720829203724861,
      0.02622801996767521,
      0.028255047276616096,
      0.16070930659770966,
      -0.9865971207618713,
      0.01030845008790493,
      0.9868918061256409,
      0.16105253994464874
    ]
  },
  {
    "userAcceleration" : [
      -0.09146431088447571,
      -0.023260414600372314,
      0.03561626374721527
    ],
    "gravity" : [
      -0.009274210780858994,
      -0.9863221049308777,
      -0.16456842422485352
    ],
    "timestamp" : 1251222016874,
    "rotationMatrix" : [
      0.999732255935669,
      -0.012634797021746635,
      0.019385557621717453,
      0.021199693903326988,
      0.16434460878372192,
      -0.9861751794815063,
      0.009274209849536419,
      0.9863220453262329,
      0.1645684689283371
    ]
  },
  {
    "userAcceleration" : [
      -0.07788683474063873,
      -0.013996660709381104,
      0.04935069382190704
    ],
    "gravity" : [
      -0.00806592870503664,
      -0.9855759143829346,
      -0.1690407246351242
    ],
    "timestamp" : 1251222026929,
    "rotationMatrix" : [
      0.9998646378517151,
      -0.010373533703386784,
      0.01277250051498413,
      0.01434181910008192,
      0.16891486942768097,
      -0.9855261445045471,
      0.008065927773714066,
      0.9855758547782898,
      0.1690407693386078
    ]
  },
  {
    "userAcceleration" : [
      -0.07013638317584991,
      -0.004246830940246582,
      0.053994715213775635
    ],
    "gravity" : [
      -0.006905249319970608,
      -0.9845988750457764,
      -0.1746917963027954
    ],
    "timestamp" : 1251222036984,
    "rotationMatrix" : [
      0.9999474883079529,
      -0.008122151717543602,
      0.006252015940845013,
      0.007574601098895073,
      0.1746394783258438,
      -0.9846032857894897,
      0.006905249319970608,
      0.9845988750457764,
      0.1746918261051178
    ]
  },
  {
    "userAcceleration" : [
      -0.06497463583946228,
      0.005550742149353027,
      0.0475640594959259
    ],
    "gravity" : [
      -0.006055035628378391,
      -0.9833794832229614,
      -0.18146000802516937
    ],
    "timestamp" : 1251222047039,
    "rotationMatrix" : [
      0.999979555606842,
      -0.006327765993773937,
      0.000924090389162302,
      0.002056967234238982,
      0.181450754404068,
      -0.9833976626396179,
      0.006055035628378391,
      0.9833794236183167,
      0.18146005272865295
    ]
  },
  {
    "userAcceleration" : [
      -0.0631808266043663,
      0.005012631416320801,
      0.024421334266662598
    ],
    "gravity" : [
      -0.005697336047887802,
      -0.981971800327301,
      -0.18894167244434357
    ],
    "timestamp" : 1251222057093,
    "rotationMatrix" : [
      0.9999763369560242,
      -0.004865532275289297,
      -0.004865976050496101,
      -0.003858949290588498,
      0.18896493315696716,
      -0.9819762706756592,
      0.005697336047887802,
      0.9819717407226562,
      0.18894167244434357
    ]
  },
  {
    "userAcceleration" : [
      -0.07567573338747025,
      0.0038570761680603027,
      -0.005968958139419556
    ],
    "gravity" : [
      -0.00579095259308815,
      -0.9804806113243103,
      -0.1965305507183075
    ],
    "timestamp" : 1251222067148,
    "rotationMatrix" : [
      0.9999359846115112,
      -0.003767739050090313,
      -0.010666975751519203,
      -0.009718287736177444,
      0.19657975435256958,
      -0.9804396629333496,
      0.005790952127426863,
      0.9804805517196655,
      0.1965305507183075
    ]
  },
  {
    "userAcceleration" : [
      -0.09907172620296478,
      6.914138793945312e-05,
      -0.030571386218070984
    ],
    "gravity" : [
      -0.006168145686388016,
      -0.9790270924568176,
      -0.20363584160804749
    ],
    "timestamp" : 1251222077203,
    "rotationMatrix" : [
      0.9998607039451599,
      -0.002879530191421509,
      -0.01644185744225979,
      -0.015510652214288712,
      0.20370888710021973,
      -0.9789084792137146,
      0.006168146152049303,
      0.9790270924568176,
      0.20363584160804749
    ]
  },
  {
    "userAcceleration" : [
      -0.12908072769641876,
      -0.006749212741851807,
      -0.04663380980491638
    ],
    "gravity" : [
      -0.006646210327744484,
      -0.9777171611785889,
      -0.2098207324743271
    ],
    "timestamp" : 1251222087258,
    "rotationMatrix" : [
      0.9997427463531494,
      -0.0019467100501060486,
      -0.022596299648284912,
      -0.02168433368206024,
      0.20991690456867218,
      -0.9774786233901978,
      0.0066462112590670586,
      0.9777171611785889,
      0.2098207026720047
    ]
  },
  {
    "userAcceleration" : [
      -0.1508905589580536,
      -0.020663201808929443,
      -0.05007509887218475
    ],
    "gravity" : [
      -0.007022645324468613,
      -0.9766053557395935,
      -0.2149243801832199
    ],
    "timestamp" : 1251222097313,
    "rotationMatrix" : [
      0.9995793700218201,
      -0.0008079633116722107,
      -0.02898988127708435,
      -0.02813802659511566,
      0.21503758430480957,
      -0.9762002825737,
      0.007022644393146038,
      0.9766053557395935,
      0.2149243950843811
    ]
  },
  {
    "userAcceleration" : [
      -0.15875118970870972,
      -0.030257880687713623,
      -0.047622740268707275
    ],
    "gravity" : [
      -0.007203390821814537,
      -0.9757234454154968,
      -0.2188873440027237
    ],
    "timestamp" : 1251222107367,
    "rotationMatrix" : [
      0.9993644952774048,
      0.000617537647485733,
      -0.035640984773635864,
      -0.03491092100739479,
      0.21900495886802673,
      -0.9750989675521851,
      0.007203390821814537,
      0.9757235050201416,
      0.2188873291015625
    ]
  },
  {
    "userAcceleration" : [
      -0.15908385813236237,
      -0.02750420570373535,
      -0.03858022391796112
    ],
    "gravity" : [
      -0.007252201437950134,
      -0.9750590920448303,
      -0.22182632982730865
    ],
    "timestamp" : 1251222117422,
    "rotationMatrix" : [
      0.999074399471283,
      0.0023407377302646637,
      -0.04295184463262558,
      -0.04239983111619949,
      0.2219325453042984,
      -0.9741395711898804,
      0.007252199575304985,
      0.9750590324401855,
      0.22182635962963104
    ]
  },
  {
    "userAcceleration" : [
      -0.15350112318992615,
      -0.015385746955871582,
      -0.021701321005821228
    ],
    "gravity" : [
      -0.007219694089144468,
      -0.9745738506317139,
      -0.22394998371601105
    ],
    "timestamp" : 1251222127477,
    "rotationMatrix" : [
      0.9986972212791443,
      0.004286011680960655,
      -0.05084764212369919,
      -0.05051463842391968,
      0.22402527928352356,
      -0.9732732772827148,
      0.007219694554805756,
      0.9745738506317139,
      0.22394993901252747
    ]
  },
  {
    "userAcceleration" : [
      -0.142879918217659,
      0.0003940463066101074,
      -0.003689095377922058
    ],
    "gravity" : [
      -0.007205532863736153,
      -0.9742098450660706,
      -0.2255285084247589
    ],
    "timestamp" : 1251222137532,
    "rotationMatrix" : [
      0.9982129335403442,
      0.006371743977069855,
      -0.05941633880138397,
      -0.05932099372148514,
      0.22555361688137054,
      -0.9724229574203491,
      0.007205532863736153,
      0.9742097854614258,
      0.2255285233259201
    ]
  },
  {
    "userAcceleration" : [
      -0.1280335634946823,
      0.017341911792755127,
      0.012150466442108154
    ],
    "gravity" : [
      -0.007250852882862091,
      -0.9739153385162354,
      -0.22679592669010162
    ],
    "timestamp" : 1251222147587,
    "rotationMatrix" : [
      0.9976406693458557,
      0.008438298478722572,
      -0.06813143193721771,
      -0.06826802343130112,
      0.22675484418869019,
      -0.9715563058853149,
      0.007250851020216942,
      0.9739153385162354,
      0.22679591178894043
    ]
  },
  {
    "userAcceleration" : [
      -0.11260949075222015,
      0.034240007400512695,
      0.027854353189468384
    ],
    "gravity" : [
      -0.007400896400213242,
      -0.9736320972442627,
      -0.22800399363040924
    ],
    "timestamp" : 1251222157642,
    "rotationMatrix" : [
      0.9970013499259949,
      0.010379504412412643,
      -0.07668516039848328,
      -0.07702970504760742,
      0.22788779437541962,
      -0.9706356525421143,
      0.00740090012550354,
      0.9736320972442627,
      0.22800396382808685
    ]
  },
  {
    "userAcceleration" : [
      -0.09520270675420761,
      0.04500222206115723,
      0.04093477129936218
    ],
    "gravity" : [
      -0.0076720379292964935,
      -0.9733317494392395,
      -0.22927409410476685
    ],
    "timestamp" : 1251222167696,
    "rotationMatrix" : [
      0.9963149428367615,
      0.012146919965744019,
      -0.08490598201751709,
      -0.08542665839195251,
      0.22908063232898712,
      -0.9696516990661621,
      0.0076720379292964935,
      0.9733316898345947,
      0.22927412390708923
    ]
  },
  {
    "userAcceleration" : [
      -0.0807817280292511,
      0.04334348440170288,
      0.05665457248687744
    ],
    "gravity" : [
      -0.008054946549236774,
      -0.9729851484298706,
      -0.2307269424200058
    ],
    "timestamp" : 1251222177751,
    "rotationMatrix" : [
      0.995612621307373,
      0.013707131147384644,
      -0.09256157279014587,
      -0.09322365373373032,
      0.2304602563381195,
      -0.9686058163642883,
      0.0080549456179142,
      0.9729850888252258,
      0.23072697222232819
    ]
  },
  {
    "userAcceleration" : [
      -0.07839594036340714,
      0.03129398822784424,
      0.07768310606479645
    ],
    "gravity" : [
      -0.008533391170203686,
      -0.9725627899169922,
      -0.2324836105108261
    ],
    "timestamp" : 1251222187806,
    "rotationMatrix" : [
      0.9949063658714294,
      0.015095081180334091,
      -0.09966661036014557,
      -0.10044139623641968,
      0.23214992880821228,
      -0.9674800634384155,
      0.00853339210152626,
      0.9725627899169922,
      0.2324836105108261
    ]
  },
  {
    "userAcceleration" : [
      -0.07950355112552643,
      0.015079140663146973,
      0.09611083567142487
    ],
    "gravity" : [
      -0.009119497612118721,
      -0.9720491766929626,
      -0.23459967970848083
    ],
    "timestamp" : 1251222197861,
    "rotationMatrix" : [
      0.994190514087677,
      0.016348570585250854,
      -0.10638608038425446,
      -0.10724788904190063,
      0.23420697450637817,
      -0.9662529826164246,
      0.00911949947476387,
      0.9720491766929626,
      0.23459969460964203
    ]
  },
  {
    "userAcceleration" : [
      -0.0839085727930069,
      0.0012317895889282227,
      0.11115393042564392
    ],
    "gravity" : [
      -0.00984142068773508,
      -0.9714464545249939,
      -0.2370542585849762
    ],
    "timestamp" : 1251222207916,
    "rotationMatrix" : [
      0.9934042096138,
      0.01758582517504692,
      -0.11330825090408325,
      -0.11424170434474945,
      0.23660582304000854,
      -0.9648659825325012,
      0.009841419756412506,
      0.9714464545249939,
      0.2370542585849762
    ]
  },
  {
    "userAcceleration" : [
      -0.09012892842292786,
      -0.006128966808319092,
      0.12130725383758545
    ],
    "gravity" : [
      -0.010701151564717293,
      -0.9707691073417664,
      -0.2397765964269638
    ],
    "timestamp" : 1251222217970,
    "rotationMatrix" : [
      0.9925351738929749,
      0.01882144808769226,
      -0.12049780786037445,
      -0.12148849666118622,
      0.23927614092826843,
      -0.9633210897445679,
      0.010701149702072144,
      0.9707691669464111,
      0.23977656662464142
    ]
  },
  {
    "userAcceleration" : [
      -0.09515789896249771,
      -0.01327371597290039,
      0.12685996294021606
    ],
    "gravity" : [
      -0.011729934252798557,
      -0.9700331091880798,
      -0.24268949031829834
    ],
    "timestamp" : 1251222228025,
    "rotationMatrix" : [
      0.991523265838623,
      0.02012455090880394,
      -0.12836146354675293,
      -0.1293988823890686,
      0.24213790893554688,
      -0.9615743160247803,
      0.011729937046766281,
      0.9700331687927246,
      0.24268946051597595
    ]
  },
  {
    "userAcceleration" : [
      -0.09797900915145874,
      -0.01998656988143921,
      0.12248027324676514
    ],
    "gravity" : [
      -0.013013442046940327,
      -0.9692558646202087,
      -0.2457103133201599
    ],
    "timestamp" : 1251222238080,
    "rotationMatrix" : [
      0.9902957081794739,
      0.021510545164346695,
      -0.1373014748096466,
      -0.13836564123630524,
      0.24511264264583588,
      -0.959570050239563,
      0.01301344484090805,
      0.9692559242248535,
      0.2457103282213211
    ]
  },
  {
    "userAcceleration" : [
      -0.0986049622297287,
