[
  {
    "userAcceleration" : [
      -0.03131286799907684,
      0.002831757068634033,
      -0.09046855568885803
    ],
    "timestamp" : 1251080739237,
    "rotationMatrix" : [
      -0.9937992691993713,
      -0.06290832161903381,
      0.09167888015508652,
      0.07024872303009033,
      0.28387343883514404,
      0.9562848806381226,
      -0.08618348091840744,
      0.9567958116531372,
      -0.27769380807876587
    ],
    "gravity" : [
      0.08618347346782684,
      -0.9567958116531372,
      0.2776937782764435
    ]
  },
  {
    "userAcceleration" : [
      -0.030991464853286743,
      0.0031023621559143066,
      -0.10231223702430725
    ],
    "timestamp" : 1251080749291,
    "rotationMatrix" : [
      -0.9928033351898193,
      -0.06247550994157791,
      0.10216566175222397,
      0.08120731264352798,
      0.2757829427719116,
      0.9577833414077759,
      -0.08801355212926865,
      0.959187388420105,
      -0.26872456073760986
    ],
    "gravity" : [
      0.08801354467868805,
      -0.959187388420105,
      0.2687245309352875
    ]
  },
  {
    "userAcceleration" : [
      -0.019338250160217285,
      -0.020248115062713623,
      -0.10807052254676819
    ],
    "timestamp" : 1251080759344,
    "rotationMatrix" : [
      -0.9918516874313354,
      -0.061691779643297195,
      0.11146248877048492,
      0.09112785011529922,
      0.26783713698387146,
      0.9591448307037354,
      -0.08902513980865479,
      0.9614869356155396,
      -0.26003268361091614
    ],
    "gravity" : [
      0.08902513980865479,
      -0.9614869952201843,
      0.26003268361091614
    ]
  },
  {
    "userAcceleration" : [
      -0.015273511409759521,
      -0.04895365238189697,
      -0.10274052619934082
    ],
    "timestamp" : 1251080769398,
    "rotationMatrix" : [
      -0.9909732937812805,
      -0.060753144323825836,
      0.11950206011533737,
      0.09986861795186996,
      0.26011210680007935,
      0.960399866104126,
      -0.08943123370409012,
      0.963665246963501,
      -0.25169670581817627
    ],
    "gravity" : [
      0.08943124115467072,
      -0.963665246963501,
      0.25169670581817627
    ]
  },
  {
    "userAcceleration" : [
      -0.02864399552345276,
      -0.07541030645370483,
      -0.08085858821868896
    ],
    "timestamp" : 1251080779451,
    "rotationMatrix" : [
      -0.9901130199432373,
      -0.060058169066905975,
      0.1267639398574829,
      0.1077708825469017,
      0.25274816155433655,
      0.9615111947059631,
      -0.08978594839572906,
      0.9656662344932556,
      -0.24377666413784027
    ],
    "gravity" : [
      0.08978594839572906,
      -0.9656662344932556,
      0.24377663433551788
    ]
  },
  {
    "userAcceleration" : [
      -0.04311772435903549,
      -0.08695727586746216,
      -0.04696696996688843
    ],
    "timestamp" : 1251080789505,
    "rotationMatrix" : [
      -0.9892106652259827,
      -0.060001522302627563,
      0.13364550471305847,
      0.11513105034828186,
      0.2457047402858734,
      0.9624831080436707,
      -0.09058777987957001,
      0.9674857258796692,
      -0.23614534735679626
    ],
    "gravity" : [
      0.09058777242898941,
      -0.967485785484314,
      0.23614536225795746
    ]
  },
  {
    "userAcceleration" : [
      -0.05127657949924469,
      -0.0857003927230835,
      -0.0062948912382125854
    ],
    "timestamp" : 1251080799558,
    "rotationMatrix" : [
      -0.9882009029388428,
      -0.06073072552680969,
      0.1406058818101883,
      0.12240336835384369,
      0.23866695165634155,
      0.9633562564849854,
      -0.0920632854104042,
      0.9692004919052124,
      -0.22841697931289673
    ],
    "gravity" : [
      0.0920632854104042,
      -0.9692004919052124,
      0.22841693460941315
    ]
  },
  {
    "userAcceleration" : [
      -0.05158638209104538,
      -0.0743454098701477,
      0.02761852741241455
    ],
    "timestamp" : 1251080809612,
    "rotationMatrix" : [
      -0.987040638923645,
      -0.062198419123888016,
      0.14792528748512268,
      0.12993019819259644,
      0.23121629655361176,
      0.9641872644424438,
      -0.09417365491390228,
      0.9709120988845825,
      -0.2201383262872696
    ],
    "gravity" : [
      0.09417365491390228,
      -0.9709120988845825,
      0.2201383262872696
    ]
  },
  {
    "userAcceleration" : [
      -0.047036558389663696,
      -0.05261266231536865,
      0.04165711998939514
    ],
    "timestamp" : 1251080819665,
    "rotationMatrix" : [
      -0.9857054352760315,
      -0.06432929635047913,
      0.15571251511573792,
      0.13787448406219482,
      0.22316405177116394,
      0.9649810791015625,
      -0.0968259945511818,
      0.9726558923721313,
      -0.2111046016216278
    ],
    "gravity" : [
      0.0968259871006012,
      -0.9726559519767761,
      0.2111046314239502
    ]
  },
  {
    "userAcceleration" : [
      -0.02700507640838623,
      -0.031742990016937256,
      0.03497365117073059
    ],
    "timestamp" : 1251080829719,
    "rotationMatrix" : [
      -0.9841858148574829,
      -0.06684653460979462,
      0.16404244303703308,
      0.1463780254125595,
      0.21462500095367432,
      0.965665340423584,
      -0.09975900501012802,
      0.9744062423706055,
      -0.2014460563659668
    ],
    "gravity" : [
      0.09975899755954742,
      -0.9744063019752502,
      0.20144598186016083
    ]
  },
  {
    "userAcceleration" : [
      0.0009202584624290466,
      -0.030728161334991455,
      0.01639378070831299
    ],
    "timestamp" : 1251080839772,
    "rotationMatrix" : [
      -0.9825248718261719,
      -0.06948705017566681,
      0.17267365753650665,
      0.15524189174175262,
      0.2058769017457962,
      0.9661856293678284,
      -0.10268689692020416,
      0.976107656955719,
      -0.1914917677640915
    ],
    "gravity" : [
      0.10268690437078476,
      -0.976107656955719,
      0.19149181246757507
    ]
  },
  {
    "userAcceleration" : [
      0.03285856544971466,
      -0.033255577087402344,
      0.006793379783630371
    ],
    "timestamp" : 1251080849826,
    "rotationMatrix" : [
      -0.9808240532875061,
      -0.07198299467563629,
      0.18111377954483032,
      0.16401229798793793,
      0.19713224470615387,
      0.9665602445602417,
      -0.10527926683425903,
      0.9777306318283081,
      -0.18154577910900116
    ],
    "gravity" : [
      0.10527925938367844,
      -0.9777306318283081,
      0.18154580891132355
    ]
  },
  {
    "userAcceleration" : [
      0.05783528834581375,
      -0.03590494394302368,
      0.0062760114669799805
    ],
    "timestamp" : 1251080859879,
    "rotationMatrix" : [
      -0.9790745973587036,
      -0.07411593198776245,
      0.18952472507953644,
      0.17287027835845947,
      0.18847404420375824,
      0.9667437076568604,
      -0.10737161338329315,
      0.979277491569519,
      -0.17171765863895416
    ],
    "gravity" : [
      0.10737160593271255,
      -0.9792774319648743,
      0.17171770334243774
    ]
  },
  {
    "userAcceleration" : [
      0.06977024674415588,
      -0.04532623291015625,
      0.007407426834106445
    ],
    "timestamp" : 1251080869933,
    "rotationMatrix" : [
      -0.9771603941917419,
      -0.07603118568658829,
      0.19843485951423645,
      0.18229776620864868,
      0.17993515729904175,
      0.9666389226913452,
      -0.10920009016990662,
      0.9807356595993042,
      -0.161965012550354
    ],
    "gravity" : [
      0.10920009762048721,
      -0.980735719203949,
      0.16196508705615997
    ]
  },
  {
    "userAcceleration" : [
      0.07082325220108032,
      -0.044326961040496826,
      0.0062036216259002686
    ],
    "timestamp" : 1251080879986,
    "rotationMatrix" : [
      -0.97498619556427,
      -0.07772190868854523,
      0.20823156833648682,
      0.19266705214977264,
      0.17157100141048431,
      0.9661482572555542,
      -0.11081735044717789,
      0.9821009635925293,
      -0.152304545044899
    ],
    "gravity" : [
      0.11081735044717789,
      -0.9821010231971741,
      0.1523045301437378
    ]
  },
  {
    "userAcceleration" : [
      0.05088198930025101,
      -0.03181272745132446,
      -0.004351034760475159
    ],
    "timestamp" : 1251080890040,
    "rotationMatrix" : [
      -0.9724763035774231,
      -0.07922901213169098,
      0.2191162109375,
      0.20416243374347687,
      0.16342201828956604,
      0.9651997685432434,
      -0.1122802197933197,
      0.9833695292472839,
      -0.1427481472492218
    ],
    "gravity" : [
      0.1122802197933197,
      -0.9833695888519287,
      0.14274811744689941
    ]
  },
  {
    "userAcceleration" : [
      0.03587138652801514,
      -0.011147797107696533,
      -0.018571600317955017
    ],
    "timestamp" : 1251080900093,
    "rotationMatrix" : [
      -0.9696608781814575,
      -0.08040570467710495,
      0.23085245490074158,
      0.21655750274658203,
      0.1555563360452652,
      0.9637972712516785,
      -0.11340537667274475,
      0.9845492243766785,
      -0.13342450559139252
    ],
    "gravity" : [
      0.11340536177158356,
      -0.9845492839813232,
      0.13342447578907013
    ]
  },
  {
    "userAcceleration" : [
      0.020726338028907776,
      0.009722769260406494,
      -0.03178119659423828
    ],
    "timestamp" : 1251080910147,
    "rotationMatrix" : [
      -0.9666410684585571,
      -0.0810687318444252,
      0.24296681582927704,
      0.22939252853393555,
      0.14799660444259644,
      0.9620166420936584,
      -0.11394773423671722,
      0.9856595396995544,
      -0.1244630217552185
    ],
    "gravity" : [
      0.11394772678613663,
      -0.9856595993041992,
      0.12446299195289612
    ]
  },
  {
    "userAcceleration" : [
      0.00444541871547699,
      0.018451035022735596,
      -0.038836121559143066
    ],
    "timestamp" : 1251080920200,
    "rotationMatrix" : [
      -0.963512659072876,
      -0.08116056770086288,
      0.25506138801574707,
      0.24226140975952148,
      0.14075174927711487,
      0.9599470496177673,
      -0.11381015926599503,
      0.986712634563446,
      -0.11595401167869568
    ],
    "gravity" : [
      0.11381016671657562,
      -0.986712634563446,
      0.1159539669752121
    ]
  },
  {
    "userAcceleration" : [
      -0.008936606347560883,
      0.007298827171325684,
      -0.04286862164735794
    ],
    "timestamp" : 1251080930254,
    "rotationMatrix" : [
      -0.9603503942489624,
      -0.08076804876327515,
      0.2668394148349762,
      0.25484034419059753,
      0.13383695483207703,
      0.9576762914657593,
      -0.11306259781122208,
      0.9877064228057861,
      -0.10794726014137268
    ],
    "gravity" : [
      0.11306259781122208,
      -0.9877064228057861,
      0.1079472154378891
    ]
  },
  {
    "userAcceleration" : [
      -0.020438045263290405,
      -0.023788273334503174,
      -0.04180037975311279
    ],
    "timestamp" : 1251080940307,
    "rotationMatrix" : [
      -0.957245409488678,
      -0.08019082248210907,
      0.2779393196105957,
      0.2667187452316284,
      0.12730161845684052,
      0.9553298950195312,
      -0.1119907945394516,
      0.988616943359375,
      -0.10047031939029694
    ],
    "gravity" : [
      0.1119907945394516,
      -0.9886170029640198,
      0.10047030448913574
    ]
  },
  {
    "userAcceleration" : [
      -0.02392268180847168,
      -0.07161319255828857,
      -0.031838178634643555
    ],
    "timestamp" : 1251080950361,
    "rotationMatrix" : [
      -0.9541919231414795,
      -0.07973189651966095,
      0.2883757948875427,
      0.2778717279434204,
      0.12119036912918091,
      0.9529429078102112,
      -0.11092831939458847,
      0.9894219040870667,
      -0.09348362684249878
    ],
    "gravity" : [
      0.11092830449342728,
      -0.9894219040870667,
      0.09348359704017639
    ]
  },
  {
    "userAcceleration" : [
      -0.014491192996501923,
      -0.1099885106086731,
      -0.025321848690509796
    ],
    "timestamp" : 1251080960415,
    "rotationMatrix" : [
      -0.9510796070098877,
      -0.07956525683403015,
      0.29852399230003357,
      0.2886541485786438,
      0.11555688083171844,
      0.9504342079162598,
      -0.11011803150177002,
      0.9901089668273926,
      -0.08693678677082062
    ],
    "gravity" : [
      0.11011802405118942,
      -0.9901089668273926,
      0.08693673461675644
    ]
  },
  {
    "userAcceleration" : [
      0.006007365882396698,
      -0.12785518169403076,
      -0.024385452270507812
    ],
    "timestamp" : 1251080970468,
    "rotationMatrix" : [
      -0.9478008151054382,
      -0.07966528087854385,
      0.3087500333786011,
      0.29942575097084045,
      0.11052729189395905,
      0.9476960301399231,
      -0.1096237525343895,
      0.9906750321388245,
      -0.08090381324291229
    ],
    "gravity" : [
      0.1096237525343895,
      -0.9906750321388245,
      0.08090385049581528
    ]
  },
  {
    "userAcceleration" : [
      0.015933506190776825,
      -0.12102490663528442,
      -0.022074952721595764
    ],
    "timestamp" : 1251080980522,
    "rotationMatrix" : [
      -0.9443017244338989,
      -0.07989683747291565,
      0.31923335790634155,
      0.31038355827331543,
      0.10608141869306564,
      0.9446737170219421,
      -0.10934111475944519,
      0.991142213344574,
      -0.07537383586168289
    ],
    "gravity" : [
      0.10934111475944519,
      -0.991142213344574,
      0.07537379115819931
    ]
  },
  {
    "userAcceleration" : [
      0.015556775033473969,
      -0.10400772094726562,
      -0.023451335728168488
    ],
    "timestamp" : 1251080990575,
    "rotationMatrix" : [
      -0.9404112696647644,
      -0.08008179813623428,
      0.3304734230041504,
      0.3220527768135071,
      0.10212650150060654,
      0.9411970376968384,
      -0.10912279039621353,
      0.9915425777435303,
      -0.07024995237588882
    ],
    "gravity" : [
      0.10912279784679413,
      -0.991542637348175,
      0.0702500119805336
    ]
  },
  {
    "userAcceleration" : [
      0.01992449164390564,
      -0.09271293878555298,
      -0.03585170954465866
    ],
    "timestamp" : 1251081000629,
    "rotationMatrix" : [
      -0.9359661340713501,
      -0.07997304201126099,
      0.342887818813324,
      0.3348788619041443,
      0.09856141358613968,
      0.9370923042297363,
      -0.10873765498399734,
      0.9919123649597168,
      -0.06546901911497116
    ],
    "gravity" : [
      0.10873765498399734,
      -0.991912305355072,
      0.06546898931264877
    ]
  },
  {
    "userAcceleration" : [
      0.03553910553455353,
      -0.08409881591796875,
      -0.05357479304075241
    ],
    "timestamp" : 1251081010682,
    "rotationMatrix" : [
      -0.9311835765838623,
      -0.07921554148197174,
      0.355840265750885,
      0.348247230052948,
      0.09535244852304459,
      0.9325405955314636,
      -0.10780195891857147,
      0.992286741733551,
      -0.06120415776968002
    ],
    "gravity" : [
      0.10780195146799088,
      -0.9922866821289062,
      0.061204127967357635
    ]
  },
  {
    "userAcceleration" : [
      0.029473312199115753,
      -0.06379270553588867,
      -0.07169175148010254
    ],
    "timestamp" : 1251081020736,
    "rotationMatrix" : [
      -0.9263074398040771,
      -0.07760241627693176,
      0.36868974566459656,
      0.36151570081710815,
      0.09254319965839386,
      0.9277618527412415,
      -0.10611626505851746,
      0.992680013179779,
      -0.05766884610056877
    ],
    "gravity" : [
      0.10611628741025925,
      -0.9926799535751343,
      0.05766890570521355
    ]
  },
  {
    "userAcceleration" : [
      0.004265479743480682,
      -0.055034101009368896,
      -0.07637619227170944
    ],
    "timestamp" : 1251081030789,
    "rotationMatrix" : [
      -0.9216639399528503,
      -0.07530586421489716,
      0.38061103224754333,
      0.3738389015197754,
      0.09015189111232758,
      0.9231019616127014,
      -0.10382780432701111,
      0.9930769801139832,
      -0.05493755638599396
    ],
    "gravity" : [
      0.1038278117775917,
      -0.9930769205093384,
      0.054937586188316345
    ]
  },
  {
    "userAcceleration" : [
      -0.01208411157131195,
      -0.06571328639984131,
      -0.06717836856842041
    ],
    "timestamp" : 1251081040843,
    "rotationMatrix" : [
      -0.9172646999359131,
      -0.07264190912246704,
      0.3915969133377075,
      0.38519904017448425,
      0.08808981627225876,
      0.9186193346977234,
      -0.10122594237327576,
      0.9934601187705994,
      -0.05281985551118851
    ],
    "gravity" : [
      0.10122593492269516,
      -0.9934601187705994,
      0.05281978100538254
    ]
  },
  {
    "userAcceleration" : [
      -0.00861087441444397,
      -0.08566111326217651,
      -0.04728614538908005
    ],
    "timestamp" : 1251081050896,
    "rotationMatrix" : [
      -0.9129943251609802,
      -0.06985610723495483,
      0.4019472599029541,
      0.3958953619003296,
      0.08624490350484848,
      0.9142367243766785,
      -0.09853094816207886,
      0.993821918964386,
      -0.0510854497551918
    ],
    "gravity" : [
      0.09853094071149826,
      -0.993821918964386,
      0.051085520535707474
    ]
  },
  {
    "userAcceleration" : [
      -0.005804196000099182,
      -0.09718447923660278,
      -0.027840368449687958
    ],
    "timestamp" : 1251081060950,
    "rotationMatrix" : [
      -0.9086955189704895,
      -0.06719321012496948,
      0.4120161533355713,
      0.4062822163105011,
      0.08450797200202942,
      0.9098313450813293,
      -0.09595310688018799,
      0.9941546320915222,
      -0.04949251189827919
    ],
    "gravity" : [
      0.09595311433076859,
      -0.9941546320915222,
      0.04949253052473068
    ]
  },
  {
    "userAcceleration" : [
      -0.01736384630203247,
      -0.0952804684638977,
      -0.013846039772033691
    ],
    "timestamp" : 1251081071003,
    "rotationMatrix" : [
      -0.9043052196502686,
      -0.06486119329929352,
      0.421930193901062,
      0.4164890646934509,
      0.08276104182004929,
      0.9053659439086914,
      -0.09364251792430878,
      0.99445641040802,
      -0.04782725125551224
    ],
    "gravity" : [
      0.09364250302314758,
      -0.99445641040802,
      0.04782724753022194
    ]
  },
  {
    "userAcceleration" : [
      -0.023790091276168823,
      -0.09017211198806763,
      -0.008974671363830566
    ],
    "timestamp" : 1251081081057,
    "rotationMatrix" : [
      -0.899728000164032,
      -0.06278447806835175,
      0.4319116771221161,
      0.42675352096557617,
      0.0808977410197258,
      0.9007424116134644,
      -0.09149333834648132,
      0.9947429895401001,
      -0.04599250108003616
    ],
    "gravity" : [
      0.09149331599473953,
      -0.9947429895401001,
      0.0459924191236496
    ]
  },
  {
    "userAcceleration" : [
      -0.02427159994840622,
      -0.08246862888336182,
      -0.015433784574270248
    ],
    "timestamp" : 1251081091110,
    "rotationMatrix" : [
      -0.8947978615760803,
      -0.06076398491859436,
      0.4423173666000366,
      0.43744587898254395,
      0.0788770467042923,
      0.8957787752151489,
      -0.08931981027126312,
      0.9950307607650757,
      -0.0439981110394001
    ],
    "gravity" : [
      0.08931979537010193,
      -0.9950307607650757,
      0.04399813339114189
    ]
  },
  {
    "userAcceleration" : [
      -0.011597611010074615,
      -0.07748258113861084,
      -0.03490138053894043
    ],
    "timestamp" : 1251081101164,
    "rotationMatrix" : [
      -0.8894524574279785,
      -0.05839937925338745,
      0.4532812237739563,
      0.4487048387527466,
      0.0768316239118576,
      0.8903712034225464,
      -0.08682341873645782,
      0.9953323602676392,
      -0.04213400557637215
    ],
    "gravity" : [
      0.08682344108819962,
      -0.9953323006629944,
      0.04213397949934006
    ]
  },
  {
    "userAcceleration" : [
      0.020363621413707733,
      -0.0680810809135437,
      -0.07024824619293213
    ],
    "timestamp" : 1251081111217,
    "rotationMatrix" : [
      -0.8838051557540894,
      -0.055114760994911194,
      0.46459752321243286,
      0.46032094955444336,
      0.07505834847688675,
      0.8845738768577576,
      -0.08362500369548798,
      0.9956548810005188,
      -0.04096650332212448
    ],
    "gravity" : [
      0.08362501859664917,
      -0.9956548810005188,
      0.04096650704741478
    ]
  },
  {
    "userAcceleration" : [
      0.03703918308019638,
      -0.058703601360321045,
      -0.10020756721496582
    ],
    "timestamp" : 1251081121271,
    "rotationMatrix" : [
      -0.8780112266540527,
      -0.050526976585388184,
      0.475965678691864,
      0.4719800353050232,
      0.07391351461410522,
      0.8785053491592407,
      -0.07956850528717041,
      0.9959838390350342,
      -0.041049182415008545
    ],
    "gravity" : [
      0.07956849783658981,
      -0.9959838390350342,
      0.04104914143681526
    ]
  },
  {
    "userAcceleration" : [
      0.0354771688580513,
      -0.059876441955566406,
      -0.11333155632019043
    ],
    "timestamp" : 1251081131324,
    "rotationMatrix" : [
      -0.8721579909324646,
      -0.04454687237739563,
      0.48719143867492676,
      0.48348376154899597,
      0.07361742854118347,
      0.8722520470619202,
      -0.07472182810306549,
      0.9962909817695618,
      -0.04266807809472084
    ],
    "gravity" : [
      0.07472182810306549,
      -0.9962909817695618,
      0.04266803339123726
    ]
  },
  {
    "userAcceleration" : [
      0.015843592584133148,
      -0.07786381244659424,
      -0.10294044017791748
    ],
    "timestamp" : 1251081141378,
    "rotationMatrix" : [
      -0.8662769198417664,
      -0.037556156516075134,
      0.4981499910354614,
      0.4947100281715393,
      0.07417234033346176,
      0.865886926651001,
      -0.06946825981140137,
      0.9965379238128662,
      -0.04567418247461319
    ],
    "gravity" : [
      0.06946827471256256,
      -0.9965378642082214,
      0.04567417874932289
    ]
  },
  {
    "userAcceleration" : [
      -0.010350644588470459,
      -0.1113695502281189,
      -0.07118308544158936
    ],
    "timestamp" : 1251081151431,
    "rotationMatrix" : [
      -0.8604112863540649,
      -0.03017657995223999,
      0.5087053775787354,
      0.5055376887321472,
      0.07524383068084717,
      0.8595171570777893,
      -0.06421414017677307,
      0.996708333492279,
      -0.049484964460134506
    ],
    "gravity" : [
      0.06421415507793427,
      -0.9967082738876343,
      0.049484983086586
    ]
  },
  {
    "userAcceleration" : [
      -0.02455315738916397,
      -0.13831716775894165,
      -0.04011642932891846
    ],
    "timestamp" : 1251081161485,
    "rotationMatrix" : [
      -0.8545671105384827,
      -0.02290123701095581,
      0.5188354849815369,
      0.515958309173584,
      0.07639431208372116,
      0.8532002568244934,
      -0.059175387024879456,
      0.9968145489692688,
      -0.05346781760454178
    ],
    "gravity" : [
      0.05917536839842796,
      -0.9968145489692688,
      0.05346778780221939
    ]
  },
  {
    "userAcceleration" : [
      -0.03580928593873978,
      -0.14967912435531616,
      -0.019664399325847626
    ],
    "timestamp" : 1251081171538,
    "rotationMatrix" : [
      -0.8486033082008362,
      -0.015999257564544678,
      0.5287877917289734,
      0.5262243747711182,
      0.07727325707674026,
      0.846827507019043,
      -0.05440978705883026,
      0.9968816041946411,
      -0.05715518444776535
    ],
    "gravity" : [
      0.054409775882959366,
      -0.9968816041946411,
      0.05715518072247505
    ]
  },
  {
    "userAcceleration" : [
      -0.042150139808654785,
      -0.15714198350906372,
      -0.01554369181394577
    ],
    "timestamp" : 1251081181592,
    "rotationMatrix" : [
      -0.8428365588188171,
      -0.009488195180892944,
      0.5380862355232239,
      0.5358583927154541,
      0.07777273654937744,
      0.8407183289527893,
      -0.04982537031173706,
      0.9969260096549988,
      -0.06046551465988159
    ],
    "gravity" : [
      0.04982534795999527,
      -0.9969260096549988,
      0.06046546995639801
    ]
  },
  {
    "userAcceleration" : [
      -0.04466498643159866,
      -0.17193716764450073,
      -0.023172743618488312
    ],
    "timestamp" : 1251081191645,
    "rotationMatrix" : [
      -0.8375242352485657,
      -0.0031525790691375732,
      0.5463904142379761,
      0.544521689414978,
      0.07801651209592819,
      0.8351102471351624,
      -0.045260101556777954,
      0.9969468712806702,
      -0.06362373381853104
    ],
    "gravity" : [
      0.04526008293032646,
      -0.9969468712806702,
      0.06362368166446686
    ]
  },
  {
    "userAcceleration" : [
      -0.04307905212044716,
      -0.18880409002304077,
      -0.027507193386554718
    ],
    "timestamp" : 1251081201699,
    "rotationMatrix" : [
      -0.8327584862709045,
      0.003183603286743164,
      0.5536270141601562,
      0.5521382093429565,
      0.07828611135482788,
      0.8300689458847046,
      -0.04069867730140686,
      0.9969257116317749,
      -0.06695103645324707
    ],
    "gravity" : [
      0.04069867357611656,
      -0.9969257712364197,
      0.06695102900266647
    ]
  },
  {
    "userAcceleration" : [
      -0.04450374096632004,
      -0.21509236097335815,
      -0.024017810821533203
    ],
    "timestamp" : 1251081211752,
    "rotationMatrix" : [
      -0.8283063769340515,
      0.009557127952575684,
      0.5601935386657715,
      0.5590972304344177,
      0.07889725267887115,
      0.8253394961357117,
      -0.03630980849266052,
      0.9968368411064148,
      -0.07069425284862518
    ],
    "gravity" : [
      0.036309801042079926,
      -0.9968368411064148,
      0.07069427520036697
    ]
  },
  {
    "userAcceleration" : [
      -0.037195466458797455,
      -0.2437349557876587,
      -0.012199774384498596
    ],
    "timestamp" : 1251081221806,
    "rotationMatrix" : [
      -0.8240516185760498,
      0.016021519899368286,
      0.5662873983383179,
      0.5656013488769531,
      0.0799863338470459,
      0.8207904100418091,
      -0.03214481472969055,
      0.9966670274734497,
      -0.07497429847717285
    ],
    "gravity" : [
      0.03214481472969055,
      -0.9966670274734497,
      0.07497429847717285
    ]
  },
  {
    "userAcceleration" : [
      -0.032290831208229065,
      -0.24699485301971436,
      0.0021288469433784485
    ],
    "timestamp" : 1251081231860,
    "rotationMatrix" : [
      -0.8196708559989929,
      0.022584229707717896,
      0.5723894238471985,
      0.5721379518508911,
      0.0815495029091835,
      0.8160930871963501,
      -0.02824723720550537,
      0.9964133501052856,
      -0.07976504415273666
    ],
    "gravity" : [
      0.028247233480215073,
      -0.9964134097099304,
      0.07976502925157547
    ]
  },
  {
    "userAcceleration" : [
      -0.03150077536702156,
      -0.23781287670135498,
      0.017853379249572754
    ],
    "timestamp" : 1251081241913,
    "rotationMatrix" : [
      -0.814805269241333,
      0.02923065423965454,
      0.5789971351623535,
      0.5792135000228882,
      0.08337952196598053,
      0.8109003901481628,
      -0.024573296308517456,
      0.9960890412330627,
      -0.08486877381801605
    ],
    "gravity" : [
      0.0245733130723238,
      -0.996088981628418,
      0.08486875891685486
    ]
  },
  {
    "userAcceleration" : [
      -0.024646352976560593,
      -0.23102867603302002,
      0.022273771464824677
    ],
    "timestamp" : 1251081251967,
    "rotationMatrix" : [
      -0.8093199729919434,
      0.03591617941856384,
      0.586268424987793,
      0.5869909524917603,
      0.08519324660301208,
      0.8050983548164368,
      -0.021030038595199585,
      0.9957167506217957,
      -0.09003081917762756
    ],
    "gravity" : [
      0.021029997617006302,
      -0.9957167506217957,
      0.09003081172704697
    ]
  },
  {
    "userAcceleration" : [
      -0.014530017971992493,
      -0.2282971739768982,
      0.006886117160320282
    ],
    "timestamp" : 1251081262020,
    "rotationMatrix" : [
      -0.8032304048538208,
      0.04264041781425476,
      0.5941399931907654,
      0.5954090356826782,
      0.08688844740390778,
      0.7987104058265686,
      -0.0175665020942688,
      0.9953050017356873,
      -0.09517978131771088
    ],
    "gravity" : [
      0.017566511407494545,
      -0.9953050017356873,
      0.09517980366945267
    ]
  },
  {
    "userAcceleration" : [
      -0.004433179274201393,
      -0.21177762746810913,
      -0.03354752063751221
    ],
    "timestamp" : 1251081272074,
    "rotationMatrix" : [
      -0.7969141602516174,
      0.04961109161376953,
      0.6020516157150269,
      0.6039281487464905,
      0.08865252882242203,
      0.7920929193496704,
      -0.01407673954963684,
      0.9948261976242065,
      -0.10060980170965195
    ],
    "gravity" : [
      0.01407673954963684,
      -0.9948262572288513,
      0.10060983151197433
    ]
  },
  {
    "userAcceleration" : [
      -0.008159937337040901,
      -0.18734484910964966,
      -0.07390271127223969
    ],
    "timestamp" : 1251081282127,
    "rotationMatrix" : [
      -0.7910950183868408,
      0.05700349807739258,
      0.6090314388275146,
      0.6116030216217041,
      0.09081770479679108,
      0.7859350442886353,
      -0.010509788990020752,
      0.9942348003387451,
      -0.10670898854732513
    ],
    "gravity" : [
      0.01050978060811758,
      -0.9942348003387451,
      0.10670901834964752
    ]
  },
  {
    "userAcceleration" : [
      -0.021807679906487465,
      -0.17193585634231567,
      -0.09117768704891205
    ],
    "timestamp" : 1251081292181,
    "rotationMatrix" : [
      -0.786203920841217,
      0.06482478976249695,
      0.6145578622817993,
      0.6179288625717163,
      0.09357136487960815,
      0.7806462049484253,
      -0.0068998634815216064,
      0.9934999942779541,
      -0.11362338066101074
    ],
    "gravity" : [
      0.0068998392671346664,
      -0.9934999942779541,
      0.11362336575984955
    ]
  },
  {
    "userAcceleration" : [
      -0.02028729021549225,
      -0.16594117879867554,
      -0.08490145951509476
    ],
    "timestamp" : 1251081302234,
    "rotationMatrix" : [
      -0.7822147011756897,
      0.07296797633171082,
      0.6187207102775574,
      0.6229996681213379,
      0.09692923724651337,
      0.7761932015419006,
      -0.0033347606658935547,
      0.9926127791404724,
      -0.1212783008813858
    ],
    "gravity" : [
      0.0033347741700708866,
      -0.9926127791404724,
      0.12127826362848282
    ]
  },
  {
    "userAcceleration" : [
      -0.00921557191759348,
      -0.15807491540908813,
      -0.06289638578891754
    ],
    "timestamp" : 1251081312288,
    "rotationMatrix" : [
      -0.7789671421051025,
      0.08126938343048096,
      0.6217758655548096,
      0.6270645260810852,
      0.10078642517328262,
      0.7724195122718811,
      0.00010755658149719238,
      0.9915831685066223,
      -0.12947037816047668
    ],
    "gravity" : [
      -0.000107551459223032,
      -0.9915831685066223,
      0.12947030365467072
    ]
  },
  {
    "userAcceleration" : [
      -0.000332770636305213,
      -0.14123958349227905,
      -0.033539772033691406
    ],
    "timestamp" : 1251081322341,
    "rotationMatrix" : [
      -0.7762991189956665,
      0.08956465125083923,
      0.6239692568778992,
      0.6303555965423584,
      0.10502217710018158,
      0.7691697478294373,
      0.003359854221343994,
      0.9904283881187439,
      -0.13798607885837555
    ],
    "gravity" : [
      -0.0033598390873521566,
      -0.9904283881187439,
      0.13798610866069794
    ]
  },
  {
    "userAcceleration" : [
      0.014753367751836777,
      -0.11856698989868164,
      -0.0028258562088012695
    ],
    "timestamp" : 1251081332395,
    "rotationMatrix" : [
      -0.7738848328590393,
      0.09782737493515015,
      0.6257251501083374,
      0.6332927942276001,
      0.10937128961086273,
      0.7661449313163757,
      0.0065135955810546875,
      0.9891752600669861,
      -0.1465941220521927
    ],
    "gravity" : [
      -0.0065136076882481575,
      -0.9891752600669861,
      0.1465940773487091
    ]
  },
  {
    "userAcceleration" : [
      0.031751248985528946,
      -0.09652769565582275,
      0.022769689559936523
    ],
    "timestamp" : 1251081342448,
    "rotationMatrix" : [
      -0.7712299823760986,
      0.10610014200210571,
      0.6276519298553467,
      0.6364827752113342,
      0.11352744698524475,
      0.7628899812698364,
      0.00968700647354126,
      0.9878532886505127,
      -0.15508660674095154
    ],
    "gravity" : [
      -0.009687031619250774,
      -0.9878533482551575,
      0.15508660674095154
    ]
  },
  {
    "userAcceleration" : [
      0.05376524105668068,
      -0.08249741792678833,
      0.04180587828159332
    ],
    "timestamp" : 1251081352502,
    "rotationMatrix" : [
      -0.768145740032196,
      0.11443549394607544,
      0.6299657225608826,
      0.6401426792144775,
      0.11724698543548584,
      0.7592566013336182,
      0.01302427053451538,
      0.9864875078201294,
      -0.16331785917282104
    ],
    "gravity" : [
      -0.013024278916418552,
      -0.9864875674247742,
      0.16331790387630463
    ]
  },
  {
    "userAcceleration" : [
      0.07211438566446304,
      -0.0574154257774353,
      0.05192291736602783
    ],
    "timestamp" : 1251081362555,
    "rotationMatrix" : [
      -0.764331579208374,
      0.122884601354599,
      0.6330057978630066,
      0.644609808921814,
      0.1203584372997284,
      0.7549780607223511,
      0.016587674617767334,
      0.9850955009460449,
      -0.1712062656879425
    ],
    "gravity" : [
      -0.01658765785396099,
      -0.9850955009460449,
      0.1712062507867813
    ]
  },
  {
    "userAcceleration" : [
      0.08260200172662735,
      -0.029206275939941406,
      0.05221511423587799
    ],
    "timestamp" : 1251081372609,
    "rotationMatrix" : [
      -0.7599670886993408,
      0.13149994611740112,
      0.6365202069282532,
      0.6496374011039734,
      0.12274731695652008,
      0.7502695918083191,
      0.02052927017211914,
      0.9836874604225159,
      -0.17871128022670746
    ],
    "gravity" : [
      -0.02052924782037735,
      -0.9836874008178711,
      0.17871129512786865
    ]
  },
  {
    "userAcceleration" : [
      0.09340884536504745,
      -0.008508682250976562,
      0.04451154172420502
    ],
    "timestamp" : 1251081382662,
    "rotationMatrix" : [
      -0.7551419734954834,
      0.14038488268852234,
      0.6403530836105347,
      0.6550867557525635,
      0.12445053458213806,
      0.7452336549758911,
      0.024927377700805664,
      0.9822442531585693,
      -0.18594184517860413
    ],
    "gravity" : [
      -0.024927381426095963,
      -0.9822443127632141,
      0.18594186007976532
    ]
  },
  {
    "userAcceleration" : [
      0.0772634968161583,
      0.008396804332733154,
      0.035729870200157166
    ],
    "timestamp" : 1251081392716,
    "rotationMatrix" : [
      -0.7496867775917053,
      0.14947497844696045,
      0.644690990447998,
      0.6611323952674866,
      0.12566198408603668,
      0.7396707534790039,
      0.02954927086830139,
      0.9807476997375488,
      -0.19302968680858612
    ],
    "gravity" : [
      -0.029549244791269302,
      -0.9807476997375488,
      0.1930297315120697
    ]
  },
  {
    "userAcceleration" : [
      0.060384251177310944,
      0.010807037353515625,
      0.016748100519180298
    ],
    "timestamp" : 1251081402769,
    "rotationMatrix" : [
      -0.7439586520195007,
      0.15870410203933716,
      0.6491060256958008,
      0.6673492193222046,
      0.12672056257724762,
      0.733884871006012,
      0.03421542048454285,
      0.9791603684425354,
      -0.20018593966960907
    ],
    "gravity" : [
      -0.03421540558338165,
      -0.9791603088378906,
      0.20018601417541504
    ]
  },
  {
    "userAcceleration" : [
      0.0430329255759716,
      0.013679265975952148,
      -0.005516067147254944
    ],
    "timestamp" : 1251081412823,
    "rotationMatrix" : [
      -0.7382854223251343,
      0.1681460738182068,
      0.6531929969787598,
      0.6733673214912415,
      0.12793925404548645,
      0.7281537055969238,
      0.03886726498603821,
      0.9774242639541626,
      -0.2076795995235443
    ],
    "gravity" : [
      -0.03886725381016731,
      -0.9774242639541626,
      0.2076795995235443
    ]
  },
  {
    "userAcceleration" : [
      0.0283571295440197,
      0.028172016143798828,
      -0.016273781657218933
    ],
    "timestamp" : 1251081422876,
    "rotationMatrix" : [
      -0.7329236268997192,
      0.17781555652618408,
      0.6566610932350159,
      0.6789224743843079,
      0.12955354154109955,
      0.7226892113685608,
      0.043432772159576416,
      0.975498378276825,
      -0.215675488114357
    ],
    "gravity" : [
      -0.04343279078602791,
      -0.975498378276825,
      0.2156754732131958
    ]
  },
  {
    "userAcceleration" : [
      0.029531747102737427,
      0.03878277540206909,
      -0.015056610107421875
    ],
    "timestamp" : 1251081432930,
    "rotationMatrix" : [
      -0.7280933856964111,
      0.18773910403251648,
      0.6592676043510437,
      0.683794379234314,
      0.13156019151210785,
      0.7177164554595947,
      0.04801011085510254,
      0.9733682870864868,
      -0.22416295111179352
    ],
    "gravity" : [
      -0.04801013320684433,
      -0.9733682870864868,
      0.22416290640830994
    ]
  },
  {
    "userAcceleration" : [
      0.03874114155769348,
      0.041248321533203125,
      -0.0025441348552703857
    ],
    "timestamp" : 1251081442984,
    "rotationMatrix" : [
      -0.7238735556602478,
      0.19790135324001312,
      0.6609404683113098,
      0.6879098415374756,
      0.1337224692106247,
      0.713371217250824,
      0.05279451608657837,
      0.9710579514503479,
      -0.23293651640415192
    ],
    "gravity" : [
      -0.05279448628425598,
      -0.9710578918457031,
      0.2329365611076355
    ]
  },
  {
    "userAcceleration" : [
      0.048811353743076324,
      0.05013924837112427,
      0.01926790177822113
    ],
    "timestamp" : 1251081453037,
    "rotationMatrix" : [
      -0.7201911211013794,
      0.20827920734882355,
      0.6617734432220459,
      0.691352128982544,
      0.13579803705215454,
      0.7096413969993591,
      0.05793607234954834,
      0.9685961604118347,
      -0.2417946457862854
    ],
    "gravity" : [
      -0.05793609470129013,
      -0.9685961604118347,
      0.2417946457862854
    ]
  },
  {
    "userAcceleration" : [
      0.061161115765571594,
      0.05783361196517944,
      0.0508558452129364
    ],
    "timestamp" : 1251081463091,
    "rotationMatrix" : [
      -0.7167254686355591,
      0.2187790423631668,
      0.662148118019104,
      0.6944613456726074,
      0.137509286403656,
      0.7062680125236511,
      0.06346514821052551,
      0.9660366177558899,
      -0.25048989057540894
    ],
    "gravity" : [
      -0.0634651780128479,
      -0.9660366177558899,
      0.25048983097076416
    ]
  },
  {
    "userAcceleration" : [
      0.07302743941545486,
      0.06594091653823853,
      0.08622908592224121
    ],
    "timestamp" : 1251081473144,
    "rotationMatrix" : [
      -0.7132118940353394,
      0.22923099994659424,
      0.6624059677124023,
      0.6975046396255493,
      0.13853676617145538,
      0.7030609846115112,
      0.06939584016799927,
      0.9634628295898438,
      -0.25869566202163696
    ],
    "gravity" : [
      -0.06939582526683807,
      -0.963462769985199,
      0.25869566202163696
    ]
  },
  {
    "userAcceleration" : [
      0.0647687092423439,
      0.06844812631607056,
      0.12028411030769348
    ],
    "timestamp" : 1251081483198,
    "rotationMatrix" : [
      -0.7093121409416199,
      0.23946478962898254,
      0.6629726886749268,
      0.7008349895477295,
      0.13878434896469116,
      0.6996921896934509,
      0.0755414068698883,
