[
  {
    "timestamp" : 1251161172376,
    "gravity" : [
      -0.018378037959337234,
      -0.968293309211731,
      0.2491386979818344
    ],
    "userAcceleration" : [
      0.045477621257305145,
      0.008866548538208008,
      0.01499079167842865
    ],
    "rotationMatrix" : [
      0.34419476985931396,
      -0.24007737636566162,
      -0.9076853394508362,
      -0.938718318939209,
      -0.06907068192958832,
      -0.33769360184669495,
      0.018378078937530518,
      0.968293309211731,
      -0.2491387128829956
    ]
  },
  {
    "timestamp" : 1251161182431,
    "gravity" : [
      -0.01836148090660572,
      -0.9671063423156738,
      0.2537091076374054
    ],
    "userAcceleration" : [
      0.04216516762971878,
      0.011936664581298828,
      0.009123474359512329
    ],
    "rotationMatrix" : [
      0.35323160886764526,
      -0.24366286396980286,
      -0.9032474756240845,
      -0.9353557825088501,
      -0.07303313910961151,
      -0.3460865914821625,
      0.01836147904396057,
      0.9671063423156738,
      -0.253709077835083
    ]
  },
  {
    "timestamp" : 1251161192485,
    "gravity" : [
      -0.018305519595742226,
      -0.9658361077308655,
      0.2585058808326721
    ],
    "userAcceleration" : [
      0.053492285311222076,
      0.01782292127609253,
      0.005638837814331055
    ],
    "rotationMatrix" : [
      0.3621242344379425,
      -0.24739998579025269,
      -0.898698627948761,
      -0.931950032711029,
      -0.07716009020805359,
      -0.3542814552783966,
      0.018305540084838867,
      0.9658361673355103,
      -0.2585059404373169
    ]
  },
  {
    "timestamp" : 1251161202540,
    "gravity" : [
      -0.018289076164364815,
      -0.9644904136657715,
      0.26348423957824707
    ],
    "userAcceleration" : [
      0.061974965035915375,
      0.013623654842376709,
      0.0028273165225982666
    ],
    "rotationMatrix" : [
      0.3711036145687103,
      -0.2512519061565399,
      -0.8939545154571533,
      -0.9284113645553589,
      -0.08143043518066406,
      -0.36252108216285706,
      0.018289119005203247,
      0.9644904136657715,
      -0.26348426938056946
    ]
  },
  {
    "timestamp" : 1251161212595,
    "gravity" : [
      -0.018366679549217224,
      -0.9631255269050598,
      0.268424391746521
    ],
    "userAcceleration" : [
      0.06237301230430603,
      0.013082921504974365,
      0.014412373304367065
    ],
    "rotationMatrix" : [
      0.3805006146430969,
      -0.2550016939640045,
      -0.8889281749725342,
      -0.924598217010498,
      -0.08580891788005829,
      -0.371153324842453,
      0.018366694450378418,
      0.963125467300415,
      -0.2684244215488434
    ]
  },
  {
    "timestamp" : 1251161222650,
    "gravity" : [
      -0.018632015213370323,
      -0.9618346095085144,
      0.2729957401752472
    ],
    "userAcceleration" : [
      0.06433207541704178,
      0.01696479320526123,
      0.03539952635765076
    ],
    "rotationMatrix" : [
      0.3902157247066498,
      -0.25838497281074524,
      -0.8837243318557739,
      -0.9205348491668701,
      -0.09006154537200928,
      -0.3801371455192566,
      0.01863199472427368,
      0.9618346095085144,
      -0.2729957401752472
    ]
  },
  {
    "timestamp" : 1251161232705,
    "gravity" : [
      -0.019292056560516357,
      -0.9606567025184631,
      0.2770671546459198
    ],
    "userAcceleration" : [
      0.06979863345623016,
      0.016595542430877686,
      0.046708911657333374
    ],
    "rotationMatrix" : [
      0.4003387689590454,
      -0.2613558769226074,
      -0.8783062100410461,
      -0.9161640405654907,
      -0.09397630393505096,
      -0.38963013887405396,
      0.019292056560516357,
      0.9606567025184631,
      -0.2770671546459198
    ]
  },
  {
    "timestamp" : 1251161242760,
    "gravity" : [
      -0.02036556974053383,
      -0.9595596194267273,
      0.2807674705982208
    ],
    "userAcceleration" : [
      0.06783565878868103,
      0.022074997425079346,
      0.03995692729949951
    ],
    "rotationMatrix" : [
      0.4105297327041626,
      -0.2640853524208069,
      -0.8727681636810303,
      -0.9116197228431702,
      -0.09748893976211548,
      -0.39930596947669983,
      0.02036556601524353,
      0.9595596790313721,
      -0.2807675004005432
    ]
  },
  {
    "timestamp" : 1251161252815,
    "gravity" : [
      -0.02195856161415577,
      -0.958421528339386,
      0.28450924158096313
    ],
    "userAcceleration" : [
      0.06468314677476883,
      0.014680862426757812,
      0.01968976855278015
    ],
    "rotationMatrix" : [
      0.4206116795539856,
      -0.2670237123966217,
      -0.8670547008514404,
      -0.9069749116897583,
      -0.10062853991985321,
      -0.4089867174625397,
      0.02195855975151062,
      0.9584215879440308,
      -0.2845093011856079
    ]
  },
  {
    "timestamp" : 1251161262870,
    "gravity" : [
      -0.024284236133098602,
      -0.9571186900138855,
      0.2886762320995331
    ],
    "userAcceleration" : [
      0.08995804190635681,
      -0.019428551197052002,
      0.002888590097427368
    ],
    "rotationMatrix" : [
      0.430902361869812,
      -0.2705817222595215,
      -0.8608766794204712,
      -0.9020717144012451,
      -0.10348549485206604,
      -0.41899555921554565,
      0.0242842435836792,
      0.9571186900138855,
      -0.2886762320995331
    ]
  },
  {
    "timestamp" : 1251161272925,
    "gravity" : [
      -0.02686668373644352,
      -0.9556146264076233,
      0.2933916449546814
    ],
    "userAcceleration" : [
      0.06972861289978027,
      -0.027371704578399658,
      0.00841185450553894
    ],
    "rotationMatrix" : [
      0.4411720037460327,
      -0.27470335364341736,
      -0.85434490442276,
      -0.8970202207565308,
      -0.1064826250076294,
      -0.42897069454193115,
      0.026866674423217773,
      0.9556145668029785,
      -0.2933915853500366
    ]
  },
  {
    "timestamp" : 1251161282980,
    "gravity" : [
      -0.029307907447218895,
      -0.9539170265197754,
      0.2986353039741516
    ],
    "userAcceleration" : [
      0.049525804817676544,
      -0.02688729763031006,
      0.032098859548568726
    ],
    "rotationMatrix" : [
      0.45089107751846313,
      -0.27925753593444824,
      -0.847769021987915,
      -0.8920975923538208,
      -0.10980550944805145,
      -0.4382970631122589,
      0.029307901859283447,
      0.9539170265197754,
      -0.29863524436950684
    ]
  },
  {
    "timestamp" : 1251161293035,
    "gravity" : [
      -0.031509507447481155,
      -0.952155590057373,
      0.3039848506450653
    ],
    "userAcceleration" : [
      0.03680428862571716,
      -0.025947988033294678,
      0.060242295265197754
    ],
    "rotationMatrix" : [
      0.45964521169662476,
      -0.2838718891143799,
      -0.8415123224258423,
      -0.8875434398651123,
      -0.1132095456123352,
      -0.4465984106063843,
      0.03150951862335205,
      0.952155590057373,
      -0.3039848804473877
    ]
  },
  {
    "timestamp" : 1251161303090,
    "gravity" : [
      -0.03345455974340439,
      -0.9504647850990295,
      0.30902600288391113
    ],
    "userAcceleration" : [
      0.023810993880033493,
      -0.018330812454223633,
      0.07750949263572693
    ],
    "rotationMatrix" : [
      0.46742159128189087,
      -0.2881794571876526,
      -0.8357448577880859,
      -0.8834012150764465,
      -0.11648586392402649,
      -0.45390862226486206,
      0.033454567193984985,
      0.9504647850990295,
      -0.3090260326862335
    ]
  },
  {
    "timestamp" : 1251161313145,
    "gravity" : [
      -0.03499718755483627,
      -0.9489548802375793,
      0.31346413493156433
    ],
    "userAcceleration" : [
      0.006112277507781982,
      -0.014820754528045654,
      0.07046213746070862
    ],
    "rotationMatrix" : [
      0.47406816482543945,
      -0.29188501834869385,
      -0.8307000398635864,
      -0.879792332649231,
      -0.11953113973140717,
      -0.4600844085216522,
      0.03499719500541687,
      0.9489548206329346,
      -0.31346407532691956
    ]
  },
  {
    "timestamp" : 1251161323199,
    "gravity" : [
      -0.03614487126469612,
      -0.9476170539855957,
      0.31735745072364807
    ],
    "userAcceleration" : [
      -0.0030702389776706696,
      -0.014785408973693848,
      0.04052218794822693
    ],
    "rotationMatrix" : [
      0.47997939586639404,
      -0.29500019550323486,
      -0.8261929750442505,
      -0.8765349388122559,
      -0.12246248126029968,
      -0.46549949049949646,
      0.03614488244056702,
      0.9476170539855957,
      -0.31735745072364807
    ]
  },
  {
    "timestamp" : 1251161333254,
    "gravity" : [
      -0.03695651516318321,
      -0.9463855028152466,
      0.32091861963272095
    ],
    "userAcceleration" : [
      -0.013977333903312683,
      -0.004542291164398193,
      -0.001475900411605835
    ],
    "rotationMatrix" : [
      0.48562392592430115,
      -0.2976771593093872,
      -0.8219231963157654,
      -0.8733862638473511,
      -0.125470370054245,
      -0.4705885648727417,
      0.03695648908615112,
      0.9463855028152466,
      -0.32091861963272095
    ]
  },
  {
    "timestamp" : 1251161343308,
    "gravity" : [
      -0.03758350387215614,
      -0.9452102780342102,
      0.324290931224823
    ],
    "userAcceleration" : [
      -0.01867567002773285,
      0.011204719543457031,
      -0.03802099823951721
    ],
    "rotationMatrix" : [
      0.49137043952941895,
      -0.30005785822868347,
      -0.8176308274269104,
      -0.8701392412185669,
      -0.12861745059490204,
      -0.47572559118270874,
      0.03758347034454346,
      0.9452102780342102,
      -0.324290931224823
    ]
  },
  {
    "timestamp" : 1251161353363,
    "gravity" : [
      -0.03816888481378555,
      -0.9440582990646362,
      0.3275616466999054
    ],
    "userAcceleration" : [
      -0.026330020278692245,
      0.015347540378570557,
      -0.07252636551856995
    ],
    "rotationMatrix" : [
      0.4976634085178375,
      -0.30221500992774963,
      -0.8130172491073608,
      -0.8665299415588379,
      -0.13198336958885193,
      -0.4813584089279175,
      0.038168877363204956,
      0.9440582990646362,
      -0.327561616897583
    ]
  },
  {
    "timestamp" : 1251161363418,
    "gravity" : [
      -0.038719866424798965,
      -0.9428971409797668,
      0.33082544803619385
    ],
    "userAcceleration" : [
      -0.03665856644511223,
      0.017878949642181396,
      -0.09867838025093079
    ],
    "rotationMatrix" : [
      0.5048719048500061,
      -0.30416759848594666,
      -0.8078281283378601,
      -0.8623253107070923,
      -0.13574542105197906,
      -0.4878195524215698,
      0.038719892501831055,
      0.9428970813751221,
      -0.33082547783851624
    ]
  },
  {
    "timestamp" : 1251161373473,
    "gravity" : [
      -0.039369307458400726,
      -0.9416662454605103,
      0.3342375159263611
    ],
    "userAcceleration" : [
      -0.04025105759501457,
      0.014511704444885254,
      -0.11795958876609802
    ],
    "rotationMatrix" : [
      0.5132355690002441,
      -0.3060581088066101,
      -0.8018214702606201,
      -0.8573443293571472,
      -0.1399753987789154,
      -0.4953458607196808,
      0.03936931490898132,
      0.9416662454605103,
      -0.3342375159263611
    ]
  },
  {
    "timestamp" : 1251161383528,
    "gravity" : [
      -0.04016023874282837,
      -0.9403155446052551,
      0.3379257321357727
    ],
    "userAcceleration" : [
      -0.03839202597737312,
      0.012367606163024902,
      -0.12239539623260498
    ],
    "rotationMatrix" : [
      0.5227854251861572,
      -0.30798864364624023,
      -0.7948826551437378,
      -0.8515177965164185,
      -0.14473989605903625,
      -0.5039520859718323,
      0.04016023874282837,
      0.9403155446052551,
      -0.33792567253112793
    ]
  },
  {
    "timestamp" : 1251161393583,
    "gravity" : [
      -0.041066139936447144,
      -0.9388259649276733,
      0.3419347107410431
    ],
    "userAcceleration" : [
      -0.03570083528757095,
      0.01148831844329834,
      -0.10528632998466492
    ],
    "rotationMatrix" : [
      0.5335164666175842,
      -0.3099556267261505,
      -0.7869483232498169,
      -0.8447921276092529,
      -0.1501108705997467,
      -0.5136078000068665,
      0.041066139936447144,
      0.9388260245323181,
      -0.3419347107410431
    ]
  },
  {
    "timestamp" : 1251161403638,
    "gravity" : [
      -0.0420561246573925,
      -0.9372305274009705,
      0.34616532921791077
    ],
    "userAcceleration" : [
      -0.022213894873857498,
      0.007802367210388184,
      -0.07852622866630554
    ],
    "rotationMatrix" : [
      0.5450296998023987,
      -0.3119000792503357,
      -0.7782422304153442,
      -0.8373612761497498,
      -0.15594057738780975,
      -0.523935854434967,
      0.042056113481521606,
      0.9372305274009705,
      -0.34616532921791077
    ]
  },
  {
    "timestamp" : 1251161413693,
    "gravity" : [
      -0.042977266013622284,
      -0.9355578422546387,
      0.35054871439933777
    ],
    "userAcceleration" : [
      -0.01715763285756111,
      0.0029254555702209473,
      -0.04531204700469971
    ],
    "rotationMatrix" : [
      0.5569822192192078,
      -0.31372368335723877,
      -0.7689917087554932,
      -0.8294116258621216,
      -0.16220013797283173,
      -0.5345720052719116,
      0.04297724366188049,
      0.9355578422546387,
      -0.3505486249923706
    ]
  },
  {
    "timestamp" : 1251161423748,
    "gravity" : [
      -0.04355952888727188,
      -0.9338549971580505,
      0.3549884557723999
    ],
    "userAcceleration" : [
      -0.02411319687962532,
      0.0021688342094421387,
      -0.010033190250396729
    ],
    "rotationMatrix" : [
      0.5690812468528748,
      -0.3152381181716919,
      -0.7594545483589172,
      -0.8211265802383423,
      -0.1689356565475464,
      -0.5451709032058716,
      0.04355955123901367,
      0.9338549375534058,
      -0.3549884855747223
    ]
  },
  {
    "timestamp" : 1251161433803,
    "gravity" : [
      -0.04356352239847183,
      -0.9321733117103577,
      0.3593814969062805
    ],
    "userAcceleration" : [
      -0.018738120794296265,
      0.0012804269790649414,
      0.019783973693847656
    ],
    "rotationMatrix" : [
      0.5809045433998108,
      -0.3162972331047058,
      -0.7500039339065552,
      -0.8128051161766052,
      -0.17609348893165588,
      -0.5552827715873718,
      0.043563514947891235,
      0.9321733117103577,
      -0.35938146710395813
    ]
  },
  {
    "timestamp" : 1251161443858,
    "gravity" : [
      -0.04296515882015228,
      -0.930558979511261,
      0.36361217498779297
    ],
    "userAcceleration" : [
      -0.017276562750339508,
      0.004060626029968262,
      0.03917396068572998
    ],
    "rotationMatrix" : [
      0.5923376083374023,
      -0.3168092668056488,
      -0.7407888174057007,
      -0.8045433759689331,
      -0.18355301022529602,
      -0.5648167729377747,
      0.04296514391899109,
      0.930558979511261,
      -0.36361217498779297
    ]
  },
  {
    "timestamp" : 1251161453913,
    "gravity" : [
      -0.041854459792375565,
      -0.9290751218795776,
      0.3675152361392975
    ],
    "userAcceleration" : [
      -0.010834138840436935,
      0.013959884643554688,
      0.05219292640686035
    ],
    "rotationMatrix" : [
      0.6035005450248718,
      -0.31666138768196106,
      -0.7317873239517212,
      -0.7962633371353149,
      -0.19116714596748352,
      -0.5739510655403137,
      0.04185447096824646,
      0.9290751814842224,
      -0.36751532554626465
    ]
  },
  {
    "timestamp" : 1251161463968,
    "gravity" : [
      -0.04035143554210663,
      -0.9277392029762268,
      0.3710407316684723
    ],
    "userAcceleration" : [
      0.00507311150431633,
      0.015889465808868408,
      0.04985755681991577
    ],
    "rotationMatrix" : [
      0.6142347455024719,
      -0.31592264771461487,
      -0.7231240272521973,
      -0.7880909442901611,
      -0.19872692227363586,
      -0.582597553730011,
      0.040351420640945435,
      0.9277392029762268,
      -0.3710407316684723
    ]
  },
  {
    "timestamp" : 1251161474023,
    "gravity" : [
      -0.03861827403306961,
      -0.9265703558921814,
      0.3741336762905121
    ],
    "userAcceleration" : [
      0.021543677896261215,
      0.02401292324066162,
      0.040020257234573364
    ],
    "rotationMatrix" : [
      0.6240660548210144,
      -0.3147802948951721,
      -0.7151607871055603,
      -0.7804166674613953,
      -0.20586584508419037,
      -0.5903973579406738,
      0.038618266582489014,
      0.9265704154968262,
      -0.3741336762905121
    ]
  },
  {
    "timestamp" : 1251161484078,
    "gravity" : [
      -0.037054117769002914,
      -0.9255173206329346,
      0.3768877387046814
    ],
    "userAcceleration" : [
      0.03954128921031952,
      0.030909955501556396,
      0.015598714351654053
    ],
    "rotationMatrix" : [
      0.6346254944801331,
      -0.313125342130661,
      -0.70654296875,
      -0.7719309329986572,
      -0.21300220489501953,
      -0.5989594459533691,
      0.03705412149429321,
      0.9255173206329346,
      -0.3768877685070038
    ]
  },
  {
    "timestamp" : 1251161494133,
    "gravity" : [
      -0.035906512290239334,
      -0.9244599342346191,
      0.37958458065986633
    ],
    "userAcceleration" : [
      0.04530591145157814,
      0.042059481143951416,
      -0.019507884979248047
    ],
    "rotationMatrix" : [
      0.6447666883468628,
      -0.31163063645362854,
      -0.6979700326919556,
      -0.7635356187820435,
      -0.21968179941177368,
      -0.6072505116462708,
      0.03590652346611023,
      0.9244598746299744,
      -0.37958458065986633
    ]
  },
  {
    "timestamp" : 1251161504187,
    "gravity" : [
      -0.03529628738760948,
      -0.9232509136199951,
      0.3825725018978119
    ],
    "userAcceleration" : [
      0.03404504433274269,
      0.05264544486999512,
      -0.05501216650009155
    ],
    "rotationMatrix" : [
      0.6549336910247803,
      -0.310518741607666,
      -0.6889411807060242,
      -0.75486159324646,
      -0.22624260187149048,
      -0.6156283020973206,
      0.03529626131057739,
      0.9232509732246399,
      -0.38257259130477905
    ]
  },
  {
    "timestamp" : 1251161514242,
    "gravity" : [
      -0.0352884940803051,
      -0.9217753410339355,
      0.38611432909965515
    ],
    "userAcceleration" : [
      0.031336452811956406,
      0.040000736713409424,
      -0.07558295130729675
    ],
    "rotationMatrix" : [
      0.6651116013526917,
      -0.31002748012542725,
      -0.6793447732925415,
      -0.745909571647644,
      -0.23283596336841583,
      -0.6240237951278687,
      0.035288482904434204,
      0.9217753410339355,
      -0.38611435890197754
    ]
  },
  {
    "timestamp" : 1251161524297,
    "gravity" : [
      -0.035686150193214417,
      -0.9199960827827454,
      0.39029935002326965
    ],
    "userAcceleration" : [
      0.014293324202299118,
      0.04037272930145264,
      -0.07805883884429932
    ],
    "rotationMatrix" : [
      0.675213098526001,
      -0.31011950969696045,
      -0.6692631244659424,
      -0.7367589473724365,
      -0.23965170979499817,
      -0.6322603225708008,
      0.03568616509437561,
      0.9199960231781006,
      -0.3902992606163025
    ]
  },
  {
    "timestamp" : 1251161534352,
    "gravity" : [
      -0.036349453032016754,
      -0.9179306030273438,
      0.39507198333740234
    ],
    "userAcceleration" : [
      -0.002896152436733246,
      0.0419389009475708,
      -0.06740489602088928
    ],
    "rotationMatrix" : [
      0.6852878928184509,
      -0.31063735485076904,
      -0.6586993932723999,
      -0.7273645401000977,
      -0.24679458141326904,
      -0.6403381824493408,
      0.03634944558143616,
      0.9179306030273438,
      -0.39507192373275757
    ]
  },
  {
    "timestamp" : 1251161544407,
    "gravity" : [
      -0.037155527621507645,
      -0.91569584608078,
      0.4001502990722656
    ],
    "userAcceleration" : [
      -0.012115098536014557,
      0.03982621431350708,
      -0.039966732263565063
    ],
    "rotationMatrix" : [
      0.6953299045562744,
      -0.3112868666648865,
      -0.6477782726287842,
      -0.7177295088768005,
      -0.25416794419288635,
      -0.6482767462730408,
      0.03715550899505615,
      0.91569584608078,
      -0.4001503586769104
    ]
  },
  {
    "timestamp" : 1251161554462,
    "gravity" : [
      -0.037963759154081345,
      -0.9134294986724854,
      0.40522292256355286
    ],
    "userAcceleration" : [
      -0.016845833510160446,
      0.034751951694488525,
      -0.015711814165115356
    ],
    "rotationMatrix" : [
      0.7052347660064697,
      -0.31178513169288635,
      -0.636737048625946,
      -0.7079567909240723,
      -0.2616044580936432,
      -0.656018853187561,
      0.03796374797821045,
      0.9134294986724854,
      -0.40522298216819763
    ]
  },
  {
    "timestamp" : 1251161564517,
    "gravity" : [
      -0.03871025890111923,
      -0.9112256169319153,
      0.41008424758911133
    ],
    "userAcceleration" : [
      -0.026154864579439163,
      0.025300443172454834,
      -0.0029646456241607666
    ],
    "rotationMatrix" : [
      0.7150033712387085,
      -0.3119471073150635,
      -0.6256669759750366,
      -0.69804847240448,
      -0.2689918279647827,
      -0.6636048555374146,
      0.03871026635169983,
      0.9112255573272705,
      -0.41008424758911133
    ]
  },
  {
    "timestamp" : 1251161574572,
    "gravity" : [
      -0.03935251757502556,
      -0.909149169921875,
      0.41460704803466797
    ],
    "userAcceleration" : [
      -0.03799429535865784,
      0.027450621128082275,
      0.0056961774826049805
    ],
    "rotationMatrix" : [
      0.7249287366867065,
      -0.3115432858467102,
      -0.6143444776535034,
      -0.6876988410949707,
      -0.27638453245162964,
      -0.6713283061981201,
      0.03935250639915466,
      0.909149169921875,
      -0.41460704803466797
    ]
  },
  {
    "timestamp" : 1251161584627,
    "gravity" : [
      -0.039896298199892044,
      -0.9072925448417664,
      0.4186026155948639
    ],
    "userAcceleration" : [
      -0.039327334612607956,
      0.029118895530700684,
      0.019477099180221558
    ],
    "rotationMatrix" : [
      0.735016942024231,
      -0.3104412853717804,
      -0.6028069257736206,
      -0.6768739223480225,
      -0.28363025188446045,
      -0.6792608499526978,
      0.03989630937576294,
      0.9072926044464111,
      -0.41860267519950867
    ]
  },
  {
    "timestamp" : 1251161594682,
    "gravity" : [
      -0.040364641696214676,
      -0.9057128429412842,
      0.4219655692577362
    ],
    "userAcceleration" : [
      -0.030817609280347824,
      0.027737319469451904,
      0.02615445852279663
    ],
    "rotationMatrix" : [
      0.745141863822937,
      -0.3086397647857666,
      -0.5911895036697388,
      -0.6656833291053772,
      -0.29056107997894287,
      -0.687342643737793,
      0.04036465287208557,
      0.9057128429412842,
      -0.4219655990600586
    ]
  },
  {
    "timestamp" : 1251161604737,
    "gravity" : [
      -0.040866948664188385,
      -0.9043440818786621,
      0.42484304308891296
    ],
    "userAcceleration" : [
      -0.019893553107976913,
      0.029923975467681885,
      0.013435006141662598
    ],
    "rotationMatrix" : [
      0.7551835179328918,
      -0.30637019872665405,
      -0.5795128345489502,
      -0.6542382836341858,
      -0.2971515357494354,
      -0.695466160774231,
      0.040866971015930176,
      0.9043440818786621,
      -0.42484304308891296
    ]
  },
  {
    "timestamp" : 1251161614792,
    "gravity" : [
      -0.04157882556319237,
      -0.903023898601532,
      0.42757368087768555
    ],
    "userAcceleration" : [
      -0.004014451056718826,
      0.03519546985626221,
      -0.008231699466705322
    ],
    "rotationMatrix" : [
      0.7650824189186096,
      -0.30400580167770386,
      -0.5676525235176086,
      -0.6425885558128357,
      -0.3035268187522888,
      -0.7035279273986816,
      0.041578829288482666,
      0.9030238389968872,
      -0.42757368087768555
    ]
  },
  {
    "timestamp" : 1251161624847,
    "gravity" : [
      -0.04258259758353233,
      -0.9016199111938477,
      0.4304277300834656
    ],
    "userAcceleration" : [
      0.010035593062639236,
      0.04021555185317993,
      -0.024361014366149902
    ],
    "rotationMatrix" : [
      0.7746542692184448,
      -0.3018672466278076,
      -0.5556859970092773,
      -0.6309496760368347,
      -0.3097700774669647,
      -0.7112979888916016,
      0.04258260130882263,
      0.9016199111938477,
      -0.4304277300834656
    ]
  },
  {
    "timestamp" : 1251161634902,
    "gravity" : [
      -0.04390304163098335,
      -0.900070309638977,
      0.4335267245769501
    ],
    "userAcceleration" : [
      0.014606170356273651,
      0.04020726680755615,
      -0.03302949666976929
    ],
    "rotationMatrix" : [
      0.7837772369384766,
      -0.3001149296760559,
      -0.5437132716178894,
      -0.6194882392883301,
      -0.31591758131980896,
      -0.7186305522918701,
      0.043903037905693054,
      0.900070309638977,
      -0.4335266351699829
    ]
  },
  {
    "timestamp" : 1251161644957,
    "gravity" : [
      -0.04539893940091133,
      -0.898412823677063,
      0.4367983043193817
    ],
    "userAcceleration" : [
      0.00557350367307663,
      0.03191220760345459,
      -0.034042805433273315
    ],
    "rotationMatrix" : [
      0.7924489378929138,
      -0.2986181974411011,
      -0.531838059425354,
      -0.6082462072372437,
      -0.3219953775405884,
      -0.7255032062530518,
      0.04539895057678223,
      0.898412823677063,
      -0.4367982745170593
    ]
  },
  {
    "timestamp" : 1251161655012,
    "gravity" : [
      -0.0469234324991703,
      -0.8967573642730713,
      0.44002777338027954
    ],
    "userAcceleration" : [
      -0.010312292724847794,
      0.01894974708557129,
      -0.03251141309738159
    ],
    "rotationMatrix" : [
      0.800874650478363,
      -0.2970465123653412,
      -0.5199645757675171,
      -0.5969908237457275,
      -0.32800862193107605,
      -0.7321287393569946,
      0.0469234436750412,
      0.8967573642730713,
      -0.44002780318260193
    ]
  },
  {
    "timestamp" : 1251161665067,
    "gravity" : [
      -0.04841092228889465,
      -0.8952097296714783,
      0.4430074393749237
    ],
    "userAcceleration" : [
      -0.031850315630435944,
      0.009650766849517822,
      -0.03452983498573303
    ],
    "rotationMatrix" : [
      0.8092309236526489,
      -0.2951398193836212,
      -0.5079742074012756,
      -0.585492730140686,
      -0.33390384912490845,
      -0.7387194037437439,
      0.04841093719005585,
      0.8952097296714783,
      -0.44300752878189087
    ]
  },
  {
    "timestamp" : 1251161675121,
    "gravity" : [
      -0.04978548735380173,
      -0.8938204646110535,
      0.4456520974636078
    ],
    "userAcceleration" : [
      -0.05299772322177887,
      0.004660546779632568,
      -0.03899034857749939
    ],
    "rotationMatrix" : [
      0.8176129460334778,
      -0.29274022579193115,
      -0.49579447507858276,
      -0.5736117362976074,
      -0.3396874666213989,
      -0.7453733682632446,
      0.049785494804382324,
      0.8938204050064087,
      -0.4456520676612854
    ]
  },
  {
    "timestamp" : 1251161685176,
    "gravity" : [
      -0.05104836821556091,
      -0.8925867080688477,
      0.44797658920288086
    ],
    "userAcceleration" : [
      -0.05912008881568909,
      0.003609597682952881,
      -0.047357141971588135
    ],
    "rotationMatrix" : [
      0.8260729908943176,
      -0.2898205518722534,
      -0.4833294749259949,
      -0.5612463355064392,
      -0.34538814425468445,
      -0.7521366477012634,
      0.05104838311672211,
      0.8925866484642029,
      -0.4479765295982361
    ]
  },
  {
    "timestamp" : 1251161695231,
    "gravity" : [
      -0.052382130175828934,
      -0.8914624452590942,
      0.4500564634799957
    ],
    "userAcceleration" : [
      -0.05224740877747536,
      0.006879866123199463,
      -0.056913793087005615
    ],
    "rotationMatrix" : [
      0.8346880674362183,
      -0.28649604320526123,
      -0.4703359007835388,
      -0.5482261776924133,
      -0.35101959109306335,
      -0.7591003179550171,
      0.05238209664821625,
      0.8914624452590942,
      -0.4500564932823181
    ]
  },
  {
    "timestamp" : 1251161705286,
    "gravity" : [
      -0.05398144572973251,
      -0.8904135227203369,
      0.4519401490688324
    ],
    "userAcceleration" : [
      -0.03480946645140648,
      0.010240614414215088,
      -0.060887932777404785
    ],
    "rotationMatrix" : [
      0.8434268236160278,
      -0.2829378545284271,
      -0.45670273900032043,
      -0.5345252752304077,
      -0.3565249741077423,
      -0.7662720680236816,
      0.05398145318031311,
      0.8904135227203369,
      -0.4519401490688324
    ]
  },
  {
    "timestamp" : 1251161715341,
    "gravity" : [
      -0.05592404678463936,
      -0.8893651962280273,
      0.4537639319896698
    ],
    "userAcceleration" : [
      -0.01846254989504814,
      0.008841633796691895,
      -0.061384350061416626
    ],
    "rotationMatrix" : [
      0.852183997631073,
      -0.2793271243572235,
      -0.4424463212490082,
      -0.5202450156211853,
      -0.3619469106197357,
      -0.7735238671302795,
      0.055924057960510254,
      0.8893651366233826,
      -0.4537639021873474
    ]
  },
  {
    "timestamp" : 1251161725396,
    "gravity" : [
      -0.05818239226937294,
      -0.8882378339767456,
      0.4556839168071747
    ],
    "userAcceleration" : [
      -0.00994810089468956,
      0.009942114353179932,
      -0.054515331983566284
    ],
    "rotationMatrix" : [
      0.8607603907585144,
      -0.27584540843963623,
      -0.4277859330177307,
      -0.5056741237640381,
      -0.3673449754714966,
      -0.7806092500686646,
      0.05818238854408264,
      0.8882378339767456,
      -0.4556838870048523
    ]
  },
  {
    "timestamp" : 1251161735451,
    "gravity" : [
      -0.06054331734776497,
      -0.8870375156402588,
      0.4577103555202484
    ],
    "userAcceleration" : [
      -0.009296152740716934,
      0.008589088916778564,
      -0.03485894203186035
    ],
    "rotationMatrix" : [
      0.8691185712814331,
      -0.2723565101623535,
      -0.41286176443099976,
      -0.49088430404663086,
      -0.3728085160255432,
      -0.7874301671981812,
      0.06054331362247467,
      0.8870375156402588,
      -0.457710325717926
    ]
  },
  {
    "timestamp" : 1251161745506,
    "gravity" : [
      -0.06282733380794525,
      -0.8858592510223389,
      0.4596802890300751
    ],
    "userAcceleration" : [
      -0.012078069150447845,
      0.008265316486358643,
      -0.010415911674499512
    ],
    "rotationMatrix" : [
      0.877113401889801,
      -0.26875731348991394,
      -0.39804720878601074,
      -0.4761562645435333,
      -0.3781835436820984,
      -0.79388427734375,
      0.06282733380794525,
      0.8858592510223389,
      -0.45968031883239746
    ]
  },
  {
    "timestamp" : 1251161755561,
    "gravity" : [
      -0.06495112180709839,
      -0.8848419785499573,
      0.4613415002822876
    ],
    "userAcceleration" : [
      -0.023320995271205902,
      0.0092010498046875,
      0.008461296558380127
    ],
    "rotationMatrix" : [
      0.8848780393600464,
      -0.264776349067688,
      -0.38325491547584534,
      -0.46127235889434814,
      -0.3833380341529846,
      -0.8001747727394104,
      0.06495112180709839,
      0.8848419785499573,
      -0.4613414406776428
    ]
  },
  {
    "timestamp" : 1251161765616,
    "gravity" : [
      -0.06695220619440079,
      -0.8841067552566528,
      0.4624636769294739
    ],
    "userAcceleration" : [
      -0.026507891714572906,
      0.007504522800445557,
      0.018767893314361572
    ],
    "rotationMatrix" : [
      0.8924666047096252,
      -0.260307639837265,
      -0.36843356490135193,
      -0.44611743092536926,
      -0.3880659341812134,
      -0.806463897228241,
      0.06695219874382019,
      0.8841066956520081,
      -0.4624636769294739
    ]
  },
  {
    "timestamp" : 1251161775671,
    "gravity" : [
      -0.06888571381568909,
      -0.8836695551872253,
      0.46301454305648804
    ],
    "userAcceleration" : [
      -0.01863868534564972,
      0.0023677945137023926,
      0.01890358328819275
    ],
    "rotationMatrix" : [
      0.8998798131942749,
      -0.2553931474685669,
      -0.35354018211364746,
      -0.430663526058197,
      -0.392303466796875,
      -0.812789261341095,
      0.0688856989145279,
      0.8836695551872253,
      -0.46301448345184326
    ]
  },
  {
    "timestamp" : 1251161785726,
    "gravity" : [
      -0.07069621235132217,
      -0.8834534883499146,
      0.4631541073322296
    ],
    "userAcceleration" : [
      -0.015729568898677826,
      -0.0044095516204833984,
      0.006084054708480835
    ],
    "rotationMatrix" : [
      0.9071118235588074,
      -0.2500723600387573,
      -0.33854377269744873,
      -0.4149097800254822,
      -0.3961987793445587,
      -0.8190702795982361,
      0.07069621980190277,
      0.8834534287452698,
      -0.4631540775299072
    ]
  },
  {
    "timestamp" : 1251161795781,
    "gravity" : [
      -0.07232274860143661,
      -0.8834238648414612,
      0.462959885597229
    ],
    "userAcceleration" : [
      -0.006870396435260773,
      -0.0007467865943908691,
      0.006598830223083496
    ],
    "rotationMatrix" : [
      0.9140664339065552,
      -0.24443024396896362,
      -0.32363009452819824,
      -0.3990638852119446,
      -0.3997702896595001,
      -0.825186014175415,
      0.07232274115085602,
      0.883423924446106,
      -0.462959885597229
    ]
  },
  {
    "timestamp" : 1251161805836,
    "gravity" : [
      -0.07394424080848694,
      -0.8835436105728149,
      0.4624748229980469
    ],
    "userAcceleration" : [
      0.010742321610450745,
      0.002501070499420166,
      0.00957101583480835
    ],
    "rotationMatrix" : [
      0.9207378029823303,
      -0.23863857984542847,
      -0.308696448802948,
      -0.3831111192703247,
      -0.40299171209335327,
      -0.8311578631401062,
      0.07394424080848694,
      0.8835435509681702,
      -0.4624748229980469
    ]
  },
  {
    "timestamp" : 1251161815891,
    "gravity" : [
      -0.07564143091440201,
      -0.8837809562683105,
      0.4617462754249573
    ],
    "userAcceleration" : [
      0.02360895276069641,
      0.010108470916748047,
      0.006286442279815674
    ],
    "rotationMatrix" : [
      0.9269983768463135,
      -0.23292943835258484,
      -0.2939690947532654,
      -0.36735859513282776,
      -0.4058018624782562,
      -0.8368827104568481,
      0.07564142346382141,
      0.8837809562683105,
      -0.46174633502960205
    ]
  },
  {
    "timestamp" : 1251161825946,
    "gravity" : [
      -0.07758472114801407,
      -0.8840526342391968,
      0.4609028100967407
    ],
    "userAcceleration" : [
      0.038629040122032166,
      0.0033153891563415527,
      -0.0052602291107177734
    ],
    "rotationMatrix" : [
      0.9328414797782898,
      -0.22751355171203613,
      -0.27936410903930664,
      -0.351834237575531,
      -0.4082748293876648,
      -0.8423325419425964,
      0.07758471369743347,
      0.884052574634552,
      -0.46090278029441833
    ]
  },
  {
    "timestamp" : 1251161836001,
    "gravity" : [
      -0.0798988789319992,
      -0.8842040300369263,
      0.4602162539958954
    ],
    "userAcceleration" : [
      0.0526161715388298,
      -0.011196792125701904,
      -0.024135500192642212
    ],
    "rotationMatrix" : [
      0.9382332563400269,
      -0.22263729572296143,
      -0.26486021280288696,
      -0.33665186166763306,
      -0.41062816977500916,
      -0.8473781943321228,
      0.0798988863825798,
      0.884204089641571,
      -0.4602162837982178
    ]
  },
  {
    "timestamp" : 1251161846056,
    "gravity" : [
      -0.08252426981925964,
      -0.8840736746788025,
      0.46000346541404724
    ],
    "userAcceleration" : [
      0.06155870854854584,
      -0.01767486333847046,
      -0.03797605633735657
    ],
    "rotationMatrix" : [
      0.9431590437889099,
      -0.21838811039924622,
      -0.2505147159099579,
      -0.3219328224658966,
      -0.41318291425704956,
      -0.8518443703651428,
      0.08252426981925964,
      0.8840736746788025,
      -0.46000349521636963
    ]
  },
  {
    "timestamp" : 1251161856110,
    "gravity" : [
      -0.0853034257888794,
      -0.8836404085159302,
      0.46032896637916565
    ],
    "userAcceleration" : [
      0.0557318776845932,
      -0.02448636293411255,
      -0.03538703918457031
    ],
    "rotationMatrix" : [
      0.9476441144943237,
      -0.21464723348617554,
      -0.23642587661743164,
      -0.3077238202095032,
      -0.41606003046035767,
      -0.8556867837905884,
      0.0853034257888794,
      0.8836404085159302,
      -0.4603288769721985
    ]
  },
  {
    "timestamp" : 1251161866165,
    "gravity" : [
      -0.08797603845596313,
      -0.883049488067627,
      0.460959255695343
    ],
    "userAcceleration" : [
      0.035867296159267426,
      -0.027564406394958496,
      -0.01854613423347473
    ],
    "rotationMatrix" : [
      0.9517243504524231,
      -0.21112821996212006,
      -0.2228129655122757,
      -0.29407644271850586,
      -0.4191039502620697,
      -0.8589939475059509,
      0.08797605335712433,
      0.8830495476722717,
      -0.4609592854976654
    ]
  },
  {
    "timestamp" : 1251161876220,
    "gravity" : [
      -0.09026367217302322,
      -0.8824789524078369,
      0.4616091549396515
    ],
    "userAcceleration" : [
      0.011711418628692627,
      -0.025983452796936035,
      0.0002741813659667969
    ],
    "rotationMatrix" : [
      0.9554060101509094,
      -0.20758168399333954,
      -0.21002182364463806,
      -0.28116151690483093,
      -0.4220668077468872,
      -0.8618627786636353,
      0.09026366472244263,
      0.8824789524078369,
      -0.4616091549396515
    ]
  },
  {
    "timestamp" : 1251161886275,
    "gravity" : [
      -0.09202684462070465,
      -0.8820605278015137,
      0.4620607793331146
    ],
    "userAcceleration" : [
      -0.014052256941795349,
      -0.027317464351654053,
      0.0057735443115234375
    ],
    "rotationMatrix" : [
      0.9588362574577332,
      -0.20368200540542603,
      -0.19785530865192413,
      -0.2686338424682617,
      -0.4248325824737549,
      -0.8644957542419434,
      0.09202684462070465,
      0.8820605278015137,
      -0.46206074953079224
    ]
  },
  {
    "timestamp" : 1251161896330,
    "gravity" : [
      -0.09325002878904343,
      -0.8818913102149963,
      0.462138831615448
    ],
    "userAcceleration" : [
      -0.026943452656269073,
      -0.029821395874023438,
      0.004779994487762451
    ],
    "rotationMatrix" : [
      0.9621593356132507,
      -0.19918017089366913,
      -0.1859481930732727,
      -0.2560349702835083,
      -0.4273115396499634,
      -0.8670935034751892,
      0.09325003623962402,
      0.8818913102149963,
      -0.4621388614177704
    ]
  },
  {
    "timestamp" : 1251161906385,
    "gravity" : [
      -0.09392933547496796,
      -0.8819897174835205,
      0.46181297302246094
    ],
    "userAcceleration" : [
      -0.027210168540477753,
      -0.03883236646652222,
      -0.002309948205947876
    ],
    "rotationMatrix" : [
      0.9654923677444458,
      -0.1938721388578415,
      -0.173891082406044,
      -0.24290286004543304,
      -0.4295434057712555,
      -0.8697645664215088,
      0.09392933547496796,
      0.8819897174835205,
      -0.46181297302246094
    ]
  },
  {
    "timestamp" : 1251161916440,
    "gravity" : [
      -0.09417277574539185,
      -0.8822895288467407,
      0.46119067072868347
    ],
    "userAcceleration" : [
      -0.016514495015144348,
      -0.053516924381256104,
      -0.01308584213256836
