[
  {
    "rotationMatrix" : [
      0.5242030620574951,
      0.1527199149131775,
      0.8377873301506042,
      0.8475490212440491,
      -0.18932408094406128,
      -0.4957990050315857,
      0.08289510011672974,
      0.9699652791023254,
      -0.22868183255195618
    ],
    "gravity" : [
      -0.08289510011672974,
      -0.9699653387069702,
      0.22868189215660095
    ],
    "timestamp" : 1251281831527,
    "userAcceleration" : [
      -0.05142799764871597,
      0.040644168853759766,
      -0.09443522989749908
    ]
  },
  {
    "rotationMatrix" : [
      0.5243032574653625,
      0.15222400426864624,
      0.8378148674964905,
      0.8475090265274048,
      -0.18880407512187958,
      -0.49606549739837646,
      0.08266997337341309,
      0.970144510269165,
      -0.22800171375274658
    ],
    "gravity" : [
      -0.08266995847225189,
      -0.970144510269165,
      0.2280016988515854
    ],
    "timestamp" : 1251281841582,
    "userAcceleration" : [
      -0.02917693555355072,
      0.05380868911743164,
      -0.06664016842842102
    ]
  },
  {
    "rotationMatrix" : [
      0.5237659215927124,
      0.15098243951797485,
      0.8383755683898926,
      0.8478869795799255,
      -0.18736529350280762,
      -0.49596554040908813,
      0.08220037817955017,
      0.9706175923347473,
      -0.22615161538124084
    ],
    "gravity" : [
      -0.08220040053129196,
      -0.9706175923347473,
      0.22615160048007965
    ],
    "timestamp" : 1251281851636,
    "userAcceleration" : [
      0.0007642582058906555,
      0.06978452205657959,
      -0.05630612373352051
    ]
  },
  {
    "rotationMatrix" : [
      0.5230726003646851,
      0.14900022745132446,
      0.8391627073287964,
      0.8483595252037048,
      -0.18545162677764893,
      -0.495876669883728,
      0.08173838257789612,
      0.971291184425354,
      -0.22341039776802063
    ],
    "gravity" : [
      -0.08173837512731552,
      -0.971291184425354,
      0.2234104573726654
    ],
    "timestamp" : 1251281861691,
    "userAcceleration" : [
      0.028866685926914215,
      0.081398606300354,
      -0.061636894941329956
    ]
  },
  {
    "rotationMatrix" : [
      0.5227209329605103,
      0.14652642607688904,
      0.8398170471191406,
      0.8486043214797974,
      -0.18354761600494385,
      -0.49616584181785583,
      0.08144518733024597,
      0.9720287322998047,
      -0.22028705477714539
    ],
    "gravity" : [
      -0.08144516497850418,
      -0.9720287919044495,
      0.22028712928295135
    ],
    "timestamp" : 1251281871745,
    "userAcceleration" : [
      0.05288074165582657,
      0.08335703611373901,
      -0.07438267767429352
    ]
  },
  {
    "rotationMatrix" : [
      0.5217950344085693,
      0.14415743947029114,
      0.8408022522926331,
      0.8491772413253784,
      -0.18183490633964539,
      -0.49581629037857056,
      0.08141171932220459,
      0.9727047085762024,
      -0.21729570627212524
    ],
    "gravity" : [
      -0.08141172677278519,
      -0.9727046489715576,
      0.21729567646980286
    ],
    "timestamp" : 1251281881800,
    "userAcceleration" : [
      0.07289734482765198,
      0.07223790884017944,
      -0.08613122999668121
    ]
  },
  {
    "rotationMatrix" : [
      0.5217419862747192,
      0.1418757140636444,
      0.8412232995033264,
      0.8491851091384888,
      -0.1807696372270584,
      -0.4961925745010376,
      0.08166992664337158,
      0.9732388257980347,
      -0.214793860912323
    ],
    "gravity" : [
      -0.08166991919279099,
      -0.9732387661933899,
      0.214793860912323
    ],
    "timestamp" : 1251281891855,
    "userAcceleration" : [
      0.07933533936738968,
      0.05771136283874512,
      -0.09162494540214539
    ]
  },
  {
    "rotationMatrix" : [
      0.522395133972168,
      0.1398647129535675,
      0.8411546349525452,
      0.8487344980239868,
      -0.18035362660884857,
      -0.4971138834953308,
      0.08217662572860718,
      0.9736068844795227,
      -0.21292388439178467
    ],
    "gravity" : [
      -0.08217660337686539,
      -0.9736068844795227,
      0.21292385458946228
    ],
    "timestamp" : 1251281901909,
    "userAcceleration" : [
      0.07318919152021408,
      0.046223461627960205,
      -0.08725258708000183
    ]
  },
  {
    "rotationMatrix" : [
      0.5238332748413086,
      0.13810288906097412,
      0.8405511379241943,
      0.8477837443351746,
      -0.1804811954498291,
      -0.4986874461174011,
      0.08283352851867676,
      0.9738346934318542,
      -0.2116234302520752
    ],
    "gravity" : [
      -0.08283351361751556,
      -0.9738346934318542,
      0.2116234004497528
    ],
    "timestamp" : 1251281911964,
    "userAcceleration" : [
      0.054665811359882355,
      0.03628897666931152,
      -0.07543885707855225
    ]
  },
  {
    "rotationMatrix" : [
      0.5257995128631592,
      0.13646256923675537,
      0.8395907878875732,
      0.846493124961853,
      -0.18092072010040283,
      -0.5007160902023315,
      0.08357056975364685,
      0.9739842414855957,
      -0.21064257621765137
    ],
    "gravity" : [
      -0.08357055485248566,
      -0.9739841818809509,
      0.21064253151416779
    ],
    "timestamp" : 1251281922018,
    "userAcceleration" : [
      0.03324710577726364,
      0.02430790662765503,
      -0.061182901263237
    ]
  },
  {
    "rotationMatrix" : [
      0.52825528383255,
      0.13473063707351685,
      0.8383281230926514,
      0.8448864817619324,
      -0.18147890269756317,
      -0.5032217502593994,
      0.08433946967124939,
      0.9741216897964478,
      -0.20969928801059723
    ],
    "gravity" : [
      -0.08433946967124939,
      -0.974121630191803,
      0.20969928801059723
    ],
    "timestamp" : 1251281932073,
    "userAcceleration" : [
      0.01094471663236618,
      0.01728886365890503,
      -0.050016164779663086
    ]
  },
  {
    "rotationMatrix" : [
      0.53058260679245,
      0.13284805417060852,
      0.8371578454971313,
      0.8433502912521362,
      -0.18189401924610138,
      -0.5056424736976624,
      0.08510053157806396,
      0.9743025898933411,
      -0.2085472047328949
    ],
    "gravity" : [
      -0.08510052412748337,
      -0.9743025898933411,
      0.20854716002941132
    ],
    "timestamp" : 1251281942128,
    "userAcceleration" : [
      -0.017682641744613647,
      0.011091768741607666,
      -0.04750601947307587
    ]
  },
  {
    "rotationMatrix" : [
      0.5326799154281616,
      0.13083022832870483,
      0.8361432552337646,
      0.8419649600982666,
      -0.18198499083518982,
      -0.5079137682914734,
      0.08571508526802063,
      0.9745587706565857,
      -0.207094207406044
    ],
    "gravity" : [
      -0.08571508526802063,
      -0.9745587706565857,
      0.207094207406044
    ],
    "timestamp" : 1251281952182,
    "userAcceleration" : [
      -0.04758568853139877,
      0.005900323390960693,
      -0.047166913747787476
    ]
  },
  {
    "rotationMatrix" : [
      0.5346655249595642,
      0.12880036234855652,
      0.8351904153823853,
      0.8406727313995361,
      -0.18168586492538452,
      -0.5101559162139893,
      0.08603420853614807,
      0.9748847484588623,
      -0.20542003214359283
    ],
    "gravity" : [
      -0.08603423833847046,
      -0.9748847484588623,
      0.20542004704475403
    ],
    "timestamp" : 1251281962237,
    "userAcceleration" : [
      -0.06568387150764465,
      -0.0026235580444335938,
      -0.05234399437904358
    ]
  },
  {
    "rotationMatrix" : [
      0.5363784432411194,
      0.12698885798454285,
      0.8343691825866699,
      0.8395887613296509,
      -0.18097612261772156,
      -0.5121898055076599,
      0.08595845103263855,
      0.9752545952796936,
      -0.20369012653827667
    ],
    "gravity" : [
      -0.08595849573612213,
      -0.9752545952796936,
      0.2036900818347931
    ],
    "timestamp" : 1251281972292,
    "userAcceleration" : [
      -0.06647679954767227,
      -0.009608685970306396,
      -0.059784501791000366
    ]
  },
  {
    "rotationMatrix" : [
      0.5377806425094604,
      0.12552261352539062,
      0.8336880207061768,
      0.8387375473976135,
      -0.17994236946105957,
      -0.5139449834823608,
      0.08550432324409485,
      0.975635290145874,
      -0.20204994082450867
    ],
    "gravity" : [
      -0.08550433814525604,
      -0.975635290145874,
      0.20204998552799225
    ],
    "timestamp" : 1251281982346,
    "userAcceleration" : [
      -0.05664650350809097,
      -0.0051993727684021,
      -0.0641564428806305
    ]
  },
  {
    "rotationMatrix" : [
      0.5392594337463379,
      0.12429100275039673,
      0.8329170942306519,
      0.8378592729568481,
      -0.17877742648124695,
      -0.5157812833786011,
      0.08479979634284973,
      0.976007342338562,
      -0.2005457878112793
    ],
    "gravity" : [
      -0.08479981869459152,
      -0.976007342338562,
      0.2005457878112793
    ],
    "timestamp" : 1251281992401,
    "userAcceleration" : [
      -0.03542415797710419,
      0.005807816982269287,
      -0.06545984745025635
    ]
  },
  {
    "rotationMatrix" : [
      0.5406957268714905,
      0.12320426106452942,
      0.8321470022201538,
      0.8370068073272705,
      -0.1776532232761383,
      -0.517550528049469,
      0.08406934142112732,
      0.9763501286506653,
      -0.19917906820774078
    ],
    "gravity" : [
      -0.08406933397054672,
      -0.9763501286506653,
      0.19917909801006317
    ],
    "timestamp" : 1251282002455,
    "userAcceleration" : [
      -0.00914657860994339,
      0.014833033084869385,
      -0.06519177556037903
    ]
  },
  {
    "rotationMatrix" : [
      0.5421348810195923,
      0.1221950352191925,
      0.8313592672348022,
      0.8361324071884155,
      -0.1767612248659134,
      -0.5192668437957764,
      0.08350023627281189,
      0.9766390323638916,
      -0.19799964129924774
    ],
    "gravity" : [
      -0.08350025862455368,
      -0.9766390323638916,
      0.19799962639808655
    ],
    "timestamp" : 1251282012510,
    "userAcceleration" : [
      0.013157255947589874,
      0.0233309268951416,
      -0.06302043795585632
    ]
  },
  {
    "rotationMatrix" : [
      0.5436890125274658,
      0.12124067544937134,
      0.8304835557937622,
      0.8351551294326782,
      -0.1762155443429947,
      -0.5210219025611877,
      0.08317512273788452,
      0.976856529712677,
      -0.1970611810684204
    ],
    "gravity" : [
      -0.08317515254020691,
      -0.976856529712677,
      0.1970611810684204
    ],
    "timestamp" : 1251282022565,
    "userAcceleration" : [
      0.0263209268450737,
      0.028660178184509277,
      -0.06090712547302246
    ]
  },
  {
    "rotationMatrix" : [
      0.5454064607620239,
      0.12033665180206299,
      0.8294882774353027,
      0.8340340852737427,
      -0.17612916231155396,
      -0.5228437185287476,
      0.08317986130714417,
      0.976983904838562,
      -0.19642682373523712
    ],
    "gravity" : [
      -0.08317986130714417,
      -0.976983904838562,
      0.19642682373523712
    ],
    "timestamp" : 1251282032619,
    "userAcceleration" : [
      0.036625318229198456,
      0.029687821865081787,
      -0.060562729835510254
    ]
  },
  {
    "rotationMatrix" : [
      0.5473359823226929,
      0.11955887079238892,
      0.8283290266990662,
      0.8327398300170898,
      -0.17651693522930145,
      -0.524772584438324,
      0.0834728479385376,
      0.9770094752311707,
      -0.19617551565170288
    ],
    "gravity" : [
      -0.08347286283969879,
      -0.9770094752311707,
      0.1961755007505417
    ],
    "timestamp" : 1251282042674,
    "userAcceleration" : [
      0.041862159967422485,
      0.02675306797027588,
      -0.05684754252433777
    ]
  },
  {
    "rotationMatrix" : [
      0.5496686697006226,
      0.1189260184764862,
      0.8268740773200989,
      0.8311526775360107,
      -0.1773369312286377,
      -0.5270071029663086,
      0.08396059274673462,
      0.976938009262085,
      -0.19632217288017273
    ],
    "gravity" : [
      -0.08396060019731522,
      -0.976938009262085,
      0.19632212817668915
    ],
    "timestamp" : 1251282052729,
    "userAcceleration" : [
      0.036261655390262604,
      0.019830644130706787,
      -0.045214444398880005
    ]
  },
  {
    "rotationMatrix" : [
      0.552509069442749,
      0.11840537190437317,
      0.8250538110733032,
      0.8292078971862793,
      -0.17848724126815796,
      -0.5296757221221924,
      0.08454522490501404,
      0.9767917394638062,
      -0.19679847359657288
    ],
    "gravity" : [
      -0.08454519510269165,
      -0.9767917990684509,
      0.19679845869541168
    ],
    "timestamp" : 1251282062783,
    "userAcceleration" : [
      0.029934018850326538,
      0.012253344058990479,
      -0.03607775270938873
    ]
  },
  {
    "rotationMatrix" : [
      0.5555562973022461,
      0.11792004108428955,
      0.8230746984481812,
      0.8271041512489319,
      -0.17978428304195404,
      -0.5325186848640442,
      0.085181325674057,
      0.9766126275062561,
      -0.1974124014377594
    ],
    "gravity" : [
      -0.0851813554763794,
      -0.9766126871109009,
      0.1974124014377594
    ],
    "timestamp" : 1251282072838,
    "userAcceleration" : [
      0.024191997945308685,
      -0.0011094212532043457,
      -0.024133682250976562
    ]
  },
  {
    "rotationMatrix" : [
      0.5587565898895264,
      0.1173774003982544,
      0.8209832906723022,
      0.8248797655105591,
      -0.18109211325645447,
      -0.5355173349380493,
      0.08581608533859253,
      0.9764363765716553,
      -0.19800859689712524
    ],
    "gravity" : [
      -0.08581604063510895,
      -0.9764363765716553,
      0.19800859689712524
    ],
    "timestamp" : 1251282082892,
    "userAcceleration" : [
      0.014481224119663239,
      -0.008442044258117676,
      -0.016551151871681213
    ]
  },
  {
    "rotationMatrix" : [
      0.5620448589324951,
      0.11680513620376587,
      0.8188174366950989,
      0.8225893974304199,
      -0.18226394057273865,
      -0.5386337637901306,
      0.0863257646560669,
      0.9762869477272034,
      -0.1985231637954712
    ],
    "gravity" : [
      -0.0863257646560669,
      -0.9762869477272034,
      0.1985231190919876
    ],
    "timestamp" : 1251282092947,
    "userAcceleration" : [
      0.0020209848880767822,
      -0.01384049654006958,
      -0.010885968804359436
    ]
  },
  {
    "rotationMatrix" : [
      0.5653708577156067,
      0.11626863479614258,
      0.8166010975837708,
      0.8202803134918213,
      -0.18317082524299622,
      -0.5418380498886108,
      0.08657878637313843,
      0.9761812686920166,
      -0.19893230497837067
    ],
    "gravity" : [
      -0.08657877147197723,
      -0.9761812686920166,
      0.19893229007720947
    ],
    "timestamp" : 1251282103002,
    "userAcceleration" : [
      -0.009063296020030975,
      -0.022079110145568848,
      -0.005161061882972717
    ]
  },
  {
    "rotationMatrix" : [
      0.5688284635543823,
      0.1158076822757721,
      0.8142620325088501,
      0.8179006576538086,
      -0.18370985984802246,
      -0.5452421307563782,
      0.08644482493400574,
      0.976134717464447,
      -0.1992185264825821
    ],
    "gravity" : [
      -0.08644483983516693,
      -0.9761347770690918,
      0.19921855628490448
    ],
    "timestamp" : 1251282113056,
    "userAcceleration" : [
      -0.010051712393760681,
      -0.030350089073181152,
      -0.002838030457496643
    ]
  },
  {
    "rotationMatrix" : [
      0.572464108467102,
      0.11540043354034424,
      0.8117681741714478,
      0.8154239654541016,
      -0.18377849459648132,
      -0.5489163398742676,
      0.08584040403366089,
      0.9761700630187988,
      -0.19930686056613922
    ],
    "gravity" : [
      -0.0858403742313385,
      -0.9761701226234436,
      0.19930687546730042
    ],
    "timestamp" : 1251282123111,
    "userAcceleration" : [
      -0.009786434471607208,
      -0.04143846035003662,
      -0.00010347366333007812
    ]
  },
  {
    "rotationMatrix" : [
      0.5763081312179565,
      0.11501219868659973,
      0.809099018573761,
      0.8128076791763306,
      -0.18355368077754974,
      -0.5528579950332642,
      0.08492755889892578,
      0.976258397102356,
      -0.19926632940769196
    ],
    "gravity" : [
      -0.08492758125066757,
      -0.976258397102356,
      0.19926626980304718
    ],
    "timestamp" : 1251282133166,
    "userAcceleration" : [
      -0.0008878409862518311,
      -0.03765767812728882,
      -0.004075974225997925
    ]
  },
  {
    "rotationMatrix" : [
      0.5802752375602722,
      0.11468538641929626,
      0.8063051700592041,
      0.8100991249084473,
      -0.18313317000865936,
      -0.5569576025009155,
      0.08378627896308899,
      0.9763756990432739,
      -0.1991741955280304
    ],
    "gravity" : [
      -0.0837862640619278,
      -0.9763756990432739,
      0.19917412102222443
    ],
    "timestamp" : 1251282143220,
    "userAcceleration" : [
      0.00798061490058899,
      -0.027133822441101074,
      -0.01852545142173767
    ]
  },
  {
    "rotationMatrix" : [
      0.5840877294540405,
      0.11441919207572937,
      0.8035855889320374,
      0.8074802160263062,
      -0.182613804936409,
      -0.5609169006347656,
      0.08256620168685913,
      0.9765042066574097,
      -0.19905371963977814
    ],
    "gravity" : [
      -0.08256615698337555,
      -0.9765041470527649,
      0.19905368983745575
    ],
    "timestamp" : 1251282153275,
    "userAcceleration" : [
      0.02113429456949234,
      -0.023083746433258057,
      -0.03108501434326172
    ]
  },
  {
    "rotationMatrix" : [
      0.5877525806427002,
      0.11415749788284302,
      0.8009462356567383,
      0.8049304485321045,
      -0.18217718601226807,
      -0.5647107362747192,
      0.0814482569694519,
      0.9766162633895874,
      -0.19896391034126282
    ],
    "gravity" : [
      -0.0814482569694519,
      -0.9766162633895874,
      0.19896389544010162
    ],
    "timestamp" : 1251282163329,
    "userAcceleration" : [
      0.037274084985256195,
      -0.024970531463623047,
      -0.03857886791229248
    ]
  },
  {
    "rotationMatrix" : [
      0.5910492539405823,
      0.11390724778175354,
      0.798552393913269,
      0.8026090860366821,
      -0.18183782696723938,
      -0.5681140422821045,
      0.08049473166465759,
      0.9767087697982788,
      -0.1988980919122696
    ],
    "gravity" : [
      -0.08049476146697998,
      -0.9767087697982788,
      0.1988980919122696
    ],
    "timestamp" : 1251282173384,
    "userAcceleration" : [
      0.046238794922828674,
      -0.02489328384399414,
      -0.04544055461883545
    ]
  },
  {
    "rotationMatrix" : [
      0.5939841866493225,
      0.11363738775253296,
      0.796410322189331,
      0.8005147576332092,
      -0.18162164092063904,
      -0.5711303949356079,
      0.07974350452423096,
      0.9767806529998779,
      -0.19884882867336273
    ],
    "gravity" : [
      -0.07974348217248917,
      -0.9767805933952332,
      0.19884882867336273
    ],
    "timestamp" : 1251282183439,
    "userAcceleration" : [
      0.04957684874534607,
      -0.028254926204681396,
      -0.047680094838142395
    ]
  },
  {
    "rotationMatrix" : [
      0.5964177846908569,
      0.11338961124420166,
      0.7946248054504395,
      0.7987588047981262,
      -0.18150250613689423,
      -0.5736208558082581,
      0.07918384671211243,
      0.9768312573432922,
      -0.19882221519947052
    ],
    "gravity" : [
      -0.07918383926153183,
      -0.9768312573432922,
      0.19882220029830933
    ],
    "timestamp" : 1251282193493,
    "userAcceleration" : [
      0.05045156925916672,
      -0.04025840759277344,
      -0.04724147915840149
    ]
  },
  {
    "rotationMatrix" : [
      0.5982375144958496,
      0.11325564980506897,
      0.7932748794555664,
      0.797437310218811,
      -0.1814630776643753,
      -0.5754690170288086,
      0.07877501845359802,
      0.9768542051315308,
      -0.19887226819992065
    ],
    "gravity" : [
      -0.07877505570650101,
      -0.9768542051315308,
      0.19887226819992065
    ],
    "timestamp" : 1251282203548,
    "userAcceleration" : [
      0.0477539524435997,
      -0.05525022745132446,
      -0.04069983959197998
    ]
  },
  {
    "rotationMatrix" : [
      0.5997381806373596,
      0.1132965087890625,
      0.7921350002288818,
      0.7963365316390991,
      -0.18161600828170776,
      -0.5769431591033936,
      0.07849889993667603,
      0.9768209457397461,
      -0.1991441249847412
    ],
    "gravity" : [
      -0.07849891483783722,
      -0.9768209457397461,
      0.1991441696882248
    ],
    "timestamp" : 1251282213603,
    "userAcceleration" : [
      0.04799661785364151,
      -0.06901627779006958,
      -0.032121554017066956
    ]
  },
  {
    "rotationMatrix" : [
      0.6008639335632324,
      0.113589346408844,
      0.7912395000457764,
      0.7955064177513123,
      -0.181942880153656,
      -0.5779846906661987,
      0.07830750942230225,
      0.9767262935638428,
      -0.19968394935131073
    ],
    "gravity" : [
      -0.07830751687288284,
      -0.9767262935638428,
      0.19968396425247192
    ],
    "timestamp" : 1251282223657,
    "userAcceleration" : [
      0.04983463138341904,
      -0.0839579701423645,
      -0.020927399396896362
    ]
  },
  {
    "rotationMatrix" : [
      0.6018986105918884,
      0.11403670907020569,
      0.790388286113739,
      0.7947379350662231,
      -0.1824158877134323,
      -0.5788920521736145,
      0.07816445827484131,
      0.9765859246253967,
      -0.2004251629114151
    ],
    "gravity" : [
      -0.07816445082426071,
      -0.976585865020752,
      0.2004251480102539
    ],
    "timestamp" : 1251282233712,
    "userAcceleration" : [
      0.054238684475421906,
      -0.09775489568710327,
      -6.210803985595703e-05
    ]
  },
  {
    "rotationMatrix" : [
      0.6030426025390625,
      0.11452177166938782,
      0.7894455790519714,
      0.7938791513442993,
      -0.18301737308502197,
      -0.579879641532898,
      0.07807344198226929,
      0.9764164686203003,
      -0.20128369331359863
    ],
    "gravity" : [
      -0.07807346433401108,
      -0.9764165282249451,
      0.20128367841243744
    ],
    "timestamp" : 1251282243766,
    "userAcceleration" : [
      0.05414769798517227,
      -0.10643857717514038,
      0.019816040992736816
    ]
  },
  {
    "rotationMatrix" : [
      0.6046000719070435,
      0.11497423052787781,
      0.7881876230239868,
      0.792708158493042,
      -0.18365982174873352,
      -0.5812769532203674,
      0.07792648673057556,
      0.9762428402900696,
      -0.20218177139759064
    ],
    "gravity" : [
      -0.07792648673057556,
      -0.9762428402900696,
      0.20218180119991302
    ],
    "timestamp" : 1251282253821,
    "userAcceleration" : [
      0.046905383467674255,
      -0.1116173267364502,
      0.03468027710914612
    ]
  },
  {
    "rotationMatrix" : [
      0.6069121360778809,
      0.11535635590553284,
      0.7863526344299316,
      0.7909698486328125,
      -0.18429255485534668,
      -0.5834401845932007,
      0.07761558890342712,
      0.9760781526565552,
      -0.20309269428253174
    ],
    "gravity" : [
      -0.07761557400226593,
      -0.9760782122612,
      0.20309270918369293
    ],
    "timestamp" : 1251282263876,
    "userAcceleration" : [
      0.03905663639307022,
      -0.11768680810928345,
      0.03811809420585632
    ]
  },
  {
    "rotationMatrix" : [
      0.6100512742996216,
      0.11569905281066895,
      0.7838693261146545,
      0.7885993123054504,
      -0.1849496215581894,
      -0.5864337682723999,
      0.07712656259536743,
      0.9759135246276855,
      -0.20406889915466309
    ],
    "gravity" : [
      -0.07712658494710922,
      -0.9759135246276855,
      0.20406895875930786
    ],
    "timestamp" : 1251282273930,
    "userAcceleration" : [
      0.03258620202541351,
      -0.1130450963973999,
      0.03177081048488617
    ]
  },
  {
    "rotationMatrix" : [
      0.6139588952064514,
      0.11601042747497559,
      0.7807663679122925,
      0.7856341600418091,
      -0.1855214536190033,
      -0.5902210474014282,
      0.07637706398963928,
      0.9757682085037231,
      -0.20504434406757355
    ],
    "gravity" : [
      -0.0763770267367363,
      -0.9757682085037231,
      0.20504432916641235
    ],
    "timestamp" : 1251282283985,
    "userAcceleration" : [
      0.02028573304414749,
      -0.10080045461654663,
      0.02270832657814026
    ]
  },
  {
    "rotationMatrix" : [
      0.6183511018753052,
      0.11626455187797546,
      0.7772544622421265,
      0.7822761535644531,
      -0.18594714999198914,
      -0.5945314168930054,
      0.07540538907051086,
      0.9756567478179932,
      -0.20593158900737762
    ],
    "gravity" : [
      -0.07540533691644669,
      -0.9756567478179932,
      0.20593160390853882
    ],
    "timestamp" : 1251282294040,
    "userAcceleration" : [
      0.01183723658323288,
      -0.09390795230865479,
      0.008469581604003906
    ]
  },
  {
    "rotationMatrix" : [
      0.6228029727935791,
      0.11636883020401001,
      0.7736760973930359,
      0.7788332104682922,
      -0.18624989688396454,
      -0.5989404916763306,
      0.07439917325973511,
      0.9755865335464478,
      -0.20662885904312134
    ],
    "gravity" : [
      -0.07439917325973511,
      -0.9755865335464478,
      0.20662888884544373
    ],
    "timestamp" : 1251282304094,
    "userAcceleration" : [
      0.002637110650539398,
      -0.0861656665802002,
      -0.007013559341430664
    ]
  },
  {
    "rotationMatrix" : [
      0.6271319389343262,
      0.11631375551223755,
      0.7701795697212219,
      0.7754366993904114,
      -0.1865447610616684,
      -0.6032402515411377,
      0.07350790500640869,
      0.9755367040634155,
      -0.20718207955360413
    ],
    "gravity" : [
      -0.07350790500640869,
      -0.9755367636680603,
      0.20718209445476532
    ],
    "timestamp" : 1251282314149,
    "userAcceleration" : [
      -0.002328254282474518,
      -0.08516258001327515,
      -0.025160089135169983
    ]
  },
  {
    "rotationMatrix" : [
      0.6310609579086304,
      0.11620640754699707,
      0.7669798731803894,
      0.77230304479599,
      -0.18699347972869873,
      -0.6071090698242188,
      0.07287031412124634,
      0.9754637479782104,
      -0.2077508121728897
    ],
    "gravity" : [
      -0.07287031412124634,
      -0.9754637479782104,
      0.2077508568763733
    ],
    "timestamp" : 1251282324203,
    "userAcceleration" : [
      0.0013066083192825317,
      -0.09011846780776978,
      -0.04338335990905762
    ]
  },
  {
    "rotationMatrix" : [
      0.6350191831588745,
      0.11614298820495605,
      0.7637156248092651,
      0.7690858244895935,
      -0.18784946203231812,
      -0.6109170317649841,
      0.07250985503196716,
      0.9753068089485168,
      -0.20861192047595978
    ],
    "gravity" : [
      -0.07250984758138657,
      -0.9753068089485168,
      0.20861193537712097
    ],
    "timestamp" : 1251282334258,
    "userAcceleration" : [
      0.008102506399154663,
      -0.09582966566085815,
      -0.05947265028953552
    ]
  },
  {
    "rotationMatrix" : [
      0.6382933259010315,
      0.1164800226688385,
      0.7609297037124634,
      0.7663819789886475,
      -0.18910880386829376,
      -0.6139187812805176,
      0.07238936424255371,
      0.9750230312347412,
      -0.209975004196167
    ],
    "gravity" : [
      -0.07238936424255371,
      -0.975023090839386,
      0.20997504889965057
    ],
    "timestamp" : 1251282344313,
    "userAcceleration" : [
      0.005143895745277405,
      -0.10105711221694946,
      -0.07076919078826904
    ]
  },
  {
    "rotationMatrix" : [
      0.6418628692626953,
      0.11705702543258667,
      0.7578322291374207,
      0.7633927464485168,
      -0.1908690184354782,
      -0.6170902252197266,
      0.07241201400756836,
      0.9746109247207642,
      -0.2118721753358841
    ],
    "gravity" : [
      -0.07241204380989075,
      -0.9746109247207642,
      0.2118721455335617
    ],
    "timestamp" : 1251282354367,
    "userAcceleration" : [
      -0.015600621700286865,
      -0.09654068946838379,
      -0.07300199568271637
    ]
  },
  {
    "rotationMatrix" : [
      0.6453664302825928,
      0.11798223853111267,
      0.7547067403793335,
      0.7604309320449829,
      -0.19291715323925018,
      -0.6201027035713196,
      0.07243490219116211,
      0.97409588098526,
      -0.21421954035758972
    ],
    "gravity" : [
      -0.07243490219116211,
      -0.97409588098526,
      0.21421951055526733
    ],
    "timestamp" : 1251282364422,
    "userAcceleration" : [
      -0.044554203748703,
      -0.08555054664611816,
      -0.07148900628089905
    ]
  },
  {
    "rotationMatrix" : [
      0.6488372683525085,
      0.11921343207359314,
      0.751530647277832,
      0.7574785947799683,
      -0.19511614739894867,
      -0.62302166223526,
      0.07236313819885254,
      0.9735080599784851,
      -0.2169002890586853
    ],
    "gravity" : [
      -0.07236313819885254,
      -0.9735080599784851,
      0.21690022945404053
    ],
    "timestamp" : 1251282374477,
    "userAcceleration" : [
      -0.061959974467754364,
      -0.08104211091995239,
      -0.06641814112663269
    ]
  },
  {
    "rotationMatrix" : [
      0.6521279811859131,
      0.12069767713546753,
      0.7484391927719116,
      0.7546670436859131,
      -0.19732031226158142,
      -0.6257333755493164,
      0.07215771079063416,
      0.9728806018829346,
      -0.21976463496685028
    ],
    "gravity" : [
      -0.07215774804353714,
      -0.9728806018829346,
      0.21976463496685028
    ],
    "timestamp" : 1251282384531,
    "userAcceleration" : [
      -0.06817732751369476,
      -0.08684229850769043,
      -0.06145474314689636
    ]
  },
  {
    "rotationMatrix" : [
      0.6550215482711792,
      0.12241232395172119,
      0.7456285953521729,
      0.7521930932998657,
      -0.19937771558761597,
      -0.6280556917190552,
      0.07178002595901489,
      0.9722466468811035,
      -0.22267434000968933
    ],
    "gravity" : [
      -0.07178007066249847,
      -0.9722467064857483,
      0.2226743996143341
    ],
    "timestamp" : 1251282394586,
    "userAcceleration" : [
      -0.07070648670196533,
      -0.09071099758148193,
      -0.05034172534942627
    ]
  },
  {
    "rotationMatrix" : [
      0.6577225923538208,
      0.12424606084823608,
      0.7429426908493042,
      0.7498876452445984,
      -0.2012290209531784,
      -0.6302182674407959,
      0.07119962573051453,
      0.9716323614120483,
      -0.22552339732646942
    ],
    "gravity" : [
      -0.07119962573051453,
      -0.9716323614120483,
      0.2255234569311142
    ],
    "timestamp" : 1251282404640,
    "userAcceleration" : [
      -0.06838775426149368,
      -0.08247512578964233,
      -0.039351120591163635
    ]
  },
  {
    "rotationMatrix" : [
      0.6605494022369385,
      0.12605580687522888,
      0.740124523639679,
      0.7474713325500488,
      -0.20289954543113708,
      -0.6325489282608032,
      0.0704345703125,
      0.9710516929626465,
      -0.2282482385635376
    ],
    "gravity" : [
      -0.07043454051017761,
      -0.9710517525672913,
      0.22824828326702118
    ],
    "timestamp" : 1251282414695,
    "userAcceleration" : [
      -0.0672760084271431,
      -0.06604224443435669,
      -0.03197456896305084
    ]
  },
  {
    "rotationMatrix" : [
      0.6633580923080444,
      0.1278274953365326,
      0.7373033761978149,
      0.7450612783432007,
      -0.20442821085453033,
      -0.6348959803581238,
      0.06956842541694641,
      0.970499575138092,
      -0.23084844648838043
    ],
    "gravity" : [
      -0.06956841051578522,
      -0.970499575138092,
      0.230848491191864
    ],
    "timestamp" : 1251282424750,
    "userAcceleration" : [
      -0.061718203127384186,
      -0.045491695404052734,
      -0.0292493999004364
    ]
  },
  {
    "rotationMatrix" : [
      0.6664136052131653,
      0.1295548379421234,
      0.7342400550842285,
      0.742419958114624,
      -0.2059122920036316,
      -0.637505054473877,
      0.0685972273349762,
      0.9699565172195435,
      -0.23340679705142975
    ],
    "gravity" : [
      -0.06859726458787918,
      -0.9699565172195435,
      0.23340682685375214
    ],
    "timestamp" : 1251282434804,
    "userAcceleration" : [
      -0.06409314274787903,
      -0.026732265949249268,
      -0.029625773429870605
    ]
  },
  {
    "rotationMatrix" : [
      0.6698026061058044,
      0.1312820315361023,
      0.7308415174484253,
      0.7394678592681885,
      -0.20735879242420197,
      -0.6404600739479065,
      0.06746569275856018,
      0.9694157242774963,
      -0.235968217253685
    ],
    "gravity" : [
      -0.06746571511030197,
      -0.9694157242774963,
      0.2359682023525238
    ],
    "timestamp" : 1251282444859,
    "userAcceleration" : [
      -0.07225898653268814,
      -0.0013024210929870605,
      -0.029761120676994324
    ]
  },
  {
    "rotationMatrix" : [
      0.6736172437667847,
      0.13296237587928772,
      0.7270218133926392,
      0.7361098527908325,
      -0.20880436897277832,
      -0.6438499689102173,
      0.06619760394096375,
      0.9688763618469238,
      -0.23852911591529846
    ],
    "gravity" : [
      -0.06619758158922195,
      -0.9688763618469238,
      0.2385290563106537
    ],
    "timestamp" : 1251282454913,
    "userAcceleration" : [
      -0.07696036249399185,
      0.02626478672027588,
      -0.031452178955078125
    ]
  },
  {
    "rotationMatrix" : [
      0.6779095530509949,
      0.13451525568962097,
      0.7227339148521423,
      0.7322793006896973,
      -0.21028542518615723,
      -0.6477246284484863,
      0.06485158205032349,
      0.9683417081832886,
      -0.24105721712112427
    ],
    "gravity" : [
      -0.06485158950090408,
      -0.9683417677879333,
      0.24105720221996307
    ],
    "timestamp" : 1251282464968,
    "userAcceleration" : [
      -0.08239571750164032,
      0.054645419120788574,
      -0.034941524267196655
    ]
  },
  {
    "rotationMatrix" : [
      0.6825156211853027,
      0.1359279751777649,
      0.718119740486145,
      0.7281184792518616,
      -0.21165049076080322,
      -0.6519567370414734,
      0.06337127089500427,
      0.9678469300270081,
      -0.24342644214630127
    ],
    "gravity" : [
      -0.06337124854326248,
      -0.9678469300270081,
      0.24342648684978485
    ],
    "timestamp" : 1251282475023,
    "userAcceleration" : [
      -0.09886018186807632,
      0.07951074838638306,
      -0.03840944170951843
    ]
  },
  {
    "rotationMatrix" : [
      0.687242865562439,
      0.13711464405059814,
      0.7133700251579285,
      0.7237842679023743,
      -0.2129475325345993,
      -0.656345546245575,
      0.06191587448120117,
      0.9673947691917419,
      -0.2455880492925644
    ],
    "gravity" : [
      -0.06191587820649147,
      -0.9673948287963867,
      0.24558807909488678
    ],
    "timestamp" : 1251282485077,
    "userAcceleration" : [
      -0.10265014320611954,
      0.0972777009010315,
      -0.04354655742645264
    ]
  },
  {
    "rotationMatrix" : [
      0.6920611262321472,
      0.13798102736473083,
      0.7085283994674683,
      0.719296932220459,
      -0.21412450075149536,
      -0.660879909992218,
      0.06052452325820923,
      0.9670116305351257,
      -0.2474365085363388
    ],
    "gravity" : [
      -0.060524556785821915,
      -0.9670116305351257,
      0.2474364936351776
    ],
    "timestamp" : 1251282495132,
    "userAcceleration" : [
      -0.109488844871521,
      0.10971206426620483,
      -0.04989638924598694
    ]
  },
  {
    "rotationMatrix" : [
      0.6960391402244568,
      0.1386859118938446,
      0.7044825553894043,
      0.715552806854248,
      -0.21498477458953857,
      -0.6646541357040405,
      0.05927500128746033,
      0.9667198657989502,
      -0.24887485802173615
    ],
    "gravity" : [
      -0.05927501618862152,
      -0.9667198657989502,
      0.24887487292289734
    ],
    "timestamp" : 1251282505187,
    "userAcceleration" : [
      -0.11444627493619919,
      0.1150813102722168,
      -0.054676443338394165
    ]
  },
  {
    "rotationMatrix" : [
      0.6992673873901367,
      0.13909053802490234,
      0.7011982202529907,
      0.7124809622764587,
      -0.2155652642250061,
      -0.6677592396736145,
      0.05827498435974121,
      0.9665326476097107,
      -0.24983713030815125
    ],
    "gravity" : [
      -0.058274973183870316,
      -0.9665326476097107,
      0.24983708560466766
    ],
    "timestamp" : 1251282515241,
    "userAcceleration" : [
      -0.11314224451780319,
      0.11512279510498047,
      -0.05029797554016113
    ]
  },
  {
    "rotationMatrix" : [
      0.7017415761947632,
      0.1391347050666809,
      0.6987131834030151,
      0.7100978493690491,
      -0.21591399610042572,
      -0.6701804995536804,
      0.05761668086051941,
      0.9664483666419983,
      -0.2503150701522827
    ],
    "gravity" : [
      -0.057616692036390305,
      -0.9664483070373535,
      0.25031501054763794
    ],
    "timestamp" : 1251282525296,
    "userAcceleration" : [
      -0.1119084358215332,
      0.11867016553878784,
      -0.03922513127326965
    ]
  },
  {
    "rotationMatrix" : [
      0.7036826610565186,
      0.1388266384601593,
      0.6968199014663696,
      0.7081986665725708,
      -0.21616131067276,
      -0.6721078157424927,
      0.05731901526451111,
      0.9664374589920044,
      -0.250425785779953
    ],
    "gravity" : [
      -0.057319022715091705,
      -0.9664374589920044,
      0.2504257559776306
    ],
    "timestamp" : 1251282535350,
    "userAcceleration" : [
      -0.1103597953915596,
      0.11881178617477417,
      -0.02532815933227539
    ]
  },
  {
    "rotationMatrix" : [
      0.7052916288375854,
      0.13831299543380737,
      0.695293664932251,
      0.7066010236740112,
      -0.21637508273124695,
      -0.6737187504768372,
      0.0572601854801178,
      0.9664633870124817,
      -0.2503396272659302
    ],
    "gravity" : [
      -0.0572601780295372,
      -0.9664633274078369,
      0.25033968687057495
    ],
    "timestamp" : 1251282545405,
    "userAcceleration" : [
      -0.1068480908870697,
      0.10708832740783691,
      -0.008228510618209839
    ]
  },
  {
    "rotationMatrix" : [
      0.706862211227417,
      0.13770541548728943,
      0.6938177347183228,
      0.7050220966339111,
      -0.21668992936611176,
      -0.675269603729248,
      0.05735507607460022,
      0.9664794206619263,
      -0.2502552568912506
    ],
    "gravity" : [
      -0.05735510587692261,
      -0.9664794206619263,
      0.2502552270889282
    ],
    "timestamp" : 1251282555460,
    "userAcceleration" : [
      -0.0958126038312912,
      0.09173893928527832,
      0.013477534055709839
    ]
  },
  {
    "rotationMatrix" : [
      0.7088621854782104,
      0.13708290457725525,
      0.6918978691101074,
      0.7030074596405029,
      -0.2171374261379242,
      -0.677223801612854,
      0.05740100145339966,
      0.9664677381515503,
      -0.2502908706665039
    ],
    "gravity" : [
      -0.05740101635456085,
      -0.9664676785469055,
      0.25029078125953674
    ],
    "timestamp" : 1251282565514,
    "userAcceleration" : [
      -0.08754221349954605,
      0.08425027132034302,
      0.03591826558113098
    ]
  },
  {
    "rotationMatrix" : [
      0.71165931224823,
      0.13643419742584229,
      0.6891492009162903,
      0.7001940011978149,
      -0.21758826076984406,
      -0.6799878478050232,
      0.05717724561691284,
      0.9664579033851624,
      -0.25037911534309387
    ],
    "gravity" : [
      -0.057177234441041946,
      -0.9664579033851624,
      0.2503790855407715
    ],
    "timestamp" : 1251282575569,
    "userAcceleration" : [
      -0.08285265415906906,
      0.07426130771636963,
      0.059084296226501465
