[
  {
    "gravity" : [
      -0.052363209426403046,
      -0.873944103717804,
      -0.48319724202156067
    ],
    "rotationMatrix" : [
      0.5474763512611389,
      0.3795439302921295,
      -0.7457988262176514,
      -0.8351812362670898,
      0.3035915195941925,
      -0.4585895538330078,
      0.05236324667930603,
      0.8739441633224487,
      0.4831972122192383
    ],
    "timestamp" : 1251301940875,
    "userAcceleration" : [
      -0.03433724492788315,
      -0.012881278991699219,
      0.011212319135665894
    ]
  },
  {
    "gravity" : [
      -0.05336863547563553,
      -0.8749098777770996,
      -0.48133593797683716
    ],
    "rotationMatrix" : [
      0.5536573529243469,
      0.37522271275520325,
      -0.7434186935424805,
      -0.8310326337814331,
      0.3061704635620117,
      -0.4643751084804535,
      0.05336865782737732,
      0.8749098777770996,
      0.48133593797683716
    ],
    "timestamp" : 1251301950929,
    "userAcceleration" : [
      -0.038519807159900665,
      -0.022810280323028564,
      0.0017827153205871582
    ]
  },
  {
    "gravity" : [
      -0.05433320626616478,
      -0.8758071064949036,
      -0.4795932471752167
    ],
    "rotationMatrix" : [
      0.5597664713859558,
      0.3710184693336487,
      -0.7409498691558838,
      -0.8268671631813049,
      0.30871841311454773,
      -0.47008877992630005,
      0.05433318018913269,
      0.8758071064949036,
      0.4795932471752167
    ],
    "timestamp" : 1251301960984,
    "userAcceleration" : [
      -0.03999663144350052,
      -0.027101099491119385,
      -0.013845503330230713
    ]
  },
  {
    "gravity" : [
      -0.05509296432137489,
      -0.8766593337059021,
      -0.47794678807258606
    ],
    "rotationMatrix" : [
      0.5659334659576416,
      0.36694324016571045,
      -0.7382898330688477,
      -0.8226079940795898,
      0.3111606538295746,
      -0.4759148061275482,
      0.05509299039840698,
      0.8766592741012573,
      0.47794675827026367
    ],
    "timestamp" : 1251301971039,
    "userAcceleration" : [
      -0.03775676712393761,
      -0.024860382080078125,
      -0.028172075748443604
    ]
  },
  {
    "gravity" : [
      -0.055479228496551514,
      -0.8774634003639221,
      -0.47642406821250916
    ],
    "rotationMatrix" : [
      0.5724136829376221,
      0.3630073666572571,
      -0.7352333664894104,
      -0.8180858492851257,
      0.31350189447402954,
      -0.48213255405426025,
      0.055479228496551514,
      0.8774633407592773,
      0.47642403841018677
    ],
    "timestamp" : 1251301981093,
    "userAcceleration" : [
      -0.03248770162463188,
      -0.028206586837768555,
      -0.03929251432418823
    ]
  },
  {
    "gravity" : [
      -0.05541475489735603,
      -0.8781927227973938,
      -0.4750857949256897
    ],
    "rotationMatrix" : [
      0.5793410539627075,
      0.35924893617630005,
      -0.7316446900367737,
      -0.8131992220878601,
      0.3157806694507599,
      -0.48886531591415405,
      0.05541473627090454,
      0.8781927227973938,
      0.4750857949256897
    ],
    "timestamp" : 1251301991148,
    "userAcceleration" : [
      -0.019078657031059265,
      -0.033962249755859375,
      -0.04179045557975769
    ]
  },
  {
    "gravity" : [
      -0.05498970299959183,
      -0.8788559436798096,
      -0.473907470703125
    ],
    "rotationMatrix" : [
      0.5864960551261902,
      0.35568803548812866,
      -0.7276732921600342,
      -0.8080832362174988,
      0.31795942783355713,
      -0.4958863854408264,
      0.05498972535133362,
      0.8788560032844543,
      0.473907470703125
    ],
    "timestamp" : 1251302001203,
    "userAcceleration" : [
      -0.0037719011306762695,
      -0.041157424449920654,
      -0.0392913818359375
    ]
  },
  {
    "gravity" : [
      -0.05438937246799469,
      -0.8794713020324707,
      -0.4728337228298187
    ],
    "rotationMatrix" : [
      0.5938357710838318,
      0.35220155119895935,
      -0.7234036922454834,
      -0.8027456998825073,
      0.3201311230659485,
      -0.5031054019927979,
      0.054389387369155884,
      0.8794713020324707,
      0.4728337526321411
    ],
    "timestamp" : 1251302011258,
    "userAcceleration" : [
      0.010306727141141891,
      -0.04225093126296997,
      -0.033529192209243774
    ]
  },
  {
    "gravity" : [
      -0.05378641188144684,
      -0.8800496459007263,
      -0.47182583808898926
    ],
    "rotationMatrix" : [
      0.6011268496513367,
      0.3487611413002014,
      -0.7190356254577637,
      -0.797341525554657,
      0.3223015367984772,
      -0.5102627873420715,
      0.05378642678260803,
      0.8800496459007263,
      0.47182583808898926
    ],
    "timestamp" : 1251302021312,
    "userAcceleration" : [
      0.018416546285152435,
      -0.03433316946029663,
      -0.026312649250030518
    ]
  },
  {
    "gravity" : [
      -0.053280409425497055,
      -0.8805774450302124,
      -0.47089752554893494
    ],
    "rotationMatrix" : [
      0.6082855463027954,
      0.3453580141067505,
      -0.7146443128585815,
      -0.7919279336929321,
      0.3245167136192322,
      -0.5172417163848877,
      0.053280413150787354,
      0.8805774450302124,
      0.47089752554893494
    ],
    "timestamp" : 1251302031367,
    "userAcceleration" : [
      0.01949743553996086,
      -0.020438671112060547,
      -0.01747530698776245
    ]
  },
  {
    "gravity" : [
      -0.05296383798122406,
      -0.8810040354728699,
      -0.4701347351074219
    ],
    "rotationMatrix" : [
      0.6156876683235168,
      0.34185394644737244,
      -0.709975004196167,
      -0.7862082719802856,
      0.32705917954444885,
      -0.5243173837661743,
      0.052963852882385254,
      0.8810039758682251,
      0.4701347351074219
    ],
    "timestamp" : 1251302041422,
    "userAcceleration" : [
      0.02502499893307686,
      -0.011085748672485352,
      -0.0060463547706604
    ]
  },
  {
    "gravity" : [
      -0.052871741354465485,
      -0.8812577724456787,
      -0.46966925263404846
    ],
    "rotationMatrix" : [
      0.6223226189613342,
      0.3387497067451477,
      -0.7056649923324585,
      -0.7809731364250183,
      0.3295955955982208,
      -0.5305162668228149,
      0.052871763706207275,
      0.8812577724456787,
      0.46966928243637085
    ],
    "timestamp" : 1251302051477,
    "userAcceleration" : [
      0.02937321364879608,
      -0.007001996040344238,
      0.009693056344985962
    ]
  },
  {
    "gravity" : [
      -0.053017474710941315,
      -0.8812476992607117,
      -0.4696718454360962
    ],
    "rotationMatrix" : [
      0.6281563639640808,
      0.3361928164958954,
      -0.7017078399658203,
      -0.7762787342071533,
      0.3322301208972931,
      -0.5357372164726257,
      0.05301746726036072,
      0.8812476992607117,
      0.4696718156337738
    ],
    "timestamp" : 1251302061531,
    "userAcceleration" : [
      0.033486202359199524,
      -0.010216474533081055,
      0.024191439151763916
    ]
  },
  {
    "gravity" : [
      -0.053378891199827194,
      -0.8808785676956177,
      -0.470322847366333
    ],
    "rotationMatrix" : [
      0.6343160271644592,
      0.33385199308395386,
      -0.697270393371582,
      -0.7712287306785583,
      0.3355528712272644,
      -0.540934681892395,
      0.053378909826278687,
      0.8808785676956177,
      0.470322847366333
    ],
    "timestamp" : 1251302071586,
    "userAcceleration" : [
      0.0388067327439785,
      -0.016994237899780273,
      0.02806207537651062
    ]
  },
  {
    "gravity" : [
      -0.05393729731440544,
      -0.8801183104515076,
      -0.4716804325580597
    ],
    "rotationMatrix" : [
      0.6404744386672974,
      0.33190783858299255,
      -0.692552924156189,
      -0.7660830020904541,
      0.33945369720458984,
      -0.5457910299301147,
      0.053937286138534546,
      0.8801183700561523,
      0.4716804027557373
    ],
    "timestamp" : 1251302081641,
    "userAcceleration" : [
      0.042783111333847046,
      -0.019433021545410156,
      0.019013166427612305
    ]
  },
  {
    "gravity" : [
      -0.05468662828207016,
      -0.87900710105896,
      -0.47366198897361755
    ],
    "rotationMatrix" : [
      0.646719217300415,
      0.33024534583091736,
      -0.6875261068344116,
      -0.7607650756835938,
      0.3439248204231262,
      -0.5504107475280762,
      0.05468663573265076,
      0.87900710105896,
      0.47366198897361755
    ],
    "timestamp" : 1251302091696,
    "userAcceleration" : [
      0.044844694435596466,
      -0.021123945713043213,
      -0.0012525618076324463
    ]
  },
  {
    "gravity" : [
      -0.05564289167523384,
      -0.8776719570159912,
      -0.4760206341743469
    ],
    "rotationMatrix" : [
      0.6531404256820679,
      0.3286063075065613,
      -0.6822209358215332,
      -0.7551895976066589,
      0.34886908531188965,
      -0.5549583435058594,
      0.05564287304878235,
      0.8776719570159912,
      0.4760206341743469
    ],
    "timestamp" : 1251302101750,
    "userAcceleration" : [
      0.046640194952487946,
      -0.02931034564971924,
      -0.025963038206100464
    ]
  },
  {
    "gravity" : [
      -0.056830231100320816,
      -0.8763014078140259,
      -0.4783994257450104
    ],
    "rotationMatrix" : [
      0.6597813367843628,
      0.3266649842262268,
      -0.6767411231994629,
      -0.7493055462837219,
      0.3540984094142914,
      -0.5596028566360474,
      0.05683019757270813,
      0.8763014078140259,
      0.47839945554733276
    ],
    "timestamp" : 1251302111805,
    "userAcceleration" : [
      0.047140903770923615,
      -0.041835010051727295,
      -0.0484561026096344
    ]
  },
  {
    "gravity" : [
      -0.05831135809421539,
      -0.8750823736190796,
      -0.4804484248161316
    ],
    "rotationMatrix" : [
      0.6664010882377625,
      0.32421988248825073,
      -0.6714098453521729,
      -0.7433097958564758,
      0.3593221604824066,
      -0.564250111579895,
      0.05831137299537659,
      0.8750823736190796,
      0.4804484248161316
    ],
    "timestamp" : 1251302121860,
    "userAcceleration" : [
      0.041755560785532,
      -0.05079042911529541,
      -0.06075042486190796
    ]
  },
  {
    "gravity" : [
      -0.060200344771146774,
      -0.8741415143013,
      -0.48192572593688965
    ],
    "rotationMatrix" : [
      0.6727123260498047,
      0.32115986943244934,
      -0.6665690541267395,
      -0.7374509572982788,
      0.3643251061439514,
      -0.5687117576599121,
      0.06020033359527588,
      0.8741414546966553,
      0.48192572593688965
    ],
    "timestamp" : 1251302131915,
    "userAcceleration" : [
      0.03264297544956207,
      -0.0566597580909729,
      -0.06183651089668274
    ]
  },
  {
    "gravity" : [
      -0.06252462416887283,
      -0.8735479712486267,
      -0.4827055335044861
    ],
    "rotationMatrix" : [
      0.6788960695266724,
      0.31729182600975037,
      -0.6621373891830444,
      -0.7315672636032104,
      0.36910679936408997,
      -0.5732097625732422,
      0.06252464652061462,
      0.8735479116439819,
      0.4827055335044861
    ],
    "timestamp" : 1251302141969,
    "userAcceleration" : [
      0.025949306786060333,
      -0.06344842910766602,
      -0.05470907688140869
    ]
  },
  {
    "gravity" : [
      -0.06518956273794174,
      -0.8732876777648926,
      -0.4828239381313324
    ],
    "rotationMatrix" : [
      0.6838225722312927,
      0.313284695148468,
      -0.658968448638916,
      -0.7267304062843323,
      0.37312376499176025,
      -0.5767508745193481,
      0.06518954038619995,
      0.8732876777648926,
      0.4828239381313324
    ],
    "timestamp" : 1251302152024,
    "userAcceleration" : [
      0.018726535141468048,
      -0.07294028997421265,
      -0.04043048620223999
    ]
  },
  {
    "gravity" : [
      -0.06795698404312134,
      -0.8733025789260864,
      -0.4824153184890747
    ],
    "rotationMatrix" : [
      0.6880531907081604,
      0.3091248571872711,
      -0.656524658203125,
      -0.7224712371826172,
      0.3765428066253662,
      -0.579871416091919,
      0.06795698404312134,
      0.8733025789260864,
      0.4824153184890747
    ],
    "timestamp" : 1251302162079,
    "userAcceleration" : [
      0.017480887472629547,
      -0.07315438985824585,
      -0.029410362243652344
    ]
  },
  {
    "gravity" : [
      -0.07050251960754395,
      -0.8735503554344177,
      -0.4816005527973175
    ],
    "rotationMatrix" : [
      0.6917780637741089,
      0.3050183057785034,
      -0.6545279622077942,
      -0.7186601161956787,
      0.3793066143989563,
      -0.5827983617782593,
      0.07050251960754395,
      0.873550295829773,
      0.4816005527973175
    ],
    "timestamp" : 1251302172134,
    "userAcceleration" : [
      0.02497028559446335,
      -0.0689239501953125,
      -0.028943300247192383
    ]
  },
  {
    "gravity" : [
      -0.07250601053237915,
      -0.8740013837814331,
      -0.4804835319519043
    ],
    "rotationMatrix" : [
      0.6954030990600586,
      0.30103766918182373,
      -0.6525264978408813,
      -0.7149527072906494,
      0.3814418315887451,
      -0.5859562754631042,
      0.07250601053237915,
      0.8740014433860779,
      0.4804835319519043
    ],
    "timestamp" : 1251302182188,
    "userAcceleration" : [
      0.03843311965465546,
      -0.057959556579589844,
      -0.03218132257461548
    ]
  },
  {
    "gravity" : [
      -0.07380526512861252,
      -0.8746361136436462,
      -0.4791288673877716
    ],
    "rotationMatrix" : [
      0.6992329955101013,
      0.29717737436294556,
      -0.6501990556716919,
      -0.7110738158226013,
      0.3830108344554901,
      -0.5896411538124084,
      0.07380527257919312,
      0.8746361136436462,
      0.4791288673877716
    ],
    "timestamp" : 1251302192243,
    "userAcceleration" : [
      0.054548658430576324,
      -0.04214233160018921,
      -0.029278814792633057
    ]
  },
  {
    "gravity" : [
      -0.07440903037786484,
      -0.8754227161407471,
      -0.4775964021682739
    ],
    "rotationMatrix" : [
      0.7033025622367859,
      0.2934659719467163,
      -0.6474899649620056,
      -0.7069857120513916,
      0.3840738534927368,
      -0.5938504934310913,
      0.07440900802612305,
      0.8754227161407471,
      0.47759637236595154
    ],
    "timestamp" : 1251302202298,
    "userAcceleration" : [
      0.07112839072942734,
      -0.024998366832733154,
      -0.01811593770980835
    ]
  },
  {
    "gravity" : [
      -0.07445146888494492,
      -0.8763048052787781,
      -0.47596919536590576
    ],
    "rotationMatrix" : [
      0.7075238227844238,
      0.28993716835975647,
      -0.644473671913147,
      -0.7027566432952881,
      0.3847416043281555,
      -0.598420262336731,
      0.07445147633552551,
      0.8763048648834229,
      0.47596919536590576
    ],
    "timestamp" : 1251302212352,
    "userAcceleration" : [
      0.09122087806463242,
      -0.011893868446350098,
      0.002122730016708374
    ]
  },
  {
    "gravity" : [
      -0.07420221716165543,
      -0.8771788477897644,
      -0.4743955135345459
    ],
    "rotationMatrix" : [
      0.7117503881454468,
      0.2866174280643463,
      -0.6412968635559082,
      -0.6985021829605103,
      0.38523685932159424,
      -0.6030646562576294,
      0.07420223951339722,
      0.8771787881851196,
      0.4743955135345459
    ],
    "timestamp" : 1251302222407,
    "userAcceleration" : [
      0.10717647522687912,
      -0.001620471477508545,
      0.02674838900566101
    ]
  },
  {
    "gravity" : [
      -0.0738980621099472,
      -0.8779975175857544,
      -0.47292643785476685
    ],
    "rotationMatrix" : [
      0.7157768607139587,
      0.28351089358329773,
      -0.6381888389587402,
      -0.6944080591201782,
      0.3856707215309143,
      -0.6074994802474976,
      0.07389804720878601,
      0.8779975175857544,
      0.47292643785476685
    ],
    "timestamp" : 1251302232462,
    "userAcceleration" : [
      0.1230618879199028,
      0.00273817777633667,
      0.03798985481262207
    ]
  },
  {
    "gravity" : [
      -0.07366696000099182,
      -0.8787816762924194,
      -0.4715038537979126
    ],
    "rotationMatrix" : [
      0.7195417284965515,
      0.280529260635376,
      -0.6352660655975342,
      -0.6905308365821838,
      0.3860648274421692,
      -0.6116544008255005,
      0.07366696000099182,
      0.8787816762924194,
      0.4715038537979126
    ],
    "timestamp" : 1251302242517,
    "userAcceleration" : [
      0.13285580277442932,
      -0.0003991127014160156,
      0.04289966821670532
    ]
  },
  {
    "gravity" : [
      -0.07352358847856522,
      -0.8795792460441589,
      -0.4700367748737335
    ],
    "rotationMatrix" : [
      0.7229611873626709,
      0.277646005153656,
      -0.6326450705528259,
      -0.6869653463363647,
      0.3863326609134674,
      -0.6154881119728088,
      0.07352358102798462,
      0.8795792460441589,
      0.47003674507141113
    ],
    "timestamp" : 1251302252571,
    "userAcceleration" : [
      0.1282873898744583,
      -0.005613565444946289,
      0.04073071479797363
    ]
  },
  {
    "gravity" : [
      -0.07335153222084045,
      -0.8804224729537964,
      -0.4684824049472809
    ],
    "rotationMatrix" : [
      0.7259621620178223,
      0.27495020627975464,
      -0.6303818821907043,
      -0.6838117241859436,
      0.38634002208709717,
      -0.6189852952957153,
      0.07335150241851807,
      0.8804224729537964,
      0.46848243474960327
    ],
    "timestamp" : 1251302262626,
    "userAcceleration" : [
      0.11786141246557236,
      -0.013269484043121338,
      0.038337111473083496
    ]
  },
  {
    "gravity" : [
      -0.07298149913549423,
      -0.8812854290008545,
      -0.4669150114059448
    ],
    "rotationMatrix" : [
      0.7286182045936584,
      0.27256762981414795,
      -0.6283489465713501,
      -0.6810207366943359,
      0.38606059551239014,
      -0.6222282648086548,
      0.07298147678375244,
      0.8812854290008545,
      0.46691498160362244
    ],
    "timestamp" : 1251302272681,
    "userAcceleration" : [
      0.11302055418491364,
      -0.017304539680480957,
      0.02837735414505005
    ]
  },
  {
    "gravity" : [
      -0.0722477063536644,
      -0.8821061849594116,
      -0.46547701954841614
    ],
    "rotationMatrix" : [
      0.731174647808075,
      0.2705725431442261,
      -0.6262381076812744,
      -0.6783537864685059,
      0.3855893015861511,
      -0.6254253387451172,
      0.072247713804245,
      0.8821061849594116,
      0.4654770493507385
    ],
    "timestamp" : 1251302282736,
    "userAcceleration" : [
      0.1112338975071907,
      -0.018040239810943604,
      0.02277374267578125
    ]
  },
  {
    "gravity" : [
      -0.07110290974378586,
      -0.882826030254364,
      -0.46428725123405457
    ],
    "rotationMatrix" : [
      0.7337124347686768,
      0.26903653144836426,
      -0.6239274144172668,
      -0.6757295727729797,
      0.38501638174057007,
      -0.628611147403717,
      0.07110291719436646,
      0.882826030254364,
      0.46428725123405457
    ],
    "timestamp" : 1251302292790,
    "userAcceleration" : [
      0.10909730195999146,
      -0.008119344711303711,
      0.012993216514587402
    ]
  },
  {
    "gravity" : [
      -0.06956294178962708,
      -0.8834460973739624,
      -0.46334001421928406
    ],
    "rotationMatrix" : [
      0.736663818359375,
      0.2676994204521179,
      -0.6210180521011353,
      -0.6726717948913574,
      0.38452571630477905,
      -0.6321808099746704,
      0.06956294178962708,
      0.8834460973739624,
      0.46334004402160645
    ],
    "timestamp" : 1251302302845,
    "userAcceleration" : [
      0.10874750465154648,
      0.005318105220794678,
      -0.00513535737991333
    ]
  },
  {
    "gravity" : [
      -0.06772184371948242,
      -0.884057343006134,
      -0.46244585514068604
    ],
    "rotationMatrix" : [
      0.7401821613311768,
      0.26627683639526367,
      -0.6174356937408447,
      -0.6689872741699219,
      0.3841080963611603,
      -0.6363306641578674,
      0.06772184371948242,
      0.884057343006134,
      0.46244585514068604
    ],
    "timestamp" : 1251302312900,
    "userAcceleration" : [
      0.11188079416751862,
      0.01189565658569336,
      -0.027284979820251465
    ]
  },
  {
    "gravity" : [
      -0.06574733555316925,
      -0.8848037123680115,
      -0.4613020420074463
    ],
    "rotationMatrix" : [
      0.7443212270736694,
      0.26441410183906555,
      -0.6132463216781616,
      -0.6645773649215698,
      0.3836762309074402,
      -0.641193687915802,
      0.06574735045433044,
      0.8848037123680115,
      0.4613020420074463
    ],
    "timestamp" : 1251302322955,
    "userAcceleration" : [
      0.10992152988910675,
      0.01454925537109375,
      -0.044648945331573486
    ]
  },
  {
    "gravity" : [
      -0.06370555609464645,
      -0.8858400583267212,
      -0.4595966041088104
    ],
    "rotationMatrix" : [
      0.7489446401596069,
      0.26193082332611084,
      -0.6086658835411072,
      -0.6595631241798401,
      0.3829878270626068,
      -0.6467586755752563,
      0.06370556354522705,
      0.8858400583267212,
      0.4595966041088104
    ],
    "timestamp" : 1251302333009,
    "userAcceleration" : [
      0.10025034099817276,
      0.015448272228240967,
      -0.05106931924819946
    ]
  },
  {
    "gravity" : [
      -0.061728429049253464,
      -0.8872047662734985,
      -0.45722776651382446
    ],
    "rotationMatrix" : [
      0.753739058971405,
      0.2588568329811096,
      -0.6040451526641846,
      -0.6542682647705078,
      0.38191720843315125,
      -0.6527420282363892,
      0.061728447675704956,
      0.8872047662734985,
      0.45722776651382446
    ],
    "timestamp" : 1251302343064,
    "userAcceleration" : [
      0.08698171377182007,
      0.01199120283126831,
      -0.03369331359863281
    ]
  },
  {
    "gravity" : [
      -0.05997057259082794,
      -0.8888186812400818,
      -0.4543178677558899
    ],
    "rotationMatrix" : [
      0.7583914995193481,
      0.25536179542541504,
      -0.599693775177002,
      -0.6490345001220703,
      0.38051480054855347,
      -0.6587583422660828,
      0.059970587491989136,
      0.8888186812400818,
      0.4543178677558899
    ],
    "timestamp" : 1251302353119,
    "userAcceleration" : [
      0.07178087532520294,
      0.009729444980621338,
      0.002535581588745117
    ]
  },
  {
    "gravity" : [
      -0.05853419378399849,
      -0.8905626535415649,
      -0.4510783553123474
    ],
    "rotationMatrix" : [
      0.7626243829727173,
      0.2516869902610779,
      -0.5958671569824219,
      -0.6441876292228699,
      0.3788819909095764,
      -0.6644324064254761,
      0.058534175157547,
      0.8905626535415649,
      0.4510783553123474
    ],
    "timestamp" : 1251302363174,
    "userAcceleration" : [
      0.057923853397369385,
      0.006514310836791992,
      0.035245805978775024
    ]
  },
  {
    "gravity" : [
      -0.05745510756969452,
      -0.8923382759094238,
      -0.4476954936981201
    ],
    "rotationMatrix" : [
      0.7664419412612915,
      0.2479315847158432,
      -0.5925341844558716,
      -0.6397387385368347,
      0.3771767318248749,
      -0.6696805357933044,
      0.057455092668533325,
      0.8923383355140686,
      0.4476955235004425
    ],
    "timestamp" : 1251302373228,
    "userAcceleration" : [
      0.047155410051345825,
      0.002277970314025879,
      0.05690258741378784
    ]
  },
  {
    "gravity" : [
      -0.05662744119763374,
      -0.8941032886505127,
      -0.4442664682865143
    ],
    "rotationMatrix" : [
      0.7699283361434937,
      0.24418243765830994,
      -0.5895636677742004,
      -0.6356128454208374,
      0.3754388093948364,
      -0.6745679974555969,
      0.05662745237350464,
      0.8941032290458679,
      0.4442664682865143
    ],
    "timestamp" : 1251302383283,
    "userAcceleration" : [
      0.03984276205301285,
      -0.0031134486198425293,
      0.06116396188735962
    ]
  },
  {
    "gravity" : [
      -0.05589060112833977,
      -0.8958619236946106,
      -0.44080331921577454
    ],
    "rotationMatrix" : [
      0.773189902305603,
      0.24049590528011322,
      -0.5868041515350342,
      -0.6317068934440613,
      0.37362149357795715,
      -0.6792299151420593,
      0.05589058995246887,
      0.8958619236946106,
      0.44080328941345215
    ],
    "timestamp" : 1251302393338,
    "userAcceleration" : [
      0.036176227033138275,
      -0.009335100650787354,
      0.06034058332443237
    ]
  },
  {
    "gravity" : [
      -0.05520767346024513,
      -0.8976244926452637,
      -0.43728989362716675
    ],
    "rotationMatrix" : [
      0.776206910610199,
      0.23689928650856018,
      -0.5842787027359009,
      -0.628056526184082,
      0.37168407440185547,
      -0.6836637258529663,
      0.055207669734954834,
      0.8976244926452637,
      0.43728989362716675
    ],
    "timestamp" : 1251302403393,
    "userAcceleration" : [
      0.03630203381180763,
      -0.011372029781341553,
      0.05688822269439697
    ]
  },
  {
    "gravity" : [
      -0.054547861218452454,
      -0.8994143605232239,
      -0.4336797595024109
    ],
    "rotationMatrix" : [
      0.7791473865509033,
      0.2332850992679596,
      -0.5818138122558594,
      -0.6244628429412842,
      0.3696371912956238,
      -0.688051164150238,
      0.05454787611961365,
      0.8994143605232239,
      0.4336797595024109
    ],
    "timestamp" : 1251302413447,
    "userAcceleration" : [
      0.034879282116889954,
      -0.009780466556549072,
      0.05166065692901611
    ]
  },
  {
    "gravity" : [
      -0.053840067237615585,
      -0.9012352824211121,
      -0.4299720227718353
    ],
    "rotationMatrix" : [
      0.7820026874542236,
      0.22971007227897644,
      -0.5794005393981934,
      -0.6209452152252197,
      0.3674342632293701,
      -0.6924008131027222,
      0.053840070962905884,
      0.9012353420257568,
      0.42997199296951294
    ],
    "timestamp" : 1251302423502,
    "userAcceleration" : [
      0.03220311179757118,
      -0.002130568027496338,
      0.04834967851638794
    ]
  },
  {
    "gravity" : [
      -0.053140051662921906,
      -0.9030585289001465,
      -0.426217645406723
    ],
    "rotationMatrix" : [
      0.7848623394966125,
      0.22611553966999054,
      -0.5769426822662354,
      -0.6173874735832214,
      0.36518093943595886,
      -0.6967608332633972,
      0.05314004421234131,
      0.9030584692955017,
      0.426217645406723
    ],
    "timestamp" : 1251302433557,
    "userAcceleration" : [
      0.033212073147296906,
      0.00466686487197876,
      0.04992055892944336
    ]
  },
  {
    "gravity" : [
      -0.052536848932504654,
      -0.9048553109169006,
      -0.422465056180954
    ],
    "rotationMatrix" : [
      0.7877962589263916,
      0.22242659330368042,
      -0.5743722915649414,
      -0.6136912703514099,
      0.3629920780658722,
      -0.7011560201644897,
      0.05253687500953674,
      0.9048553705215454,
      0.4224650263786316
    ],
    "timestamp" : 1251302443612,
    "userAcceleration" : [
      0.035843729972839355,
      0.009255945682525635,
      0.050196290016174316
    ]
  },
  {
    "gravity" : [
      -0.05198834463953972,
      -0.9066426753997803,
      -0.41868388652801514
    ],
    "rotationMatrix" : [
      0.7908732891082764,
      0.21861308813095093,
      -0.5716010332107544,
      -0.609767735004425,
      0.3608424663543701,
      -0.7056741714477539,
      0.05198833346366882,
      0.9066426753997803,
      0.41868385672569275
    ],
    "timestamp" : 1251302453666,
    "userAcceleration" : [
      0.03679058328270912,
      -0.0014992952346801758,
      0.05186253786087036
    ]
  },
  {
    "gravity" : [
      -0.0514284148812294,
      -0.908406674861908,
      -0.41491246223449707
    ],
    "rotationMatrix" : [
      0.7939016819000244,
      0.2148607075214386,
      -0.5688189268112183,
      -0.6058672666549683,
      0.35865318775177,
      -0.7101356387138367,
      0.051428407430648804,
      0.908406674861908,
      0.41491246223449707
    ],
    "timestamp" : 1251302463721,
    "userAcceleration" : [
      0.0265565924346447,
      -0.02143329381942749,
      0.0631057620048523
    ]
  },
  {
    "gravity" : [
      -0.050813667476177216,
      -0.9101113677024841,
      -0.4112361669540405
    ],
    "rotationMatrix" : [
      0.7966397404670715,
      0.21139797568321228,
      -0.5662826299667358,
      -0.602314829826355,
      0.35638195276260376,
      -0.7142889499664307,
      0.05081367492675781,
      0.9101114273071289,
      0.4112361669540405
    ],
    "timestamp" : 1251302473776,
    "userAcceleration" : [
      0.01773260161280632,
      -0.03983968496322632,
      0.07639724016189575
    ]
  },
  {
    "gravity" : [
      -0.05017051473259926,
      -0.9117428660392761,
      -0.4076859652996063
    ],
    "rotationMatrix" : [
      0.7989432215690613,
      0.2083088457584381,
      -0.5641782283782959,
      -0.599310040473938,
      0.3540230989456177,
      -0.7179797887802124,
      0.05017054080963135,
      0.9117428064346313,
      0.4076859652996063
    ],
    "timestamp" : 1251302483831,
    "userAcceleration" : [
      0.016830042004585266,
      -0.0515596866607666,
      0.07830965518951416
    ]
  },
  {
    "gravity" : [
      -0.04955541715025902,
      -0.9133002161979675,
      -0.40426087379455566
    ],
    "rotationMatrix" : [
      0.8007724285125732,
      0.20557212829589844,
      -0.5625865459442139,
      -0.5969151854515076,
      0.35160017013549805,
      -0.7211584448814392,
      0.04955539107322693,
      0.9133002161979675,
      0.40426087379455566
    ],
    "timestamp" : 1251302493885,
    "userAcceleration" : [
      0.016642194241285324,
      -0.04917830228805542,
      0.07203119993209839
    ]
  },
  {
    "gravity" : [
      -0.04899999871850014,
      -0.9148120880126953,
      -0.40089645981788635
    ],
    "rotationMatrix" : [
      0.8021398782730103,
      0.2031136304140091,
      -0.5615304708480835,
      -0.5951223969459534,
      0.349090039730072,
      -0.723854660987854,
      0.04899999499320984,
      0.9148120880126953,
      0.40089648962020874
    ],
    "timestamp" : 1251302503940,
    "userAcceleration" : [
      0.018604476004838943,
      -0.04359251260757446,
      0.05151587724685669
    ]
  },
  {
    "gravity" : [
      -0.04852030798792839,
      -0.9163259863853455,
      -0.397482693195343
    ],
    "rotationMatrix" : [
      0.8032635450363159,
      0.20072239637374878,
      -0.5607835054397583,
      -0.5936442017555237,
      0.346492737531662,
      -0.7263121604919434,
      0.048520296812057495,
      0.9163259267807007,
      0.397482693195343
    ],
    "timestamp" : 1251302513995,
    "userAcceleration" : [
      0.025998331606388092,
      -0.038462162017822266,
      0.022665739059448242
    ]
  },
  {
    "gravity" : [
      -0.048041749745607376,
      -0.917911946773529,
      -0.39386478066444397
    ],
    "rotationMatrix" : [
      0.8042811751365662,
      0.19827787578105927,
      -0.5601942539215088,
      -0.5923036932945251,
      0.3436907231807709,
      -0.7287337779998779,
      0.048041731119155884,
      0.9179120063781738,
      0.3938647508621216
    ],
    "timestamp" : 1251302524050,
    "userAcceleration" : [
      0.03423253074288368,
      -0.034205853939056396,
      -0.009165644645690918
    ]
  },
  {
    "gravity" : [
      -0.04749647155404091,
      -0.9196340441703796,
      -0.38989388942718506
    ],
    "rotationMatrix" : [
      0.8054990768432617,
      0.19556407630443573,
      -0.55939781665802,
      -0.5906904935836792,
      0.34062862396240234,
      -0.7314757704734802,
      0.04749646782875061,
      0.9196340441703796,
      0.38989391922950745
    ],
    "timestamp" : 1251302534104,
    "userAcceleration" : [
      0.03982129320502281,
      -0.031690359115600586,
      -0.03658932447433472
    ]
  },
  {
    "gravity" : [
      -0.04683851823210716,
      -0.9215214848518372,
      -0.38549232482910156
    ],
    "rotationMatrix" : [
      0.8068468570709229,
      0.19261370599269867,
      -0.5584783554077148,
      -0.5889009237289429,
      0.3371915817260742,
      -0.7345050573348999,
      0.04683849215507507,
      0.9215215444564819,
      0.38549232482910156
    ],
    "timestamp" : 1251302544159,
    "userAcceleration" : [
      0.041528455913066864,
      -0.027330994606018066,
      -0.04552274942398071
    ]
  },
  {
    "gravity" : [
      -0.046028319746255875,
      -0.9235391020774841,
      -0.38073214888572693
    ],
    "rotationMatrix" : [
      0.8083303570747375,
      0.18950222432613373,
      -0.5573965311050415,
      -0.586927056312561,
      0.33341336250305176,
      -0.7378022074699402,
      0.046028316020965576,
      0.9235391020774841,
      0.38073211908340454
    ],
    "timestamp" : 1251302554214,
    "userAcceleration" : [
      0.04520432651042938,
      -0.02131563425064087,
      -0.03816753625869751
    ]
  },
  {
    "gravity" : [
      -0.04504736140370369,
      -0.9255769848823547,
      -0.37586966156959534
    ],
    "rotationMatrix" : [
      0.810002863407135,
      0.1863737404346466,
      -0.5560217499732971,
      -0.584693193435669,
      0.32950282096862793,
      -0.7413243651390076,
      0.0450473427772522,
      0.9255769848823547,
      0.3758696913719177
    ],
    "timestamp" : 1251302564268,
    "userAcceleration" : [
      0.049548689275979996,
      -0.021398723125457764,
      -0.016662776470184326
    ]
  },
  {
    "gravity" : [
      -0.04396805167198181,
      -0.9275013208389282,
      -0.3712248206138611
    ],
    "rotationMatrix" : [
      0.8117270469665527,
      0.1834457367658615,
      -0.5544788241386414,
      -0.5823795199394226,
      0.3257126212120056,
      -0.7448121309280396,
      0.0439680814743042,
      0.9275013208389282,
      0.3712248206138611
    ],
    "timestamp" : 1251302574323,
    "userAcceleration" : [
      0.05651078000664711,
      -0.024341821670532227,
      0.009835600852966309
    ]
  },
  {
    "gravity" : [
      -0.04286275804042816,
      -0.9292542338371277,
      -0.36694589257240295
    ],
    "rotationMatrix" : [
      0.8134323954582214,
      0.18079005181789398,
      -0.5528496503829956,
      -0.5800780057907104,
      0.3221823275089264,
      -0.7481362819671631,
      0.04286274313926697,
      0.9292541742324829,
      0.36694589257240295
    ],
    "timestamp" : 1251302584378,
    "userAcceleration" : [
      0.05777059122920036,
      -0.030859172344207764,
      0.02401980757713318
    ]
  },
  {
    "gravity" : [
      -0.041767869144678116,
      -0.9308484792709351,
      -0.3630102276802063
    ],
    "rotationMatrix" : [
      0.8150486350059509,
      0.17840063571929932,
      -0.5512430667877197,
      -0.5778850317001343,
      0.31889525055885315,
      -0.7512353658676147,
      0.04176786541938782,
      0.9308484792709351,
      0.3630102276802063
    ],
    "timestamp" : 1251302594433,
    "userAcceleration" : [
      0.055897507816553116,
      -0.04029703140258789,
      0.027255773544311523
    ]
  },
  {
    "gravity" : [
      -0.04073784872889519,
      -0.9323309063911438,
      -0.3593042194843292
    ],
    "rotationMatrix" : [
      0.8163468241691589,
      0.176290363073349,
      -0.5499995946884155,
      -0.5761234760284424,
      0.31572264432907104,
      -0.7539236545562744,
      0.04073786735534668,
      0.932330846786499,
      0.35930418968200684
    ],
    "timestamp" : 1251302604487,
    "userAcceleration" : [
      0.05634758993983269,
      -0.053722500801086426,
      0.02342766523361206
    ]
  },
  {
    "gravity" : [
      -0.039855390787124634,
      -0.9337705373764038,
      -0.35564613342285156
    ],
    "rotationMatrix" : [
      0.8171333074569702,
      0.17438791692256927,
      -0.5494378805160522,
      -0.5750692486763,
      0.31250837445259094,
      -0.7560647130012512,
      0.039855390787124634,
      0.933770477771759,
      0.35564613342285156
    ],
    "timestamp" : 1251302614542,
    "userAcceleration" : [
      0.05717412382364273,
      -0.060415804386138916,
      0.004724442958831787
    ]
  },
  {
    "gravity" : [
      -0.039189234375953674,
      -0.9352341294288635,
      -0.3518541157245636
    ],
    "rotationMatrix" : [
      0.8175674676895142,
      0.17243942618370056,
      -0.5494070053100586,
      -0.5744976997375488,
      0.309195339679718,
      -0.7578592300415039,
      0.03918924927711487,
      0.9352340698242188,
      0.351854145526886
    ],
    "timestamp" : 1251302624597,
    "userAcceleration" : [
      0.061131373047828674,
      -0.0564039945602417,
      -0.027235329151153564
    ]
  },
  {
    "gravity" : [
      -0.03875783830881119,
      -0.9368053674697876,
      -0.3476971983909607
    ],
    "rotationMatrix" : [
      0.8178612589836121,
      0.1701761931180954,
      -0.5496753454208374,
      -0.5741086602210999,
      0.305672287940979,
      -0.7595810890197754,
      0.03875783085823059,
      0.9368053674697876,
      0.3476971685886383
    ],
    "timestamp" : 1251302634652,
    "userAcceleration" : [
      0.06268362700939178,
      -0.04662346839904785,
      -0.0632067620754242
    ]
  },
  {
    "gravity" : [
      -0.0385441929101944,
      -0.9385396838188171,
      -0.34301260113716125
    ],
    "rotationMatrix" : [
      0.8182482719421387,
      0.16739051043987274,
      -0.5499546527862549,
      -0.5735713243484497,
      0.3018670082092285,
      -0.7615065574645996,
      0.03854420781135559,
      0.9385396242141724,
      0.34301257133483887
    ],
    "timestamp" : 1251302644706,
    "userAcceleration" : [
      0.0648045688867569,
      -0.037259817123413086,
      -0.09251910448074341
    ]
  },
  {
    "gravity" : [
      -0.038599006831645966,
      -0.9404593706130981,
      -0.33770689368247986
    ],
    "rotationMatrix" : [
      0.8187198638916016,
      0.16399435698986053,
      -0.5502758622169495,
      -0.5728942155838013,
      0.2977274954319,
      -0.7636427283287048,
      0.03859901428222656,
      0.9404594302177429,
      0.33770689368247986
    ],
    "timestamp" : 1251302654761,
    "userAcceleration" : [
      0.06534765660762787,
      -0.032822251319885254,
      -0.10679695010185242
    ]
  },
  {
    "gravity" : [
      -0.03891238942742348,
      -0.9425587058067322,
      -0.33176591992378235
    ],
    "rotationMatrix" : [
      0.8192098140716553,
      0.16002315282821655,
      -0.5507156848907471,
      -0.572172224521637,
      0.2932156026363373,
      -0.7659264206886292,
      0.03891238570213318,
      0.9425587058067322,
      0.33176591992378235
    ],
    "timestamp" : 1251302664816,
    "userAcceleration" : [
      0.06732425838708878,
      -0.034446120262145996,
      -0.10565784573554993
    ]
  },
  {
    "gravity" : [
      -0.039381444454193115,
      -0.9447943568229675,
      -0.3252885043621063
    ],
    "rotationMatrix" : [
      0.8198153972625732,
      0.15556631982326508,
      -0.5510914921760559,
      -0.571272075176239,
      0.2883793115615845,
      -0.7684305310249329,
      0.039381444454193115,
      0.9447943568229675,
      0.3252885043621063
    ],
    "timestamp" : 1251302674871,
    "userAcceleration" : [
      0.05726473033428192,
      -0.034209489822387695,
      -0.09441977739334106
    ]
  },
  {
    "gravity" : [
      -0.03987400233745575,
      -0.947084903717041,
      -0.3184967339038849
    ],
    "rotationMatrix" : [
      0.8205086588859558,
      0.15087425708770752,
      -0.5513641834259033,
      -0.5702416896820068,
      0.28331446647644043,
      -0.771075427532196,
      0.039873987436294556,
      0.9470849633216858,
      0.3184967637062073
    ],
    "timestamp" : 1251302684925,
    "userAcceleration" : [
      0.04216282442212105,
