[
  {
    "userAcceleration" : [
      0.0467916764318943,
      -0.00028270483016967773,
      -0.11445137858390808
    ],
    "gravity" : [
      -0.007790213450789452,
      -0.9072489142417908,
      -0.4205217957496643
    ],
    "timestamp" : 1251181282668,
    "rotationMatrix" : [
      0.9244028925895691,
      -0.16690436005592346,
      0.342960923910141,
      0.38133785128593445,
      0.38605988025665283,
      -0.8399637341499329,
      0.007790207862854004,
      0.9072489142417908,
      0.4205218255519867
    ]
  },
  {
    "userAcceleration" : [
      0.03919323533773422,
      -0.013522624969482422,
      -0.10045170783996582
    ],
    "gravity" : [
      -0.007897448725998402,
      -0.909603476524353,
      -0.41540223360061646
    ],
    "timestamp" : 1251181292723,
    "rotationMatrix" : [
      0.9220500588417053,
      -0.1673905849456787,
      0.34900444746017456,
      0.38699012994766235,
      0.38026541471481323,
      -0.8400218486785889,
      0.007897451519966125,
      0.909603476524353,
      0.41540226340293884
    ]
  },
  {
    "userAcceleration" : [
      0.031072445213794708,
      -0.01975548267364502,
      -0.08488687872886658
    ],
    "gravity" : [
      -0.007985896430909634,
      -0.9120223522186279,
      -0.4100625216960907
    ],
    "timestamp" : 1251181302779,
    "rotationMatrix" : [
      0.9197620153427124,
      -0.1676161289215088,
      0.35488393902778625,
      0.3923951983451843,
      0.3743259012699127,
      -0.8401820659637451,
      0.007985889911651611,
      0.9120223522186279,
      0.4100625514984131
    ]
  },
  {
    "userAcceleration" : [
      0.02558201551437378,
      -0.018692493438720703,
      -0.07386922836303711
    ],
    "gravity" : [
      -0.008171736262738705,
      -0.91444331407547,
      -0.4046311676502228
    ],
    "timestamp" : 1251181312834,
    "rotationMatrix" : [
      0.917626678943634,
      -0.1676522046327591,
      0.36035263538360596,
      0.3973594307899475,
      0.3683556318283081,
      -0.8404875993728638,
      0.00817173719406128,
      0.9144433736801147,
      0.4046311676502228
    ]
  },
  {
    "userAcceleration" : [
      0.02606898546218872,
      -0.012725770473480225,
      -0.0722789466381073
    ],
    "gravity" : [
      -0.008475590497255325,
      -0.9168700575828552,
      -0.3990955948829651
    ],
    "timestamp" : 1251181322890,
    "rotationMatrix" : [
      0.9156574010848999,
      -0.1675121784210205,
      0.36539173126220703,
      0.40187013149261475,
      0.36233797669410706,
      -0.8409585952758789,
      0.008475586771965027,
      0.9168699979782104,
      0.39909565448760986
    ]
  },
  {
    "userAcceleration" : [
      0.02263937145471573,
      -0.009759604930877686,
      -0.07667121291160583
    ],
    "gravity" : [
      -0.008875937201082706,
      -0.9193021655082703,
      -0.39345213770866394
    ],
    "timestamp" : 1251181332945,
    "rotationMatrix" : [
      0.9137728214263916,
      -0.16726142168045044,
      0.3701930344104767,
      0.4061286449432373,
      0.35624003410339355,
      -0.8415179252624512,
      0.008875936269760132,
      0.919302225112915,
      0.39345213770866394
    ]
  },
  {
    "userAcceleration" : [
      0.012912323698401451,
      -0.010127425193786621,
      -0.07780599594116211
    ],
    "gravity" : [
      -0.00921968836337328,
      -0.9217419624328613,
      -0.3876939117908478
    ],
    "timestamp" : 1251181343000,
    "rotationMatrix" : [
      0.9118640422821045,
      -0.16686853766441345,
      0.3750450611114502,
      0.4103887379169464,
      0.3500663638114929,
      -0.8420418500900269,
      0.009219691157341003,
      0.9217419624328613,
      0.38769394159317017
    ]
  },
  {
    "userAcceleration" : [
      -0.0022763945162296295,
      -0.01659858226776123,
      -0.07257604598999023
    ],
    "gravity" : [
      -0.009381319396197796,
      -0.924197256565094,
      -0.38180023431777954
    ],
    "timestamp" : 1251181353056,
    "rotationMatrix" : [
      0.9098935723304749,
      -0.16624975204467773,
      0.3800719976425171,
      0.41473567485809326,
      0.34383195638656616,
      -0.8424807786941528,
      0.009381309151649475,
      0.9241973161697388,
      0.38180017471313477
    ]
  },
  {
    "userAcceleration" : [
      -0.015917252749204636,
      -0.02356874942779541,
      -0.06452012062072754
    ],
    "gravity" : [
      -0.009229219518601894,
      -0.9266722202301025,
      -0.37575703859329224
    ],
    "timestamp" : 1251181363111,
    "rotationMatrix" : [
      0.9078842997550964,
      -0.16526570916175842,
      0.38527047634124756,
      0.4191192090511322,
      0.33758819103240967,
      -0.8428364396095276,
      0.009229212999343872,
      0.9266722798347473,
      0.37575703859329224
    ]
  },
  {
    "userAcceleration" : [
      -0.021750904619693756,
      -0.029176771640777588,
      -0.05342215299606323
    ],
    "gravity" : [
      -0.008690365590155125,
      -0.9291513562202454,
      -0.36959731578826904
    ],
    "timestamp" : 1251181373167,
    "rotationMatrix" : [
      0.9058618545532227,
      -0.1638454794883728,
      0.3906007707118988,
      0.42348408699035645,
      0.33140960335731506,
      -0.8431066870689392,
      0.008690357208251953,
      0.9291513562202454,
      0.36959728598594666
    ]
  },
  {
    "userAcceleration" : [
      -0.015832606703042984,
      -0.03169214725494385,
      -0.04520562291145325
    ],
    "gravity" : [
      -0.007910065352916718,
      -0.9316256046295166,
      -0.36333322525024414
    ],
    "timestamp" : 1251181383222,
    "rotationMatrix" : [
      0.9038901329040527,
      -0.16206561028957367,
      0.39587536454200745,
      0.4276914596557617,
      0.3252819776535034,
      -0.8433690667152405,
      0.007910072803497314,
      0.9316255450248718,
      0.36333325505256653
    ]
  },
  {
    "userAcceleration" : [
      -0.002888654824346304,
      -0.028627753257751465,
      -0.03823414444923401
    ],
    "gravity" : [
      -0.007136364001780748,
      -0.9340949058532715,
      -0.35695329308509827
    ],
    "timestamp" : 1251181393277,
    "rotationMatrix" : [
      0.9019966125488281,
      -0.1601119488477707,
      0.4009566903114319,
      0.43168407678604126,
      0.3191092908382416,
      -0.8436930775642395,
      0.007136359810829163,
      0.9340949654579163,
      0.35695329308509827
    ]
  },
  {
    "userAcceleration" : [
      0.004312949255108833,
      -0.025416135787963867,
      -0.03156915307044983
    ],
    "gravity" : [
      -0.0064949519000947475,
      -0.9365588426589966,
      -0.35044994950294495
    ],
    "timestamp" : 1251181403333,
    "rotationMatrix" : [
      0.900173008441925,
      -0.15809762477874756,
      0.4058246314525604,
      0.43548399209976196,
      0.312829852104187,
      -0.8440917730331421,
      0.00649493932723999,
      0.9365588426589966,
      0.3504500091075897
    ]
  },
  {
    "userAcceleration" : [
      0.005120700690895319,
      -0.019529342651367188,
      -0.021149158477783203
    ],
    "gravity" : [
      -0.0060362182557582855,
      -0.9389971494674683,
      -0.3438716530799866
    ],
    "timestamp" : 1251181413388,
    "rotationMatrix" : [
      0.8984625339508057,
      -0.15606077015399933,
      0.41037800908088684,
      0.4390087127685547,
      0.30647867918014526,
      -0.8445957899093628,
      0.006036221981048584,
      0.9389971494674683,
      0.3438716530799866
    ]
  },
  {
    "userAcceleration" : [
      0.0047529893927276134,
      -0.017032265663146973,
      -0.013598114252090454
    ],
    "gravity" : [
      -0.005760068539530039,
      -0.9413875937461853,
      -0.3372778296470642
    ],
    "timestamp" : 1251181423443,
    "rotationMatrix" : [
      0.8969107866287231,
      -0.1540040671825409,
      0.41452836990356445,
      0.4421739876270294,
      0.30012035369873047,
      -0.845227837562561,
      0.005760058760643005,
      0.9413876533508301,
      0.33727777004241943
    ]
  },
  {
    "userAcceleration" : [
      0.0045032743364572525,
      -0.016018450260162354,
      -0.010209918022155762
    ],
    "gravity" : [
      -0.0056781950406730175,
      -0.9437287449836731,
      -0.330671489238739
    ],
    "timestamp" : 1251181433499,
    "rotationMatrix" : [
      0.8955476880073547,
      -0.15192925930023193,
      0.41822463274002075,
      0.444929301738739,
      0.2937573790550232,
      -0.8460167050361633,
      0.005678221583366394,
      0.9437287449836731,
      0.3306715488433838
    ]
  },
  {
    "userAcceleration" : [
      0.0017840536311268806,
      -0.011689960956573486,
      -0.014071404933929443
    ],
    "gravity" : [
      -0.005827622022479773,
      -0.9460278153419495,
      -0.3240329325199127
    ],
    "timestamp" : 1251181443554,
    "rotationMatrix" : [
      0.894417405128479,
      -0.1498420387506485,
      0.42138439416885376,
      0.4471951723098755,
      0.28736504912376404,
      -0.8470169901847839,
      0.005827620625495911,
      0.9460278153419495,
      0.3240329623222351
    ]
  },
  {
    "userAcceleration" : [
      -0.004642054904252291,
      -0.008201062679290771,
      -0.020791053771972656
    ],
    "gravity" : [
      -0.006115381605923176,
      -0.9483112692832947,
      -0.3172827661037445
    ],
    "timestamp" : 1251181453610,
    "rotationMatrix" : [
      0.8935167789459229,
      -0.14764350652694702,
      0.42406272888183594,
      0.4489881992340088,
      0.2809041738510132,
      -0.8482348918914795,
      0.006115376949310303,
      0.9483112096786499,
      0.3172827661037445
    ]
  },
  {
    "userAcceleration" : [
      -0.010113593190908432,
      -0.006246745586395264,
      -0.02747991681098938
    ],
    "gravity" : [
      -0.006335367448627949,
      -0.9506012201309204,
      -0.310349702835083
    ],
    "timestamp" : 1251181463665,
    "rotationMatrix" : [
      0.8927856087684631,
      -0.1451755315065384,
      0.4264479875564575,
      0.4504372477531433,
      0.2743741273880005,
      -0.8496027588844299,
      0.006335362792015076,
      0.9506011605262756,
      0.3103497624397278
    ]
  },
  {
    "userAcceleration" : [
      -0.009739501401782036,
      -0.0027427077293395996,
      -0.03334325551986694
    ],
    "gravity" : [
      -0.006266954354941845,
      -0.9528998732566833,
      -0.3032199740409851
    ],
    "timestamp" : 1251181473720,
    "rotationMatrix" : [
      0.8921247124671936,
      -0.14231142401695251,
      0.4287900924682617,
      0.4517457187175751,
      0.267822802066803,
      -0.8509973883628845,
      0.006266936659812927,
      0.9528998732566833,
      0.30321991443634033
    ]
  },
  {
    "userAcceleration" : [
      -0.008567413315176964,
      6.67572021484375e-06,
      -0.03128644824028015
    ],
    "gravity" : [
      -0.005791098345071077,
      -0.9551611542701721,
      -0.2960299253463745
    ],
    "timestamp" : 1251181483776,
    "rotationMatrix" : [
      0.8914169669151306,
      -0.13908056914806366,
      0.43131473660469055,
      0.4531470537185669,
      0.26138827204704285,
      -0.8522523045539856,
      0.00579109787940979,
      0.9551611542701721,
      0.2960298955440521
    ]
  },
  {
    "userAcceleration" : [
      -0.003532998263835907,
      0.0048171281814575195,
      -0.027670979499816895
    ],
    "gravity" : [
      -0.004950875416398048,
      -0.9573317170143127,
      -0.28894898295402527
    ],
    "timestamp" : 1251181493831,
    "rotationMatrix" : [
      0.8905583620071411,
      -0.1356503963470459,
      0.4341713786125183,
      0.45484209060668945,
      0.2551763653755188,
      -0.8532313704490662,
      0.004950866103172302,
      0.9573317170143127,
      0.2889489531517029
    ]
  },
  {
    "userAcceleration" : [
      0.007570556830614805,
      0.008706748485565186,
      -0.022993236780166626
    ],
    "gravity" : [
      -0.003938964568078518,
      -0.9593749046325684,
      -0.28210628032684326
    ],
    "timestamp" : 1251181503887,
    "rotationMatrix" : [
      0.8895377516746521,
      -0.13224221765995026,
      0.43730372190475464,
      0.456844687461853,
      0.24922169744968414,
      -0.8539210557937622,
      0.003938958048820496,
      0.9593749046325684,
      0.28210631012916565
    ]
  },
  {
    "userAcceleration" : [
      0.01108913030475378,
      0.012260913848876953,
      -0.014088451862335205
    ],
    "gravity" : [
      -0.0029104086570441723,
      -0.9612811803817749,
      -0.27555394172668457
    ],
    "timestamp" : 1251181513942,
    "rotationMatrix" : [
      0.8884299993515015,
      -0.12896671891212463,
      0.44052213430404663,
      0.45900294184684753,
      0.2435283064842224,
      -0.8544062972068787,
      0.002910405397415161,
      0.9612811207771301,
      0.27555397152900696
    ]
  },
  {
    "userAcceleration" : [
      0.015106193721294403,
      0.017257988452911377,
      -0.011852622032165527
    ],
    "gravity" : [
      -0.001968365628272295,
      -0.9630739688873291,
      -0.2692296504974365
    ],
    "timestamp" : 1251181523997,
    "rotationMatrix" : [
      0.8873452544212341,
      -0.12582474946975708,
      0.44360625743865967,
      0.4611014127731323,
      0.23802651464939117,
      -0.8548267483711243,
      0.001968368887901306,
      0.9630739092826843,
      0.2692296802997589
    ]
  },
  {
    "userAcceleration" : [
      0.02224762551486492,
      0.021053552627563477,
      -0.013730853796005249
    ],
    "gravity" : [
      -0.0011752365389838815,
      -0.964794397354126,
      -0.2630026638507843
    ],
    "timestamp" : 1251181534053,
    "rotationMatrix" : [
      0.8863686323165894,
      -0.12276981770992279,
      0.44640594720840454,
      0.462978720664978,
      0.23259267210960388,
      -0.8553077578544617,
      0.001175224781036377,
      0.9647944569587708,
      0.2630026340484619
    ]
  },
  {
    "userAcceleration" : [
      0.027468625456094742,
      0.02324777841567993,
      -0.01795133948326111
    ],
    "gravity" : [
      -0.0005978986155241728,
      -0.9664849042892456,
      -0.2567221522331238
    ],
    "timestamp" : 1251181544108,
    "rotationMatrix" : [
      0.8855500817298889,
      -0.11977030336856842,
      0.44883862137794495,
      0.46454352140426636,
      0.22707197070121765,
      -0.8559423089027405,
      0.0005978941917419434,
      0.9664848446846008,
      0.2567221522331238
    ]
  },
  {
    "userAcceleration" : [
      0.03506368026137352,
      0.025357306003570557,
      -0.023271262645721436
    ],
    "gravity" : [
      -0.0002583791792858392,
      -0.968167245388031,
      -0.2503036558628082
    ],
    "timestamp" : 1251181554164,
    "rotationMatrix" : [
      0.8849376440048218,
      -0.11679007112979889,
      0.450827419757843,
      0.465709388256073,
      0.22138667106628418,
      -0.8567978143692017,
      0.0002583712339401245,
      0.9681671857833862,
      0.2503036558628082
    ]
  },
  {
    "userAcceleration" : [
      0.04000634700059891,
      0.02658689022064209,
      -0.024962663650512695
    ],
    "gravity" : [
      -0.00022668154269922525,
      -0.9698393940925598,
      -0.24374468624591827
    ],
    "timestamp" : 1251181564219,
    "rotationMatrix" : [
      0.8845951557159424,
      -0.11386717855930328,
      0.4522451162338257,
      0.4663596749305725,
      0.21551284193992615,
      -0.8579410910606384,
      0.0002266913652420044,
      0.9698393940925598,
      0.24374467134475708
    ]
  },
  {
    "userAcceleration" : [
      0.03949303552508354,
      0.032213807106018066,
      -0.02845880389213562
    ],
    "gravity" : [
      -0.00052208686247468,
      -0.9714836478233337,
      -0.23710522055625916
    ],
    "timestamp" : 1251181574274,
    "rotationMatrix" : [
      0.8845299482345581,
      -0.11105415225028992,
      0.45307135581970215,
      0.4664830267429352,
      0.2094901204109192,
      -0.8593643307685852,
      0.0005220919847488403,
      0.9714836478233337,
      0.23710520565509796
    ]
  },
  {
    "userAcceleration" : [
      0.04337836056947708,
      0.032321035861968994,
      -0.03703361749649048
    ],
    "gravity" : [
      -0.0011572811054065824,
      -0.9730862975120544,
      -0.23043778538703918
    ],
    "timestamp" : 1251181584330,
    "rotationMatrix" : [
      0.8846176862716675,
      -0.10845302045345306,
      0.45353004336357117,
      0.4663155674934387,
      0.20332443714141846,
      -0.860934853553772,
      0.0011572837829589844,
      0.9730863571166992,
      0.2304377406835556
    ]
  },
  {
    "userAcceleration" : [
      0.04753797501325607,
      0.026744067668914795,
      -0.046993106603622437
    ],
    "gravity" : [
      -0.0020820414647459984,
      -0.974635124206543,
      -0.22378942370414734
    ],
    "timestamp" : 1251181594385,
    "rotationMatrix" : [
      0.8846713900566101,
      -0.10612855851650238,
      0.4539749026298523,
      0.46621042490005493,
      0.19703492522239685,
      -0.8624527454376221,
      0.002082034945487976,
      0.974635124206543,
      0.22378942370414734
    ]
  },
  {
    "userAcceleration" : [
      0.04050642251968384,
      0.01743495464324951,
      -0.052242428064346313
    ],
    "gravity" : [
      -0.0031681647524237633,
      -0.9761292338371277,
      -0.21716682612895966
    ],
    "timestamp" : 1251181604441,
    "rotationMatrix" : [
      0.8845768570899963,
      -0.10401961207389832,
      0.4546467065811157,
      0.46638360619544983,
      0.19066038727760315,
      -0.8637909293174744,
      0.003168165683746338,
      0.9761292338371277,
      0.21716684103012085
    ]
  },
  {
    "userAcceleration" : [
      0.029205389320850372,
      0.001887500286102295,
      -0.05311301350593567
    ],
    "gravity" : [
      -0.0043335603550076485,
      -0.9775649905204773,
      -0.21058949828147888
    ],
    "timestamp" : 1251181614496,
    "rotationMatrix" : [
      0.8842964172363281,
      -0.1020735651254654,
      0.4556323289871216,
      0.4669058322906494,
      0.18424905836582184,
      -0.8648995757102966,
      0.004333570599555969,
      0.9775649905204773,
      0.21058952808380127
    ]
  },
  {
    "userAcceleration" : [
      0.01730993203818798,
      -0.01076209545135498,
      -0.05279479920864105
    ],
    "gravity" : [
      -0.005453847348690033,
      -0.9789533615112305,
      -0.20401066541671753
    ],
    "timestamp" : 1251181624551,
    "rotationMatrix" : [
      0.8839074373245239,
      -0.10012365877628326,
      0.45681822299957275,
      0.4676300883293152,
      0.17783519625663757,
      -0.8658501505851746,
      0.00545385479927063,
      0.9789533019065857,
      0.2040107250213623
    ]
  },
  {
    "userAcceleration" : [
      0.00041418056935071945,
      -0.01966273784637451,
      -0.051176056265830994
    ],
    "gravity" : [
      -0.006471917498856783,
      -0.9802913665771484,
      -0.19745072722434998
    ],
    "timestamp" : 1251181634607,
    "rotationMatrix" : [
      0.8835169672966003,
      -0.09808635711669922,
      0.45801401138305664,
      0.4683544635772705,
      0.17148682475090027,
      -0.8667387962341309,
      0.006471917033195496,
      0.9802913665771484,
      0.1974506974220276
    ]
  },
  {
    "userAcceleration" : [
      -0.017127567902207375,
      -0.023468852043151855,
      -0.04536440968513489
    ],
    "gravity" : [
      -0.007301747798919678,
      -0.9815818667411804,
      -0.19090278446674347
    ],
    "timestamp" : 1251181644662,
    "rotationMatrix" : [
      0.8832359313964844,
      -0.09584449231624603,
      0.45902952551841736,
      0.4688720107078552,
      0.16526047885417938,
      -0.8676682114601135,
      0.007301747798919678,
      0.9815818667411804,
      0.19090279936790466
    ]
  },
  {
    "userAcceleration" : [
      -0.020768148824572563,
      -0.021257340908050537,
      -0.04546773433685303
    ],
    "gravity" : [
      -0.00799466110765934,
      -0.9828318953514099,
      -0.18432973325252533
    ],
    "timestamp" : 1251181654718,
    "rotationMatrix" : [
      0.8831473588943481,
      -0.09340092539787292,
      0.4597032070159912,
      0.4690275490283966,
      0.15911516547203064,
      -0.8687320351600647,
      0.007994666695594788,
      0.9828318953514099,
      0.18432974815368652
    ]
  },
  {
    "userAcceleration" : [
      -0.013070816174149513,
      -0.020069777965545654,
      -0.05197739601135254
    ],
    "gravity" : [
      -0.008627180941402912,
      -0.9840499758720398,
      -0.17768269777297974
    ],
    "timestamp" : 1251181664773,
    "rotationMatrix" : [
      0.8832395076751709,
      -0.09081034362316132,
      0.4600450396537781,
      0.4688427448272705,
      0.15296751260757446,
      -0.8699352145195007,
      0.008627176284790039,
      0.9840499758720398,
      0.17768271267414093
    ]
  },
  {
    "userAcceleration" : [
      -0.010886022821068764,
      -0.017270386219024658,
      -0.058457016944885254
    ],
    "gravity" : [
      -0.009255565702915192,
      -0.9852319359779358,
      -0.1709742546081543
    ],
    "timestamp" : 1251181674828,
    "rotationMatrix" : [
      0.8834649920463562,
      -0.0881490409374237,
      0.46012964844703674,
      0.46840569376945496,
      0.14679104089736938,
      -0.8712337613105774,
      0.009255558252334595,
      0.9852319359779358,
      0.1709742695093155
    ]
  },
  {
    "userAcceleration" : [
      -0.009840150363743305,
      -0.013483107089996338,
      -0.06714014708995819
    ],
    "gravity" : [
      -0.00996574480086565,
      -0.9863794445991516,
      -0.16418315470218658
    ],
    "timestamp" : 1251181684884,
    "rotationMatrix" : [
      0.8837793469429016,
      -0.08550052344799042,
      0.4600257873535156,
      0.46779775619506836,
      0.14051717519760132,
      -0.8725938200950623,
      0.009965762495994568,
      0.9863794445991516,
      0.1641831398010254
    ]
  },
  {
    "userAcceleration" : [
      -0.009060589596629143,
      -0.010670125484466553,
      -0.07649499177932739
    ],
    "gravity" : [
      -0.010821597650647163,
      -0.9874987006187439,
      -0.15725450217723846
    ],
    "timestamp" : 1251181694939,
    "rotationMatrix" : [
      0.884105920791626,
      -0.08292070031166077,
      0.45987045764923096,
      0.4671612083911896,
      0.13405314087867737,
      -0.8739507794380188,
      0.010821595788002014,
      0.9874987006187439,
      0.15725453197956085
    ]
  },
  {
    "userAcceleration" : [
      -0.011232511140406132,
      -0.009202778339385986,
      -0.0829450935125351
    ],
    "gravity" : [
      -0.011808253824710846,
      -0.9885997772216797,
      -0.15010245144367218
    ],
    "timestamp" : 1251181704995,
    "rotationMatrix" : [
      0.884408175945282,
      -0.08036792278289795,
      0.4597424268722534,
      0.46656477451324463,
      0.12732312083244324,
      -0.875274658203125,
      0.011808261275291443,
      0.9885996580123901,
      0.15010246634483337
    ]
  },
  {
    "userAcceleration" : [
      -0.02159179002046585,
      -0.00897359848022461,
      -0.0848006010055542
    ],
    "gravity" : [
      -0.012679437175393105,
      -0.9896835684776306,
      -0.14270803332328796
    ],
    "timestamp" : 1251181715050,
    "rotationMatrix" : [
      0.8846688270568848,
      -0.07762253284454346,
      0.4597126841545105,
      0.466047465801239,
      0.1204204186797142,
      -0.876526415348053,
      0.012679427862167358,
      0.9896835684776306,
      0.14270798861980438
    ]
  },
  {
    "userAcceleration" : [
      -0.0387103296816349,
      -0.013515174388885498,
      -0.0802156925201416
    ],
    "gravity" : [
      -0.013184807263314724,
      -0.9907419085502625,
      -0.13511645793914795
    ],
    "timestamp" : 1251181725105,
    "rotationMatrix" : [
      0.8848000764846802,
      -0.07450594007968903,
      0.4599757194519043,
      0.4657842516899109,
      0.11348632723093033,
      -0.8775908350944519,
      0.013184815645217896,
      0.9907419085502625,
      0.13511641323566437
    ]
  },
  {
    "userAcceleration" : [
      -0.04562602564692497,
      -0.007324635982513428,
      -0.07282684743404388
    ],
    "gravity" : [
      -0.013196590356528759,
      -0.991759717464447,
      -0.12742960453033447
    ],
    "timestamp" : 1251181735161,
    "rotationMatrix" : [
      0.8847327828407288,
      -0.07096248865127563,
      0.46066492795944214,
      0.4659116864204407,
      0.10666191577911377,
      -0.8783788084983826,
      0.013196572661399841,
      0.991759717464447,
      0.1274295598268509
    ]
  },
  {
    "userAcceleration" : [
      -0.04603683575987816,
      0.0014055371284484863,
      -0.05962810665369034
    ],
    "gravity" : [
      -0.01277052704244852,
      -0.9927230477333069,
      -0.11973902583122253
    ],
    "timestamp" : 1251181745216,
    "rotationMatrix" : [
      0.8844308257102966,
      -0.06708112359046936,
      0.46182483434677124,
      0.4664964973926544,
      0.1000031903386116,
      -0.8788514733314514,
      0.012770518660545349,
      0.9927230477333069,
      0.11973904818296432
    ]
  },
  {
    "userAcceleration" : [
      -0.035129956901073456,
      0.004932403564453125,
      -0.044503092765808105
    ],
    "gravity" : [
      -0.012065473943948746,
      -0.9936255812644958,
      -0.11208269000053406
    ],
    "timestamp" : 1251181755272,
    "rotationMatrix" : [
      0.8839324712753296,
      -0.06300024688243866,
      0.46335119009017944,
      0.4674588441848755,
      0.09348299354314804,
      -0.8790580034255981,
      0.012065470218658447,
      0.9936255216598511,
      0.11208270490169525
    ]
  },
  {
    "userAcceleration" : [
      -0.019548069685697556,
      0.011173605918884277,
      -0.028424277901649475
    ],
    "gravity" : [
      -0.011228895746171474,
      -0.9944652318954468,
      -0.10446460545063019
    ],
    "timestamp" : 1251181765327,
    "rotationMatrix" : [
      0.8833515048027039,
      -0.05882124602794647,
      0.4650056064128876,
      0.4685766100883484,
      0.0870574563741684,
      -0.8791228532791138,
      0.011228889226913452,
      0.9944652318954468,
      0.104464590549469
    ]
  },
  {
    "userAcceleration" : [
      -0.010434511117637157,
      0.021441400051116943,
      -0.011624336242675781
    ],
    "gravity" : [
      -0.010363217443227768,
      -0.9952419400215149,
      -0.09688101708889008
    ],
    "timestamp" : 1251181775382,
    "rotationMatrix" : [
      0.8828896284103394,
      -0.05459423363208771,
      0.4663960933685303,
      0.4694661498069763,
      0.08070187270641327,
      -0.8792545795440674,
      0.010363221168518066,
      0.9952419996261597,
      0.09688100218772888
    ]
  },
  {
    "userAcceleration" : [
      -0.0016930848360061646,
      0.026335418224334717,
      0.0016906782984733582
    ],
    "gravity" : [
      -0.009598415344953537,
      -0.9959551692008972,
      -0.08933725953102112
    ],
    "timestamp" : 1251181785438,
    "rotationMatrix" : [
      0.8826397061347961,
      -0.05042654275894165,
      0.4673374891281128,
      0.46995216608047485,
      0.07436693459749222,
      -0.8795535564422607,
      0.009598389267921448,
      0.9959551095962524,
      0.08933727443218231
    ]
  },
  {
    "userAcceleration" : [
      0.014268076047301292,
      0.03200197219848633,
      0.008468329906463623
    ],
    "gravity" : [
      -0.009019049815833569,
      -0.9966014623641968,
      -0.08187846839427948
    ],
    "timestamp" : 1251181795493,
    "rotationMatrix" : [
      0.8825272917747498,
      -0.04643343389034271,
      0.4679630994796753,
      0.4701746106147766,
      0.0680394321680069,
      -0.879946768283844,
      0.009019047021865845,
      0.996601402759552,
      0.08187849819660187
    ]
  },
  {
    "userAcceleration" : [
      0.02165965922176838,
      0.036924779415130615,
      0.013302512466907501
    ],
    "gravity" : [
      -0.008720201440155506,
      -0.9971754550933838,
      -0.07459713518619537
    ],
    "timestamp" : 1251181805549,
    "rotationMatrix" : [
      0.8825556039810181,
      -0.042747631669044495,
      0.46826082468032837,
      0.4701271653175354,
      0.06175284832715988,
      -0.8804354071617126,
      0.00872020423412323,
      0.997175395488739,
      0.07459717243909836
    ]
  },
  {
    "userAcceleration" : [
      0.030396968126296997,
      0.03834176063537598,
      0.01731729507446289
    ],
    "gravity" : [
      -0.008805778808891773,
      -0.9976770281791687,
      -0.06754931062459946
    ],
    "timestamp" : 1251181815604,
    "rotationMatrix" : [
      0.8826969861984253,
      -0.03949655592441559,
      0.4682798683643341,
      0.4698600769042969,
      0.055501990020275116,
      -0.8809943199157715,
      0.008805781602859497,
      0.9976770877838135,
      0.06754929572343826
    ]
  },
  {
    "userAcceleration" : [
      0.035805583000183105,
      0.035418570041656494,
      0.01513892412185669
    ],
    "gravity" : [
      -0.00930105708539486,
      -0.9981107711791992,
      -0.06073229759931564
    ],
    "timestamp" : 1251181825659,
    "rotationMatrix" : [
      0.8829845786094666,
      -0.03670261800289154,
      0.46796494722366333,
      0.46930986642837524,
      0.049273110926151276,
      -0.8816577196121216,
      0.009301066398620605,
      0.9981107711791992,
      0.06073230132460594
    ]
  },
  {
    "userAcceleration" : [
      0.03324677795171738,
      0.034264564514160156,
      0.014841556549072266
    ],
    "gravity" : [
      -0.01009918749332428,
      -0.9984826445579529,
      -0.054133009165525436
    ],
    "timestamp" : 1251181835715,
    "rotationMatrix" : [
      0.8835129737854004,
      -0.03426310420036316,
      0.4671518802642822,
      0.4682978093624115,
      0.04310934990644455,
      -0.8825183510780334,
      0.010099202394485474,
      0.9984826445579529,
      0.05413299798965454
    ]
  },
  {
    "userAcceleration" : [
      0.03010692074894905,
      0.03597217798233032,
      0.009026646614074707
    ],
    "gravity" : [
      -0.011109717190265656,
      -0.9988016486167908,
      -0.04766200855374336
    ],
    "timestamp" : 1251181845770,
    "rotationMatrix" : [
      0.8843038082122803,
      -0.03206416964530945,
      0.46580973267555237,
      0.46677979826927185,
      0.03697271645069122,
      -0.8836002945899963,
      0.011109709739685059,
      0.9988016486167908,
      0.04766203463077545
    ]
  },
  {
    "userAcceleration" : [
      0.024976583197712898,
      0.040230631828308105,
      -4.2319297790527344e-05
    ],
    "gravity" : [
      -0.012296526692807674,
      -0.999077558517456,
      -0.04114125296473503
    ],
    "timestamp" : 1251181855826,
    "rotationMatrix" : [
      0.8852541446685791,
      -0.030008405447006226,
      0.4641384482383728,
      0.4649449586868286,
      0.03071315586566925,
      -0.8848065733909607,
      0.012296512722969055,
      0.9990776181221008,
      0.04114122316241264
    ]
  },
  {
    "userAcceleration" : [
      0.020346850156784058,
      0.043718934059143066,
      -0.009105324745178223
    ],
    "gravity" : [
      -0.013510901480913162,
      -0.9993157982826233,
      -0.03442810848355293
    ],
    "timestamp" : 1251181865881,
    "rotationMatrix" : [
      0.8862597942352295,
      -0.027910947799682617,
      0.46234673261642456,
      0.4629913568496704,
      0.02426554635167122,
      -0.8860304951667786,
      0.013510897755622864,
      0.9993157982826233,
      0.03442811965942383
    ]
  },
  {
    "userAcceleration" : [
      0.02055657096207142,
      0.040712714195251465,
      -0.005160689353942871
    ],
    "gravity" : [
      -0.014697185717523098,
      -0.9995139241218567,
      -0.027493227273225784
    ],
    "timestamp" : 1251181875936,
    "rotationMatrix" : [
      0.8873082399368286,
      -0.025712937116622925,
      0.460459440946579,
      0.4609425663948059,
      0.017627451568841934,
      -0.8872548937797546,
      0.01469719409942627,
      0.9995139241218567,
      0.02749316766858101
    ]
  },
  {
    "userAcceleration" : [
      0.026542903855443,
      0.03965938091278076,
      0.004762828350067139
    ],
    "gravity" : [
      -0.015800703316926956,
      -0.9996660351753235,
      -0.020448964089155197
    ],
    "timestamp" : 1251181885992,
    "rotationMatrix" : [
      0.8884269595146179,
      -0.02341979742050171,
      0.45842015743255615,
      0.45874595642089844,
      0.010924030095338821,
      -0.8885002732276917,
      0.015800684690475464,
      0.9996660351753235,
      0.020448941737413406
    ]
  },
  {
    "userAcceleration" : [
      0.027629220858216286,
      0.039089083671569824,
      0.012004554271697998
    ],
    "gravity" : [
      -0.016810733824968338,
      -0.9997671246528625,
      -0.013530511409044266
    ],
    "timestamp" : 1251181896047,
    "rotationMatrix" : [
      0.8897091746330261,
      -0.021132007241249084,
      0.45603835582733154,
      0.4562181234359741,
      0.004371907562017441,
      -0.8898571729660034,
      0.01681073009967804,
      0.9997670650482178,
      0.013530537486076355
    ]
  },
  {
    "userAcceleration" : [
      0.036462895572185516,
      0.04197782278060913,
      0.014208972454071045
    ],
    "gravity" : [
      -0.017755607143044472,
      -0.9998176097869873,
      -0.007006939500570297
    ],
    "timestamp" : 1251181906103,
    "rotationMatrix" : [
      0.8910914063453674,
      -0.019002363085746765,
      0.45342588424682617,
      0.4534764289855957,
      -0.0018070600926876068,
      -0.8912662863731384,
      0.017755597829818726,
      0.9998176693916321,
      0.00700688362121582
    ]
  },
  {
    "userAcceleration" : [
      0.04292209446430206,
      0.04823887348175049,
      0.007825613021850586
    ],
    "gravity" : [
      -0.01879793033003807,
      -0.9998224973678589,
      -0.0010965840192511678
    ],
    "timestamp" : 1251181916158,
    "rotationMatrix" : [
      0.8924610614776611,
      -0.017273738980293274,
      0.4507935345172882,
      0.4507325291633606,
      -0.007495280355215073,
      -0.8926273584365845,
      0.01879793405532837,
      0.9998224973678589,
      0.0010966099798679352
    ]
  },
  {
    "userAcceleration" : [
      0.047646746039390564,
      0.05777335166931152,
      -0.0044505600817501545
    ],
    "gravity" : [
      -0.020058851689100266,
      -0.9997897744178772,
      0.004206282552331686
    ],
    "timestamp" : 1251181926213,
    "rotationMatrix" : [
      0.8937374353408813,
      -0.01604492962360382,
      0.44830334186553955,
      0.4481416940689087,
      -0.01275172084569931,
      -0.8938713073730469,
      0.02005884051322937,
      0.9997897148132324,
      -0.004206262528896332
    ]
  },
  {
    "userAcceleration" : [
      0.0542314350605011,
      0.0663294792175293,
      -0.02292776107788086
    ],
    "gravity" : [
      -0.0216386541724205,
      -0.999724805355072,
      0.009057469666004181
    ],
    "timestamp" : 1251181936269,
    "rotationMatrix" : [
      0.8948277235031128,
      -0.01532609760761261,
      0.44614845514297485,
      0.44588685035705566,
      -0.017758909612894058,
      -0.8949131369590759,
      0.0216386616230011,
      0.999724805355072,
      -0.009057454764842987
    ]
  },
  {
    "userAcceleration" : [
      0.06138783320784569,
      0.06415694952011108,
      -0.040639519691467285
    ],
    "gravity" : [
      -0.02359180524945259,
      -0.999627411365509,
      0.01372289378196001
    ],
    "timestamp" : 1251181946324,
    "rotationMatrix" : [
      0.8956519365310669,
      -0.015035778284072876,
      0.44450148940086365,
      0.4441295564174652,
      -0.0227774977684021,
      -0.8956728577613831,
      0.023591816425323486,
      0.999627411365509,
      -0.013722866773605347
    ]
  },
  {
    "userAcceleration" : [
      0.0632527694106102,
      0.05363607406616211,
      -0.052468180656433105
    ],
    "gravity" : [
      -0.025746650993824005,
      -0.999497652053833,
      0.018471546471118927
    ],
    "timestamp" : 1251181956380,
    "rotationMatrix" : [
      0.8962847590446472,
      -0.014896631240844727,
      0.44322866201400757,
      0.44273093342781067,
      -0.027967415750026703,
      -0.8962180614471436,
      0.025746658444404602,
      0.999497652053833,
      -0.018471557646989822
    ]
  },
  {
    "userAcceleration" : [
      0.06321191787719727,
      0.039890170097351074,
      -0.05586004629731178
    ],
    "gravity" : [
      -0.02799462340772152,
      -0.9993321299552917,
      0.0234807338565588
    ],
    "timestamp" : 1251181966435,
    "rotationMatrix" : [
      0.8968256711959839,
      -0.014734342694282532,
      0.4421386122703552,
      0.4414973855018616,
      -0.03343560919165611,
      -0.8966391682624817,
      0.027994632720947266,
      0.9993321299552917,
      -0.023480724543333054
    ]
  },
  {
    "userAcceleration" : [
      0.05269915983080864,
      0.031796932220458984,
      -0.04866504669189453
    ],
    "gravity" : [
      -0.030192436650395393,
      -0.9991276860237122,
      0.028843797743320465
    ],
    "timestamp" : 1251181976490,
    "rotationMatrix" : [
      0.89734947681427,
      -0.014383047819137573,
      0.4410862326622009,
      0.44028666615486145,
      -0.039200421422719955,
      -0.8970009684562683,
      0.030192434787750244,
      0.9991276860237122,
      -0.028843794018030167
    ]
  },
  {
    "userAcceleration" : [
      0.040086835622787476,
      0.03410172462463379,
      -0.03768801689147949
    ],
    "gravity" : [
      -0.03222855553030968,
      -0.9988843202590942,
      0.03451402112841606
    ],
    "timestamp" : 1251181986546,
    "rotationMatrix" : [
      0.8979083895683289,
      -0.013768583536148071,
      0.43996697664260864,
      0.4390009641647339,
      -0.04516993463039398,
      -0.8973503708839417,
      0.03222857415676117,
      0.998884379863739,
      -0.03451403230428696
    ]
  },
  {
    "userAcceleration" : [
      0.03296588733792305,
      0.039318859577178955,
      -0.024364236742258072
    ],
    "gravity" : [
      -0.033988215029239655,
      -0.9986082315444946,
      0.04032479599118233
    ],
    "timestamp" : 1251181996601,
    "rotationMatrix" : [
      0.8985810279846191,
      -0.012871816754341125,
      0.4386187791824341,
      0.4374893307685852,
      -0.05114295333623886,
      -0.8977679014205933,
      0.03398822247982025,
      0.9986082315444946,
      -0.04032479599118233
    ]
  },
  {
    "userAcceleration" : [
      0.03393688052892685,
      0.04707247018814087,
      -0.013788938522338867
    ],
    "gravity" : [
      -0.035523779690265656,
      -0.9983052611351013,
      0.04609164595603943
    ],
    "timestamp" : 1251182006657,
    "rotationMatrix" : [
      0.9015589356422424,
      -0.012113258242607117,
      0.43248671293258667,
      0.4311954975128174,
      -0.056917954236269,
      -0.9004613161087036,
      0.03552378714084625,
      0.9983053207397461,
      -0.0460917092859745
    ]
  },
  {
    "userAcceleration" : [
      0.03907979652285576,
      0.051235735416412354,
      -0.008821491152048111
    ],
    "gravity" : [
      -0.03695881739258766,
      -0.9979824423789978,
      0.05162227898836136
    ],
    "timestamp" : 1251182016712,
    "rotationMatrix" : [
      0.9045636653900146,
      -0.01145404577255249,
      0.42618465423583984,
      0.42473354935646057,
      -0.06244692578911781,
      -0.9031620025634766,
      0.03695882856845856,
      0.9979825019836426,
      -0.051622290164232254
    ]
  },
  {
    "userAcceleration" : [
      0.044838227331638336,
      0.04910320043563843,
      -0.006829388439655304
    ],
    "gravity" : [
