[
  {
    "transform" : [
      0.1521366,
      -0.96269304,
      0.22377798,
      0,
      -0.6412545,
      0.0761461,
      0.76354074,
      0,
      -0.7520952,
      -0.25966108,
      -0.60574675,
      0,
      -1.9499004,
      -1.1926404,
      3.012212,
      0.99999994
    ],
    "keyframeTimestamp" : 1251174.7833755,
    "uuid" : "AE054459-2833-4177-8B5E-489C1A165AB4"
  },
  {
    "transform" : [
      0.27060708,
      -0.9486937,
      -0.16355743,
      0,
      -0.45997006,
      0.021833358,
      -0.887666,
      0,
      0.8456946,
      0.31544036,
      -0.43046263,
      0,
      0.4387884,
      0.098993026,
      0.08145083,
      0.9999999
    ],
    "keyframeTimestamp" : 1251089.387350708,
    "uuid" : "E72E1139-8071-4E96-9776-4384479769F3"
  },
  {
    "transform" : [
      -0.007191521,
      -0.9999313,
      -0.009274055,
      0,
      0.83775413,
      -0.01108852,
      0.5459352,
      0,
      -0.5460004,
      -0.0038432719,
      0.8377761,
      0,
      -1.6876127,
      -1.212288,
      -1.1385261,
      1.0000001
    ],
    "keyframeTimestamp" : 1251104.225138708,
    "uuid" : "757F8E02-82EE-4DF8-B025-D522DCC5BB28"
  },
  {
    "transform" : [
      0.43256512,
      -0.8729115,
      0.22564135,
      0,
      0.5047326,
      0.027075768,
      -0.8628516,
      0,
      0.7470832,
      0.48712772,
      0.45229873,
      0,
      0.14105648,
      -0.04824674,
      0.3748939,
      1
    ],
    "keyframeTimestamp" : 1251091.119259791,
    "uuid" : "1768B82E-3543-4DD6-98D1-1A7A7C8CE779"
  },
  {
    "transform" : [
      0.077122234,
      -0.9884084,
      -0.13076995,
      0,
      -0.71422744,
      0.03674462,
      -0.69894904,
      0,
      0.69565207,
      0.14730395,
      -0.7031145,
      0,
      0.9797531,
      1.1508427,
      -0.8215826,
      0.99999994
    ],
    "keyframeTimestamp" : 1251086.239937708,
    "uuid" : "1F7A052E-B78A-476D-B7B3-99127D9C31FA"
  },
  {
    "transform" : [
      0.10767788,
      -0.99397063,
      0.02066625,
      0,
      0.6260417,
      0.051642247,
      -0.77807796,
      0,
      0.7723195,
      0.0967197,
      0.62782806,
      0,
      0.75860447,
      -1.2541423,
      -2.8223145,
      1
    ],
    "keyframeTimestamp" : 1251121.144535333,
    "uuid" : "D5B4F07C-6105-4F78-9B3C-2CE43E23D888"
  },
  {
    "transform" : [
      -0.052879605,
      -0.9901601,
      -0.12956241,
      0,
      0.6451866,
      0.06515223,
      -0.7612421,
      0,
      0.7621929,
      -0.12384609,
      0.6353929,
      0,
      -0.63545847,
      -1.2031225,
      -6.4329586,
      0.9999999
    ],
    "keyframeTimestamp" : 1251196.516809166,
    "uuid" : "521F4097-082C-402B-9D4B-7F51BCBC24FB"
  },
  {
    "transform" : [
      0.26273084,
      -0.95098984,
      0.16306646,
      0,
      0.619729,
      0.036788482,
      -0.78395325,
      0,
      0.7395327,
      0.30702564,
      0.59902143,
      0,
      1.1086463,
      -1.3252946,
      -2.639945,
      1.0000001
    ],
    "keyframeTimestamp" : 1251119.745688291,
    "uuid" : "BF6B8C02-7A11-4525-A2A2-BB852767665A"
  },
  {
    "transform" : [
      -0.011268499,
      -0.9977963,
      -0.065385275,
      0,
      -0.63931006,
      0.057468038,
      -0.7667987,
      0,
      0.7688665,
      0.033160787,
      -0.6385489,
      0,
      1.0027841,
      -1.2475182,
      -2.9133465,
      0.99999994
    ],
    "keyframeTimestamp" : 1251117.913864333,
    "uuid" : "6CBB59B6-03FB-4638-8258-7E2D05AF8DA6"
  },
  {
    "transform" : [
      -0.04896852,
      -0.9981461,
      -0.036137402,
      0,
      -0.032157827,
      0.037737627,
      -0.9987702,
      0,
      0.9982825,
      -0.04774619,
      -0.033946153,
      0,
      0.84229535,
      -1.2113022,
      -2.8170297,
      0.99999994
    ],
    "keyframeTimestamp" : 1251118.629941166,
    "uuid" : "381D1559-2FE8-4FF5-BBA0-ED347938212A"
  },
  {
    "transform" : [
      -0.30454296,
      -0.9302918,
      0.2044758,
      0,
      0.4980784,
      0.027445659,
      0.8666978,
      0,
      -0.8118938,
      0.36579165,
      0.45499986,
      0,
      -1.7664858,
      -1.3241903,
      -1.0945374,
      0.9999999
    ],
    "keyframeTimestamp" : 1251105.324233791,
    "uuid" : "0D3E41C1-213C-4D1C-A2D5-FAB215D2848C"
  },
  {
    "transform" : [
      0.3769206,
      -0.7013442,
      0.60501814,
      0,
      0.8879107,
      0.087614305,
      -0.45159635,
      0,
      0.26371622,
      0.70741785,
      0.6557546,
      0,
      -1.4015574,
      -1.2608948,
      -0.7114804,
      1
    ],
    "keyframeTimestamp" : 1251102.076907416,
    "uuid" : "57D51466-7BDE-40BA-AB66-947FC3533EC0"
  },
  {
    "transform" : [
      0.15822142,
      -0.9646747,
      0.21063998,
      0,
      0.81227416,
      0.0058713,
      -0.5832476,
      0,
      0.56140697,
      0.26337942,
      0.78450876,
      0,
      1.152207,
      1.3935126,
      -2.9084141,
      0.99999994
    ],
    "keyframeTimestamp" : 1251046.239357666,
    "uuid" : "0C9DE7C4-3EC1-49A2-9922-8E156E3288CC"
  },
  {
    "transform" : [
      -0.026201922,
      -0.9843205,
      -0.17443214,
      0,
      -0.9681387,
      -0.018483907,
      0.24973147,
      0,
      -0.24904001,
      0.1754179,
      -0.9524745,
      0,
      1.0665538,
      1.3708413,
      -2.602698,
      1
    ],
    "keyframeTimestamp" : 1251077.2473205,
    "uuid" : "646A1EB4-D716-471F-82CB-9A4CFE00E4B6"
  },
  {
    "transform" : [
      0.095166095,
      -0.97335577,
      -0.20861937,
      0,
      -0.91109717,
      -0.00073403714,
      -0.4121912,
      0,
      0.40105554,
      0.22929914,
      -0.8868914,
      0,
      -5.4750156,
      -1.346884,
      -3.9100952,
      1
    ],
    "keyframeTimestamp" : 1251148.3553755,
    "uuid" : "0FE974D5-BF0C-410B-A44E-F5E07BA7A690"
  },
  {
    "transform" : [
      -0.05993301,
      -0.99764484,
      -0.03335329,
      0,
      -0.90583724,
      0.040319294,
      0.42170346,
      0,
      -0.41936556,
      0.055486597,
      -0.90612036,
      0,
      -4.2172337,
      -1.2218863,
      -7.279957,
      1.0000001
    ],
    "keyframeTimestamp" : 1251133.217909916,
    "uuid" : "4DB7B0D0-9270-49DE-869D-ECBAB0FA547E"
  },
  {
    "transform" : [
      -0.31151837,
      -0.9387429,
      -0.1473695,
      0,
      -0.50794405,
      0.03343504,
      0.860741,
      0,
      -0.80308735,
      0.34299207,
      -0.48724455,
      0,
      -2.7259424,
      -1.3915255,
      0.9326434,
      1
    ],
    "keyframeTimestamp" : 1251168.072308583,
    "uuid" : "698D2AB0-0564-4D88-BBB3-CF4560FD1A86"
  },
  {
    "transform" : [
      0.24835467,
      -0.9686692,
      0.00027313113,
      0,
      0.12245379,
      0.031115914,
      -0.9919864,
      0,
      0.96089816,
      0.24639784,
      0.126345,
      0,
      -2.0458732,
      -1.3478048,
      -4.420295,
      1
    ],
    "keyframeTimestamp" : 1251140.295388166,
    "uuid" : "EADBDF9D-8832-4B2F-A6FC-AB199D94DFA4"
  },
  {
    "transform" : [
      0.09016342,
      -0.9615083,
      -0.25956205,
      0,
      -0.93608737,
      0.007161834,
      -0.3516963,
      0,
      0.34001765,
      0.27468273,
      -0.8994097,
      0,
      0.5745672,
      1.444519,
      -3.0666788,
      0.99999994
    ],
    "keyframeTimestamp" : 1251058.762461041,
    "uuid" : "73EDB135-C32F-4746-8F3E-66B0D87350BF"
  },
  {
    "transform" : [
      -0.23061101,
      -0.9625158,
      -0.14276458,
      0,
      -0.616812,
      0.031126773,
      0.7864949,
      0,
      -0.75257,
      0.26943326,
      -0.6008696,
      0,
      -5.476697,
      -1.3332196,
      -3.8148632,
      0.99999994
    ],
    "keyframeTimestamp" : 1251151.369540208,
    "uuid" : "94F59177-E209-44C1-9BC2-81A81A373FD6"
  },
  {
    "transform" : [
      -0.18178733,
      -0.9638191,
      0.19495156,
      0,
      0.72145283,
      0.00398798,
      0.6924522,
      0,
      -0.66817605,
      0.26652738,
      0.694625,
      0,
      -1.9749429,
      -1.3095422,
      2.9857035,
      1
    ],
    "keyframeTimestamp" : 1251178.530242375,
    "uuid" : "8C23118E-5F11-4445-96F8-3A3050789B20"
  },
  {
    "transform" : [
      0.038877327,
      -0.988647,
      -0.14514002,
      0,
      0.9559942,
      0.07907065,
      -0.28253043,
      0,
      0.2907992,
      -0.12776893,
      0.94821465,
      0,
      -1.3135521,
      -1.178069,
      2.1758153,
      0.99999994
    ],
    "keyframeTimestamp" : 1251183.093089375,
    "uuid" : "09B032D1-D5A5-4B9D-8C62-DB539630042F"
  },
  {
    "transform" : [
      0.25844774,
      -0.86925167,
      -0.42143288,
      0,
      0.8128949,
      -0.040007558,
      0.58103573,
      0,
      -0.52192664,
      -0.49274787,
      0.6962702,
      0,
      0.5212783,
      1.6660857,
      -2.8584354,
      1
    ],
    "keyframeTimestamp" : 1251050.119524375,
    "uuid" : "57C3EFFE-A147-4ECE-8CF5-5936AB97BFBD"
  },
  {
    "transform" : [
      -0.1838083,
      -0.98130494,
      0.057053655,
      0,
      -0.049242392,
      0.067162216,
      0.99652636,
      0,
      -0.98172814,
      0.18036033,
      -0.06066682,
      0,
      -3.9536583,
      -1.3121653,
      1.2841706,
      1
    ],
    "keyframeTimestamp" : 1251160.595203458,
    "uuid" : "D854B8E0-C5A6-4D2C-842C-1701D373BD6A"
  },
  {
    "transform" : [
      -0.12002659,
      -0.965473,
      -0.2312023,
      0,
      -0.96665674,
      0.06059255,
      0.24880388,
      0,
      -0.22620451,
      0.25335643,
      -0.9405544,
      0,
      0.7023275,
      1.4287982,
      -3.1876416,
      1
    ],
    "keyframeTimestamp" : 1251056.347768833,
    "uuid" : "485E993D-215F-4B8C-819B-A280DB7D001B"
  },
  {
    "transform" : [
      -0.31899467,
      -0.89804125,
      -0.30292645,
      0,
      -0.773197,
      0.061748706,
      0.6311527,
      0,
      -0.5480958,
      0.43555605,
      -0.7140603,
      0,
      -3.852555,
      -1.4033637,
      -3.0048006,
      1
    ],
    "keyframeTimestamp" : 1251153.301269458,
    "uuid" : "34DA81ED-D363-4EB7-A638-CF6573934A73"
  },
  {
    "transform" : [
      0.20423922,
      -0.93950295,
      0.2749922,
      0,
      0.8345329,
      0.020263495,
      -0.55058557,
      0,
      0.5117045,
      0.34194112,
      0.78818476,
      0,
      -1.5849631,
      -1.3221892,
      1.9014895,
      0.99999994
    ],
    "keyframeTimestamp" : 1251183.99233625,
    "uuid" : "DEDDE238-4FD8-4DCE-92B0-60C866B254CF"
  },
  {
    "transform" : [
      0.20977986,
      -0.8851256,
      -0.41538522,
      0,
      0.95008045,
      0.08418241,
      0.30043367,
      0,
      -0.23095351,
      -0.45767426,
      0.8586005,
      0,
      -3.4788086,
      -1.1288997,
      1.7469679,
      1.0000001
    ],
    "keyframeTimestamp" : 1251161.960733625,
    "uuid" : "ACB5E1D8-D9B7-4CF0-8F2A-7051F00EC2DB"
  },
  {
    "transform" : [
      -0.009868792,
      -0.99814373,
      0.060095105,
      0,
      -0.9966445,
      0.01470181,
      0.08051977,
      0,
      -0.08125384,
      -0.059098814,
      -0.9949398,
      0,
      -1.8309448,
      -1.2551486,
      2.6541638,
      1
    ],
    "keyframeTimestamp" : 1251174.117265291,
    "uuid" : "250C5051-240B-4EFF-82BD-B255C12A4561"
  },
  {
    "transform" : [
      0.19704206,
      -0.9535608,
      0.22780746,
      0,
      0.68646884,
      -0.031703867,
      -0.7264677,
      0,
      0.699954,
      0.2995275,
      0.64834297,
      0,
      1.0773268,
      1.3843912,
      -2.835757,
      0.99999994
    ],
    "keyframeTimestamp" : 1251045.922949416,
    "uuid" : "EFF9A83C-9B43-4AFE-87F5-6BF76586B07F"
  },
  {
    "transform" : [
      -0.048248935,
      -0.9783894,
      0.20106292,
      0,
      0.94039005,
      0.023351578,
      0.33929563,
      0,
      -0.3366584,
      0.20544818,
      0.91894084,
      0,
      -1.8347934,
      -1.3086962,
      -3.5669777,
      1.0000001
    ],
    "keyframeTimestamp" : 1251191.536014166,
    "uuid" : "CE7018ED-BC7C-440B-B6E3-34F6E8E30CE1"
  },
  {
    "transform" : [
      -0.0014951093,
      -0.9362302,
      0.35138378,
      0,
      -0.9999071,
      -0.0033694983,
      -0.013232263,
      0,
      0.013572416,
      -0.35137078,
      -0.93613833,
      0,
      1.2958652,
      1.5116497,
      -1.7503806,
      1
    ],
    "keyframeTimestamp" : 1251079.062497916,
    "uuid" : "B6460195-2066-4A0C-812C-AEBE2FE731BB"
  },
  {
    "transform" : [
      -0.06553083,
      -0.98401344,
      -0.16559659,
      0,
      -0.9949669,
      0.051828206,
      0.085758656,
      0,
      -0.07580517,
      0.17038305,
      -0.98245794,
      0,
      0.5931138,
      1.4626439,
      -3.174833,
      1
    ],
    "keyframeTimestamp" : 1251056.764095166,
    "uuid" : "C4A1B169-1E33-40B7-9643-E317B49B60C3"
  },
  {
    "transform" : [
      0.09852921,
      -0.9292328,
      0.3561155,
      0,
      0.9662355,
      0.0037180989,
      -0.257634,
      0,
      0.23807791,
      0.36947584,
      0.8982242,
      0,
      -0.9665023,
      -1.3631454,
      -5.964693,
      1
    ],
    "keyframeTimestamp" : 1251194.850780291,
    "uuid" : "B9C076C1-CEBF-4221-87E1-4A10F6B8CAAE"
  },
  {
    "transform" : [
      -0.021419067,
      -0.82713425,
      0.56159645,
      0,
      0.99936014,
      -0.0016135912,
      0.035738695,
      0,
      -0.028654482,
      0.56200236,
      0.82663935,
      0,
      -3.4828055,
      -1.4755653,
      2.0242474,
      0.99999994
    ],
    "keyframeTimestamp" : 1251165.024849083,
    "uuid" : "69F255B7-1462-4D69-AD8F-47207F1D0BCF"
  },
  {
    "transform" : [
      0.07056886,
      -0.97878385,
      0.19236207,
      0,
      -0.976647,
      -0.10702834,
      -0.18629861,
      0,
      0.2029341,
      -0.1747228,
      -0.96347857,
      0,
      1.1213117,
      1.5211686,
      -1.1958991,
      1
    ],
    "keyframeTimestamp" : 1251080.861021583,
    "uuid" : "FE7550AF-AFA4-423F-85C5-03D3C8C3C9DB"
  },
  {
    "transform" : [
      0.28801194,
      -0.9372278,
      0.1966029,
      0,
      0.6152012,
      0.023750704,
      -0.7880121,
      0,
      0.7338781,
      0.34790736,
      0.58342445,
      0,
      -1.219015,
      -0.8852739,
      -0.53599226,
      0.9999999
    ],
    "keyframeTimestamp" : 1251100.927853666,
    "uuid" : "C5CAC508-6F59-4E6B-B037-805F748CE69B"
  },
  {
    "transform" : [
      -0.33685604,
      -0.9369885,
      -0.09263235,
      0,
      -0.52859914,
      0.10678192,
      0.8421287,
      0,
      -0.7791734,
      0.33264136,
      -0.5312614,
      0,
      -1.7923069,
      -1.3106239,
      -1.8891286,
      1
    ],
    "keyframeTimestamp" : 1251108.12193,
    "uuid" : "83948A0A-0E21-4191-8E63-E91510A8E249"
  },
  {
    "transform" : [
      0.32108116,
      -0.8423603,
      -0.4328234,
      0,
      -0.779126,
      0.024866542,
      -0.626374,
      0,
      0.53839546,
      0.5383408,
      -0.64832056,
      0,
      0.86747473,
      0.69946045,
      -0.47628385,
      0.99999994
    ],
    "keyframeTimestamp" : 1251087.022628041,
    "uuid" : "EFABCD1F-BD70-4418-AC0D-75C6A6AA972E"
  },
  {
    "transform" : [
      -0.39088407,
      -0.91820914,
      -0.06404316,
      0,
      -0.20650588,
      0.019679397,
      0.9782475,
      0,
      -0.8969755,
      0.39560658,
      -0.197308,
      0,
      -3.158137,
      -1.3969012,
      1.032595,
      0.9999999
    ],
    "keyframeTimestamp" : 1251167.4728085,
    "uuid" : "F8B46981-D81F-4002-AAFF-5DCA88066C32"
  },
  {
    "transform" : [
      -0.3178449,
      -0.94329476,
      -0.09575717,
      0,
      0.065588444,
      0.0788778,
      -0.9947245,
      0,
      0.9458715,
      -0.3224486,
      0.036798343,
      0,
      -1.6753321,
      -1.1057279,
      -6.3048954,
      1
    ],
    "keyframeTimestamp" : 1251128.505132791,
    "uuid" : "36093AF5-A242-48E6-8FEF-DE3835FD1A67"
  },
  {
    "transform" : [
      -0.2845705,
      -0.9025842,
      0.32305023,
      0,
      0.70665973,
      0.030215733,
      0.70690805,
      0,
      -0.6478052,
      0.42945176,
      0.62922144,
      0,
      -1.284234,
      -1.3713436,
      2.3292527,
      1
    ],
    "keyframeTimestamp" : 1251180.09559925,
    "uuid" : "2AC8E45D-B16C-44DA-AE7D-95DA3300E0C4"
  },
  {
    "transform" : [
      0.31514615,
      -0.9421304,
      -0.11433936,
      0,
      0.42160982,
      0.031045739,
      0.90624595,
      0,
      -0.850252,
      -0.33380643,
      0.4069953,
      0,
      -3.6735504,
      -1.1594796,
      1.6329436,
      1
    ],
    "keyframeTimestamp" : 1251161.377885416,
    "uuid" : "184EC035-D3D4-4E0E-9A32-BE2C3135F2CB"
  },
  {
    "transform" : [
      -0.058695283,
      -0.9957419,
      -0.07108114,
      0,
      -0.7020175,
      0.09179481,
      -0.7062189,
      0,
      0.70973676,
      0.008448489,
      -0.70441633,
      0,
      -4.868024,
      -1.2018529,
      -4.6347604,
      0.99999994
    ],
    "keyframeTimestamp" : 1251146.906577333,
    "uuid" : "43670EE9-D8E5-4981-BE3F-643ED2B4FE55"
  },
  {
    "transform" : [
      0.19904137,
      -0.9422787,
      0.26924524,
      0,
      0.8350642,
      0.019290933,
      -0.54981434,
      0,
      0.5128845,
      0.3342729,
      0.7907032,
      0,
      1.4740274,
      1.1572014,
      -3.5859928,
      0.9999999
    ],
    "keyframeTimestamp" : 1251066.139757,
    "uuid" : "B37C5400-40FC-4724-BD43-9B6990EE6EF7"
  },
  {
    "transform" : [
      0.25294068,
      -0.9590513,
      -0.12744,
      0,
      -0.37701213,
      0.023602452,
      -0.9259075,
      0,
      0.8910012,
      0.28224617,
      -0.35560414,
      0,
      1.1454766,
      1.4574846,
      -2.6930418,
      0.99999994
    ],
    "keyframeTimestamp" : 1251060.877397791,
    "uuid" : "73EC67F1-2E4F-4352-B9C2-5C0D73133633"
  },
  {
    "transform" : [
      0.020081712,
      -0.9961043,
      0.08586319,
      0,
      0.98381305,
      0.0043918933,
      -0.17914392,
      0,
      0.178069,
      0.08807083,
      0.98006886,
      0,
      -0.8622737,
      -1.2482269,
      1.9552431,
      1
    ],
    "keyframeTimestamp" : 1251181.794177083,
    "uuid" : "5D52720C-4E69-49FD-8916-341E5F279D9F"
  },
  {
    "transform" : [
      -0.25028375,
      -0.9498233,
      0.18760021,
      0,
      0.65586764,
      -0.023802875,
      0.7545009,
      0,
      -0.71217686,
      0.31188014,
      0.6289158,
      0,
      -1.8264555,
      -1.3127738,
      -1.1280279,
      1.0000001
    ],
    "keyframeTimestamp" : 1251104.874604041,
    "uuid" : "B4C3CFB0-755A-4383-859D-7C77EC628A46"
  },
  {
    "transform" : [
      -0.19123419,
      -0.9800514,
      -0.054116435,
      0,
      -0.8382605,
      0.13438703,
      0.52845013,
      0,
      -0.51063573,
      0.14642139,
      -0.8472378,
      0,
      -6.03493,
      -1.2782826,
      -3.7726655,
      1
    ],
    "keyframeTimestamp" : 1251150.120577208,
    "uuid" : "C11AA26E-19D4-4612-A82D-05D6FCDF7796"
  },
  {
    "transform" : [
      -0.25820065,
      -0.9409195,
      0.21909216,
      0,
      0.70758986,
      -0.029781831,
      0.70599467,
      0,
      -0.65775996,
      0.33731604,
      0.67347556,
      0,
      1.2272102,
      1.2053239,
      -3.6952202,
      1
    ],
    "keyframeTimestamp" : 1251068.35460975,
    "uuid" : "93453FAC-790E-48D8-A54C-F9F269880DA4"
  },
  {
    "transform" : [
      -0.13200949,
      -0.99050736,
      0.03831315,
      0,
      0.03342738,
      0.034181073,
      0.99885637,
      0,
      -0.99068475,
      0.13313925,
      0.028597835,
      0,
      1.3440646,
      1.2550555,
      -4.7524714,
      0.9999998
    ],
    "keyframeTimestamp" : 1251071.901704125,
    "uuid" : "17EF2986-3E8C-4DF8-AF6F-AA625D4EF30E"
  },
  {
    "transform" : [
      -0.042651642,
      -0.8494766,
      -0.52589965,
      0,
      0.9842003,
      0.054813754,
      -0.16836053,
      0,
      0.17184485,
      -0.5247713,
      0.83371705,
      0,
      -3.4614289,
      -1.1244946,
      1.8625889,
      1
    ],
    "keyframeTimestamp" : 1251162.327095458,
    "uuid" : "EB252D44-9D9D-434C-87F3-B4C5D52B72CD"
  },
  {
    "transform" : [
      0.25755134,
      -0.8640797,
      -0.43247384,
      0,
      -0.5823541,
      0.21834627,
      -0.78306407,
      0,
      0.77105904,
      0.45353213,
      -0.44696516,
      0,
      1.1987365,
      1.3775456,
      -1.4159548,
      0.99999994
    ],
    "keyframeTimestamp" : 1251084.108355208,
    "uuid" : "AC832E75-2C4D-4941-B1BB-747B51CD5C24"
  },
  {
    "transform" : [
      0.027155891,
      -0.9933979,
      -0.111458756,
      0,
      0.9894462,
      0.04258762,
      -0.13850114,
      0,
      0.14233352,
      -0.10652132,
      0.98407024,
      0,
      -0.8805427,
      -1.18425,
      2.0261285,
      0.99999994
    ],
    "keyframeTimestamp" : 1251182.160537083,
    "uuid" : "F21CCE00-012F-4D07-8F03-E21E228414A8"
  },
  {
    "transform" : [
      0.13425979,
      -0.98654884,
      0.09325017,
      0,
      0.76393014,
      0.0431051,
      -0.64385754,
      0,
      0.63117737,
      0.15768078,
      0.7594418,
      0,
      -2.5643427,
      -1.2939819,
      0.78626865,
      0.99999994
    ],
    "keyframeTimestamp" : 1251185.907398791,
    "uuid" : "1704D895-23B1-4FAB-9F09-9E987D699E03"
  },
  {
    "transform" : [
      0.12895639,
      -0.9634777,
      0.23469315,
      0,
      -0.7677545,
      0.05278812,
      0.6385659,
      0,
      -0.62763304,
      -0.2625339,
      -0.732907,
      0,
      -1.9361225,
      -1.2081598,
      2.9573026,
      1.0000001
    ],
    "keyframeTimestamp" : 1251174.66680625,
    "uuid" : "E5A59A6B-EE43-460E-A9DE-0207B9BFBAB2"
  },
  {
    "transform" : [
      -0.31576332,
      -0.83908695,
      0.44297472,
      0,
      0.84449095,
      -0.035684623,
      0.5343798,
      0,
      -0.4325837,
      0.54282564,
      0.7198692,
      0,
      -1.0609715,
      -1.4127072,
      2.0936773,
      0.99999994
    ],
    "keyframeTimestamp" : 1251180.611833875,
    "uuid" : "B7060CED-C0B9-4AFC-925F-7034AD27755C"
  },
  {
    "transform" : [
      0.48144138,
      -0.7906531,
      0.37826145,
      0,
      0.65131354,
      0.03393193,
      -0.75804955,
      0,
      0.5865193,
      0.6113233,
      0.5312995,
      0,
      0.15312314,
      -0.1215901,
      0.41453284,
      0.99999994
    ],
    "keyframeTimestamp" : 1251091.502277916,
    "uuid" : "30B463D1-A936-4A68-BAD4-D5C9141A0D3D"
  },
  {
    "transform" : [
      0.061399132,
      -0.99811286,
      -0.0009648591,
      0,
      0.5683992,
      0.035759788,
      -0.82197523,
      0,
      0.8204586,
      0.049920138,
      0.5695222,
      0,
      -1.0891376,
      -0.6840449,
      -0.41867262,
      0.99999994
    ],
    "keyframeTimestamp" : 1251100.428264916,
    "uuid" : "9E68CFE2-5861-4D8D-BEA7-88AA80A15F5E"
  },
  {
    "transform" : [
      0.0221096,
      -0.99632585,
      0.08273698,
      0,
      -0.8488285,
      -0.06243097,
      -0.5249689,
      0,
      0.52820575,
      -0.058622666,
      -0.8470904,
      0,
      1.1407968,
      1.4736174,
      -1.2085762,
      0.99999994
    ],
    "keyframeTimestamp" : 1251081.160775625,
    "uuid" : "EF7EB8B2-2DBE-4906-BACC-A11A835443D7"
  },
  {
    "transform" : [
      -0.3130605,
      -0.9459609,
      -0.084564425,
      0,
      -0.07784484,
      0.114298634,
      -0.99039185,
      0,
      0.9465376,
      -0.30346963,
      -0.10942055,
      0,
      -0.85723716,
      -1.1234192,
      -6.8028045,
      0.99999994
    ],
    "keyframeTimestamp" : 1251200.915133833,
    "uuid" : "29E76089-5526-4D1B-98C4-2B813EE1C6EE"
  },
  {
    "transform" : [
      0.03990229,
      -0.79912454,
      0.5998398,
      0,
      0.9957613,
      -0.01798527,
      -0.0902001,
      0,
      0.08286941,
      0.6008964,
      0.7950197,
      0,
      -3.4876006,
      -1.4871682,
      2.0678492,
      1.0000001
    ],
    "keyframeTimestamp" : 1251164.924932208,
    "uuid" : "699EDE20-9F1F-4EC4-BA17-B931CB140D4D"
  },
  {
    "transform" : [
      0.10292937,
      -0.99256724,
      0.06493417,
      0,
      0.7040197,
      0.02657913,
      -0.70968354,
      0,
      0.7026825,
      0.11876216,
      0.70152247,
      0,
      -1.0741435,
      -1.2796792,
      -4.6074905,
      1.0000001
    ],
    "keyframeTimestamp" : 1251124.391858166,
    "uuid" : "88D7C44E-2E72-4EA6-B1FE-BF14DD1C8EA1"
  },
  {
    "transform" : [
      -0.17155354,
      -0.9664818,
      -0.19100344,
      0,
      -0.7935146,
      0.02065417,
      0.60820043,
      0,
      -0.5838696,
      0.25590295,
      -0.77046084,
      0,
      -4.679636,
      -1.2714949,
      -5.088998,
      1
    ],
    "keyframeTimestamp" : 1251144.908233958,
    "uuid" : "29675E29-E48B-4156-8284-A597E849ED7F"
  },
  {
    "transform" : [
      0.39284295,
      -0.9195336,
      -0.011421558,
      0,
      -0.14453374,
      -0.049472414,
      -0.9882622,
      0,
      0.9081766,
      0.3898831,
      -0.1523387,
      0,
      1.164555,
      1.0675015,
      -2.6733978,
      1
    ],
    "keyframeTimestamp" : 1251062.509395541,
    "uuid" : "AE84DFB0-C2D7-4B96-B8D0-DCD925012E07"
  },
  {
    "transform" : [
      0.1530593,
      -0.9830617,
      -0.10080822,
      0,
      -0.39320308,
      0.033004176,
      -0.9188591,
      0,
      0.9066224,
      0.18027803,
      -0.3814913,
      0,
      -3.2710721,
      -1.2647475,
      -4.555505,
      0.9999999
    ],
    "keyframeTimestamp" : 1251141.860758458,
    "uuid" : "00B36A28-2254-469E-9CFF-90D25A131A07"
  },
  {
    "transform" : [
      -0.019187378,
      -0.9297907,
      -0.36758843,
      0,
      -0.99971026,
      0.02319299,
      -0.006482305,
      0,
      0.014552639,
      0.36735743,
      -0.9299662,
      0,
      -4.6371603,
      -1.3403604,
      -4.819544,
      1
    ],
    "keyframeTimestamp" : 1251145.624307,
    "uuid" : "01309A5B-5EFF-4FE3-A7DC-C929E534A3F7"
  },
  {
    "transform" : [
      -0.25159565,
      -0.93068606,
      -0.2655627,
      0,
      0.5909841,
      0.06955973,
      -0.8036795,
      0,
      0.7664453,
      -0.35914534,
      0.53251946,
      0,
      0.8298514,
      1.5187078,
      -2.8583002,
      1
    ],
    "keyframeTimestamp" : 1251043.29176125,
    "uuid" : "E7BF1E4E-C527-4E32-B1A0-C1B027708517"
  },
  {
    "transform" : [
      -0.056956727,
      -0.9983486,
      -0.0074696545,
      0,
      0.3488792,
      -0.026912887,
      0.9367812,
      0,
      -0.93543535,
      0.050749984,
      0.3498359,
      0,
      -3.5126383,
      -1.2696507,
      1.3567576,
      1
    ],
    "keyframeTimestamp" : 1251166.640169333,
    "uuid" : "F4986E9D-B654-4B6B-8AF8-1B243178AC76"
  },
  {
    "transform" : [
      0.077100985,
      -0.9896941,
      0.12066819,
      0,
      -0.9472528,
      -0.11047509,
      -0.30084535,
      0,
      0.31107566,
      -0.09110776,
      -0.9460082,
      0,
      1.1242754,
      1.4978116,
      -1.192989,
      1
    ],
    "keyframeTimestamp" : 1251080.960939583,
    "uuid" : "27C86FE8-F976-4D6D-AB7C-E976838EE866"
  },
  {
    "transform" : [
      -0.08576266,
      -0.9920854,
      -0.091712885,
      0,
      -0.99582994,
      0.08823088,
      -0.023197988,
      0,
      0.03110627,
      0.08934092,
      -0.99551535,
      0,
      -4.2670593,
      -1.2492309,
      -7.3191986,
      1
    ],
    "keyframeTimestamp" : 1251132.751628375,
    "uuid" : "1A94B2A8-FE6E-4C36-8CA5-0F6763EF806F"
  },
  {
    "transform" : [
      0.034607008,
      -0.98873,
      0.14565462,
      0,
      -0.9666802,
      0.0038712048,
      0.25595814,
      0,
      -0.2536374,
      -0.14965937,
      -0.9556518,
      0,
      -1.8708243,
      -1.2278404,
      2.7645035,
      1
    ],
    "keyframeTimestamp" : 1251174.317098666,
    "uuid" : "192BF466-2F7C-4812-8F72-F5F79AF68F5B"
  },
  {
    "transform" : [
      0.114248104,
      -0.988696,
      -0.097088344,
      0,
      -0.5970448,
      0.009778582,
      -0.8021484,
      0,
      0.7940312,
      0.14961018,
      -0.58917946,
      0,
      0.9419385,
      1.4910866,
      -2.603547,
      0.99999994
    ],
    "keyframeTimestamp" : 1251060.128010583,
    "uuid" : "9690ECA6-5490-4FE8-B424-1B889B73F7CB"
  },
  {
    "transform" : [
      -0.10292427,
      -0.989555,
      -0.10093337,
      0,
      -0.85492694,
      0.03613833,
      0.5174886,
      0,
      -0.5084358,
      0.13955273,
      -0.84971666,
      0,
      -2.0275035,
      -1.3086376,
      1.1113553,
      1
    ],
    "keyframeTimestamp" : 1251169.171391916,
    "uuid" : "58141B9E-19D2-4C3B-856A-1DFB18BD4902"
  },
  {
    "transform" : [
      0.25280085,
      -0.9654162,
      0.063734904,
      0,
      0.08916277,
      -0.042347737,
      -0.9951165,
      0,
      0.96340096,
      0.25724915,
      0.0753737,
      0,
      1.0645232,
      1.0688975,
      -2.7821686,
      0.9999999
    ],
    "keyframeTimestamp" : 1251062.925721291,
    "uuid" : "3E5F9D35-236D-4200-B59F-2B2281240C8A"
  },
  {
    "transform" : [
      0.23850645,
      -0.9436712,
      0.22934625,
      0,
      0.59343374,
      -0.045319103,
      -0.8036062,
      0,
      0.76873374,
      0.32776693,
      0.54919726,
      0,
      -3.6171281,
      -1.3763165,
      2.2497377,
      1
    ],
    "keyframeTimestamp" : 1251164.108945166,
    "uuid" : "D001C3A1-7B15-47D8-887C-41C703592318"
  },
  {
    "transform" : [
      0.26088727,
      -0.95025605,
      0.17015168,
      0,
      0.3498483,
      -0.071209274,
      -0.9340963,
      0,
      0.8997465,
      0.30322096,
      0.31386775,
      0,
      0.9175728,
      1.3905123,
      -2.6743708,
      1
    ],
    "keyframeTimestamp" : 1251045.340091125,
    "uuid" : "25612CA2-631C-4EDF-B045-1F1EE04BA6E3"
  },
  {
    "transform" : [
      0.074040055,
      -0.99167097,
      0.105389416,
      0,
      -0.91147065,
      -0.02441125,
      0.41064277,
      0,
      -0.4046496,
      -0.1264633,
      -0.90568584,
      0,
      0.98606044,
      1.5006554,
      -2.7202907,
      1.0000001
    ],
    "keyframeTimestamp" : 1251076.830995583,
    "uuid" : "C081A4D9-8A75-4411-9931-6BFE30B0DE7E"
  },
  {
    "transform" : [
      0.23598415,
      -0.9000963,
      -0.36624837,
      0,
      -0.74546283,
      0.07409363,
      -0.66241616,
      0,
      0.6233752,
      0.4293444,
      -0.6535038,
      0,
      -3.7091415,
      -1.4491946,
      -7.2069697,
      0.9999999
    ],
    "keyframeTimestamp" : 1251131.552618166,
    "uuid" : "E3DC3DA0-D6F5-4301-B91E-D28F4086008D"
  },
  {
    "transform" : [
      0.16506898,
      -0.98342377,
      0.07503204,
      0,
      0.5677879,
      0.032547522,
      -0.8225311,
      0,
      0.8064546,
      0.17837664,
      0.5637489,
      0,
      -2.2296383,
      -1.2848146,
      1.1117153,
      1
    ],
    "keyframeTimestamp" : 1251185.357859,
    "uuid" : "745FE122-BB88-413D-9F2D-674F5F42CFFE"
  },
  {
    "transform" : [
      0.07910263,
      -0.96012956,
      0.26813105,
      0,
      -0.81557894,
      0.09233195,
      0.57123214,
      0,
      -0.5732139,
      -0.26386786,
      -0.7757577,
      0,
      -2.9425995,
      -1.1358163,
      -6.817833,
      1
    ],
    "keyframeTimestamp" : 1251135.199605,
    "uuid" : "B1D9AA87-E54A-41A2-92CE-C5A530EB506C"
  },
  {
    "transform" : [
      -0.08796919,
      -0.99403507,
      -0.06446202,
      0,
      0.049133874,
      0.060304143,
      -0.99697006,
      0,
      0.99491084,
      -0.090869926,
      0.043535907,
      0,
      -2.6484225,
      -1.1874225,
      -4.3798285,
      1
    ],
    "keyframeTimestamp" : 1251141.144684875,
    "uuid" : "35966176-4D39-42B5-96C5-1722499D5C4E"
  },
  {
    "transform" : [
      -0.36926824,
      -0.9223384,
      -0.113721296,
      0,
      -0.38433054,
      0.040151674,
      0.92232203,
      0,
      -0.8461271,
      0.3842908,
      -0.36930963,
      0,
      -2.9816008,
      -1.4146726,
      0.97107553,
      1
    ],
    "keyframeTimestamp" : 1251167.739253,
    "uuid" : "022276C4-E0C4-4C3E-BC57-2687D404C0F0"
  },
  {
    "transform" : [
      0.0404052,
      -0.9981191,
      0.04610412,
      0,
      0.98899615,
      0.04652282,
      0.14043733,
      0,
      -0.14231806,
      0.039922386,
      0.98901576,
      0,
      -1.5015205,
      -1.2409912,
      -4.5808883,
      1.0000001
    ],
    "keyframeTimestamp" : 1251192.668398125,
    "uuid" : "39BFD0BD-9B25-4C75-A4E4-FB728863B403"
  },
  {
    "transform" : [
      0.052118298,
      -0.99418116,
      0.09427405,
      0,
      0.9730947,
      0.029342385,
      -0.22852938,
      0,
      0.22443347,
      0.10364816,
      0.96896183,
      0,
      1.1225389,
      1.4472511,
      -2.9877253,
      1.0000001
    ],
    "keyframeTimestamp" : 1251046.872174833,
    "uuid" : "A4A4A765-D00E-43DB-B259-1DA343AC8426"
  },
  {
    "transform" : [
      0.2523234,
      -0.90153515,
      -0.35152027,
      0,
      -0.6782354,
      0.094329394,
      -0.7287657,
      0,
      0.69016665,
      0.42229792,
      -0.5876514,
      0,
      0.77766097,
      0.6026151,
      -0.35114384,
      1
    ],
    "keyframeTimestamp" : 1251087.3889935,
    "uuid" : "B38FFA12-A96C-4B2F-ADD3-99DE5D8C25F9"
  },
  {
    "transform" : [
      0.12584352,
      -0.88208586,
      -0.45396936,
      0,
      -0.92903316,
      0.055708524,
      -0.36577916,
      0,
      0.3479385,
      0.46778336,
      -0.8124763,
      0,
      -4.340743,
      -1.3811285,
      -5.0676656,
      1
    ],
    "keyframeTimestamp" : 1251143.226294166,
    "uuid" : "9BD0797A-FCC7-4DCE-91F1-F77E98C7A2BB"
  },
  {
    "transform" : [
      0.2768236,
      -0.9604572,
      0.029836062,
      0,
      0.15246129,
      0.013243983,
      -0.98822063,
      0,
      0.94874877,
      0.27811173,
      0.15009889,
      0,
      0.97207487,
      -1.3302528,
      -2.6613283,
      1.0000001
    ],
    "keyframeTimestamp" : 1251119.279405875,
    "uuid" : "5E89155F-F950-4D51-9E8F-68717C1D27C5"
  },
  {
    "transform" : [
      0.33001396,
      -0.8869187,
      -0.32321182,
      0,
      -0.6711757,
      0.020305278,
      -0.74102044,
      0,
      0.66378766,
      0.46147892,
      -0.58857733,
      0,
      -1.4219935,
      -1.3877157,
      2.2828443,
      0.99999994
    ],
    "keyframeTimestamp" : 1251172.868308166,
    "uuid" : "C73D2755-02C4-4D78-8473-D52F226C75C9"
  },
  {
    "transform" : [
      0.10338354,
      -0.98620003,
      -0.12931132,
      0,
      -0.6080859,
      0.040213663,
      -0.7928525,
      0,
      0.7871111,
      0.16060024,
      -0.5955367,
      0,
      -3.151457,
      -1.2878945,
      -1.0501277,
      1
    ],
    "keyframeTimestamp" : 1251156.864973541,
    "uuid" : "A28FC33D-B0DB-439E-A4C1-FC9938418E37"
  },
  {
    "transform" : [
      -0.3826721,
      -0.9235071,
      0.02639298,
      0,
      -0.171458,
      0.09905993,
      0.9801987,
      0,
      -0.907835,
      0.37056932,
      -0.19625024,
      0,
      -4.04502,
      -1.3639972,
      1.1323595,
      1
    ],
    "keyframeTimestamp" : 1251160.328758583,
    "uuid" : "4628C857-FB4A-40B5-9CA1-47C62007A7B8"
  },
  {
    "transform" : [
      0.0017501368,
      -0.9999472,
      0.01012186,
      0,
      -0.4655739,
      0.008143173,
      0.88497186,
      0,
      -0.8850075,
      -0.0062612956,
      -0.46553513,
      0,
      0.72501487,
      -1.2357763,
      -2.903481,
      1.0000001
    ],
    "keyframeTimestamp" : 1251114.466704541,
    "uuid" : "08B5A508-1850-4482-994A-BFE32D7EB93D"
  },
  {
    "transform" : [
      -0.08065908,
      -0.9216021,
      -0.37966245,
      0,
      -0.97697365,
      -0.0023852834,
      0.21334751,
      0,
      -0.19752711,
      0.38812858,
      -0.9001884,
      0,
      -4.609808,
      -1.3512363,
      -4.8940935,
      1
    ],
    "keyframeTimestamp" : 1251145.407820083,
    "uuid" : "B65FB28B-6401-4BD8-AA7A-D0802BB188F3"
  },
  {
    "transform" : [
      0.18981019,
      -0.8888534,
      -0.41702756,
      0,
      -0.90550756,
      0.0057005556,
      -0.42429215,
      0,
      0.37951076,
      0.45815656,
      -0.80378145,
      0,
      -1.5797371,
      -1.3960117,
      2.3365097,
      1.0000001
    ],
    "keyframeTimestamp" : 1251173.284627333,
    "uuid" : "D743BB0B-A6D7-4A39-812C-F8494EC5F826"
  },
  {
    "transform" : [
      0.3395671,
      -0.8953009,
      -0.288322,
      0,
      -0.3786709,
      0.1504708,
      -0.91321784,
      0,
      0.8609893,
      0.419278,
      -0.28792962,
      0,
      0.5568959,
      0.34028137,
      -0.1209867,
      1
    ],
    "keyframeTimestamp" : 1251088.521395791,
    "uuid" : "BEFDD933-A37F-41E7-90B2-658C88B5F3A1"
  },
  {
    "transform" : [
      -0.1948619,
      -0.9775668,
      0.079950616,
      0,
      0.09141591,
      0.06305717,
      0.9938143,
      0,
      -0.9765612,
      0.2009653,
      0.077077694,
      0,
      1.2826464,
      1.1173201,
      -4.9057674,
      1
    ],
    "keyframeTimestamp" : 1251070.952481708,
    "uuid" : "A989588E-3D6A-42BD-93E1-2A847BAA4493"
  },
  {
    "transform" : [
      -0.13016883,
      -0.9870439,
      -0.093808934,
      0,
      -0.89065677,
      0.074834235,
      0.4484759,
      0,
      -0.43564528,
      0.14192912,
      -0.88885826,
      0,
      -4.191161,
      -1.2756965,
      0.3617208,
      1
    ],
    "keyframeTimestamp" : 1251159.129756083,
    "uuid" : "6E7B9A60-187C-459D-86B1-994A24F5F0D8"
  },
  {
    "transform" : [
      0.036646657,
      -0.9991975,
      0.016197048,
      0,
      0.2008582,
      0.023241932,
      0.9793454,
      0,
      -0.97893524,
      -0.0326364,
      0.2015486,
      0,
      1.1596944,
      1.5964582,
      -3.6319125,
      1
    ],
    "keyframeTimestamp" : 1251073.567005958,
    "uuid" : "286017F8-4E2A-4CD3-94FC-B6286211C8A5"
  },
  {
    "transform" : [
      0.009627575,
      -0.9099301,
      -0.41464996,
      0,
      -0.9757977,
      0.082044825,
      -0.20270024,
      0,
      0.21846293,
      0.406566,
      -0.88711786,
      0,
      -4.4472475,
      -1.3646502,
      -5.137273,
      1
    ],
    "keyframeTimestamp" : 1251143.409476,
    "uuid" : "567FED55-37E6-40B0-934F-6E2FC7C3DE61"
  },
  {
    "transform" : [
      -0.025689425,
      -0.9869328,
      -0.15907134,
      0,
      0.9996114,
      -0.023636583,
      -0.014784036,
      0,
      0.010830967,
      -0.15938927,
      0.98715645,
      0,
      -1.9894283,
      -1.1677897,
      3.1871743,
      1
    ],
    "keyframeTimestamp" : 1251176.698441333,
    "uuid" : "D0F7A292-4504-4130-8566-D819DEAB5A09"
  },
  {
    "transform" : [
      -0.47387052,
      -0.8679346,
      -0.14878133,
      0,
      -0.35963464,
      0.036523286,
      0.9323781,
      0,
      -0.80380934,
      0.49533334,
      -0.3294468,
      0,
      -1.6941123,
      -1.3922473,
      -1.86471,
      0.99999994
    ],
    "keyframeTimestamp" : 1251108.638171541,
    "uuid" : "E3670AA5-6D31-4CB7-A1BD-0BC3A40EE742"
  },
  {
    "transform" : [
      0.16258743,
      -0.98533696,
      -0.051731266,
      0,
      0.118137956,
      0.071491726,
      -0.9904206,
      0,
      0.9795964,
      0.15491848,
      0.12802938,
      0,
      -1.6243808,
      -1.3092303,
      -5.225312,
      1
    ],
    "keyframeTimestamp" : 1251125.624175166,
    "uuid" : "5C4A1144-08DD-4DA3-9FF1-370B71E8FA57"
  },
  {
    "transform" : [
      8.880362e-05,
      -0.9839001,
      0.17871828,
      0,
      0.97727346,
      0.03797057,
      0.20855433,
      0,
      -0.2119827,
      0.17463809,
      0.961543,
      0,
      -0.97493446,
      -1.2955685,
      -5.376588,
      1
    ],
