[
  {
    "uuid" : "90CCB0F0-C82B-49CE-BE78-465D5A271DDA",
    "keyframeTimestamp" : 1251053.999688166,
    "transform" : [
      0.27311462,
      -0.94567496,
      0.17637283,
      0,
      -0.47965118,
      0.025058402,
      0.87710154,
      0,
      -0.83387244,
      -0.32414663,
      -0.4467504,
      0,
      0.7024978,
      1.5971195,
      -3.065455,
      1
    ]
  },
  {
    "uuid" : "61703D9F-5FE8-4013-800F-445B18B071DF",
    "keyframeTimestamp" : 1251080.644532583,
    "transform" : [
      0.061651148,
      -0.9263762,
      0.3715192,
      0,
      -0.99780834,
      -0.06617145,
      0.00058229506,
      0,
      0.024044516,
      -0.37074068,
      -0.9284254,
      0,
      1.1229401,
      1.5813797,
      -1.2182577,
      1
    ]
  },
  {
    "uuid" : "6EB2D17A-60AA-4A4C-8957-DAD401E6724E",
    "keyframeTimestamp" : 1251072.101540125,
    "transform" : [
      -0.19471106,
      -0.98085374,
      -0.0036744275,
      0,
      0.026146783,
      -0.00893516,
      0.9996182,
      0,
      -0.98051226,
      0.19454062,
      0.027385926,
      0,
      1.2922394,
      1.3670379,
      -4.7009764,
      1
    ]
  },
  {
    "uuid" : "796135A9-4F46-461A-868F-67661E0C6648",
    "keyframeTimestamp" : 1251042.126044541,
    "transform" : [
      -0.01502965,
      -0.98033684,
      -0.19675772,
      0,
      0.9761056,
      0.028276866,
      -0.21544969,
      0,
      0.216777,
      -0.19529438,
      0.9564875,
      0,
      0.9057033,
      1.4760337,
      -2.947177,
      0.99999994
    ]
  },
  {
    "uuid" : "83B9339C-F8C3-4F3F-8F2C-AD05CEECFBB7",
    "keyframeTimestamp" : 1251043.957885,
    "transform" : [
      -0.26701283,
      -0.9589713,
      -0.09527821,
      0,
      0.19973569,
      0.04165081,
      -0.9789642,
      0,
      0.94276714,
      -0.2804264,
      0.18041958,
      0,
      0.8421595,
      1.5142363,
      -2.8066483,
      1
    ]
  },
  {
    "uuid" : "AD1BE24C-FB06-4C43-A198-B9D18D7DDC4F",
    "keyframeTimestamp" : 1251095.782089375,
    "transform" : [
      0.4213361,
      -0.87712055,
      0.23051137,
      0,
      0.47848618,
      -0.0009204191,
      -0.87809473,
      0,
      0.7704071,
      0.4802694,
      0.41930223,
      0,
      0.09035045,
      -0.056096077,
      0.24365354,
      1
    ]
  },
  {
    "uuid" : "7589F540-944F-4C4A-88A2-C7239393B119",
    "keyframeTimestamp" : 1251051.385157666,
    "transform" : [
      -0.1907166,
      -0.9735048,
      0.12615554,
      0,
      0.47027096,
      0.02219957,
      0.88224304,
      0,
      -0.86166847,
      0.22758563,
      0.4535773,
      0,
      0.6524147,
      1.450085,
      -3.0266712,
      1
    ]
  },
  {
    "uuid" : "93453FAC-790E-48D8-A54C-F9F269880DA4",
    "keyframeTimestamp" : 1251068.35460975,
    "transform" : [
      -0.2583079,
      -0.94095594,
      0.21881145,
      0,
      0.70734715,
      -0.029950263,
      0.7062314,
      0,
      -0.6579793,
      0.33720082,
      0.6733191,
      0,
      1.2272654,
      1.205356,
      -3.6952126,
      1
    ]
  },
  {
    "uuid" : "25612CA2-631C-4EDF-B045-1F1EE04BA6E3",
    "keyframeTimestamp" : 1251045.340091125,
    "transform" : [
      0.26066756,
      -0.9502658,
      0.17043212,
      0,
      0.350101,
      -0.07147512,
      -0.9339811,
      0,
      0.89971185,
      0.30312696,
      0.31405777,
      0,
      0.91753227,
      1.3905123,
      -2.6743221,
      1
    ]
  },
  {
    "uuid" : "8DD4CD2C-8329-4644-9F1F-6B523C02300F",
    "keyframeTimestamp" : 1251094.150099458,
    "transform" : [
      -0.10207847,
      -0.9892421,
      -0.10478617,
      0,
      0.43816513,
      0.049855847,
      -0.8975109,
      0,
      0.8930798,
      -0.13753015,
      0.42836222,
      0,
      0.14892387,
      0.16189735,
      0.43782604,
      1.0000001
    ]
  },
  {
    "uuid" : "6E1DE594-9726-4CCF-AA51-B49C905A66BC",
    "keyframeTimestamp" : 1251082.426403166,
    "transform" : [
      -0.77064264,
      -0.62284184,
      -0.13482833,
      0,
      0.12911503,
      0.054581326,
      -0.9901265,
      0,
      0.62405145,
      -0.7804417,
      0.03835557,
      0,
      1.2941971,
      1.724734,
      -1.2685076,
      1
    ]
  },
  {
    "uuid" : "0CE4221D-1377-49D6-A1CB-DC17E084BD7C",
    "keyframeTimestamp" : 1251048.970462416,
    "transform" : [
      0.11779438,
      -0.99003273,
      -0.07719697,
      0,
      0.9540528,
      0.091259345,
      0.28540343,
      0,
      -0.2755139,
      -0.107268885,
      0.9552935,
      0,
      0.61698544,
      1.5469378,
      -3.0943274,
      1
    ]
  },
  {
    "uuid" : "E1ABCE50-F7FB-48FC-95DE-62B7B48D9578",
    "keyframeTimestamp" : 1251071.502031333,
    "transform" : [
      -0.16074185,
      -0.98240423,
      0.09509957,
      0,
      -0.03459145,
      0.101900645,
      0.99419326,
      0,
      -0.9863904,
      0.15651874,
      -0.050362516,
      0,
      1.4137918,
      1.112856,
      -4.8034344,
      0.9999999
    ]
  },
  {
    "uuid" : "856CFF99-8DEF-4FA0-92EE-B44F8F6A8F7A",
    "keyframeTimestamp" : 1251072.16815225,
    "transform" : [
      -0.21652427,
      -0.97608334,
      -0.01945811,
      0,
      0.027038159,
      -0.025918756,
      0.9992986,
      0,
      -0.9759029,
      0.21584621,
      0.03200351,
      0,
      1.2727498,
      1.4050963,
      -4.677099,
      1
    ]
  },
  {
    "uuid" : "FDE17163-7CF1-45A2-9100-A84E1D6DB695",
    "keyframeTimestamp" : 1251071.102358791,
    "transform" : [
      -0.16275096,
      -0.98205,
      0.095339805,
      0,
      0.07570939,
      0.08391339,
      0.9935929,
      0,
      -0.98375833,
      0.1689263,
      0.060693394,
      0,
      1.3311538,
      1.1004467,
      -4.8738723,
      1
    ]
  },
  {
    "uuid" : "73EDB135-C32F-4746-8F3E-66B0D87350BF",
    "keyframeTimestamp" : 1251058.762461041,
    "transform" : [
      0.090405084,
      -0.96146923,
      -0.25962263,
      0,
      -0.93596274,
      0.0070506195,
      -0.35202917,
      0,
      0.34029567,
      0.27482218,
      -0.89926183,
      0,
      0.5745382,
      1.4444966,
      -3.0667126,
      1
    ]
  },
  {
    "uuid" : "DC91392B-E086-4F10-8F09-FDFDC04B7B4F",
    "keyframeTimestamp" : 1251095.3491125,
    "transform" : [
      0.3018376,
      -0.9410951,
      0.15242757,
      0,
      0.43941405,
      -0.0045584138,
      -0.89827317,
      0,
      0.8460554,
      0.3381113,
      0.41215453,
      0,
      0.11535566,
      0.014796653,
      0.33548558,
      1.0000001
    ]
  },
  {
    "uuid" : "17EF2986-3E8C-4DF8-AF6F-AA625D4EF30E",
    "keyframeTimestamp" : 1251071.901704125,
    "transform" : [
      -0.13186494,
      -0.9905341,
      0.03812639,
      0,
      0.033058744,
      0.03404643,
      0.99887353,
      0,
      -0.9907165,
      0.13297677,
      0.02825626,
      0,
      1.3439757,
      1.2550584,
      -4.7523885,
      1
    ]
  },
  {
    "uuid" : "56E268F0-FBBA-4AD6-AB73-2DA4C5DBB736",
    "keyframeTimestamp" : 1251072.601130875,
    "transform" : [
      -0.23313653,
      -0.96656007,
      -0.10681271,
      0,
      0.13735774,
      -0.14146943,
      0.9803667,
      0,
      -0.9626944,
      0.21388777,
      0.16574618,
      0,
      1.1844964,
      1.5966209,
      -4.3803487,
      1.0000001
    ]
  },
  {
    "uuid" : "19F4B7AB-FE61-40F1-9CB7-704730963606",
    "keyframeTimestamp" : 1251061.32702975,
    "transform" : [
      0.39732602,
      -0.9083036,
      -0.13083082,
      0,
      -0.25997204,
      0.025316782,
      -0.9652846,
      0,
      0.8800836,
      0.41754484,
      -0.22607456,
      0,
      1.2666407,
      1.3710376,
      -2.6750796,
      1
    ]
  },
  {
    "uuid" : "D2DA4366-307C-4AA5-B9A5-E8FD80BF5838",
    "keyframeTimestamp" : 1251069.187261083,
    "transform" : [
      -0.2512801,
      -0.9474286,
      0.1980837,
      0,
      0.6744061,
      -0.024580915,
      0.7379516,
      0,
      -0.6942875,
      0.31902134,
      0.64512855,
      0,
      0.95106417,
      1.3268754,
      -4.1467056,
      1
    ]
  },
  {
    "uuid" : "43F9977D-55DF-468C-901A-C52F5177D7AB",
    "keyframeTimestamp" : 1251050.735687875,
    "transform" : [
      0.026207594,
      -0.9996562,
      0.0008886445,
      0,
      0.7513372,
      0.020283861,
      0.6596071,
      0,
      -0.6593984,
      -0.016619042,
      0.7516105,
      0,
      0.498389,
      1.5311315,
      -2.9657345,
      1
    ]
  },
  {
    "uuid" : "828110E7-B479-420E-A3AF-D02BD452C1C4",
    "keyframeTimestamp" : 1251071.851744791,
    "transform" : [
      -0.13115197,
      -0.9903722,
      0.044295814,
      0,
      0.012363782,
      0.043044247,
      0.9989968,
      0,
      -0.9912853,
      0.13156803,
      0.006599388,
      0,
      1.3564813,
      1.2306074,
      -4.761441,
      1.0000001
    ]
  },
  {
    "uuid" : "232D0431-3F08-44BB-A6D2-7E1A8A3B53B1",
    "keyframeTimestamp" : 1251081.560447625,
    "transform" : [
      -0.30275658,
      -0.9424439,
      0.14190838,
      0,
      -0.6583075,
      0.09912063,
      -0.7461947,
      0,
      0.6891806,
      -0.31933457,
      -0.6504272,
      0,
      1.1999828,
      1.5668567,
      -1.2852775,
      0.99999994
    ]
  },
  {
    "uuid" : "D558818F-4970-47DD-8A78-C32C301CE09C",
    "keyframeTimestamp" : 1251088.238295166,
    "transform" : [
      0.14170267,
      -0.98302597,
      -0.11653433,
      0,
      -0.24496938,
      0.07923783,
      -0.96628755,
      0,
      0.9591196,
      0.16547285,
      -0.22958304,
      0,
      0.604247,
      0.4614786,
      -0.19355273,
      1
    ]
  },
  {
    "uuid" : "286017F8-4E2A-4CD3-94FC-B6286211C8A5",
    "keyframeTimestamp" : 1251073.567005958,
    "transform" : [
      0.03683836,
      -0.9991926,
      0.016038636,
      0,
      0.20052367,
      0.023114117,
      0.9794164,
      0,
      -0.9789963,
      -0.032863952,
      0.20121323,
      0,
      1.159176,
      1.5962082,
      -3.6318898,
      0.99999994
    ]
  },
  {
    "uuid" : "26BEF083-8A7A-4D5E-AF3F-0A36B33B057A",
    "keyframeTimestamp" : 1251059.87821525,
    "transform" : [
      0.10440901,
      -0.98207223,
      -0.15694696,
      0,
      -0.77722085,
      0.01788733,
      -0.6289741,
      0,
      0.6205054,
      0.18765296,
      -0.7614197,
      0,
      0.8251851,
      1.476343,
      -2.6608431,
      1
    ]
  },
  {
    "uuid" : "9BCC5933-7D4B-4F0F-9829-BA0CC6C39554",
    "keyframeTimestamp" : 1251071.651908458,
    "transform" : [
      -0.14046758,
      -0.98699594,
      0.0781536,
      0,
      -0.0343403,
      0.08374551,
      0.99589545,
      0,
      -0.9894897,
      0.1372072,
      -0.045657292,
      0,
      1.3988318,
      1.1519359,
      -4.7873845,
      1.0000001
    ]
  },
  {
    "uuid" : "BBD262CD-95E6-4219-8199-AA04BE16BAB7",
    "keyframeTimestamp" : 1251070.702686375,
    "transform" : [
      -0.20668563,
      -0.97700506,
      0.052363254,
      0,
      0.13725154,
      0.024037244,
      0.9902444,
      0,
      -0.9687328,
      0.21185619,
      0.1291273,
      0,
      1.1973447,
      1.1455076,
      -4.936472,
      0.9999999
    ]
  },
  {
    "uuid" : "1B75A37A-8495-42C4-B54A-846B461FBBF5",
    "keyframeTimestamp" : 1251071.951662958,
    "transform" : [
      -0.1352321,
      -0.99040306,
      0.02853554,
      0,
      0.03450227,
      0.024075517,
      0.9991148,
      0,
      -0.9902133,
      0.1360969,
      0.030915346,
      0,
      1.3307772,
      1.2819337,
      -4.7418184,
      1
    ]
  },
  {
    "uuid" : "636EBAF8-468A-42C9-ABB0-FC586B41E996",
    "keyframeTimestamp" : 1251096.664696125,
    "transform" : [
      0.38066185,
      -0.9187789,
      0.10460396,
      0,
      0.40845278,
      0.06557478,
      -0.910421,
      0,
      0.82961625,
      0.38928825,
      0.40023956,
      0,
      0.039078176,
      -0.030513167,
      0.0141329765,
      1
    ]
  },
  {
    "uuid" : "F6200EE8-0636-4035-BCA8-3B5597750BF0",
    "keyframeTimestamp" : 1251078.26315375,
    "transform" : [
      -0.00048101688,
      -0.9902356,
      -0.13940199,
      0,
      -0.9749743,
      0.03145581,
      -0.22008087,
      0,
      0.22231692,
      0.13580747,
      -0.9654697,
      0,
      1.3694134,
      1.3830192,
      -2.1125774,
      1
    ]
  },
  {
    "uuid" : "0C41ED35-D65C-40BF-ACA3-037C5CFC1E2E",
    "keyframeTimestamp" : 1251096.131801541,
    "transform" : [
      0.52521414,
      -0.8160655,
      0.2412203,
      0,
      0.48098063,
      0.05083949,
      -0.875256,
      0,
      0.70200264,
      0.57571906,
      0.41921338,
      0,
      0.04887271,
      -0.09673512,
      0.1453116,
      1
    ]
  },
  {
    "uuid" : "0F90EEA8-6148-4A24-B6C5-D2D3D8CA570B",
    "keyframeTimestamp" : 1251075.681937833,
    "transform" : [
      -0.20256738,
      -0.9788576,
      0.028367003,
      0,
      -0.07331995,
      0.044046532,
      0.99633557,
      0,
      -0.97652,
      0.19974518,
      -0.08069218,
      0,
      0.8908953,
      1.2997657,
      -2.8171499,
      1
    ]
  },
  {
    "uuid" : "DE31BB0F-067A-4C9C-865E-B7BCD9285226",
    "keyframeTimestamp" : 1251092.434844291,
    "transform" : [
      0.3229681,
      -0.9033746,
      0.28214505,
      0,
      0.7584816,
      0.068763696,
      -0.6480566,
      0,
      0.56603664,
      0.42330343,
      0.7074017,
      0,
      0.19752878,
      -0.02506113,
      0.3356769,
      1
    ]
  },
  {
    "uuid" : "6D1BA983-2970-4B84-88CF-A3CF04FFE0D6",
    "keyframeTimestamp" : 1251044.624008541,
    "transform" : [
      0.061435103,
      -0.99736506,
      0.038581472,
      0,
      -0.04753981,
      -0.04153457,
      -0.9980055,
      0,
      0.99697846,
      0.0594784,
      -0.04996622,
      0,
      0.83006895,
      1.4675618,
      -2.704083,
      1
    ]
  },
  {
    "uuid" : "7E68F0E8-5BC6-4FB2-9E49-8A566B4FF5BF",
    "keyframeTimestamp" : 1251093.783734375,
    "transform" : [
      -0.09860412,
      -0.99006414,
      -0.100250416,
      0,
      0.559081,
      0.0282235,
      -0.82863265,
      0,
      0.82322884,
      -0.1377547,
      0.55074304,
      0,
      0.1528132,
      0.15618598,
      0.4107554,
      1
    ]
  },
  {
    "uuid" : "2CA8682A-ADE3-4F1C-9AFA-2D5649358964",
    "keyframeTimestamp" : 1251067.288815916,
    "transform" : [
      -0.15249367,
      -0.97354627,
      0.17015593,
      0,
      0.8614711,
      -0.046558034,
      0.50566846,
      0,
      -0.4843695,
      0.22369559,
      0.84578186,
      0,
      1.3241239,
      1.0198417,
      -3.5416288,
      1
    ]
  },
  {
    "uuid" : "C081A4D9-8A75-4411-9931-6BFE30B0DE7E",
    "keyframeTimestamp" : 1251076.830995583,
    "transform" : [
      0.074067354,
      -0.99167025,
      0.1053769,
      0,
      -0.9116026,
      -0.024483152,
      0.41034397,
      0,
      -0.40434578,
      -0.12645489,
      -0.9058225,
      0,
      0.98586476,
      1.500624,
      -2.7203386,
      1
    ]
  },
  {
    "uuid" : "A642CFAD-1377-47D7-880F-D92991E12A0D",
    "keyframeTimestamp" : 1251085.890225125,
    "transform" : [
      0.05789613,
      -0.9652868,
      -0.25469506,
      0,
      -0.82783526,
      0.096171245,
      -0.5526662,
      0,
      0.5579759,
      0.24284272,
      -0.7935306,
      0,
      1.0610623,
      1.2475346,
      -0.9252318,
      1.0000001
    ]
  },
  {
    "uuid" : "97973637-EC0C-40C3-AE5E-8FD7EFDAD8BB",
    "keyframeTimestamp" : 1251054.432667583,
    "transform" : [
      0.29334098,
      -0.91064984,
      0.2909776,
      0,
      -0.6973756,
      0.004362648,
      0.71669316,
      0,
      -0.65392584,
      -0.41315594,
      -0.63378495,
      0,
      0.6607379,
      1.629198,
      -3.1212249,
      1
    ]
  },
  {
    "uuid" : "C2D7FF43-F911-48B3-89DA-4877DA1E4A9B",
    "keyframeTimestamp" : 1251063.175516875,
    "transform" : [
      0.17751803,
      -0.9805874,
      0.08328088,
      0,
      0.32296446,
      -0.021889798,
      -0.94615805,
      0,
      0.9296137,
      0.19485681,
      0.3128091,
      0,
      1.0549917,
      1.0978059,
      -2.7656612,
      0.99999994
    ]
  },
  {
    "uuid" : "05CD9071-91F4-467C-8BA4-131AFDBF0E23",
    "keyframeTimestamp" : 1251061.060581083,
    "transform" : [
      0.34237662,
      -0.9220127,
      -0.18075053,
      0,
      -0.41767475,
      0.02296594,
      -0.9083068,
      0,
      0.8416214,
      0.3864777,
      -0.37723836,
      0,
      1.1969279,
      1.4057907,
      -2.696439,
      1
    ]
  },
  {
    "uuid" : "458FDF9E-526D-4309-9B12-13344A1771A8",
    "keyframeTimestamp" : 1251090.153387208,
    "transform" : [
      -0.17942005,
      -0.97788525,
      -0.10746634,
      0,
      0.36856046,
      0.034467515,
      -0.9289646,
      0,
      0.91212493,
      -0.20628272,
      0.35422575,
      0,
      0.26652962,
      0.16680562,
      0.15249777,
      1
    ]
  },
  {
    "uuid" : "4E516631-C161-4CDA-ACB8-0D2C4DF46FB4",
    "keyframeTimestamp" : 1251075.898427041,
    "transform" : [
      -0.14044389,
      -0.9900658,
      0.0067413654,
      0,
      -0.23586415,
      0.04006935,
      0.97095966,
      0,
      -0.96158415,
      0.13477531,
      -0.23914854,
      0,
      0.88560593,
      1.3610275,
      -2.7263048,
      1
    ]
  },
  {
    "uuid" : "AF270233-5FFF-4B33-A8B6-D36662499288",
    "keyframeTimestamp" : 1251052.334382041,
    "transform" : [
      -0.50649786,
      -0.8620946,
      0.01591035,
      0,
      -0.011544941,
      0.025231248,
      0.999615,
      0,
      -0.8621639,
      0.50611895,
      -0.02273243,
      0,
      0.7008259,
      1.3240985,
      -3.0405266,
      1
    ]
  },
  {
    "uuid" : "6D9779EC-2788-435C-9D42-5709CA27B893",
    "keyframeTimestamp" : 1251043.574863791,
    "transform" : [
      -0.2895292,
      -0.93424845,
      -0.2082139,
      0,
      0.43607742,
      0.06489564,
      -0.89756644,
      0,
      0.8520623,
      -0.350669,
      0.38861546,
      0,
      0.83090675,
      1.5198712,
      -2.8363593,
      1.0000001
    ]
  },
  {
    "uuid" : "4CC8A2FB-F883-4B3C-BF19-02885E2C7F33",
    "keyframeTimestamp" : 1251066.35624625,
    "transform" : [
      0.13467519,
      -0.94693404,
      0.2918535,
      0,
      0.9032702,
      -0.0037737708,
      -0.4290563,
      0,
      0.40738925,
      0.3214057,
      0.8548291,
      0,
      1.4786807,
      1.1464585,
      -3.6078584,
      1
    ]
  },
  {
    "uuid" : "2F1A5909-475D-42D7-8092-F4BE4B42D5F0",
    "keyframeTimestamp" : 1251049.853075541,
    "transform" : [
      0.21867329,
      -0.8187904,
      -0.5308153,
      0,
      0.9266845,
      0.0038462607,
      0.37582162,
      0,
      -0.30567738,
      -0.57408005,
      0.7596012,
      0,
      0.5297766,
      1.6795325,
      -2.864996,
      1
    ]
  },
  {
    "uuid" : "690451D8-39E3-4833-9CBE-28C0860D17BB",
    "keyframeTimestamp" : 1251083.525500708,
    "transform" : [
      -0.102597855,
      -0.96097803,
      -0.25689432,
      0,
      -0.18144038,
      0.27200395,
      -0.94503635,
      0,
      0.97803545,
      -0.050347686,
      -0.20226724,
      0,
      1.2541976,
      1.5627925,
      -1.3378503,
      1
    ]
  },
  {
    "uuid" : "BEE2D960-F420-4AAA-A596-D7C03F131FC9",
    "keyframeTimestamp" : 1251089.770368666,
    "transform" : [
      -0.07162241,
      -0.99729556,
      -0.016487472,
      0,
      -0.0810567,
      0.02229487,
      -0.9964603,
      0,
      0.994133,
      -0.07003244,
      -0.08243428,
      0,
      0.33994877,
      0.11762464,
      0.0948956,
      1
    ]
  },
  {
    "uuid" : "21289DEB-4B94-4897-AF30-385A4C610E85",
    "keyframeTimestamp" : 1251065.073962708,
    "transform" : [
      0.15933044,
      -0.94681203,
      0.27957267,
      0,
      0.8824023,
      0.009593227,
      -0.47039834,
      0,
      0.44269684,
      0.32164428,
      0.8369977,
      0,
      1.3354824,
      1.3529325,
      -2.896079,
      0.99999994
    ]
  },
  {
    "uuid" : "E459A8B6-EFB7-4D5B-AE3A-9CD0C0EFA084",
    "keyframeTimestamp" : 1251073.966678416,
    "transform" : [
      0.027815094,
      -0.998774,
      0.040947773,
      0,
      0.13978629,
      0.0444475,
      0.9891834,
      0,
      -0.9897912,
      -0.021790292,
      0.14085124,
      0,
      1.1515818,
      1.5404221,
      -3.3957732,
      0.9999998
    ]
  },
  {
    "uuid" : "941881EF-9B18-4C56-8C9E-29269133260A",
    "keyframeTimestamp" : 1251094.649687958,
    "transform" : [
      0.04268988,
      -0.9984737,
      -0.035040516,
      0,
      0.34634894,
      0.04768759,
      -0.93689287,
      0,
      0.9371341,
      0.027859595,
      0.3478561,
      0,
      0.1169706,
      0.12478483,
      0.44305205,
      1
    ]
  },
  {
    "uuid" : "F6FA7BB5-7077-49CB-A1B5-1FE1B12481F1",
    "keyframeTimestamp" : 1251040.394120583,
    "transform" : [
      -0.03521083,
      -0.9275685,
      0.37198997,
      0,
      0.99921685,
      -0.039403472,
      -0.003672623,
      0,
      0.018064324,
      0.37156916,
      0.9282295,
      0,
      0.9760463,
      1.3587165,
      -3.003077,
      1
    ]
  },
  {
    "uuid" : "256557CF-71FA-426D-AC97-F30920019E86",
    "keyframeTimestamp" : 1251072.90088525,
    "transform" : [
      -0.11110151,
      -0.986842,
      -0.1174701,
      0,
      0.20921077,
      -0.13877754,
      0.967973,
      0,
      -0.97153866,
      0.08296724,
      0.22187635,
      0,
      1.1667105,
      1.6358478,
      -4.0799336,
      1
    ]
  },
  {
    "uuid" : "F57F4FDD-211D-42E4-B7BC-9DFD9DB929D5",
    "keyframeTimestamp" : 1251057.030543916,
    "transform" : [
      -0.049631264,
      -0.9985993,
      -0.018331138,
      0,
      -0.9966187,
      0.048312712,
      0.06646561,
      0,
      -0.065486915,
      0.021567924,
      -0.99762046,
      0,
      0.5705043,
      1.506977,
      -3.1858187,
      1
    ]
  },
  {
    "uuid" : "037942C4-E82D-4BA7-BA1F-816D05B5B269",
    "keyframeTimestamp" : 1251083.425582708,
    "transform" : [
      -0.21818167,
      -0.9435808,
      -0.2491023,
      0,
      -0.10774138,
      0.276981,
      -0.95481604,
      0,
      0.96994257,
      -0.18148465,
      -0.16209485,
      0,
      1.2638872,
      1.595784,
      -1.3216698,
      1
    ]
  },
  {
    "uuid" : "79B713CC-45F5-44C3-86E7-3F2E1053EAE2",
    "keyframeTimestamp" : 1251094.999400208,
    "transform" : [
      0.18545137,
      -0.98058844,
      0.06367195,
      0,
      0.3913632,
      0.014269664,
      -0.9201257,
      0,
      0.90135604,
      0.19555742,
      0.38641265,
      0,
      0.10466206,
      0.07167089,
      0.4018073,
      1
    ]
  },
  {
    "uuid" : "C5192480-9259-4B80-9A75-A7F9EE6FE0C0",
    "keyframeTimestamp" : 1251072.134846375,
    "transform" : [
      -0.20383349,
      -0.9789798,
      -0.007076428,
      0,
      0.018559342,
      -0.011090915,
      0.9997662,
      0,
      -0.9788296,
      0.20365451,
      0.020429902,
      0,
      1.2825018,
      1.3859795,
      -4.6901617,
      0.9999999
    ]
  },
  {
    "uuid" : "1B8953F1-92A8-4B21-B010-5B963784B760",
    "keyframeTimestamp" : 1251072.800967041,
    "transform" : [
      -0.16301931,
      -0.97680813,
      -0.13881852,
      0,
      0.16487731,
      -0.16569372,
      0.97229695,
      0,
      -0.972749,
      0.1356151,
      0.18806474,
      0,
      1.171299,
      1.6311888,
      -4.1795583,
      1
    ]
  },
  {
    "uuid" : "2613C312-A436-4AE9-AE84-94C96F90E9BF",
    "keyframeTimestamp" : 1251073.217292541,
    "transform" : [
      -0.009905702,
      -0.99994427,
      -0.0036137362,
      0,
      0.26621506,
      -0.0061206464,
      0.96389455,
      0,
      -0.9638631,
      0.008586018,
      0.2662609,
      0,
      1.1572002,
      1.6144401,
      -3.8379328,
      0.99999994
    ]
  },
  {
    "uuid" : "C17ACBE5-92AF-4610-9B67-1603D98934CB",
    "keyframeTimestamp" : 1251051.584994416,
    "transform" : [
      -0.30672836,
      -0.9346102,
      0.18005978,
      0,
      0.43650788,
      0.029981015,
      0.89920104,
      0,
      -0.84580076,
      0.35440785,
      0.3987687,
      0,
      0.689836,
      1.4047135,
      -3.0448017,
      1
    ]
  },
  {
    "uuid" : "BC891FFC-7274-4683-80A3-C67877D28961",
    "keyframeTimestamp" : 1251042.775515166,
    "transform" : [
      -0.16115405,
      -0.9279285,
      -0.33612296,
      0,
      0.8298002,
      0.056977797,
      -0.55514497,
      0,
      0.5342864,
      -0.36837846,
      0.7608127,
      0,
      0.8564569,
      1.5126613,
      -2.9029648,
      1
    ]
  },
  {
    "uuid" : "E348D56C-39B2-46F7-8895-2DE8A56AF0EB",
    "keyframeTimestamp" : 1251060.727520208,
    "transform" : [
      0.11497052,
      -0.9915776,
      -0.059622206,
      0,
      -0.33973235,
      0.017151942,
      -0.940366,
      0,
      0.93346876,
      0.12836993,
      -0.3348992,
      0,
      1.1245172,
      1.5102432,
      -2.678534,
      1
    ]
  },
  {
    "uuid" : "13B03EDA-51F0-447C-8733-B20DF9E3AF29",
    "keyframeTimestamp" : 1251048.554135708,
    "transform" : [
      -0.034458563,
      -0.98807734,
      0.15005212,
      0,
      0.8908623,
      0.03768137,
      0.45270908,
      0,
      -0.4529657,
      0.14927544,
      0.8789423,
      0,
      0.76396716,
      1.4667923,
      -3.1411114,
      0.99999994
    ]
  },
  {
    "uuid" : "321A06CE-FF74-4CE2-B093-0BAB63718542",
    "keyframeTimestamp" : 1251068.904159541,
    "transform" : [
      -0.24806906,
      -0.9475066,
      0.20172508,
      0,
      0.7159793,
      -0.03905432,
      0.6970285,
      0,
      -0.65256083,
      0.31734213,
      0.6880833,
      0,
      1.0085635,
      1.3141917,
      -3.9706786,
      1
    ]
  },
  {
    "uuid" : "D9AA71FA-AE0E-4515-898D-53FA1380F728",
    "keyframeTimestamp" : 1251047.388420333,
    "transform" : [
      0.055971917,
      -0.99654603,
      -0.06134949,
      0,
      0.99746275,
      0.053103656,
      0.047427323,
      0,
      -0.044005588,
      -0.06384838,
      0.99698955,
      0,
      1.0089667,
      1.4954015,
      -3.0126736,
      1
    ]
  },
  {
    "uuid" : "F4B0F927-EEEB-4A25-9C5F-7FE05EE12CD1",
    "keyframeTimestamp" : 1251070.319666833,
    "transform" : [
      -0.29589063,
      -0.9481702,
      0.11585443,
      0,
      0.2534335,
      0.039014436,
      0.96656597,
      0,
      -0.920989,
      0.31535906,
      0.22875406,
      0,
      1.0900829,
      1.1666728,
      -4.901123,
      1
    ]
  },
  {
    "uuid" : "CD054124-4841-46E3-BD5D-2D28E5976815",
    "keyframeTimestamp" : 1251047.121971208,
    "transform" : [
      0.029742679,
      -0.9990449,
      0.03200808,
      0,
      0.9956814,
      0.026794765,
      -0.08888551,
      0,
      0.087943,
      0.034513544,
      0.9955276,
      0,
      1.0619264,
      1.4703603,
      -2.999055,
      0.99999994
    ]
  },
  {
    "uuid" : "72D382E5-4959-49B1-8979-63FB370ABCA6",
    "keyframeTimestamp" : 1251055.565075291,
    "transform" : [
      0.0061758338,
      -0.9924283,
      0.12266909,
      0,
      -0.88932866,
      0.050638862,
      0.45445672,
      0,
      -0.45722762,
      -0.11189978,
      -0.88228226,
      0,
      0.71375555,
      1.5416908,
      -3.1424901,
      0.99999994
    ]
  },
  {
    "uuid" : "3F25A476-29BB-4E3D-996D-42A0DA31918D",
    "keyframeTimestamp" : 1251078.562907666,
    "transform" : [
      -0.021443412,
      -0.9995335,
      0.021744573,
      0,
      -0.97009593,
      0.015542348,
      -0.24222417,
      0,
      0.24177326,
      -0.026288431,
      -0.96997684,
      0,
      1.3577805,
      1.4215893,
      -1.9573619,
      0.9999999
    ]
  },
  {
    "uuid" : "519FFB34-8E60-4A3F-887E-C91592440AD4",
    "keyframeTimestamp" : 1251069.287179208,
    "transform" : [
      -0.27372444,
      -0.9410581,
      0.19870834,
      0,
      0.6588843,
      -0.032961812,
      0.7515221,
      0,
      -0.7006763,
      0.33663565,
      0.6290707,
      0,
      0.94608516,
      1.3161542,
      -4.2214704,
      1.0000001
    ]
  },
  {
    "uuid" : "AC832E75-2C4D-4941-B1BB-747B51CD5C24",
    "keyframeTimestamp" : 1251084.108355208,
    "transform" : [
      0.25764704,
      -0.8640713,
      -0.43243375,
      0,
      -0.5821555,
      0.21837637,
      -0.78320324,
      0,
      0.77117664,
      0.4535335,
      -0.44675982,
      0,
      1.1987865,
      1.3775506,
      -1.4159452,
      0.99999994
    ]
  },
  {
    "uuid" : "627157BA-149F-4269-906D-524480340D35",
    "keyframeTimestamp" : 1251067.005714666,
    "transform" : [
      -0.07496891,
      -0.9808709,
      0.17964298,
      0,
      0.97757304,
      -0.03673785,
      0.2073696,
      0,
      -0.19680306,
      0.19116026,
      0.9616269,
      0,
      1.3610895,
      1.027749,
      -3.5623648,
      0.9999999
    ]
  },
  {
    "uuid" : "30784F69-830B-4682-AEC8-E06A2B430375",
    "keyframeTimestamp" : 1251049.087034,
    "transform" : [
      0.12754059,
      -0.973407,
      -0.19029458,
      0,
      0.9720221,
      0.084514774,
      0.21915999,
      0,
      -0.19724916,
      -0.21292226,
      0.9569522,
      0,
      0.58989316,
      1.582235,
      -3.063183,
      1
    ]
  },
  {
    "uuid" : "671EB972-2D4C-491C-A821-DD38F0D20C95",
    "keyframeTimestamp" : 1251086.856098208,
    "transform" : [
      0.31698525,
      -0.88743687,
      -0.33462852,
      0,
      -0.6924127,
      0.024576891,
      -0.7210831,
      0,
      0.6481399,
      0.46027365,
      -0.6066821,
      0,
      0.9087872,
      0.80148154,
      -0.5576213,
      0.99999994
    ]
  },
  {
    "uuid" : "1768B82E-3543-4DD6-98D1-1A7A7C8CE779",
    "keyframeTimestamp" : 1251091.119259791,
    "transform" : [
      0.43207803,
      -0.8731688,
      0.22557674,
      0,
      0.5048806,
      0.026944727,
      -0.8627686,
      0,
      0.7472646,
      0.4866726,
      0.45248827,
      0,
      0.14091134,
      -0.04822238,
      0.37484473,
      0.99999994
    ]
  },
  {
    "uuid" : "AE06AEC9-549F-44C0-A99D-3340D97D4F1B",
    "keyframeTimestamp" : 1251054.19952475,
    "transform" : [
      0.28390083,
      -0.9317248,
      0.22647065,
      0,
      -0.59902275,
      0.01208362,
      0.800641,
      0,
      -0.7487139,
      -0.36296374,
      -0.55469394,
      0,
      0.6868671,
      1.6114559,
      -3.092636,
      1
    ]
  },
  {
    "uuid" : "FCD51056-E2E1-4D47-A067-AB96FAEFD687",
    "keyframeTimestamp" : 1251072.301376625,
    "transform" : [
      -0.23036906,
      -0.9719384,
      -0.047599528,
      0,
      0.08248433,
      -0.0682428,
      0.99425316,
      0,
      -0.9696012,
      0.22511895,
      0.0958907,
      0,
      1.2331853,
      1.4826694,
      -4.606538,
      0.9999999
    ]
  },
  {
    "uuid" : "89107C09-1DFC-43F4-B4EB-ECB6AC0FE4F6",
    "keyframeTimestamp" : 1251045.140254208,
    "transform" : [
      0.2612984,
      -0.9537672,
      0.14849746,
      0,
      0.21816179,
      -0.0915075,
      -0.9716135,
      0,
      0.9402817,
      0.2862773,
      0.18416478,
      0,
      0.8773218,
      1.4027659,
      -2.6488125,
      1
    ]
  },
  {
    "uuid" : "C4A1B169-1E33-40B7-9643-E317B49B60C3",
    "keyframeTimestamp" : 1251056.764095166,
    "transform" : [
      -0.0653192,
      -0.984008,
      -0.16571489,
      0,
      -0.99500567,
      0.05166567,
      0.0854089,
      0,
      -0.0754813,
      0.17046605,
      -0.98246825,
      0,
      0.5931206,
      1.4626347,
      -3.174858,
      1
    ]
  },
  {
    "uuid" : "957DDAD0-D670-48BA-BAEF-1960DCB2F39F",
    "keyframeTimestamp" : 1251055.015524625,
    "transform" : [
      0.22947057,
      -0.9222976,
      0.3109831,
      0,
      -0.8480043,
      -0.032621466,
      0.52898484,
      0,
      -0.4777367,
      -0.38510144,
      -0.78959835,
      0,
      0.6198423,
      1.6197433,
      -3.0848162,
      1
    ]
  },
  {
    "uuid" : "B608780C-8BAE-40E2-8303-DE0959EDD4A5",
    "keyframeTimestamp" : 1251053.8165045,
    "transform" : [
      0.24878037,
      -0.9604528,
      0.12505268,
      0,
      -0.33401072,
      0.036117293,
      0.94187754,
      0,
      -0.9091455,
      -0.27608952,
      -0.3118163,
      0,
      0.7018931,
      1.576736,
      -3.042109,
      1
    ]
  },
  {
    "uuid" : "01A6E554-CCB4-42F5-B99D-310107330B60",
    "keyframeTimestamp" : 1251049.470054583,
    "transform" : [
      0.12645838,
      -0.888987,
      -0.44012505,
      0,
      0.98146164,
      0.047711726,
      0.18562658,
      0,
      -0.14402053,
      -0.45543984,
      0.8785404,
      0,
      0.53923583,
      1.6606535,
      -2.954413,
      1
    ]
  },
  {
    "uuid" : "3E5F9D35-236D-4200-B59F-2B2281240C8A",
    "keyframeTimestamp" : 1251062.925721291,
    "transform" : [
      0.25262985,
      -0.96544755,
      0.06394447,
      0,
      0.08950206,
      -0.042486988,
      -0.9950802,
      0,
      0.9634146,
      0.2571101,
      0.0756761,
      0,
      1.0645125,
      1.0689069,
      -2.782181,
      1
    ]
  },
  {
    "uuid" : "25F9991F-EDA8-45F1-99B9-0BA2E815E1FE",
    "keyframeTimestamp" : 1251050.385973666,
    "transform" : [
      0.16493034,
      -0.9648522,
      -0.20459214,
      0,
      0.76085865,
      -0.0075305244,
      0.64887404,
      0,
      -0.62760824,
      -0.26268467,
      0.7328743,
      0,
      0.50434816,
      1.6109768,
      -2.9054208,
      1
    ]
  },
  {
    "uuid" : "B9BE0043-06CA-4799-8A6F-2E2764FC70E1",
    "keyframeTimestamp" : 1251080.144942791,
    "transform" : [
      0.20950937,
      -0.7348933,
      0.64500976,
      0,
      -0.96553373,
      -0.051299226,
      0.2551727,
      0,
      -0.15443626,
      -0.67623955,
      -0.7203121,
      0,
      1.1725596,
      1.6469988,
      -1.36052,
      0.9999999
    ]
  },
  {
    "uuid" : "4E55F9BD-E17E-44DB-BDAB-53A651ABC7D0",
    "keyframeTimestamp" : 1251048.753972458,
    "transform" : [
      0.016796833,
      -0.9925206,
      0.12091653,
      0,
      0.9169947,
      0.063496016,
      0.39381316,
      0,
      -0.3985454,
      0.10426496,
      0.91120255,
      0,
      0.69049543,
      1.4890016,
      -3.138619,
      0.99999994
    ]
  },
  {
    "uuid" : "E2856965-26D3-4CA4-8028-BE9076530364",
    "keyframeTimestamp" : 1251092.135090833,
    "transform" : [
      0.38180003,
      -0.8376844,
      0.39052978,
      0,
      0.7816626,
      0.06718751,
      -0.6200724,
      0,
      0.49318632,
      0.5420061,
      0.68043864,
      0,
      0.21988714,
      -0.07597804,
      0.36652446,
      1
    ]
  },
  {
    "uuid" : "3E73ADC0-31D2-4169-9E6B-1148444E780E",
    "keyframeTimestamp" : 1251047.788094375,
    "transform" : [
      0.091463,
      -0.9820862,
      -0.164746,
      0,
      0.9783064,
      0.05773558,
      0.19895767,
      0,
      -0.18588187,
      -0.17936921,
      0.9660618,
      0,
      0.9537041,
      1.5299363,
      -3.068466,
      1
    ]
  },
  {
    "uuid" : "5341BAB2-FEB6-4E55-9610-F46013E039F3",
    "keyframeTimestamp" : 1251069.054036875,
    "transform" : [
      -0.23493257,
      -0.94998896,
      0.20573789,
      0,
      0.69951195,
      -0.018275589,
      0.71438754,
      0,
      -0.6749,
      0.3117488,
      0.6688221,
      0,
      0.97131205,
      1.3253676,
      -4.058286,
      1
    ]
  },
  {
    "uuid" : "8AC50BEF-5D88-4205-8655-E11378BC5190",
    "keyframeTimestamp" : 1251077.4804625,
    "transform" : [
      -0.049879044,
      -0.95655257,
      -0.28726152,
      0,
      -0.9888677,
      0.006927169,
      0.1486366,
      0,
      -0.14018881,
      0.29147738,
      -0.9462496,
      0,
      1.1353341,
      1.3104635,
      -2.4937012,
      0.99999994
    ]
  },
  {
    "uuid" : "BD06290D-A2FE-48A6-A0BF-E9CBE2CE6F8E",
    "keyframeTimestamp" : 1251088.987679041,
    "transform" : [
      0.41425505,
      -0.8342688,
      -0.36385238,
      0,
      -0.60808605,
      0.043762732,
      -0.79266405,
      0,
      0.6772179,
      0.54961854,
      -0.48917848,
      0,
      0.5096499,
      0.13130236,
      0.014309168,
      1
    ]
  },
  {
    "uuid" : "BA117221-F92F-4A30-A78F-E0142BFDF122",
    "keyframeTimestamp" : 1251058.063033,
    "transform" : [
      -0.016276553,
      -0.99836504,
      0.054788485,
      0,
      -0.990161,
      0.008477505,
      -0.13967825,
      0,
      0.13898543,
      -0.056522876,
      -0.98868036,
      0,
      0.5854913,
      1.5502691,
      -3.166146,
      0.99999994
    ]
  },
  {
    "uuid" : "A7CB9255-6F06-4FB8-99B3-AF1EDEA0F086",
    "keyframeTimestamp" : 1251076.148222166,
    "transform" : [
      -0.029825093,
      -0.9987898,
      0.039106064,
      0,
      -0.45721,
      0.048422646,
      0.8880396,
      0,
      -0.8888587,
      0.008606184,
      -0.4581009,
      0,
      0.8999247,
      1.4242122,
      -2.6723115,
      0.99999994
    ]
  },
  {
    "uuid" : "B6460195-2066-4A0C-812C-AEBE2FE731BB",
    "keyframeTimestamp" : 1251079.062497916,
    "transform" : [
      -0.0017207484,
      -0.93622786,
      0.35138905,
      0,
      -0.99990183,
      -0.0032803828,
      -0.013636657,
      0,
      0.013919695,
      -0.3513778,
      -0.93613046,
      0,
      1.2957072,
      1.5116594,
      -1.7504127,
      1.0000001
    ]
  },
  {
    "uuid" : "173206B9-D637-468B-A2CA-56DF647D3870",
    "keyframeTimestamp" : 1251052.58417825,
    "transform" : [
      -0.40688932,
      -0.912796,
      -0.03528518,
      0,
      -0.18746708,
      0.045635775,
      0.9812106,
      0,
      -0.8940348,
      0.40585873,
      -0.18968795,
      0,
      0.69247866,
      1.3645047,
      -3.0066898,
      1
    ]
  },
  {
    "uuid" : "BAF71EBB-3CCE-424A-B66A-BBA7FC0E8BF5",
    "keyframeTimestamp" : 1251069.786769958,
    "transform" : [
      -0.28316337,
      -0.9414855,
      0.18282136,
      0,
      0.5498321,
      -0.0031729066,
      0.83526945,
      0,
      -0.785814,
      0.33703867,
      0.5185574,
      0,
      0.9813105,
      1.2384118,
      -4.6603684,
      0.99999994
    ]
  },
  {
    "uuid" : "5FACDE22-A535-4760-B77B-96EDA72246F0",
    "keyframeTimestamp" : 1251072.268070416,
    "transform" : [
      -0.24134669,
      -0.96956676,
      -0.041134942,
      0,
      0.06652986,
      -0.058819234,
      0.99604934,
      0,
      -0.968156,
      0.23765644,
      0.07870095,
      0,
      1.2427536,
      1.4638579,
      -4.627522,
      0.99999994
    ]
  },
  {
    "uuid" : "20D0DF49-3716-4097-98A5-E1D76EDF2DE6",
    "keyframeTimestamp" : 1251072.484559583,
    "transform" : [
      -0.22225063,
      -0.97062993,
      -0.09209893,
      0,
      0.13405074,
      -0.123984806,
      0.9831879,
      0,
      -0.9657305,
      0.20616816,
      0.15766938,
      0,
      1.1943928,
      1.563409,
      -4.477326,
      0.99999994
    ]
  },
  {
    "uuid" : "160D43F2-4F20-4347-9334-3FC731478729",
    "keyframeTimestamp" : 1251083.858560458,
    "transform" : [
      0.14377077,
      -0.92830956,
      -0.34288672,
      0,
      -0.40778667,
      0.26012877,
      -0.8752389,
      0,
      0.9016876,
      0.26565832,
      -0.3411533,
      0,
      1.2240657,
      1.4486953,
      -1.3847532,
      1
    ]
  },
  {
    "uuid" : "29F09E90-0E9C-47AF-A28F-12EB4AFA2669",
    "keyframeTimestamp" : 1251072.201458291,
    "transform" : [
      -0.22543246,
      -0.97393316,
      -0.025182666,
      0,
      0.037694618,
      -0.034547858,
      0.9986919,
      0,
      -0.97352946,
      0.2241883,
      0.044500228,
      0,
      1.2626785,
      1.425345,
      -4.6616783,
      1
    ]
  },
  {
    "uuid" : "D845A598-20F3-4DAA-A4C6-E088F50CB4B6",
