[
  {
    "uuid" : "75CD089B-E1A1-470E-8C5F-92915D3E68E5",
    "transform" : [
      0.13091464,
      -0.9911382,
      0.022502737,
      0,
      0.16789791,
      -0.0002048236,
      -0.98580456,
      0,
      0.97707313,
      0.13283437,
      0.16638324,
      0,
      4.3366575,
      -1.3387427,
      -7.9878087,
      1
    ],
    "keyframeTimestamp" : 1251257.9604985
  },
  {
    "uuid" : "7B1FE6A9-2656-4A17-BD10-262131759B94",
    "transform" : [
      -0.5939616,
      -0.78265375,
      -0.18617831,
      0,
      -0.29148838,
      -0.006333073,
      0.9565537,
      0,
      -0.7498294,
      0.62242496,
      -0.2243729,
      0,
      -2.9047897,
      -1.3707827,
      -9.026105,
      0.9999999
    ],
    "keyframeTimestamp" : 1251326.368308375
  },
  {
    "uuid" : "57FCB923-AB68-4AA2-BC82-D86D791EE8F1",
    "transform" : [
      0.1596139,
      -0.8295738,
      -0.5350971,
      0,
      0.97091293,
      0.033925723,
      0.2370173,
      0,
      -0.1784698,
      -0.55736405,
      0.8108591,
      0,
      0.5310545,
      1.6723015,
      -2.9086099,
      1
    ],
    "keyframeTimestamp" : 1251049.619932333
  },
  {
    "uuid" : "D4A19BE5-80C6-4EAA-9BEB-8A00F43155F8",
    "transform" : [
      0.10747353,
      -0.9917223,
      0.07025918,
      0,
      0.8775188,
      0.06140328,
      -0.47559682,
      0,
      0.46734565,
      0.112767756,
      0.8768538,
      0,
      -2.6945047,
      -1.278095,
      0.692852,
      1
    ],
    "keyframeTimestamp" : 1251186.090578458
  },
  {
    "uuid" : "E459A8B6-EFB7-4D5B-AE3A-9CD0C0EFA084",
    "transform" : [
      0.027712816,
      -0.99876666,
      0.041198034,
      0,
      0.14015791,
      0.044689085,
      0.9891205,
      0,
      -0.9897423,
      -0.02163709,
      0.14122356,
      0,
      1.1517913,
      1.5405785,
      -3.3957462,
      1
    ],
    "keyframeTimestamp" : 1251073.966678416
  },
  {
    "uuid" : "7402ECD9-DABE-414C-B6FE-321B5921F545",
    "transform" : [
      -0.060496327,
      -0.99421394,
      0.08876225,
      0,
      -0.9883681,
      0.04723454,
      -0.14455912,
      0,
      0.13953003,
      -0.096475065,
      -0.9855069,
      0,
      -5.136922,
      -1.2125039,
      -11.893844,
      1
    ],
    "keyframeTimestamp" : 1251289.648696
  },
  {
    "uuid" : "04BB23CC-CAB6-4FA5-B840-836F16E28605",
    "transform" : [
      -0.29744133,
      -0.95464396,
      -0.0135575775,
      0,
      0.016179562,
      -0.019238332,
      0.99968404,
      0,
      -0.9546038,
      0.2971282,
      0.021167992,
      0,
      -3.311704,
      -1.3635907,
      1.172637,
      1
    ],
    "keyframeTimestamp" : 1251167.156405666
  },
  {
    "uuid" : "15F24173-1D18-4B4F-BDDE-285E68CB7C89",
    "transform" : [
      0.060487106,
      -0.9980104,
      -0.017794784,
      0,
      0.6135701,
      0.02311358,
      0.78930295,
      0,
      -0.78732127,
      -0.058660988,
      0.6137474,
      0,
      -1.770597,
      -1.2112288,
      -10.021587,
      1
    ],
    "keyframeTimestamp" : 1251306.042569708
  },
  {
    "uuid" : "82A99AF5-E768-4C1A-A4A6-13A8B417FC16",
    "transform" : [
      -0.12423421,
      -0.9908431,
      0.05287608,
      0,
      0.4470261,
      -0.0083153425,
      0.8944825,
      0,
      -0.88585216,
      0.13476226,
      0.44396573,
      0,
      -2.0093517,
      -1.2199235,
      -9.522684,
      1
    ],
    "keyframeTimestamp" : 1251320.903681458
  },
  {
    "uuid" : "891BE3B2-DAA6-4FE4-A1BA-50A041C79DCA",
    "transform" : [
      0.29529253,
      -0.92189646,
      0.2508166,
      0,
      0.656993,
      0.0053367624,
      -0.75387806,
      0,
      0.6936591,
      0.38739938,
      0.6072556,
      0,
      -1.7855427,
      -1.346545,
      1.5326104,
      1
    ],
    "keyframeTimestamp" : 1251184.558528625
  },
  {
    "uuid" : "61324534-3532-4923-8D61-4F8EEAB4F830",
    "transform" : [
      -0.018758625,
      -0.98249334,
      0.18535168,
      0,
      0.9306106,
      0.050617952,
      0.36249346,
      0,
      -0.36552954,
      0.17929012,
      0.91336906,
      0,
      -0.14016038,
      -1.3043321,
      -6.601277,
      0.99999994
    ],
    "keyframeTimestamp" : 1251222.940187458
  },
  {
    "uuid" : "289A960E-9A72-4BD2-B9FB-93AEF847E988",
    "transform" : [
      -0.11641786,
      -0.9742578,
      0.19304606,
      0,
      -0.8340927,
      -0.0096169375,
      -0.5515402,
      0,
      0.53919923,
      -0.22522755,
      -0.81150234,
      0,
      1.7058551,
      -1.1869065,
      -8.954593,
      0.9999999
    ],
    "keyframeTimestamp" : 1251233.4362785
  },
  {
    "uuid" : "DAF16443-19D7-40E0-B051-4C36D2DC0CFE",
    "transform" : [
      0.014469444,
      -0.9988052,
      0.046673376,
      0,
      0.27513906,
      0.048853517,
      0.9601629,
      0,
      -0.9612959,
      -0.0010513539,
      0.27551726,
      0,
      2.2478745,
      -1.2329415,
      -4.3049207,
      0.99999994
    ],
    "keyframeTimestamp" : 1251210.178301375
  },
  {
    "uuid" : "563B4707-4309-476E-9805-FB91892660F7",
    "transform" : [
      0.00040542215,
      -0.99927473,
      0.038073566,
      0,
      0.9107727,
      0.016089903,
      0.41259563,
      0,
      -0.41290912,
      0.034509085,
      0.91011876,
      0,
      2.0409243,
      -1.2750531,
      -6.7724156,
      0.99999994
    ],
    "keyframeTimestamp" : 1251247.364436458
  },
  {
    "uuid" : "7B47EA4D-0A6C-4BFE-9E86-F8D249A5E17A",
    "transform" : [
      -0.07874825,
      -0.99362797,
      -0.080636986,
      0,
      -0.90579534,
      0.037536144,
      0.42204985,
      0,
      -0.4163337,
      0.106276274,
      -0.90297943,
      0,
      -1.9136214,
      -1.2969234,
      1.2061391,
      1
    ],
    "keyframeTimestamp" : 1251169.387878375
  },
  {
    "uuid" : "05E6DF05-49D9-4283-BEE7-B49CBA68EAD1",
    "transform" : [
      0.05168035,
      -0.9856734,
      -0.16055237,
      0,
      0.990281,
      0.07136674,
      -0.119377,
      0,
      0.12912491,
      -0.15282254,
      0.9797823,
      0,
      -0.95441854,
      -1.164412,
      2.0720205,
      1
    ],
    "keyframeTimestamp" : 1251182.393675125
  },
  {
    "uuid" : "56E268F0-FBBA-4AD6-AB73-2DA4C5DBB736",
    "transform" : [
      -0.2333632,
      -0.9665323,
      -0.10656894,
      0,
      0.13765998,
      -0.14132896,
      0.9803444,
      0,
      -0.9625965,
      0.21410608,
      0.16603383,
      0,
      1.1847627,
      1.5967377,
      -4.3803787,
      1
    ],
    "keyframeTimestamp" : 1251072.601130875
  },
  {
    "uuid" : "1F4C6CDF-7A78-4D8C-A024-07894FC63635",
    "transform" : [
      -0.35827672,
      -0.9281852,
      0.100543976,
      0,
      0.09814752,
      0.06965119,
      0.9927315,
      0,
      -0.9284426,
      0.36554092,
      0.06614473,
      0,
      2.1506865,
      -1.4379929,
      -6.773184,
      0.99999994
    ],
    "keyframeTimestamp" : 1251250.33000175
  },
  {
    "uuid" : "8DB7E806-6869-41B7-A01F-CD82CC5A3F6F",
    "transform" : [
      -0.068574294,
      -0.99546885,
      0.065873735,
      0,
      -0.6122625,
      0.094125025,
      0.7850329,
      0,
      -0.7876758,
      0.013501053,
      -0.6159424,
      0,
      -3.884545,
      -1.2503977,
      -12.495199,
      1
    ],
    "keyframeTimestamp" : 1251294.113695416
  },
  {
    "uuid" : "CBD3A73F-910C-4C8D-B34F-CB5480699DFE",
    "transform" : [
      0.11904872,
      -0.89880157,
      -0.421881,
      0,
      -0.87693137,
      0.10408647,
      -0.46920976,
      0,
      0.46563846,
      0.4258194,
      -0.7757958,
      0,
      -1.5389328,
      -1.3374487,
      -10.642511,
      0.99999994
    ],
    "keyframeTimestamp" : 1251314.905924083
  },
  {
    "uuid" : "EF689C8E-BBB0-4A69-AB2B-B98E182CFD07",
    "transform" : [
      -0.030573364,
      -0.95270634,
      -0.30235052,
      0,
      -0.9992875,
      0.022433495,
      0.03035892,
      0,
      -0.022140378,
      0.30306333,
      -0.9527136,
      0,
      -1.0535738,
      -1.3297552,
      -7.771818,
      0.99999994
    ],
    "keyframeTimestamp" : 1251330.06693075
  },
  {
    "uuid" : "AF73E217-6C74-4CFE-97CB-BA8A2A7E0A64",
    "transform" : [
      -0.052840963,
      -0.9860696,
      -0.15771295,
      0,
      0.81550735,
      0.048538156,
      -0.57670724,
      0,
      0.576329,
      -0.15908992,
      0.8015827,
      0,
      1.1993431,
      -0.9274826,
      -4.881961,
      1
    ],
    "keyframeTimestamp" : 1251216.709182166
  },
  {
    "uuid" : "650B14E4-9A66-4248-AFA7-EE1AC2285F33",
    "transform" : [
      0.21630964,
      -0.899389,
      -0.3798792,
      0,
      -0.4875637,
      0.2375907,
      -0.8401387,
      0,
      0.84586775,
      0.3669455,
      -0.38711652,
      0,
      1.2105327,
      1.41351,
      -1.398492,
      0.9999999
    ],
    "keyframeTimestamp" : 1251083.975131416
  },
  {
    "uuid" : "378ECE69-B559-420B-95D0-0FD243AAF268",
    "transform" : [
      0.10682903,
      -0.99208903,
      0.06591944,
      0,
      0.6891701,
      0.026095556,
      -0.7241306,
      0,
      0.71668196,
      0.12278785,
      0.6865059,
      0,
      0.13921899,
      0.07493794,
      0.3624339,
      1
    ],
    "keyframeTimestamp" : 1251093.067656833
  },
  {
    "uuid" : "957DDAD0-D670-48BA-BAEF-1960DCB2F39F",
    "transform" : [
      0.22943842,
      -0.9223032,
      0.31099015,
      0,
      -0.8478212,
      -0.032438982,
      0.52929056,
      0,
      -0.47807837,
      -0.38510382,
      -0.7893914,
      0,
      0.61989206,
      1.619757,
      -3.0848155,
      1
    ],
    "keyframeTimestamp" : 1251055.015524625
  },
  {
    "uuid" : "D558818F-4970-47DD-8A78-C32C301CE09C",
    "transform" : [
      0.14171857,
      -0.98301995,
      -0.11656624,
      0,
      -0.24498716,
      0.07926235,
      -0.9662806,
      0,
      0.95911336,
      0.16549729,
      -0.2295945,
      0,
      0.6042534,
      0.46146882,
      -0.19355464,
      1
    ],
    "keyframeTimestamp" : 1251088.238295166
  },
  {
    "uuid" : "AAFADD2B-24D1-45EE-9987-911FF91BA9A0",
    "transform" : [
      -0.16957615,
      -0.9807469,
      -0.09684225,
      0,
      0.40230387,
      0.02081645,
      -0.91526985,
      0,
      0.89966416,
      -0.19416797,
      0.39102834,
      0,
      -3.5247734,
      -1.1998352,
      2.1817737,
      1.0000001
    ],
    "keyframeTimestamp" : 1251163.559402916
  },
  {
    "uuid" : "B130FAEA-726B-4A74-9D49-678C9D65F83A",
    "transform" : [
      -0.09212494,
      -0.973498,
      0.20931908,
      0,
      0.83114594,
      0.04058907,
      0.5545725,
      0,
      -0.5483711,
      0.22506447,
      0.805379,
      0,
      -3.3275015,
      -1.3017716,
      -1.1190821,
      1
    ],
    "keyframeTimestamp" : 1251188.821623125
  },
  {
    "uuid" : "F08E4016-A6B2-4CE8-A995-45285B201480",
    "transform" : [
      -0.048677478,
      -0.9687178,
      -0.24334322,
      0,
      -0.97855663,
      -0.0025659304,
      0.2059615,
      0,
      -0.20014302,
      0.24815078,
      -0.94782054,
      0,
      -1.3669136,
      -1.289017,
      -10.653661,
      1
    ],
    "keyframeTimestamp" : 1251310.507567625
  },
  {
    "uuid" : "49A33D21-B924-455D-8708-9A40BB81933A",
    "transform" : [
      -0.07592651,
      -0.9239151,
      0.37498748,
      0,
      -0.9781962,
      -0.003889778,
      -0.20764656,
      0,
      0.19330642,
      -0.38257715,
      -0.9034749,
      0,
      -5.1557994,
      -1.1012615,
      -11.887575,
      0.99999994
    ],
    "keyframeTimestamp" : 1251289.315487125
  },
  {
    "uuid" : "269D5BFE-56D5-4B70-B467-7D9D8AF7E88F",
    "transform" : [
      -0.41067448,
      -0.90994817,
      0.05780046,
      0,
      -0.13944767,
      3.5007106e-05,
      -0.99022996,
      0,
      0.9010556,
      -0.41472214,
      -0.12690447,
      0,
      0.6675685,
      -0.971493,
      -7.9485364,
      1
    ],
    "keyframeTimestamp" : 1251237.668037916
  },
  {
    "uuid" : "21F75AF6-DDBA-47B8-A879-8452FA9E7898",
    "transform" : [
      0.13300501,
      -0.98627615,
      0.09782296,
      0,
      0.763594,
      0.03904937,
      -0.6445151,
      0,
      0.63184994,
      0.16042072,
      0.75830823,
      0,
      0.23709273,
      -1.3169402,
      -5.62726,
      0.9999999
    ],
    "keyframeTimestamp" : 1251220.807649583
  },
  {
    "uuid" : "86D654F2-4339-4FD1-90D9-AF2BC5642E10",
    "transform" : [
      -0.048409067,
      -0.98751867,
      0.14987321,
      0,
      -0.9970787,
      0.05665433,
      0.05124044,
      0,
      -0.059091907,
      -0.14695494,
      -0.98737687,
      0,
      0.58541864,
      1.5497544,
      -3.1975522,
      0.9999999
    ],
    "keyframeTimestamp" : 1251057.346952166
  },
  {
    "uuid" : "4FE349E3-171E-4597-801C-07E6119BF8EB",
    "transform" : [
      -0.711414,
      -0.70269847,
      -0.010332403,
      0,
      -0.113929056,
      0.12982494,
      -0.9849717,
      0,
      0.6934783,
      -0.69954413,
      -0.17241669,
      0,
      1.2730252,
      1.7120957,
      -1.2905288,
      1
    ],
    "keyframeTimestamp" : 1251082.17660825
  },
  {
    "uuid" : "5E24070A-C339-4DB3-B4C7-C086BC413780",
    "transform" : [
      -0.30073237,
      -0.9534444,
      -0.022444991,
      0,
      0.238269,
      -0.052324284,
      -0.96978885,
      0,
      0.9234655,
      -0.29699484,
      0.24291186,
      0,
      0.72772515,
      -0.9691069,
      -7.9728017,
      1
    ],
    "keyframeTimestamp" : 1251238.167852083
  },
  {
    "uuid" : "E2A968F7-4DA2-466C-A981-EFAFCFD5AFC1",
    "transform" : [
      -0.115176186,
      -0.9930081,
      0.02587196,
      0,
      -0.639671,
      0.094069555,
      0.7628707,
      0,
      -0.75997066,
      0.071314976,
      -0.64603317,
      0,
      -5.104341,
      -1.2696639,
      -3.6319146,
      0.99999994
    ],
    "keyframeTimestamp" : 1251151.852472541
  },
  {
    "uuid" : "430CA043-0868-4863-BBE7-8805B4303237",
    "transform" : [
      -0.14699762,
      -0.85652167,
      0.49473414,
      0,
      0.960778,
      -0.0047318907,
      0.27727845,
      0,
      -0.23515393,
      0.51608884,
      0.8236226,
      0,
      -0.9531212,
      -1.4118038,
      1.9997166,
      0.9999999
    ],
    "keyframeTimestamp" : 1251180.894929916
  },
  {
    "uuid" : "997C2113-8C14-4578-A754-445282F8698A",
    "transform" : [
      0.27119035,
      -0.94482404,
      0.1837496,
      0,
      -0.27688113,
      0.10625841,
      0.95501167,
      0,
      -0.9218423,
      -0.30986652,
      -0.23278746,
      0,
      -0.44767165,
      -1.1178801,
      -7.6130567,
      1
    ],
    "keyframeTimestamp" : 1251274.354396458
  },
  {
    "uuid" : "E1551001-2AD7-4BE4-BE12-9F5C7A320B9A",
    "transform" : [
      -0.217949,
      -0.861138,
      -0.4592811,
      0,
      -0.9022108,
      -0.0016818235,
      0.43129197,
      0,
      -0.37217438,
      0.50836784,
      -0.77656156,
      0,
      -1.5226569,
      -1.3922677,
      -10.277285,
      1
    ],
    "keyframeTimestamp" : 1251316.705251416
  },
  {
    "uuid" : "0AB24149-8316-4B2F-A909-BCBBA2842A75",
    "transform" : [
      -0.06229508,
      -0.99398977,
      0.090015374,
      0,
      0.38801512,
      0.058975913,
      0.91976374,
      0,
      -0.91954535,
      0.09222415,
      0.38200936,
      0,
      -1.6681211,
      -1.2482301,
      -1.2359625,
      0.99999994
    ],
    "keyframeTimestamp" : 1251105.790516625
  },
  {
    "uuid" : "D001C3A1-7B15-47D8-887C-41C703592318",
    "transform" : [
      0.23840725,
      -0.943672,
      0.22944973,
      0,
      0.5937822,
      -0.045319118,
      -0.80334944,
      0,
      0.7684958,
      0.32776695,
      0.54953027,
      0,
      -3.61926,
      -1.376269,
      2.2495458,
      0.99999994
    ],
    "keyframeTimestamp" : 1251164.108945166
  },
  {
    "uuid" : "1A48ADD3-6EC0-43E2-BC94-7B88D0B07156",
    "transform" : [
      0.3308178,
      -0.94333667,
      0.026004694,
      0,
      0.13649079,
      0.075095974,
      0.98779154,
      0,
      -0.93377227,
      -0.32322937,
      0.15359974,
      0,
      -4.933869,
      -1.1443142,
      -11.755021,
      0.9999999
    ],
    "keyframeTimestamp" : 1251286.549851875
  },
  {
    "uuid" : "B7060CED-C0B9-4AFC-925F-7034AD27755C",
    "transform" : [
      -0.31588855,
      -0.83908695,
      0.44288543,
      0,
      0.84434015,
      -0.035684627,
      0.53461874,
      0,
      -0.4327872,
      0.54282564,
      0.7197468,
      0,
      -1.0629609,
      -1.4127429,
      2.0945315,
      1
    ],
    "keyframeTimestamp" : 1251180.611833875
  },
  {
    "uuid" : "1569E80C-5C53-4A85-A40D-5536A702EEDF",
    "transform" : [
      -0.15277436,
      -0.9737647,
      -0.16864876,
      0,
      0.49157086,
      0.07316655,
      -0.86775875,
      0,
      0.8573324,
      -0.21547411,
      0.46749654,
      0,
      -3.292189,
      -1.2225912,
      -9.584496,
      1
    ],
    "keyframeTimestamp" : 1251281.684997875
  },
  {
    "uuid" : "7D4B109B-A6C3-4BC0-B6E4-E9496AD3F53F",
    "transform" : [
      -0.041504312,
      -0.99767244,
      -0.05410011,
      0,
      -0.9393317,
      0.057415016,
      -0.33817074,
      0,
      0.34048975,
      0.036782414,
      -0.9395282,
      0,
      -5.022217,
      -1.2165267,
      -4.4324303,
      1
    ],
    "keyframeTimestamp" : 1251147.339551541
  },
  {
    "uuid" : "0CE4221D-1377-49D6-A1CB-DC17E084BD7C",
    "transform" : [
      0.11795948,
      -0.9900175,
      -0.07714325,
      0,
      0.95413154,
      0.09147054,
      0.28507233,
      0,
      -0.27517042,
      -0.10723185,
      0.95539725,
      0,
      0.6169042,
      1.5468174,
      -3.0941567,
      1
    ],
    "keyframeTimestamp" : 1251048.970462416
  },
  {
    "uuid" : "BB6B0CEA-814B-4796-896B-06B6543C4C1C",
    "transform" : [
      -0.030559927,
      -0.9714578,
      -0.23523256,
      0,
      -0.9886142,
      -0.005313481,
      0.15037799,
      0,
      -0.14733593,
      0.23714992,
      -0.9602354,
      0,
      0.57349867,
      -1.3383018,
      -7.1115236,
      0.9999999
    ],
    "keyframeTimestamp" : 1251243.56584725
  },
  {
    "uuid" : "E2E0913B-0E21-4DB4-ACEF-ABBEE72A3DDE",
    "transform" : [
      -0.17109798,
      -0.9591821,
      0.22515596,
      0,
      -0.9188116,
      0.07283776,
      -0.38791844,
      0,
      0.35568467,
      -0.27324805,
      -0.8937705,
      0,
      4.3562527,
      -1.1143398,
      -7.692348,
      1
    ],
    "keyframeTimestamp" : 1251260.359605916
  },
  {
    "uuid" : "701B8DFB-84BD-442B-9274-21305E9CD491",
    "transform" : [
      -0.11757999,
      -0.9830403,
      -0.14073513,
      0,
      -0.72185296,
      -0.012719062,
      0.6919296,
      0,
      -0.6819849,
      0.18294713,
      -0.70811516,
      0,
      -3.8551419,
      -1.2957938,
      -7.2581697,
      1
    ],
    "keyframeTimestamp" : 1251133.817414333
  },
  {
    "uuid" : "D0F47CDC-4C4D-4F1D-8236-0867A6E49F70",
    "transform" : [
      -0.026165837,
      -0.9990016,
      -0.03619733,
      0,
      0.9958305,
      -0.022882894,
      -0.08831275,
      0,
      0.08739635,
      -0.038357195,
      0.9954356,
      0,
      -1.6420097,
      -1.2235925,
      -1.010031,
      1
    ],
    "keyframeTimestamp" : 1251103.309226125
  },
  {
    "uuid" : "0ADCEE84-5F93-45DC-A373-8949185128D9",
    "transform" : [
      0.009290693,
      -0.9951173,
      -0.09825184,
      0,
      -0.9661026,
      0.01641741,
      -0.25763404,
      0,
      0.25798947,
      0.09731507,
      -0.9612343,
      0,
      0.56587505,
      1.510102,
      -3.1235654,
      1
    ],
    "keyframeTimestamp" : 1251058.379440916
  },
  {
    "uuid" : "FB009973-EED4-4E61-A963-98EE89D76205",
    "transform" : [
      0.046479892,
      -0.92319614,
      0.38150647,
      0,
      0.9926596,
      -1.6266456e-06,
      -0.12094211,
      0,
      0.111654,
      0.38432768,
      0.91642004,
      0,
      -0.9420643,
      -1.3609641,
      -5.8625755,
      1
    ],
    "keyframeTimestamp" : 1251194.684177208
  },
  {
    "uuid" : "126D366D-E9DB-4081-956A-7A40924693F5",
    "transform" : [
      -0.20811301,
      -0.9592159,
      -0.19129345,
      0,
      -0.82079834,
      0.06490306,
      0.56751937,
      0,
      -0.5319582,
      0.2751215,
      -0.8008301,
      0,
      0.7593416,
      -1.3334864,
      -3.0693295,
      0.99999994
    ],
    "keyframeTimestamp" : 1251115.216087208
  },
  {
    "uuid" : "3EE6F12D-CE03-40FA-88EB-65B004D8848E",
    "transform" : [
      -0.1063655,
      -0.971547,
      -0.21161976,
      0,
      -0.9931642,
      0.09351472,
      0.06986325,
      0,
      -0.0480859,
      0.21760419,
      -0.9748525,
      0,
      -4.107484,
      -1.3321422,
      -0.035689723,
      1.0000001
    ],
    "keyframeTimestamp" : 1251158.513602041
  },
  {
    "uuid" : "20CDCCD4-09AD-4D2A-931B-96C4A2BB6D1B",
    "transform" : [
      -0.4452341,
      -0.87957305,
      -0.16768387,
      0,
      -0.46761882,
      0.068700776,
      0.8812564,
      0,
      -0.763609,
      0.47077715,
      -0.44189268,
      0,
      -1.757016,
      -1.3703185,
      -1.8920708,
      0.99999994
    ],
    "keyframeTimestamp" : 1251108.454989083
  },
  {
    "uuid" : "4D65C135-4FC9-4DA1-A4DB-AAC2A4995A5A",
    "transform" : [
      0.09182982,
      -0.98261845,
      -0.16133301,
      0,
      -0.8701386,
      -0.0004056477,
      -0.49280715,
      0,
      0.48417607,
      0.1856365,
      -0.85505146,
      0,
      -5.533723,
      -1.3355677,
      -3.8903575,
      1
    ],
    "keyframeTimestamp" : 1251148.455292625
  },
  {
    "uuid" : "97973637-EC0C-40C3-AE5E-8FD7EFDAD8BB",
    "transform" : [
      0.29330337,
      -0.91066676,
      0.29096064,
      0,
      -0.69712013,
      0.0045398795,
      0.7169422,
      0,
      -0.6542158,
      -0.41311562,
      -0.63351184,
      0,
      0.6607761,
      1.6292019,
      -3.1212397,
      1
    ],
    "keyframeTimestamp" : 1251054.432667583
  },
  {
    "uuid" : "6D1BA983-2970-4B84-88CF-A3CF04FFE0D6",
    "transform" : [
      0.06171021,
      -0.9973428,
      0.038705364,
      0,
      -0.04779313,
      -0.04168756,
      -0.9979877,
      0,
      0.99694926,
      0.05973615,
      -0.05023866,
      0,
      0.8301362,
      1.467579,
      -2.7040648,
      1
    ],
    "keyframeTimestamp" : 1251044.624008541
  },
  {
    "uuid" : "FA9D6CFC-4921-4D2D-9075-A1057892548D",
    "transform" : [
      0.12247151,
      -0.99245703,
      0.005247273,
      0,
      0.5131569,
      0.067848496,
      0.8556076,
      0,
      -0.84951174,
      -0.10209509,
      0.51759684,
      0,
      0.4382754,
      -1.2126607,
      -2.596115,
      0.9999999
    ],
    "keyframeTimestamp" : 1251113.417568666
  },
  {
    "uuid" : "1A20CC82-BE61-41A9-8F5B-20B56B2E026F",
    "transform" : [
      0.21519189,
      -0.97651553,
      0.010435709,
      0,
      0.13242333,
      0.039765753,
      0.9903949,
      0,
      -0.96755165,
      -0.2117431,
      0.1378707,
      0,
      -1.5583756,
      -1.1622913,
      -9.938635,
      1
    ],
    "keyframeTimestamp" : 1251318.204690666
  },
  {
    "uuid" : "E620C187-65F8-4E86-923D-6C77F3DDD765",
    "transform" : [
      -0.5433987,
      -0.72892684,
      0.4163937,
      0,
      0.54064363,
      0.07557744,
      0.83785015,
      0,
      -0.64220136,
      0.68040687,
      0.3530209,
      0,
      3.8181412,
      -1.5310693,
      -6.312438,
      1
    ],
    "keyframeTimestamp" : 1251253.961985416
  },
  {
    "uuid" : "1C86DE1A-FDF5-4C8E-BBF8-29CA8339B5E9",
    "transform" : [
      0.2120959,
      -0.7362281,
      -0.6426379,
      0,
      -0.9423085,
      0.020198159,
      -0.33413878,
      0,
      0.25898224,
      0.6764317,
      -0.6894694,
      0,
      1.2044625,
      1.2483982,
      -1.3213412,
      0.99999994
    ],
    "keyframeTimestamp" : 1251085.040922791
  },
  {
    "uuid" : "121A8AD9-1E1C-4914-AEFF-5A9336343163",
    "transform" : [
      -0.0046199225,
      -0.89342356,
      -0.44919062,
      0,
      -0.99998754,
      0.004955488,
      0.00042855955,
      0,
      0.0018430541,
      0.4491871,
      -0.89343566,
      0,
      -1.6231599,
      -1.414624,
      1.8607488,
      1
    ],
    "keyframeTimestamp" : 1251170.686794916
  },
  {
    "uuid" : "BD494C6D-CC99-4300-A752-9747ED42C71A",
    "transform" : [
      -0.0068398267,
      -0.9914378,
      0.13040382,
      0,
      0.9859527,
      0.015077724,
      0.16634767,
      0,
      -0.16688943,
      0.12970969,
      0.97740704,
      0,
      -0.30012202,
      -1.2707516,
      -7.1540866,
      1.0000001
    ],
    "keyframeTimestamp" : 1251223.806530875
  },
  {
    "uuid" : "B49C1F0A-1DD9-4B79-AFBE-44526D52DEB9",
    "transform" : [
      0.057528317,
      -0.9781027,
      0.20001428,
      0,
      -0.7389891,
      0.09298686,
      0.66726995,
      0,
      -0.6712571,
      -0.18619518,
      -0.71745753,
      0,
      -3.9334466,
      -1.1755538,
      -12.4542675,
      1
    ],
    "keyframeTimestamp" : 1251294.446904083
  },
  {
    "uuid" : "D9D83E66-2999-432E-9FC7-275FAD398D05",
    "transform" : [
      0.00084093964,
      -0.9999821,
      0.0058843023,
      0,
      -0.7888745,
      -0.004279613,
      -0.6145405,
      0,
      0.6145545,
      -0.004125182,
      -0.7888639,
      0,
      -5.767976,
      -1.2714226,
      -3.8470469,
      1
    ],
    "keyframeTimestamp" : 1251148.904919541
  },
  {
    "uuid" : "6D29A5F1-ADED-44E3-BDF0-A1B07F099322",
    "transform" : [
      0.052892737,
      -0.99227947,
      0.11217654,
      0,
      -0.61775696,
      0.055745747,
      0.7843907,
      0,
      -0.78458863,
      -0.11078649,
      -0.6100394,
      0,
      0.9211275,
      1.4722469,
      -2.6791265,
      1
    ],
    "keyframeTimestamp" : 1251076.331405333
  },
  {
    "uuid" : "5C72FA75-911C-416C-885B-C9C5685E099B",
    "transform" : [
      -0.22807987,
      -0.9719741,
      -0.056964226,
      0,
      0.088696174,
      -0.079004996,
      0.9929215,
      0,
      -0.969594,
      0.22141276,
      0.10422976,
      0,
      1.2241542,
      1.500684,
      -4.5854807,
      0.99999994
    ],
    "keyframeTimestamp" : 1251072.334682416
  },
  {
    "uuid" : "3E5F9D35-236D-4200-B59F-2B2281240C8A",
    "transform" : [
      0.2528007,
      -0.9654156,
      0.06373486,
      0,
      0.08916277,
      -0.042347737,
      -0.9951165,
      0,
      0.9634007,
      0.2572491,
      0.07537369,
      0,
      1.0645232,
      1.0688975,
      -2.7821686,
      0.9999999
    ],
    "keyframeTimestamp" : 1251062.925721291
  },
  {
    "uuid" : "E33FE841-E552-4074-AD91-F462DD87A390",
    "transform" : [
      0.013064913,
      -0.9996402,
      0.023433594,
      0,
      0.37628967,
      0.026628088,
      0.9261203,
      0,
      -0.92641085,
      -0.0032818574,
      0.37650207,
      0,
      1.8698578,
      -1.2737088,
      -6.721524,
      1
    ],
    "keyframeTimestamp" : 1251246.531412625
  },
  {
    "uuid" : "A36E0044-E2F0-403D-A77A-90A58099DA70",
    "transform" : [
      0.25989586,
      -0.96023715,
      0.10197019,
      0,
      0.45066112,
      0.027221391,
      -0.89228004,
      0,
      0.85402524,
      0.27785406,
      0.43981653,
      0,
      -0.9364737,
      -1.3264046,
      -8.075922,
      1
    ],
    "keyframeTimestamp" : 1251278.419548041
  },
  {
    "uuid" : "2728779F-0424-4F96-A8F4-1B244C84FDD4",
    "transform" : [
      0.30390665,
      -0.93931776,
      0.15912704,
      0,
      0.5837448,
      0.051594757,
      -0.8102964,
      0,
      0.75291616,
      0.33914417,
      0.5640023,
      0,
      0.13594133,
      0.016178569,
      0.33933318,
      0.9999999
    ],
    "keyframeTimestamp" : 1251090.902770875
  },
  {
    "uuid" : "E64CC5B1-A319-4C3B-9E55-C11EA78414D3",
    "transform" : [
      -0.32118148,
      -0.93837005,
      -0.12768841,
      0,
      -0.33162823,
      -0.014850022,
      0.9432938,
      0,
      -0.88705456,
      0.34531343,
      -0.3064204,
      0,
      0.22133392,
      -1.3276452,
      -9.850987,
      0.99999994
    ],
    "keyframeTimestamp" : 1251228.671385458
  },
  {
    "uuid" : "3DEB7628-7FCC-4EE7-AA26-CBC49B86726D",
    "transform" : [
      -0.15471417,
      -0.98261285,
      0.10264212,
      0,
      0.51342684,
      0.008794577,
      0.85808897,
      0,
      -0.844072,
      0.18545772,
      0.5031392,
      0,
      2.6437821,
      -1.3144262,
      -6.869605,
      1
    ],
    "keyframeTimestamp" : 1251251.59619825
  },
  {
    "uuid" : "00BC2874-5EB9-4CBD-9BF9-F333882DBD51",
    "transform" : [
      0.013090352,
      -0.9761209,
      0.21683474,
      0,
      -0.967438,
      0.04245519,
      0.24952415,
      0,
      -0.2527715,
      -0.21304053,
      -0.9437807,
      0,
      -2.429755,
      -1.1449808,
      -6.5130463,
      0.9999999
    ],
    "keyframeTimestamp" : 1251135.965638166
  },
  {
    "uuid" : "020AD296-06FE-438D-A0A7-0C341AF49121",
    "transform" : [
      -0.18587297,
      -0.84239024,
      -0.50579697,
      0,
      -0.9515673,
      0.026027575,
      0.30633882,
      0,
      -0.24489202,
      0.5382395,
      -0.8064283,
      0,
      -1.5428045,
      -1.4205894,
      -10.333532,
      1
    ],
    "keyframeTimestamp" : 1251316.538647041
  },
  {
    "uuid" : "BA117221-F92F-4A30-A78F-E0142BFDF122",
    "transform" : [
      -0.016411792,
      -0.99835604,
      0.054890513,
      0,
      -0.9902101,
      0.008617602,
      -0.13932613,
      0,
      0.1386241,
      -0.05663972,
      -0.9887239,
      0,
      0.5855013,
      1.5502802,
      -3.1661265,
      0.9999999
    ],
    "keyframeTimestamp" : 1251058.063033
  },
  {
    "uuid" : "3D85CBC0-5740-4952-B0BC-7A2C4289AAC7",
    "transform" : [
      -0.3014037,
      -0.9459965,
      0.11935798,
      0,
      0.21343695,
      0.055065267,
      0.975404,
      0,
      -0.92930174,
      0.31946585,
      0.1853138,
      0,
      2.232769,
      -1.4075648,
      -6.7558465,
      0.99999994
    ],
    "keyframeTimestamp" : 1251250.496606625
  },
  {
    "uuid" : "646A1EB4-D716-471F-82CB-9A4CFE00E4B6",
    "transform" : [
      -0.026201922,
      -0.9843205,
      -0.17443214,
      0,
      -0.9681387,
      -0.018483907,
      0.24973147,
      0,
      -0.24904002,
      0.17541791,
      -0.95247453,
      0,
      1.0665538,
      1.3708413,
      -2.602698,
      1
    ],
    "keyframeTimestamp" : 1251077.2473205
  },
  {
    "uuid" : "A2E3A4AF-4278-4C47-B958-36EA532C072D",
    "transform" : [
      -0.18889745,
      -0.98059726,
      -0.05240523,
      0,
      -0.63961506,
      0.082368076,
      0.76427007,
      0,
      -0.74512464,
      0.17788783,
      -0.6427639,
      0,
      -5.236578,
      -1.288729,
      -3.6841989,
      1
    ],
    "keyframeTimestamp" : 1251151.68594425
  },
  {
    "uuid" : "5341BAB2-FEB6-4E55-9610-F46013E039F3",
    "transform" : [
      -0.23493506,
      -0.949935,
      0.2059875,
      0,
      0.69976234,
      -0.018205052,
      0.7141457,
      0,
      -0.67464095,
      0.3119196,
      0.6690048,
      0,
      0.9711847,
      1.325321,
      -4.0582094,
      1
    ],
    "keyframeTimestamp" : 1251069.054036875
  },
  {
    "uuid" : "8E5182CD-5FFF-4130-9156-5044D0DFCFB0",
    "transform" : [
      0.17799313,
      -0.9816658,
      0.06818733,
      0,
      0.5879187,
      0.050521344,
      -0.8073401,
      0,
      0.7890948,
      0.18378991,
      0.5861332,
      0,
      0.62788856,
      -1.3058722,
      -2.9829257,
      1
    ],
    "keyframeTimestamp" : 1251121.3776765
  },
  {
    "uuid" : "BB6D7A00-1A6F-418E-B2DD-9AC367C80E3F",
    "transform" : [
      -0.027196899,
      -0.99477607,
      0.09838827,
      0,
      -0.97066534,
      0.0027591414,
      -0.24041857,
      0,
      0.23889121,
      -0.102040745,
      -0.96567005,
      0,
      -4.816478,
      -1.2181897,
      -11.620772,
      1
    ],
    "keyframeTimestamp" : 1251297.045932958
  },
  {
    "uuid" : "9A731A4C-642E-4190-BF23-624ADC6FB3CB",
    "transform" : [
      0.13223813,
      -0.97575074,
      0.17442226,
      0,
      -0.50748926,
      0.08450756,
      0.85750395,
      0,
      -0.85145056,
      -0.20191222,
      -0.4840083,
      0,
      -0.56806374,
      -1.1132636,
      -7.734795,
      1
    ],
    "keyframeTimestamp" : 1251274.987493625
  },
  {
    "uuid" : "076E7928-1937-4CF1-A590-92FDC5C11F29",
    "transform" : [
      0.031255506,
      -0.9972805,
      0.06674037,
      0,
      0.96886265,
      0.013820778,
      -0.24721314,
      0,
      0.24561849,
      0.07238903,
      0.96665996,
      0,
      0.16276282,
      -1.2964373,
      -7.3545613,
      1
    ],
    "keyframeTimestamp" : 1251272.455103958
  },
  {
    "uuid" : "3EA88B09-42F2-4CD0-A6A2-1B8212134AF4",
    "transform" : [
      -0.17549203,
      -0.9806795,
      -0.08643345,
      0,
      -0.6679375,
      0.054108065,
      0.742248,
      0,
      -0.7232304,
      0.18799067,
      -0.664528,
      0,
      -4.8953905,
      -1.2896104,
      -10.713673,
      1
    ],
    "keyframeTimestamp" : 1251298.412088916
  },
  {
    "uuid" : "59DD8512-C26F-4672-BEF2-D3002ABD1CD4",
    "transform" : [
      -0.63941014,
      -0.7344174,
      -0.22756489,
      0,
      -0.333339,
      -0.001918712,
      0.94280577,
      0,
      -0.6928494,
      0.67869556,
      -0.24358298,
      0,
      3.2543802,
      -1.5298207,
      -6.3975415,
      0.9999998
    ],
    "keyframeTimestamp" : 1251252.895715333
  },
  {
    "uuid" : "61841382-0AF0-41E5-95DA-E81E802C4FCC",
    "transform" : [
      -0.066665396,
      -0.81933445,
      -0.56942636,
      0,
      -0.9892747,
      -0.020061545,
      0.14468506,
      0,
      -0.12996908,
      0.57296455,
      -0.80920947,
      0,
      -1.4053686,
      -1.4494271,
      -10.541524,
      1
    ],
    "keyframeTimestamp" : 1251309.941112625
  },
  {
    "uuid" : "79B713CC-45F5-44C3-86E7-3F2E1053EAE2",
    "transform" : [
      0.18568459,
      -0.9805325,
      0.06385381,
      0,
      0.39125782,
      0.014169836,
      -0.92017347,
      0,
      0.9013552,
      0.1958453,
      0.38627216,
      0,
      0.10467321,
      0.07168198,
      0.40181136,
      1
    ],
    "keyframeTimestamp" : 1251094.999400208
  },
  {
    "uuid" : "7BE32F8E-0CEC-4929-BBFF-E7942803BCCB",
    "transform" : [
      0.009434343,
      -0.88356084,
      0.4682215,
      0,
      0.99995035,
      0.009824514,
      -0.0016088719,
      0,
      -0.003178488,
      0.46821344,
      0.8836098,
      0,
      -0.88634944,
      -1.381217,
      1.9414196,
      1
    ],
    "keyframeTimestamp" : 1251181.161373625
  },
  {
    "uuid" : "141D1AAF-CEA6-4C38-81C5-612A01355B9D",
    "transform" : [
      -0.09354415,
      -0.97224367,
      0.21445662,
      0,
      0.9186598,
      -0.001248815,
      0.39505008,
      0,
      -0.383817,
      0.23396713,
      0.8932775,
      0,
      -3.441746,
      -1.3301593,
      -0.10394608,
      0.9999999
    ],
    "keyframeTimestamp" : 1251187.456100875
  },
  {
    "uuid" : "D7F2F32A-0D01-4F48-84D3-A437E2DA14AB",
    "transform" : [
      -0.13828918,
      -0.96407247,
      -0.22680394,
      0,
      -0.96127427,
      0.07553515,
      0.26504138,
      0,
      -0.23838748,
      0.25467306,
      -0.93718374,
      0,
      -3.5043995,
      -1.3518577,
      -2.6597712,
      1
    ],
    "keyframeTimestamp" : 1251154.017340916
  },
  {
    "uuid" : "EE6472FC-A6DD-46B7-89BD-356FE9941063",
    "transform" : [
      0.026227029,
      -0.99571186,
      -0.08871833,
      0,
      -0.7459745,
      0.039584752,
      -0.6647973,
      0,
      0.6654579,
      0.08361721,
      -0.74173695,
      0,
      -3.6470063,
      -1.266328,
      -0.67009455,
      0.99999994
    ],
    "keyframeTimestamp" : 1251157.581044416
  },
  {
    "uuid" : "1C77CF62-692B-4D84-B450-04D0BB0AD0AF",
    "transform" : [
      0.01478658,
      -0.9789807,
      -0.20341629,
      0,
      -0.8136875,
      0.10645271,
      -0.5714726,
      0,
      0.5811148,
      0.17396733,
      -0.79501003,
      0,
      -1.5371189,
      -1.1888933,
      -10.651943,
      1
    ],
    "keyframeTimestamp" : 1251314.539394416
  },
  {
    "uuid" : "03F2D262-0556-4455-A1C4-7FF5EA05169F",
    "transform" : [
      0.077168874,
      -0.9965855,
      0.029334674,
      0,
      0.93993723,
      0.082531884,
      0.33121848,
      0,
      -0.33250907,
      0.0020129997,
      0.9430982,
      0,
      0.64949876,
      1.5183448,
      -3.1190197,
      0.9999999
    ],
    "keyframeTimestamp" : 1251048.870543916
  },
  {
    "uuid" : "4B403EB9-A106-45EC-B7C6-C5303A679D28",
    "transform" : [
      0.14718251,
      -0.9620328,
      0.22985278,
      0,
      0.8780783,
      0.020109806,
      -0.47809508,
      0,
      0.45532048,
      0.27219564,
      0.84769917,
      0,
      1.1591463,
      1.3646024,
      -2.6159368,
      1
    ],
    "keyframeTimestamp" : 1251064.307923208
  },
  {
    "uuid" : "2FC3C12F-21CA-4E6B-900B-10393AD27162",
    "transform" : [
      0.021090489,
      -0.99919665,
      -0.034067947,
      0,
      0.86679536,
      0.0012937775,
      0.49866232,
      0,
      -0.49821776,
      -0.040046982,
      0.8661267,
      0,
      -2.009309,
      -1.2389164,
      -9.574908,
      1
    ],
    "keyframeTimestamp" : 1251304.243242458
  },
  {
    "uuid" : "8923EA36-2B95-4AAF-9011-15BD6048E2B6",
    "transform" : [
      0.2287308,
      -0.96676534,
      0.11421842,
      0,
      0.08813244,
      -0.096282594,
      -0.99144524,
      0,
      0.9694933,
      0.23684065,
      0.063180715,
      0,
      0.85360813,
      1.4198279,
      -2.644691,
      0.99999994
    ],
    "keyframeTimestamp" : 1251044.973723416
  },
  {
    "uuid" : "D1115D2F-C1BC-4CDF-8156-66D0AD22BAB3",
    "transform" : [
      0.18739775,
      -0.97942203,
      -0.0749277,
      0,
      -0.30692986,
      0.014074972,
      -0.95162797,
      0,
      0.9331001,
      0.20133051,
      -0.29797626,
      0,
      -1.3186781,
      -1.2907028,
      -6.624068,
      1
    ],
    "keyframeTimestamp" : 1251332.232790541
  },
  {
    "uuid" : "1C370B5E-15BF-4040-8C13-5E048DFA17AA",
    "transform" : [
      -0.27729464,
      -0.92000526,
      -0.27694458,
      0,
      -0.72423565,
      0.010740846,
      0.68947,
      0,
      -0.6313412,
      0.39175937,
      -0.6692786,
      0,
      -1.017511,
      -1.3664029,
      -6.2078133,
      1
    ],
    "keyframeTimestamp" : 1251203.21426275
  },
  {
    "uuid" : "8AC50BEF-5D88-4205-8655-E11378BC5190",
    "transform" : [
      -0.050032366,
      -0.95656,
      -0.28720975,
      0,
      -0.9888186,
      0.0069942065,
      0.14895925,
      0,
      -0.14047982,
      0.29145133,
      -0.94621533,
      0,
      1.1355919,
      1.3104941,
      -2.4936948,
      1
    ],
    "keyframeTimestamp" : 1251077.4804625
  },
  {
    "uuid" : "01783214-D609-4E33-876E-CF97BA9B8366",
    "transform" : [
      -0.14302301,
      -0.9882478,
      -0.053942226,
      0,
      0.28586555,
      0.010930941,
      -0.95820713,
      0,
      0.9475361,
      -0.15246592,
      0.28094274,
      0,
      -0.6844379,
      -1.1812891,
      -6.9696,
      0.9999999
    ],
    "keyframeTimestamp" : 1251200.148758166
  },
  {
    "uuid" : "DA0AC6E5-395A-448A-BA94-1BA4CF472CC3",
    "transform" : [
      0.016445793,
      -0.9998331,
      0.007901375,
      0,
      0.7717015,
      0.017717402,
      0.6357384,
      0,
      -0.63577276,
      -0.0043577207,
      0.7718647,
      0,
      -0.13525933,
