[
  {
    "uuid" : "F3E3238F-E9F7-4114-A36F-D96581ED41F6",
    "transform" : [
      0.3304205,
      -0.94297945,
      0.04014766,
      0,
      -0.0108535355,
      -0.046330165,
      -0.9988673,
      0,
      0.94377136,
      0.32961044,
      -0.025543079,
      0,
      0.090030044,
      -0.31097344,
      0.2715597,
      1.0000001
    ],
    "keyframeTimestamp" : 1251062.742538208
  },
  {
    "uuid" : "DF0F7B69-69D3-4A18-B433-C4A344387A55",
    "transform" : [
      -0.24043229,
      -0.9443118,
      0.22464971,
      0,
      0.7195735,
      -0.018067239,
      0.6941812,
      0,
      -0.6514647,
      0.32855552,
      0.6838459,
      0,
      0.123324946,
      -0.10451359,
      -0.7826311,
      0.9999999
    ],
    "keyframeTimestamp" : 1251068.587752041
  },
  {
    "uuid" : "01CFEC2B-2F42-4B54-A4E3-3980EBCE35B3",
    "transform" : [
      0.019595075,
      -0.99938,
      0.029249484,
      0,
      0.8235733,
      0.03272123,
      0.5662654,
      0,
      -0.5668714,
      0.012993079,
      0.8237039,
      0,
      -0.16743635,
      0.12560426,
      -0.10295058,
      0.9999999
    ],
    "keyframeTimestamp" : 1251048.33764575
  },
  {
    "uuid" : "92CA1619-34A6-4151-865E-35AD8D7DB6B6",
    "transform" : [
      -0.10482975,
      -0.9782683,
      0.1788904,
      0,
      0.9367083,
      -0.036706235,
      0.34818155,
      0,
      -0.33404863,
      0.20406786,
      0.92019993,
      0,
      0.3320578,
      -0.345325,
      -0.53208,
      1
    ],
    "keyframeTimestamp" : 1251067.122285583
  },
  {
    "uuid" : "D1B23718-449D-4470-A623-4F70FFA86E56",
    "transform" : [
      0.25246048,
      -0.9437459,
      0.21355918,
      0,
      0.5372018,
      -0.046863046,
      -0.8421509,
      0,
      0.80478454,
      0.3273341,
      0.49515107,
      0,
      -0.021145616,
      0.021971252,
      0.26852044,
      1
    ],
    "keyframeTimestamp" : 1251045.606540583
  },
  {
    "uuid" : "57C3EFFE-A147-4ECE-8CF5-5936AB97BFBD",
    "transform" : [
      0.25843808,
      -0.86917883,
      -0.4215895,
      0,
      0.81273216,
      -0.040274084,
      0.5812441,
      0,
      -0.5221842,
      -0.49285492,
      0.6960013,
      0,
      -0.48556024,
      0.30639237,
      0.16383374,
      1
    ],
    "keyframeTimestamp" : 1251050.119524375
  },
  {
    "uuid" : "30784F69-830B-4682-AEC8-E06A2B430375",
    "transform" : [
      0.1275406,
      -0.97340703,
      -0.19029458,
      0,
      0.97202194,
      0.08451476,
      0.21915996,
      0,
      -0.19724914,
      -0.21292223,
      0.95695204,
      0,
      -0.41689432,
      0.22259541,
      -0.040922493,
      1
    ],
    "keyframeTimestamp" : 1251049.087034
  },
  {
    "uuid" : "40B45E27-AECD-499E-A47A-3939DBC51017",
    "transform" : [
      -0.5208786,
      -0.8394773,
      0.15480083,
      0,
      0.2459349,
      0.026075486,
      0.96893567,
      0,
      -0.81743604,
      0.5427688,
      0.19287458,
      0,
      -0.29750225,
      -0.04812598,
      -0.05736675,
      0.99999994
    ],
    "keyframeTimestamp" : 1251052.084586166
  },
  {
    "uuid" : "D9AA71FA-AE0E-4515-898D-53FA1380F728",
    "transform" : [
      0.055971906,
      -0.9965459,
      -0.06134948,
      0,
      0.9974624,
      0.053103644,
      0.047427308,
      0,
      -0.044005573,
      -0.06384837,
      0.99698925,
      0,
      0.0021792464,
      0.13576195,
      0.009586841,
      1
    ],
    "keyframeTimestamp" : 1251047.388420333
  },
  {
    "uuid" : "21289DEB-4B94-4897-AF30-385A4C610E85",
    "transform" : [
      0.15933041,
      -0.94681203,
      0.27957264,
      0,
      0.88240224,
      0.009593227,
      -0.4703983,
      0,
      0.44269675,
      0.32164425,
      0.8369975,
      0,
      0.3286948,
      -0.00670699,
      0.12618113,
      0.99999994
    ],
    "keyframeTimestamp" : 1251065.073962708
  },
  {
    "uuid" : "25612CA2-631C-4EDF-B045-1F1EE04BA6E3",
    "transform" : [
      0.26066756,
      -0.9502658,
      0.1704321,
      0,
      0.350101,
      -0.07147512,
      -0.93398106,
      0,
      0.89971185,
      0.30312696,
      0.31405777,
      0,
      -0.089255236,
      0.03087283,
      0.3479383,
      1
    ],
    "keyframeTimestamp" : 1251045.340091125
  },
  {
    "uuid" : "12470091-2DAB-42AA-B40A-ADB4808893AB",
    "transform" : [
      -0.21102673,
      -0.9296477,
      -0.302031,
      0,
      0.7243208,
      0.058764648,
      -0.68695414,
      0,
      0.6563742,
      -0.36373308,
      0.6609624,
      0,
      -0.16517021,
      0.15607771,
      0.13997813,
      0.9999999
    ],
    "keyframeTimestamp" : 1251043.025311833
  },
  {
    "uuid" : "8923EA36-2B95-4AAF-9011-15BD6048E2B6",
    "transform" : [
      0.22844386,
      -0.9668426,
      0.11414311,
      0,
      0.08836943,
      -0.09616658,
      -0.9914347,
      0,
      0.9695383,
      0.23657396,
      0.06347071,
      0,
      -0.15327492,
      0.060156602,
      0.37755024,
      0.99999994
    ],
    "keyframeTimestamp" : 1251044.973723416
  },
  {
    "uuid" : "4C7088DE-23B3-4F3E-9D63-F8B3DD87A1FE",
    "transform" : [
      0.10296223,
      -0.99021643,
      -0.09418256,
      0,
      0.90900177,
      0.055224627,
      0.41311795,
      0,
      -0.40387496,
      -0.12814762,
      0.90579444,
      0,
      -0.09923741,
      0.15584879,
      -0.08606435,
      1
    ],
    "keyframeTimestamp" : 1251048.054543416
  },
  {
    "uuid" : "B608780C-8BAE-40E2-8303-DE0959EDD4A5",
    "transform" : [
      0.24878038,
      -0.9604529,
      0.12505268,
      0,
      -0.33401063,
      0.03611729,
      0.9418773,
      0,
      -0.9091453,
      -0.2760895,
      -0.31181628,
      0,
      -0.30489442,
      0.21709643,
      -0.019848645,
      1
    ],
    "keyframeTimestamp" : 1251053.8165045
  },
  {
    "uuid" : "F39C840A-4385-462D-8D16-FF6B8559B4C3",
    "transform" : [
      -0.0022453768,
      -0.9989521,
      0.045715302,
      0,
      0.99515164,
      -0.0067272917,
      -0.0981236,
      0,
      0.09832833,
      0.045273326,
      0.99412376,
      0,
      -0.08195307,
      0.06702854,
      0.04875561,
      1
    ],
    "keyframeTimestamp" : 1251041.659757291
  },
  {
    "uuid" : "72D382E5-4959-49B1-8979-63FB370ABCA6",
    "transform" : [
      0.0061758338,
      -0.99242836,
      0.12266909,
      0,
      -0.8893285,
      0.050638855,
      0.45445663,
      0,
      -0.4572275,
      -0.11189976,
      -0.8822821,
      0,
      -0.29303187,
      0.18205135,
      -0.12022989,
      0.99999994
    ],
    "keyframeTimestamp" : 1251055.565075291
  },
  {
    "uuid" : "9690ECA6-5490-4FE8-B424-1B889B73F7CB",
    "transform" : [
      0.114436105,
      -0.98866946,
      -0.09714298,
      0,
      -0.59676033,
      0.009763386,
      -0.80236036,
      0,
      0.79421765,
      0.14979005,
      -0.58888155,
      0,
      -0.06505036,
      0.13143694,
      0.41881484,
      0.99999994
    ],
    "keyframeTimestamp" : 1251060.128010583
  },
  {
    "uuid" : "519FFB34-8E60-4A3F-887E-C91592440AD4",
    "transform" : [
      -0.27372438,
      -0.941058,
      0.1987083,
      0,
      0.6588843,
      -0.032961812,
      0.75152206,
      0,
      -0.70067614,
      0.3366356,
      0.6290706,
      0,
      -0.06070255,
      -0.04348543,
      -1.1992093,
      1.0000001
    ],
    "keyframeTimestamp" : 1251069.287179208
  },
  {
    "uuid" : "B915B74B-0ED2-4EFF-A77C-2E975056E7F7",
    "transform" : [
      -0.08430783,
      -0.9931099,
      -0.081392206,
      0,
      -0.9313171,
      0.04948942,
      0.3608316,
      0,
      -0.35431743,
      0.10622286,
      -0.9290726,
      0,
      -0.2522954,
      0.11184162,
      -0.18297562,
      1
    ],
    "keyframeTimestamp" : 1251055.998054791
  },
  {
    "uuid" : "9BB70DD8-6E0C-43CB-9A9C-7FFA077C5E11",
    "transform" : [
      0.10050183,
      -0.98312426,
      0.15285951,
      0,
      0.9022057,
      0.025284158,
      -0.4305644,
      0,
      0.4194334,
      0.18118319,
      0.88952154,
      0,
      0.17281082,
      0.059537858,
      0.06912532,
      1
    ],
    "keyframeTimestamp" : 1251046.522460125
  },
  {
    "uuid" : "173206B9-D637-468B-A2CA-56DF647D3870",
    "transform" : [
      -0.40688923,
      -0.9127959,
      -0.03528517,
      0,
      -0.18746704,
      0.04563577,
      0.98121035,
      0,
      -0.8940345,
      0.40585864,
      -0.1896879,
      0,
      -0.31430888,
      0.004865125,
      0.01557076,
      1
    ],
    "keyframeTimestamp" : 1251052.58417825
  },
  {
    "uuid" : "4CC8A2FB-F883-4B3C-BF19-02885E2C7F33",
    "transform" : [
      0.13467519,
      -0.94693404,
      0.2918535,
      0,
      0.90327,
      -0.0037737703,
      -0.42905614,
      0,
      0.40738925,
      0.3214057,
      0.854829,
      0,
      0.47189316,
      -0.21318097,
      -0.5855977,
      1
    ],
    "keyframeTimestamp" : 1251066.35624625
  },
  {
    "uuid" : "6D9779EC-2788-435C-9D42-5709CA27B893",
    "transform" : [
      -0.28952917,
      -0.9342483,
      -0.20821385,
      0,
      0.4360773,
      0.06489563,
      -0.89756626,
      0,
      0.852062,
      -0.35066894,
      0.3886153,
      0,
      -0.1758809,
      0.16023156,
      0.18590158,
      1.0000001
    ],
    "keyframeTimestamp" : 1251043.574863791
  },
  {
    "uuid" : "CF43FAB8-540C-401E-AC47-2729022547AF",
    "transform" : [
      -0.2915155,
      -0.9354095,
      0.20006898,
      0,
      0.6403063,
      -0.035434563,
      0.76730204,
      0,
      -0.7106524,
      0.35178578,
      0.6092784,
      0,
      -0.057661235,
      -0.060077395,
      -1.2873834,
      1
    ],
    "keyframeTimestamp" : 1251069.387097375
  },
  {
    "uuid" : "73EC67F1-2E4F-4352-B9C2-5C0D73133633",
    "transform" : [
      0.25313488,
      -0.95899993,
      -0.12744229,
      0,
      -0.37668565,
      0.023633316,
      -0.9260395,
      0,
      0.89108396,
      0.28241858,
      -0.35525915,
      0,
      0.13852479,
      0.09787512,
      0.32938936,
      0.99999994
    ],
    "keyframeTimestamp" : 1251060.877397791
  },
  {
    "uuid" : "03F2D262-0556-4455-A1C4-7FF5EA05169F",
    "transform" : [
      0.0769666,
      -0.996604,
      0.02926656,
      0,
      0.93984157,
      0.08231911,
      0.33154413,
      0,
      -0.3328274,
      0.0019881113,
      0.94298583,
      0,
      -0.35720453,
      0.1588218,
      -0.09692228,
      1
    ],
    "keyframeTimestamp" : 1251048.870543916
  },
  {
    "uuid" : "73EDB135-C32F-4746-8F3E-66B0D87350BF",
    "transform" : [
      0.09040508,
      -0.96146923,
      -0.2596226,
      0,
      -0.9359626,
      0.0070506185,
      -0.35202914,
      0,
      0.34029564,
      0.27482218,
      -0.8992618,
      0,
      -0.4322493,
      0.08485716,
      -0.044452135,
      1
    ],
    "keyframeTimestamp" : 1251058.762461041
  },
  {
    "uuid" : "98CB767B-3878-48C6-8B58-5B12B8D618B2",
    "transform" : [
      0.19197744,
      -0.96671337,
      0.16914369,
      0,
      0.48732606,
      -0.055697244,
      -0.87144184,
      0,
      0.85185546,
      0.24972528,
      0.46041203,
      0,
      0.043314755,
      -0.26355547,
      0.3270276,
      1
    ],
    "keyframeTimestamp" : 1251063.425312375
  },
  {
    "uuid" : "4E8A3ECE-FC00-4C56-9D08-93019416C60C",
    "transform" : [
      0.016673766,
      -0.98235714,
      0.18626943,
      0,
      0.9951282,
      -0.0018005456,
      -0.098573916,
      0,
      0.09717022,
      0.18700556,
      0.97754145,
      0,
      0.41026586,
      -0.24936533,
      -0.55841285,
      1
    ],
    "keyframeTimestamp" : 1251066.755919
  },
  {
    "uuid" : "E8606B55-5E13-4DB2-8137-2DFAD87F1950",
    "transform" : [
      0.0026996685,
      -0.9827637,
      0.18484586,
      0,
      0.99858874,
      -0.0071551586,
      -0.052625928,
      0,
      0.05304148,
      0.18472706,
      0.9813576,
      0,
      -0.07613001,
      0.040558368,
      0.042253584,
      1
    ],
    "keyframeTimestamp" : 1251041.393307625
  },
  {
    "uuid" : "D994FE9B-8A86-4BAB-9E83-7BA48C28500D",
    "transform" : [
      0.12531528,
      -0.93881357,
      -0.32081977,
      0,
      0.97837687,
      0.06330855,
      0.19690384,
      0,
      -0.16454533,
      -0.33855763,
      0.926447,
      0,
      -0.44215345,
      0.2651121,
      0.0071751997,
      1
    ],
    "keyframeTimestamp" : 1251049.253565
  },
  {
    "uuid" : "57FCB923-AB68-4AA2-BC82-D86D791EE8F1",
    "transform" : [
      0.15964061,
      -0.8294579,
      -0.53527033,
      0,
      0.9708538,
      0.033726282,
      0.2372878,
      0,
      -0.17876758,
      -0.55755,
      0.8106665,
      0,
      -0.4757696,
      0.3126198,
      0.1136634,
      1
    ],
    "keyframeTimestamp" : 1251049.619932333
  },
  {
    "uuid" : "009F51F5-609E-4A63-98A5-EEDA2BD46119",
    "transform" : [
      -0.13490775,
      -0.9907775,
      0.012640598,
      0,
      0.03781778,
      -0.017896494,
      -0.99912435,
      0,
      0.99013615,
      -0.13431156,
      0.03988341,
      0,
      -0.17653069,
      0.1359893,
      0.24134308,
      1
    ],
    "keyframeTimestamp" : 1251044.240987416
  },
  {
    "uuid" : "3CF6DC8B-F886-4D20-954D-9DAB2B2348FE",
    "transform" : [
      0.16907053,
      -0.96087486,
      0.21939719,
      0,
      0.63778406,
      -0.063052356,
      -0.76763046,
      0,
      0.75143,
      0.26971158,
      0.6021702,
      0,
      0.048191436,
      -0.23835462,
      0.38110128,
      1
    ],
    "keyframeTimestamp" : 1251063.658454833
  },
  {
    "uuid" : "5341BAB2-FEB6-4E55-9610-F46013E039F3",
    "transform" : [
      -0.23493251,
      -0.94998884,
      0.20573784,
      0,
      0.6995119,
      -0.018275587,
      0.71438736,
      0,
      -0.67489994,
      0.3117488,
      0.66882205,
      0,
      -0.03547552,
      -0.034271967,
      -1.0360258,
      1
    ],
    "keyframeTimestamp" : 1251069.054036875
  },
  {
    "uuid" : "F6FA7BB5-7077-49CB-A1B5-1FE1B12481F1",
    "transform" : [
      -0.03521083,
      -0.92756855,
      0.37198994,
      0,
      0.9992168,
      -0.039403472,
      -0.0036726235,
      0,
      0.018064326,
      0.3715692,
      0.9282296,
      0,
      -0.030741192,
      -0.000923045,
      0.019183412,
      1
    ],
    "keyframeTimestamp" : 1251040.394120583
  },
  {
    "uuid" : "19F4B7AB-FE61-40F1-9CB7-704730963606",
    "transform" : [
      0.39732596,
      -0.90830356,
      -0.13083082,
      0,
      -0.259972,
      0.025316779,
      -0.9652844,
      0,
      0.8800835,
      0.41754478,
      -0.2260745,
      0,
      0.25985315,
      0.011398111,
      0.34718072,
      1
    ],
    "keyframeTimestamp" : 1251061.32702975
  },
  {
    "uuid" : "4E55F9BD-E17E-44DB-BDAB-53A651ABC7D0",
    "transform" : [
      0.01679683,
      -0.9925205,
      0.12091651,
      0,
      0.9169947,
      0.06349602,
      0.3938132,
      0,
      -0.3985454,
      0.10426497,
      0.91120255,
      0,
      -0.31629202,
      0.12936226,
      -0.11635889,
      0.99999994
    ],
    "keyframeTimestamp" : 1251048.753972458
  },
  {
    "uuid" : "D0C83C5F-BAD3-4245-8F6B-0BEF536DDDD0",
    "transform" : [
      0.21819247,
      -0.9448192,
      0.24435325,
      0,
      0.7841257,
      0.020668847,
      -0.6202579,
      0,
      0.58098114,
      0.32693925,
      0.7453669,
      0,
      0.44219866,
      -0.13989249,
      -0.4417629,
      1
    ],
    "keyframeTimestamp" : 1251065.840002416
  },
  {
    "uuid" : "AE84DFB0-C2D7-4B96-B8D0-DCD925012E07",
    "transform" : [
      0.3927053,
      -0.91959625,
      -0.011169132,
      0,
      -0.14419793,
      -0.049574744,
      -0.98830616,
      0,
      0.9082895,
      0.38972375,
      -0.15207219,
      0,
      0.15771842,
      -0.2921303,
      0.34888557,
      1
    ],
    "keyframeTimestamp" : 1251062.509395541
  },
  {
    "uuid" : "86D654F2-4339-4FD1-90D9-AF2BC5642E10",
    "transform" : [
      -0.048309375,
      -0.9875412,
      0.14976083,
      0,
      -0.99710506,
      0.05649476,
      0.05089036,
      0,
      -0.058717057,
      -0.14686881,
      -0.98741174,
      0,
      -0.42136747,
      0.19010682,
      -0.17531171,
      1
    ],
    "keyframeTimestamp" : 1251057.346952166
  },
  {
    "uuid" : "A4A4A765-D00E-43DB-B259-1DA343AC8426",
    "transform" : [
      0.05190358,
      -0.99419224,
      0.09427504,
      0,
      0.9731814,
      0.029169124,
      -0.22818214,
      0,
      0.22410703,
      0.103590176,
      0.9690435,
      0,
      0.11583804,
      0.08759339,
      0.034579217,
      1
    ],
    "keyframeTimestamp" : 1251046.872174833
  },
  {
    "uuid" : "13B03EDA-51F0-447C-8733-B20DF9E3AF29",
    "transform" : [
      -0.03445856,
      -0.98807734,
      0.1500521,
      0,
      0.890862,
      0.037681364,
      0.45270893,
      0,
      -0.45296562,
      0.14927542,
      0.87894213,
      0,
      -0.2428203,
      0.107152864,
      -0.1188513,
      0.99999994
    ],
    "keyframeTimestamp" : 1251048.554135708
  },
  {
    "uuid" : "83B9339C-F8C3-4F3F-8F2C-AD05CEECFBB7",
    "transform" : [
      -0.26701286,
      -0.9589714,
      -0.09527821,
      0,
      0.19973567,
      0.04165081,
      -0.97896415,
      0,
      0.9427671,
      -0.2804264,
      0.18041956,
      0,
      -0.16462809,
      0.15459682,
      0.21561205,
      1
    ],
    "keyframeTimestamp" : 1251043.957885
  },
  {
    "uuid" : "26BEF083-8A7A-4D5E-AF3F-0A36B33B057A",
    "transform" : [
      0.104409024,
      -0.98207235,
      -0.15694696,
      0,
      -0.77722067,
      0.017887328,
      -0.62897396,
      0,
      0.6205053,
      0.18765293,
      -0.7614196,
      0,
      -0.18160236,
      0.116703466,
      0.36141738,
      1
    ],
    "keyframeTimestamp" : 1251059.87821525
  },
  {
    "uuid" : "93453FAC-790E-48D8-A54C-F9F269880DA4",
    "transform" : [
      -0.2583079,
      -0.94095606,
      0.21881147,
      0,
      0.70734715,
      -0.029950265,
      0.7062314,
      0,
      -0.6579793,
      0.33720085,
      0.6733191,
      0,
      0.22047779,
      -0.15428346,
      -0.67295223,
      1
    ],
    "keyframeTimestamp" : 1251068.35460975
  },
  {
    "uuid" : "6643BDF2-6F69-4B60-8B27-17796DC1DA09",
    "transform" : [
      -0.08454289,
      -0.9594269,
      -0.26898474,
      0,
      -0.9897289,
      0.049625657,
      0.13406841,
      0,
      -0.1152803,
      0.2775564,
      -0.9537679,
      0,
      -0.36989984,
      0.076212205,
      -0.14745319,
      1
    ],
    "keyframeTimestamp" : 1251056.580911541
  },
  {
    "uuid" : "01A6E554-CCB4-42F5-B99D-310107330B60",
    "transform" : [
      0.12645838,
      -0.88898706,
      -0.44012505,
      0,
      0.98146147,
      0.04771172,
      0.18562657,
      0,
      -0.14402051,
      -0.45543978,
      0.8785402,
      0,
      -0.46755162,
      0.301014,
      0.0678475,
      1
    ],
    "keyframeTimestamp" : 1251049.470054583
  },
  {
    "uuid" : "A6B975A9-A7B3-4115-8626-A4690531E8F6",
    "transform" : [
      0.19255406,
      -0.9336202,
      0.30211958,
      0,
      0.8732212,
      0.022567978,
      -0.4868018,
      0,
      0.44766966,
      0.3575528,
      0.81960243,
      0,
      0.36577898,
      -0.059043862,
      -0.15875182,
      1
    ],
    "keyframeTimestamp" : 1251065.440329416
  },
  {
    "uuid" : "90CCB0F0-C82B-49CE-BE78-465D5A271DDA",
    "transform" : [
      0.2731146,
      -0.94567496,
      0.17637281,
      0,
      -0.47965118,
      0.025058402,
      0.8771014,
      0,
      -0.8338724,
      -0.32414663,
      -0.44675037,
      0,
      -0.30428967,
      0.23747991,
      -0.04319433,
      1
    ],
    "keyframeTimestamp" : 1251053.999688166
  },
  {
    "uuid" : "CD054124-4841-46E3-BD5D-2D28E5976815",
    "transform" : [
      0.029742679,
      -0.99904495,
      0.032008085,
      0,
      0.9956814,
      0.026794765,
      -0.0888855,
      0,
      0.087942995,
      0.03451354,
      0.99552745,
      0,
      0.055138912,
      0.11072084,
      0.02320541,
      0.99999994
    ],
    "keyframeTimestamp" : 1251047.121971208
  },
  {
    "uuid" : "A88D885C-DF5F-4301-BA56-9D1040AA7941",
    "transform" : [
      0.10338978,
      -0.9741231,
      -0.20098457,
      0,
      -0.853247,
      0.01698176,
      -0.5212308,
      0,
      0.51115596,
      0.22537938,
      -0.8294118,
      0,
      -0.24961957,
      0.09491931,
      0.25834292,
      1
    ],
    "keyframeTimestamp" : 1251059.611766375
  },
  {
    "uuid" : "627157BA-149F-4269-906D-524480340D35",
    "transform" : [
      -0.07496891,
      -0.98087096,
      0.17964296,
      0,
      0.9775728,
      -0.036737848,
      0.20736955,
      0,
      -0.1968031,
      0.19116029,
      0.96162695,
      0,
      0.3543021,
      -0.33189037,
      -0.54010457,
      0.9999999
    ],
    "keyframeTimestamp" : 1251067.005714666
  },
  {
    "uuid" : "F1C04DA7-8D5B-449F-9AAA-8DEF74CAFDC1",
    "transform" : [
      0.081584506,
      -0.9744063,
      0.20946676,
      0,
      0.9628896,
      0.022808656,
      -0.26893032,
      0,
      0.25726974,
      0.2236339,
      0.9401065,
      0,
      0.4472113,
      -0.2112908,
      -0.57250077,
      1
    ],
    "keyframeTimestamp" : 1251066.589388583
  },
  {
    "uuid" : "BC891FFC-7274-4683-80A3-C67877D28961",
    "transform" : [
      -0.16115402,
      -0.9279284,
      -0.3361229,
      0,
      0.8298,
      0.05697779,
      -0.55514485,
      0,
      0.5342862,
      -0.36837843,
      0.76081264,
      0,
      -0.15033069,
      0.15302187,
      0.119295605,
      1
    ],
    "keyframeTimestamp" : 1251042.775515166
  },
  {
    "uuid" : "E3C5B4DB-0775-4E3C-849A-9D212FED6950",
    "transform" : [
      -0.16788772,
      -0.9857358,
      0.011758233,
      0,
      -0.14092623,
      0.035803765,
      0.9893722,
      0,
      -0.975681,
      0.16444644,
      -0.14492713,
      0,
      -0.3226664,
      0.08390578,
      0.029625893,
      0.9999999
    ],
    "keyframeTimestamp" : 1251052.900586166
  },
  {
    "uuid" : "321A06CE-FF74-4CE2-B093-0BAB63718542",
    "transform" : [
      -0.24806903,
      -0.94750655,
      0.20172505,
      0,
      0.7159792,
      -0.039054316,
      0.6970284,
      0,
      -0.6525607,
      0.3173421,
      0.6880832,
      0,
      0.0017760284,
      -0.04544785,
      -0.9484179,
      1
    ],
    "keyframeTimestamp" : 1251068.904159541
  },
  {
    "uuid" : "2F1A5909-475D-42D7-8092-F4BE4B42D5F0",
    "transform" : [
      0.21867324,
      -0.81879026,
      -0.5308152,
      0,
      0.9266843,
      0.0038462603,
      0.3758216,
      0,
      -0.30567732,
      -0.57408,
      0.759601,
      0,
      -0.4770109,
      0.319893,
      0.15726441,
      1
    ],
    "keyframeTimestamp" : 1251049.853075541
  },
  {
    "uuid" : "AE06AEC9-549F-44C0-A99D-3340D97D4F1B",
    "transform" : [
      0.28390083,
      -0.93172485,
      0.22647065,
      0,
      -0.59902275,
      0.01208362,
      0.80064094,
      0,
      -0.74871373,
      -0.3629637,
      -0.5546938,
      0,
      -0.31992036,
      0.2518164,
      -0.07037579,
      1
    ],
    "keyframeTimestamp" : 1251054.19952475
  },
  {
    "uuid" : "D2DA4366-307C-4AA5-B9A5-E8FD80BF5838",
    "transform" : [
      -0.25128007,
      -0.9474286,
      0.19808368,
      0,
      0.674406,
      -0.024580913,
      0.73795146,
      0,
      -0.69428736,
      0.3190213,
      0.6451284,
      0,
      -0.05572336,
      -0.032764103,
      -1.1244451,
      1
    ],
    "keyframeTimestamp" : 1251069.187261083
  },
  {
    "uuid" : "0ADCEE84-5F93-45DC-A373-8949185128D9",
    "transform" : [
      0.009480057,
      -0.9951072,
      -0.098344535,
      0,
      -0.9660137,
      0.016292477,
      -0.25797698,
      0,
      0.25831705,
      0.09744779,
      -0.9611329,
      0,
      -0.44093147,
      0.15044418,
      -0.1013356,
      1
    ],
    "keyframeTimestamp" : 1251058.379440916
  },
  {
    "uuid" : "C4A53196-2263-4BC0-99BD-D517ABF79040",
    "transform" : [
      -0.18742278,
      -0.96560794,
      0.18020551,
      0,
      0.765197,
      -0.028493283,
      0.64316565,
      0,
      -0.61591107,
      0.25843653,
      0.74422044,
      0,
      0.31659946,
      -0.33104438,
      -0.51847154,
      1
    ],
    "keyframeTimestamp" : 1251067.45534625
  },
  {
    "uuid" : "C2D7FF43-F911-48B3-89DA-4877DA1E4A9B",
    "transform" : [
      0.17751801,
      -0.9805874,
      0.08328087,
      0,
      0.32296443,
      -0.021889798,
      -0.946158,
      0,
      0.92961365,
      0.19485681,
      0.31280908,
      0,
      0.048204277,
      -0.26183352,
      0.25659895,
      0.99999994
    ],
    "keyframeTimestamp" : 1251063.175516875
  },
  {
    "uuid" : "25F9991F-EDA8-45F1-99B9-0BA2E815E1FE",
    "transform" : [
      0.16493034,
      -0.9648523,
      -0.20459214,
      0,
      0.76085865,
      -0.0075305244,
      0.648874,
      0,
      -0.62760824,
      -0.26268467,
      0.7328742,
      0,
      -0.5024393,
      0.25133723,
      0.11683952,
      1
    ],
    "keyframeTimestamp" : 1251050.385973666
  },
  {
    "uuid" : "0CE4221D-1377-49D6-A1CB-DC17E084BD7C",
    "transform" : [
      0.117794365,
      -0.99003273,
      -0.07719696,
      0,
      0.95405275,
      0.091259345,
      0.28540343,
      0,
      -0.27551386,
      -0.107268885,
      0.9552934,
      0,
      -0.389802,
      0.18729828,
      -0.07206719,
      1
    ],
    "keyframeTimestamp" : 1251048.970462416
  },
  {
    "uuid" : "86FEC891-22B5-4DF4-8243-B2012ED66BBB",
    "transform" : [
      -0.45285514,
      -0.85135114,
      0.2648084,
      0,
      0.49612507,
      0.006156785,
      0.86822945,
      0,
      -0.74079853,
      0.52456003,
      0.41958854,
      0,
      -0.30360675,
      -0.02309394,
      -0.06291797,
      0.99999994
    ],
    "keyframeTimestamp" : 1251051.834790208
  },
  {
    "uuid" : "485E993D-215F-4B8C-819B-A280DB7D001B",
    "transform" : [
      -0.11979446,
      -0.96546966,
      -0.23133823,
      0,
      -0.9667547,
      0.060418665,
      0.24846505,
      0,
      -0.22590835,
      0.25341204,
      -0.9406103,
      0,
      -0.3044435,
      0.069167696,
      -0.16537085,
      0.99999994
    ],
    "keyframeTimestamp" : 1251056.347768833
  },
  {
    "uuid" : "7589F540-944F-4C4A-88A2-C7239393B119",
    "transform" : [
      -0.19071661,
      -0.9735049,
      0.12615556,
      0,
      0.47027093,
      0.02219957,
      0.882243,
      0,
      -0.8616684,
      0.22758563,
      0.45357728,
      0,
      -0.35437283,
      0.09044556,
      -0.0044108853,
      1
    ],
    "keyframeTimestamp" : 1251051.385157666
  },
  {
    "uuid" : "43F9977D-55DF-468C-901A-C52F5177D7AB",
    "transform" : [
      0.026207594,
      -0.9996562,
      0.0008886445,
      0,
      0.75133705,
      0.02028386,
      0.659607,
      0,
      -0.6593982,
      -0.01661904,
      0.75161034,
      0,
      -0.5083985,
      0.17149201,
      0.056526043,
      1
    ],
    "keyframeTimestamp" : 1251050.735687875
  },
  {
    "uuid" : "886567B7-3DEC-4C31-81CE-FA841B63C777",
    "transform" : [
      -0.11516472,
      -0.98865473,
      0.09643093,
      0,
      0.5762661,
      0.012577223,
      0.8171657,
      0,
      -0.8091075,
      0.14967847,
      0.56827974,
      0,
      -0.41235626,
      0.11137879,
      0.006322697,
      1
    ],
    "keyframeTimestamp" : 1251051.168667583
  },
  {
    "uuid" : "0C9DE7C4-3EC1-49A2-9922-8E156E3288CC",
    "transform" : [
      0.15798758,
      -0.96465725,
      0.2108943,
      0,
      0.8124405,
      0.005598302,
      -0.58301747,
      0,
      0.5612312,
      0.26344854,
      0.78461105,
      0,
      0.14544614,
      0.033780057,
      0.11396092,
      1.0000001
    ],
    "keyframeTimestamp" : 1251046.239357666
  },
  {
    "uuid" : "89107C09-1DFC-43F4-B4EB-ECB6AC0FE4F6",
    "transform" : [
      0.26129836,
      -0.9537672,
      0.14849746,
      0,
      0.21816172,
      -0.09150748,
      -0.9716132,
      0,
      0.9402815,
      0.28627726,
      0.18416473,
      0,
      -0.12946573,
      0.043126397,
      0.3734478,
      1
    ],
    "keyframeTimestamp" : 1251045.140254208
  },
  {
    "uuid" : "9EFF4B72-72F4-4CFC-8E67-EF410231061E",
    "transform" : [
      0.16010275,
      -0.95300657,
      0.25718793,
      0,
      0.7879454,
      -0.033551514,
      -0.6148306,
      0,
      0.59456646,
      0.30108607,
      0.7455455,
      0,
      0.07977332,
      -0.09989368,
      0.42576763,
      1.0000001
    ],
    "keyframeTimestamp" : 1251064.024821666
  },
  {
    "uuid" : "2CA8682A-ADE3-4F1C-9AFA-2D5649358964",
    "transform" : [
      -0.15249367,
      -0.9735463,
      0.17015593,
      0,
      0.861471,
      -0.046558026,
      0.5056684,
      0,
      -0.48436946,
      0.22369556,
      0.8457817,
      0,
      0.3173364,
      -0.33979785,
      -0.5193686,
      1
    ],
    "keyframeTimestamp" : 1251067.288815916
  },
  {
    "uuid" : "C17ACBE5-92AF-4610-9B67-1603D98934CB",
    "transform" : [
      -0.30672833,
      -0.9346102,
      0.18005976,
      0,
      0.43650785,
      0.029981015,
      0.899201,
      0,
      -0.8458007,
      0.35440785,
      0.39876866,
      0,
      -0.31695145,
      0.045074023,
      -0.022541355,
      1
    ],
    "keyframeTimestamp" : 1251051.584994416
  },
  {
    "uuid" : "4B403EB9-A106-45EC-B7C6-C5303A679D28",
    "transform" : [
      0.14693625,
      -0.962036,
      0.22999278,
      0,
      0.8782487,
      0.01991441,
      -0.4777898,
      0,
      0.45507076,
      0.2721954,
      0.847833,
      0,
      0.15236229,
      0.0049609356,
      0.40632588,
      1
    ],
    "keyframeTimestamp" : 1251064.307923208
  },
  {
    "uuid" : "B37C5400-40FC-4724-BD43-9B6990EE6EF7",
    "transform" : [
      0.19880085,
      -0.9423455,
      0.2691899,
      0,
      0.8352565,
      0.019232137,
      -0.5495243,
      0,
      0.5126646,
      0.33408841,
      0.79092366,
      0,
      0.46740803,
      -0.2023858,
      -0.56370664,
      1.0000001
    ],
    "keyframeTimestamp" : 1251066.139757
  },
  {
    "uuid" : "97973637-EC0C-40C3-AE5E-8FD7EFDAD8BB",
    "transform" : [
      0.29334098,
      -0.91064984,
      0.29097757,
      0,
      -0.6973754,
      0.0043626474,
      0.71669304,
      0,
      -0.6539258,
      -0.41315594,
      -0.6337849,
      0,
      -0.34604967,
      0.2695585,
      -0.0989644,
      1
    ],
    "keyframeTimestamp" : 1251054.432667583
  },
  {
    "uuid" : "FC193DE0-1C66-4584-8719-C601F3E79C8E",
    "transform" : [
      -0.09958803,
      -0.9395718,
      -0.32754725,
      0,
      0.90399337,
      0.05212001,
      -0.42435837,
      0,
      0.41578695,
      -0.33836138,
      0.8441761,
      0,
      -0.13053595,
      0.14616238,
      0.10033072,
      1
    ],
    "keyframeTimestamp" : 1251042.525718958
  },
  {
    "uuid" : "501CE393-289C-440B-80B3-DFCDFC9B6F6E",
    "transform" : [
      -0.26856437,
      -0.9412935,
      0.20454776,
      0,
      0.7163872,
      -0.05322279,
      0.69567025,
      0,
      -0.64394325,
      0.33336756,
      0.68862426,
      0,
      0.047687665,
      -0.066279344,
      -0.8763951,
      1.0000001
    ],
    "keyframeTimestamp" : 1251068.770935375
  },
  {
    "uuid" : "25962921-67C9-47D5-818D-860074C3552A",
    "transform" : [
      0.1620885,
      -0.98567927,
      0.046521414,
      0,
      -0.041432004,
      0.04030519,
      0.9983283,
      0,
      -0.9859063,
      -0.16374494,
      -0.03430567,
      0,
      -0.34047008,
      0.16903861,
      0.005823493,
      1
    ],
    "keyframeTimestamp" : 1251053.466790291
  },
  {
    "uuid" : "3E5F9D35-236D-4200-B59F-2B2281240C8A",
    "transform" : [
      0.25262985,
      -0.9654476,
      0.06394447,
      0,
      0.08950206,
      -0.042486988,
      -0.9950801,
      0,
      0.96341455,
      0.2571101,
      0.0756761,
      0,
      0.057724833,
      -0.29073256,
      0.24007928,
      1
    ],
    "keyframeTimestamp" : 1251062.925721291
  },
  {
    "uuid" : "03595BDE-0A11-4DB3-A068-F7F875E30D38",
    "transform" : [
      -0.017379617,
      -0.9859746,
      0.16598803,
      0,
      0.99807495,
      -0.007222591,
      0.061600037,
      0,
      -0.059537187,
      0.16673905,
      0.984202,
      0,
      0.3776817,
      -0.29804277,
      -0.5467485,
      1.0000001
    ],
    "keyframeTimestamp" : 1251066.889143166
  },
  {
    "uuid" : "BA117221-F92F-4A30-A78F-E0142BFDF122",
    "transform" : [
      -0.016276553,
      -0.99836516,
      0.05478849,
      0,
      -0.9901608,
      0.008477504,
      -0.13967824,
      0,
      0.13898543,
      -0.05652287,
      -0.9886801,
      0,
      -0.4212961,
      0.19062965,
      -0.14388591,
      0.99999994
    ],
    "keyframeTimestamp" : 1251058.063033
  },
  {
    "uuid" : "3E73ADC0-31D2-4169-9E6B-1148444E780E",
    "transform" : [
      0.09146299,
      -0.9820862,
      -0.16474599,
      0,
      0.9783062,
      0.057735574,
      0.1989576,
      0,
      -0.18588182,
      -0.1793692,
      0.96606153,
      0,
      -0.05308347,
      0.17029677,
      -0.046205625,
      1
    ],
    "keyframeTimestamp" : 1251047.788094375
  },
  {
    "uuid" : "C38F754B-2900-46CA-B5CC-B8BB1945E1A1",
    "transform" : [
      -0.0048235212,
      -0.99604046,
      -0.08877106,
      0,
      0.9887671,
      0.0085110925,
      -0.14922355,
      0,
      0.14938825,
      -0.088493645,
      0.9848109,
      0,
      -0.09014174,
      0.095577255,
      0.061872773,
      1
    ],
    "keyframeTimestamp" : 1251041.909553958
  },
  {
    "uuid" : "05CD9071-91F4-467C-8BA4-131AFDBF0E23",
    "transform" : [
      0.3423766,
      -0.9220127,
      -0.18075052,
      0,
      -0.4176747,
      0.022965936,
      -0.9083066,
      0,
      0.84162134,
      0.3864777,
      -0.37723833,
      0,
      0.19014037,
      0.046151116,
      0.32582167,
      1
    ],
    "keyframeTimestamp" : 1251061.060581083
  },
  {
    "uuid" : "C4A1B169-1E33-40B7-9643-E317B49B60C3",
    "transform" : [
      -0.0653192,
      -0.9840081,
      -0.16571489,
      0,
      -0.9950056,
      0.05166567,
      0.085408896,
      0,
      -0.0754813,
      0.17046605,
      -0.98246825,
      0,
      -0.413667,
      0.10299514,
      -0.15259786,
      1
    ],
    "keyframeTimestamp" : 1251056.764095166
  },
  {
    "uuid" : "E348D56C-39B2-46F7-8895-2DE8A56AF0EB",
    "transform" : [
      0.114970535,
      -0.9915778,
      -0.059622213,
      0,
      -0.33973232,
      0.01715194,
      -0.94036585,
      0,
      0.9334687,
      0.12836993,
      -0.33489916,
      0,
      0.11772966,
      0.15060365,
      0.34372646,
      1
    ],
    "keyframeTimestamp" : 1251060.727520208
  },
  {
    "uuid" : "280EB0C6-96D1-498E-80BD-EC741295CFD4",
    "transform" : [
      0.09330713,
      -0.9945594,
      -0.046317905,
      0,
      -0.49337026,
      -0.0057790605,
      -0.8698004,
      0,
      0.8648006,
      0.10401042,
      -0.49122518,
      0,
      0.011382824,
      0.16133556,
      0.4224145,
      0.9999999
    ],
    "keyframeTimestamp" : 1251060.294541166
  },
  {
    "uuid" : "F57F4FDD-211D-42E4-B7BC-9DFD9DB929D5",
    "transform" : [
      -0.049631264,
      -0.99859935,
      -0.01833114,
      0,
      -0.9966185,
      0.048312705,
      0.066465594,
      0,
      -0.06548691,
      0.021567924,
      -0.99762046,
      0,
      -0.43628317,
      0.14733747,
      -0.16355827,
      1
    ],
    "keyframeTimestamp" : 1251057.030543916
  },
  {
    "uuid" : "5E47618E-87DF-4BE6-87FC-D1BCA81C18DD",
    "transform" : [
      -0.04950727,
      -0.9586564,
      -0.28022704,
      0,
      0.95243996,
      0.039150856,
      -0.30220118,
      0,
      0.3006781,
      -0.2818604,
      0.9111242,
      0,
      -0.11447065,
      0.13315138,
      0.08821141,
      1
    ],
    "keyframeTimestamp" : 1251042.3258815
  },
  {
    "uuid" : "E7BF1E4E-C527-4E32-B1A0-C1B027708517",
    "transform" : [
      -0.25177243,
      -0.9305817,
      -0.26576018,
      0,
      0.5912151,
      0.06951566,
      -0.80351263,
      0,
      0.7662086,
      -0.35942364,
      0.5326718,
      0,
      -0.1769489,
      0.1590727,
      0.16394901,
      0.99999994
    ],
    "keyframeTimestamp" : 1251043.29176125
  },
  {
    "uuid" : "EC7B4A76-8008-4003-9024-BA587DCA6489",
    "transform" : [
      -0.039194793,
      -0.99620277,
      0.07774109,
      0,
      0.6696077,
      0.03156204,
      0.7420443,
      0,
      -0.74168026,
      0.08114029,
      0.66582793,
      0,
      -0.47213915,
      0.13561691,
      0.026056662,
      1.0000001
    ],
    "keyframeTimestamp" : 1251050.952177708
  },
  {
    "uuid" : "796135A9-4F46-461A-868F-67661E0C6648",
    "transform" : [
      -0.015029651,
      -0.9803369,
      -0.19675772,
      0,
      0.9761055,
      0.028276866,
      -0.21544968,
      0,
      0.21677698,
      -0.19529438,
      0.95648736,
      0,
      -0.101084165,
      0.11639424,
      0.07508315,
      0.99999994
    ],
    "keyframeTimestamp" : 1251042.126044541
  },
  {
    "uuid" : "B9C01008-0F9E-4061-9544-DFAAC3EC0C45",
    "transform" : [
      -0.00019011756,
      -0.99871033,
      0.050774075,
      0,
      0.004603703,
      0.05077266,
      0.9986998,
      0,
      -0.9999897,
      0.00042361938,
      0.0045880936,
      0,
      -0.33687392,
      0.12220968,
      0.017872296,
      1
    ],
    "keyframeTimestamp" : 1251053.133729083
  },
  {
    "uuid" : "957DDAD0-D670-48BA-BAEF-1960DCB2F39F",
    "transform" : [
      0.22947055,
      -0.9222976,
      0.31098306,
      0,
      -0.8480042,
      -0.032621466,
      0.5289848,
      0,
      -0.4777366,
      -0.38510135,
      -0.78959805,
      0,
      -0.38694522,
      0.26010382,
      -0.06255571,
      1
    ],
    "keyframeTimestamp" : 1251055.015524625
  },
  {
    "uuid" : "AF270233-5FFF-4B33-A8B6-D36662499288",
    "transform" : [
      -0.50649786,
      -0.8620946,
      0.01591035,
      0,
      -0.011544941,
      0.025231248,
      0.99961495,
      0,
      -0.862164,
      0.506119,
      -0.022732425,
      0,
      -0.30596164,
      -0.035541005,
      -0.01826625,
      1
    ],
    "keyframeTimestamp" : 1251052.334382041
  },
  {
    "uuid" : "EFF9A83C-9B43-4AFE-87F5-6BF76586B07F",
    "transform" : [
      0.19680536,
      -0.9535468,
      0.22807045,
      0,
      0.68666965,
      -0.031985305,
      -0.72626567,
      0,
      0.6998233,
      0.299542,
      0.64847684,
      0,
      0.07054362,
      0.024687897,
      0.1865986,
      1
    ],
    "keyframeTimestamp" : 1251045.922949416
  },
  {
    "uuid" : "9FD7EFF8-9B9A-4119-929F-192089481BFA",
    "transform" : [
      0.2192883,
      -0.972638,
      0.07673265,
      0,
      -0.18096595,
      0.036734484,
      0.98280317,
      0,
      -0.9587306,
      -0.22940321,
      -0.16795895,
      0,
      -0.3205496,
      0.19507019,
      -0.0039583966,
      1
    ],
    "keyframeTimestamp" : 1251053.649973916
  },
  {
    "uuid" : "6D1BA983-2970-4B84-88CF-A3CF04FFE0D6",
    "transform" : [
      0.061435103,
      -0.9973651,
      0.038581476,
      0,
      -0.04753981,
      -0.04153457,
      -0.99800545,
      0,
      0.9969784,
      0.0594784,
      -0.049966216,
      0,
      -0.1767186,
      0.107922286,
      0.31817728,
      1
    ],
    "keyframeTimestamp" : 1251044.624008541
  }
]