[
  {
    "uuid" : "75CD089B-E1A1-470E-8C5F-92915D3E68E5",
    "transform" : [
      0.13082908,
      -0.9911382,
      0.02299502,
      0,
      0.17160486,
      -0.00020482196,
      -0.98516595,
      0,
      0.97644037,
      0.13283439,
      0.17005733,
      0,
      4.356754,
      -1.3373791,
      -7.977566,
      0.99999994
    ],
    "keyframeTimestamp" : 1251257.9604985
  },
  {
    "uuid" : "57FCB923-AB68-4AA2-BC82-D86D791EE8F1",
    "transform" : [
      0.15961394,
      -0.829574,
      -0.53509724,
      0,
      0.97091293,
      0.033925723,
      0.2370173,
      0,
      -0.17846984,
      -0.55736417,
      0.8108592,
      0,
      0.5310545,
      1.6723015,
      -2.9086099,
      1
    ],
    "keyframeTimestamp" : 1251049.619932333
  },
  {
    "uuid" : "D4A19BE5-80C6-4EAA-9BEB-8A00F43155F8",
    "transform" : [
      0.10749339,
      -0.99172235,
      0.0702288,
      0,
      0.877384,
      0.061403252,
      -0.4758447,
      0,
      0.46759346,
      0.11276773,
      0.87672156,
      0,
      -2.692912,
      -1.2780591,
      0.6924585,
      1.0000001
    ],
    "keyframeTimestamp" : 1251186.090578458
  },
  {
    "uuid" : "E459A8B6-EFB7-4D5B-AE3A-9CD0C0EFA084",
    "transform" : [
      0.027712816,
      -0.99876666,
      0.041198034,
      0,
      0.14015788,
      0.044689074,
      0.98912024,
      0,
      -0.98974204,
      -0.021637084,
      0.14122353,
      0,
      1.1517913,
      1.5405785,
      -3.3957462,
      1
    ],
    "keyframeTimestamp" : 1251073.966678416
  },
  {
    "uuid" : "7402ECD9-DABE-414C-B6FE-321B5921F545",
    "transform" : [
      -0.0610102,
      -0.9942139,
      0.088409826,
      0,
      -0.98751295,
      0.04723454,
      -0.15029006,
      0,
      0.14524445,
      -0.096475065,
      -0.9846809,
      0,
      -5.080719,
      -1.2095833,
      -11.944921,
      1
    ],
    "keyframeTimestamp" : 1251289.648696
  },
  {
    "uuid" : "04BB23CC-CAB6-4FA5-B840-836F16E28605",
    "transform" : [
      -0.29744712,
      -0.95464367,
      -0.013428708,
      0,
      0.016612664,
      -0.019238327,
      0.9996767,
      0,
      -0.9545941,
      0.297128,
      0.021581553,
      0,
      -3.3100379,
      -1.363638,
      1.172695,
      0.9999999
    ],
    "keyframeTimestamp" : 1251167.156405666
  },
  {
    "uuid" : "15F24173-1D18-4B4F-BDDE-285E68CB7C89",
    "transform" : [
      0.060542937,
      -0.99800986,
      -0.017631402,
      0,
      0.6116598,
      0.0231351,
      0.79078305,
      0,
      -0.7888013,
      -0.058660734,
      0.6118431,
      0,
      -1.7160556,
      -1.2077544,
      -10.063741,
      1
    ],
    "keyframeTimestamp" : 1251306.042569708
  },
  {
    "uuid" : "82A99AF5-E768-4C1A-A4A6-13A8B417FC16",
    "transform" : [
      -0.124364085,
      -0.9908421,
      0.052589424,
      0,
      0.4448589,
      -0.008303403,
      0.89556235,
      0,
      -0.8869241,
      0.13477059,
      0.4418175,
      0,
      -1.9560094,
      -1.216445,
      -9.565409,
      1
    ],
    "keyframeTimestamp" : 1251320.903681458
  },
  {
    "uuid" : "891BE3B2-DAA6-4FE4-A1BA-50A041C79DCA",
    "transform" : [
      0.29536346,
      -0.9218964,
      0.2507331,
      0,
      0.6567797,
      0.0053367643,
      -0.75406367,
      0,
      0.69383067,
      0.38739935,
      0.60705936,
      0,
      -1.7837124,
      -1.3465093,
      1.5319593,
      0.99999994
    ],
    "keyframeTimestamp" : 1251184.558528625
  },
  {
    "uuid" : "61324534-3532-4923-8D61-4F8EEAB4F830",
    "transform" : [
      -0.019064207,
      -0.9824933,
      0.18532051,
      0,
      0.9300117,
      0.05061795,
      0.36402738,
      0,
      -0.36703506,
      0.1792901,
      0.9127652,
      0,
      -0.13463116,
      -1.3034985,
      -6.603123,
      1
    ],
    "keyframeTimestamp" : 1251222.940187458
  },
  {
    "uuid" : "289A960E-9A72-4BD2-B9FB-93AEF847E988",
    "transform" : [
      -0.11726275,
      -0.9742583,
      0.19253415,
      0,
      -0.8316679,
      -0.009616929,
      -0.5551901,
      0,
      0.54275036,
      -0.22522762,
      -0.8091318,
      0,
      1.7279019,
      -1.1855661,
      -8.952813,
      1.0000001
    ],
    "keyframeTimestamp" : 1251233.4362785
  },
  {
    "uuid" : "DAF16443-19D7-40E0-B051-4C36D2DC0CFE",
    "transform" : [
      0.014392469,
      -0.9988053,
      0.046697177,
      0,
      0.2735555,
      0.0488535,
      0.96061504,
      0,
      -0.9617488,
      -0.0010513534,
      0.2739318,
      0,
      2.249614,
      -1.2321081,
      -4.3028326,
      1
    ],
    "keyframeTimestamp" : 1251210.178301375
  },
  {
    "uuid" : "563B4707-4309-476E-9805-FB91892660F7",
    "transform" : [
      0.00023857482,
      -0.9992747,
      0.03807497,
      0,
      0.90895545,
      0.016089898,
      0.41658273,
      0,
      -0.4168933,
      0.034509078,
      0.90830034,
      0,
      2.0534055,
      -1.2737128,
      -6.769186,
      0.99999994
    ],
    "keyframeTimestamp" : 1251247.364436458
  },
  {
    "uuid" : "7B47EA4D-0A6C-4BFE-9E86-F8D249A5E17A",
    "transform" : [
      -0.07878318,
      -0.99362797,
      -0.08060285,
      0,
      -0.9056124,
      0.037536144,
      0.42244223,
      0,
      -0.41672483,
      0.10627628,
      -0.90279895,
      0,
      -1.911942,
      -1.2969708,
      1.2055922,
      1
    ],
    "keyframeTimestamp" : 1251169.387878375
  },
  {
    "uuid" : "05E6DF05-49D9-4283-BEE7-B49CBA68EAD1",
    "transform" : [
      0.051634956,
      -0.9856734,
      -0.16056699,
      0,
      0.9902471,
      0.071366735,
      -0.11965697,
      0,
      0.12940189,
      -0.15282251,
      0.97974557,
      0,
      -0.95243585,
      -1.1643765,
      2.071135,
      1
    ],
    "keyframeTimestamp" : 1251182.393675125
  },
  {
    "uuid" : "56E268F0-FBBA-4AD6-AB73-2DA4C5DBB736",
    "transform" : [
      -0.2333632,
      -0.9665323,
      -0.10656894,
      0,
      0.13765998,
      -0.14132896,
      0.9803444,
      0,
      -0.9625965,
      0.21410608,
      0.16603383,
      0,
      1.1847627,
      1.5967377,
      -4.3803787,
      1
    ],
    "keyframeTimestamp" : 1251072.601130875
  },
  {
    "uuid" : "1F4C6CDF-7A78-4D8C-A024-07894FC63635",
    "transform" : [
      -0.35871395,
      -0.9281854,
      0.098973006,
      0,
      0.09379627,
      0.06965119,
      0.99315214,
      0,
      -0.92872334,
      0.36554083,
      0.062075496,
      0,
      2.1631699,
      -1.436653,
      -6.769474,
      0.99999994
    ],
    "keyframeTimestamp" : 1251250.33000175
  },
  {
    "uuid" : "8DB7E806-6869-41B7-A01F-CD82CC5A3F6F",
    "transform" : [
      -0.06895527,
      -0.99546885,
      0.06547485,
      0,
      -0.6168057,
      0.09412498,
      0.7814678,
      0,
      -0.7840895,
      0.013501048,
      -0.62050116,
      0,
      -3.824875,
      -1.2474773,
      -12.539002,
      1
    ],
    "keyframeTimestamp" : 1251294.113695416
  },
  {
    "uuid" : "CBD3A73F-910C-4C8D-B34F-CB5480699DFE",
    "transform" : [
      0.12005019,
      -0.8987987,
      -0.42160273,
      0,
      -0.875793,
      0.104109064,
      -0.47132584,
      0,
      0.4675197,
      0.42581943,
      -0.77466327,
      0,
      -1.4829112,
      -1.3339685,
      -10.6841135,
      0.9999999
    ],
    "keyframeTimestamp" : 1251314.905924083
  },
  {
    "uuid" : "AF73E217-6C74-4CFE-97CB-BA8A2A7E0A64",
    "transform" : [
      -0.052580852,
      -0.98606986,
      -0.1577999,
      0,
      0.81645715,
      0.048538152,
      -0.5753618,
      0,
      0.57500654,
      -0.15908991,
      0.802532,
      0,
      1.2020354,
      -0.92664903,
      -4.8816004,
      0.9999999
    ],
    "keyframeTimestamp" : 1251216.709182166
  },
  {
    "uuid" : "650B14E4-9A66-4248-AFA7-EE1AC2285F33",
    "transform" : [
      0.21630968,
      -0.8993892,
      -0.3798793,
      0,
      -0.4875637,
      0.2375907,
      -0.8401387,
      0,
      0.84586775,
      0.3669455,
      -0.38711652,
      0,
      1.2105327,
      1.41351,
      -1.398492,
      0.9999999
    ],
    "keyframeTimestamp" : 1251083.975131416
  },
  {
    "uuid" : "378ECE69-B559-420B-95D0-0FD243AAF268",
    "transform" : [
      0.106829055,
      -0.9920893,
      0.06591945,
      0,
      0.68917,
      0.02609555,
      -0.72413045,
      0,
      0.71668196,
      0.12278785,
      0.6865059,
      0,
      0.13921899,
      0.07493794,
      0.3624339,
      1
    ],
    "keyframeTimestamp" : 1251093.067656833
  },
  {
    "uuid" : "957DDAD0-D670-48BA-BAEF-1960DCB2F39F",
    "transform" : [
      0.22943842,
      -0.9223032,
      0.31099015,
      0,
      -0.847821,
      -0.032438975,
      0.52929044,
      0,
      -0.47807828,
      -0.38510373,
      -0.7893912,
      0,
      0.61989206,
      1.619757,
      -3.0848155,
      1
    ],
    "keyframeTimestamp" : 1251055.015524625
  },
  {
    "uuid" : "D558818F-4970-47DD-8A78-C32C301CE09C",
    "transform" : [
      0.14171857,
      -0.98301995,
      -0.11656624,
      0,
      -0.24498719,
      0.07926237,
      -0.9662807,
      0,
      0.9591131,
      0.16549724,
      -0.22959445,
      0,
      0.6042534,
      0.46146882,
      -0.19355464,
      1
    ],
    "keyframeTimestamp" : 1251088.238295166
  },
  {
    "uuid" : "AAFADD2B-24D1-45EE-9987-911FF91BA9A0",
    "transform" : [
      -0.16961811,
      -0.98074704,
      -0.0967688,
      0,
      0.4019073,
      0.020816451,
      -0.91544414,
      0,
      0.8998335,
      -0.19416797,
      0.39063856,
      0,
      -3.5226715,
      -1.1998832,
      2.1819243,
      1
    ],
    "keyframeTimestamp" : 1251163.559402916
  },
  {
    "uuid" : "B130FAEA-726B-4A74-9D49-678C9D65F83A",
    "transform" : [
      -0.092115924,
      -0.9734981,
      0.20932306,
      0,
      0.83116966,
      0.040589057,
      0.55453664,
      0,
      -0.5483363,
      0.22506447,
      0.80540264,
      0,
      -3.3256252,
      -1.3016603,
      -1.1198734,
      1
    ],
    "keyframeTimestamp" : 1251188.821623125
  },
  {
    "uuid" : "F08E4016-A6B2-4CE8-A995-45285B201480",
    "transform" : [
      -0.04811659,
      -0.9687151,
      -0.24346608,
      0,
      -0.9790505,
      -0.0025409379,
      0.20360136,
      0,
      -0.19785039,
      0.24816217,
      -0.9482989,
      0,
      -1.3108566,
      -1.2855382,
      -10.694845,
      1
    ],
    "keyframeTimestamp" : 1251310.507567625
  },
  {
    "uuid" : "49A33D21-B924-455D-8708-9A40BB81933A",
    "transform" : [
      -0.07810049,
      -0.92391515,
      0.37454078,
      0,
      -0.9769752,
      -0.003889777,
      -0.21331741,
      0,
      0.19854407,
      -0.3825772,
      -0.90233845,
      0,
      -5.0996337,
      -1.0983415,
      -11.938759,
      0.9999998
    ],
    "keyframeTimestamp" : 1251289.315487125
  },
  {
    "uuid" : "269D5BFE-56D5-4B70-B467-7D9D8AF7E88F",
    "transform" : [
      -0.41092384,
      -0.9099481,
      0.05600027,
      0,
      -0.13510698,
      3.500828e-05,
      -0.9908314,
      0,
      0.9016029,
      -0.4147221,
      -0.12295468,
      0,
      0.68521696,
      -0.9701527,
      -7.951315,
      1.0000001
    ],
    "keyframeTimestamp" : 1251237.668037916
  },
  {
    "uuid" : "21F75AF6-DDBA-47B8-A879-8452FA9E7898",
    "transform" : [
      0.13284355,
      -0.9862762,
      0.098042145,
      0,
      0.7646557,
      0.03904938,
      -0.6432552,
      0,
      0.6305987,
      0.16042073,
      0.75934905,
      0,
      0.24101532,
      -1.316107,
      -5.628487,
      1
    ],
    "keyframeTimestamp" : 1251220.807649583
  },
  {
    "uuid" : "86D654F2-4339-4FD1-90D9-AF2BC5642E10",
    "transform" : [
      -0.048409075,
      -0.9875188,
      0.14987324,
      0,
      -0.9970785,
      0.056654315,
      0.051240426,
      0,
      -0.059091907,
      -0.14695494,
      -0.98737687,
      0,
      0.58541864,
      1.5497544,
      -3.1975522,
      0.9999999
    ],
    "keyframeTimestamp" : 1251057.346952166
  },
  {
    "uuid" : "4FE349E3-171E-4597-801C-07E6119BF8EB",
    "transform" : [
      -0.7114138,
      -0.70269835,
      -0.010332399,
      0,
      -0.113928996,
      0.12982486,
      -0.9849712,
      0,
      0.69347817,
      -0.699544,
      -0.17241666,
      0,
      1.2730252,
      1.7120957,
      -1.2905288,
      1
    ],
    "keyframeTimestamp" : 1251082.17660825
  },
  {
    "uuid" : "5E24070A-C339-4DB3-B4C7-C086BC413780",
    "transform" : [
      -0.3006311,
      -0.9534445,
      -0.023762621,
      0,
      0.24251649,
      -0.05232429,
      -0.9687354,
      0,
      0.92239195,
      -0.2969948,
      0.24695626,
      0,
      0.74547935,
      -0.9677661,
      -7.9753165,
      1.0000001
    ],
    "keyframeTimestamp" : 1251238.167852083
  },
  {
    "uuid" : "E2A968F7-4DA2-466C-A981-EFAFCFD5AFC1",
    "transform" : [
      -0.1151633,
      -0.9930081,
      0.025929254,
      0,
      -0.6392914,
      0.09406955,
      0.7631889,
      0,
      -0.7602919,
      0.07131496,
      -0.64565504,
      0,
      -5.1048827,
      -1.2698067,
      -3.6307335,
      0.99999994
    ],
    "keyframeTimestamp" : 1251151.852472541
  },
  {
    "uuid" : "430CA043-0868-4863-BBE7-8805B4303237",
    "transform" : [
      -0.14685777,
      -0.85652167,
      0.49477574,
      0,
      0.9608564,
      -0.004731876,
      0.27700686,
      0,
      -0.23492113,
      0.51608896,
      0.8236891,
      0,
      -0.951159,
      -1.4117676,
      1.9988307,
      0.9999999
    ],
    "keyframeTimestamp" : 1251180.894929916
  },
  {
    "uuid" : "997C2113-8C14-4578-A754-445282F8698A",
    "transform" : [
      0.26995826,
      -0.94482386,
      0.1855548,
      0,
      -0.28324655,
      0.106258355,
      0.95314276,
      0,
      -0.9202686,
      -0.30986652,
      -0.23893265,
      0,
      -0.42275536,
      -1.1153738,
      -7.633658,
      1
    ],
    "keyframeTimestamp" : 1251274.354396458
  },
  {
    "uuid" : "E1551001-2AD7-4BE4-BE12-9F5C7A320B9A",
    "transform" : [
      -0.2168432,
      -0.8611468,
      -0.45978814,
      0,
      -0.9032505,
      -0.0016676524,
      0.42911032,
      0,
      -0.37029377,
      0.5083535,
      -0.7774698,
      0,
      -1.4675097,
      -1.3887911,
      -10.318843,
      1
    ],
    "keyframeTimestamp" : 1251316.705251416
  },
  {
    "uuid" : "0AB24149-8316-4B2F-A909-BCBBA2842A75",
    "transform" : [
      -0.062295087,
      -0.9939899,
      0.09001538,
      0,
      0.38801518,
      0.05897592,
      0.91976386,
      0,
      -0.91954535,
      0.09222415,
      0.38200936,
      0,
      -1.6681211,
      -1.2482301,
      -1.2359625,
      0.99999994
    ],
    "keyframeTimestamp" : 1251105.790516625
  },
  {
    "uuid" : "D001C3A1-7B15-47D8-887C-41C703592318",
    "transform" : [
      0.23850654,
      -0.9436716,
      0.22934633,
      0,
      0.5934339,
      -0.045319114,
      -0.8036064,
      0,
      0.76873374,
      0.32776693,
      0.54919726,
      0,
      -3.6171281,
      -1.3763165,
      2.2497377,
      1
    ],
    "keyframeTimestamp" : 1251164.108945166
  },
  {
    "uuid" : "1A48ADD3-6EC0-43E2-BC94-7B88D0B07156",
    "transform" : [
      0.3306345,
      -0.9433364,
      0.028238874,
      0,
      0.12981477,
      0.07509594,
      0.9886906,
      0,
      -0.9347884,
      -0.32322928,
      0.14728826,
      0,
      -4.878579,
      -1.1416221,
      -11.8054495,
      1
    ],
    "keyframeTimestamp" : 1251286.549851875
  },
  {
    "uuid" : "B7060CED-C0B9-4AFC-925F-7034AD27755C",
    "transform" : [
      -0.31576332,
      -0.83908695,
      0.44297472,
      0,
      0.8444911,
      -0.03568463,
      0.5343799,
      0,
      -0.4325837,
      0.54282564,
      0.7198692,
      0,
      -1.0609715,
      -1.4127072,
      2.0936773,
      0.99999994
    ],
    "keyframeTimestamp" : 1251180.611833875
  },
  {
    "uuid" : "1569E80C-5C53-4A85-A40D-5536A702EEDF",
    "transform" : [
      -0.15164064,
      -0.9737647,
      -0.16966888,
      0,
      0.4973755,
      0.07316653,
      -0.8644447,
      0,
      0.8541797,
      -0.21547404,
      0.47323173,
      0,
      -3.2538965,
      -1.2200875,
      -9.624143,
      1
    ],
    "keyframeTimestamp" : 1251281.684997875
  },
  {
    "uuid" : "7D4B109B-A6C3-4BC0-B6E4-E9496AD3F53F",
    "transform" : [
      -0.041531224,
      -0.99767256,
      -0.054079466,
      0,
      -0.93949986,
      0.05741502,
      -0.33770344,
      0,
      0.34002236,
      0.036782414,
      -0.93969756,
      0,
      -5.0231566,
      -1.2166694,
      -4.43129,
      1.0000001
    ],
    "keyframeTimestamp" : 1251147.339551541
  },
  {
    "uuid" : "0CE4221D-1377-49D6-A1CB-DC17E084BD7C",
    "transform" : [
      0.11795948,
      -0.9900175,
      -0.07714325,
      0,
      0.95413154,
      0.09147054,
      0.28507233,
      0,
      -0.27517036,
      -0.10723182,
      0.95539707,
      0,
      0.6169042,
      1.5468174,
      -3.0941567,
      1
    ],
    "keyframeTimestamp" : 1251048.970462416
  },
  {
    "uuid" : "BB6B0CEA-814B-4796-896B-06B6543C4C1C",
    "transform" : [
      -0.029528819,
      -0.9714582,
      -0.2353643,
      0,
      -0.9892638,
      -0.0053134845,
      0.1460443,
      0,
      -0.14312662,
      0.23714994,
      -0.960872,
      0,
      0.58748,
      -1.3369615,
      -7.1147227,
      1
    ],
    "keyframeTimestamp" : 1251243.56584725
  },
  {
    "uuid" : "E2E0913B-0E21-4DB4-ACEF-ABBEE72A3DDE",
    "transform" : [
      -0.1719437,
      -0.9591821,
      0.2245108,
      0,
      -0.9173458,
      0.07283775,
      -0.39137176,
      0,
      0.35904402,
      -0.27324793,
      -0.8924259,
      0,
      4.375238,
      -1.1129761,
      -7.682033,
      1
    ],
    "keyframeTimestamp" : 1251260.359605916
  },
  {
    "uuid" : "701B8DFB-84BD-442B-9274-21305E9CD491",
    "transform" : [
      -0.117665485,
      -0.9830403,
      -0.14066367,
      0,
      -0.7214323,
      -0.012719065,
      0.69236815,
      0,
      -0.682415,
      0.18294713,
      -0.7077006,
      0,
      -3.8576229,
      -1.2960211,
      -7.257308,
      0.99999994
    ],
    "keyframeTimestamp" : 1251133.817414333
  },
  {
    "uuid" : "D0F47CDC-4C4D-4F1D-8236-0867A6E49F70",
    "transform" : [
      -0.026165841,
      -0.99900174,
      -0.03619734,
      0,
      0.99583024,
      -0.022882888,
      -0.08831273,
      0,
      0.08739633,
      -0.038357187,
      0.99543536,
      0,
      -1.6420097,
      -1.2235925,
      -1.010031,
      1
    ],
    "keyframeTimestamp" : 1251103.309226125
  },
  {
    "uuid" : "0ADCEE84-5F93-45DC-A373-8949185128D9",
    "transform" : [
      0.009290695,
      -0.99511755,
      -0.098251864,
      0,
      -0.9661027,
      0.016417412,
      -0.25763404,
      0,
      0.25798947,
      0.09731507,
      -0.9612343,
      0,
      0.56587505,
      1.510102,
      -3.1235654,
      1
    ],
    "keyframeTimestamp" : 1251058.379440916
  },
  {
    "uuid" : "FB009973-EED4-4E61-A963-98EE89D76205",
    "transform" : [
      0.046484243,
      -0.9231964,
      0.38150612,
      0,
      0.9926582,
      -1.6221597e-06,
      -0.12095339,
      0,
      0.11166441,
      0.38432768,
      0.9164188,
      0,
      -0.94020236,
      -1.3608325,
      -5.863554,
      1
    ],
    "keyframeTimestamp" : 1251194.684177208
  },
  {
    "uuid" : "126D366D-E9DB-4081-956A-7A40924693F5",
    "transform" : [
      -0.20811304,
      -0.959216,
      -0.19129348,
      0,
      -0.82079834,
      0.06490306,
      0.56751937,
      0,
      -0.5319582,
      0.2751215,
      -0.8008301,
      0,
      0.7593416,
      -1.3334864,
      -3.0693295,
      0.99999994
    ],
    "keyframeTimestamp" : 1251115.216087208
  },
  {
    "uuid" : "3EE6F12D-CE03-40FA-88EB-65B004D8848E",
    "transform" : [
      -0.10646484,
      -0.9715469,
      -0.21156977,
      0,
      -0.993131,
      0.09351469,
      0.07032954,
      0,
      -0.0485436,
      0.21760412,
      -0.97482955,
      0,
      -4.1063585,
      -1.3322164,
      -0.035130795,
      0.99999994
    ],
    "keyframeTimestamp" : 1251158.513602041
  },
  {
    "uuid" : "20CDCCD4-09AD-4D2A-931B-96C4A2BB6D1B",
    "transform" : [
      -0.4452341,
      -0.87957305,
      -0.16768387,
      0,
      -0.46761882,
      0.068700776,
      0.8812564,
      0,
      -0.7636092,
      0.47077727,
      -0.44189277,
      0,
      -1.757016,
      -1.3703185,
      -1.8920708,
      0.99999994
    ],
    "keyframeTimestamp" : 1251108.454989083
  },
  {
    "uuid" : "4D65C135-4FC9-4DA1-A4DB-AAC2A4995A5A",
    "transform" : [
      0.09174957,
      -0.98261845,
      -0.16137868,
      0,
      -0.87038356,
      -0.00040563807,
      -0.4923742,
      0,
      0.48375064,
      0.18563649,
      -0.8552922,
      0,
      -5.5343933,
      -1.3357105,
      -3.888963,
      1
    ],
    "keyframeTimestamp" : 1251148.455292625
  },
  {
    "uuid" : "97973637-EC0C-40C3-AE5E-8FD7EFDAD8BB",
    "transform" : [
      0.29330343,
      -0.9106669,
      0.2909607,
      0,
      -0.6971199,
      0.0045398776,
      0.71694195,
      0,
      -0.6542158,
      -0.41311562,
      -0.63351184,
      0,
      0.6607761,
      1.6292019,
      -3.1212397,
      1
    ],
    "keyframeTimestamp" : 1251054.432667583
  },
  {
    "uuid" : "6D1BA983-2970-4B84-88CF-A3CF04FFE0D6",
    "transform" : [
      0.061710216,
      -0.99734294,
      0.038705368,
      0,
      -0.04779312,
      -0.04168755,
      -0.99798745,
      0,
      0.99694926,
      0.05973615,
      -0.05023866,
      0,
      0.8301362,
      1.467579,
      -2.7040648,
      1
    ],
    "keyframeTimestamp" : 1251044.624008541
  },
  {
    "uuid" : "FA9D6CFC-4921-4D2D-9075-A1057892548D",
    "transform" : [
      0.122471556,
      -0.9924574,
      0.005247275,
      0,
      0.51315707,
      0.06784852,
      0.8556079,
      0,
      -0.84951174,
      -0.10209508,
      0.51759684,
      0,
      0.4382754,
      -1.2126607,
      -2.596115,
      0.9999999
    ],
    "keyframeTimestamp" : 1251113.417568666
  },
  {
    "uuid" : "1A20CC82-BE61-41A9-8F5B-20B56B2E026F",
    "transform" : [
      0.21515219,
      -0.9765188,
      0.010958583,
      0,
      0.13002528,
      0.039765768,
      0.99071276,
      0,
      -0.9678857,
      -0.21172915,
      0.1355278,
      0,
      -1.5040426,
      -1.1588159,
      -9.980279,
      1
    ],
    "keyframeTimestamp" : 1251318.204690666
  },
  {
    "uuid" : "E620C187-65F8-4E86-923D-6C77F3DDD765",
    "transform" : [
      -0.5449611,
      -0.72892684,
      0.41434672,
      0,
      0.53748816,
      0.075577416,
      0.8398778,
      0,
      -0.64352477,
      0.6804069,
      0.3506028,
      0,
      3.8319397,
      -1.5297053,
      -6.3041573,
      1
    ],
    "keyframeTimestamp" : 1251253.961985416
  },
  {
    "uuid" : "1C86DE1A-FDF5-4C8E-BBF8-29CA8339B5E9",
    "transform" : [
      0.2120959,
      -0.7362281,
      -0.6426379,
      0,
      -0.94230825,
      0.020198153,
      -0.3341387,
      0,
      0.25898224,
      0.6764317,
      -0.6894694,
      0,
      1.2044625,
      1.2483982,
      -1.3213412,
      0.99999994
    ],
    "keyframeTimestamp" : 1251085.040922791
  },
  {
    "uuid" : "121A8AD9-1E1C-4914-AEFF-5A9336343163",
    "transform" : [
      -0.0048145335,
      -0.89342374,
      -0.44918868,
      0,
      -0.99998736,
      0.0049554887,
      0.0008617988,
      0,
      0.0014559788,
      0.44918713,
      -0.8934365,
      0,
      -1.6211975,
      -1.4146719,
      1.8600764,
      1
    ],
    "keyframeTimestamp" : 1251170.686794916
  },
  {
    "uuid" : "BD494C6D-CC99-4300-A752-9747ED42C71A",
    "transform" : [
      -0.0070548314,
      -0.9914376,
      0.13039231,
      0,
      0.9856766,
      0.015077717,
      0.16797307,
      0,
      -0.16850077,
      0.12970966,
      0.9771303,
      0,
      -0.29368114,
      -1.269918,
      -7.1561947,
      1
    ],
    "keyframeTimestamp" : 1251223.806530875
  },
  {
    "uuid" : "B49C1F0A-1DD9-4B79-AFBE-44526D52DEB9",
    "transform" : [
      0.05636709,
      -0.9781027,
      0.2003446,
      0,
      -0.7428474,
      0.09298685,
      0.66297185,
      0,
      -0.667084,
      -0.1861952,
      -0.72133934,
      0,
      -3.8740137,
      -1.172634,
      -12.498354,
      0.9999999
    ],
    "keyframeTimestamp" : 1251294.446904083
  },
  {
    "uuid" : "D9D83E66-2999-432E-9FC7-275FAD398D05",
    "transform" : [
      0.00084386684,
      -0.9999822,
      0.0058838837,
      0,
      -0.7891799,
      -0.004279612,
      -0.6141478,
      0,
      0.61416197,
      -0.004125182,
      -0.7891694,
      0,
      -5.7686234,
      -1.2715651,
      -3.8455348,
      0.9999999
    ],
    "keyframeTimestamp" : 1251148.904919541
  },
  {
    "uuid" : "6D29A5F1-ADED-44E3-BDF0-A1B07F099322",
    "transform" : [
      0.052892737,
      -0.99227947,
      0.11217654,
      0,
      -0.61775696,
      0.055745747,
      0.7843907,
      0,
      -0.78458863,
      -0.11078649,
      -0.6100394,
      0,
      0.9211275,
      1.4722469,
      -2.6791265,
      1
    ],
    "keyframeTimestamp" : 1251076.331405333
  },
  {
    "uuid" : "5C72FA75-911C-416C-885B-C9C5685E099B",
    "transform" : [
      -0.2280799,
      -0.9719742,
      -0.056964234,
      0,
      0.08869616,
      -0.07900497,
      0.99292123,
      0,
      -0.969594,
      0.22141276,
      0.10422976,
      0,
      1.2241542,
      1.500684,
      -4.5854807,
      0.99999994
    ],
    "keyframeTimestamp" : 1251072.334682416
  },
  {
    "uuid" : "3E5F9D35-236D-4200-B59F-2B2281240C8A",
    "transform" : [
      0.25280076,
      -0.96541584,
      0.06373488,
      0,
      0.08916277,
      -0.042347737,
      -0.9951165,
      0,
      0.96340084,
      0.25724912,
      0.075373694,
      0,
      1.0645232,
      1.0688975,
      -2.7821686,
      0.9999999
    ],
    "keyframeTimestamp" : 1251062.925721291
  },
  {
    "uuid" : "E33FE841-E552-4074-AD91-F462DD87A390",
    "transform" : [
      0.012962097,
      -0.99964017,
      0.023490619,
      0,
      0.37222752,
      0.02662808,
      0.92776,
      0,
      -0.92805153,
      -0.0032818562,
      0.37243867,
      0,
      1.8821176,
      -1.2723695,
      -6.7190456,
      1.0000001
    ],
    "keyframeTimestamp" : 1251246.531412625
  },
  {
    "uuid" : "A36E0044-E2F0-403D-A77A-90A58099DA70",
    "transform" : [
      0.25920668,
      -0.9602374,
      0.10370976,
      0,
      0.45663106,
      0.027221374,
      -0.8892395,
      0,
      0.8510582,
      0.27785397,
      0.4455303,
      0,
      -0.90834445,
      -1.3239013,
      -8.099814,
      0.99999994
    ],
    "keyframeTimestamp" : 1251278.419548041
  },
  {
    "uuid" : "2728779F-0424-4F96-A8F4-1B244C84FDD4",
    "transform" : [
      0.30390674,
      -0.93931794,
      0.15912707,
      0,
      0.5837448,
      0.051594757,
      -0.8102964,
      0,
      0.75291616,
      0.33914417,
      0.5640023,
      0,
      0.13594133,
      0.016178569,
      0.33933318,
      0.9999999
    ],
    "keyframeTimestamp" : 1251090.902770875
  },
  {
    "uuid" : "E64CC5B1-A319-4C3B-9E55-C11EA78414D3",
    "transform" : [
      -0.3206188,
      -0.9383699,
      -0.12909465,
      0,
      -0.33575863,
      -0.01485001,
      0.9418313,
      0,
      -0.88570297,
      0.34531337,
      -0.31030455,
      0,
      0.24732298,
      -1.3263046,
      -9.855702,
      0.9999999
    ],
    "keyframeTimestamp" : 1251228.671385458
  },
  {
    "uuid" : "3DEB7628-7FCC-4EE7-AA26-CBC49B86726D",
    "transform" : [
      -0.15516248,
      -0.98261285,
      0.101963155,
      0,
      0.5096615,
      0.008794568,
      0.86033046,
      0,
      -0.84626853,
      0.18545768,
      0.49943537,
      0,
      2.6566834,
      -1.3130863,
      -6.8637333,
      1
    ],
    "keyframeTimestamp" : 1251251.59619825
  },
  {
    "uuid" : "00BC2874-5EB9-4CBD-9BF9-F333882DBD51",
    "transform" : [
      0.013222111,
      -0.9761209,
      0.21682672,
      0,
      -0.96728617,
      0.042455193,
      0.25011197,
      0,
      -0.25334495,
      -0.2130405,
      -0.9436268,
      0,
      -2.4317842,
      -1.1452084,
      -6.513052,
      1
    ],
    "keyframeTimestamp" : 1251135.965638166
  },
  {
    "uuid" : "020AD296-06FE-438D-A0A7-0C341AF49121",
    "transform" : [
      -0.18465465,
      -0.8423999,
      -0.50622654,
      0,
      -0.95230436,
      0.026039314,
      0.30403754,
      0,
      -0.24293932,
      0.53822356,
      -0.80702925,
      0,
      -1.4875216,
      -1.417114,
      -10.375139,
      1
    ],
    "keyframeTimestamp" : 1251316.538647041
  },
  {
    "uuid" : "BA117221-F92F-4A30-A78F-E0142BFDF122",
    "transform" : [
      -0.016411798,
      -0.9983564,
      0.054890532,
      0,
      -0.9902099,
      0.0086176,
      -0.1393261,
      0,
      0.13862412,
      -0.056639727,
      -0.988724,
      0,
      0.5855013,
      1.5502802,
      -3.1661265,
      0.9999999
    ],
    "keyframeTimestamp" : 1251058.063033
  },
  {
    "uuid" : "3D85CBC0-5740-4952-B0BC-7A2C4289AAC7",
    "transform" : [
      -0.30192387,
      -0.9459966,
      0.11803604,
      0,
      0.20916049,
      0.055065267,
      0.97632986,
      0,
      -0.9301046,
      0.3194658,
      0.1812396,
      0,
      2.2451756,
      -1.4062246,
      -6.7517776,
      0.99999994
    ],
    "keyframeTimestamp" : 1251250.496606625
  },
  {
    "uuid" : "646A1EB4-D716-471F-82CB-9A4CFE00E4B6",
    "transform" : [
      -0.026201922,
      -0.9843205,
      -0.17443214,
      0,
      -0.9681387,
      -0.018483907,
      0.24973147,
      0,
      -0.24904002,
      0.17541791,
      -0.95247453,
      0,
      1.0665538,
      1.3708413,
      -2.602698,
      1
    ],
    "keyframeTimestamp" : 1251077.2473205
  },
  {
    "uuid" : "A2E3A4AF-4278-4C47-B958-36EA532C072D",
    "transform" : [
      -0.18892351,
      -0.9805973,
      -0.052311268,
      0,
      -0.6392348,
      0.08236807,
      0.7645881,
      0,
      -0.7454442,
      0.1778878,
      -0.64239305,
      0,
      -5.2371464,
      -1.2888721,
      -3.6829515,
      0.99999994
    ],
    "keyframeTimestamp" : 1251151.68594425
  },
  {
    "uuid" : "5341BAB2-FEB6-4E55-9610-F46013E039F3",
    "transform" : [
      -0.23493502,
      -0.9499348,
      0.20598745,
      0,
      0.699762,
      -0.018205043,
      0.71414536,
      0,
      -0.67464083,
      0.31191954,
      0.6690046,
      0,
      0.9711847,
      1.325321,
      -4.0582094,
      1
    ],
    "keyframeTimestamp" : 1251069.054036875
  },
  {
    "uuid" : "8E5182CD-5FFF-4130-9156-5044D0DFCFB0",
    "transform" : [
      0.17799315,
      -0.9816659,
      0.06818734,
      0,
      0.5879188,
      0.05052135,
      -0.8073402,
      0,
      0.7890946,
      0.18378986,
      0.58613306,
      0,
      0.62788856,
      -1.3058722,
      -2.9829257,
      1
    ],
    "keyframeTimestamp" : 1251121.3776765
  },
  {
    "uuid" : "BB6D7A00-1A6F-418E-B2DD-9AC367C80E3F",
    "transform" : [
      -0.027767183,
      -0.9947762,
      0.098228864,
      0,
      -0.9692543,
      0.0027591407,
      -0.24604517,
      0,
      0.24448888,
      -0.10204074,
      -0.964268,
      0,
      -4.761864,
      -1.2152692,
      -11.669994,
      0.9999999
    ],
    "keyframeTimestamp" : 1251297.045932958
  },
  {
    "uuid" : "9A731A4C-642E-4190-BF23-624ADC6FB3CB",
    "transform" : [
      0.13106616,
      -0.97575086,
      0.1753046,
      0,
      -0.51322496,
      0.084507555,
      0.85408336,
      0,
      -0.8481873,
      -0.20191216,
      -0.48970383,
      0,
      -0.54222876,
      -1.1107601,
      -7.7562265,
      0.99999994
    ],
    "keyframeTimestamp" : 1251274.987493625
  },
  {
    "uuid" : "076E7928-1937-4CF1-A590-92FDC5C11F29",
    "transform" : [
      0.03100424,
      -0.99728054,
      0.06685747,
      0,
      0.9697856,
      0.013820778,
      -0.24356696,
      0,
      0.24198061,
      0.07238902,
      0.96757704,
      0,
      0.18050694,
      -1.2950735,
      -7.3600225,
      1
    ],
    "keyframeTimestamp" : 1251272.455103958
  },
  {
    "uuid" : "3EA88B09-42F2-4CD0-A6A2-1B8212134AF4",
    "transform" : [
      -0.17498767,
      -0.9806793,
      -0.08744998,
      0,
      -0.67223185,
      0.05410805,
      0.7383609,
      0,
      -0.7193634,
      0.18799067,
      -0.66871214,
      0,
      -4.846038,
      -1.2866893,
      -10.763369,
      1
    ],
    "keyframeTimestamp" : 1251298.412088916
  },
  {
    "uuid" : "59DD8512-C26F-4672-BEF2-D3002ABD1CD4",
    "transform" : [
      -0.6384068,
      -0.73441744,
      -0.23036471,
      0,
      -0.33746725,
      -0.0019187139,
      0.9413359,
      0,
      -0.69177526,
      0.6786955,
      -0.2466168,
      0,
      3.2652075,
      -1.528481,
      -6.3889995,
      1
    ],
    "keyframeTimestamp" : 1251252.895715333
  },
  {
    "uuid" : "61841382-0AF0-41E5-95DA-E81E802C4FCC",
    "transform" : [
      -0.06529866,
      -0.8193493,
      -0.5695634,
      0,
      -0.9896205,
      -0.020050205,
      0.1423002,
      0,
      -0.12801349,
      0.5729437,
      -0.80953574,
      0,
      -1.3495848,
      -1.4459566,
      -10.582804,
      0.99999994
    ],
    "keyframeTimestamp" : 1251309.941112625
  },
  {
    "uuid" : "79B713CC-45F5-44C3-86E7-3F2E1053EAE2",
    "transform" : [
      0.18568459,
      -0.9805325,
      0.06385381,
      0,
      0.39125764,
      0.01416983,
      -0.92017305,
      0,
      0.90135485,
      0.19584523,
      0.38627204,
      0,
      0.10467321,
      0.07168198,
      0.40181136,
      1
    ],
    "keyframeTimestamp" : 1251094.999400208
  },
  {
    "uuid" : "7BE32F8E-0CEC-4929-BBFF-E7942803BCCB",
    "transform" : [
      0.009566723,
      -0.88356084,
      0.46821877,
      0,
      0.99994993,
      0.009824514,
      -0.0018915896,
      0,
      -0.0029286658,
      0.46821344,
      0.8836106,
      0,
      -0.8844038,
      -1.3811815,
      1.940515,
      1
    ],
    "keyframeTimestamp" : 1251181.161373625
  },
  {
    "uuid" : "141D1AAF-CEA6-4C38-81C5-612A01355B9D",
    "transform" : [
      -0.093483515,
      -0.9722438,
      0.21448307,
      0,
      0.9187712,
      -0.0012488114,
      0.3947902,
      0,
      -0.38356435,
      0.23396713,
      0.893386,
      0,
      -3.440379,
      -1.3301239,
      -0.104127645,
      1
    ],
    "keyframeTimestamp" : 1251187.456100875
  },
  {
    "uuid" : "D7F2F32A-0D01-4F48-84D3-A437E2DA14AB",
    "transform" : [
      -0.13840199,
      -0.9640724,
      -0.22673509,
      0,
      -0.96114206,
      0.07553515,
      0.26551944,
      0,
      -0.23885359,
      0.254673,
      -0.93706477,
      0,
      -3.5044582,
      -1.3520004,
      -2.6593857,
      0.99999994
    ],
    "keyframeTimestamp" : 1251154.017340916
  },
  {
    "uuid" : "EE6472FC-A6DD-46B7-89BD-356FE9941063",
    "transform" : [
      0.02618537,
      -0.99571174,
      -0.088730626,
      0,
      -0.7462866,
      0.039584752,
      -0.6644469,
      0,
      0.66510963,
      0.08361721,
      -0.7420493,
      0,
      -3.646178,
      -1.266402,
      -0.66975164,
      1
    ],
    "keyframeTimestamp" : 1251157.581044416
  },
  {
    "uuid" : "1C77CF62-692B-4D84-B450-04D0BB0AD0AF",
    "transform" : [
      0.01527425,
      -0.97897875,
      -0.20338947,
      0,
      -0.81229997,
      0.10646259,
      -0.5734412,
      0,
      0.5830401,
      0.1739721,
      -0.7935981,
      0,
      -1.481072,
      -1.1854144,
      -10.693541,
      0.99999994
    ],
    "keyframeTimestamp" : 1251314.539394416
  },
  {
    "uuid" : "03F2D262-0556-4455-A1C4-7FF5EA05169F",
    "transform" : [
      0.07716889,
      -0.9965857,
      0.029334681,
      0,
      0.93993735,
      0.08253189,
      0.33121854,
      0,
      -0.33250907,
      0.0020129997,
      0.9430982,
      0,
      0.64949876,
      1.5183448,
      -3.1190197,
      0.9999999
    ],
    "keyframeTimestamp" : 1251048.870543916
  },
  {
    "uuid" : "4B403EB9-A106-45EC-B7C6-C5303A679D28",
    "transform" : [
      0.14718248,
      -0.9620326,
      0.22985272,
      0,
      0.8780783,
      0.020109806,
      -0.47809508,
      0,
      0.45532048,
      0.27219564,
      0.84769917,
      0,
      1.1591463,
      1.3646024,
      -2.6159368,
      1
    ],
    "keyframeTimestamp" : 1251064.307923208
  },
  {
    "uuid" : "2FC3C12F-21CA-4E6B-900B-10393AD27162",
    "transform" : [
      0.021170145,
      -0.9991974,
      -0.034002453,
      0,
      0.86558527,
      0.0012985556,
      0.5007597,
      0,
      -0.50031364,
      -0.040033184,
      0.86491835,
      0,
      -1.955828,
      -1.235445,
      -9.617628,
      1
    ],
    "keyframeTimestamp" : 1251304.243242458
  },
  {
    "uuid" : "8923EA36-2B95-4AAF-9011-15BD6048E2B6",
    "transform" : [
      0.22873083,
      -0.96676546,
      0.114218436,
      0,
      0.08813242,
      -0.09628257,
      -0.991445,
      0,
      0.9694931,
      0.23684059,
      0.06318069,
      0,
      0.85360813,
      1.4198279,
      -2.644691,
      0.99999994
    ],
    "keyframeTimestamp" : 1251044.973723416
  },
  {
    "uuid" : "1C370B5E-15BF-4040-8C13-5E048DFA17AA",
    "transform" : [
      -0.27727917,
      -0.9200052,
      -0.27696002,
      0,
      -0.72427386,
      0.010740846,
      0.68942934,
      0,
      -0.6313037,
      0.39175925,
      -0.66931367,
      0,
      -1.0155203,
      -1.3662488,
      -6.208972,
      1
    ],
    "keyframeTimestamp" : 1251203.21426275
  },
  {
    "uuid" : "8AC50BEF-5D88-4205-8655-E11378BC5190",
    "transform" : [
      -0.050032366,
      -0.95656,
      -0.28720975,
      0,
      -0.9888186,
      0.0069942065,
      0.14895925,
      0,
      -0.14047979,
      0.29145128,
      -0.9462151,
      0,
      1.1355919,
      1.3104941,
      -2.4936948,
      1
    ],
    "keyframeTimestamp" : 1251077.4804625
  },
  {
    "uuid" : "01783214-D609-4E33-876E-CF97BA9B8366",
    "transform" : [
      -0.14302002,
      -0.988248,
      -0.053950205,
      0,
      0.28591898,
      0.010930939,
      -0.9581911,
      0,
      0.9475206,
      -0.15246594,
      0.2809956,
      0,
      -0.6824045,
      -1.1811343,
      -6.9707394,
      0.9999999
    ],
    "keyframeTimestamp" : 1251200.148758166
  },
  {
    "uuid" : "DA0AC6E5-395A-448A-BA94-1BA4CF472CC3",
    "transform" : [
      0.01641596,
      -0.99983335,
      0.00796318,
      0,
      0.7693046,
      0.0177174,
      0.6386365,
      0,
      -0.6386714,
      -0.0043577184,
      0.7694676,
      0,
      -0.116769545,
      -1.2420286,
      -7.5588956,
      0.9999999
    ],
    "keyframeTimestamp" : 1251273.221485083
  },
  {
    "uuid" : "0F90EEA8-6148-4A24-B6C5-D2D3D8CA570B",
    "transform" : [
      -0.20269394,
      -0.9788261,
      0.028566737,
      0,
      -0.072928056,
      0.044180278,
      0.99635935,
      0,
      -0.97652376,
      0.19987246,
      -0.08033892,
      0,
      0.8910611,
      1.299862,
      -2.8170307,
      1
    ],
    "keyframeTimestamp" : 1251075.681937833
  },
  {
    "uuid" : "1B1F467F-0D75-431C-8D43-52D121905FE9",
    "transform" : [
      0.24581411,
      -0.96745837,
      0.05999739,
      0,
      0.25679117,
      0.0053111296,
      -0.9664523,
      0,
      0.93468416,
      0.2529745,
      0.24974042,
      0,
      4.367544,
      -1.3810908,
      -7.9877644,
      0.99999994
    ],
    "keyframeTimestamp" : 1251257.793893541
  },
  {
    "uuid" : "840179A7-E0FA-4A18-8E63-3D6082078899",
    "transform" : [
      0.3144521,
      -0.93779415,
      0.14718409,
      0,
      0.5101999,
      0.036211662,
      -0.8592937,
      0,
      0.8005104,
      0.3452998,
