[
  {
    "keyframeTimestamp" : 1251049.619932333,
    "uuid" : "57FCB923-AB68-4AA2-BC82-D86D791EE8F1",
    "transform" : [
      0.15961395,
      -0.82957405,
      -0.5350973,
      0,
      0.97091293,
      0.033925723,
      0.2370173,
      0,
      -0.17846987,
      -0.5573642,
      0.8108593,
      0,
      0.5310545,
      1.6723015,
      -2.9086099,
      1
    ]
  },
  {
    "keyframeTimestamp" : 1251110.952932083,
    "uuid" : "090B42CB-23B7-456F-BDA2-34D9722F5CF8",
    "transform" : [
      0.0383539,
      -0.9988018,
      0.03038118,
      0,
      0.8915467,
      0.047934923,
      0.45038453,
      0,
      -0.45130163,
      0.009812243,
      0.89231765,
      0,
      -0.45351446,
      -1.2182652,
      -1.9196323,
      0.9999999
    ]
  },
  {
    "keyframeTimestamp" : 1251129.90397875,
    "uuid" : "2C415898-507C-45EF-AA19-DD0C2A31A5FC",
    "transform" : [
      -0.42537296,
      -0.8998871,
      -0.09623441,
      0,
      0.055738438,
      0.08008292,
      -0.9952286,
      0,
      0.9033001,
      -0.42870724,
      0.016093198,
      0,
      -2.7978146,
      -1.0120349,
      -6.5027356,
      1
    ]
  },
  {
    "keyframeTimestamp" : 1251220.607724208,
    "uuid" : "E2986519-64D7-484A-87DB-D0357D0446BD",
    "transform" : [
      0.18140249,
      -0.9777921,
      0.10495639,
      0,
      0.66950536,
      0.04461924,
      -0.74146616,
      0,
      0.7203166,
      0.20477262,
      0.66273105,
      0,
      0.3592868,
      -1.3449678,
      -5.5738916,
      1
    ]
  },
  {
    "keyframeTimestamp" : 1251137.930678916,
    "uuid" : "9C2ADD77-6748-4556-AFBE-DBFCB40CC2CC",
    "transform" : [
      0.16535461,
      -0.9617186,
      -0.21852788,
      0,
      -0.82968295,
      -0.015858198,
      -0.55801,
      0,
      0.5331834,
      0.2735784,
      -0.800544,
      0,
      -1.5252737,
      -1.345327,
      -5.64846,
      1.0000001
    ]
  },
  {
    "keyframeTimestamp" : 1251271.955290041,
    "uuid" : "ACB52BB0-C218-495D-8CCF-73837B0B8115",
    "transform" : [
      0.15255418,
      -0.9746298,
      0.16377984,
      0,
      0.8122496,
      0.0292395,
      -0.58257705,
      0,
      0.563008,
      0.2219046,
      0.7961033,
      0,
      0.45931172,
      -1.3332182,
      -7.185039,
      0.99999994
    ]
  },
  {
    "keyframeTimestamp" : 1251154.949899166,
    "uuid" : "A29AA079-39E4-4D4F-A585-A70CE82F95A9",
    "transform" : [
      -0.07239814,
      -0.9964284,
      -0.043457847,
      0,
      -0.99403113,
      0.075652264,
      -0.07860701,
      0,
      0.08161393,
      0.037507452,
      -0.99595803,
      0,
      -3.1717503,
      -1.2700181,
      -2.3033094,
      1
    ]
  },
  {
    "keyframeTimestamp" : 1251206.279771041,
    "uuid" : "F81AF975-DAE4-4972-AA0E-542728DA477B",
    "transform" : [
      -0.3447932,
      -0.9329215,
      -0.10380378,
      0,
      -0.35043377,
      0.025341285,
      0.93624485,
      0,
      -0.87081236,
      0.35918707,
      -0.33566475,
      0,
      0.35861742,
      -1.3858054,
      -5.465289,
      1
    ]
  },
  {
    "keyframeTimestamp" : 1251207.479318458,
    "uuid" : "B7B3B459-BFAB-4792-8E8F-8C72B1114B70",
    "transform" : [
      -0.16184995,
      -0.98676556,
      0.009926922,
      0,
      -0.037114166,
      0.016139315,
      0.999181,
      0,
      -0.98611736,
      0.16134888,
      -0.039235145,
      0,
      1.0175488,
      -1.3092494,
      -5.1879597,
      1
    ]
  },
  {
    "keyframeTimestamp" : 1251267.723532208,
    "uuid" : "4574410C-096B-48B3-8C17-8DF3F570E7C1",
    "transform" : [
      -0.11306357,
      -0.9932392,
      -0.02631682,
      0,
      -0.92746234,
      0.11500302,
      -0.35579264,
      0,
      0.3564137,
      -0.015819319,
      -0.9341947,
      0,
      2.6592093,
      -1.2770159,
      -6.8347273,
      1
    ]
  },
  {
    "keyframeTimestamp" : 1251182.876604083,
    "uuid" : "DD6DE2B8-D636-49B7-85BD-53D0245D6CC0",
    "transform" : [
      0.064362,
      -0.978234,
      -0.19726878,
      0,
      0.96927255,
      0.108310625,
      -0.22086032,
      0,
      0.23741953,
      -0.17699227,
      0.95514697,
      0,
      -1.2179332,
      -1.1583107,
      2.1670728,
      1
    ]
  },
  {
    "keyframeTimestamp" : 1251142.210468875,
    "uuid" : "3FBE4524-5C27-42D3-B2BF-8C36D84FD2BC",
    "transform" : [
      0.29838932,
      -0.92626375,
      -0.2302148,
      0,
      -0.49713925,
      0.055067442,
      -0.8659218,
      0,
      0.8147493,
      0.37283054,
      -0.44405046,
      0,
      -3.5674775,
      -1.3540926,
      -4.6719913,
      1
    ]
  },
  {
    "keyframeTimestamp" : 1251060.128010583,
    "uuid" : "9690ECA6-5490-4FE8-B424-1B889B73F7CB",
    "transform" : [
      0.11424808,
      -0.9886958,
      -0.09708833,
      0,
      -0.5970448,
      0.009778582,
      -0.8021484,
      0,
      0.7940313,
      0.14961019,
      -0.5891795,
      0,
      0.9419385,
      1.4910866,
      -2.603547,
      0.99999994
    ]
  },
  {
    "keyframeTimestamp" : 1251196.017000041,
    "uuid" : "BC8E1EDE-D532-413A-A2A4-C101B8B9D9CE",
    "transform" : [
      -0.007861036,
      -0.99395674,
      -0.109487176,
      0,
      0.73749304,
      0.068179496,
      -0.67190474,
      0,
      0.67530924,
      -0.08602792,
      0.7325005,
      0,
      -0.77889895,
      -1.235523,
      -6.355811,
      1
    ]
  },
  {
    "keyframeTimestamp" : 1251243.1659955,
    "uuid" : "C5AF8C76-41BF-4205-B438-9CFA9E08743D",
    "transform" : [
      0.049412627,
      -0.99668473,
      -0.064636864,
      0,
      -0.9790789,
      -0.035546556,
      -0.20035242,
      0,
      0.19739056,
      0.0731845,
      -0.9775894,
      0,
      0.56513596,
      -1.2741016,
      -7.2618256,
      0.99999994
    ]
  },
  {
    "keyframeTimestamp" : 1251163.97572275,
    "uuid" : "ADFD7B59-6B36-4A58-AE88-31DC2647CF26",
    "transform" : [
      0.15419832,
      -0.97566533,
      0.15588517,
      0,
      0.50723994,
      -0.057223137,
      -0.8599033,
      0,
      0.84789807,
      0.21166681,
      0.48607266,
      0,
      -3.6121852,
      -1.3455737,
      2.229051,
      1
    ]
  },
  {
    "keyframeTimestamp" : 1251076.331405333,
    "uuid" : "6D29A5F1-ADED-44E3-BDF0-A1B07F099322",
    "transform" : [
      0.052892737,
      -0.99227947,
      0.11217654,
      0,
      -0.61775696,
      0.055745747,
      0.7843907,
      0,
      -0.78458863,
      -0.11078649,
      -0.6100394,
      0,
      0.9211275,
      1.4722469,
      -2.6791265,
      1
    ]
  },
  {
    "keyframeTimestamp" : 1251221.90723925,
    "uuid" : "0B4261EF-8DF1-421E-90F0-C5F02EFFB325",
    "transform" : [
      0.01364871,
      -0.99058753,
      0.136198,
      0,
      0.99820334,
      0.0055508655,
      -0.059659965,
      0,
      0.058342423,
      0.13676755,
      0.98888373,
      0,
      -0.12101877,
      -1.3118379,
      -6.07991,
      1
    ]
  },
  {
    "keyframeTimestamp" : 1251084.324844166,
    "uuid" : "A220C06A-DB81-4448-9CC9-A20895E32FA4",
    "transform" : [
      0.2776068,
      -0.7985244,
      -0.53412807,
      0,
      -0.73580366,
      0.18073869,
      -0.65263045,
      0,
      0.6176793,
      0.57418823,
      -0.5373831,
      0,
      1.192618,
      1.3284799,
      -1.4427832,
      0.99999994
    ]
  },
  {
    "keyframeTimestamp" : 1251070.319666833,
    "uuid" : "F4B0F927-EEEB-4A25-9C5F-7FE05EE12CD1",
    "transform" : [
      -0.2959124,
      -0.9481337,
      0.11610276,
      0,
      0.2537755,
      0.03914502,
      0.96647173,
      0,
      -0.9208882,
      0.3154546,
      0.22902937,
      0,
      1.0898554,
      1.1665684,
      -4.9011545,
      1.0000001
    ]
  },
  {
    "keyframeTimestamp" : 1251103.026125916,
    "uuid" : "B16B86A8-A6A6-4F80-A902-78956D1604CB",
    "transform" : [
      0.0069600795,
      -0.99698085,
      0.07734032,
      0,
      0.99501693,
      -0.00078846427,
      -0.09970837,
      0,
      0.09946831,
      0.077648886,
      0.99200714,
      0,
      -1.569896,
      -1.2699041,
      -0.9492018,
      1
    ]
  },
  {
    "keyframeTimestamp" : 1251245.931635583,
    "uuid" : "3736F052-ABB1-4D2F-96CF-F4A7469E54D8",
    "transform" : [
      -0.018296495,
      -0.99971086,
      0.015596836,
      0,
      -0.0841465,
      0.017083758,
      0.99630696,
      0,
      -0.99628544,
      0.016916506,
      -0.08443478,
      0,
      1.443942,
      -1.2665739,
      -6.778408,
      1
    ]
  },
  {
    "keyframeTimestamp" : 1251211.311208458,
    "uuid" : "55F385CA-4515-46E3-8547-7FBF8BAFA506",
    "transform" : [
      -0.2530584,
      -0.7637521,
      0.59383833,
      0,
      0.9222643,
      -0.005043649,
      0.38652712,
      0,
      -0.29221585,
      0.6454899,
      0.7056577,
      0,
      2.58636,
      -1.480692,
      -4.354392,
      1.0000001
    ]
  },
  {
    "keyframeTimestamp" : 1251186.6068125,
    "uuid" : "A7FE11B1-DE67-4A24-9C2A-65947236BF56",
    "transform" : [
      0.04457715,
      -0.9937991,
      0.10186058,
      0,
      0.9887319,
      0.029303478,
      -0.14679947,
      0,
      0.14290439,
      0.107256725,
      0.9839076,
      0,
      -2.9807165,
      -1.2827172,
      0.3870449,
      1
    ]
  },
  {
    "keyframeTimestamp" : 1251245.465141958,
    "uuid" : "F7299B2C-23F8-4FFA-9920-FB33339C465E",
    "transform" : [
      -0.1160765,
      -0.99324006,
      -0.00072801235,
      0,
      -0.22020498,
      0.02501984,
      0.97513306,
      0,
      -0.9685229,
      0.113350295,
      -0.22162068,
      0,
      1.131612,
      -1.3049608,
      -6.8572416,
      1.0000001
    ]
  },
  {
    "keyframeTimestamp" : 1251134.033902041,
    "uuid" : "B1705769-50BF-4907-8502-78A6F33BCD97",
    "transform" : [
      -0.0864288,
      -0.99320847,
      -0.07788381,
      0,
      -0.6042825,
      -0.009890458,
      0.79670864,
      0,
      -0.7920687,
      0.11592246,
      -0.5993242,
      0,
      -3.7154691,
      -1.2926188,
      -7.1999764,
      1
    ]
  },
  {
    "keyframeTimestamp" : 1251063.425312375,
    "uuid" : "98CB767B-3878-48C6-8B58-5B12B8D618B2",
    "transform" : [
      0.1921869,
      -0.9666976,
      0.16899517,
      0,
      0.4870201,
      -0.05555101,
      -0.871622,
      0,
      0.8519827,
      0.24981834,
      0.46012488,
      0,
      1.0500818,
      1.0960648,
      -2.6951766,
      1
    ]
  },
  {
    "keyframeTimestamp" : 1251267.923458083,
    "uuid" : "5562DAB6-4FD2-4F3E-922F-2EDDA459D9ED",
    "transform" : [
      -0.18894462,
      -0.97774595,
      0.09117522,
      0,
      -0.9156576,
      0.1418759,
      -0.3760887,
      0,
      0.3547837,
      -0.15454519,
      -0.9220874,
      0,
      2.6571033,
      -1.2431586,
      -6.8788853,
      1
    ]
  },
  {
    "keyframeTimestamp" : 1251045.140254208,
    "uuid" : "89107C09-1DFC-43F4-B4EB-ECB6AC0FE4F6",
    "transform" : [
      0.2615126,
      -0.9537529,
      0.14821619,
      0,
      0.21790218,
      -0.09125738,
      -0.97169644,
      0,
      0.94028276,
      0.28640696,
      0.18395963,
      0,
      0.8773675,
      1.4027532,
      -2.6488476,
      1.0000001
    ]
  },
  {
    "keyframeTimestamp" : 1251152.95155975,
    "uuid" : "2D9263C8-3470-4119-8879-193C5F5AE24E",
    "transform" : [
      -0.3342419,
      -0.930105,
      -0.15227169,
      0,
      -0.546962,
      0.059851862,
      0.8350148,
      0,
      -0.7675379,
      0.3623838,
      -0.5287373,
      0,
      -4.111992,
      -1.3780885,
      -3.1783834,
      1
    ]
  },
  {
    "keyframeTimestamp" : 1251174.117265291,
    "uuid" : "250C5051-240B-4EFF-82BD-B255C12A4561",
    "transform" : [
      -0.009868791,
      -0.9981436,
      0.060095098,
      0,
      -0.9966445,
      0.01470181,
      0.08051977,
      0,
      -0.08125384,
      -0.059098814,
      -0.9949398,
      0,
      -1.8309448,
      -1.2551486,
      2.6541638,
      1
    ]
  },
  {
    "keyframeTimestamp" : 1251229.104557583,
    "uuid" : "4AAA8259-19A9-4100-826D-8028DCE2E3A8",
    "transform" : [
      -0.25504276,
      -0.9457682,
      -0.20118539,
      0,
      -0.5750182,
      -0.018926045,
      0.8179218,
      0,
      -0.7773722,
      0.32429028,
      -0.53900695,
      0,
      0.37004572,
      -1.2926397,
      -10.0074215,
      1
    ]
  },
  {
    "keyframeTimestamp" : 1251126.490127791,
    "uuid" : "145B7811-F526-4F19-93DB-135AB9FB2476",
    "transform" : [
      0.34804064,
      -0.91135687,
      -0.21976474,
      0,
      -0.55421495,
      -0.010949348,
      -0.83230156,
      0,
      0.7561174,
      0.41147166,
      -0.5088984,
      0,
      -1.35848,
      -1.4071876,
      -5.480224,
      0.99999994
    ]
  },
  {
    "keyframeTimestamp" : 1251135.615927666,
    "uuid" : "91F12FAC-BBF7-468A-A0ED-AC54D77E4C2E",
    "transform" : [
      0.053400036,
      -0.96291924,
      0.26445174,
      0,
      -0.9150572,
      0.058836635,
      0.39901048,
      0,
      -0.39977443,
      -0.26329553,
      -0.8779842,
      0,
      -2.7062275,
      -1.1231802,
      -6.624118,
      1
    ]
  },
  {
    "keyframeTimestamp" : 1251155.732581791,
    "uuid" : "5009C2ED-FFA2-485D-8C5F-27B1A4CBFEE5",
    "transform" : [
      0.081002615,
      -0.95715445,
      -0.27801743,
      0,
      -0.91332155,
      0.040410783,
      -0.4052293,
      0,
      0.39910197,
      0.28674403,
      -0.8709167,
      0,
      -2.950441,
      -1.3434538,
      -1.7921302,
      0.99999994
    ]
  },
  {
    "keyframeTimestamp" : 1251042.3258815,
    "uuid" : "5E47618E-87DF-4BE6-87FC-D1BCA81C18DD",
    "transform" : [
      -0.049577124,
      -0.9587052,
      -0.28004873,
      0,
      0.9523291,
      0.039131757,
      -0.30255294,
      0,
      0.30101776,
      -0.2816981,
      0.91106254,
      0,
      0.89235944,
      1.4928092,
      -2.9340339,
      0.99999994
    ]
  },
  {
    "keyframeTimestamp" : 1251058.762461041,
    "uuid" : "73EDB135-C32F-4746-8F3E-66B0D87350BF",
    "transform" : [
      0.09016342,
      -0.9615083,
      -0.25956205,
      0,
      -0.9360875,
      0.0071618347,
      -0.35169634,
      0,
      0.3400177,
      0.27468276,
      -0.89940983,
      0,
      0.5745672,
      1.444519,
      -3.0666788,
      0.99999994
    ]
  },
  {
    "keyframeTimestamp" : 1251250.496606625,
    "uuid" : "3D85CBC0-5740-4952-B0BC-7A2C4289AAC7",
    "transform" : [
      -0.30192387,
      -0.9459966,
      0.11803604,
      0,
      0.20916049,
      0.055065267,
      0.97632986,
      0,
      -0.9301044,
      0.3194657,
      0.18123956,
      0,
      2.2451756,
      -1.4062246,
      -6.7517776,
      0.99999994
    ]
  },
  {
    "keyframeTimestamp" : 1251242.532897041,
    "uuid" : "63058BC5-5D87-4BF2-868F-C3EA86148C3C",
    "transform" : [
      -0.06739344,
      -0.97412825,
      0.21571326,
      0,
      -0.7998471,
      -0.07649072,
      -0.5953101,
      0,
      0.59640825,
      -0.2126576,
      -0.77399874,
      0,
      0.6894887,
      -1.2163804,
      -7.572942,
      1
    ]
  },
  {
    "keyframeTimestamp" : 1251177.914091333,
    "uuid" : "F37060E5-199D-4AC4-B592-495CAA80E730",
    "transform" : [
      -0.22009113,
      -0.87901986,
      0.4229466,
      0,
      0.9178606,
      -0.039806616,
      0.3949014,
      0,
      -0.33029008,
      0.47512028,
      0.8155788,
      0,
      -2.089914,
      -1.3570347,
      3.0858493,
      1
    ]
  },
  {
    "keyframeTimestamp" : 1251235.968669958,
    "uuid" : "01B6ED6E-FC52-4E07-8E90-258607393E47",
    "transform" : [
      -0.29037645,
      -0.9561206,
      -0.038920682,
      0,
      0.11063907,
      0.006854588,
      -0.99383694,
      0,
      0.9504949,
      -0.29289302,
      0.1037939,
      0,
      1.2194743,
      -1.0737247,
      -8.12885,
      1
    ]
  },
  {
    "keyframeTimestamp" : 1251119.279405875,
    "uuid" : "5E89155F-F950-4D51-9E8F-68717C1D27C5",
    "transform" : [
      0.27682358,
      -0.9604571,
      0.029836059,
      0,
      0.15246128,
      0.013243985,
      -0.9882206,
      0,
      0.94874877,
      0.27811173,
      0.15009889,
      0,
      0.97207487,
      -1.3302528,
      -2.6613283,
      1.0000001
    ]
  },
  {
    "keyframeTimestamp" : 1251201.348302791,
    "uuid" : "50D28004-041A-45FA-AEEF-970B0821096B",
    "transform" : [
      -0.2878464,
      -0.95617384,
      0.05363281,
      0,
      -0.54393333,
      0.11713879,
      -0.83091253,
      0,
      0.78821415,
      -0.2683478,
      -0.55381274,
      0,
      -0.95480055,
      -1.1275345,
      -6.6815405,
      0.99999994
    ]
  },
  {
    "keyframeTimestamp" : 1251177.49777275,
    "uuid" : "20E35715-7192-4B6A-B784-2AA611E0040B",
    "transform" : [
      -0.100119054,
      -0.9215794,
      0.37505734,
      0,
      0.9850031,
      -0.14504053,
      -0.093449146,
      0,
      0.14051937,
      0.36007652,
      0.92227983,
      0,
      -2.042897,
      -1.3075773,
      3.1610286,
      0.99999994
    ]
  },
  {
    "keyframeTimestamp" : 1251241.300021458,
    "uuid" : "65AC58B1-666B-4A48-8D6E-68811C388762",
    "transform" : [
      0.008595034,
      -0.9989664,
      -0.04463512,
      0,
      -0.042283494,
      0.04423376,
      -0.99812603,
      0,
      0.9990688,
      0.010466253,
      -0.04185959,
      0,
      0.5111348,
      -1.1898692,
      -7.6545334,
      1
    ]
  },
  {
    "keyframeTimestamp" : 1251117.131175916,
    "uuid" : "9FC732A9-93E7-4A98-8BEC-6199743DFAA5",
    "transform" : [
      0.13940987,
      -0.9799292,
      -0.14249231,
      0,
      -0.8471638,
      -0.043520108,
      -0.52954686,
      0,
      0.51271707,
      0.1945383,
      -0.8362276,
      0,
      1.1944053,
      -1.3093748,
      -2.8261847,
      1
    ]
  },
  {
    "keyframeTimestamp" : 1251162.210525666,
    "uuid" : "27EF84F6-28A5-460A-B529-B67E2B2B1007",
    "transform" : [
      0.03459576,
      -0.8603057,
      -0.5086032,
      0,
      0.99791265,
      0.057503097,
      -0.02938773,
      0,
      0.054528724,
      -0.5065249,
      0.8604996,
      0,
      -3.4560835,
      -1.1249489,
      1.8229331,
      0.9999999
    ]
  },
  {
    "keyframeTimestamp" : 1251251.796123708,
    "uuid" : "C904B2C0-DA3E-4496-9B81-5C9A12FEC56F",
    "transform" : [
      -0.2588691,
      -0.9561784,
      0.13678192,
      0,
      0.48989913,
      -0.007928476,
      0.8717433,
      0,
      -0.83245766,
      0.2926767,
      0.47048342,
      0,
      2.75441,
      -1.3619034,
      -6.852455,
      1
    ]
  },
  {
    "keyframeTimestamp" : 1251071.901704125,
    "uuid" : "17EF2986-3E8C-4DF8-AF6F-AA625D4EF30E",
    "transform" : [
      -0.13200948,
      -0.99050725,
      0.038313147,
      0,
      0.03342738,
      0.03418107,
      0.9988563,
      0,
      -0.99068475,
      0.13313925,
      0.028597835,
      0,
      1.3440646,
      1.2550555,
      -4.7524714,
      0.9999998
    ]
  },
  {
    "keyframeTimestamp" : 1251222.207127208,
    "uuid" : "85D47504-7A19-4C5E-98B1-C4EB9B73B327",
    "transform" : [
      -0.027536819,
      -0.96897554,
      0.24561785,
      0,
      0.98658556,
      0.013207158,
      0.16271146,
      0,
      -0.16090731,
      0.24680354,
      0.95561355,
      0,
      -0.1844635,
      -1.3280063,
      -6.198254,
      1
    ]
  },
  {
    "keyframeTimestamp" : 1251233.669525083,
    "uuid" : "46984528-1325-4998-801C-562D91C3636A",
    "transform" : [
      -0.17739211,
      -0.9593047,
      0.21969631,
      0,
      -0.73574746,
      -0.01898918,
      -0.67698973,
      0,
      0.65361136,
      -0.28173366,
      -0.70243764,
      0,
      1.7749068,
      -1.1609674,
      -8.844322,
      1
    ]
  },
  {
    "keyframeTimestamp" : 1251141.29456075,
    "uuid" : "82605104-B6BE-4606-919F-66C3882C5A77",
    "transform" : [
      -0.099410385,
      -0.99249285,
      -0.071238965,
      0,
      -0.10247746,
      0.08142468,
      -0.99139726,
      0,
      0.9897556,
      -0.09125479,
      -0.10980261,
      0,
      -2.7750015,
      -1.1712383,
      -4.4235044,
      0.9999999
    ]
  },
  {
    "keyframeTimestamp" : 1251186.839950625,
    "uuid" : "5D8C574C-56A2-4D52-B150-AB29F9B9C8A4",
    "transform" : [
      0.014887192,
      -0.98770905,
      0.15559338,
      0,
      0.99975836,
      0.012184662,
      -0.018308548,
      0,
      0.01618769,
      0.1558283,
      0.98765165,
      0,
      -3.1150901,
      -1.3026099,
      0.2372284,
      1
    ]
  },
  {
    "keyframeTimestamp" : 1251092.434844291,
    "uuid" : "DE31BB0F-067A-4C9C-865E-B7BCD9285226",
    "transform" : [
      0.32334992,
      -0.9031861,
      0.2823126,
      0,
      0.75839645,
      0.068921864,
      -0.6481402,
      0,
      0.5659334,
      0.42368063,
      0.7072586,
      0,
      0.19757241,
      -0.025030375,
      0.33569407,
      1
    ]
  },
  {
    "keyframeTimestamp" : 1251229.437767166,
    "uuid" : "0684E78B-93DB-479E-98A0-647BA4B74ADB",
    "transform" : [
      -0.19563408,
      -0.95230937,
      -0.23416668,
      0,
      -0.72758496,
      -0.0191529,
      0.6857505,
      0,
      -0.6575316,
      0.3045322,
      -0.689139,
      0,
      0.46617684,
      -1.2986238,
      -10.054979,
      1
    ]
  },
  {
    "keyframeTimestamp" : 1251066.755919,
    "uuid" : "4E8A3ECE-FC00-4C56-9D08-93019416C60C",
    "transform" : [
      0.016916936,
      -0.9823363,
      0.18635651,
      0,
      0.99509513,
      -0.0016284643,
      -0.098916076,
      0,
      0.09747238,
      0.18711583,
      0.97749096,
      0,
      1.4170309,
      1.1102597,
      -3.5806572,
      0.99999994
    ]
  },
  {
    "keyframeTimestamp" : 1251182.393675125,
    "uuid" : "05E6DF05-49D9-4283-BEE7-B49CBA68EAD1",
    "transform" : [
      0.051634956,
      -0.9856734,
      -0.16056699,
      0,
      0.9902471,
      0.071366735,
      -0.11965698,
      0,
      0.12940188,
      -0.15282248,
      0.97974545,
      0,
      -0.95243585,
      -1.1643765,
      2.071135,
      1
    ]
  },
  {
    "keyframeTimestamp" : 1251170.686794916,
    "uuid" : "121A8AD9-1E1C-4914-AEFF-5A9336343163",
    "transform" : [
      -0.004814534,
      -0.8934238,
      -0.4491887,
      0,
      -0.99998736,
      0.0049554887,
      0.0008617988,
      0,
      0.0014559788,
      0.44918713,
      -0.8934365,
      0,
      -1.6211975,
      -1.4146719,
      1.8600764,
      1
    ]
  },
  {
    "keyframeTimestamp" : 1251083.741989416,
    "uuid" : "3A39D0B7-042C-445B-A2A3-1581372D1A27",
    "transform" : [
      0.079492,
      -0.94950986,
      -0.30350098,
      0,
      -0.32460585,
      0.26321325,
      -0.90848833,
      0,
      0.94250375,
      0.17073564,
      -0.2872929,
      0,
      1.2338879,
      1.4867877,
      -1.3699117,
      1
    ]
  },
  {
    "keyframeTimestamp" : 1251248.497349083,
    "uuid" : "64F16166-B5C1-45E0-8586-A92B08D74D13",
    "transform" : [
      -0.2677354,
      -0.7738988,
      0.57393223,
      0,
      0.934955,
      -0.064778395,
      0.34880182,
      0,
      -0.23275892,
      0.6299875,
      0.74090415,
      0,
      1.8701677,
      -1.5262866,
      -6.7478094,
      1
    ]
  },
  {
    "keyframeTimestamp" : 1251124.808181291,
    "uuid" : "039BC6B2-0BD6-4CDA-9CFB-7C0646D88687",
    "transform" : [
      0.06287848,
      -0.9980108,
      0.0045561525,
      0,
      0.6578671,
      0.03801427,
      -0.752174,
      0,
      0.7505049,
      0.050292913,
      0.658949,
      0,
      -1.2899745,
      -1.2419727,
      -4.849809,
      1
    ]
  },
  {
    "keyframeTimestamp" : 1251057.030543916,
    "uuid" : "F57F4FDD-211D-42E4-B7BC-9DFD9DB929D5",
    "transform" : [
      -0.049792614,
      -0.9985931,
      -0.018217117,
      0,
      -0.9965878,
      0.0484737,
      0.0668163,
      0,
      -0.06583925,
      0.021481907,
      -0.9975991,
      0,
      0.5705005,
      1.5069884,
      -3.185789,
      0.9999999
    ]
  },
  {
    "keyframeTimestamp" : 1251249.996792041,
    "uuid" : "ABC94F7A-28BD-4937-A266-D2803BD4AB23",
    "transform" : [
      -0.50974786,
      -0.85572904,
      0.08879905,
      0,
      0.023022218,
      0.0896109,
      0.995711,
      0,
      -0.8600161,
      0.5096057,
      -0.025978204,
      0,
      2.0436628,
      -1.4916046,
      -6.7742405,
      1
    ]
  },
  {
    "keyframeTimestamp" : 1251231.270417916,
    "uuid" : "3440EEA0-8C7D-4019-858B-2F3981E56DF7",
    "transform" : [
      -0.11533656,
      -0.9654721,
      -0.23358305,
      0,
      -0.99194807,
      0.0995627,
      0.0782713,
      0,
      -0.052312624,
      0.24072978,
      -0.96918154,
      0,
      1.1533656,
      -1.34433,
      -9.624456,
      0.99999994
    ]
  },
  {
    "keyframeTimestamp" : 1251125.141240083,
    "uuid" : "5D624960-2CCD-4257-BF40-573C8B337C04",
    "transform" : [
      0.07098196,
      -0.9971273,
      0.026431836,
      0,
      0.5429345,
      0.01639306,
      -0.83961564,
      0,
      0.8367701,
      0.07394829,
      0.5425382,
      0,
      -1.4848363,
      -1.2372669,
      -4.9821467,
      0.99999994
    ]
  },
  {
    "keyframeTimestamp" : 1251232.103441458,
    "uuid" : "110A6711-6BB7-458D-A6E1-5D77E6E4B47D",
    "transform" : [
      -0.044705633,
      -0.99053085,
      -0.12980732,
      0,
      -0.9350726,
      0.08722511,
      -0.34355664,
      0,
      0.35162586,
      0.106020354,
      -0.9301178,
      0,
      1.376237,
      -1.2720493,
      -9.486464,
      0.99999994
    ]
  },
  {
    "keyframeTimestamp" : 1251257.160796041,
    "uuid" : "A0A099E2-805F-4895-BC8E-F90154A1E9D3",
    "transform" : [
      0.57872874,
      -0.7379894,
      0.34705174,
      0,
      0.5785607,
      0.07161886,
      -0.8124893,
      0,
      0.5747527,
      0.6710012,
      0.46841955,
      0,
      4.45407,
      -1.5338328,
      -7.900308,
      1
    ]
  },
  {
    "keyframeTimestamp" : 1251210.8447175,
    "uuid" : "58CCAEE4-8652-4B79-A03D-CA311A8CF4FA",
    "transform" : [
      -0.3656028,
      -0.8741113,
      0.31978756,
      0,
      0.58712476,
      0.050014168,
      0.8079503,
      0,
      -0.7222321,
      0.48314396,
      0.494927,
      0,
      2.5422056,
      -1.4042974,
      -4.293435,
      1
    ]
  },
  {
    "keyframeTimestamp" : 1251194.684177208,
    "uuid" : "FB009973-EED4-4E61-A963-98EE89D76205",
    "transform" : [
      0.04648425,
      -0.9231965,
      0.38150615,
      0,
      0.9926582,
      -1.6221597e-06,
      -0.12095339,
      0,
      0.111664414,
      0.38432768,
      0.9164188,
      0,
      -0.94020236,
      -1.3608325,
      -5.863554,
      1
    ]
  },
  {
    "keyframeTimestamp" : 1251112.301821208,
    "uuid" : "32A30FD1-79A3-4584-8373-FFC13CB9DBBE",
    "transform" : [
      -0.031624734,
      -0.92290086,
      0.3837369,
      0,
      0.9739849,
      0.057739593,
      0.21913444,
      0,
      -0.22439617,
      0.38068393,
      0.89706564,
      0,
      0.14671397,
      -1.3545085,
      -2.255567,
      0.99999994
    ]
  },
  {
    "keyframeTimestamp" : 1251170.137253208,
    "uuid" : "814429FF-9C25-4D52-8B21-B859718C70FB",
    "transform" : [
      0.014429747,
      -0.9944017,
      -0.10467717,
      0,
      -0.9884936,
      -0.02995194,
      0.14827058,
      0,
      -0.15057585,
      0.10133321,
      -0.9833921,
      0,
      -1.6907983,
      -1.281699,
      1.5752378,
      1
    ]
  },
  {
    "keyframeTimestamp" : 1251086.856098208,
    "uuid" : "671EB972-2D4C-491C-A821-DD38F0D20C95",
    "transform" : [
      0.31702197,
      -0.88741136,
      -0.33466125,
      0,
      -0.6924262,
      0.024565937,
      -0.7210706,
      0,
      0.64810735,
      0.4603234,
      -0.60667896,
      0,
      0.9088161,
      0.80146104,
      -0.55763245,
      1
    ]
  },
  {
    "keyframeTimestamp" : 1251083.858560458,
    "uuid" : "160D43F2-4F20-4347-9334-3FC731478729",
    "transform" : [
      0.14369826,
      -0.9283169,
      -0.34289655,
      0,
      -0.40800884,
      0.2600986,
      -0.8751447,
      0,
      0.90159863,
      0.26566154,
      -0.34138575,
      0,
      1.2240223,
      1.4486916,
      -1.3847713,
      1
    ]
  },
  {
    "keyframeTimestamp" : 1251151.369540208,
    "uuid" : "94F59177-E209-44C1-9BC2-81A81A373FD6",
    "transform" : [
      -0.23061098,
      -0.96251565,
      -0.14276457,
      0,
      -0.61681205,
      0.031126777,
      0.78649503,
      0,
      -0.75257,
      0.26943326,
      -0.6008696,
      0,
      -5.476697,
      -1.3332196,
      -3.8148632,
      0.99999994
    ]
  },
  {
    "keyframeTimestamp" : 1251144.908233958,
    "uuid" : "29675E29-E48B-4156-8284-A597E849ED7F",
    "transform" : [
      -0.17155354,
      -0.9664818,
      -0.19100344,
      0,
      -0.79351455,
      0.020654168,
      0.6082004,
      0,
      -0.5838696,
      0.25590295,
      -0.77046084,
      0,
      -4.679636,
      -1.2714949,
      -5.088998,
      1
    ]
  },
  {
    "keyframeTimestamp" : 1251161.960733625,
    "uuid" : "ACB5E1D8-D9B7-4CF0-8F2A-7051F00EC2DB",
    "transform" : [
      0.20977986,
      -0.8851256,
      -0.41538522,
      0,
      0.95008045,
      0.08418241,
      0.30043367,
      0,
      -0.23095351,
      -0.45767426,
      0.8586005,
      0,
      -3.4788086,
      -1.1288997,
      1.7469679,
      1.0000001
    ]
  },
  {
    "keyframeTimestamp" : 1251145.407820083,
    "uuid" : "B65FB28B-6401-4BD8-AA7A-D0802BB188F3",
    "transform" : [
      -0.08065908,
      -0.9216021,
      -0.37966245,
      0,
      -0.9769739,
      -0.0023852838,
      0.21334755,
      0,
      -0.19752711,
      0.38812858,
      -0.9001884,
      0,
      -4.609808,
      -1.3512363,
      -4.8940935,
      1
    ]
  },
  {
    "keyframeTimestamp" : 1251158.280462708,
    "uuid" : "DC38E98E-6688-46C2-A3A2-B76D7B01A9E0",
    "transform" : [
      -0.019448953,
      -0.9795636,
      -0.20019372,
      0,
      -0.9832621,
      0.055020217,
      -0.17369378,
      0,
      0.1811587,
      0.19346464,
      -0.96423763,
      0,
      -4.011403,
      -1.3465068,
      -0.17833018,
      1
    ]
  },
  {
    "keyframeTimestamp" : 1251268.923086,
    "uuid" : "C59ACB83-8333-4467-82A0-F54CBB73B0D5",
    "transform" : [
      -0.2636231,
      -0.96346045,
      0.04739739,
      0,
      -0.19790906,
      0.0059310663,
      -0.9802022,
      0,
      0.94410515,
      -0.26778433,
      -0.19224113,
      0,
      2.6036112,
      -1.2065941,
      -6.8848515,
      0.9999999
    ]
  },
  {
    "keyframeTimestamp" : 1251085.040922791,
    "uuid" : "1C86DE1A-FDF5-4C8E-BBF8-29CA8339B5E9",
    "transform" : [
      0.2120959,
      -0.7362281,
      -0.6426379,
      0,
      -0.9423081,
      0.020198151,
      -0.33413866,
      0,
      0.25898224,
      0.6764317,
      -0.6894694,
      0,
      1.2044625,
      1.2483982,
      -1.3213412,
      0.99999994
    ]
  },
  {
    "keyframeTimestamp" : 1251077.2473205,
    "uuid" : "646A1EB4-D716-471F-82CB-9A4CFE00E4B6",
    "transform" : [
      -0.026201922,
      -0.9843205,
      -0.17443214,
      0,
      -0.9681387,
      -0.018483907,
      0.24973147,
      0,
      -0.24904002,
      0.17541791,
      -0.95247453,
      0,
      1.0665538,
      1.3708413,
      -2.602698,
      1
    ]
  },
  {
    "keyframeTimestamp" : 1251171.153072541,
    "uuid" : "E12E4442-8A8F-4B27-B5BB-4A5D12A5D06A",
    "transform" : [
      0.1228329,
      -0.9219058,
      -0.3674264,
      0,
      -0.9118948,
      0.041247625,
      -0.4083461,
      0,
      0.39161208,
      0.38521263,
      -0.83561474,
      0,
      -1.5891159,
      -1.3892694,
      2.0555062,
      1
    ]
  },
  {
    "keyframeTimestamp" : 1251138.530182791,
    "uuid" : "B2C1C104-3AAA-4390-A360-B1D4073BCB96",
    "transform" : [
      0.24011572,
      -0.9616957,
      -0.13223284,
      0,
      -0.49643543,
      -0.004591549,
      -0.8680617,
      0,
      0.8342041,
      0.2740803,
      -0.47852233,
      0,
      -1.461117,
      -1.3223307,
      -5.274046,
      1
    ]
  },
  {
    "keyframeTimestamp" : 1251155.432831166,
    "uuid" : "F6F64BFA-05A2-42E2-8CC6-B97A0F453DD2",
    "transform" : [
      -0.010309225,
      -0.97413903,
      -0.22571295,
      0,
      -0.9546645,
      0.07674642,
      -0.2876213,
      0,
      0.2975059,
      0.212515,
      -0.93076754,
      0,
      -3.0528896,
      -1.3201381,
      -1.9878236,
      0.99999994
    ]
  },
  {
    "keyframeTimestamp" : 1251051.584994416,
    "uuid" : "C17ACBE5-92AF-4610-9B67-1603D98934CB",
    "transform" : [
      -0.30644935,
      -0.93464744,
      0.18034136,
      0,
      0.43665984,
      0.030314853,
      0.8991162,
      0,
      -0.84582347,
      0.35428128,
      0.39883295,
      0,
      0.68989,
      1.4047378,
      -3.0447683,
      1
    ]
  },
  {
    "keyframeTimestamp" : 1251139.19629825,
    "uuid" : "C56203D0-A3B5-4CEE-BB81-1666735672ED",
    "transform" : [
      0.05844685,
      -0.9981645,
      -0.015851295,
      0,
      -0.17460714,
      0.005412247,
      -0.9846232,
      0,
      0.982902,
      0.060315892,
      -0.17397033,
      0,
      -1.5939744,
      -1.2599086,
      -4.89659,
      0.99999994
    ]
  },
  {
    "keyframeTimestamp" : 1251097.713833041,
    "uuid" : "B6F6410D-0AB9-486D-92CB-053CB4816201",
    "transform" : [
      0.05872629,
      -0.9974249,
      -0.041166887,
      0,
      0.47362846,
      0.06414002,
      -0.87838614,
      0,
      0.87876487,
      0.03208655,
      0.4761756,
      0,
      -0.3114977,
      0.07699907,
      0.0023925304,
      1
    ]
  },
  {
    "keyframeTimestamp" : 1251182.710077041,
    "uuid" : "C40FBFE7-6823-45CF-81AD-FECD7974FCEF",
    "transform" : [
      0.07456424,
      -0.97502625,
      -0.20919734,
      0,
      0.9778445,
      0.11263723,
      -0.17644615,
      0,
      0.19560312,
      -0.1914059,
      0.9618231,
      0,
      -1.1250292,
      -1.1528822,
      2.1410947,
      0.9999999
    ]
  },
  {
    "keyframeTimestamp" : 1251071.751826708,
    "uuid" : "896B7035-03B3-45C4-A540-6556BD994B5F",
    "transform" : [
      -0.13529795,
      -0.9885224,
      0.067211345,
      0,
      -0.021382123,
      0.07073243,
      0.99726677,
      0,
      -0.99057436,
      0.13349096,
      -0.030706672,
      0,
      1.3796718,
      1.1874918,
      -4.776965,
      1
    ]
  },
  {
    "keyframeTimestamp" : 1251169.687628208,
    "uuid" : "E91D7253-0855-4E2F-AB19-70EE33D8E5B0",
    "transform" : [
      0.0029580756,
      -0.99983186,
      -0.018086873,
      0,
      -0.96481436,
      -0.0076088994,
      0.262822,
      0,
      -0.2629155,
      0.016673023,
      -0.96467483,
      0,
      -1.7934608,
      -1.25238,
      1.3240206,
      0.99999994
    ]
  },
  {
    "keyframeTimestamp" : 1251185.707566,
    "uuid" : "5BD8345F-4623-4843-8650-F839A42E19B4",
    "transform" : [
      0.13385528,
      -0.98750544,
      0.08316009,
      0,
      0.6614691,
      0.02654409,
      -0.7495026,
      0,
      0.7379305,
      0.15533268,
      0.6567576,
      0,
      -2.4256854,
      -1.2792633,
      0.89636064,
      1
    ]
  },
  {
    "keyframeTimestamp" : 1251268.756481166,
    "uuid" : "8C3D5CDC-A681-485A-8FFD-EF824C4DCAF4",
    "transform" : [
      -0.31401604,
      -0.9448087,
      0.09343591,
      0,
      -0.42241967,
      0.050899003,
      -0.9049702,
      0,
      0.8502681,
      -0.3236443,
      -0.41508886,
      0,
      2.6353471,
      -1.2016826,
      -6.915439,
      1
    ]
  },
  {
    "keyframeTimestamp" : 1251060.877397791,
    "uuid" : "73EC67F1-2E4F-4352-B9C2-5C0D73133633",
    "transform" : [
      0.25294068,
      -0.9590513,
      -0.12744,
      0,
      -0.37701213,
      0.023602452,
      -0.9259075,
      0,
      0.89100134,
      0.2822462,
      -0.3556042,
      0,
      1.1454766,
      1.4574846,
      -2.6930418,
      0.99999994
    ]
  },
  {
    "keyframeTimestamp" : 1251175.04981975,
    "uuid" : "B67E774E-F454-46A6-A21E-FEA3A60053D0",
    "transform" : [
      0.2548499,
      -0.95476943,
      0.15318902,
      0,
      -0.30947196,
      0.069555685,
      0.9483615,
      0,
      -0.9161217,
      -0.28909752,
      -0.27774814,
      0,
      -1.9508426,
      -1.169025,
      3.0893912,
      1
    ]
  },
  {
    "keyframeTimestamp" : 1251186.090578458,
    "uuid" : "D4A19BE5-80C6-4EAA-9BEB-8A00F43155F8",
    "transform" : [
      0.10749339,
      -0.99172235,
      0.0702288,
      0,
      0.8773839,
      0.061403245,
      -0.47584465,
      0,
      0.4675934,
      0.11276772,
      0.87672144,
      0,
      -2.692912,
      -1.2780591,
      0.6924585,
      1.0000001
    ]
  },
  {
    "keyframeTimestamp" : 1251072.800967041,
    "uuid" : "1B8953F1-92A8-4B21-B010-5B963784B760",
    "transform" : [
      -0.16325867,
      -0.9767993,
      -0.13859658,
      0,
      0.16517209,
      -0.16556008,
      0.9722695,
      0,
      -0.9726589,
      0.13583918,
      0.18836918,
      0,
      1.1716398,
      1.6313426,
      -4.1795907,
      1
    ]
  },
  {
    "keyframeTimestamp" : 1251086.639609333,
    "uuid" : "62420A3C-E149-45D8-9CD5-789CC0EC7135",
    "transform" : [
      0.2629037,
      -0.9284149,
      -0.2625424,
      0,
      -0.66532826,
      0.02261323,
      -0.7462101,
      0,
      0.69872874,
      0.3708578,
      -0.6117549,
      0,
      0.94585997,
      0.91394484,
      -0.6533959,
      1
    ]
  },
  {
    "keyframeTimestamp" : 1251140.844933125,
    "uuid" : "3EA34241-051E-44A5-A4EE-4B36A28DEFBA",
    "transform" : [
      0.023433518,
      -0.9993658,
      -0.026799984,
      0,
      0.16079569,
      0.03022602,
      -0.9865248,
      0,
      0.9867095,
      0.018808426,
      0.16140208,
      0,
      -2.422137,
      -1.226477,
      -4.314878,
      0.99999994
    ]
  },
  {
    "keyframeTimestamp" : 1251202.647810666,
    "uuid" : "3980E221-FD78-4702-825C-6ADD55B73D75",
    "transform" : [
      -0.09947694,
      -0.95144874,
      -0.29128966,
      0,
      -0.9817556,
      0.046173576,
      0.1844564,
      0,
      -0.16205092,
      0.30432436,
      -0.93868333,
      0,
      -1.0903041,
      -1.3352679,
      -6.235975,
      0.99999994
    ]
  },
  {
    "keyframeTimestamp" : 1251162.093956291,
    "uuid" : "CAAA73F0-205F-4F29-BB78-50FA12C89F51",
    "transform" : [
      0.11257383,
      -0.8773523,
      -0.466454,
      0,
      0.9899402,
      0.05853759,
      0.12880857,
      0,
      -0.08570539,
      -0.47626215,
      0.8751166,
      0,
      -3.457226,
      -1.1243726,
      1.7845877,
      0.9999999
    ]
  },
  {
    "keyframeTimestamp" : 1251165.3745575,
    "uuid" : "BE10B7B5-08B2-4BF4-8DAE-90AD7696CE7C",
    "transform" : [
      -0.12868357,
      -0.9131792,
      0.38670912,
      0,
      0.9481515,
      0.0009767183,
      0.31781885,
      0,
      -0.29060328,
      0.4075568,
      0.86570644,
      0,
      -3.4625714,
      -1.429602,
      1.8675478,
      0.99999994
    ]
  },
  {
    "keyframeTimestamp" : 1251089.603839041,
    "uuid" : "D106B681-F377-4327-9474-8AEE31367124",
    "transform" : [
      0.042673696,
      -0.99738747,
      -0.0582878,
      0,
      -0.23885936,
      0.046464153,
      -0.96994185,
      0,
      0.9701162,
      0.05531359,
      -0.23625255,
      0,
      0.3808866,
      0.09982276,
      0.08898854,
      1
    ]
  },
  {
    "keyframeTimestamp" : 1251100.078553083,
    "uuid" : "2C7CFE91-0705-4438-9223-C9E76AF99499",
    "transform" : [
      0.13924024,
      -0.9878352,
      0.069236904,
      0,
      0.69305766,
      0.04727235,
      -0.7193303,
      0,
      0.707307,
      0.1481449,
      0.6912092,
      0,
      -0.9876351,
      -0.58109707,
