[
  {
    "uuid" : "90CCB0F0-C82B-49CE-BE78-465D5A271DDA",
    "keyframeTimestamp" : 1251053.999688166,
    "transform" : [
      0.2731146,
      -0.94567496,
      0.17637281,
      0,
      -0.47965118,
      0.025058402,
      0.8771014,
      0,
      -0.8338724,
      -0.32414663,
      -0.44675037,
      0,
      0.70249784,
      1.5971195,
      -3.0654547,
      1
    ]
  },
  {
    "uuid" : "61703D9F-5FE8-4013-800F-445B18B071DF",
    "keyframeTimestamp" : 1251080.644532583,
    "transform" : [
      0.06165115,
      -0.92637634,
      0.3715192,
      0,
      -0.9978084,
      -0.06617146,
      0.0005822965,
      0,
      0.024044514,
      -0.3707407,
      -0.92842543,
      0,
      1.1229401,
      1.5813797,
      -1.2182577,
      1
    ]
  },
  {
    "uuid" : "6EB2D17A-60AA-4A4C-8957-DAD401E6724E",
    "keyframeTimestamp" : 1251072.101540125,
    "transform" : [
      -0.19471104,
      -0.98085374,
      -0.003674427,
      0,
      0.02614678,
      -0.00893516,
      0.9996182,
      0,
      -0.9805123,
      0.19454065,
      0.027385926,
      0,
      1.2922394,
      1.3670378,
      -4.700976,
      1
    ]
  },
  {
    "uuid" : "796135A9-4F46-461A-868F-67661E0C6648",
    "keyframeTimestamp" : 1251042.126044541,
    "transform" : [
      -0.015029649,
      -0.9803368,
      -0.19675769,
      0,
      0.9761055,
      0.028276866,
      -0.21544968,
      0,
      0.21677698,
      -0.19529438,
      0.95648736,
      0,
      0.9057033,
      1.4760337,
      -2.947177,
      0.99999994
    ]
  },
  {
    "uuid" : "83B9339C-F8C3-4F3F-8F2C-AD05CEECFBB7",
    "keyframeTimestamp" : 1251043.957885,
    "transform" : [
      -0.26701283,
      -0.95897126,
      -0.095278196,
      0,
      0.19973567,
      0.04165081,
      -0.97896415,
      0,
      0.9427671,
      -0.2804264,
      0.18041956,
      0,
      0.84215945,
      1.5142363,
      -2.8066483,
      1
    ]
  },
  {
    "uuid" : "AD1BE24C-FB06-4C43-A198-B9D18D7DDC4F",
    "keyframeTimestamp" : 1251095.782089375,
    "transform" : [
      0.42133608,
      -0.8771205,
      0.23051135,
      0,
      0.47848615,
      -0.00092040317,
      -0.8780947,
      0,
      0.770407,
      0.4802694,
      0.4193022,
      0,
      0.09035021,
      -0.056095958,
      0.24365425,
      1
    ]
  },
  {
    "uuid" : "7589F540-944F-4C4A-88A2-C7239393B119",
    "keyframeTimestamp" : 1251051.385157666,
    "transform" : [
      -0.19071658,
      -0.9735047,
      0.12615554,
      0,
      0.47027093,
      0.02219957,
      0.882243,
      0,
      -0.8616684,
      0.22758563,
      0.45357728,
      0,
      0.6524147,
      1.450085,
      -3.0266712,
      1
    ]
  },
  {
    "uuid" : "93453FAC-790E-48D8-A54C-F9F269880DA4",
    "keyframeTimestamp" : 1251068.35460975,
    "transform" : [
      -0.2583078,
      -0.94095576,
      0.2188114,
      0,
      0.70734704,
      -0.02995026,
      0.7062313,
      0,
      -0.65797925,
      0.33720082,
      0.67331904,
      0,
      1.2272654,
      1.205356,
      -3.6952126,
      1
    ]
  },
  {
    "uuid" : "25612CA2-631C-4EDF-B045-1F1EE04BA6E3",
    "keyframeTimestamp" : 1251045.340091125,
    "transform" : [
      0.26066756,
      -0.9502658,
      0.1704321,
      0,
      0.350101,
      -0.07147512,
      -0.93398106,
      0,
      0.8997117,
      0.30312693,
      0.31405774,
      0,
      0.91753227,
      1.3905123,
      -2.6743221,
      1
    ]
  },
  {
    "uuid" : "8DD4CD2C-8329-4644-9F1F-6B523C02300F",
    "keyframeTimestamp" : 1251094.150099458,
    "transform" : [
      -0.10207847,
      -0.9892421,
      -0.10478617,
      0,
      0.43816516,
      0.04985585,
      -0.8975109,
      0,
      0.8930798,
      -0.13753015,
      0.42836222,
      0,
      0.14892352,
      0.1618973,
      0.43782687,
      1
    ]
  },
  {
    "uuid" : "6E1DE594-9726-4CCF-AA51-B49C905A66BC",
    "keyframeTimestamp" : 1251082.426403166,
    "transform" : [
      -0.7706426,
      -0.6228419,
      -0.13482833,
      0,
      0.12911503,
      0.054581333,
      -0.99012655,
      0,
      0.62405145,
      -0.78044176,
      0.038355574,
      0,
      1.2941972,
      1.724734,
      -1.2685077,
      1
    ]
  },
  {
    "uuid" : "0CE4221D-1377-49D6-A1CB-DC17E084BD7C",
    "keyframeTimestamp" : 1251048.970462416,
    "transform" : [
      0.117794365,
      -0.99003273,
      -0.07719696,
      0,
      0.95405275,
      0.091259345,
      0.28540343,
      0,
      -0.27551386,
      -0.107268885,
      0.9552934,
      0,
      0.6169855,
      1.5469378,
      -3.0943274,
      1
    ]
  },
  {
    "uuid" : "E1ABCE50-F7FB-48FC-95DE-62B7B48D9578",
    "keyframeTimestamp" : 1251071.502031333,
    "transform" : [
      -0.16074182,
      -0.9824042,
      0.09509956,
      0,
      -0.034591448,
      0.101900645,
      0.99419314,
      0,
      -0.9863904,
      0.15651877,
      -0.050362516,
      0,
      1.4137918,
      1.112856,
      -4.803434,
      0.9999999
    ]
  },
  {
    "uuid" : "856CFF99-8DEF-4FA0-92EE-B44F8F6A8F7A",
    "keyframeTimestamp" : 1251072.16815225,
    "transform" : [
      -0.21652426,
      -0.97608334,
      -0.019458108,
      0,
      0.027038159,
      -0.025918758,
      0.99929863,
      0,
      -0.975903,
      0.21584624,
      0.032003514,
      0,
      1.2727498,
      1.4050963,
      -4.677099,
      1
    ]
  },
  {
    "uuid" : "FDE17163-7CF1-45A2-9100-A84E1D6DB695",
    "keyframeTimestamp" : 1251071.102358791,
    "transform" : [
      -0.16275094,
      -0.98204994,
      0.0953398,
      0,
      0.07570939,
      0.0839134,
      0.993593,
      0,
      -0.9837583,
      0.1689263,
      0.06069339,
      0,
      1.3311536,
      1.1004467,
      -4.873872,
      1
    ]
  },
  {
    "uuid" : "73EDB135-C32F-4746-8F3E-66B0D87350BF",
    "keyframeTimestamp" : 1251058.762461041,
    "transform" : [
      0.09040508,
      -0.96146923,
      -0.2596226,
      0,
      -0.93596286,
      0.0070506204,
      -0.35202923,
      0,
      0.34029564,
      0.27482218,
      -0.8992618,
      0,
      0.57453823,
      1.4444966,
      -3.0667124,
      1
    ]
  },
  {
    "uuid" : "DC91392B-E086-4F10-8F09-FDFDC04B7B4F",
    "keyframeTimestamp" : 1251095.3491125,
    "transform" : [
      0.30183762,
      -0.94109523,
      0.15242757,
      0,
      0.4394141,
      -0.0045584035,
      -0.8982732,
      0,
      0.8460555,
      0.33811137,
      0.41215461,
      0,
      0.11535555,
      0.014796495,
      0.33548546,
      1
    ]
  },
  {
    "uuid" : "17EF2986-3E8C-4DF8-AF6F-AA625D4EF30E",
    "keyframeTimestamp" : 1251071.901704125,
    "transform" : [
      -0.13186494,
      -0.99053407,
      0.038126387,
      0,
      0.03305874,
      0.03404643,
      0.9988735,
      0,
      -0.99071646,
      0.13297677,
      0.028256258,
      0,
      1.3439755,
      1.2550584,
      -4.7523885,
      1
    ]
  },
  {
    "uuid" : "56E268F0-FBBA-4AD6-AB73-2DA4C5DBB736",
    "keyframeTimestamp" : 1251072.601130875,
    "transform" : [
      -0.23313655,
      -0.9665601,
      -0.10681271,
      0,
      0.13735771,
      -0.14146942,
      0.9803666,
      0,
      -0.9626944,
      0.2138878,
      0.16574618,
      0,
      1.1844964,
      1.5966209,
      -4.380348,
      1.0000001
    ]
  },
  {
    "uuid" : "19F4B7AB-FE61-40F1-9CB7-704730963606",
    "keyframeTimestamp" : 1251061.32702975,
    "transform" : [
      0.397326,
      -0.9083036,
      -0.13083082,
      0,
      -0.25997207,
      0.025316784,
      -0.96528465,
      0,
      0.88008374,
      0.41754487,
      -0.22607455,
      0,
      1.2666407,
      1.3710376,
      -2.6750796,
      1
    ]
  },
  {
    "uuid" : "D2DA4366-307C-4AA5-B9A5-E8FD80BF5838",
    "keyframeTimestamp" : 1251069.187261083,
    "transform" : [
      -0.25128007,
      -0.9474286,
      0.19808368,
      0,
      0.6744061,
      -0.024580918,
      0.73795164,
      0,
      -0.69428754,
      0.3190214,
      0.6451286,
      0,
      0.95106417,
      1.3268754,
      -4.1467056,
      1
    ]
  },
  {
    "uuid" : "43F9977D-55DF-468C-901A-C52F5177D7AB",
    "keyframeTimestamp" : 1251050.735687875,
    "transform" : [
      0.026207594,
      -0.9996562,
      0.0008886445,
      0,
      0.75133723,
      0.020283865,
      0.6596072,
      0,
      -0.6593984,
      -0.016619043,
      0.7516105,
      0,
      0.49838904,
      1.5311315,
      -2.9657342,
      1
    ]
  },
  {
    "uuid" : "828110E7-B479-420E-A3AF-D02BD452C1C4",
    "keyframeTimestamp" : 1251071.851744791,
    "transform" : [
      -0.13115196,
      -0.9903722,
      0.04429581,
      0,
      0.012363781,
      0.04304425,
      0.99899685,
      0,
      -0.9912854,
      0.13156804,
      0.0065993876,
      0,
      1.3564812,
      1.2306074,
      -4.761441,
      1.0000001
    ]
  },
  {
    "uuid" : "232D0431-3F08-44BB-A6D2-7E1A8A3B53B1",
    "keyframeTimestamp" : 1251081.560447625,
    "transform" : [
      -0.30275655,
      -0.9424439,
      0.14190836,
      0,
      -0.6583075,
      0.09912063,
      -0.74619466,
      0,
      0.68918055,
      -0.31933457,
      -0.6504272,
      0,
      1.1999828,
      1.5668567,
      -1.2852775,
      0.99999994
    ]
  },
  {
    "uuid" : "D558818F-4970-47DD-8A78-C32C301CE09C",
    "keyframeTimestamp" : 1251088.238295166,
    "transform" : [
      0.14170267,
      -0.98302597,
      -0.11653433,
      0,
      -0.24496937,
      0.07923783,
      -0.9662875,
      0,
      0.9591196,
      0.16547285,
      -0.22958302,
      0,
      0.604247,
      0.4614786,
      -0.19355273,
      1
    ]
  },
  {
    "uuid" : "286017F8-4E2A-4CD3-94FC-B6286211C8A5",
    "keyframeTimestamp" : 1251073.567005958,
    "transform" : [
      0.036838356,
      -0.9991926,
      0.016038634,
      0,
      0.20052367,
      0.023114119,
      0.97941643,
      0,
      -0.97899634,
      -0.032863956,
      0.20121324,
      0,
      1.159176,
      1.5962082,
      -3.6318896,
      0.99999994
    ]
  },
  {
    "uuid" : "26BEF083-8A7A-4D5E-AF3F-0A36B33B057A",
    "keyframeTimestamp" : 1251059.87821525,
    "transform" : [
      0.104409,
      -0.9820721,
      -0.15694693,
      0,
      -0.77722085,
      0.017887332,
      -0.62897414,
      0,
      0.62050545,
      0.18765298,
      -0.7614198,
      0,
      0.8251852,
      1.4763429,
      -2.660843,
      1
    ]
  },
  {
    "uuid" : "9BCC5933-7D4B-4F0F-9829-BA0CC6C39554",
    "keyframeTimestamp" : 1251071.651908458,
    "transform" : [
      -0.14046758,
      -0.98699594,
      0.078153595,
      0,
      -0.034340303,
      0.08374552,
      0.9958955,
      0,
      -0.9894896,
      0.1372072,
      -0.045657285,
      0,
      1.3988318,
      1.1519359,
      -4.787384,
      1.0000001
    ]
  },
  {
    "uuid" : "BBD262CD-95E6-4219-8199-AA04BE16BAB7",
    "keyframeTimestamp" : 1251070.702686375,
    "transform" : [
      -0.20668557,
      -0.97700495,
      0.052363243,
      0,
      0.1372515,
      0.024037242,
      0.9902442,
      0,
      -0.9687327,
      0.21185619,
      0.12912728,
      0,
      1.1973447,
      1.1455076,
      -4.936472,
      0.9999999
    ]
  },
  {
    "uuid" : "1B75A37A-8495-42C4-B54A-846B461FBBF5",
    "keyframeTimestamp" : 1251071.951662958,
    "transform" : [
      -0.1352321,
      -0.99040306,
      0.02853554,
      0,
      0.034502275,
      0.024075521,
      0.9991149,
      0,
      -0.99021333,
      0.13609691,
      0.030915348,
      0,
      1.3307772,
      1.2819337,
      -4.741818,
      1
    ]
  },
  {
    "uuid" : "636EBAF8-468A-42C9-ABB0-FC586B41E996",
    "keyframeTimestamp" : 1251096.664696125,
    "transform" : [
      0.38066185,
      -0.9187789,
      0.10460396,
      0,
      0.40845278,
      0.06557478,
      -0.91042095,
      0,
      0.82961625,
      0.38928825,
      0.40023956,
      0,
      0.03907836,
      -0.030513126,
      0.014132684,
      0.99999994
    ]
  },
  {
    "uuid" : "F6200EE8-0636-4035-BCA8-3B5597750BF0",
    "keyframeTimestamp" : 1251078.26315375,
    "transform" : [
      -0.00048101688,
      -0.9902355,
      -0.13940196,
      0,
      -0.9749742,
      0.031455807,
      -0.22008084,
      0,
      0.2223169,
      0.13580747,
      -0.96546966,
      0,
      1.3694134,
      1.3830192,
      -2.1125774,
      1
    ]
  },
  {
    "uuid" : "0C41ED35-D65C-40BF-ACA3-037C5CFC1E2E",
    "keyframeTimestamp" : 1251096.131801541,
    "transform" : [
      0.5252142,
      -0.8160656,
      0.24122036,
      0,
      0.4809807,
      0.050839476,
      -0.8752561,
      0,
      0.70200264,
      0.5757191,
      0.4192134,
      0,
      0.04887265,
      -0.096735,
      0.14531088,
      1
    ]
  },
  {
    "uuid" : "0F90EEA8-6148-4A24-B6C5-D2D3D8CA570B",
    "keyframeTimestamp" : 1251075.681937833,
    "transform" : [
      -0.2025674,
      -0.9788577,
      0.028367003,
      0,
      -0.07331996,
      0.044046536,
      0.9963356,
      0,
      -0.97652006,
      0.1997452,
      -0.08069218,
      0,
      0.8908953,
      1.2997657,
      -2.8171499,
      1
    ]
  },
  {
    "uuid" : "DE31BB0F-067A-4C9C-865E-B7BCD9285226",
    "keyframeTimestamp" : 1251092.434844291,
    "transform" : [
      0.3229681,
      -0.9033747,
      0.28214505,
      0,
      0.75848174,
      0.06876372,
      -0.6480566,
      0,
      0.5660367,
      0.42330346,
      0.7074017,
      0,
      0.19752854,
      -0.02506113,
      0.33567667,
      1
    ]
  },
  {
    "uuid" : "6D1BA983-2970-4B84-88CF-A3CF04FFE0D6",
    "keyframeTimestamp" : 1251044.624008541,
    "transform" : [
      0.061435096,
      -0.997365,
      0.038581472,
      0,
      -0.04753981,
      -0.04153457,
      -0.99800545,
      0,
      0.9969784,
      0.0594784,
      -0.049966216,
      0,
      0.83006895,
      1.4675618,
      -2.704083,
      1
    ]
  },
  {
    "uuid" : "7E68F0E8-5BC6-4FB2-9E49-8A566B4FF5BF",
    "keyframeTimestamp" : 1251093.783734375,
    "transform" : [
      -0.09860411,
      -0.990064,
      -0.10025041,
      0,
      0.559081,
      0.028223492,
      -0.82863265,
      0,
      0.82322884,
      -0.1377547,
      0.55074304,
      0,
      0.15281332,
      0.15618575,
      0.4107554,
      1
    ]
  },
  {
    "uuid" : "2CA8682A-ADE3-4F1C-9AFA-2D5649358964",
    "keyframeTimestamp" : 1251067.288815916,
    "transform" : [
      -0.15249364,
      -0.97354615,
      0.1701559,
      0,
      0.8614712,
      -0.046558037,
      0.5056685,
      0,
      -0.4843695,
      0.22369559,
      0.8457818,
      0,
      1.3241239,
      1.0198417,
      -3.5416288,
      1
    ]
  },
  {
    "uuid" : "C081A4D9-8A75-4411-9931-6BFE30B0DE7E",
    "keyframeTimestamp" : 1251076.830995583,
    "transform" : [
      0.07406735,
      -0.99167025,
      0.10537689,
      0,
      -0.91160274,
      -0.024483157,
      0.410344,
      0,
      -0.40434587,
      -0.12645492,
      -0.9058226,
      0,
      0.98586476,
      1.500624,
      -2.7203386,
      1
    ]
  },
  {
    "uuid" : "A642CFAD-1377-47D7-880F-D92991E12A0D",
    "keyframeTimestamp" : 1251085.890225125,
    "transform" : [
      0.05789613,
      -0.9652868,
      -0.25469503,
      0,
      -0.8278352,
      0.096171245,
      -0.5526662,
      0,
      0.5579759,
      0.24284275,
      -0.7935306,
      0,
      1.0610623,
      1.2475346,
      -0.92523205,
      1.0000001
    ]
  },
  {
    "uuid" : "97973637-EC0C-40C3-AE5E-8FD7EFDAD8BB",
    "keyframeTimestamp" : 1251054.432667583,
    "transform" : [
      0.29334098,
      -0.91064984,
      0.29097757,
      0,
      -0.6973756,
      0.0043626484,
      0.7166932,
      0,
      -0.6539258,
      -0.41315594,
      -0.6337849,
      0,
      0.6607379,
      1.6291981,
      -3.1212246,
      1
    ]
  },
  {
    "uuid" : "C2D7FF43-F911-48B3-89DA-4877DA1E4A9B",
    "keyframeTimestamp" : 1251063.175516875,
    "transform" : [
      0.17751801,
      -0.9805874,
      0.08328087,
      0,
      0.32296443,
      -0.021889798,
      -0.946158,
      0,
      0.92961365,
      0.19485681,
      0.31280908,
      0,
      1.0549917,
      1.0978059,
      -2.7656612,
      0.99999994
    ]
  },
  {
    "uuid" : "05CD9071-91F4-467C-8BA4-131AFDBF0E23",
    "keyframeTimestamp" : 1251061.060581083,
    "transform" : [
      0.3423766,
      -0.9220127,
      -0.18075052,
      0,
      -0.41767478,
      0.022965942,
      -0.90830684,
      0,
      0.84162134,
      0.3864777,
      -0.37723833,
      0,
      1.1969279,
      1.4057906,
      -2.6964388,
      1
    ]
  },
  {
    "uuid" : "458FDF9E-526D-4309-9B12-13344A1771A8",
    "keyframeTimestamp" : 1251090.153387208,
    "transform" : [
      -0.17942004,
      -0.97788525,
      -0.10746633,
      0,
      0.36856046,
      0.034467515,
      -0.92896456,
      0,
      0.912125,
      -0.20628275,
      0.35422578,
      0,
      0.26652968,
      0.16680562,
      0.15249777,
      1
    ]
  },
  {
    "uuid" : "4E516631-C161-4CDA-ACB8-0D2C4DF46FB4",
    "keyframeTimestamp" : 1251075.898427041,
    "transform" : [
      -0.1404439,
      -0.99006593,
      0.0067413663,
      0,
      -0.23586415,
      0.04006935,
      0.97095966,
      0,
      -0.9615842,
      0.13477533,
      -0.23914853,
      0,
      0.8856059,
      1.3610275,
      -2.7263048,
      1
    ]
  },
  {
    "uuid" : "AF270233-5FFF-4B33-A8B6-D36662499288",
    "keyframeTimestamp" : 1251052.334382041,
    "transform" : [
      -0.50649786,
      -0.8620946,
      0.01591035,
      0,
      -0.011544941,
      0.025231248,
      0.99961495,
      0,
      -0.8621638,
      0.5061189,
      -0.022732424,
      0,
      0.70082587,
      1.3240985,
      -3.0405266,
      1
    ]
  },
  {
    "uuid" : "6D9779EC-2788-435C-9D42-5709CA27B893",
    "keyframeTimestamp" : 1251043.574863791,
    "transform" : [
      -0.28952923,
      -0.93424857,
      -0.20821391,
      0,
      0.4360774,
      0.064895645,
      -0.8975665,
      0,
      0.8520624,
      -0.3506691,
      0.38861552,
      0,
      0.83090675,
      1.5198712,
      -2.836359,
      1.0000001
    ]
  },
  {
    "uuid" : "4CC8A2FB-F883-4B3C-BF19-02885E2C7F33",
    "keyframeTimestamp" : 1251066.35624625,
    "transform" : [
      0.13467519,
      -0.94693404,
      0.2918535,
      0,
      0.90327024,
      -0.0037737712,
      -0.42905626,
      0,
      0.40738925,
      0.3214057,
      0.854829,
      0,
      1.4786806,
      1.1464585,
      -3.6078582,
      1
    ]
  },
  {
    "uuid" : "2F1A5909-475D-42D7-8092-F4BE4B42D5F0",
    "keyframeTimestamp" : 1251049.853075541,
    "transform" : [
      0.2186733,
      -0.81879044,
      -0.5308153,
      0,
      0.92668456,
      0.0038462612,
      0.37582165,
      0,
      -0.3056774,
      -0.5740801,
      0.7596012,
      0,
      0.5297766,
      1.6795325,
      -2.864996,
      1
    ]
  },
  {
    "uuid" : "690451D8-39E3-4833-9CBE-28C0860D17BB",
    "keyframeTimestamp" : 1251083.525500708,
    "transform" : [
      -0.10259785,
      -0.960978,
      -0.25689432,
      0,
      -0.1814404,
      0.27200398,
      -0.9450364,
      0,
      0.9780354,
      -0.050347686,
      -0.20226723,
      0,
      1.2541976,
      1.5627925,
      -1.3378503,
      1
    ]
  },
  {
    "uuid" : "BEE2D960-F420-4AAA-A596-D7C03F131FC9",
    "keyframeTimestamp" : 1251089.770368666,
    "transform" : [
      -0.0716224,
      -0.99729556,
      -0.01648747,
      0,
      -0.0810567,
      0.02229487,
      -0.99646026,
      0,
      0.99413306,
      -0.07003245,
      -0.0824343,
      0,
      0.33994877,
      0.11762464,
      0.09489536,
      1
    ]
  },
  {
    "uuid" : "21289DEB-4B94-4897-AF30-385A4C610E85",
    "keyframeTimestamp" : 1251065.073962708,
    "transform" : [
      0.15933041,
      -0.94681203,
      0.27957264,
      0,
      0.88240224,
      0.009593227,
      -0.4703983,
      0,
      0.44269684,
      0.32164434,
      0.8369977,
      0,
      1.3354822,
      1.3529325,
      -2.896079,
      0.99999994
    ]
  },
  {
    "uuid" : "E459A8B6-EFB7-4D5B-AE3A-9CD0C0EFA084",
    "keyframeTimestamp" : 1251073.966678416,
    "transform" : [
      0.027815089,
      -0.99877393,
      0.040947765,
      0,
      0.13978627,
      0.044447497,
      0.9891833,
      0,
      -0.9897912,
      -0.021790296,
      0.14085124,
      0,
      1.1515818,
      1.5404221,
      -3.3957732,
      0.9999998
    ]
  },
  {
    "uuid" : "941881EF-9B18-4C56-8C9E-29269133260A",
    "keyframeTimestamp" : 1251094.649687958,
    "transform" : [
      0.04268987,
      -0.99847364,
      -0.035040513,
      0,
      0.34634888,
      0.047687586,
      -0.93689275,
      0,
      0.93713415,
      0.027859597,
      0.3478561,
      0,
      0.11697055,
      0.12478491,
      0.44305217,
      0.9999999
    ]
  },
  {
    "uuid" : "F6FA7BB5-7077-49CB-A1B5-1FE1B12481F1",
    "keyframeTimestamp" : 1251040.394120583,
    "transform" : [
      -0.035210826,
      -0.92756844,
      0.3719899,
      0,
      0.9992168,
      -0.039403472,
      -0.0036726235,
      0,
      0.018064322,
      0.37156913,
      0.9282294,
      0,
      0.9760463,
      1.3587165,
      -3.003077,
      1
    ]
  },
  {
    "uuid" : "256557CF-71FA-426D-AC97-F30920019E86",
    "keyframeTimestamp" : 1251072.90088525,
    "transform" : [
      -0.11110149,
      -0.9868419,
      -0.117470086,
      0,
      0.20921077,
      -0.13877754,
      0.96797293,
      0,
      -0.9715386,
      0.08296724,
      0.22187634,
      0,
      1.1667105,
      1.6358478,
      -4.079933,
      1
    ]
  },
  {
    "uuid" : "F57F4FDD-211D-42E4-B7BC-9DFD9DB929D5",
    "keyframeTimestamp" : 1251057.030543916,
    "transform" : [
      -0.049631257,
      -0.99859923,
      -0.018331138,
      0,
      -0.99661875,
      0.048312716,
      0.066465616,
      0,
      -0.06548691,
      0.021567924,
      -0.99762046,
      0,
      0.5705043,
      1.506977,
      -3.1858187,
      1
    ]
  },
  {
    "uuid" : "037942C4-E82D-4BA7-BA1F-816D05B5B269",
    "keyframeTimestamp" : 1251083.425582708,
    "transform" : [
      -0.21818164,
      -0.94358075,
      -0.24910226,
      0,
      -0.10774138,
      0.27698103,
      -0.9548161,
      0,
      0.96994257,
      -0.18148465,
      -0.16209485,
      0,
      1.2638872,
      1.595784,
      -1.3216698,
      1
    ]
  },
  {
    "uuid" : "79B713CC-45F5-44C3-86E7-3F2E1053EAE2",
    "keyframeTimestamp" : 1251094.999400208,
    "transform" : [
      0.18545136,
      -0.9805884,
      0.06367194,
      0,
      0.3913632,
      0.014269663,
      -0.9201257,
      0,
      0.90135604,
      0.19555742,
      0.38641265,
      0,
      0.10466206,
      0.07167113,
      0.4018066,
      1
    ]
  },
  {
    "uuid" : "C5192480-9259-4B80-9A75-A7F9EE6FE0C0",
    "keyframeTimestamp" : 1251072.134846375,
    "transform" : [
      -0.20383346,
      -0.9789797,
      -0.0070764264,
      0,
      0.018559339,
      -0.011090914,
      0.9997661,
      0,
      -0.9788296,
      0.20365451,
      0.020429902,
      0,
      1.2825019,
      1.3859795,
      -4.6901617,
      0.9999999
    ]
  },
  {
    "uuid" : "1B8953F1-92A8-4B21-B010-5B963784B760",
    "keyframeTimestamp" : 1251072.800967041,
    "transform" : [
      -0.1630193,
      -0.97680813,
      -0.13881852,
      0,
      0.16487733,
      -0.16569373,
      0.972297,
      0,
      -0.972749,
      0.13561511,
      0.18806475,
      0,
      1.171299,
      1.6311889,
      -4.179558,
      1
    ]
  },
  {
    "uuid" : "2613C312-A436-4AE9-AE84-94C96F90E9BF",
    "keyframeTimestamp" : 1251073.217292541,
    "transform" : [
      -0.009905701,
      -0.99994415,
      -0.0036137355,
      0,
      0.2662151,
      -0.006120647,
      0.9638946,
      0,
      -0.9638631,
      0.008586019,
      0.2662609,
      0,
      1.1572002,
      1.6144401,
      -3.8379323,
      0.99999994
    ]
  },
  {
    "uuid" : "C17ACBE5-92AF-4610-9B67-1603D98934CB",
    "keyframeTimestamp" : 1251051.584994416,
    "transform" : [
      -0.30672833,
      -0.9346102,
      0.18005976,
      0,
      0.43650785,
      0.029981015,
      0.899201,
      0,
      -0.8458007,
      0.35440785,
      0.39876866,
      0,
      0.689836,
      1.4047135,
      -3.0448017,
      1
    ]
  },
  {
    "uuid" : "BC891FFC-7274-4683-80A3-C67877D28961",
    "keyframeTimestamp" : 1251042.775515166,
    "transform" : [
      -0.16115405,
      -0.9279286,
      -0.336123,
      0,
      0.8298003,
      0.05697781,
      -0.555145,
      0,
      0.5342864,
      -0.36837852,
      0.76081276,
      0,
      0.8564568,
      1.5126613,
      -2.9029648,
      1
    ]
  },
  {
    "uuid" : "E348D56C-39B2-46F7-8895-2DE8A56AF0EB",
    "keyframeTimestamp" : 1251060.727520208,
    "transform" : [
      0.11497049,
      -0.99157745,
      -0.059622195,
      0,
      -0.3397324,
      0.017151944,
      -0.9403661,
      0,
      0.9334687,
      0.12836993,
      -0.33489916,
      0,
      1.1245172,
      1.5102432,
      -2.6785338,
      1
    ]
  },
  {
    "uuid" : "13B03EDA-51F0-447C-8733-B20DF9E3AF29",
    "keyframeTimestamp" : 1251048.554135708,
    "transform" : [
      -0.03445856,
      -0.98807734,
      0.1500521,
      0,
      0.8908624,
      0.037681382,
      0.45270917,
      0,
      -0.45296574,
      0.14927545,
      0.8789423,
      0,
      0.76396716,
      1.4667923,
      -3.1411114,
      0.99999994
    ]
  },
  {
    "uuid" : "321A06CE-FF74-4CE2-B093-0BAB63718542",
    "keyframeTimestamp" : 1251068.904159541,
    "transform" : [
      -0.24806906,
      -0.94750667,
      0.20172508,
      0,
      0.71597934,
      -0.039054323,
      0.6970285,
      0,
      -0.65256083,
      0.31734216,
      0.6880833,
      0,
      1.0085635,
      1.3141917,
      -3.9706783,
      1
    ]
  },
  {
    "uuid" : "D9AA71FA-AE0E-4515-898D-53FA1380F728",
    "keyframeTimestamp" : 1251047.388420333,
    "transform" : [
      0.05597192,
      -0.99654615,
      -0.061349496,
      0,
      0.99746287,
      0.053103667,
      0.047427334,
      0,
      -0.044005588,
      -0.06384839,
      0.9969896,
      0,
      1.0089668,
      1.4954015,
      -3.0126736,
      1
    ]
  },
  {
    "uuid" : "F4B0F927-EEEB-4A25-9C5F-7FE05EE12CD1",
    "keyframeTimestamp" : 1251070.319666833,
    "transform" : [
      -0.29589063,
      -0.9481703,
      0.11585443,
      0,
      0.25343356,
      0.03901444,
      0.966566,
      0,
      -0.92098904,
      0.31535912,
      0.22875409,
      0,
      1.0900829,
      1.1666728,
      -4.901123,
      1
    ]
  },
  {
    "uuid" : "CD054124-4841-46E3-BD5D-2D28E5976815",
    "keyframeTimestamp" : 1251047.121971208,
    "transform" : [
      0.029742675,
      -0.99904484,
      0.03200808,
      0,
      0.9956814,
      0.026794765,
      -0.0888855,
      0,
      0.08794301,
      0.034513548,
      0.9955277,
      0,
      1.0619264,
      1.4703603,
      -2.9990547,
      0.99999994
    ]
  },
  {
    "uuid" : "72D382E5-4959-49B1-8979-63FB370ABCA6",
    "keyframeTimestamp" : 1251055.565075291,
    "transform" : [
      0.0061758333,
      -0.99242824,
      0.12266908,
      0,
      -0.8893287,
      0.050638866,
      0.45445672,
      0,
      -0.45722762,
      -0.11189979,
      -0.8822823,
      0,
      0.7137556,
      1.5416908,
      -3.1424901,
      0.99999994
    ]
  },
  {
    "uuid" : "3F25A476-29BB-4E3D-996D-42A0DA31918D",
    "keyframeTimestamp" : 1251078.562907666,
    "transform" : [
      -0.021443408,
      -0.99953336,
      0.02174457,
      0,
      -0.970096,
      0.01554235,
      -0.24222417,
      0,
      0.24177323,
      -0.026288431,
      -0.9699767,
      0,
      1.3577805,
      1.4215893,
      -1.9573619,
      0.9999999
    ]
  },
  {
    "uuid" : "519FFB34-8E60-4A3F-887E-C91592440AD4",
    "keyframeTimestamp" : 1251069.287179208,
    "transform" : [
      -0.27372444,
      -0.9410582,
      0.19870834,
      0,
      0.6588843,
      -0.032961812,
      0.75152206,
      0,
      -0.7006763,
      0.33663568,
      0.6290708,
      0,
      0.9460851,
      1.3161542,
      -4.22147,
      1.0000001
    ]
  },
  {
    "uuid" : "AC832E75-2C4D-4941-B1BB-747B51CD5C24",
    "keyframeTimestamp" : 1251084.108355208,
    "transform" : [
      0.25764704,
      -0.8640713,
      -0.43243372,
      0,
      -0.5821555,
      0.21837638,
      -0.78320324,
      0,
      0.7711767,
      0.45353356,
      -0.44675985,
      0,
      1.1987865,
      1.3775506,
      -1.4159452,
      0.99999994
    ]
  },
  {
    "uuid" : "627157BA-149F-4269-906D-524480340D35",
    "keyframeTimestamp" : 1251067.005714666,
    "transform" : [
      -0.074968904,
      -0.98087084,
      0.17964295,
      0,
      0.97757304,
      -0.03673786,
      0.20736961,
      0,
      -0.19680305,
      0.19116025,
      0.96162677,
      0,
      1.3610895,
      1.027749,
      -3.5623646,
      0.9999999
    ]
  },
  {
    "uuid" : "30784F69-830B-4682-AEC8-E06A2B430375",
    "keyframeTimestamp" : 1251049.087034,
    "transform" : [
      0.12754059,
      -0.9734069,
      -0.19029456,
      0,
      0.9720222,
      0.08451478,
      0.21916,
      0,
      -0.19724919,
      -0.21292228,
      0.9569523,
      0,
      0.5898932,
      1.5822349,
      -3.0631828,
      1
    ]
  },
  {
    "uuid" : "671EB972-2D4C-491C-A821-DD38F0D20C95",
    "keyframeTimestamp" : 1251086.856098208,
    "transform" : [
      0.31698522,
      -0.88743687,
      -0.3346285,
      0,
      -0.6924126,
      0.024576891,
      -0.7210831,
      0,
      0.64813983,
      0.46027365,
      -0.60668206,
      0,
      0.9087872,
      0.80148154,
      -0.5576213,
      0.99999994
    ]
  },
  {
    "uuid" : "1768B82E-3543-4DD6-98D1-1A7A7C8CE779",
    "keyframeTimestamp" : 1251091.119259791,
    "transform" : [
      0.43207806,
      -0.87316895,
      0.22557677,
      0,
      0.50488067,
      0.026944723,
      -0.8627687,
      0,
      0.7472646,
      0.48667267,
      0.45248836,
      0,
      0.1409114,
      -0.048221827,
      0.37484407,
      1
    ]
  },
  {
    "uuid" : "AE06AEC9-549F-44C0-A99D-3340D97D4F1B",
    "keyframeTimestamp" : 1251054.19952475,
    "transform" : [
      0.2839008,
      -0.9317247,
      0.22647062,
      0,
      -0.59902275,
      0.01208362,
      0.80064094,
      0,
      -0.7487139,
      -0.3629638,
      -0.55469394,
      0,
      0.6868671,
      1.6114559,
      -3.092636,
      1
    ]
  },
  {
    "uuid" : "FCD51056-E2E1-4D47-A067-AB96FAEFD687",
    "keyframeTimestamp" : 1251072.301376625,
    "transform" : [
      -0.23036906,
      -0.9719384,
      -0.047599524,
      0,
      0.08248433,
      -0.0682428,
      0.9942531,
      0,
      -0.96960115,
      0.22511895,
      0.09589069,
      0,
      1.2331853,
      1.4826694,
      -4.606538,
      0.9999999
    ]
  },
  {
    "uuid" : "89107C09-1DFC-43F4-B4EB-ECB6AC0FE4F6",
    "keyframeTimestamp" : 1251045.140254208,
    "transform" : [
      0.26129836,
      -0.9537672,
      0.14849746,
      0,
      0.21816182,
      -0.091507524,
      -0.9716137,
      0,
      0.9402816,
      0.2862773,
      0.18416476,
      0,
      0.8773218,
      1.4027659,
      -2.6488125,
      1
    ]
  },
  {
    "uuid" : "C4A1B169-1E33-40B7-9643-E317B49B60C3",
    "keyframeTimestamp" : 1251056.764095166,
    "transform" : [
      -0.065319195,
      -0.98400795,
      -0.16571487,
      0,
      -0.9950056,
      0.05166567,
      0.085408896,
      0,
      -0.0754813,
      0.17046605,
      -0.98246825,
      0,
      0.5931205,
      1.4626347,
      -3.174858,
      1
    ]
  },
  {
    "uuid" : "957DDAD0-D670-48BA-BAEF-1960DCB2F39F",
    "keyframeTimestamp" : 1251055.015524625,
    "transform" : [
      0.22947055,
      -0.9222976,
      0.31098306,
      0,
      -0.8480042,
      -0.032621466,
      0.5289848,
      0,
      -0.47773683,
      -0.38510153,
      -0.7895984,
      0,
      0.6198423,
      1.6197433,
      -3.084816,
      1
    ]
  },
  {
    "uuid" : "B608780C-8BAE-40E2-8303-DE0959EDD4A5",
    "keyframeTimestamp" : 1251053.8165045,
    "transform" : [
      0.24878033,
      -0.9604527,
      0.12505265,
      0,
      -0.33401072,
      0.036117297,
      0.94187754,
      0,
      -0.9091455,
      -0.27608955,
      -0.31181633,
      0,
      0.7018931,
      1.576736,
      -3.042109,
      1
    ]
  },
  {
    "uuid" : "01A6E554-CCB4-42F5-B99D-310107330B60",
    "keyframeTimestamp" : 1251049.470054583,
    "transform" : [
      0.12645836,
      -0.88898695,
      -0.440125,
      0,
      0.9814617,
      0.04771173,
      0.1856266,
      0,
      -0.14402054,
      -0.4554399,
      0.8785404,
      0,
      0.5392359,
      1.6606536,
      -2.954413,
      1
    ]
  },
  {
    "uuid" : "3E5F9D35-236D-4200-B59F-2B2281240C8A",
    "keyframeTimestamp" : 1251062.925721291,
    "transform" : [
      0.25262982,
      -0.9654475,
      0.06394446,
      0,
      0.08950206,
      -0.042486988,
      -0.9950801,
      0,
      0.96341455,
      0.2571101,
      0.0756761,
      0,
      1.0645124,
      1.0689069,
      -2.782181,
      1
    ]
  },
  {
    "uuid" : "25F9991F-EDA8-45F1-99B9-0BA2E815E1FE",
    "keyframeTimestamp" : 1251050.385973666,
    "transform" : [
      0.16493033,
      -0.96485215,
      -0.20459211,
      0,
      0.76085865,
      -0.0075305244,
      0.648874,
      0,
      -0.62760824,
      -0.26268467,
      0.7328742,
      0,
      0.50434816,
      1.6109767,
      -2.9054208,
      1
    ]
  },
  {
    "uuid" : "B9BE0043-06CA-4799-8A6F-2E2764FC70E1",
    "keyframeTimestamp" : 1251080.144942791,
    "transform" : [
      0.20950934,
      -0.73489326,
      0.64500964,
      0,
      -0.96553373,
      -0.051299226,
      0.2551727,
      0,
      -0.15443625,
      -0.67623955,
      -0.72031206,
      0,
      1.1725596,
      1.6469988,
      -1.36052,
      0.9999999
    ]
  },
  {
    "uuid" : "4E55F9BD-E17E-44DB-BDAB-53A651ABC7D0",
    "keyframeTimestamp" : 1251048.753972458,
    "transform" : [
      0.016796833,
      -0.99252063,
      0.12091652,
      0,
      0.9169946,
      0.063496016,
      0.39381313,
      0,
      -0.39854535,
      0.10426495,
      0.91120243,
      0,
      0.69049543,
      1.4890016,
      -3.138619,
      0.99999994
    ]
  },
  {
    "uuid" : "E2856965-26D3-4CA4-8028-BE9076530364",
    "keyframeTimestamp" : 1251092.135090833,
    "transform" : [
      0.3818,
      -0.83768433,
      0.39052975,
      0,
      0.7816626,
      0.06718752,
      -0.6200724,
      0,
      0.49318632,
      0.5420061,
      0.6804387,
      0,
      0.21988672,
      -0.07597828,
      0.3665247,
      1
    ]
  },
  {
    "uuid" : "3E73ADC0-31D2-4169-9E6B-1148444E780E",
    "keyframeTimestamp" : 1251047.788094375,
    "transform" : [
      0.09146299,
      -0.9820862,
      -0.16474599,
      0,
      0.9783064,
      0.05773559,
      0.19895765,
      0,
      -0.18588187,
      -0.17936924,
      0.9660618,
      0,
      0.95370406,
      1.5299363,
      -3.068466,
      1
    ]
  },
  {
    "uuid" : "5341BAB2-FEB6-4E55-9610-F46013E039F3",
    "keyframeTimestamp" : 1251069.054036875,
    "transform" : [
      -0.23493257,
      -0.9499891,
      0.20573789,
      0,
      0.69951195,
      -0.018275589,
      0.7143874,
      0,
      -0.67489994,
      0.3117488,
      0.66882205,
      0,
      0.971312,
      1.3253676,
      -4.058286,
      1
    ]
  },
  {
    "uuid" : "8AC50BEF-5D88-4205-8655-E11378BC5190",
    "keyframeTimestamp" : 1251077.4804625,
    "transform" : [
      -0.049879037,
      -0.9565525,
      -0.28726146,
      0,
      -0.98886764,
      0.006927169,
      0.14863658,
      0,
      -0.14018884,
      0.2914774,
      -0.94624966,
      0,
      1.135334,
      1.3104635,
      -2.493701,
      0.99999994
    ]
  },
  {
    "uuid" : "BD06290D-A2FE-48A6-A0BF-E9CBE2CE6F8E",
    "keyframeTimestamp" : 1251088.987679041,
    "transform" : [
      0.41425508,
      -0.8342689,
      -0.36385238,
      0,
      -0.60808605,
      0.043762732,
      -0.792664,
      0,
      0.67721796,
      0.5496186,
      -0.4891785,
      0,
      0.5096499,
      0.13130236,
      0.014309168,
      1
    ]
  },
  {
    "uuid" : "BA117221-F92F-4A30-A78F-E0142BFDF122",
    "keyframeTimestamp" : 1251058.063033,
    "transform" : [
      -0.01627655,
      -0.9983649,
      0.054788478,
      0,
      -0.99016106,
      0.008477506,
      -0.13967827,
      0,
      0.13898546,
      -0.056522883,
      -0.98868036,
      0,
      0.58549136,
      1.5502691,
      -3.166146,
      0.99999994
    ]
  },
  {
    "uuid" : "A7CB9255-6F06-4FB8-99B3-AF1EDEA0F086",
    "keyframeTimestamp" : 1251076.148222166,
    "transform" : [
      -0.02982509,
      -0.9987897,
      0.039106056,
      0,
      -0.45720994,
      0.048422646,
      0.8880396,
      0,
      -0.8888586,
      0.008606184,
      -0.45810086,
      0,
      0.8999247,
      1.4242122,
      -2.6723115,
      0.99999994
    ]
  },
  {
    "uuid" : "B6460195-2066-4A0C-812C-AEBE2FE731BB",
    "keyframeTimestamp" : 1251079.062497916,
    "transform" : [
      -0.0017207484,
      -0.93622786,
      0.35138902,
      0,
      -0.9999019,
      -0.0032803833,
      -0.013636659,
      0,
      0.013919695,
      -0.35137782,
      -0.93613046,
      0,
      1.2957071,
      1.5116594,
      -1.7504126,
      1.0000001
    ]
  },
  {
    "uuid" : "173206B9-D637-468B-A2CA-56DF647D3870",
    "keyframeTimestamp" : 1251052.58417825,
    "transform" : [
      -0.40688932,
      -0.91279614,
      -0.035285182,
      0,
      -0.18746708,
      0.045635782,
      0.9812106,
      0,
      -0.8940349,
      0.4058588,
      -0.189688,
      0,
      0.69247866,
      1.3645046,
      -3.0066895,
      1
    ]
  },
  {
    "uuid" : "BAF71EBB-3CCE-424A-B66A-BBA7FC0E8BF5",
    "keyframeTimestamp" : 1251069.786769958,
    "transform" : [
      -0.28316334,
      -0.9414855,
      0.18282135,
      0,
      0.54983205,
      -0.0031729066,
      0.8352694,
      0,
      -0.785814,
      0.33703873,
      0.5185574,
      0,
      0.9813105,
      1.2384118,
      -4.660368,
      0.99999994
    ]
  },
  {
    "uuid" : "5FACDE22-A535-4760-B77B-96EDA72246F0",
    "keyframeTimestamp" : 1251072.268070416,
    "transform" : [
      -0.24134667,
      -0.96956676,
      -0.041134942,
      0,
      0.066529855,
      -0.058819234,
      0.9960493,
      0,
      -0.9681559,
      0.23765644,
      0.07870095,
      0,
      1.2427536,
      1.4638579,
      -4.6275215,
      0.99999994
    ]
  },
  {
    "uuid" : "20D0DF49-3716-4097-98A5-E1D76EDF2DE6",
    "keyframeTimestamp" : 1251072.484559583,
    "transform" : [
      -0.22225061,
      -0.97062993,
      -0.09209892,
      0,
      0.13405074,
      -0.123984806,
      0.98318785,
      0,
      -0.96573055,
      0.20616819,
      0.15766938,
      0,
      1.1943928,
      1.563409,
      -4.477326,
      0.99999994
    ]
  },
  {
    "uuid" : "160D43F2-4F20-4347-9334-3FC731478729",
    "keyframeTimestamp" : 1251083.858560458,
    "transform" : [
      0.14377075,
      -0.92830956,
      -0.34288672,
      0,
      -0.40778664,
      0.26012877,
      -0.8752389,
      0,
      0.90168756,
      0.26565832,
      -0.34115326,
      0,
      1.2240655,
      1.4486954,
      -1.3847532,
      1
    ]
  },
  {
    "uuid" : "29F09E90-0E9C-47AF-A28F-12EB4AFA2669",
    "keyframeTimestamp" : 1251072.201458291,
    "transform" : [
      -0.22543241,
      -0.97393304,
      -0.025182663,
      0,
      0.037694614,
      -0.034547854,
      0.9986918,
      0,
      -0.97352934,
      0.2241883,
      0.044500224,
      0,
      1.2626784,
      1.425345,
      -4.661678,
      1
    ]
  },
  {
    "uuid" : "D845A598-20F3-4DAA-A4C6-E088F50CB4B6",
