[
  {
    "keyframeTimestamp" : 1251053.999688166,
    "uuid" : "90CCB0F0-C82B-49CE-BE78-465D5A271DDA",
    "transform" : [
      0.2731146,
      -0.94567496,
      0.17637281,
      0,
      -0.47965118,
      0.025058402,
      0.8771014,
      0,
      -0.8338724,
      -0.32414663,
      -0.44675037,
      0,
      0.5671936,
      1.55236,
      -3.3917372,
      1
    ]
  },
  {
    "keyframeTimestamp" : 1251080.644532583,
    "uuid" : "61703D9F-5FE8-4013-800F-445B18B071DF",
    "transform" : [
      0.06165114,
      -0.9263762,
      0.37151918,
      0,
      -0.9978083,
      -0.06617145,
      0.00058229547,
      0,
      0.024044514,
      -0.37074068,
      -0.9284253,
      0,
      0.98763585,
      1.5366203,
      -1.5445402,
      1
    ]
  },
  {
    "keyframeTimestamp" : 1251072.101540125,
    "uuid" : "6EB2D17A-60AA-4A4C-8957-DAD401E6724E",
    "transform" : [
      -0.19471104,
      -0.98085374,
      -0.003674427,
      0,
      0.02614678,
      -0.00893516,
      0.9996182,
      0,
      -0.9805122,
      0.19454062,
      0.027385924,
      0,
      1.1569352,
      1.3222785,
      -5.0272584,
      1
    ]
  },
  {
    "keyframeTimestamp" : 1251042.126044541,
    "uuid" : "796135A9-4F46-461A-868F-67661E0C6648",
    "transform" : [
      -0.015029649,
      -0.98033684,
      -0.1967577,
      0,
      0.9761055,
      0.028276866,
      -0.21544968,
      0,
      0.21677698,
      -0.19529438,
      0.95648736,
      0,
      0.7703991,
      1.4312743,
      -3.2734594,
      0.99999994
    ]
  },
  {
    "keyframeTimestamp" : 1251043.957885,
    "uuid" : "83B9339C-F8C3-4F3F-8F2C-AD05CEECFBB7",
    "transform" : [
      -0.26701283,
      -0.9589713,
      -0.0952782,
      0,
      0.19973567,
      0.04165081,
      -0.97896415,
      0,
      0.9427671,
      -0.2804264,
      0.18041956,
      0,
      0.70685524,
      1.4694769,
      -3.1329308,
      1
    ]
  },
  {
    "keyframeTimestamp" : 1251082.426403166,
    "uuid" : "6E1DE594-9726-4CCF-AA51-B49C905A66BC",
    "transform" : [
      -0.7706425,
      -0.62284184,
      -0.13482831,
      0,
      0.12911502,
      0.054581326,
      -0.99012643,
      0,
      0.6240514,
      -0.7804417,
      0.03835557,
      0,
      1.158893,
      1.6799746,
      -1.5947902,
      1
    ]
  },
  {
    "keyframeTimestamp" : 1251051.385157666,
    "uuid" : "7589F540-944F-4C4A-88A2-C7239393B119",
    "transform" : [
      -0.19071658,
      -0.9735048,
      0.12615554,
      0,
      0.47027093,
      0.02219957,
      0.882243,
      0,
      -0.8616684,
      0.22758563,
      0.45357728,
      0,
      0.51711047,
      1.4053257,
      -3.3529537,
      1
    ]
  },
  {
    "keyframeTimestamp" : 1251068.35460975,
    "uuid" : "93453FAC-790E-48D8-A54C-F9F269880DA4",
    "transform" : [
      -0.25830787,
      -0.94095594,
      0.21881142,
      0,
      0.7073471,
      -0.029950263,
      0.70623136,
      0,
      -0.65797925,
      0.33720082,
      0.67331904,
      0,
      1.0919611,
      1.1605966,
      -4.021495,
      1
    ]
  },
  {
    "keyframeTimestamp" : 1251045.340091125,
    "uuid" : "25612CA2-631C-4EDF-B045-1F1EE04BA6E3",
    "transform" : [
      0.26066756,
      -0.9502658,
      0.1704321,
      0,
      0.350101,
      -0.07147512,
      -0.93398106,
      0,
      0.8997118,
      0.30312696,
      0.31405777,
      0,
      0.78222805,
      1.345753,
      -3.0006046,
      1
    ]
  },
  {
    "keyframeTimestamp" : 1251048.970462416,
    "uuid" : "0CE4221D-1377-49D6-A1CB-DC17E084BD7C",
    "transform" : [
      0.117794365,
      -0.99003273,
      -0.07719696,
      0,
      0.95405275,
      0.091259345,
      0.28540343,
      0,
      -0.27551386,
      -0.107268885,
      0.9552934,
      0,
      0.4816813,
      1.5021784,
      -3.42061,
      1
    ]
  },
  {
    "keyframeTimestamp" : 1251071.502031333,
    "uuid" : "E1ABCE50-F7FB-48FC-95DE-62B7B48D9578",
    "transform" : [
      -0.16074184,
      -0.98240423,
      0.09509957,
      0,
      -0.034591448,
      0.101900645,
      0.99419314,
      0,
      -0.9863903,
      0.15651874,
      -0.05036251,
      0,
      1.2784876,
      1.0680966,
      -5.1297164,
      0.9999999
    ]
  },
  {
    "keyframeTimestamp" : 1251072.16815225,
    "uuid" : "856CFF99-8DEF-4FA0-92EE-B44F8F6A8F7A",
    "transform" : [
      -0.21652426,
      -0.97608334,
      -0.019458108,
      0,
      0.027038157,
      -0.025918756,
      0.9992985,
      0,
      -0.97590286,
      0.21584621,
      0.03200351,
      0,
      1.1374456,
      1.3603369,
      -5.0033817,
      1
    ]
  },
  {
    "keyframeTimestamp" : 1251071.102358791,
    "uuid" : "FDE17163-7CF1-45A2-9100-A84E1D6DB695",
    "transform" : [
      -0.16275094,
      -0.98205,
      0.0953398,
      0,
      0.07570938,
      0.08391339,
      0.99359286,
      0,
      -0.9837583,
      0.1689263,
      0.06069339,
      0,
      1.1958494,
      1.0556873,
      -5.2001543,
      1
    ]
  },
  {
    "keyframeTimestamp" : 1251058.762461041,
    "uuid" : "73EDB135-C32F-4746-8F3E-66B0D87350BF",
    "transform" : [
      0.09040508,
      -0.96146923,
      -0.2596226,
      0,
      -0.93596274,
      0.0070506195,
      -0.35202917,
      0,
      0.34029564,
      0.27482218,
      -0.8992618,
      0,
      0.439234,
      1.3997372,
      -3.3929949,
      1
    ]
  },
  {
    "keyframeTimestamp" : 1251071.901704125,
    "uuid" : "17EF2986-3E8C-4DF8-AF6F-AA625D4EF30E",
    "transform" : [
      -0.13186494,
      -0.9905341,
      0.038126387,
      0,
      0.03305874,
      0.03404643,
      0.9988735,
      0,
      -0.99071646,
      0.13297677,
      0.028256258,
      0,
      1.2086713,
      1.210299,
      -5.078671,
      1
    ]
  },
  {
    "keyframeTimestamp" : 1251072.601130875,
    "uuid" : "56E268F0-FBBA-4AD6-AB73-2DA4C5DBB736",
    "transform" : [
      -0.23313653,
      -0.96656007,
      -0.1068127,
      0,
      0.13735773,
      -0.14146943,
      0.9803667,
      0,
      -0.9626943,
      0.21388777,
      0.16574617,
      0,
      1.0491922,
      1.5518615,
      -4.7066307,
      1.0000001
    ]
  },
  {
    "keyframeTimestamp" : 1251061.32702975,
    "uuid" : "19F4B7AB-FE61-40F1-9CB7-704730963606",
    "transform" : [
      0.397326,
      -0.9083036,
      -0.13083082,
      0,
      -0.25997204,
      0.025316782,
      -0.9652845,
      0,
      0.8800836,
      0.41754484,
      -0.22607453,
      0,
      1.1313365,
      1.3262782,
      -3.001362,
      1
    ]
  },
  {
    "keyframeTimestamp" : 1251069.187261083,
    "uuid" : "D2DA4366-307C-4AA5-B9A5-E8FD80BF5838",
    "transform" : [
      -0.25128007,
      -0.9474286,
      0.19808368,
      0,
      0.67440605,
      -0.024580915,
      0.7379515,
      0,
      -0.6942874,
      0.31902134,
      0.6451285,
      0,
      0.81575996,
      1.282116,
      -4.472988,
      1
    ]
  },
  {
    "keyframeTimestamp" : 1251050.735687875,
    "uuid" : "43F9977D-55DF-468C-901A-C52F5177D7AB",
    "transform" : [
      0.026207594,
      -0.9996562,
      0.0008886445,
      0,
      0.7513371,
      0.020283861,
      0.65960705,
      0,
      -0.6593983,
      -0.016619042,
      0.75161046,
      0,
      0.36308482,
      1.4863721,
      -3.2920167,
      1
    ]
  },
  {
    "keyframeTimestamp" : 1251071.851744791,
    "uuid" : "828110E7-B479-420E-A3AF-D02BD452C1C4",
    "transform" : [
      -0.13115196,
      -0.9903722,
      0.04429581,
      0,
      0.012363781,
      0.043044247,
      0.99899673,
      0,
      -0.99128526,
      0.13156803,
      0.0065993867,
      0,
      1.221177,
      1.185848,
      -5.0877237,
      1.0000001
    ]
  },
  {
    "keyframeTimestamp" : 1251081.560447625,
    "uuid" : "232D0431-3F08-44BB-A6D2-7E1A8A3B53B1",
    "transform" : [
      -0.30275655,
      -0.9424439,
      0.14190836,
      0,
      -0.6583075,
      0.09912063,
      -0.74619466,
      0,
      0.68918055,
      -0.31933457,
      -0.6504272,
      0,
      1.0646785,
      1.5220973,
      -1.61156,
      0.99999994
    ]
  },
  {
    "keyframeTimestamp" : 1251088.238295166,
    "uuid" : "D558818F-4970-47DD-8A78-C32C301CE09C",
    "transform" : [
      0.14170267,
      -0.98302597,
      -0.11653433,
      0,
      -0.24496937,
      0.07923783,
      -0.9662875,
      0,
      0.9591196,
      0.16547285,
      -0.22958302,
      0,
      0.4689428,
      0.4167192,
      -0.51983523,
      1
    ]
  },
  {
    "keyframeTimestamp" : 1251073.567005958,
    "uuid" : "286017F8-4E2A-4CD3-94FC-B6286211C8A5",
    "transform" : [
      0.036838356,
      -0.9991926,
      0.016038634,
      0,
      0.20052366,
      0.023114117,
      0.9794163,
      0,
      -0.9789962,
      -0.032863952,
      0.20121321,
      0,
      1.0238718,
      1.5514488,
      -3.958172,
      0.99999994
    ]
  },
  {
    "keyframeTimestamp" : 1251059.87821525,
    "uuid" : "26BEF083-8A7A-4D5E-AF3F-0A36B33B057A",
    "transform" : [
      0.10440901,
      -0.98207223,
      -0.15694694,
      0,
      -0.7772208,
      0.01788733,
      -0.628974,
      0,
      0.62050533,
      0.18765296,
      -0.76141965,
      0,
      0.68988097,
      1.4315836,
      -2.9871254,
      1
    ]
  },
  {
    "keyframeTimestamp" : 1251071.651908458,
    "uuid" : "9BCC5933-7D4B-4F0F-9829-BA0CC6C39554",
    "transform" : [
      -0.14046758,
      -0.98699594,
      0.078153595,
      0,
      -0.034340296,
      0.08374551,
      0.9958954,
      0,
      -0.9894896,
      0.1372072,
      -0.045657285,
      0,
      1.2635276,
      1.1071765,
      -5.1136665,
      1.0000001
    ]
  },
  {
    "keyframeTimestamp" : 1251070.702686375,
    "uuid" : "BBD262CD-95E6-4219-8199-AA04BE16BAB7",
    "transform" : [
      -0.2066856,
      -0.97700506,
      0.05236325,
      0,
      0.13725153,
      0.024037244,
      0.9902443,
      0,
      -0.9687327,
      0.21185619,
      0.12912728,
      0,
      1.0620404,
      1.1007482,
      -5.2627544,
      0.9999999
    ]
  },
  {
    "keyframeTimestamp" : 1251071.951662958,
    "uuid" : "1B75A37A-8495-42C4-B54A-846B461FBBF5",
    "transform" : [
      -0.1352321,
      -0.99040306,
      0.02853554,
      0,
      0.034502268,
      0.024075517,
      0.99911475,
      0,
      -0.9902132,
      0.1360969,
      0.030915344,
      0,
      1.195473,
      1.2371743,
      -5.0681005,
      1
    ]
  },
  {
    "keyframeTimestamp" : 1251078.26315375,
    "uuid" : "F6200EE8-0636-4035-BCA8-3B5597750BF0",
    "transform" : [
      -0.00048101688,
      -0.9902356,
      -0.13940197,
      0,
      -0.9749743,
      0.03145581,
      -0.22008085,
      0,
      0.2223169,
      0.13580747,
      -0.96546966,
      0,
      1.2341092,
      1.3382598,
      -2.43886,
      1
    ]
  },
  {
    "keyframeTimestamp" : 1251075.681937833,
    "uuid" : "0F90EEA8-6148-4A24-B6C5-D2D3D8CA570B",
    "transform" : [
      -0.20256737,
      -0.9788576,
      0.028367,
      0,
      -0.07331994,
      0.044046532,
      0.9963355,
      0,
      -0.97651994,
      0.19974518,
      -0.08069217,
      0,
      0.7555911,
      1.2550063,
      -3.1434324,
      1
    ]
  },
  {
    "keyframeTimestamp" : 1251044.624008541,
    "uuid" : "6D1BA983-2970-4B84-88CF-A3CF04FFE0D6",
    "transform" : [
      0.0614351,
      -0.99736506,
      0.038581472,
      0,
      -0.04753981,
      -0.04153457,
      -0.99800545,
      0,
      0.9969784,
      0.0594784,
      -0.049966216,
      0,
      0.69476473,
      1.4228024,
      -3.0303655,
      1
    ]
  },
  {
    "keyframeTimestamp" : 1251067.288815916,
    "uuid" : "2CA8682A-ADE3-4F1C-9AFA-2D5649358964",
    "transform" : [
      -0.15249366,
      -0.97354627,
      0.17015591,
      0,
      0.86147106,
      -0.046558034,
      0.50566846,
      0,
      -0.4843695,
      0.22369559,
      0.8457818,
      0,
      1.1888196,
      0.9750823,
      -3.8679113,
      1
    ]
  },
  {
    "keyframeTimestamp" : 1251076.830995583,
    "uuid" : "C081A4D9-8A75-4411-9931-6BFE30B0DE7E",
    "transform" : [
      0.07406735,
      -0.99167025,
      0.10537689,
      0,
      -0.9116025,
      -0.024483152,
      0.41034392,
      0,
      -0.40434578,
      -0.12645489,
      -0.9058224,
      0,
      0.85056055,
      1.4558645,
      -3.046621,
      1
    ]
  },
  {
    "keyframeTimestamp" : 1251085.890225125,
    "uuid" : "A642CFAD-1377-47D7-880F-D92991E12A0D",
    "transform" : [
      0.05789613,
      -0.9652868,
      -0.25469503,
      0,
      -0.8278352,
      0.096171245,
      -0.5526662,
      0,
      0.5579758,
      0.24284272,
      -0.7935305,
      0,
      0.92575806,
      1.2027752,
      -1.2515146,
      1.0000001
    ]
  },
  {
    "keyframeTimestamp" : 1251054.432667583,
    "uuid" : "97973637-EC0C-40C3-AE5E-8FD7EFDAD8BB",
    "transform" : [
      0.29334098,
      -0.91064984,
      0.29097757,
      0,
      -0.69737554,
      0.004362648,
      0.71669316,
      0,
      -0.6539258,
      -0.41315594,
      -0.6337849,
      0,
      0.52543366,
      1.5844386,
      -3.4475071,
      1
    ]
  },
  {
    "keyframeTimestamp" : 1251063.175516875,
    "uuid" : "C2D7FF43-F911-48B3-89DA-4877DA1E4A9B",
    "transform" : [
      0.17751801,
      -0.9805874,
      0.08328087,
      0,
      0.32296443,
      -0.021889798,
      -0.946158,
      0,
      0.92961365,
      0.19485681,
      0.31280908,
      0,
      0.9196875,
      1.0530465,
      -3.0919437,
      0.99999994
    ]
  },
  {
    "keyframeTimestamp" : 1251061.060581083,
    "uuid" : "05CD9071-91F4-467C-8BA4-131AFDBF0E23",
    "transform" : [
      0.3423766,
      -0.9220127,
      -0.18075052,
      0,
      -0.41767472,
      0.02296594,
      -0.9083067,
      0,
      0.84162134,
      0.3864777,
      -0.37723833,
      0,
      1.0616237,
      1.3610313,
      -3.0227213,
      1
    ]
  },
  {
    "keyframeTimestamp" : 1251090.153387208,
    "uuid" : "458FDF9E-526D-4309-9B12-13344A1771A8",
    "transform" : [
      -0.17942004,
      -0.97788525,
      -0.10746633,
      0,
      0.36856046,
      0.034467515,
      -0.92896456,
      0,
      0.9121249,
      -0.20628272,
      0.35422572,
      0,
      0.13122547,
      0.12204623,
      -0.17378473,
      1
    ]
  },
  {
    "keyframeTimestamp" : 1251075.898427041,
    "uuid" : "4E516631-C161-4CDA-ACB8-0D2C4DF46FB4",
    "transform" : [
      -0.14044389,
      -0.9900658,
      0.0067413654,
      0,
      -0.23586415,
      0.04006935,
      0.97095966,
      0,
      -0.9615841,
      0.13477531,
      -0.23914851,
      0,
      0.75030166,
      1.3162681,
      -3.0525873,
      1
    ]
  },
  {
    "keyframeTimestamp" : 1251052.334382041,
    "uuid" : "AF270233-5FFF-4B33-A8B6-D36662499288",
    "transform" : [
      -0.50649786,
      -0.8620946,
      0.01591035,
      0,
      -0.011544941,
      0.025231248,
      0.99961495,
      0,
      -0.8621639,
      0.50611895,
      -0.022732425,
      0,
      0.56552166,
      1.2793391,
      -3.3668091,
      1
    ]
  },
  {
    "keyframeTimestamp" : 1251043.574863791,
    "uuid" : "6D9779EC-2788-435C-9D42-5709CA27B893",
    "transform" : [
      -0.2895292,
      -0.93424845,
      -0.20821388,
      0,
      0.43607736,
      0.06489564,
      -0.8975664,
      0,
      0.8520622,
      -0.350669,
      0.38861543,
      0,
      0.69560254,
      1.4751118,
      -3.1626418,
      1.0000001
    ]
  },
  {
    "keyframeTimestamp" : 1251066.35624625,
    "uuid" : "4CC8A2FB-F883-4B3C-BF19-02885E2C7F33",
    "transform" : [
      0.13467519,
      -0.94693404,
      0.2918535,
      0,
      0.9032701,
      -0.0037737708,
      -0.42905623,
      0,
      0.40738925,
      0.3214057,
      0.854829,
      0,
      1.3433764,
      1.1016991,
      -3.9341407,
      1
    ]
  },
  {
    "keyframeTimestamp" : 1251049.853075541,
    "uuid" : "2F1A5909-475D-42D7-8092-F4BE4B42D5F0",
    "transform" : [
      0.21867327,
      -0.8187904,
      -0.53081524,
      0,
      0.92668444,
      0.0038462607,
      0.3758216,
      0,
      -0.30567735,
      -0.57408005,
      0.7596011,
      0,
      0.3944724,
      1.6347731,
      -3.1912785,
      1
    ]
  },
  {
    "keyframeTimestamp" : 1251083.525500708,
    "uuid" : "690451D8-39E3-4833-9CBE-28C0860D17BB",
    "transform" : [
      -0.102597855,
      -0.96097803,
      -0.25689432,
      0,
      -0.18144035,
      0.27200395,
      -0.9450363,
      0,
      0.9780354,
      -0.050347686,
      -0.20226723,
      0,
      1.1188934,
      1.5180331,
      -1.6641328,
      1
    ]
  },
  {
    "keyframeTimestamp" : 1251089.770368666,
    "uuid" : "BEE2D960-F420-4AAA-A596-D7C03F131FC9",
    "transform" : [
      -0.0716224,
      -0.99729556,
      -0.01648747,
      0,
      -0.0810567,
      0.02229487,
      -0.99646026,
      0,
      0.99413294,
      -0.07003244,
      -0.08243428,
      0,
      0.20464456,
      0.07286525,
      -0.23138714,
      1
    ]
  },
  {
    "keyframeTimestamp" : 1251065.073962708,
    "uuid" : "21289DEB-4B94-4897-AF30-385A4C610E85",
    "transform" : [
      0.15933041,
      -0.94681203,
      0.27957264,
      0,
      0.88240224,
      0.009593227,
      -0.4703983,
      0,
      0.4426968,
      0.32164428,
      0.8369976,
      0,
      1.200178,
      1.3081731,
      -3.2223616,
      0.99999994
    ]
  },
  {
    "keyframeTimestamp" : 1251073.966678416,
    "uuid" : "E459A8B6-EFB7-4D5B-AE3A-9CD0C0EFA084",
    "transform" : [
      0.02781509,
      -0.998774,
      0.04094777,
      0,
      0.13978629,
      0.0444475,
      0.9891834,
      0,
      -0.9897911,
      -0.021790292,
      0.14085123,
      0,
      1.0162776,
      1.4956627,
      -3.7220554,
      0.9999998
    ]
  },
  {
    "keyframeTimestamp" : 1251040.394120583,
    "uuid" : "F6FA7BB5-7077-49CB-A1B5-1FE1B12481F1",
    "transform" : [
      -0.03521083,
      -0.9275685,
      0.37198994,
      0,
      0.9992168,
      -0.039403472,
      -0.0036726235,
      0,
      0.018064324,
      0.37156916,
      0.92822945,
      0,
      0.8407421,
      1.3139571,
      -3.3293595,
      1
    ]
  },
  {
    "keyframeTimestamp" : 1251072.90088525,
    "uuid" : "256557CF-71FA-426D-AC97-F30920019E86",
    "transform" : [
      -0.1111015,
      -0.986842,
      -0.11747009,
      0,
      0.20921077,
      -0.13877754,
      0.96797293,
      0,
      -0.9715386,
      0.08296724,
      0.22187634,
      0,
      1.0314063,
      1.5910884,
      -4.4062157,
      1
    ]
  },
  {
    "keyframeTimestamp" : 1251057.030543916,
    "uuid" : "F57F4FDD-211D-42E4-B7BC-9DFD9DB929D5",
    "transform" : [
      -0.04963126,
      -0.9985993,
      -0.018331138,
      0,
      -0.9966186,
      0.048312712,
      0.0664656,
      0,
      -0.06548691,
      0.021567924,
      -0.99762046,
      0,
      0.43520012,
      1.4622176,
      -3.5121012,
      1
    ]
  },
  {
    "keyframeTimestamp" : 1251083.425582708,
    "uuid" : "037942C4-E82D-4BA7-BA1F-816D05B5B269",
    "transform" : [
      -0.21818165,
      -0.9435808,
      -0.2491023,
      0,
      -0.10774137,
      0.276981,
      -0.954816,
      0,
      0.96994257,
      -0.18148465,
      -0.16209485,
      0,
      1.128583,
      1.5510246,
      -1.6479523,
      1
    ]
  },
  {
    "keyframeTimestamp" : 1251072.134846375,
    "uuid" : "C5192480-9259-4B80-9A75-A7F9EE6FE0C0",
    "transform" : [
      -0.20383348,
      -0.9789798,
      -0.0070764273,
      0,
      0.01855934,
      -0.011090915,
      0.9997662,
      0,
      -0.9788296,
      0.20365451,
      0.020429902,
      0,
      1.1471977,
      1.3412201,
      -5.016444,
      0.9999999
    ]
  },
  {
    "keyframeTimestamp" : 1251072.800967041,
    "uuid" : "1B8953F1-92A8-4B21-B010-5B963784B760",
    "transform" : [
      -0.1630193,
      -0.97680813,
      -0.13881852,
      0,
      0.16487731,
      -0.16569372,
      0.9722969,
      0,
      -0.9727489,
      0.1356151,
      0.18806474,
      0,
      1.0359948,
      1.5864294,
      -4.5058403,
      1
    ]
  },
  {
    "keyframeTimestamp" : 1251073.217292541,
    "uuid" : "2613C312-A436-4AE9-AE84-94C96F90E9BF",
    "transform" : [
      -0.0099057015,
      -0.99994427,
      -0.003613736,
      0,
      0.26621506,
      -0.0061206464,
      0.9638945,
      0,
      -0.96386296,
      0.008586018,
      0.26626086,
      0,
      1.021896,
      1.5696807,
      -4.164215,
      0.99999994
    ]
  },
  {
    "keyframeTimestamp" : 1251051.584994416,
    "uuid" : "C17ACBE5-92AF-4610-9B67-1603D98934CB",
    "transform" : [
      -0.30672833,
      -0.9346102,
      0.18005976,
      0,
      0.43650785,
      0.029981015,
      0.899201,
      0,
      -0.8458007,
      0.35440785,
      0.39876866,
      0,
      0.5545318,
      1.3599541,
      -3.3710842,
      1
    ]
  },
  {
    "keyframeTimestamp" : 1251042.775515166,
    "uuid" : "BC891FFC-7274-4683-80A3-C67877D28961",
    "transform" : [
      -0.16115403,
      -0.9279285,
      -0.33612293,
      0,
      0.8298001,
      0.056977797,
      -0.5551449,
      0,
      0.5342863,
      -0.36837846,
      0.7608127,
      0,
      0.7211526,
      1.467902,
      -3.2292473,
      1
    ]
  },
  {
    "keyframeTimestamp" : 1251060.727520208,
    "uuid" : "E348D56C-39B2-46F7-8895-2DE8A56AF0EB",
    "transform" : [
      0.11497051,
      -0.9915776,
      -0.059622202,
      0,
      -0.33973235,
      0.017151942,
      -0.94036597,
      0,
      0.9334687,
      0.12836993,
      -0.33489916,
      0,
      0.989213,
      1.4654838,
      -3.0048163,
      1
    ]
  },
  {
    "keyframeTimestamp" : 1251048.554135708,
    "uuid" : "13B03EDA-51F0-447C-8733-B20DF9E3AF29",
    "transform" : [
      -0.03445856,
      -0.98807734,
      0.1500521,
      0,
      0.8908622,
      0.03768137,
      0.45270905,
      0,
      -0.45296568,
      0.14927544,
      0.87894225,
      0,
      0.62866294,
      1.422033,
      -3.4673939,
      0.99999994
    ]
  },
  {
    "keyframeTimestamp" : 1251068.904159541,
    "uuid" : "321A06CE-FF74-4CE2-B093-0BAB63718542",
    "transform" : [
      -0.24806903,
      -0.9475066,
      0.20172507,
      0,
      0.7159793,
      -0.03905432,
      0.69702846,
      0,
      -0.6525608,
      0.31734213,
      0.68808323,
      0,
      0.8732593,
      1.2694323,
      -4.296961,
      1
    ]
  },
  {
    "keyframeTimestamp" : 1251047.388420333,
    "uuid" : "D9AA71FA-AE0E-4515-898D-53FA1380F728",
    "transform" : [
      0.055971913,
      -0.99654603,
      -0.06134949,
      0,
      0.99746263,
      0.053103656,
      0.04742732,
      0,
      -0.044005584,
      -0.06384838,
      0.9969895,
      0,
      0.87366253,
      1.4506421,
      -3.338956,
      1
    ]
  },
  {
    "keyframeTimestamp" : 1251070.319666833,
    "uuid" : "F4B0F927-EEEB-4A25-9C5F-7FE05EE12CD1",
    "transform" : [
      -0.2958906,
      -0.9481702,
      0.11585441,
      0,
      0.2534335,
      0.039014436,
      0.9665659,
      0,
      -0.9209889,
      0.31535906,
      0.22875406,
      0,
      0.9547787,
      1.1219134,
      -5.2274055,
      1
    ]
  },
  {
    "keyframeTimestamp" : 1251047.121971208,
    "uuid" : "CD054124-4841-46E3-BD5D-2D28E5976815",
    "transform" : [
      0.029742677,
      -0.9990449,
      0.03200808,
      0,
      0.9956814,
      0.026794765,
      -0.0888855,
      0,
      0.087943,
      0.034513544,
      0.99552757,
      0,
      0.92662215,
      1.4256009,
      -3.3253372,
      0.99999994
    ]
  },
  {
    "keyframeTimestamp" : 1251055.565075291,
    "uuid" : "72D382E5-4959-49B1-8979-63FB370ABCA6",
    "transform" : [
      0.0061758333,
      -0.9924283,
      0.122669086,
      0,
      -0.8893286,
      0.050638862,
      0.4544567,
      0,
      -0.4572276,
      -0.11189978,
      -0.8822822,
      0,
      0.5784514,
      1.4969314,
      -3.4687726,
      0.99999994
    ]
  },
  {
    "keyframeTimestamp" : 1251078.562907666,
    "uuid" : "3F25A476-29BB-4E3D-996D-42A0DA31918D",
    "transform" : [
      -0.02144341,
      -0.9995335,
      0.021744572,
      0,
      -0.9700959,
      0.015542348,
      -0.24222414,
      0,
      0.24177323,
      -0.026288431,
      -0.9699767,
      0,
      1.2224762,
      1.3768299,
      -2.2836444,
      0.9999999
    ]
  },
  {
    "keyframeTimestamp" : 1251069.287179208,
    "uuid" : "519FFB34-8E60-4A3F-887E-C91592440AD4",
    "transform" : [
      -0.2737244,
      -0.9410581,
      0.19870833,
      0,
      0.6588843,
      -0.032961812,
      0.75152206,
      0,
      -0.70067626,
      0.33663565,
      0.62907064,
      0,
      0.8107809,
      1.2713948,
      -4.5477524,
      1.0000001
    ]
  },
  {
    "keyframeTimestamp" : 1251084.108355208,
    "uuid" : "AC832E75-2C4D-4941-B1BB-747B51CD5C24",
    "transform" : [
      0.25764704,
      -0.8640713,
      -0.43243372,
      0,
      -0.58215547,
      0.21837637,
      -0.7832032,
      0,
      0.7711766,
      0.4535335,
      -0.4467598,
      0,
      1.0634823,
      1.3327912,
      -1.7422277,
      0.99999994
    ]
  },
  {
    "keyframeTimestamp" : 1251067.005714666,
    "uuid" : "627157BA-149F-4269-906D-524480340D35",
    "transform" : [
      -0.07496891,
      -0.9808709,
      0.17964296,
      0,
      0.9775729,
      -0.03673785,
      0.20736958,
      0,
      -0.19680306,
      0.19116026,
      0.9616268,
      0,
      1.2257853,
      0.98298955,
      -3.888647,
      0.9999999
    ]
  },
  {
    "keyframeTimestamp" : 1251049.087034,
    "uuid" : "30784F69-830B-4682-AEC8-E06A2B430375",
    "transform" : [
      0.12754059,
      -0.973407,
      -0.19029456,
      0,
      0.97202206,
      0.084514774,
      0.21915998,
      0,
      -0.19724916,
      -0.21292226,
      0.95695215,
      0,
      0.45458898,
      1.5374756,
      -3.3894653,
      1
    ]
  },
  {
    "keyframeTimestamp" : 1251086.856098208,
    "uuid" : "671EB972-2D4C-491C-A821-DD38F0D20C95",
    "transform" : [
      0.31698522,
      -0.88743687,
      -0.3346285,
      0,
      -0.6924126,
      0.024576891,
      -0.7210831,
      0,
      0.64813983,
      0.46027365,
      -0.60668206,
      0,
      0.773483,
      0.75672215,
      -0.8839038,
      0.99999994
    ]
  },
  {
    "keyframeTimestamp" : 1251056.764095166,
    "uuid" : "C4A1B169-1E33-40B7-9643-E317B49B60C3",
    "transform" : [
      -0.0653192,
      -0.984008,
      -0.16571487,
      0,
      -0.9950056,
      0.05166567,
      0.085408896,
      0,
      -0.0754813,
      0.17046605,
      -0.98246825,
      0,
      0.4578163,
      1.4178753,
      -3.5011406,
      1
    ]
  },
  {
    "keyframeTimestamp" : 1251054.19952475,
    "uuid" : "AE06AEC9-549F-44C0-A99D-3340D97D4F1B",
    "transform" : [
      0.28390083,
      -0.9317248,
      0.22647063,
      0,
      -0.59902275,
      0.01208362,
      0.80064094,
      0,
      -0.7487138,
      -0.36296374,
      -0.5546939,
      0,
      0.5515629,
      1.5666965,
      -3.4189186,
      1
    ]
  },
  {
    "keyframeTimestamp" : 1251072.301376625,
    "uuid" : "FCD51056-E2E1-4D47-A067-AB96FAEFD687",
    "transform" : [
      -0.23036906,
      -0.9719384,
      -0.047599524,
      0,
      0.08248433,
      -0.0682428,
      0.9942531,
      0,
      -0.96960115,
      0.22511895,
      0.09589069,
      0,
      1.0978811,
      1.43791,
      -4.9328203,
      0.9999999
    ]
  },
  {
    "keyframeTimestamp" : 1251045.140254208,
    "uuid" : "89107C09-1DFC-43F4-B4EB-ECB6AC0FE4F6",
    "transform" : [
      0.26129836,
      -0.9537672,
      0.14849746,
      0,
      0.21816178,
      -0.0915075,
      -0.97161347,
      0,
      0.9402816,
      0.2862773,
      0.18416476,
      0,
      0.74201757,
      1.3580065,
      -2.975095,
      1
    ]
  },
  {
    "keyframeTimestamp" : 1251055.015524625,
    "uuid" : "957DDAD0-D670-48BA-BAEF-1960DCB2F39F",
    "transform" : [
      0.22947055,
      -0.9222976,
      0.31098306,
      0,
      -0.8480042,
      -0.032621466,
      0.5289848,
      0,
      -0.4777367,
      -0.38510144,
      -0.7895982,
      0,
      0.48453808,
      1.574984,
      -3.4110985,
      1
    ]
  },
  {
    "keyframeTimestamp" : 1251053.8165045,
    "uuid" : "B608780C-8BAE-40E2-8303-DE0959EDD4A5",
    "transform" : [
      0.24878035,
      -0.9604528,
      0.12505266,
      0,
      -0.3340107,
      0.036117293,
      0.9418774,
      0,
      -0.90914536,
      -0.27608952,
      -0.3118163,
      0,
      0.5665889,
      1.5319766,
      -3.3683915,
      1
    ]
  },
  {
    "keyframeTimestamp" : 1251049.470054583,
    "uuid" : "01A6E554-CCB4-42F5-B99D-310107330B60",
    "transform" : [
      0.12645838,
      -0.888987,
      -0.44012502,
      0,
      0.9814616,
      0.047711726,
      0.18562658,
      0,
      -0.14402053,
      -0.45543984,
      0.87854034,
      0,
      0.40393168,
      1.6158941,
      -3.2806954,
      1
    ]
  },
  {
    "keyframeTimestamp" : 1251062.925721291,
    "uuid" : "3E5F9D35-236D-4200-B59F-2B2281240C8A",
    "transform" : [
      0.25262985,
      -0.96544755,
      0.06394447,
      0,
      0.08950206,
      -0.042486988,
      -0.9950801,
      0,
      0.96341455,
      0.2571101,
      0.0756761,
      0,
      0.92920816,
      1.0241475,
      -3.1084635,
      1
    ]
  },
  {
    "keyframeTimestamp" : 1251050.385973666,
    "uuid" : "25F9991F-EDA8-45F1-99B9-0BA2E815E1FE",
    "transform" : [
      0.16493033,
      -0.9648522,
      -0.20459212,
      0,
      0.76085865,
      -0.0075305244,
      0.648874,
      0,
      -0.62760824,
      -0.26268467,
      0.7328742,
      0,
      0.36904398,
      1.5662174,
      -3.2317033,
      1
    ]
  },
  {
    "keyframeTimestamp" : 1251080.144942791,
    "uuid" : "B9BE0043-06CA-4799-8A6F-2E2764FC70E1",
    "transform" : [
      0.20950936,
      -0.7348933,
      0.6450097,
      0,
      -0.96553373,
      -0.051299226,
      0.2551727,
      0,
      -0.15443625,
      -0.67623955,
      -0.72031206,
      0,
      1.0372554,
      1.6022394,
      -1.6868025,
      0.9999999
    ]
  },
  {
    "keyframeTimestamp" : 1251048.753972458,
    "uuid" : "4E55F9BD-E17E-44DB-BDAB-53A651ABC7D0",
    "transform" : [
      0.016796831,
      -0.9925206,
      0.120916516,
      0,
      0.91699463,
      0.063496016,
      0.39381316,
      0,
      -0.39854538,
      0.10426496,
      0.9112025,
      0,
      0.5551912,
      1.4442422,
      -3.4649014,
      0.99999994
    ]
  },
  {
    "keyframeTimestamp" : 1251047.788094375,
    "uuid" : "3E73ADC0-31D2-4169-9E6B-1148444E780E",
    "transform" : [
      0.09146299,
      -0.9820862,
      -0.16474599,
      0,
      0.9783063,
      0.05773558,
      0.19895764,
      0,
      -0.18588185,
      -0.17936921,
      0.96606165,
      0,
      0.81839985,
      1.4851769,
      -3.3947484,
      1
    ]
  },
  {
    "keyframeTimestamp" : 1251069.054036875,
    "uuid" : "5341BAB2-FEB6-4E55-9610-F46013E039F3",
    "transform" : [
      -0.23493254,
      -0.94998896,
      0.20573787,
      0,
      0.69951195,
      -0.018275589,
      0.7143874,
      0,
      -0.67489994,
      0.3117488,
      0.66882205,
      0,
      0.8360078,
      1.2806082,
      -4.3845687,
      1
    ]
  },
  {
    "keyframeTimestamp" : 1251077.4804625,
    "uuid" : "8AC50BEF-5D88-4205-8655-E11378BC5190",
    "transform" : [
      -0.04987904,
      -0.95655257,
      -0.2872615,
      0,
      -0.98886764,
      0.006927169,
      0.14863658,
      0,
      -0.14018881,
      0.29147738,
      -0.94624954,
      0,
      1.0000298,
      1.2657042,
      -2.8199835,
      0.99999994
    ]
  },
  {
    "keyframeTimestamp" : 1251088.987679041,
    "uuid" : "BD06290D-A2FE-48A6-A0BF-E9CBE2CE6F8E",
    "transform" : [
      0.41425502,
      -0.8342688,
      -0.36385235,
      0,
      -0.60808605,
      0.043762732,
      -0.792664,
      0,
      0.6772179,
      0.54961854,
      -0.48917845,
      0,
      0.3743457,
      0.086542964,
      -0.31197333,
      1
    ]
  },
  {
    "keyframeTimestamp" : 1251058.063033,
    "uuid" : "BA117221-F92F-4A30-A78F-E0142BFDF122",
    "transform" : [
      -0.016276551,
      -0.99836504,
      0.05478848,
      0,
      -0.99016094,
      0.008477505,
      -0.13967824,
      0,
      0.13898543,
      -0.056522876,
      -0.98868024,
      0,
      0.45018715,
      1.5055097,
      -3.4924285,
      0.99999994
    ]
  },
  {
    "keyframeTimestamp" : 1251076.148222166,
    "uuid" : "A7CB9255-6F06-4FB8-99B3-AF1EDEA0F086",
    "transform" : [
      -0.029825091,
      -0.9987898,
      0.03910606,
      0,
      -0.45720994,
      0.048422646,
      0.8880396,
      0,
      -0.8888586,
      0.008606184,
      -0.45810086,
      0,
      0.7646205,
      1.3794528,
      -2.998594,
      0.99999994
    ]
  },
  {
    "keyframeTimestamp" : 1251079.062497916,
    "uuid" : "B6460195-2066-4A0C-812C-AEBE2FE731BB",
    "transform" : [
      -0.0017207484,
      -0.93622786,
      0.35138902,
      0,
      -0.9999018,
      -0.0032803828,
      -0.013636658,
      0,
      0.013919695,
      -0.3513778,
      -0.93613034,
      0,
      1.1604029,
      1.4669,
      -2.0766952,
      1.0000001
    ]
  },
  {
    "keyframeTimestamp" : 1251052.58417825,
    "uuid" : "173206B9-D637-468B-A2CA-56DF647D3870",
    "transform" : [
      -0.4068893,
      -0.912796,
      -0.035285175,
      0,
      -0.18746707,
      0.045635775,
      0.9812105,
      0,
      -0.89403474,
      0.40585873,
      -0.18968794,
      0,
      0.55717444,
      1.3197453,
      -3.332972,
      1
    ]
  },
  {
    "keyframeTimestamp" : 1251069.786769958,
    "uuid" : "BAF71EBB-3CCE-424A-B66A-BBA7FC0E8BF5",
    "transform" : [
      -0.28316334,
      -0.9414855,
      0.18282135,
      0,
      0.54983205,
      -0.0031729066,
      0.8352694,
      0,
      -0.7858139,
      0.33703867,
      0.51855737,
      0,
      0.8460063,
      1.1936524,
      -4.9866505,
      0.99999994
    ]
  },
  {
    "keyframeTimestamp" : 1251072.268070416,
    "uuid" : "5FACDE22-A535-4760-B77B-96EDA72246F0",
    "transform" : [
      -0.24134667,
      -0.96956676,
      -0.041134942,
      0,
      0.066529855,
      -0.058819234,
      0.9960493,
      0,
      -0.9681559,
      0.23765644,
      0.07870095,
      0,
      1.1074494,
      1.4190985,
      -4.953804,
      0.99999994
    ]
  },
  {
    "keyframeTimestamp" : 1251072.484559583,
    "uuid" : "20D0DF49-3716-4097-98A5-E1D76EDF2DE6",
    "transform" : [
      -0.22225061,
      -0.97062993,
      -0.09209892,
      0,
      0.13405074,
      -0.123984806,
      0.98318785,
      0,
      -0.9657304,
      0.20616816,
      0.15766937,
      0,
      1.0590886,
      1.5186496,
      -4.8036084,
      0.99999994
    ]
  },
  {
    "keyframeTimestamp" : 1251083.858560458,
    "uuid" : "160D43F2-4F20-4347-9334-3FC731478729",
    "transform" : [
      0.14377075,
      -0.92830956,
      -0.34288672,
      0,
      -0.40778664,
      0.26012877,
      -0.8752389,
      0,
      0.90168756,
      0.26565832,
      -0.34115326,
      0,
      1.0887613,
      1.4039359,
      -1.7110357,
      1
    ]
  },
  {
    "keyframeTimestamp" : 1251072.201458291,
    "uuid" : "29F09E90-0E9C-47AF-A28F-12EB4AFA2669",
    "transform" : [
      -0.22543244,
      -0.97393316,
      -0.025182666,
      0,
      0.037694614,
      -0.034547858,
      0.99869186,
      0,
      -0.97352934,
      0.2241883,
      0.044500224,
      0,
      1.1273742,
      1.3805856,
      -4.9879603,
      1
    ]
  },
  {
    "keyframeTimestamp" : 1251082.975951791,
    "uuid" : "D845A598-20F3-4DAA-A4C6-E088F50CB4B6",
    "transform" : [
      -0.6263561,
      -0.7417435,
      -0.23977995,
      0,
      0.15528743,
      0.18270409,
      -0.97082686,
      0,
      0.76391333,
      -0.64531827,
      0.0007456151,
      0,
      1.1636996,
      1.6609501,
      -1.5890461,
      1
    ]
  },
  {
    "keyframeTimestamp" : 1251050.119524375,
    "uuid" : "57C3EFFE-A147-4ECE-8CF5-5936AB97BFBD",
    "transform" : [
      0.25843808,
      -0.8691788,
      -0.42158946,
      0,
      0.8127323,
      -0.040274087,
      0.5812442,
      0,
      -0.5221842,
      -0.49285492,
      0.6960013,
      0,
      0.38592306,
      1.6212724,
      -3.184709,
      1
    ]
  },
  {
    "keyframeTimestamp" : 1251081.360611416,
    "uuid" : "B66777DE-27F9-4BA2-B231-2DC9687F4F4C",
    "transform" : [
      -0.12209921,
      -0.9844692,
      0.12614271,
      0,
      -0.75838757,
      0.010552885,
      -0.65171844,
      0,
      0.6402656,
      -0.17523937,
      -0.74789774,
      0,
      1.029965,
      1.4609821,
      -1.5763222,
      0.9999999
    ]
  },
  {
    "keyframeTimestamp" : 1251056.347768833,
    "uuid" : "485E993D-215F-4B8C-819B-A280DB7D001B",
    "transform" : [
      -0.11979444,
      -0.96546954,
      -0.2313382,
      0,
      -0.9667546,
      0.06041866,
      0.24846503,
      0,
      -0.22590835,
      0.25341204,
      -0.9406103,
      0,
      0.5670397,
      1.3840477,
      -3.5139134,
      0.99999994
    ]
  },
  {
    "keyframeTimestamp" : 1251087.738705791,
    "uuid" : "CD06BE11-87D0-4475-BA37-53783E453B15",
    "transform" : [
      0.10013685,
      -0.98602104,
      -0.13317265,
      0,
      -0.47021317,
      0.071058005,
      -0.8796879,
      0,
      0.8768538,
      0.15070869,
      -0.4565246,
      0,
      0.59089077,
      0.55110365,
      -0.59845877,
      1
    ]
  },
  {
    "keyframeTimestamp" : 1251086.239937708,
    "uuid" : "1F7A052E-B78A-476D-B7B3-99127D9C31FA",
    "transform" : [
      0.07708483,
      -0.9884124,
      -0.13076285,
      0,
      -0.71420515,
      0.03677101,
      -0.6989702,
      0,
      0.69567883,
      0.14727144,
      -0.7030946,
      0,
      0.84443223,
      1.1060948,
      -1.1478715,
      0.99999994
    ]
  },
  {
    "keyframeTimestamp" : 1251079.828535666,
    "uuid" : "7C038318-61B5-476C-8E2D-CFC7A2E3600B",
    "transform" : [
      0.2547035,
      -0.722498,
      0.6427462,
      0,
      -0.9504296,
      -0.064445965,
      0.30418792,
      0,
      -0.1783528,
      -0.68836266,
      -0.7030983,
      0,
      1.0849895,
      1.5870731,
      -1.7801963,
      0.99999994
    ]
  },
  {
    "keyframeTimestamp" : 1251090.686282375,
    "uuid" : "3FF4F1A9-1188-4423-AD0C-F553334FF9FC",
    "transform" : [
      0.13696696,
      -0.98997664,
      0.034439415,
      0,
      0.64233124,
      0.062294576,
      -0.7638913,
      0,
      0.7540893,
      0.12674941,
      0.6444252,
      0,
      0.012493551,
      0.047017574,
      -0.026314974,
      1
    ]
  },
  {
    "keyframeTimestamp" : 1251071.202277041,
    "uuid" : "5951B65B-4C30-4762-AD03-FA77D31779F5",
    "transform" : [
      -0.17150733,
      -0.979261,
      0.10785692,
      0,
      0.02414616,
      0.105267935,
      0.9941508,
      0,
      -0.9848869,
      0.17310844,
      0.005591147,
      0,
      1.2287015,
      1.046685,
      -5.1798067,
      1
    ]
  },
  {
    "keyframeTimestamp" : 1251066.139757,
    "uuid" : "B37C5400-40FC-4724-BD43-9B6990EE6EF7",
    "transform" : [
      0.19880085,
      -0.9423455,
      0.2691899,
      0,
      0.8352565,
      0.019232137,
      -0.5495243,
      0,
      0.5126647,
      0.33408847,
      0.7909237,
      0,
      1.3388914,
      1.1124945,
      -3.9122498,
      1.0000001
    ]
  },
  {
    "keyframeTimestamp" : 1251045.922949416,
    "uuid" : "EFF9A83C-9B43-4AFE-87F5-6BF76586B07F",
    "transform" : [
      0.19680537,
      -0.9535469,
      0.22807047,
      0,
      0.68666965,
      -0.031985305,
      -0.72626567,
      0,
      0.69982344,
      0.29954204,
      0.64847696,
      0,
      0.9420269,
      1.339568,
      -3.1619442,
      1
    ]
  },
  {
