[
  {
    "transform" : [
      0.13090785,
      -0.9911383,
      0.022542287,
      0,
      0.16819571,
      -0.00020482394,
      -0.98575395,
      0,
      0.9770228,
      0.13283439,
      0.1666784,
      0,
      4.338706,
      -1.3383989,
      -7.989949,
      1
    ],
    "keyframeTimestamp" : 1251257.9604985,
    "uuid" : "75CD089B-E1A1-470E-8C5F-92915D3E68E5"
  },
  {
    "transform" : [
      -0.5938549,
      -0.7826538,
      -0.1865184,
      0,
      -0.29203612,
      -0.0063330685,
      0.9563867,
      0,
      -0.7497008,
      0.62242496,
      -0.22480224,
      0,
      -2.9002962,
      -1.3710452,
      -9.02647,
      0.99999994
    ],
    "keyframeTimestamp" : 1251326.368308375,
    "uuid" : "7B1FE6A9-2656-4A17-BD10-262131759B94"
  },
  {
    "transform" : [
      0.15961389,
      -0.82957375,
      -0.53509706,
      0,
      0.97091293,
      0.033925723,
      0.2370173,
      0,
      -0.17846979,
      -0.55736405,
      0.810859,
      0,
      0.5310545,
      1.6723015,
      -2.9086099,
      1
    ],
    "keyframeTimestamp" : 1251049.619932333,
    "uuid" : "57FCB923-AB68-4AA2-BC82-D86D791EE8F1"
  },
  {
    "transform" : [
      0.107513614,
      -0.99172235,
      0.070197836,
      0,
      0.8772474,
      0.06140328,
      -0.4760976,
      0,
      0.467846,
      0.11276776,
      0.8765871,
      0,
      -2.691847,
      -1.277694,
      0.69104457,
      1
    ],
    "keyframeTimestamp" : 1251186.090578458,
    "uuid" : "D4A19BE5-80C6-4EAA-9BEB-8A00F43155F8"
  },
  {
    "transform" : [
      0.027712816,
      -0.99876666,
      0.041198034,
      0,
      0.14015794,
      0.04468909,
      0.9891206,
      0,
      -0.9897424,
      -0.021637091,
      0.14122358,
      0,
      1.1517913,
      1.5405785,
      -3.3957462,
      1
    ],
    "keyframeTimestamp" : 1251073.966678416,
    "uuid" : "E459A8B6-EFB7-4D5B-AE3A-9CD0C0EFA084"
  },
  {
    "transform" : [
      -0.06052837,
      -0.99421394,
      0.0887404,
      0,
      -0.9883159,
      0.047234543,
      -0.14491603,
      0,
      0.13988593,
      -0.09647507,
      -0.98545647,
      0,
      -5.131804,
      -1.2125198,
      -11.895882,
      1.0000001
    ],
    "keyframeTimestamp" : 1251289.648696,
    "uuid" : "7402ECD9-DABE-414C-B6FE-321B5921F545"
  },
  {
    "transform" : [
      -0.29744822,
      -0.95464385,
      -0.0134053,
      0,
      0.016691344,
      -0.019238329,
      0.9996755,
      0,
      -0.9545928,
      0.29712817,
      0.021656692,
      0,
      -3.308777,
      -1.3633345,
      1.1715068,
      0.9999999
    ],
    "keyframeTimestamp" : 1251167.156405666,
    "uuid" : "04BB23CC-CAB6-4FA5-B840-836F16E28605"
  },
  {
    "transform" : [
      0.060497288,
      -0.9980104,
      -0.01776014,
      0,
      0.61311805,
      0.023113584,
      0.7896544,
      0,
      -0.7876729,
      -0.05866101,
      0.61329657,
      0,
      -1.7655339,
      -1.2114916,
      -10.021303,
      1
    ],
    "keyframeTimestamp" : 1251306.042569708,
    "uuid" : "15F24173-1D18-4B4F-BDDE-285E68CB7C89"
  },
  {
    "transform" : [
      -0.12426446,
      -0.9908431,
      0.05280492,
      0,
      0.44651374,
      -0.0083153425,
      0.8947384,
      0,
      -0.88610625,
      0.13476226,
      0.44345835,
      0,
      -2.0045743,
      -1.2201859,
      -9.522534,
      0.99999994
    ],
    "keyframeTimestamp" : 1251320.903681458,
    "uuid" : "82A99AF5-E768-4C1A-A4A6-13A8B417FC16"
  },
  {
    "transform" : [
      0.2954356,
      -0.9218964,
      0.25064805,
      0,
      0.6565627,
      0.0053367615,
      -0.754253,
      0,
      0.6940056,
      0.38739944,
      0.60685974,
      0,
      -1.7824054,
      -1.346144,
      1.5302835,
      1
    ],
    "keyframeTimestamp" : 1251184.558528625,
    "uuid" : "891BE3B2-DAA6-4FE4-A1BA-50A041C79DCA"
  },
  {
    "transform" : [
      -0.018736867,
      -0.9824934,
      0.18535392,
      0,
      0.93065315,
      0.050617952,
      0.36238423,
      0,
      -0.36542228,
      0.1792901,
      0.913412,
      0,
      -0.14022255,
      -1.3038104,
      -6.6050367,
      1
    ],
    "keyframeTimestamp" : 1251222.940187458,
    "uuid" : "61324534-3532-4923-8D61-4F8EEAB4F830"
  },
  {
    "transform" : [
      -0.11648041,
      -0.97425765,
      0.19300829,
      0,
      -0.8339138,
      -0.009616926,
      -0.5518106,
      0,
      0.5394622,
      -0.22522755,
      -0.81132746,
      0,
      1.7077601,
      -1.1865406,
      -8.957844,
      1
    ],
    "keyframeTimestamp" : 1251233.4362785,
    "uuid" : "289A960E-9A72-4BD2-B9FB-93AEF847E988"
  },
  {
    "transform" : [
      0.014474921,
      -0.99880517,
      0.046671677,
      0,
      0.2752518,
      0.048853517,
      0.9601307,
      0,
      -0.96126366,
      -0.0010513542,
      0.2756301,
      0,
      2.2480822,
      -1.2324195,
      -4.308961,
      1
    ],
    "keyframeTimestamp" : 1251210.178301375,
    "uuid" : "DAF16443-19D7-40E0-B051-4C36D2DC0CFE"
  },
  {
    "transform" : [
      0.0003930802,
      -0.9992747,
      0.038073685,
      0,
      0.9106389,
      0.016089903,
      0.41289097,
      0,
      -0.41320422,
      0.034509093,
      0.909985,
      0,
      2.0421221,
      -1.2746869,
      -6.7755556,
      0.9999999
    ],
    "keyframeTimestamp" : 1251247.364436458,
    "uuid" : "563B4707-4309-476E-9805-FB91892660F7"
  },
  {
    "transform" : [
      -0.07878952,
      -0.99362797,
      -0.080596656,
      0,
      -0.9055792,
      0.037536144,
      0.42251346,
      0,
      -0.4167959,
      0.10627629,
      -0.90276617,
      0,
      -1.9106781,
      -1.2966676,
      1.2042942,
      1
    ],
    "keyframeTimestamp" : 1251169.387878375,
    "uuid" : "7B47EA4D-0A6C-4BFE-9E86-F8D249A5E17A"
  },
  {
    "transform" : [
      0.051588718,
      -0.9856734,
      -0.16058184,
      0,
      0.99021274,
      0.07136674,
      -0.11994211,
      0,
      0.12968403,
      -0.15282254,
      0.9797085,
      0,
      -0.9509735,
      -1.1640112,
      2.06922,
      1
    ],
    "keyframeTimestamp" : 1251182.393675125,
    "uuid" : "05E6DF05-49D9-4283-BEE7-B49CBA68EAD1"
  },
  {
    "transform" : [
      -0.2333632,
      -0.9665323,
      -0.10656894,
      0,
      0.13765998,
      -0.14132896,
      0.9803444,
      0,
      -0.9625965,
      0.21410608,
      0.16603383,
      0,
      1.1847627,
      1.5967377,
      -4.3803787,
      1
    ],
    "keyframeTimestamp" : 1251072.601130875,
    "uuid" : "56E268F0-FBBA-4AD6-AB73-2DA4C5DBB736"
  },
  {
    "transform" : [
      -0.35830927,
      -0.9281852,
      0.100427814,
      0,
      0.09782566,
      0.06965118,
      0.99276316,
      0,
      -0.92846406,
      0.365541,
      0.06584374,
      0,
      2.1518846,
      -1.4376277,
      -6.776289,
      0.99999994
    ],
    "keyframeTimestamp" : 1251250.33000175,
    "uuid" : "1F4C6CDF-7A78-4D8C-A024-07894FC63635"
  },
  {
    "transform" : [
      -0.06859809,
      -0.9954689,
      0.06584898,
      0,
      -0.6125461,
      0.094125055,
      0.784812,
      0,
      -0.78745335,
      0.013501048,
      -0.6162269,
      0,
      -3.8792102,
      -1.2504141,
      -12.496784,
      1
    ],
    "keyframeTimestamp" : 1251294.113695416,
    "uuid" : "8DB7E806-6869-41B7-A01F-CD82CC5A3F6F"
  },
  {
    "transform" : [
      0.11929032,
      -0.8988017,
      -0.4218128,
      0,
      -0.8766626,
      0.104086496,
      -0.46971193,
      0,
      0.46608272,
      0.42581946,
      -0.77552915,
      0,
      -1.5335138,
      -1.3377116,
      -10.642094,
      1
    ],
    "keyframeTimestamp" : 1251314.905924083,
    "uuid" : "CBD3A73F-910C-4C8D-B34F-CB5480699DFE"
  },
  {
    "transform" : [
      -0.03040021,
      -0.9527062,
      -0.302368,
      0,
      -0.9993048,
      0.022433497,
      0.029786654,
      0,
      -0.021594783,
      0.30306333,
      -0.9527262,
      0,
      -1.0497991,
      -1.3300177,
      -7.7711215,
      0.9999999
    ],
    "keyframeTimestamp" : 1251330.06693075,
    "uuid" : "EF689C8E-BBB0-4A69-AB2B-B98E182CFD07"
  },
  {
    "transform" : [
      -0.052859467,
      -0.9860696,
      -0.15770675,
      0,
      0.8154397,
      0.048538152,
      -0.57680297,
      0,
      0.57642305,
      -0.15908992,
      0.8015151,
      0,
      1.1994829,
      -0.9269607,
      -4.885878,
      1
    ],
    "keyframeTimestamp" : 1251216.709182166,
    "uuid" : "AF73E217-6C74-4CFE-97CB-BA8A2A7E0A64"
  },
  {
    "transform" : [
      0.2163096,
      -0.8993889,
      -0.37987918,
      0,
      -0.4875637,
      0.2375907,
      -0.8401387,
      0,
      0.84586775,
      0.3669455,
      -0.38711652,
      0,
      1.2105327,
      1.41351,
      -1.398492,
      0.9999999
    ],
    "keyframeTimestamp" : 1251083.975131416,
    "uuid" : "650B14E4-9A66-4248-AFA7-EE1AC2285F33"
  },
  {
    "transform" : [
      0.10682902,
      -0.9920889,
      0.06591943,
      0,
      0.68917024,
      0.02609556,
      -0.7241307,
      0,
      0.71668196,
      0.12278785,
      0.6865059,
      0,
      0.13921899,
      0.07493794,
      0.3624339,
      1
    ],
    "keyframeTimestamp" : 1251093.067656833,
    "uuid" : "378ECE69-B559-420B-95D0-0FD243AAF268"
  },
  {
    "transform" : [
      0.22943842,
      -0.9223032,
      0.31099015,
      0,
      -0.8478213,
      -0.032438986,
      0.5292906,
      0,
      -0.47807842,
      -0.38510388,
      -0.7893915,
      0,
      0.61989206,
      1.619757,
      -3.0848155,
      1
    ],
    "keyframeTimestamp" : 1251055.015524625,
    "uuid" : "957DDAD0-D670-48BA-BAEF-1960DCB2F39F"
  },
  {
    "transform" : [
      0.14171857,
      -0.98301995,
      -0.11656624,
      0,
      -0.24498716,
      0.07926235,
      -0.9662805,
      0,
      0.9591135,
      0.1654973,
      -0.22959454,
      0,
      0.6042534,
      0.46146882,
      -0.19355464,
      1
    ],
    "keyframeTimestamp" : 1251088.238295166,
    "uuid" : "D558818F-4970-47DD-8A78-C32C301CE09C"
  },
  {
    "transform" : [
      -0.16962568,
      -0.98074675,
      -0.09675542,
      0,
      0.40183523,
      0.020816445,
      -0.91547567,
      0,
      0.89986414,
      -0.19416796,
      0.39056775,
      0,
      -3.52133,
      -1.1995789,
      2.1807532,
      0.9999999
    ],
    "keyframeTimestamp" : 1251163.559402916,
    "uuid" : "AAFADD2B-24D1-45EE-9987-911FF91BA9A0"
  },
  {
    "transform" : [
      -0.092016906,
      -0.9734979,
      0.20936659,
      0,
      0.831432,
      0.040589076,
      0.5541436,
      0,
      -0.54795545,
      0.2250645,
      0.805662,
      0,
      -3.3256066,
      -1.3012499,
      -1.1209509,
      0.99999994
    ],
    "keyframeTimestamp" : 1251188.821623125,
    "uuid" : "B130FAEA-726B-4A74-9D49-678C9D65F83A"
  },
  {
    "transform" : [
      -0.0485381,
      -0.9687178,
      -0.24337104,
      0,
      -0.9786745,
      -0.0025659248,
      0.20540102,
      0,
      -0.19960016,
      0.24815077,
      -0.9479349,
      0,
      -1.3614886,
      -1.2892799,
      -10.653145,
      1
    ],
    "keyframeTimestamp" : 1251310.507567625,
    "uuid" : "F08E4016-A6B2-4CE8-A995-45285B201480"
  },
  {
    "transform" : [
      -0.07606192,
      -0.923915,
      0.37495998,
      0,
      -0.97812116,
      -0.0038897793,
      -0.2079998,
      0,
      0.19363263,
      -0.38257715,
      -0.903405,
      0,
      -5.1506834,
      -1.1012777,
      -11.88962,
      0.9999999
    ],
    "keyframeTimestamp" : 1251289.315487125,
    "uuid" : "49A33D21-B924-455D-8708-9A40BB81933A"
  },
  {
    "transform" : [
      -0.41069323,
      -0.90994817,
      0.057667322,
      0,
      -0.13912666,
      3.5009605e-05,
      -0.99027514,
      0,
      0.9010969,
      -0.41472217,
      -0.12661238,
      0,
      0.6691476,
      -0.97112703,
      -7.952123,
      1
    ],
    "keyframeTimestamp" : 1251237.668037916,
    "uuid" : "269D5BFE-56D5-4B70-B467-7D9D8AF7E88F"
  },
  {
    "transform" : [
      0.1330165,
      -0.98627615,
      0.09780735,
      0,
      0.7635184,
      0.03904937,
      -0.6446048,
      0,
      0.63193893,
      0.16042073,
      0.75823414,
      0,
      0.237145,
      -1.3164182,
      -5.631065,
      1
    ],
    "keyframeTimestamp" : 1251220.807649583,
    "uuid" : "21F75AF6-DDBA-47B8-A879-8452FA9E7898"
  },
  {
    "transform" : [
      -0.048409063,
      -0.9875186,
      0.14987321,
      0,
      -0.99707884,
      0.056654338,
      0.051240444,
      0,
      -0.059091907,
      -0.14695494,
      -0.98737687,
      0,
      0.58541864,
      1.5497544,
      -3.1975522,
      0.9999999
    ],
    "keyframeTimestamp" : 1251057.346952166,
    "uuid" : "86D654F2-4339-4FD1-90D9-AF2BC5642E10"
  },
  {
    "transform" : [
      -0.71141404,
      -0.7026986,
      -0.010332403,
      0,
      -0.11392908,
      0.12982497,
      -0.98497194,
      0,
      0.6934784,
      -0.69954425,
      -0.17241673,
      0,
      1.2730252,
      1.7120957,
      -1.2905288,
      1
    ],
    "keyframeTimestamp" : 1251082.17660825,
    "uuid" : "4FE349E3-171E-4597-801C-07E6119BF8EB"
  },
  {
    "transform" : [
      -0.30072507,
      -0.9534444,
      -0.022542484,
      0,
      0.23858342,
      -0.05232429,
      -0.9697116,
      0,
      0.92338675,
      -0.29699486,
      0.24321124,
      0,
      0.7293123,
      -0.96874094,
      -7.9763675,
      1
    ],
    "keyframeTimestamp" : 1251238.167852083,
    "uuid" : "5E24070A-C339-4DB3-B4C7-C086BC413780"
  },
  {
    "transform" : [
      -0.11517138,
      -0.99300826,
      0.025893386,
      0,
      -0.63952917,
      0.09406957,
      0.76298976,
      0,
      -0.7600909,
      0.07131498,
      -0.64589185,
      0,
      -5.1038895,
      -1.2695594,
      -3.6318164,
      1
    ],
    "keyframeTimestamp" : 1251151.852472541,
    "uuid" : "E2A968F7-4DA2-466C-A981-EFAFCFD5AFC1"
  },
  {
    "transform" : [
      -0.14671527,
      -0.8565217,
      0.49481803,
      0,
      0.9609362,
      -0.004731881,
      0.27673018,
      0,
      -0.23468395,
      0.5160889,
      0.82375664,
      0,
      -0.94971776,
      -1.4114028,
      1.996915,
      1.0000001
    ],
    "keyframeTimestamp" : 1251180.894929916,
    "uuid" : "430CA043-0868-4863-BBE7-8805B4303237"
  },
  {
    "transform" : [
      0.27117524,
      -0.94482416,
      0.18377191,
      0,
      -0.2769597,
      0.106258415,
      0.9549891,
      0,
      -0.92182326,
      -0.30986652,
      -0.23286328,
      0,
      -0.44488722,
      -1.1177381,
      -7.614942,
      0.99999994
    ],
    "keyframeTimestamp" : 1251274.354396458,
    "uuid" : "997C2113-8C14-4578-A754-445282F8698A"
  },
  {
    "transform" : [
      -0.21768594,
      -0.8611379,
      -0.45940572,
      0,
      -0.90245765,
      -0.0016818346,
      0.43077525,
      0,
      -0.37172955,
      0.5083678,
      -0.77677447,
      0,
      -1.5174476,
      -1.3925306,
      -10.276856,
      0.9999999
    ],
    "keyframeTimestamp" : 1251316.705251416,
    "uuid" : "E1551001-2AD7-4BE4-BE12-9F5C7A320B9A"
  },
  {
    "transform" : [
      -0.06229508,
      -0.9939897,
      0.09001537,
      0,
      0.38801512,
      0.05897591,
      0.9197637,
      0,
      -0.91954535,
      0.09222415,
      0.38200936,
      0,
      -1.6681211,
      -1.2482301,
      -1.2359625,
      0.99999994
    ],
    "keyframeTimestamp" : 1251105.790516625,
    "uuid" : "0AB24149-8316-4B2F-A909-BCBBA2842A75"
  },
  {
    "transform" : [
      0.23852472,
      -0.9436721,
      0.2293277,
      0,
      0.59337085,
      -0.045319125,
      -0.8036533,
      0,
      0.768777,
      0.32776698,
      0.54913676,
      0,
      -3.6157825,
      -1.376013,
      2.2485747,
      1
    ],
    "keyframeTimestamp" : 1251164.108945166,
    "uuid" : "D001C3A1-7B15-47D8-887C-41C703592318"
  },
  {
    "transform" : [
      0.33081138,
      -0.9433368,
      0.026086437,
      0,
      0.13624674,
      0.07509599,
      0.98782545,
      0,
      -0.93381035,
      -0.32322943,
      0.15336904,
      0,
      -4.929307,
      -1.1443021,
      -11.75732,
      1
    ],
    "keyframeTimestamp" : 1251286.549851875,
    "uuid" : "1A48ADD3-6EC0-43E2-BC94-7B88D0B07156"
  },
  {
    "transform" : [
      -0.31563574,
      -0.839087,
      0.4430656,
      0,
      0.84464526,
      -0.03568468,
      0.5341369,
      0,
      -0.43237638,
      0.5428257,
      0.71999377,
      0,
      -1.0595025,
      -1.412342,
      2.091793,
      1.0000001
    ],
    "keyframeTimestamp" : 1251180.611833875,
    "uuid" : "B7060CED-C0B9-4AFC-925F-7034AD27755C"
  },
  {
    "transform" : [
      -0.15275879,
      -0.97376484,
      -0.16866292,
      0,
      0.49165118,
      0.07316656,
      -0.86771345,
      0,
      0.8572894,
      -0.21547419,
      0.46757594,
      0,
      -3.2891967,
      -1.2224578,
      -9.586638,
      1.0000001
    ],
    "keyframeTimestamp" : 1251281.684997875,
    "uuid" : "1569E80C-5C53-4A85-A40D-5536A702EEDF"
  },
  {
    "transform" : [
      -0.04151437,
      -0.9976724,
      -0.05409239,
      0,
      -0.9393946,
      0.057415016,
      -0.337996,
      0,
      0.34031498,
      0.036782406,
      -0.9395915,
      0,
      -5.0219126,
      -1.2164226,
      -4.4323463,
      1
    ],
    "keyframeTimestamp" : 1251147.339551541,
    "uuid" : "7D4B109B-A6C3-4BC0-B6E4-E9496AD3F53F"
  },
  {
    "transform" : [
      0.11795948,
      -0.9900175,
      -0.07714325,
      0,
      0.95413154,
      0.09147054,
      0.28507233,
      0,
      -0.27517045,
      -0.107231855,
      0.95539737,
      0,
      0.6169042,
      1.5468174,
      -3.0941567,
      1
    ],
    "keyframeTimestamp" : 1251048.970462416,
    "uuid" : "0CE4221D-1377-49D6-A1CB-DC17E084BD7C"
  },
  {
    "transform" : [
      -0.03048366,
      -0.97145754,
      -0.23524241,
      0,
      -0.9886629,
      -0.005313483,
      0.15005748,
      0,
      -0.14702462,
      0.2371499,
      -0.9602831,
      0,
      0.5748066,
      -1.3379358,
      -7.115141,
      0.9999999
    ],
    "keyframeTimestamp" : 1251243.56584725,
    "uuid" : "BB6B0CEA-814B-4796-896B-06B6543C4C1C"
  },
  {
    "transform" : [
      -0.17116599,
      -0.9591821,
      0.22510426,
      0,
      -0.9186945,
      0.072837785,
      -0.38819602,
      0,
      0.35595468,
      -0.27324808,
      -0.89366305,
      0,
      4.3582115,
      -1.1139961,
      -7.694482,
      0.99999994
    ],
    "keyframeTimestamp" : 1251260.359605916,
    "uuid" : "E2E0913B-0E21-4DB4-ACEF-ABBEE72A3DDE"
  },
  {
    "transform" : [
      -0.117579,
      -0.9830402,
      -0.14073595,
      0,
      -0.7218577,
      -0.012719067,
      0.6919246,
      0,
      -0.6819799,
      0.18294713,
      -0.70811987,
      0,
      -3.8551056,
      -1.2958221,
      -7.2581697,
      1
    ],
    "keyframeTimestamp" : 1251133.817414333,
    "uuid" : "701B8DFB-84BD-442B-9274-21305E9CD491"
  },
  {
    "transform" : [
      -0.026165836,
      -0.99900156,
      -0.03619733,
      0,
      0.9958306,
      -0.022882896,
      -0.08831277,
      0,
      0.08739636,
      -0.0383572,
      0.9954357,
      0,
      -1.6420097,
      -1.2235925,
      -1.010031,
      1
    ],
    "keyframeTimestamp" : 1251103.309226125,
    "uuid" : "D0F47CDC-4C4D-4F1D-8236-0867A6E49F70"
  },
  {
    "transform" : [
      0.009290692,
      -0.9951172,
      -0.09825183,
      0,
      -0.96610254,
      0.016417408,
      -0.257634,
      0,
      0.25798947,
      0.09731507,
      -0.9612343,
      0,
      0.56587505,
      1.510102,
      -3.1235654,
      1
    ],
    "keyframeTimestamp" : 1251058.379440916,
    "uuid" : "0ADCEE84-5F93-45DC-A373-8949185128D9"
  },
  {
    "transform" : [
      0.046688344,
      -0.9231959,
      0.381481,
      0,
      0.99259335,
      -1.6241436e-06,
      -0.12148452,
      0,
      0.11215472,
      0.38432768,
      0.9163588,
      0,
      -0.942623,
      -1.3604082,
      -5.8659935,
      0.9999999
    ],
    "keyframeTimestamp" : 1251194.684177208,
    "uuid" : "FB009973-EED4-4E61-A963-98EE89D76205"
  },
  {
    "transform" : [
      -0.208113,
      -0.9592158,
      -0.19129343,
      0,
      -0.82079834,
      0.06490306,
      0.56751937,
      0,
      -0.5319582,
      0.2751215,
      -0.8008301,
      0,
      0.7593416,
      -1.3334864,
      -3.0693295,
      0.99999994
    ],
    "keyframeTimestamp" : 1251115.216087208,
    "uuid" : "126D366D-E9DB-4081-956A-7A40924693F5"
  },
  {
    "transform" : [
      -0.10646225,
      -0.9715468,
      -0.21157105,
      0,
      -0.99313205,
      0.09351472,
      0.070317425,
      0,
      -0.048531696,
      0.21760419,
      -0.97483045,
      0,
      -4.105286,
      -1.3319297,
      -0.03620474,
      0.9999998
    ],
    "keyframeTimestamp" : 1251158.513602041,
    "uuid" : "3EE6F12D-CE03-40FA-88EB-65B004D8848E"
  },
  {
    "transform" : [
      -0.4452341,
      -0.87957305,
      -0.16768387,
      0,
      -0.46761882,
      0.068700776,
      0.8812564,
      0,
      -0.76360893,
      0.47077712,
      -0.44189265,
      0,
      -1.757016,
      -1.3703185,
      -1.8920708,
      0.99999994
    ],
    "keyframeTimestamp" : 1251108.454989083,
    "uuid" : "20CDCCD4-09AD-4D2A-931B-96C4A2BB6D1B"
  },
  {
    "transform" : [
      0.091799825,
      -0.9826185,
      -0.1613501,
      0,
      -0.8702303,
      -0.00040564215,
      -0.49264526,
      0,
      0.48401704,
      0.18563652,
      -0.8551416,
      0,
      -5.5333185,
      -1.3354633,
      -3.8901787,
      1
    ],
    "keyframeTimestamp" : 1251148.455292625,
    "uuid" : "4D65C135-4FC9-4DA1-A4DB-AAC2A4995A5A"
  },
  {
    "transform" : [
      0.29330337,
      -0.9106667,
      0.29096064,
      0,
      -0.69712025,
      0.00453988,
      0.71694225,
      0,
      -0.6542158,
      -0.41311562,
      -0.63351184,
      0,
      0.6607761,
      1.6292019,
      -3.1212397,
      1
    ],
    "keyframeTimestamp" : 1251054.432667583,
    "uuid" : "97973637-EC0C-40C3-AE5E-8FD7EFDAD8BB"
  },
  {
    "transform" : [
      0.0617102,
      -0.99734277,
      0.03870536,
      0,
      -0.047793135,
      -0.041687563,
      -0.9979878,
      0,
      0.99694926,
      0.05973615,
      -0.05023866,
      0,
      0.8301362,
      1.467579,
      -2.7040648,
      1
    ],
    "keyframeTimestamp" : 1251044.624008541,
    "uuid" : "6D1BA983-2970-4B84-88CF-A3CF04FFE0D6"
  },
  {
    "transform" : [
      0.12247149,
      -0.99245685,
      0.005247272,
      0,
      0.51315683,
      0.06784848,
      0.85560745,
      0,
      -0.84951174,
      -0.10209508,
      0.51759684,
      0,
      0.4382754,
      -1.2126607,
      -2.596115,
      0.9999999
    ],
    "keyframeTimestamp" : 1251113.417568666,
    "uuid" : "FA9D6CFC-4921-4D2D-9075-A1057892548D"
  },
  {
    "transform" : [
      0.21518585,
      -0.9765154,
      0.01055894,
      0,
      0.13185611,
      0.039765753,
      0.99047047,
      0,
      -0.9676303,
      -0.21174312,
      0.13731658,
      0,
      -1.5533597,
      -1.1625543,
      -9.938229,
      1
    ],
    "keyframeTimestamp" : 1251318.204690666,
    "uuid" : "1A20CC82-BE61-41A9-8F5B-20B56B2E026F"
  },
  {
    "transform" : [
      -0.5435245,
      -0.7289269,
      0.41622958,
      0,
      0.54039055,
      0.07557744,
      0.83801347,
      0,
      -0.64230794,
      0.68040687,
      0.3528269,
      0,
      3.8196838,
      -1.5307257,
      -6.314735,
      1
    ],
    "keyframeTimestamp" : 1251253.961985416,
    "uuid" : "E620C187-65F8-4E86-923D-6C77F3DDD765"
  },
  {
    "transform" : [
      0.2120959,
      -0.7362281,
      -0.6426379,
      0,
      -0.9423086,
      0.02019816,
      -0.3341388,
      0,
      0.25898224,
      0.6764317,
      -0.6894694,
      0,
      1.2044625,
      1.2483982,
      -1.3213412,
      0.99999994
    ],
    "keyframeTimestamp" : 1251085.040922791,
    "uuid" : "1C86DE1A-FDF5-4C8E-BBF8-29CA8339B5E9"
  },
  {
    "transform" : [
      -0.004849885,
      -0.89342356,
      -0.4491882,
      0,
      -0.9999872,
      0.0049554887,
      0.00094049855,
      0,
      0.0013856643,
      0.44918707,
      -0.89343655,
      0,
      -1.6198825,
      -1.4143687,
      1.8587557,
      1.0000001
    ],
    "keyframeTimestamp" : 1251170.686794916,
    "uuid" : "121A8AD9-1E1C-4914-AEFF-5A9336343163"
  },
  {
    "transform" : [
      -0.0068245195,
      -0.99143773,
      0.13040459,
      0,
      0.9859722,
      0.01507772,
      0.16623196,
      0,
      -0.16677473,
      0.12970969,
      0.97742665,
      0,
      -0.30024886,
      -1.2702293,
      -7.1578255,
      1
    ],
    "keyframeTimestamp" : 1251223.806530875,
    "uuid" : "BD494C6D-CC99-4300-A752-9747ED42C71A"
  },
  {
    "transform" : [
      0.057456084,
      -0.9781027,
      0.20003502,
      0,
      -0.73923016,
      0.09298687,
      0.6670031,
      0,
      -0.670998,
      -0.18619516,
      -0.71769994,
      0,
      -3.9281256,
      -1.1755701,
      -12.455871,
      0.99999994
    ],
    "keyframeTimestamp" : 1251294.446904083,
    "uuid" : "B49C1F0A-1DD9-4B79-AFBE-44526D52DEB9"
  },
  {
    "transform" : [
      0.00084203394,
      -0.9999822,
      0.0058841463,
      0,
      -0.788989,
      -0.004279614,
      -0.61439395,
      0,
      0.61440796,
      -0.0041251825,
      -0.7889782,
      0,
      -5.767563,
      -1.2713184,
      -3.8468242,
      1
    ],
    "keyframeTimestamp" : 1251148.904919541,
    "uuid" : "D9D83E66-2999-432E-9FC7-275FAD398D05"
  },
  {
    "transform" : [
      0.052892737,
      -0.99227947,
      0.11217654,
      0,
      -0.61775696,
      0.055745747,
      0.7843907,
      0,
      -0.78458863,
      -0.11078649,
      -0.6100394,
      0,
      0.9211275,
      1.4722469,
      -2.6791265,
      1
    ],
    "keyframeTimestamp" : 1251076.331405333,
    "uuid" : "6D29A5F1-ADED-44E3-BDF0-A1B07F099322"
  },
  {
    "transform" : [
      -0.22807986,
      -0.971974,
      -0.05696422,
      0,
      0.08869619,
      -0.079005,
      0.9929216,
      0,
      -0.969594,
      0.22141276,
      0.10422976,
      0,
      1.2241542,
      1.500684,
      -4.5854807,
      0.99999994
    ],
    "keyframeTimestamp" : 1251072.334682416,
    "uuid" : "5C72FA75-911C-416C-885B-C9C5685E099B"
  },
  {
    "transform" : [
      0.25280067,
      -0.9654155,
      0.06373485,
      0,
      0.08916277,
      -0.042347737,
      -0.9951165,
      0,
      0.96340066,
      0.2572491,
      0.07537368,
      0,
      1.0645232,
      1.0688975,
      -2.7821686,
      0.9999999
    ],
    "keyframeTimestamp" : 1251062.925721291,
    "uuid" : "3E5F9D35-236D-4200-B59F-2B2281240C8A"
  },
  {
    "transform" : [
      0.013057314,
      -0.99964017,
      0.023437828,
      0,
      0.37598947,
      0.026628094,
      0.92624235,
      0,
      -0.92653304,
      -0.0032818585,
      0.37620178,
      0,
      1.871039,
      -1.2733442,
      -6.72472,
      0.99999994
    ],
    "keyframeTimestamp" : 1251246.531412625,
    "uuid" : "E33FE841-E552-4074-AD91-F462DD87A390"
  },
  {
    "transform" : [
      0.25988638,
      -0.96023697,
      0.10199422,
      0,
      0.45074365,
      0.027221382,
      -0.8922383,
      0,
      0.85398453,
      0.27785406,
      0.43989554,
      0,
      -0.93362087,
      -1.3262717,
      -8.077846,
      0.99999994
    ],
    "keyframeTimestamp" : 1251278.419548041,
    "uuid" : "A36E0044-E2F0-403D-A77A-90A58099DA70"
  },
  {
    "transform" : [
      0.3039066,
      -0.93931764,
      0.15912701,
      0,
      0.5837448,
      0.051594757,
      -0.8102964,
      0,
      0.75291616,
      0.33914417,
      0.5640023,
      0,
      0.13594133,
      0.016178569,
      0.33933318,
      0.9999999
    ],
    "keyframeTimestamp" : 1251090.902770875,
    "uuid" : "2728779F-0424-4F96-A8F4-1B244C84FDD4"
  },
  {
    "transform" : [
      -0.32114008,
      -0.93837,
      -0.12779254,
      0,
      -0.33193403,
      -0.014850005,
      0.9431863,
      0,
      -0.88695526,
      0.3453135,
      -0.306708,
      0,
      0.22352988,
      -1.3272794,
      -9.854717,
      0.9999999
    ],
    "keyframeTimestamp" : 1251228.671385458,
    "uuid" : "E64CC5B1-A319-4C3B-9E55-C11EA78414D3"
  },
  {
    "transform" : [
      -0.15474744,
      -0.98261285,
      0.10259196,
      0,
      0.51314867,
      0.008794567,
      0.85825545,
      0,
      -0.84423524,
      0.18545774,
      0.50286555,
      0,
      2.6450114,
      -1.3140604,
      -6.8725505,
      1
    ],
    "keyframeTimestamp" : 1251251.59619825,
    "uuid" : "3DEB7628-7FCC-4EE7-AA26-CBC49B86726D"
  },
  {
    "transform" : [
      0.013088845,
      -0.976121,
      0.21683484,
      0,
      -0.96743983,
      0.042455193,
      0.24951744,
      0,
      -0.25276497,
      -0.21304053,
      -0.9437825,
      0,
      -2.4297242,
      -1.145009,
      -6.5130367,
      1
    ],
    "keyframeTimestamp" : 1251135.965638166,
    "uuid" : "00BC2874-5EB9-4CBD-9BF9-F333882DBD51"
  },
  {
    "transform" : [
      -0.18558326,
      -0.84239024,
      -0.5059033,
      0,
      -0.9517427,
      0.026027558,
      0.3057939,
      0,
      -0.24443014,
      0.5382395,
      -0.80656844,
      0,
      -1.5375624,
      -1.4208517,
      -10.333117,
      1
    ],
    "keyframeTimestamp" : 1251316.538647041,
    "uuid" : "020AD296-06FE-438D-A0A7-0C341AF49121"
  },
  {
    "transform" : [
      -0.016411789,
      -0.99835587,
      0.0548905,
      0,
      -0.99021024,
      0.008617603,
      -0.13932616,
      0,
      0.13862409,
      -0.056639716,
      -0.9887238,
      0,
      0.5855013,
      1.5502802,
      -3.1661265,
      0.9999999
    ],
    "keyframeTimestamp" : 1251058.063033,
    "uuid" : "BA117221-F92F-4A30-A78F-E0142BFDF122"
  },
  {
    "transform" : [
      -0.3014424,
      -0.9459966,
      0.11926027,
      0,
      0.21312074,
      0.055065267,
      0.97547317,
      0,
      -0.9293619,
      0.3194659,
      0.18501253,
      0,
      2.2339616,
      -1.407199,
      -6.7589254,
      0.99999994
    ],
    "keyframeTimestamp" : 1251250.496606625,
    "uuid" : "3D85CBC0-5740-4952-B0BC-7A2C4289AAC7"
  },
  {
    "transform" : [
      -0.026201922,
      -0.9843205,
      -0.17443214,
      0,
      -0.9681387,
      -0.018483907,
      0.24973147,
      0,
      -0.24904002,
      0.17541791,
      -0.95247453,
      0,
      1.0665538,
      1.3708413,
      -2.602698,
      1
    ],
    "keyframeTimestamp" : 1251077.2473205,
    "uuid" : "646A1EB4-D716-471F-82CB-9A4CFE00E4B6"
  },
  {
    "transform" : [
      -0.18890719,
      -0.9805972,
      -0.052370094,
      0,
      -0.6394729,
      0.082368076,
      0.76438904,
      0,
      -0.74524415,
      0.17788783,
      -0.6426253,
      0,
      -5.2361355,
      -1.2886246,
      -3.6840749,
      0.9999999
    ],
    "keyframeTimestamp" : 1251151.68594425,
    "uuid" : "A2E3A4AF-4278-4C47-B958-36EA532C072D"
  },
  {
    "transform" : [
      -0.23493509,
      -0.94993514,
      0.20598753,
      0,
      0.69976246,
      -0.018205056,
      0.7141459,
      0,
      -0.6746411,
      0.31191966,
      0.66900486,
      0,
      0.9711847,
      1.325321,
      -4.0582094,
      1
    ],
    "keyframeTimestamp" : 1251069.054036875,
    "uuid" : "5341BAB2-FEB6-4E55-9610-F46013E039F3"
  },
  {
    "transform" : [
      0.17799312,
      -0.98166573,
      0.068187326,
      0,
      0.5879187,
      0.05052134,
      -0.80734,
      0,
      0.78909487,
      0.18378994,
      0.58613324,
      0,
      0.62788856,
      -1.3058722,
      -2.9829257,
      1
    ],
    "keyframeTimestamp" : 1251121.3776765,
    "uuid" : "8E5182CD-5FFF-4130-9156-5044D0DFCFB0"
  },
  {
    "transform" : [
      -0.02723243,
      -0.99477607,
      0.09837844,
      0,
      -0.97057855,
      0.0027591405,
      -0.2407691,
      0,
      0.23923996,
      -0.10204075,
      -0.9655838,
      0,
      -4.811458,
      -1.2182056,
      -11.622696,
      1.0000001
    ],
    "keyframeTimestamp" : 1251297.045932958,
    "uuid" : "BB6D7A00-1A6F-418E-B2DD-9AC367C80E3F"
  },
  {
    "transform" : [
      0.132222,
      -0.97575074,
      0.17443447,
      0,
      -0.5075687,
      0.08450757,
      0.85745716,
      0,
      -0.851406,
      -0.20191227,
      -0.48408717,
      0,
      -0.5652425,
      -1.1131303,
      -7.7366853,
      1
    ],
    "keyframeTimestamp" : 1251274.987493625,
    "uuid" : "9A731A4C-642E-4190-BF23-624ADC6FB3CB"
  },
  {
    "transform" : [
      0.03123534,
      -0.9972804,
      0.06674981,
      0,
      0.96893734,
      0.0138207795,
      -0.24692045,
      0,
      0.24532643,
      0.07238902,
      0.9667341,
      0,
      0.16462004,
      -1.2960931,
      -7.357961,
      0.9999999
    ],
    "keyframeTimestamp" : 1251272.455103958,
    "uuid" : "076E7928-1937-4CF1-A590-92FDC5C11F29"
  },
  {
    "transform" : [
      -0.17546085,
      -0.9806795,
      -0.08649683,
      0,
      -0.6682055,
      0.05410805,
      0.7420068,
      0,
      -0.7229904,
      0.18799065,
      -0.664789,
      0,
      -4.8906984,
      -1.2896261,
      -10.715624,
      1
    ],
    "keyframeTimestamp" : 1251298.412088916,
    "uuid" : "3EA88B09-42F2-4CD0-A6A2-1B8212134AF4"
  },
  {
    "transform" : [
      -0.6393364,
      -0.73441744,
      -0.22777216,
      0,
      -0.33364463,
      -0.0019187104,
      0.9426978,
      0,
      -0.6927704,
      0.6786956,
      -0.2438076,
      0,
      3.2554572,
      -1.5294554,
      -6.40029,
      1
    ],
    "keyframeTimestamp" : 1251252.895715333,
    "uuid" : "59DD8512-C26F-4672-BEF2-D3002ABD1CD4"
  },
  {
    "transform" : [
      -0.06633929,
      -0.8193343,
      -0.56946445,
      0,
      -0.9893574,
      -0.020061545,
      0.14411852,
      0,
      -0.12950565,
      0.5729645,
      -0.8092838,
      0,
      -1.4000072,
      -1.44969,
      -10.54103,
      0.99999994
    ],
    "keyframeTimestamp" : 1251309.941112625,
    "uuid" : "61841382-0AF0-41E5-95DA-E81E802C4FCC"
  },
  {
    "transform" : [
      0.18568459,
      -0.9805325,
      0.06385381,
      0,
      0.3912579,
      0.01416984,
      -0.9201737,
      0,
      0.9013554,
      0.19584535,
      0.38627228,
      0,
      0.10467321,
      0.07168198,
      0.40181136,
      1
    ],
    "keyframeTimestamp" : 1251094.999400208,
    "uuid" : "79B713CC-45F5-44C3-86E7-3F2E1053EAE2"
  },
  {
    "transform" : [
      0.009701541,
      -0.88356096,
      0.46821606,
      0,
      0.9999492,
      0.009824514,
      -0.0021795114,
      0,
      -0.0026742385,
      0.46821344,
      0.88361144,
      0,
      -0.88297904,
      -1.380816,
      1.9385796,
      1
    ],
    "keyframeTimestamp" : 1251181.161373625,
    "uuid" : "7BE32F8E-0CEC-4929-BBFF-E7942803BCCB"
  },
  {
    "transform" : [
      -0.093421735,
      -0.97224367,
      0.21450993,
      0,
      0.9188853,
      -0.0012488106,
      0.39452583,
      0,
      -0.38330713,
      0.23396714,
      0.89349633,
      0,
      -3.4395425,
      -1.3297585,
      -0.105326526,
      0.9999999
    ],
    "keyframeTimestamp" : 1251187.456100875,
    "uuid" : "141D1AAF-CEA6-4C38-81C5-612A01355B9D"
  },
  {
    "transform" : [
      -0.13833135,
      -0.9640724,
      -0.22677818,
      0,
      -0.9612251,
      0.07553517,
      0.2652202,
      0,
      -0.23856178,
      0.25467306,
      -0.93713933,
      0,
      -3.5037658,
      -1.351753,
      -2.65997,
      1
    ],
    "keyframeTimestamp" : 1251154.017340916,
    "uuid" : "D7F2F32A-0D01-4F48-84D3-A437E2DA14AB"
  },
  {
    "transform" : [
      0.02618646,
      -0.995712,
      -0.088730335,
      0,
      -0.74627846,
      0.03958475,
      -0.66445607,
      0,
      0.6651187,
      0.08361721,
      -0.7420412,
      0,
      -3.645099,
      -1.2661159,
      -0.67082024,
      1
    ],
    "keyframeTimestamp" : 1251157.581044416,
    "uuid" : "EE6472FC-A6DD-46B7-89BD-356FE9941063"
  },
  {
    "transform" : [
      0.014903064,
      -0.9789807,
      -0.20340776,
      0,
      -0.81336004,
      0.10645272,
      -0.57193846,
      0,
      0.58156997,
      0.17396735,
      -0.7946772,
      0,
      -1.5316944,
      -1.1891558,
      -10.6515255,
      1
    ],
    "keyframeTimestamp" : 1251314.539394416,
    "uuid" : "1C77CF62-692B-4D84-B450-04D0BB0AD0AF"
  },
  {
    "transform" : [
      0.07716887,
      -0.99658537,
      0.02933467,
      0,
      0.9399371,
      0.08253187,
      0.33121845,
      0,
      -0.33250907,
      0.0020129997,
      0.9430982,
      0,
      0.64949876,
      1.5183448,
      -3.1190197,
      0.9999999
    ],
    "keyframeTimestamp" : 1251048.870543916,
    "uuid" : "03F2D262-0556-4455-A1C4-7FF5EA05169F"
  },
  {
    "transform" : [
      0.14718254,
      -0.9620329,
      0.22985281,
      0,
      0.8780783,
      0.020109806,
      -0.47809508,
      0,
      0.45532048,
      0.27219564,
      0.84769917,
      0,
      1.1591463,
      1.3646024,
      -2.6159368,
      1
    ],
    "keyframeTimestamp" : 1251064.307923208,
    "uuid" : "4B403EB9-A106-45EC-B7C6-C5303A679D28"
  },
  {
    "transform" : [
      0.021109995,
      -0.9991967,
      -0.034055866,
      0,
      0.86650974,
      0.0012937791,
      0.49915874,
      0,
      -0.49871373,
      -0.04004699,
      0.86584145,
      0,
      -2.0045018,
      -1.2391796,
      -9.574761,
      1
    ],
    "keyframeTimestamp" : 1251304.243242458,
    "uuid" : "2FC3C12F-21CA-4E6B-900B-10393AD27162"
  },
  {
    "transform" : [
      0.22873078,
      -0.9667653,
      0.114218414,
      0,
      0.088132456,
      -0.0962826,
      -0.99144536,
      0,
      0.96949345,
      0.23684068,
      0.063180715,
      0,
      0.85360813,
      1.4198279,
      -2.644691,
      0.99999994
    ],
    "keyframeTimestamp" : 1251044.973723416,
    "uuid" : "8923EA36-2B95-4AAF-9011-15BD6048E2B6"
  },
  {
    "transform" : [
      0.18744062,
      -0.97942185,
      -0.07482037,
      0,
      -0.30638483,
      0.014074969,
      -0.9518037,
      0,
      0.93327063,
      0.2013305,
      -0.2974419,
      0,
      -1.3155606,
      -1.2909658,
      -6.6235247,
      1
    ],
    "keyframeTimestamp" : 1251332.232790541,
    "uuid" : "D1115D2F-C1BC-4CDF-8156-66D0AD22BAB3"
  },
  {
    "transform" : [
      -0.27745184,
      -0.9200052,
      -0.27678704,
      0,
      -0.723844,
      0.010740856,
      0.68988115,
      0,
      -0.6317212,
      0.39175934,
      -0.66892,
      0,
      -1.0181565,
      -1.3658088,
      -6.2115364,
      0.99999994
    ],
    "keyframeTimestamp" : 1251203.21426275,
    "uuid" : "1C370B5E-15BF-4040-8C13-5E048DFA17AA"
  },
  {
    "transform" : [
      -0.050032366,
      -0.95656,
      -0.28720975,
      0,
      -0.9888186,
      0.0069942065,
      0.14895925,
      0,
      -0.14047983,
      0.29145136,
      -0.94621545,
      0,
      1.1355919,
      1.3104941,
      -2.4936948,
      1
    ],
    "keyframeTimestamp" : 1251077.4804625,
    "uuid" : "8AC50BEF-5D88-4205-8655-E11378BC5190"
  },
  {
    "transform" : [
      -0.1430536,
      -0.9882478,
      -0.053860992,
      0,
      0.28532133,
      0.010930944,
      -0.9583694,
      0,
      0.9476955,
      -0.15246592,
      0.28040454,
      0,
      -0.6855165,
      -1.180695,
      -6.9735136,
      1
    ],
    "keyframeTimestamp" : 1251200.148758166,
    "uuid" : "01783214-D609-4E33-876E-CF97BA9B8366"
  },
  {
    "transform" : [
      0.016443403,
      -0.99983287,
      0.00790634,
      0,
      0.77150947,
      0.017717402,
      0.63597137,
      0,
      -0.63600594,
      -0.0043577217,
      0.7716728,
      0,
      -0.13334244,
      -1.2430483,
      -7.555806,
