[
  {
    "keyframeTimestamp" : 1251088.338213041,
    "uuid" : "B14A3254-4621-4823-9161-EDCA8E585231",
    "transform" : [
      0.22241953,
      -0.9581642,
      -0.18014115,
      0,
      -0.3033603,
      0.10758211,
      -0.94678295,
      0,
      0.926554,
      0.2652309,
      -0.2667407,
      0,
      0.58380556,
      0.41236147,
      -0.16749226,
      0.9999999
    ]
  },
  {
    "keyframeTimestamp" : 1251073.567005958,
    "uuid" : "286017F8-4E2A-4CD3-94FC-B6286211C8A5",
    "transform" : [
      0.03664665,
      -0.99919724,
      0.016197044,
      0,
      0.20085815,
      0.023241926,
      0.97934514,
      0,
      -0.9789351,
      -0.032636397,
      0.20154858,
      0,
      1.1596944,
      1.5964582,
      -3.6319125,
      1
    ]
  },
  {
    "keyframeTimestamp" : 1251071.102358791,
    "uuid" : "FDE17163-7CF1-45A2-9100-A84E1D6DB695",
    "transform" : [
      -0.16283077,
      -0.98201704,
      0.095542066,
      0,
      0.07606104,
      0.08405266,
      0.9935545,
      0,
      -0.983718,
      0.16904822,
      0.061006844,
      0,
      1.3311006,
      1.100391,
      -4.87397,
      1
    ]
  },
  {
    "keyframeTimestamp" : 1251067.005714666,
    "uuid" : "627157BA-149F-4269-906D-524480340D35",
    "transform" : [
      -0.074728265,
      -0.9808675,
      0.17976138,
      0,
      0.9776511,
      -0.036540046,
      0.20703684,
      0,
      -0.19650713,
      0.1912153,
      0.96167636,
      0,
      1.3610885,
      1.027726,
      -3.5623221,
      0.99999994
    ]
  },
  {
    "keyframeTimestamp" : 1251125.890622083,
    "uuid" : "F370EB5D-5922-49DC-A6E1-649EE3369F1B",
    "transform" : [
      0.24540126,
      -0.96365887,
      -0.10554519,
      0,
      -0.108650416,
      0.08084794,
      -0.99078697,
      0,
      0.96331376,
      0.2546079,
      -0.084861726,
      0,
      -1.6121007,
      -1.3491873,
      -5.347833,
      1.0000001
    ]
  },
  {
    "keyframeTimestamp" : 1251071.651908458,
    "uuid" : "9BCC5933-7D4B-4F0F-9829-BA0CC6C39554",
    "transform" : [
      -0.14059299,
      -0.9869633,
      0.07833806,
      0,
      -0.033968512,
      0.0838859,
      0.9958964,
      0,
      -0.98948455,
      0.13735501,
      -0.04531945,
      0,
      1.398891,
      1.1519197,
      -4.787472,
      0.9999999
    ]
  },
  {
    "keyframeTimestamp" : 1251138.28038975,
    "uuid" : "4F4DD4A1-46A6-486C-8EDA-B5F434621F35",
    "transform" : [
      0.21942784,
      -0.9578568,
      -0.18536946,
      0,
      -0.6446621,
      0.00026329668,
      -0.7644677,
      0,
      0.73229945,
      0.28724608,
      -0.6174362,
      0,
      -1.4848905,
      -1.3508148,
      -5.430024,
      1
    ]
  },
  {
    "keyframeTimestamp" : 1251108.454989083,
    "uuid" : "20CDCCD4-09AD-4D2A-931B-96C4A2BB6D1B",
    "transform" : [
      -0.4452341,
      -0.87957305,
      -0.16768387,
      0,
      -0.46761882,
      0.068700776,
      0.8812564,
      0,
      -0.7636094,
      0.47077742,
      -0.44189292,
      0,
      -1.757016,
      -1.3703185,
      -1.8920708,
      0.99999994
    ]
  },
  {
    "keyframeTimestamp" : 1251071.851744791,
    "uuid" : "828110E7-B479-420E-A3AF-D02BD452C1C4",
    "transform" : [
      -0.13129427,
      -0.99034494,
      0.0444823,
      0,
      0.0127339205,
      0.04318224,
      0.99898636,
      0,
      -0.99126196,
      0.1317276,
      0.006941371,
      0,
      1.3565631,
      1.2306013,
      -4.7615256,
      1
    ]
  },
  {
    "keyframeTimestamp" : 1251077.030831458,
    "uuid" : "C328B7E5-C9F7-4CE5-A1F3-DE23B6A02174",
    "transform" : [
      0.012010596,
      -0.99966764,
      -0.022811698,
      0,
      -0.949928,
      -0.01853077,
      0.3119193,
      0,
      -0.31223834,
      0.017923133,
      -0.9498348,
      0,
      1.0166059,
      1.4492351,
      -2.6825945,
      0.99999994
    ]
  },
  {
    "keyframeTimestamp" : 1251082.975951791,
    "uuid" : "D845A598-20F3-4DAA-A4C6-E088F50CB4B6",
    "transform" : [
      -0.62649006,
      -0.74173385,
      -0.23945948,
      0,
      0.15492392,
      0.18259156,
      -0.9709061,
      0,
      0.7638773,
      -0.6453611,
      0.0005205232,
      0,
      1.2989895,
      1.7056942,
      -1.2628402,
      0.99999994
    ]
  },
  {
    "keyframeTimestamp" : 1251115.482534291,
    "uuid" : "E12F4804-68BA-4380-8150-3CE251448BCF",
    "transform" : [
      -0.17052397,
      -0.9787079,
      -0.114246786,
      0,
      -0.90381503,
      0.10917567,
      0.41376236,
      0,
      -0.39247954,
      0.17381433,
      -0.90318793,
      0,
      0.75903934,
      -1.3023474,
      -3.0369065,
      1
    ]
  },
  {
    "keyframeTimestamp" : 1251112.451697666,
    "uuid" : "046D6371-B5DD-44D1-BDB8-848193F1E1CE",
    "transform" : [
      -0.010821849,
      -0.9494433,
      0.31375208,
      0,
      0.95080566,
      0.08737834,
      0.29721,
      0,
      -0.30959916,
      0.30153358,
      0.9017905,
      0,
      0.18965942,
      -1.3240536,
      -2.296663,
      0.99999994
    ]
  },
  {
    "keyframeTimestamp" : 1251127.272815666,
    "uuid" : "5DB6FC0A-E6D4-46DB-8543-687CBF052ECB",
    "transform" : [
      0.08616203,
      -0.9928235,
      -0.08293076,
      0,
      -0.3248931,
      0.050689407,
      -0.94439137,
      0,
      0.94181776,
      0.10831429,
      -0.318194,
      0,
      -1.2164476,
      -1.2606337,
      -5.9035673,
      1
    ]
  },
  {
    "keyframeTimestamp" : 1251102.076907416,
    "uuid" : "57D51466-7BDE-40BA-AB66-947FC3533EC0",
    "transform" : [
      0.3769206,
      -0.7013442,
      0.60501814,
      0,
      0.8879105,
      0.08761428,
      -0.45159626,
      0,
      0.2637162,
      0.7074178,
      0.65575457,
      0,
      -1.4015574,
      -1.2608948,
      -0.7114804,
      1
    ]
  },
  {
    "keyframeTimestamp" : 1251128.971414791,
    "uuid" : "83222453-41A6-4DE4-A0D2-5EB21C3A97B9",
    "transform" : [
      -0.4037774,
      -0.9130544,
      -0.05740335,
      0,
      -0.03942303,
      0.08005267,
      -0.99601066,
      0,
      0.9140073,
      -0.39990354,
      -0.06831882,
      0,
      -2.08754,
      -1.0497044,
      -6.254566,
      0.9999999
    ]
  },
  {
    "keyframeTimestamp" : 1251098.346645333,
    "uuid" : "F71C00D5-25B6-4573-859C-095C3652552A",
    "transform" : [
      0.2244059,
      -0.97093815,
      0.08319423,
      0,
      0.47422808,
      0.0342252,
      -0.8797367,
      0,
      0.85132265,
      0.23687112,
      0.46812648,
      0,
      -0.55512345,
      -0.12303913,
      -0.08166051,
      1
    ]
  },
  {
    "keyframeTimestamp" : 1251058.063033,
    "uuid" : "BA117221-F92F-4A30-A78F-E0142BFDF122",
    "transform" : [
      -0.016411806,
      -0.99835694,
      0.05489056,
      0,
      -0.9902095,
      0.008617597,
      -0.13932605,
      0,
      0.13862416,
      -0.056639746,
      -0.98872435,
      0,
      0.5855013,
      1.5502802,
      -3.1661265,
      0.9999999
    ]
  },
  {
    "keyframeTimestamp" : 1251064.307923208,
    "uuid" : "4B403EB9-A106-45EC-B7C6-C5303A679D28",
    "transform" : [
      0.14718242,
      -0.96203226,
      0.22985265,
      0,
      0.8780783,
      0.020109806,
      -0.47809508,
      0,
      0.45532048,
      0.27219564,
      0.84769917,
      0,
      1.1591463,
      1.3646024,
      -2.6159368,
      1
    ]
  },
  {
    "keyframeTimestamp" : 1251127.655833458,
    "uuid" : "CA666A88-AB7B-46C6-950B-2BF5E814D6DB",
    "transform" : [
      0.008988827,
      -0.9985069,
      -0.0538807,
      0,
      -0.0029261566,
      0.053856373,
      -0.99854434,
      0,
      0.99995536,
      0.009133406,
      -0.0024376626,
      0,
      -1.2520244,
      -1.2284219,
      -6.0765653,
      1
    ]
  },
  {
    "keyframeTimestamp" : 1251114.466704541,
    "uuid" : "08B5A508-1850-4482-994A-BFE32D7EB93D",
    "transform" : [
      0.0017501368,
      -0.9999472,
      0.01012186,
      0,
      -0.46557385,
      0.008143172,
      0.88497174,
      0,
      -0.8850074,
      -0.0062612947,
      -0.46553507,
      0,
      0.72501487,
      -1.2357763,
      -2.903481,
      1.0000001
    ]
  },
  {
    "keyframeTimestamp" : 1251087.022628041,
    "uuid" : "EFABCD1F-BD70-4418-AC0D-75C6A6AA972E",
    "transform" : [
      0.32108116,
      -0.8423603,
      -0.4328234,
      0,
      -0.779126,
      0.024866542,
      -0.626374,
      0,
      0.53839546,
      0.5383408,
      -0.64832056,
      0,
      0.86747473,
      0.69946045,
      -0.47628385,
      0.99999994
    ]
  },
  {
    "keyframeTimestamp" : 1251115.216087208,
    "uuid" : "126D366D-E9DB-4081-956A-7A40924693F5",
    "transform" : [
      -0.20811307,
      -0.9592162,
      -0.19129351,
      0,
      -0.8207983,
      0.06490305,
      0.5675193,
      0,
      -0.5319582,
      0.2751215,
      -0.8008301,
      0,
      0.7593416,
      -1.3334864,
      -3.0693295,
      0.99999994
    ]
  },
  {
    "keyframeTimestamp" : 1251069.287179208,
    "uuid" : "519FFB34-8E60-4A3F-887E-C91592440AD4",
    "transform" : [
      -0.27372852,
      -0.94100165,
      0.19896987,
      0,
      0.65914553,
      -0.032881524,
      0.7512963,
      0,
      -0.70042884,
      0.33680132,
      0.6292577,
      0,
      0.9458995,
      1.3160808,
      -4.2213826,
      1
    ]
  },
  {
    "keyframeTimestamp" : 1251125.624175166,
    "uuid" : "5C4A1144-08DD-4DA3-9FF1-370B71E8FA57",
    "transform" : [
      0.16258743,
      -0.985337,
      -0.05173127,
      0,
      0.11813794,
      0.07149172,
      -0.99042046,
      0,
      0.9795964,
      0.15491848,
      0.12802938,
      0,
      -1.6243808,
      -1.3092303,
      -5.225312,
      1
    ]
  },
  {
    "keyframeTimestamp" : 1251085.890225125,
    "uuid" : "A642CFAD-1377-47D7-880F-D92991E12A0D",
    "transform" : [
      0.057925645,
      -0.9652865,
      -0.2546892,
      0,
      -0.8278588,
      0.09613358,
      -0.55263716,
      0,
      0.5579377,
      0.2428586,
      -0.7935525,
      0,
      1.0610819,
      1.2475319,
      -0.9252249,
      0.9999999
    ]
  },
  {
    "keyframeTimestamp" : 1251123.142887875,
    "uuid" : "9967B524-763C-4B92-A7F3-46B48D0B1110",
    "transform" : [
      0.0070219776,
      -0.9991094,
      -0.04160554,
      0,
      0.3208165,
      0.041658062,
      -0.9462251,
      0,
      0.9471154,
      -0.006703372,
      0.32082334,
      0,
      -0.39780736,
      -1.2362564,
      -3.895269,
      1
    ]
  },
  {
    "keyframeTimestamp" : 1251068.904159541,
    "uuid" : "321A06CE-FF74-4CE2-B093-0BAB63718542",
    "transform" : [
      -0.24796759,
      -0.9474737,
      0.20200375,
      0,
      0.7162196,
      -0.038887467,
      0.69679105,
      0,
      -0.65233576,
      0.31746063,
      0.68824214,
      0,
      1.0084102,
      1.3140957,
      -3.970633,
      0.99999994
    ]
  },
  {
    "keyframeTimestamp" : 1251046.872174833,
    "uuid" : "A4A4A765-D00E-43DB-B259-1DA343AC8426",
    "transform" : [
      0.052118298,
      -0.99418116,
      0.09427405,
      0,
      0.9730947,
      0.029342385,
      -0.22852938,
      0,
      0.22443347,
      0.10364816,
      0.96896183,
      0,
      1.1225389,
      1.4472511,
      -2.9877253,
      1.0000001
    ]
  },
  {
    "keyframeTimestamp" : 1251134.033902041,
    "uuid" : "B1705769-50BF-4907-8502-78A6F33BCD97",
    "transform" : [
      -0.08641729,
      -0.99320984,
      -0.07788343,
      0,
      -0.604467,
      -0.009870154,
      0.79656893,
      0,
      -0.791929,
      0.11591528,
      -0.59950984,
      0,
      -3.714935,
      -1.2929486,
      -7.1999903,
      1.0000001
    ]
  },
  {
    "keyframeTimestamp" : 1251075.681937833,
    "uuid" : "0F90EEA8-6148-4A24-B6C5-D2D3D8CA570B",
    "transform" : [
      -0.20269386,
      -0.97882575,
      0.028566726,
      0,
      -0.07292801,
      0.044180248,
      0.99635863,
      0,
      -0.9765233,
      0.19987237,
      -0.08033887,
      0,
      0.8910611,
      1.299862,
      -2.8170307,
      1
    ]
  },
  {
    "keyframeTimestamp" : 1251055.998054791,
    "uuid" : "B915B74B-0ED2-4EFF-A77C-2E975056E7F7",
    "transform" : [
      -0.084490806,
      -0.9931044,
      -0.081266336,
      0,
      -0.9311811,
      0.049668655,
      0.36115894,
      0,
      -0.35463217,
      0.106188245,
      -0.9289565,
      0,
      0.7544761,
      1.4714625,
      -3.2052696,
      1.0000001
    ]
  },
  {
    "keyframeTimestamp" : 1251092.135090833,
    "uuid" : "E2856965-26D3-4CA4-8028-BE9076530364",
    "transform" : [
      0.3821589,
      -0.83744055,
      0.3907014,
      0,
      0.7815535,
      0.06730703,
      -0.62019706,
      0,
      0.4930813,
      0.54236776,
      0.6802266,
      0,
      0.21986818,
      -0.07596326,
      0.36650515,
      1
    ]
  },
  {
    "keyframeTimestamp" : 1251114.766457833,
    "uuid" : "79586AA6-8D2E-4636-B20E-72FA5E4D23A3",
    "transform" : [
      -0.14400782,
      -0.981313,
      -0.12761849,
      0,
      -0.5941884,
      -0.017379884,
      0.804138,
      0,
      -0.79132926,
      0.19163157,
      -0.58058214,
      0,
      0.7855948,
      -1.2974477,
      -3.0313442,
      1
    ]
  },
  {
    "keyframeTimestamp" : 1251119.878911791,
    "uuid" : "B39BF818-6B66-402B-B2F0-73AA7EBE5B7E",
    "transform" : [
      0.19216517,
      -0.9689702,
      0.15546432,
      0,
      0.73015296,
      0.03532175,
      -0.6823701,
      0,
      0.6557052,
      0.2446405,
      0.71428424,
      0,
      1.1191989,
      -1.3031248,
      -2.6029644,
      0.99999994
    ]
  },
  {
    "keyframeTimestamp" : 1251099.795452625,
    "uuid" : "F4537CB0-2CF2-4890-A8E6-2786BAEDEE4E",
    "transform" : [
      0.21376184,
      -0.96853787,
      0.1274381,
      0,
      0.76431227,
      0.084573396,
      -0.6392767,
      0,
      0.6083858,
      0.23405541,
      0.7583439,
      0,
      -0.8938097,
      -0.5364738,
      -0.3504883,
      1.0000001
    ]
  },
  {
    "keyframeTimestamp" : 1251118.97965275,
    "uuid" : "6F65D042-9EBE-4750-AC05-3892C199E664",
    "transform" : [
      0.17976709,
      -0.9836949,
      -0.005269063,
      0,
      0.034420867,
      0.011643167,
      -0.9993395,
      0,
      0.9831067,
      0.179467,
      0.035952725,
      0,
      0.87072235,
      -1.2721249,
      -2.6953623,
      0.9999999
    ]
  },
  {
    "keyframeTimestamp" : 1251110.386731791,
    "uuid" : "CA68B96C-38A1-4BBE-AC7F-5D841A1E5B34",
    "transform" : [
      0.026455594,
      -0.99727976,
      0.0687982,
      0,
      0.6384674,
      0.06981312,
      0.7664763,
      0,
      -0.7691943,
      0.023647824,
      0.6385775,
      0,
      -0.6962631,
      -1.2244699,
      -1.6954564,
      1
    ]
  },
  {
    "keyframeTimestamp" : 1251094.999400208,
    "uuid" : "79B713CC-45F5-44C3-86E7-3F2E1053EAE2",
    "transform" : [
      0.18568458,
      -0.98053247,
      0.0638538,
      0,
      0.3912574,
      0.0141698215,
      -0.9201725,
      0,
      0.90135425,
      0.1958451,
      0.38627177,
      0,
      0.10467321,
      0.07168198,
      0.40181136,
      1
    ]
  },
  {
    "keyframeTimestamp" : 1251088.521395791,
    "uuid" : "BEFDD933-A37F-41E7-90B2-658C88B5F3A1",
    "transform" : [
      0.33956712,
      -0.895301,
      -0.28832203,
      0,
      -0.3786709,
      0.1504708,
      -0.91321784,
      0,
      0.8609893,
      0.419278,
      -0.28792962,
      0,
      0.5568959,
      0.34028137,
      -0.1209867,
      1
    ]
  },
  {
    "keyframeTimestamp" : 1251057.030543916,
    "uuid" : "F57F4FDD-211D-42E4-B7BC-9DFD9DB929D5",
    "transform" : [
      -0.04979262,
      -0.9985932,
      -0.018217118,
      0,
      -0.9965876,
      0.04847369,
      0.066816285,
      0,
      -0.06583925,
      0.021481907,
      -0.9975991,
      0,
      0.5705005,
      1.5069884,
      -3.185789,
      0.9999999
    ]
  },
  {
    "keyframeTimestamp" : 1251042.3258815,
    "uuid" : "5E47618E-87DF-4BE6-87FC-D1BCA81C18DD",
    "transform" : [
      -0.049577124,
      -0.9587052,
      -0.28004873,
      0,
      0.9523291,
      0.039131757,
      -0.30255294,
      0,
      0.30101776,
      -0.2816981,
      0.91106254,
      0,
      0.89235944,
      1.4928092,
      -2.9340339,
      0.99999994
    ]
  },
  {
    "keyframeTimestamp" : 1251134.516836291,
    "uuid" : "F9A34895-76BA-4BEF-A291-1A7A1E6D4488",
    "transform" : [
      0.037327286,
      -0.992972,
      0.11230872,
      0,
      -0.5282275,
      0.075796366,
      0.8457134,
      0,
      -0.84828216,
      -0.09089272,
      -0.52168584,
      0,
      -3.391239,
      -1.2116003,
      -7.041878,
      1
    ]
  },
  {
    "keyframeTimestamp" : 1251056.580911541,
    "uuid" : "6643BDF2-6F69-4B60-8B27-17796DC1DA09",
    "transform" : [
      -0.08478758,
      -0.95943993,
      -0.26886207,
      0,
      -0.9896739,
      0.049792107,
      0.13441655,
      0,
      -0.11557733,
      0.2774824,
      -0.9537537,
      0,
      0.6368786,
      1.4358544,
      -3.1697009,
      0.9999999
    ]
  },
  {
    "keyframeTimestamp" : 1251077.4804625,
    "uuid" : "8AC50BEF-5D88-4205-8655-E11378BC5190",
    "transform" : [
      -0.050032366,
      -0.95656,
      -0.28720975,
      0,
      -0.9888186,
      0.0069942065,
      0.14895925,
      0,
      -0.14047974,
      0.29145116,
      -0.9462148,
      0,
      1.1355919,
      1.3104941,
      -2.4936948,
      1
    ]
  },
  {
    "keyframeTimestamp" : 1251064.024821666,
    "uuid" : "9EFF4B72-72F4-4CFC-8E67-EF410231061E",
    "transform" : [
      0.16035679,
      -0.9530027,
      0.25704393,
      0,
      0.7877361,
      -0.033359002,
      -0.61510915,
      0,
      0.59477544,
      0.30111977,
      0.74536556,
      0,
      1.0865823,
      1.2597336,
      -2.5964792,
      1
    ]
  },
  {
    "keyframeTimestamp" : 1251043.957885,
    "uuid" : "83B9339C-F8C3-4F3F-8F2C-AD05CEECFBB7",
    "transform" : [
      -0.2667833,
      -0.9590555,
      -0.09507268,
      0,
      0.19946532,
      0.0415662,
      -0.9790229,
      0,
      0.9428893,
      -0.28015065,
      0.18020923,
      0,
      0.8421871,
      1.5142424,
      -2.8066397,
      1
    ]
  },
  {
    "keyframeTimestamp" : 1251060.128010583,
    "uuid" : "9690ECA6-5490-4FE8-B424-1B889B73F7CB",
    "transform" : [
      0.11424812,
      -0.98869616,
      -0.09708837,
      0,
      -0.5970448,
      0.009778582,
      -0.8021484,
      0,
      0.79403114,
      0.14961016,
      -0.58917934,
      0,
      0.9419385,
      1.4910866,
      -2.603547,
      0.99999994
    ]
  },
  {
    "keyframeTimestamp" : 1251137.614274375,
    "uuid" : "6F92276C-D59B-4233-8B8E-AA5C69A25AC3",
    "transform" : [
      0.08015342,
      -0.9829836,
      -0.16528332,
      0,
      -0.9337027,
      -0.015991066,
      -0.35769194,
      0,
      0.34896228,
      0.1829957,
      -0.91909623,
      0,
      -1.5668643,
      -1.3064593,
      -5.852269,
      0.99999994
    ]
  },
  {
    "keyframeTimestamp" : 1251113.417568666,
    "uuid" : "FA9D6CFC-4921-4D2D-9075-A1057892548D",
    "transform" : [
      0.12247162,
      -0.9924579,
      0.0052472767,
      0,
      0.51315737,
      0.067848556,
      0.8556084,
      0,
      -0.84951174,
      -0.10209508,
      0.51759684,
      0,
      0.4382754,
      -1.2126607,
      -2.596115,
      0.9999999
    ]
  },
  {
    "keyframeTimestamp" : 1251087.3889935,
    "uuid" : "B38FFA12-A96C-4B2F-ADD3-99DE5D8C25F9",
    "transform" : [
      0.25232342,
      -0.9015352,
      -0.3515203,
      0,
      -0.67823535,
      0.09432938,
      -0.72876567,
      0,
      0.69016665,
      0.42229792,
      -0.5876514,
      0,
      0.77766097,
      0.6026151,
      -0.35114384,
      1
    ]
  },
  {
    "keyframeTimestamp" : 1251113.084509875,
    "uuid" : "D7EF7327-F008-4CB0-A88F-AC345ED327CB",
    "transform" : [
      0.05295562,
      -0.9964934,
      0.06477991,
      0,
      0.7638397,
      0.08220668,
      0.64014935,
      0,
      -0.64322996,
      0.015581963,
      0.76551455,
      0,
      0.38673908,
      -1.228901,
      -2.4615848,
      0.99999994
    ]
  },
  {
    "keyframeTimestamp" : 1251122.060446958,
    "uuid" : "8E81D601-06F8-4071-B4C6-2EA886198E20",
    "transform" : [
      0.2830945,
      -0.95905524,
      0.008410104,
      0,
      0.21898544,
      0.05609809,
      -0.9741145,
      0,
      0.9337577,
      0.277608,
      0.22590016,
      0,
      0.31485242,
      -1.3412473,
      -3.4678173,
      1
    ]
  },
  {
    "keyframeTimestamp" : 1251089.603839041,
    "uuid" : "D106B681-F377-4327-9474-8AEE31367124",
    "transform" : [
      0.042673685,
      -0.99738723,
      -0.058287784,
      0,
      -0.23885933,
      0.04646415,
      -0.96994174,
      0,
      0.970116,
      0.05531358,
      -0.2362525,
      0,
      0.3808866,
      0.09982276,
      0.08898854,
      1
    ]
  },
  {
    "keyframeTimestamp" : 1251043.29176125,
    "uuid" : "E7BF1E4E-C527-4E32-B1A0-C1B027708517",
    "transform" : [
      -0.25159562,
      -0.93068594,
      -0.26556268,
      0,
      0.59098405,
      0.069559716,
      -0.8036794,
      0,
      0.7664452,
      -0.35914528,
      0.5325194,
      0,
      0.8298514,
      1.5187078,
      -2.8583002,
      1
    ]
  },
  {
    "keyframeTimestamp" : 1251103.026125916,
    "uuid" : "B16B86A8-A6A6-4F80-A902-78956D1604CB",
    "transform" : [
      0.0069600777,
      -0.9969806,
      0.077340305,
      0,
      0.9950167,
      -0.0007884641,
      -0.09970834,
      0,
      0.09946827,
      0.07764885,
      0.99200666,
      0,
      -1.569896,
      -1.2699041,
      -0.9492018,
      1
    ]
  },
  {
    "keyframeTimestamp" : 1251086.439773541,
    "uuid" : "C2E0B410-A75F-4696-92BC-75D313DCCCCC",
    "transform" : [
      0.18619972,
      -0.9627821,
      -0.19590896,
      0,
      -0.65930337,
      0.02539856,
      -0.7514479,
      0,
      0.7284564,
      0.26908278,
      -0.6300362,
      0,
      0.9573637,
      1.031467,
      -0.74257624,
      0.9999999
    ]
  },
  {
    "keyframeTimestamp" : 1251112.301821208,
    "uuid" : "32A30FD1-79A3-4584-8373-FFC13CB9DBBE",
    "transform" : [
      -0.031624734,
      -0.92290086,
      0.3837369,
      0,
      0.9739849,
      0.057739593,
      0.21913444,
      0,
      -0.22439614,
      0.3806839,
      0.8970655,
      0,
      0.14671397,
      -1.3545085,
      -2.255567,
      0.99999994
    ]
  },
  {
    "keyframeTimestamp" : 1251050.952177708,
    "uuid" : "EC7B4A76-8008-4003-9024-BA587DCA6489",
    "transform" : [
      -0.038917735,
      -0.9961942,
      0.07799009,
      0,
      0.6697317,
      0.03191929,
      0.7419181,
      0,
      -0.74158365,
      0.08110617,
      0.6659403,
      0,
      0.53468704,
      1.4952514,
      -2.9961648,
      1
    ]
  },
  {
    "keyframeTimestamp" : 1251070.952481708,
    "uuid" : "A989588E-3D6A-42BD-93E1-2A847BAA4493",
    "transform" : [
      -0.19486189,
      -0.9775667,
      0.079950616,
      0,
      0.09141591,
      0.06305717,
      0.99381423,
      0,
      -0.9765612,
      0.2009653,
      0.077077694,
      0,
      1.2826464,
      1.1173201,
      -4.9057674,
      1
    ]
  },
  {
    "keyframeTimestamp" : 1251127.905627166,
    "uuid" : "C5CFB780-66DB-42EE-B369-F72FF2B9F3CB",
    "transform" : [
      -0.10002156,
      -0.9912717,
      -0.08588211,
      0,
      0.08290489,
      0.07771185,
      -0.993523,
      0,
      0.99152535,
      -0.10649376,
      0.07440844,
      0,
      -1.3323135,
      -1.1866219,
      -6.2023125,
      1
    ]
  },
  {
    "keyframeTimestamp" : 1251047.121971208,
    "uuid" : "CD054124-4841-46E3-BD5D-2D28E5976815",
    "transform" : [
      0.029946417,
      -0.99903595,
      0.03209241,
      0,
      0.99564624,
      0.026978608,
      -0.0892246,
      0,
      0.08827284,
      0.034624647,
      0.9954948,
      0,
      1.061892,
      1.4703349,
      -2.999027,
      0.99999994
    ]
  },
  {
    "keyframeTimestamp" : 1251042.775515166,
    "uuid" : "BC891FFC-7274-4683-80A3-C67877D28961",
    "transform" : [
      -0.16099662,
      -0.9280188,
      -0.33594987,
      0,
      0.8296382,
      0.05712013,
      -0.55537283,
      0,
      0.5345857,
      -0.36812967,
      0.7607231,
      0,
      0.8564594,
      1.5126576,
      -2.9029598,
      1
    ]
  },
  {
    "keyframeTimestamp" : 1251105.324233791,
    "uuid" : "0D3E41C1-213C-4D1C-A2D5-FAB215D2848C",
    "transform" : [
      -0.304543,
      -0.9302919,
      0.20447583,
      0,
      0.49807835,
      0.027445655,
      0.86669767,
      0,
      -0.8118938,
      0.36579165,
      0.45499986,
      0,
      -1.7664858,
      -1.3241903,
      -1.0945374,
      0.9999999
    ]
  },
  {
    "keyframeTimestamp" : 1251131.136295166,
    "uuid" : "5D30D8BA-DFD4-4123-9C3A-6FCA4650844A",
    "transform" : [
      0.20638055,
      -0.9477083,
      -0.24342592,
      0,
      -0.58270305,
      0.080815494,
      -0.8086572,
      0,
      0.78604364,
      0.30873606,
      -0.5355537,
      0,
      -3.4235003,
      -1.3940952,
      -7.0257745,
      1
    ]
  },
  {
    "keyframeTimestamp" : 1251071.751826708,
    "uuid" : "896B7035-03B3-45C4-A540-6556BD994B5F",
    "transform" : [
      -0.13529797,
      -0.9885225,
      0.06721135,
      0,
      -0.021382118,
      0.07073241,
      0.99726653,
      0,
      -0.99057436,
      0.13349096,
      -0.030706672,
      0,
      1.3796718,
      1.1874918,
      -4.776965,
      1
    ]
  },
  {
    "keyframeTimestamp" : 1251069.786769958,
    "uuid" : "BAF71EBB-3CCE-424A-B66A-BBA7FC0E8BF5",
    "transform" : [
      -0.28313917,
      -0.9414425,
      0.18308021,
      0,
      0.5501243,
      -0.003054466,
      0.83507735,
      0,
      -0.7856181,
      0.33716,
      0.5187752,
      0,
      0.9810774,
      1.2383009,
      -4.660351,
      0.99999994
    ]
  },
  {
    "keyframeTimestamp" : 1251107.722259041,
    "uuid" : "938D1BCC-33C4-49AC-941C-9DE54C453729",
    "transform" : [
      -0.14383414,
      -0.9894321,
      0.018327896,
      0,
      -0.5286831,
      0.0924845,
      0.843766,
      0,
      -0.8365443,
      0.11167269,
      -0.53639853,
      0,
      -1.7206559,
      -1.2272592,
      -1.8468856,
      1
    ]
  },
  {
    "keyframeTimestamp" : 1251062.509395541,
    "uuid" : "AE84DFB0-C2D7-4B96-B8D0-DCD925012E07",
    "transform" : [
      0.392843,
      -0.9195337,
      -0.01142156,
      0,
      -0.14453374,
      -0.049472414,
      -0.9882622,
      0,
      0.9081765,
      0.38988307,
      -0.15233868,
      0,
      1.164555,
      1.0675015,
      -2.6733978,
      1
    ]
  },
  {
    "keyframeTimestamp" : 1251128.505132791,
    "uuid" : "36093AF5-A242-48E6-8FEF-DE3835FD1A67",
    "transform" : [
      -0.3178449,
      -0.94329476,
      -0.09575717,
      0,
      0.06558844,
      0.07887779,
      -0.9947244,
      0,
      0.9458715,
      -0.3224486,
      0.036798343,
      0,
      -1.6753321,
      -1.1057281,
      -6.3048954,
      1
    ]
  },
  {
    "keyframeTimestamp" : 1251106.656470125,
    "uuid" : "A4BF176A-2BAF-4D10-8354-5CE99CFE4844",
    "transform" : [
      0.12401947,
      -0.9905385,
      0.058759686,
      0,
      -0.01869138,
      0.05687431,
      0.99820656,
      0,
      -0.9921039,
      -0.124895304,
      -0.011461033,
      0,
      -1.5009477,
      -1.1669767,
      -1.5685517,
      1
    ]
  },
  {
    "keyframeTimestamp" : 1251075.498755125,
    "uuid" : "A1E24D15-80C9-46AA-B1BE-21C0EFEDBC39",
    "transform" : [
      -0.23037533,
      -0.971547,
      0.05498706,
      0,
      0.05149047,
      0.044257294,
      0.9976925,
      0,
      -0.9717387,
      0.23267497,
      0.039829597,
      0,
      0.9040545,
      1.2467597,
      -2.915481,
      1
    ]
  },
  {
    "keyframeTimestamp" : 1251086.639609333,
    "uuid" : "62420A3C-E149-45D8-9CD5-789CC0EC7135",
    "transform" : [
      0.26290363,
      -0.92841464,
      -0.26254234,
      0,
      -0.6653279,
      0.022613218,
      -0.7462098,
      0,
      0.69872856,
      0.37085772,
      -0.6117548,
      0,
      0.94585997,
      0.91394484,
      -0.6533959,
      1
    ]
  },
  {
    "keyframeTimestamp" : 1251122.659952958,
    "uuid" : "1A16EABD-588B-4B7E-B888-3A1E77F8C7CE",
    "transform" : [
      0.07584297,
      -0.9966452,
      -0.0307569,
      0,
      0.22939326,
      0.047458194,
      -0.97217625,
      0,
      0.9703745,
      0.066677295,
      0.2322231,
      0,
      -0.072880276,
      -1.2629379,
      -3.7136283,
      1.0000001
    ]
  },
  {
    "keyframeTimestamp" : 1251085.040922791,
    "uuid" : "1C86DE1A-FDF5-4C8E-BBF8-29CA8339B5E9",
    "transform" : [
      0.2120959,
      -0.7362281,
      -0.6426379,
      0,
      -0.94230795,
      0.020198148,
      -0.33413857,
      0,
      0.25898227,
      0.6764318,
      -0.68946946,
      0,
      1.2044625,
      1.2483982,
      -1.3213412,
      0.99999994
    ]
  },
  {
    "keyframeTimestamp" : 1251123.775699416,
    "uuid" : "47CDE786-FC0C-4BB6-BD73-B590984E5E42",
    "transform" : [
      0.10485028,
      -0.9931273,
      0.0520046,
      0,
      0.5854629,
      0.01937103,
      -0.8104679,
      0,
      0.8038903,
      0.115424536,
      0.5834704,
      0,
      -0.79839694,
      -1.2727789,
      -4.228129,
      0.9999999
    ]
  },
  {
    "keyframeTimestamp" : 1251124.391858166,
    "uuid" : "88D7C44E-2E72-4EA6-B1FE-BF14DD1C8EA1",
    "transform" : [
      0.102929346,
      -0.99256706,
      0.06493416,
      0,
      0.7040196,
      0.026579125,
      -0.70968336,
      0,
      0.7026824,
      0.11876214,
      0.70152235,
      0,
      -1.0741435,
      -1.2796792,
      -4.6074905,
      1.0000001
    ]
  },
  {
    "keyframeTimestamp" : 1251097.713833041,
    "uuid" : "B6F6410D-0AB9-486D-92CB-053CB4816201",
    "transform" : [
      0.05872629,
      -0.9974249,
      -0.041166887,
      0,
      0.47362843,
      0.064140014,
      -0.8783861,
      0,
      0.8787647,
      0.032086544,
      0.47617552,
      0,
      -0.3114977,
      0.07699907,
      0.0023925304,
      1
    ]
  },
  {
    "keyframeTimestamp" : 1251068.35460975,
    "uuid" : "93453FAC-790E-48D8-A54C-F9F269880DA4",
    "transform" : [
      -0.2582007,
      -0.94091964,
      0.2190922,
      0,
      0.70759,
      -0.029781837,
      0.7059948,
      0,
      -0.65775996,
      0.33731604,
      0.67347556,
      0,
      1.2272102,
      1.2053239,
      -3.6952202,
      1
    ]
  },
  {
    "keyframeTimestamp" : 1251087.971847458,
    "uuid" : "FD244DD5-AA77-494E-A98A-304645E2287F",
    "transform" : [
      0.057818864,
      -0.99506354,
      -0.08065305,
      0,
      -0.2572374,
      0.06321086,
      -0.9642788,
      0,
      0.96461684,
      0.07650047,
      -0.25231278,
      0,
      0.67173284,
      0.573378,
      -0.24114572,
      0.9999999
    ]
  },
  {
    "keyframeTimestamp" : 1251088.754537541,
    "uuid" : "1BE36D21-4055-4C6E-8CA9-AE3939DA944F",
    "transform" : [
      0.40356037,
      -0.83476967,
      -0.3745655,
      0,
      -0.50069237,
      0.1411573,
      -0.8540388,
      0,
      0.765798,
      0.5321979,
      -0.36099708,
      0,
      0.53386885,
      0.2406838,
      -0.058543682,
      1
    ]
  },
  {
    "keyframeTimestamp" : 1251080.644532583,
    "uuid" : "61703D9F-5FE8-4013-800F-445B18B071DF",
    "transform" : [
      0.06161355,
      -0.9263372,
      0.37162343,
      0,
      -0.9978195,
      -0.06600293,
      0.00091007835,
      0,
      0.023685167,
      -0.37086895,
      -0.92838365,
      0,
      1.1230471,
      1.5814486,
      -1.2182117,
      0.99999994
    ]
  },
  {
    "keyframeTimestamp" : 1251052.58417825,
    "uuid" : "173206B9-D637-468B-A2CA-56DF647D3870",
    "transform" : [
      -0.4066545,
      -0.9129123,
      -0.03499105,
      0,
      -0.18730474,
      0.045824707,
      0.98123294,
      0,
      -0.8941761,
      0.40557668,
      -0.18962763,
      0,
      0.6925501,
      1.364539,
      -3.0066473,
      1.0000001
    ]
  },
  {
    "keyframeTimestamp" : 1251090.419834875,
    "uuid" : "6EAEBA62-B42F-49C2-82EC-008120C2DF6F",
    "transform" : [
      -0.07528588,
      -0.99422365,
      -0.07649338,
      0,
      0.59531075,
      0.016726913,
      -0.80332166,
      0,
      0.7999611,
      -0.10601611,
      0.59061277,
      0,
      0.20014137,
      0.15720868,
      0.22804737,
      1
    ]
  },
  {
    "keyframeTimestamp" : 1251090.869465,
    "uuid" : "9CF0E9AF-951B-484B-B2F0-651BC9B6638E",
    "transform" : [
      0.28132173,
      -0.94845855,
      0.14589246,
      0,
      0.5951724,
      0.053194806,
      -0.80183595,
      0,
      0.7527472,
      0.31240493,
      0.5794611,
      0,
      -0.7352376,
      -1.2886887,
      3.6818347,
      1
    ]
  },
  {
    "keyframeTimestamp" : 1251082.426403166,
    "uuid" : "6E1DE594-9726-4CCF-AA51-B49C905A66BC",
    "transform" : [
      -0.7707295,
      -0.6228131,
      -0.1344651,
      0,
      0.12873693,
      0.05446824,
      -0.9901821,
      0,
      0.62402236,
      -0.7804729,
      0.03819878,
      0,
      1.2941816,
      1.7247185,
      -1.2685844,
      0.99999994
    ]
  },
  {
    "keyframeTimestamp" : 1251067.45534625,
    "uuid" : "C4A53196-2263-4BC0-99BD-D517ABF79040",
    "transform" : [
      -0.18718474,
      -0.96562505,
      0.18036117,
      0,
      0.7654233,
      -0.02829298,
      0.6429051,
      0,
      -0.6157022,
      0.25839463,
      0.74440783,
      0,
      1.3233931,
      1.0285674,
      -3.5406764,
      1
    ]
  },
  {
    "keyframeTimestamp" : 1251099.062722458,
    "uuid" : "24AF9CED-2524-41D1-A477-F4CD1CF88390",
    "transform" : [
      0.31829673,
      -0.92562085,
      0.20472696,
      0,
      0.61563444,
      0.037603755,
      -0.7871342,
      0,
      0.72088945,
      0.37657917,
      0.58181316,
      0,
      -0.75301325,
      -0.3738644,
      -0.21566224,
      1
    ]
  },
  {
    "keyframeTimestamp" : 1251078.03001175,
    "uuid" : "21B009B3-940F-425A-838C-B5C116241EAA",
    "transform" : [
      -0.013788276,
      -0.97257483,
      -0.2321824,
      0,
      -0.99254906,
      0.04142721,
      -0.11458895,
      0,
      0.12106492,
      0.22887234,
      -0.96589935,
      0,
      1.3215852,
      1.335766,
      -2.2344139,
      0.99999994
    ]
  },
  {
    "keyframeTimestamp" : 1251131.552618166,
    "uuid" : "E3DC3DA0-D6F5-4301-B91E-D28F4086008D",
    "transform" : [
      0.23598416,
      -0.90009636,
      -0.3662484,
      0,
      -0.7454629,
      0.07409364,
      -0.6624162,
      0,
      0.6233751,
      0.42934433,
      -0.65350366,
      0,
      -3.7091415,
      -1.4491946,
      -7.2069697,
      0.9999999
    ]
  },
  {
    "keyframeTimestamp" : 1251110.2035495,
    "uuid" : "ED28450A-2A56-469B-9F54-1A392A77AD82",
    "transform" : [
      0.028639054,
      -0.9966991,
      0.075964205,
      0,
      0.51761526,
      0.079800114,
      0.8518841,
      0,
      -0.8551341,
      0.014923086,
      0.5181921,
      0,
      -0.8011153,
      -1.230371,
      -1.6657875,
      1
    ]
  },
  {
    "keyframeTimestamp" : 1251079.362252041,
    "uuid" : "0177FB86-A007-4A6C-BF64-2D0D62C64870",
    "transform" : [
      0.11575552,
      -0.8638942,
      0.49019137,
      0,
      -0.9922858,
      -0.07852279,
      0.09593633,
      0,
      -0.04438765,
      -0.49751487,
      -0.86631924,
      0,
      1.2588452,
      1.5489695,
      -1.6361588,
      1.0000001
    ]
  },
  {
    "keyframeTimestamp" : 1251109.137760416,
    "uuid" : "CDAA70D3-DF2D-4D44-8FED-B63152ED3125",
    "transform" : [
      -0.4030182,
      -0.9133809,
      0.057542913,
      0,
      0.054773875,
      0.03868979,
      0.997749,
      0,
      -0.91355133,
      0.40526283,
      0.034436714,
      0,
      -1.4424381,
      -1.355202,
      -1.6836677,
      1
    ]
  },
  {
    "keyframeTimestamp" : 1251135.615927666,
    "uuid" : "91F12FAC-BBF7-468A-A0ED-AC54D77E4C2E",
    "transform" : [
      0.05335732,
      -0.9629157,
      0.26447347,
      0,
      -0.9151504,
      0.05882292,
      0.3987979,
      0,
      -0.39956596,
      -0.26331174,
      -0.87807405,
      0,
      -2.7058303,
      -1.123491,
      -6.623894,
      1
    ]
  },
  {
    "keyframeTimestamp" : 1251044.240987416,
    "uuid" : "009F51F5-609E-4A63-98A5-EEDA2BD46119",
    "transform" : [
      -0.13464122,
      -0.9908114,
      0.012815589,
      0,
      0.037557907,
      -0.018026948,
      -0.9991317,
      0,
      0.99018216,
      -0.13404296,
      0.039639995,
      0,
      0.83029616,
      1.4956353,
      -2.7809029,
      0.99999994
    ]
  },
  {
    "keyframeTimestamp" : 1251059.611766375,
    "uuid" : "A88D885C-DF5F-4301-BA56-9D1040AA7941",
    "transform" : [
      0.10316708,
      -0.97415847,
      -0.20092745,
      0,
      -0.85343015,
      0.017063841,
      -0.52092826,
      0,
      0.51089513,
      0.22522014,
      -0.82961565,
      0,
      0.7573064,
      1.4545821,
      -2.7639496,
      0.99999994
    ]
  },
  {
    "keyframeTimestamp" : 1251072.601130875,
    "uuid" : "56E268F0-FBBA-4AD6-AB73-2DA4C5DBB736",
    "transform" : [
      -0.2333632,
      -0.9665323,
      -0.10656894,
      0,
      0.13765998,
      -0.14132896,
      0.9803444,
      0,
      -0.9625965,
      0.21410608,
      0.16603383,
      0,
      1.1847627,
      1.5967377,
      -4.3803787,
      1
    ]
  },
  {
    "keyframeTimestamp" : 1251072.334682416,
    "uuid" : "5C72FA75-911C-416C-885B-C9C5685E099B",
    "transform" : [
      -0.22807993,
      -0.9719744,
      -0.05696424,
      0,
      0.08869612,
      -0.07900495,
      0.9929209,
      0,
      -0.969594,
      0.22141276,
      0.10422976,
      0,
      1.2241542,
      1.500684,
      -4.5854807,
      0.99999994
    ]
  },
  {
    "keyframeTimestamp" : 1251111.785579625,
    "uuid" : "108A4868-6D49-4838-B589-78472A2AD406",
    "transform" : [
      0.019110484,
      -0.932067,
      0.36178175,
      0,
      0.9997064,
      0.023209214,
      0.0069867526,
      0,
      -0.014908772,
      0.3615419,
      0.93223673,
      0,
      -0.04176951,
      -1.3448838,
      -2.1242201,
      1.0000001
    ]
  },
  {
    "keyframeTimestamp" : 1251066.889143166,
    "uuid" : "03595BDE-0A11-4DB3-A068-F7F875E30D38",
    "transform" : [
      -0.017142758,
      -0.98596203,
      0.16608714,
      0,
      0.99809724,
      -0.0070348238,
      0.061257422,
      0,
      -0.0592291,
      0.16682132,
      0.984207,
      0,
      1.3844595,
      1.0615772,
      -3.5689769,
      0.9999999
    ]
  },
  {
    "keyframeTimestamp" : 1251072.534518916,
    "uuid" : "FDE4E7C7-E742-4E51-9269-C94923B81D25",
    "transform" : [
      -0.21523225,
      -0.97172934,
      -0.097040504,
      0,
      0.1266162,
      -0.12629847,
      0.9838786,
      0,
      -0.96831995,
      0.19947554,
      0.15022022,
      0,
      1.1885254,
      1.5788653,
      -4.437557,
      0.99999994
    ]
  },
  {
    "keyframeTimestamp" : 1251049.253565,
    "uuid" : "D994FE9B-8A86-4BAB-9E83-7BA48C28500D",
    "transform" : [
      0.12526526,
      -0.9388923,
      -0.32060906,
      0,
      0.9784328,
      0.06340777,
      0.19659634,
      0,
      -0.16425368,
      -0.33832103,
      0.92658585,
      0,
      0.5646664,
      1.6247733,
      -3.0150409,
      1.0000001
    ]
  },
  {
    "keyframeTimestamp" : 1251047.788094375,
    "uuid" : "3E73ADC0-31D2-4169-9E6B-1148444E780E",
    "transform" : [
      0.091596946,
      -0.98208404,
      -0.1646841,
      0,
      0.97836244,
      0.057943296,
      0.19862151,
      0,
      -0.18552071,
      -0.1793138,
