[
  {
    "keyframeTimestamp" : 1251257.9604985,
    "uuid" : "75CD089B-E1A1-470E-8C5F-92915D3E68E5",
    "transform" : [
      0.1309824,
      -0.99113816,
      0.022104865,
      0,
      0.16490188,
      -0.00020482438,
      -0.9863101,
      0,
      0.97757417,
      0.13283437,
      0.16341373,
      0,
      4.3237762,
      -1.3390174,
      -8.004732,
      1
    ]
  },
  {
    "keyframeTimestamp" : 1251326.368308375,
    "uuid" : "7B1FE6A9-2656-4A17-BD10-262131759B94",
    "transform" : [
      -0.59458715,
      -0.7826525,
      -0.184176,
      0,
      -0.28827456,
      -0.0063235546,
      0.9575272,
      0,
      -0.7505758,
      0.62242657,
      -0.22185892,
      0,
      -2.9298885,
      -1.3708314,
      -9.026073,
      0.99999994
    ]
  },
  {
    "keyframeTimestamp" : 1251049.619932333,
    "uuid" : "57FCB923-AB68-4AA2-BC82-D86D791EE8F1",
    "transform" : [
      0.15961392,
      -0.8295739,
      -0.5350972,
      0,
      0.97091293,
      0.033925723,
      0.2370173,
      0,
      -0.17846982,
      -0.5573641,
      0.81085914,
      0,
      0.5310545,
      1.6723015,
      -2.9086099,
      1
    ]
  },
  {
    "keyframeTimestamp" : 1251186.090578458,
    "uuid" : "D4A19BE5-80C6-4EAA-9BEB-8A00F43155F8",
    "transform" : [
      0.10750911,
      -0.9917222,
      0.07020471,
      0,
      0.87727755,
      0.06140326,
      -0.47604126,
      0,
      0.46778983,
      0.11276774,
      0.8766168,
      0,
      -2.6920278,
      -1.2782662,
      0.69213176,
      1
    ]
  },
  {
    "keyframeTimestamp" : 1251073.966678416,
    "uuid" : "E459A8B6-EFB7-4D5B-AE3A-9CD0C0EFA084",
    "transform" : [
      0.027712816,
      -0.99876666,
      0.041198034,
      0,
      0.1401579,
      0.044689078,
      0.98912036,
      0,
      -0.98974216,
      -0.021637088,
      0.14122355,
      0,
      1.1517913,
      1.5405785,
      -3.3957462,
      1
    ]
  },
  {
    "keyframeTimestamp" : 1251289.648696,
    "uuid" : "7402ECD9-DABE-414C-B6FE-321B5921F545",
    "transform" : [
      -0.060191628,
      -0.9942139,
      0.088969156,
      0,
      -0.9888579,
      0.04723454,
      -0.14116943,
      0,
      0.13615018,
      -0.096475065,
      -0.9859795,
      0,
      -5.1689696,
      -1.2127727,
      -11.885217,
      0.9999999
    ]
  },
  {
    "keyframeTimestamp" : 1251167.156405666,
    "uuid" : "04BB23CC-CAB6-4FA5-B840-836F16E28605",
    "transform" : [
      -0.29744777,
      -0.9546438,
      -0.013414158,
      0,
      0.016661568,
      -0.019238325,
      0.9996759,
      0,
      -0.9545932,
      0.29712808,
      0.021628255,
      0,
      -3.3090131,
      -1.3637605,
      1.1723504,
      1
    ]
  },
  {
    "keyframeTimestamp" : 1251306.042569708,
    "uuid" : "15F24173-1D18-4B4F-BDDE-285E68CB7C89",
    "transform" : [
      0.06042811,
      -0.99801046,
      -0.017988041,
      0,
      0.6162169,
      0.023121955,
      0.78723764,
      0,
      -0.7852555,
      -0.058655817,
      0.61638814,
      0,
      -1.79906,
      -1.2112814,
      -10.025387,
      1.0000001
    ]
  },
  {
    "keyframeTimestamp" : 1251320.903681458,
    "uuid" : "82A99AF5-E768-4C1A-A4A6-13A8B417FC16",
    "transform" : [
      -0.124065734,
      -0.9908417,
      0.053297464,
      0,
      0.45002767,
      -0.008315808,
      0.8929761,
      0,
      -0.8843546,
      0.13477302,
      0.4469377,
      0,
      -2.036134,
      -1.2199736,
      -9.52568,
      1
    ]
  },
  {
    "keyframeTimestamp" : 1251184.558528625,
    "uuid" : "891BE3B2-DAA6-4FE4-A1BA-50A041C79DCA",
    "transform" : [
      0.29541957,
      -0.9218964,
      0.25066695,
      0,
      0.6566108,
      0.005336767,
      -0.75421077,
      0,
      0.6939666,
      0.38739932,
      0.606904,
      0,
      -1.7826407,
      -1.3467166,
      1.5314298,
      1
    ]
  },
  {
    "keyframeTimestamp" : 1251222.940187458,
    "uuid" : "61324534-3532-4923-8D61-4F8EEAB4F830",
    "transform" : [
      -0.018426483,
      -0.98249334,
      0.185385,
      0,
      0.9312586,
      0.050617952,
      0.36082545,
      0,
      -0.36389238,
      0.1792901,
      0.91402256,
      0,
      -0.14349705,
      -1.3046721,
      -6.604698,
      0.99999994
    ]
  },
  {
    "keyframeTimestamp" : 1251233.4362785,
    "uuid" : "289A960E-9A72-4BD2-B9FB-93AEF847E988",
    "transform" : [
      -0.115799844,
      -0.9742581,
      0.19341752,
      0,
      -0.8358526,
      -0.009616936,
      -0.54886967,
      0,
      0.536601,
      -0.2252276,
      -0.8132229,
      0,
      1.6913173,
      -1.1872215,
      -8.963057,
      1
    ]
  },
  {
    "keyframeTimestamp" : 1251210.178301375,
    "uuid" : "DAF16443-19D7-40E0-B051-4C36D2DC0CFE",
    "transform" : [
      0.0145530505,
      -0.9988052,
      0.046647377,
      0,
      0.27685902,
      0.04885351,
      0.9596682,
      0,
      -0.96080065,
      -0.0010513536,
      0.2772392,
      0,
      2.2486486,
      -1.2332814,
      -4.312624,
      1
    ]
  },
  {
    "keyframeTimestamp" : 1251247.364436458,
    "uuid" : "563B4707-4309-476E-9805-FB91892660F7",
    "transform" : [
      0.00052719895,
      -0.99927473,
      0.03807207,
      0,
      0.91208744,
      0.016089898,
      0.40968037,
      0,
      -0.4099959,
      0.03450908,
      0.9114347,
      0,
      2.0333645,
      -1.2753681,
      -6.7819605,
      1.0000001
    ]
  },
  {
    "keyframeTimestamp" : 1251169.387878375,
    "uuid" : "7B47EA4D-0A6C-4BFE-9E86-F8D249A5E17A",
    "transform" : [
      -0.07878712,
      -0.99362797,
      -0.080598995,
      0,
      -0.9055918,
      0.037536144,
      0.4224865,
      0,
      -0.41676903,
      0.10627629,
      -0.9027786,
      0,
      -1.910915,
      -1.2970928,
      1.2051784,
      1.0000001
    ]
  },
  {
    "keyframeTimestamp" : 1251182.393675125,
    "uuid" : "05E6DF05-49D9-4283-BEE7-B49CBA68EAD1",
    "transform" : [
      0.051598992,
      -0.9856734,
      -0.16057855,
      0,
      0.99022025,
      0.071366735,
      -0.119878754,
      0,
      0.12962136,
      -0.15282254,
      0.97971666,
      0,
      -0.9512434,
      -1.1645837,
      2.0704193,
      1
    ]
  },
  {
    "keyframeTimestamp" : 1251072.601130875,
    "uuid" : "56E268F0-FBBA-4AD6-AB73-2DA4C5DBB736",
    "transform" : [
      -0.2333632,
      -0.9665323,
      -0.10656894,
      0,
      0.13765998,
      -0.14132896,
      0.9803444,
      0,
      -0.9625965,
      0.21410608,
      0.16603383,
      0,
      1.1847627,
      1.5967377,
      -4.3803787,
      1
    ]
  },
  {
    "keyframeTimestamp" : 1251250.33000175,
    "uuid" : "1F4C6CDF-7A78-4D8C-A024-07894FC63635",
    "transform" : [
      -0.35795334,
      -0.92818534,
      0.101689406,
      0,
      0.10132225,
      0.069651194,
      0.99241257,
      0,
      -0.9282262,
      0.36554092,
      0.069113985,
      0,
      2.1431231,
      -1.438308,
      -6.78308,
      1
    ]
  },
  {
    "keyframeTimestamp" : 1251294.113695416,
    "uuid" : "8DB7E806-6869-41B7-A01F-CD82CC5A3F6F",
    "transform" : [
      -0.068348035,
      -0.9954688,
      0.06610848,
      0,
      -0.60956705,
      0.094124995,
      0.78712744,
      0,
      -0.78978294,
      0.013501045,
      -0.61323804,
      0,
      -3.9186618,
      -1.2506665,
      -12.490862,
      1.0000001
    ]
  },
  {
    "keyframeTimestamp" : 1251314.905924083,
    "uuid" : "CBD3A73F-910C-4C8D-B34F-CB5480699DFE",
    "transform" : [
      0.11762606,
      -0.8987985,
      -0.4222861,
      0,
      -0.87850153,
      0.1040955,
      -0.46626118,
      0,
      0.46303284,
      0.4258234,
      -0.7773514,
      0,
      -1.5695038,
      -1.337498,
      -10.647097,
      1
    ]
  },
  {
    "keyframeTimestamp" : 1251330.06693075,
    "uuid" : "EF689C8E-BBB0-4A69-AB2B-B98E182CFD07",
    "transform" : [
      -0.031594664,
      -0.9527046,
      -0.30225086,
      0,
      -0.99917966,
      0.02243994,
      0.033714045,
      0,
      -0.025337059,
      0.3030682,
      -0.9526323,
      0,
      -1.0744472,
      -1.3298111,
      -7.7780466,
      1
    ]
  },
  {
    "keyframeTimestamp" : 1251216.709182166,
    "uuid" : "AF73E217-6C74-4CFE-97CB-BA8A2A7E0A64",
    "transform" : [
      -0.05312347,
      -0.98606974,
      -0.15761805,
      0,
      0.8144727,
      0.04853815,
      -0.5781675,
      0,
      0.5777643,
      -0.15908991,
      0.8005489,
      0,
      1.1990849,
      -0.9278228,
      -4.887785,
      1
    ]
  },
  {
    "keyframeTimestamp" : 1251083.975131416,
    "uuid" : "650B14E4-9A66-4248-AFA7-EE1AC2285F33",
    "transform" : [
      0.21630967,
      -0.89938915,
      -0.37987927,
      0,
      -0.4875637,
      0.2375907,
      -0.8401387,
      0,
      0.84586775,
      0.3669455,
      -0.38711652,
      0,
      1.2105327,
      1.41351,
      -1.398492,
      0.9999999
    ]
  },
  {
    "keyframeTimestamp" : 1251093.067656833,
    "uuid" : "378ECE69-B559-420B-95D0-0FD243AAF268",
    "transform" : [
      0.10682904,
      -0.99208915,
      0.065919444,
      0,
      0.68917006,
      0.026095552,
      -0.7241305,
      0,
      0.71668196,
      0.12278785,
      0.6865059,
      0,
      0.13921899,
      0.07493794,
      0.3624339,
      1
    ]
  },
  {
    "keyframeTimestamp" : 1251055.015524625,
    "uuid" : "957DDAD0-D670-48BA-BAEF-1960DCB2F39F",
    "transform" : [
      0.22943842,
      -0.9223032,
      0.31099015,
      0,
      -0.8478211,
      -0.03243898,
      0.5292905,
      0,
      -0.47807834,
      -0.3851038,
      -0.7893913,
      0,
      0.61989206,
      1.619757,
      -3.0848155,
      1
    ]
  },
  {
    "keyframeTimestamp" : 1251088.238295166,
    "uuid" : "D558818F-4970-47DD-8A78-C32C301CE09C",
    "transform" : [
      0.14171857,
      -0.98301995,
      -0.11656624,
      0,
      -0.24498717,
      0.07926236,
      -0.96628064,
      0,
      0.95911324,
      0.16549726,
      -0.22959448,
      0,
      0.6042534,
      0.46146882,
      -0.19355464,
      1
    ]
  },
  {
    "keyframeTimestamp" : 1251163.559402916,
    "uuid" : "AAFADD2B-24D1-45EE-9987-911FF91BA9A0",
    "transform" : [
      -0.16962284,
      -0.980747,
      -0.09676048,
      0,
      0.4018625,
      0.020816451,
      -0.9154638,
      0,
      0.89985263,
      -0.19416797,
      0.3905945,
      0,
      -3.5215971,
      -1.2000045,
      2.1815906,
      1.0000001
    ]
  },
  {
    "keyframeTimestamp" : 1251188.821623125,
    "uuid" : "B130FAEA-726B-4A74-9D49-678C9D65F83A",
    "transform" : [
      -0.092024274,
      -0.97349805,
      0.20936336,
      0,
      0.8314125,
      0.040589076,
      0.5541728,
      0,
      -0.54798365,
      0.22506447,
      0.80564255,
      0,
      -3.3257744,
      -1.3019595,
      -1.1196603,
      1
    ]
  },
  {
    "keyframeTimestamp" : 1251310.507567625,
    "uuid" : "F08E4016-A6B2-4CE8-A995-45285B201480",
    "transform" : [
      -0.0495074,
      -0.968716,
      -0.2431829,
      0,
      -0.9778591,
      -0.002554239,
      0.20924821,
      0,
      -0.20332333,
      0.24815793,
      -0.9471416,
      0,
      -1.397517,
      -1.2890663,
      -10.658823,
      1
    ]
  },
  {
    "keyframeTimestamp" : 1251289.315487125,
    "uuid" : "49A33D21-B924-455D-8708-9A40BB81933A",
    "transform" : [
      -0.07464034,
      -0.92391515,
      0.37524563,
      0,
      -0.9789024,
      -0.003889774,
      -0.20429136,
      0,
      0.19020751,
      -0.38257718,
      -0.9041324,
      0,
      -5.187825,
      -1.1015309,
      -11.878882,
      0.99999994
    ]
  },
  {
    "keyframeTimestamp" : 1251237.668037916,
    "uuid" : "269D5BFE-56D5-4B70-B467-7D9D8AF7E88F",
    "transform" : [
      -0.4104875,
      -0.90994817,
      0.0591137,
      0,
      -0.14261419,
      3.5007608e-05,
      -0.98977876,
      0,
      0.90064496,
      -0.41472208,
      -0.12978584,
      0,
      0.6562536,
      -0.9718078,
      -7.953684,
      1.0000001
    ]
  },
  {
    "keyframeTimestamp" : 1251220.807649583,
    "uuid" : "21F75AF6-DDBA-47B8-A879-8452FA9E7898",
    "transform" : [
      0.13318008,
      -0.9862762,
      0.0975845,
      0,
      0.762438,
      0.03904938,
      -0.6458823,
      0,
      0.6332076,
      0.16042073,
      0.7571749,
      0,
      0.23550081,
      -1.3172804,
      -5.631359,
      0.99999994
    ]
  },
  {
    "keyframeTimestamp" : 1251057.346952166,
    "uuid" : "86D654F2-4339-4FD1-90D9-AF2BC5642E10",
    "transform" : [
      -0.04840907,
      -0.9875187,
      0.14987323,
      0,
      -0.9970786,
      0.056654323,
      0.051240433,
      0,
      -0.059091907,
      -0.14695494,
      -0.98737687,
      0,
      0.58541864,
      1.5497544,
      -3.1975522,
      0.9999999
    ]
  },
  {
    "keyframeTimestamp" : 1251082.17660825,
    "uuid" : "4FE349E3-171E-4597-801C-07E6119BF8EB",
    "transform" : [
      -0.71141386,
      -0.7026984,
      -0.010332402,
      0,
      -0.113929026,
      0.12982489,
      -0.98497146,
      0,
      0.6934782,
      -0.6995441,
      -0.17241667,
      0,
      1.2730252,
      1.7120957,
      -1.2905288,
      1
    ]
  },
  {
    "keyframeTimestamp" : 1251238.167852083,
    "uuid" : "5E24070A-C339-4DB3-B4C7-C086BC413780",
    "transform" : [
      -0.30080262,
      -0.9534445,
      -0.02148298,
      0,
      0.23516591,
      -0.052324284,
      -0.9705459,
      0,
      0.9242376,
      -0.2969948,
      0.2399569,
      0,
      0.7163322,
      -0.9694219,
      -7.9781384,
      0.99999994
    ]
  },
  {
    "keyframeTimestamp" : 1251151.852472541,
    "uuid" : "E2A968F7-4DA2-466C-A981-EFAFCFD5AFC1",
    "transform" : [
      -0.11516857,
      -0.9930081,
      0.025905808,
      0,
      -0.6394468,
      0.09406955,
      0.7630587,
      0,
      -0.7601605,
      0.07131497,
      -0.64580977,
      0,
      -5.104023,
      -1.2698209,
      -3.631241,
      1
    ]
  },
  {
    "keyframeTimestamp" : 1251180.894929916,
    "uuid" : "430CA043-0868-4863-BBE7-8805B4303237",
    "transform" : [
      -0.14674692,
      -0.8565216,
      0.49480858,
      0,
      0.9609184,
      -0.004731886,
      0.27679163,
      0,
      -0.23473659,
      0.5160889,
      0.8237417,
      0,
      -0.9499825,
      -1.4119749,
      1.9981141,
      1
    ]
  },
  {
    "keyframeTimestamp" : 1251274.354396458,
    "uuid" : "997C2113-8C14-4578-A754-445282F8698A",
    "transform" : [
      0.2717285,
      -0.944824,
      0.1829528,
      0,
      -0.2740768,
      0.10625838,
      0.9558201,
      0,
      -0.92252153,
      -0.30986652,
      -0.23008071,
      0,
      -0.46227396,
      -1.1182652,
      -7.6175513,
      1
    ]
  },
  {
    "keyframeTimestamp" : 1251316.705251416,
    "uuid" : "E1551001-2AD7-4BE4-BE12-9F5C7A320B9A",
    "transform" : [
      -0.2194957,
      -0.86114,
      -0.45854038,
      0,
      -0.9007574,
      -0.0016728037,
      0.43431926,
      0,
      -0.37477678,
      0.5083647,
      -0.7753112,
      0,
      -1.5519937,
      -1.3923177,
      -10.281921,
      0.9999999
    ]
  },
  {
    "keyframeTimestamp" : 1251105.790516625,
    "uuid" : "0AB24149-8316-4B2F-A909-BCBBA2842A75",
    "transform" : [
      -0.062295087,
      -0.9939898,
      0.09001538,
      0,
      0.38801515,
      0.058975916,
      0.9197638,
      0,
      -0.91954535,
      0.09222415,
      0.38200936,
      0,
      -1.6681211,
      -1.2482301,
      -1.2359625,
      0.99999994
    ]
  },
  {
    "keyframeTimestamp" : 1251164.108945166,
    "uuid" : "D001C3A1-7B15-47D8-887C-41C703592318",
    "transform" : [
      0.23851784,
      -0.9436718,
      0.22933473,
      0,
      0.59339476,
      -0.045319114,
      -0.80363566,
      0,
      0.76876074,
      0.32776693,
      0.5491597,
      0,
      -3.6160514,
      -1.3764387,
      2.2494082,
      1.0000001
    ]
  },
  {
    "keyframeTimestamp" : 1251286.549851875,
    "uuid" : "1A48ADD3-6EC0-43E2-BC94-7B88D0B07156",
    "transform" : [
      0.33090216,
      -0.94333655,
      0.024907563,
      0,
      0.13976553,
      0.07509595,
      0.98733336,
      0,
      -0.93325764,
      -0.3232293,
      0.15669525,
      0,
      -4.9642563,
      -1.144552,
      -11.746249,
      1
    ]
  },
  {
    "keyframeTimestamp" : 1251180.611833875,
    "uuid" : "B7060CED-C0B9-4AFC-925F-7034AD27755C",
    "transform" : [
      -0.3156641,
      -0.839087,
      0.4430454,
      0,
      0.8446108,
      -0.035684656,
      0.5341908,
      0,
      -0.43242246,
      0.5428257,
      0.71996605,
      0,
      -1.059774,
      -1.4129144,
      2.0929847,
      1.0000001
    ]
  },
  {
    "keyframeTimestamp" : 1251281.684997875,
    "uuid" : "1569E80C-5C53-4A85-A40D-5536A702EEDF",
    "transform" : [
      -0.15327331,
      -0.9737647,
      -0.16819543,
      0,
      0.48899794,
      0.07316654,
      -0.86921126,
      0,
      0.8587135,
      -0.21547407,
      0.4649545,
      0,
      -3.312691,
      -1.2229608,
      -9.580563,
      0.99999994
    ]
  },
  {
    "keyframeTimestamp" : 1251147.339551541,
    "uuid" : "7D4B109B-A6C3-4BC0-B6E4-E9496AD3F53F",
    "transform" : [
      -0.04152021,
      -0.9976725,
      -0.054087915,
      0,
      -0.9394311,
      0.057415016,
      -0.33789468,
      0,
      0.34021366,
      0.036782414,
      -0.9396283,
      0,
      -5.022134,
      -1.2166839,
      -4.43178,
      1
    ]
  },
  {
    "keyframeTimestamp" : 1251048.970462416,
    "uuid" : "0CE4221D-1377-49D6-A1CB-DC17E084BD7C",
    "transform" : [
      0.11795948,
      -0.9900175,
      -0.07714325,
      0,
      0.95413154,
      0.09147054,
      0.28507233,
      0,
      -0.2751704,
      -0.10723183,
      0.9553972,
      0,
      0.6169042,
      1.5468174,
      -3.0941567,
      1
    ]
  },
  {
    "keyframeTimestamp" : 1251243.56584725,
    "uuid" : "BB6B0CEA-814B-4796-896B-06B6543C4C1C",
    "transform" : [
      -0.03131216,
      -0.971458,
      -0.23513365,
      0,
      -0.9881282,
      -0.005313484,
      0.1535393,
      0,
      -0.15040648,
      0.23714992,
      -0.95975935,
      0,
      0.5648616,
      -1.3386167,
      -7.1163735,
      0.9999999
    ]
  },
  {
    "keyframeTimestamp" : 1251260.359605916,
    "uuid" : "E2E0913B-0E21-4DB4-ACEF-ABBEE72A3DDE",
    "transform" : [
      -0.17041308,
      -0.9591821,
      0.2256748,
      0,
      -0.919986,
      0.072837755,
      -0.3851249,
      0,
      0.35296732,
      -0.27324796,
      -0.89484686,
      0,
      4.3442698,
      -1.1146145,
      -7.7093315,
      1
    ]
  },
  {
    "keyframeTimestamp" : 1251133.817414333,
    "uuid" : "701B8DFB-84BD-442B-9274-21305E9CD491",
    "transform" : [
      -0.11760022,
      -0.98304033,
      -0.14071824,
      0,
      -0.7217535,
      -0.012719069,
      0.69203347,
      0,
      -0.6820866,
      0.18294713,
      -0.7080171,
      0,
      -3.8557408,
      -1.2959394,
      -7.2578907,
      1
    ]
  },
  {
    "keyframeTimestamp" : 1251103.309226125,
    "uuid" : "D0F47CDC-4C4D-4F1D-8236-0867A6E49F70",
    "transform" : [
      -0.02616584,
      -0.9990017,
      -0.036197335,
      0,
      0.99583036,
      -0.02288289,
      -0.088312745,
      0,
      0.08739634,
      -0.03835719,
      0.9954355,
      0,
      -1.6420097,
      -1.2235925,
      -1.010031,
      1
    ]
  },
  {
    "keyframeTimestamp" : 1251058.379440916,
    "uuid" : "0ADCEE84-5F93-45DC-A373-8949185128D9",
    "transform" : [
      0.009290695,
      -0.9951174,
      -0.09825185,
      0,
      -0.96610266,
      0.01641741,
      -0.25763404,
      0,
      0.25798947,
      0.09731507,
      -0.9612343,
      0,
      0.56587505,
      1.510102,
      -3.1235654,
      1
    ]
  },
  {
    "keyframeTimestamp" : 1251194.684177208,
    "uuid" : "FB009973-EED4-4E61-A963-98EE89D76205",
    "transform" : [
      0.04667139,
      -0.9231962,
      0.38148317,
      0,
      0.99259865,
      -1.6248187e-06,
      -0.12144036,
      0,
      0.11211397,
      0.38432768,
      0.91636384,
      0,
      -0.94264376,
      -1.3611518,
      -5.8644543,
      0.9999999
    ]
  },
  {
    "keyframeTimestamp" : 1251115.216087208,
    "uuid" : "126D366D-E9DB-4081-956A-7A40924693F5",
    "transform" : [
      -0.20811303,
      -0.95921594,
      -0.19129346,
      0,
      -0.82079834,
      0.06490306,
      0.56751937,
      0,
      -0.5319582,
      0.2751215,
      -0.8008301,
      0,
      0.7593416,
      -1.3334864,
      -3.0693295,
      0.99999994
    ]
  },
  {
    "keyframeTimestamp" : 1251158.513602041,
    "uuid" : "3EE6F12D-CE03-40FA-88EB-65B004D8848E",
    "transform" : [
      -0.10646108,
      -0.97154695,
      -0.21157168,
      0,
      -0.9931324,
      0.09351471,
      0.07031187,
      0,
      -0.048526242,
      0.21760415,
      -0.97483057,
      0,
      -4.10544,
      -1.3323108,
      -0.035509165,
      0.99999994
    ]
  },
  {
    "keyframeTimestamp" : 1251108.454989083,
    "uuid" : "20CDCCD4-09AD-4D2A-931B-96C4A2BB6D1B",
    "transform" : [
      -0.4452341,
      -0.87957305,
      -0.16768387,
      0,
      -0.46761885,
      0.06870079,
      0.8812564,
      0,
      -0.76360905,
      0.4707772,
      -0.4418927,
      0,
      -1.7570157,
      -1.3703185,
      -1.892071,
      0.99999994
    ]
  },
  {
    "keyframeTimestamp" : 1251148.455292625,
    "uuid" : "4D65C135-4FC9-4DA1-A4DB-AAC2A4995A5A",
    "transform" : [
      0.09178242,
      -0.98261845,
      -0.16136001,
      0,
      -0.87028337,
      -0.00040564363,
      -0.49255142,
      0,
      0.4839248,
      0.18563652,
      -0.8551938,
      0,
      -5.5334816,
      -1.3357246,
      -3.8895574,
      1
    ]
  },
  {
    "keyframeTimestamp" : 1251054.432667583,
    "uuid" : "97973637-EC0C-40C3-AE5E-8FD7EFDAD8BB",
    "transform" : [
      0.2933034,
      -0.9106668,
      0.29096067,
      0,
      -0.6971201,
      0.004539879,
      0.7169421,
      0,
      -0.6542158,
      -0.41311562,
      -0.63351184,
      0,
      0.6607761,
      1.6292019,
      -3.1212397,
      1
    ]
  },
  {
    "keyframeTimestamp" : 1251044.624008541,
    "uuid" : "6D1BA983-2970-4B84-88CF-A3CF04FFE0D6",
    "transform" : [
      0.061710212,
      -0.9973429,
      0.038705364,
      0,
      -0.047793124,
      -0.041687552,
      -0.99798757,
      0,
      0.99694926,
      0.05973615,
      -0.05023866,
      0,
      0.8301362,
      1.467579,
      -2.7040648,
      1
    ]
  },
  {
    "keyframeTimestamp" : 1251113.417568666,
    "uuid" : "FA9D6CFC-4921-4D2D-9075-A1057892548D",
    "transform" : [
      0.12247153,
      -0.9924572,
      0.0052472735,
      0,
      0.513157,
      0.0678485,
      0.8556078,
      0,
      -0.84951174,
      -0.10209508,
      0.51759684,
      0,
      0.43827546,
      -1.2126607,
      -2.596115,
      0.9999999
    ]
  },
  {
    "keyframeTimestamp" : 1251318.204690666,
    "uuid" : "1A20CC82-BE61-41A9-8F5B-20B56B2E026F",
    "transform" : [
      0.21521287,
      -0.9765186,
      0.009703805,
      0,
      0.1357521,
      0.03975532,
      0.98994464,
      0,
      -0.96708554,
      -0.21173155,
      0.14112027,
      0,
      -1.5865691,
      -1.1623447,
      -9.943152,
      1
    ]
  },
  {
    "keyframeTimestamp" : 1251253.961985416,
    "uuid" : "E620C187-65F8-4E86-923D-6C77F3DDD765",
    "transform" : [
      -0.542131,
      -0.72892684,
      0.41804284,
      0,
      0.54318684,
      0.07557742,
      0.8362035,
      0,
      -0.64112586,
      0.6804069,
      0.35497054,
      0,
      3.8103533,
      -1.5313438,
      -6.327793,
      0.99999994
    ]
  },
  {
    "keyframeTimestamp" : 1251085.040922791,
    "uuid" : "1C86DE1A-FDF5-4C8E-BBF8-29CA8339B5E9",
    "transform" : [
      0.2120959,
      -0.7362281,
      -0.6426379,
      0,
      -0.94230837,
      0.020198157,
      -0.33413875,
      0,
      0.25898224,
      0.6764317,
      -0.6894694,
      0,
      1.2044625,
      1.2483982,
      -1.3213412,
      0.99999994
    ]
  },
  {
    "keyframeTimestamp" : 1251170.686794916,
    "uuid" : "121A8AD9-1E1C-4914-AEFF-5A9336343163",
    "transform" : [
      -0.0048365053,
      -0.8934237,
      -0.4491884,
      0,
      -0.99998736,
      0.0049554887,
      0.0009107167,
      0,
      0.0014122736,
      0.44918713,
      -0.8934366,
      0,
      -1.620139,
      -1.4147938,
      1.8596488,
      1.0000001
    ]
  },
  {
    "keyframeTimestamp" : 1251223.806530875,
    "uuid" : "BD494C6D-CC99-4300-A752-9747ED42C71A",
    "transform" : [
      -0.0066061607,
      -0.9914377,
      0.13041586,
      0,
      0.98624885,
      0.01507772,
      0.16458073,
      0,
      -0.16513786,
      0.12970968,
      0.9777043,
      0,
      -0.30444884,
      -1.2710919,
      -7.1572185,
      1
    ]
  },
  {
    "keyframeTimestamp" : 1251294.446904083,
    "uuid" : "B49C1F0A-1DD9-4B79-AFBE-44526D52DEB9",
    "transform" : [
      0.058213774,
      -0.9781027,
      0.19981584,
      0,
      -0.73669684,
      0.092986874,
      0.6697998,
      0,
      -0.6737131,
      -0.18619518,
      -0.7151518,
      0,
      -3.9674227,
      -1.1758229,
      -12.449764,
      0.99999994
    ]
  },
  {
    "keyframeTimestamp" : 1251148.904919541,
    "uuid" : "D9D83E66-2999-432E-9FC7-275FAD398D05",
    "transform" : [
      0.000842669,
      -0.9999821,
      0.0058840555,
      0,
      -0.789055,
      -0.004279612,
      -0.6143085,
      0,
      0.6143226,
      -0.0041251816,
      -0.7890444,
      0,
      -5.7677197,
      -1.2715799,
      -3.8461776,
      0.9999999
    ]
  },
  {
    "keyframeTimestamp" : 1251076.331405333,
    "uuid" : "6D29A5F1-ADED-44E3-BDF0-A1B07F099322",
    "transform" : [
      0.052892737,
      -0.99227947,
      0.11217654,
      0,
      -0.61775696,
      0.055745747,
      0.7843907,
      0,
      -0.78458863,
      -0.11078649,
      -0.6100394,
      0,
      0.9211275,
      1.4722469,
      -2.6791265,
      1
    ]
  },
  {
    "keyframeTimestamp" : 1251072.334682416,
    "uuid" : "5C72FA75-911C-416C-885B-C9C5685E099B",
    "transform" : [
      -0.22807989,
      -0.97197413,
      -0.056964226,
      0,
      0.08869617,
      -0.07900499,
      0.99292135,
      0,
      -0.969594,
      0.22141276,
      0.10422976,
      0,
      1.2241542,
      1.500684,
      -4.5854807,
      0.99999994
    ]
  },
  {
    "keyframeTimestamp" : 1251062.925721291,
    "uuid" : "3E5F9D35-236D-4200-B59F-2B2281240C8A",
    "transform" : [
      0.25280073,
      -0.9654157,
      0.06373487,
      0,
      0.08916277,
      -0.042347737,
      -0.9951165,
      0,
      0.9634008,
      0.25724912,
      0.07537369,
      0,
      1.0645232,
      1.0688975,
      -2.7821686,
      0.9999999
    ]
  },
  {
    "keyframeTimestamp" : 1251246.531412625,
    "uuid" : "E33FE841-E552-4074-AD91-F462DD87A390",
    "transform" : [
      0.0131398,
      -0.9996403,
      0.023391688,
      0,
      0.37924987,
      0.026628086,
      0.92491186,
      0,
      -0.9252018,
      -0.0032818576,
      0.3794632,
      0,
      1.8624618,
      -1.2740244,
      -6.730522,
      1.0000001
    ]
  },
  {
    "keyframeTimestamp" : 1251278.419548041,
    "uuid" : "A36E0044-E2F0-403D-A77A-90A58099DA70",
    "transform" : [
      0.26019683,
      -0.96023726,
      0.101199806,
      0,
      0.44801572,
      0.027221382,
      -0.8936112,
      0,
      0.8553244,
      0.27785403,
      0.4372845,
      0,
      -0.95251673,
      -1.3267745,
      -8.078975,
      0.99999994
    ]
  },
  {
    "keyframeTimestamp" : 1251090.902770875,
    "uuid" : "2728779F-0424-4F96-A8F4-1B244C84FDD4",
    "transform" : [
      0.3039067,
      -0.9393179,
      0.15912706,
      0,
      0.5837448,
      0.05159474,
      -0.8102964,
      0,
      0.75291616,
      0.33914417,
      0.5640023,
      0,
      0.13594133,
      0.016178688,
      0.33933318,
      0.9999999
    ]
  },
  {
    "keyframeTimestamp" : 1251228.671385458,
    "uuid" : "E64CC5B1-A319-4C3B-9E55-C11EA78414D3",
    "transform" : [
      -0.32158825,
      -0.93837005,
      -0.12666047,
      0,
      -0.32860944,
      -0.014850016,
      0.9443496,
      0,
      -0.88803,
      0.34531343,
      -0.30358157,
      0,
      0.20393634,
      -1.3279607,
      -9.854697,
      1
    ]
  },
  {
    "keyframeTimestamp" : 1251251.59619825,
    "uuid" : "3DEB7628-7FCC-4EE7-AA26-CBC49B86726D",
    "transform" : [
      -0.15438507,
      -0.98261285,
      0.10313645,
      0,
      0.5161687,
      0.0087945685,
      0.8564423,
      0,
      -0.8424583,
      0.18545769,
      0.5058363,
      0,
      2.6359081,
      -1.3147416,
      -6.881078,
      1
    ]
  },
  {
    "keyframeTimestamp" : 1251135.965638166,
    "uuid" : "00BC2874-5EB9-4CBD-9BF9-F333882DBD51",
    "transform" : [
      0.013121523,
      -0.9761209,
      0.21683286,
      0,
      -0.9674021,
      0.042455185,
      0.24966322,
      0,
      -0.25290716,
      -0.2130405,
      -0.9437443,
      0,
      -2.4302468,
      -1.1451257,
      -6.512971,
      0.99999994
    ]
  },
  {
    "keyframeTimestamp" : 1251316.538647041,
    "uuid" : "020AD296-06FE-438D-A0A7-0C341AF49121",
    "transform" : [
      -0.18757588,
      -0.8423927,
      -0.5051637,
      0,
      -0.9505329,
      0.026035989,
      0.3095323,
      0,
      -0.24759519,
      0.5382352,
      -0.8056053,
      0,
      -1.5723301,
      -1.4206403,
      -10.338102,
      1.0000001
    ]
  },
  {
    "keyframeTimestamp" : 1251058.063033,
    "uuid" : "BA117221-F92F-4A30-A78F-E0142BFDF122",
    "transform" : [
      -0.016411794,
      -0.9983562,
      0.05489052,
      0,
      -0.99021,
      0.008617601,
      -0.13932611,
      0,
      0.1386241,
      -0.056639723,
      -0.98872393,
      0,
      0.5855013,
      1.5502802,
      -3.1661265,
      0.9999999
    ]
  },
  {
    "keyframeTimestamp" : 1251250.496606625,
    "uuid" : "3D85CBC0-5740-4952-B0BC-7A2C4289AAC7",
    "transform" : [
      -0.3010204,
      -0.9459966,
      0.12032141,
      0,
      0.21655566,
      0.055065256,
      0.97471625,
      0,
      -0.9287042,
      0.31946582,
      0.18828517,
      0,
      2.2252612,
      -1.4078801,
      -6.7660055,
      1
    ]
  },
  {
    "keyframeTimestamp" : 1251077.2473205,
    "uuid" : "646A1EB4-D716-471F-82CB-9A4CFE00E4B6",
    "transform" : [
      -0.026201922,
      -0.9843205,
      -0.17443214,
      0,
      -0.9681387,
      -0.018483907,
      0.24973147,
      0,
      -0.24904002,
      0.17541791,
      -0.95247453,
      0,
      1.0665538,
      1.3708413,
      -2.602698,
      1
    ]
  },
  {
    "keyframeTimestamp" : 1251151.68594425,
    "uuid" : "A2E3A4AF-4278-4C47-B958-36EA532C072D",
    "transform" : [
      -0.18891285,
      -0.98059726,
      -0.052349724,
      0,
      -0.6393904,
      0.082368076,
      0.764458,
      0,
      -0.74531347,
      0.17788781,
      -0.6425448,
      0,
      -5.236275,
      -1.2888867,
      -3.6834855,
      0.99999994
    ]
  },
  {
    "keyframeTimestamp" : 1251069.054036875,
    "uuid" : "5341BAB2-FEB6-4E55-9610-F46013E039F3",
    "transform" : [
      -0.23493505,
      -0.9499349,
      0.20598748,
      0,
      0.69976217,
      -0.018205047,
      0.71414554,
      0,
      -0.6746409,
      0.31191957,
      0.66900474,
      0,
      0.9711847,
      1.325321,
      -4.0582094,
      1
    ]
  },
  {
    "keyframeTimestamp" : 1251121.3776765,
    "uuid" : "8E5182CD-5FFF-4130-9156-5044D0DFCFB0",
    "transform" : [
      0.17799313,
      -0.98166585,
      0.06818733,
      0,
      0.5879188,
      0.050521348,
      -0.8073401,
      0,
      0.7890947,
      0.1837899,
      0.5861331,
      0,
      0.6278885,
      -1.3058724,
      -2.9829257,
      1
    ]
  },
  {
    "keyframeTimestamp" : 1251297.045932958,
    "uuid" : "BB6D7A00-1A6F-418E-B2DD-9AC367C80E3F",
    "transform" : [
      -0.026859397,
      -0.9947761,
      0.098480955,
      0,
      -0.9714839,
      0.0027591414,
      -0.23708898,
      0,
      0.23557882,
      -0.102040745,
      -0.9664835,
      0,
      -4.8475904,
      -1.2184584,
      -11.613247,
      1
    ]
  },
  {
    "keyframeTimestamp" : 1251274.987493625,
    "uuid" : "9A731A4C-642E-4190-BF23-624ADC6FB3CB",
    "transform" : [
      0.13275428,
      -0.97575086,
      0.17402974,
      0,
      -0.5049467,
      0.08450757,
      0.85900366,
      0,
      -0.85288066,
      -0.20191222,
      -0.4814837,
      0,
      -0.58309805,
      -1.1136336,
      -7.7389407,
      1
    ]
  },
  {
    "keyframeTimestamp" : 1251272.455103958,
    "uuid" : "076E7928-1937-4CF1-A590-92FDC5C11F29",
    "transform" : [
      0.031458143,
      -0.9972805,
      0.0666451,
      0,
      0.9681069,
      0.0138207795,
      -0.25015575,
      0,
      0.24855442,
      0.07238902,
      0.9659092,
      0,
      0.15182537,
      -1.2967118,
      -7.3588047,
      0.99999994
    ]
  },
  {
    "keyframeTimestamp" : 1251298.412088916,
    "uuid" : "3EA88B09-42F2-4CD0-A6A2-1B8212134AF4",
    "transform" : [
      -0.17578734,
      -0.9806794,
      -0.08583121,
      0,
      -0.6653886,
      0.054108053,
      0.74453384,
      0,
      -0.7255047,
      0.18799067,
      -0.6620443,
      0,
      -4.9233923,
      -1.289879,
      -10.705881,
      1.0000001
    ]
  },
  {
    "keyframeTimestamp" : 1251252.895715333,
    "uuid" : "59DD8512-C26F-4672-BEF2-D3002ABD1CD4",
    "transform" : [
      -0.6401348,
      -0.73441744,
      -0.22551858,
      0,
      -0.33032173,
      -0.001918702,
      0.9438672,
      0,
      -0.69362503,
      0.67869556,
      -0.24136567,
      0,
      3.2480135,
      -1.5301362,
      -6.41097,
      0.99999994
    ]
  },
  {
    "keyframeTimestamp" : 1251309.941112625,
    "uuid" : "61841382-0AF0-41E5-95DA-E81E802C4FCC",
    "transform" : [
      -0.068582736,
      -0.8193416,
      -0.5691884,
      0,
      -0.988783,
      -0.020054398,
      0.14800866,
      0,
      -0.13268441,
      0.57295465,
      -0.80877566,
      0,
      -1.4355938,
      -1.4494803,
      -10.546558,
      1
    ]
  },
  {
    "keyframeTimestamp" : 1251094.999400208,
    "uuid" : "79B713CC-45F5-44C3-86E7-3F2E1053EAE2",
    "transform" : [
      0.18568459,
      -0.9805325,
      0.06385381,
      0,
      0.3912577,
      0.014169834,
      -0.9201733,
      0,
      0.90135497,
      0.19584526,
      0.3862721,
      0,
      0.10467321,
      0.07168198,
      0.40181136,
      1
    ]
  },
  {
    "keyframeTimestamp" : 1251181.161373625,
    "uuid" : "7BE32F8E-0CEC-4929-BBFF-E7942803BCCB",
    "transform" : [
      0.009671589,
      -0.88356084,
      0.46821663,
      0,
      0.99994946,
      0.009824515,
      -0.0021155442,
      0,
      -0.0027307626,
      0.4682134,
      0.88361126,
      0,
      -0.88324034,
      -1.3813889,
      1.9397836,
      1
    ]
  },
  {
    "keyframeTimestamp" : 1251187.456100875,
    "uuid" : "141D1AAF-CEA6-4C38-81C5-612A01355B9D",
    "transform" : [
      -0.09343547,
      -0.9722437,
      0.21450399,
      0,
      0.9188598,
      -0.0012488118,
      0.39458445,
      0,
      -0.38336426,
      0.23396714,
      0.89347184,
      0,
      -3.4396732,
      -1.3303308,
      -0.10428667,
      1
    ]
  },
  {
    "keyframeTimestamp" : 1251154.017340916,
    "uuid" : "D7F2F32A-0D01-4F48-84D3-A437E2DA14AB",
    "transform" : [
      -0.13835584,
      -0.96407247,
      -0.22676328,
      0,
      -0.9611962,
      0.07553515,
      0.26532382,
      0,
      -0.23866287,
      0.25467306,
      -0.93711346,
      0,
      -3.5037954,
      -1.3520148,
      -2.6595676,
      1
    ]
  },
  {
    "keyframeTimestamp" : 1251157.581044416,
    "uuid" : "EE6472FC-A6DD-46B7-89BD-356FE9941063",
    "transform" : [
      0.026186956,
      -0.9957118,
      -0.088730164,
      0,
      -0.74627465,
      0.03958475,
      -0.66446024,
      0,
      0.66512287,
      0.08361721,
      -0.7420374,
      0,
      -3.6452491,
      -1.2664965,
      -0.67012197,
      0.99999994
    ]
  },
  {
    "keyframeTimestamp" : 1251314.539394416,
    "uuid" : "1C77CF62-692B-4D84-B450-04D0BB0AD0AF",
    "transform" : [
      0.014107532,
      -0.9789779,
      -0.20347793,
      0,
      -0.8156036,
      0.10645655,
      -0.56873375,
      0,
      0.57843924,
      0.17398071,
      -0.7969559,
      0,
      -1.5677187,
      -1.1889416,
      -10.656532,
      0.99999994
    ]
  },
  {
    "keyframeTimestamp" : 1251048.870543916,
    "uuid" : "03F2D262-0556-4455-A1C4-7FF5EA05169F",
    "transform" : [
      0.07716888,
      -0.9965856,
      0.029334677,
      0,
      0.9399373,
      0.082531884,
      0.3312185,
      0,
      -0.33250907,
      0.0020129997,
      0.9430982,
      0,
      0.64949876,
      1.5183448,
      -3.1190197,
      0.9999999
    ]
  },
  {
    "keyframeTimestamp" : 1251064.307923208,
    "uuid" : "4B403EB9-A106-45EC-B7C6-C5303A679D28",
    "transform" : [
      0.1471825,
      -0.9620327,
      0.22985275,
      0,
      0.8780783,
      0.020109806,
      -0.47809508,
      0,
      0.45532048,
      0.27219564,
      0.84769917,
      0,
      1.1591463,
      1.3646024,
      -2.6159368,
      1
    ]
  },
  {
    "keyframeTimestamp" : 1251304.243242458,
    "uuid" : "2FC3C12F-21CA-4E6B-900B-10393AD27162",
    "transform" : [
      0.020965446,
      -0.9991971,
      -0.03413402,
      0,
      0.86846536,
      0.0012869221,
      0.49574813,
      0,
      -0.4953062,
      -0.040037803,
      0.86779547,
      0,
      -2.0362568,
      -1.2389706,
      -9.577899,
      0.99999994
    ]
  },
  {
    "keyframeTimestamp" : 1251044.973723416,
    "uuid" : "8923EA36-2B95-4AAF-9011-15BD6048E2B6",
    "transform" : [
      0.22873081,
      -0.9667654,
      0.11421843,
      0,
      0.08813243,
      -0.09628258,
      -0.9914451,
      0,
      0.9694932,
      0.23684062,
      0.0631807,
      0,
      0.85360813,
      1.4198279,
      -2.644691,
      0.99999994
    ]
  },
  {
    "keyframeTimestamp" : 1251203.21426275,
    "uuid" : "1C370B5E-15BF-4040-8C13-5E048DFA17AA",
    "transform" : [
      -0.27744272,
      -0.92000526,
      -0.2767963,
      0,
      -0.72386676,
      0.010740858,
      0.68985707,
      0,
      -0.6316989,
      0.3917593,
      -0.66894096,
      0,
      -1.0182357,
      -1.3665936,
      -6.2098107,
      1
    ]
  },
  {
    "keyframeTimestamp" : 1251077.4804625,
    "uuid" : "8AC50BEF-5D88-4205-8655-E11378BC5190",
    "transform" : [
      -0.050032366,
      -0.95656,
      -0.28720975,
      0,
      -0.9888186,
      0.0069942065,
      0.14895925,
      0,
      -0.1404798,
      0.2914513,
      -0.9462152,
      0,
      1.1355919,
      1.3104941,
      -2.4936948,
      1
    ]
  },
  {
    "keyframeTimestamp" : 1251200.148758166,
    "uuid" : "01783214-D609-4E33-876E-CF97BA9B8366",
    "transform" : [
      -0.14305185,
      -0.98824793,
      -0.053865742,
      0,
      0.28535312,
      0.010930945,
      -0.9583598,
      0,
      0.9476863,
      -0.15246592,
      0.280436,
      0,
      -0.6855699,
      -1.1814795,
      -6.971775,
      1
    ]
  },
  {
    "keyframeTimestamp" : 1251273.221485083,
    "uuid" : "DA0AC6E5-395A-448A-BA94-1BA4CF472CC3",
    "transform" : [
      0.016469728,
      -0.9998333,
      0.007851369,
      0,
      0.7736296,
      0.017717402,
      0.6333906,
      0,
      -0.6334245,
      -0.00435772,
      0.7737928,
      0,
      -0.14679646,
      -1.2436671,
      -7.5556526,
      1
    ]
  },
  {
    "keyframeTimestamp" : 1251075.681937833,
    "uuid" : "0F90EEA8-6148-4A24-B6C5-D2D3D8CA570B",
    "transform" : [
      -0.20269397,
      -0.9788262,
      0.028566739,
      0,
      -0.072928086,
      0.04418029,
      0.9963596,
