[
  {
    "keyframeTimestamp" : 1251053.999688166,
    "uuid" : "90CCB0F0-C82B-49CE-BE78-465D5A271DDA",
    "transform" : [
      0.27311462,
      -0.94567496,
      0.17637283,
      0,
      -0.47965118,
      0.025058402,
      0.87710154,
      0,
      -0.83387244,
      -0.32414663,
      -0.4467504,
      0,
      0.5671936,
      1.55236,
      -3.3917372,
      1
    ]
  },
  {
    "keyframeTimestamp" : 1251080.644532583,
    "uuid" : "61703D9F-5FE8-4013-800F-445B18B071DF",
    "transform" : [
      0.061651133,
      -0.9263761,
      0.37151912,
      0,
      -0.9978082,
      -0.066171445,
      0.00058229774,
      0,
      0.024044512,
      -0.37074062,
      -0.9284252,
      0,
      0.98763585,
      1.5366203,
      -1.5445396,
      1
    ]
  },
  {
    "keyframeTimestamp" : 1251072.101540125,
    "uuid" : "6EB2D17A-60AA-4A4C-8957-DAD401E6724E",
    "transform" : [
      -0.19471101,
      -0.98085374,
      -0.0036744277,
      0,
      0.02614678,
      -0.00893516,
      0.9996182,
      0,
      -0.98051214,
      0.19454058,
      0.02738592,
      0,
      1.1569352,
      1.3222785,
      -5.0272584,
      1
    ]
  },
  {
    "keyframeTimestamp" : 1251042.126044541,
    "uuid" : "796135A9-4F46-461A-868F-67661E0C6648",
    "transform" : [
      -0.015029652,
      -0.9803369,
      -0.19675773,
      0,
      0.9761056,
      0.028276866,
      -0.21544969,
      0,
      0.216777,
      -0.19529438,
      0.9564875,
      0,
      0.7703991,
      1.4312743,
      -3.2734594,
      0.99999994
    ]
  },
  {
    "keyframeTimestamp" : 1251043.957885,
    "uuid" : "83B9339C-F8C3-4F3F-8F2C-AD05CEECFBB7",
    "transform" : [
      -0.26701286,
      -0.9589714,
      -0.09527822,
      0,
      0.19973569,
      0.04165081,
      -0.9789642,
      0,
      0.94276714,
      -0.2804264,
      0.18041958,
      0,
      0.7068552,
      1.4694769,
      -3.1329308,
      1
    ]
  },
  {
    "keyframeTimestamp" : 1251082.426403166,
    "uuid" : "6E1DE594-9726-4CCF-AA51-B49C905A66BC",
    "transform" : [
      -0.7706424,
      -0.6228418,
      -0.13482831,
      0,
      0.12911503,
      0.054581326,
      -0.99012643,
      0,
      0.62405133,
      -0.7804416,
      0.038355567,
      0,
      1.1588931,
      1.6799746,
      -1.5947901,
      1
    ]
  },
  {
    "keyframeTimestamp" : 1251051.385157666,
    "uuid" : "7589F540-944F-4C4A-88A2-C7239393B119",
    "transform" : [
      -0.19071662,
      -0.9735049,
      0.12615557,
      0,
      0.47027096,
      0.02219957,
      0.88224304,
      0,
      -0.86166847,
      0.22758563,
      0.4535773,
      0,
      0.51711047,
      1.4053257,
      -3.3529537,
      1
    ]
  },
  {
    "keyframeTimestamp" : 1251068.35460975,
    "uuid" : "93453FAC-790E-48D8-A54C-F9F269880DA4",
    "transform" : [
      -0.25830793,
      -0.94095606,
      0.2188115,
      0,
      0.7073472,
      -0.029950265,
      0.7062315,
      0,
      -0.65797937,
      0.33720085,
      0.67331916,
      0,
      1.0919611,
      1.1605966,
      -4.0214953,
      1
    ]
  },
  {
    "keyframeTimestamp" : 1251045.340091125,
    "uuid" : "25612CA2-631C-4EDF-B045-1F1EE04BA6E3",
    "transform" : [
      0.26066756,
      -0.9502658,
      0.17043212,
      0,
      0.350101,
      -0.07147512,
      -0.9339811,
      0,
      0.8997119,
      0.30312696,
      0.31405777,
      0,
      0.78222805,
      1.345753,
      -3.0006044,
      1
    ]
  },
  {
    "keyframeTimestamp" : 1251048.970462416,
    "uuid" : "0CE4221D-1377-49D6-A1CB-DC17E084BD7C",
    "transform" : [
      0.11779438,
      -0.99003273,
      -0.07719697,
      0,
      0.9540528,
      0.091259345,
      0.28540343,
      0,
      -0.2755139,
      -0.107268885,
      0.9552935,
      0,
      0.48168126,
      1.5021784,
      -3.42061,
      1
    ]
  },
  {
    "keyframeTimestamp" : 1251071.502031333,
    "uuid" : "E1ABCE50-F7FB-48FC-95DE-62B7B48D9578",
    "transform" : [
      -0.16074184,
      -0.9824043,
      0.095099576,
      0,
      -0.034591448,
      0.101900645,
      0.9941932,
      0,
      -0.98639035,
      0.15651876,
      -0.050362516,
      0,
      1.2784878,
      1.0680969,
      -5.1297174,
      1
    ]
  },
  {
    "keyframeTimestamp" : 1251072.16815225,
    "uuid" : "856CFF99-8DEF-4FA0-92EE-B44F8F6A8F7A",
    "transform" : [
      -0.21652424,
      -0.97608334,
      -0.019458108,
      0,
      0.027038157,
      -0.025918758,
      0.9992985,
      0,
      -0.97590286,
      0.2158462,
      0.03200351,
      0,
      1.1374457,
      1.360337,
      -5.003382,
      1.0000001
    ]
  },
  {
    "keyframeTimestamp" : 1251071.102358791,
    "uuid" : "FDE17163-7CF1-45A2-9100-A84E1D6DB695",
    "transform" : [
      -0.16275096,
      -0.98205006,
      0.095339805,
      0,
      0.07570938,
      0.08391339,
      0.99359286,
      0,
      -0.9837583,
      0.1689263,
      0.06069339,
      0,
      1.1958493,
      1.0556873,
      -5.2001543,
      0.99999994
    ]
  },
  {
    "keyframeTimestamp" : 1251058.762461041,
    "uuid" : "73EDB135-C32F-4746-8F3E-66B0D87350BF",
    "transform" : [
      0.090405084,
      -0.96146923,
      -0.25962263,
      0,
      -0.9359626,
      0.0070506185,
      -0.35202914,
      0,
      0.34029567,
      0.27482218,
      -0.89926183,
      0,
      0.43923396,
      1.3997372,
      -3.3929949,
      1
    ]
  },
  {
    "keyframeTimestamp" : 1251071.901704125,
    "uuid" : "17EF2986-3E8C-4DF8-AF6F-AA625D4EF30E",
    "transform" : [
      -0.13186495,
      -0.9905342,
      0.038126398,
      0,
      0.03305874,
      0.03404643,
      0.9988735,
      0,
      -0.99071646,
      0.13297679,
      0.028256258,
      0,
      1.2086713,
      1.210299,
      -5.078671,
      1
    ]
  },
  {
    "keyframeTimestamp" : 1251072.601130875,
    "uuid" : "56E268F0-FBBA-4AD6-AB73-2DA4C5DBB736",
    "transform" : [
      -0.23313652,
      -0.96656,
      -0.1068127,
      0,
      0.13735774,
      -0.14146946,
      0.9803668,
      0,
      -0.96269435,
      0.21388778,
      0.16574617,
      0,
      1.0491921,
      1.5518613,
      -4.7066298,
      1
    ]
  },
  {
    "keyframeTimestamp" : 1251061.32702975,
    "uuid" : "19F4B7AB-FE61-40F1-9CB7-704730963606",
    "transform" : [
      0.397326,
      -0.90830356,
      -0.13083082,
      0,
      -0.259972,
      0.025316779,
      -0.96528447,
      0,
      0.8800835,
      0.41754478,
      -0.22607453,
      0,
      1.1313365,
      1.3262782,
      -3.001362,
      1
    ]
  },
  {
    "keyframeTimestamp" : 1251069.187261083,
    "uuid" : "D2DA4366-307C-4AA5-B9A5-E8FD80BF5838",
    "transform" : [
      -0.2512801,
      -0.9474286,
      0.1980837,
      0,
      0.67440605,
      -0.024580913,
      0.7379515,
      0,
      -0.6942874,
      0.3190213,
      0.6451285,
      0,
      0.81575996,
      1.282116,
      -4.472988,
      1
    ]
  },
  {
    "keyframeTimestamp" : 1251050.735687875,
    "uuid" : "43F9977D-55DF-468C-901A-C52F5177D7AB",
    "transform" : [
      0.026207594,
      -0.9996562,
      0.0008886445,
      0,
      0.7513371,
      0.02028386,
      0.65960705,
      0,
      -0.65939826,
      -0.01661904,
      0.7516104,
      0,
      0.36308476,
      1.4863721,
      -3.2920167,
      1
    ]
  },
  {
    "keyframeTimestamp" : 1251071.851744791,
    "uuid" : "828110E7-B479-420E-A3AF-D02BD452C1C4",
    "transform" : [
      -0.13115196,
      -0.9903722,
      0.04429581,
      0,
      0.012363781,
      0.043044247,
      0.99899673,
      0,
      -0.99128526,
      0.13156803,
      0.0065993867,
      0,
      1.2211769,
      1.1858479,
      -5.087723,
      1
    ]
  },
  {
    "keyframeTimestamp" : 1251081.560447625,
    "uuid" : "232D0431-3F08-44BB-A6D2-7E1A8A3B53B1",
    "transform" : [
      -0.30275655,
      -0.94244397,
      0.14190836,
      0,
      -0.6583075,
      0.099120624,
      -0.7461947,
      0,
      0.6891806,
      -0.3193346,
      -0.6504273,
      0,
      1.0646785,
      1.5220973,
      -1.6115602,
      1
    ]
  },
  {
    "keyframeTimestamp" : 1251088.238295166,
    "uuid" : "D558818F-4970-47DD-8A78-C32C301CE09C",
    "transform" : [
      0.14170267,
      -0.98302597,
      -0.11653433,
      0,
      -0.24496938,
      0.07923783,
      -0.96628755,
      0,
      0.9591196,
      0.16547285,
      -0.22958304,
      0,
      0.46894267,
      0.41671914,
      -0.5198355,
      1
    ]
  },
  {
    "keyframeTimestamp" : 1251073.567005958,
    "uuid" : "286017F8-4E2A-4CD3-94FC-B6286211C8A5",
    "transform" : [
      0.036838356,
      -0.99919254,
      0.016038632,
      0,
      0.20052364,
      0.023114113,
      0.97941625,
      0,
      -0.97899616,
      -0.032863956,
      0.20121318,
      0,
      1.0238718,
      1.551449,
      -3.9581726,
      1
    ]
  },
  {
    "keyframeTimestamp" : 1251059.87821525,
    "uuid" : "26BEF083-8A7A-4D5E-AF3F-0A36B33B057A",
    "transform" : [
      0.104409024,
      -0.98207235,
      -0.15694697,
      0,
      -0.7772207,
      0.017887328,
      -0.628974,
      0,
      0.62050533,
      0.18765293,
      -0.76141965,
      0,
      0.68988097,
      1.4315836,
      -2.9871254,
      1
    ]
  },
  {
    "keyframeTimestamp" : 1251071.651908458,
    "uuid" : "9BCC5933-7D4B-4F0F-9829-BA0CC6C39554",
    "transform" : [
      -0.14046758,
      -0.98699594,
      0.07815359,
      0,
      -0.03434029,
      0.08374552,
      0.9958954,
      0,
      -0.9894896,
      0.1372072,
      -0.045657285,
      0,
      1.2635275,
      1.1071764,
      -5.1136665,
      1
    ]
  },
  {
    "keyframeTimestamp" : 1251070.702686375,
    "uuid" : "BBD262CD-95E6-4219-8199-AA04BE16BAB7",
    "transform" : [
      -0.20668565,
      -0.9770052,
      0.052363254,
      0,
      0.13725154,
      0.024037246,
      0.9902445,
      0,
      -0.96873283,
      0.21185623,
      0.1291273,
      0,
      1.0620406,
      1.1007483,
      -5.2627544,
      0.99999994
    ]
  },
  {
    "keyframeTimestamp" : 1251071.951662958,
    "uuid" : "1B75A37A-8495-42C4-B54A-846B461FBBF5",
    "transform" : [
      -0.13523209,
      -0.990403,
      0.028535536,
      0,
      0.034502268,
      0.024075514,
      0.9991147,
      0,
      -0.99021316,
      0.1360969,
      0.030915342,
      0,
      1.195473,
      1.2371743,
      -5.068101,
      1
    ]
  },
  {
    "keyframeTimestamp" : 1251078.26315375,
    "uuid" : "F6200EE8-0636-4035-BCA8-3B5597750BF0",
    "transform" : [
      -0.00048101222,
      -0.99023575,
      -0.139402,
      0,
      -0.97497433,
      0.031455815,
      -0.22008087,
      0,
      0.22231692,
      0.1358075,
      -0.9654697,
      0,
      1.2341093,
      1.3382598,
      -2.4388597,
      1
    ]
  },
  {
    "keyframeTimestamp" : 1251075.681937833,
    "uuid" : "0F90EEA8-6148-4A24-B6C5-D2D3D8CA570B",
    "transform" : [
      -0.20256735,
      -0.9788574,
      0.028366996,
      0,
      -0.07331993,
      0.044046525,
      0.9963354,
      0,
      -0.9765198,
      0.19974516,
      -0.080692165,
      0,
      0.7555911,
      1.2550063,
      -3.1434324,
      1
    ]
  },
  {
    "keyframeTimestamp" : 1251044.624008541,
    "uuid" : "6D1BA983-2970-4B84-88CF-A3CF04FFE0D6",
    "transform" : [
      0.061435107,
      -0.9973651,
      0.038581476,
      0,
      -0.04753981,
      -0.04153457,
      -0.9980055,
      0,
      0.99697846,
      0.0594784,
      -0.04996622,
      0,
      0.69476473,
      1.4228024,
      -3.0303655,
      1
    ]
  },
  {
    "keyframeTimestamp" : 1251067.288815916,
    "uuid" : "2CA8682A-ADE3-4F1C-9AFA-2D5649358964",
    "transform" : [
      -0.15249369,
      -0.9735463,
      0.17015594,
      0,
      0.86147106,
      -0.046558026,
      0.5056684,
      0,
      -0.48436952,
      0.22369556,
      0.84578174,
      0,
      1.1888198,
      0.9750823,
      -3.8679113,
      1
    ]
  },
  {
    "keyframeTimestamp" : 1251076.830995583,
    "uuid" : "C081A4D9-8A75-4411-9931-6BFE30B0DE7E",
    "transform" : [
      0.07406735,
      -0.9916702,
      0.105376884,
      0,
      -0.9116023,
      -0.024483148,
      0.4103438,
      0,
      -0.40434578,
      -0.12645487,
      -0.90582234,
      0,
      0.85056055,
      1.4558645,
      -3.046621,
      1
    ]
  },
  {
    "keyframeTimestamp" : 1251085.890225125,
    "uuid" : "A642CFAD-1377-47D7-880F-D92991E12A0D",
    "transform" : [
      0.05789615,
      -0.96528673,
      -0.254695,
      0,
      -0.8278353,
      0.09617127,
      -0.55266625,
      0,
      0.5579758,
      0.24284269,
      -0.7935305,
      0,
      0.92575777,
      1.2027752,
      -1.2515147,
      1
    ]
  },
  {
    "keyframeTimestamp" : 1251054.432667583,
    "uuid" : "97973637-EC0C-40C3-AE5E-8FD7EFDAD8BB",
    "transform" : [
      0.29334098,
      -0.91064984,
      0.2909776,
      0,
      -0.6973755,
      0.0043626474,
      0.71669304,
      0,
      -0.65392584,
      -0.41315594,
      -0.63378495,
      0,
      0.5254336,
      1.5844386,
      -3.4475071,
      1
    ]
  },
  {
    "keyframeTimestamp" : 1251063.175516875,
    "uuid" : "C2D7FF43-F911-48B3-89DA-4877DA1E4A9B",
    "transform" : [
      0.17751803,
      -0.9805874,
      0.08328088,
      0,
      0.32296446,
      -0.021889798,
      -0.94615805,
      0,
      0.9296137,
      0.19485681,
      0.3128091,
      0,
      0.9196875,
      1.0530465,
      -3.0919437,
      0.99999994
    ]
  },
  {
    "keyframeTimestamp" : 1251061.060581083,
    "uuid" : "05CD9071-91F4-467C-8BA4-131AFDBF0E23",
    "transform" : [
      0.34237662,
      -0.9220127,
      -0.18075053,
      0,
      -0.41767472,
      0.022965936,
      -0.90830666,
      0,
      0.8416214,
      0.3864777,
      -0.37723836,
      0,
      1.0616237,
      1.3610313,
      -3.0227213,
      1
    ]
  },
  {
    "keyframeTimestamp" : 1251090.153387208,
    "uuid" : "458FDF9E-526D-4309-9B12-13344A1771A8",
    "transform" : [
      -0.17942005,
      -0.97788525,
      -0.10746634,
      0,
      0.36856046,
      0.034467522,
      -0.9289646,
      0,
      0.9121249,
      -0.20628269,
      0.35422572,
      0,
      0.13122553,
      0.12204611,
      -0.1737845,
      1
    ]
  },
  {
    "keyframeTimestamp" : 1251075.898427041,
    "uuid" : "4E516631-C161-4CDA-ACB8-0D2C4DF46FB4",
    "transform" : [
      -0.14044389,
      -0.9900657,
      0.0067413645,
      0,
      -0.23586415,
      0.04006934,
      0.9709596,
      0,
      -0.96158403,
      0.13477531,
      -0.23914851,
      0,
      0.75030166,
      1.3162681,
      -3.0525873,
      1
    ]
  },
  {
    "keyframeTimestamp" : 1251052.334382041,
    "uuid" : "AF270233-5FFF-4B33-A8B6-D36662499288",
    "transform" : [
      -0.50649786,
      -0.8620946,
      0.01591035,
      0,
      -0.011544941,
      0.025231248,
      0.999615,
      0,
      -0.862164,
      0.506119,
      -0.02273243,
      0,
      0.5655216,
      1.2793391,
      -3.3668091,
      1
    ]
  },
  {
    "keyframeTimestamp" : 1251043.574863791,
    "uuid" : "6D9779EC-2788-435C-9D42-5709CA27B893",
    "transform" : [
      -0.28952917,
      -0.9342483,
      -0.20821387,
      0,
      0.43607736,
      0.06489563,
      -0.8975663,
      0,
      0.85206205,
      -0.35066894,
      0.38861534,
      0,
      0.69560254,
      1.4751118,
      -3.1626415,
      1.0000001
    ]
  },
  {
    "keyframeTimestamp" : 1251066.35624625,
    "uuid" : "4CC8A2FB-F883-4B3C-BF19-02885E2C7F33",
    "transform" : [
      0.13467519,
      -0.94693404,
      0.2918535,
      0,
      0.90327007,
      -0.0037737703,
      -0.42905617,
      0,
      0.40738925,
      0.3214057,
      0.8548291,
      0,
      1.3433765,
      1.1016991,
      -3.9341407,
      1
    ]
  },
  {
    "keyframeTimestamp" : 1251049.853075541,
    "uuid" : "2F1A5909-475D-42D7-8092-F4BE4B42D5F0",
    "transform" : [
      0.21867326,
      -0.81879026,
      -0.53081524,
      0,
      0.9266844,
      0.0038462603,
      0.37582162,
      0,
      -0.30567735,
      -0.57408,
      0.75960106,
      0,
      0.39447236,
      1.6347731,
      -3.1912785,
      1
    ]
  },
  {
    "keyframeTimestamp" : 1251083.525500708,
    "uuid" : "690451D8-39E3-4833-9CBE-28C0860D17BB",
    "transform" : [
      -0.102597885,
      -0.9609781,
      -0.25689438,
      0,
      -0.18144035,
      0.27200395,
      -0.94503623,
      0,
      0.97803545,
      -0.050347693,
      -0.20226723,
      0,
      1.1188934,
      1.5180331,
      -1.6641326,
      1
    ]
  },
  {
    "keyframeTimestamp" : 1251089.770368666,
    "uuid" : "BEE2D960-F420-4AAA-A596-D7C03F131FC9",
    "transform" : [
      -0.0716224,
      -0.99729556,
      -0.01648747,
      0,
      -0.0810567,
      0.022294872,
      -0.99646026,
      0,
      0.99413294,
      -0.07003244,
      -0.08243429,
      0,
      0.20464437,
      0.07286516,
      -0.2313873,
      1.0000001
    ]
  },
  {
    "keyframeTimestamp" : 1251065.073962708,
    "uuid" : "21289DEB-4B94-4897-AF30-385A4C610E85",
    "transform" : [
      0.15933044,
      -0.94681203,
      0.27957267,
      0,
      0.8824023,
      0.009593227,
      -0.47039834,
      0,
      0.44269678,
      0.32164425,
      0.83699757,
      0,
      1.200178,
      1.3081731,
      -3.2223616,
      0.99999994
    ]
  },
  {
    "keyframeTimestamp" : 1251073.966678416,
    "uuid" : "E459A8B6-EFB7-4D5B-AE3A-9CD0C0EFA084",
    "transform" : [
      0.02781509,
      -0.99877405,
      0.040947765,
      0,
      0.1397863,
      0.044447504,
      0.98918355,
      0,
      -0.98979115,
      -0.021790292,
      0.14085124,
      0,
      1.0162777,
      1.4956629,
      -3.7220562,
      1
    ]
  },
  {
    "keyframeTimestamp" : 1251040.394120583,
    "uuid" : "F6FA7BB5-7077-49CB-A1B5-1FE1B12481F1",
    "transform" : [
      -0.03521083,
      -0.92756855,
      0.37198997,
      0,
      0.99921685,
      -0.039403472,
      -0.003672623,
      0,
      0.018064326,
      0.3715692,
      0.92822963,
      0,
      0.8407421,
      1.3139571,
      -3.3293595,
      1
    ]
  },
  {
    "keyframeTimestamp" : 1251072.90088525,
    "uuid" : "256557CF-71FA-426D-AC97-F30920019E86",
    "transform" : [
      -0.11110151,
      -0.98684204,
      -0.1174701,
      0,
      0.20921078,
      -0.13877754,
      0.967973,
      0,
      -0.97153866,
      0.08296724,
      0.22187638,
      0,
      1.0314063,
      1.5910883,
      -4.4062157,
      0.99999994
    ]
  },
  {
    "keyframeTimestamp" : 1251057.030543916,
    "uuid" : "F57F4FDD-211D-42E4-B7BC-9DFD9DB929D5",
    "transform" : [
      -0.049631268,
      -0.99859935,
      -0.01833114,
      0,
      -0.99661857,
      0.048312705,
      0.0664656,
      0,
      -0.065486915,
      0.021567924,
      -0.99762046,
      0,
      0.43520007,
      1.4622176,
      -3.5121012,
      1
    ]
  },
  {
    "keyframeTimestamp" : 1251083.425582708,
    "uuid" : "037942C4-E82D-4BA7-BA1F-816D05B5B269",
    "transform" : [
      -0.21818165,
      -0.94358087,
      -0.2491023,
      0,
      -0.107741386,
      0.27698103,
      -0.954816,
      0,
      0.9699426,
      -0.18148467,
      -0.16209485,
      0,
      1.1285831,
      1.5510247,
      -1.6479523,
      1.0000001
    ]
  },
  {
    "keyframeTimestamp" : 1251072.134846375,
    "uuid" : "C5192480-9259-4B80-9A75-A7F9EE6FE0C0",
    "transform" : [
      -0.20383354,
      -0.97897995,
      -0.007076428,
      0,
      0.018559342,
      -0.011090916,
      0.99976623,
      0,
      -0.9788297,
      0.20365454,
      0.020429904,
      0,
      1.1471977,
      1.3412203,
      -5.0164447,
      1
    ]
  },
  {
    "keyframeTimestamp" : 1251072.800967041,
    "uuid" : "1B8953F1-92A8-4B21-B010-5B963784B760",
    "transform" : [
      -0.16301928,
      -0.97680813,
      -0.13881852,
      0,
      0.16487731,
      -0.16569372,
      0.97229683,
      0,
      -0.9727489,
      0.13561508,
      0.18806474,
      0,
      1.0359948,
      1.5864294,
      -4.5058403,
      1
    ]
  },
  {
    "keyframeTimestamp" : 1251073.217292541,
    "uuid" : "2613C312-A436-4AE9-AE84-94C96F90E9BF",
    "transform" : [
      -0.009905703,
      -0.9999444,
      -0.003613736,
      0,
      0.26621506,
      -0.0061206454,
      0.96389437,
      0,
      -0.96386296,
      0.008586018,
      0.2662609,
      0,
      1.0218961,
      1.5696808,
      -4.1642156,
      1
    ]
  },
  {
    "keyframeTimestamp" : 1251051.584994416,
    "uuid" : "C17ACBE5-92AF-4610-9B67-1603D98934CB",
    "transform" : [
      -0.30672836,
      -0.9346102,
      0.18005978,
      0,
      0.43650788,
      0.029981015,
      0.89920104,
      0,
      -0.84580076,
      0.35440785,
      0.3987687,
      0,
      0.5545318,
      1.3599541,
      -3.3710842,
      1
    ]
  },
  {
    "keyframeTimestamp" : 1251042.775515166,
    "uuid" : "BC891FFC-7274-4683-80A3-C67877D28961",
    "transform" : [
      -0.16115403,
      -0.9279284,
      -0.33612293,
      0,
      0.82980007,
      0.05697779,
      -0.5551449,
      0,
      0.53428626,
      -0.36837843,
      0.7608127,
      0,
      0.7211526,
      1.467902,
      -3.2292473,
      1
    ]
  },
  {
    "keyframeTimestamp" : 1251060.727520208,
    "uuid" : "E348D56C-39B2-46F7-8895-2DE8A56AF0EB",
    "transform" : [
      0.11497054,
      -0.9915778,
      -0.059622217,
      0,
      -0.33973232,
      0.01715194,
      -0.9403659,
      0,
      0.93346876,
      0.12836993,
      -0.3348992,
      0,
      0.989213,
      1.4654838,
      -3.0048163,
      1
    ]
  },
  {
    "keyframeTimestamp" : 1251048.554135708,
    "uuid" : "13B03EDA-51F0-447C-8733-B20DF9E3AF29",
    "transform" : [
      -0.034458563,
      -0.98807734,
      0.15005212,
      0,
      0.89086205,
      0.037681364,
      0.45270896,
      0,
      -0.45296565,
      0.14927542,
      0.8789422,
      0,
      0.62866294,
      1.422033,
      -3.4673939,
      0.99999994
    ]
  },
  {
    "keyframeTimestamp" : 1251068.904159541,
    "uuid" : "321A06CE-FF74-4CE2-B093-0BAB63718542",
    "transform" : [
      -0.24806906,
      -0.94750655,
      0.20172507,
      0,
      0.7159792,
      -0.039054316,
      0.69702846,
      0,
      -0.6525608,
      0.3173421,
      0.68808323,
      0,
      0.8732593,
      1.2694323,
      -4.296961,
      1
    ]
  },
  {
    "keyframeTimestamp" : 1251047.388420333,
    "uuid" : "D9AA71FA-AE0E-4515-898D-53FA1380F728",
    "transform" : [
      0.05597191,
      -0.9965459,
      -0.06134948,
      0,
      0.9974625,
      0.053103644,
      0.04742731,
      0,
      -0.04400558,
      -0.06384837,
      0.9969893,
      0,
      0.87366253,
      1.4506421,
      -3.3389559,
      1
    ]
  },
  {
    "keyframeTimestamp" : 1251070.319666833,
    "uuid" : "F4B0F927-EEEB-4A25-9C5F-7FE05EE12CD1",
    "transform" : [
      -0.29589057,
      -0.9481701,
      0.1158544,
      0,
      0.2534335,
      0.039014433,
      0.96656585,
      0,
      -0.92098886,
      0.31535903,
      0.22875406,
      0,
      0.9547785,
      1.1219134,
      -5.2274055,
      1
    ]
  },
  {
    "keyframeTimestamp" : 1251047.121971208,
    "uuid" : "CD054124-4841-46E3-BD5D-2D28E5976815",
    "transform" : [
      0.02974268,
      -0.99904495,
      0.032008085,
      0,
      0.9956814,
      0.026794765,
      -0.08888551,
      0,
      0.087943,
      0.03451354,
      0.9955275,
      0,
      0.92662215,
      1.4256009,
      -3.3253372,
      0.99999994
    ]
  },
  {
    "keyframeTimestamp" : 1251055.565075291,
    "uuid" : "72D382E5-4959-49B1-8979-63FB370ABCA6",
    "transform" : [
      0.006175834,
      -0.99242836,
      0.1226691,
      0,
      -0.88932854,
      0.050638855,
      0.45445666,
      0,
      -0.4572275,
      -0.11189976,
      -0.88228214,
      0,
      0.57845134,
      1.4969314,
      -3.4687726,
      0.99999994
    ]
  },
  {
    "keyframeTimestamp" : 1251078.562907666,
    "uuid" : "3F25A476-29BB-4E3D-996D-42A0DA31918D",
    "transform" : [
      -0.021443412,
      -0.9995336,
      0.021744575,
      0,
      -0.97009593,
      0.015542351,
      -0.24222414,
      0,
      0.24177323,
      -0.026288433,
      -0.96997684,
      0,
      1.2224765,
      1.37683,
      -2.2836447,
      1
    ]
  },
  {
    "keyframeTimestamp" : 1251069.287179208,
    "uuid" : "519FFB34-8E60-4A3F-887E-C91592440AD4",
    "transform" : [
      -0.2737244,
      -0.941058,
      0.19870831,
      0,
      0.6588843,
      -0.032961812,
      0.7515221,
      0,
      -0.7006762,
      0.3366356,
      0.6290706,
      0,
      0.8107809,
      1.2713948,
      -4.5477524,
      1.0000001
    ]
  },
  {
    "keyframeTimestamp" : 1251084.108355208,
    "uuid" : "AC832E75-2C4D-4941-B1BB-747B51CD5C24",
    "transform" : [
      0.25764704,
      -0.8640713,
      -0.4324337,
      0,
      -0.58215547,
      0.21837638,
      -0.7832031,
      0,
      0.7711766,
      0.4535335,
      -0.44675973,
      0,
      1.063482,
      1.3327913,
      -1.7422279,
      1
    ]
  },
  {
    "keyframeTimestamp" : 1251067.005714666,
    "uuid" : "627157BA-149F-4269-906D-524480340D35",
    "transform" : [
      -0.07496891,
      -0.98087096,
      0.17964298,
      0,
      0.9775729,
      -0.036737848,
      0.20736957,
      0,
      -0.19680311,
      0.19116029,
      0.961627,
      0,
      1.2257854,
      0.98298955,
      -3.888647,
      0.9999999
    ]
  },
  {
    "keyframeTimestamp" : 1251049.087034,
    "uuid" : "30784F69-830B-4682-AEC8-E06A2B430375",
    "transform" : [
      0.1275406,
      -0.97340703,
      -0.1902946,
      0,
      0.972022,
      0.08451476,
      0.21915998,
      0,
      -0.19724914,
      -0.21292223,
      0.9569521,
      0,
      0.45458892,
      1.5374756,
      -3.3894653,
      1
    ]
  },
  {
    "keyframeTimestamp" : 1251086.856098208,
    "uuid" : "671EB972-2D4C-491C-A821-DD38F0D20C95",
    "transform" : [
      0.31698525,
      -0.88743687,
      -0.33462852,
      0,
      -0.6924127,
      0.024576869,
      -0.7210831,
      0,
      0.6481399,
      0.46027365,
      -0.60668206,
      0,
      0.7734832,
      0.75672233,
      -0.88390416,
      1.0000001
    ]
  },
  {
    "keyframeTimestamp" : 1251056.764095166,
    "uuid" : "C4A1B169-1E33-40B7-9643-E317B49B60C3",
    "transform" : [
      -0.0653192,
      -0.9840081,
      -0.1657149,
      0,
      -0.99500567,
      0.05166567,
      0.0854089,
      0,
      -0.0754813,
      0.17046605,
      -0.98246825,
      0,
      0.45781627,
      1.4178753,
      -3.5011406,
      1
    ]
  },
  {
    "keyframeTimestamp" : 1251054.19952475,
    "uuid" : "AE06AEC9-549F-44C0-A99D-3340D97D4F1B",
    "transform" : [
      0.28390083,
      -0.93172485,
      0.22647066,
      0,
      -0.59902275,
      0.01208362,
      0.800641,
      0,
      -0.74871385,
      -0.3629637,
      -0.5546939,
      0,
      0.5515629,
      1.5666965,
      -3.4189186,
      1
    ]
  },
  {
    "keyframeTimestamp" : 1251072.301376625,
    "uuid" : "FCD51056-E2E1-4D47-A067-AB96FAEFD687",
    "transform" : [
      -0.23036908,
      -0.9719384,
      -0.04759952,
      0,
      0.082484335,
      -0.06824281,
      0.99425316,
      0,
      -0.9696012,
      0.22511895,
      0.09589071,
      0,
      1.0978813,
      1.4379102,
      -4.9328213,
      1
    ]
  },
  {
    "keyframeTimestamp" : 1251045.140254208,
    "uuid" : "89107C09-1DFC-43F4-B4EB-ECB6AC0FE4F6",
    "transform" : [
      0.2612984,
      -0.9537672,
      0.14849746,
      0,
      0.21816173,
      -0.09150748,
      -0.9716133,
      0,
      0.94028157,
      0.28627726,
      0.18416475,
      0,
      0.74201757,
      1.3580065,
      -2.975095,
      1
    ]
  },
  {
    "keyframeTimestamp" : 1251055.015524625,
    "uuid" : "957DDAD0-D670-48BA-BAEF-1960DCB2F39F",
    "transform" : [
      0.22947057,
      -0.9222976,
      0.3109831,
      0,
      -0.8480043,
      -0.032621466,
      0.52898484,
      0,
      -0.4777366,
      -0.38510135,
      -0.78959817,
      0,
      0.48453805,
      1.574984,
      -3.4110985,
      1
    ]
  },
  {
    "keyframeTimestamp" : 1251053.8165045,
    "uuid" : "B608780C-8BAE-40E2-8303-DE0959EDD4A5",
    "transform" : [
      0.2487804,
      -0.9604529,
      0.12505269,
      0,
      -0.33401063,
      0.03611729,
      0.9418774,
      0,
      -0.9091454,
      -0.2760895,
      -0.31181628,
      0,
      0.5665889,
      1.5319766,
      -3.3683915,
      1
    ]
  },
  {
    "keyframeTimestamp" : 1251049.470054583,
    "uuid" : "01A6E554-CCB4-42F5-B99D-310107330B60",
    "transform" : [
      0.12645838,
      -0.88898706,
      -0.44012508,
      0,
      0.9814615,
      0.04771172,
      0.18562657,
      0,
      -0.14402053,
      -0.45543978,
      0.8785403,
      0,
      0.40393165,
      1.6158941,
      -3.2806954,
      1
    ]
  },
  {
    "keyframeTimestamp" : 1251062.925721291,
    "uuid" : "3E5F9D35-236D-4200-B59F-2B2281240C8A",
    "transform" : [
      0.25262985,
      -0.9654476,
      0.06394447,
      0,
      0.08950206,
      -0.042486988,
      -0.9950802,
      0,
      0.9634146,
      0.2571101,
      0.0756761,
      0,
      0.92920816,
      1.0241475,
      -3.1084635,
      1
    ]
  },
  {
    "keyframeTimestamp" : 1251050.385973666,
    "uuid" : "25F9991F-EDA8-45F1-99B9-0BA2E815E1FE",
    "transform" : [
      0.16493036,
      -0.9648523,
      -0.20459215,
      0,
      0.76085865,
      -0.0075305244,
      0.64887404,
      0,
      -0.62760824,
      -0.26268467,
      0.7328743,
      0,
      0.36904398,
      1.5662174,
      -3.2317033,
      1
    ]
  },
  {
    "keyframeTimestamp" : 1251080.144942791,
    "uuid" : "B9BE0043-06CA-4799-8A6F-2E2764FC70E1",
    "transform" : [
      0.20950937,
      -0.73489344,
      0.64500976,
      0,
      -0.96553373,
      -0.051299244,
      0.2551727,
      0,
      -0.15443625,
      -0.6762396,
      -0.7203121,
      0,
      1.0372555,
      1.6022394,
      -1.6868027,
      1
    ]
  },
  {
    "keyframeTimestamp" : 1251048.753972458,
    "uuid" : "4E55F9BD-E17E-44DB-BDAB-53A651ABC7D0",
    "transform" : [
      0.016796831,
      -0.9925205,
      0.120916516,
      0,
      0.91699475,
      0.06349602,
      0.39381322,
      0,
      -0.39854544,
      0.10426497,
      0.9112026,
      0,
      0.5551912,
      1.4442422,
      -3.4649014,
      0.99999994
    ]
  },
  {
    "keyframeTimestamp" : 1251047.788094375,
    "uuid" : "3E73ADC0-31D2-4169-9E6B-1148444E780E",
    "transform" : [
      0.091463,
      -0.9820862,
      -0.164746,
      0,
      0.9783063,
      0.057735574,
      0.19895762,
      0,
      -0.18588184,
      -0.1793692,
      0.96606165,
      0,
      0.81839985,
      1.4851769,
      -3.3947484,
      1
    ]
  },
  {
    "keyframeTimestamp" : 1251069.054036875,
    "uuid" : "5341BAB2-FEB6-4E55-9610-F46013E039F3",
    "transform" : [
      -0.23493254,
      -0.94998884,
      0.20573786,
      0,
      0.6995119,
      -0.018275587,
      0.7143875,
      0,
      -0.6749,
      0.3117488,
      0.6688221,
      0,
      0.8360078,
      1.2806082,
      -4.3845687,
      1
    ]
  },
  {
    "keyframeTimestamp" : 1251077.4804625,
    "uuid" : "8AC50BEF-5D88-4205-8655-E11378BC5190",
    "transform" : [
      -0.049879044,
      -0.9565526,
      -0.2872615,
      0,
      -0.98886776,
      0.006927174,
      0.1486366,
      0,
      -0.14018881,
      0.29147735,
      -0.94624954,
      0,
      1.0000299,
      1.2657043,
      -2.8199835,
      1
    ]
  },
  {
    "keyframeTimestamp" : 1251088.987679041,
    "uuid" : "BD06290D-A2FE-48A6-A0BF-E9CBE2CE6F8E",
    "transform" : [
      0.41425505,
      -0.83426875,
      -0.36385235,
      0,
      -0.60808617,
      0.043762684,
      -0.79266405,
      0,
      0.6772179,
      0.54961854,
      -0.48917842,
      0,
      0.37434536,
      0.086542726,
      -0.31197262,
      1
    ]
  },
  {
    "keyframeTimestamp" : 1251058.063033,
    "uuid" : "BA117221-F92F-4A30-A78F-E0142BFDF122",
    "transform" : [
      -0.016276555,
      -0.99836516,
      0.054788493,
      0,
      -0.9901609,
      0.008477504,
      -0.13967824,
      0,
      0.13898543,
      -0.05652287,
      -0.98868024,
      0,
      0.45018712,
      1.5055097,
      -3.4924285,
      0.99999994
    ]
  },
  {
    "keyframeTimestamp" : 1251076.148222166,
    "uuid" : "A7CB9255-6F06-4FB8-99B3-AF1EDEA0F086",
    "transform" : [
      -0.029825091,
      -0.99878985,
      0.03910606,
      0,
      -0.45720994,
      0.04842265,
      0.8880396,
      0,
      -0.8888586,
      0.008606186,
      -0.45810086,
      0,
      0.7646205,
      1.3794528,
      -2.9985943,
      1
    ]
  },
  {
    "keyframeTimestamp" : 1251079.062497916,
    "uuid" : "B6460195-2066-4A0C-812C-AEBE2FE731BB",
    "transform" : [
      -0.0017207465,
      -0.93622786,
      0.35138896,
      0,
      -0.9999017,
      -0.0032803828,
      -0.01363666,
      0,
      0.013919692,
      -0.3513778,
      -0.93613034,
      0,
      1.1604027,
      1.4668994,
      -2.0766947,
      0.9999999
    ]
  },
  {
    "keyframeTimestamp" : 1251052.58417825,
    "uuid" : "173206B9-D637-468B-A2CA-56DF647D3870",
    "transform" : [
      -0.40688926,
      -0.9127959,
      -0.035285175,
      0,
      -0.18746705,
      0.04563577,
      0.9812105,
      0,
      -0.89403456,
      0.40585864,
      -0.18968791,
      0,
      0.5571744,
      1.3197453,
      -3.332972,
      1
    ]
  },
  {
    "keyframeTimestamp" : 1251069.786769958,
    "uuid" : "BAF71EBB-3CCE-424A-B66A-BBA7FC0E8BF5",
    "transform" : [
      -0.28316334,
      -0.9414855,
      0.18282135,
      0,
      0.54983205,
      -0.0031729017,
      0.8352694,
      0,
      -0.7858139,
      0.33703864,
      0.51855737,
      0,
      0.8460064,
      1.1936526,
      -4.9866505,
      1
    ]
  },
  {
    "keyframeTimestamp" : 1251072.268070416,
    "uuid" : "5FACDE22-A535-4760-B77B-96EDA72246F0",
    "transform" : [
      -0.24134669,
      -0.96956676,
      -0.04113494,
      0,
      0.066529855,
      -0.058819234,
      0.9960493,
      0,
      -0.9681559,
      0.23765646,
      0.078700945,
      0,
      1.1074494,
      1.4190986,
      -4.9538045,
      1
    ]
  },
  {
    "keyframeTimestamp" : 1251072.484559583,
    "uuid" : "20D0DF49-3716-4097-98A5-E1D76EDF2DE6",
    "transform" : [
      -0.22225063,
      -0.97062993,
      -0.09209892,
      0,
      0.13405076,
      -0.12398482,
      0.9831879,
      0,
      -0.9657304,
      0.20616816,
      0.15766938,
      0,
      1.0590887,
      1.5186496,
      -4.8036084,
      1
    ]
  },
  {
    "keyframeTimestamp" : 1251083.858560458,
    "uuid" : "160D43F2-4F20-4347-9334-3FC731478729",
    "transform" : [
      0.14377075,
      -0.92830956,
      -0.3428867,
      0,
      -0.40778664,
      0.26012877,
      -0.8752389,
      0,
      0.90168756,
      0.26565832,
      -0.34115326,
      0,
      1.0887614,
      1.4039359,
      -1.7110357,
      1
    ]
  },
  {
    "keyframeTimestamp" : 1251072.201458291,
    "uuid" : "29F09E90-0E9C-47AF-A28F-12EB4AFA2669",
    "transform" : [
      -0.22543246,
      -0.9739333,
      -0.02518267,
      0,
      0.03769462,
      -0.03454786,
      0.998692,
      0,
      -0.97352946,
      0.22418831,
      0.04450023,
      0,
      1.1273742,
      1.3805856,
      -4.9879603,
      1
    ]
  },
  {
    "keyframeTimestamp" : 1251082.975951791,
    "uuid" : "D845A598-20F3-4DAA-A4C6-E088F50CB4B6",
    "transform" : [
      -0.6263562,
      -0.7417435,
      -0.23977998,
      0,
      0.15528744,
      0.1827041,
      -0.9708269,
      0,
      0.76391333,
      -0.64531827,
      0.0007456095,
      0,
      1.1636997,
      1.6609502,
      -1.5890462,
      1
    ]
  },
  {
    "keyframeTimestamp" : 1251050.119524375,
    "uuid" : "57C3EFFE-A147-4ECE-8CF5-5936AB97BFBD",
    "transform" : [
      0.2584381,
      -0.86917883,
      -0.42158955,
      0,
      0.81273216,
      -0.040274084,
      0.5812441,
      0,
      -0.5221842,
      -0.49285492,
      0.6960013,
      0,
      0.38592303,
      1.6212726,
      -3.184709,
      1
    ]
  },
  {
    "keyframeTimestamp" : 1251081.360611416,
    "uuid" : "B66777DE-27F9-4BA2-B231-2DC9687F4F4C",
    "transform" : [
      -0.12209923,
      -0.9844693,
      0.12614276,
      0,
      -0.7583877,
      0.010552882,
      -0.6517185,
      0,
      0.64026564,
      -0.17523941,
      -0.74789786,
      0,
      1.0299652,
      1.4609822,
      -1.5763226,
      1
    ]
  },
  {
    "keyframeTimestamp" : 1251056.347768833,
    "uuid" : "485E993D-215F-4B8C-819B-A280DB7D001B",
    "transform" : [
      -0.11979446,
      -0.96546966,
      -0.23133825,
      0,
      -0.9667547,
      0.060418665,
      0.24846506,
      0,
      -0.22590835,
      0.25341204,
      -0.94061035,
      0,
      0.5670397,
      1.3840477,
      -3.5139134,
      0.99999994
    ]
  },
  {
    "keyframeTimestamp" : 1251087.738705791,
    "uuid" : "CD06BE11-87D0-4475-BA37-53783E453B15",
    "transform" : [
      0.10013684,
      -0.9860211,
      -0.13317266,
      0,
      -0.4702132,
      0.071058005,
      -0.87968785,
      0,
      0.87685376,
      0.15070868,
      -0.4565246,
      0,
      0.5908907,
      0.5511038,
      -0.598459,
      1
    ]
  },
  {
    "keyframeTimestamp" : 1251086.239937708,
    "uuid" : "1F7A052E-B78A-476D-B7B3-99127D9C31FA",
    "transform" : [
      0.07708482,
      -0.9884124,
      -0.13076285,
      0,
      -0.71420515,
      0.03677101,
      -0.69897014,
      0,
      0.69567883,
      0.14727144,
      -0.7030947,
      0,
      0.8444324,
      1.106095,
      -1.147871,
      1
    ]
  },
  {
    "keyframeTimestamp" : 1251079.828535666,
    "uuid" : "7C038318-61B5-476C-8E2D-CFC7A2E3600B",
    "transform" : [
      0.25470352,
      -0.72249806,
      0.64274627,
      0,
      -0.9504297,
      -0.06444598,
      0.30418792,
      0,
      -0.1783528,
      -0.6883627,
      -0.7030983,
      0,
      1.0849897,
      1.5870733,
      -1.7801961,
      1
    ]
  },
  {
    "keyframeTimestamp" : 1251090.686282375,
    "uuid" : "3FF4F1A9-1188-4423-AD0C-F553334FF9FC",
    "transform" : [
      0.13696699,
      -0.98997676,
      0.034439426,
      0,
      0.64233136,
      0.062294587,
      -0.76389134,
      0,
      0.75408936,
      0.12674943,
      0.64442533,
      0,
      0.012493432,
      0.047017574,
      -0.026314735,
      1
    ]
  },
  {
    "keyframeTimestamp" : 1251071.202277041,
    "uuid" : "5951B65B-4C30-4762-AD03-FA77D31779F5",
    "transform" : [
      -0.17150731,
      -0.9792609,
      0.10785691,
      0,
      0.024146158,
      0.10526792,
      0.99415076,
      0,
      -0.9848869,
      0.17310844,
      0.005591147,
      0,
      1.2287015,
      1.046685,
      -5.1798067,
      1
    ]
  },
  {
    "keyframeTimestamp" : 1251066.139757,
    "uuid" : "B37C5400-40FC-4724-BD43-9B6990EE6EF7",
    "transform" : [
      0.19880085,
      -0.9423455,
      0.2691899,
      0,
      0.8352566,
      0.019232137,
      -0.5495243,
      0,
      0.5126647,
      0.33408841,
      0.7909237,
      0,
      1.3388915,
      1.1124945,
      -3.9122498,
      1.0000001
    ]
  },
  {
    "keyframeTimestamp" : 1251045.922949416,
    "uuid" : "EFF9A83C-9B43-4AFE-87F5-6BF76586B07F",
    "transform" : [
      0.19680537,
      -0.9535468,
      0.22807045,
      0,
      0.6866697,
      -0.031985305,
      -0.72626567,
      0,
      0.6998234,
      0.299542,
      0.6484769,
      0,
      0.9420269,
      1.339568,
      -3.1619442,
      1
    ]
  },
  {
    "keyframeTimestamp" : 1251048.870543916,
    "uuid" : "03F2D262-0556-4455-A1C4-7FF5EA05169F",
    "transform" : [
      0.0769666,
      -0.996604,
