[
  {
    "trackingState" : "Normal",
    "transform" : [
      0.26530102,
      -0.95736897,
      0.11428,
      0,
      0.38478357,
      -0.003548231,
      -0.92299986,
      0,
      0.884057,
      0.2888459,
      0.36743855,
      0,
      2.797762,
      -0.09094562,
      -1.6865368,
      0.9999998
    ],
    "timestamp" : 239580893239
  },
  {
    "trackingState" : "Normal",
    "transform" : [
      0.26517543,
      -0.9577646,
      0.11121508,
      0,
      0.37661093,
      -0.0032971418,
      -0.9263655,
      0,
      0.8876069,
      0.2875342,
      0.35983032,
      0,
      2.7970066,
      -0.0909447,
      -1.6866708,
      0.9999998
    ],
    "timestamp" : 239580909912
  },
  {
    "trackingState" : "Normal",
    "transform" : [
      0.2651986,
      -0.9581438,
      0.107842684,
      0,
      0.36912072,
      -0.0024384104,
      -0.9293781,
      0,
      0.890741,
      0.28627676,
      0.35302407,
      0,
      2.7961168,
      -0.09096065,
      -1.6867641,
      0.9999998
    ],
    "timestamp" : 239580926586
  },
  {
    "trackingState" : "Normal",
    "transform" : [
      0.26599395,
      -0.95830405,
      0.10440635,
      0,
      0.36263016,
      -0.0008789198,
      -0.9319326,
      0,
      0.8931666,
      0.28574932,
      0.34727612,
      0,
      2.7962797,
      -0.09153777,
      -1.6875806,
      0.9999998
    ],
    "timestamp" : 239580943259
  },
  {
    "trackingState" : "Normal",
    "transform" : [
      0.2685278,
      -0.95794624,
      0.101152726,
      0,
      0.35633066,
      0.001223166,
      -0.93435913,
      0,
      0.89494205,
      0.28694525,
      0.3416741,
      0,
      2.7956886,
      -0.091871224,
      -1.6880693,
      0.99999994
    ],
    "timestamp" : 239580959933
  },
  {
    "trackingState" : "Normal",
    "transform" : [
      0.27203488,
      -0.95724976,
      0.098335974,
      0,
      0.34986296,
      0.003190646,
      -0.93679553,
      0,
      0.89643353,
      0.2892452,
      0.33577418,
      0,
      2.7945955,
      -0.092002265,
      -1.6882825,
      0.99999994
    ],
    "timestamp" : 239580976607
  },
  {
    "trackingState" : "Normal",
    "transform" : [
      0.27459383,
      -0.95681185,
      0.09544242,
      0,
      0.3427705,
      0.0046647955,
      -0.9394076,
      0,
      0.898391,
      0.2906704,
      0.32924783,
      0,
      2.7934237,
      -0.092026405,
      -1.6883427,
      0.9999999
    ],
    "timestamp" : 239580993280
  },
  {
    "trackingState" : "Normal",
    "transform" : [
      0.27506292,
      -0.95699203,
      0.092231125,
      0,
      0.33505267,
      0.0054984125,
      -0.9421833,
      0,
      0.9011548,
      0.290062,
      0.3221552,
      0,
      2.792332,
      -0.091984995,
      -1.6883196,
      0.9999999
    ],
    "timestamp" : 239581009954
  },
  {
    "trackingState" : "Normal",
    "transform" : [
      0.27397484,
      -0.95765203,
      0.08854589,
      0,
      0.32773992,
      0.0064105736,
      -0.94474614,
      0,
      0.9041706,
      0.2878567,
      0.31561714,
      0,
      2.7913036,
      -0.09188256,
      -1.6882612,
      0.9999999
    ],
    "timestamp" : 239581026628
  },
  {
    "trackingState" : "Normal",
    "transform" : [
      0.2727614,
      -0.9583112,
      0.08509416,
      0,
      0.32129833,
      0.007364951,
      -0.9469495,
      0,
      0.9068455,
      0.28563187,
      0.30991265,
      0,
      2.7914464,
      -0.09219732,
      -1.6888504,
      0.99999994
    ],
    "timestamp" : 239581043301
  },
  {
    "trackingState" : "Normal",
    "transform" : [
      0.2730855,
      -0.958516,
      0.081679165,
      0,
      0.31516966,
      0.008925556,
      -0.9489934,
      0,
      0.9088964,
      0.28489918,
      0.30453262,
      0,
      2.79091,
      -0.09229407,
      -1.6892215,
      0.99999994
    ],
    "timestamp" : 239581059975
  },
  {
    "trackingState" : "Normal",
    "transform" : [
      0.27457717,
      -0.95830154,
      0.079156496,
      0,
      0.30908516,
      0.010008691,
      -0.95098174,
      0,
      0.910535,
      0.28558397,
      0.29894492,
      0,
      2.7898645,
      -0.092273794,
      -1.689487,
      0.99999994
    ],
    "timestamp" : 239581076648
  },
  {
    "trackingState" : "Normal",
    "transform" : [
      0.2760948,
      -0.95800114,
      0.0774956,
      0,
      0.3029707,
      0.010229199,
      -0.95294493,
      0,
      0.9121297,
      0.28658202,
      0.29307047,
      0,
      2.788664,
      -0.092230074,
      -1.6897656,
      0.9999999
    ],
    "timestamp" : 239581093322
  },
  {
    "trackingState" : "Normal",
    "transform" : [
      0.2760967,
      -0.95812607,
      0.07592854,
      0,
      0.29694572,
      0.009900477,
      -0.954843,
      0,
      0.9141083,
      0.28617564,
      0.28724498,
      0,
      2.7875018,
      -0.09214792,
      -1.6900537,
      0.9999999
    ],
    "timestamp" : 239581109995
  },
  {
    "trackingState" : "Normal",
    "transform" : [
      0.2744857,
      -0.9587309,
      0.074112095,
      0,
      0.29116943,
      0.009412819,
      -0.95662504,
      0,
      0.9164485,
      0.2841591,
      0.28173685,
      0,
      2.7863936,
      -0.09202495,
      -1.690351,
      0.9999998
    ],
    "timestamp" : 239581126669
  },
  {
    "trackingState" : "Normal",
    "transform" : [
      0.27246836,
      -0.95942587,
      0.07254637,
      0,
      0.28593114,
      0.00874742,
      -0.9582101,
      0,
      0.91869706,
      0.28182524,
      0.27671316,
      0,
      2.785257,
      -0.09189464,
      -1.6907086,
      0.9999998
    ],
    "timestamp" : 239581143343
  },
  {
    "trackingState" : "Normal",
    "transform" : [
      0.2711724,
      -0.9598389,
      0.07193665,
      0,
      0.2806529,
      0.007357369,
      -0.9597811,
      0,
      0.9207061,
      0.2804554,
      0.2713767,
      0,
      2.784788,
      -0.093189105,
      -1.6919956,
      0.99999994
    ],
    "timestamp" : 239581160016
  },
  {
    "trackingState" : "Normal",
    "transform" : [
      0.27166033,
      -0.95968354,
      0.072167344,
      0,
      0.27472854,
      0.0054637804,
      -0.9615062,
      0,
      0.9223474,
      0.28102958,
      0.26513678,
      0,
      2.7835956,
      -0.09361764,
      -1.6928915,
      0.9999998
    ],
    "timestamp" : 239581176690
  },
  {
    "trackingState" : "Normal",
    "transform" : [
      0.27281308,
      -0.9593259,
      0.07257392,
      0,
      0.26868856,
      0.0035410845,
      -0.96322066,
      0,
      0.9237855,
      0.28227895,
      0.25872594,
      0,
      2.7821546,
      -0.09374734,
      -1.6936404,
      0.99999994
    ],
    "timestamp" : 239581193363
  },
  {
    "trackingState" : "Normal",
    "transform" : [
      0.2732219,
      -0.959259,
      0.07191711,
      0,
      0.2630654,
      0.0025972468,
      -0.9647746,
      0,
      0.9252819,
      0.28251642,
      0.2530575,
      0,
      2.7806995,
      -0.09372145,
      -1.6942229,
      0.99999994
    ],
    "timestamp" : 239581210037
  },
  {
    "trackingState" : "Normal",
    "transform" : [
      0.27238807,
      -0.9596398,
      0.06997302,
      0,
      0.2574869,
      0.0026290542,
      -0.9662781,
      0,
      0.92709506,
      0.28121978,
      0.24781078,
      0,
      2.7792575,
      -0.093610026,
      -1.694649,
      0.9999998
    ],
    "timestamp" : 239581226711
  },
  {
    "trackingState" : "Normal",
    "transform" : [
      0.27076632,
      -0.9602556,
      0.06778509,
      0,
      0.25213626,
      0.0027859213,
      -0.9676877,
      0,
      0.9290387,
      0.27910835,
      0.24286959,
      0,
      2.7778416,
      -0.093796186,
      -1.695238,
      0.9999999
    ],
    "timestamp" : 239581243384
  },
  {
    "trackingState" : "Normal",
    "transform" : [
      0.27004495,
      -0.96058536,
      0.06596627,
      0,
      0.24673624,
      0.0028143204,
      -0.9690786,
      0,
      0.93069714,
      0.27797106,
      0.23777124,
      0,
      2.7761772,
      -0.09376466,
      -1.6956908,
      0.9999999
    ],
    "timestamp" : 239581260058
  },
  {
    "trackingState" : "Normal",
    "transform" : [
      0.26973334,
      -0.96073896,
      0.06499761,
      0,
      0.24097873,
      0.0019963465,
      -0.9705283,
      0,
      0.93229467,
      0.27744693,
      0.23205614,
      0,
      2.7743454,
      -0.0936416,
      -1.6961479,
      0.9999999
    ],
    "timestamp" : 239581276731
  },
  {
    "trackingState" : "Normal",
    "transform" : [
      0.2683162,
      -0.9611639,
      0.064579934,
      0,
      0.23524095,
      0.00036552234,
      -0.97193706,
      0,
      0.93416715,
      0.2759783,
      0.2262032,
      0,
      2.7725086,
      -0.09343878,
      -1.696601,
      0.99999994
    ],
    "timestamp" : 239581293405
  },
  {
    "trackingState" : "Normal",
    "transform" : [
      0.26530537,
      -0.96203715,
      0.06401307,
      0,
      0.22974546,
      -0.0014011923,
      -0.97324973,
      0,
      0.9363921,
      0.27291512,
      0.22065194,
      0,
      2.7707222,
      -0.09314878,
      -1.6970174,
      0.9999999
    ],
    "timestamp" : 239581310079
  },
  {
    "trackingState" : "Normal",
    "transform" : [
      0.26183683,
      -0.9630435,
      0.06315601,
      0,
      0.22404747,
      -0.0029970624,
      -0.97457355,
      0,
      0.93874604,
      0.2693292,
      0.21498272,
      0,
      2.768882,
      -0.092818074,
      -1.6974334,
      0.9999999
    ],
    "timestamp" : 239581326752
  },
  {
    "trackingState" : "Normal",
    "transform" : [
      0.25929835,
      -0.9638038,
      0.062020525,
      0,
      0.21796499,
      -0.0041614566,
      -0.97594774,
      0,
      0.94088036,
      0.26657996,
      0.20899644,
      0,
      2.767383,
      -0.09253632,
      -1.6979574,
      0.9999999
    ],
    "timestamp" : 239581343426
  },
  {
    "trackingState" : "Normal",
    "transform" : [
      0.25794545,
      -0.9642824,
      0.060196456,
      0,
      0.21172956,
      -0.004372625,
      -0.9773185,
      0,
      0.9426743,
      0.26484022,
      0.20303918,
      0,
      2.7654912,
      -0.09220122,
      -1.6984617,
      0.99999994
    ],
    "timestamp" : 239581360100
  },
  {
    "trackingState" : "Normal",
    "transform" : [
      0.25655797,
      -0.96479124,
      0.05793136,
      0,
      0.20511745,
      -0.0042232405,
      -0.9787283,
      0,
      0.94451314,
      0.2629833,
      0.19681202,
      0,
      2.7634568,
      -0.09179106,
      -1.6989682,
      0.99999994
    ],
    "timestamp" : 239581376773
  },
  {
    "trackingState" : "Normal",
    "transform" : [
      0.25296518,
      -0.9658596,
      0.055891916,
      0,
      0.19850215,
      -0.004726289,
      -0.98008907,
      0,
      0.9468926,
      0.25902307,
      0.19052961,
      0,
      2.7614765,
      -0.09133129,
      -1.699486,
      0.9999999
    ],
    "timestamp" : 239581393447
  },
  {
    "trackingState" : "Normal",
    "transform" : [
      0.24774545,
      -0.96731865,
      0.054007374,
      0,
      0.19247223,
      -0.0054921047,
      -0.98128706,
      0,
      0.9495139,
      0.25350434,
      0.18482134,
      0,
      2.7595458,
      -0.0908288,
      -1.700027,
      0.9999999
    ],
    "timestamp" : 239581410120
  },
  {
    "trackingState" : "Normal",
    "transform" : [
      0.24331453,
      -0.9685158,
      0.05267957,
      0,
      0.1873104,
      -0.0063713514,
      -0.98228,
      0,
      0.95168936,
      0.24887045,
      0.17986281,
      0,
      2.7574918,
      -0.09033481,
      -1.7006409,
      0.9999999
    ],
    "timestamp" : 239581426794
  },
  {
    "trackingState" : "Normal",
    "transform" : [
      0.24114586,
      -0.96910006,
      0.051903334,
      0,
      0.18198544,
      -0.0073781214,
      -0.9832736,
      0,
      0.9532734,
      0.24655801,
      0.17458288,
      0,
      2.755487,
      -0.08991268,
      -1.7019,
      0.99999994
    ],
    "timestamp" : 239581443467
  },
  {
    "trackingState" : "Normal",
    "transform" : [
      0.24136278,
      -0.96910805,
      0.05073042,
      0,
      0.17647801,
      -0.007571376,
      -0.98427534,
      0,
      0.9542534,
      0.24652027,
      0.16919883,
      0,
      2.7531512,
      -0.0894264,
      -1.7028236,
      0.9999998
    ],
    "timestamp" : 239581460141
  },
  {
    "trackingState" : "Normal",
    "transform" : [
      0.2419143,
      -0.96906126,
      0.048967537,
      0,
      0.17018464,
      -0.0073078806,
      -0.9853851,
      0,
      0.95525646,
      0.24671228,
      0.16315144,
      0,
      2.7507777,
      -0.08887484,
      -1.7036327,
      0.99999994
    ],
    "timestamp" : 239581476815
  },
  {
    "trackingState" : "Normal",
    "transform" : [
      0.24065016,
      -0.96947086,
      0.04705124,
      0,
      0.16318804,
      -0.0073730866,
      -0.9865675,
      0,
      0.9567954,
      0.24509582,
      0.15643169,
      0,
      2.7485354,
      -0.08826194,
      -1.7043933,
      0.99999994
    ],
    "timestamp" : 239581493488
  },
  {
    "trackingState" : "Normal",
    "transform" : [
      0.23761874,
      -0.97030103,
      0.04531503,
      0,
      0.15619557,
      -0.007876356,
      -0.9876949,
      0,
      0.95871824,
      0.24177279,
      0.1496851,
      0,
      2.7464056,
      -0.08759846,
      -1.7051331,
      1
    ],
    "timestamp" : 239581510162
  },
  {
    "trackingState" : "Normal",
    "transform" : [
      0.23441122,
      -0.97113323,
      0.04417946,
      0,
      0.1491695,
      -0.008975452,
      -0.9887709,
      0,
      0.9606248,
      0.23836923,
      0.14275949,
      0,
      2.744263,
      -0.08692311,
      -1.7058859,
      0.99999994
    ],
    "timestamp" : 239581526836
  },
  {
    "trackingState" : "Normal",
    "transform" : [
      0.23185582,
      -0.97177136,
      0.043627262,
      0,
      0.14241919,
      -0.010454535,
      -0.9897512,
      0,
      0.96226805,
      0.23569295,
      0.13597496,
      0,
      2.7420478,
      -0.086253166,
      -1.7066902,
      0.99999994
    ],
    "timestamp" : 239581543509
  },
  {
    "trackingState" : "Normal",
    "transform" : [
      0.2303822,
      -0.972126,
      0.043532364,
      0,
      0.13706636,
      -0.011871669,
      -0.99049056,
      0,
      0.9633985,
      0.23415825,
      0.13051076,
      0,
      2.7387793,
      -0.08593618,
      -1.7080817,
      0.9999998
    ],
    "timestamp" : 239581560183
  },
  {
    "trackingState" : "Normal",
    "transform" : [
      0.22846533,
      -0.972611,
      0.04279414,
      0,
      0.13170254,
      -0.012675603,
      -0.99120814,
      0,
      0.9646025,
      0.23209281,
      0.12519942,
      0,
      2.736192,
      -0.08537066,
      -1.7090945,
      0.9999999
    ],
    "timestamp" : 239581576856
  },
  {
    "trackingState" : "Normal",
    "transform" : [
      0.22551118,
      -0.97334963,
      0.041656602,
      0,
      0.12667991,
      -0.013098754,
      -0.9918572,
      0,
      0.9659695,
      0.22895193,
      0.12034994,
      0,
      2.733901,
      -0.08469424,
      -1.7100033,
      0.99999994
    ],
    "timestamp" : 239581593530
  },
  {
    "trackingState" : "Normal",
    "transform" : [
      0.22199266,
      -0.97422063,
      0.04016508,
      0,
      0.12153301,
      -0.013225317,
      -0.9924992,
      0,
      0.96744454,
      0.22520894,
      0.115464054,
      0,
      2.7317274,
      -0.08395051,
      -1.7108866,
      0.9999998
    ],
    "timestamp" : 239581610203
  },
  {
    "trackingState" : "Normal",
    "transform" : [
      0.21847905,
      -0.9750728,
      0.038728554,
      0,
      0.11599099,
      -0.01345747,
      -0.99315894,
      0,
      0.9689235,
      0.22147661,
      0.11015948,
      0,
      2.72958,
      -0.083171465,
      -1.7118073,
      0.99999976
    ],
    "timestamp" : 239581626877
  },
  {
    "trackingState" : "Normal",
    "transform" : [
      0.2150499,
      -0.9758931,
      0.037232906,
      0,
      0.109805584,
      -0.013721334,
      -0.9938584,
      0,
      0.97041047,
      0.21781753,
      0.10420774,
      0,
      2.726074,
      -0.08203237,
      -1.7130377,
      0.99999994
    ],
    "timestamp" : 239581643551
  },
  {
    "trackingState" : "Normal",
    "transform" : [
      0.21141408,
      -0.97673583,
      0.03593532,
      0,
      0.103085205,
      -0.0142787155,
      -0.99457,
      0,
      0.97194535,
      0.21397051,
      0.097668275,
      0,
      2.7234588,
      -0.0810952,
      -1.7140836,
      0.99999994
    ],
    "timestamp" : 239581660224
  },
  {
    "trackingState" : "Normal",
    "transform" : [
      0.20717993,
      -0.9776819,
      0.034854155,
      0,
      0.09649678,
      -0.015030811,
      -0.99521977,
      0,
      0.9735322,
      0.20955288,
      0.09122907,
      0,
      2.7211628,
      -0.08020767,
      -1.7150668,
      0.99999994
    ],
    "timestamp" : 239581676898
  },
  {
    "trackingState" : "Normal",
    "transform" : [
      0.20226023,
      -0.97873694,
      0.034128442,
      0,
      0.089352496,
      -0.016260695,
      -0.9958672,
      0,
      0.9752471,
      0.20447381,
      0.08416369,
      0,
      2.718983,
      -0.07931568,
      -1.7160302,
      0.9999999
    ],
    "timestamp" : 239581693572
  },
  {
    "trackingState" : "Normal",
    "transform" : [
      0.19709791,
      -0.97979844,
      0.033873886,
      0,
      0.08217246,
      -0.017919859,
      -0.996457,
      0,
      0.97693413,
      0.19918309,
      0.07698048,
      0,
      2.7168407,
      -0.07840254,
      -1.7169881,
      0.9999999
    ],
    "timestamp" : 239581710245
  },
  {
    "trackingState" : "Normal",
    "transform" : [
      0.19235235,
      -0.9807421,
      0.03384444,
      0,
      0.0762327,
      -0.01945057,
      -0.9969002,
      0,
      0.9783604,
      0.19433618,
      0.071023256,
      0,
      2.7147086,
      -0.077488236,
      -1.7178884,
      0.99999994
    ],
    "timestamp" : 239581726919
  },
  {
    "trackingState" : "Normal",
    "transform" : [
      0.18785149,
      -0.98160326,
      0.034160804,
      0,
      0.071302265,
      -0.021059452,
      -0.99723244,
      0,
      0.979606,
      0.18976733,
      0.06603448,
      0,
      2.7131925,
      -0.076700136,
      -1.7190762,
      0.9999999
    ],
    "timestamp" : 239581743592
  },
  {
    "trackingState" : "Normal",
    "transform" : [
      0.18366097,
      -0.9823855,
      0.034459155,
      0,
      0.06653271,
      -0.022551794,
      -0.9975293,
      0,
      0.98073554,
      0.18549986,
      0.061218876,
      0,
      2.7112834,
      -0.07581401,
      -1.7200068,
      0.9999999
    ],
    "timestamp" : 239581760266
  },
  {
    "trackingState" : "Normal",
    "transform" : [
      0.17958382,
      -0.98312813,
      0.034767825,
      0,
      0.061729074,
      -0.024011051,
      -0.997804,
      0,
      0.9818041,
      0.18133566,
      0.056375578,
      0,
      2.7092862,
      -0.07486121,
      -1.7208612,
      0.9999999
    ],
    "timestamp" : 239581776939
  },
  {
    "trackingState" : "Normal",
    "transform" : [
      0.17560627,
      -0.98383844,
      0.034991294,
      0,
      0.057409763,
      -0.02524896,
      -0.9980313,
      0,
      0.98278517,
      0.17726941,
      0.052048054,
      0,
      2.7073302,
      -0.07385478,
      -1.7216959,
      0.9999999
    ],
    "timestamp" : 239581793613
  },
  {
    "trackingState" : "Normal",
    "transform" : [
      0.17174102,
      -0.9845182,
      0.03505981,
      0,
      0.053129658,
      -0.026280504,
      -0.9982418,
      0,
      0.98370856,
      0.17330177,
      0.047793653,
      0,
      2.7054384,
      -0.072811894,
      -1.7225044,
      0.99999994
    ],
    "timestamp" : 239581810287
  },
  {
    "trackingState" : "Normal",
    "transform" : [
      0.16743948,
      -0.9852578,
      0.035086334,
      0,
      0.048258677,
      -0.027355177,
      -0.99846,
      0,
      0.98470044,
      0.16887487,
      0.042966895,
      0,
      2.703622,
      -0.071743235,
      -1.7232833,
      0.9999998
    ],
    "timestamp" : 239581826960
  },
  {
    "trackingState" : "Normal",
    "transform" : [
      0.16250733,
      -0.98608726,
      0.034975834,
      0,
      0.042685114,
      -0.028388161,
      -0.9986852,
      0,
      0.9857837,
      0.16378658,
      0.037477955,
      0,
      2.7017496,
      -0.07083214,
      -1.7241123,
      0.99999994
    ],
    "timestamp" : 239581843634
  },
  {
    "trackingState" : "Normal",
    "transform" : [
      0.15734968,
      -0.98692375,
      0.034964543,
      0,
      0.03710218,
      -0.029472644,
      -0.9988767,
      0,
      0.98684573,
      0.1584702,
      0.031979505,
      0,
      2.7000432,
      -0.06977128,
      -1.7248988,
      0.9999999
    ],
    "timestamp" : 239581860308
  },
  {
    "trackingState" : "Normal",
    "transform" : [
      0.15269278,
      -0.9876603,
      0.03481768,
      0,
      0.032337755,
      -0.030218713,
      -0.99902,
      0,
      0.9877445,
      0.15366909,
      0.027324524,
      0,
      2.698408,
      -0.068673596,
      -1.7256595,
      0.9999999
    ],
    "timestamp" : 239581876981
  },
  {
    "trackingState" : "Normal",
    "transform" : [
      0.14919074,
      -0.9882095,
      0.03441318,
      0,
      0.028492076,
      -0.030491965,
      -0.9991288,
      0,
      0.9883979,
      0.15004127,
      0.023607012,
      0,
      2.6967785,
      -0.0675885,
      -1.7263882,
      0.99999994
    ],
    "timestamp" : 239581893655
  },
  {
    "trackingState" : "Normal",
    "transform" : [
      0.14680932,
      -0.98858607,
      0.033830505,
      0,
      0.025424626,
      -0.030418528,
      -0.99921376,
      0,
      0.98883796,
      0.14755404,
      0.020668697,
      0,
      2.695164,
      -0.06653886,
      -1.7270721,
      0.9999999
    ],
    "timestamp" : 239581910328
  },
  {
    "trackingState" : "Normal",
    "transform" : [
      0.14465572,
      -0.988932,
      0.03298979,
      0,
      0.02208811,
      -0.03010481,
      -0.9993027,
      0,
      0.9892356,
      0.14528352,
      0.017488794,
      0,
      2.6935816,
      -0.06506354,
      -1.7280428,
      0.99999994
    ],
    "timestamp" : 239581927002
  },
  {
    "trackingState" : "Normal",
    "transform" : [
      0.1421981,
      -0.98930967,
      0.03234407,
      0,
      0.018154172,
      -0.03006402,
      -0.9993831,
      0,
      0.98967177,
      0.14269756,
      0.013685045,
      0,
      2.6920874,
      -0.063893236,
      -1.728802,
      0.9999999
    ],
    "timestamp" : 239581943676
  },
  {
    "trackingState" : "Normal",
    "transform" : [
      0.13962528,
      -0.9896948,
      0.031766526,
      0,
      0.014098564,
      -0.03009056,
      -0.9994477,
      0,
      0.990104,
      0.13999604,
      0.009751863,
      0,
      2.6906686,
      -0.06291314,
      -1.7294408,
      0.9999999
    ],
    "timestamp" : 239581960349
  },
  {
    "trackingState" : "Normal",
    "transform" : [
      0.137797,
      -0.9899695,
      0.031185448,
      0,
      0.010075337,
      -0.03008315,
      -0.9994967,
      0,
      0.9904093,
      0.13804181,
      0.0058288993,
      0,
      2.6892412,
      -0.0620419,
      -1.7300559,
      0.99999994
    ],
    "timestamp" : 239581977023
  },
  {
    "trackingState" : "Normal",
    "transform" : [
      0.1371396,
      -0.99007493,
      0.030732369,
      0,
      0.006319112,
      -0.03015043,
      -0.9995254,
      0,
      0.9905317,
      0.13726872,
      0.0021215666,
      0,
      2.687823,
      -0.06125418,
      -1.7306492,
      0.99999994
    ],
    "timestamp" : 239581993696
  },
  {
    "trackingState" : "Normal",
    "transform" : [
      0.13698995,
      -0.99010974,
      0.030271528,
      0,
      0.0026909765,
      -0.030187547,
      -0.99954057,
      0,
      0.99056876,
      0.13700849,
      -0.0014710386,
      0,
      2.6864917,
      -0.060525622,
      -1.7311796,
      0.9999998
    ],
    "timestamp" : 239582010370
  },
  {
    "trackingState" : "Normal",
    "transform" : [
      0.13602626,
      -0.99025774,
      0.029775277,
      0,
      -0.0005753595,
      -0.030133585,
      -0.99954563,
      0,
      0.9907051,
      0.13594733,
      -0.004668724,
      0,
      2.6853423,
      -0.059845068,
      -1.731625,
      0.9999999
    ],
    "timestamp" : 239582027043
  },
  {
    "trackingState" : "Normal",
    "transform" : [
      0.13437249,
      -0.9905048,
      0.029056959,
      0,
      -0.0037593392,
      -0.029832236,
      -0.99954784,
      0,
      0.99092376,
      0.1342025,
      -0.0077322847,
      0,
      2.684412,
      -0.05842723,
      -1.732548,
      0.99999994
    ],
    "timestamp" : 239582043717
  },
  {
    "trackingState" : "Normal",
    "transform" : [
      0.13300362,
      -0.9907039,
      0.028565126,
      0,
      -0.0064480156,
      -0.029685512,
      -0.9995385,
      0,
      0.99109465,
      0.13275805,
      -0.010336365,
      0,
      2.683558,
      -0.057592027,
      -1.7330287,
      0.99999994
    ],
    "timestamp" : 239582060391
  },
  {
    "trackingState" : "Normal",
    "transform" : [
      0.13220128,
      -0.9908233,
      0.02814217,
      0,
      -0.008418183,
      -0.029512636,
      -0.99952894,
      0,
      0.9911872,
      0.13190213,
      -0.012242552,
      0,
      2.6828022,
      -0.056938365,
      -1.7333664,
      0.99999994
    ],
    "timestamp" : 239582077064
  },
  {
    "trackingState" : "Normal",
    "transform" : [
      0.13174935,
      -0.990889,
      0.027946545,
      0,
      -0.010352552,
      -0.029566146,
      -0.99950904,
      0,
      0.99122906,
      0.13139537,
      -0.014153562,
      0,
      2.6821947,
      -0.056340124,
      -1.7336584,
      0.9999999
    ],
    "timestamp" : 239582093738
  },
  {
    "trackingState" : "Normal",
    "transform" : [
      0.13094014,
      -0.9909813,
      0.028472168,
      0,
      -0.012312357,
      -0.030342732,
      -0.99946356,
      0,
      0.99131376,
      0.13051936,
      -0.01617441,
      0,
      2.6817994,
      -0.05576218,
      -1.7339414,
      0.9999998
    ],
    "timestamp" : 239582110411
  },
  {
    "trackingState" : "Normal",
    "transform" : [
      0.12897786,
      -0.9911949,
      0.02995434,
      0,
      -0.014519035,
      -0.03209095,
      -0.9993794,
      0,
      0.9915411,
      0.12846293,
      -0.018530227,
      0,
      2.6816401,
      -0.05519452,
      -1.7342373,
      0.99999976
    ],
    "timestamp" : 239582127085
  },
  {
    "trackingState" : "Normal",
    "transform" : [
      0.12597902,
      -0.9915276,
      0.03165944,
      0,
      -0.01709499,
      -0.03407876,
      -0.99927294,
      0,
      0.99188566,
      0.1253462,
      -0.021243373,
      0,
      2.6803944,
      -0.054872096,
      -1.7345165,
      0.99999994
    ],
    "timestamp" : 239582143759
  },
  {
    "trackingState" : "Normal",
    "transform" : [
      0.123062484,
      -0.9918369,
      0.033395853,
      0,
      -0.020743547,
      -0.036215138,
      -0.9991287,
      0,
      0.99218214,
      0.12226251,
      -0.025030952,
      0,
      2.680003,
      -0.054333147,
      -1.7348491,
      0.9999999
    ],
    "timestamp" : 239582160432
  },
  {
    "trackingState" : "Normal",
    "transform" : [
      0.12063353,
      -0.99207985,
      0.035004273,
      0,
      -0.024958028,
      -0.038281675,
      -0.99895525,
      0,
      0.99238336,
      0.11963385,
      -0.029378422,
      0,
      2.679887,
      -0.053716287,
      -1.7352129,
      0.99999994
    ],
    "timestamp" : 239582177106
  },
  {
    "trackingState" : "Normal",
    "transform" : [
      0.11873624,
      -0.99225813,
      0.036406174,
      0,
      -0.029869465,
      -0.040218413,
      -0.99874425,
      0,
      0.99247646,
      0.11749972,
      -0.034413613,
      0,
      2.6798718,
      -0.05305939,
      -1.7355795,
      0.9999999
    ],
    "timestamp" : 239582193780
  },
  {
    "trackingState" : "Normal",
    "transform" : [
      0.11789852,
      -0.9922944,
      0.03810441,
      0,
      -0.035855383,
      -0.04260086,
      -0.99844855,
      0,
      0.9923782,
      0.11634936,
      -0.040601682,
      0,
      2.6798527,
      -0.052398197,
      -1.7359632,
      0.99999994
    ],
    "timestamp" : 239582210453
  },
  {
    "trackingState" : "Normal",
    "transform" : [
      0.11815341,
      -0.992195,
      0.039862253,
      0,
      -0.041539002,
      -0.045046914,
      -0.9981209,
      0,
      0.9921262,
      0.11627555,
      -0.046537247,
      0,
      2.6798432,
      -0.051736422,
      -1.736315,
      0.99999994
    ],
    "timestamp" : 239582227127
  },
  {
    "trackingState" : "Normal",
    "transform" : [
      0.11904653,
      -0.99204534,
      0.040915728,
      0,
      -0.045842554,
      -0.046656642,
      -0.99785846,
      0,
      0.9918299,
      0.11691592,
      -0.051032215,
      0,
      2.677769,
      -0.05161915,
      -1.7371244,
      0.99999994
    ],
    "timestamp" : 239582243800
  },
  {
    "trackingState" : "Normal",
    "transform" : [
      0.120372154,
      -0.99184936,
      0.041779134,
      0,
      -0.048846614,
      -0.047951758,
      -0.99765456,
      0,
      0.9915264,
      0.11804907,
      -0.05422055,
      0,
      2.6772277,
      -0.05111283,
      -1.7375755,
      0.99999994
    ],
    "timestamp" : 239582260474
  },
  {
    "trackingState" : "Normal",
    "transform" : [
      0.12107277,
      -0.9917319,
      0.042537548,
      0,
      -0.050504573,
      -0.04895167,
      -0.9975234,
      0,
      0.991358,
      0.11862459,
      -0.056013722,
      0,
      2.6773207,
      -0.05045443,
      -1.7379526,
      0.99999994
    ],
    "timestamp" : 239582277148
  },
  {
    "trackingState" : "Normal",
    "transform" : [
      0.12096622,
      -0.9917075,
      0.043399546,
      0,
      -0.05211153,
      -0.050004613,
      -0.99738854,
      0,
      0.9912878,
      0.118388705,
      -0.05772828,
      0,
      2.6776984,
      -0.049743306,
      -1.7383885,
      0.9999999
    ],
    "timestamp" : 239582293821
  },
  {
    "trackingState" : "Normal",
    "transform" : [
      0.1205428,
      -0.99170494,
      0.044618055,
      0,
      -0.0552752,
      -0.051581252,
      -0.99713784,
      0,
      0.9911681,
      0.11773154,
      -0.06103445,
      0,
      2.6781816,
      -0.04902589,
      -1.7389646,
      0.9999999
    ],
    "timestamp" : 239582310495
  },
  {
    "trackingState" : "Normal",
    "transform" : [
      0.120178275,
      -0.99168265,
      0.04607155,
      0,
      -0.06082282,
      -0.05367573,
      -0.99670416,
      0,
      0.99088734,
      0.11698,
      -0.0667676,
      0,
      2.6786997,
      -0.048315655,
      -1.739667,
      0.9999998
    ],
    "timestamp" : 239582327168
  },
  {
    "trackingState" : "Normal",
    "transform" : [
      0.12020628,
      -0.99162954,
      0.04713148,
      0,
      -0.067767575,
      -0.05556132,
      -0.99615276,
      0,
      0.9904333,
      0.11654985,
      -0.07387917,
      0,
      2.6775405,
      -0.048418716,
      -1.7401645,
      0.99999994
    ],
    "timestamp" : 239582343842
  },
  {
    "trackingState" : "Normal",
    "transform" : [
      0.12007024,
      -0.99160784,
      0.047926478,
      0,
      -0.074299276,
      -0.05711601,
      -0.9955989,
      0,
      0.9899812,
      0.115980916,
      -0.0805337,
      0,
      2.677668,
      -0.048002627,
      -1.7408385,
      0.9999999
    ],
    "timestamp" : 239582360516
  },
  {
    "trackingState" : "Normal",
    "transform" : [
      0.11905257,
      -0.9917272,
      0.047997545,
      0,
      -0.07968569,
      -0.057728972,
      -0.995147,
      0,
      0.98968524,
      0.114650086,
      -0.08589924,
      0,
      2.6784203,
      -0.047385216,
      -1.741567,
      0.99999994
    ],
    "timestamp" : 239582377189
  },
  {
    "trackingState" : "Normal",
    "transform" : [
      0.11682847,
      -0.9920219,
      0.04736685,
      0,
      -0.08520136,
      -0.05752879,
      -0.9947015,
      0,
      0.9894907,
      0.11217374,
      -0.09124263,
      0,
      2.6795244,
      -0.04668543,
      -1.7423186,
      0.9999999
    ],
    "timestamp" : 239582393863
  },
  {
    "trackingState" : "Normal",
    "transform" : [
      0.11384,
      -0.9924246,
      0.046194635,
      0,
      -0.0914435,
      -0.05676625,
      -0.99419093,
      0,
      0.9892819,
      0.108954504,
      -0.097213075,
      0,
      2.6808283,
      -0.045956623,
      -1.7430732,
      0.9999999
    ],
    "timestamp" : 239582410536
  },
  {
    "trackingState" : "Normal",
    "transform" : [
      0.11098435,
      -0.99280125,
      0.0450359,
      0,
      -0.09824066,
      -0.05605359,
      -0.9935827,
      0,
      0.98895466,
      0.10584779,
      -0.10375453,
      0,
      2.682239,
      -0.04525831,
      -1.7438402,
      0.9999999
    ],
    "timestamp" : 239582427210
  },
  {
    "trackingState" : "Normal",
    "transform" : [
      0.10932386,
      -0.99299926,
      0.04472913,
      0,
      -0.10559498,
      -0.056346107,
      -0.99281144,
      0,
      0.9883815,
      0.103814825,
      -0.11101573,
      0,
      2.6831064,
      -0.043981466,
      -1.7461323,
      0.9999999
    ],
    "timestamp" : 239582443883
  },
  {
    "trackingState" : "Normal",
    "transform" : [
      0.108312555,
      -0.99311393,
      0.044644922,
      0,
      -0.11276515,
      -0.05689304,
      -0.99199146,
      0,
      0.9877006,
      0.10241075,
      -0.11815088,
      0,
      2.6844497,
      -0.043201912,
      -1.747535,
      0.9999999
    ],
    "timestamp" : 239582460557
  },
  {
    "trackingState" : "Normal",
    "transform" : [
      0.10755784,
      -0.99319667,
      0.044628933,
      0,
      -0.119352065,
      -0.057463843,
      -0.99118763,
      0,
      0.98700887,
      0.10128345,
      -0.12472077,
      0,
      2.686074,
      -0.04263631,
      -1.7486813,
      0.9999999
    ],
    "timestamp" : 239582477231
  },
  {
    "trackingState" : "Normal",
    "transform" : [
      0.10629326,
      -0.9933435,
      0.044392508,
      0,
      -0.12536606,
      -0.057677295,
      -0.99043256,
      0,
      0.9864001,
      0.09971099,
      -0.13066228,
      0,
      2.6879618,
      -0.04218158,
      -1.7497708,
      0.99999994
    ],
    "timestamp" : 239582493904
  },
  {
    "trackingState" : "Normal",
    "transform" : [
      0.10379998,
      -0.99362445,
      0.04399915,
      0,
      -0.13109657,
      -0.05752048,
      -0.9896993,
      0,
      0.98592055,
      0.09696265,
      -0.1362314,
      0,
      2.6900995,
      -0.041802503,
      -1.7508905,
      0.9999999
    ],
    "timestamp" : 239582510578
  },
  {
    "trackingState" : "Normal",
    "transform" : [
      0.10061341,
      -0.99395514,
      0.043934114,
      0,
      -0.13710465,
      -0.0575883,
      -0.988881,
      0,
      0.9854336,
      0.093471125,
      -0.14207004,
      0,
      2.6923707,
      -0.041496724,
      -1.7521236,
      0.9999998
    ],
    "timestamp" : 239582527251
  },
  {
    "trackingState" : "Normal",
    "transform" : [
      0.09850787,
      -0.99415034,
      0.044287913,
      0,
      -0.14430025,
      -0.05830403,
      -0.9878147,
      0,
      0.98461854,
      0.090916775,
      -0.14919956,
      0,
      2.6947339,
      -0.04092808,
      -1.7536827,
      0.99999994
    ],
    "timestamp" : 239582543925
  },
  {
    "trackingState" : "Normal",
    "transform" : [
      0.09829492,
      -0.99415445,
      0.044667292,
      0,
      -0.15156369,
      -0.059316386,
      -0.9866661,
      0,
      0.98354805,
      0.09021433,
      -0.15650824,
      0,
      2.6969194,
      -0.040625945,
      -1.7552714,
      0.99999994
    ],
    "timestamp" : 239582560599
  },
  {
    "trackingState" : "Normal",
    "transform" : [
      0.099230975,
      -0.9940695,
      0.04448585,
      0,
      -0.15835415,
      -0.059912555,
      -0.9855629,
      0,
      0.9823834,
      0.09075387,
      -0.16336027,
      0,
      2.6991043,
      -0.040435765,
      -1.7568808,
      0.9999999
    ],
    "timestamp" : 239582577272
  },
  {
    "trackingState" : "Normal",
    "transform" : [
      0.10004405,
      -0.9940147,
      0.043886047,
      0,
      -0.164875,
      -0.060059354,
      -0.984484,
      0,
      0.9812274,
      0.09125607,
      -0.16989678,
      0,
      2.7014058,
      -0.040308755,
      -1.7585237,
      0.9999998
    ],
    "timestamp" : 239582593946
  },
  {
    "trackingState" : "Normal",
    "transform" : [
      0.100097366,
      -0.9940443,
      0.043085426,
      0,
      -0.17172696,
      -0.059913043,
      -0.98332095,
      0,
      0.980046,
      0.09102892,
      -0.1767014,
      0,
      2.7038422,
      -0.04021436,
      -1.7602109,
      0.9999998
    ],
    "timestamp" : 239582610619
  },
  {
    "trackingState" : "Normal",
    "transform" : [
      0.09953056,
      -0.994143,
      0.042111877,
      0,
      -0.17880991,
      -0.059502907,
      -0.98208266,
      0,
      0.9788364,
      0.09021722,
      -0.183685,
      0,
      2.7064064,
      -0.040105507,
      -1.7619342,
      0.99999994
    ],
    "timestamp" : 239582627293
  },
  {
    "trackingState" : "Normal",
    "transform" : [
      0.09858625,
      -0.99427605,
      0.0411807,
      0,
      -0.18624568,
      -0.059086412,
      -0.98072475,
      0,
      0.97754437,
      0.08901626,
      -0.19100475,
      0,
      2.7086797,
      -0.040122166,
      -1.764662,
      0.9999998
    ],
    "timestamp" : 239582643967
  },
  {
    "trackingState" : "Normal",
    "transform" : [
      0.09804643,
      -0.9943758,
      0.04004384,
      0,
      -0.19332206,
      -0.058502078,
      -0.97938955,
      0,
      0.976224,
      0.0882843,
      -0.19797073,
      0,
      2.7112505,
      -0.040041722,
      -1.7667361,
      0.9999998
    ],
    "timestamp" : 239582660640
  },
  {
    "trackingState" : "Normal",
    "transform" : [
      0.09843272,
      -0.9943878,
      0.038781166,
      0,
      -0.20024067,
      -0.057964712,
      -0.9780305,
      0,
      0.9747896,
      0.088504635,
      -0.20482253,
      0,
      2.7138987,
      -0.039963484,
      -1.7685795,
      0.99999994
    ],
    "timestamp" : 239582677314
  },
  {
    "trackingState" : "Normal",
    "transform" : [
      0.1009095,
      -0.9942053,
      0.037059683,
      0,
      -0.20640376,
      -0.05735981,
      -0.9767843,
      0,
      0.9732497,
      0.09091755,
      -0.21099585,
      0,
      2.7166042,
      -0.03990706,
      -1.770296,
      0.99999994
    ],
    "timestamp" : 239582693988
  },
  {
    "trackingState" : "Normal",
    "transform" : [
      0.10364461,
      -0.9939938,
      0.03512991,
      0,
      -0.21214774,
      -0.05660056,
      -0.9755971,
      0,
      0.9717259,
      0.09366265,
      -0.21673991,
      0,
      2.719412,
      -0.03985574,
      -1.7719607,
      0.99999994
    ],
    "timestamp" : 239582710661
  },
  {
    "trackingState" : "Normal",
    "transform" : [
      0.105586804,
      -0.9938567,
      0.0331725,
      0,
      -0.2177716,
      -0.055659406,
      -0.9744113,
      0,
      0.9702716,
      0.09566097,
