[
  {
    "timestamp" : 239564119589,
    "transform" : [
      0.018252306,
      -0.92225367,
      0.38615444,
      0,
      0.9994726,
      0.0064552394,
      -0.031824872,
      0,
      0.026857872,
      0.38653165,
      0.921885,
      0,
      0.0050133914,
      0.002607788,
      -0.007883862,
      0.99999994
    ],
    "trackingState" : "Normal"
  },
  {
    "timestamp" : 239564136262,
    "transform" : [
      0.017393928,
      -0.9227745,
      0.38494754,
      0,
      0.99944586,
      0.005120277,
      -0.032886125,
      0,
      0.028375428,
      0.3853063,
      0.9223523,
      0,
      0.005378702,
      0.0027906438,
      -0.007868986,
      0.9999998
    ],
    "trackingState" : "Normal"
  },
  {
    "timestamp" : 239564152936,
    "transform" : [
      0.016352914,
      -0.92307645,
      0.38426897,
      0,
      0.99943143,
      0.0037575457,
      -0.033505496,
      0,
      0.029484214,
      0.38459837,
      0.9226131,
      0,
      0.005734446,
      0.0029608184,
      -0.00792654,
      0.9999999
    ],
    "trackingState" : "Normal"
  },
  {
    "timestamp" : 239564169610,
    "transform" : [
      0.015312431,
      -0.9231024,
      0.3842495,
      0,
      0.99943864,
      0.0026784355,
      -0.033393335,
      0,
      0.029796267,
      0.38454512,
      0.92262524,
      0,
      0.0060708844,
      0.0031321472,
      -0.008026238,
      0.9999999
    ],
    "trackingState" : "Normal"
  },
  {
    "timestamp" : 239564186283,
    "transform" : [
      0.014412498,
      -0.92299944,
      0.38453147,
      0,
      0.9994651,
      0.0020087736,
      -0.032638934,
      0,
      0.02935327,
      0.38479623,
      0.92253476,
      0,
      0.006387642,
      0.0032863873,
      -0.008147506,
      0.9999999
    ],
    "trackingState" : "Normal"
  },
  {
    "timestamp" : 239564202957,
    "transform" : [
      0.01389248,
      -0.92291534,
      0.38475242,
      0,
      0.9995164,
      0.0021127476,
      -0.031022238,
      0,
      0.027818004,
      0.38499734,
      0.92249846,
      0,
      0.0066554025,
      0.0034171678,
      -0.00826605,
      0.99999994
    ],
    "trackingState" : "Normal"
  },
  {
    "timestamp" : 239564219631,
    "transform" : [
      0.014031103,
      -0.9228128,
      0.3849932,
      0,
      0.99957925,
      0.0031706821,
      -0.028829753,
      0,
      0.025383763,
      0.38523576,
      0.92246914,
      0,
      0.0068348534,
      0.0035398267,
      -0.0083852345,
      0.99999994
    ],
    "trackingState" : "Normal"
  },
  {
    "timestamp" : 239564236304,
    "transform" : [
      0.015108476,
      -0.9226394,
      0.38536784,
      0,
      0.9996281,
      0.0051870025,
      -0.026772156,
      0,
      0.022702131,
      0.385629,
      0.92237467,
      0,
      0.007044129,
      0.0036371024,
      -0.008686615,
      0.99999994
    ],
    "trackingState" : "Normal"
  },
  {
    "timestamp" : 239564252978,
    "transform" : [
      0.015799753,
      -0.9227645,
      0.38504055,
      0,
      0.99964994,
      0.0064047505,
      -0.025670419,
      0,
      0.021221649,
      0.38531134,
      0.9225426,
      0,
      0.007217238,
      0.0037646056,
      -0.008905582,
      0.9999999
    ],
    "trackingState" : "Normal"
  },
  {
    "timestamp" : 239564269651,
    "transform" : [
      0.016483871,
      -0.9234436,
      0.38338012,
      0,
      0.9996475,
      0.007240489,
      -0.025540926,
      0,
      0.020809734,
      0.38366598,
      0.9232375,
      0,
      0.0073466823,
      0.003946659,
      -0.008913917,
      0.99999994
    ],
    "trackingState" : "Normal"
  },
  {
    "timestamp" : 239564286325,
    "transform" : [
      0.017406331,
      -0.924626,
      0.3804785,
      0,
      0.9996312,
      0.008161951,
      -0.025896775,
      0,
      0.020839375,
      0.38078898,
      0.92442715,
      0,
      0.007447003,
      0.0041545383,
      -0.008794798,
      0.9999999
    ],
    "trackingState" : "Normal"
  },
  {
    "timestamp" : 239564302999,
    "transform" : [
      0.018086027,
      -0.92597365,
      0.3771549,
      0,
      0.99961716,
      0.00884727,
      -0.026214078,
      0,
      0.020936742,
      0.37748468,
      0.92577916,
      0,
      0.0075635687,
      0.0043716338,
      -0.008622219,
      0.99999994
    ],
    "trackingState" : "Normal"
  },
  {
    "timestamp" : 239564353020,
    "transform" : [
      0.01902849,
      -0.92820454,
      0.3715837,
      0,
      0.99967617,
      0.011382134,
      -0.022760373,
      0,
      0.016896857,
      0.37189645,
      0.9281205,
      0,
      0.008804611,
      0.0043929643,
      -0.008817752,
      0.9999999
    ],
    "trackingState" : "Normal"
  },
  {
    "timestamp" : 239564369693,
    "transform" : [
      0.01846278,
      -0.92822635,
      0.3715577,
      0,
      0.99970865,
      0.01135761,
      -0.021302134,
      0,
      0.015553186,
      0.37184274,
      0.92816556,
      0,
      0.009152111,
      0.004534129,
      -0.008948482,
      0.99999994
    ],
    "trackingState" : "Normal"
  },
  {
    "timestamp" : 239564453061,
    "transform" : [
      0.015806034,
      -0.9282681,
      0.37157586,
      0,
      0.999806,
      0.010305043,
      -0.01678561,
      0,
      0.011752431,
      0.3717691,
      0.92825085,
      0,
      0.012063823,
      0.005022951,
      -0.010902755,
      0.9999999
    ],
    "trackingState" : "Normal"
  },
  {
    "timestamp" : 239564469735,
    "transform" : [
      0.0150985895,
      -0.9287311,
      0.37044665,
      0,
      0.9998077,
      0.009388975,
      -0.01721127,
      0,
      0.012506517,
      0.37063536,
      0.92869437,
      0,
      0.012732822,
      0.0052525224,
      -0.01124766,
      0.99999994
    ],
    "trackingState" : "Normal"
  },
  {
    "timestamp" : 239564486409,
    "transform" : [
      0.014456684,
      -0.9292003,
      0.36929384,
      0,
      0.9998145,
      0.008733893,
      -0.017163761,
      0,
      0.012723186,
      0.36947352,
      0.9291543,
      0,
      0.013341777,
      0.005526823,
      -0.011509571,
      0.99999994
    ],
    "trackingState" : "Normal"
  },
  {
    "timestamp" : 239564503082,
    "transform" : [
      0.013798179,
      -0.92944086,
      0.36871323,
      0,
      0.99982834,
      0.00826622,
      -0.016578881,
      0,
      0.0123612145,
      0.36887866,
      0.9293954,
      0,
      0.013954613,
      0.005800561,
      -0.011788972,
      0.99999994
    ],
    "trackingState" : "Normal"
  },
  {
    "timestamp" : 239564519756,
    "transform" : [
      0.013063591,
      -0.92943007,
      0.36876714,
      0,
      0.9998485,
      0.007900397,
      -0.01550775,
      0,
      0.0114999525,
      0.36891386,
      0.9293925,
      0,
      0.014585841,
      0.0060710004,
      -0.012098047,
      0.99999994
    ],
    "trackingState" : "Normal"
  },
  {
    "timestamp" : 239564536430,
    "transform" : [
      0.012302354,
      -0.9292954,
      0.36913252,
      0,
      0.9998761,
      0.007808324,
      -0.0136660775,
      0,
      0.009817506,
      0.36925492,
      0.9292764,
      0,
      0.01678101,
      0.006223102,
      -0.013077311,
      0.99999994
    ],
    "trackingState" : "Normal"
  },
  {
    "timestamp" : 239564553103,
    "transform" : [
      0.01135867,
      -0.92959434,
      0.3684093,
      0,
      0.9998992,
      0.0074176267,
      -0.012111923,
      0,
      0.008526443,
      0.3685097,
      0.92958486,
      0,
      0.018640961,
      0.0064221956,
      -0.013845696,
      0.99999994
    ],
    "trackingState" : "Normal"
  },
  {
    "timestamp" : 239564569777,
    "transform" : [
      0.010384797,
      -0.9300638,
      0.36725172,
      0,
      0.99992394,
      0.0072127176,
      -0.010008734,
      0,
      0.006659866,
      0.36732778,
      0.9300679,
      0,
      0.019747466,
      0.006712036,
      -0.0142258955,
      0.99999994
    ],
    "trackingState" : "Normal"
  },
  {
    "timestamp" : 239564586451,
    "transform" : [
      0.0095261065,
      -0.9304561,
      0.36627966,
      0,
      0.9999446,
      0.0072294152,
      -0.0076415106,
      0,
      0.0044620926,
      0.3663322,
      0.9304735,
      0,
      0.020618245,
      0.0070286337,
      -0.014502065,
      0.99999994
    ],
    "trackingState" : "Normal"
  },
  {
    "timestamp" : 239564603124,
    "transform" : [
      0.008646014,
      -0.93063444,
      0.36584795,
      0,
      0.99995905,
      0.007081438,
      -0.0056182756,
      0,
      0.002637821,
      0.36588156,
      0.9306576,
      0,
      0.021418734,
      0.007350179,
      -0.014782686,
      0.9999999
    ],
    "trackingState" : "Normal"
  },
  {
    "timestamp" : 239564619798,
    "transform" : [
      0.0076212245,
      -0.9307224,
      0.36564687,
      0,
      0.9999695,
      0.0064940327,
      -0.0043125083,
      0,
      0.0016392149,
      0.36566862,
      0.93074363,
      0,
      0.02221263,
      0.0076887333,
      -0.015065722,
      0.9999999
    ],
    "trackingState" : "Normal"
  },
  {
    "timestamp" : 239564636472,
    "transform" : [
      0.0070006307,
      -0.93085444,
      0.3653232,
      0,
      0.9999748,
      0.0069526895,
      -0.0014467079,
      0,
      -0.001193315,
      0.3653241,
      0.93087965,
      0,
      0.018193346,
      0.007112639,
      -0.013190034,
      0.99999994
    ],
    "trackingState" : "Normal"
  },
  {
    "timestamp" : 239564653145,
    "transform" : [
      0.006408775,
      -0.9315475,
      0.3635633,
      0,
      0.9999759,
      0.006940971,
      0.00015738484,
      0,
      -0.0026701048,
      0.36355355,
      0.9315696,
      0,
      0.017287176,
      0.007182574,
      -0.012635469,
      0.99999994
    ],
    "trackingState" : "Normal"
  },
  {
    "timestamp" : 239564669819,
    "transform" : [
      0.0057135546,
      -0.93239,
      0.36140865,
      0,
      0.9999771,
      0.0066220555,
      0.0012753162,
      0,
      -0.003582371,
      0.36139315,
      0.93240666,
      0,
      0.017427197,
      0.0074733,
      -0.012503795,
      0.9999998
    ],
    "trackingState" : "Normal"
  },
  {
    "timestamp" : 239564686493,
    "transform" : [
      0.00473973,
      -0.93328106,
      0.35911575,
      0,
      0.99998045,
      0.0058876355,
      0.0021028796,
      0,
      -0.004076931,
      0.3590987,
      0.9332907,
      0,
      0.017940486,
      0.007837898,
      -0.012519847,
      0.9999999
    ],
    "trackingState" : "Normal"
  },
  {
    "timestamp" : 239564703166,
    "transform" : [
      0.0039494364,
      -0.93414164,
      0.35688078,
      0,
      0.99998033,
      0.0054287,
      0.00314338,
      0,
      -0.004873772,
      0.35686132,
      0.9341447,
      0,
      0.018555114,
      0.008246907,
      -0.012590482,
      0.9999999
    ],
    "trackingState" : "Normal"
  },
  {
    "timestamp" : 239564719840,
    "transform" : [
      0.003557032,
      -0.93484914,
      0.35502756,
      0,
      0.9999735,
      0.0055831205,
      0.00468255,
      0,
      -0.0063596494,
      0.35500148,
      0.9348442,
      0,
      0.019180708,
      0.00868338,
      -0.012689435,
      0.99999994
    ],
    "trackingState" : "Normal"
  },
  {
    "timestamp" : 239564736513,
    "transform" : [
      0.0034645428,
      -0.9350102,
      0.3546039,
      0,
      0.9999538,
      0.006414987,
      0.0071451324,
      0,
      -0.008955562,
      0.35456276,
      0.9349893,
      0,
      0.023292778,
      0.009855422,
      -0.014397394,
      0.9999999
    ],
    "trackingState" : "Normal"
  },
  {
    "timestamp" : 239564753187,
    "transform" : [
      0.0025579568,
      -0.93546337,
      0.3534145,
      0,
      0.99995214,
      0.0057290737,
      0.007926954,
      0,
      -0.009440124,
      0.35337734,
      0.9354333,
      0,
      0.02519474,
      0.01050835,
      -0.015141701,
      0.9999999
    ],
    "trackingState" : "Normal"
  },
  {
    "timestamp" : 239564769861,
    "transform" : [
      0.00109705,
      -0.93597245,
      0.35207137,
      0,
      0.99995613,
      0.0042952048,
      0.008302828,
      0,
      -0.009283449,
      0.35204688,
      0.93593633,
      0,
      0.026431901,
      0.010967794,
      -0.015585789,
      0.9999999
    ],
    "trackingState" : "Normal"
  },
  {
    "timestamp" : 239564786534,
    "transform" : [
      -0.00048717464,
      -0.9365269,
      0.35059556,
      0,
      0.9999516,
      0.0029892982,
      0.009374635,
      0,
      -0.009827644,
      0.35058317,
      0.9364801,
      0,
      0.027444225,
      0.011359919,
      -0.015918432,
      0.99999994
    ],
    "trackingState" : "Normal"
  },
  {
    "timestamp" : 239564803208,
    "transform" : [
      -0.0016865114,
      -0.93698066,
      0.34937704,
      0,
      0.99993044,
      0.0024956057,
      0.011519718,
      0,
      -0.011665673,
      0.3493722,
      0.9369114,
      0,
      0.028340442,
      0.011726483,
      -0.016215347,
      0.9999999
    ],
    "trackingState" : "Normal"
  },
  {
    "timestamp" : 239564819882,
    "transform" : [
      -0.0022331718,
      -0.9372362,
      0.34868822,
      0,
      0.9998999,
      0.0027777932,
      0.013870248,
      0,
      -0.0139682945,
      0.3486843,
      0.9371363,
      0,
      0.029180322,
      0.012069497,
      -0.016531441,
      0.99999994
    ],
    "trackingState" : "Normal"
  },
  {
    "timestamp" : 239564836555,
    "transform" : [
      -0.0021181125,
      -0.93708473,
      0.34909573,
      0,
      0.9998498,
      0.0040201964,
      0.016857995,
      0,
      -0.017200815,
      0.349079,
      0.9369355,
      0,
      0.03100123,
      0.012368112,
      -0.017361129,
      0.9999999
    ],
    "trackingState" : "Normal"
  },
  {
    "timestamp" : 239564853229,
    "transform" : [
      -0.0027638772,
      -0.93731827,
      0.34846327,
      0,
      0.9998329,
      0.0037043234,
      0.017894404,
      0,
      -0.018063584,
      0.34845456,
      0.93715155,
      0,
      0.032246277,
      0.012616959,
      -0.017872235,
      0.9999998
    ],
    "trackingState" : "Normal"
  },
  {
    "timestamp" : 239564869903,
    "transform" : [
      -0.0035496792,
      -0.9377807,
      0.34720993,
      0,
      0.9998098,
      0.0033279723,
      0.019210018,
      0,
      -0.019170301,
      0.3472121,
      0.93759066,
      0,
      0.033289894,
      0.012866932,
      -0.018223984,
      0.9999999
    ],
    "trackingState" : "Normal"
  },
  {
    "timestamp" : 239564886576,
    "transform" : [
      -0.003965769,
      -0.9383963,
      0.3455384,
      0,
      0.99976677,
      0.0036158015,
      0.021294001,
      0,
      -0.02123162,
      0.34554222,
      0.93816316,
      0,
      0.03420004,
      0.0131377,
      -0.018518943,
      0.99999994
    ],
    "trackingState" : "Normal"
  },
  {
    "timestamp" : 239564903250,
    "transform" : [
      -0.00423685,
      -0.93892735,
      0.3440897,
      0,
      0.99971396,
      0.0041230647,
      0.023560405,
      0,
      -0.023540221,
      0.34409106,
      0.9386413,
      0,
      0.035054784,
      0.01338451,
      -0.01884934,
      0.99999994
    ],
    "trackingState" : "Normal"
  },
  {
    "timestamp" : 239564919924,
    "transform" : [
      -0.0045752004,
      -0.9390668,
      0.34370428,
      0,
      0.9996398,
      0.004793524,
      0.026403477,
      0,
      -0.026442196,
      0.3437013,
      0.9387068,
      0,
      0.035730537,
      0.013326729,
      -0.019322861,
      0.99999994
    ],
    "trackingState" : "Normal"
  },
  {
    "timestamp" : 239564936597,
    "transform" : [
      -0.0056066155,
      -0.9392043,
      0.34331283,
      0,
      0.9996024,
      0.004222689,
      0.027876472,
      0,
      -0.02763142,
      0.34333265,
      0.9388073,
      0,
      0.036483996,
      0.013297229,
      -0.019848058,
      0.9999999
    ],
    "trackingState" : "Normal"
  },
  {
    "timestamp" : 239564953271,
    "transform" : [
      -0.0063990485,
      -0.9393686,
      0.34284973,
      0,
      0.99955034,
      0.0040361783,
      0.029714556,
      0,
      -0.02929673,
      0.3428857,
      0.93892044,
      0,
      0.037315708,
      0.01340897,
      -0.02034399,
      0.99999994
    ],
    "trackingState" : "Normal"
  },
  {
    "timestamp" : 239564969944,
    "transform" : [
      -0.0067773,
      -0.93963426,
      0.3421135,
      0,
      0.999479,
      0.004430733,
      0.03196902,
      0,
      -0.03155501,
      0.34215194,
      0.9391148,
      0,
      0.03815831,
      0.013596652,
      -0.020796407,
      0.99999994
    ],
    "trackingState" : "Normal"
  },
  {
    "timestamp" : 239564986618,
    "transform" : [
      -0.0070788017,
      -0.9400971,
      0.34083343,
      0,
      0.9994021,
      0.0048841187,
      0.034228183,
      0,
      -0.033842497,
      0.340872,
      0.93950045,
      0,
      0.039034463,
      0.013813305,
      -0.021221656,
      0.9999999
    ],
    "trackingState" : "Normal"
  },
  {
    "timestamp" : 239565003292,
    "transform" : [
      -0.0075344658,
      -0.9406435,
      0.3393126,
      0,
      0.9993342,
      0.005030783,
      0.03613664,
      0,
      -0.035698712,
      0.339359,
      0.9399794,
      0,
      0.039960075,
      0.0140200965,
      -0.021670615,
      0.99999994
    ],
    "trackingState" : "Normal"
  },
  {
    "timestamp" : 239565019966,
    "transform" : [
      -0.008351227,
      -0.9410157,
      0.3382599,
      0,
      0.9992573,
      0.004871734,
      0.03822327,
      0,
      -0.03761662,
      0.33832788,
      0.94027627,
      0,
      0.040922392,
      0.014192633,
      -0.022172552,
      0.99999994
    ],
    "trackingState" : "Normal"
  },
  {
    "timestamp" : 239565036639,
    "transform" : [
      -0.008594139,
      -0.94104034,
      0.33818516,
      0,
      0.9991308,
      0.0057133716,
      0.041288562,
      0,
      -0.040786393,
      0.33824608,
      0.9401734,
      0,
      0.04172614,
      0.014397984,
      -0.022357887,
      0.99999976
    ],
    "trackingState" : "Normal"
  },
  {
    "timestamp" : 239565053313,
    "transform" : [
      -0.0093417065,
      -0.94106865,
      0.3380865,
      0,
      0.9990418,
      0.005672929,
      0.04339531,
      0,
      -0.042755924,
      0.33816794,
      0.9401141,
      0,
      0.04265181,
      0.014570338,
      -0.022778206,
      0.9999999
    ],
    "trackingState" : "Normal"
  },
  {
    "timestamp" : 239565069987,
    "transform" : [
      -0.010040075,
      -0.9411738,
      0.33777377,
      0,
      0.99895847,
      0.005595601,
      0.045284886,
      0,
      -0.044511,
      0.33787665,
      0.94013745,
      0,
      0.043659523,
      0.014734334,
      -0.02323664,
      0.9999999
    ],
    "trackingState" : "Normal"
  },
  {
    "timestamp" : 239565086660,
    "transform" : [
      -0.010809123,
      -0.9414869,
      0.33687612,
      0,
      0.9988793,
      0.0053577228,
      0.047023907,
      0,
      -0.046077296,
      0.3370069,
      0.940374,
      0,
      0.044718914,
      0.014886594,
      -0.023660753,
      0.9999999
    ],
    "trackingState" : "Normal"
  },
  {
    "timestamp" : 239565103334,
    "transform" : [
      -0.011689853,
      -0.9418946,
      0.33570498,
      0,
      0.99878544,
      0.0050706184,
      0.049006246,
      0,
      -0.04786096,
      0.3358702,
      0.9406915,
      0,
      0.045798406,
      0.015034511,
      -0.024043059,
      0.9999999
    ],
    "trackingState" : "Normal"
  },
  {
    "timestamp" : 239565120008,
    "transform" : [
      -0.012575192,
      -0.9422671,
      0.3346262,
      0,
      0.99865,
      0.0050320523,
      0.05169873,
      0,
      -0.050397884,
      0.33482456,
      0.9409318,
      0,
      0.0468676,
      0.01519158,
      -0.024380188,
      0.9999999
    ],
    "trackingState" : "Normal"
  },
  {
    "timestamp" : 239565136681,
    "transform" : [
      -0.012737023,
      -0.9425361,
      0.33386144,
      0,
      0.998417,
      0.006303944,
      0.055887118,
      0,
      -0.054780282,
      0.3340448,
      0.9409639,
      0,
      0.048452467,
      0.01555379,
      -0.024750398,
      0.9999998
    ],
    "trackingState" : "Normal"
  },
  {
    "timestamp" : 239565153355,
    "transform" : [
      -0.013376636,
      -0.94284856,
      0.3329531,
      0,
      0.9982211,
      0.0067562247,
      0.05923637,
      0,
      -0.058100443,
      0.33315322,
      0.9410809,
      0,
      0.04984652,
      0.015892366,
      -0.025054615,
      0.99999994
    ],
    "trackingState" : "Normal"
  },
  {
    "timestamp" : 239565170028,
    "transform" : [
      -0.013531051,
      -0.943238,
      0.33184195,
      0,
      0.9980695,
      0.0073774946,
      0.061666887,
      0,
      -0.060614724,
      0.33203575,
      0.94131726,
      0,
      0.05099127,
      0.016167033,
      -0.025314936,
      0.99999994
    ],
    "trackingState" : "Normal"
  },
  {
    "timestamp" : 239565186702,
    "transform" : [
      -0.013425245,
      -0.94357866,
      0.33087647,
      0,
      0.9979646,
      0.00798664,
      0.06326813,
      0,
      -0.06234107,
      0.33105242,
      0.9415509,
      0,
      0.05207586,
      0.016392667,
      -0.025612477,
      0.99999994
    ],
    "trackingState" : "Normal"
  },
  {
    "timestamp" : 239565203376,
    "transform" : [
      -0.013492052,
      -0.9436568,
      0.3306508,
      0,
      0.99785155,
      0.008495298,
      0.0649619,
      0,
      -0.06411073,
      0.3308169,
      0.94151485,
      0,
      0.053163793,
      0.016579898,
      -0.025966657,
      0.99999994
    ],
    "trackingState" : "Normal"
  },
  {
    "timestamp" : 239565220049,
    "transform" : [
      -0.013790449,
      -0.9435894,
      0.33083066,
      0,
      0.9976748,
      0.009100761,
      0.0675444,
      0,
      -0.06674501,
      0.33099288,
      0.9412698,
      0,
      0.05424836,
      0.016747804,
      -0.026324982,
      0.99999994
    ],
    "trackingState" : "Normal"
  },
  {
    "timestamp" : 239565236723,
    "transform" : [
      -0.013032753,
      -0.94352275,
      0.3310512,
      0,
      0.9974305,
      0.011057342,
      0.070780925,
      0,
      -0.07044398,
      0.33112308,
      0.9409544,
      0,
      0.05557991,
      0.017193766,
      -0.026891677,
      0.9999998
    ],
    "trackingState" : "Normal"
  },
  {
    "timestamp" : 239565253397,
    "transform" : [
      -0.0138649605,
      -0.9435359,
      0.33098006,
      0,
      0.9972198,
      0.011188933,
      0.073670805,
      0,
      -0.07321438,
      0.33108133,
      0.9407576,
      0,
      0.056819946,
      0.01756067,
      -0.027330438,
      0.9999999
    ],
    "trackingState" : "Normal"
  },
  {
    "timestamp" : 239565270070,
    "transform" : [
      -0.014835871,
      -0.9438027,
      0.3301764,
      0,
      0.99703056,
      0.010991683,
      0.07621924,
      0,
      -0.07556514,
      0.33032674,
      0.940837,
      0,
      0.05795103,
      0.01781666,
      -0.027583908,
      0.99999994
    ],
    "trackingState" : "Normal"
  },
  {
    "timestamp" : 239565286744,
    "transform" : [
      -0.015711602,
      -0.94428784,
      0.32874542,
      0,
      0.9968077,
      0.0109472815,
      0.07908498,
      0,
      -0.07827786,
      0.32893857,
      0.94110143,
      0,
      0.05904066,
      0.018046,
      -0.027714316,
      0.9999998
    ],
    "trackingState" : "Normal"
  },
  {
    "timestamp" : 239565303418,
    "transform" : [
      -0.016472314,
      -0.94480705,
      0.3272128,
      0,
      0.99652106,
      0.011226022,
      0.082580596,
      0,
      -0.08169605,
      0.3274348,
      0.9413353,
      0,
      0.060115978,
      0.018255323,
      -0.027778018,
      0.9999998
    ],
    "trackingState" : "Normal"
  },
  {
    "timestamp" : 239565320091,
    "transform" : [
      -0.01733669,
      -0.9451684,
      0.326123,
      0,
      0.99619293,
      0.011541832,
      0.08640807,
      0,
      -0.08543426,
      0.32637948,
      0.94137,
      0,
      0.061195154,
      0.018427197,
      -0.027827628,
      0.99999994
    ],
    "trackingState" : "Normal"
  },
  {
    "timestamp" : 239565336765,
    "transform" : [
      -0.018577758,
      -0.94536245,
      0.32549167,
      0,
      0.9958561,
      0.01149086,
      0.090213664,
      0,
      -0.089024805,
      0.32581887,
      0.94123155,
      0,
      0.06230193,
      0.018564194,
      -0.027864803,
      0.99999994
    ],
    "trackingState" : "Normal"
  },
  {
    "timestamp" : 239565353439,
    "transform" : [
      -0.018879052,
      -0.9457789,
      0.3242619,
      0,
      0.99550873,
      0.0123100355,
      0.09386496,
      0,
      -0.0927672,
      0.32457766,
      0.94129884,
      0,
      0.063102074,
      0.018364295,
      -0.027577102,
      0.9999999
    ],
    "trackingState" : "Normal"
  },
  {
    "timestamp" : 239565370112,
    "transform" : [
      -0.019975118,
      -0.9461505,
      0.3231104,
      0,
      0.99508905,
      0.012522728,
      0.098187506,
      0,
      -0.096946396,
      0.323485,
      0.9412539,
      0,
      0.06407863,
      0.018384442,
      -0.027418133,
      0.9999998
    ],
    "trackingState" : "Normal"
  },
  {
    "timestamp" : 239565386786,
    "transform" : [
      -0.021084845,
      -0.94646573,
      0.32211483,
      0,
      0.9946754,
      0.012649855,
      0.102277875,
      0,
      -0.10087724,
      0.32255626,
      0.9411594,
      0,
      0.06514213,
      0.018465765,
      -0.027325202,
      0.9999998
    ],
    "trackingState" : "Normal"
  },
  {
    "timestamp" : 239565403460,
    "transform" : [
      -0.022245212,
      -0.94664866,
      0.32149908,
      0,
      0.9943182,
      0.012534849,
      0.105707645,
      0,
      -0.104097955,
      0.32202393,
      0.9409911,
      0,
      0.066251144,
      0.018565279,
      -0.027290476,
      0.99999994
    ],
    "trackingState" : "Normal"
  },
  {
    "timestamp" : 239565420133,
    "transform" : [
      -0.02344015,
      -0.94680214,
      0.32096168,
      0,
      0.99403757,
      0.012124649,
      0.10836193,
      0,
      -0.106488876,
      0.32158798,
      0.94087267,
      0,
      0.06737836,
      0.018654982,
      -0.027283663,
      0.99999994
    ],
    "trackingState" : "Normal"
  },
  {
    "timestamp" : 239565436807,
    "transform" : [
      -0.024893332,
      -0.94686455,
      0.32066786,
      0,
      0.9937764,
      0.011399864,
      0.11080788,
      0,
      -0.10857566,
      0.32143053,
      0.9406879,
      0,
      0.06850413,
      0.018712953,
      -0.027278544,
      0.9999998
    ],
    "trackingState" : "Normal"
  },
  {
    "timestamp" : 239565453480,
    "transform" : [
      -0.025978444,
      -0.94678456,
      0.32081816,
      0,
      0.9933474,
      0.011567323,
      0.11457387,
      0,
      -0.112187795,
      0.32166034,
      0.9401855,
      0,
      0.07167541,
      0.019296823,
      -0.028491909,
      0.9999999
    ],
    "trackingState" : "Normal"
  },
  {
    "timestamp" : 239565470154,
    "transform" : [
      -0.027623743,
      -0.94668555,
      0.3209727,
      0,
      0.9927986,
      0.011460825,
      0.11924566,
      0,
      -0.116566785,
      0.3219553,
      0.9395516,
      0,
      0.073409274,
      0.019487347,
      -0.028788235,
      0.9999999
    ],
    "trackingState" : "Normal"
  },
  {
    "timestamp" : 239565486828,
    "transform" : [
      -0.029338887,
      -0.94665205,
      0.32091928,
      0,
      0.9921337,
      0.011509355,
      0.12465268,
      0,
      -0.121696286,
      0.32205203,
      0.9388677,
      0,
      0.07468808,
      0.019545639,
      -0.028712623,
      0.99999994
    ],
    "trackingState" : "Normal"
  },
  {
    "timestamp" : 239565503501,
    "transform" : [
      -0.030454703,
      -0.9468619,
      0.32019523,
      0,
      0.9915289,
      0.011848043,
      0.12934352,
      0,
      -0.12626415,
      0.321422,
      0.9384803,
      0,
      0.075782195,
      0.019580241,
      -0.02845671,
      0.9999999
    ],
    "trackingState" : "Normal"
  },
  {
    "timestamp" : 239565520175,
    "transform" : [
      -0.031096721,
      -0.9473146,
      0.31879166,
      0,
      0.99098283,
      0.012367542,
      0.13341711,
      0,
      -0.13033067,
      0.3200659,
      0.93838793,
      0,
      0.07680006,
      0.019604204,
      -0.028100822,
      0.99999994
    ],
    "trackingState" : "Normal"
  },
  {
    "timestamp" : 239565536849,
    "transform" : [
      -0.031674422,
      -0.94775325,
      0.31742805,
      0,
      0.9904263,
      0.012930253,
      0.13743545,
      0,
      -0.13435932,
      0.3187423,
      0.9382702,
      0,
      0.0778026,
      0.01959786,
      -0.027736649,
      0.99999994
    ],
    "trackingState" : "Normal"
  },
  {
    "timestamp" : 239565553522,
    "transform" : [
      -0.03156266,
      -0.9479811,
      0.31675786,
      0,
      0.98979074,
      0.014424895,
      0.14179587,
      0,
      -0.13898902,
      0.31799948,
      0.93784773,
      0,
      0.08070326,
      0.019745104,
      -0.0284074,
      0.9999998
    ],
    "trackingState" : "Normal"
  },
  {
    "timestamp" : 239565570196,
    "transform" : [
      -0.032083344,
      -0.9476406,
      0.31772324,
      0,
      0.98897797,
      0.01587318,
      0.14720923,
      0,
      -0.14454474,
      0.31894425,
      0.9366865,
      0,
      0.0829213,
      0.019788757,
      -0.02880042,
      0.99999994
    ],
    "trackingState" : "Normal"
  },
  {
    "timestamp" : 239565586870,
    "transform" : [
      -0.032719646,
      -0.94704694,
      0.31942385,
      0,
      0.9880918,
      0.01742471,
      0.15287532,
      0,
      -0.15034601,
      0.32062212,
      0.9351993,
      0,
      0.08437109,
      0.019713698,
      -0.02882243,
      0.99999994
    ],
    "trackingState" : "Normal"
  },
  {
    "timestamp" : 239565603543,
    "transform" : [
      -0.034035657,
      -0.94631076,
      0.3214615,
      0,
      0.9871732,
      0.018368283,
      0.1585919,
      0,
      -0.15598194,
      0.32273597,
      0.93354756,
      0,
      0.08563092,
      0.019564044,
      -0.028720072,
      0.99999976
    ],
    "trackingState" : "Normal"
  },
  {
    "timestamp" : 239565620217,
    "transform" : [
      -0.03596726,
      -0.94557345,
      0.3234151,
      0,
      0.98625547,
      0.01863742,
      0.16417277,
      0,
      -0.16126508,
      0.32487476,
      0.93190676,
      0,
      0.086832225,
      0.0193792,
      -0.028538324,
      0.9999999
    ],
    "trackingState" : "Normal"
  },
  {
    "timestamp" : 239565636891,
    "transform" : [
      -0.03815729,
      -0.9451501,
      0.32439998,
      0,
      0.98523474,
      0.018638361,
      0.1701909,
      0,
      -0.16690226,
      0.32610422,
      0.9304835,
      0,
      0.087981194,
      0.019222636,
      -0.028216474,
      0.9999998
    ],
    "trackingState" : "Normal"
  },
  {
    "timestamp" : 239565653564,
    "transform" : [
      -0.039609827,
      -0.9454074,
      0.32347515,
      0,
      0.9842232,
      0.018953502,
      0.17591362,
      0,
      -0.17244102,
      0.32533962,
      0.9297411,
      0,
      0.09100774,
      0.019604674,
      -0.028459856,
      0.99999994
    ],
    "trackingState" : "Normal"
  },
  {
    "timestamp" : 239565670238,
    "transform" : [
      -0.042021453,
      -0.9457713,
      0.322104,
      0,
      0.9831695,
      0.018227683,
      0.18178421,
      0,
      -0.17779754,
      0.32432166,
      0.9290875,
      0,
      0.09334391,
      0.01978994,
      -0.02837232,
      0.9999999
    ],
    "trackingState" : "Normal"
  },
  {
    "timestamp" : 239565686911,
    "transform" : [
      -0.04482347,
      -0.9458617,
      0.32146025,
      0,
      0.982206,
      0.01701953,
      0.187034,
      0,
      -0.18237938,
      0.32412374,
      0.92826813,
      0,
      0.09491564,
      0.01969269,
      -0.0280461,
      0.9999999
    ],
    "trackingState" : "Normal"
  },
  {
    "timestamp" : 239565703585,
    "transform" : [
      -0.04770997,
      -0.9453601,
      0.32251826,
      0,
      0.9812215,
      0.016056072,
      0.19221488,
      0,
      -0.18689069,
      0.32563242,
      0.92684174,
      0,
      0.096218586,
      0.019461088,
      -0.027726263,
      0.9999999
    ],
    "trackingState" : "Normal"
  },
  {
    "timestamp" : 239565720259,
    "transform" : [
      -0.050231125,
      -0.94446796,
      0.32474193,
      0,
      0.98010796,
      0.0158937,
      0.19782788,
      0,
      -0.19200346,
      0.32821923,
      0.9248821,
      0,
      0.09735194,
      0.019169578,
      -0.027404808,
      0.99999994
    ],
    "trackingState" : "Normal"
  },
  {
    "timestamp" : 239565736932,
    "transform" : [
      -0.051740997,
      -0.9438297,
      0.32635638,
      0,
      0.97896266,
      0.016650312,
      0.20335916,
      0,
      -0.19737037,
      0.3300127,
      0.9231126,
      0,
      0.100041226,
      0.019239858,
      -0.027250167,
      0.99999994
    ],
    "trackingState" : "Normal"
  },
  {
    "timestamp" : 239565753606,
    "transform" : [
      -0.053694047,
      -0.9433828,
      0.32733154,
      0,
      0.9777038,
      0.0169752,
      0.20930149,
      0,
      -0.20300798,
      0.3312715,
      0.9214375,
      0,
      0.10201307,
      0.019169124,
      -0.026895883,
      0.99999994
    ],
    "trackingState" : "Normal"
  },
  {
    "timestamp" : 239565770280,
    "transform" : [
      -0.05562984,
      -0.94314015,
      0.32770708,
      0,
      0.9764298,
      0.017163977,
      0.21515144,
      0,
      -0.20854276,
      0.33195183,
      0.91995543,
      0,
      0.10326055,
      0.018899266,
      -0.026397347,
      0.99999976
    ],
    "trackingState" : "Normal"
  },
  {
    "timestamp" : 239565786953,
    "transform" : [
      -0.058058634,
      -0.94265765,
      0.328673,
      0,
      0.9751631,
      0.01693875,
      0.22083974,
      0,
      -0.2137436,
      0.33333147,
      0.9182614,
      0,
      0.104285136,
      0.018528821,
      -0.025887674,
      0.99999994
    ],
    "trackingState" : "Normal"
  },
  {
    "timestamp" : 239565803627,
    "transform" : [
      -0.06103662,
      -0.9419059,
      0.33028448,
      0,
      0.97375834,
      0.016493225,
      0.22698608,
      0,
      -0.21924701,
      0.3354717,
      0.91618216,
      0,
      0.10522199,
      0.018100206,
      -0.025380895,
      0.99999994
    ],
    "trackingState" : "Normal"
  },
  {
    "timestamp" : 239565820301,
    "transform" : [
      -0.06418612,
      -0.9411185,
      0.33192807,
      0,
      0.9721587,
      0.016145188,
      0.23376638,
      0,
      -0.22536093,
      0.33769137,
      0.9138803,
      0,
      0.10609968,
      0.017636118,
      -0.02482471,
      0.9999999
    ],
    "trackingState" : "Normal"
  },
  {
    "timestamp" : 239565836974,
    "transform" : [
      -0.066987075,
      -0.940458,
      0.33324406,
      0,
      0.97042435,
      0.01622513,
      0.2408593,
      0,
      -0.23192501,
      0.33952263,
      0.9115566,
      0,
      0.10693233,
      0.017159062,
      -0.02418371,
      0.99999994
    ],
    "trackingState" : "Normal"
  },
  {
    "timestamp" : 239565853648,
    "transform" : [
      -0.06875382,
      -0.93987656,
      0.33452213,
      0,
      0.96874887,
      0.01720542,
      0.24744599,
      0,
      -0.23832431,
      0.3410808,
      0.90932155,
      0,
      0.10946466,
      0.016920304,
      -0.024153398,
      0.99999994
    ],
    "trackingState" : "Normal"
  },
  {
    "timestamp" : 239565870321,
    "transform" : [
      -0.071394466,
      -0.93908423,
      0.33619016,
      0,
      0.9670381,
      0.017424267,
      0.25403482,
      0,
      -0.24441798,
      0.3432454,
      0.9068862,
      0,
      0.110869884,
      0.016441524,
      -0.023672415,
      0.99999994
    ],
    "trackingState" : "Normal"
  },
  {
    "timestamp" : 239565886995,
    "transform" : [
      -0.07440595,
      -0.9380908,
      0.33830354,
      0,
      0.96514755,
      0.017613022,
      0.26111266,
      0,
      -0.25090596,
      0.34594122,
      0.9040857,
      0,
      0.11195411,
      0.015881978,
      -0.023012092,
      0.9999999
    ],
    "trackingState" : "Normal"
  },
  {
    "timestamp" : 239565903669,
    "transform" : [
      -0.077639125,
      -0.9370616,
      0.34042257,
      0,
      0.9631179,
      0.017742358,
      0.26849368,
      0,
      -0.25763506,
      0.34871274,
      0.9011235,
      0,
      0.11294271,
      0.015317499,
      -0.022228193,
      0.9999999
    ],
    "trackingState" : "Normal"
  },
  {
    "timestamp" : 239565920342,
    "transform" : [
      -0.08091664,
      -0.9361995,
      0.34202784,
      0,
      0.960979,
      0.017792344,
      0.2760488,
      0,
      -0.26452222,
      0.3510185,
      0.89822835,
      0,
      0.113891795,
      0.01478412,
      -0.021305565,
      0.99999994
    ],
    "trackingState" : "Normal"
  },
  {
    "timestamp" : 239565937016,
    "transform" : [
      -0.083995216,
      -0.9355156,
      0.3431553,
      0,
      0.95883685,
      0.01786276,
      0.28339532,
      0,
      -0.27125043,
      0.35283378,
      0.8955064,
      0,
      0.11480524,
      0.014304595,
      -0.020241262,
      0.99999994
    ],
    "trackingState" : "Normal"
  },
  {
    "timestamp" : 239565953690,
    "transform" : [
      -0.086780325,
      -0.9350942,
      0.3436103,
      0,
      0.9568008,
      0.017840862,
      0.2901961,
      0,
      -0.277491,
      0.35394993,
      0.8931507,
      0,
      0.11279458,
      0.013183955,
      -0.01865843,
      0.99999976
    ],
    "trackingState" : "Normal"
  },
  {
    "timestamp" : 239565970363,
    "transform" : [
      -0.09022095,
      -0.9347265,
      0.3437248,
      0,
      0.95483243,
      0.016929299,
      0.2966622,
      0,
      -0.28311706,
      0.35496476,
      0.8909798,
      0,
      0.111899704,
      0.012397038,
      -0.017133912,
      0.99999994
    ],
    "trackingState" : "Normal"
  },
  {
    "timestamp" : 239565987037,
    "transform" : [
      -0.09363572,
      -0.9345949,
      0.3431686,
      0,
      0.95266604,
      0.016029414,
      0.30359587,
      0,
      -0.28923997,
      0.35535252,
      0.888856,
      0,
      0.112111434,
      0.011927646,
      -0.015684042,
      0.99999994
    ],
    "trackingState" : "Normal"
  },
  {
    "timestamp" : 239566003710,
    "transform" : [
      -0.09745452,
      -0.9343829,
      0.34268248,
      0,
      0.95008975,
      0.015188245,
      0.31160673,
      0,
      -0.29636475,
      0.3559466,
      0.88626754,
      0,
      0.1126053,
      0.011567805,
      -0.01423388,
      0.99999994
    ],
    "trackingState" : "Normal"
  },
  {
    "timestamp" : 239566020384,
    "transform" : [
      -0.101665564,
      -0.9338827,
      0.34282246,
      0,
      0.9472029,
      0.014467565,
      0.32030836,
      0,
      -0.30409023,
      0.35728675,
      0.8831056,
      0,
      0.11312921,
      0.011265716,
      -0.012792846,
      0.99999994
    ],
    "trackingState" : "Normal"
  },
  {
    "timestamp" : 239566037058,
    "transform" : [
      -0.10588434,
      -0.9332518,
      0.34326333,
      0,
      0.94431967,
      0.013775579,
      0.32874098,
      0,
