[
  {
    "timestamp" : 239597566843,
    "transform" : [
      0.12978393,
      -0.94827867,
      0.2896961,
      0,
      0.9241976,
      0.009853276,
      -0.3817875,
      0,
      0.35918647,
      0.3172863,
      0.87767565,
      0,
      0.77182454,
      -0.025038553,
      -4.5949793,
      0.99999994
    ],
    "trackingState" : "Normal"
  },
  {
    "timestamp" : 239597583517,
    "trackingState" : "Normal",
    "transform" : [
      0.12963022,
      -0.94766986,
      0.2917498,
      0,
      0.925712,
      0.010227469,
      -0.37809104,
      0,
      0.35532162,
      0.31908828,
      0.8785951,
      0,
      0.7668,
      -0.024914643,
      -4.5956216,
      0.99999994
    ]
  },
  {
    "timestamp" : 239597600190,
    "trackingState" : "Normal",
    "transform" : [
      0.12973057,
      -0.94720244,
      0.29321936,
      0,
      0.92689866,
      0.01081511,
      -0.375156,
      0,
      0.35217747,
      0.3204538,
      0.8793638,
      0,
      0.7619,
      -0.0248179,
      -4.596254,
      0.99999994
    ]
  },
  {
    "timestamp" : 239597616864,
    "trackingState" : "Normal",
    "transform" : [
      0.12960611,
      -0.9471034,
      0.2935941,
      0,
      0.9280591,
      0.01160495,
      -0.37225217,
      0,
      0.34915417,
      0.32071882,
      0.880472,
      0,
      0.7571971,
      -0.024707455,
      -4.5967846,
      0.99999994
    ]
  },
  {
    "timestamp" : 239597633538,
    "trackingState" : "Normal",
    "transform" : [
      0.12947217,
      -0.947248,
      0.2931866,
      0,
      0.9293601,
      0.012831442,
      -0.36895165,
      0,
      0.34572667,
      0.32024488,
      0.8819958,
      0,
      0.75269306,
      -0.024606353,
      -4.5972333,
      1
    ]
  },
  {
    "timestamp" : 239597650211,
    "trackingState" : "Normal",
    "transform" : [
      0.12938619,
      -0.94736916,
      0.29283267,
      0,
      0.9304957,
      0.01393924,
      -0.36603722,
      0,
      0.34269053,
      0.31983975,
      0.8833266,
      0,
      0.748115,
      -0.024097467,
      -4.59663,
      0.99999994
    ]
  },
  {
    "timestamp" : 239597666885,
    "trackingState" : "Normal",
    "transform" : [
      0.12943973,
      -0.9473404,
      0.29290214,
      0,
      0.9309741,
      0.014413182,
      -0.3648005,
      0,
      0.34136862,
      0.31990403,
      0.8838151,
      0,
      0.74385154,
      -0.023926247,
      -4.5968027,
      0.99999994
    ]
  },
  {
    "timestamp" : 239597683558,
    "trackingState" : "Normal",
    "transform" : [
      0.12923151,
      -0.94734687,
      0.2929731,
      0,
      0.9310938,
      0.014290482,
      -0.36449975,
      0,
      0.34112093,
      0.31989032,
      0.88391566,
      0,
      0.7397627,
      -0.02387776,
      -4.597281,
      0.99999994
    ]
  },
  {
    "timestamp" : 239597700232,
    "trackingState" : "Normal",
    "transform" : [
      0.12876141,
      -0.9475025,
      0.29267666,
      0,
      0.9313763,
      0.014200657,
      -0.36378083,
      0,
      0.340527,
      0.3194331,
      0.8843099,
      0,
      0.73576754,
      -0.023847215,
      -4.597811,
      0.9999999
    ]
  },
  {
    "timestamp" : 239597716906,
    "trackingState" : "Normal",
    "transform" : [
      0.12835437,
      -0.947698,
      0.2922221,
      0,
      0.9318741,
      0.014436319,
      -0.36249426,
      0,
      0.33931643,
      0.31884196,
      0.8849883,
      0,
      0.7318416,
      -0.023791902,
      -4.5983343,
      0.9999999
    ]
  },
  {
    "timestamp" : 239597733579,
    "trackingState" : "Normal",
    "transform" : [
      0.12799965,
      -0.9477751,
      0.2921272,
      0,
      0.93300724,
      0.015187404,
      -0.35953644,
      0,
      0.33632302,
      0.31857738,
      0.8862253,
      0,
      0.7280472,
      -0.023749178,
      -4.598836,
      0.9999999
    ]
  },
  {
    "timestamp" : 239597750253,
    "trackingState" : "Normal",
    "transform" : [
      0.12793697,
      -0.9476935,
      0.29241964,
      0,
      0.93433213,
      0.016276356,
      -0.35603154,
      0,
      0.33264926,
      0.3187667,
      0.88754296,
      0,
      0.7237176,
      -0.023435265,
      -4.598996,
      0.99999994
    ]
  },
  {
    "timestamp" : 239597766927,
    "trackingState" : "Normal",
    "transform" : [
      0.12750623,
      -0.94770855,
      0.29255903,
      0,
      0.9357061,
      0.017115751,
      -0.3523651,
      0,
      0.32893208,
      0.31867802,
      0.88895905,
      0,
      0.7199268,
      -0.023307443,
      -4.5993476,
      0.9999999
    ]
  },
  {
    "timestamp" : 239597783600,
    "trackingState" : "Normal",
    "transform" : [
      0.12667213,
      -0.9478913,
      0.29232916,
      0,
      0.9368012,
      0.017426787,
      -0.34942767,
      0,
      0.32612506,
      0.3181171,
      0.8901933,
      0,
      0.71639156,
      -0.023239836,
      -4.5997787,
      0.9999998
    ]
  },
  {
    "timestamp" : 239597800274,
    "trackingState" : "Normal",
    "transform" : [
      0.12529317,
      -0.94839615,
      0.2912841,
      0,
      0.937382,
      0.016989976,
      -0.34788826,
      0,
      0.32498696,
      0.3166325,
      0.8911383,
      0,
      0.71303946,
      -0.023156418,
      -4.600246,
      0.9999999
    ]
  },
  {
    "timestamp" : 239597816947,
    "trackingState" : "Normal",
    "transform" : [
      0.12401139,
      -0.94913465,
      0.2894213,
      0,
      0.93771875,
      0.0167106,
      -0.34699312,
      0,
      0.3245068,
      0.31442687,
      0.8920938,
      0,
      0.7098306,
      -0.023020193,
      -4.6007123,
      0.99999994
    ]
  },
  {
    "timestamp" : 239597833621,
    "trackingState" : "Normal",
    "transform" : [
      0.1230489,
      -0.94995683,
      0.28712574,
      0,
      0.9380395,
      0.016891155,
      -0.34611616,
      0,
      0.32394552,
      0.31192452,
      0.8931755,
      0,
      0.70674103,
      -0.022864345,
      -4.6012063,
      0.99999994
    ]
  },
  {
    "timestamp" : 239597850295,
    "trackingState" : "Normal",
    "transform" : [
      0.12242669,
      -0.95066196,
      0.28505045,
      0,
      0.93833053,
      0.017300513,
      -0.34530646,
      0,
      0.32333815,
      0.30974627,
      0.89415324,
      0,
      0.7029428,
      -0.022606507,
      -4.601653,
      0.99999994
    ]
  },
  {
    "timestamp" : 239597866968,
    "trackingState" : "Normal",
    "transform" : [
      0.12214594,
      -0.9510025,
      0.28403303,
      0,
      0.9389271,
      0.017958986,
      -0.34364694,
      0,
      0.32170817,
      0.30866143,
      0.8951157,
      0,
      0.69971377,
      -0.022481546,
      -4.6022987,
      0.99999994
    ]
  },
  {
    "timestamp" : 239597883642,
    "trackingState" : "Normal",
    "transform" : [
      0.122270286,
      -0.950977,
      0.28406444,
      0,
      0.93972254,
      0.018838918,
      -0.34141818,
      0,
      0.3193294,
      0.30868712,
      0.89595807,
      0,
      0.69668764,
      -0.022400534,
      -4.6031084,
      0.9999998
    ]
  },
  {
    "timestamp" : 239597900315,
    "trackingState" : "Normal",
    "transform" : [
      0.12234538,
      -0.9508847,
      0.2843413,
      0,
      0.9405985,
      0.019666087,
      -0.33895075,
      0,
      0.31671122,
      0.3089201,
      0.8968068,
      0,
      0.6937572,
      -0.022308817,
      -4.6039915,
      0.9999999
    ]
  },
  {
    "timestamp" : 239597916989,
    "trackingState" : "Normal",
    "transform" : [
      0.122061096,
      -0.951083,
      0.28379956,
      0,
      0.9416117,
      0.02056287,
      -0.33607218,
      0,
      0.31379685,
      0.30825037,
      0.8980608,
      0,
      0.6909101,
      -0.022181287,
      -4.6048408,
      0.99999994
    ]
  },
  {
    "timestamp" : 239597933663,
    "trackingState" : "Normal",
    "transform" : [
      0.12153398,
      -0.95155984,
      0.28242436,
      0,
      0.94300324,
      0.021884281,
      -0.33206317,
      0,
      0.30979732,
      0.30668405,
      0.89998364,
      0,
      0.6881366,
      -0.022027664,
      -4.6056314,
      0.99999994
    ]
  },
  {
    "timestamp" : 239597950336,
    "trackingState" : "Normal",
    "transform" : [
      0.12090053,
      -0.9520912,
      0.28090125,
      0,
      0.94476956,
      0.023526566,
      -0.3268896,
      0,
      0.3046201,
      0.30490816,
      0.90235126,
      0,
      0.68542826,
      -0.021867812,
      -4.6064186,
      0.99999994
    ]
  },
  {
    "timestamp" : 239597967010,
    "trackingState" : "Normal",
    "transform" : [
      0.120207585,
      -0.9526213,
      0.27939725,
      0,
      0.94654286,
      0.025118042,
      -0.32159823,
      0,
      0.2993434,
      0.30312005,
      0.90471625,
      0,
      0.68168426,
      -0.021746628,
      -4.6065483,
      0.9999998
    ]
  },
  {
    "timestamp" : 239597983683,
    "trackingState" : "Normal",
    "transform" : [
      0.11952458,
      -0.953057,
      0.27820206,
      0,
      0.94802654,
      0.026330661,
      -0.31709993,
      0,
      0.29488906,
      0.30164415,
      0.90667045,
      0,
      0.67871076,
      -0.02158092,
      -4.6072283,
      0.99999994
    ]
  },
  {
    "timestamp" : 239598000357,
    "trackingState" : "Normal",
    "transform" : [
      0.11838408,
      -0.95361835,
      0.2767621,
      0,
      0.94924045,
      0.026884679,
      -0.3134,
      0,
      0.29142332,
      0.2998154,
      0.9083958,
      0,
      0.67603403,
      -0.021407327,
      -4.608141,
      0.9999999
    ]
  },
  {
    "timestamp" : 239598017031,
    "trackingState" : "Normal",
    "transform" : [
      0.117016695,
      -0.9543651,
      0.27476257,
      0,
      0.95038444,
      0.027315034,
      -0.30987602,
      0,
      0.2882297,
      0.29739076,
      0.9102101,
      0,
      0.6734685,
      -0.021227479,
      -4.60916,
      0.99999994
    ]
  },
  {
    "timestamp" : 239598033704,
    "trackingState" : "Normal",
    "transform" : [
      0.11628217,
      -0.9549252,
      0.27312353,
      0,
      0.95174545,
      0.028499367,
      -0.30556235,
      0,
      0.28400534,
      0.29547554,
      0.9121597,
      0,
      0.67089856,
      -0.021030683,
      -4.610282,
      0.9999999
    ]
  },
  {
    "timestamp" : 239598050378,
    "trackingState" : "Normal",
    "transform" : [
      0.116640374,
      -0.955061,
      0.2724951,
      0,
      0.9530808,
      0.030467065,
      -0.3011789,
      0,
      0.27934211,
      0.2948395,
      0.913804,
      0,
      0.66813207,
      -0.021254607,
      -4.611414,
      0.99999994
    ]
  },
  {
    "timestamp" : 239598067051,
    "trackingState" : "Normal",
    "transform" : [
      0.117354944,
      -0.95496565,
      0.27252245,
      0,
      0.95413345,
      0.03231615,
      -0.29763222,
      0,
      0.2754217,
      0.2949514,
      0.9149572,
      0,
      0.6654187,
      -0.021157356,
      -4.6127114,
      0.99999994
    ]
  },
  {
    "timestamp" : 239598083725,
    "trackingState" : "Normal",
    "transform" : [
      0.11781541,
      -0.9551655,
      0.27162173,
      0,
      0.9548766,
      0.033871803,
      -0.29506472,
      0,
      0.27263534,
      0.29412845,
      0.9160558,
      0,
      0.6627102,
      -0.020912904,
      -4.6140194,
      0.99999976
    ]
  },
  {
    "timestamp" : 239598100399,
    "trackingState" : "Normal",
    "transform" : [
      0.11800981,
      -0.955731,
      0.2695407,
      0,
      0.9554247,
      0.03530563,
      -0.2931164,
      0,
      0.27062407,
      0.2921165,
      0.91729546,
      0,
      0.65995926,
      -0.02060523,
      -4.6153116,
      0.99999994
    ]
  },
  {
    "timestamp" : 239598117072,
    "trackingState" : "Normal",
    "transform" : [
      0.11797575,
      -0.95639926,
      0.2671743,
      0,
      0.9557185,
      0.036311094,
      -0.29203305,
      0,
      0.26959884,
      0.2897963,
      0.91833246,
      0,
      0.65712446,
      -0.02029036,
      -4.6166773,
      0.9999999
    ]
  },
  {
    "timestamp" : 239598133746,
    "trackingState" : "Normal",
    "transform" : [
      0.1182275,
      -0.9567638,
      0.26575458,
      0,
      0.95591486,
      0.03721666,
      -0.29127583,
      0,
      0.26879165,
      0.28847557,
      0.9189847,
      0,
      0.6541308,
      -0.019988757,
      -4.618179,
      0.99999994
    ]
  },
  {
    "timestamp" : 239598150419,
    "trackingState" : "Normal",
    "transform" : [
      0.11877289,
      -0.9568285,
      0.2652779,
      0,
      0.95629174,
      0.038335036,
      -0.28989026,
      0,
      0.2672058,
      0.28811416,
      0.9195604,
      0,
      0.6504294,
      -0.019856865,
      -4.619785,
      0.9999999
    ]
  },
  {
    "timestamp" : 239598167093,
    "trackingState" : "Normal",
    "transform" : [
      0.1193662,
      -0.95695645,
      0.264549,
      0,
      0.9570001,
      0.039941188,
      -0.2873248,
      0,
      0.26439095,
      0.28747028,
      0.920575,
      0,
      0.6469416,
      -0.019533686,
      -4.62128,
      0.99999994
    ]
  },
  {
    "timestamp" : 239598183767,
    "trackingState" : "Normal",
    "transform" : [
      0.11976012,
      -0.95735914,
      0.26290902,
      0,
      0.958013,
      0.04194914,
      -0.2836394,
      0,
      0.26051596,
      0.28583896,
      0.9221863,
      0,
      0.64345354,
      -0.01910219,
      -4.622668,
      0.99999994
    ]
  },
  {
    "timestamp" : 239598200440,
    "trackingState" : "Normal",
    "transform" : [
      0.120464064,
      -0.9578215,
      0.26089567,
      0,
      0.9591442,
      0.04452848,
      -0.27939162,
      0,
      0.25599,
      0.28389323,
      0.92405295,
      0,
      0.63987887,
      -0.018592998,
      -4.6240134,
      0.99999994
    ]
  },
  {
    "timestamp" : 239598217114,
    "trackingState" : "Normal",
    "transform" : [
      0.12146518,
      -0.9581977,
      0.25904337,
      0,
      0.9600868,
      0.04717187,
      -0.27569568,
      0,
      0.25195143,
      0.28219157,
      0.9256827,
      0,
      0.6361708,
      -0.018039022,
      -4.625416,
      0.99999994
    ]
  },
  {
    "timestamp" : 239598233787,
    "trackingState" : "Normal",
    "transform" : [
      0.122439936,
      -0.95862913,
      0.2569802,
      0,
      0.9606797,
      0.049460124,
      -0.27321807,
      0,
      0.24920453,
      0.2803285,
      0.9269914,
      0,
      0.6323152,
      -0.017469555,
      -4.6268926,
      0.99999994
    ]
  },
  {
    "timestamp" : 239598250461,
    "trackingState" : "Normal",
    "transform" : [
      0.12285545,
      -0.9592967,
      0.25427634,
      0,
      0.960929,
      0.050949436,
      -0.2720652,
      0,
      0.24803603,
      0.2777662,
      0.92807543,
      0,
      0.6283542,
      -0.016875735,
      -4.6284227,
      0.9999999
    ]
  },
  {
    "timestamp" : 239598267135,
    "trackingState" : "Normal",
    "transform" : [
      0.12297234,
      -0.9599255,
      0.251835,
      0,
      0.96101075,
      0.051856376,
      -0.27160436,
      0,
      0.24766073,
      0.275416,
      0.9288756,
      0,
      0.6238679,
      -0.015179542,
      -4.6297455,
      0.9999998
    ]
  },
  {
    "timestamp" : 239598283808,
    "trackingState" : "Normal",
    "transform" : [
      0.12249586,
      -0.96071106,
      0.24905638,
      0,
      0.9608059,
      0.05191174,
      -0.2723181,
      0,
      0.24869007,
      0.2726527,
      0.9294159,
      0,
      0.6195133,
      -0.014174693,
      -4.6312284,
      0.99999994
    ]
  },
  {
    "timestamp" : 239598300482,
    "trackingState" : "Normal",
    "transform" : [
      0.12181084,
      -0.9617,
      0.24555105,
      0,
      0.9604691,
      0.051816624,
      -0.27352157,
      0,
      0.25032207,
      0.2691621,
      0.929995,
      0,
      0.61505485,
      -0.013361108,
      -4.632712,
      0.99999994
    ]
  },
  {
    "timestamp" : 239598317155,
    "trackingState" : "Normal",
    "transform" : [
      0.12136546,
      -0.9628019,
      0.24141903,
      0,
      0.96027666,
      0.052317224,
      -0.27410138,
      0,
      0.251275,
      0.2650955,
      0.93090576,
      0,
      0.6103888,
      -0.012593634,
      -4.634196,
      1
    ]
  },
  {
    "timestamp" : 239598333829,
    "trackingState" : "Normal",
    "transform" : [
      0.121451885,
      -0.96375567,
      0.2375384,
      0,
      0.96026087,
      0.05349568,
      -0.2739293,
      0,
      0.25129366,
      0.26136807,
      0.9319541,
      0,
      0.60548687,
      -0.011833338,
      -4.6357284,
      0.99999994
    ]
  },
  {
    "timestamp" : 239598350503,
    "trackingState" : "Normal",
    "transform" : [
      0.12207842,
      -0.9645232,
      0.2340769,
      0,
      0.9603535,
      0.055234443,
      -0.27325863,
      0,
      0.25063518,
      0.25815555,
      0.9330262,
      0,
      0.6007361,
      -0.011572865,
      -4.6364326,
      0.99999994
    ]
  },
  {
    "timestamp" : 239598367176,
    "trackingState" : "Normal",
    "transform" : [
      0.12303147,
      -0.9652587,
      0.2305188,
      0,
      0.9604271,
      0.057321824,
      -0.2725693,
      0,
      0.24988616,
      0.25493112,
      0.934113,
      0,
      0.5955175,
      -0.010934389,
      -4.6376405,
      0.99999994
    ]
  },
  {
    "timestamp" : 239598383850,
    "trackingState" : "Normal",
    "transform" : [
      0.12347611,
      -0.9663361,
      0.22571756,
      0,
      0.9605605,
      0.059279125,
      -0.271679,
      0,
      0.2491529,
      0.25036126,
      0.93554384,
      0,
      0.5900916,
      -0.010140628,
      -4.6388903,
      0.99999994
    ]
  },
  {
    "timestamp" : 239598400523,
    "trackingState" : "Normal",
    "transform" : [
      0.12274235,
      -0.9678698,
      0.21945947,
      0,
      0.9608689,
      0.0605651,
      -0.27030128,
      0,
      0.24832487,
      0.2440492,
      0.9374299,
      0,
      0.58460015,
      -0.009269874,
      -4.640088,
      0.99999994
    ]
  },
  {
    "timestamp" : 239598417197,
    "trackingState" : "Normal",
    "transform" : [
      0.12106802,
      -0.96959823,
      0.21265428,
      0,
      0.9614509,
      0.06125789,
      -0.26806617,
      0,
      0.24688974,
      0.23691091,
      0.93963754,
      0,
      0.57906145,
      -0.008338653,
      -4.641304,
      0.9999998
    ]
  },
  {
    "timestamp" : 239598433871,
    "trackingState" : "Normal",
    "transform" : [
      0.118878245,
      -0.9711994,
      0.20649436,
      0,
      0.962116,
      0.06128148,
      -0.26566398,
      0,
      0.24535844,
      0.23025323,
      0.94169146,
      0,
      0.57344866,
      -0.007375359,
      -4.6426444,
      0.99999994
    ]
  },
  {
    "timestamp" : 239598450544,
    "trackingState" : "Normal",
    "transform" : [
      0.11665663,
      -0.9725429,
      0.20137477,
      0,
      0.9627532,
      0.060937446,
      -0.26342556,
      0,
      0.24392137,
      0.22460453,
      0.94342744,
      0,
      0.5679078,
      -0.0066399965,
      -4.64348,
      1
    ]
  },
  {
    "timestamp" : 239598467218,
    "trackingState" : "Normal",
    "transform" : [
      0.11405572,
      -0.9737055,
      0.1972028,
      0,
      0.9633909,
      0.059923332,
      -0.26131764,
      0,
      0.24262942,
      0.21978821,
      0.9448936,
      0,
      0.56212837,
      -0.00567478,
      -4.6448326,
      0.99999976
    ]
  },
  {
    "timestamp" : 239598483891,
    "trackingState" : "Normal",
    "transform" : [
      0.11055428,
      -0.97505575,
      0.19246861,
      0,
      0.9639222,
      0.058012217,
      -0.2597856,
      0,
      0.24213994,
      0.21424519,
      0.9462913,
      0,
      0.5562483,
      -0.0045558224,
      -4.6462784,
      0.99999994
    ]
  },
  {
    "timestamp" : 239598500565,
    "trackingState" : "Normal",
    "transform" : [
      0.10615623,
      -0.976706,
      0.18648414,
      0,
      0.9643103,
      0.055372957,
      -0.2589198,
      0,
      0.24256238,
      0.20731457,
      0.9477259,
      0,
      0.5502987,
      -0.0033044033,
      -4.6476984,
      0.99999994
    ]
  },
  {
    "timestamp" : 239598517239,
    "trackingState" : "Normal",
    "transform" : [
      0.10135324,
      -0.97841275,
      0.18010038,
      0,
      0.96442777,
      0.052203484,
      -0.25914064,
      0,
      0.24414466,
      0.19995856,
      0.9488994,
      0,
      0.5442923,
      -0.0019610622,
      -4.6491795,
      0.99999994
    ]
  },
  {
    "timestamp" : 239598533912,
    "trackingState" : "Normal",
    "transform" : [
      0.097002134,
      -0.9796855,
      0.17551906,
      0,
      0.9643354,
      0.04887752,
      -0.2601312,
      0,
      0.24626784,
      0.19449255,
      0.9494866,
      0,
      0.538197,
      -0.00054137263,
      -4.650815,
      0.9999999
    ]
  },
  {
    "timestamp" : 239598550586,
    "trackingState" : "Normal",
    "transform" : [
      0.09342401,
      -0.9803649,
      0.17365706,
      0,
      0.9639927,
      0.045451652,
      -0.2620156,
      0,
      0.24897791,
      0.19188271,
      0.9493108,
      0,
      0.53208375,
      0.0012272429,
      -4.652167,
      0.99999994
    ]
  },
  {
    "timestamp" : 239598567260,
    "trackingState" : "Normal",
    "transform" : [
      0.0900476,
      -0.9807186,
      0.17344323,
      0,
      0.96362823,
      0.041796632,
      -0.26395765,
      0,
      0.25161883,
      0.19090356,
      0.9488118,
      0,
      0.5258621,
      0.0028939806,
      -4.653771,
      0.99999994
    ]
  },
  {
    "timestamp" : 239598583933,
    "trackingState" : "Normal",
    "transform" : [
      0.08622125,
      -0.98126584,
      0.17228867,
      0,
      0.96344745,
      0.03809675,
      -0.2651747,
      0,
      0.2536432,
      0.1888548,
      0.94868284,
      0,
      0.519686,
      0.004575326,
      -4.6552434,
      0.99999994
    ]
  },
  {
    "timestamp" : 239598600607,
    "trackingState" : "Normal",
    "transform" : [
      0.081826635,
      -0.98216814,
      0.1692636,
      0,
      0.96339405,
      0.03444383,
      -0.26586738,
      0,
      0.25529638,
      0.18482259,
      0.9490334,
      0,
      0.5135961,
      0.006272148,
      -4.656518,
      0.9999999
    ]
  },
  {
    "timestamp" : 239598617280,
    "trackingState" : "Normal",
    "transform" : [
      0.07812228,
      -0.98305255,
      0.16584511,
      0,
      0.9633259,
      0.031600628,
      -0.26646644,
      0,
      0.2567097,
      0.18057987,
      0.94946873,
      0,
      0.5075203,
      0.007983079,
      -4.6577625,
      0.99999994
    ]
  },
  {
    "timestamp" : 239598633954,
    "trackingState" : "Normal",
    "transform" : [
      0.0762137,
      -0.9835607,
      0.16370638,
      0,
      0.96315026,
      0.030147279,
      -0.26726857,
      0,
      0.25793958,
      0.1780434,
      0.94961447,
      0,
      0.5013951,
      0.009688537,
      -4.6591444,
      0.9999999
    ]
  },
  {
    "timestamp" : 239598650628,
    "trackingState" : "Normal",
    "transform" : [
      0.07612087,
      -0.98368746,
      0.16298656,
      0,
      0.96275043,
      0.029975878,
      -0.26872465,
      0,
      0.25945544,
      0.17737094,
      0.9493274,
      0,
      0.49599898,
      0.011725736,
      -4.6606064,
      0.9999999
    ]
  },
  {
    "timestamp" : 239598667301,
    "trackingState" : "Normal",
    "transform" : [
      0.07691525,
      -0.9836584,
      0.16278893,
      0,
      0.9619212,
      0.030259928,
      -0.2716461,
      0,
      0.262281,
      0.17748387,
      0.94852936,
      0,
      0.490187,
      0.0135170715,
      -4.662253,
      0.9999999
    ]
  },
  {
    "timestamp" : 239598683975,
    "trackingState" : "Normal",
    "transform" : [
      0.07764584,
      -0.9836894,
      0.16225384,
      0,
      0.96047217,
      0.030167146,
      -0.2767365,
      0,
      0.26732808,
      0.17732774,
      0.9471487,
      0,
      0.4843362,
      0.015216502,
      -4.663919,
      0.9999999
    ]
  },
  {
    "timestamp" : 239598700648,
    "trackingState" : "Normal",
    "transform" : [
      0.077275574,
      -0.98395735,
      0.16079901,
      0,
      0.95882106,
      0.029133106,
      -0.28251234,
      0,
      0.27329555,
      0.1760088,
      0.9456904,
      0,
      0.47859082,
      0.016864266,
      -4.665476,
      0.99999976
    ]
  },
  {
    "timestamp" : 239598717322,
    "trackingState" : "Normal",
    "transform" : [
      0.07570703,
      -0.9844105,
      0.15875955,
      0,
      0.95743984,
      0.027292484,
      -0.28733972,
      0,
      0.2785273,
      0.17375636,
      0.94457996,
      0,
      0.47300738,
      0.01846208,
      -4.6669188,
      0.99999994
    ]
  },
  {
    "timestamp" : 239598733996,
    "trackingState" : "Normal",
    "transform" : [
      0.07352827,
      -0.9849052,
      0.15670118,
      0,
      0.9561918,
      0.024978682,
      -0.29167295,
      0,
      0.283356,
      0.17128259,
      0.943595,
      0,
      0.46756843,
      0.020025782,
      -4.6682796,
      0.9999998
    ]
  },
  {
    "timestamp" : 239598750669,
    "trackingState" : "Normal",
    "transform" : [
      0.071705006,
      -0.9853868,
      0.15450373,
      0,
      0.9549015,
      0.023071405,
      -0.29602492,
      0,
      0.28813443,
      0.16876234,
      0.9426016,
      0,
      0.4616722,
      0.021924017,
      -4.669554,
      0.99999994
    ]
  },
  {
    "timestamp" : 239598767343,
    "trackingState" : "Normal",
    "transform" : [
      0.071039125,
      -0.98579806,
      0.1521701,
      0,
      0.95385206,
      0.02251606,
      -0.29943153,
      0,
      0.29175273,
      0.16641913,
      0.941905,
      0,
      0.45620733,
      0.023627779,
      -4.6707463,
      0.99999994
    ]
  },
  {
    "timestamp" : 239598784016,
    "trackingState" : "Normal",
    "transform" : [
      0.07166548,
      -0.98603976,
      0.15029897,
      0,
      0.9530959,
      0.023272928,
      -0.30177215,
      0,
      0.29406142,
      0.164876,
      0.94145834,
      0,
      0.45094714,
      0.02525065,
      -4.6720023,
      0.9999999
    ]
  },
  {
    "timestamp" : 239598800690,
    "trackingState" : "Normal",
    "transform" : [
      0.072839305,
      -0.98603845,
      0.14974195,
      0,
      0.9523902,
      0.024199774,
      -0.30391973,
      0,
      0.29605278,
      0.16475008,
      0.9408561,
      0,
      0.44586617,
      0.0267731,
      -4.6734643,
      0.9999999
    ]
  },
  {
    "timestamp" : 239598817364,
    "trackingState" : "Normal",
    "transform" : [
      0.07413677,
      -0.98580736,
      0.15062398,
      0,
      0.95150656,
      0.024705773,
      -0.30663443,
      0,
      0.2985612,
      0.1660526,
      0.93983376,
      0,
      0.44092584,
      0.028200552,
      -4.6751432,
      0.99999976
    ]
  },
  {
    "timestamp" : 239598834037,
    "trackingState" : "Normal",
    "transform" : [
      0.07508187,
      -0.98552376,
      0.15200557,
      0,
      0.9502779,
      0.02451545,
      -0.31043643,
      0,
      0.30221602,
      0.16775571,
      0.9383621,
      0,
      0.4361057,
      0.029588962,
      -4.676957,
      0.99999994
    ]
  },
  {
    "timestamp" : 239598850711,
    "trackingState" : "Normal",
    "transform" : [
      0.075057946,
      -0.98540676,
      0.15277372,
      0,
      0.94900745,
      0.023546299,
      -0.3143726,
      0,
      0.30618766,
      0.1685796,
      0.93692577,
      0,
      0.43057406,
      0.030235354,
      -4.678743,
      0.99999976
    ]
  },
  {
    "timestamp" : 239598867384,
    "trackingState" : "Normal",
    "transform" : [
      0.073764056,
      -0.98545855,
      0.1530699,
      0,
      0.94817483,
      0.021733366,
      -0.3170048,
      0,
      0.3090683,
      0.16852061,
      0.93599015,
      0,
      0.42574814,
      0.03135097,
      -4.680482,
      0.9999999
    ]
  },
  {
    "timestamp" : 239598884058,
    "trackingState" : "Normal",
    "transform" : [
      0.071807034,
      -0.9856211,
      0.15295349,
      0,
      0.9479787,
      0.019759329,
      -0.3177196,
      0,
      0.31012893,
      0.16781119,
      0.9357667,
      0,
      0.42127886,
      0.032601196,
      -4.682112,
      0.9999998
    ]
  },
  {
    "timestamp" : 239598900732,
    "trackingState" : "Normal",
    "transform" : [
      0.06963604,
      -0.9858487,
      0.15248972,
      0,
      0.94825643,
      0.017947955,
      -0.3169975,
      0,
      0.30977467,
      0.16667384,
      0.93608725,
      0,
      0.41707912,
      0.033879172,
      -4.683629,
      0.9999999
    ]
  },
  {
    "timestamp" : 239598917405,
    "trackingState" : "Normal",
    "transform" : [
      0.06742494,
      -0.98622006,
      0.1510755,
      0,
      0.9485951,
      0.016435787,
      -0.31606492,
      0,
      0.30922654,
      0.16462015,
      0.93663174,
      0,
      0.41309896,
      0.03515713,
      -4.685078,
      0.99999976
    ]
  },
  {
    "timestamp" : 239598934079,
    "trackingState" : "Normal",
    "transform" : [
      0.06543812,
      -0.9866614,
      0.14905472,
      0,
      0.9484817,
      0.015096574,
      -0.31647208,
      0,
      0.3100005,
      0.16208503,
      0.9368182,
      0,
      0.4092469,
      0.03640233,
      -4.6865797,
      0.99999994
    ]
  },
  {
    "timestamp" : 239598950753,
    "trackingState" : "Normal",
    "transform" : [
      0.06369267,
      -0.98696387,
      0.14780311,
      0,
      0.9477363,
      0.013423294,
      -0.31877235,
      0,
      0.31263277,
      0.16038185,
      0.9362364,
      0,
      0.40538427,
      0.03744363,
      -4.6879783,
      0.99999994
    ]
  },
  {
    "timestamp" : 239598967426,
    "trackingState" : "Normal",
    "transform" : [
      0.062150445,
      -0.98705083,
      0.14787863,
      0,
      0.9463668,
      0.011212386,
      -0.32289937,
      0,
      0.31706002,
      0.16001579,
      0.9348091,
      0,
      0.4015489,
      0.038463026,
      -4.6897006,
      0.99999994
    ]
  },
  {
    "timestamp" : 239598984100,
    "trackingState" : "Normal",
    "transform" : [
      0.06074859,
      -0.98701733,
      0.14868264,
      0,
      0.944694,
      0.008758987,
      -0.3278362,
      0,
      0.3222777,
      0.1603752,
      0.9329614,
      0,
      0.39774534,
      0.039422497,
      -4.691522,
      0.99999994
    ]
  },
  {
    "timestamp" : 239599000773,
    "trackingState" : "Normal",
    "transform" : [
      0.05988302,
      -0.9869975,
      0.14916486,
      0,
      0.9428904,
      0.0068758503,
      -0.3330321,
      0,
      0.3276762,
      0.16058907,
      0.93104213,
      0,
      0.39394945,
      0.04033146,
      -4.6932716,
      0.99999994
    ]
  },
  {
    "timestamp" : 239599017447,
    "trackingState" : "Normal",
    "transform" : [
      0.059923228,
      -0.987098,
      0.14848185,
      0,
      0.94087,
      0.006167012,
      -0.33871162,
      0,
      0.33342585,
      0.15999882,
      0.92910045,
      0,
      0.39011428,
      0.041216575,
      -4.6948824,
      0.99999994
    ]
  },
  {
    "timestamp" : 239599034120,
    "trackingState" : "Normal",
    "transform" : [
      0.060798917,
      -0.98729825,
      0.14678472,
      0,
      0.93877745,
      0.0065988754,
      -0.34446084,
      0,
      0.339117,
      0.15874104,
      0.9272546,
      0,
      0.3862123,
      0.042069666,
      -4.6963696,
      0.99999994
    ]
  },
  {
    "timestamp" : 239599050794,
    "trackingState" : "Normal",
    "transform" : [
      0.062590055,
      -0.98740345,
      0.14531656,
      0,
      0.9369088,
      0.007955734,
      -0.34948295,
      0,
      0.34392458,
      0.15802254,
      0.92560506,
      0,
      0.3825809,
      0.043012336,
      -4.6974416,
      0.9999998
    ]
  },
  {
    "timestamp" : 239599067468,
    "trackingState" : "Normal",
    "transform" : [
      0.06557728,
      -0.98715734,
      0.14567061,
      0,
      0.93560976,
      0.010078185,
      -0.352892,
      0,
      0.34689188,
      0.15943255,
      0.92425495,
      0,
      0.37865674,
      0.043772202,
      -4.698924,
      0.99999976
    ]
  },
  {
    "timestamp" : 239599084141,
    "trackingState" : "Normal",
    "transform" : [
      0.069215335,
      -0.986558,
      0.14802952,
      0,
      0.93483776,
      0.012341101,
      -0.35486084,
      0,
      0.34826395,
      0.16294539,
      0.9231257,
      0,
      0.37469134,
      0.044438615,
      -4.700634,
      0.99999994
    ]
  },
  {
    "timestamp" : 239599100815,
    "trackingState" : "Normal",
    "transform" : [
      0.07247692,
      -0.98585594,
      0.1511129,
      0,
      0.93425673,
      0.014065938,
      -0.35632342,
      0,
      0.34915802,
      0.16700347,
      0.9220621,
      0,
      0.370816,
      0.045071546,
      -4.7024145,
      0.9999998
    ]
  },
  {
    "timestamp" : 239599117489,
    "trackingState" : "Normal",
    "transform" : [
      0.0741265,
      -0.9854908,
      0.15268663,
      0,
      0.93351406,
      0.014713282,
      -0.35823902,
      0,
      0.35079476,
      0.16909012,
      0.92106014,
      0,
      0.36714575,
      0.04573085,
      -4.704086,
      0.99999994
    ]
  },
  {
    "timestamp" : 239599134162,
    "trackingState" : "Normal",
    "transform" : [
      0.07366716,
      -0.98573625,
      0.15131842,
      0,
      0.93244267,
      0.01426237,
      -0.36103648,
      0,
      0.35372856,
      0.16769227,
      0.92019314,
      0,
      0.36374027,
      0.04643856,
      -4.7055745,
      0.99999994
    ]
  },
  {
    "timestamp" : 239599150836,
    "trackingState" : "Normal",
    "transform" : [
      0.072161876,
      -0.98634106,
      0.14806786,
      0,
      0.9309003,
      0.013307914,
      -0.365031,
      0,
      0.35807458,
      0.16417773,
      0.91914546,
      0,
      0.36032367,
      0.04705324,
      -4.7066936,
      0.99999994
    ]
  },
  {
    "timestamp" : 239599167509,
    "trackingState" : "Normal",
    "transform" : [
      0.0711324,
      -0.9868262,
      0.14530817,
      0,
      0.9291267,
      0.012558058,
      -0.3695483,
      0,
      0.3628551,
      0.16129655,
      0.9177798,
      0,
      0.35705236,
      0.04769952,
      -4.708154,
      0.99999994
    ]
  },
  {
    "timestamp" : 239599184183,
    "trackingState" : "Normal",
    "transform" : [
      0.07143245,
      -0.9869613,
      0.14423868,
      0,
      0.9277453,
      0.01263483,
      -0.37300003,
      0,
      0.36631414,
      0.16046105,
      0.91655135,
      0,
      0.35378173,
      0.048309974,
      -4.709859,
      0.99999994
    ]
  },
  {
    "timestamp" : 239599200857,
    "trackingState" : "Normal",
    "transform" : [
      0.07274237,
      -0.9868601,
      0.14427662,
      0,
      0.9269353,
      0.01350434,
      -0.37497818,
      0,
      0.3681026,
      0.16101189,
      0.91573787,
      0,
      0.3505246,
      0.048904337,
      -4.711699,
      0.99999994
    ]
  },
  {
    "timestamp" : 239599217530,
    "trackingState" : "Normal",
    "transform" : [
      0.07398425,
      -0.9867428,
      0.1444473,
      0,
      0.9263627,
      0.014362686,
      -0.37635854,
      0,
      0.36929443,
      0.16165522,
      0.91514444,
      0,
      0.34735623,
      0.049489018,
      -4.7136097,
      0.9999999
    ]
  },
  {
    "timestamp" : 239599234204,
    "trackingState" : "Normal",
    "transform" : [
      0.07448631,
      -0.98672056,
      0.14434138,
      0,
      0.92558837,
      0.014539272,
      -0.37825233,
      0,
      0.37113073,
      0.16177532,
      0.91438013,
      0,
      0.3443128,
      0.050041236,
      -4.715551,
      0.99999994
    ]
  },
  {
    "timestamp" : 239599250877,
    "trackingState" : "Normal",
    "transform" : [
      0.07446818,
      -0.9868331,
      0.14357895,
      0,
      0.92434406,
      0.014276602,
      -0.38129258,
      0,
      0.37422237,
      0.16111052,
      0.91323656,
      0,
      0.34187257,
      0.05035506,
      -4.716832,
      0.9999998
    ]
  },
  {
    "timestamp" : 239599267551,
    "trackingState" : "Normal",
    "transform" : [
      0.07476153,
      -0.98705506,
      0.14189106,
      0,
      0.9224989,
      0.014422437,
      -0.38573036,
      0,
      0.3786907,
      0.15973212,
      0.9116355,
      0,
      0.3389841,
      0.050816268,
      -4.7184453,
      0.99999994
    ]
  },
  {
    "timestamp" : 239599284225,
    "trackingState" : "Normal",
    "transform" : [
      0.07547708,
      -0.9872986,
      0.13980262,
      0,
      0.9206895,
      0.015160287,
      -0.3900014,
      0,
      0.38292834,
      0.15815099,
      0.91013974,
      0,
      0.33586296,
      0.0512927,
      -4.7201414,
      0.9999999
    ]
  },
  {
    "timestamp" : 239599300898,
    "trackingState" : "Normal",
    "transform" : [
      0.07704129,
      -0.9873524,
      0.13856378,
      0,
      0.9193318,
      0.016561808,
      -0.39313424,
      0,
      0.3858672,
      0.15767367,
      0.9089804,
      0,
      0.3325784,
      0.051730804,
      -4.721924,
      0.9999998
    ]
  },
  {
    "timestamp" : 239599317572,
    "trackingState" : "Normal",
    "transform" : [
      0.07949367,
      -0.9871688,
      0.13848722,
      0,
      0.9181354,
      0.018403381,
      -0.39583945,
      0,
      0.3882117,
      0.15861672,
      0.9078175,
      0,
      0.32917672,
      0.052132145,
      -4.723802,
      0.9999999
    ]
  },
  {
    "timestamp" : 239599334245,
    "trackingState" : "Normal",
    "transform" : [
      0.08195443,
      -0.98691565,
      0.13885602,
      0,
      0.9168085,
      0.02001921,
      -0.39882496,
      0,
      0.3908268,
      0.15998985,
      0.9064533,
      0,
      0.32639003,
      0.051922683,
      -4.7254305,
      0.9999999
    ]
  },
  {
    "timestamp" : 239599350919,
    "trackingState" : "Normal",
    "transform" : [
      0.08423481,
      -0.9867203,
      0.13887967,
      0,
      0.9152136,
      0.02149371,
      -0.40239558,
      0,
      0.39406684,
      0.16100028,
      0.90487033,
      0,
      0.3231499,
      0.052073076,
      -4.72717,
      0.9999999
    ]
  },
  {
    "timestamp" : 239599367593,
    "trackingState" : "Normal",
    "transform" : [
      0.08571189,
      -0.98666584,
      0.13836181,
      0,
      0.91314304,
      0.022246197,
      -0.40703177,
      0,
      0.39852637,
      0.16123156,
      0.90287393,
      0,
      0.31974643,
      0.052342936,
      -4.728885,
      0.99999994
    ]
  },
  {
    "timestamp" : 239599384266,
    "trackingState" : "Normal",
    "transform" : [
      0.08691138,
      -0.98663837,
      0.13780868,
      0,
      0.9107548,
      0.022635179,
      -0.4123269,
      0,
      0.4036982,
      0.1613458,
      0.90055287,
      0,
      0.3162971,
      0.052654006,
      -4.730575,
      0.99999994
    ]
  },
  {
    "timestamp" : 239599400940,
    "trackingState" : "Normal",
    "transform" : [
      0.08794508,
      -0.9866131,
      0.137333,
      0,
      0.908242,
      0.022799643,
      -0.4178237,
      0,
      0.40909922,
      0.16147715,
      0.8980886,
      0,
      0.3128078,
      0.052957974,
      -4.7322555,
      0.9999999
    ]
  },
  {
    "timestamp" : 239599417613,
    "trackingState" : "Normal",
    "transform" : [
      0.08915585,
      -0.9865839,
      0.13676102,
      0,
      0.90552455,
      0.023101952,
      -0.42366457,
      0,
