[
  {
    "timestamp" : 239614240451,
    "trackingState" : "Normal",
    "transform" : [
      -0.041388966,
      -0.9508449,
      0.3068891,
      0,
      0.99283266,
      -0.0046730707,
      0.11942083,
      0,
      -0.1121166,
      0.3096322,
      0.94422334,
      0,
      -3.7185135,
      -0.05221606,
      -7.373648,
      0.99999994
    ]
  },
  {
    "timestamp" : 239614257124,
    "trackingState" : "Normal",
    "transform" : [
      -0.040225174,
      -0.9528417,
      0.3007903,
      0,
      0.9937024,
      -0.006640106,
      0.11185496,
      0,
      -0.10458281,
      0.30339536,
      0.9471081,
      0,
      -3.7222002,
      -0.05016654,
      -7.380366,
      0.99999994
    ]
  },
  {
    "timestamp" : 239614273798,
    "trackingState" : "Normal",
    "transform" : [
      -0.040267713,
      -0.9548124,
      0.29446852,
      0,
      0.9944527,
      -0.009636766,
      0.10474135,
      0,
      -0.09717064,
      0.29705274,
      0.94990396,
      0,
      -3.7256343,
      -0.04836139,
      -7.3878202,
      0.99999994
    ]
  },
  {
    "timestamp" : 239614290471,
    "trackingState" : "Normal",
    "transform" : [
      -0.04123789,
      -0.9568201,
      0.2877411,
      0,
      0.9951739,
      -0.01366921,
      0.097170316,
      0,
      -0.08904132,
      0.29035953,
      0.95276606,
      0,
      -3.7289164,
      -0.046492927,
      -7.3955083,
      0.99999994
    ]
  },
  {
    "timestamp" : 239614307145,
    "trackingState" : "Normal",
    "transform" : [
      -0.041862234,
      -0.9590753,
      0.28003985,
      0,
      0.9959209,
      -0.017631898,
      0.088491514,
      0,
      -0.0799324,
      0.282602,
      0.9559012,
      0,
      -3.7321446,
      -0.044453636,
      -7.4032707,
      0.99999994
    ]
  },
  {
    "timestamp" : 239614323819,
    "trackingState" : "Normal",
    "transform" : [
      -0.04148023,
      -0.96158946,
      0.27133915,
      0,
      0.996562,
      -0.02032518,
      0.08031695,
      0,
      -0.07171695,
      0.27373788,
      0.95912683,
      0,
      -3.7353566,
      -0.042194813,
      -7.411038,
      0.9999999
    ]
  },
  {
    "timestamp" : 239614340492,
    "trackingState" : "Normal",
    "transform" : [
      -0.040386386,
      -0.9642948,
      0.26173404,
      0,
      0.996971,
      -0.021464897,
      0.074753605,
      0,
      -0.06646643,
      0.26396027,
      0.9622408,
      0,
      -3.7385335,
      -0.039687738,
      -7.4188027,
      0.99999994
    ]
  },
  {
    "timestamp" : 239614357166,
    "trackingState" : "Normal",
    "transform" : [
      -0.03981074,
      -0.96672654,
      0.25269547,
      0,
      0.9972473,
      -0.022608947,
      0.07061655,
      0,
      -0.06255373,
      0.25481117,
      0.96496546,
      0,
      -3.7414775,
      -0.037230447,
      -7.425887,
      0.99999994
    ]
  },
  {
    "timestamp" : 239614373839,
    "trackingState" : "Normal",
    "transform" : [
      -0.04024424,
      -0.9685061,
      0.24571618,
      0,
      0.99740916,
      -0.024264295,
      0.067719825,
      0,
      -0.059624955,
      0.24780494,
      0.9669735,
      0,
      -3.7445076,
      -0.03450847,
      -7.4334383,
      0.9999999
    ]
  },
  {
    "timestamp" : 239614390513,
    "trackingState" : "Normal",
    "transform" : [
      -0.04210942,
      -0.9696588,
      0.2408081,
      0,
      0.9976155,
      -0.027615892,
      0.063249595,
      0,
      -0.054680422,
      0.24289732,
      0.9685096,
      0,
      -3.7475169,
      -0.031704415,
      -7.4411197,
      0.9999999
    ]
  },
  {
    "timestamp" : 239614407187,
    "trackingState" : "Normal",
    "transform" : [
      -0.044883832,
      -0.9705037,
      0.23687157,
      0,
      0.99794716,
      -0.0327158,
      0.05505467,
      0,
      -0.045681324,
      0.23885639,
      0.9699799,
      0,
      -3.7504787,
      -0.028907426,
      -7.4487786,
      0.9999999
    ]
  },
  {
    "timestamp" : 239614423860,
    "trackingState" : "Normal",
    "transform" : [
      -0.047334537,
      -0.9716541,
      0.23162013,
      0,
      0.99825585,
      -0.037825372,
      0.04532765,
      0,
      -0.03528168,
      0.2333617,
      0.9717498,
      0,
      -3.7534497,
      -0.026137337,
      -7.456279,
      0.99999994
    ]
  },
  {
    "timestamp" : 239614440534,
    "trackingState" : "Normal",
    "transform" : [
      -0.04828994,
      -0.9734545,
      0.22372858,
      0,
      0.99846244,
      -0.04094226,
      0.03736789,
      0,
      -0.027215999,
      0.2251891,
      0.9739349,
      0,
      -3.7565737,
      -0.023453554,
      -7.463541,
      0.9999999
    ]
  },
  {
    "timestamp" : 239614457207,
    "trackingState" : "Normal",
    "transform" : [
      -0.04755364,
      -0.9755613,
      0.2145201,
      0,
      0.9986058,
      -0.041504983,
      0.032615487,
      0,
      -0.022914767,
      0.21577199,
      0.97617495,
      0,
      -3.7599933,
      -0.020966973,
      -7.470583,
      0.99999994
    ]
  },
  {
    "timestamp" : 239614473881,
    "trackingState" : "Normal",
    "transform" : [
      -0.04554795,
      -0.9773774,
      0.20654015,
      0,
      0.99875367,
      -0.04033011,
      0.029405631,
      0,
      -0.020410627,
      0.2076221,
      0.97799623,
      0,
      -3.7633204,
      -0.018421464,
      -7.477755,
      0.99999994
    ]
  },
  {
    "timestamp" : 239614490555,
    "trackingState" : "Normal",
    "transform" : [
      -0.042222757,
      -0.9787353,
      0.20073485,
      0,
      0.99894106,
      -0.037680134,
      0.026398836,
      0,
      -0.018273765,
      0.20163693,
      0.97928995,
      0,
      -3.7666514,
      -0.015906254,
      -7.485022,
      0.99999994
    ]
  },
  {
    "timestamp" : 239614507228,
    "trackingState" : "Normal",
    "transform" : [
      -0.038083497,
      -0.9798183,
      0.19622868,
      0,
      0.9991608,
      -0.034376435,
      0.022264207,
      0,
      -0.01506925,
      0.19691193,
      0.9803054,
      0,
      -3.7699003,
      -0.013396211,
      -7.492314,
      0.9999998
    ]
  },
  {
    "timestamp" : 239614523902,
    "trackingState" : "Normal",
    "transform" : [
      -0.035382174,
      -0.9808943,
      0.1912968,
      0,
      0.99932563,
      -0.03284539,
      0.01641667,
      0,
      -0.009819815,
      0.19174865,
      0.98139507,
      0,
      -3.7728665,
      -0.010876246,
      -7.4995556,
      1
    ]
  },
  {
    "timestamp" : 239614540576,
    "trackingState" : "Normal",
    "transform" : [
      -0.035384,
      -0.9820122,
      0.18547247,
      0,
      0.9993709,
      -0.034318984,
      0.008950522,
      0,
      -0.0024243072,
      0.18567249,
      0.9826088,
      0,
      -3.7755482,
      -0.008532419,
      -7.506787,
      0.99999994
    ]
  },
  {
    "timestamp" : 239614557249,
    "trackingState" : "Normal",
    "transform" : [
      -0.03708083,
      -0.98300385,
      0.17980123,
      0,
      0.99930614,
      -0.0371058,
      0.0032255745,
      0,
      0.0035009042,
      0.17979605,
      0.9836978,
      0,
      -3.7781947,
      -0.0066098864,
      -7.5140743,
      0.99999994
    ]
  },
  {
    "timestamp" : 239614573923,
    "trackingState" : "Normal",
    "transform" : [
      -0.03839003,
      -0.98367673,
      0.17580228,
      0,
      0.9992486,
      -0.0387297,
      0.0014998419,
      0,
      0.005333399,
      0.17572775,
      0.98442435,
      0,
      -3.780684,
      -0.004420312,
      -7.5213485,
      0.99999994
    ]
  },
  {
    "timestamp" : 239614590596,
    "trackingState" : "Normal",
    "transform" : [
      -0.03825991,
      -0.9841073,
      0.1734043,
      0,
      0.9992562,
      -0.038515717,
      0.0018906826,
      0,
      0.004818146,
      0.17334767,
      0.984849,
      0,
      -3.783162,
      -0.0021985997,
      -7.5286064,
      0.9999999
    ]
  },
  {
    "timestamp" : 239614607270,
    "trackingState" : "Normal",
    "transform" : [
      -0.037827227,
      -0.9844269,
      0.1716766,
      0,
      0.9992658,
      -0.038309216,
      0.00050575664,
      0,
      0.006078906,
      0.17156969,
      0.9851533,
      0,
      -3.785563,
      -7.153861e-05,
      -7.535832,
      0.99999994
    ]
  },
  {
    "timestamp" : 239614623944,
    "trackingState" : "Normal",
    "transform" : [
      -0.037937995,
      -0.9847426,
      0.16983159,
      0,
      0.99922997,
      -0.039086007,
      -0.0034203122,
      0,
      0.010006155,
      0.16957106,
      0.98546726,
      0,
      -3.7878354,
      0.0018947166,
      -7.5429974,
      0.9999999
    ]
  },
  {
    "timestamp" : 239614640617,
    "trackingState" : "Normal",
    "transform" : [
      -0.03865375,
      -0.9850666,
      0.167779,
      0,
      0.99915224,
      -0.04048091,
      -0.007482564,
      0,
      0.014162661,
      0.16734754,
      0.98579633,
      0,
      -3.790163,
      0.003937034,
      -7.5500245,
      0.99999994
    ]
  },
  {
    "timestamp" : 239614657291,
    "trackingState" : "Normal",
    "transform" : [
      -0.03966734,
      -0.9853318,
      0.16597539,
      0,
      0.9990738,
      -0.041882686,
      -0.009867412,
      0,
      0.01667416,
      0.16543025,
      0.9860806,
      0,
      -3.792832,
      0.0064110057,
      -7.5568576,
      0.99999994
    ]
  },
  {
    "timestamp" : 239614673964,
    "trackingState" : "Normal",
    "transform" : [
      -0.04101703,
      -0.9853264,
      0.16567914,
      0,
      0.99903435,
      -0.043057777,
      -0.008743122,
      0,
      0.015748594,
      0.16516052,
      0.9861411,
      0,
      -3.795113,
      0.008158285,
      -7.5637116,
      0.99999994
    ]
  },
  {
    "timestamp" : 239614690638,
    "trackingState" : "Normal",
    "transform" : [
      -0.041756902,
      -0.9854104,
      0.16499367,
      0,
      0.9989929,
      -0.04389165,
      -0.009312079,
      0,
      0.016418053,
      0.16443865,
      0.98625076,
      0,
      -3.7972572,
      0.009551368,
      -7.570556,
      0.9999999
    ]
  },
  {
    "timestamp" : 239614707312,
    "trackingState" : "Normal",
    "transform" : [
      -0.04199418,
      -0.9857604,
      0.16282856,
      0,
      0.9989614,
      -0.044310313,
      -0.010617226,
      0,
      0.017681016,
      0.1622136,
      0.9865973,
      0,
      -3.7993462,
      0.010720976,
      -7.577285,
      0.99999994
    ]
  },
  {
    "timestamp" : 239614723985,
    "trackingState" : "Normal",
    "transform" : [
      -0.042218637,
      -0.98627853,
      0.15960068,
      0,
      0.9989167,
      -0.044797216,
      -0.012591592,
      0,
      0.019568473,
      0.15889618,
      0.9871015,
      0,
      -3.801401,
      0.011715515,
      -7.583965,
      0.99999994
    ]
  },
  {
    "timestamp" : 239614740659,
    "trackingState" : "Normal",
    "transform" : [
      -0.042521954,
      -0.986644,
      0.15724345,
      0,
      0.9988776,
      -0.0452704,
      -0.013937286,
      0,
      0.020869602,
      0.15647429,
      0.9874616,
      0,
      -3.803423,
      0.012564691,
      -7.590709,
      0.99999994
    ]
  },
  {
    "timestamp" : 239614757332,
    "trackingState" : "Normal",
    "transform" : [
      -0.04350458,
      -0.98668677,
      0.15670532,
      0,
      0.99886245,
      -0.046022303,
      -0.012472513,
      0,
      0.019518392,
      0.15598445,
      0.98756665,
      0,
      -3.8063004,
      0.013257108,
      -7.596872,
      0.9999999
    ]
  },
  {
    "timestamp" : 239614774006,
    "trackingState" : "Normal",
    "transform" : [
      -0.045876242,
      -0.98637146,
      0.15800919,
      0,
      0.99879754,
      -0.048028696,
      -0.009828868,
      0,
      0.01728388,
      0.1573683,
      0.98738873,
      0,
      -3.8085046,
      0.013892767,
      -7.6035323,
      0.9999999
    ]
  },
  {
    "timestamp" : 239614790680,
    "trackingState" : "Normal",
    "transform" : [
      -0.048252113,
      -0.98589355,
      0.16026774,
      0,
      0.9986956,
      -0.05030171,
      -0.0087538315,
      0,
      0.016692078,
      0.15963633,
      0.98703486,
      0,
      -3.8104887,
      0.01444908,
      -7.610364,
      0.99999994
    ]
  },
  {
    "timestamp" : 239614807353,
    "trackingState" : "Normal",
    "transform" : [
      -0.050383016,
      -0.9854255,
      0.16247512,
      0,
      0.9985689,
      -0.052624673,
      -0.009520092,
      0,
      0.017931532,
      0.16176298,
      0.9866667,
      0,
      -3.8124022,
      0.01493045,
      -7.6172175,
      0.9999998
    ]
  },
  {
    "timestamp" : 239614824027,
    "trackingState" : "Normal",
    "transform" : [
      -0.052505057,
      -0.9850946,
      0.16380496,
      0,
      0.99841994,
      -0.055071823,
      -0.011164826,
      0,
      0.020019436,
      0.16295993,
      0.98642963,
      0,
      -3.8142889,
      0.015331502,
      -7.624036,
      0.9999999
    ]
  },
  {
    "timestamp" : 239614840700,
    "trackingState" : "Normal",
    "transform" : [
      -0.054182883,
      -0.9849389,
      0.16419338,
      0,
      0.9983158,
      -0.056846343,
      -0.011562864,
      0,
      0.0207225,
      0.16329037,
      0.98636043,
      0,
      -3.8163755,
      0.0154072605,
      -7.6307783,
      0.99999994
    ]
  },
  {
    "timestamp" : 239614857374,
    "trackingState" : "Normal",
    "transform" : [
      -0.05468085,
      -0.9849555,
      0.16392963,
      0,
      0.9983203,
      -0.05707755,
      -0.009942349,
      0,
      0.019149462,
      0.16311063,
      0.986422,
      0,
      -3.8189037,
      0.014900852,
      -7.6374354,
      0.99999994
    ]
  },
  {
    "timestamp" : 239614874048,
    "trackingState" : "Normal",
    "transform" : [
      -0.054066587,
      -0.9851225,
      0.16312729,
      0,
      0.99838185,
      -0.056215208,
      -0.008580877,
      0,
      0.017623438,
      0.16239937,
      0.98656785,
      0,
      -3.8212638,
      0.014851712,
      -7.6440578,
      0.99999994
    ]
  },
  {
    "timestamp" : 239614890721,
    "trackingState" : "Normal",
    "transform" : [
      -0.053544883,
      -0.98534614,
      0.16194454,
      0,
      0.9984132,
      -0.05565917,
      -0.008543874,
      0,
      0.017432362,
      0.16123009,
      0.986763,
      0,
      -3.823542,
      0.014926795,
      -7.65069,
      0.99999994
    ]
  },
  {
    "timestamp" : 239614907395,
    "trackingState" : "Normal",
    "transform" : [
      -0.054257806,
      -0.98547345,
      0.16092964,
      0,
      0.9983747,
      -0.056354407,
      -0.008489104,
      0,
      0.01743487,
      0.1602075,
      0.9869294,
      0,
      -3.8257499,
      0.015021852,
      -7.6573596,
      0.9999999
    ]
  },
  {
    "timestamp" : 239614924069,
    "trackingState" : "Normal",
    "transform" : [
      -0.055817682,
      -0.98540866,
      0.16079254,
      0,
      0.9982936,
      -0.057847664,
      -0.00796773,
      0,
      0.017152932,
      0.16007343,
      0.9869561,
      0,
      -3.8279998,
      0.015095798,
      -7.66409,
      0.99999994
    ]
  },
  {
    "timestamp" : 239614940742,
    "trackingState" : "Normal",
    "transform" : [
      -0.056757804,
      -0.9852304,
      0.16155407,
      0,
      0.9982524,
      -0.05866824,
      -0.0070757503,
      0,
      0.016449327,
      0.16087015,
      0.98683864,
      0,
      -3.8313987,
      0.0137179755,
      -7.6706142,
      0.99999994
    ]
  },
  {
    "timestamp" : 239614957416,
    "trackingState" : "Normal",
    "transform" : [
      -0.05616981,
      -0.9850528,
      0.16283764,
      0,
      0.9982832,
      -0.05812226,
      -0.0072471895,
      0,
      0.016603343,
      0.16215098,
      0.98662645,
      0,
      -3.8343797,
      0.0132304635,
      -7.677298,
      0.99999994
    ]
  },
  {
    "timestamp" : 239614974089,
    "trackingState" : "Normal",
    "transform" : [
      -0.054824144,
      -0.98500025,
      0.16361223,
      0,
      0.9983426,
      -0.05694752,
      -0.008312607,
      0,
      0.017505217,
      0.1628853,
      0.98648983,
      0,
      -3.837279,
      0.013004219,
      -7.683985,
      0.99999994
    ]
  },
  {
    "timestamp" : 239614990763,
    "trackingState" : "Normal",
    "transform" : [
      -0.054022126,
      -0.98508847,
      0.16334704,
      0,
      0.9983633,
      -0.056358866,
      -0.009701799,
      0,
      0.018763173,
      0.16255559,
      0.986521,
      0,
      -3.840126,
      0.012846912,
      -7.6906447,
      0.9999998
    ]
  },
  {
    "timestamp" : 239615007437,
    "trackingState" : "Normal",
    "transform" : [
      -0.05419548,
      -0.9852244,
      0.16246784,
      0,
      0.9983389,
      -0.05664881,
      -0.010502636,
      0,
      0.019551056,
      0.16162877,
      0.98665804,
      0,
      -3.8429508,
      0.012689352,
      -7.697297,
      0.99999994
    ]
  },
  {
    "timestamp" : 239615024110,
    "trackingState" : "Normal",
    "transform" : [
      -0.05472764,
      -0.98531216,
      0.16175568,
      0,
      0.99830514,
      -0.05720482,
      -0.010693415,
      0,
      0.019789545,
      0.1608963,
      0.9867729,
      0,
      -3.845819,
      0.012508066,
      -7.703977,
      0.99999994
    ]
  },
  {
    "timestamp" : 239615040784,
    "trackingState" : "Normal",
    "transform" : [
      -0.054981373,
      -0.98533934,
      0.16150397,
      0,
      0.9982762,
      -0.057572346,
      -0.011403427,
      0,
      0.020534398,
      0.16059859,
      0.9868062,
      0,
      -3.8489528,
      0.012172553,
      -7.710629,
      0.9999998
    ]
  },
  {
    "timestamp" : 239615057457,
    "trackingState" : "Normal",
    "transform" : [
      -0.054681886,
      -0.98541033,
      0.16117166,
      0,
      0.9982466,
      -0.057613924,
      -0.013571535,
      0,
      0.022659253,
      0.16014695,
      0.9868331,
      0,
      -3.8525138,
      0.01157252,
      -7.717171,
      0.9999999
    ]
  },
  {
    "timestamp" : 239615074131,
    "trackingState" : "Normal",
    "transform" : [
      -0.054077942,
      -0.9856849,
      0.15968968,
      0,
      0.9982187,
      -0.057399977,
      -0.016260793,
      0,
      0.025194196,
      0.1585259,
      0.9870333,
      0,
      -3.8557916,
      0.011113751,
      -7.723878,
      0.9999999
    ]
  },
  {
    "timestamp" : 239615090805,
    "trackingState" : "Normal",
    "transform" : [
      -0.053435355,
      -0.98624593,
      0.156409,
      0,
      0.9982388,
      -0.056800213,
      -0.017120097,
      0,
      0.02576868,
      0.15521869,
      0.98754406,
      0,
      -3.8590329,
      0.010649597,
      -7.730638,
      0.99999994
    ]
  },
  {
    "timestamp" : 239615107478,
    "trackingState" : "Normal",
    "transform" : [
      -0.052433595,
      -0.98679996,
      0.15322101,
      0,
      0.9983336,
      -0.055500343,
      -0.015804105,
      0,
      0.024099296,
      0.15213701,
      0.9880656,
      0,
      -3.8623507,
      0.0101568755,
      -7.7375035,
      0.99999994
    ]
  },
  {
    "timestamp" : 239615124152,
    "trackingState" : "Normal",
    "transform" : [
      -0.05111238,
      -0.9871045,
      0.15169834,
      0,
      0.9984411,
      -0.05391704,
      -0.014430284,
      0,
      0.02242331,
      0.15072428,
      0.98832154,
      0,
      -3.8657691,
      0.009656889,
      -7.7445354,
      0.99999994
    ]
  },
  {
    "timestamp" : 239615140826,
    "trackingState" : "Normal",
    "transform" : [
      -0.05000304,
      -0.98724514,
      0.15115182,
      0,
      0.9984922,
      -0.05284694,
      -0.014854249,
      0,
      0.022652682,
      0.15018113,
      0.98839897,
      0,
      -3.8692544,
      0.009191368,
      -7.7516947,
      0.99999994
    ]
  },
  {
    "timestamp" : 239615157499,
    "trackingState" : "Normal",
    "transform" : [
      -0.049596384,
      -0.98747814,
      0.14975673,
      0,
      0.9984377,
      -0.052882157,
      -0.018036382,
      0,
      0.025729982,
      0.14862823,
      0.9885583,
      0,
      -3.8728237,
      0.008356652,
      -7.760667,
      0.9999998
    ]
  },
  {
    "timestamp" : 239615174173,
    "trackingState" : "Normal",
    "transform" : [
      -0.04976574,
      -0.9879087,
      0.14683221,
      0,
      0.9983176,
      -0.05358294,
      -0.02215484,
      0,
      0.029754654,
      0.14548263,
      0.9889133,
      0,
      -3.8764396,
      0.007820712,
      -7.768505,
      0.99999994
    ]
  },
  {
    "timestamp" : 239615190846,
    "trackingState" : "Normal",
    "transform" : [
      -0.04960577,
      -0.9885151,
      0.1427491,
      0,
      0.9982471,
      -0.053690247,
      -0.02490247,
      0,
      0.03228069,
      0.14126356,
      0.9894456,
      0,
      -3.8801785,
      0.007395914,
      -7.776039,
      0.99999994
    ]
  },
  {
    "timestamp" : 239615207520,
    "trackingState" : "Normal",
    "transform" : [
      -0.048830327,
      -0.98912084,
      0.13876496,
      0,
      0.99827313,
      -0.052873127,
      -0.025596572,
      0,
      0.032655023,
      0.13727543,
      0.9899945,
      0,
      -3.8840594,
      0.0070270356,
      -7.783611,
      0.99999994
    ]
  },
  {
    "timestamp" : 239615224193,
    "trackingState" : "Normal",
    "transform" : [
      -0.048170097,
      -0.9895182,
      0.13613714,
      0,
      0.99830073,
      -0.052169573,
      -0.025962848,
      0,
      0.03279292,
      0.13465518,
      0.99034977,
      0,
      -3.8880618,
      0.0066848206,
      -7.7914047,
      0.9999999
    ]
  },
  {
    "timestamp" : 239615240867,
    "trackingState" : "Normal",
    "transform" : [
      -0.0479359,
      -0.98960274,
      0.13560411,
      0,
      0.99826634,
      -0.05210592,
      -0.027369123,
      0,
      0.03415033,
      0.13405707,
      0.99038494,
      0,
      -3.8924477,
      0.005975097,
      -7.8000746,
      0.9999999
    ]
  },
  {
    "timestamp" : 239615257541,
    "trackingState" : "Normal",
    "transform" : [
      -0.04828939,
      -0.98939586,
      0.136982,
      0,
      0.9982044,
      -0.052669287,
      -0.028530015,
      0,
      0.035442207,
      0.13535835,
      0.9901626,
      0,
      -3.8973567,
      0.0047027543,
      -7.8099203,
      1
    ]
  },
  {
    "timestamp" : 239615274214,
    "trackingState" : "Normal",
    "transform" : [
      -0.049044896,
      -0.9891151,
      0.13872923,
      0,
      0.9981427,
      -0.053562183,
      -0.02901594,
      0,
      0.036130738,
      0.1370485,
      0.9899052,
      0,
      -3.901808,
      0.004205749,
      -7.8188405,
      0.9999999
    ]
  },
  {
    "timestamp" : 239615290888,
    "trackingState" : "Normal",
    "transform" : [
      -0.049794383,
      -0.98902446,
      0.13910858,
      0,
      0.9980711,
      -0.054445487,
      -0.029829796,
      0,
      0.03707622,
      0.13735488,
      0.98982775,
      0,
      -3.9061499,
      0.0040346724,
      -7.8274274,
      0.9999999
    ]
  },
  {
    "timestamp" : 239615307562,
    "trackingState" : "Normal",
    "transform" : [
      -0.05052279,
      -0.9891719,
      0.13779078,
      0,
      0.9979857,
      -0.05530232,
      -0.031079544,
      0,
      0.03836316,
      0.13594301,
      0.9899736,
      0,
      -3.910498,
      0.004057332,
      -7.835866,
      0.99999994
    ]
  },
  {
    "timestamp" : 239615324235,
    "trackingState" : "Normal",
    "transform" : [
      -0.051285386,
      -0.9893366,
      0.13631935,
      0,
      0.9978578,
      -0.05631435,
      -0.03329184,
      0,
      0.04061356,
      0.13431993,
      0.99010533,
      0,
      -3.9148984,
      0.0042054947,
      -7.844306,
      0.9999999
    ]
  },
  {
    "timestamp" : 239615340909,
    "trackingState" : "Normal",
    "transform" : [
      -0.051565826,
      -0.9893496,
      0.13611901,
      0,
      0.9976908,
      -0.05706752,
      -0.036827933,
      0,
      0.044203665,
      0.13390562,
      0.99000776,
      0,
      -3.919385,
      0.004418742,
      -7.8528495,
      0.99999994
    ]
  },
  {
    "timestamp" : 239615357582,
    "trackingState" : "Normal",
    "transform" : [
      -0.0506701,
      -0.9893048,
      0.13677981,
      0,
      0.99761146,
      -0.05657479,
      -0.039630424,
      0,
      0.046944845,
      0.13444504,
      0.9898085,
      0,
      -3.924133,
      0.004551721,
      -7.8630915,
      0.99999994
    ]
  },
  {
    "timestamp" : 239615374256,
    "trackingState" : "Normal",
    "transform" : [
      -0.04856055,
      -0.98935395,
      0.13718815,
      0,
      0.99769866,
      -0.054553155,
      -0.040262807,
      0,
      0.04731821,
      0.13491727,
      0.9897263,
      0,
      -3.928859,
      0.004798491,
      -7.8722315,
      0.99999976
    ]
  },
  {
    "timestamp" : 239615390930,
    "trackingState" : "Normal",
    "transform" : [
      -0.04566058,
      -0.98945236,
      0.13747455,
      0,
      0.9978531,
      -0.051643953,
      -0.040274195,
      0,
      0.04694912,
      0.13534047,
      0.9896862,
      0,
      -3.9335804,
      0.005030126,
      -7.8810177,
      0.9999999
    ]
  },
  {
    "timestamp" : 239615407603,
    "trackingState" : "Normal",
    "transform" : [
      -0.042737525,
      -0.9893641,
      0.13904078,
      0,
      0.9979603,
      -0.048879344,
      -0.041060675,
      0,
      0.047420166,
      0.13700233,
      0.9894351,
      0,
      -3.938238,
      0.005152451,
      -7.8897276,
      1
    ]
  },
  {
    "timestamp" : 239615424277,
    "trackingState" : "Normal",
    "transform" : [
      -0.04062104,
      -0.9890204,
      0.14208624,
      0,
      0.9979477,
      -0.04720358,
      -0.043266952,
      0,
      0.04949888,
      0.14003709,
      0.9889082,
      0,
      -3.942767,
      0.0050952197,
      -7.8984237,
      0.9999999
    ]
  },
  {
    "timestamp" : 239615440950,
    "trackingState" : "Normal",
    "transform" : [
      -0.03922405,
      -0.9885874,
      0.14545266,
      0,
      0.9978345,
      -0.04644362,
      -0.04657505,
      0,
      0.052798856,
      0.14331082,
      0.9882684,
      0,
      -3.9472034,
      0.0048261904,
      -7.907051,
      0.9999999
    ]
  },
  {
    "timestamp" : 239615457624,
    "trackingState" : "Normal",
    "transform" : [
      -0.037058786,
      -0.98837984,
      0.1474182,
      0,
      0.99773836,
      -0.04487371,
      -0.050043322,
      0,
      0.056077003,
      0.14523028,
      0.9878075,
      0,
      -3.9521582,
      0.004755661,
      -7.9175396,
      0.99999994
    ]
  },
  {
    "timestamp" : 239615474298,
    "trackingState" : "Normal",
    "transform" : [
      -0.03402891,
      -0.9885513,
      0.14699775,
      0,
      0.99774814,
      -0.042108513,
      -0.052205853,
      0,
      0.057798017,
      0.14489023,
      0.9877583,
      0,
      -3.956852,
      0.0043778634,
      -7.9264936,
      0.99999994
    ]
  },
  {
    "timestamp" : 239615490971,
    "trackingState" : "Normal",
    "transform" : [
      -0.031172184,
      -0.9888857,
      0.14537342,
      0,
      0.99785864,
      -0.03915691,
      -0.05239113,
      0,
      0.057501204,
      0.14342897,
      0.9879888,
      0,
      -3.9614522,
      0.0038559204,
      -7.9348626,
      0.99999994
    ]
  },
  {
    "timestamp" : 239615507645,
    "trackingState" : "Normal",
    "transform" : [
      -0.02901259,
      -0.9889942,
      0.14508283,
      0,
      0.9979592,
      -0.03691882,
      -0.052102093,
      0,
      0.05688494,
      0.14327511,
      0.9880469,
      0,
      -3.965989,
      0.0032126121,
      -7.9430547,
      0.99999994
    ]
  },
  {
    "timestamp" : 239615524318,
    "trackingState" : "Normal",
    "transform" : [
      -0.027441168,
      -0.9887488,
      0.1470474,
      0,
      0.9979506,
      -0.035603825,
      -0.05316863,
      0,
      0.05780586,
      0.14528705,
      0.9876995,
      0,
      -3.970487,
      0.0024817614,
      -7.9512043,
      0.99999994
    ]
  },
  {
    "timestamp" : 239615540992,
    "trackingState" : "Normal",
    "transform" : [
      -0.025974018,
      -0.98834336,
      0.15000927,
      0,
      0.9978495,
      -0.03466687,
      -0.05562728,
      0,
      0.060179196,
      0.1482418,
      0.98711854,
      0,
      -3.9749792,
      0.0017548595,
      -7.959258,
      0.99999994
    ]
  },
  {
    "timestamp" : 239615557666,
    "trackingState" : "Normal",
    "transform" : [
      -0.024790889,
      -0.98802775,
      0.15227145,
      0,
      0.99764085,
      -0.03420487,
      -0.059518434,
      0,
      0.064014286,
      0.15043673,
      0.98654497,
      0,
      -3.9780483,
      0.0014739959,
      -7.9685283,
      0.99999994
    ]
  },
  {
    "timestamp" : 239615574339,
    "trackingState" : "Normal",
    "transform" : [
      -0.023649627,
      -0.9879684,
      0.15283686,
      0,
      0.9974181,
      -0.033686776,
      -0.063419946,
      0,
      0.06780548,
      0.15094241,
      0.9862143,
      0,
      -3.9820201,
      0.0010107887,
      -7.9767075,
      0.9999997
    ]
  },
  {
    "timestamp" : 239615591013,
    "trackingState" : "Normal",
    "transform" : [
      -0.02195861,
      -0.9880837,
      0.15234338,
      0,
      0.9973314,
      -0.032261748,
      -0.065492146,
      0,
      0.06962658,
      0.15049872,
      0.98615545,
      0,
      -3.9862936,
      0.0005576676,
      -7.984423,
      0.99999994
    ]
  },
  {
    "timestamp" : 239615607687,
    "trackingState" : "Normal",
    "transform" : [
      -0.019623643,
      -0.98819005,
      0.1519718,
      0,
      0.99744296,
      -0.029797193,
      -0.06495826,
      0,
      0.06871943,
      0.15030849,
      0.986248,
      0,
      -3.9906225,
      0.00020086486,
      -7.991914,
      0.99999994
    ]
  },
  {
    "timestamp" : 239615624360,
    "trackingState" : "Normal",
    "transform" : [
      -0.018219663,
      -0.9881898,
      0.1521478,
      0,
      0.9975627,
      -0.028217983,
      -0.06381603,
      0,
      0.06735564,
      0.15061426,
      0.98629546,
      0,
      -3.9948227,
      -5.8808364e-05,
      -7.9992824,
      0.99999994
    ]
  },
  {
    "timestamp" : 239615641034,
    "trackingState" : "Normal",
    "transform" : [
      -0.018908685,
      -0.9880475,
      0.15298618,
      0,
      0.99746096,
      -0.029149475,
      -0.06497572,
      0,
      0.06865855,
      0.15136914,
      0.9860901,
      0,
      -3.998393,
      -0.0001541106,
      -8.00651,
      0.99999994
    ]
  },
  {
    "timestamp" : 239615657707,
    "trackingState" : "Normal",
    "transform" : [
      -0.021439923,
      -0.9875478,
      0.15585195,
      0,
      0.99701315,
      -0.032688335,
      -0.06997287,
      0,
      0.07419609,
      0.15388623,
      0.985299,
      0,
      -4.0012426,
      -0.00012989758,
      -8.013677,
      0.9999999
    ]
  },
  {
    "timestamp" : 239615674381,
    "trackingState" : "Normal",
    "transform" : [
      -0.024066897,
      -0.9866293,
      0.16119389,
      0,
      0.99637717,
      -0.03682854,
      -0.076655574,
      0,
      0.08156717,
      0.15876505,
      0.9839414,
      0,
      -4.004768,
      -0.00026539757,
      -8.02108,
      0.9999999
    ]
  },
  {
    "timestamp" : 239615691054,
    "trackingState" : "Normal",
    "transform" : [
      -0.025002932,
      -0.98550445,
      0.16779768,
      0,
      0.9958602,
      -0.039227143,
      -0.08199814,
      0,
      0.08739174,
      0.16505285,
      0.9824054,
      0,
      -4.0086546,
      -0.00047434028,
      -8.028523,
      0.99999994
    ]
  },
  {
    "timestamp" : 239615707728,
    "trackingState" : "Normal",
    "transform" : [
      -0.023569874,
      -0.9844701,
      0.17396267,
      0,
      0.9956922,
      -0.038725317,
      -0.08424554,
      0,
      0.08967398,
      0.17122762,
      0.98114204,
      0,
      -4.0127788,
      -0.0007065832,
      -8.035854,
      0.9999999
    ]
  },
  {
    "timestamp" : 239615724402,
    "trackingState" : "Normal",
    "transform" : [
      -0.021064436,
      -0.98365986,
      0.1788007,
      0,
      0.9957005,
      -0.036775958,
      -0.085017346,
      0,
      0.09020371,
      0.1762411,
      0.9802053,
      0,
      -4.017009,
      -0.00094769476,
      -8.043018,
      0.99999994
    ]
  },
  {
    "timestamp" : 239615741075,
    "trackingState" : "Normal",
    "transform" : [
      -0.01904698,
      -0.9829671,
      0.18279235,
      0,
      0.9955517,
      -0.035518657,
      -0.087265216,
      0,
      0.09227136,
      0.18031709,
      0.9792711,
      0,
      -4.0210204,
      -0.0010858607,
      -8.049837,
      0.99999994
    ]
  },
  {
    "timestamp" : 239615757749,
    "trackingState" : "Normal",
    "transform" : [
      -0.018144516,
      -0.9822341,
      0.18678069,
      0,
      0.9950791,
      -0.03594037,
      -0.09233627,
      0,
      0.09740879,
      0.18418615,
      0.97805274,
      0,
      -4.024731,
      -0.0011060033,
      -8.056329,
      0.9999999
    ]
  },
  {
    "timestamp" : 239615774423,
    "trackingState" : "Normal",
    "transform" : [
      -0.017860211,
      -0.9812635,
      0.19184065,
      0,
      0.99437815,
      -0.037461177,
      -0.09903783,
      0,
      0.10436879,
      0.18899333,
      0.97641623,
      0,
      -4.028637,
      -0.0014012282,
      -8.063137,
      0.9999998
    ]
  },
  {
    "timestamp" : 239615791096,
    "trackingState" : "Normal",
    "transform" : [
      -0.017221516,
      -0.98015374,
      0.19748975,
      0,
      0.9936332,
      -0.03877215,
      -0.10578171,
      0,
      0.11133943,
      0.19441065,
      0.97458106,
      0,
      -4.032626,
      -0.0018111258,
      -8.069983,
      0.99999994
    ]
  },
  {
    "timestamp" : 239615807770,
    "trackingState" : "Normal",
    "transform" : [
      -0.015782794,
      -0.9792057,
      0.20225517,
      0,
      0.99308246,
      -0.03889035,
      -0.110790946,
      0,
      0.11635287,
      0.1991075,
      0.97304595,
      0,
      -4.036711,
      -0.0022699302,
      -8.076667,
      0.99999994
    ]
  },
  {
    "timestamp" : 239615824443,
    "trackingState" : "Normal",
    "transform" : [
      -0.012902603,
      -0.9786589,
      0.20508651,
      0,
      0.99276465,
      -0.03702546,
      -0.11422524,
      0,
      0.11938094,
      0.20212884,
      0.9720557,
      0,
      -4.0409102,
      -0.002727394,
      -8.083084,
      0.99999994
    ]
  },
  {
    "timestamp" : 239615841117,
    "trackingState" : "Normal",
    "transform" : [
      -0.008569406,
      -0.9785872,
      0.20565425,
      0,
      0.9923621,
      -0.033632327,
      -0.118685685,
      0,
      0.12306091,
      0.20306642,
      0.9714011,
      0,
      -4.045305,
      -0.003148979,
      -8.089392,
      0.9999999
    ]
  },
  {
    "timestamp" : 239615857791,
    "trackingState" : "Normal",
    "transform" : [
      -0.0040888144,
      -0.97880834,
      0.20473787,
      0,
      0.9915332,
      -0.030541427,
      -0.12621021,
      0,
      0.12978859,
      0.20248836,
      0.9706459,
      0,
      -4.0498013,
      -0.0035710917,
      -8.0957155,
      0.9999999
    ]
  },
  {
    "timestamp" : 239615874464,
    "trackingState" : "Normal",
    "transform" : [
      -0.0007074827,
      -0.97909194,
      0.20341693,
      0,
      0.990196,
      -0.029099591,
      -0.13661905,
      0,
      0.13968197,
      0.201326,
      0.9695136,
      0,
      -4.0539536,
      -0.0040825843,
      -8.101829,
      0.9999998
    ]
  },
  {
    "timestamp" : 239615891138,
    "trackingState" : "Normal",
    "transform" : [
      0.0014753896,
      -0.9792964,
      0.20242651,
      0,
      0.9885492,
      -0.029116184,
      -0.14806296,
      0,
      0.15089141,
      0.20032701,
      0.9680397,
      0,
      -4.0578995,
      -0.004665904,
      -8.10797,
      0.9999998
    ]
  },
  {
    "timestamp" : 239615907811,
    "trackingState" : "Normal",
    "transform" : [
      0.0030831562,
      -0.97929895,
      0.20239559,
      0,
      0.9870077,
      -0.029533496,
      -0.15793437,
      0,
      0.16064242,
      0.20025298,
      0.96648467,
      0,
      -4.061762,
      -0.005291486,
      -8.114244,
      0.9999998
    ]
  },
  {
    "timestamp" : 239615924485,
    "trackingState" : "Normal",
    "transform" : [
      0.004639436,
      -0.9789973,
      0.20382021,
      0,
      0.98595273,
      -0.029552104,
      -0.16438848,
      0,
      0.16695921,
      0.20171978,
      0.96510804,
      0,
      -4.0656133,
      -0.005949977,
      -8.120688,
      0.9999998
    ]
  },
  {
    "timestamp" : 239615941159,
    "trackingState" : "Normal",
    "transform" : [
      0.006313228,
      -0.9783102,
      0.20704867,
      0,
      0.9854576,
      -0.02907221,
      -0.16741504,
      0,
      0.16980323,
      0.20509465,
      0.96389997,
      0,
      -4.069477,
      -0.0066381823,
      -8.127275,
      0.9999998
    ]
  },
  {
    "timestamp" : 239615957832,
    "trackingState" : "Normal",
    "transform" : [
      0.008530129,
      -0.9772426,
      0.21195321,
      0,
      0.98489624,
      -0.028446127,
      -0.17079268,
      0,
      0.17293516,
      0.21020882,
      0.96224,
      0,
      -4.0739675,
      -0.006623183,
      -8.13479,
      0.9999999
    ]
  },
  {
    "timestamp" : 239615974506,
    "trackingState" : "Normal",
    "transform" : [
      0.010645774,
      -0.97608554,
      0.21712616,
      0,
      0.98364246,
      -0.028825046,
      -0.17781065,
      0,
      0.1798171,
      0.21546744,
      0.9598123,
      0,
      -4.077938,
      -0.0071287896,
      -8.141854,
      0.9999999
    ]
  },
  {
    "timestamp" : 239615991179,
    "trackingState" : "Normal",
    "transform" : [
      0.012597487,
      -0.9752529,
      0.22073318,
      0,
      0.9818802,
      -0.029678615,
      -0.18716434,
      0,
      0.18908362,
      0.21909133,
      0.9572076,
      0,
      -4.081661,
      -0.0077996855,
      -8.148698,
      0.99999994
    ]
  },
  {
    "timestamp" : 239616007853,
    "trackingState" : "Normal",
    "transform" : [
      0.014796488,
      -0.97502524,
      0.221601,
      0,
      0.9801876,
      -0.02963557,
      -0.19584188,
      0,
      0.19751805,
      0.22010832,
      0.9552691,
      0,
      -4.0852957,
      -0.008490871,
      -8.155354,
      0.9999999
    ]
  },
  {
    "timestamp" : 239616024527,
    "trackingState" : "Normal",
    "transform" : [
      0.017663881,
      -0.9751292,
      0.22093204,
      0,
      0.9786737,
      -0.028367458,
      -0.20345221,
      0,
      0.2046595,
      0.21981415,
      0.9538323,
      0,
      -4.0888915,
      -0.00919347,
      -8.161944,
      0.9999998
    ]
  },
  {
    "timestamp" : 239616041200,
    "trackingState" : "Normal",
    "transform" : [
      0.020952258,
      -0.97507864,
      0.22086829,
      0,
      0.9772216,
      -0.026690977,
      -0.21053635,
      0,
      0.21118467,
      0.22024848,
      0.95230865,
      0,
      -4.0925407,
      -0.009965579,
      -8.169121,
      0.99999994
    ]
  },
  {
    "timestamp" : 239616057874,
    "trackingState" : "Normal",
    "transform" : [
      0.023699397,
      -0.9746771,
      0.22235788,
      0,
      0.9756136,
      -0.025999788,
      -0.21794981,
      0,
      0.21821192,
      0.22210063,
      0.95029205,
      0,
      -4.0961685,
      -0.010819807,
      -8.176997,
      0.99999994
    ]
  },
  {
    "timestamp" : 239616074548,
