[
  {
    "timestamp" : 239680934837,
    "transform" : [
      -0.38186437,
      -0.86768866,
      -0.31827056,
      0,
      -0.6635184,
      0.017659696,
      0.7479514,
      0,
      -0.64336836,
      0.4967944,
      -0.582471,
      0,
      2.6423311,
      -0.16904742,
      -2.6397817,
      0.99999994
    ],
    "trackingState" : "Normal"
  },
  {
    "timestamp" : 239680951511,
    "transform" : [
      -0.37649935,
      -0.8688453,
      -0.32149062,
      0,
      -0.6690627,
      0.014981386,
      0.74305487,
      0,
      -0.64078337,
      0.49485707,
      -0.5869524,
      0,
      2.6431923,
      -0.16816951,
      -2.6353064,
      0.99999994
    ],
    "trackingState" : "Normal"
  },
  {
    "timestamp" : 239680968184,
    "transform" : [
      -0.37173453,
      -0.86972517,
      -0.32464084,
      0,
      -0.6734122,
      0.011918101,
      0.739171,
      0,
      -0.6390065,
      0.49339256,
      -0.59011394,
      0,
      2.644107,
      -0.16724788,
      -2.6307907,
      0.9999999
    ],
    "trackingState" : "Normal"
  },
  {
    "timestamp" : 239680984858,
    "transform" : [
      -0.36672264,
      -0.8709129,
      -0.32714692,
      0,
      -0.6772073,
      0.008786473,
      0.73573965,
      0,
      -0.6378908,
      0.49135876,
      -0.5930108,
      0,
      2.6450086,
      -0.1662321,
      -2.6263576,
      0.9999999
    ],
    "trackingState" : "Normal"
  },
  {
    "timestamp" : 239681001532,
    "transform" : [
      -0.36077482,
      -0.87307,
      -0.3280096,
      0,
      -0.68004173,
      0.0055677337,
      0.73315203,
      0,
      -0.63826686,
      0.4875631,
      -0.59573275,
      0,
      2.6458504,
      -0.16510946,
      -2.6220415,
      0.9999999
    ],
    "trackingState" : "Normal"
  },
  {
    "timestamp" : 239681018205,
    "transform" : [
      -0.35378054,
      -0.8761567,
      -0.32739705,
      0,
      -0.6831707,
      0.0029788497,
      0.7302525,
      0,
      -0.6388404,
      0.48201728,
      -0.5996185,
      0,
      2.64664,
      -0.16390714,
      -2.617802,
      0.99999994
    ],
    "trackingState" : "Normal"
  },
  {
    "timestamp" : 239681034879,
    "transform" : [
      -0.34690392,
      -0.8792477,
      -0.326468,
      0,
      -0.68774587,
      0.0017998766,
      0.7259493,
      0,
      -0.6377016,
      0.47636166,
      -0.6053233,
      0,
      2.6478539,
      -0.16214277,
      -2.6142755,
      0.99999994
    ],
    "trackingState" : "Normal"
  },
  {
    "timestamp" : 239681051552,
    "transform" : [
      -0.34109303,
      -0.88137335,
      -0.3268588,
      0,
      -0.69284,
      0.0007124849,
      0.721091,
      0,
      -0.63531744,
      0.47242,
      -0.61089367,
      0,
      2.6489286,
      -0.16074818,
      -2.6101363,
      0.99999994
    ],
    "trackingState" : "Normal"
  },
  {
    "timestamp" : 239681068226,
    "transform" : [
      -0.3364911,
      -0.8824309,
      -0.32876986,
      0,
      -0.69813585,
      -0.0005340722,
      0.7159651,
      0,
      -0.6319653,
      0.47044197,
      -0.61587685,
      0,
      2.650028,
      -0.15949596,
      -2.6057007,
      0.99999994
    ],
    "trackingState" : "Normal"
  },
  {
    "timestamp" : 239681084899,
    "transform" : [
      -0.33176586,
      -0.88332224,
      -0.3311696,
      0,
      -0.7033065,
      -0.0023656564,
      0.71088266,
      0,
      -0.628722,
      0.46876043,
      -0.62046146,
      0,
      2.6511095,
      -0.15826532,
      -2.6011245,
      0.9999999
    ],
    "trackingState" : "Normal"
  },
  {
    "timestamp" : 239681101573,
    "transform" : [
      -0.32594764,
      -0.8847275,
      -0.33318967,
      0,
      -0.70807326,
      -0.005060726,
      0.7061207,
      0,
      -0.62641066,
      0.4660811,
      -0.6248024,
      0,
      2.6521275,
      -0.15699972,
      -2.5964754,
      0.9999999
    ],
    "trackingState" : "Normal"
  },
  {
    "timestamp" : 239681118247,
    "transform" : [
      -0.31901786,
      -0.8867554,
      -0.33450317,
      0,
      -0.7132816,
      -0.007760655,
      0.70083445,
      0,
      -0.62406486,
      0.4621737,
      -0.6300306,
      0,
      2.6531067,
      -0.15568307,
      -2.591813,
      0.99999994
    ],
    "trackingState" : "Normal"
  },
  {
    "timestamp" : 239681134920,
    "transform" : [
      -0.3121472,
      -0.8890144,
      -0.33498883,
      0,
      -0.7190765,
      -0.009353338,
      0.6948679,
      0,
      -0.6208809,
      0.45778373,
      -0.63634974,
      0,
      2.654791,
      -0.15416114,
      -2.5875695,
      0.99999994
    ],
    "trackingState" : "Normal"
  },
  {
    "timestamp" : 239681151594,
    "transform" : [
      -0.3063431,
      -0.8909766,
      -0.33513364,
      0,
      -0.72477186,
      -0.00993347,
      0.68891716,
      0,
      -0.61713815,
      0.45394054,
      -0.64271176,
      0,
      2.6562138,
      -0.1527692,
      -2.5830905,
      0.9999999
    ],
    "trackingState" : "Normal"
  },
  {
    "timestamp" : 239681168267,
    "transform" : [
      -0.30161747,
      -0.892433,
      -0.3355448,
      0,
      -0.72983223,
      -0.010343415,
      0.68354803,
      0,
      -0.61349154,
      0.45106146,
      -0.64820653,
      0,
      2.6576016,
      -0.15141782,
      -2.5785003,
      0.99999994
    ],
    "trackingState" : "Normal"
  },
  {
    "timestamp" : 239681184941,
    "transform" : [
      -0.29624385,
      -0.89392745,
      -0.33635285,
      0,
      -0.7340963,
      -0.012182798,
      0.678936,
      0,
      -0.61101735,
      0.448046,
      -0.6526198,
      0,
      2.658885,
      -0.15003633,
      -2.573791,
      0.99999994
    ],
    "trackingState" : "Normal"
  },
  {
    "timestamp" : 239681201615,
    "transform" : [
      -0.28930107,
      -0.89587307,
      -0.33721837,
      0,
      -0.7387201,
      -0.015091187,
      0.6738432,
      0,
      -0.608767,
      0.4440536,
      -0.65743357,
      0,
      2.6600192,
      -0.14856048,
      -2.5690038,
      0.9999998
    ],
    "trackingState" : "Normal"
  },
  {
    "timestamp" : 239681218288,
    "transform" : [
      -0.28164783,
      -0.89811563,
      -0.33773175,
      0,
      -0.7432869,
      -0.018375013,
      0.6687202,
      0,
      -0.60679406,
      0.43937522,
      -0.66238236,
      0,
      2.6607673,
      -0.14655034,
      -2.5644047,
      0.9999998
    ],
    "trackingState" : "Normal"
  },
  {
    "timestamp" : 239681234962,
    "transform" : [
      -0.27454677,
      -0.9004467,
      -0.337372,
      0,
      -0.74704915,
      -0.02116801,
      0.6644315,
      0,
      -0.6054267,
      0.43445107,
      -0.66686636,
      0,
      2.6617594,
      -0.14479178,
      -2.5596776,
      0.99999994
    ],
    "trackingState" : "Normal"
  },
  {
    "timestamp" : 239681251635,
    "transform" : [
      -0.26818645,
      -0.9028403,
      -0.33608857,
      0,
      -0.7503932,
      -0.023007236,
      0.6605911,
      0,
      -0.6041409,
      0.4293602,
      -0.67131495,
      0,
      2.6628964,
      -0.1431226,
      -2.554886,
      0.9999999
    ],
    "trackingState" : "Normal"
  },
  {
    "timestamp" : 239681268309,
    "transform" : [
      -0.26234093,
      -0.9051371,
      -0.33452067,
      0,
      -0.7537372,
      -0.024253905,
      0.6567282,
      0,
      -0.6025426,
      0.4244274,
      -0.6758727,
      0,
      2.664121,
      -0.14147054,
      -2.550002,
      0.9999999
    ],
    "trackingState" : "Normal"
  },
  {
    "timestamp" : 239681284982,
    "transform" : [
      -0.25640023,
      -0.9073582,
      -0.33310658,
      0,
      -0.7571993,
      -0.025641626,
      0.6526805,
      0,
      -0.60075647,
      0.4195755,
      -0.68047637,
      0,
      2.6653922,
      -0.13979328,
      -2.544995,
      0.9999999
    ],
    "trackingState" : "Normal"
  },
  {
    "timestamp" : 239681301656,
    "transform" : [
      -0.24975993,
      -0.90961355,
      -0.33199894,
      0,
      -0.76085234,
      -0.027720986,
      0.6483327,
      0,
      -0.5989356,
      0.41452974,
      -0.6851579,
      0,
      2.6666796,
      -0.1380732,
      -2.5398488,
      0.99999994
    ],
    "trackingState" : "Normal"
  },
  {
    "timestamp" : 239681318330,
    "transform" : [
      -0.24251981,
      -0.911996,
      -0.33082843,
      0,
      -0.76464796,
      -0.03018172,
      0.6437411,
      0,
      -0.59707433,
      0.40908727,
      -0.6900362,
      0,
      2.6680098,
      -0.13629821,
      -2.5345883,
      0.9999999
    ],
    "trackingState" : "Normal"
  },
  {
    "timestamp" : 239681335003,
    "transform" : [
      -0.23568434,
      -0.91422224,
      -0.329622,
      0,
      -0.7680495,
      -0.032591663,
      0.6395606,
      0,
      -0.5954434,
      0.40390047,
      -0.69448656,
      0,
      2.6694534,
      -0.13404946,
      -2.5293632,
      0.99999994
    ],
    "trackingState" : "Normal"
  },
  {
    "timestamp" : 239681351677,
    "transform" : [
      -0.22983477,
      -0.9161987,
      -0.32826218,
      0,
      -0.7709745,
      -0.034442607,
      0.6359338,
      0,
      -0.59394795,
      0.39924154,
      -0.6984498,
      0,
      2.6710393,
      -0.13206778,
      -2.5239687,
      0.9999999
    ],
    "trackingState" : "Normal"
  },
  {
    "timestamp" : 239681368350,
    "transform" : [
      -0.22476757,
      -0.9183026,
      -0.32588315,
      0,
      -0.7742649,
      -0.03473622,
      0.63190746,
      0,
      -0.59160227,
      0.39435223,
      -0.70320183,
      0,
      2.6727467,
      -0.13007174,
      -2.5185604,
      0.99999976
    ],
    "trackingState" : "Normal"
  },
  {
    "timestamp" : 239681385024,
    "transform" : [
      -0.2198898,
      -0.92089987,
      -0.32185718,
      0,
      -0.77783,
      -0.033611372,
      0.6275753,
      0,
      -0.58875203,
      0.38834763,
      -0.7089127,
      0,
      2.6744888,
      -0.12794892,
      -2.5131934,
      0.99999994
    ],
    "trackingState" : "Normal"
  },
  {
    "timestamp" : 239681401698,
    "transform" : [
      -0.2137889,
      -0.924212,
      -0.3164279,
      0,
      -0.7817411,
      -0.03238608,
      0.6227616,
      0,
      -0.5858117,
      0.3805042,
      -0.7155707,
      0,
      2.676128,
      -0.12565371,
      -2.507819,
      0.99999994
    ],
    "trackingState" : "Normal"
  },
  {
    "timestamp" : 239681418371,
    "transform" : [
      -0.2064203,
      -0.92770636,
      -0.31104904,
      0,
      -0.78579074,
      -0.032247894,
      0.61765105,
      0,
      -0.5830295,
      0.37191522,
      -0.7223266,
      0,
      2.6776507,
      -0.12321864,
      -2.5023453,
      0.9999999
    ],
    "trackingState" : "Normal"
  },
  {
    "timestamp" : 239681435045,
    "transform" : [
      -0.19942847,
      -0.9302776,
      -0.30791524,
      0,
      -0.78847915,
      -0.034234885,
      0.6141077,
      0,
      -0.5818323,
      0.36525536,
      -0.7266772,
      0,
      2.6791358,
      -0.12128128,
      -2.4967465,
      0.99999976
    ],
    "trackingState" : "Normal"
  },
  {
    "timestamp" : 239681451718,
    "transform" : [
      -0.1934733,
      -0.9317424,
      -0.3072854,
      0,
      -0.7902305,
      -0.037632268,
      0.6116531,
      0,
      -0.581467,
      0.36116484,
      -0.72901034,
      0,
      2.6806943,
      -0.11905902,
      -2.4908485,
      0.9999999
    ],
    "trackingState" : "Normal"
  },
  {
    "timestamp" : 239681468392,
    "transform" : [
      -0.18858735,
      -0.932953,
      -0.30664906,
      0,
      -0.7919425,
      -0.040176187,
      0.6092725,
      0,
      -0.5807426,
      0.3577495,
      -0.73126835,
      0,
      2.6823192,
      -0.11675159,
      -2.4848704,
      0.99999994
    ],
    "trackingState" : "Normal"
  },
  {
    "timestamp" : 239681485065,
    "transform" : [
      -0.18417549,
      -0.9347398,
      -0.30387646,
      0,
      -0.7942687,
      -0.040576186,
      0.6062102,
      0,
      -0.578979,
      0.35300863,
      -0.73496145,
      0,
      2.6839604,
      -0.114396684,
      -2.4789603,
      0.99999994
    ],
    "trackingState" : "Normal"
  },
  {
    "timestamp" : 239681501739,
    "transform" : [
      -0.17961164,
      -0.93710476,
      -0.2992899,
      0,
      -0.7966993,
      -0.03990217,
      0.6030574,
      0,
      -0.57707024,
      0.34676015,
      -0.7394237,
      0,
      2.6855922,
      -0.1120141,
      -2.4731128,
      0.9999999
    ],
    "trackingState" : "Normal"
  },
  {
    "timestamp" : 239681518413,
    "transform" : [
      -0.17534325,
      -0.93943757,
      -0.29446855,
      0,
      -0.79835826,
      -0.039340843,
      0.6008961,
      0,
      -0.57608914,
      0.34045452,
      -0.7431097,
      0,
      2.6871784,
      -0.109730184,
      -2.4675462,
      0.9999998
    ],
    "trackingState" : "Normal"
  },
  {
    "timestamp" : 239681535086,
    "transform" : [
      -0.1713314,
      -0.94142115,
      -0.2904683,
      0,
      -0.79990804,
      -0.03919086,
      0.59884155,
      0,
      -0.57514584,
      0.3349483,
      -0.7463358,
      0,
      2.6887996,
      -0.1073656,
      -2.461773,
      0.99999994
    ],
    "trackingState" : "Normal"
  },
  {
    "timestamp" : 239681551760,
    "transform" : [
      -0.16700989,
      -0.94328487,
      -0.28691715,
      0,
      -0.8014099,
      -0.039637,
      0.59680074,
      0,
      -0.57432556,
      0.32960984,
      -0.74933803,
      0,
      2.6903622,
      -0.10493763,
      -2.4559844,
      0.99999994
    ],
    "trackingState" : "Normal"
  },
  {
    "timestamp" : 239681568433,
    "transform" : [
      -0.16206595,
      -0.9453924,
      -0.28278598,
      0,
      -0.802025,
      -0.040756308,
      0.59589815,
      0,
      -0.5748829,
      0.32337627,
      -0.75162315,
      0,
      2.6918216,
      -0.10245762,
      -2.4502854,
      0.9999999
    ],
    "trackingState" : "Normal"
  },
  {
    "timestamp" : 239681585107,
    "transform" : [
      -0.1566813,
      -0.9478266,
      -0.27762517,
      0,
      -0.80166954,
      -0.042134155,
      0.5962807,
      0,
      -0.5768682,
      0.31598967,
      -0.75324214,
      0,
      2.6931815,
      -0.09994331,
      -2.4447227,
      0.99999994
    ],
    "trackingState" : "Normal"
  },
  {
    "timestamp" : 239681601780,
    "transform" : [
      -0.15135476,
      -0.950568,
      -0.27113143,
      0,
      -0.8011267,
      -0.042714003,
      0.5969685,
      0,
      -0.5790403,
      0.30756465,
      -0.7550605,
      0,
      2.6944714,
      -0.09737987,
      -2.4393182,
      0.99999994
    ],
    "trackingState" : "Normal"
  },
  {
    "timestamp" : 239681618454,
    "transform" : [
      -0.14543691,
      -0.95370007,
      -0.26325747,
      0,
      -0.8017995,
      -0.042272765,
      0.59609616,
      0,
      -0.57962555,
      0.29777408,
      -0.7585282,
      0,
      2.6956947,
      -0.09474158,
      -2.4341073,
      0.99999994
    ],
    "trackingState" : "Normal"
  },
  {
    "timestamp" : 239681635128,
    "transform" : [
      -0.13941908,
      -0.95677036,
      -0.2552506,
      0,
      -0.8031182,
      -0.041538995,
      0.5943699,
      0,
      -0.57927835,
      0.28786293,
      -0.7626084,
      0,
      2.6965644,
      -0.09197254,
      -2.4292898,
      0.99999994
    ],
    "trackingState" : "Normal"
  },
  {
    "timestamp" : 239681651801,
    "transform" : [
      -0.13508399,
      -0.9590846,
      -0.24881548,
      0,
      -0.8037648,
      -0.04077659,
      0.5935481,
      0,
      -0.5794087,
      0.28016797,
      -0.76537025,
      0,
      2.6976645,
      -0.08931651,
      -2.4243617,
      0.9999999
    ],
    "trackingState" : "Normal"
  },
  {
    "timestamp" : 239681668475,
    "transform" : [
      -0.13052437,
      -0.96102524,
      -0.24370886,
      0,
      -0.80352783,
      -0.041455477,
      0.593822,
      0,
      -0.58078104,
      0.27333507,
      -0.7667995,
      0,
      2.6987545,
      -0.08672633,
      -2.4193933,
      0.99999994
    ],
    "trackingState" : "Normal"
  },
  {
    "timestamp" : 239681685148,
    "transform" : [
      -0.1251219,
      -0.96282595,
      -0.23939663,
      0,
      -0.80319506,
      -0.04334852,
      0.59413695,
      0,
      -0.582428,
      0.2666217,
      -0.7679133,
      0,
      2.699751,
      -0.08418215,
      -2.4144554,
      0.9999999
    ],
    "trackingState" : "Normal"
  },
  {
    "timestamp" : 239681701822,
    "transform" : [
      -0.11990778,
      -0.9645062,
      -0.23526576,
      0,
      -0.8035741,
      -0.04487067,
      0.593511,
      0,
      -0.5830017,
      0.26022008,
      -0.76967186,
      0,
      2.7007346,
      -0.08168795,
      -2.4096174,
      0.99999994
    ],
    "trackingState" : "Normal"
  },
  {
    "timestamp" : 239681718496,
    "transform" : [
      -0.11628453,
      -0.96591187,
      -0.23128416,
      0,
      -0.8045516,
      -0.04493681,
      0.5921802,
      0,
      -0.58238703,
      0.25494146,
      -0.7719005,
      0,
      2.7017062,
      -0.079479694,
      -2.4048424,
      0.9999999
    ],
    "trackingState" : "Normal"
  },
  {
    "timestamp" : 239681735169,
    "transform" : [
      -0.11452734,
      -0.96713,
      -0.2270312,
      0,
      -0.8057583,
      -0.043239105,
      0.590664,
      0,
      -0.58106554,
      0.25057945,
      -0.7743209,
      0,
      2.7028265,
      -0.07723175,
      -2.400285,
      0.99999994
    ],
    "trackingState" : "Normal"
  },
  {
    "timestamp" : 239681751843,
    "transform" : [
      -0.11367005,
      -0.96861625,
      -0.22104695,
      0,
      -0.8065643,
      -0.039943855,
      0.5897954,
      0,
      -0.5801149,
      0.24533063,
      -0.77671087,
      0,
      2.7038586,
      -0.07497145,
      -2.395922,
      0.99999994
    ],
    "trackingState" : "Normal"
  },
  {
    "timestamp" : 239681768516,
    "transform" : [
      -0.11075789,
      -0.97052264,
      -0.21405303,
      0,
      -0.80690783,
      -0.037921872,
      0.5894588,
      0,
      -0.5802004,
      0.23800828,
      -0.77892214,
      0,
      2.7047057,
      -0.072762646,
      -2.3916724,
      0.99999994
    ],
    "trackingState" : "Normal"
  },
  {
    "timestamp" : 239681785190,
    "transform" : [
      -0.10631239,
      -0.9724619,
      -0.2074019,
      0,
      -0.807495,
      -0.037276313,
      0.58869517,
      0,
      -0.58021486,
      0.23006164,
      -0.78129524,
      0,
      2.7053993,
      -0.07062596,
      -2.3874433,
      0.9999999
    ],
    "trackingState" : "Normal"
  },
  {
    "timestamp" : 239681801863,
    "transform" : [
      -0.102024876,
      -0.97391176,
      -0.20269905,
      0,
      -0.809008,
      -0.037340574,
      0.5866103,
      0,
      -0.57887566,
      0.22383401,
      -0.7840927,
      0,
      2.706053,
      -0.068595834,
      -2.383171,
      0.9999999
    ],
    "trackingState" : "Normal"
  },
  {
    "timestamp" : 239681818537,
    "transform" : [
      -0.09897076,
      -0.9748327,
      -0.19976532,
      0,
      -0.8111906,
      -0.03723505,
      0.5835953,
      0,
      -0.576346,
      0.2198066,
      -0.7870899,
      0,
      2.7066865,
      -0.06697248,
      -2.3791442,
      0.99999994
    ],
    "trackingState" : "Normal"
  },
  {
    "timestamp" : 239681835211,
    "transform" : [
      -0.097195975,
      -0.9756419,
      -0.19666144,
      0,
      -0.8133524,
      -0.03601518,
      0.58065534,
      0,
      -0.5735945,
      0.21639244,
      -0.7900403,
      0,
      2.7073128,
      -0.0651934,
      -2.3750362,
      0.9999999
    ],
    "trackingState" : "Normal"
  },
  {
    "timestamp" : 239681851884,
    "transform" : [
      -0.09561375,
      -0.9767456,
      -0.19190136,
      0,
      -0.8152308,
      -0.033786155,
      0.5781499,
      0,
      -0.571189,
      0.21172297,
      -0.79304266,
      0,
      2.707806,
      -0.0634518,
      -2.3711298,
      0.9999998
    ],
    "trackingState" : "Normal"
  },
  {
    "timestamp" : 239681868558,
    "transform" : [
      -0.09362111,
      -0.9780099,
      -0.18636452,
      0,
      -0.81592005,
      -0.031899385,
      0.5772841,
      0,
      -0.57053447,
      0.20610453,
      -0.79499155,
      0,
      2.7081165,
      -0.061749656,
      -2.367352,
      0.9999999
    ],
    "trackingState" : "Normal"
  },
  {
    "timestamp" : 239681885231,
    "transform" : [
      -0.09105859,
      -0.97918624,
      -0.18139109,
      0,
      -0.8155227,
      -0.031212097,
      0.57788295,
      0,
      -0.5715166,
      0.20054974,
      -0.7957064,
      0,
      2.708263,
      -0.060117602,
      -2.3636112,
      0.99999994
    ],
    "trackingState" : "Normal"
  },
  {
    "timestamp" : 239681901905,
    "transform" : [
      -0.08817962,
      -0.98018855,
      -0.17735545,
      0,
      -0.8150694,
      -0.031351294,
      0.57851446,
      0,
      -0.5726135,
      0.19557019,
      -0.7961572,
      0,
      2.7082782,
      -0.058571085,
      -2.3598645,
      0.99999994
    ],
    "trackingState" : "Normal"
  },
  {
    "timestamp" : 239681918579,
    "transform" : [
      -0.08500427,
      -0.98116153,
      -0.17348315,
      0,
      -0.8160624,
      -0.0313411,
      0.57711345,
      0,
      -0.5716787,
      0.1906302,
      -0.79802483,
      0,
      2.708529,
      -0.05680232,
      -2.355855,
      0.9999999
    ],
    "trackingState" : "Normal"
  },
  {
    "timestamp" : 239681935252,
    "transform" : [
      -0.081336945,
      -0.98209524,
      -0.16992109,
      0,
      -0.8191389,
      -0.031254463,
      0.572743,
      0,
      -0.56779903,
      0.18577415,
      -0.80193025,
      0,
      2.7084336,
      -0.05528673,
      -2.352012,
      0.9999999
    ],
    "trackingState" : "Normal"
  },
  {
    "timestamp" : 239681951926,
    "transform" : [
      -0.07879662,
      -0.9825867,
      -0.16826938,
      0,
      -0.8230797,
      -0.031106861,
      0.56707335,
      0,
      -0.56243306,
      0.18318257,
      -0.80629605,
      0,
      2.7082243,
      -0.05390624,
      -2.348164,
      0.99999994
    ],
    "trackingState" : "Normal"
  },
  {
    "timestamp" : 239681968599,
    "transform" : [
      -0.077603586,
      -0.98261267,
      -0.16867183,
      0,
      -0.82587653,
      -0.03141331,
      0.5629754,
      0,
      -0.55848527,
      0.182991,
      -0.8090789,
      0,
      2.7079663,
      -0.05262813,
      -2.3441975,
      0.9999999
    ],
    "trackingState" : "Normal"
  },
  {
    "timestamp" : 239681985273,
    "transform" : [
      -0.07631518,
      -0.9824831,
      -0.17000885,
      0,
      -0.82760406,
      -0.03267992,
      0.5603603,
      0,
      -0.5561004,
      0.183464,
      -0.81061304,
      0,
      2.7075698,
      -0.05141267,
      -2.3401802,
      0.99999994
    ],
    "trackingState" : "Normal"
  },
  {
    "timestamp" : 239682001946,
    "transform" : [
      -0.07360669,
      -0.9825595,
      -0.17076004,
      0,
      -0.8291136,
      -0.034862485,
      0.55799216,
      0,
      -0.5542137,
      0.18265143,
      -0.81208736,
      0,
      2.7069728,
      -0.050262295,
      -2.3361945,
      0.9999999
    ],
    "trackingState" : "Normal"
  },
  {
    "timestamp" : 239682018620,
    "transform" : [
      -0.070239194,
      -0.9829857,
      -0.1697219,
      0,
      -0.83170116,
      -0.036231145,
      0.5540401,
      0,
      -0.55076265,
      0.18007325,
      -0.81500554,
      0,
      2.7062163,
      -0.049164582,
      -2.332323,
      0.9999998
    ],
    "trackingState" : "Normal"
  },
  {
    "timestamp" : 239682035294,
    "transform" : [
      -0.06727104,
      -0.9837391,
      -0.16652913,
      0,
      -0.83585274,
      -0.035574388,
      0.54779977,
      0,
      -0.5448162,
      0.1760449,
      -0.81986797,
      0,
      2.705995,
      -0.047810495,
      -2.32892,
      0.99999994
    ],
    "trackingState" : "Normal"
  },
  {
    "timestamp" : 239682051967,
    "transform" : [
      -0.065316975,
      -0.9844547,
      -0.16304186,
      0,
      -0.83982223,
      -0.034009285,
      0.5417949,
      0,
      -0.53891754,
      0.1723146,
      -0.82454556,
      0,
      2.7053359,
      -0.046754148,
      -2.3253376,
      0.99999976
    ],
    "trackingState" : "Normal"
  },
  {
    "timestamp" : 239682068641,
    "transform" : [
      -0.064546295,
      -0.98484206,
      -0.1609963,
      0,
      -0.8421706,
      -0.032788336,
      0.53821313,
      0,
      -0.5353338,
      0.17032602,
      -0.82728875,
      0,
      2.704473,
      -0.045876198,
      -2.3215702,
      0.9999998
    ],
    "trackingState" : "Normal"
  },
  {
    "timestamp" : 239682085314,
    "transform" : [
      -0.06319288,
      -0.9849734,
      -0.16073002,
      0,
      -0.84377474,
      -0.033276908,
      0.53566486,
      0,
      -0.5329643,
      0.16947013,
      -0.82899284,
      0,
      2.7033598,
      -0.045088705,
      -2.317638,
      0.9999999
    ],
    "trackingState" : "Normal"
  },
  {
    "timestamp" : 239682101988,
    "transform" : [
      -0.060599927,
      -0.98512584,
      -0.16079415,
      0,
      -0.8453623,
      -0.035002332,
      0.5330455,
      0,
      -0.5307451,
      0.16823183,
      -0.83066714,
      0,
      2.7020273,
      -0.044321157,
      -2.31364,
      0.99999994
    ],
    "trackingState" : "Normal"
  },
  {
    "timestamp" : 239682118661,
    "transform" : [
      -0.0575953,
      -0.98548365,
      -0.15970244,
      0,
      -0.84734094,
      -0.036335714,
      0.52980477,
      0,
      -0.52791685,
      0.16583666,
      -0.8329479,
      0,
      2.7005882,
      -0.043570273,
      -2.3096862,
      0.99999994
    ],
    "trackingState" : "Normal"
  },
  {
    "timestamp" : 239682135335,
    "transform" : [
      -0.055153888,
      -0.9860576,
      -0.15699878,
      0,
      -0.8495022,
      -0.036286652,
      0.5263358,
      0,
      -0.5246944,
      0.16240026,
      -0.8356567,
      0,
      2.6999485,
      -0.043477014,
      -2.3062072,
      0.99999994
    ],
    "trackingState" : "Normal"
  },
  {
    "timestamp" : 239682152009,
    "transform" : [
      -0.053081106,
      -0.986644,
      -0.15400003,
      0,
      -0.8514446,
      -0.035858776,
      0.52321726,
      0,
      -0.52175146,
      0.15889543,
      -0.8381694,
      0,
      2.6987202,
      -0.042989425,
      -2.3023908,
      0.99999994
    ],
    "trackingState" : "Normal"
  },
  {
    "timestamp" : 239682168680,
    "transform" : [
      -0.05106965,
      -0.9870753,
      -0.15190229,
      0,
      -0.85336167,
      -0.035884693,
      0.52008283,
      0,
      -0.5188119,
      0.15618806,
      -0.8404997,
      0,
      2.6972673,
      -0.042394586,
      -2.2983394,
      0.99999994
    ],
    "trackingState" : "Normal"
  },
  {
    "timestamp" : 239682185356,
    "transform" : [
      -0.049367927,
      -0.9872964,
      -0.15102485,
      0,
      -0.85530746,
      -0.03629316,
      0.51684785,
      0,
      -0.5157632,
      0.1546884,
      -0.8426505,
      0,
      2.6957686,
      -0.041823294,
      -2.2941034,
      0.9999999
    ],
    "trackingState" : "Normal"
  },
  {
    "timestamp" : 239682202029,
    "transform" : [
      -0.048514225,
      -0.98729515,
      -0.15131018,
      0,
      -0.85749984,
      -0.036513362,
      0.513187,
      0,
      -0.51219183,
      0.15464531,
      -0.84483397,
      0,
      2.6942902,
      -0.04131928,
      -2.2897334,
      0.9999999
    ],
    "trackingState" : "Normal"
  },
  {
    "timestamp" : 239682218703,
    "transform" : [
      -0.047946375,
      -0.9872178,
      -0.15199444,
      0,
      -0.8600091,
      -0.036593292,
      0.5089651,
      0,
      -0.5080213,
      0.15511963,
      -0.8472617,
      0,
      2.6938136,
      -0.041708052,
      -2.2852511,
      0.99999994
    ],
    "trackingState" : "Normal"
  },
  {
    "timestamp" : 239682235377,
    "transform" : [
      -0.04668576,
      -0.98721284,
      -0.15241823,
      0,
      -0.862457,
      -0.037146,
      0.5047654,
      0,
      -0.50397265,
      0.15501954,
      -0.84969443,
      0,
      2.6925209,
      -0.041694388,
      -2.2807906,
      0.99999994
    ],
    "trackingState" : "Normal"
  },
  {
    "timestamp" : 239682252050,
    "transform" : [
      -0.04491636,
      -0.9873559,
      -0.15202262,
      0,
      -0.86405873,
      -0.037978522,
      0.5019561,
      0,
      -0.5013829,
      0.15390255,
      -0.8514277,
      0,
      2.6909065,
      -0.04165964,
      -2.2763488,
      0.9999999
    ],
    "trackingState" : "Normal"
  },
  {
    "timestamp" : 239682268724,
    "transform" : [
      -0.043721993,
      -0.98755306,
      -0.15108714,
      0,
      -0.8648174,
      -0.038302947,
      0.50062335,
      0,
      -0.50017923,
      0.15255103,
      -0.8523784,
      0,
      2.6892192,
      -0.041749343,
      -2.2719102,
      0.99999994
    ],
    "trackingState" : "Normal"
  },
  {
    "timestamp" : 239682285397,
    "transform" : [
      -0.043487716,
      -0.9876556,
      -0.15048365,
      0,
      -0.86486787,
      -0.03818413,
      0.5005454,
      0,
      -0.50011253,
      0.15191604,
      -0.852531,
      0,
      2.6875763,
      -0.04204072,
      -2.2674074,
      0.99999994
    ],
    "trackingState" : "Normal"
  },
  {
    "timestamp" : 239682302071,
    "transform" : [
      -0.044314682,
      -0.98758894,
      -0.15067975,
      0,
      -0.8645744,
      -0.03765843,
      0.50109184,
      0,
      -0.5005472,
      0.15247954,
      -0.8521753,
      0,
      2.686013,
      -0.042551897,
      -2.262796,
      0.99999994
    ],
    "trackingState" : "Normal"
  },
  {
    "timestamp" : 239682318744,
    "transform" : [
      -0.04630024,
      -0.98737067,
      -0.15151088,
      0,
      -0.86462235,
      -0.036349803,
      0.5011056,
      0,
      -0.5002844,
      0.154201,
      -0.8520198,
      0,
      2.684849,
      -0.043499835,
      -2.2586215,
      0.99999994
    ],
    "trackingState" : "Normal"
  },
  {
    "timestamp" : 239682335418,
    "transform" : [
      -0.04877188,
      -0.98713154,
      -0.15229155,
      0,
      -0.8650668,
      -0.034470156,
      0.500471,
      0,
      -0.49928018,
      0.15615128,
      -0.8522536,
      0,
      2.6835353,
      -0.04446417,
      -2.2541177,
      0.99999994
    ],
    "trackingState" : "Normal"
  },
  {
    "timestamp" : 239682352091,
    "transform" : [
      -0.052143823,
      -0.9868456,
      -0.15302551,
      0,
      -0.86572415,
      -0.031713672,
      0.4995158,
      0,
      -0.497798,
      0.15852453,
      -0.8526824,
      0,
      2.6821961,
      -0.04551903,
      -2.2495224,
      0.99999994
    ],
    "trackingState" : "Normal"
  },
  {
    "timestamp" : 239682368765,
    "transform" : [
      -0.056372896,
      -0.9865341,
      -0.1535338,
      0,
      -0.86541224,
      -0.028402708,
      0.50025487,
      0,
      -0.4978793,
      0.16107085,
      -0.8521576,
      0,
      2.680841,
      -0.04666876,
      -2.244899,
      0.99999994
    ],
    "trackingState" : "Normal"
  },
  {
    "timestamp" : 239682385439,
    "transform" : [
      -0.06050905,
      -0.986311,
      -0.15339279,
      0,
      -0.8638412,
      -0.025252134,
      0.503131,
      0,
      -0.50011706,
      0.16295098,
      -0.85048807,
      0,
      2.6793907,
      -0.047897816,
      -2.2402697,
      0.99999994
    ],
    "trackingState" : "Normal"
  },
  {
    "timestamp" : 239682402112,
    "transform" : [
      -0.06382754,
      -0.9862338,
      -0.15254217,
      0,
      -0.86195993,
      -0.022552438,
      0.50647473,
      0,
      -0.50294256,
      0.16381228,
      -0.84865445,
      0,
      2.677782,
      -0.049143545,
      -2.235649,
      0.9999999
    ],
    "trackingState" : "Normal"
  },
  {
    "timestamp" : 239682418786,
    "transform" : [
      -0.066624954,
      -0.98629856,
      -0.15091811,
      0,
      -0.8601012,
      -0.019896638,
      0.5097349,
      0,
      -0.50575364,
      0.16376592,
      -0.8469911,
      0,
      2.6760342,
      -0.050440833,
      -2.2310624,
      0.9999998
    ],
    "trackingState" : "Normal"
  },
  {
    "timestamp" : 239682435459,
    "transform" : [
      -0.06961722,
      -0.98634106,
      -0.14928113,
      0,
      -0.85827607,
      -0.017049111,
      0.51290494,
      0,
      -0.5084443,
      0.16383144,
      -0.845366,
      0,
      2.6742463,
      -0.05234264,
      -2.2271252,
      0.9999999
    ],
    "trackingState" : "Normal"
  },
  {
    "timestamp" : 239682452133,
    "transform" : [
      -0.072755314,
      -0.98617804,
      -0.1488612,
      0,
      -0.85620105,
      -0.014787777,
      0.51643115,
      0,
      -0.51149434,
      0.16502823,
      -0.8432908,
      0,
      2.6723285,
      -0.053864572,
      -2.2225924,
      0.9999999
    ],
    "trackingState" : "Normal"
  },
  {
    "timestamp" : 239682468807,
    "transform" : [
      -0.07528224,
      -0.98591155,
      -0.14936875,
      0,
      -0.85292315,
      -0.013934527,
      0.5218506,
      0,
      -0.51658,
      0.16668613,
      -0.83985776,
      0,
      2.6703086,
      -0.0553205,
      -2.217793,
      0.99999994
    ],
    "trackingState" : "Normal"
  },
  {
    "timestamp" : 239682485480,
    "transform" : [
      -0.07768035,
      -0.98545474,
      -0.15114492,
      0,
      -0.84715796,
      -0.01468491,
      0.5311383,
      0,
      -0.52563226,
      0.16930263,
      -0.8336952,
      0,
      2.668245,
      -0.05685334,
      -2.2127647,
      0.99999994
    ],
    "trackingState" : "Normal"
  },
  {
    "timestamp" : 239682502154,
    "transform" : [
      -0.08113684,
      -0.98476034,
      -0.15383111,
      0,
      -0.8397586,
      -0.015591981,
      0.5427361,
      0,
      -0.5368635,
      0.1732169,
      -0.8256958,
      0,
      2.6661952,
      -0.058519274,
      -2.2075422,
      0.99999994
    ],
    "trackingState" : "Normal"
  },
  {
    "timestamp" : 239682518827,
    "transform" : [
      -0.08598045,
      -0.98390377,
      -0.15665509,
      0,
      -0.8320027,
      -0.015588428,
      0.55455256,
      0,
      -0.54806834,
      0.17801815,
      -0.8172704,
      0,
      2.6643841,
      -0.060528986,
      -2.2033653,
      0.99999994
    ],
    "trackingState" : "Normal"
  },
  {
    "timestamp" : 239682535501,
    "transform" : [
      -0.09082756,
      -0.9832325,
      -0.15812697,
      0,
      -0.82670206,
      -0.014089529,
      0.56246334,
      0,
      -0.5552603,
      0.18181108,
      -0.8115608,
      0,
      2.6623895,
      -0.062391236,
      -2.1983986,
      0.9999999
    ],
    "trackingState" : "Normal"
  },
  {
    "timestamp" : 239682552174,
    "transform" : [
      -0.09506725,
      -0.98291373,
      -0.15761636,
      0,
      -0.8254127,
      -0.010675924,
      0.56442887,
      0,
      -0.55646753,
      0.18375725,
      -0.8102945,
      0,
      2.6603029,
      -0.06416765,
      -2.193316,
      0.99999994
    ],
    "trackingState" : "Normal"
  },
  {
    "timestamp" : 239682568848,
    "transform" : [
      -0.09896609,
      -0.9827682,
      -0.1561165,
      0,
      -0.8250973,
      -0.006656268,
      0.56495136,
      0,
      -0.5562554,
      0.18472233,
      -0.81022066,
      0,
      2.6581619,
      -0.06593406,
      -2.1881845,
      0.99999976
    ],
    "trackingState" : "Normal"
  },
  {
    "timestamp" : 239682585522,
    "transform" : [
      -0.10412971,
      -0.9821365,
      -0.15673232,
      0,
      -0.82200384,
      -0.0037258351,
      0.5694697,
      0,
      -0.5598809,
      0.1881333,
      -0.8069321,
      0,
      2.6559913,
      -0.067762844,
      -2.182805,
      0.9999999
    ],
    "trackingState" : "Normal"
  },
  {
    "timestamp" : 239682602195,
    "transform" : [
      -0.10958989,
      -0.9808899,
      -0.1607643,
      0,
      -0.8159006,
      -0.0036053197,
      0.5781811,
      0,
      -0.56771153,
      0.1945305,
      -0.79991347,
      0,
      2.6536965,
      -0.06964532,
      -2.177109,
      0.99999994
    ],
    "trackingState" : "Normal"
  },
  {
    "timestamp" : 239682618869,
    "transform" : [
      -0.113847315,
      -0.9794944,
      -0.16622134,
      0,
      -0.80902654,
      -0.0057071564,
      0.5877443,
      0,
      -0.57664084,
      0.20139061,
      -0.7917873,
      0,
      2.6511908,
      -0.071516804,
      -2.1712933,
      0.9999999
    ],
    "trackingState" : "Normal"
  },
  {
    "timestamp" : 239682635542,
    "transform" : [
      -0.117544115,
      -0.9784413,
      -0.1698119,
      0,
      -0.80298835,
      -0.006963689,
      0.59595406,
      0,
      -0.5842886,
      0.20640789,
      -0.7848584,
      0,
      2.6485238,
      -0.073281065,
      -2.165866,
      0.9999999
    ],
    "trackingState" : "Normal"
  },
  {
    "timestamp" : 239682652216,
    "transform" : [
      -0.122315355,
      -0.9777983,
      -0.17014572,
      0,
      -0.7982557,
      -0.0049494547,
      0.6022984,
      0,
      -0.5897684,
      0.20949015,
      -0.7799277,
      0,
      2.645889,
      -0.07503101,
      -2.16046,
      0.99999994
    ],
    "trackingState" : "Normal"
  },
  {
    "timestamp" : 239682668890,
    "transform" : [
      -0.1276008,
      -0.9774597,
      -0.16819815,
      0,
      -0.7948808,
      -0.00064390176,
      0.60676533,
      0,
      -0.5931969,
      0.21112122,
      -0.7768818,
      0,
      2.6432478,
      -0.076727726,
      -2.155084,
      0.99999994
    ],
    "trackingState" : "Normal"
  },
  {
    "timestamp" : 239682685563,
    "transform" : [
      -0.13307226,
      -0.9768531,
      -0.16748157,
      0,
      -0.7921717,
      0.0032797435,
      0.61028945,
      0,
      -0.59561384,
      0.21388678,
      -0.77427185,
      0,
      2.6405525,
      -0.078361675,
      -2.149536,
      0.99999994
    ],
    "trackingState" : "Normal"
  },
  {
    "timestamp" : 239682702237,
    "transform" : [
      -0.138377,
      -0.97567475,
      -0.17003119,
      0,
      -0.78876024,
      0.0047464953,
      0.6146827,
      0,
      -0.5989233,
      0.21917182,
      -0.7702303,
      0,
      2.6377876,
      -0.07996819,
      -2.1437087,
      0.99999994
    ],
    "trackingState" : "Normal"
  },
  {
    "timestamp" : 239682718910,
    "transform" : [
      -0.14341688,
      -0.97408295,
      -0.1749119,
      0,
      -0.784797,
      0.0042640413,
      0.6197383,
      0,
      -0.60293067,
      0.22615127,
      -0.7650689,
      0,
      2.634948,
      -0.08154673,
      -2.137726,
      0.9999999
    ],
    "trackingState" : "Normal"
  },
  {
    "timestamp" : 239682735584,
    "transform" : [
      -0.14834678,
      -0.97255915,
      -0.17922638,
      0,
      -0.78097165,
      0.004028703,
      0.62455356,
      0,
      -0.60669327,
      0.23262124,
      -0.7601388,
      0,
      2.632109,
      -0.08312875,
      -2.1318653,
      1
    ],
    "trackingState" : "Normal"
  },
  {
    "timestamp" : 239682752257,
    "transform" : [
      -0.15384199,
      -0.97130454,
      -0.18138438,
      0,
      -0.7769715,
      0.0055051805,
      0.6295118,
      0,
      -0.6104491,
      0.23777585,
      -0.7555228,
      0,
      2.6298525,
      -0.0853083,
      -2.1267,
      0.9999999
    ],
    "trackingState" : "Normal"
  },
  {
    "timestamp" : 239682768931,
    "transform" : [
      -0.15934493,
      -0.97038203,
      -0.18157083,
      0,
      -0.7721801,
