[
  {
    "transform" : [
      -0.22373086,
      -0.89579463,
      -0.38405302,
      0,
      -0.8944264,
      0.032151185,
      0.44605803,
      0,
      -0.38722864,
      0.4433041,
      -0.8084155,
      0,
      -2.8591225,
      -0.12544416,
      -1.5057482,
      0.9999999
    ],
    "trackingState" : "Normal",
    "timestamp" : 239664261254
  },
  {
    "transform" : [
      -0.2255565,
      -0.8954687,
      -0.38374496,
      0,
      -0.8938664,
      0.033562873,
      0.44707534,
      0,
      -0.38746235,
      0.44385746,
      -0.80799973,
      0,
      -2.85492,
      -0.12605844,
      -1.4995172,
      0.9999999
    ],
    "trackingState" : "Normal",
    "timestamp" : 239664277928
  },
  {
    "transform" : [
      -0.22844057,
      -0.8938008,
      -0.38592127,
      0,
      -0.8931306,
      0.034634404,
      0.44846207,
      0,
      -0.3874696,
      0.44712502,
      -0.8061928,
      0,
      -2.8506873,
      -0.12685226,
      -1.4931846,
      0.99999994
    ],
    "trackingState" : "Normal",
    "timestamp" : 239664294601
  },
  {
    "transform" : [
      -0.23241094,
      -0.8914538,
      -0.3889672,
      0,
      -0.89323187,
      0.037381776,
      0.4480397,
      0,
      -0.3848664,
      0.45156717,
      -0.8049628,
      0,
      -2.8463693,
      -0.12769145,
      -1.4869156,
      0.99999994
    ],
    "trackingState" : "Normal",
    "timestamp" : 239664311275
  },
  {
    "transform" : [
      -0.2375101,
      -0.88926625,
      -0.39088947,
      0,
      -0.89332426,
      0.04190907,
      0.4474544,
      0,
      -0.38152424,
      0.455466,
      -0.80435693,
      0,
      -2.8419898,
      -0.12844236,
      -1.4808007,
      0.9999999
    ],
    "trackingState" : "Normal",
    "timestamp" : 239664327949
  },
  {
    "transform" : [
      -0.24188398,
      -0.8881574,
      -0.39072835,
      0,
      -0.8928558,
      0.04608365,
      0.4479787,
      0,
      -0.37986937,
      0.45722294,
      -0.8041434,
      0,
      -2.8373642,
      -0.1286076,
      -1.4750053,
      0.99999994
    ],
    "trackingState" : "Normal",
    "timestamp" : 239664344622
  },
  {
    "transform" : [
      -0.24282268,
      -0.88819945,
      -0.39004993,
      0,
      -0.89226484,
      0.046718094,
      0.44908905,
      0,
      -0.38065824,
      0.45707685,
      -0.8038534,
      0,
      -2.8331878,
      -0.1288081,
      -1.4690657,
      0.99999994
    ],
    "trackingState" : "Normal",
    "timestamp" : 239664361296
  },
  {
    "transform" : [
      -0.24105348,
      -0.8883504,
      -0.39080274,
      0,
      -0.8919466,
      0.044070877,
      0.4499877,
      0,
      -0.3825238,
      0.4570463,
      -0.8029847,
      0,
      -2.8293786,
      -0.12907004,
      -1.4628695,
      0.99999994
    ],
    "trackingState" : "Normal",
    "timestamp" : 239664377969
  },
  {
    "transform" : [
      -0.23891172,
      -0.8876378,
      -0.39372632,
      0,
      -0.89281625,
      0.041357867,
      0.44851834,
      0,
      -0.38183817,
      0.45868152,
      -0.8023784,
      0,
      -2.8256555,
      -0.12933403,
      -1.4565163,
      0.99999994
    ],
    "trackingState" : "Normal",
    "timestamp" : 239664394643
  },
  {
    "transform" : [
      -0.2383276,
      -0.88599503,
      -0.39775956,
      0,
      -0.8944755,
      0.040713575,
      0.44525936,
      0,
      -0.37830338,
      0.46190378,
      -0.802204,
      0,
      -2.8218203,
      -0.12957405,
      -1.4501591,
      0.9999998
    ],
    "trackingState" : "Normal",
    "timestamp" : 239664411317
  },
  {
    "transform" : [
      -0.23879308,
      -0.88434833,
      -0.40113086,
      0,
      -0.8960851,
      0.04150409,
      0.44193769,
      0,
      -0.37417826,
      0.46497905,
      -0.8023623,
      0,
      -2.8178961,
      -0.12977175,
      -1.4439163,
      0.9999999
    ],
    "trackingState" : "Normal",
    "timestamp" : 239664427990
  },
  {
    "transform" : [
      -0.23864579,
      -0.88337517,
      -0.4033567,
      0,
      -0.8979976,
      0.042633474,
      0.43793,
      0,
      -0.36965996,
      0.4667235,
      -0.80344313,
      0,
      -2.8131733,
      -0.12944375,
      -1.4375724,
      0.99999994
    ],
    "trackingState" : "Normal",
    "timestamp" : 239664444664
  },
  {
    "transform" : [
      -0.23738484,
      -0.88283753,
      -0.40527335,
      0,
      -0.89997464,
      0.042838678,
      0.43383247,
      0,
      -0.36564216,
      0.46772096,
      -0.8047006,
      0,
      -2.808931,
      -0.1291808,
      -1.4315009,
      0.99999994
    ],
    "trackingState" : "Normal",
    "timestamp" : 239664461337
  },
  {
    "transform" : [
      -0.23571509,
      -0.8822588,
      -0.40750226,
      0,
      -0.9014746,
      0.041867804,
      0.43080238,
      0,
      -0.36301786,
      0.46889955,
      -0.8052027,
      0,
      -2.804995,
      -0.12898871,
      -1.4256608,
      0.9999999
    ],
    "trackingState" : "Normal",
    "timestamp" : 239664478011
  },
  {
    "transform" : [
      -0.2346254,
      -0.8815585,
      -0.40964088,
      0,
      -0.903076,
      0.041726064,
      0.42744902,
      0,
      -0.35972863,
      0.4702272,
      -0.8059043,
      0,
      -2.8011594,
      -0.12869903,
      -1.4200487,
      0.99999994
    ],
    "trackingState" : "Normal",
    "timestamp" : 239664494684
  },
  {
    "transform" : [
      -0.23383427,
      -0.88102955,
      -0.41122824,
      0,
      -0.90466195,
      0.042183623,
      0.42403692,
      0,
      -0.35624185,
      0.47117692,
      -0.8068978,
      0,
      -2.7974184,
      -0.12829235,
      -1.4146312,
      0.99999994
    ],
    "trackingState" : "Normal",
    "timestamp" : 239664511358
  },
  {
    "transform" : [
      -0.23230433,
      -0.88076997,
      -0.41264874,
      0,
      -0.9060273,
      0.041646227,
      0.42116526,
      0,
      -0.35376436,
      0.47170955,
      -0.8076763,
      0,
      -2.7938306,
      -0.12778333,
      -1.4093056,
      0.99999994
    ],
    "trackingState" : "Normal",
    "timestamp" : 239664528032
  },
  {
    "transform" : [
      -0.22917846,
      -0.8805877,
      -0.4147803,
      0,
      -0.90758765,
      0.039307397,
      0.4180187,
      0,
      -0.35179815,
      0.47225034,
      -0.80821896,
      0,
      -2.7904024,
      -0.12721933,
      -1.4039774,
      0.99999994
    ],
    "trackingState" : "Normal",
    "timestamp" : 239664544705
  },
  {
    "transform" : [
      -0.22563063,
      -0.8803565,
      -0.41720912,
      0,
      -0.9093109,
      0.036614455,
      0.41450346,
      0,
      -0.34963492,
      0.47289744,
      -0.8087791,
      0,
      -2.7862897,
      -0.12636204,
      -1.3981183,
      0.9999999
    ],
    "trackingState" : "Normal",
    "timestamp" : 239664561379
  },
  {
    "transform" : [
      -0.22347805,
      -0.8775246,
      -0.42427373,
      0,
      -0.9124143,
      0.035220806,
      0.40774962,
      0,
      -0.34286705,
      0.47823647,
      -0.8085371,
      0,
      -2.7822783,
      -0.12585539,
      -1.392563,
      0.99999994
    ],
    "trackingState" : "Normal",
    "timestamp" : 239664578052
  },
  {
    "transform" : [
      -0.22256449,
      -0.87457424,
      -0.43079588,
      0,
      -0.9149635,
      0.034810502,
      0.4020326,
      0,
      -0.33661112,
      0.48364067,
      -0.8079511,
      0,
      -2.7785084,
      -0.1253385,
      -1.3872691,
      0.99999994
    ],
    "trackingState" : "Normal",
    "timestamp" : 239664594726
  },
  {
    "transform" : [
      -0.22183602,
      -0.87195766,
      -0.43643853,
      0,
      -0.91666895,
      0.03389768,
      0.39820692,
      0,
      -0.33242533,
      0.48840633,
      -0.80681634,
      0,
      -2.7748072,
      -0.124840595,
      -1.3822379,
      0.9999998
    ],
    "trackingState" : "Normal",
    "timestamp" : 239664611400
  },
  {
    "transform" : [
      -0.22044608,
      -0.8706688,
      -0.43970376,
      0,
      -0.91768557,
      0.032369774,
      0.3959867,
      0,
      -0.33054018,
      0.4908035,
      -0.806136,
      0,
      -2.7711616,
      -0.12430136,
      -1.3775157,
      0.99999994
    ],
    "trackingState" : "Normal",
    "timestamp" : 239664628073
  },
  {
    "transform" : [
      -0.21833222,
      -0.87098086,
      -0.4401403,
      0,
      -0.91841733,
      0.030916274,
      0.39440298,
      0,
      -0.3299099,
      0.4903434,
      -0.806674,
      0,
      -2.7677977,
      -0.12355525,
      -1.3726295,
      0.99999994
    ],
    "trackingState" : "Normal",
    "timestamp" : 239664644747
  },
  {
    "transform" : [
      -0.21639837,
      -0.8720257,
      -0.439025,
      0,
      -0.91913646,
      0.030348215,
      0.39276856,
      0,
      -0.3291806,
      0.4885184,
      -0.80807805,
      0,
      -2.7642698,
      -0.12290449,
      -1.368168,
      0.99999994
    ],
    "trackingState" : "Normal",
    "timestamp" : 239664661420
  },
  {
    "transform" : [
      -0.21504103,
      -0.87296015,
      -0.43783328,
      0,
      -0.9199257,
      0.030554192,
      0.39090037,
      0,
      -0.3278628,
      0.48683372,
      -0.80962896,
      0,
      -2.7605817,
      -0.122350626,
      -1.3639861,
      0.9999998
    ],
    "trackingState" : "Normal",
    "timestamp" : 239664678094
  },
  {
    "transform" : [
      -0.21431296,
      -0.87377334,
      -0.43656635,
      0,
      -0.92035764,
      0.030956484,
      0.38985053,
      0,
      -0.3271264,
      0.48534724,
      -0.8108185,
      0,
      -2.756793,
      -0.12189106,
      -1.3599671,
      0.99999994
    ],
    "trackingState" : "Normal",
    "timestamp" : 239664694767
  },
  {
    "transform" : [
      -0.21490107,
      -0.8744852,
      -0.4348483,
      0,
      -0.9198351,
      0.03160124,
      0.39103004,
      0,
      -0.32820827,
      0.4840216,
      -0.81117344,
      0,
      -2.7528777,
      -0.1215314,
      -1.3560817,
      0.9999999
    ],
    "trackingState" : "Normal",
    "timestamp" : 239664711441
  },
  {
    "transform" : [
      -0.21665056,
      -0.87517405,
      -0.4325888,
      0,
      -0.9185391,
      0.032645866,
      0.39397976,
      0,
      -0.33067852,
      0.48270565,
      -0.8109545,
      0,
      -2.7488487,
      -0.121247984,
      -1.3522855,
      0.99999994
    ],
    "trackingState" : "Normal",
    "timestamp" : 239664728115
  },
  {
    "transform" : [
      -0.21815848,
      -0.8760138,
      -0.43012413,
      0,
      -0.9173137,
      0.033643007,
      0.39674136,
      0,
      -0.33308023,
      0.48111126,
      -0.8109191,
      0,
      -2.7448518,
      -0.12109112,
      -1.348064,
      0.99999994
    ],
    "trackingState" : "Normal",
    "timestamp" : 239664744788
  },
  {
    "transform" : [
      -0.21819152,
      -0.8771604,
      -0.427764,
      0,
      -0.9172025,
      0.034587897,
      0.39691678,
      0,
      -0.33336416,
      0.47895017,
      -0.8120807,
      0,
      -2.7409065,
      -0.12092607,
      -1.3440055,
      0.99999976
    ],
    "trackingState" : "Normal",
    "timestamp" : 239664761462
  },
  {
    "transform" : [
      -0.21624462,
      -0.87853587,
      -0.4259263,
      0,
      -0.91862756,
      0.035317924,
      0.39354277,
      0,
      -0.33069855,
      0.47636917,
      -0.8146846,
      0,
      -2.737032,
      -0.12078309,
      -1.3400097,
      0.99999994
    ],
    "trackingState" : "Normal",
    "timestamp" : 239664778135
  },
  {
    "transform" : [
      -0.21389288,
      -0.8792189,
      -0.42570412,
      0,
      -0.9201514,
      0.035022117,
      0.38999325,
      0,
      -0.32798037,
      0.47512907,
      -0.8165056,
      0,
      -2.7331192,
      -0.120771304,
      -1.3359119,
      0.99999994
    ],
    "trackingState" : "Normal",
    "timestamp" : 239664794809
  },
  {
    "transform" : [
      -0.2126099,
      -0.878504,
      -0.42781764,
      0,
      -0.92075557,
      0.033546984,
      0.38869503,
      0,
      -0.32711813,
      0.47655588,
      -0.8160199,
      0,
      -2.7290797,
      -0.12094916,
      -1.331643,
      0.99999994
    ],
    "trackingState" : "Normal",
    "timestamp" : 239664811483
  },
  {
    "transform" : [
      -0.2121563,
      -0.87669814,
      -0.43172935,
      0,
      -0.920984,
      0.03164899,
      0.38831267,
      0,
      -0.32676914,
      0.4799988,
      -0.8141396,
      0,
      -2.7249138,
      -0.12126747,
      -1.3272606,
      0.99999994
    ],
    "trackingState" : "Normal",
    "timestamp" : 239664828156
  },
  {
    "transform" : [
      -0.21195962,
      -0.87453467,
      -0.43619072,
      0,
      -0.92131203,
      0.02993939,
      0.3876697,
      0,
      -0.32597125,
      0.48403808,
      -0.81206524,
      0,
      -2.7211792,
      -0.121350445,
      -1.3222293,
      0.99999994
    ],
    "trackingState" : "Normal",
    "timestamp" : 239664844830
  },
  {
    "transform" : [
      -0.21197201,
      -0.8730589,
      -0.43913108,
      0,
      -0.92214686,
      0.029899493,
      0.3856828,
      0,
      -0.32359394,
      0.48669735,
      -0.81142646,
      0,
      -2.7170737,
      -0.12156487,
      -1.3176291,
      0.99999994
    ],
    "trackingState" : "Normal",
    "timestamp" : 239664861503
  },
  {
    "transform" : [
      -0.21145186,
      -0.87298054,
      -0.43953755,
      0,
      -0.92350614,
      0.03119904,
      0.38231307,
      0,
      -0.3200387,
      0.48675638,
      -0.8128,
      0,
      -2.7127512,
      -0.12181417,
      -1.3133979,
      0.99999994
    ],
    "trackingState" : "Normal",
    "timestamp" : 239664878177
  },
  {
    "transform" : [
      -0.20994861,
      -0.8737147,
      -0.43879876,
      0,
      -0.92453355,
      0.031414326,
      0.3798037,
      0,
      -0.31805545,
      0.48542348,
      -0.81437397,
      0,
      -2.7083743,
      -0.122100286,
      -1.3092707,
      0.9999999
    ],
    "trackingState" : "Normal",
    "timestamp" : 239664894850
  },
  {
    "transform" : [
      -0.20820005,
      -0.8742508,
      -0.43856376,
      0,
      -0.9247532,
      0.02990791,
      0.37938994,
      0,
      -0.31856543,
      0.48455235,
      -0.8146932,
      0,
      -2.703932,
      -0.12247932,
      -1.3050681,
      0.9999999
    ],
    "trackingState" : "Normal",
    "timestamp" : 239664911524
  },
  {
    "transform" : [
      -0.20733258,
      -0.87404233,
      -0.43938982,
      0,
      -0.9248412,
      0.028721165,
      0.3792674,
      0,
      -0.3188759,
      0.4850003,
      -0.8143053,
      0,
      -2.699327,
      -0.122950315,
      -1.3007818,
      0.99999994
    ],
    "trackingState" : "Normal",
    "timestamp" : 239664928198
  },
  {
    "transform" : [
      -0.20785339,
      -0.873256,
      -0.4407049,
      0,
      -0.9251643,
      0.029221842,
      0.37844008,
      0,
      -0.31759688,
      0.48638457,
      -0.8139793,
      0,
      -2.6947238,
      -0.122859605,
      -1.2966936,
      0.99999994
    ],
    "trackingState" : "Normal",
    "timestamp" : 239664944871
  },
  {
    "transform" : [
      -0.20895992,
      -0.8727619,
      -0.4411606,
      0,
      -0.9259293,
      0.031434957,
      0.3763865,
      0,
      -0.3146279,
      0.4871332,
      -0.81468445,
      0,
      -2.6898482,
      -0.123099454,
      -1.2925463,
      0.99999994
    ],
    "trackingState" : "Normal",
    "timestamp" : 239664961545
  },
  {
    "transform" : [
      -0.20982437,
      -0.87284935,
      -0.44057676,
      0,
      -0.92703414,
      0.034374673,
      0.37339792,
      0,
      -0.31077543,
      0.48677772,
      -0.8163739,
      0,
      -2.6848173,
      -0.123525426,
      -1.2883908,
      0.9999999
    ],
    "trackingState" : "Normal",
    "timestamp" : 239664978219
  },
  {
    "transform" : [
      -0.21001017,
      -0.87327826,
      -0.4396372,
      0,
      -0.9281742,
      0.036778316,
      0.37032416,
      0,
      -0.30722696,
      0.48583177,
      -0.81827825,
      0,
      -2.6797628,
      -0.124011174,
      -1.2842197,
      0.99999994
    ],
    "trackingState" : "Normal",
    "timestamp" : 239664994892
  },
  {
    "transform" : [
      -0.2091203,
      -0.873834,
      -0.43895668,
      0,
      -0.9292649,
      0.03778988,
      0.36747602,
      0,
      -0.3045249,
      0.48475376,
      -0.819926,
      0,
      -2.6747537,
      -0.12453032,
      -1.2800072,
      0.99999994
    ],
    "trackingState" : "Normal",
    "timestamp" : 239665011566
  },
  {
    "transform" : [
      -0.20755915,
      -0.8743565,
      -0.43865702,
      0,
      -0.93000525,
      0.03732808,
      0.36564568,
      0,
      -0.30333048,
      0.48384646,
      -0.8209039,
      0,
      -2.6697493,
      -0.12510237,
      -1.2757381,
      0.99999994
    ],
    "trackingState" : "Normal",
    "timestamp" : 239665028239
  },
  {
    "transform" : [
      -0.20615122,
      -0.87467676,
      -0.43868256,
      0,
      -0.9303808,
      0.036324274,
      0.3647903,
      0,
      -0.30313873,
      0.48334384,
      -0.8212709,
      0,
      -2.6644065,
      -0.1256666,
      -1.2715288,
      0.9999999
    ],
    "trackingState" : "Normal",
    "timestamp" : 239665044913
  },
  {
    "transform" : [
      -0.2057446,
      -0.8747593,
      -0.43870866,
      0,
      -0.9308503,
      0.036603868,
      0.3635622,
      0,
      -0.30197096,
      0.48317316,
      -0.8218012,
      0,
      -2.6588748,
      -0.12634484,
      -1.2672896,
      0.9999999
    ],
    "trackingState" : "Normal",
    "timestamp" : 239665061586
  },
  {
    "transform" : [
      -0.20690627,
      -0.87458444,
      -0.43851116,
      0,
      -0.93166524,
      0.03931454,
      0.36118463,
      0,
      -0.29864657,
      0.48327696,
      -0.82295436,
      0,
      -2.6530857,
      -0.12709196,
      -1.2630643,
      0.99999994
    ],
    "trackingState" : "Normal",
    "timestamp" : 239665078260
  },
  {
    "transform" : [
      -0.20904654,
      -0.87422425,
      -0.43821424,
      0,
      -0.9325961,
      0.043401532,
      0.35830265,
      0,
      -0.29421768,
      0.4835788,
      -0.82437116,
      0,
      -2.647106,
      -0.1278332,
      -1.2588286,
      0.99999994
    ],
    "trackingState" : "Normal",
    "timestamp" : 239665094934
  },
  {
    "transform" : [
      -0.2102462,
      -0.8741797,
      -0.43772876,
      0,
      -0.93363225,
      0.046697225,
      0.35517627,
      0,
      -0.29004714,
      0.48335215,
      -0.8259803,
      0,
      -2.6411417,
      -0.12847848,
      -1.2545369,
      0.9999999
    ],
    "trackingState" : "Normal",
    "timestamp" : 239665111607
  },
  {
    "transform" : [
      -0.21015778,
      -0.8744228,
      -0.43728542,
      0,
      -0.9347734,
      0.048686333,
      0.3518925,
      0,
      -0.286413,
      0.4827158,
      -0.8276191,
      0,
      -2.6353023,
      -0.12896942,
      -1.2501519,
      0.99999994
    ],
    "trackingState" : "Normal",
    "timestamp" : 239665128281
  },
  {
    "transform" : [
      -0.20734592,
      -0.87525415,
      -0.4369645,
      0,
      -0.93497443,
      0.045893013,
      0.35173362,
      0,
      -0.28780267,
      0.4814812,
      -0.8278561,
      0,
      -2.6298006,
      -0.12911701,
      -1.246334,
      0.99999994
    ],
    "trackingState" : "Normal",
    "timestamp" : 239665144954
  },
  {
    "transform" : [
      -0.20590416,
      -0.8758002,
      -0.436552,
      0,
      -0.9353835,
      0.045077223,
      0.35075024,
      0,
      -0.28750855,
      0.4805645,
      -0.8284907,
      0,
      -2.6240144,
      -0.12927549,
      -1.2420951,
      0.99999994
    ],
    "trackingState" : "Normal",
    "timestamp" : 239665161628
  },
  {
    "transform" : [
      -0.20547067,
      -0.8761559,
      -0.43604207,
      0,
      -0.9364579,
      0.046583667,
      0.34767303,
      0,
      -0.28430334,
      0.47977167,
      -0.8300548,
      0,
      -2.6180046,
      -0.12937398,
      -1.2376242,
      0.99999994
    ],
    "trackingState" : "Normal",
    "timestamp" : 239665178302
  },
  {
    "transform" : [
      -0.20468539,
      -0.87672776,
      -0.43526137,
      0,
      -0.93802434,
      0.048640866,
      0.34313884,
      0,
      -0.27966785,
      0.4785213,
      -0.8323481,
      0,
      -2.6119795,
      -0.12931053,
      -1.2330685,
      0.99999994
    ],
    "trackingState" : "Normal",
    "timestamp" : 239665194975
  },
  {
    "transform" : [
      -0.202036,
      -0.8779177,
      -0.43409917,
      0,
      -0.93966025,
      0.048815,
      0.33860844,
      0,
      -0.27607974,
      0.47631687,
      -0.8348068,
      0,
      -2.6060977,
      -0.12905942,
      -1.2284685,
      0.99999994
    ],
    "trackingState" : "Normal",
    "timestamp" : 239665211649
  },
  {
    "transform" : [
      -0.1977461,
      -0.8796244,
      -0.43261695,
      0,
      -0.9411512,
      0.04696207,
      0.3347072,
      0,
      -0.27410004,
      0.47334498,
      -0.83714616,
      0,
      -2.6003435,
      -0.12861206,
      -1.2238498,
      0.99999994
    ],
    "trackingState" : "Normal",
    "timestamp" : 239665228322
  },
  {
    "transform" : [
      -0.19343866,
      -0.8812317,
      -0.4312914,
      0,
      -0.9421462,
      0.04418743,
      0.33227685,
      0,
      -0.27375525,
      0.47061476,
      -0.83879673,
      0,
      -2.593737,
      -0.12815028,
      -1.2176864,
      0.99999994
    ],
    "trackingState" : "Normal",
    "timestamp" : 239665244996
  },
  {
    "transform" : [
      -0.19027881,
      -0.8823321,
      -0.43044627,
      0,
      -0.94289356,
      0.04214513,
      0.33041683,
      0,
      -0.27339613,
      0.4687364,
      -0.8399647,
      0,
      -2.587421,
      -0.1274825,
      -1.212309,
      0.9999999
    ],
    "trackingState" : "Normal",
    "timestamp" : 239665261669
  },
  {
    "transform" : [
      -0.18806337,
      -0.88309395,
      -0.42985752,
      0,
      -0.9438982,
      0.041542266,
      0.32761315,
      0,
      -0.2714559,
      0.46735376,
      -0.8413634,
      0,
      -2.581254,
      -0.12664871,
      -1.2074041,
      0.99999994
    ],
    "trackingState" : "Normal",
    "timestamp" : 239665278343
  },
  {
    "transform" : [
      -0.18594533,
      -0.88410246,
      -0.4287041,
      0,
      -0.94552594,
      0.042346567,
      0.3227808,
      0,
      -0.26721713,
      0.46537045,
      -0.84381604,
      0,
      -2.5751884,
      -0.1256615,
      -1.2026938,
      0.99999994
    ],
    "trackingState" : "Normal",
    "timestamp" : 239665295017
  },
  {
    "transform" : [
      -0.18340608,
      -0.8856004,
      -0.42670155,
      0,
      -0.94732416,
      0.04328884,
      0.31733748,
      0,
      -0.26256275,
      0.4624263,
      -0.84689003,
      0,
      -2.5692596,
      -0.12457811,
      -1.1980454,
      0.9999999
    ],
    "trackingState" : "Normal",
    "timestamp" : 239665311690
  },
  {
    "transform" : [
      -0.18008663,
      -0.8870267,
      -0.42514998,
      0,
      -0.94882673,
      0.042660113,
      0.3129022,
      0,
      -0.25941566,
      0.4597432,
      -0.8493172,
      0,
      -2.5634902,
      -0.12350893,
      -1.1933006,
      0.99999994
    ],
    "trackingState" : "Normal",
    "timestamp" : 239665328364
  },
  {
    "transform" : [
      -0.17652294,
      -0.88751626,
      -0.42562264,
      0,
      -0.9502878,
      0.040983245,
      0.30866387,
      0,
      -0.25650078,
      0.45895028,
      -0.85063046,
      0,
      -2.5577445,
      -0.1225013,
      -1.1884648,
      0.99999994
    ],
    "trackingState" : "Normal",
    "timestamp" : 239665345037
  },
  {
    "transform" : [
      -0.17304413,
      -0.88696516,
      -0.42819235,
      0,
      -0.9520504,
      0.039267138,
      0.3034108,
      0,
      -0.2523009,
      0.4601642,
      -0.85123044,
      0,
      -2.5519946,
      -0.12155072,
      -1.1834295,
      0.99999994
    ],
    "trackingState" : "Normal",
    "timestamp" : 239665361711
  },
  {
    "transform" : [
      -0.17009094,
      -0.88611597,
      -0.43112373,
      0,
      -0.9540664,
      0.03858548,
      0.29709995,
      0,
      -0.24662988,
      0.46185473,
      -0.8519765,
      0,
      -2.546188,
      -0.12060205,
      -1.1783582,
      0.99999994
    ],
    "trackingState" : "Normal",
    "timestamp" : 239665378385
  },
  {
    "transform" : [
      -0.16671805,
      -0.88629663,
      -0.43206885,
      0,
      -0.9563326,
      0.038657594,
      0.28971267,
      0,
      -0.24006864,
      0.4615019,
      -0.8540393,
      0,
      -2.5404062,
      -0.119600065,
      -1.1733874,
      0.9999999
    ],
    "trackingState" : "Normal",
    "timestamp" : 239665395058
  },
  {
    "transform" : [
      -0.16140555,
      -0.88776183,
      -0.4310769,
      0,
      -0.95908463,
      0.038150452,
      0.2805372,
      0,
      -0.23260441,
      0.45871955,
      -0.8575965,
      0,
      -2.5347586,
      -0.11856128,
      -1.1685244,
      0.99999994
    ],
    "trackingState" : "Normal",
    "timestamp" : 239665411732
  },
  {
    "transform" : [
      -0.15537846,
      -0.88905346,
      -0.43062907,
      0,
      -0.9614543,
      0.03599393,
      0.27259833,
      0,
      -0.2268545,
      0.45638612,
      -0.8603771,
      0,
      -2.5291736,
      -0.11760295,
      -1.1636194,
      0.9999998
    ],
    "trackingState" : "Normal",
    "timestamp" : 239665428405
  },
  {
    "transform" : [
      -0.15043376,
      -0.8890628,
      -0.43236226,
      0,
      -0.96307117,
      0.033005744,
      0.26721632,
      0,
      -0.22330165,
      0.456594,
      -0.8611959,
      0,
      -2.523587,
      -0.117034905,
      -1.158261,
      0.99999994
    ],
    "trackingState" : "Normal",
    "timestamp" : 239665445079
  },
  {
    "transform" : [
      -0.14657362,
      -0.88837546,
      -0.43509242,
      0,
      -0.9648462,
      0.031395398,
      0.2609333,
      0,
      -0.21814686,
      0.4580432,
      -0.86174744,
      0,
      -2.5179229,
      -0.116437875,
      -1.1530657,
      0.99999994
    ],
    "trackingState" : "Normal",
    "timestamp" : 239665461753
  },
  {
    "transform" : [
      -0.14319013,
      -0.8879954,
      -0.43699077,
      0,
      -0.96693444,
      0.031372245,
      0.25308785,
      0,
      -0.21103145,
      0.45878115,
      -0.86312556,
      0,
      -2.5122273,
      -0.115776785,
      -1.1480829,
      0.9999999
    ],
    "trackingState" : "Normal",
    "timestamp" : 239665478426
  },
  {
    "transform" : [
      -0.13965787,
      -0.8883968,
      -0.43731767,
      0,
      -0.96879405,
      0.031256873,
      0.24588807,
      0,
      -0.20477699,
      0.458011,
      -0.8650389,
      0,
      -2.506594,
      -0.11510552,
      -1.1432593,
      0.9999998
    ],
    "trackingState" : "Normal",
    "timestamp" : 239665495100
  },
  {
    "transform" : [
      -0.13527828,
      -0.8894903,
      -0.43647093,
      0,
      -0.97059524,
      0.03044207,
      0.23878461,
      0,
      -0.19910952,
      0.45593902,
      -0.8674532,
      0,
      -2.5011222,
      -0.11445575,
      -1.1385465,
      0.99999994
    ],
    "trackingState" : "Normal",
    "timestamp" : 239665511773
  },
  {
    "transform" : [
      -0.1304373,
      -0.8904544,
      -0.4359785,
      0,
      -0.97239083,
      0.02907465,
      0.23153986,
      0,
      -0.19349976,
      0.45414293,
      -0.8696621,
      0,
      -2.4958053,
      -0.1138633,
      -1.1338395,
      0.99999994
    ],
    "trackingState" : "Normal",
    "timestamp" : 239665528447
  },
  {
    "transform" : [
      -0.12562439,
      -0.89058703,
      -0.43711948,
      0,
      -0.97412264,
      0.027283326,
      0.22436745,
      0,
      -0.18789265,
      0.45399404,
      -0.8709683,
      0,
      -2.4905775,
      -0.113344744,
      -1.1290593,
      0.99999994
    ],
    "trackingState" : "Normal",
    "timestamp" : 239665545120
  },
  {
    "transform" : [
      -0.12073852,
      -0.8898322,
      -0.44002372,
      0,
      -0.9757461,
      0.024846565,
      0.21749024,
      0,
      -0.18259674,
      0.45561093,
      -0.8712502,
      0,
      -2.4860814,
      -0.11298311,
      -1.1241043,
      0.9999998
    ],
    "trackingState" : "Normal",
    "timestamp" : 239665561794
  },
  {
    "transform" : [
      -0.11583513,
      -0.88860834,
      -0.44379902,
      0,
      -0.97733825,
      0.02226665,
      0.21050923,
      0,
      -0.17717831,
      0.45812613,
      -0.8710501,
      0,
      -2.4811842,
      -0.112624064,
      -1.1192046,
      0.99999994
    ],
    "trackingState" : "Normal",
    "timestamp" : 239665578468
  },
  {
    "transform" : [
      -0.11016222,
      -0.8874992,
      -0.44744793,
      0,
      -0.9789648,
      0.019102506,
      0.20313308,
      0,
      -0.17173304,
      0.4604134,
      -0.8709348,
      0,
      -2.47624,
      -0.112294815,
      -1.1143742,
      0.99999994
    ],
    "trackingState" : "Normal",
    "timestamp" : 239665595141
  },
  {
    "transform" : [
      -0.10412731,
      -0.8869218,
      -0.45003033,
      0,
      -0.98069805,
      0.016268674,
      0.19485006,
      0,
      -0.16549532,
      0.46163312,
      -0.87149656,
      0,
      -2.4713519,
      -0.11197074,
      -1.1096628,
      0.99999994
    ],
    "trackingState" : "Normal",
    "timestamp" : 239665611815
  },
  {
    "transform" : [
      -0.09846815,
      -0.88737226,
      -0.45041606,
      0,
      -0.9827021,
      0.01536934,
      0.18455498,
      0,
      -0.15684636,
      0.46079752,
      -0.87353593,
      0,
      -2.466489,
      -0.111585125,
      -1.1051832,
      0.99999994
    ],
    "trackingState" : "Normal",
    "timestamp" : 239665628488
  },
  {
    "transform" : [
      -0.094203815,
      -0.88842565,
      -0.44924983,
      0,
      -0.9843822,
      0.015714077,
      0.17534071,
      0,
      -0.14871763,
      0.45875138,
      -0.87603086,
      0,
      -2.4615452,
      -0.10958489,
      -1.1016477,
      0.9999998
    ],
    "trackingState" : "Normal",
    "timestamp" : 239665645162
  },
  {
    "transform" : [
      -0.09077074,
      -0.8895103,
      -0.4478082,
      0,
      -0.98534995,
      0.015026978,
      0.1698814,
      0,
      -0.14438204,
      0.45666808,
      -0.8778429,
      0,
      -2.4566793,
      -0.10845986,
      -1.0977783,
      0.9999999
    ],
    "trackingState" : "Normal",
    "timestamp" : 239665661836
  },
  {
    "transform" : [
      -0.08705884,
      -0.8903436,
      -0.44688803,
      0,
      -0.98609126,
      0.0132649625,
      0.1656737,
      0,
      -0.14157857,
      0.45509586,
      -0.8791149,
      0,
      -2.4519742,
      -0.10782616,
      -1.0937232,
      0.99999976
    ],
    "trackingState" : "Normal",
    "timestamp" : 239665678509
  },
  {
    "transform" : [
      -0.082764365,
      -0.89093477,
      -0.44652593,
      0,
      -0.98686284,
      0.010887967,
      0.16119246,
      0,
      -0.13875018,
      0.45400092,
      -0.8801316,
      0,
      -2.447451,
      -0.10739983,
      -1.0895932,
      0.9999999
    ],
    "trackingState" : "Normal",
    "timestamp" : 239665695183
  },
  {
    "transform" : [
      -0.078652136,
      -0.89120257,
      -0.44673485,
      0,
      -0.98768014,
      0.008850154,
      0.15623556,
      0,
      -0.13528386,
      0.45351943,
      -0.88091916,
      0,
      -2.443036,
      -0.107110344,
      -1.0854124,
      0.99999994
    ],
    "trackingState" : "Normal",
    "timestamp" : 239665711856
  },
  {
    "transform" : [
      -0.07512342,
      -0.8912157,
      -0.4473154,
      0,
      -0.9886185,
      0.007928806,
      0.15023436,
      0,
      -0.13034452,
      0.45351046,
      -0.88166803,
      0,
      -2.4386675,
      -0.10691204,
      -1.0811929,
      0.9999999
    ],
    "trackingState" : "Normal",
    "timestamp" : 239665728530
  },
  {
    "transform" : [
      -0.07219882,
      -0.8907832,
      -0.44865662,
      0,
      -0.9896017,
      0.007871883,
      0.14361972,
      0,
      -0.12440227,
      0.4543605,
      -0.8820889,
      0,
      -2.433961,
      -0.105489954,
      -1.0768267,
      1
    ],
    "trackingState" : "Normal",
    "timestamp" : 239665745203
  },
  {
    "transform" : [
      -0.069733806,
      -0.8899432,
      -0.45070884,
      0,
      -0.99054384,
      0.008260158,
      0.13694724,
      0,
      -0.118152335,
      0.45599675,
      -0.8821038,
      0,
      -2.4295232,
      -0.104797594,
      -1.0724329,
      0.9999999
    ],
    "trackingState" : "Normal",
    "timestamp" : 239665761877
  },
  {
    "transform" : [
      -0.06821372,
      -0.8890554,
      -0.4526893,
      0,
      -0.99141085,
      0.009655876,
      0.1304277,
      0,
      -0.11158632,
      0.45769802,
      -0.88207775,
      0,
      -2.425234,
      -0.10443971,
      -1.0680752,
      0.99999994
    ],
    "trackingState" : "Normal",
    "timestamp" : 239665778551
  },
  {
    "transform" : [
      -0.06760024,
      -0.8886484,
      -0.45357928,
      0,
      -0.9921526,
      0.011947688,
      0.12445998,
      0,
      -0.10518194,
      0.45843345,
      -0.8824825,
      0,
      -2.4210308,
      -0.10410325,
      -1.0638304,
      0.9999998
    ],
    "trackingState" : "Normal",
    "timestamp" : 239665795224
  },
  {
    "transform" : [
      -0.06674031,
      -0.88864714,
      -0.45370933,
      0,
      -0.9926418,
      0.013090048,
      0.12037838,
      0,
      -0.10103481,
      0.45840493,
      -0.8829819,
      0,
      -2.4169927,
      -0.10372803,
      -1.0596652,
      0.9999999
    ],
    "trackingState" : "Normal",
    "timestamp" : 239665811898
  },
  {
    "transform" : [
      -0.064806685,
      -0.88842195,
      -0.45442992,
      0,
      -0.9929964,
      0.012333903,
      0.11749906,
      0,
      -0.09878386,
      0.458862,
      -0.8829991,
      0,
      -2.413207,
      -0.10330811,
      -1.0555003,
      0.9999999
    ],
    "trackingState" : "Normal",
    "timestamp" : 239665828571
  },
  {
    "transform" : [
      -0.061451286,
      -0.88770837,
      -0.45628667,
      0,
      -0.9933936,
      0.01000693,
      0.11431867,
      0,
      -0.09691561,
      0.46029732,
      -0.88245887,
      0,
      -2.409837,
      -0.10329473,
      -1.0515467,
      0.99999976
    ],
    "trackingState" : "Normal",
    "timestamp" : 239665845245
  },
  {
    "transform" : [
      -0.057860654,
      -0.88666695,
      -0.45877442,
      0,
      -0.9938223,
      0.007562516,
      0.11072496,
      0,
      -0.094706655,
      0.4623469,
      -0.88162696,
      0,
      -2.4065833,
      -0.10296015,
      -1.047399,
      0.9999999
    ],
    "trackingState" : "Normal",
    "timestamp" : 239665861919
  },
  {
    "transform" : [
      -0.05612745,
      -0.885511,
      -0.46121618,
      0,
      -0.99452466,
      0.008800726,
      0.104131214,
      0,
      -0.08815027,
      0.46453547,
      -0.88115644,
      0,
      -2.4030716,
      -0.102424964,
      -1.0434898,
      1
    ],
    "trackingState" : "Normal",
    "timestamp" : 239665878592
  },
  {
    "transform" : [
      -0.055959005,
      -0.88533735,
      -0.46156955,
      0,
      -0.9949844,
      0.011058634,
      0.0994167,
      0,
      -0.08291297,
      0.4648178,
      -0.88151574,
      0,
      -2.3995776,
      -0.10171501,
      -1.0397062,
      0.9999999
    ],
    "trackingState" : "Normal",
    "timestamp" : 239665895266
  },
  {
    "transform" : [
      -0.05577549,
      -0.88652986,
      -0.45929706,
      0,
      -0.9952486,
      0.012595707,
      0.096547544,
      0,
      -0.07980711,
      0.4624998,
      -0.88302016,
      0,
      -2.3961663,
      -0.10090459,
      -1.0361465,
      0.9999998
    ],
    "trackingState" : "Normal",
    "timestamp" : 239665911939
  },
  {
    "transform" : [
      -0.054197744,
      -0.88891554,
      -0.45485348,
      0,
      -0.9954428,
      0.012305982,
      0.09456183,
      0,
      -0.07846007,
      0.4579057,
      -0.8855317,
      0,
      -2.3929741,
      -0.10006588,
      -1.0327202,
      0.9999999
    ],
    "trackingState" : "Normal",
    "timestamp" : 239665928613
  },
  {
    "transform" : [
      -0.051543586,
      -0.89128387,
      -0.4505068,
      0,
      -0.99571097,
      0.011160161,
      0.09184245,
      0,
      -0.076829955,
      0.4533085,
      -0.88803643,
      0,
      -2.389252,
      -0.09979107,
      -1.0288613,
      0.99999994
    ],
    "trackingState" : "Normal",
    "timestamp" : 239665945287
  },
  {
    "transform" : [
      -0.049238358,
      -0.8927133,
      -0.44792706,
      0,
      -0.99604243,
      0.010663769,
      0.08823716,
      0,
      -0.07399388,
      0.45049897,
      -0.8897054,
      0,
      -2.385973,
      -0.09930991,
      -1.0251588,
      0.9999998
    ],
    "trackingState" : "Normal",
    "timestamp" : 239665961960
  },
  {
    "transform" : [
      -0.048446238,
      -0.8930384,
      -0.44736505,
      0,
      -0.9963547,
      0.011722093,
      0.08449779,
      0,
      -0.0702157,
      0.44982788,
      -0.89035094,
      0,
      -2.3828192,
      -0.09871528,
      -1.0215343,
      0.9999999
    ],
    "trackingState" : "Normal",
    "timestamp" : 239665978634
  },
  {
    "transform" : [
      -0.048746914,
      -0.89333713,
      -0.44673562,
      0,
      -0.9965847,
      0.013654947,
      0.08143958,
      0,
      -0.06665283,
      0.44917983,
      -0.89095175,
      0,
      -2.3796718,
      -0.09804852,
      -1.0179874,
      0.9999999
    ],
    "trackingState" : "Normal",
    "timestamp" : 239665995307
  },
  {
    "transform" : [
      -0.04924823,
      -0.8941406,
      -0.44507012,
      0,
      -0.9966685,
      0.014989846,
      0.08016969,
      0,
      -0.065011434,
      0.44753557,
      -0.89190006,
      0,
      -2.3765955,
      -0.09730868,
      -1.0145286,
      0.99999994
    ],
    "trackingState" : "Normal",
    "timestamp" : 239666011981
  },
  {
    "transform" : [
      -0.0479269,
      -0.89569354,
      -0.44208145,
      0,
      -0.9967713,
      0.014343673,
      0.07900043,
      0,
      -0.0644191,
      0.4444404,
      -0.8934891,
      0,
      -2.3737187,
      -0.096534714,
      -1.011127,
      0.9999999
    ],
    "trackingState" : "Normal",
    "timestamp" : 239666028655
  },
  {
    "transform" : [
      -0.04437586,
      -0.89754564,
      -0.4386829,
      0,
      -0.99704677,
      0.012240123,
      0.075814985,
      0,
      -0.06267788,
      0.44075176,
      -0.8954381,
      0,
      -2.371019,
      -0.095692694,
      -1.0082272,
      0.99999994
    ],
    "trackingState" : "Normal",
    "timestamp" : 239666045328
  },
  {
    "transform" : [
      -0.040134456,
      -0.89885974,
      -0.43639475,
      0,
      -0.99741733,
      0.010005073,
      0.07112287,
      0,
      -0.059563316,
      0.43812218,
      -0.8969398,
      0,
      -2.3684342,
      -0.09496697,
      -1.0049374,
      0.9999998
    ],
    "trackingState" : "Normal",
    "timestamp" : 239666062002
  },
  {
    "transform" : [
      -0.0373996,
      -0.89923364,
      -0.43586722,
      0,
      -0.99766695,
      0.0086712595,
      0.067715265,
      0,
      -0.057112318,
      0.43738288,
      -0.89746,
      0,
      -2.3657653,
      -0.09436965,
      -1.0013535,
      0.9999999
    ],
    "trackingState" : "Normal",
    "timestamp" : 239666078675
  },
  {
    "transform" : [
