[
  {
    "timestamp" : 239647587659,
    "transform" : [
      0.42095062,
      -0.87627655,
      -0.23439294,
      0,
      -0.50795364,
      -0.013632976,
      -0.8612765,
      0,
      0.751521,
      0.48161566,
      -0.45084667,
      0,
      -5.9448647,
      -0.070143655,
      -4.3493023,
      0.9999999
    ],
    "trackingState" : "Normal"
  },
  {
    "timestamp" : 239647604332,
    "transform" : [
      0.42147848,
      -0.8761484,
      -0.23392299,
      0,
      -0.5061995,
      -0.013282067,
      -0.86231416,
      0,
      0.75240815,
      0.48185855,
      -0.44910395,
      0,
      -5.946372,
      -0.07017877,
      -4.351006,
      0.99999994
    ],
    "trackingState" : "Normal"
  },
  {
    "timestamp" : 239647621006,
    "transform" : [
      0.4214895,
      -0.8762929,
      -0.23336118,
      0,
      -0.5044757,
      -0.012738962,
      -0.8633319,
      0,
      0.7535589,
      0.4816104,
      -0.44743782,
      0,
      -5.9477477,
      -0.0701815,
      -4.352607,
      0.9999999
    ],
    "trackingState" : "Normal"
  },
  {
    "timestamp" : 239647637680,
    "transform" : [
      0.4209578,
      -0.8768816,
      -0.23210613,
      0,
      -0.5030041,
      -0.0127264885,
      -0.8641904,
      0,
      0.7548388,
      0.48053804,
      -0.44643238,
      0,
      -5.948999,
      -0.070153,
      -4.35413,
      0.99999994
    ],
    "trackingState" : "Normal"
  },
  {
    "timestamp" : 239647654353,
    "transform" : [
      0.41959426,
      -0.8781105,
      -0.22991864,
      0,
      -0.50238985,
      -0.0136972815,
      -0.8645327,
      0,
      0.75600606,
      0.47826177,
      -0.44690114,
      0,
      -5.9502144,
      -0.06983809,
      -4.3559494,
      0.9999999
    ],
    "trackingState" : "Normal"
  },
  {
    "timestamp" : 239647671027,
    "transform" : [
      0.4174575,
      -0.879614,
      -0.22805394,
      0,
      -0.5018627,
      -0.013957734,
      -0.86483467,
      0,
      0.75753754,
      0.47548348,
      -0.44727227,
      0,
      -5.9512687,
      -0.06970539,
      -4.3574295,
      0.99999994
    ],
    "trackingState" : "Normal"
  },
  {
    "timestamp" : 239647687700,
    "transform" : [
      0.4151193,
      -0.88109225,
      -0.22661047,
      0,
      -0.5010274,
      -0.013499368,
      -0.86532605,
      0,
      0.75937307,
      0.47275162,
      -0.44705525,
      0,
      -5.9522405,
      -0.069640234,
      -4.358727,
      0.9999998
    ],
    "trackingState" : "Normal"
  },
  {
    "timestamp" : 239647704374,
    "transform" : [
      0.41298565,
      -0.8823576,
      -0.2255838,
      0,
      -0.50038195,
      -0.012875318,
      -0.8657091,
      0,
      0.7609605,
      0.47040346,
      -0.44683316,
      0,
      -5.9532123,
      -0.069651306,
      -4.359902,
      0.99999994
    ],
    "trackingState" : "Normal"
  },
  {
    "timestamp" : 239647721048,
    "transform" : [
      0.41214576,
      -0.88285965,
      -0.22515465,
      0,
      -0.49879244,
      -0.011833176,
      -0.8666406,
      0,
      0.7624578,
      0.46948776,
      -0.44524077,
      0,
      -5.9542265,
      -0.06971993,
      -4.360976,
      0.9999998
    ],
    "trackingState" : "Normal"
  },
  {
    "timestamp" : 239647737721,
    "transform" : [
      0.41310975,
      -0.88241047,
      -0.22514892,
      0,
      -0.49621582,
      -0.010802964,
      -0.8681318,
      0,
      0.7636165,
      0.47035623,
      -0.4423289,
      0,
      -5.9553285,
      -0.06980411,
      -4.3620296,
      0.9999999
    ],
    "trackingState" : "Normal"
  },
  {
    "timestamp" : 239647754395,
    "transform" : [
      0.41457158,
      -0.8819404,
      -0.22430253,
      0,
      -0.49317175,
      -0.010592035,
      -0.8698675,
      0,
      0.7647955,
      0.47124204,
      -0.43933925,
      0,
      -5.955925,
      -0.070533946,
      -4.362806,
      0.99999994
    ],
    "trackingState" : "Normal"
  },
  {
    "timestamp" : 239647771068,
    "transform" : [
      0.4161609,
      -0.8817689,
      -0.2220219,
      0,
      -0.4905829,
      -0.01214785,
      -0.8713097,
      0,
      0.76559675,
      0.47152525,
      -0.43763626,
      0,
      -5.956969,
      -0.070746556,
      -4.364015,
      0.9999999
    ],
    "trackingState" : "Normal"
  },
  {
    "timestamp" : 239647787742,
    "transform" : [
      0.41765085,
      -0.88188636,
      -0.21873347,
      0,
      -0.488037,
      -0.014673629,
      -0.87269956,
      0,
      0.76641226,
      0.4712338,
      -0.43652165,
      0,
      -5.9581795,
      -0.070776485,
      -4.365441,
      0.99999994
    ],
    "trackingState" : "Normal"
  },
  {
    "timestamp" : 239647804416,
    "transform" : [
      0.41898882,
      -0.8820656,
      -0.2154271,
      0,
      -0.48501453,
      -0.0168449,
      -0.8743438,
      0,
      0.7675998,
      0.47082555,
      -0.43487242,
      0,
      -5.9594545,
      -0.070744954,
      -4.3669453,
      0.99999994
    ],
    "trackingState" : "Normal"
  },
  {
    "timestamp" : 239647821089,
    "transform" : [
      0.42017913,
      -0.88218284,
      -0.21261016,
      0,
      -0.48109213,
      -0.017904198,
      -0.8764872,
      0,
      0.7694154,
      0.47056672,
      -0.43193418,
      0,
      -5.9607573,
      -0.07069711,
      -4.368461,
      0.99999994
    ],
    "trackingState" : "Normal"
  },
  {
    "timestamp" : 239647837763,
    "transform" : [
      0.42161056,
      -0.88198936,
      -0.21056923,
      0,
      -0.476863,
      -0.018145682,
      -0.8787903,
      0,
      0.7712629,
      0.47091997,
      -0.42823854,
      0,
      -5.9621034,
      -0.07066728,
      -4.369962,
      0.99999994
    ],
    "trackingState" : "Normal"
  },
  {
    "timestamp" : 239647854436,
    "transform" : [
      0.4236584,
      -0.8812784,
      -0.20943262,
      0,
      -0.47265765,
      -0.017839447,
      -0.88106555,
      0,
      0.7727279,
      0.47226077,
      -0.42410085,
      0,
      -5.9633017,
      -0.07071352,
      -4.3712864,
      0.99999994
    ],
    "trackingState" : "Normal"
  },
  {
    "timestamp" : 239647871110,
    "transform" : [
      0.42654535,
      -0.88016874,
      -0.20823587,
      0,
      -0.4692682,
      -0.01854288,
      -0.882861,
      0,
      0.7732054,
      0.47429875,
      -0.42094457,
      0,
      -5.9645824,
      -0.070755035,
      -4.3726797,
      0.9999999
    ],
    "trackingState" : "Normal"
  },
  {
    "timestamp" : 239647887784,
    "transform" : [
      0.42914367,
      -0.87942314,
      -0.20603582,
      0,
      -0.46684724,
      -0.020682953,
      -0.884096,
      0,
      0.7732331,
      0.47559148,
      -0.4194322,
      0,
      -5.965977,
      -0.07076923,
      -4.374265,
      0.9999999
    ],
    "trackingState" : "Normal"
  },
  {
    "timestamp" : 239647904457,
    "transform" : [
      0.4300597,
      -0.87988883,
      -0.20210007,
      0,
      -0.46361396,
      -0.023155896,
      -0.8857347,
      0,
      0.7746682,
      0.4746152,
      -0.41788715,
      0,
      -5.9673424,
      -0.070752986,
      -4.375998,
      0.99999994
    ],
    "trackingState" : "Normal"
  },
  {
    "timestamp" : 239647921131,
    "transform" : [
      0.428891,
      -0.8815149,
      -0.19744337,
      0,
      -0.45835963,
      -0.024014672,
      -0.8884422,
      0,
      0.7784336,
      0.471545,
      -0.41435054,
      0,
      -5.9686337,
      -0.07069609,
      -4.3777943,
      0.9999998
    ],
    "trackingState" : "Normal"
  },
  {
    "timestamp" : 239647937804,
    "transform" : [
      0.4270554,
      -0.8832317,
      -0.19371513,
      0,
      -0.45233002,
      -0.023168696,
      -0.8915497,
      0,
      0.78295684,
      0.46836427,
      -0.4094065,
      0,
      -5.9699388,
      -0.07063324,
      -4.3795457,
      0.9999999
    ],
    "trackingState" : "Normal"
  },
  {
    "timestamp" : 239647954478,
    "transform" : [
      0.42611542,
      -0.88415265,
      -0.19157209,
      0,
      -0.44674286,
      -0.021513505,
      -0.89440376,
      0,
      0.7866681,
      0.46670267,
      -0.40415606,
      0,
      -5.971271,
      -0.070377916,
      -4.381117,
      0.99999994
    ],
    "trackingState" : "Normal"
  },
  {
    "timestamp" : 239647971152,
    "transform" : [
      0.4257972,
      -0.88461626,
      -0.1901341,
      0,
      -0.44095126,
      -0.019380556,
      -0.89732176,
      0,
      0.7901005,
      0.46591693,
      -0.39832488,
      0,
      -5.9727235,
      -0.070166916,
      -4.382701,
      0.99999994
    ],
    "trackingState" : "Normal"
  },
  {
    "timestamp" : 239647987825,
    "transform" : [
      0.42558974,
      -0.885035,
      -0.18864425,
      0,
      -0.43414706,
      -0.016789593,
      -0.9006856,
      0,
      0.793971,
      0.46522185,
      -0.3913808,
      0,
      -5.9742494,
      -0.070029646,
      -4.384425,
      0.99999994
    ],
    "trackingState" : "Normal"
  },
  {
    "timestamp" : 239648004499,
    "transform" : [
      0.42552105,
      -0.8854872,
      -0.1866661,
      0,
      -0.42790383,
      -0.015124299,
      -0.9036976,
      0,
      0.7973895,
      0.46441755,
      -0.3853391,
      0,
      -5.9758162,
      -0.06988677,
      -4.3863206,
      0.99999976
    ],
    "trackingState" : "Normal"
  },
  {
    "timestamp" : 239648021172,
    "transform" : [
      0.4247097,
      -0.8864439,
      -0.18395373,
      0,
      -0.42237225,
      -0.014289173,
      -0.9063099,
      0,
      0.8007643,
      0.46261555,
      -0.3804781,
      0,
      -5.977357,
      -0.06968061,
      -4.3884025,
      0.99999994
    ],
    "trackingState" : "Normal"
  },
  {
    "timestamp" : 239648037846,
    "transform" : [
      0.42213506,
      -0.88848144,
      -0.18000793,
      0,
      -0.41668463,
      -0.013820976,
      -0.90894604,
      0,
      0.8050938,
      0.45870453,
      -0.37605086,
      0,
      -5.978808,
      -0.069363885,
      -4.3906355,
      0.9999999
    ],
    "trackingState" : "Normal"
  },
  {
    "timestamp" : 239648054520,
    "transform" : [
      0.41787887,
      -0.8915381,
      -0.17474908,
      0,
      -0.41009122,
      -0.013467621,
      -0.9119451,
      0,
      0.8106803,
      0.45274562,
      -0.37123978,
      0,
      -5.9800787,
      -0.06894853,
      -4.393096,
      0.99999994
    ],
    "trackingState" : "Normal"
  },
  {
    "timestamp" : 239648071193,
    "transform" : [
      0.4126913,
      -0.89498633,
      -0.16936798,
      0,
      -0.40282714,
      -0.012558158,
      -0.91519,
      0,
      0.81695557,
      0.44591692,
      -0.36570737,
      0,
      -5.98135,
      -0.06848538,
      -4.395588,
      0.99999994
    ],
    "trackingState" : "Normal"
  },
  {
    "timestamp" : 239648087867,
    "transform" : [
      0.40800446,
      -0.89790016,
      -0.16525023,
      0,
      -0.39568666,
      -0.010790719,
      -0.9183221,
      0,
      0.8227785,
      0.44006687,
      -0.35968977,
      0,
      -5.982695,
      -0.06803091,
      -4.3979745,
      0.9999998
    ],
    "trackingState" : "Normal"
  },
  {
    "timestamp" : 239648104540,
    "transform" : [
      0.40416086,
      -0.90001804,
      -0.1631615,
      0,
      -0.38949358,
      -0.007941099,
      -0.92099494,
      0,
      0.8276164,
      0.43578047,
      -0.3537607,
      0,
      -5.984067,
      -0.0676007,
      -4.400236,
      0.99999994
    ],
    "trackingState" : "Normal"
  },
  {
    "timestamp" : 239648121214,
    "transform" : [
      0.400757,
      -0.9016822,
      -0.16236734,
      0,
      -0.38307592,
      -0.0039262697,
      -0.92370856,
      0,
      0.8322541,
      0.4323817,
      -0.34698617,
      0,
      -5.9853773,
      -0.06713859,
      -4.402442,
      0.99999994
    ],
    "trackingState" : "Normal"
  },
  {
    "timestamp" : 239648137888,
    "transform" : [
      0.39799336,
      -0.9030543,
      -0.16153742,
      0,
      -0.37841207,
      -0.0011965659,
      -0.9256364,
      0,
      0.8357067,
      0.42952487,
      -0.3422028,
      0,
      -5.9866843,
      -0.06661589,
      -4.40471,
      0.99999994
    ],
    "trackingState" : "Normal"
  },
  {
    "timestamp" : 239648154561,
    "transform" : [
      0.39578652,
      -0.904345,
      -0.1597287,
      0,
      -0.37556243,
      -0.00067062536,
      -0.9267968,
      0,
      0.8380371,
      0.4268018,
      -0.33990347,
      0,
      -5.98766,
      -0.06607437,
      -4.406603,
      0.99999994
    ],
    "trackingState" : "Normal"
  },
  {
    "timestamp" : 239648171235,
    "transform" : [
      0.3917379,
      -0.9066814,
      -0.1564302,
      0,
      -0.37164685,
      -0.00039972426,
      -0.92837405,
      0,
      0.84167707,
      0.4218161,
      -0.33712184,
      0,
      -5.988686,
      -0.06530831,
      -4.409021,
      0.99999994
    ],
    "trackingState" : "Normal"
  },
  {
    "timestamp" : 239648187908,
    "transform" : [
      0.3845525,
      -0.91048163,
      -0.15212731,
      0,
      -0.3654867,
      0.0011572574,
      -0.9308158,
      0,
      0.8476668,
      0.4135481,
      -0.33232394,
      0,
      -5.989508,
      -0.06436783,
      -4.4116096,
      0.99999994
    ],
    "trackingState" : "Normal"
  },
  {
    "timestamp" : 239648204582,
    "transform" : [
      0.37555906,
      -0.9148663,
      -0.14824025,
      0,
      -0.36014253,
      0.0033198965,
      -0.9328914,
      0,
      0.8539631,
      0.40374342,
      -0.32823545,
      0,
      -5.9901886,
      -0.06335633,
      -4.4141526,
      0.99999994
    ],
    "trackingState" : "Normal"
  },
  {
    "timestamp" : 239648221256,
    "transform" : [
      0.36773974,
      -0.9185149,
      -0.14525132,
      0,
      -0.35766488,
      0.004478715,
      -0.9338392,
      0,
      0.8583958,
      0.39536113,
      -0.32687354,
      0,
      -5.9909043,
      -0.062345143,
      -4.4165998,
      0.9999999
    ],
    "trackingState" : "Normal"
  },
  {
    "timestamp" : 239648237929,
    "transform" : [
      0.36248142,
      -0.9209169,
      -0.14324595,
      0,
      -0.3566949,
      0.0049149003,
      -0.934208,
      0,
      0.861032,
      0.3897282,
      -0.32670483,
      0,
      -5.991705,
      -0.06133186,
      -4.418984,
      0.99999994
    ],
    "trackingState" : "Normal"
  },
  {
    "timestamp" : 239648254603,
    "transform" : [
      0.35848475,
      -0.92270833,
      -0.14176787,
      0,
      -0.3537951,
      0.0062485887,
      -0.935302,
      0,
      0.86389697,
      0.38544837,
      -0.32420972,
      0,
      -5.99221,
      -0.060371973,
      -4.421348,
      0.99999994
    ],
    "trackingState" : "Normal"
  },
  {
    "timestamp" : 239648271277,
    "transform" : [
      0.35294044,
      -0.92508733,
      -0.1401663,
      0,
      -0.34810185,
      0.00922535,
      -0.9374113,
      0,
      0.8684805,
      0.37964255,
      -0.3187686,
      0,
      -5.9924946,
      -0.059239574,
      -4.423649,
      0.99999994
    ],
    "trackingState" : "Normal"
  },
  {
    "timestamp" : 239648287950,
    "transform" : [
      0.3444164,
      -0.92857516,
      -0.13829559,
      0,
      -0.34298873,
      0.012668608,
      -0.9392541,
      0,
      0.87391996,
      0.37092832,
      -0.31412753,
      0,
      -5.9925804,
      -0.05795446,
      -4.425868,
      0.99999994
    ],
    "trackingState" : "Normal"
  },
  {
    "timestamp" : 239648304624,
    "transform" : [
      0.3341538,
      -0.9326078,
      -0.13632314,
      0,
      -0.34116727,
      0.015145828,
      -0.9398805,
      0,
      0.8786046,
      0.36057365,
      -0.31311426,
      0,
      -5.992522,
      -0.056626152,
      -4.4280224,
      0.9999999
    ],
    "trackingState" : "Normal"
  },
  {
    "timestamp" : 239648321297,
    "transform" : [
      0.32403508,
      -0.936485,
      -0.13415404,
      0,
      -0.34258762,
      0.016024888,
      -0.93934923,
      0,
      0.88183624,
      0.35034162,
      -0.31563556,
      0,
      -5.992433,
      -0.05528853,
      -4.430137,
      0.99999994
    ],
    "trackingState" : "Normal"
  },
  {
    "timestamp" : 239648337971,
    "transform" : [
      0.31562787,
      -0.93973804,
      -0.13142064,
      0,
      -0.34451643,
      0.015556634,
      -0.93865126,
      0,
      0.8841309,
      0.3415411,
      -0.31884515,
      0,
      -5.9923654,
      -0.053969733,
      -4.432261,
      0.9999998
    ],
    "trackingState" : "Normal"
  },
  {
    "timestamp" : 239648354644,
    "transform" : [
      0.3084961,
      -0.9425556,
      -0.12813747,
      0,
      -0.3431979,
      0.015344966,
      -0.93913776,
      0,
      0.88715583,
      0.3336968,
      -0.31874928,
      0,
      -5.9920263,
      -0.052264526,
      -4.434156,
      0.99999994
    ],
    "trackingState" : "Normal"
  },
  {
    "timestamp" : 239648371318,
    "transform" : [
      0.30152616,
      -0.9452887,
      -0.12454487,
      0,
      -0.3397427,
      0.015529076,
      -0.9403901,
      0,
      0.8908742,
      0.32586545,
      -0.31647253,
      0,
      -5.9917307,
      -0.05068215,
      -4.4362063,
      0.99999994
    ],
    "trackingState" : "Normal"
  },
  {
    "timestamp" : 239648387992,
    "transform" : [
      0.29543018,
      -0.94766724,
      -0.121029004,
      0,
      -0.33807516,
      0.014784742,
      -0.94100285,
      0,
      0.893547,
      0.3189176,
      -0.31601492,
      0,
      -5.991462,
      -0.04911962,
      -4.438271,
      0.99999994
    ],
    "trackingState" : "Normal"
  },
  {
    "timestamp" : 239648404665,
    "transform" : [
      0.2906054,
      -0.94958127,
      -0.117659606,
      0,
      -0.33931503,
      0.012702752,
      -0.9405868,
      0,
      0.8946584,
      0.3132634,
      -0.31851572,
      0,
      -5.991223,
      -0.04755228,
      -4.440347,
      0.99999976
    ],
    "trackingState" : "Normal"
  },
  {
    "timestamp" : 239648421339,
    "transform" : [
      0.28678995,
      -0.95119995,
      -0.113887176,
      0,
      -0.3408729,
      0.009778871,
      -0.94005847,
      0,
      0.8952973,
      0.30842042,
      -0.32143384,
      0,
      -5.990951,
      -0.04595732,
      -4.4424634,
      0.99999994
    ],
    "trackingState" : "Normal"
  },
  {
    "timestamp" : 239648438012,
    "transform" : [
      0.28278154,
      -0.9528937,
      -0.10967359,
      0,
      -0.34104106,
      0.0069845314,
      -0.9400224,
      0,
      0.89650744,
      0.30322415,
      -0.32300082,
      0,
      -5.990553,
      -0.04428848,
      -4.4445987,
      0.99999994
    ],
    "trackingState" : "Normal"
  },
  {
    "timestamp" : 239648454686,
    "transform" : [
      0.27731547,
      -0.9549476,
      -0.10569451,
      0,
      -0.34120622,
      0.00495153,
      -0.9399754,
      0,
      0.8981506,
      0.29673338,
      -0.32446095,
      0,
      -5.9899993,
      -0.04180476,
      -4.4463797,
      0.99999994
    ],
    "trackingState" : "Normal"
  },
  {
    "timestamp" : 239648471360,
    "transform" : [
      0.26992166,
      -0.95742327,
      -0.10238664,
      0,
      -0.34214616,
      0.004025087,
      -0.9396381,
      0,
      0.9000435,
      0.28865987,
      -0.32649228,
      0,
      -5.9892654,
      -0.03946203,
      -4.448157,
      0.99999994
    ],
    "trackingState" : "Normal"
  },
  {
    "timestamp" : 239648488033,
    "transform" : [
      0.261881,
      -0.959969,
      -0.099388026,
      0,
      -0.3437119,
      0.003459029,
      -0.9390687,
      0,
      0.9018208,
      0.28008512,
      -0.32904696,
      0,
      -5.988442,
      -0.03744085,
      -4.4500475,
      0.9999999
    ],
    "trackingState" : "Normal"
  },
  {
    "timestamp" : 239648504707,
    "transform" : [
      0.2545872,
      -0.9622512,
      -0.09621873,
      0,
      -0.34603146,
      0.0022646273,
      -0.9382201,
      0,
      0.90302145,
      0.2721536,
      -0.33239266,
      0,
      -5.987624,
      -0.035512984,
      -4.4520025,
      0.99999994
    ],
    "trackingState" : "Normal"
  },
  {
    "timestamp" : 239648521380,
    "transform" : [
      0.24959157,
      -0.96392256,
      -0.09250529,
      0,
      -0.34889793,
      -0.00040427092,
      -0.93716055,
      0,
      0.90331286,
      0.2661823,
      -0.33641157,
      0,
      -5.986932,
      -0.03362474,
      -4.4539824,
      0.9999998
    ],
    "trackingState" : "Normal"
  },
  {
    "timestamp" : 239648538054,
    "transform" : [
      0.244445,
      -0.9656279,
      -0.088371366,
      0,
      -0.3499861,
      -0.002869059,
      -0.93675053,
      0,
      0.9042989,
      0.25991276,
      -0.3386577,
      0,
      -5.986169,
      -0.03171587,
      -4.4559517,
      0.99999994
    ],
    "trackingState" : "Normal"
  },
  {
    "timestamp" : 239648554728,
    "transform" : [
      0.23911074,
      -0.96725315,
      -0.0851329,
      0,
      -0.3499624,
      -0.0040642,
      -0.93675494,
      0,
      0.90573317,
      0.2537815,
      -0.33947405,
      0,
      -5.9850426,
      -0.029435832,
      -4.457491,
      0.99999994
    ],
    "trackingState" : "Normal"
  },
  {
    "timestamp" : 239648571401,
    "transform" : [
      0.23323971,
      -0.96884984,
      -0.08324234,
      0,
      -0.3511497,
      -0.004088768,
      -0.93631035,
      0,
      0.90680385,
      0.2476153,
      -0.3411651,
      0,
      -5.983845,
      -0.027263131,
      -4.4589157,
      0.99999994
    ],
    "trackingState" : "Normal"
  },
  {
    "timestamp" : 239648588075,
    "transform" : [
      0.2263173,
      -0.97060645,
      -0.081876464,
      0,
      -0.35450333,
      -0.0037830924,
      -0.9350471,
      0,
      0.90725297,
      0.2406428,
      -0.34493944,
      0,
      -5.982651,
      -0.025288383,
      -4.4603415,
      0.99999994
    ],
    "trackingState" : "Normal"
  },
  {
    "timestamp" : 239648604748,
    "transform" : [
      0.21902688,
      -0.9724338,
      -0.079998024,
      0,
      -0.35845968,
      -0.0039398195,
      -0.93353677,
      0,
      0.9074877,
      0.23314573,
      -0.3494413,
      0,
      -5.9814334,
      -0.02340319,
      -4.461743,
      0.9999998
    ],
    "trackingState" : "Normal"
  },
  {
    "timestamp" : 239648621422,
    "transform" : [
      0.21196817,
      -0.97419643,
      -0.07752819,
      0,
      -0.36146936,
      -0.004449618,
      -0.9323733,
      0,
      0.9079699,
      0.22565755,
      -0.35308546,
      0,
      -5.980194,
      -0.021557871,
      -4.4630837,
      0.9999998
    ],
    "trackingState" : "Normal"
  },
  {
    "timestamp" : 239648638096,
    "transform" : [
      0.20599738,
      -0.9756757,
      -0.074981056,
      0,
      -0.36358234,
      -0.005174445,
      -0.9315477,
      0,
      0.9085005,
      0.21915816,
      -0.3558044,
      0,
      -5.9789443,
      -0.019751165,
      -4.464298,
      0.99999994
    ],
    "trackingState" : "Normal"
  },
  {
    "timestamp" : 239648654769,
    "transform" : [
      0.20139116,
      -0.97675914,
      -0.07336951,
      0,
      -0.3670943,
      -0.005818995,
      -0.93016547,
      0,
      0.9081208,
      0.21426062,
      -0.35973462,
      0,
      -5.9777646,
      -0.017663298,
      -4.464922,
      0.9999998
    ],
    "trackingState" : "Normal"
  },
  {
    "timestamp" : 239648671443,
    "transform" : [
      0.19756787,
      -0.9776018,
      -0.072538026,
      0,
      -0.37328497,
      -0.0066040014,
      -0.92769325,
      0,
      0.9064356,
      0.21035974,
      -0.3662288,
      0,
      -5.9765754,
      -0.015732741,
      -4.4654455,
      0.99999994
    ],
    "trackingState" : "Normal"
  },
  {
    "timestamp" : 239648688116,
    "transform" : [
      0.1931963,
      -0.9785594,
      -0.07139211,
      0,
      -0.38092116,
      -0.0077513866,
      -0.924575,
      0,
      0.9041982,
      0.20581925,
      -0.3742515,
      0,
      -5.975331,
      -0.014019931,
      -4.466002,
      0.99999994
    ],
    "trackingState" : "Normal"
  },
  {
    "timestamp" : 239648704790,
    "transform" : [
      0.18752435,
      -0.9798052,
      -0.06940201,
      0,
      -0.38682944,
      -0.008719743,
      -0.92211,
      0,
      0.902883,
      0.19976483,
      -0.38065267,
      0,
      -5.97399,
      -0.012393599,
      -4.4664984,
      0.99999994
    ],
    "trackingState" : "Normal"
  },
  {
    "timestamp" : 239648721464,
    "transform" : [
      0.18128997,
      -0.9811609,
      -0.066763096,
      0,
      -0.3896818,
      -0.009339062,
      -0.9209022,
      0,
      0.90292984,
      0.19296671,
      -0.38403362,
      0,
      -5.9725566,
      -0.010800911,
      -4.4668803,
      0.9999999
    ],
    "trackingState" : "Normal"
  },
  {
    "timestamp" : 239648738137,
    "transform" : [
      0.17582949,
      -0.9823159,
      -0.064339474,
      0,
      -0.3911908,
      -0.009746317,
      -0.920258,
      0,
      0.903357,
      0.1869775,
      -0.38598666,
      0,
      -5.9710894,
      -0.009237254,
      -4.4670897,
      0.99999994
    ],
    "trackingState" : "Normal"
  },
  {
    "timestamp" : 239648754811,
    "transform" : [
      0.17069876,
      -0.98332554,
      -0.0627121,
      0,
      -0.39390704,
      -0.009763661,
      -0.9190984,
      0,
      0.90316075,
      0.1815917,
      -0.3890055,
      0,
      -5.9691577,
      -0.007493078,
      -4.4664683,
      0.9999999
    ],
    "trackingState" : "Normal"
  },
  {
    "timestamp" : 239648771484,
    "transform" : [
      0.16574207,
      -0.9842759,
      -0.06107917,
      0,
      -0.39955038,
      -0.010397434,
      -0.91665226,
      0,
      0.90160376,
      0.17633204,
      -0.39499107,
      0,
      -5.9675317,
      -0.0059507205,
      -4.4661393,
      0.99999994
    ],
    "trackingState" : "Normal"
  },
  {
    "timestamp" : 239648788158,
    "transform" : [
      0.16134754,
      -0.98514134,
      -0.058852166,
      0,
      -0.40677455,
      -0.0120527,
      -0.91344917,
      0,
      0.8991672,
      0.17132232,
      -0.40267512,
      0,
      -5.9660535,
      -0.004503464,
      -4.465872,
      0.99999994
    ],
    "trackingState" : "Normal"
  },
  {
    "timestamp" : 239648804832,
    "transform" : [
      0.15761153,
      -0.98592603,
      -0.05575463,
      0,
      -0.41384226,
      -0.014683421,
      -0.9102302,
      0,
      0.896601,
      0.16653639,
      -0.41033214,
      0,
      -5.9646554,
      -0.0031359298,
      -4.465566,
      0.99999994
    ],
    "trackingState" : "Normal"
  },
  {
    "timestamp" : 239648821505,
    "transform" : [
      0.15392023,
      -0.9866726,
      -0.05278057,
      0,
      -0.42045474,
      -0.017063867,
      -0.90715295,
      0,
      0.89416236,
      0.16182104,
      -0.41747767,
      0,
      -5.9632707,
      -0.0018596598,
      -4.4650764,
      0.9999999
    ],
    "trackingState" : "Normal"
  },
  {
    "timestamp" : 239648838179,
    "transform" : [
      0.15032792,
      -0.9873176,
      -0.05104293,
      0,
      -0.4270145,
      -0.018278152,
      -0.90405977,
      0,
      0.89166135,
      0.15770152,
      -0.42434675,
      0,
      -5.961888,
      -0.0006763809,
      -4.4643173,
      0.9999998
    ],
    "trackingState" : "Normal"
  },
  {
    "timestamp" : 239648854852,
    "transform" : [
      0.14713126,
      -0.98787284,
      -0.04959798,
      0,
      -0.4328983,
      -0.019226471,
      -0.9012378,
      0,
      0.88935477,
      0.15407112,
      -0.43047726,
      0,
      -5.960239,
      0.00023226062,
      -4.4634204,
      1
    ],
    "trackingState" : "Normal"
  },
  {
    "timestamp" : 239648871526,
    "transform" : [
      0.14417666,
      -0.98839766,
      -0.047783043,
      0,
      -0.43895787,
      -0.020604407,
      -0.8982714,
      0,
      0.88686484,
      0.1504845,
      -0.43683565,
      0,
      -5.9587164,
      0.0011037728,
      -4.462376,
      0.99999994
    ],
    "trackingState" : "Normal"
  },
  {
    "timestamp" : 239648888200,
    "transform" : [
      0.14165138,
      -0.9888439,
      -0.04607066,
      0,
      -0.4449185,
      -0.02202194,
      -0.89530015,
      0,
      0.8842976,
      0.14731821,
      -0.44307446,
      0,
      -5.957358,
      0.0019663554,
      -4.461159,
      0.9999998
    ],
    "trackingState" : "Normal"
  },
  {
    "timestamp" : 239648904873,
    "transform" : [
      0.13931265,
      -0.9892186,
      -0.045150578,
      0,
      -0.45153287,
      -0.022878347,
      -0.8919611,
      0,
      0.8813116,
      0.14464843,
      -0.449852,
      0,
      -5.956061,
      0.0027768477,
      -4.459731,
      0.9999999
    ],
    "trackingState" : "Normal"
  },
  {
    "timestamp" : 239648921547,
    "transform" : [
      0.13757376,
      -0.98946244,
      -0.0451415,
      0,
      -0.46068734,
      -0.023575153,
      -0.8872494,
      0,
      0.8768357,
      0.14285836,
      -0.4590761,
      0,
      -5.954866,
      0.0035223812,
      -4.458091,
      0.99999994
    ],
    "trackingState" : "Normal"
  },
  {
    "timestamp" : 239648938220,
    "transform" : [
      0.1376156,
      -0.9894426,
      -0.04544657,
      0,
      -0.47230592,
      -0.02522116,
      -0.8810738,
      0,
      0.87062573,
      0.14271419,
      -0.47079045,
      0,
      -5.9538774,
      0.0041861115,
      -4.4563375,
      0.99999994
    ],
    "trackingState" : "Normal"
  },
  {
    "timestamp" : 239648954894,
    "transform" : [
      0.13972028,
      -0.9891323,
      -0.045776308,
      0,
      -0.48293528,
      -0.027712809,
      -0.87521726,
      0,
      0.8644372,
      0.14439261,
      -0.48155898,
      0,
      -5.953263,
      0.0047758957,
      -4.4544086,
      0.9999998
    ],
    "trackingState" : "Normal"
  },
  {
    "timestamp" : 239648971568,
    "transform" : [
      0.14170153,
      -0.9888382,
      -0.046041515,
      0,
      -0.48932296,
      -0.029537627,
      -0.87160224,
      0,
      0.8605137,
      0.14603655,
      -0.4880468,
      0,
      -5.9525743,
      0.0053777923,
      -4.4524975,
      0.9999999
    ],
    "trackingState" : "Normal"
  },
  {
    "timestamp" : 239648988241,
    "transform" : [
      0.14147922,
      -0.9888631,
      -0.04618919,
      0,
      -0.4928944,
      -0.02990236,
      -0.86957514,
      0,
      0.8585097,
      0.1457932,
      -0.49163565,
      0,
      -5.95163,
      0.0060291495,
      -4.4506016,
      0.99999994
    ],
    "trackingState" : "Normal"
  },
  {
    "timestamp" : 239649004915,
    "transform" : [
      0.13930224,
      -0.98916376,
      -0.046368737,
      0,
      -0.4978698,
      -0.029483752,
      -0.8667505,
      0,
      0.85599107,
      0.14382587,
      -0.4965819,
      0,
      -5.950526,
      0.0066994047,
      -4.448723,
      0.99999994
    ],
    "trackingState" : "Normal"
  },
  {
    "timestamp" : 239649021589,
    "transform" : [
      0.13644086,
      -0.98958004,
      -0.045989864,
      0,
      -0.5064146,
      -0.029772906,
      -0.86177593,
      0,
      0.8514271,
      0.14087138,
      -0.5052,
      0,
      -5.9493976,
      0.0073894234,
      -4.4469137,
      0.9999998
    ],
    "trackingState" : "Normal"
  },
  {
    "timestamp" : 239649038262,
    "transform" : [
      0.13454063,
      -0.9899046,
      -0.04458398,
      0,
      -0.5172443,
      -0.031780876,
      -0.8552475,
      0,
      0.84519666,
      0.13812636,
      -0.5162983,
      0,
      -5.948374,
      0.007886011,
      -4.445255,
      0.99999994
    ],
    "trackingState" : "Normal"
  },
  {
    "timestamp" : 239649054936,
    "transform" : [
      0.13360879,
      -0.9901065,
      -0.042868264,
      0,
      -0.52707,
      -0.034360524,
      -0.8491269,
      0,
      0.8392532,
      0.1360454,
      -0.52644634,
      0,
      -5.947375,
      0.008480896,
      -4.4435983,
      0.9999998
    ],
    "trackingState" : "Normal"
  },
  {
    "timestamp" : 239649071609,
    "transform" : [
      0.13254564,
      -0.9902906,
      -0.04190727,
      0,
      -0.5343333,
      -0.035779566,
      -0.8445162,
      0,
      0.8348172,
      0.1343294,
      -0.53388774,
      0,
      -5.94631,
      0.009235526,
      -4.4418716,
      0.9999999
    ],
    "trackingState" : "Normal"
  },
  {
    "timestamp" : 239649088283,
    "transform" : [
      0.1308457,
      -0.99052787,
      -0.04164113,
      0,
      -0.54057235,
      -0.03607289,
      -0.84052384,
      0,
      0.83106023,
      0.13248897,
      -0.5401719,
      0,
      -5.9451685,
      0.010114959,
      -4.440114,
      0.9999999
    ],
    "trackingState" : "Normal"
  },
  {
    "timestamp" : 239649104957,
    "transform" : [
      0.12879659,
      -0.9908314,
      -0.040801346,
      0,
      -0.54824907,
      -0.03686095,
      -0.83550245,
      0,
      0.8263381,
      0.12997916,
      -0.54797,
      0,
      -5.944026,
      0.0111017,
      -4.4384284,
      0.99999994
    ],
    "trackingState" : "Normal"
  },
  {
    "timestamp" : 239649121630,
    "transform" : [
      0.12700537,
      -0.991157,
      -0.038438514,
      0,
      -0.5579622,
      -0.03934921,
      -0.828933,
      0,
      0.82009023,
      0.1267262,
      -0.55802566,
      0,
      -5.9429646,
      0.012162504,
      -4.4368715,
      0.9999999
    ],
    "trackingState" : "Normal"
  },
  {
    "timestamp" : 239649138304,
    "transform" : [
      0.12619062,
      -0.9913751,
      -0.035374694,
      0,
      -0.5682032,
      -0.04300318,
      -0.8217638,
      0,
      0.81315506,
      0.123798914,
      -0.56872916,
      0,
      -5.942004,
      0.01330688,
      -4.4353757,
      0.99999994
    ],
    "trackingState" : "Normal"
  },
  {
    "timestamp" : 239649154977,
    "transform" : [
      0.12565245,
      -0.9915447,
      -0.03241407,
      0,
      -0.57688886,
      -0.046446495,
      -0.8155011,
      0,
      0.80710036,
      0.12116903,
      -0.57784724,
      0,
      -5.940578,
      0.014058996,
      -4.4340096,
      0.99999994
    ],
    "trackingState" : "Normal"
  },
  {
    "timestamp" : 239649171651,
    "transform" : [
      0.12377266,
      -0.99183357,
      -0.030766338,
      0,
      -0.5838137,
      -0.0477142,
      -0.81048435,
      0,
      0.80239767,
      0.11827762,
      -0.5849519,
      0,
      -5.9393115,
      0.015284909,
      -4.432447,
      0.99999994
    ],
    "trackingState" : "Normal"
  },
  {
    "timestamp" : 239649188325,
    "transform" : [
      0.11957459,
      -0.99236685,
      -0.030164387,
      0,
      -0.59048194,
      -0.04665932,
      -0.80570084,
      0,
      0.79814345,
      0.11415289,
      -0.591554,
      0,
      -5.937994,
      0.016750425,
      -4.4308147,
      0.9999999
    ],
    "trackingState" : "Normal"
  },
  {
    "timestamp" : 239649204998,
    "transform" : [
      0.11413867,
      -0.9930455,
      -0.028863601,
      0,
      -0.59813696,
      -0.045493115,
      -0.8001016,
      0,
      0.7932242,
      0.10858692,
      -0.59916973,
      0,
      -5.9366865,
      0.018357633,
      -4.429275,
      0.99999994
    ],
    "trackingState" : "Normal"
  },
  {
    "timestamp" : 239649221672,
    "transform" : [
      0.10935804,
      -0.9936555,
      -0.026262814,
      0,
      -0.60680246,
      -0.045808986,
      -0.79353166,
      0,
      0.787294,
      0.10271541,
      -0.60796213,
      0,
      -5.9355,
      0.02007672,
      -4.427904,
      0.99999994
    ],
    "trackingState" : "Normal"
  },
  {
    "timestamp" : 239649238345,
    "transform" : [
      0.10579926,
      -0.99413073,
      -0.022599531,
      0,
      -0.6149099,
      -0.04754656,
      -0.7871628,
      0,
      0.78146815,
      0.09717791,
      -0.61633116,
      0,
      -5.9344172,
      0.021909563,
      -4.4266815,
      0.99999994
    ],
    "trackingState" : "Normal"
  },
  {
    "timestamp" : 239649255019,
    "transform" : [
      0.101967566,
      -0.9946199,
      -0.018269775,
      0,
      -0.6214983,
      -0.049353804,
      -0.7818593,
      0,
      0.7767512,
      0.09107894,
      -0.6231872,
      0,
      -5.932033,
      0.02376617,
      -4.425515,
      0.99999994
    ],
    "trackingState" : "Normal"
  },
  {
    "timestamp" : 239649271693,
    "transform" : [
      0.09683657,
      -0.99520373,
      -0.013867412,
      0,
      -0.62808603,
      -0.05029465,
      -0.7765168,
      0,
      0.77209496,
      0.083905146,
      -0.629944,
      0,
      -5.9300323,
      0.025776932,
      -4.424434,
      0.99999994
    ],
    "trackingState" : "Normal"
  },
  {
    "timestamp" : 239649288366,
    "transform" : [
      0.09096896,
      -0.99580944,
      -0.009395211,
      0,
      -0.6354841,
      -0.050783664,
      -0.7704422,
      0,
      0.7667365,
      0.076056816,
      -0.6374408,
      0,
      -5.9285836,
      0.027912242,
      -4.4234366,
      0.99999994
    ],
    "trackingState" : "Normal"
  },
  {
    "timestamp" : 239649305040,
    "transform" : [
      0.08510303,
      -0.9963613,
      -0.0046562795,
      0,
      -0.6433581,
      -0.051382046,
      -0.7638391,
      0,
      0.7608205,
      0.06800068,
      -0.6453899,
      0,
      -5.927378,
      0.030123627,
      -4.422509,
      0.9999999
    ],
    "trackingState" : "Normal"
  },
  {
    "timestamp" : 239649321713,
    "transform" : [
      0.07872135,
      -0.99689656,
      0.00030815415,
      0,
      -0.65043795,
      -0.05159701,
      -0.7578047,
      0,
      0.7554689,
      0.059454978,
      -0.65248126,
      0,
      -5.9262533,
      0.032385293,
      -4.421623,
      0.9999998
    ],
    "trackingState" : "Normal"
  },
  {
    "timestamp" : 239649338387,
    "transform" : [
      0.071447045,
      -0.9974316,
      0.0050548096,
      0,
      -0.6560219,
      -0.050807744,
      -0.7530297,
      0,
      0.7513525,
      0.05048568,
      -0.6579671,
      0,
      -5.9251275,
      0.034682214,
      -4.4207406,
      0.9999999
    ],
    "trackingState" : "Normal"
  },
  {
    "timestamp" : 239649355061,
    "transform" : [
      0.063616045,
      -0.9979308,
      0.009324549,
      0,
      -0.6612273,
      -0.04914647,
      -0.7485739,
      0,
      0.7474834,
      0.041455664,
      -0.6629856,
      0,
      -5.9237003,
      0.035925835,
      -4.420314,
      0.9999998
    ],
    "trackingState" : "Normal"
  },
  {
    "timestamp" : 239649371734,
    "transform" : [
      0.0566463,
      -0.9983122,
      0.0128097115,
      0,
      -0.6673379,
      -0.047402978,
      -0.74324495,
      0,
      0.74259776,
      0.033553675,
      -0.66889673,
      0,
      -5.9226093,
      0.037887283,
      -4.419557,
      0.99999994
    ],
    "trackingState" : "Normal"
  },
  {
    "timestamp" : 239649388408,
    "transform" : [
      0.05106571,
      -0.9985611,
      0.016374778,
      0,
      -0.67400885,
      -0.046558112,
      -0.7372545,
      0,
      0.7369561,
      0.026611684,
      -0.6754166,
      0,
      -5.921747,
      0.04007837,
      -4.418774,
      0.99999994
    ],
    "trackingState" : "Normal"
  },
  {
    "timestamp" : 239649405081,
    "transform" : [
      0.045891337,
      -0.9987086,
      0.021799484,
      0,
      -0.68014854,
      -0.047221366,
      -0.7315518,
      0,
      0.7316365,
      0.018745001,
      -0.6814372,
      0,
      -5.9210134,
      0.0423645,
      -4.4181376,
      0.99999994
    ],
    "trackingState" : "Normal"
  },
  {
    "timestamp" : 239649421755,
    "transform" : [
      0.04023227,
      -0.9987496,
      0.029676419,
