[
  {
    "timestamp" : 239630914055,
    "transform" : [
      0.1814882,
      -0.96114963,
      -0.20797478,
      0,
      -0.739669,
      0.005945219,
      -0.67294437,
      0,
      0.6480368,
      0.275964,
      -0.70985365,
      0,
      -7.724465,
      0.047542665,
      -6.547434,
      0.9999998
    ],
    "trackingState" : "Normal"
  },
  {
    "timestamp" : 239630930729,
    "transform" : [
      0.18145397,
      -0.9610211,
      -0.20859705,
      0,
      -0.74023795,
      0.006164425,
      -0.67231655,
      0,
      0.6473964,
      0.276406,
      -0.7102658,
      0,
      -7.733131,
      0.04869344,
      -6.5466948,
      0.99999976
    ],
    "trackingState" : "Normal"
  },
  {
    "timestamp" : 239630947403,
    "transform" : [
      0.17994657,
      -0.961285,
      -0.2086873,
      0,
      -0.7423324,
      0.0064916867,
      -0.67000026,
      0,
      0.64541596,
      0.27547958,
      -0.7124249,
      0,
      -7.7413726,
      0.049674254,
      -6.545633,
      0.9999999
    ],
    "trackingState" : "Normal"
  },
  {
    "timestamp" : 239630964076,
    "transform" : [
      0.1768007,
      -0.9621236,
      -0.20750867,
      0,
      -0.7451726,
      0.0068880897,
      -0.66683596,
      0,
      0.643008,
      0.27252686,
      -0.7157303,
      0,
      -7.749297,
      0.050551545,
      -6.5444775,
      0.9999999
    ],
    "trackingState" : "Normal"
  },
  {
    "timestamp" : 239630980750,
    "transform" : [
      0.17310852,
      -0.96331954,
      -0.20505813,
      0,
      -0.74735945,
      0.007123837,
      -0.6643815,
      0,
      0.6414726,
      0.2682623,
      -0.7187129,
      0,
      -7.757233,
      0.05153511,
      -6.5438075,
      0.9999999
    ],
    "trackingState" : "Normal"
  },
  {
    "timestamp" : 239630997423,
    "transform" : [
      0.17024066,
      -0.9643677,
      -0.20251693,
      0,
      -0.74815184,
      0.0072603533,
      -0.6634878,
      0,
      0.6413166,
      0.26446602,
      -0.72025746,
      0,
      -7.7651186,
      0.052534163,
      -6.5431976,
      0.9999999
    ],
    "trackingState" : "Normal"
  },
  {
    "timestamp" : 239631014097,
    "transform" : [
      0.16894452,
      -0.9648052,
      -0.20151576,
      0,
      -0.7479622,
      0.007650581,
      -0.66369706,
      0,
      0.6418802,
      0.26285416,
      -0.7203453,
      0,
      -7.772941,
      0.053500503,
      -6.5424466,
      0.9999998
    ],
    "trackingState" : "Normal"
  },
  {
    "timestamp" : 239631030771,
    "transform" : [
      0.1690879,
      -0.9646668,
      -0.20205788,
      0,
      -0.7475577,
      0.00807875,
      -0.6641477,
      0,
      0.6423136,
      0.2633493,
      -0.7197781,
      0,
      -7.7806783,
      0.054441713,
      -6.541562,
      0.99999994
    ],
    "trackingState" : "Normal"
  },
  {
    "timestamp" : 239631047444,
    "transform" : [
      0.16966116,
      -0.96450067,
      -0.20237009,
      0,
      -0.7476914,
      0.0077964133,
      -0.6640005,
      0,
      0.64200675,
      0.2639655,
      -0.7198261,
      0,
      -7.7884445,
      0.055505425,
      -6.540088,
      0.99999994
    ],
    "trackingState" : "Normal"
  },
  {
    "timestamp" : 239631064118,
    "transform" : [
      0.1699559,
      -0.9647345,
      -0.20100378,
      0,
      -0.74863416,
      0.006241543,
      -0.6629539,
      0,
      0.640829,
      0.26315123,
      -0.7211724,
      0,
      -7.796169,
      0.056641884,
      -6.538395,
      0.99999994
    ],
    "trackingState" : "Normal"
  },
  {
    "timestamp" : 239631080791,
    "transform" : [
      0.1702653,
      -0.965218,
      -0.19840315,
      0,
      -0.7496575,
      0.0037975537,
      -0.6618148,
      0,
      0.63954914,
      0.26141852,
      -0.72293645,
      0,
      -7.8036757,
      0.057678454,
      -6.5372577,
      0.9999998
    ],
    "trackingState" : "Normal"
  },
  {
    "timestamp" : 239631097465,
    "transform" : [
      0.17118707,
      -0.96560663,
      -0.1957009,
      0,
      -0.74986833,
      0.0011445729,
      -0.66158605,
      0,
      0.6390559,
      0.2600049,
      -0.7238819,
      0,
      -7.811073,
      0.05867262,
      -6.5362024,
      0.99999994
    ],
    "trackingState" : "Normal"
  },
  {
    "timestamp" : 239631114139,
    "transform" : [
      0.17303553,
      -0.9657723,
      -0.19324274,
      0,
      -0.74869287,
      -0.0014981849,
      -0.6629152,
      0,
      0.6399356,
      0.25938737,
      -0.7233261,
      0,
      -7.818397,
      0.059638597,
      -6.535079,
      0.99999994
    ],
    "trackingState" : "Normal"
  },
  {
    "timestamp" : 239631130812,
    "transform" : [
      0.17567824,
      -0.96576786,
      -0.19086573,
      0,
      -0.74658513,
      -0.0043286164,
      -0.66527575,
      0,
      0.6416757,
      0.259372,
      -0.7217884,
      0,
      -7.8256407,
      0.060589023,
      -6.53387,
      0.99999994
    ],
    "trackingState" : "Normal"
  },
  {
    "timestamp" : 239631147486,
    "transform" : [
      0.17797987,
      -0.9658414,
      -0.18834455,
      0,
      -0.7450371,
      -0.007225658,
      -0.6669839,
      0,
      0.6428397,
      0.25903338,
      -0.7208737,
      0,
      -7.831908,
      0.0611059,
      -6.533153,
      0.99999994
    ],
    "trackingState" : "Normal"
  },
  {
    "timestamp" : 239631164160,
    "transform" : [
      0.17886917,
      -0.96620923,
      -0.18559527,
      0,
      -0.74463505,
      -0.009651698,
      -0.667402,
      0,
      0.6430588,
      0.2575784,
      -0.72119963,
      0,
      -7.8385096,
      0.061933473,
      -6.5320396,
      0.99999994
    ],
    "trackingState" : "Normal"
  },
  {
    "timestamp" : 239631180833,
    "transform" : [
      0.1778607,
      -0.9669799,
      -0.1825255,
      0,
      -0.744952,
      -0.011115571,
      -0.66702545,
      0,
      0.64297134,
      0.25461036,
      -0.7223307,
      0,
      -7.8450522,
      0.06292387,
      -6.530786,
      0.9999999
    ],
    "trackingState" : "Normal"
  },
  {
    "timestamp" : 239631197507,
    "transform" : [
      0.17517002,
      -0.9681642,
      -0.17881171,
      0,
      -0.7447624,
      -0.011518192,
      -0.6672301,
      0,
      0.64392877,
      0.250051,
      -0.72307014,
      0,
      -7.8514543,
      0.06406018,
      -6.5295057,
      0.99999994
    ],
    "trackingState" : "Normal"
  },
  {
    "timestamp" : 239631214180,
    "transform" : [
      0.1718452,
      -0.9695862,
      -0.1742754,
      0,
      -0.7434572,
      -0.01157659,
      -0.66868323,
      0,
      0.64632857,
      0.24447633,
      -0.72283524,
      0,
      -7.8577514,
      0.06533825,
      -6.528221,
      0.9999999
    ],
    "trackingState" : "Normal"
  },
  {
    "timestamp" : 239631230854,
    "transform" : [
      0.16882735,
      -0.97094834,
      -0.1695784,
      0,
      -0.74180675,
      -0.0118786385,
      -0.6705084,
      0,
      0.64901465,
      0.23899458,
      -0.7222614,
      0,
      -7.863992,
      0.066729814,
      -6.5269065,
      0.9999999
    ],
    "trackingState" : "Normal"
  },
  {
    "timestamp" : 239631247528,
    "transform" : [
      0.1664992,
      -0.9721107,
      -0.16516277,
      0,
      -0.7412946,
      -0.012952961,
      -0.6710546,
      0,
      0.65020007,
      0.23416436,
      -0.7227772,
      0,
      -7.870482,
      0.068308644,
      -6.525009,
      0.9999999
    ],
    "trackingState" : "Normal"
  },
  {
    "timestamp" : 239631264201,
    "transform" : [
      0.16471079,
      -0.9732891,
      -0.15993358,
      0,
      -0.74142027,
      -0.0152324615,
      -0.670868,
      0,
      0.6505124,
      0.2290772,
      -0.7241253,
      0,
      -7.877092,
      0.07001409,
      -6.522904,
      0.99999994
    ],
    "trackingState" : "Normal"
  },
  {
    "timestamp" : 239631280875,
    "transform" : [
      0.16287725,
      -0.97466195,
      -0.15331404,
      0,
      -0.74067736,
      -0.018130697,
      -0.67161614,
      0,
      0.651819,
      0.22294724,
      -0.7248632,
      0,
      -7.883436,
      0.07173501,
      -6.521306,
      0.99999994
    ],
    "trackingState" : "Normal"
  },
  {
    "timestamp" : 239631297548,
    "transform" : [
      0.16088209,
      -0.9760453,
      -0.14646709,
      0,
      -0.7395136,
      -0.020930456,
      -0.6728161,
      0,
      0.6536334,
      0.2165585,
      -0.72516614,
      0,
      -7.8896494,
      0.073486835,
      -6.519779,
      0.99999994
    ],
    "trackingState" : "Normal"
  },
  {
    "timestamp" : 239631314222,
    "transform" : [
      0.15895858,
      -0.9772098,
      -0.1406887,
      0,
      -0.7389206,
      -0.023249103,
      -0.67339116,
      0,
      0.65477353,
      0.21099912,
      -0.7257762,
      0,
      -7.89578,
      0.07521242,
      -6.518122,
      0.99999994
    ],
    "trackingState" : "Normal"
  },
  {
    "timestamp" : 239631330895,
    "transform" : [
      0.15711962,
      -0.9781581,
      -0.13608906,
      0,
      -0.7387548,
      -0.024960473,
      -0.67351186,
      0,
      0.6554042,
      0.20635839,
      -0.7265408,
      0,
      -7.9018354,
      0.07689391,
      -6.5162954,
      0.99999994
    ],
    "trackingState" : "Normal"
  },
  {
    "timestamp" : 239631347569,
    "transform" : [
      0.15515076,
      -0.97906774,
      -0.13173689,
      0,
      -0.73895025,
      -0.02651341,
      -0.6732379,
      0,
      0.6556528,
      0.2018004,
      -0.72759604,
      0,
      -7.9074516,
      0.078151144,
      -6.5139236,
      0.9999998
    ],
    "trackingState" : "Normal"
  },
  {
    "timestamp" : 239631364243,
    "transform" : [
      0.15297486,
      -0.9800015,
      -0.12726247,
      0,
      -0.73971415,
      -0.028158208,
      -0.6723317,
      0,
      0.6553027,
      0.19698772,
      -0.72922856,
      0,
      -7.912903,
      0.07919949,
      -6.511293,
      0.9999999
    ],
    "trackingState" : "Normal"
  },
  {
    "timestamp" : 239631380916,
    "transform" : [
      0.15081207,
      -0.9808859,
      -0.122957885,
      0,
      -0.74016434,
      -0.029591348,
      -0.67177457,
      0,
      0.6552958,
      0.19232078,
      -0.7304795,
      0,
      -7.9186597,
      0.0804837,
      -6.5088863,
      0.99999994
    ],
    "trackingState" : "Normal"
  },
  {
    "timestamp" : 239631397590,
    "transform" : [
      0.14857157,
      -0.98171294,
      -0.11902154,
      0,
      -0.73941284,
      -0.030360952,
      -0.67256725,
      0,
      0.6566544,
      0.18793045,
      -0.73040205,
      0,
      -7.924487,
      0.08178012,
      -6.5064497,
      0.9999998
    ],
    "trackingState" : "Normal"
  },
  {
    "timestamp" : 239631414264,
    "transform" : [
      0.1465125,
      -0.9824631,
      -0.11532726,
      0,
      -0.7380873,
      -0.030951865,
      -0.6739947,
      0,
      0.6586054,
      0.18387026,
      -0.72967845,
      0,
      -7.9303393,
      0.08299104,
      -6.5039163,
      0.9999999
    ],
    "trackingState" : "Normal"
  },
  {
    "timestamp" : 239631430937,
    "transform" : [
      0.14507277,
      -0.98303115,
      -0.1122661,
      0,
      -0.73716354,
      -0.031704064,
      -0.6749702,
      0,
      0.65995747,
      0.18067828,
      -0.729254,
      0,
      -7.936209,
      0.08407548,
      -6.501255,
      0.9999999
    ],
    "trackingState" : "Normal"
  },
  {
    "timestamp" : 239631447611,
    "transform" : [
      0.14424206,
      -0.983442,
      -0.10970978,
      0,
      -0.7371362,
      -0.032821268,
      -0.6749466,
      0,
      0.66016996,
      0.17822674,
      -0.7296648,
      0,
      -7.941901,
      0.084920086,
      -6.498925,
      0.99999994
    ],
    "trackingState" : "Normal"
  },
  {
    "timestamp" : 239631464284,
    "transform" : [
      0.1433096,
      -0.9838463,
      -0.107279405,
      0,
      -0.7384356,
      -0.03412783,
      -0.67345977,
      0,
      0.65891975,
      0.17573218,
      -0.731398,
      0,
      -7.947477,
      0.08559741,
      -6.496653,
      0.99999994
    ],
    "trackingState" : "Normal"
  },
  {
    "timestamp" : 239631480958,
    "transform" : [
      0.1413575,
      -0.9844322,
      -0.104458064,
      0,
      -0.740447,
      -0.035102174,
      -0.6711978,
      0,
      0.6570819,
      0.17222446,
      -0.7338817,
      0,
      -7.953091,
      0.086234495,
      -6.4939175,
      0.99999994
    ],
    "trackingState" : "Normal"
  },
  {
    "timestamp" : 239631497632,
    "transform" : [
      0.13804169,
      -0.9852905,
      -0.100733265,
      0,
      -0.74185497,
      -0.035475608,
      -0.66962135,
      0,
      0.65619797,
      0.16716512,
      -0.7358398,
      0,
      -7.958643,
      0.08676415,
      -6.4909916,
      0.99999994
    ],
    "trackingState" : "Normal"
  },
  {
    "timestamp" : 239631514305,
    "transform" : [
      0.1341122,
      -0.98621947,
      -0.09687721,
      0,
      -0.74274653,
      -0.035322126,
      -0.66864026,
      0,
      0.6560042,
      0.16162804,
      -0.73724824,
      0,
      -7.9641843,
      0.08713031,
      -6.487878,
      0.9999999
    ],
    "trackingState" : "Normal"
  },
  {
    "timestamp" : 239631530979,
    "transform" : [
      0.13100517,
      -0.9868984,
      -0.09417548,
      0,
      -0.7432748,
      -0.034914058,
      -0.6680743,
      0,
      0.65603346,
      0.15751947,
      -0.7381108,
      0,
      -7.969783,
      0.087282084,
      -6.484504,
      0.9999999
    ],
    "trackingState" : "Normal"
  },
  {
    "timestamp" : 239631547652,
    "transform" : [
      0.12875737,
      -0.98728544,
      -0.09321454,
      0,
      -0.7435501,
      -0.033918343,
      -0.66781926,
      0,
      0.6561666,
      0.15529633,
      -0.7384636,
      0,
      -7.975035,
      0.08753536,
      -6.480442,
      0.9999999
    ],
    "trackingState" : "Normal"
  },
  {
    "timestamp" : 239631564326,
    "transform" : [
      0.127248,
      -0.98748827,
      -0.09313983,
      0,
      -0.7433133,
      -0.032764584,
      -0.66814053,
      0,
      0.6567292,
      0.1542516,
      -0.73818237,
      0,
      -7.9802203,
      0.08771211,
      -6.476057,
      0.9999999
    ],
    "trackingState" : "Normal"
  },
  {
    "timestamp" : 239631581000,
    "transform" : [
      0.12673596,
      -0.9876295,
      -0.092336684,
      0,
      -0.7435287,
      -0.03296885,
      -0.6678907,
      0,
      0.6565844,
      0.15330075,
      -0.73850924,
      0,
      -7.985824,
      0.08747403,
      -6.4719143,
      0.9999999
    ],
    "trackingState" : "Normal"
  },
  {
    "timestamp" : 239631597673,
    "transform" : [
      0.12666947,
      -0.9877532,
      -0.09109651,
      0,
      -0.7447363,
      -0.034037273,
      -0.66649014,
      0,
      0.65522707,
      0.15226685,
      -0.73992723,
      0,
      -7.991597,
      0.08696576,
      -6.467706,
      0.9999999
    ],
    "trackingState" : "Normal"
  },
  {
    "timestamp" : 239631614347,
    "transform" : [
      0.12669605,
      -0.9878204,
      -0.09032756,
      0,
      -0.74603945,
      -0.034878343,
      -0.66498756,
      0,
      0.65373796,
      0.15163922,
      -0.7413719,
      0,
      -7.9974103,
      0.08624446,
      -6.4632916,
      0.99999994
    ],
    "trackingState" : "Normal"
  },
  {
    "timestamp" : 239631631020,
    "transform" : [
      0.12651707,
      -0.9877929,
      -0.09087789,
      0,
      -0.74607086,
      -0.03437852,
      -0.6649784,
      0,
      0.65373665,
      0.15193246,
      -0.741313,
      0,
      -8.003197,
      0.08536484,
      -6.4586153,
      0.99999994
    ],
    "trackingState" : "Normal"
  },
  {
    "timestamp" : 239631647694,
    "transform" : [
      0.12583621,
      -0.9877047,
      -0.09276227,
      0,
      -0.74532956,
      -0.032416932,
      -0.66590756,
      0,
      0.654713,
      0.15293375,
      -0.7402448,
      0,
      -8.007906,
      0.08431827,
      -6.454528,
      0.99999994
    ],
    "trackingState" : "Normal"
  },
  {
    "timestamp" : 239631664368,
    "transform" : [
      0.1255807,
      -0.9874795,
      -0.09546648,
      0,
      -0.74491245,
      -0.030300094,
      -0.6664738,
      0,
      0.6552365,
      0.15481041,
      -0.7393908,
      0,
      -8.012417,
      0.08314086,
      -6.450477,
      0.9999999
    ],
    "trackingState" : "Normal"
  },
  {
    "timestamp" : 239631681041,
    "transform" : [
      0.1267162,
      -0.98706234,
      -0.09824042,
      0,
      -0.74528754,
      -0.029382672,
      -0.6660953,
      0,
      0.65459096,
      0.15762243,
      -0.73936856,
      0,
      -8.017966,
      0.081931576,
      -6.4455743,
      0.99999994
    ],
    "trackingState" : "Normal"
  },
  {
    "timestamp" : 239631697715,
    "transform" : [
      0.12911722,
      -0.9864922,
      -0.10080651,
      0,
      -0.7465657,
      -0.029796531,
      -0.664644,
      0,
      0.65266246,
      0.16107567,
      -0.7403286,
      0,
      -8.023943,
      0.08066865,
      -6.4402866,
      0.99999994
    ],
    "trackingState" : "Normal"
  },
  {
    "timestamp" : 239631714388,
    "transform" : [
      0.1317025,
      -0.98581034,
      -0.10407957,
      0,
      -0.74790853,
      -0.029907778,
      -0.66312754,
      0,
      0.65060526,
      0.16517757,
      -0.741235,
      0,
      -8.030053,
      0.07936331,
      -6.4346933,
      0.99999994
    ],
    "trackingState" : "Normal"
  },
  {
    "timestamp" : 239631731062,
    "transform" : [
      0.1332464,
      -0.9851127,
      -0.10862067,
      0,
      -0.74864155,
      -0.028226554,
      -0.6623737,
      0,
      0.6494468,
      0.16957685,
      -0.7412574,
      0,
      -8.036158,
      0.07807599,
      -6.4288173,
      0.99999994
    ],
    "trackingState" : "Normal"
  },
  {
    "timestamp" : 239631747736,
    "transform" : [
      0.13351934,
      -0.98451895,
      -0.113556735,
      0,
      -0.74909097,
      -0.02523583,
      -0.6619862,
      0,
      0.6488723,
      0.17345229,
      -0.7408638,
      0,
      -8.04332,
      0.07669559,
      -6.4232783,
      0.99999994
    ],
    "trackingState" : "Normal"
  },
  {
    "timestamp" : 239631764409,
    "transform" : [
      0.13266589,
      -0.9840465,
      -0.11854253,
      0,
      -0.74955094,
      -0.0213525,
      -0.6616021,
      0,
      0.648516,
      0.1766257,
      -0.7404258,
      0,
      -8.049807,
      0.07551268,
      -6.4171352,
      0.99999994
    ],
    "trackingState" : "Normal"
  },
  {
    "timestamp" : 239631781083,
    "transform" : [
      0.13202809,
      -0.9834673,
      -0.12393851,
      0,
      -0.75005966,
      -0.017375262,
      -0.6611418,
      0,
      0.64805794,
      0.18025057,
      -0.7399532,
      0,
      -8.056156,
      0.074485675,
      -6.41066,
      0.99999994
    ],
    "trackingState" : "Normal"
  },
  {
    "timestamp" : 239631797756,
    "transform" : [
      0.13255665,
      -0.98258203,
      -0.13023557,
      0,
      -0.7508441,
      -0.013769998,
      -0.6603359,
      0,
      0.6470409,
      0.18531853,
      -0.73959124,
      0,
      -8.062554,
      0.07362806,
      -6.403969,
      0.99999994
    ],
    "trackingState" : "Normal"
  },
  {
    "timestamp" : 239631814430,
    "transform" : [
      0.1333877,
      -0.9816438,
      -0.13632059,
      0,
      -0.7517553,
      -0.01058526,
      -0.65935713,
      0,
      0.64581096,
      0.19042987,
      -0.7393679,
      0,
      -8.068991,
      0.072995305,
      -6.397222,
      0.99999994
    ],
    "trackingState" : "Normal"
  },
  {
    "timestamp" : 239631831104,
    "transform" : [
      0.13321021,
      -0.9810387,
      -0.14077723,
      0,
      -0.7528872,
      -0.0077940677,
      -0.6581034,
      0,
      0.64452773,
      0.19365549,
      -0.73964965,
      0,
      -8.075387,
      0.07263121,
      -6.3905234,
      0.99999994
    ],
    "trackingState" : "Normal"
  },
  {
    "timestamp" : 239631847777,
    "transform" : [
      0.13215211,
      -0.9807484,
      -0.14376542,
      0,
      -0.75464237,
      -0.0055071916,
      -0.65611327,
      0,
      0.64269024,
      0.19519822,
      -0.74084204,
      0,
      -8.081566,
      0.0724448,
      -6.384044,
      0.99999994
    ],
    "trackingState" : "Normal"
  },
  {
    "timestamp" : 239631864451,
    "transform" : [
      0.13168278,
      -0.9804223,
      -0.14639609,
      0,
      -0.7568047,
      -0.004048748,
      -0.65362847,
      0,
      0.64023924,
      0.19686489,
      -0.74252135,
      0,
      -8.087699,
      0.072422445,
      -6.3775406,
      0.9999999
    ],
    "trackingState" : "Normal"
  },
  {
    "timestamp" : 239631881124,
    "transform" : [
      0.13286299,
      -0.97975636,
      -0.14975016,
      0,
      -0.7584408,
      -0.003236993,
      -0.6517339,
      0,
      0.6380557,
      0.20016795,
      -0.7435173,
      0,
      -8.093962,
      0.07258192,
      -6.3707952,
      0.99999994
    ],
    "trackingState" : "Normal"
  },
  {
    "timestamp" : 239631897798,
    "transform" : [
      0.13512367,
      -0.9788146,
      -0.15382993,
      0,
      -0.7594975,
      -0.0026143612,
      -0.6505049,
      0,
      0.63632154,
      0.20473208,
      -0.7437605,
      0,
      -8.100229,
      0.072844334,
      -6.3639736,
      0.9999999
    ],
    "trackingState" : "Normal"
  },
  {
    "timestamp" : 239631914472,
    "transform" : [
      0.13722461,
      -0.9779803,
      -0.15723856,
      0,
      -0.7608199,
      -0.0024150955,
      -0.6489585,
      0,
      0.63428897,
      0.20868333,
      -0.7443983,
      0,
      -8.106412,
      0.07313997,
      -6.3572245,
      0.99999994
    ],
    "trackingState" : "Normal"
  },
  {
    "timestamp" : 239631931145,
    "transform" : [
      0.13821961,
      -0.97753865,
      -0.15910245,
      0,
      -0.763654,
      -0.0028974295,
      -0.6456193,
      0,
      0.63065684,
      0.21073647,
      -0.74690175,
      0,
      -8.112453,
      0.07340743,
      -6.350578,
      0.99999994
    ],
    "trackingState" : "Normal"
  },
  {
    "timestamp" : 239631947819,
    "transform" : [
      0.13872178,
      -0.97734153,
      -0.15987432,
      0,
      -0.76851344,
      -0.0044191456,
      -0.63981825,
      0,
      0.6246146,
      0.21162233,
      -0.7517131,
      0,
      -8.11839,
      0.07357248,
      -6.3439493,
      0.9999999
    ],
    "trackingState" : "Normal"
  },
  {
    "timestamp" : 239631964492,
    "transform" : [
      0.13941725,
      -0.97708,
      -0.16086492,
      0,
      -0.7740428,
      -0.006213294,
      -0.6331027,
      0,
      0.6175926,
      0.21278177,
      -0.75716805,
      0,
      -8.123435,
      0.072698094,
      -6.3372307,
      0.9999999
    ],
    "trackingState" : "Normal"
  },
  {
    "timestamp" : 239631981166,
    "transform" : [
      0.14089459,
      -0.97652507,
      -0.16293441,
      0,
      -0.7777754,
      -0.00735278,
      -0.6284993,
      0,
      0.6125473,
      0.21527854,
      -0.7605532,
      0,
      -8.128893,
      0.0723089,
      -6.3303742,
      0.99999994
    ],
    "trackingState" : "Normal"
  },
  {
    "timestamp" : 239631997840,
    "transform" : [
      0.14285146,
      -0.97567564,
      -0.16628475,
      0,
      -0.7797673,
      -0.007474308,
      -0.6260249,
      0,
      0.6095543,
      0.21909198,
      -0.76186764,
      0,
      -8.134372,
      0.07201248,
      -6.323383,
      0.99999994
    ],
    "trackingState" : "Normal"
  },
  {
    "timestamp" : 239632014513,
    "transform" : [
      0.1444243,
      -0.974802,
      -0.17000814,
      0,
      -0.7806693,
      -0.0066762515,
      -0.6249088,
      0,
      0.60802734,
      0.22297215,
      -0.7619621,
      0,
      -8.139672,
      0.07168346,
      -6.316337,
      0.9999999
    ],
    "trackingState" : "Normal"
  },
  {
    "timestamp" : 239632031187,
    "transform" : [
      0.14476234,
      -0.974043,
      -0.17402373,
      0,
      -0.78191596,
      -0.0048372247,
      -0.62336504,
      0,
      0.60634255,
      0.22631174,
      -0.76232004,
      0,
      -8.144716,
      0.07131294,
      -6.3092976,
      0.99999994
    ],
    "trackingState" : "Normal"
  },
  {
    "timestamp" : 239632047860,
    "transform" : [
      0.14390886,
      -0.97356594,
      -0.17736885,
      0,
      -0.7843956,
      -0.002945589,
      -0.6202539,
      0,
      0.6033356,
      0.2283874,
      -0.7640847,
      0,
      -8.149623,
      0.07125699,
      -6.301855,
      0.99999994
    ],
    "trackingState" : "Normal"
  },
  {
    "timestamp" : 239632064534,
    "transform" : [
      0.14240041,
      -0.973364,
      -0.17967947,
      0,
      -0.78737223,
      -0.001391043,
      -0.6164764,
      0,
      0.59980595,
      0.22926112,
      -0.7665979,
      0,
      -8.154342,
      0.07128071,
      -6.2944927,
      0.99999994
    ],
    "trackingState" : "Normal"
  },
  {
    "timestamp" : 239632081208,
    "transform" : [
      0.14104046,
      -0.9733576,
      -0.18078318,
      0,
      -0.7900827,
      -0.00063034496,
      -0.613,
      0,
      0.5965543,
      0.22929148,
      -0.769122,
      0,
      -8.158806,
      0.07110647,
      -6.2876844,
      1
    ],
    "trackingState" : "Normal"
  },
  {
    "timestamp" : 239632097881,
    "transform" : [
      0.14041413,
      -0.9733333,
      -0.18140052,
      0,
      -0.79285115,
      -0.0008007445,
      -0.6094146,
      0,
      0.5930183,
      0.22939406,
      -0.771821,
      0,
      -8.163109,
      0.07086679,
      -6.2811394,
      0.9999999
    ],
    "trackingState" : "Normal"
  },
  {
    "timestamp" : 239632114555,
    "transform" : [
      0.14005932,
      -0.9730928,
      -0.18295844,
      0,
      -0.7956517,
      -0.000627541,
      -0.6057538,
      0,
      0.58934,
      0.2304127,
      -0.7743309,
      0,
      -8.167231,
      0.0705843,
      -6.2747264,
      0.9999998
    ],
    "trackingState" : "Normal"
  },
  {
    "timestamp" : 239632131229,
    "transform" : [
      0.13922267,
      -0.9726876,
      -0.18573134,
      0,
      -0.798223,
      0.00076766027,
      -0.60236156,
      0,
      0.5860522,
      0.23211741,
      -0.77631474,
      0,
      -8.171117,
      0.07029018,
      -6.2684517,
      0.99999994
    ],
    "trackingState" : "Normal"
  },
  {
    "timestamp" : 239632147902,
    "transform" : [
      0.13710092,
      -0.9725077,
      -0.18823393,
      0,
      -0.8011995,
      0.002871091,
      -0.59839016,
      0,
      0.58247954,
      0.23285282,
      -0.7787792,
      0,
      -8.1751795,
      0.07000374,
      -6.262378,
      0.9999999
    ],
    "trackingState" : "Normal"
  },
  {
    "timestamp" : 239632164576,
    "transform" : [
      0.13435024,
      -0.9727391,
      -0.18902063,
      0,
      -0.8047679,
      0.004191399,
      -0.5935748,
      0,
      0.5781858,
      0.23186466,
      -0.782266,
      0,
      -8.179149,
      0.06980888,
      -6.2566156,
      0.99999994
    ],
    "trackingState" : "Normal"
  },
  {
    "timestamp" : 239632181249,
    "transform" : [
      0.13263024,
      -0.9731244,
      -0.18825087,
      0,
      -0.80889857,
      0.0034891893,
      -0.58793795,
      0,
      0.57279354,
      0.23025422,
      -0.78669614,
      0,
      -8.182812,
      0.06972844,
      -6.251138,
      1
    ],
    "trackingState" : "Normal"
  },
  {
    "timestamp" : 239632197923,
    "transform" : [
      0.1332809,
      -0.9732478,
      -0.18714932,
      0,
      -0.81349075,
      0.0004306077,
      -0.5815776,
      0,
      0.5660998,
      0.22975744,
      -0.7916708,
      0,
      -8.186447,
      0.06970099,
      -6.245804,
      0.9999999
    ],
    "trackingState" : "Normal"
  },
  {
    "timestamp" : 239632214596,
    "transform" : [
      0.13575283,
      -0.97288805,
      -0.18724348,
      0,
      -0.8175725,
      -0.0032582313,
      -0.57581645,
      0,
      0.55959487,
      0.23125385,
      -0.79584885,
      0,
      -8.190073,
      0.0696803,
      -6.240506,
      0.9999999
    ],
    "trackingState" : "Normal"
  },
  {
    "timestamp" : 239632231270,
    "transform" : [
      0.13809285,
      -0.97223955,
      -0.18889333,
      0,
      -0.8202409,
      -0.0053728744,
      -0.57199305,
      0,
      0.55509937,
      0.23392618,
      -0.7982126,
      0,
      -8.193565,
      0.06969336,
      -6.23523,
      0.99999994
    ],
    "trackingState" : "Normal"
  },
  {
    "timestamp" : 239632247944,
    "transform" : [
      0.13943899,
      -0.97170544,
      -0.1906445,
      0,
      -0.82206166,
      -0.006258372,
      -0.56936413,
      0,
      0.5520611,
      0.2361131,
      -0.7996745,
      0,
      -8.196967,
      0.06997369,
      -6.229984,
      1
    ],
    "trackingState" : "Normal"
  },
  {
    "timestamp" : 239632264617,
    "transform" : [
      0.14038216,
      -0.9713906,
      -0.1915549,
      0,
      -0.82428455,
      -0.0074846814,
      -0.5661264,
      0,
      0.548496,
      0.23736978,
      -0.8017529,
      0,
      -8.200299,
      0.070336744,
      -6.2249193,
      0.99999994
    ],
    "trackingState" : "Normal"
  },
  {
    "timestamp" : 239632281291,
    "transform" : [
      0.14167866,
      -0.9710604,
      -0.19227338,
      0,
      -0.82726586,
      -0.009474245,
      -0.5617307,
      0,
      0.5436528,
      0.23864648,
      -0.80466735,
      0,
      -8.203547,
      0.070617996,
      -6.2200828,
      0.99999994
    ],
    "trackingState" : "Normal"
  },
  {
    "timestamp" : 239632297964,
    "transform" : [
      0.14327036,
      -0.9706129,
      -0.19334975,
      0,
      -0.8303202,
      -0.011572377,
      -0.5571663,
      0,
      0.5385553,
      0.24036764,
      -0.8075775,
      0,
      -8.2067,
      0.07094138,
      -6.2154164,
      0.9999999
    ],
    "trackingState" : "Normal"
  },
  {
    "timestamp" : 239632314638,
    "transform" : [
      0.14456505,
      -0.9702325,
      -0.19429362,
      0,
      -0.8335421,
      -0.013599753,
      -0.55228853,
      0,
      0.53320587,
      0.24179353,
      -0.8106957,
      0,
      -8.209745,
      0.07131964,
      -6.2109275,
      0.99999994
    ],
    "trackingState" : "Normal"
  },
  {
    "timestamp" : 239632331312,
    "transform" : [
      0.14512634,
      -0.970062,
      -0.19472577,
      0,
      -0.8376294,
      -0.0157096,
      -0.546013,
      0,
      0.52660745,
      0.24234891,
      -0.8148323,
      0,
      -8.212697,
      0.07170987,
      -6.206608,
      0.9999999
    ],
    "trackingState" : "Normal"
  },
  {
    "timestamp" : 239632347985,
    "transform" : [
      0.14484562,
      -0.9701529,
      -0.19448206,
      0,
      -0.842462,
      -0.01783848,
      -0.5384604,
      0,
      0.5189196,
      0.24183738,
      -0.81990075,
      0,
      -8.216476,
      0.07204359,
      -6.2025194,
      0.99999994
    ],
    "trackingState" : "Normal"
  },
  {
    "timestamp" : 239632364659,
    "transform" : [
      0.1435971,
      -0.97048855,
      -0.19373131,
      0,
      -0.8468821,
      -0.019221906,
      -0.53143287,
      0,
      0.51202565,
      0.24037983,
      -0.82464963,
      0,
      -8.219588,
      0.07239121,
      -6.1984587,
      0.99999976
    ],
    "trackingState" : "Normal"
  },
  {
    "timestamp" : 239632381333,
    "transform" : [
      0.14132428,
      -0.9710111,
      -0.19278233,
      0,
      -0.8499071,
      -0.019151535,
      -0.5265844,
      0,
      0.5076272,
      0.23826623,
      -0.8279758,
      0,
      -8.222426,
      0.07274719,
      -6.1944256,
      0.99999994
    ],
    "trackingState" : "Normal"
  },
  {
    "timestamp" : 239632398006,
    "transform" : [
      0.1391166,
      -0.97130305,
      -0.1929175,
      0,
      -0.852316,
      -0.018255599,
      -0.52270836,
      0,
      0.50418645,
      0.23714408,
      -0.8303967,
      0,
      -8.225151,
      0.073085144,
      -6.1903653,
      0.9999998
    ],
    "trackingState" : "Normal"
  },
  {
    "timestamp" : 239632414680,
    "transform" : [
      0.13707897,
      -0.97132224,
      -0.19427435,
      0,
      -0.8554489,
      -0.017200615,
      -0.5176016,
      0,
      0.49941635,
      0.23714408,
      -0.8332743,
      0,
      -8.227851,
      0.07341471,
      -6.1863017,
      0.99999994
    ],
    "trackingState" : "Normal"
  },
  {
    "timestamp" : 239632431353,
    "transform" : [
      0.1351785,
      -0.97145784,
      -0.19492665,
      0,
      -0.85981685,
      -0.017247885,
      -0.51031077,
      0,
      0.49238342,
      0.23658432,
      -0.8376075,
      0,
      -8.230594,
      0.07374269,
      -6.1823335,
      0.9999999
    ],
    "trackingState" : "Normal"
  },
  {
    "timestamp" : 239632448027,
    "transform" : [
      0.13349852,
      -0.9718972,
      -0.19389223,
      0,
      -0.86453253,
      -0.018556014,
      -0.5022341,
      0,
      0.48452207,
      0.23467365,
      -0.8427139,
      0,
      -8.233665,
      0.07406692,
      -6.178546,
      0.99999994
    ],
    "trackingState" : "Normal"
  },
  {
    "timestamp" : 239632464701,
    "transform" : [
      0.13182434,
      -0.9724182,
      -0.19241975,
      0,
      -0.8686731,
      -0.019813005,
      -0.49498942,
      0,
      0.4775243,
      0.23240152,
      -0.84732527,
      0,
      -8.236845,
      0.074360505,
      -6.1748033,
      0.9999999
    ],
    "trackingState" : "Normal"
  },
  {
    "timestamp" : 239632481374,
    "transform" : [
      0.13030732,
      -0.97284657,
      -0.19128428,
      0,
      -0.87174094,
      -0.020510314,
      -0.48953748,
      0,
      0.47232163,
      0.23054065,
      -0.8507428,
      0,
      -8.23996,
      0.07458186,
      -6.1710305,
      0.9999998
    ],
    "trackingState" : "Normal"
  },
  {
    "timestamp" : 239632498048,
    "transform" : [
      0.12939993,
      -0.9730431,
      -0.19090034,
      0,
      -0.8738191,
      -0.020895688,
      -0.48580182,
      0,
      0.46871713,
      0.2296751,
      -0.8529675,
      0,
      -8.243128,
      0.07474075,
      -6.1672163,
      0.99999994
    ],
    "trackingState" : "Normal"
  },
  {
    "timestamp" : 239632514721,
    "transform" : [
      0.12938449,
      -0.97284377,
      -0.19192338,
      0,
      -0.8759178,
      -0.021407343,
      -0.48198494,
      0,
      0.46478754,
      0.2304705,
      -0.854901,
      0,
      -8.246373,
      0.07484377,
      -6.1633396,
      0.9999998
    ],
    "trackingState" : "Normal"
  },
  {
    "timestamp" : 239632531395,
    "transform" : [
      0.12985763,
      -0.972365,
      -0.19401863,
      0,
      -0.8788196,
      -0.022260644,
      -0.4766344,
      0,
      0.45914367,
      0.23240203,
      -0.8574242,
      0,
      -8.249682,
      0.07490794,
      -6.1594524,
      0.9999998
    ],
    "trackingState" : "Normal"
  },
  {
    "timestamp" : 239632548069,
    "transform" : [
      0.12969027,
      -0.97202665,
      -0.19581813,
      0,
      -0.8822521,
      -0.022985704,
      -0.4702159,
      0,
      0.45256138,
      0.23374337,
      -0.86055356,
      0,
      -8.2529955,
      0.07498881,
      -6.1556787,
      0.99999994
    ],
    "trackingState" : "Normal"
  },
  {
    "timestamp" : 239632564742,
    "transform" : [
      0.12798911,
      -0.9722415,
      -0.19587047,
      0,
      -0.8855904,
      -0.023125283,
      -0.4638911,
      0,
      0.44648468,
      0.23283401,
      -0.86396754,
      0,
      -8.256544,
      0.075519495,
      -6.1517334,
      0.99999994
    ],
    "trackingState" : "Normal"
  },
  {
    "timestamp" : 239632581416,
    "transform" : [
      0.12526171,
      -0.9729752,
      -0.1939816,
      0,
      -0.88831276,
      -0.022918038,
      -0.45866668,
      0,
      0.44182563,
      0.2297697,
      -0.86717707,
      0,
      -8.259955,
      0.07589792,
      -6.148232,
      0.99999994
    ],
    "trackingState" : "Normal"
  },
  {
    "timestamp" : 239632598089,
    "transform" : [
      0.1229607,
      -0.97367674,
      -0.1919225,
      0,
      -0.89112496,
      -0.023212085,
      -0.45316362,
      0,
      0.43678,
      0.22674826,
      -0.87052184,
      0,
      -8.263435,
      0.07625147,
      -6.144864,
      0.99999976
    ],
    "trackingState" : "Normal"
  },
  {
    "timestamp" : 239632614763,
    "transform" : [
      0.12210041,
      -0.9738977,
      -0.19135016,
      0,
      -0.89403623,
      -0.024195055,
      -0.44734064,
      0,
      0.4310343,
      0.22569446,
      -0.87365407,
      0,
      -8.267063,
      0.076593176,
      -6.141484,
      0.99999994
    ],
    "trackingState" : "Normal"
  },
  {
    "timestamp" : 239632631437,
    "transform" : [
      0.12288273,
      -0.9735782,
      -0.192472,
      0,
      -0.89686626,
      -0.0259094,
      -0.4415424,
      0,
      0.42488924,
      0.22687955,
      -0.8763532,
      0,
      -8.270857,
      0.07694994,
      -6.138112,
      0.99999994
    ],
    "trackingState" : "Normal"
  },
  {
    "timestamp" : 239632648110,
    "transform" : [
      0.12397664,
      -0.97321934,
      -0.19358155,
      0,
      -0.89973575,
      -0.027983775,
      -0.43553668,
      0,
      0.41845566,
      0.22816865,
      -0.8791097,
      0,
      -8.275285,
      0.07728024,
      -6.134785,
      0.9999999
    ],
    "trackingState" : "Normal"
  },
  {
    "timestamp" : 239632664784,
    "transform" : [
      0.123780645,
      -0.9734896,
      -0.19234467,
      0,
      -0.9025366,
      -0.029882327,
      -0.42957494,
      0,
      0.41243902,
      0.22677118,
      -0.8823089,
      0,
      -8.2797575,
      0.07771811,
      -6.1317368,
      0.99999994
    ],
    "trackingState" : "Normal"
  },
  {
    "timestamp" : 239632681457,
    "transform" : [
      0.121749945,
      -0.9744404,
      -0.18879321,
      0,
      -0.9051004,
      -0.030924516,
      -0.42407158,
      0,
      0.40739417,
      0.22250752,
      -0.8857315,
      0,
      -8.283822,
      0.07835201,
      -6.12902,
      0.9999999
    ],
    "trackingState" : "Normal"
  },
  {
    "timestamp" : 239632698131,
    "transform" : [
      0.11855675,
      -0.97548527,
      -0.18539926,
      0,
      -0.90756136,
      -0.030705966,
      -0.4187952,
      0,
      0.40283573,
      0.21791221,
      -0.88895315,
      0,
      -8.287696,
      0.079118505,
      -6.1264477,
      0.99999994
    ],
    "trackingState" : "Normal"
  },
  {
    "timestamp" : 239632714805,
    "transform" : [
      0.11495495,
      -0.976235,
      -0.18371367,
      0,
      -0.91032827,
      -0.029504681,
      -0.4128339,
      0,
      0.39760247,
      0.21469706,
      -0.8920861,
      0,
      -8.291477,
      0.079977095,
      -6.123917,
      0.9999999
    ],
    "trackingState" : "Normal"
  },
  {
    "timestamp" : 239632731478,
    "transform" : [
      0.111141935,
      -0.97677225,
      -0.18320304,
      0,
      -0.91383594,
      -0.027997183,
      -0.40511683,
      0,
      0.39057773,
      0.21244302,
      -0.89572144,
      0,
      -8.295248,
      0.080906734,
      -6.121469,
      0.9999999
    ],
    "trackingState" : "Normal"
  },
  {
    "timestamp" : 239632748152,
    "transform" : [
      0.10739504,
      -0.97745,
      -0.18181822,
      0,
      -0.91797924,
      -0.027257284,
      -0.39569074,
      0,
      0.38181207,
      0.20940058,
      -0.9002061,
      0,
      -8.299082,
      0.08189305,
      -6.119203,
      0.9999999
    ],
    "trackingState" : "Normal"
