[
  {
    "timestamp" : 239747629052,
    "transform" : [
      -0.13241851,
      -0.9873592,
      -0.08710441,
      0,
      -0.4760291,
      -0.01373136,
      0.8793223,
      0,
      -0.86940306,
      0.1579028,
      -0.46819344,
      0,
      -8.233604,
      0.06553979,
      11.024342,
      0.9999999
    ],
    "trackingState" : "Normal"
  },
  {
    "timestamp" : 239747645725,
    "transform" : [
      -0.13054615,
      -0.9878256,
      -0.08460735,
      0,
      -0.46976995,
      -0.013519608,
      0.88268524,
      0,
      -0.873083,
      0.15497719,
      -0.46228585,
      0,
      -8.231709,
      0.06581439,
      11.021822,
      0.9999999
    ],
    "trackingState" : "Normal"
  },
  {
    "timestamp" : 239747662399,
    "transform" : [
      -0.12971129,
      -0.9880679,
      -0.0830461,
      0,
      -0.4603765,
      -0.014165592,
      0.8876106,
      0,
      -0.87819606,
      0.15336561,
      -0.45304587,
      0,
      -8.229634,
      0.06599746,
      11.019216,
      0.9999998
    ],
    "trackingState" : "Normal"
  },
  {
    "timestamp" : 239747679072,
    "transform" : [
      -0.12929262,
      -0.988174,
      -0.082436,
      0,
      -0.44996685,
      -0.015615103,
      0.89290875,
      0,
      -0.8836365,
      0.15253998,
      -0.44262663,
      0,
      -8.227502,
      0.0661574,
      11.016607,
      0.99999994
    ],
    "trackingState" : "Normal"
  },
  {
    "timestamp" : 239747695746,
    "transform" : [
      -0.12896655,
      -0.98824984,
      -0.08203619,
      0,
      -0.44020054,
      -0.017076438,
      0.897737,
      0,
      -0.8885895,
      0.15189043,
      -0.43282583,
      0,
      -8.225346,
      0.06630426,
      11.013978,
      0.99999994
    ],
    "trackingState" : "Normal"
  },
  {
    "timestamp" : 239747712419,
    "transform" : [
      -0.12891003,
      -0.98834807,
      -0.08093463,
      0,
      -0.4317959,
      -0.017528342,
      0.901801,
      0,
      -0.89271194,
      0.15119845,
      -0.42450505,
      0,
      -8.223173,
      0.06645368,
      11.0112915,
      0.9999999
    ],
    "trackingState" : "Normal"
  },
  {
    "timestamp" : 239747729093,
    "transform" : [
      -0.12826392,
      -0.9885525,
      -0.07944933,
      0,
      -0.426055,
      -0.017416155,
      0.90452945,
      0,
      -0.89555866,
      0.1498683,
      -0.41894394,
      0,
      -8.221042,
      0.06660437,
      11.008559,
      0.9999998
    ],
    "trackingState" : "Normal"
  },
  {
    "timestamp" : 239747745766,
    "transform" : [
      -0.1276362,
      -0.9887632,
      -0.077823035,
      0,
      -0.42178908,
      -0.016903814,
      0.90653634,
      0,
      -0.89766526,
      0.14853176,
      -0.414892,
      0,
      -8.21895,
      0.06675549,
      11.005797,
      0.9999999
    ],
    "trackingState" : "Normal"
  },
  {
    "timestamp" : 239747762440,
    "transform" : [
      -0.12782848,
      -0.988815,
      -0.076841794,
      0,
      -0.41618305,
      -0.016847167,
      0.9091246,
      0,
      -0.90025073,
      0.1481923,
      -0.40937448,
      0,
      -8.21633,
      0.066691585,
      11.003034,
      0.9999998
    ],
    "trackingState" : "Normal"
  },
  {
    "timestamp" : 239747779113,
    "transform" : [
      -0.12838103,
      -0.9887573,
      -0.07666296,
      0,
      -0.40853798,
      -0.017710852,
      0.91256934,
      0,
      -0.90366745,
      0.14847635,
      -0.40167123,
      0,
      -8.214012,
      0.06669527,
      11.000328,
      0.9999999
    ],
    "trackingState" : "Normal"
  },
  {
    "timestamp" : 239747795787,
    "transform" : [
      -0.12855057,
      -0.98874956,
      -0.07647944,
      0,
      -0.4003236,
      -0.018818878,
      0.9161806,
      0,
      -0.9073124,
      0.14839207,
      -0.39340064,
      0,
      -8.211982,
      0.0667572,
      10.997639,
      0.99999994
    ],
    "trackingState" : "Normal"
  },
  {
    "timestamp" : 239747812460,
    "transform" : [
      -0.12868524,
      -0.9887764,
      -0.0759043,
      0,
      -0.39180034,
      -0.019621197,
      0.91984093,
      0,
      -0.91100645,
      0.14810929,
      -0.38487795,
      0,
      -8.210056,
      0.06682059,
      10.994953,
      0.9999999
    ],
    "trackingState" : "Normal"
  },
  {
    "timestamp" : 239747829134,
    "transform" : [
      -0.12990524,
      -0.98866206,
      -0.07531167,
      0,
      -0.38316002,
      -0.01999998,
      0.9234653,
      0,
      -0.9145015,
      0.14881942,
      -0.37621766,
      0,
      -8.208128,
      0.06685563,
      10.992278,
      0.9999999
    ],
    "trackingState" : "Normal"
  },
  {
    "timestamp" : 239747845807,
    "transform" : [
      -0.13172127,
      -0.9884669,
      -0.07471634,
      0,
      -0.37572092,
      -0.019965837,
      0.9265176,
      0,
      -0.9173238,
      0.1501146,
      -0.36875778,
      0,
      -8.205494,
      0.06716787,
      10.989265,
      0.9999998
    ],
    "trackingState" : "Normal"
  },
  {
    "timestamp" : 239747862481,
    "transform" : [
      -0.13267012,
      -0.98839015,
      -0.074051864,
      0,
      -0.37087795,
      -0.01978022,
      0.9284709,
      0,
      -0.9191563,
      0.15064457,
      -0.36394787,
      0,
      -8.203275,
      0.067420006,
      10.986391,
      0.99999994
    ],
    "trackingState" : "Normal"
  },
  {
    "timestamp" : 239747879154,
    "transform" : [
      -0.13277909,
      -0.9883969,
      -0.07376591,
      0,
      -0.36698288,
      -0.020108737,
      0.93001026,
      0,
      -0.9207026,
      0.15055674,
      -0.36005473,
      0,
      -8.201382,
      0.0676191,
      10.98362,
      0.99999994
    ],
    "trackingState" : "Normal"
  },
  {
    "timestamp" : 239747895828,
    "transform" : [
      -0.13363144,
      -0.9882845,
      -0.07373063,
      0,
      -0.36079285,
      -0.020777656,
      0.93241435,
      0,
      -0.92302275,
      0.15120138,
      -0.35378948,
      0,
      -8.199559,
      0.06776249,
      10.980881,
      0.9999999
    ],
    "trackingState" : "Normal"
  },
  {
    "timestamp" : 239747912502,
    "transform" : [
      -0.13529548,
      -0.9880751,
      -0.07350435,
      0,
      -0.35274643,
      -0.021290502,
      0.93547666,
      0,
      -0.9258861,
      0.15249418,
      -0.34565946,
      0,
      -8.197759,
      0.067851774,
      10.978121,
      0.99999994
    ],
    "trackingState" : "Normal"
  },
  {
    "timestamp" : 239747929175,
    "transform" : [
      -0.13734779,
      -0.9878401,
      -0.07285323,
      0,
      -0.3446731,
      -0.02129019,
      0.9384814,
      0,
      -0.92862046,
      0.1540089,
      -0.33755773,
      0,
      -8.195998,
      0.06792303,
      10.97532,
      0.99999994
    ],
    "trackingState" : "Normal"
  },
  {
    "timestamp" : 239747945849,
    "transform" : [
      -0.13975061,
      -0.9875524,
      -0.07217997,
      0,
      -0.33709514,
      -0.021091538,
      0.94123423,
      0,
      -0.9310406,
      0.1558696,
      -0.3299516,
      0,
      -8.193859,
      0.06823674,
      10.972346,
      0.9999999
    ],
    "trackingState" : "Normal"
  },
  {
    "timestamp" : 239747962522,
    "transform" : [
      -0.14256625,
      -0.9871672,
      -0.07194431,
      0,
      -0.32984424,
      -0.021147666,
      0.9437985,
      0,
      -0.9332084,
      0.15828423,
      -0.3225965,
      0,
      -8.191914,
      0.06844807,
      10.96945,
      0.99999994
    ],
    "trackingState" : "Normal"
  },
  {
    "timestamp" : 239747979196,
    "transform" : [
      -0.14583772,
      -0.9866719,
      -0.07218043,
      0,
      -0.32235155,
      -0.021586347,
      0.9463738,
      0,
      -0.9353187,
      0.16128448,
      -0.3149071,
      0,
      -8.190143,
      0.06858509,
      10.9665,
      0.9999999
    ],
    "trackingState" : "Normal"
  },
  {
    "timestamp" : 239747995869,
    "transform" : [
      -0.14838584,
      -0.9863419,
      -0.07149436,
      0,
      -0.31439567,
      -0.021493325,
      0.9490487,
      0,
      -0.93762314,
      0.16330288,
      -0.3069123,
      0,
      -8.188507,
      0.06870407,
      10.963432,
      0.99999994
    ],
    "trackingState" : "Normal"
  },
  {
    "timestamp" : 239748012543,
    "transform" : [
      -0.14983322,
      -0.98628825,
      -0.06917768,
      0,
      -0.30500412,
      -0.020446857,
      0.95213157,
      0,
      -0.94049066,
      0.1637604,
      -0.29775834,
      0,
      -8.187005,
      0.068781435,
      10.960228,
      0.99999994
    ],
    "trackingState" : "Normal"
  },
  {
    "timestamp" : 239748029216,
    "transform" : [
      -0.1509704,
      -0.9863603,
      -0.06558448,
      0,
      -0.29325324,
      -0.018671192,
      0.95585257,
      0,
      -0.9440395,
      0.16353829,
      -0.28643456,
      0,
      -8.185548,
      0.06878159,
      10.956979,
      0.99999994
    ],
    "trackingState" : "Normal"
  },
  {
    "timestamp" : 239748045890,
    "transform" : [
      -0.1526887,
      -0.98631275,
      -0.062236995,
      0,
      -0.27898568,
      -0.017396234,
      0.9601377,
      0,
      -0.94807875,
      0.1639654,
      -0.27251095,
      0,
      -8.184016,
      0.0686778,
      10.953814,
      0.9999999
    ],
    "trackingState" : "Normal"
  },
  {
    "timestamp" : 239748062563,
    "transform" : [
      -0.15522629,
      -0.9860448,
      -0.060171504,
      0,
      -0.26600292,
      -0.016940463,
      0.9638234,
      0,
      -0.95139235,
      0.16561653,
      -0.2596612,
      0,
      -8.18224,
      0.06884036,
      10.951159,
      0.99999994
    ],
    "trackingState" : "Normal"
  },
  {
    "timestamp" : 239748079237,
    "transform" : [
      -0.15775907,
      -0.98574585,
      -0.058457628,
      0,
      -0.25609896,
      -0.016330888,
      0.96651256,
      0,
      -0.95369047,
      0.16744706,
      -0.24987213,
      0,
      -8.180527,
      0.06883782,
      10.948378,
      0.9999999
    ],
    "trackingState" : "Normal"
  },
  {
    "timestamp" : 239748095910,
    "transform" : [
      -0.15983279,
      -0.9855008,
      -0.056936145,
      0,
      -0.24840544,
      -0.015668178,
      0.9685294,
      0,
      -0.95537865,
      0.168946,
      -0.24229947,
      0,
      -8.178896,
      0.068667315,
      10.9455185,
      0.9999999
    ],
    "trackingState" : "Normal"
  },
  {
    "timestamp" : 239748112584,
    "transform" : [
      -0.16162324,
      -0.9853135,
      -0.055092968,
      0,
      -0.24099569,
      -0.01472882,
      0.9704143,
      0,
      -0.9569738,
      0.17011869,
      -0.2350758,
      0,
      -8.1773,
      0.06838089,
      10.942681,
      0.9999998
    ],
    "trackingState" : "Normal"
  },
  {
    "timestamp" : 239748129258,
    "transform" : [
      -0.16293696,
      -0.9851934,
      -0.053345233,
      0,
      -0.23487246,
      -0.013782417,
      0.97192854,
      0,
      -0.95827276,
      0.17089239,
      -0.22914913,
      0,
      -8.176097,
      0.06790299,
      10.940247,
      0.99999994
    ],
    "trackingState" : "Normal"
  },
  {
    "timestamp" : 239748145931,
    "transform" : [
      -0.1639106,
      -0.9850838,
      -0.052376736,
      0,
      -0.22977695,
      -0.013509018,
      0.9731496,
      0,
      -0.9593415,
      0.17154449,
      -0.22413528,
      0,
      -8.174674,
      0.067449845,
      10.937701,
      0.99999994
    ],
    "trackingState" : "Normal"
  },
  {
    "timestamp" : 239748162605,
    "transform" : [
      -0.16554174,
      -0.9847836,
      -0.052889705,
      0,
      -0.2245841,
      -0.014576617,
      0.9743457,
      0,
      -0.9602906,
      0.17317306,
      -0.21875371,
      0,
      -8.173124,
      0.06697218,
      10.9352,
      0.9999999
    ],
    "trackingState" : "Normal"
  },
  {
    "timestamp" : 239748179278,
    "transform" : [
      -0.16814499,
      -0.9842632,
      -0.054344203,
      0,
      -0.21860655,
      -0.016524632,
      0.9756732,
      0,
      -0.9612172,
      0.17593454,
      -0.21238784,
      0,
      -8.171485,
      0.066457145,
      10.93269,
      0.99999994
    ],
    "trackingState" : "Normal"
  },
  {
    "timestamp" : 239748195952,
    "transform" : [
      -0.17088765,
      -0.9837639,
      -0.054827552,
      0,
      -0.21285276,
      -0.017472351,
      0.97692806,
      0,
      -0.96202457,
      0.17861512,
      -0.20641103,
      0,
      -8.169858,
      0.06592129,
      10.930011,
      0.99999994
    ],
    "trackingState" : "Normal"
  },
  {
    "timestamp" : 239748212625,
    "transform" : [
      -0.17317802,
      -0.98346585,
      -0.05295549,
      0,
      -0.20716453,
      -0.016190946,
      0.97817206,
      0,
      -0.96285623,
      0.18036841,
      -0.20093535,
      0,
      -8.168308,
      0.06537205,
      10.927108,
      0.9999999
    ],
    "trackingState" : "Normal"
  },
  {
    "timestamp" : 239748229299,
    "transform" : [
      -0.17539038,
      -0.9832464,
      -0.049647596,
      0,
      -0.20037568,
      -0.0137218535,
      0.979623,
      0,
      -0.9638921,
      0.18176465,
      -0.19461197,
      0,
      -8.166828,
      0.06482356,
      10.924089,
      0.9999999
    ],
    "trackingState" : "Normal"
  },
  {
    "timestamp" : 239748245972,
    "transform" : [
      -0.17728542,
      -0.9830485,
      -0.04674911,
      0,
      -0.19109514,
      -0.012212681,
      0.98149544,
      0,
      -0.96542865,
      0.18293837,
      -0.18569064,
      0,
      -8.166171,
      0.06440095,
      10.922027,
      0.9999998
    ],
    "trackingState" : "Normal"
  },
  {
    "timestamp" : 239748262646,
    "transform" : [
      -0.1782724,
      -0.98296154,
      -0.044783834,
      0,
      -0.18119405,
      -0.011940853,
      0.98337483,
      0,
      -0.9671545,
      0.18342318,
      -0.17597806,
      0,
      -8.164998,
      0.06395466,
      10.919441,
      0.9999999
    ],
    "trackingState" : "Normal"
  },
  {
    "timestamp" : 239748279319,
    "transform" : [
      -0.17892449,
      -0.982891,
      -0.043719023,
      0,
      -0.17278709,
      -0.012353587,
      0.9848818,
      0,
      -0.9685715,
      0.18377355,
      -0.16762052,
      0,
      -8.163627,
      0.063538305,
      10.916709,
      0.99999994
    ],
    "trackingState" : "Normal"
  },
  {
    "timestamp" : 239748295993,
    "transform" : [
      -0.18000887,
      -0.98272103,
      -0.04308373,
      0,
      -0.1662441,
      -0.012775976,
      0.98600173,
      0,
      -0.96951514,
      0.1846515,
      -0.1610718,
      0,
      -8.162139,
      0.06314438,
      10.913942,
      0.9999999
    ],
    "trackingState" : "Normal"
  },
  {
    "timestamp" : 239748312666,
    "transform" : [
      -0.18189643,
      -0.982407,
      -0.042312432,
      0,
      -0.16087152,
      -0.012719686,
      0.9868934,
      0,
      -0.97006917,
      0.18631925,
      -0.15572762,
      0,
      -8.160578,
      0.06279306,
      10.911171,
      0.99999994
    ],
    "trackingState" : "Normal"
  },
  {
    "trackingState" : "Normal",
    "timestamp" : 239748329340,
    "transform" : [
      -0.18403934,
      -0.9820419,
      -0.04151318,
      0,
      -0.15528516,
      -0.0126549285,
      0.9877886,
      0,
      -0.97057515,
      0.18823837,
      -0.15016751,
      0,
      -8.159006,
      0.062482335,
      10.908418,
      0.99999994
    ]
  },
  {
    "trackingState" : "Normal",
    "timestamp" : 239748346014,
    "transform" : [
      -0.18559164,
      -0.9817878,
      -0.040600214,
      0,
      -0.14874148,
      -0.012772676,
      0.9887935,
      0,
      -0.97130406,
      0.18955076,
      -0.14366207,
      0,
      -8.157483,
      0.062208273,
      10.905673,
      0.9999999
    ]
  },
  {
    "trackingState" : "Normal",
    "timestamp" : 239748362687,
    "transform" : [
      -0.18621975,
      -0.9817114,
      -0.03956106,
      0,
      -0.14158209,
      -0.013032112,
      0.9898407,
      0,
      -0.9722535,
      0.18992904,
      -0.1365659,
      0,
      -8.15736,
      0.062051095,
      10.904999,
      0.99999994
    ]
  },
  {
    "trackingState" : "Normal",
    "timestamp" : 239748379361,
    "transform" : [
      -0.18579015,
      -0.9818535,
      -0.038023397,
      0,
      -0.13451141,
      -0.012918165,
      0.9908278,
      0,
      -0.973339,
      0.18920065,
      -0.12967044,
      0,
      -8.1564045,
      0.061812095,
      10.902985,
      0.9999999
    ]
  },
  {
    "trackingState" : "Normal",
    "timestamp" : 239748396034,
    "transform" : [
      -0.18578018,
      -0.98192596,
      -0.036154076,
      0,
      -0.12771508,
      -0.012351546,
      0.99173385,
      0,
      -0.97425586,
      0.18886194,
      -0.12311207,
      0,
      -8.155143,
      0.06152223,
      10.900581,
      0.9999999
    ]
  },
  {
    "trackingState" : "Normal",
    "timestamp" : 239748412708,
    "transform" : [
      -0.18684956,
      -0.9817899,
      -0.0342921,
      0,
      -0.12166613,
      -0.01151142,
      0.9925043,
      0,
      -0.9748255,
      0.18962121,
      -0.11729967,
      0,
      -8.153741,
      0.061197467,
      10.898113,
      0.9999999
    ]
  },
  {
    "trackingState" : "Normal",
    "timestamp" : 239748429381,
    "transform" : [
      -0.18849418,
      -0.981536,
      -0.032513563,
      0,
      -0.11636347,
      -0.01055186,
      0.99315065,
      0,
      -0.97515625,
      0.1909865,
      -0.11222598,
      0,
      -8.152303,
      0.060824327,
      10.895705,
      0.99999994
    ]
  },
  {
    "trackingState" : "Normal",
    "timestamp" : 239748446055,
    "transform" : [
      -0.19016594,
      -0.98126507,
      -0.030914037,
      0,
      -0.11088031,
      -0.00982024,
      0.99378514,
      0,
      -0.97547036,
      0.19241185,
      -0.10693551,
      0,
      -8.152096,
      0.06070506,
      10.894481,
      0.9999998
    ]
  },
  {
    "trackingState" : "Normal",
    "timestamp" : 239748462728,
    "transform" : [
      -0.19205461,
      -0.98094356,
      -0.029404618,
      0,
      -0.10496535,
      -0.009258262,
      0.9944326,
      0,
      -0.9757547,
      0.19407187,
      -0.101187,
      0,
      -8.151254,
      0.06030441,
      10.89289,
      0.9999998
    ]
  },
  {
    "trackingState" : "Normal",
    "timestamp" : 239748479402,
    "transform" : [
      -0.19447547,
      -0.98050535,
      -0.028082171,
      0,
      -0.09835062,
      -0.008993426,
      0.99511117,
      0,
      -0.9759645,
      0.19628662,
      -0.0946843,
      0,
      -8.149971,
      0.05965911,
      10.891095,
      0.99999994
    ]
  },
  {
    "trackingState" : "Normal",
    "timestamp" : 239748496075,
    "transform" : [
      -0.19753753,
      -0.9799459,
      -0.02617437,
      0,
      -0.09209029,
      -0.008032091,
      0.99571824,
      0,
      -0.9759603,
      0.19910213,
      -0.08865684,
      0,
      -8.148516,
      0.05884841,
      10.889273,
      0.99999994
    ]
  },
  {
    "trackingState" : "Normal",
    "timestamp" : 239748512749,
    "transform" : [
      -0.20048705,
      -0.97941965,
      -0.023285642,
      0,
      -0.0886024,
      -0.0055441726,
      0.9960516,
      0,
      -0.9756817,
      0.20175862,
      -0.08566739,
      0,
      -8.147039,
      0.05792948,
      10.887493,
      0.99999994
    ]
  },
  {
    "trackingState" : "Normal",
    "timestamp" : 239748529422,
    "transform" : [
      -0.20328358,
      -0.9789194,
      -0.019812277,
      0,
      -0.088261634,
      -0.0018313872,
      0.99609554,
      0,
      -0.97513366,
      0.20423855,
      -0.08602873,
      0,
      -8.145583,
      0.056925014,
      10.885853,
      0.99999976
    ]
  },
  {
    "trackingState" : "Normal",
    "timestamp" : 239748546096,
    "transform" : [
      -0.2066609,
      -0.97826993,
      -0.01671313,
      0,
      -0.090252265,
      0.0020513013,
      0.9959168,
      0,
      -0.9742412,
      0.20732546,
      -0.088714994,
      0,
      -8.144124,
      0.055864535,
      10.884408,
      0.9999999
    ]
  },
  {
    "trackingState" : "Normal",
    "timestamp" : 239748562769,
    "transform" : [
      -0.21138816,
      -0.97727543,
      -0.015738843,
      0,
      -0.09157993,
      0.003772037,
      0.9957905,
      0,
      -0.97310233,
      0.21193969,
      -0.09029619,
      0,
      -8.1435,
      0.054633006,
      10.883448,
      0.9999999
    ]
  },
  {
    "trackingState" : "Normal",
    "timestamp" : 239748579443,
    "transform" : [
      -0.21734153,
      -0.97595906,
      -0.016329877,
      0,
      -0.091056645,
      0.003615372,
      0.9958391,
      0,
      -0.9718392,
      0.21792415,
      -0.08965333,
      0,
      -8.142189,
      0.053402595,
      10.88257,
      0.9999999
    ]
  },
  {
    "trackingState" : "Normal",
    "timestamp" : 239748596116,
    "transform" : [
      -0.22379379,
      -0.9744863,
      -0.017113548,
      0,
      -0.090085365,
      0.0031982665,
      0.99592894,
      0,
      -0.9704644,
      0.22442438,
      -0.088502705,
      0,
      -8.14069,
      0.052126147,
      10.881725,
      0.99999994
    ]
  },
  {
    "trackingState" : "Normal",
    "timestamp" : 239748612790,
    "transform" : [
      -0.23050296,
      -0.97292995,
      -0.016605847,
      0,
      -0.08911175,
      0.004112197,
      0.99601316,
      0,
      -0.9689828,
      0.23106377,
      -0.08764736,
      0,
      -8.139137,
      0.05073879,
      10.880863,
      0.99999994
    ]
  },
  {
    "trackingState" : "Normal",
    "timestamp" : 239748629464,
    "transform" : [
      -0.23684724,
      -0.9714375,
      -0.014579155,
      0,
      -0.091155946,
      0.0072798976,
      0.99580985,
      0,
      -0.9672611,
      0.23718382,
      -0.090276524,
      0,
      -8.1376505,
      0.049258806,
      10.879975,
      0.9999999
    ]
  },
  {
    "trackingState" : "Normal",
    "timestamp" : 239748646137,
    "transform" : [
      -0.24283373,
      -0.9699903,
      -0.012279614,
      0,
      -0.0964418,
      0.011544204,
      0.99527174,
      0,
      -0.9652622,
      0.24286982,
      -0.09635092,
      0,
      -8.136977,
      0.047710083,
      10.879691,
      0.99999994
    ]
  },
  {
    "trackingState" : "Normal",
    "timestamp" : 239748662811,
    "transform" : [
      -0.24952416,
      -0.96830344,
      -0.011232725,
      0,
      -0.10019977,
      0.014279838,
      0.9948648,
      0,
      -0.9631707,
      0.24936834,
      -0.10058694,
      0,
      -8.135872,
      0.04597236,
      10.87927,
      0.9999999
    ]
  },
  {
    "trackingState" : "Normal",
    "timestamp" : 239748679484,
    "transform" : [
      -0.25710702,
      -0.9663106,
      -0.011830199,
      0,
      -0.100666605,
      0.014605297,
      0.994813,
      0,
      -0.9611255,
      0.25696433,
      -0.10103032,
      0,
      -8.134462,
      0.043994747,
      10.878853,
      0.99999994
    ]
  },
  {
    "trackingState" : "Normal",
    "timestamp" : 239748696158,
    "transform" : [
      -0.26528063,
      -0.9640838,
      -0.01298396,
      0,
      -0.10133148,
      0.014485798,
      0.9947471,
      0,
      -0.95883155,
      0.26520288,
      -0.10153484,
      0,
      -8.132954,
      0.041828997,
      10.87845,
      0.9999998
    ]
  },
  {
    "trackingState" : "Normal",
    "timestamp" : 239748712831,
    "transform" : [
      -0.27372408,
      -0.9617118,
      -0.013623692,
      0,
      -0.10361829,
      0.015403875,
      0.99449784,
      0,
      -0.95621055,
      0.2736297,
      -0.103867345,
      0,
      -8.131421,
      0.03951537,
      10.878046,
      0.99999994
    ]
  },
  {
    "trackingState" : "Normal",
    "timestamp" : 239748729505,
    "transform" : [
      -0.28198344,
      -0.95931655,
      -0.014043213,
      0,
      -0.10874466,
      0.017414898,
      0.99391717,
      0,
      -0.9532367,
      0.2817953,
      -0.10923127,
      0,
      -8.129931,
      0.03706882,
      10.877662,
      0.99999994
    ]
  },
  {
    "trackingState" : "Normal",
    "timestamp" : 239748746178,
    "transform" : [
      -0.28969696,
      -0.95700663,
      -0.014626101,
      0,
      -0.11550847,
      0.019787883,
      0.9931092,
      0,
      -0.9501228,
      0.2893902,
      -0.11627486,
      0,
      -8.128481,
      0.034472052,
      10.877312,
      0.9999998
    ]
  },
  {
    "trackingState" : "Normal",
    "timestamp" : 239748762852,
    "transform" : [
      -0.29788455,
      -0.9544793,
      -0.01530454,
      0,
      -0.12143922,
      0.021988248,
      0.9923553,
      0,
      -0.94684607,
      0.2974659,
      -0.12246116,
      0,
      -8.127951,
      0.031861745,
      10.878017,
      0.99999994
    ]
  },
  {
    "trackingState" : "Normal",
    "timestamp" : 239748779525,
    "transform" : [
      -0.3069287,
      -0.9515976,
      -0.016020615,
      0,
      -0.12529333,
      0.023714112,
      0.9918362,
      0,
      -0.94344914,
      0.30643028,
      -0.12650739,
      0,
      -8.126835,
      0.028975612,
      10.878206,
      0.9999999
    ]
  },
  {
    "trackingState" : "Normal",
    "timestamp" : 239748796199,
    "transform" : [
      -0.31657422,
      -0.9484129,
      -0.017141404,
      0,
      -0.1279756,
      0.02479788,
      0.9914672,
      0,
      -0.9398953,
      0.31606668,
      -0.12922406,
      0,
      -8.125391,
      0.025921939,
      10.87813,
      0.99999994
    ]
  },
  {
    "trackingState" : "Normal",
    "timestamp" : 239748812872,
    "transform" : [
      -0.3255878,
      -0.94531906,
      -0.019093553,
      0,
      -0.1327818,
      0.025720436,
      0.99081147,
      0,
      -0.9361419,
      0.32513142,
      -0.13389543,
      0,
      -8.123901,
      0.0228212,
      10.878038,
      0.9999999
    ]
  },
  {
    "trackingState" : "Normal",
    "timestamp" : 239748829546,
    "transform" : [
      -0.33383334,
      -0.9423785,
      -0.021866284,
      0,
      -0.14020966,
      0.026702907,
      0.9897616,
      0,
      -0.9321463,
      0.33348128,
      -0.1410449,
      0,
      -8.12245,
      0.019674465,
      10.877986,
      0.9999999
    ]
  },
  {
    "trackingState" : "Normal",
    "timestamp" : 239748846220,
    "transform" : [
      -0.34232545,
      -0.93926036,
      -0.024564397,
      0,
      -0.14827952,
      0.028189069,
      0.9885436,
      0,
      -0.9278075,
      0.34204602,
      -0.14892292,
      0,
      -8.121568,
      0.016685732,
      10.878414,
      0.99999994
    ]
  },
  {
    "trackingState" : "Normal",
    "timestamp" : 239748862893,
    "transform" : [
      -0.35136172,
      -0.93585813,
      -0.026730798,
      0,
      -0.15539019,
      0.030137418,
      0.9873934,
      0,
      -0.92325455,
      0.35108593,
      -0.15601228,
      0,
      -8.12035,
      0.013433974,
      10.878578,
      0.99999994
    ]
  },
  {
    "trackingState" : "Normal",
    "timestamp" : 239748879567,
    "transform" : [
      -0.36057225,
      -0.93227977,
      -0.029021202,
      0,
      -0.1612091,
      0.031643547,
      0.9864129,
      0,
      -0.91869444,
      0.36035156,
      -0.16170175,
      0,
      -8.1189375,
      0.0100116525,
      10.878657,
      0.99999994
    ]
  },
  {
    "trackingState" : "Normal",
    "timestamp" : 239748896240,
    "transform" : [
      -0.36955616,
      -0.9286517,
      -0.032164495,
      0,
      -0.16683784,
      0.03226101,
      0.9854566,
      0,
      -0.9141082,
      0.36954775,
      -0.1668565,
      0,
      -8.11747,
      0.006517619,
      10.878819,
      0.99999994
    ]
  },
  {
    "trackingState" : "Normal",
    "timestamp" : 239748912914,
    "transform" : [
      -0.37879893,
      -0.9247596,
      -0.036483992,
      0,
      -0.17342238,
      0.032203242,
      0.9843208,
      0,
      -0.90908533,
      0.37918687,
      -0.17257258,
      0,
      -8.115986,
      0.0029868917,
      10.879089,
      0.9999999
    ]
  },
  {
    "trackingState" : "Normal",
    "timestamp" : 239748929587,
    "transform" : [
      -0.3883939,
      -0.9205501,
      -0.041687086,
      0,
      -0.18197404,
      0.032272704,
      0.98277354,
      0,
      -0.903347,
      0.38928926,
      -0.18005075,
      0,
      -8.114529,
      -0.0005510402,
      10.879446,
      0.9999999
    ]
  },
  {
    "trackingState" : "Normal",
    "timestamp" : 239748946261,
    "transform" : [
      -0.39851218,
      -0.91595125,
      -0.047132608,
      0,
      -0.19164613,
      0.03290607,
      0.9809123,
      0,
      -0.8969169,
      0.3999383,
      -0.18865198,
      0,
      -8.11309,
      -0.0040686796,
      10.87985,
      0.99999994
    ]
  },
  {
    "trackingState" : "Normal",
    "timestamp" : 239748962934,
    "transform" : [
      -0.40950593,
      -0.910789,
      -0.052613515,
      0,
      -0.20026913,
      0.03348074,
      0.9791686,
      0,
      -0.8900545,
      0.4115123,
      -0.19611351,
      0,
      -8.112361,
      -0.007312971,
      10.880539,
      0.9999998
    ]
  },
  {
    "trackingState" : "Normal",
    "timestamp" : 239748979608,
    "transform" : [
      -0.42009062,
      -0.9056134,
      -0.05820903,
      0,
      -0.20800124,
      0.033653606,
      0.9775495,
      0,
      -0.883323,
      0.42276692,
      -0.20250629,
      0,
      -8.11128,
      -0.010676131,
      10.881146,
      0.99999994
    ]
  },
  {
    "trackingState" : "Normal",
    "timestamp" : 239748996281,
    "transform" : [
      -0.42997578,
      -0.90059006,
      -0.06370652,
      0,
      -0.2161885,
      0.03419315,
      0.9757528,
      0,
      -0.8765749,
      0.4333227,
      -0.20939945,
      0,
      -8.1100855,
      -0.014088451,
      10.881726,
      0.99999994
    ]
  },
  {
    "trackingState" : "Normal",
    "timestamp" : 239749012955,
    "transform" : [
      -0.43904138,
      -0.8957863,
      -0.069352604,
      0,
      -0.2249965,
      0.03488747,
      0.9737348,
      0,
      -0.8698387,
      0.44311395,
      -0.21686581,
      0,
      -8.108946,
      -0.017457101,
      10.882335,
      0.99999994
    ]
  },
  {
    "trackingState" : "Normal",
    "timestamp" : 239749029628,
    "transform" : [
      -0.44704425,
      -0.8912987,
      -0.075750865,
      0,
      -0.23461382,
      0.03511083,
      0.9714544,
      0,
      -0.8631964,
      0.4520553,
      -0.22480707,
      0,
      -8.107922,
      -0.02072332,
      10.883008,
      0.99999994
    ]
  },
  {
    "trackingState" : "Normal",
    "timestamp" : 239749046302,
    "transform" : [
      -0.45448917,
      -0.8869254,
      -0.08248024,
      0,
      -0.24254216,
      0.034123328,
      0.96954054,
      0,
      -0.8570957,
      0.4606506,
      -0.2306255,
      0,
      -8.107504,
      -0.023893872,
      10.883913,
      0.9999999
    ]
  },
  {
    "trackingState" : "Normal",
    "timestamp" : 239749062975,
    "transform" : [
      -0.4614361,
      -0.88269275,
      -0.089052424,
      0,
      -0.24813513,
      0.03203647,
      0.9681955,
      0,
      -0.8517663,
      0.4688574,
      -0.2338099,
      0,
      -8.106856,
      -0.027032161,
      10.884772,
      0.99999994
    ]
  },
  {
    "trackingState" : "Normal",
    "timestamp" : 239749079649,
    "transform" : [
      -0.46748233,
      -0.8788622,
      -0.09519275,
      0,
      -0.25403908,
      0.030419417,
      0.96671546,
      0,
      -0.846714,
      0.4761051,
      -0.23748589,
      0,
      -8.106148,
      -0.030102706,
      10.88558,
      0.99999994
    ]
  },
  {
    "trackingState" : "Normal",
    "timestamp" : 239749096323,
    "transform" : [
      -0.4729837,
      -0.875285,
      -0.10080991,
      0,
      -0.26135185,
      0.030111797,
      0.9647738,
      0,
      -0.84141654,
      0.48266914,
      -0.24299976,
      0,
      -8.105455,
      -0.03308391,
      10.886315,
      0.9999999
    ]
  },
  {
    "trackingState" : "Normal",
    "timestamp" : 239749112996,
    "transform" : [
      -0.4789241,
      -0.8714122,
      -0.10617224,
      0,
      -0.2692182,
      0.030679746,
      0.9625904,
      0,
      -0.8355558,
      0.48959124,
      -0.2492933,
      0,
      -8.104771,
      -0.035997093,
      10.886971,
      0.99999994
    ]
  },
  {
    "trackingState" : "Normal",
    "timestamp" : 239749129670,
    "transform" : [
      -0.48501644,
      -0.8674132,
      -0.11114595,
      0,
      -0.27598324,
      0.031223256,
      0.9606552,
      0,
      -0.8298148,
      0.496608,
      -0.2545353,
      0,
      -8.104092,
      -0.03886276,
      10.887567,
      0.99999994
    ]
  },
  {
    "trackingState" : "Normal",
    "timestamp" : 239749146343,
    "transform" : [
      -0.49062613,
      -0.8636708,
      -0.115580335,
      0,
      -0.28115326,
      0.031357087,
      0.95915043,
      0,
      -0.82476604,
      0.5030801,
      -0.25820845,
      0,
      -8.103459,
      -0.04171487,
      10.888149,
      0.9999999
    ]
  },
  {
    "trackingState" : "Normal",
    "timestamp" : 239749163017,
    "transform" : [
      -0.49561188,
      -0.8602357,
      -0.119847775,
      0,
      -0.28543952,
      0.030998018,
      0.95789534,
      0,
      -0.82030076,
      0.5089536,
      -0.26090828,
      0,
      -8.102208,
      -0.04481906,
      10.888871,
      0.9999999
    ]
  },
  {
    "trackingState" : "Normal",
    "timestamp" : 239749179690,
    "transform" : [
      -0.50039804,
      -0.8568425,
      -0.1241889,
      0,
      -0.2899596,
      0.030697325,
      0.9565464,
      0,
      -0.81579745,
      0.51466376,
      -0.2638106,
      0,
      -8.101357,
      -0.047725476,
      10.889535,
      0.99999994
    ]
  },
  {
    "trackingState" : "Normal",
    "timestamp" : 239749196364,
    "transform" : [
      -0.50597775,
      -0.8529536,
      -0.12828411,
      0,
      -0.2943927,
      0.030976417,
      0.95518243,
      0,
      -0.81075245,
      0.5210669,
      -0.2667767,
      0,
      -8.100687,
      -0.05051014,
      10.890102,
      0.99999994
    ]
  },
  {
    "trackingState" : "Normal",
    "timestamp" : 239749213037,
    "transform" : [
      -0.51235354,
      -0.8485317,
      -0.13224177,
      0,
      -0.2979351,
      0.031206178,
      0.954076,
      0,
      -0.80543697,
      0.5282237,
      -0.26879597,
      0,
      -8.100074,
      -0.053224683,
      10.89063,
      0.99999994
    ]
  },
  {
    "trackingState" : "Normal",
    "timestamp" : 239749229711,
    "transform" : [
      -0.517773,
      -0.84454936,
      -0.1365567,
      0,
      -0.30229065,
      0.031283017,
      0.95270234,
      0,
      -0.8003323,
      0.5345633,
      -0.2714969,
      0,
      -8.099568,
      -0.055849344,
      10.89119,
      0.99999994
    ]
  },
  {
    "trackingState" : "Normal",
    "timestamp" : 239749246384,
    "transform" : [
      -0.52200145,
      -0.8411805,
      -0.14117289,
      0,
      -0.3080758,
      0.031602796,
      0.9508367,
      0,
      -0.79536396,
      0.53983,
      -0.27564412,
      0,
      -8.098728,
      -0.058144975,
      10.891981,
      0.9999999
    ]
  },
  {
    "trackingState" : "Normal",
    "timestamp" : 239749263058,
    "transform" : [
      -0.5261778,
      -0.83779234,
      -0.14574236,
      0,
      -0.3150834,
      0.032889027,
      0.94849384,
      0,
      -0.7898476,
      0.54499745,
      -0.28128,
      0,
      -8.098189,
      -0.060473796,
      10.892693,
      0.9999999
    ]
  },
  {
    "trackingState" : "Normal",
    "timestamp" : 239749279731,
    "transform" : [
      -0.53105456,
      -0.83398855,
      -0.14981422,
      0,
      -0.32212836,
      0.035176937,
      0.94604224,
      0,
      -0.78371847,
      0.5506595,
      -0.28733224,
      0,
      -8.097831,
      -0.0628166,
      10.893325,
      0.99999994
    ]
  },
  {
    "trackingState" : "Normal",
    "timestamp" : 239749296405,
    "transform" : [
      -0.53608304,
      -0.83009344,
      -0.1534923,
      0,
      -0.3286364,
      0.03773714,
      0.9437022,
      0,
      -0.7775688,
      0.55634594,
      -0.29302916,
      0,
      -8.097596,
      -0.06508886,
      10.893924,
      0.9999999
    ]
  },
  {
    "trackingState" : "Normal",
    "timestamp" : 239749313078,
    "transform" : [
      -0.5404778,
      -0.8263522,
      -0.15819506,
      0,
      -0.3344703,
      0.038499583,
      0.94161946,
      0,
      -0.77201897,
      0.56183606,
      -0.29719844,
      0,
      -8.097508,
      -0.06728785,
      10.894632,
      0.9999998
    ]
  },
  {
    "trackingState" : "Normal",
    "timestamp" : 239749329752,
    "transform" : [
      -0.5439204,
      -0.8229959,
      -0.16379404,
      0,
      -0.33942083,
      0.03726449,
      0.93989617,
      0,
      -0.76742697,
      0.5668238,
      -0.29961085,
      0,
      -8.097538,
      -0.06939116,
      10.895462,
      0.99999994
    ]
  },
  {
    "trackingState" : "Normal",
    "timestamp" : 239749346426,
    "transform" : [
      -0.54612714,
      -0.820331,
      -0.16971257,
      0,
      -0.34429717,
      0.035113905,
      0.93820393,
      0,
      -0.76367843,
      0.57081014,
      -0.3016143,
      0,
      -8.097231,
      -0.07125659,
      10.897034,
      0.99999994
    ]
  },
  {
    "trackingState" : "Normal",
    "timestamp" : 239749363099,
    "transform" : [
      -0.5476644,
      -0.8180631,
      -0.17560364,
      0,
      -0.35164952,
      0.034606338,
      0.9354919,
      0,
      -0.75921434,
      0.5740865,
      -0.30662417,
      0,
      -8.097226,
      -0.0730903,
      10.898281,
      0.9999999
    ]
  },
  {
    "trackingState" : "Normal",
    "timestamp" : 239749379773,
    "transform" : [
      -0.54991394,
      -0.81524754,
      -0.18156575,
      0,
      -0.36062577,
      0.035680957,
      0.9320279,
      0,
      -0.7533549,
      0.57801247,
      -0.31362075,
      0,
      -8.097338,
      -0.07488294,
      10.899392,
      0.9999999
    ]
  },
  {
    "trackingState" : "Normal",
    "timestamp" : 239749396446,
    "transform" : [
      -0.5529771,
      -0.8117179,
      -0.18796359,
      0,
      -0.3685492,
      0.03597014,
      0.9289119,
      0,
      -0.7472534,
      0.5829409,
      -0.31904867,
      0,
      -8.097483,
      -0.076660626,
      10.900549,
      0.9999998
    ]
  },
  {
    "trackingState" : "Normal",
    "timestamp" : 239749413120,
    "transform" : [
      -0.5558255,
      -0.80826455,
      -0.19433634,
      0,
      -0.37569866,
      0.03570233,
      0.92605394,
      0,
      -0.7415582,
      0.5877363,
      -0.32350817,
      0,
      -8.097725,
      -0.07837665,
      10.901768,
      0.99999994
    ]
  },
  {
    "trackingState" : "Normal",
    "timestamp" : 239749429793,
    "transform" : [
      -0.557507,
      -0.8057141,
      -0.20002723,
      0,
      -0.38273737,
      0.035645135,
      0.9231693,
      0,
      -0.7366804,
      0.5912312,
      -0.32824928,
      0,
      -8.098094,
      -0.07997008,
      10.9029875,
      0.99999994
    ]
  },
  {
    "trackingState" : "Normal",
    "timestamp" : 239749446467,
    "transform" : [
      -0.55825573,
      -0.8039323,
      -0.20504464,
      0,
      -0.3897554,
      0.035945438,
      0.92021656,
      0,
      -0.7324214,
      0.5936335,
      -0.33340374,
      0,
      -8.098026,
      -0.08169753,
      10.904796,
      0.9999998
    ]
  },
  {
    "trackingState" : "Normal",
    "timestamp" : 239749463140,
    "transform" : [
      -0.5587864,
      -0.80228156,
      -0.2100053,
      0,
      -0.39720508,
      0.036618263,
