[
  {
    "timestamp" : 239697608407,
    "trackingState" : "Normal",
    "transform" : [
      0.20156515,
      -0.9794286,
      -0.009554265,
      0,
      0.03003925,
      0.015931332,
      -0.9994218,
      0,
      0.97901446,
      0.2011616,
      0.0326325,
      0,
      0.019523643,
      0.006239416,
      1.6223664,
      0.99999994
    ]
  },
  {
    "timestamp" : 239697625081,
    "trackingState" : "Normal",
    "transform" : [
      0.19401675,
      -0.98093575,
      -0.011071325,
      0,
      0.034601558,
      0.01812163,
      -0.9992368,
      0,
      0.98038787,
      0.19348562,
      0.037457794,
      0,
      0.01353808,
      0.0088573685,
      1.6252507,
      0.9999999
    ]
  },
  {
    "timestamp" : 239697641755,
    "trackingState" : "Normal",
    "transform" : [
      0.18916254,
      -0.98186797,
      -0.012360965,
      0,
      0.039420366,
      0.020171443,
      -0.999019,
      0,
      0.98115414,
      0.18848972,
      0.042521268,
      0,
      0.007373328,
      0.0114127165,
      1.6280125,
      0.9999999
    ]
  },
  {
    "timestamp" : 239697658428,
    "trackingState" : "Normal",
    "transform" : [
      0.18492667,
      -0.98266256,
      -0.013280894,
      0,
      0.04346022,
      0.021678014,
      -0.9988198,
      0,
      0.98179084,
      0.18413126,
      0.046715565,
      0,
      0.002531388,
      0.01377567,
      1.6302713,
      0.9999998
    ]
  },
  {
    "timestamp" : 239697675102,
    "trackingState" : "Normal",
    "transform" : [
      0.1795334,
      -0.98366904,
      -0.0127628995,
      0,
      0.0466668,
      0.021475,
      -0.9986795,
      0,
      0.9826444,
      0.17870076,
      0.049760155,
      0,
      -0.0031594026,
      0.016344042,
      1.6325581,
      0.9999998
    ]
  },
  {
    "timestamp" : 239697691775,
    "trackingState" : "Normal",
    "transform" : [
      0.17285271,
      -0.9848881,
      -0.010841431,
      0,
      0.049530864,
      0.019685041,
      -0.9985786,
      0,
      0.9837016,
      0.17207004,
      0.052184958,
      0,
      -0.009050142,
      0.019001974,
      1.6347265,
      0.99999994
    ]
  },
  {
    "timestamp" : 239697708449,
    "trackingState" : "Normal",
    "transform" : [
      0.16551313,
      -0.98616725,
      -0.008924549,
      0,
      0.052712977,
      0.01788277,
      -0.9984495,
      0,
      0.9847979,
      0.16478609,
      0.054943632,
      0,
      -0.014973008,
      0.02169173,
      1.6368496,
      0.9999999
    ]
  },
  {
    "timestamp" : 239697725122,
    "trackingState" : "Normal",
    "transform" : [
      0.15841052,
      -0.9873418,
      -0.0078944,
      0,
      0.05588237,
      0.01694781,
      -0.99829346,
      0,
      0.9857907,
      0.15769902,
      0.0578597,
      0,
      -0.02093468,
      0.024358286,
      1.638989,
      0.99999994
    ]
  },
  {
    "timestamp" : 239697741796,
    "trackingState" : "Normal",
    "transform" : [
      0.15208603,
      -0.9883357,
      -0.007888355,
      0,
      0.058302574,
      0.01693838,
      -0.9981551,
      0,
      0.9866461,
      0.15134555,
      0.060198605,
      0,
      -0.027174326,
      0.026471905,
      1.6415417,
      0.99999976
    ]
  },
  {
    "timestamp" : 239697758470,
    "trackingState" : "Normal",
    "transform" : [
      0.1460267,
      -0.98925513,
      -0.007110382,
      0,
      0.060594354,
      0.016117968,
      -0.9980323,
      0,
      0.9874232,
      0.14530852,
      0.062296905,
      0,
      -0.033326387,
      0.028935129,
      1.6437167,
      0.99999994
    ]
  },
  {
    "timestamp" : 239697775143,
    "trackingState" : "Normal",
    "transform" : [
      0.13916701,
      -0.9902578,
      -0.004695902,
      0,
      0.063798524,
      0.01369799,
      -0.9978687,
      0,
      0.98821175,
      0.13857082,
      0.06508329,
      0,
      -0.03945873,
      0.031497136,
      1.6456443,
      0.99999994
    ]
  },
  {
    "timestamp" : 239697791817,
    "trackingState" : "Normal",
    "transform" : [
      0.13289274,
      -0.99112904,
      -0.0016621582,
      0,
      0.06880193,
      0.01089807,
      -0.99757075,
      0,
      0.9887396,
      0.13245554,
      0.06963987,
      0,
      -0.045659713,
      0.034058392,
      1.6475041,
      0.9999999
    ]
  },
  {
    "timestamp" : 239697808490,
    "trackingState" : "Normal",
    "transform" : [
      0.12784758,
      -0.99179375,
      0.00024601325,
      0,
      0.07399875,
      0.009291478,
      -0.997215,
      0,
      0.9890294,
      0.12750974,
      0.07457938,
      0,
      -0.051963314,
      0.0365761,
      1.6494478,
      0.99999994
    ]
  },
  {
    "timestamp" : 239697825164,
    "trackingState" : "Normal",
    "transform" : [
      0.12292671,
      -0.992415,
      0.0012645782,
      0,
      0.07867836,
      0.008475345,
      -0.996864,
      0,
      0.98929214,
      0.12264071,
      0.07912342,
      0,
      -0.05829887,
      0.03900834,
      1.651489,
      0.99999994
    ]
  },
  {
    "timestamp" : 239697841837,
    "trackingState" : "Normal",
    "transform" : [
      0.116427526,
      -0.9931989,
      0.0008779128,
      0,
      0.08031751,
      0.008534166,
      -0.99673283,
      0,
      0.9899464,
      0.116117656,
      0.08076486,
      0,
      -0.064589694,
      0.04148768,
      1.6534513,
      0.99999994
    ]
  },
  {
    "timestamp" : 239697858511,
    "trackingState" : "Normal",
    "transform" : [
      0.10946334,
      -0.9939902,
      0.0011695831,
      0,
      0.08225312,
      0.007885508,
      -0.99658024,
      0,
      0.9905818,
      0.10918521,
      0.08262196,
      0,
      -0.072092056,
      0.04435946,
      1.6563889,
      0.99999994
    ]
  },
  {
    "timestamp" : 239697875185,
    "trackingState" : "Normal",
    "transform" : [
      0.102314085,
      -0.9947514,
      0.0012749262,
      0,
      0.08597714,
      0.007566215,
      -0.99626833,
      0,
      0.99102974,
      0.10204191,
      0.0863,
      0,
      -0.078872,
      0.0468687,
      1.6586617,
      0.9999999
    ]
  },
  {
    "timestamp" : 239697891858,
    "trackingState" : "Normal",
    "transform" : [
      0.096074656,
      -0.99537337,
      0.0011998893,
      0,
      0.09068945,
      0.0075529898,
      -0.9958505,
      0,
      0.9912341,
      0.09578483,
      0.09099551,
      0,
      -0.08553384,
      0.04921831,
      1.6607184,
      0.9999998
    ]
  },
  {
    "timestamp" : 239697908532,
    "trackingState" : "Normal",
    "transform" : [
      0.091181606,
      -0.99583375,
      0.0010814752,
      0,
      0.09445678,
      0.007567638,
      -0.9955002,
      0,
      0.9913445,
      0.09087345,
      0.09475325,
      0,
      -0.092269816,
      0.05146826,
      1.6626849,
      0.99999994
    ]
  },
  {
    "timestamp" : 239697925205,
    "trackingState" : "Normal",
    "transform" : [
      0.08670451,
      -0.9962336,
      0.0010462113,
      0,
      0.09707789,
      0.0074037337,
      -0.99524915,
      0,
      0.991493,
      0.08639416,
      0.09735418,
      0,
      -0.09906532,
      0.053632267,
      1.6645983,
      0.9999999
    ]
  },
  {
    "timestamp" : 239697941879,
    "trackingState" : "Normal",
    "transform" : [
      0.08055007,
      -0.9967501,
      0.0010248026,
      0,
      0.09799674,
      0.00689621,
      -0.9951629,
      0,
      0.99192166,
      0.08026086,
      0.098233745,
      0,
      -0.10587908,
      0.055690527,
      1.6664498,
      0.99999994
    ]
  },
  {
    "timestamp" : 239697958552,
    "trackingState" : "Normal",
    "transform" : [
      0.07351066,
      -0.997294,
      0.00086962077,
      0,
      0.10029947,
      0.0065255202,
      -0.9949358,
      0,
      0.9922379,
      0.07322562,
      0.10050776,
      0,
      -0.11252171,
      0.05784987,
      1.6695299,
      0.9999999
    ]
  },
  {
    "timestamp" : 239697975226,
    "trackingState" : "Normal",
    "transform" : [
      0.067111455,
      -0.99774486,
      0.0012022624,
      0,
      0.10294866,
      0.0057260925,
      -0.9946702,
      0,
      0.9924201,
      0.06687754,
      0.10310077,
      0,
      -0.11949779,
      0.059782945,
      1.6717949,
      0.99999994
    ]
  },
  {
    "timestamp" : 239697991899,
    "trackingState" : "Normal",
    "transform" : [
      0.06229012,
      -0.99805653,
      0.001774861,
      0,
      0.105389,
      0.0048090825,
      -0.9944194,
      0,
      0.99247843,
      0.062129557,
      0.10548373,
      0,
      -0.12678976,
      0.061575368,
      1.6738148,
      0.99999994
    ]
  },
  {
    "timestamp" : 239698008573,
    "trackingState" : "Normal",
    "transform" : [
      0.058336414,
      -0.99829364,
      0.002562521,
      0,
      0.107231066,
      0.0037140849,
      -0.99422705,
      0,
      0.99252117,
      0.058274433,
      0.10726475,
      0,
      -0.13435157,
      0.063255034,
      1.6757631,
      0.9999998
    ]
  },
  {
    "timestamp" : 239698025247,
    "trackingState" : "Normal",
    "transform" : [
      0.054424897,
      -0.9985122,
      0.003369165,
      0,
      0.10975355,
      0.0026284356,
      -0.9939554,
      0,
      0.99246776,
      0.0544657,
      0.1097333,
      0,
      -0.14211644,
      0.06482428,
      1.6777185,
      0.99999994
    ]
  },
  {
    "timestamp" : 239698041920,
    "trackingState" : "Normal",
    "transform" : [
      0.050299052,
      -0.9987268,
      0.0038603628,
      0,
      0.11364243,
      0.0018831559,
      -0.9935199,
      0,
      0.9922477,
      0.050411806,
      0.11359246,
      0,
      -0.1500492,
      0.06629794,
      1.6797684,
      0.9999999
    ]
  },
  {
    "timestamp" : 239698058594,
    "trackingState" : "Normal",
    "transform" : [
      0.046081997,
      -0.9989324,
      0.003244537,
      0,
      0.11775364,
      0.0022067218,
      -0.99304044,
      0,
      0.9919731,
      0.04614334,
      0.11772961,
      0,
      -0.15717797,
      0.06817883,
      1.6834798,
      0.99999994
    ]
  },
  {
    "timestamp" : 239698075267,
    "trackingState" : "Normal",
    "transform" : [
      0.041697945,
      -0.99912864,
      0.0018226702,
      0,
      0.12134969,
      0.0032536772,
      -0.9926045,
      0,
      0.9917336,
      0.041610748,
      0.121379614,
      0,
      -0.16507038,
      0.069599286,
      1.6862826,
      0.99999994
    ]
  },
  {
    "timestamp" : 239698091941,
    "trackingState" : "Normal",
    "transform" : [
      0.03659351,
      -0.99933,
      0.0007582345,
      0,
      0.12418063,
      0.0037943874,
      -0.99225235,
      0,
      0.99158466,
      0.036404155,
      0.1242363,
      0,
      -0.17323594,
      0.070824586,
      1.6887636,
      0.9999999
    ]
  },
  {
    "timestamp" : 239698108614,
    "trackingState" : "Normal",
    "transform" : [
      0.031127224,
      -0.99951535,
      0.00031986984,
      0,
      0.12661356,
      0.0036255918,
      -0.9919453,
      0,
      0.99146354,
      0.030917007,
      0.12666504,
      0,
      -0.18151836,
      0.071967594,
      1.691152,
      0.9999999
    ]
  },
  {
    "timestamp" : 239698125288,
    "trackingState" : "Normal",
    "transform" : [
      0.02555979,
      -0.9996733,
      -0.00028218987,
      0,
      0.12764859,
      0.0035437078,
      -0.9918131,
      0,
      0.99149007,
      0.025314515,
      0.12769745,
      0,
      -0.18989667,
      0.07307369,
      1.6935769,
      0.99999994
    ]
  },
  {
    "timestamp" : 239698141962,
    "trackingState" : "Normal",
    "transform" : [
      0.019262217,
      -0.99981356,
      -0.0013788311,
      0,
      0.12814899,
      0.0038366006,
      -0.99174744,
      0,
      0.9915679,
      0.018926559,
      0.128199,
      0,
      -0.1983364,
      0.07417407,
      1.6960545,
      0.9999999
    ]
  },
  {
    "timestamp" : 239698158635,
    "trackingState" : "Normal",
    "transform" : [
      0.01262911,
      -0.9999158,
      -0.0029746224,
      0,
      0.12994786,
      0.0045908806,
      -0.9915101,
      0,
      0.99144036,
      0.0121353455,
      0.12999488,
      0,
      -0.20671247,
      0.07645744,
      1.6993737,
      0.9999999
    ]
  },
  {
    "timestamp" : 239698175309,
    "trackingState" : "Normal",
    "transform" : [
      0.006130052,
      -0.999973,
      -0.004060499,
      0,
      0.1337889,
      0.004844209,
      -0.99099797,
      0,
      0.99099094,
      0.005531619,
      0.13381498,
      0,
      -0.21523334,
      0.078083634,
      1.7021536,
      0.9999999
    ]
  },
  {
    "timestamp" : 239698191982,
    "trackingState" : "Normal",
    "transform" : [
      0.00023188122,
      -0.9999912,
      -0.0041997614,
      0,
      0.13821892,
      0.0041915006,
      -0.9903928,
      0,
      0.99040174,
      -0.00035083332,
      0.13821867,
      0,
      -0.22383663,
      0.07962292,
      1.7047867,
      0.99999994
    ]
  },
  {
    "timestamp" : 239698208656,
    "trackingState" : "Normal",
    "transform" : [
      -0.0059378804,
      -0.99997526,
      -0.0037748264,
      0,
      0.14071111,
      0.002901799,
      -0.99004644,
      0,
      0.9900329,
      -0.0064099375,
      0.1406904,
      0,
      -0.23244427,
      0.08124696,
      1.7074215,
      0.99999994
    ]
  },
  {
    "timestamp" : 239698225329,
    "trackingState" : "Normal",
    "transform" : [
      -0.01292071,
      -0.9999106,
      -0.0034559725,
      0,
      0.14095232,
      0.0016004036,
      -0.9900151,
      0,
      0.9899321,
      -0.013278825,
      0.14091903,
      0,
      -0.2410015,
      0.08301237,
      1.7101383,
      0.99999994
    ]
  },
  {
    "timestamp" : 239698242003,
    "trackingState" : "Normal",
    "transform" : [
      -0.02112739,
      -0.99977195,
      -0.0031203332,
      0,
      0.14018837,
      0.00012773454,
      -0.9901248,
      0,
      0.9898995,
      -0.021356188,
      0.14015368,
      0,
      -0.2494724,
      0.08497101,
      1.7129499,
      0.99999994
    ]
  },
  {
    "timestamp" : 239698258677,
    "trackingState" : "Normal",
    "transform" : [
      -0.030488605,
      -0.99953073,
      -0.0029770695,
      0,
      0.13852176,
      -0.001275567,
      -0.99035853,
      0,
      0.98989004,
      -0.030607041,
      0.13849562,
      0,
      -0.25742188,
      0.08846727,
      1.7162488,
      0.99999994
    ]
  },
  {
    "timestamp" : 239698275350,
    "trackingState" : "Normal",
    "transform" : [
      -0.039861143,
      -0.99919766,
      -0.003884221,
      0,
      0.13849625,
      -0.0016751797,
      -0.9903614,
      0,
      0.98956037,
      -0.040014897,
      0.13845189,
      0,
      -0.2657492,
      0.091242045,
      1.7194554,
      0.9999998
    ]
  },
  {
    "timestamp" : 239698292024,
    "trackingState" : "Normal",
    "transform" : [
      -0.04765753,
      -0.9988458,
      -0.005980576,
      0,
      0.14190975,
      -0.00084399455,
      -0.9898791,
      0,
      0.9887316,
      -0.048023902,
      0.1417862,
      0,
      -0.27426893,
      0.09394661,
      1.7226843,
      0.99999976
    ]
  },
  {
    "timestamp" : 239698308697,
    "trackingState" : "Normal",
    "transform" : [
      -0.053738244,
      -0.99852765,
      -0.007400958,
      0,
      0.1461724,
      -0.0005343696,
      -0.989259,
      0,
      0.9877986,
      -0.05424286,
      0.14598589,
      0,
      -0.2828927,
      0.09678719,
      1.7257899,
      0.99999994
    ]
  },
  {
    "timestamp" : 239698325371,
    "trackingState" : "Normal",
    "transform" : [
      -0.059163596,
      -0.9982156,
      -0.008074045,
      0,
      0.15022646,
      -0.0009071418,
      -0.9886511,
      0,
      0.98687977,
      -0.059705097,
      0.15001208,
      0,
      -0.29151317,
      0.09981821,
      1.7287217,
      0.9999999
    ]
  },
  {
    "timestamp" : 239698342044,
    "trackingState" : "Normal",
    "transform" : [
      -0.063792534,
      -0.9979454,
      -0.005968169,
      0,
      0.15020314,
      -0.0036889985,
      -0.9886483,
      0,
      0.986595,
      -0.063964814,
      0.15012984,
      0,
      -0.2976532,
      0.10249336,
      1.731333,
      0.99999994
    ]
  },
  {
    "timestamp" : 239698358718,
    "trackingState" : "Normal",
    "transform" : [
      -0.069886275,
      -0.9975441,
      -0.004652762,
      0,
      0.14864652,
      -0.0058016065,
      -0.9888732,
      0,
      0.9864178,
      -0.06980029,
      0.1486869,
      0,
      -0.30525053,
      0.10556296,
      1.7340635,
      0.9999998
    ]
  },
  {
    "timestamp" : 239698375391,
    "trackingState" : "Normal",
    "transform" : [
      -0.07687012,
      -0.997033,
      -0.0040113125,
      0,
      0.14574602,
      -0.0072566713,
      -0.98929536,
      0,
      0.9863311,
      -0.07663189,
      0.14587142,
      0,
      -0.31328237,
      0.108702704,
      1.736863,
      0.9999999
    ]
  },
  {
    "timestamp" : 239698392065,
    "trackingState" : "Normal",
    "transform" : [
      -0.0848443,
      -0.9963827,
      -0.0047821733,
      0,
      0.14424519,
      -0.0075336075,
      -0.9895132,
      0,
      0.98589796,
      -0.08464437,
      0.14436258,
      0,
      -0.3214296,
      0.11181796,
      1.7397196,
      0.9999999
    ]
  },
  {
    "timestamp" : 239698408738,
    "trackingState" : "Normal",
    "transform" : [
      -0.092996165,
      -0.99564785,
      -0.0060816216,
      0,
      0.14468643,
      -0.0074703363,
      -0.98944926,
      0,
      0.98509777,
      -0.09289493,
      0.14475143,
      0,
      -0.32969758,
      0.11485506,
      1.7425188,
      0.9999998
    ]
  },
  {
    "timestamp" : 239698425412,
    "trackingState" : "Normal",
    "transform" : [
      -0.09868137,
      -0.9950983,
      -0.006441978,
      0,
      0.14797054,
      -0.008271639,
      -0.98895717,
      0,
      0.98405635,
      -0.09854487,
      0.14806148,
      0,
      -0.3381959,
      0.11781688,
      1.7452058,
      0.99999994
    ]
  },
  {
    "timestamp" : 239698442086,
    "trackingState" : "Normal",
    "transform" : [
      -0.100263104,
      -0.9949469,
      -0.0052838665,
      0,
      0.15337668,
      -0.010208541,
      -0.9881151,
      0,
      0.9830681,
      -0.09988191,
      0.15362522,
      0,
      -0.34689274,
      0.120689616,
      1.7478181,
      0.9999999
    ]
  },
  {
    "timestamp" : 239698458759,
    "trackingState" : "Normal",
    "transform" : [
      -0.10044058,
      -0.9949384,
      -0.0030420474,
      0,
      0.15790834,
      -0.0129221855,
      -0.98736924,
      0,
      0.9823323,
      -0.0996523,
      0.15840697,
      0,
      -0.35484913,
      0.122367054,
      1.7493377,
      0.9999999
    ]
  },
  {
    "timestamp" : 239698475433,
    "trackingState" : "Normal",
    "transform" : [
      -0.10126893,
      -0.99485826,
      -0.0012417618,
      0,
      0.16199799,
      -0.015258602,
      -0.98667306,
      0,
      0.981581,
      -0.10012049,
      0.16271025,
      0,
      -0.36302653,
      0.12466496,
      1.7515534,
      0.9999999
    ]
  },
  {
    "timestamp" : 239698492106,
    "trackingState" : "Normal",
    "transform" : [
      -0.1051408,
      -0.9944572,
      -0.00067981624,
      0,
      0.16462985,
      -0.016731612,
      -0.98621356,
      0,
      0.9807358,
      -0.103803195,
      0.16547652,
      0,
      -0.37095714,
      0.12706754,
      1.7540303,
      0.99999994
    ]
  },
  {
    "timestamp" : 239698508780,
    "trackingState" : "Normal",
    "transform" : [
      -0.11150243,
      -0.99376345,
      -0.0012272267,
      0,
      0.16584833,
      -0.017390905,
      -0.9859979,
      0,
      0.97982734,
      -0.110144705,
      0.16675313,
      0,
      -0.3785948,
      0.1294194,
      1.7566004,
      0.99999994
    ]
  },
  {
    "timestamp" : 239698525453,
    "trackingState" : "Normal",
    "transform" : [
      -0.117657594,
      -0.9930514,
      -0.0023697945,
      0,
      0.16798802,
      -0.01755127,
      -0.98563284,
      0,
      0.97874254,
      -0.11636528,
      0.16888575,
      0,
      -0.38605627,
      0.13174213,
      1.7592236,
      0.99999994
    ]
  },
  {
    "timestamp" : 239698542127,
    "trackingState" : "Normal",
    "transform" : [
      -0.122189954,
      -0.9925003,
      -0.0035985343,
      0,
      0.17196521,
      -0.017600054,
      -0.98494583,
      0,
      0.9774956,
      -0.1209693,
      0.17282607,
      0,
      -0.39342278,
      0.13406661,
      1.761871,
      0.99999994
    ]
  },
  {
    "timestamp" : 239698558801,
    "trackingState" : "Normal",
    "transform" : [
      -0.12579049,
      -0.99204725,
      -0.0043511777,
      0,
      0.1763588,
      -0.018045513,
      -0.9841605,
      0,
      0.9762553,
      -0.12456541,
      0.17722623,
      0,
      -0.39938515,
      0.13609254,
      1.7633114,
      0.9999999
    ]
  },
  {
    "timestamp" : 239698575474,
    "trackingState" : "Normal",
    "transform" : [
      -0.1290271,
      -0.991632,
      -0.004269065,
      0,
      0.18047431,
      -0.019248988,
      -0.98339146,
      0,
      0.9750802,
      -0.1276546,
      0.18144773,
      0,
      -0.4060287,
      0.13832182,
      1.7654983,
      0.99999994
    ]
  },
  {
    "timestamp" : 239698592148,
    "trackingState" : "Normal",
    "transform" : [
      -0.13279964,
      -0.99113375,
      -0.0042507118,
      0,
      0.18496445,
      -0.020569127,
      -0.9825299,
      0,
      0.9737312,
      -0.13126583,
      0.18605609,
      0,
      -0.41272718,
      0.14060582,
      1.7679693,
      0.9999999
    ]
  },
  {
    "timestamp" : 239698608821,
    "trackingState" : "Normal",
    "transform" : [
      -0.13670723,
      -0.99059594,
      -0.0055486304,
      0,
      0.18993501,
      -0.020713868,
      -0.98157805,
      0,
      0.97223234,
      -0.1352427,
      0.19098058,
      0,
      -0.41929272,
      0.14288786,
      1.7705779,
      0.9999998
    ]
  },
  {
    "timestamp" : 239698625495,
    "trackingState" : "Normal",
    "transform" : [
      -0.14097276,
      -0.98997855,
      -0.008317899,
      0,
      0.19527723,
      -0.019568734,
      -0.98055285,
      0,
      0.97056365,
      -0.13985553,
      0.19607893,
      0,
      -0.42565802,
      0.14514762,
      1.7732857,
      0.99999994
    ]
  },
  {
    "timestamp" : 239698642168,
    "trackingState" : "Normal",
    "transform" : [
      -0.14631693,
      -0.98916864,
      -0.011698456,
      0,
      0.20125815,
      -0.01818736,
      -0.97936934,
      0,
      0.9685488,
      -0.14565274,
      0.20173937,
      0,
      -0.4321717,
      0.14720447,
      1.7760662,
      0.9999999
    ]
  },
  {
    "timestamp" : 239698658842,
    "trackingState" : "Normal",
    "transform" : [
      -0.15276322,
      -0.98815477,
      -0.014610515,
      0,
      0.20792213,
      -0.01768344,
      -0.9779854,
      0,
      0.9661428,
      -0.15243807,
      0.20816064,
      0,
      -0.4391428,
      0.14892595,
      1.7788216,
      0.9999999
    ]
  },
  {
    "timestamp" : 239698675515,
    "trackingState" : "Normal",
    "transform" : [
      -0.15887864,
      -0.9871752,
      -0.015583689,
      0,
      0.21361543,
      -0.018960979,
      -0.9767338,
      0,
      0.9639119,
      -0.15851107,
      0.21388835,
      0,
      -0.4453062,
      0.15096802,
      1.7814167,
      0.99999994
    ]
  },
  {
    "timestamp" : 239698692189,
    "trackingState" : "Normal",
    "transform" : [
      -0.16252322,
      -0.98657894,
      -0.015757674,
      0,
      0.2165806,
      -0.020088578,
      -0.97605807,
      0,
      0.96264184,
      -0.16204493,
      0.21693869,
      0,
      -0.4513035,
      0.15309389,
      1.783944,
      0.99999994
    ]
  },
  {
    "timestamp" : 239698708863,
    "trackingState" : "Normal",
    "transform" : [
      -0.16351835,
      -0.98641306,
      -0.015849745,
      0,
      0.21808483,
      -0.02047422,
      -0.97571504,
      0,
      0.9621335,
      -0.1630039,
      0.21846962,
      0,
      -0.45727763,
      0.1552076,
      1.7865016,
      0.99999994
    ]
  },
  {
    "timestamp" : 239698725536,
    "trackingState" : "Normal",
    "transform" : [
      -0.16410375,
      -0.9862991,
      -0.01685737,
      0,
      0.21983953,
      -0.019907694,
      -0.975333,
      0,
      0.9616344,
      -0.1637617,
      0.22009447,
      0,
      -0.4631182,
      0.15726247,
      1.7891787,
      0.99999994
    ]
  },
  {
    "timestamp" : 239698742210,
    "trackingState" : "Normal",
    "transform" : [
      -0.16630234,
      -0.9858904,
      -0.019072244,
      0,
      0.22262727,
      -0.01869706,
      -0.97472435,
      0,
      0.9606148,
      -0.16634494,
      0.22259545,
      0,
      -0.46871477,
      0.15923974,
      1.7919847,
      0.9999999
    ]
  },
  {
    "timestamp" : 239698758883,
    "trackingState" : "Normal",
    "transform" : [
      -0.17006569,
      -0.98518676,
      -0.022018626,
      0,
      0.22661202,
      -0.017353576,
      -0.97383046,
      0,
      0.9590228,
      -0.17060485,
      0.22620639,
      0,
      -0.475488,
      0.1616514,
      1.7949377,
      0.99999994
    ]
  },
  {
    "timestamp" : 239698775557,
    "trackingState" : "Normal",
    "transform" : [
      -0.17369731,
      -0.984486,
      -0.02483549,
      0,
      0.23134549,
      -0.016278263,
      -0.9727355,
      0,
      0.9572401,
      -0.1747071,
      0.23058385,
      0,
      -0.48122466,
      0.16367143,
      1.7977941,
      0.99999994
    ]
  },
  {
    "timestamp" : 239698792231,
    "trackingState" : "Normal",
    "transform" : [
      -0.1757857,
      -0.9840631,
      -0.02682103,
      0,
      0.23670425,
      -0.01580574,
      -0.9714532,
      0,
      0.95554733,
      -0.17711623,
      0.23571032,
      0,
      -0.48663267,
      0.16554408,
      1.8005623,
      0.99999994
    ]
  },
  {
    "timestamp" : 239698808904,
    "trackingState" : "Normal",
    "transform" : [
      -0.1775627,
      -0.98372406,
      -0.02754318,
      0,
      0.24315432,
      -0.016734945,
      -0.96984327,
      0,
      0.95359725,
      -0.17890522,
      0.24216823,
      0,
      -0.4918423,
      0.16731341,
      1.8032336,
      0.99999994
    ]
  },
  {
    "timestamp" : 239698825577,
    "trackingState" : "Normal",
    "transform" : [
      -0.17913604,
      -0.98346424,
      -0.0266168,
      0,
      0.24925695,
      -0.019196691,
      -0.96824706,
      0,
      0.9517255,
      -0.18008238,
      0.24857408,
      0,
      -0.4969361,
      0.16897576,
      1.8057916,
      0.99999994
    ]
  },
  {
    "timestamp" : 239698842251,
    "trackingState" : "Normal",
    "transform" : [
      -0.17924416,
      -0.9835035,
      -0.02434036,
      0,
      0.25374028,
      -0.022312036,
      -0.96701497,
      0,
      0.9505197,
      -0.17950793,
      0.25355378,
      0,
      -0.5020049,
      0.17052662,
      1.8082526,
      0.99999994
    ]
  },
  {
    "timestamp" : 239698858925,
    "trackingState" : "Normal",
    "transform" : [
      -0.17873046,
      -0.9836559,
      -0.021824803,
      0,
      0.2581321,
      -0.025474602,
      -0.96577364,
      0,
      0.949433,
      -0.17824687,
      0.25846624,
      0,
      -0.506973,
      0.17195745,
      1.8107213,
      0.9999998
    ]
  },
  {
    "timestamp" : 239698875598,
    "trackingState" : "Normal",
    "transform" : [
      -0.17912269,
      -0.98362523,
      -0.019909307,
      0,
      0.26417014,
      -0.028593468,
      -0.9640521,
      0,
      0.9476968,
      -0.17794305,
      0.26496622,
      0,
      -0.5128135,
      0.17231095,
      1.8139045,
      0.9999998
    ]
  },
  {
    "timestamp" : 239698892272,
    "trackingState" : "Normal",
    "transform" : [
      -0.18000773,
      -0.9834867,
      -0.01873801,
      0,
      0.2701693,
      -0.03111459,
      -0.9623099,
      0,
      0.945836,
      -0.17828567,
      0.27130878,
      0,
      -0.5177769,
      0.17314461,
      1.816752,
      0.9999999
    ]
  },
  {
    "timestamp" : 239698908945,
    "trackingState" : "Normal",
    "transform" : [
      -0.18028069,
      -0.9834531,
      -0.017856188,
      0,
      0.27408388,
      -0.032792233,
      -0.9611465,
      0,
      0.9446569,
      -0.17817026,
      0.2754605,
      0,
      -0.5224539,
      0.1740257,
      1.8195089,
      0.9999999
    ]
  },
  {
    "timestamp" : 239698925619,
    "trackingState" : "Normal",
    "transform" : [
      -0.17939024,
      -0.98363477,
      -0.016786054,
      0,
      0.27674165,
      -0.034082204,
      -0.96033967,
      0,
      0.94405144,
      -0.17692101,
      0.27832678,
      0,
      -0.52703965,
      0.17483655,
      1.8222522,
      0.9999999
    ]
  },
  {
    "timestamp" : 239698942292,
    "trackingState" : "Normal",
    "transform" : [
      -0.17778018,
      -0.9839434,
      -0.015799347,
      0,
      0.28093705,
      -0.03536004,
      -0.9590747,
      0,
      0.9431165,
      -0.17494309,
      0.28271246,
      0,
      -0.5321142,
      0.17569971,
      1.8248127,
      0.99999994
    ]
  },
  {
    "timestamp" : 239698958966,
    "trackingState" : "Normal",
    "transform" : [
      -0.17719439,
      -0.9840758,
      -0.014041836,
      0,
      0.28656146,
      -0.037938833,
      -0.95731044,
      0,
      0.94153327,
      -0.17365387,
      0.28872076,
      0,
      -0.53659594,
      0.17636806,
      1.8275476,
      0.99999994
    ]
  },
  {
    "timestamp" : 239698975640,
    "trackingState" : "Normal",
    "transform" : [
      -0.17642656,
      -0.98424435,
      -0.011688682,
      0,
      0.29112545,
      -0.04083343,
      -0.955813,
      0,
      0.9402763,
      -0.1720337,
      0.29374272,
      0,
      -0.5408708,
      0.1768828,
      1.8304167,
      0.9999998
    ]
  },
  {
    "timestamp" : 239698992313,
    "trackingState" : "Normal",
    "transform" : [
      -0.17480762,
      -0.9845541,
      -0.009768117,
      0,
      0.29344913,
      -0.042626772,
      -0.95502377,
      0,
      0.93985635,
      -0.16981189,
      0.29636803,
      0,
      -0.54511446,
      0.17724918,
      1.8335018,
      0.9999998
    ]
  },
  {
    "timestamp" : 239699008987,
    "trackingState" : "Normal",
    "transform" : [
      -0.1737216,
      -0.9847491,
      -0.009490078,
      0,
      0.29443747,
      -0.04274168,
      -0.95471436,
      0,
      0.9397485,
      -0.16864878,
      0.2973722,
      0,
      -0.5493392,
      0.17744613,
      1.8368835,
      0.9999998
    ]
  },
  {
    "timestamp" : 239699025660,
    "trackingState" : "Normal",
    "transform" : [
      -0.17342438,
      -0.9847802,
      -0.011493821,
      0,
      0.29669473,
      -0.04111373,
      -0.954087,
      0,
      0.9390934,
      -0.1688721,
      0.2993092,
      0,
      -0.55356663,
      0.17747267,
      1.8406072,
      0.99999994
    ]
  },
  {
    "timestamp" : 239699042334,
    "trackingState" : "Normal",
    "transform" : [
      -0.17244989,
      -0.984905,
      -0.014936185,
      0,
      0.3006708,
      -0.038193543,
      -0.9529629,
      0,
      0.93800753,
      -0.16882923,
      0.30271864,
      0,
      -0.5577966,
      0.17753083,
      1.8445216,
      0.9999999
    ]
  },
  {
    "timestamp" : 239699059007,
    "trackingState" : "Normal",
    "transform" : [
      -0.17015399,
      -0.9852524,
      -0.018040836,
      0,
      0.30491945,
      -0.035232924,
      -0.9517262,
      0,
      0.9370549,
      -0.16744101,
      0.30641758,
      0,
      -0.56203336,
      0.17770949,
      1.8484591,
      0.99999994
    ]
  },
  {
    "timestamp" : 239699075681,
    "trackingState" : "Normal",
    "transform" : [
      -0.16736518,
      -0.9856922,
      -0.019992879,
      0,
      0.30871153,
      -0.033136882,
      -0.9505782,
      0,
      0.9363152,
      -0.16526574,
      0.30984056,
      0,
      -0.5665103,
      0.17753176,
      1.8526496,
      0.9999999
    ]
  },
  {
    "timestamp" : 239699092355,
    "trackingState" : "Normal",
    "transform" : [
      -0.16442664,
      -0.9861635,
      -0.021107202,
      0,
      0.31239697,
      -0.03176631,
      -0.94942033,
      0,
      0.9356132,
      -0.16270383,
      0.31329775,
      0,
      -0.5711038,
      0.17721225,
      1.8569996,
      0.9999999
    ]
  },
  {
    "timestamp" : 239699109028,
    "trackingState" : "Normal",
    "transform" : [
      -0.16088758,
      -0.9867344,
      -0.02169182,
      0,
      0.31670284,
      -0.030797724,
      -0.9480247,
      0,
      0.93478054,
      -0.15939526,
      0.31745657,
      0,
      -0.5757736,
      0.17680112,
      1.8615463,
      0.99999994
    ]
  },
  {
    "timestamp" : 239699125702,
    "trackingState" : "Normal",
    "transform" : [
      -0.15662193,
      -0.98739016,
      -0.023025127,
      0,
      0.32067212,
      -0.028788207,
      -0.94675255,
      0,
      0.9341515,
      -0.15566576,
      0.3211374,
      0,
      -0.5804799,
      0.17630379,
      1.8663698,
      0.9999999
    ]
  },
  {
    "timestamp" : 239699142375,
    "trackingState" : "Normal",
    "transform" : [
      -0.15232138,
      -0.9880059,
      -0.02534719,
      0,
      0.32308194,
      -0.025539512,
      -0.9460262,
      0,
      0.9340322,
      -0.15228926,
      0.32309714,
      0,
      -0.5851323,
      0.17571141,
      1.871432,
      0.99999976
    ]
  },
  {
    "timestamp" : 239699159049,
    "trackingState" : "Normal",
    "transform" : [
      -0.1490021,
      -0.98845667,
      -0.027420424,
      0,
      0.32535845,
      -0.022821585,
      -0.9453153,
      0,
      0.9337775,
      -0.14977545,
      0.32500318,
      0,
      -0.58968055,
      0.17481034,
      1.8763033,
      0.9999999
    ]
  },
  {
    "timestamp" : 239699175722,
    "trackingState" : "Normal",
    "transform" : [
      -0.14745925,
      -0.9886487,
      -0.028802922,
      0,
      0.32748032,
      -0.021324322,
      -0.94461733,
      0,
      0.9332805,
      -0.14872496,
      0.32690743,
      0,
      -0.593941,
      0.17397605,
      1.8814908,
      0.99999994
    ]
  },
  {
    "timestamp" : 239699192396,
    "trackingState" : "Normal",
    "transform" : [
      -0.1465706,
      -0.98876595,
      -0.029309245,
      0,
      0.3302134,
      -0.020976877,
      -0.9436732,
      0,
      0.93245715,
      -0.14799304,
      0.32957834,
      0,
      -0.59803724,
      0.17317097,
      1.8868887,
      0.99999994
    ]
  },
  {
    "timestamp" : 239699209069,
    "trackingState" : "Normal",
    "transform" : [
      -0.14463325,
      -0.98905367,
      -0.02922569,
      0,
      0.33280665,
      -0.020809727,
      -0.94276536,
      0,
      0.93183744,
      -0.14608173,
      0.33217338,
      0,
      -0.6021037,
      0.17240283,
      1.8924673,
      0.9999999
    ]
  },
  {
    "timestamp" : 239699225743,
    "trackingState" : "Normal",
    "transform" : [
      -0.1421538,
      -0.989437,
      -0.028405393,
      0,
      0.33551252,
      -0.021165812,
      -0.9417979,
      0,
      0.93124855,
      -0.14341052,
      0.3349773,
      0,
      -0.606094,
      0.17166473,
      1.8981541,
      0.9999999
    ]
  },
  {
    "timestamp" : 239699242417,
    "trackingState" : "Normal",
    "transform" : [
      -0.1403669,
      -0.9897357,
      -0.026839923,
      0,
      0.33880377,
      -0.022542948,
      -0.94058704,
      0,
      0.9303274,
      -0.14112076,
      0.3384905,
      0,
      -0.6099324,
      0.17097175,
      1.9039383,
      0.99999994
    ]
  },
  {
    "timestamp" : 239699259090,
    "trackingState" : "Normal",
    "transform" : [
      -0.13868055,
      -0.9900168,
      -0.025188833,
      0,
      0.3419019,
      -0.023991527,
      -0.93942934,
      0,
      0.9294465,
      -0.13889268,
      0.34181577,
      0,
      -0.6122636,
      0.16930181,
      1.9093643,
      0.99999994
    ]
  },
  {
    "timestamp" : 239699275764,
    "trackingState" : "Normal",
    "transform" : [
      -0.13722137,
      -0.99024576,
      -0.024162432,
      0,
      0.3449768,
      -0.024910027,
      -0.9382805,
      0,
      0.92852646,
      -0.13708763,
      0.34502998,
      0,
      -0.615389,
      0.16841163,
      1.9153998,
      0.9999999
    ]
  },
  {
    "timestamp" : 239699292437,
    "trackingState" : "Normal",
    "transform" : [
      -0.13594188,
      -0.990415,
      -0.024456494,
      0,
      0.34755245,
      -0.0245583,
      -0.9373389,
      0,
      0.9277538,
      -0.13592352,
      0.34755963,
      0,
      -0.6186838,
      0.16782025,
      1.9218327,
      0.99999994
    ]
  },
  {
    "timestamp" : 239699309111,
    "trackingState" : "Normal",
    "transform" : [
      -0.13437141,
      -0.99059397,
      -0.025845962,
      0,
      0.34936365,
      -0.022950286,
      -0.93670607,
      0,
      0.9273023,
      -0.13489616,
      0.34916136,
      0,
      -0.6219703,
      0.16739917,
      1.9285008,
      0.99999994
    ]
  },
  {
    "timestamp" : 239699325784,
    "trackingState" : "Normal",
    "transform" : [
      -0.13283147,
      -0.9907746,
      -0.026861846,
      0,
      0.35179085,
      -0.021791946,
      -0.93582493,
      0,
      0.92660624,
      -0.13375676,
      0.35144007,
      0,
      -0.62513167,
      0.16714507,
      1.9352436,
      0.99999994
    ]
  },
  {
    "timestamp" : 239699342458,
    "trackingState" : "Normal",
    "transform" : [
      -0.13191998,
      -0.9908925,
      -0.027004505,
      0,
      0.35506177,
      -0.02180019,
      -0.9345886,
      0,
      0.9254881,
      -0.13287918,
      0.35470393,
      0,
      -0.6281167,
      0.16706534,
      1.9420156,
      0.99999994
    ]
  },
  {
    "timestamp" : 239699359132,
    "trackingState" : "Normal",
    "transform" : [
      -0.13095419,
      -0.99104553,
      -0.026072413,
      0,
      0.3574545,
      -0.022670513,
      -0.9336553,
      0,
      0.92470396,
      -0.13158579,
      0.3572225,
      0,
      -0.62901247,
      0.16658312,
      1.9475744,
      0.9999999
    ]
  },
  {
    "timestamp" : 239699375805,
    "trackingState" : "Normal",
    "transform" : [
      -0.12934306,
      -0.9913025,
      -0.024286611,
      0,
      0.3579452,
      -0.023834974,
      -0.9334383,
      0,
      0.9247409,
      -0.12942705,
      0.35791487,
      0,
      -0.6312429,
      0.1665301,
      1.9539914,
      0.99999994
    ]
  },
  {
    "timestamp" : 239699392479,
    "trackingState" : "Normal",
    "transform" : [
      -0.12730792,
      -0.9916133,
      -0.022262648,
      0,
      0.3587748,
      -0.025112519,
      -0.93308616,
      0,
      0.92470163,
      -0.12677656,
      0.35896295,
      0,
      -0.63391775,
      0.16664083,
      1.9607493,
      0.9999999
    ]
  },
  {
    "timestamp" : 239699409152,
    "trackingState" : "Normal",
    "transform" : [
      -0.1252404,
      -0.9919141,
      -0.020528447,
      0,
      0.36215395,
      -0.026442876,
      -0.93174314,
      0,
      0.9236663,
      -0.12412635,
      0.3625373,
      0,
      -0.636724,
      0.16686724,
      1.9677019,
      0.99999994
    ]
  },
  {
    "timestamp" : 239699425826,
    "trackingState" : "Normal",
    "transform" : [
      -0.12256417,
      -0.9922796,
      -0.018957373,
      0,
      0.36647514,
      -0.027498247,
      -0.9300214,
      0,
      0.92232,
      -0.12093471,
      0.36701605,
      0,
      -0.63962203,
      0.16718249,
      1.9747603,
      0.99999994
    ]
  },
  {
