[
  {
    "trackingState" : "Normal",
    "transform" : [
      0.3116273,
      -0.9278036,
      -0.20510738,
      0,
      -0.59216905,
      -0.020815674,
      -0.8055449,
      0,
      0.74311805,
      0.372488,
      -0.5559033,
      0,
      -3.300675,
      -0.0006868923,
      5.4233084,
      0.99999994
    ],
    "timestamp" : 239714281967
  },
  {
    "trackingState" : "Normal",
    "transform" : [
      0.30824253,
      -0.92947626,
      -0.20263389,
      0,
      -0.5918503,
      -0.020607535,
      -0.80578446,
      0,
      0.7447818,
      0.36830595,
      -0.5564629,
      0,
      -3.3068285,
      -0.00018158928,
      5.4284215,
      0.99999994
    ],
    "timestamp" : 239714298640
  },
  {
    "trackingState" : "Normal",
    "transform" : [
      0.3032769,
      -0.93162346,
      -0.20025216,
      0,
      -0.59127474,
      -0.019179666,
      -0.80624217,
      0,
      0.7472733,
      0.36291862,
      -0.55666226,
      0,
      -3.3129418,
      0.00061984546,
      5.4337606,
      0.99999994
    ],
    "timestamp" : 239714315314
  },
  {
    "trackingState" : "Normal",
    "transform" : [
      0.2975161,
      -0.9339462,
      -0.19806242,
      0,
      -0.59050125,
      -0.016998252,
      -0.8068577,
      0,
      0.750195,
      0.35700926,
      -0.55655366,
      0,
      -3.3190622,
      0.0016953843,
      5.439295,
      0.99999994
    ],
    "timestamp" : 239714331987
  },
  {
    "trackingState" : "Normal",
    "transform" : [
      0.29183552,
      -0.936101,
      -0.19633399,
      0,
      -0.5898514,
      -0.014553262,
      -0.8073807,
      0,
      0.7529326,
      0.3514302,
      -0.5564077,
      0,
      -3.324853,
      0.0033368855,
      5.4450316,
      0.9999999
    ],
    "timestamp" : 239714348661
  },
  {
    "trackingState" : "Normal",
    "transform" : [
      0.2864562,
      -0.93809235,
      -0.19474466,
      0,
      -0.589404,
      -0.012295654,
      -0.8077447,
      0,
      0.75534475,
      0.34616682,
      -0.5564377,
      0,
      -3.3304608,
      0.005421086,
      5.4509025,
      0.9999998
    ],
    "timestamp" : 239714365334
  },
  {
    "trackingState" : "Normal",
    "transform" : [
      0.2811247,
      -0.940217,
      -0.19225188,
      0,
      -0.5894976,
      -0.011105682,
      -0.80769366,
      0,
      0.7572723,
      0.34039468,
      -0.5573779,
      0,
      -3.336487,
      0.007475336,
      5.456816,
      0.9999998
    ],
    "timestamp" : 239714382008
  },
  {
    "trackingState" : "Normal",
    "transform" : [
      0.27569288,
      -0.9424762,
      -0.18902941,
      0,
      -0.5899757,
      -0.010651816,
      -0.80735075,
      0,
      0.7588954,
      0.33410364,
      -0.5589747,
      0,
      -3.3426116,
      0.009677745,
      5.462776,
      0.99999994
    ],
    "timestamp" : 239714398681
  },
  {
    "trackingState" : "Normal",
    "transform" : [
      0.26964492,
      -0.94473034,
      -0.18648416,
      0,
      -0.59012586,
      -0.009085327,
      -0.80726016,
      0,
      0.76094896,
      0.3277227,
      -0.55995965,
      0,
      -3.3486695,
      0.012090547,
      5.468811,
      0.99999994
    ],
    "timestamp" : 239714415355
  },
  {
    "trackingState" : "Normal",
    "transform" : [
      0.26244727,
      -0.9471846,
      -0.18429019,
      0,
      -0.5903318,
      -0.006528875,
      -0.8071343,
      0,
      0.763302,
      0.32062253,
      -0.5608667,
      0,
      -3.3545957,
      0.01472453,
      5.474862,
      0.99999994
    ],
    "timestamp" : 239714432028
  },
  {
    "trackingState" : "Normal",
    "transform" : [
      0.25417453,
      -0.94994134,
      -0.18167779,
      0,
      -0.5919056,
      -0.00422734,
      -0.8059962,
      0,
      0.76488113,
      0.3123998,
      -0.56335014,
      0,
      -3.3605273,
      0.017695298,
      5.480697,
      0.99999994
    ],
    "timestamp" : 239714448702
  },
  {
    "trackingState" : "Normal",
    "transform" : [
      0.24586178,
      -0.9527935,
      -0.17814806,
      0,
      -0.5939386,
      -0.0028397779,
      -0.8045054,
      0,
      0.76602167,
      0.30360612,
      -0.566599,
      0,
      -3.3664594,
      0.020876667,
      5.486371,
      0.99999994
    ],
    "timestamp" : 239714465376
  },
  {
    "trackingState" : "Normal",
    "transform" : [
      0.23821442,
      -0.95544004,
      -0.17432244,
      0,
      -0.59567374,
      -0.001965675,
      -0.8032241,
      0,
      0.76708984,
      0.29517886,
      -0.5695988,
      0,
      -3.372269,
      0.023977777,
      5.492205,
      0.9999999
    ],
    "timestamp" : 239714482049
  },
  {
    "trackingState" : "Normal",
    "transform" : [
      0.23128857,
      -0.9578303,
      -0.17049022,
      0,
      -0.59721065,
      -0.0014414428,
      -0.80208313,
      0,
      0.7680137,
      0.28733122,
      -0.5723599,
      0,
      -3.37803,
      0.02703738,
      5.498091,
      0.99999994
    ],
    "timestamp" : 239714498723
  },
  {
    "trackingState" : "Normal",
    "transform" : [
      0.22429617,
      -0.96019465,
      -0.1664854,
      0,
      -0.59845257,
      -0.00088479917,
      -0.8011576,
      0,
      0.76912004,
      0.27933022,
      -0.5748295,
      0,
      -3.383706,
      0.030061956,
      5.5039563,
      0.9999998
    ],
    "timestamp" : 239714515396
  },
  {
    "trackingState" : "Normal",
    "transform" : [
      0.21598642,
      -0.96280164,
      -0.16236687,
      0,
      -0.59985185,
      0.0003652651,
      -0.800111,
      0,
      0.7704075,
      0.27020916,
      -0.57745945,
      0,
      -3.3892531,
      0.033041116,
      5.509768,
      0.9999999
    ],
    "timestamp" : 239714532070
  },
  {
    "trackingState" : "Normal",
    "transform" : [
      0.20646057,
      -0.96559715,
      -0.15810251,
      0,
      -0.6013929,
      0.0022288116,
      -0.7989503,
      0,
      0.77181655,
      0.26003346,
      -0.5802431,
      0,
      -3.394689,
      0.035947934,
      5.5154943,
      0.99999994
    ],
    "timestamp" : 239714548743
  },
  {
    "trackingState" : "Normal",
    "transform" : [
      0.19694673,
      -0.9683207,
      -0.15351559,
      0,
      -0.6032651,
      0.0037410303,
      -0.7975319,
      0,
      0.7728411,
      0.2496819,
      -0.5834173,
      0,
      -3.400069,
      0.038981967,
      5.5210037,
      0.9999999
    ],
    "timestamp" : 239714565417
  },
  {
    "trackingState" : "Normal",
    "transform" : [
      0.18893908,
      -0.97066313,
      -0.14871162,
      0,
      -0.60556626,
      0.0040459735,
      -0.79578465,
      0,
      0.77304053,
      0.24040955,
      -0.5870365,
      0,
      -3.4055903,
      0.04177115,
      5.5264945,
      0.99999994
    ],
    "timestamp" : 239714582090
  },
  {
    "trackingState" : "Normal",
    "transform" : [
      0.18261403,
      -0.97268844,
      -0.14328063,
      0,
      -0.60676223,
      0.0031738512,
      -0.79487705,
      0,
      0.7736225,
      0.23209298,
      -0.5896111,
      0,
      -3.4112415,
      0.044449225,
      5.5319123,
      0.99999994
    ],
    "timestamp" : 239714598764
  },
  {
    "trackingState" : "Normal",
    "transform" : [
      0.17790155,
      -0.974356,
      -0.13777311,
      0,
      -0.60605,
      0.0018174888,
      -0.7954245,
      0,
      0.77527714,
      0.22500463,
      -0.5901851,
      0,
      -3.4169807,
      0.04705203,
      5.537288,
      0.9999999
    ],
    "timestamp" : 239714615438
  },
  {
    "trackingState" : "Normal",
    "transform" : [
      0.1748963,
      -0.97545433,
      -0.13379142,
      0,
      -0.60416603,
      0.0009701352,
      -0.79685783,
      0,
      0.77742827,
      0.22019972,
      -0.58916676,
      0,
      -3.422751,
      0.049566396,
      5.5426855,
      0.9999998
    ],
    "timestamp" : 239714632111
  },
  {
    "trackingState" : "Normal",
    "transform" : [
      0.17247798,
      -0.97623324,
      -0.13122492,
      0,
      -0.60271347,
      0.00077548594,
      -0.7979571,
      0,
      0.7790941,
      0.21672109,
      -0.58825517,
      0,
      -3.42973,
      0.05231413,
      5.5481534,
      0.9999998
    ],
    "timestamp" : 239714648785
  },
  {
    "trackingState" : "Normal",
    "transform" : [
      0.16896896,
      -0.97717285,
      -0.12877513,
      0,
      -0.60139626,
      0.0012972117,
      -0.79894996,
      0,
      0.7808792,
      0.2124426,
      -0.5874488,
      0,
      -3.435726,
      0.05480184,
      5.5534062,
      1
    ],
    "timestamp" : 239714665458
  },
  {
    "trackingState" : "Normal",
    "transform" : [
      0.16456398,
      -0.97837734,
      -0.12528603,
      0,
      -0.5996373,
      0.0016189566,
      -0.8002702,
      0,
      0.7831691,
      0.20682184,
      -0.5864052,
      0,
      -3.4412637,
      0.057231754,
      5.5583687,
      0.99999994
    ],
    "timestamp" : 239714682132
  },
  {
    "trackingState" : "Normal",
    "transform" : [
      0.15872458,
      -0.980293,
      -0.11761097,
      0,
      -0.5977167,
      -0.0005944885,
      -0.8017072,
      0,
      0.78583807,
      0.19754869,
      -0.58603185,
      0,
      -3.4466114,
      0.05961658,
      5.5630155,
      0.99999994
    ],
    "timestamp" : 239714698805
  },
  {
    "trackingState" : "Normal",
    "transform" : [
      0.1537315,
      -0.98182416,
      -0.11130075,
      0,
      -0.59697497,
      -0.002528158,
      -0.8022557,
      0,
      0.7873928,
      0.18977576,
      -0.58651316,
      0,
      -3.4518392,
      0.061907887,
      5.567642,
      0.9999998
    ],
    "timestamp" : 239714715479
  },
  {
    "trackingState" : "Normal",
    "transform" : [
      0.14895548,
      -0.9830715,
      -0.1066895,
      0,
      -0.5969681,
      -0.0033865194,
      -0.8022577,
      0,
      0.7883155,
      0.18319093,
      -0.58736676,
      0,
      -3.4569826,
      0.064054966,
      5.572337,
      0.9999999
    ],
    "timestamp" : 239714732152
  },
  {
    "trackingState" : "Normal",
    "transform" : [
      0.14330408,
      -0.98431104,
      -0.102935135,
      0,
      -0.5952729,
      -0.0026360243,
      -0.8035192,
      0,
      0.7906416,
      0.17642207,
      -0.5863114,
      0,
      -3.4622777,
      0.0661748,
      5.577196,
      0.9999998
    ],
    "timestamp" : 239714748826
  },
  {
    "trackingState" : "Normal",
    "transform" : [
      0.13768399,
      -0.9854489,
      -0.09966903,
      0,
      -0.5923517,
      -0.0012746651,
      -0.80567867,
      0,
      0.793828,
      0.16996814,
      -0.5839077,
      0,
      -3.467629,
      0.06822494,
      5.582112,
      1
    ],
    "timestamp" : 239714765500
  },
  {
    "trackingState" : "Normal",
    "transform" : [
      0.13334337,
      -0.9863096,
      -0.09702046,
      0,
      -0.58972853,
      -0.00028645227,
      -0.80760133,
      0,
      0.7965172,
      0.16490404,
      -0.58169323,
      0,
      -3.472709,
      0.07008659,
      5.586872,
      0.9999999
    ],
    "timestamp" : 239714782173
  },
  {
    "trackingState" : "Normal",
    "transform" : [
      0.13073444,
      -0.98690516,
      -0.09448159,
      0,
      -0.5880808,
      -0.0004716922,
      -0.80880207,
      0,
      0.79816645,
      0.16130109,
      -0.5804417,
      0,
      -3.4777246,
      0.0718266,
      5.591515,
      0.99999994
    ],
    "timestamp" : 239714798847
  },
  {
    "trackingState" : "Normal",
    "transform" : [
      0.12875447,
      -0.9874111,
      -0.09187826,
      0,
      -0.5871238,
      -0.001235268,
      -0.8094961,
      0,
      0.799192,
      0.15817018,
      -0.5798916,
      0,
      -3.482674,
      0.07346786,
      5.596045,
      0.9999999
    ],
    "timestamp" : 239714815520
  },
  {
    "trackingState" : "Normal",
    "transform" : [
      0.12604453,
      -0.98798805,
      -0.08940078,
      0,
      -0.5858489,
      -0.0014078507,
      -0.8104191,
      0,
      0.8005585,
      0.15452424,
      -0.5789892,
      0,
      -3.4875019,
      0.07505936,
      5.6005034,
      0.99999994
    ],
    "timestamp" : 239714832194
  },
  {
    "trackingState" : "Normal",
    "transform" : [
      0.12312737,
      -0.98855495,
      -0.08717143,
      0,
      -0.5836607,
      -0.0010942142,
      -0.8119968,
      0,
      0.8026082,
      0.15085758,
      -0.57711554,
      0,
      -3.4919753,
      0.076574944,
      5.60476,
      0.99999994
    ],
    "timestamp" : 239714848867
  },
  {
    "trackingState" : "Normal",
    "transform" : [
      0.12108412,
      -0.9890239,
      -0.084678866,
      0,
      -0.58220035,
      -0.0016658921,
      -0.81304365,
      0,
      0.80397856,
      0.14774673,
      -0.5760117,
      0,
      -3.4963727,
      0.078044996,
      5.6088767,
      0.99999994
    ],
    "timestamp" : 239714865541
  },
  {
    "trackingState" : "Normal",
    "transform" : [
      0.12003786,
      -0.98942626,
      -0.08140462,
      0,
      -0.58085406,
      -0.0034981004,
      -0.8140002,
      0,
      0.80510837,
      0.14499506,
      -0.5751323,
      0,
      -3.501058,
      0.07953187,
      5.6129985,
      0.99999994
    ],
    "timestamp" : 239714882214
  },
  {
    "trackingState" : "Normal",
    "transform" : [
      0.11946081,
      -0.98978466,
      -0.07781602,
      0,
      -0.5788389,
      -0.0057544867,
      -0.8154215,
      0,
      0.806644,
      0.14245386,
      -0.5736133,
      0,
      -3.5058217,
      0.08098827,
      5.6171,
      0.9999998
    ],
    "timestamp" : 239714898888
  },
  {
    "trackingState" : "Normal",
    "transform" : [
      0.11876731,
      -0.99008983,
      -0.07494245,
      0,
      -0.5770352,
      -0.007401863,
      -0.8166856,
      0,
      0.8080375,
      0.14024,
      -0.5721958,
      0,
      -3.5105712,
      0.082369454,
      5.621256,
      0.9999998
    ],
    "timestamp" : 239714915561
  },
  {
    "trackingState" : "Normal",
    "transform" : [
      0.118219145,
      -0.9902875,
      -0.0731768,
      0,
      -0.5761531,
      -0.008386481,
      -0.8172987,
      0,
      0.808747,
      0.1387814,
      -0.5715487,
      0,
      -3.515283,
      0.08365783,
      5.625511,
      0.9999999
    ],
    "timestamp" : 239714932235
  },
  {
    "trackingState" : "Normal",
    "transform" : [
      0.11770186,
      -0.9904329,
      -0.07203466,
      0,
      -0.57626116,
      -0.00904571,
      -0.81721556,
      0,
      0.80874556,
      0.13769856,
      -0.5718127,
      0,
      -3.5204327,
      0.0849296,
      5.6299543,
      0.99999994
    ],
    "timestamp" : 239714948908
  },
  {
    "trackingState" : "Normal",
    "transform" : [
      0.115890115,
      -0.9907642,
      -0.070398085,
      0,
      -0.5754676,
      -0.009206389,
      -0.8177728,
      0,
      0.80957204,
      0.1352836,
      -0.57121956,
      0,
      -3.5256338,
      0.08614896,
      5.6344337,
      0.99999994
    ],
    "timestamp" : 239714965582
  },
  {
    "trackingState" : "Normal",
    "transform" : [
      0.11221518,
      -0.99133664,
      -0.068260536,
      0,
      -0.5719057,
      -0.008255417,
      -0.82027787,
      0,
      0.812608,
      0.13108622,
      -0.5678774,
      0,
      -3.5302129,
      0.08722387,
      5.638791,
      0.9999999
    ],
    "timestamp" : 239714982256
  },
  {
    "trackingState" : "Normal",
    "transform" : [
      0.107665464,
      -0.9919295,
      -0.066964276,
      0,
      -0.56806666,
      -0.006101481,
      -0.82295996,
      0,
      0.8159097,
      0.12664454,
      -0.56413895,
      0,
      -3.5345387,
      0.08817995,
      5.643179,
      0.9999999
    ],
    "timestamp" : 239714998929
  },
  {
    "trackingState" : "Normal",
    "transform" : [
      0.10347179,
      -0.99236727,
      -0.0670885,
      0,
      -0.5668814,
      -0.003415322,
      -0.8237922,
      0,
      0.8172754,
      0.1232705,
      -0.56290793,
      0,
      -3.538817,
      0.089028694,
      5.6476464,
      0.9999999
    ],
    "timestamp" : 239715015603
  },
  {
    "trackingState" : "Normal",
    "transform" : [
      0.10005175,
      -0.99269766,
      -0.0673878,
      0,
      -0.5680015,
      -0.0013776689,
      -0.82302636,
      0,
      0.81692356,
      0.12062161,
      -0.5639916,
      0,
      -3.5431356,
      0.08979994,
      5.652128,
      0.9999999
    ],
    "timestamp" : 239715032276
  },
  {
    "trackingState" : "Normal",
    "transform" : [
      0.09772684,
      -0.99295187,
      -0.06705324,
      0,
      -0.57035244,
      -0.00066591206,
      -0.8213998,
      0,
      0.8155659,
      0.11851678,
      -0.56639755,
      0,
      -3.547766,
      0.09092955,
      5.6566844,
      0.9999999
    ],
    "timestamp" : 239715048950
  },
  {
    "trackingState" : "Normal",
    "transform" : [
      0.09596189,
      -0.99314636,
      -0.06672088,
      0,
      -0.57254755,
      -0.00024186447,
      -0.8198715,
      0,
      0.8142362,
      0.116877295,
      -0.56864685,
      0,
      -3.5525355,
      0.09212516,
      5.6613708,
      0.99999994
    ],
    "timestamp" : 239715065623
  },
  {
    "trackingState" : "Normal",
    "transform" : [
      0.0941573,
      -0.9933011,
      -0.06698838,
      0,
      -0.57318276,
      0.00092898007,
      -0.8194271,
      0,
      0.81400007,
      0.11555162,
      -0.5692556,
      0,
      -3.5571413,
      0.092866495,
      5.666142,
      0.99999994
    ],
    "timestamp" : 239715082297
  },
  {
    "trackingState" : "Normal",
    "transform" : [
      0.09235335,
      -0.9934333,
      -0.06753765,
      0,
      -0.5722315,
      0.0025561168,
      -0.82008815,
      0,
      0.8148755,
      0.11438506,
      -0.5682378,
      0,
      -3.561724,
      0.0934217,
      5.671036,
      0.99999994
    ],
    "timestamp" : 239715098971
  },
  {
    "trackingState" : "Normal",
    "transform" : [
      0.09230724,
      -0.9934224,
      -0.0677603,
      0,
      -0.5721593,
      0.0027765986,
      -0.8201378,
      0,
      0.8149314,
      0.11447435,
      -0.56813955,
      0,
      -3.566461,
      0.09388166,
      5.67606,
      0.9999999
    ],
    "timestamp" : 239715115644
  },
  {
    "trackingState" : "Normal",
    "transform" : [
      0.09624623,
      -0.99309105,
      -0.06713386,
      0,
      -0.5747648,
      -0.00038472546,
      -0.81831855,
      0,
      0.812639,
      0.11734626,
      -0.5708308,
      0,
      -3.5714622,
      0.0942647,
      5.6812563,
      0.9999999
    ],
    "timestamp" : 239715132318
  },
  {
    "trackingState" : "Normal",
    "transform" : [
      0.10313034,
      -0.9924599,
      -0.0662377,
      0,
      -0.5777177,
      -0.005557754,
      -0.81621754,
      0,
      0.8096952,
      0.122443505,
      -0.573935,
      0,
      -3.5761752,
      0.094647355,
      5.686329,
      0.9999999
    ],
    "timestamp" : 239715148991
  },
  {
    "trackingState" : "Normal",
    "transform" : [
      0.10806271,
      -0.9919208,
      -0.06645026,
      0,
      -0.57794946,
      -0.008296383,
      -0.81603044,
      0,
      0.80888623,
      0.12658735,
      -0.57417667,
      0,
      -3.580516,
      0.09502976,
      5.691523,
      0.99999994
    ],
    "timestamp" : 239715165665
  },
  {
    "trackingState" : "Normal",
    "transform" : [
      0.10761715,
      -0.99190825,
      -0.06735374,
      0,
      -0.5749148,
      -0.006818059,
      -0.81818473,
      0,
      0.811105,
      0.12677339,
      -0.5709965,
      0,
      -3.5847013,
      0.09536183,
      5.6971245,
      0.9999998
    ],
    "timestamp" : 239715182338
  },
  {
    "trackingState" : "Normal",
    "transform" : [
      0.102670774,
      -0.9924072,
      -0.06772571,
      0,
      -0.5727037,
      -0.0033064974,
      -0.81975585,
      0,
      0.8133077,
      0.12295172,
      -0.5686948,
      0,
      -3.5886767,
      0.095656715,
      5.702814,
      0.99999994
    ],
    "timestamp" : 239715199012
  },
  {
    "trackingState" : "Normal",
    "transform" : [
      0.09772216,
      -0.9929287,
      -0.06740214,
      0,
      -0.5754258,
      -0.0011146714,
      -0.81785333,
      0,
      0.8119949,
      0.11870731,
      -0.57146573,
      0,
      -3.5927365,
      0.09584265,
      5.7085347,
      0.99999994
    ],
    "timestamp" : 239715215685
  },
  {
    "trackingState" : "Normal",
    "transform" : [
      0.0955391,
      -0.9931765,
      -0.06687745,
      0,
      -0.5822322,
      -0.0012617523,
      -0.8130215,
      0,
      0.8073895,
      0.11661355,
      -0.57838005,
      0,
      -3.5970764,
      0.09591866,
      5.714312,
      0.9999998
    ],
    "timestamp" : 239715232359
  },
  {
    "trackingState" : "Normal",
    "transform" : [
      0.09546454,
      -0.99324846,
      -0.06590971,
      0,
      -0.5884589,
      -0.0029071448,
      -0.8085219,
      0,
      0.8028715,
      0.11597033,
      -0.5847635,
      0,
      -3.601226,
      0.09547539,
      5.71959,
      0.99999994
    ],
    "timestamp" : 239715249032
  },
  {
    "trackingState" : "Normal",
    "transform" : [
      0.09540384,
      -0.9933261,
      -0.064818114,
      0,
      -0.5908504,
      -0.0041034217,
      -0.8067707,
      0,
      0.8011204,
      0.11526684,
      -0.5872986,
      0,
      -3.6053412,
      0.09482308,
      5.724823,
      0.99999994
    ],
    "timestamp" : 239715265706
  },
  {
    "trackingState" : "Normal",
    "transform" : [
      0.09391791,
      -0.99348813,
      -0.06450464,
      0,
      -0.5901511,
      -0.0033740506,
      -0.8072857,
      0,
      0.80181116,
      0.11388607,
      -0.58662504,
      0,
      -3.609784,
      0.09439365,
      5.730662,
      0.99999994
    ],
    "timestamp" : 239715282380
  },
  {
    "trackingState" : "Normal",
    "transform" : [
      0.090916865,
      -0.9937449,
      -0.064848065,
      0,
      -0.58988273,
      -0.0012742399,
      -0.8074879,
      0,
      0.80235434,
      0.11166704,
      -0.58630884,
      0,
      -3.614363,
      0.09391561,
      5.736786,
      0.99999994
    ],
    "timestamp" : 239715299053
  },
  {
    "trackingState" : "Normal",
    "transform" : [
      0.08815827,
      -0.9939837,
      -0.06499744,
      0,
      -0.5927323,
      9.522412e-05,
      -0.8053995,
      0,
      0.8005602,
      0.10952871,
      -0.5891578,
      0,
      -3.619203,
      0.09327223,
      5.7429957,
      0.9999999
    ],
    "timestamp" : 239715315727
  },
  {
    "trackingState" : "Normal",
    "transform" : [
      0.086445734,
      -0.9941851,
      -0.06421256,
      0,
      -0.5976788,
      -0.00018635439,
      -0.80173564,
      0,
      0.7970617,
      0.10768512,
      -0.59421945,
      0,
      -3.624386,
      0.092460245,
      5.749209,
      0.99999994
    ],
    "timestamp" : 239715332400
  },
  {
    "trackingState" : "Normal",
    "transform" : [
      0.085970394,
      -0.99434173,
      -0.06239968,
      0,
      -0.6016013,
      -0.0018860667,
      -0.7987942,
      0,
      0.79415685,
      0.106212385,
      -0.59835947,
      0,
      -3.6294794,
      0.091606714,
      5.7553353,
      0.9999999
    ],
    "timestamp" : 239715349074
  },
  {
    "trackingState" : "Normal",
    "transform" : [
      0.08652635,
      -0.9943911,
      -0.060825564,
      0,
      -0.60310066,
      -0.003686871,
      -0.7976566,
      0,
      0.7929584,
      0.10570226,
      -0.6000369,
      0,
      -3.634721,
      0.09067556,
      5.761575,
      0.99999994
    ],
    "timestamp" : 239715365747
  },
  {
    "trackingState" : "Normal",
    "transform" : [
      0.08752283,
      -0.99431396,
      -0.060659233,
      0,
      -0.6029976,
      -0.0044114026,
      -0.7977308,
      0,
      0.7929273,
      0.10639705,
      -0.5999551,
      0,
      -3.6404634,
      0.0895996,
      5.768072,
      0.99999994
    ],
    "timestamp" : 239715382421
  },
  {
    "trackingState" : "Normal",
    "transform" : [
      0.087991305,
      -0.9942321,
      -0.061318375,
      0,
      -0.6032052,
      -0.0041950187,
      -0.7975749,
      0,
      0.7927174,
      0.10716722,
      -0.6000953,
      0,
      -3.6464498,
      0.088467665,
      5.7746816,
      0.9999998
    ],
    "timestamp" : 239715399094
  },
  {
    "trackingState" : "Normal",
    "transform" : [
      0.087584816,
      -0.9942913,
      -0.06094082,
      0,
      -0.6041678,
      -0.0043805563,
      -0.796845,
      0,
      0.7920292,
      0.10661002,
      -0.60110253,
      0,
      -3.6526096,
      0.08735595,
      5.781247,
      0.99999994
    ],
    "timestamp" : 239715415768
  },
  {
    "trackingState" : "Normal",
    "transform" : [
      0.08684611,
      -0.9944748,
      -0.05897173,
      0,
      -0.6053302,
      -0.00566308,
      -0.7959543,
      0,
      0.7912226,
      0.104822904,
      -0.6024776,
      0,
      -3.658944,
      0.0863263,
      5.7877164,
      0.99999994
    ],
    "timestamp" : 239715432441
  },
  {
    "trackingState" : "Normal",
    "transform" : [
      0.086550325,
      -0.9946781,
      -0.055898894,
      0,
      -0.6063983,
      -0.008080648,
      -0.79512006,
      0,
      0.7904368,
      0.10271489,
      -0.6038705,
      0,
      -3.6653037,
      0.0856811,
      5.7936683,
      0.99999994
    ],
    "timestamp" : 239715449115
  },
  {
    "trackingState" : "Normal",
    "transform" : [
      0.086649984,
      -0.9948419,
      -0.052740607,
      0,
      -0.606699,
      -0.010704297,
      -0.79485965,
      0,
      0.79019505,
      0.10087225,
      -0.60449713,
      0,
      -3.6717951,
      0.085194126,
      5.799612,
      0.99999994
    ],
    "timestamp" : 239715465789
  },
  {
    "trackingState" : "Normal",
    "transform" : [
      0.087013826,
      -0.99493355,
      -0.050357543,
      0,
      -0.6067532,
      -0.012837459,
      -0.7947867,
      0,
      0.79011345,
      0.09971204,
      -0.6047962,
      0,
      -3.678586,
      0.08458972,
      5.8061056,
      0.99999994
    ],
    "timestamp" : 239715482462
  },
  {
    "trackingState" : "Normal",
    "transform" : [
      0.08750922,
      -0.99495703,
      -0.04901613,
      0,
      -0.60664237,
      -0.014198032,
      -0.794848,
      0,
      0.7901437,
      0.09929179,
      -0.6048256,
      0,
      -3.6855657,
      0.084062204,
      5.812867,
      0.9999999
    ],
    "timestamp" : 239715499136
  },
  {
    "trackingState" : "Normal",
    "transform" : [
      0.08774689,
      -0.99497074,
      -0.048310854,
      0,
      -0.6057061,
      -0.014789462,
      -0.7955511,
      0,
      0.7908355,
      0.0990693,
      -0.60395765,
      0,
      -3.6926603,
      0.08370676,
      5.819747,
      1
    ],
    "timestamp" : 239715515809
  },
  {
    "trackingState" : "Normal",
    "transform" : [
      0.08750818,
      -0.9949954,
      -0.048234645,
      0,
      -0.60383403,
      -0.014470869,
      -0.7969787,
      0,
      0.7922921,
      0.09886788,
      -0.60207844,
      0,
      -3.6998243,
      0.08357551,
      5.8266473,
      0.99999994
    ],
    "timestamp" : 239715532483
  },
  {
    "trackingState" : "Normal",
    "transform" : [
      0.087398194,
      -0.9949951,
      -0.048439547,
      0,
      -0.60111517,
      -0.013900747,
      -0.79904145,
      0,
      0.7943691,
      0.09895253,
      -0.5993216,
      0,
      -3.7070637,
      0.08371106,
      5.8334866,
      0.99999994
    ],
    "timestamp" : 239715549156
  },
  {
    "trackingState" : "Normal",
    "transform" : [
      0.08722036,
      -0.9950065,
      -0.048525915,
      0,
      -0.59776384,
      -0.013307124,
      -0.8015617,
      0,
      0.79691344,
      0.09891955,
      -0.59593964,
      0,
      -3.7139695,
      0.084786385,
      5.8397436,
      0.99999994
    ],
    "timestamp" : 239715565830
  },
  {
    "trackingState" : "Normal",
    "transform" : [
      0.08799622,
      -0.9949262,
      -0.048770025,
      0,
      -0.5957332,
      -0.013324044,
      -0.80307186,
      0,
      0.7983475,
      0.099721216,
      -0.5938831,
      0,
      -3.7212358,
      0.085622445,
      5.8462024,
      0.99999994
    ],
    "timestamp" : 239715582503
  },
  {
    "trackingState" : "Normal",
    "transform" : [
      0.089557506,
      -0.9947548,
      -0.049419727,
      0,
      -0.5954589,
      -0.0137023665,
      -0.80326873,
      0,
      0.79837835,
      0.10136618,
      -0.59356284,
      0,
      -3.7287056,
      0.086490855,
      5.8527007,
      0.99999976
    ],
    "timestamp" : 239715599177
  },
  {
    "trackingState" : "Normal",
    "transform" : [
      0.093046375,
      -0.9944271,
      -0.0495701,
      0,
      -0.5959845,
      -0.015745025,
      -0.8028415,
      0,
      0.797587,
      0.1042445,
      -0.59412825,
      0,
      -3.736402,
      0.08743791,
      5.859161,
      0.99999994
    ],
    "timestamp" : 239715615851
  },
  {
    "trackingState" : "Normal",
    "transform" : [
      0.09874344,
      -0.9938994,
      -0.04913073,
      0,
      -0.5946337,
      -0.019344691,
      -0.803764,
      0,
      0.7979101,
      0.1085812,
      -0.5929163,
      0,
      -3.7442434,
      0.08847006,
      5.865591,
      0.99999994
    ],
    "timestamp" : 239715632524
  },
  {
    "trackingState" : "Normal",
    "transform" : [
      0.1056689,
      -0.99316245,
      -0.049622074,
      0,
      -0.590747,
      -0.022555547,
      -0.80654144,
      0,
      0.7999075,
      0.11454044,
      -0.5890912,
      0,
      -3.7520807,
      0.08949075,
      5.8721757,
      0.9999999
    ],
    "timestamp" : 239715649198
  },
  {
    "trackingState" : "Normal",
    "transform" : [
      0.111255415,
      -0.9924287,
      -0.052034598,
      0,
      -0.5865004,
      -0.023299832,
      -0.8096137,
      0,
      0.80227154,
      0.12059222,
      -0.5846522,
      0,
      -3.7596626,
      0.09053627,
      5.8788385,
      0.99999994
    ],
    "timestamp" : 239715665871
  },
  {
    "trackingState" : "Normal",
    "transform" : [
      0.11309766,
      -0.9920584,
      -0.05503796,
      0,
      -0.5834498,
      -0.021473933,
      -0.8118653,
      0,
      0.8042359,
      0.123931944,
      -0.58124495,
      0,
      -3.7668295,
      0.09167489,
      5.885352,
      0.9999999
    ],
    "timestamp" : 239715682545
  },
  {
    "trackingState" : "Normal",
    "transform" : [
      0.111296736,
      -0.99215186,
      -0.056989215,
      0,
      -0.5829736,
      -0.018739209,
      -0.81227505,
      0,
      0.8048323,
      0.12362675,
      -0.58048403,
      0,
      -3.7736893,
      0.092892654,
      5.891602,
      0.99999994
    ],
    "timestamp" : 239715699218
  },
  {
    "trackingState" : "Normal",
    "transform" : [
      0.10881945,
      -0.99241406,
      -0.057207074,
      0,
      -0.5847455,
      -0.017366724,
      -0.8110308,
      0,
      0.803885,
      0.12170751,
      -0.58219963,
      0,
      -3.7804754,
      0.09417064,
      5.897578,
      0.99999994
    ],
    "timestamp" : 239715715892
  },
  {
    "trackingState" : "Normal",
    "transform" : [
      0.10860574,
      -0.99247825,
      -0.05649551,
      0,
      -0.5861681,
      -0.018036162,
      -0.8099887,
      0,
      0.80287725,
      0.121085286,
      -0.583718,
      0,
      -3.7873185,
      0.09549571,
      5.9033995,
      0.99999994
    ],
    "timestamp" : 239715732565
  },
  {
    "trackingState" : "Normal",
    "transform" : [
      0.11119538,
      -0.9922022,
      -0.056307837,
      0,
      -0.5858252,
      -0.019673936,
      -0.8101986,
      0,
      0.80277306,
      0.123076886,
      -0.5834447,
      0,
      -3.7942863,
      0.09673676,
      5.9095235,
      0.99999994
    ],
    "timestamp" : 239715749239
  },
  {
    "trackingState" : "Normal",
    "transform" : [
      0.114588976,
      -0.9917442,
      -0.057558347,
      0,
      -0.58393604,
      -0.02036968,
      -0.81154406,
      0,
      0.8036716,
      0.1266044,
      -0.5814494,
      0,
      -3.8011274,
      0.09790103,
      5.915705,
      0.99999994
    ],
    "timestamp" : 239715765912
  },
  {
    "trackingState" : "Normal",
    "transform" : [
      0.11632691,
      -0.99143314,
      -0.05940064,
      0,
      -0.5824073,
      -0.019645438,
      -0.8126597,
      0,
      0.80453086,
      0.12912956,
      -0.5797033,
      0,
      -3.80764,
      0.0990237,
      5.921589,
      0.9999998
    ],
    "timestamp" : 239715782586
  },
  {
    "trackingState" : "Normal",
    "transform" : [
      0.11518404,
      -0.9914916,
      -0.06063872,
      0,
      -0.58196896,
      -0.01788558,
      -0.81301427,
      0,
      0.8050123,
      0.12893611,
      -0.57907766,
      0,
      -3.813842,
      0.10005923,
      5.9272165,
      0.99999994
    ],
    "timestamp" : 239715799260
  },
  {
    "trackingState" : "Normal",
    "transform" : [
      0.11218322,
      -0.99182,
      -0.06089436,
      0,
      -0.58150995,
      -0.015834616,
      -0.8133851,
      0,
      0.80576736,
      0.12665884,
      -0.57852966,
      0,
      -3.819826,
      0.100973204,
      5.932609,
      0.9999999
    ],
    "timestamp" : 239715815933
  },
  {
    "trackingState" : "Normal",
    "transform" : [
      0.11027047,
      -0.9919924,
      -0.061574303,
      0,
      -0.5805185,
      -0.013996853,
      -0.8141267,
      0,
      0.8067457,
      0.12551916,
      -0.57741344,
      0,
      -3.8257697,
      0.10171505,
      5.9378653,
      0.9999999
    ],
    "timestamp" : 239715832607
  },
  {
    "trackingState" : "Normal",
    "transform" : [
      0.11171416,
      -0.9916988,
      -0.063666105,
      0,
      -0.57958674,
      -0.012980204,
      -0.8148071,
      0,
      0.80721694,
      0.12792553,
      -0.5762256,
      0,
      -3.8321507,
      0.10181448,
      5.943464,
      0.9999999
    ],
    "timestamp" : 239715849280
  },
  {
    "trackingState" : "Normal",
    "transform" : [
      0.11640731,
      -0.99097645,
      -0.06644639,
      0,
      -0.57906806,
      -0.013363255,
      -0.81516975,
      0,
      0.8069261,
      0.13336869,
      -0.5753984,
      0,
      -3.8386714,
      0.10163862,
      5.948939,
      0.99999994
    ],
    "timestamp" : 239715865954
  },
  {
    "trackingState" : "Normal",
    "transform" : [
      0.122686036,
      -0.99006486,
      -0.06870028,
      0,
      -0.5796665,
      -0.015298155,
      -0.8147102,
      0,
      0.805565,
      0.13977681,
      -0.5757843,
      0,
      -3.8449743,
      0.10153422,
      5.9538803,
      0.9999999
    ],
    "timestamp" : 239715882627
  },
  {
    "trackingState" : "Normal",
    "transform" : [
      0.12883492,
      -0.9891605,
      -0.07045047,
      0,
      -0.5804753,
      -0.01762369,
      -0.81408715,
      0,
      0.8040213,
      0.1457776,
      -0.57645375,
      0,
      -3.8510783,
      0.10126707,
      5.958573,
      0.99999994
    ],
    "timestamp" : 239715899301
  },
  {
    "trackingState" : "Normal",
    "transform" : [
      0.13339463,
      -0.9883495,
      -0.07328877,
      0,
      -0.58089584,
      -0.01805801,
      -0.81377757,
      0,
      0.8029732,
      0.1511267,
      -0.57653695,
      0,
      -3.8569283,
      0.10074443,
      5.963199,
      0.9999999
    ],
    "timestamp" : 239715915974
  },
  {
    "trackingState" : "Normal",
    "transform" : [
      0.13569263,
      -0.98771006,
      -0.07756647,
      0,
      -0.5807734,
      -0.01586955,
      -0.8139106,
      0,
      0.8026767,
      0.1554902,
      -0.5757892,
      0,
      -3.8625226,
      0.09994919,
      5.9678106,
      0.99999994
    ],
    "timestamp" : 239715932648
  },
  {
    "trackingState" : "Normal",
    "transform" : [
      0.13727725,
      -0.9870881,
      -0.08253596,
      0,
      -0.5813903,
      -0.012832395,
      -0.81352365,
      0,
      0.80196035,
      0.15966389,
      -0.575645,
      0,
      -3.8686295,
      0.099213645,
      5.9727516,
      0.99999994
    ],
    "timestamp" : 239715949322
  },
  {
    "trackingState" : "Normal",
    "transform" : [
      0.14056073,
      -0.9861989,
      -0.087489136,
      0,
      -0.5837545,
      -0.0111789,
      -0.81185323,
      0,
      0.7996707,
      0.16518685,
      -0.57726943,
      0,
      -3.8748813,
      0.09829945,
      5.9776816,
      0.9999999
    ],
    "timestamp" : 239715965995
  },
  {
    "trackingState" : "Normal",
    "transform" : [
      0.14630178,
      -0.9850319,
      -0.09114852,
      0,
      -0.5864241,
      -0.012154449,
      -0.809913,
      0,
      0.7966823,
      0.1719434,
      -0.5794246,
      0,
      -3.8808355,
      0.09699166,
      5.9822693,
      0.9999999
    ],
    "timestamp" : 239715982669
  },
  {
    "trackingState" : "Normal",
    "transform" : [
      0.15310448,
      -0.98374546,
      -0.09382951,
      0,
      -0.58621347,
      -0.013973746,
      -0.8100362,
      0,
      0.7955583,
      0.17902426,
      -0.5788242,
      0,
      -3.8866599,
      0.09547476,
      5.986722,
      0.9999999
    ],
    "timestamp" : 239715999342
  },
  {
    "trackingState" : "Normal",
    "transform" : [
      0.15935911,
      -0.9824448,
      -0.096988745,
      0,
      -0.58300936,
      -0.014372518,
      -0.81233823,
      0,
      0.7966836,
      0.18599884,
      -0.5750651,
      0,
      -3.892301,
      0.09379547,
      5.9911923,
      0.9999999
    ],
    "timestamp" : 239716016016
  },
  {
    "trackingState" : "Normal",
    "transform" : [
      0.16453744,
      -0.98112434,
      -0.10159906,
      0,
      -0.5802343,
      -0.012978449,
      -0.8143461,
      0,
      0.7976563,
      0.19294171,
      -0.5714175,
      0,
      -3.8977685,
      0.09194646,
      5.995743,
      0.9999998
    ],
    "timestamp" : 239716032689
  },
  {
    "trackingState" : "Normal",
    "transform" : [
      0.16891192,
      -0.97981143,
      -0.10694961,
      0,
      -0.5794708,
      -0.01094519,
      -0.81491935,
      0,
      0.79729676,
      0.1996238,
      -0.56962097,
      0,
      -3.902529,
      0.089896955,
      6.000661,
      0.99999976
    ],
    "timestamp" : 239716049363
  },
  {
    "trackingState" : "Normal",
    "transform" : [
      0.17261772,
      -0.9786405,
      -0.11165132,
      0,
      -0.5804467,
      -0.009486736,
      -0.8142429,
      0,
      0.795792,
      0.20536038,
      -0.5696863,
      0,
      -3.9071693,
      0.087727256,
      6.0055256,
      0.9999999
    ],
    "timestamp" : 239716066036
  },
  {
    "trackingState" : "Normal",
    "transform" : [
      0.17574018,
      -0.9776358,
      -0.11551554,
      0,
      -0.581364,
      -0.008372765,
      -0.81360054,
      0,
      0.7944378,
      0.21013889,
      -0.56983364,
      0,
      -3.9121604,
      0.08550843,
      6.0100465,
      0.99999994
    ],
    "timestamp" : 239716082710
  },
  {
    "trackingState" : "Normal",
    "transform" : [
      0.17915359,
      -0.9765821,
      -0.119128354,
      0,
      -0.5808736,
      -0.007269971,
      -0.81396127,
      0,
      0.79403394,
      0.21502261,
      -0.5685732,
      0,
      -3.9173098,
      0.083218254,
      6.01442,
      0.9999999
    ],
    "timestamp" : 239716099384
  },
  {
    "trackingState" : "Normal",
    "transform" : [
      0.18411785,
      -0.9751551,
      -0.12318001,
      0,
      -0.5793103,
      -0.0064190784,
      -0.8150819,
      0,
      0.79404056,
      0.22143055,
      -0.5660992,
      0,
      -3.9226284,
      0.0808829,
      6.018724,
