[
  {
    "transform" : [
      0.07573954,
      -0.9617573,
      0.26322323,
      0,
      0.98558754,
      0.032161623,
      -0.16608056,
      0,
      0.1512635,
      0.27200842,
      0.950332,
      0,
      -2.4074614,
      0.28260478,
      1.7386688,
      0.99999994
    ],
    "timestamp" : 239780976070,
    "trackingState" : "Normal"
  },
  {
    "transform" : [
      0.07549272,
      -0.9603723,
      0.26830178,
      0,
      0.98607624,
      0.03191912,
      -0.16320176,
      0,
      0.1481705,
      0.27688658,
      0.94941,
      0,
      -2.4090364,
      0.28120735,
      1.7319633,
      0.9999999
    ],
    "timestamp" : 239780992743,
    "trackingState" : "Normal"
  },
  {
    "transform" : [
      0.07520153,
      -0.9591921,
      0.27257133,
      0,
      0.9866106,
      0.03190077,
      -0.15994222,
      0,
      0.14472009,
      0.28094974,
      0.94874823,
      0,
      -2.4106667,
      0.2799157,
      1.725151,
      0.9999999
    ],
    "timestamp" : 239781009416,
    "trackingState" : "Normal"
  },
  {
    "transform" : [
      0.07454762,
      -0.95821327,
      0.27617043,
      0,
      0.98708963,
      0.03153494,
      -0.15703343,
      0,
      0.14176251,
      0.28431144,
      0.94819325,
      0,
      -2.4123375,
      0.27872995,
      1.7182068,
      0.99999994
    ],
    "timestamp" : 239781026090,
    "trackingState" : "Normal"
  },
  {
    "transform" : [
      0.073863685,
      -0.9572512,
      0.27966845,
      0,
      0.9875356,
      0.031124135,
      -0.15428771,
      0,
      0.13898766,
      0.28757882,
      0.94761854,
      0,
      -2.4140763,
      0.27765167,
      1.7110977,
      0.99999994
    ],
    "timestamp" : 239781042764,
    "trackingState" : "Normal"
  },
  {
    "transform" : [
      0.07345958,
      -0.95608956,
      0.28371876,
      0,
      0.9880379,
      0.031092199,
      -0.15104365,
      0,
      0.13558982,
      0.29142055,
      0.9469368,
      0,
      -2.4155595,
      0.27685234,
      1.7050799,
      0.9999998
    ],
    "timestamp" : 239781059437,
    "trackingState" : "Normal"
  },
  {
    "transform" : [
      0.073215075,
      -0.9547252,
      0.2883391,
      0,
      0.98853827,
      0.03119726,
      -0.14771184,
      0,
      0.13202883,
      0.29584897,
      0.94606644,
      0,
      -2.4172537,
      0.27602547,
      1.6980125,
      0.99999994
    ],
    "timestamp" : 239781076110,
    "trackingState" : "Normal"
  },
  {
    "transform" : [
      0.072791085,
      -0.9533672,
      0.2929035,
      0,
      0.9890423,
      0.031181158,
      -0.14430134,
      0,
      0.12843908,
      0.30019784,
      0.9451902,
      0,
      -2.4189568,
      0.27525526,
      1.6904914,
      0.9999999
    ],
    "timestamp" : 239781092784,
    "trackingState" : "Normal"
  },
  {
    "transform" : [
      0.071951546,
      -0.95212346,
      0.2971264,
      0,
      0.9895129,
      0.030732738,
      -0.14113732,
      0,
      0.12524861,
      0.30416548,
      0.94434965,
      0,
      -2.4206188,
      0.2746073,
      1.682694,
      0.99999994
    ],
    "timestamp" : 239781109458,
    "trackingState" : "Normal"
  },
  {
    "transform" : [
      0.07091818,
      -0.9509734,
      0.30103225,
      0,
      0.9898831,
      0.029915784,
      -0.1386948,
      0,
      0.12288942,
      0.30782273,
      0.94347405,
      0,
      -2.422284,
      0.27413425,
      1.6746559,
      0.9999999
    ],
    "timestamp" : 239781126131,
    "trackingState" : "Normal"
  },
  {
    "transform" : [
      0.07031454,
      -0.9495978,
      0.30548292,
      0,
      0.9902148,
      0.029439582,
      -0.13640939,
      0,
      0.12054079,
      0.31208536,
      0.94237596,
      0,
      -2.424242,
      0.27375507,
      1.6668315,
      0.99999976
    ],
    "timestamp" : 239781142804,
    "trackingState" : "Normal"
  },
  {
    "transform" : [
      0.070188746,
      -0.9478657,
      0.3108443,
      0,
      0.99064076,
      0.029663805,
      -0.13323243,
      0,
      0.117065616,
      0.31728646,
      0.9410765,
      0,
      -2.4260771,
      0.2736021,
      1.6585165,
      0.99999994
    ],
    "timestamp" : 239781159478,
    "trackingState" : "Normal"
  },
  {
    "transform" : [
      0.07114493,
      -0.9453529,
      0.3181924,
      0,
      0.9911931,
      0.03128431,
      -0.12867577,
      0,
      0.11168958,
      0.3245448,
      0.9392531,
      0,
      -2.4277968,
      0.2737654,
      1.6500244,
      0.99999994
    ],
    "timestamp" : 239781176152,
    "trackingState" : "Normal"
  },
  {
    "transform" : [
      0.07208031,
      -0.94304967,
      0.324749,
      0,
      0.9917055,
      0.033023905,
      -0.12421672,
      0,
      0.10641805,
      0.33100888,
      0.9376078,
      0,
      -2.4294527,
      0.27420065,
      1.6414999,
      0.99999994
    ],
    "timestamp" : 239781192825,
    "trackingState" : "Normal"
  },
  {
    "transform" : [
      0.07208307,
      -0.9413081,
      0.32976225,
      0,
      0.9921981,
      0.03395619,
      -0.1199575,
      0,
      0.1017195,
      0.3358364,
      0.9364119,
      0,
      -2.4310198,
      0.2749511,
      1.6330855,
      0.99999994
    ],
    "timestamp" : 239781209498,
    "trackingState" : "Normal"
  },
  {
    "transform" : [
      0.07105995,
      -0.94017476,
      0.33319935,
      0,
      0.9927197,
      0.03409042,
      -0.11552142,
      0,
      0.09725141,
      0.33898258,
      0.9357526,
      0,
      -2.4325438,
      0.27601063,
      1.6248251,
      0.9999998
    ],
    "timestamp" : 239781226172,
    "trackingState" : "Normal"
  },
  {
    "transform" : [
      0.06935408,
      -0.93908614,
      0.33661163,
      0,
      0.9933272,
      0.033840194,
      -0.11025302,
      0,
      0.092146054,
      0.34201202,
      0.9351669,
      0,
      -2.4345214,
      0.27764392,
      1.6159008,
      0.99999994
    ],
    "timestamp" : 239781242845,
    "trackingState" : "Normal"
  },
  {
    "transform" : [
      0.06701573,
      -0.93787766,
      0.3404328,
      0,
      0.9940209,
      0.03327932,
      -0.10399442,
      0,
      0.08620465,
      0.3453666,
      0.9345003,
      0,
      -2.4359937,
      0.27931932,
      1.6074779,
      0.99999994
    ],
    "timestamp" : 239781259519,
    "trackingState" : "Normal"
  },
  {
    "transform" : [
      0.06349293,
      -0.9363543,
      0.34526715,
      0,
      0.99473125,
      0.03147554,
      -0.09756547,
      0,
      0.08048836,
      0.34964278,
      0.9334194,
      0,
      -2.437034,
      0.28114343,
      1.5992817,
      0.99999994
    ],
    "timestamp" : 239781276192,
    "trackingState" : "Normal"
  },
  {
    "transform" : [
      0.059197962,
      -0.9348285,
      0.35013056,
      0,
      0.99537414,
      0.028690236,
      -0.09169058,
      0,
      0.07566963,
      0.35393876,
      0.9322025,
      0,
      -2.4377873,
      0.2831566,
      1.5912029,
      0.99999994
    ],
    "timestamp" : 239781292866,
    "trackingState" : "Normal"
  },
  {
    "transform" : [
      0.054383487,
      -0.93321407,
      0.35518146,
      0,
      0.995961,
      0.025246568,
      -0.086162664,
      0,
      0.0714411,
      0.35843277,
      0.93081796,
      0,
      -2.4383283,
      0.28536263,
      1.5832173,
      0.9999998
    ],
    "timestamp" : 239781309539,
    "trackingState" : "Normal"
  },
  {
    "transform" : [
      0.04958159,
      -0.93125117,
      0.36098897,
      0,
      0.9965294,
      0.021929542,
      -0.080300525,
      0,
      0.06686361,
      0.3637176,
      0.92910653,
      0,
      -2.4387436,
      0.28774443,
      1.5752935,
      0.99999994
    ],
    "timestamp" : 239781326213,
    "trackingState" : "Normal"
  },
  {
    "transform" : [
      0.045199037,
      -0.9287692,
      0.36789262,
      0,
      0.99707264,
      0.019208074,
      -0.07400762,
      0,
      0.061669484,
      0.3701608,
      0.92691857,
      0,
      -2.4390833,
      0.2902615,
      1.5674525,
      0.9999999
    ],
    "timestamp" : 239781342886,
    "trackingState" : "Normal"
  },
  {
    "transform" : [
      0.04109741,
      -0.92587453,
      0.3755895,
      0,
      0.99758804,
      0.016978186,
      -0.06730386,
      0,
      0.05593809,
      0.37744963,
      0.9243391,
      0,
      -2.4394355,
      0.29243332,
      1.5598702,
      0.99999994
    ],
    "timestamp" : 239781359560,
    "trackingState" : "Normal"
  },
  {
    "transform" : [
      0.036820475,
      -0.9229501,
      0.38315472,
      0,
      0.998052,
      0.014640472,
      -0.060644787,
      0,
      0.05036254,
      0.38464132,
      0.9216913,
      0,
      -2.439614,
      0.2949814,
      1.5524619,
      0.99999994
    ],
    "timestamp" : 239781376233,
    "trackingState" : "Normal"
  },
  {
    "transform" : [
      0.032632343,
      -0.9202102,
      0.3900623,
      0,
      0.99844176,
      0.012338021,
      -0.054421887,
      0,
      0.045266964,
      0.39123043,
      0.91917884,
      0,
      -2.4396927,
      0.2977065,
      1.5453593,
      0.99999994
    ],
    "timestamp" : 239781392907,
    "trackingState" : "Normal"
  },
  {
    "transform" : [
      0.028534561,
      -0.9177625,
      0.39610323,
      0,
      0.99877715,
      0.01017237,
      -0.048380945,
      0,
      0.040372908,
      0.3969994,
      0.9169305,
      0,
      -2.439682,
      0.30052736,
      1.5385846,
      0.9999999
    ],
    "timestamp" : 239781409580,
    "trackingState" : "Normal"
  },
  {
    "transform" : [
      0.024651578,
      -0.9156379,
      0.4012474,
      0,
      0.99905837,
      0.008231261,
      -0.04259595,
      0,
      0.035699688,
      0.4019197,
      0.9149786,
      0,
      -2.4395742,
      0.30338997,
      1.5320704,
      0.9999998
    ],
    "timestamp" : 239781426254,
    "trackingState" : "Normal"
  },
  {
    "transform" : [
      0.021108504,
      -0.91350454,
      0.40628073,
      0,
      0.9992982,
      0.0067015463,
      -0.03685089,
      0,
      0.030940728,
      0.4067735,
      0.913005,
      0,
      -2.4393668,
      0.30624238,
      1.5257628,
      0.99999994
    ],
    "timestamp" : 239781442927,
    "trackingState" : "Normal"
  },
  {
    "transform" : [
      0.01787606,
      -0.9110795,
      0.4118428,
      0,
      0.99951607,
      0.005797193,
      -0.0305595,
      0,
      0.025454596,
      0.41218978,
      0.91074234,
      0,
      -2.4390643,
      0.30908513,
      1.5197028,
      0.9999999
    ],
    "timestamp" : 239781459601,
    "trackingState" : "Normal"
  },
  {
    "transform" : [
      0.014333941,
      -0.90891814,
      0.41672853,
      0,
      0.9997152,
      0.005073006,
      -0.023321936,
      0,
      0.019083649,
      0.41694415,
      0.90873194,
      0,
      -2.4391863,
      0.31108403,
      1.5140111,
      1
    ],
    "timestamp" : 239781476274,
    "trackingState" : "Normal"
  },
  {
    "transform" : [
      0.0100450665,
      -0.9068636,
      0.4213047,
      0,
      0.9998755,
      0.0039801374,
      -0.015272505,
      0,
      0.012173215,
      0.42140564,
      0.90679055,
      0,
      -2.438852,
      0.31372154,
      1.5087868,
      0.9999999
    ],
    "timestamp" : 239781492948,
    "trackingState" : "Normal"
  },
  {
    "transform" : [
      0.0048497785,
      -0.9043242,
      0.42681876,
      0,
      0.9999771,
      0.0023797087,
      -0.0063203503,
      0,
      0.0046999315,
      0.42683968,
      0.9043151,
      0,
      -2.438314,
      0.31657806,
      1.50392,
      0.9999999
    ],
    "timestamp" : 239781509621,
    "trackingState" : "Normal"
  },
  {
    "transform" : [
      -0.000269641,
      -0.9017747,
      0.43220645,
      0,
      0.99999744,
      0.0007133764,
      0.0021122792,
      0,
      -0.0022131358,
      0.43220595,
      0.90177226,
      0,
      -2.4377005,
      0.3195559,
      1.4993434,
      0.9999999
    ],
    "timestamp" : 239781526295,
    "trackingState" : "Normal"
  },
  {
    "transform" : [
      -0.0045719105,
      -0.90001225,
      0.43584073,
      0,
      0.9999546,
      -0.00047056458,
      0.009517659,
      0,
      -0.008360931,
      0.43586445,
      0.8999735,
      0,
      -2.4370744,
      0.32266578,
      1.495098,
      0.9999999
    ],
    "timestamp" : 239781542968,
    "trackingState" : "Normal"
  },
  {
    "transform" : [
      -0.007927873,
      -0.8992414,
      0.43738097,
      0,
      0.999855,
      -0.00053656555,
      0.017019982,
      0,
      -0.0150704,
      0.43745252,
      0.8991153,
      0,
      -2.436428,
      0.32625192,
      1.4905344,
      0.99999994
    ],
    "timestamp" : 239781559642,
    "trackingState" : "Normal"
  },
  {
    "transform" : [
      -0.010198762,
      -0.89890647,
      0.43802226,
      0,
      0.99967676,
      0.0010381949,
      0.025406698,
      0,
      -0.023293005,
      0.43813977,
      0.89860517,
      0,
      -2.4359496,
      0.32967085,
      1.4868053,
      0.99999994
    ],
    "timestamp" : 239781576315,
    "trackingState" : "Normal"
  },
  {
    "transform" : [
      -0.0123168435,
      -0.8984388,
      0.4389261,
      0,
      0.999427,
      0.002777752,
      0.033731014,
      0,
      -0.031524487,
      0.4390901,
      0.89788985,
      0,
      -2.435529,
      0.33297905,
      1.4834099,
      0.9999999
    ],
    "timestamp" : 239781592989,
    "trackingState" : "Normal"
  },
  {
    "transform" : [
      -0.014974057,
      -0.8972445,
      0.44128016,
      0,
      0.9991674,
      0.0033235252,
      0.040662605,
      0,
      -0.037950914,
      0.4415216,
      0.89644766,
      0,
      -2.4350739,
      0.33613762,
      1.4800718,
      0.9999999
    ],
    "timestamp" : 239781609662,
    "trackingState" : "Normal"
  },
  {
    "transform" : [
      -0.018307464,
      -0.89549184,
      0.44470143,
      0,
      0.9989754,
      0.0020293284,
      0.045212243,
      0,
      -0.041389644,
      0.44507352,
      0.8945371,
      0,
      -2.4345315,
      0.33915204,
      1.47673,
      0.9999999
    ],
    "timestamp" : 239781626336,
    "trackingState" : "Normal"
  },
  {
    "transform" : [
      -0.0220922,
      -0.89391416,
      0.44769374,
      0,
      0.9988197,
      -0.0003589273,
      0.048571754,
      0,
      -0.043258294,
      0.44823837,
      0.8928671,
      0,
      -2.4338543,
      0.3418586,
      1.4734265,
      0.99999994
    ],
    "timestamp" : 239781643009,
    "trackingState" : "Normal"
  },
  {
    "transform" : [
      -0.02555701,
      -0.89306885,
      0.44919395,
      0,
      0.99860024,
      -0.0019912506,
      0.052856695,
      0,
      -0.046310212,
      0.44991603,
      0.89186954,
      0,
      -2.4330034,
      0.3439481,
      1.4701785,
      0.99999994
    ],
    "timestamp" : 239781659683,
    "trackingState" : "Normal"
  },
  {
    "transform" : [
      -0.028567221,
      -0.8927947,
      0.44955716,
      0,
      0.99824816,
      -0.0021689727,
      0.05912645,
      0,
      -0.05181272,
      0.4504587,
      0.8912927,
      0,
      -2.4324665,
      0.34656462,
      1.4673606,
      0.99999994
    ],
    "timestamp" : 239781676356,
    "trackingState" : "Normal"
  },
  {
    "transform" : [
      -0.031013465,
      -0.8928469,
      0.44929135,
      0,
      0.9977372,
      -0.00082681293,
      0.06722824,
      0,
      -0.059653055,
      0.45035973,
      0.8908523,
      0,
      -2.4320507,
      0.34930858,
      1.4647697,
      0.99999994
    ],
    "timestamp" : 239781693030,
    "trackingState" : "Normal"
  },
  {
    "transform" : [
      -0.033434927,
      -0.89294875,
      0.44891506,
      0,
      0.9971687,
      0.0004659468,
      0.07519534,
      0,
      -0.067354776,
      0.45015824,
      0.89040506,
      0,
      -2.4316268,
      0.35198954,
      1.4622666,
      0.99999994
    ],
    "timestamp" : 239781709703,
    "trackingState" : "Normal"
  },
  {
    "transform" : [
      -0.036212638,
      -0.8929675,
      0.44866213,
      0,
      0.99663675,
      0.0007547179,
      0.081943125,
      0,
      -0.073511176,
      0.45012057,
      0.889937,
      0,
      -2.4311326,
      0.35454655,
      1.459801,
      0.99999994
    ],
    "timestamp" : 239781726377,
    "trackingState" : "Normal"
  },
  {
    "transform" : [
      -0.039103605,
      -0.8930657,
      0.44822404,
      0,
      0.9961363,
      0.0004590626,
      0.08781879,
      0,
      -0.07863372,
      0.4499263,
      0.88959724,
      0,
      -2.4305959,
      0.35698614,
      1.4573909,
      0.9999999
    ],
    "timestamp" : 239781743050,
    "trackingState" : "Normal"
  },
  {
    "transform" : [
      -0.041962977,
      -0.89350796,
      0.4470824,
      0,
      0.995599,
      0.00013472875,
      0.093715765,
      0,
      -0.08379603,
      0.44904742,
      0.88957006,
      0,
      -2.4294276,
      0.35856786,
      1.4548893,
      0.99999994
    ],
    "timestamp" : 239781759723,
    "trackingState" : "Normal"
  },
  {
    "transform" : [
      -0.04465877,
      -0.89416504,
      0.4455049,
      0,
      0.99498206,
      0.00015616456,
      0.10005346,
      0,
      -0.08953388,
      0.44773766,
      0.8896712,
      0,
      -2.4286716,
      0.3605145,
      1.4526179,
      0.99999994
    ],
    "timestamp" : 239781776397,
    "trackingState" : "Normal"
  },
  {
    "transform" : [
      -0.047366507,
      -0.8948001,
      0.44394758,
      0,
      0.99431473,
      0.00019574333,
      0.106481835,
      0,
      -0.09536687,
      0.44646725,
      0.88970363,
      0,
      -2.4280434,
      0.36242092,
      1.4504381,
      1
    ],
    "timestamp" : 239781793071,
    "trackingState" : "Normal"
  },
  {
    "transform" : [
      -0.050145246,
      -0.8951595,
      0.44291648,
      0,
      0.99361247,
      0.00017471336,
      0.11284594,
      0,
      -0.10109253,
      0.44574603,
      0.8894329,
      0,
      -2.4274566,
      0.36413077,
      1.4482679,
      0.9999999
    ],
    "timestamp" : 239781809744,
    "trackingState" : "Normal"
  },
  {
    "transform" : [
      -0.05287757,
      -0.8953089,
      0.4422961,
      0,
      0.9928365,
      0.000387036,
      0.119479455,
      0,
      -0.10714224,
      0.4454455,
      0.888875,
      0,
      -2.4269128,
      0.36561814,
      1.4461125,
      0.9999998
    ],
    "timestamp" : 239781826417,
    "trackingState" : "Normal"
  },
  {
    "transform" : [
      -0.055576436,
      -0.89565915,
      0.44125485,
      0,
      0.9918584,
      0.0011891915,
      0.12733923,
      0,
      -0.11457733,
      0.44473943,
      0.88830113,
      0,
      -2.426415,
      0.3669303,
      1.44405,
      0.9999999
    ],
    "timestamp" : 239781843091,
    "trackingState" : "Normal"
  },
  {
    "transform" : [
      -0.05829568,
      -0.89624894,
      0.4397039,
      0,
      0.99068993,
      0.0023414392,
      0.1361176,
      0,
      -0.123024814,
      0.4435453,
      0.8877684,
      0,
      -2.4255502,
      0.36774585,
      1.4422572,
      0.9999999
    ],
    "timestamp" : 239781859765,
    "trackingState" : "Normal"
  },
  {
    "transform" : [
      -0.0614369,
      -0.89658827,
      0.43858302,
      0,
      0.9894836,
      0.0029388606,
      0.14461511,
      0,
      -0.13094918,
      0.44285545,
      0.88697886,
      0,
      -2.4249585,
      0.36863357,
      1.4403648,
      0.9999999
    ],
    "timestamp" : 239781876438,
    "trackingState" : "Normal"
  },
  {
    "transform" : [
      -0.06476861,
      -0.8965236,
      0.4382357,
      0,
      0.9882565,
      0.0032795959,
      0.15276764,
      0,
      -0.13839705,
      0.4429839,
      0.8857829,
      0,
      -2.4244702,
      0.3694496,
      1.4384334,
      0.9999998
    ],
    "timestamp" : 239781893112,
    "trackingState" : "Normal"
  },
  {
    "transform" : [
      -0.06800564,
      -0.8962699,
      0.43826422,
      0,
      0.9870179,
      0.0036249673,
      0.16056918,
      0,
      -0.14550203,
      0.44349426,
      0.8843881,
      0,
      -2.4240627,
      0.3701443,
      1.4365007,
      0.99999994
    ],
    "timestamp" : 239781909785,
    "trackingState" : "Normal"
  },
  {
    "transform" : [
      -0.071221575,
      -0.8960731,
      0.43815583,
      0,
      0.9857637,
      0.0038424057,
      0.16809252,
      0,
      -0.15230678,
      0.44388995,
      0.8830428,
      0,
      -2.4237247,
      0.37072757,
      1.4345899,
      0.99999994
    ],
    "timestamp" : 239781926458,
    "trackingState" : "Normal"
  },
  {
    "transform" : [
      -0.074389294,
      -0.89599705,
      0.43778515,
      0,
      0.98427963,
      0.0045482325,
      0.17655937,
      0,
      -0.16018783,
      0.44403708,
      0.88157326,
      0,
      -2.4234786,
      0.37123877,
      1.4327215,
      1
    ],
    "timestamp" : 239781943132,
    "trackingState" : "Normal"
  },
  {
    "transform" : [
      -0.07778979,
      -0.89596075,
      0.4372679,
      0,
      0.9825707,
      0.0053747436,
      0.18581177,
      0,
      -0.16883026,
      0.44410092,
      0.8799266,
      0,
      -2.4234443,
      0.37186757,
      1.4306322,
      0.99999994
    ],
    "timestamp" : 239781959805,
    "trackingState" : "Normal"
  },
  {
    "transform" : [
      -0.0817771,
      -0.8956762,
      0.4371232,
      0,
      0.9807425,
      0.005731322,
      0.19522114,
      0,
      -0.17736022,
      0.44466993,
      0.8779591,
      0,
      -2.4233706,
      0.37228867,
      1.4286608,
      0.99999994
    ],
    "timestamp" : 239781976479,
    "trackingState" : "Normal"
  },
  {
    "transform" : [
      -0.08639334,
      -0.89478797,
      0.43805325,
      0,
      0.978804,
      0.005717089,
      0.20471878,
      0,
      -0.18568434,
      0.44645464,
      0.8753282,
      0,
      -2.4233184,
      0.3725945,
      1.4266682,
      0.99999976
    ],
    "timestamp" : 239781993152,
    "trackingState" : "Normal"
  },
  {
    "transform" : [
      -0.09111418,
      -0.89330035,
      0.44012827,
      0,
      0.97671735,
      0.0060344706,
      0.21444522,
      0,
      -0.19421993,
      0.44941995,
      0.8719521,
      0,
      -2.423349,
      0.37286413,
      1.424666,
      0.99999994
    ],
    "timestamp" : 239782009826,
    "trackingState" : "Normal"
  },
  {
    "transform" : [
      -0.09555455,
      -0.8918127,
      0.44219851,
      0,
      0.9744849,
      0.0068292813,
      0.22434925,
      0,
      -0.20309742,
      0.45235336,
      0.8684055,
      0,
      -2.423485,
      0.3731931,
      1.4227415,
      0.9999999
    ],
    "timestamp" : 239782026499,
    "trackingState" : "Normal"
  },
  {
    "transform" : [
      -0.09963589,
      -0.89109933,
      0.44273567,
      0,
      0.97219515,
      0.007582167,
      0.23404934,
      0,
      -0.21191813,
      0.4537452,
      0.865567,
      0,
      -2.4237196,
      0.37362766,
      1.42099,
      0.99999994
    ],
    "timestamp" : 239782043173,
    "trackingState" : "Normal"
  },
  {
    "transform" : [
      -0.10376862,
      -0.89136875,
      0.44124138,
      0,
      0.9698551,
      0.00766122,
      0.24356169,
      0,
      -0.22048374,
      0.4532143,
      0.8637036,
      0,
      -2.4241877,
      0.3747924,
      1.419324,
      0.9999999
    ],
    "timestamp" : 239782059846,
    "trackingState" : "Normal"
  },
  {
    "transform" : [
      -0.1080246,
      -0.89226073,
      0.4384081,
      0,
      0.96761954,
      0.00682843,
      0.25232077,
      0,
      -0.2281295,
      0.4514691,
      0.8626314,
      0,
      -2.4246597,
      0.37554333,
      1.4178516,
      0.99999994
    ],
    "timestamp" : 239782076520,
    "trackingState" : "Normal"
  },
  {
    "transform" : [
      -0.11269901,
      -0.8930843,
      0.43554518,
      0,
      0.9653938,
      0.0053366036,
      0.26074204,
      0,
      -0.23518896,
      0.44985798,
      0.86157656,
      0,
      -2.4252024,
      0.37612203,
      1.4164292,
      0.99999994
    ],
    "timestamp" : 239782093193,
    "trackingState" : "Normal"
  },
  {
    "transform" : [
      -0.11746088,
      -0.8934111,
      0.43361238,
      0,
      0.96316135,
      0.003876154,
      0.2688963,
      0,
      -0.2419157,
      0.4492235,
      0.86004376,
      0,
      -2.4258492,
      0.37659654,
      1.414949,
      0.99999994
    ],
    "timestamp" : 239782109867,
    "trackingState" : "Normal"
  },
  {
    "transform" : [
      -0.121799275,
      -0.893158,
      0.43293607,
      0,
      0.9606878,
      0.0035551558,
      0.2776077,
      0,
      -0.24948673,
      0.44972888,
      0.8576131,
      0,
      -2.426636,
      0.37702483,
      1.4133977,
      0.9999998
    ],
    "timestamp" : 239782126540,
    "trackingState" : "Normal"
  },
  {
    "transform" : [
      -0.1259362,
      -0.8924551,
      0.43320233,
      0,
      0.95779157,
      0.004364462,
      0.28743085,
      0,
      -0.25840983,
      0.45111543,
      0.85423625,
      0,
      -2.4275606,
      0.37744227,
      1.4118195,
      0.99999994
    ],
    "timestamp" : 239782143214,
    "trackingState" : "Normal"
  },
  {
    "transform" : [
      -0.13023265,
      -0.8915733,
      0.4337471,
      0,
      0.9546059,
      0.00544955,
      0.29782218,
      0,
      -0.2678941,
      0.4528437,
      0.8503913,
      0,
      -2.4277651,
      0.3783009,
      1.4105955,
      0.99999994
    ],
    "timestamp" : 239782159887,
    "trackingState" : "Normal"
  },
  {
    "transform" : [
      -0.13472727,
      -0.89087254,
      0.43381402,
      0,
      0.95121646,
      0.0063520907,
      0.30845863,
      0,
      -0.27755302,
      0.45420885,
      0.8465569,
      0,
      -2.4285388,
      0.37884378,
      1.4092708,
      0.9999999
    ],
    "timestamp" : 239782176561,
    "trackingState" : "Normal"
  },
  {
    "transform" : [
      -0.13949163,
      -0.8904272,
      0.43322217,
      0,
      0.94790566,
      0.0064577544,
      0.31848562,
      0,
      -0.28638595,
      0.45507982,
      0.8431402,
      0,
      -2.429491,
      0.37928185,
      1.4079975,
      0.9999999
    ],
    "timestamp" : 239782193234,
    "trackingState" : "Normal"
  },
  {
    "transform" : [
      -0.14440778,
      -0.8903197,
      0.43183026,
      0,
      0.9447625,
      0.0057084155,
      0.32770598,
      0,
      -0.29422817,
      0.45530036,
      0.8403164,
      0,
      -2.430485,
      0.37968048,
      1.4068081,
      0.99999994
    ],
    "timestamp" : 239782209908,
    "trackingState" : "Normal"
  },
  {
    "transform" : [
      -0.1491723,
      -0.8903972,
      0.43004724,
      0,
      0.9416503,
      0.004793313,
      0.33655864,
      0,
      -0.3017322,
      0.45515934,
      0.83772784,
      0,
      -2.431485,
      0.38005495,
      1.4056951,
      0.99999994
    ],
    "timestamp" : 239782226581,
    "trackingState" : "Normal"
  },
  {
    "transform" : [
      -0.15369439,
      -0.8902497,
      0.4287582,
      0,
      0.93839276,
      0.004412733,
      0.3455424,
      0,
      -0.30951104,
      0.45545152,
      0.8347257,
      0,
      -2.432422,
      0.3803288,
      1.4045248,
      0.99999994
    ],
    "timestamp" : 239782243255,
    "trackingState" : "Normal"
  },
  {
    "transform" : [
      -0.1576708,
      -0.8899922,
      0.427848,
      0,
      0.9348135,
      0.0050979108,
      0.35510248,
      0,
      -0.31821957,
      0.4559474,
      0.8311729,
      0,
      -2.4332466,
      0.380469,
      1.4032584,
      0.9999999
    ],
    "timestamp" : 239782259928,
    "trackingState" : "Normal"
  },
  {
    "transform" : [
      -0.16115563,
      -0.8896983,
      0.42716038,
      0,
      0.9310816,
      0.006473484,
      0.36475396,
      0,
      -0.3272862,
      0.4565033,
      0.82733834,
      0,
      -2.434171,
      0.38063473,
      1.4022039,
      0.99999994
    ],
    "timestamp" : 239782276602,
    "trackingState" : "Normal"
  },
  {
    "transform" : [
      -0.1645895,
      -0.88946235,
      0.42634138,
      0,
      0.92741495,
      0.0076340083,
      0.373956,
      0,
      -0.33587453,
      0.4569446,
      0.8236442,
      0,
      -2.4350698,
      0.3807647,
      1.4012405,
      0.9999999
    ],
    "timestamp" : 239782293275,
    "trackingState" : "Normal"
  },
  {
    "transform" : [
      -0.1682854,
      -0.889264,
      0.4253114,
      0,
      0.9242287,
      0.007684386,
      0.38176188,
      0,
      -0.34275535,
      0.45733,
      0.8205902,
      0,
      -2.4358883,
      0.38083258,
      1.4002887,
      0.99999994
    ],
    "timestamp" : 239782309949,
    "trackingState" : "Normal"
  },
  {
    "transform" : [
      -0.17228255,
      -0.88897866,
      0.42430633,
      0,
      0.92127275,
      0.0070570232,
      0.38885295,
      0,
      -0.34867635,
      0.45789444,
      0.817776,
      0,
      -2.4366448,
      0.38085288,
      1.3993313,
      0.9999999
    ],
    "timestamp" : 239782326622,
    "trackingState" : "Normal"
  },
  {
    "transform" : [
      -0.17648996,
      -0.88856834,
      0.42343563,
      0,
      0.9183347,
      0.006190097,
      0.39575604,
      0,
      -0.35427737,
      0.45870265,
      0.81491077,
      0,
      -2.4373775,
      0.3808447,
      1.3983899,
      0.9999999
    ],
    "timestamp" : 239782343296,
    "trackingState" : "Normal"
  },
  {
    "transform" : [
      -0.18106252,
      -0.8879579,
      0.4227853,
      0,
      0.9153686,
      0.005031814,
      0.40258503,
      0,
      -0.35960594,
      0.45989752,
      0.8118978,
      0,
      -2.4380808,
      0.3808087,
      1.3974918,
      0.99999994
    ],
    "timestamp" : 239782359969,
    "trackingState" : "Normal"
  },
  {
    "transform" : [
      -0.18595615,
      -0.88736075,
      0.42191362,
      0,
      0.91239846,
      0.003401446,
      0.4092886,
      0,
      -0.36462182,
      0.46106312,
      0.8089942,
      0,
      -2.4387105,
      0.38075012,
      1.3966666,
      0.99999976
    ],
    "timestamp" : 239782376643,
    "trackingState" : "Normal"
  },
  {
    "transform" : [
      -0.19099028,
      -0.88677233,
      0.4209011,
      0,
      0.90940064,
      0.0015491537,
      0.41591826,
      0,
      -0.36947685,
      0.46220404,
      0.80613554,
      0,
      -2.4392822,
      0.3806642,
      1.3959292,
      0.99999994
    ],
    "timestamp" : 239782393316,
    "trackingState" : "Normal"
  },
  {
    "transform" : [
      -0.19548914,
      -0.8864108,
      0.4195951,
      0,
      0.9061603,
      0.00035712682,
      0.42293406,
      0,
      -0.3750432,
      0.46289945,
      0.80316055,
      0,
      -2.4398832,
      0.38058114,
      1.3952745,
      0.99999994
    ],
    "timestamp" : 239782409990,
    "trackingState" : "Normal"
  },
  {
    "transform" : [
      -0.19879368,
      -0.8865884,
      0.41766253,
      0,
      0.90294826,
      -1.1746164e-05,
      0.4297489,
      0,
      -0.38100556,
      0.46255907,
      0.80054593,
      0,
      -2.4405599,
      0.3805195,
      1.3946812,
      0.9999998
    ],
    "timestamp" : 239782426663,
    "trackingState" : "Normal"
  },
  {
    "transform" : [
      -0.2013179,
      -0.88720024,
      0.41514668,
      0,
      0.90013933,
      -0.00042337496,
      0.43560153,
      0,
      -0.3862901,
      0.46138433,
      0.7986892,
      0,
      -2.4410934,
      0.38171294,
      1.3971887,
      0.9999999
    ],
    "timestamp" : 239782443337,
    "trackingState" : "Normal"
  },
  {
    "transform" : [
      -0.20362686,
      -0.8875276,
      0.4133172,
      0,
      0.89787346,
      -0.0009771129,
      0.44025248,
      0,
      -0.39033237,
      0.46075383,
      0.7970864,
      0,
      -2.441589,
      0.38207904,
      1.397709,
      0.99999994
    ],
    "timestamp" : 239782460010,
    "trackingState" : "Normal"
  },
  {
    "transform" : [
      -0.20609497,
      -0.887375,
      0.4124203,
      0,
      0.89605594,
      -0.0017847482,
      0.44393754,
      0,
      -0.39320305,
      0.461045,
      0.7955056,
      0,
      -2.4419892,
      0.38216585,
      1.3975577,
      0.99999994
    ],
    "timestamp" : 239782476684,
    "trackingState" : "Normal"
  },
  {
    "transform" : [
      -0.2084245,
      -0.8868821,
      0.41231,
      0,
      0.89417154,
      -0.001993219,
      0.4477201,
      0,
      -0.39625317,
      0.46199173,
      0.79344016,
      0,
      -2.442366,
      0.3822075,
      1.3972185,
      0.99999994
    ],
    "timestamp" : 239782493357,
    "trackingState" : "Normal"
  },
  {
    "transform" : [
      -0.20990121,
      -0.8866031,
      0.41216058,
      0,
      0.8920412,
      -0.0010867359,
      0.4519525,
      0,
      -0.40025464,
      0.46252966,
      0.7911147,
      0,
      -2.442796,
      0.38232553,
      1.3969078,
      0.9999999
    ],
    "timestamp" : 239782510031,
    "trackingState" : "Normal"
  },
  {
    "transform" : [
      -0.21032445,
      -0.8869237,
      0.41125438,
      0,
      0.88989556,
      0.00048783986,
      0.45616406,
      0,
      -0.40478337,
      0.4619159,
      0.7891668,
      0,
      -2.4432895,
      0.38256347,
      1.3966984,
      0.99999994
    ],
    "timestamp" : 239782526704,
    "trackingState" : "Normal"
  },
  {
    "transform" : [
      -0.2103626,
      -0.88784486,
      0.40924224,
      0,
      0.88806725,
      0.0014834706,
      0.45971116,
      0,
      -0.40875933,
      0.46014068,
      0.7881539,
      0,
      -2.4433763,
      0.38267487,
      1.3978789,
      0.9999999
    ],
    "timestamp" : 239782543378,
    "trackingState" : "Normal"
  },
  {
    "transform" : [
      -0.21020237,
      -0.88901234,
      0.4067827,
      0,
      0.8863729,
      0.0022597972,
      0.46296635,
      0,
      -0.4125021,
      0.45787776,
      0.78752154,
      0,
      -2.4437187,
      0.3830207,
      1.398282,
      0.99999994
    ],
    "timestamp" : 239782560051,
    "trackingState" : "Normal"
  },
  {
    "transform" : [
      -0.21141905,
      -0.8902433,
      0.4034464,
      0,
      0.8849939,
      0.0008321479,
      0.46560177,
      0,
      -0.41483465,
      0.45548472,
      0.787684,
      0,
      -2.4439976,
      0.3832147,
      1.3982445,
      0.99999994
    ],
    "timestamp" : 239782576724,
    "trackingState" : "Normal"
  },
  {
    "transform" : [
      -0.21358828,
      -0.8903997,
      0.40195563,
      0,
      0.8826017,
      0.0005103537,
      0.47012097,
      0,
      -0.41880083,
      0.45517913,
      0.7857593,
      0,
      -2.4442785,
      0.38340473,
      1.3980926,
      0.9999999
    ],
    "timestamp" : 239782593398,
    "trackingState" : "Normal"
  },
  {
    "transform" : [
      -0.21655442,
      -0.8899268,
      0.40141547,
      0,
      0.87952137,
      0.00062119606,
      0.47585875,
      0,
      -0.42372888,
      0.45610288,
      0.7825752,
      0,
      -2.444495,
      0.3835461,
      1.3978697,
      0.9999998
    ],
    "timestamp" : 239782610071,
    "trackingState" : "Normal"
  },
  {
    "transform" : [
      -0.2194952,
      -0.8896074,
      0.4005254,
      0,
      0.87629646,
      0.0006957162,
      0.48177168,
      0,
      -0.42886636,
      0.4567256,
      0.77940714,
      0,
      -2.4446652,
      0.38368636,
      1.3976924,
      0.99999994
    ],
    "timestamp" : 239782626745,
    "trackingState" : "Normal"
  },
  {
    "transform" : [
      -0.22152054,
      -0.8899621,
      0.398618,
      0,
      0.87359214,
      0.00053059694,
      0.48665842,
      0,
      -0.43331912,
      0.4560344,
      0.7773463,
      0,
      -2.4461875,
      0.38445228,
      1.3986566,
      0.99999994
    ],
    "timestamp" : 239782643418,
    "trackingState" : "Normal"
  },
  {
    "transform" : [
      -0.22287905,
      -0.89063686,
      0.39634725,
      0,
      0.87148124,
      0.00016296007,
      0.4904287,
      0,
      -0.43685845,
      0.4547155,
      0.776137,
      0,
      -2.4468207,
      0.3848817,
      1.398912,
      0.99999994
    ],
    "timestamp" : 239782660092,
    "trackingState" : "Normal"
  },
  {
    "transform" : [
      -0.22392343,
      -0.8911918,
      0.39450672,
      0,
      0.86989427,
      -0.00022877874,
      0.49323818,
      0,
      -0.43947965,
      0.45362672,
      0.7752938,
      0,
      -2.447124,
      0.38524,
      1.3989247,
      0.99999994
    ],
    "timestamp" : 239782676765,
    "trackingState" : "Normal"
  },
  {
    "transform" : [
      -0.22498675,
      -0.8916219,
      0.39292684,
      0,
      0.86835027,
      -0.0005550013,
      0.49595097,
      0,
      -0.44198272,
      0.45278057,
      0.77436507,
      0,
      -2.447323,
      0.38559613,
      1.3989085,
      0.99999994
    ],
    "timestamp" : 239782693439,
    "trackingState" : "Normal"
  },
  {
    "transform" : [
      -0.22578476,
      -0.89222705,
      0.3910911,
      0,
      0.8668828,
      -0.000858095,
      0.4985112,
      0,
      -0.44444966,
      0.4515864,
      0.77365005,
      0,
      -2.4474862,
      0.3859743,
      1.3989278,
      0.99999994
    ],
    "timestamp" : 239782710112,
    "trackingState" : "Normal"
  },
  {
    "transform" : [
      -0.22622822,
      -0.8931158,
      0.38879964,
      0,
      0.8654195,
      -0.001092305,
      0.5010467,
      0,
      -0.44706804,
      0.44982573,
      0.773167,
      0,
      -2.4476626,
      0.38616008,
      1.3991964,
      0.99999994
    ],
    "timestamp" : 239782726786,
    "trackingState" : "Normal"
  },
  {
    "transform" : [
      -0.22657707,
      -0.8939096,
      0.38676697,
      0,
      0.8640738,
      -0.0012248472,
      0.50336367,
      0,
      -0.4494879,
      0.44824585,
      0.7726814,
      0,
      -2.4478884,
      0.38608214,
      1.3997045,
      0.99999994
    ],
    "timestamp" : 239782743459,
    "trackingState" : "Normal"
  },
  {
    "transform" : [
      -0.22693773,
      -0.8944791,
      0.38523582,
      0,
      0.8626256,
      -0.000999347,
      0.50584185,
      0,
      -0.45208004,
      0.4471089,
      0.77182734,
      0,
      -2.4480648,
      0.38632336,
      1.3999436,
      0.99999994
    ],
    "timestamp" : 239782760133,
    "trackingState" : "Normal"
  },
  {
    "transform" : [
      -0.22733049,
      -0.8948298,
      0.38418815,
      0,
      0.8609232,
      -0.00029525338,
      0.5087348,
      0,
      -0.4551177,
      0.44640744,
      0.77044696,
      0,
      -2.4482348,
      0.3866771,
      1.4001081,
      0.99999994
    ],
    "timestamp" : 239782776806,
    "trackingState" : "Normal"
  },
  {
    "transform" : [
      -0.22763509,
      -0.895275,
      0.3829688,
      0,
      0.8590998,
      0.00049717666,
      0.51180774,
      0,
      -0.45839912,
      0.4455138,
      0.7690174,
      0,
      -2.4483898,
      0.38707885,
      1.4002903,
      0.9999999
    ],
    "timestamp" : 239782793480,
    "trackingState" : "Normal"
  },
  {
    "transform" : [
      -0.22784376,
      -0.89584965,
      0.3814981,
      0,
      0.8575673,
      0.0009377871,
      0.5143708,
      0,
      -0.4611567,
      0.4443565,
      0.7680378,
      0,
      -2.4485052,
      0.38749585,
      1.4004983,
      0.9999999
    ],
    "timestamp" : 239782810153,
    "trackingState" : "Normal"
  },
  {
    "transform" : [
      -0.22799113,
      -0.89636594,
      0.3801952,
      0,
      0.856244,
      0.001317848,
      0.5165697,
      0,
      -0.4635366,
