[
  {
    "timestamp" : 239764302576,
    "transform" : [
      -0.15399042,
      -0.94905794,
      0.27491072,
      0,
      0.9447256,
      -0.059916135,
      0.3223404,
      0,
      -0.28944817,
      0.30935258,
      0.90582603,
      0,
      -5.635044,
      0.08109854,
      8.001646,
      0.9999999
    ],
    "trackingState" : "Normal"
  },
  {
    "timestamp" : 239764319249,
    "transform" : [
      -0.15655819,
      -0.9480368,
      0.27697638,
      0,
      0.94423586,
      -0.06142023,
      0.32349053,
      0,
      -0.28966898,
      0.3121761,
      0.9047863,
      0,
      -5.6290493,
      0.08057298,
      7.9948907,
      0.99999994
    ],
    "trackingState" : "Normal"
  },
  {
    "timestamp" : 239764335923,
    "transform" : [
      -0.15810254,
      -0.94687945,
      0.28004107,
      0,
      0.9436525,
      -0.06138692,
      0.3251946,
      0,
      -0.29072922,
      0.31567556,
      0.90323067,
      0,
      -5.6230164,
      0.079974525,
      7.988028,
      0.99999994
    ],
    "trackingState" : "Normal"
  },
  {
    "timestamp" : 239764352596,
    "transform" : [
      -0.15902522,
      -0.9457695,
      0.2832507,
      0,
      0.94303745,
      -0.06059553,
      0.32712126,
      0,
      -0.29221764,
      0.3191366,
      0.9015324,
      0,
      -5.617717,
      0.07938903,
      7.982124,
      0.9999998
    ],
    "trackingState" : "Normal"
  },
  {
    "timestamp" : 239764369270,
    "transform" : [
      -0.15965952,
      -0.94487387,
      0.28587112,
      0,
      0.9424003,
      -0.05966567,
      0.32912263,
      0,
      -0.2939227,
      0.32195258,
      0.89997566,
      0,
      -5.611868,
      0.078733504,
      7.975643,
      0.99999994
    ],
    "trackingState" : "Normal"
  },
  {
    "timestamp" : 239764385943,
    "transform" : [
      -0.16010165,
      -0.9443312,
      0.28741294,
      0,
      0.94185805,
      -0.05900445,
      0.33078983,
      0,
      -0.2954165,
      0.32366216,
      0.8988726,
      0,
      -5.6057143,
      0.07798599,
      7.9689236,
      0.99999994
    ],
    "trackingState" : "Normal"
  },
  {
    "timestamp" : 239764402617,
    "transform" : [
      -0.16058771,
      -0.94378686,
      0.28892565,
      0,
      0.94168985,
      -0.05880756,
      0.33130327,
      0,
      -0.29568863,
      0.3252816,
      0.8981983,
      0,
      -5.5993485,
      0.077110015,
      7.9619994,
      0.9999998
    ],
    "trackingState" : "Normal"
  },
  {
    "timestamp" : 239764419290,
    "transform" : [
      -0.16115741,
      -0.9429272,
      0.29140493,
      0,
      0.9419161,
      -0.058796,
      0.3306616,
      0,
      -0.29465637,
      0.32776752,
      0.8976336,
      0,
      -5.592773,
      0.07606103,
      7.9548206,
      0.99999994
    ],
    "trackingState" : "Normal"
  },
  {
    "timestamp" : 239764435964,
    "transform" : [
      -0.16171642,
      -0.9416367,
      0.29524276,
      0,
      0.9425454,
      -0.058757715,
      0.3288705,
      0,
      -0.29232875,
      0.33146346,
      0.8970374,
      0,
      -5.588058,
      0.074415766,
      7.948074,
      1
    ],
    "trackingState" : "Normal"
  },
  {
    "timestamp" : 239764452637,
    "transform" : [
      -0.1625425,
      -0.9398449,
      0.30045196,
      0,
      0.94337106,
      -0.0587791,
      0.3264903,
      0,
      -0.28919,
      0.33650625,
      0.89617664,
      0,
      -5.581788,
      0.072902605,
      7.940618,
      0.9999998
    ],
    "trackingState" : "Normal"
  },
  {
    "timestamp" : 239764469311,
    "transform" : [
      -0.16329102,
      -0.93773687,
      0.30657056,
      0,
      0.9440665,
      -0.058285203,
      0.32456282,
      0,
      -0.28648603,
      0.34242123,
      0.8948036,
      0,
      -5.57496,
      0.07137016,
      7.9328732,
      0.9999998
    ],
    "trackingState" : "Normal"
  },
  {
    "timestamp" : 239764485984,
    "transform" : [
      -0.16373008,
      -0.93564147,
      0.3126781,
      0,
      0.94461614,
      -0.0573138,
      0.32313395,
      0,
      -0.28441674,
      0.34826753,
      0.89320606,
      0,
      -5.567934,
      0.06979633,
      7.9250555,
      0.9999999
    ],
    "trackingState" : "Normal"
  },
  {
    "timestamp" : 239764502658,
    "transform" : [
      -0.16391589,
      -0.93401587,
      0.31740516,
      0,
      0.9450951,
      -0.056476798,
      0.32187837,
      0,
      -0.28271347,
      0.35273904,
      0.8919913,
      0,
      -5.560771,
      0.06818313,
      7.9172935,
      0.9999999
    ],
    "trackingState" : "Normal"
  },
  {
    "timestamp" : 239764519331,
    "transform" : [
      -0.16334723,
      -0.93323576,
      0.3199822,
      0,
      0.9456757,
      -0.0557006,
      0.32030436,
      0,
      -0.2810963,
      0.35492024,
      0.89163697,
      0,
      -5.553494,
      0.066594295,
      7.9096327,
      0.9999999
    ],
    "trackingState" : "Normal"
  },
  {
    "timestamp" : 239764536005,
    "transform" : [
      -0.1620359,
      -0.9331551,
      0.32088283,
      0,
      0.9464506,
      -0.054946773,
      0.31813824,
      0,
      -0.2792409,
      0.35524958,
      0.8920887,
      0,
      -5.5460763,
      0.06507627,
      7.9020286,
      0.9999998
    ],
    "trackingState" : "Normal"
  },
  {
    "timestamp" : 239764552678,
    "transform" : [
      -0.16019958,
      -0.9333497,
      0.32123896,
      0,
      0.94744587,
      -0.054096393,
      0.31530917,
      0,
      -0.27691585,
      0.35486892,
      0.8929646,
      0,
      -5.5399766,
      0.06368612,
      7.894711,
      0.9999999
    ],
    "trackingState" : "Normal"
  },
  {
    "timestamp" : 239764569352,
    "transform" : [
      -0.15805848,
      -0.93354446,
      0.32173306,
      0,
      0.9487549,
      -0.05328376,
      0.31148803,
      0,
      -0.2736448,
      0.3544792,
      0.89412695,
      0,
      -5.532824,
      0.062328734,
      7.8870964,
      0.9999998
    ],
    "trackingState" : "Normal"
  },
  {
    "timestamp" : 239764586025,
    "transform" : [
      -0.15541634,
      -0.9336252,
      0.32278425,
      0,
      0.95036787,
      -0.0521588,
      0.30672482,
      0,
      -0.26953006,
      0.35443386,
      0.89539385,
      0,
      -5.5252314,
      0.061032385,
      7.8793387,
      0.9999998
    ],
    "trackingState" : "Normal"
  },
  {
    "timestamp" : 239764602699,
    "transform" : [
      -0.15281276,
      -0.9334154,
      0.3246289,
      0,
      0.9517291,
      -0.0505176,
      0.30275324,
      0,
      -0.26619512,
      0.35522336,
      0.89607835,
      0,
      -5.5174513,
      0.059854105,
      7.8715816,
      0.9999999
    ],
    "trackingState" : "Normal"
  },
  {
    "timestamp" : 239764619372,
    "transform" : [
      -0.15027572,
      -0.933271,
      0.3262246,
      0,
      0.9525905,
      -0.04838774,
      0.3003831,
      0,
      -0.26455358,
      0.3558987,
      0.8962967,
      0,
      -5.509591,
      0.058867246,
      7.863952,
      0.99999994
    ],
    "trackingState" : "Normal"
  },
  {
    "timestamp" : 239764636046,
    "transform" : [
      -0.14731948,
      -0.93365276,
      0.32648063,
      0,
      0.9533067,
      -0.046050556,
      0.29847226,
      0,
      -0.26363483,
      0.35520694,
      0.8968416,
      0,
      -5.501651,
      0.058039434,
      7.8564897,
      0.99999994
    ],
    "trackingState" : "Normal"
  },
  {
    "timestamp" : 239764652719,
    "transform" : [
      -0.1437325,
      -0.93472373,
      0.32501167,
      0,
      0.9544662,
      -0.044184193,
      0.29502878,
      0,
      -0.26141006,
      0.35261786,
      0.89851296,
      0,
      -5.4947605,
      0.05703993,
      7.8503923,
      0.9999999
    ],
    "trackingState" : "Normal"
  },
  {
    "timestamp" : 239764669393,
    "transform" : [
      -0.13946806,
      -0.9362377,
      0.32250267,
      0,
      0.9561695,
      -0.04264812,
      0.2896916,
      0,
      -0.25746608,
      0.34876993,
      0.9011499,
      0,
      -5.487001,
      0.056360237,
      7.8434167,
      0.99999994
    ],
    "trackingState" : "Normal"
  },
  {
    "timestamp" : 239764686066,
    "transform" : [
      -0.13512865,
      -0.93731105,
      0.32122943,
      0,
      0.9578312,
      -0.040602613,
      0.2844483,
      0,
      -0.25357378,
      0.34612066,
      0.9032724,
      0,
      -5.478922,
      0.055863753,
      7.8361173,
      0.99999994
    ],
    "trackingState" : "Normal"
  },
  {
    "timestamp" : 239764702740,
    "transform" : [
      -0.13153987,
      -0.9375257,
      0.3220915,
      0,
      0.9585363,
      -0.03743311,
      0.2825012,
      0,
      -0.25279522,
      0.34589657,
      0.9035764,
      0,
      -5.47074,
      0.055571534,
      7.8287964,
      0.99999994
    ],
    "trackingState" : "Normal"
  },
  {
    "timestamp" : 239764719413,
    "transform" : [
      -0.129131,
      -0.9372469,
      0.32387277,
      0,
      0.95850545,
      -0.034264464,
      0.28300768,
      0,
      -0.25415075,
      0.34697887,
      0.9027808,
      0,
      -5.462552,
      0.055572905,
      7.8216453,
      0.9999999
    ],
    "trackingState" : "Normal"
  },
  {
    "timestamp" : 239764736087,
    "transform" : [
      -0.12756331,
      -0.93739146,
      0.32407522,
      0,
      0.95829314,
      -0.03223598,
      0.28396282,
      0,
      -0.2557375,
      0.34678233,
      0.90240806,
      0,
      -5.454396,
      0.0558775,
      7.81479,
      0.9999998
    ],
    "trackingState" : "Normal"
  },
  {
    "timestamp" : 239764752761,
    "transform" : [
      -0.12650615,
      -0.9383026,
      0.32184574,
      0,
      0.9581989,
      -0.031655576,
      0.28434604,
      0,
      -0.25661442,
      0.34436378,
      0.9030852,
      0,
      -5.4476633,
      0.056245297,
      7.808527,
      0.9999999
    ],
    "trackingState" : "Normal"
  },
  {
    "timestamp" : 239764769434,
    "transform" : [
      -0.12570219,
      -0.93959224,
      0.31837943,
      0,
      0.95826256,
      -0.031932928,
      0.2841005,
      0,
      -0.25677186,
      0.34080318,
      0.9043902,
      0,
      -5.440098,
      0.05690708,
      7.802187,
      0.9999999
    ],
    "trackingState" : "Normal"
  },
  {
    "timestamp" : 239764786108,
    "transform" : [
      -0.12501775,
      -0.94058454,
      0.31570783,
      0,
      0.95846784,
      -0.032282133,
      0.28336775,
      0,
      -0.2563396,
      0.33802179,
      0.9055559,
      0,
      -5.432238,
      0.057674125,
      7.795727,
      0.99999994
    ],
    "trackingState" : "Normal"
  },
  {
    "timestamp" : 239764802781,
    "transform" : [
      -0.124175854,
      -0.94084895,
      0.31525168,
      0,
      0.9586565,
      -0.03177252,
      0.28278628,
      0,
      -0.25604284,
      0.3373333,
      0.90589637,
      0,
      -5.4242907,
      0.058484808,
      7.7891283,
      0.9999999
    ],
    "trackingState" : "Normal"
  },
  {
    "timestamp" : 239764819455,
    "transform" : [
      -0.12300667,
      -0.94039243,
      0.31706694,
      0,
      0.958775,
      -0.030140843,
      0.2825633,
      0,
      -0.25616378,
      0.33875304,
      0.9053323,
      0,
      -5.416325,
      0.059362724,
      7.782432,
      0.9999999
    ],
    "trackingState" : "Normal"
  },
  {
    "timestamp" : 239764836128,
    "transform" : [
      -0.12169343,
      -0.93964064,
      0.31979093,
      0,
      0.95886475,
      -0.028047824,
      0.2824741,
      0,
      -0.2564547,
      0.34101155,
      0.9044016,
      0,
      -5.409576,
      0.05950781,
      7.776105,
      0.9999999
    ],
    "trackingState" : "Normal"
  },
  {
    "timestamp" : 239764852802,
    "transform" : [
      -0.120857425,
      -0.9387803,
      0.32262206,
      0,
      0.95912963,
      -0.026665436,
      0.28170723,
      0,
      -0.25585836,
      0.34348282,
      0.90363485,
      0,
      -5.4021707,
      0.060275763,
      7.7696347,
      0.99999976
    ],
    "trackingState" : "Normal"
  },
  {
    "timestamp" : 239764869475,
    "transform" : [
      -0.1204151,
      -0.9381125,
      0.32472372,
      0,
      0.9596839,
      -0.02631597,
      0.27984738,
      0,
      -0.25398287,
      0.34532994,
      0.90346026,
      0,
      -5.3946476,
      0.06133203,
      7.7632103,
      1
    ],
    "trackingState" : "Normal"
  },
  {
    "timestamp" : 239764886149,
    "transform" : [
      -0.12021037,
      -0.93783194,
      0.32560846,
      0,
      0.96025187,
      -0.02661184,
      0.27786374,
      0,
      -0.2519245,
      0.3460682,
      0.9037539,
      0,
      -5.3872304,
      0.062539704,
      7.756943,
      0.99999994
    ],
    "trackingState" : "Normal"
  },
  {
    "timestamp" : 239764902822,
    "transform" : [
      -0.1197834,
      -0.937927,
      0.32549167,
      0,
      0.96080816,
      -0.026959274,
      0.27589965,
      0,
      -0.24999876,
      0.34578332,
      0.9043973,
      0,
      -5.3800163,
      0.06386365,
      7.750881,
      0.9999999
    ],
    "trackingState" : "Normal"
  },
  {
    "timestamp" : 239764919496,
    "transform" : [
      -0.11888516,
      -0.93837196,
      0.32453743,
      0,
      0.961239,
      -0.026879443,
      0.27440324,
      0,
      -0.24876894,
      0.3445805,
      0.9051953,
      0,
      -5.373007,
      0.06529249,
      7.7450433,
      0.99999994
    ],
    "trackingState" : "Normal"
  },
  {
    "timestamp" : 239764936169,
    "transform" : [
      -0.11711799,
      -0.9391095,
      0.32304305,
      0,
      0.9614829,
      -0.025774464,
      0.27365363,
      0,
      -0.24866448,
      0.34265012,
      0.90595645,
      0,
      -5.3667016,
      0.06773398,
      7.7382855,
      0.99999994
    ],
    "trackingState" : "Normal"
  },
  {
    "timestamp" : 239764952843,
    "transform" : [
      -0.114527114,
      -0.9401166,
      0.32103643,
      0,
      0.9617775,
      -0.024016539,
      0.27277675,
      0,
      -0.24873179,
      0.34000593,
      0.90693367,
      0,
      -5.360188,
      0.06954887,
      7.732307,
      0.99999994
    ],
    "trackingState" : "Normal"
  },
  {
    "timestamp" : 239764969516,
    "transform" : [
      -0.1117001,
      -0.94102013,
      0.31938127,
      0,
      0.9622877,
      -0.02220466,
      0.2711261,
      0,
      -0.24804336,
      0.33762148,
      0.9080123,
      0,
      -5.3536625,
      0.071104534,
      7.726525,
      0.99999994
    ],
    "trackingState" : "Normal"
  },
  {
    "timestamp" : 239764986190,
    "transform" : [
      -0.10934267,
      -0.9418027,
      0.31788683,
      0,
      0.96299535,
      -0.021112097,
      0.2686901,
      0,
      -0.24634176,
      0.33550286,
      0.90926003,
      0,
      -5.347151,
      0.07251955,
      7.72075,
      0.99999994
    ],
    "trackingState" : "Normal"
  },
  {
    "timestamp" : 239765002863,
    "transform" : [
      -0.10820588,
      -0.94247055,
      0.3162924,
      0,
      0.9637955,
      -0.021459363,
      0.2657778,
      0,
      -0.24370036,
      0.33359993,
      0.91067094,
      0,
      -5.3406577,
      0.07386012,
      7.7150116,
      0.99999994
    ],
    "trackingState" : "Normal"
  },
  {
    "timestamp" : 239765019537,
    "transform" : [
      -0.10862813,
      -0.9430946,
      0.31428123,
      0,
      0.9646567,
      -0.023652963,
      0.26244605,
      0,
      -0.24007778,
      0.3316825,
      0.91233194,
      0,
      -5.3342366,
      0.07516953,
      7.7093906,
      0.9999999
    ],
    "trackingState" : "Normal"
  },
  {
    "timestamp" : 239765036210,
    "transform" : [
      -0.11027855,
      -0.9438513,
      0.31142154,
      0,
      0.96555275,
      -0.027437825,
      0.25875703,
      0,
      -0.23568346,
      0.32922924,
      0.914364,
      0,
      -5.3279166,
      0.07645628,
      7.7039213,
      0.9999999
    ],
    "trackingState" : "Normal"
  },
  {
    "timestamp" : 239765052884,
    "transform" : [
      -0.11273408,
      -0.9446359,
      0.30814636,
      0,
      0.96625936,
      -0.031941798,
      0.25558305,
      0,
      -0.2315902,
      0.3265622,
      0.91636425,
      0,
      -5.322012,
      0.078098714,
      7.698521,
      0.99999994
    ],
    "trackingState" : "Normal"
  },
  {
    "timestamp" : 239765069557,
    "transform" : [
      -0.11532626,
      -0.94534343,
      0.3050012,
      0,
      0.96677846,
      -0.036306668,
      0.25302416,
      0,
      -0.22812115,
      0.32404894,
      0.9181248,
      0,
      -5.3160105,
      0.079447135,
      7.6931086,
      0.99999994
    ],
    "trackingState" : "Normal"
  },
  {
    "timestamp" : 239765086231,
    "transform" : [
      -0.11784568,
      -0.9458333,
      0.30250913,
      0,
      0.96714735,
      -0.04021833,
      0.2510149,
      0,
      -0.22525185,
      0.3221519,
      0.9194998,
      0,
      -5.31004,
      0.08065408,
      7.687614,
      0.99999994
    ],
    "trackingState" : "Normal"
  },
  {
    "timestamp" : 239765102904,
    "transform" : [
      -0.12020763,
      -0.9459768,
      0.30112803,
      0,
      0.9674248,
      -0.0435476,
      0.24938503,
      0,
      -0.22279906,
      0.32129672,
      0.92039615,
      0,
      -5.3041453,
      0.08178088,
      7.6820035,
      0.99999994
    ],
    "trackingState" : "Normal"
  },
  {
    "timestamp" : 239765119578,
    "transform" : [
      -0.12258591,
      -0.94588464,
      0.300458,
      0,
      0.9676798,
      -0.046690367,
      0.24782227,
      0,
      -0.22038282,
      0.32112664,
      0.921037,
      0,
      -5.2983294,
      0.08284396,
      7.6763115,
      0.9999999
    ],
    "trackingState" : "Normal"
  },
  {
    "timestamp" : 239765136251,
    "transform" : [
      -0.1247333,
      -0.9458649,
      0.29963508,
      0,
      0.96792823,
      -0.049626317,
      0.24627651,
      0,
      -0.21807456,
      0.32074413,
      0.9217195,
      0,
      -5.2926283,
      0.083880775,
      7.6706204,
      0.9999999
    ],
    "trackingState" : "Normal"
  },
  {
    "timestamp" : 239765152925,
    "transform" : [
      -0.12583856,
      -0.9461086,
      0.29840133,
      0,
      0.9679998,
      -0.051270112,
      0.2456578,
      0,
      -0.21711989,
      0.31976563,
      0.9222847,
      0,
      -5.2880793,
      0.08560935,
      7.666041,
      0.99999994
    ],
    "trackingState" : "Normal"
  },
  {
    "timestamp" : 239765169598,
    "transform" : [
      -0.12583731,
      -0.94665605,
      0.29666045,
      0,
      0.9678879,
      -0.051556632,
      0.24603885,
      0,
      -0.21761937,
      0.3180949,
      0.9227446,
      0,
      -5.283062,
      0.08696792,
      7.6608505,
      0.99999994
    ],
    "trackingState" : "Normal"
  },
  {
    "timestamp" : 239765186272,
    "transform" : [
      -0.124989614,
      -0.94741446,
      0.29459026,
      0,
      0.9677555,
      -0.0509699,
      0.24668074,
      0,
      -0.21869367,
      0.3159239,
      0.9232363,
      0,
      -5.277926,
      0.08822096,
      7.6554523,
      0.9999999
    ],
    "trackingState" : "Normal"
  },
  {
    "timestamp" : 239765202945,
    "transform" : [
      -0.12372668,
      -0.948462,
      0.29173896,
      0,
      0.9676482,
      -0.050173074,
      0.24726431,
      0,
      -0.21988341,
      0.31289384,
      0.9239853,
      0,
      -5.272748,
      0.08944175,
      7.649987,
      0.99999994
    ],
    "trackingState" : "Normal"
  },
  {
    "timestamp" : 239765219619,
    "transform" : [
      -0.122548975,
      -0.94971734,
      0.2881299,
      0,
      0.96757203,
      -0.049718507,
      0.24765371,
      0,
      -0.22087567,
      0.30913612,
      0.925013,
      0,
      -5.2675405,
      0.09062562,
      7.6444764,
      0.99999994
    ],
    "trackingState" : "Normal"
  },
  {
    "timestamp" : 239765236292,
    "transform" : [
      -0.121350534,
      -0.95104915,
      0.28421766,
      0,
      0.9675517,
      -0.049403097,
      0.24779648,
      0,
      -0.22162542,
      0.30506548,
      0.92618436,
      0,
      -5.26235,
      0.091753066,
      7.6388717,
      0.99999994
    ],
    "trackingState" : "Normal"
  },
  {
    "timestamp" : 239765252966,
    "transform" : [
      -0.120263875,
      -0.9522934,
      0.2804888,
      0,
      0.9675039,
      -0.049127672,
      0.24803773,
      0,
      -0.22242492,
      0.30120403,
      0.9272558,
      0,
      -5.2582397,
      0.09258062,
      7.6337395,
      0.9999999
    ],
    "trackingState" : "Normal"
  },
  {
    "timestamp" : 239765269639,
    "transform" : [
      -0.11940423,
      -0.9532689,
      0.27752727,
      0,
      0.96729434,
      -0.0486863,
      0.24894089,
      0,
      -0.2237958,
      0.29817513,
      0.92790484,
      0,
      -5.2534595,
      0.093487106,
      7.628009,
      0.99999994
    ],
    "trackingState" : "Normal"
  },
  {
    "timestamp" : 239765286313,
    "transform" : [
      -0.11897268,
      -0.9540771,
      0.2749227,
      0,
      0.966927,
      -0.04841628,
      0.250416,
      0,
      -0.22560544,
      0.2956228,
      0.9282831,
      0,
      -5.2484403,
      0.09438184,
      7.622003,
      0.99999994
    ],
    "trackingState" : "Normal"
  },
  {
    "timestamp" : 239765302986,
    "transform" : [
      -0.11877445,
      -0.9549009,
      0.2721341,
      0,
      0.96653235,
      -0.0484236,
      0.2519332,
      0,
      -0.2273935,
      0.29294965,
      0.9286942,
      0,
      -5.2433333,
      0.095225364,
      7.6158786,
      0.99999994
    ],
    "trackingState" : "Normal"
  },
  {
    "timestamp" : 239765319660,
    "transform" : [
      -0.11837192,
      -0.9558064,
      0.26911417,
      0,
      0.96624976,
      -0.04842729,
      0.2530143,
      0,
      -0.2288002,
      0.28998125,
      0.9292801,
      0,
      -5.238203,
      0.09600363,
      7.6096587,
      0.99999994
    ],
    "trackingState" : "Normal"
  },
  {
    "timestamp" : 239765336333,
    "transform" : [
      -0.117462516,
      -0.9568734,
      0.26569918,
      0,
      0.9660563,
      -0.04811264,
      0.25381222,
      0,
      -0.23008269,
      0.28649372,
      0.930045,
      0,
      -5.2330756,
      0.09673686,
      7.6033373,
      0.99999994
    ],
    "trackingState" : "Normal"
  },
  {
    "timestamp" : 239765353007,
    "transform" : [
      -0.11635395,
      -0.9578816,
      0.26253465,
      0,
      0.96574306,
      -0.047381174,
      0.2551376,
      0,
      -0.23195247,
      0.28322732,
      0.9305807,
      0,
      -5.227925,
      0.09744022,
      7.5971103,
      0.9999998
    ],
    "trackingState" : "Normal"
  },
  {
    "timestamp" : 239765369680,
    "transform" : [
      -0.114953354,
      -0.9588185,
      0.2597168,
      0,
      0.9653537,
      -0.04616946,
      0.25682783,
      0,
      -0.23426035,
      0.2802418,
      0.9309064,
      0,
      -5.222854,
      0.09810555,
      7.5906496,
      0.99999994
    ],
    "trackingState" : "Normal"
  },
  {
    "timestamp" : 239765386354,
    "transform" : [
      -0.11354961,
      -0.9598329,
      0.25656846,
      0,
      0.9651165,
      -0.045241296,
      0.2578825,
      0,
      -0.23591663,
      0.27690095,
      0.93148774,
      0,
      -5.2178082,
      0.098756365,
      7.584068,
      0.9999998
    ],
    "trackingState" : "Normal"
  },
  {
    "timestamp" : 239765403027,
    "transform" : [
      -0.11216876,
      -0.96107507,
      0.25249362,
      0,
      0.96515197,
      -0.044913452,
      0.25780725,
      0,
      -0.23643178,
      0.2726126,
      0.93262136,
      0,
      -5.2127633,
      0.0994154,
      7.5774007,
      0.99999994
    ],
    "trackingState" : "Normal"
  },
  {
    "timestamp" : 239765419701,
    "transform" : [
      -0.11138212,
      -0.9623729,
      0.24785584,
      0,
      0.965421,
      -0.04563011,
      0.25667122,
      0,
      -0.23570375,
      0.26787382,
      0.93417746,
      0,
      -5.207683,
      0.10006114,
      7.5706224,
      0.9999999
    ],
    "trackingState" : "Normal"
  },
  {
    "timestamp" : 239765436374,
    "transform" : [
      -0.11103972,
      -0.9636396,
      0.24304073,
      0,
      0.9657429,
      -0.046911452,
      0.25522506,
      0,
      -0.23454365,
      0.263055,
      0.9358372,
      0,
      -5.2025776,
      0.10069957,
      7.563715,
      0.9999999
    ],
    "trackingState" : "Normal"
  },
  {
    "timestamp" : 239765453048,
    "transform" : [
      -0.11056108,
      -0.964833,
      0.2384821,
      0,
      0.965876,
      -0.047758896,
      0.25456387,
      0,
      -0.234222,
      0.25848898,
      0.93718934,
      0,
      -5.197709,
      0.101794384,
      7.5568213,
      0.99999994
    ],
    "trackingState" : "Normal"
  },
  {
    "timestamp" : 239765469721,
    "transform" : [
      -0.10966983,
      -0.9659691,
      0.23425692,
      0,
      0.96573967,
      -0.047785472,
      0.2550755,
      0,
      -0.23520102,
      0.25420526,
      0.93811536,
      0,
      -5.192723,
      0.10256999,
      7.5496554,
      0.99999994
    ],
    "trackingState" : "Normal"
  },
  {
    "timestamp" : 239765486395,
    "transform" : [
      -0.108578146,
      -0.96691567,
      0.23083541,
      0,
      0.9654497,
      -0.047232512,
      0.256273,
      0,
      -0.23689148,
      0.25068563,
      0.93863696,
      0,
      -5.1877275,
      0.103277154,
      7.542288,
      0.99999994
    ],
    "trackingState" : "Normal"
  },
  {
    "timestamp" : 239765503068,
    "transform" : [
      -0.107783474,
      -0.9677891,
      0.22752377,
      0,
      0.9651809,
      -0.046996277,
      0.2573272,
      0,
      -0.2383457,
      0.2473372,
      0.939157,
      0,
      -5.1827154,
      0.103997804,
      7.534774,
      0.99999994
    ],
    "trackingState" : "Normal"
  },
  {
    "timestamp" : 239765519742,
    "transform" : [
      -0.10693745,
      -0.9687956,
      0.22360592,
      0,
      0.9650864,
      -0.04705557,
      0.25767052,
      0,
      -0.23910818,
      0.24335364,
      0.9400035,
      0,
      -5.1777344,
      0.104737185,
      7.5271773,
      0.99999994
    ],
    "trackingState" : "Normal"
  },
  {
    "timestamp" : 239765536415,
    "transform" : [
      -0.10582791,
      -0.96990746,
      0.21927167,
      0,
      0.9648542,
      -0.046817753,
      0.25858158,
      0,
      -0.2405344,
      0.23893034,
      0.940774,
      0,
      -5.172838,
      0.10551167,
      7.519544,
      0.99999994
    ],
    "trackingState" : "Normal"
  },
  {
    "timestamp" : 239765553089,
    "transform" : [
      -0.10423273,
      -0.97104335,
      0.21496597,
      0,
      0.96429795,
      -0.045766003,
      0.26083487,
      0,
      -0.24344388,
      0.23447877,
      0.9411455,
      0,
      -5.168858,
      0.10630053,
      7.5124393,
      0.99999994
    ],
    "trackingState" : "Normal"
  },
  {
    "timestamp" : 239765569762,
    "transform" : [
      -0.101857014,
      -0.9722522,
      0.21059637,
      0,
      0.9637504,
      -0.043964457,
      0.26315838,
      0,
      -0.24659759,
      0.22976685,
      0.94148654,
      0,
      -5.164464,
      0.10722119,
      7.504854,
      0.99999994
    ],
    "trackingState" : "Normal"
  },
  {
    "timestamp" : 239765586436,
    "transform" : [
      -0.098708585,
      -0.9736795,
      0.2054381,
      0,
      0.96352136,
      -0.041907456,
      0.26432976,
      0,
      -0.2487631,
      0.22403564,
      0.94229764,
      0,
      -5.1599646,
      0.10823814,
      7.4970264,
      0.9999999
    ],
    "trackingState" : "Normal"
  },
  {
    "timestamp" : 239765603109,
    "transform" : [
      -0.09525222,
      -0.97517294,
      0.19991183,
      0,
      0.9636104,
      -0.039938908,
      0.26430997,
      0,
      -0.2497637,
      0.21781324,
      0.94349116,
      0,
      -5.1554456,
      0.10935682,
      7.4890466,
      0.99999994
    ],
    "trackingState" : "Normal"
  },
  {
    "timestamp" : 239765619783,
    "transform" : [
      -0.09172202,
      -0.97663677,
      0.19433965,
      0,
      0.963778,
      -0.03798394,
      0.2639871,
      0,
      -0.2504377,
      0.2115137,
      0.9447449,
      0,
      -5.1509304,
      0.11061389,
      7.480987,
      0.9999999
    ],
    "trackingState" : "Normal"
  },
  {
    "timestamp" : 239765636456,
    "transform" : [
      -0.087906234,
      -0.9781489,
      0.18840767,
      0,
      0.9638267,
      -0.03574486,
      0.2641218,
      0,
      -0.25161582,
      0.20481032,
      0.94590825,
      0,
      -5.146419,
      0.11203093,
      7.4728994,
      0.99999994
    ],
    "trackingState" : "Normal"
  },
  {
    "timestamp" : 239765653130,
    "transform" : [
      -0.083517455,
      -0.9796407,
      0.18256235,
      0,
      0.963677,
      -0.032762058,
      0.26505354,
      0,
      -0.25367615,
      0.19806774,
      0.9467934,
      0,
      -5.1417394,
      0.11416738,
      7.4642515,
      0.9999999
    ],
    "trackingState" : "Normal"
  },
  {
    "timestamp" : 239765669803,
    "transform" : [
      -0.078984186,
      -0.9810667,
      0.17683214,
      0,
      0.9631608,
      -0.029359873,
      0.26731834,
      0,
      -0.2570654,
      0.19143173,
      0.947244,
      0,
      -5.137224,
      0.11611775,
      7.4559765,
      0.9999999
    ],
    "trackingState" : "Normal"
  },
  {
    "timestamp" : 239765686477,
    "transform" : [
      -0.074786335,
      -0.982359,
      0.17139985,
      0,
      0.9625327,
      -0.026185697,
      0.2698983,
      0,
      -0.2606488,
      0.18516265,
      0.947511,
      0,
      -5.132702,
      0.11812821,
      7.447815,
      0.99999994
    ],
    "trackingState" : "Normal"
  },
  {
    "timestamp" : 239765703150,
    "transform" : [
      -0.0718183,
      -0.9834793,
      0.16616468,
      0,
      0.9621816,
      -0.024423253,
      0.27131203,
      0,
      -0.26277152,
      0.17936575,
      0.94803965,
      0,
      -5.128077,
      0.12024313,
      7.43966,
      0.99999994
    ],
    "trackingState" : "Normal"
  },
  {
    "timestamp" : 239765719824,
    "transform" : [
      -0.070429265,
      -0.984441,
      0.16098367,
      0,
      0.96173626,
      -0.024176849,
      0.27290785,
      0,
      -0.26476958,
      0.17404453,
      0.94847536,
      0,
      -5.1233406,
      0.12243147,
      7.431514,
      0.9999999
    ],
    "trackingState" : "Normal"
  },
  {
    "timestamp" : 239765736497,
    "transform" : [
      -0.069622114,
      -0.9852362,
      0.15640432,
      0,
      0.96103543,
      -0.024198538,
      0.2753636,
      0,
      -0.26751342,
      0.16948149,
      0.9485317,
      0,
      -5.1185846,
      0.12462953,
      7.423404,
      0.9999998
    ],
    "trackingState" : "Normal"
  },
  {
    "timestamp" : 239765753171,
    "transform" : [
      -0.06853197,
      -0.9858695,
      0.1528553,
      0,
      0.96028507,
      -0.023648042,
      0.27801678,
      0,
      -0.27047354,
      0.1658377,
      0.9483364,
      0,
      -5.1141863,
      0.12683888,
      7.4153414,
      0.9999999
    ],
    "trackingState" : "Normal"
  },
  {
    "timestamp" : 239765769844,
    "transform" : [
      -0.06746061,
      -0.98649484,
      0.14925496,
      0,
      0.95976907,
      -0.02329629,
      0.27982274,
      0,
      -0.2725666,
      0.1621273,
      0.9483788,
      0,
      -5.109556,
      0.1289465,
      7.4073744,
      0.99999994
    ],
    "trackingState" : "Normal"
  },
  {
    "timestamp" : 239765786518,
    "transform" : [
      -0.06682221,
      -0.98718804,
      0.1448954,
      0,
      0.9596726,
      -0.023846729,
      0.28010708,
      0,
      -0.2730631,
      0.15776952,
      0.9489708,
      0,
      -5.104841,
      0.1309102,
      7.3995175,
      0.99999994
    ],
    "trackingState" : "Normal"
  },
  {
    "timestamp" : 239765803191,
    "transform" : [
      -0.067639224,
      -0.98778003,
      0.14041248,
      0,
      0.95991343,
      -0.026059544,
      0.27908275,
      0,
      -0.2720133,
      0.15366077,
      0.949946,
      0,
      -5.100045,
      0.1326662,
      7.3917007,
      0.99999994
    ],
    "trackingState" : "Normal"
  },
  {
    "timestamp" : 239765819865,
    "transform" : [
      -0.06933792,
      -0.9882641,
      0.13611197,
      0,
      0.9603327,
      -0.029182587,
      0.27732578,
      0,
      -0.270099,
      0.14994197,
      0.9510858,
      0,
      -5.0952654,
      0.13419074,
      7.383828,
      0.99999994
    ],
    "trackingState" : "Normal"
  },
  {
    "timestamp" : 239765836538,
    "transform" : [
      -0.071322545,
      -0.98857033,
      0.13282214,
      0,
      0.9604804,
      -0.03214806,
      0.2764847,
      0,
      -0.26905465,
      0.14729266,
      0.95179534,
      0,
      -5.0905995,
      0.13553028,
      7.3758664,
      0.9999999
    ],
    "trackingState" : "Normal"
  },
  {
    "timestamp" : 239765853212,
    "transform" : [
      -0.073020086,
      -0.9887142,
      0.13081345,
      0,
      0.9600219,
      -0.034141693,
      0.27783456,
      0,
      -0.27023283,
      0.14587131,
      0.95168054,
      0,
      -5.086607,
      0.13653043,
      7.3686023,
      0.9999999
    ],
    "trackingState" : "Normal"
  },
  {
    "timestamp" : 239765869885,
    "transform" : [
      -0.074293375,
      -0.9888143,
      0.12933184,
      0,
      0.9589877,
      -0.035267018,
      0.28124475,
      0,
      -0.27353776,
      0.14492229,
      0.950881,
      0,
      -5.082455,
      0.13767685,
      7.3609734,
      0.99999976
    ],
    "trackingState" : "Normal"
  },
  {
    "timestamp" : 239765886559,
    "transform" : [
      -0.07468346,
      -0.989095,
      0.12693945,
      0,
      0.9578192,
      -0.0357271,
      0.28514194,
      0,
      -0.2774973,
      0.14288042,
      0.95004237,
      0,
      -5.0783534,
      0.13888219,
      7.3534427,
      0.99999994
    ],
    "trackingState" : "Normal"
  },
  {
    "timestamp" : 239765903232,
    "transform" : [
      -0.07408237,
      -0.98966575,
      0.12277384,
      0,
      0.9569137,
      -0.035884462,
      0.2881462,
      0,
      -0.2807628,
      0.13883053,
      0.94968325,
      0,
      -5.0743227,
      0.14012067,
      7.3461833,
      0.9999998
    ],
    "trackingState" : "Normal"
  },
  {
    "timestamp" : 239765919906,
    "transform" : [
      -0.072695814,
      -0.9904966,
      0.116755605,
      0,
      0.95631254,
      -0.035988476,
      0.29012275,
      0,
      -0.2831638,
      0.13274555,
      0.94984055,
      0,
      -5.0703516,
      0.14139237,
      7.339193,
      0.9999999
    ],
    "trackingState" : "Normal"
  },
  {
    "timestamp" : 239765936579,
    "transform" : [
      -0.07127483,
      -0.99132854,
      0.110397704,
      0,
      0.95582235,
      -0.03623699,
      0.29170275,
      0,
      -0.2851728,
      0.12631164,
      0.9501168,
      0,
      -5.066392,
      0.1426323,
      7.332326,
      0.9999999
    ],
    "trackingState" : "Normal"
  },
  {
    "timestamp" : 239765953253,
    "transform" : [
      -0.07055966,
      -0.9918992,
      0.10562854,
      0,
      0.9551957,
      -0.036672845,
      0.29369432,
      0,
      -0.28744155,
      0.1216189,
      0.95004547,
      0,
      -5.0634727,
      0.143364,
      7.3259583,
      0.99999994
    ],
    "trackingState" : "Normal"
  },
  {
    "timestamp" : 239765969926,
    "transform" : [
      -0.07176267,
      -0.99202484,
      0.10361928,
      0,
      0.9544855,
      -0.03814932,
      0.2958075,
      0,
      -0.2894954,
      0.12013103,
      0.949611,
      0,
      -5.059735,
      0.14425428,
      7.3191576,
      0.99999994
    ],
    "trackingState" : "Normal"
  },
  {
    "timestamp" : 239765986600,
    "transform" : [
      -0.07485608,
      -0.99179524,
      0.10362868,
      0,
      0.95391756,
      -0.040937394,
      0.2972634,
      0,
      -0.29058215,
      0.12110519,
      0.9491553,
      0,
      -5.0556836,
      0.1450953,
      7.312226,
      0.99999994
    ],
    "trackingState" : "Normal"
  },
  {
    "timestamp" : 239766003273,
    "transform" : [
      -0.078644104,
      -0.99141264,
      0.10448007,
      0,
      0.9537399,
      -0.044319686,
      0.29734784,
      0,
      -0.29016393,
      0.12303149,
      0.94903535,
      0,
      -5.051542,
      0.14586791,
      7.305304,
      0.9999999
    ],
    "trackingState" : "Normal"
  },
  {
    "timestamp" : 239766019947,
    "transform" : [
      -0.08182685,
      -0.9910896,
      0.1050996,
      0,
      0.9538363,
      -0.04730058,
      0.2965787,
      0,
      -0.28896484,
      0.12451592,
      0.9492077,
      0,
      -5.047461,
      0.14658052,
      7.2985034,
      0.99999994
    ],
    "trackingState" : "Normal"
  },
  {
    "timestamp" : 239766036620,
    "transform" : [
      -0.08351728,
      -0.99099916,
      0.10462191,
      0,
      0.9539882,
      -0.049171533,
      0.29578477,
      0,
      -0.28797802,
      0.12451122,
      0.9495082,
      0,
      -5.0435224,
      0.14724363,
      7.2918897,
      0.99999994
    ],
    "trackingState" : "Normal"
  },
  {
    "timestamp" : 239766053294,
    "transform" : [
      -0.08338203,
      -0.9911968,
      0.10284164,
      0,
      0.9540854,
      -0.04961114,
      0.29539773,
      0,
      -0.28769523,
      0.122750565,
      0.9498231,
      0,
      -5.0405993,
      0.14772475,
      7.2862735,
      0.9999999
    ],
    "trackingState" : "Normal"
  },
  {
    "timestamp" : 239766069967,
    "transform" : [
      -0.08246504,
      -0.99149054,
      0.10072793,
      0,
      0.9540805,
      -0.049337134,
      0.29545918,
      0,
      -0.28797537,
      0.12046762,
      0.95003045,
      0,
      -5.0371466,
      0.14821546,
      7.280282,
      0.9999998
    ],
    "trackingState" : "Normal"
  },
  {
    "timestamp" : 239766086641,
    "transform" : [
      -0.08164156,
      -0.99174225,
      0.09890348,
      0,
      0.9538967,
      -0.048996054,
      0.2961085,
      0,
      -0.2888175,
      0.11851847,
      0.9500199,
      0,
      -5.0334687,
      0.14861307,
      7.274187,
      0.9999999
    ],
    "trackingState" : "Normal"
  },
  {
    "timestamp" : 239766103314,
    "transform" : [
      -0.08169734,
      -0.99177456,
      0.098533235,
      0,
      0.9536795,
      -0.049072556,
      0.29679498,
      0,
      -0.28951848,
      0.1182165,
      0.94984424,
      0,
      -5.029644,
      0.14884785,
      7.267991,
      0.9999999
    ],
    "trackingState" : "Normal"
  },
  {
    "timestamp" : 239766119988,
    "transform" : [
      -0.08270329,
      -0.9916097,
      0.0993504,
      0,
      0.9534008,
      -0.049701236,
      0.29758477,
      0,
      -0.29015017,
      0.119331986,
      0.949512,
      0,
      -5.025679,
      0.14893745,
      7.2617683,
      0.99999994
    ],
    "trackingState" : "Normal"
  },
  {
    "timestamp" : 239766136661,
    "transform" : [
      -0.084600836,
      -0.99134487,
      0.10038905,
      0,
      0.9531003,
      -0.051129114,
      0.29830432,
      0,
      -0.29058972,
      0.12091764,
      0.9491767,
      0,
      -5.0215945,
      0.14892277,
      7.255628,
      0.9999998
    ],
    "trackingState" : "Normal"
  },
  {
    "timestamp" : 239766153335,
    "transform" : [
      -0.08629353,
      -0.9911624,
      0.10075049,
      0,
      0.95286727,
      -0.05258728,
      0.2987951,
      0,
      -0.2908563,
      0.12178594,
