[
  {
    "timestamp" : 239730955516,
    "transform" : [
      -0.13432921,
      -0.99055624,
      0.027462088,
      0,
      0.3643211,
      -0.023595298,
      0.93097454,
      0,
      -0.9215346,
      0.13506208,
      0.3640501,
      0,
      -7.3442616,
      0.16679619,
      9.449872,
      0.99999994
    ],
    "trackingState" : "Normal"
  },
  {
    "timestamp" : 239730972189,
    "transform" : [
      -0.13102575,
      -0.99103904,
      0.025957659,
      0,
      0.37154537,
      -0.024813503,
      0.92808306,
      0,
      -0.9191225,
      0.13124724,
      0.37146726,
      0,
      -7.3435655,
      0.16751312,
      9.447103,
      0.9999999
    ],
    "trackingState" : "Normal"
  },
  {
    "timestamp" : 239730988863,
    "transform" : [
      -0.13040677,
      -0.99116,
      0.024410808,
      0,
      0.3787027,
      -0.027041445,
      0.9251232,
      0,
      -0.9162851,
      0.12988676,
      0.3788814,
      0,
      -7.3425646,
      0.16819936,
      9.444115,
      0.9999999
    ],
    "trackingState" : "Normal"
  },
  {
    "timestamp" : 239731005536,
    "transform" : [
      -0.13132755,
      -0.9910813,
      0.022600958,
      0,
      0.38477597,
      -0.029948864,
      0.92252386,
      0,
      -0.91361946,
      0.1298491,
      0.38527745,
      0,
      -7.341462,
      0.16884142,
      9.441061,
      0.9999999
    ],
    "trackingState" : "Normal"
  },
  {
    "timestamp" : 239731022210,
    "transform" : [
      -0.13197726,
      -0.9910307,
      0.020981364,
      0,
      0.38892516,
      -0.03230139,
      0.920703,
      0,
      -0.91176724,
      0.12967202,
      0.38969982,
      0,
      -7.3404627,
      0.16946632,
      9.437944,
      0.99999994
    ],
    "trackingState" : "Normal"
  },
  {
    "timestamp" : 239731038883,
    "trackingState" : "Normal",
    "transform" : [
      -0.13103874,
      -0.9911761,
      0.01997123,
      0,
      0.3925121,
      -0.033372395,
      0.9191412,
      0,
      -0.91036433,
      0.12828206,
      0.39342174,
      0,
      -7.3397055,
      0.17029278,
      9.43467,
      0.99999994
    ]
  },
  {
    "timestamp" : 239731055557,
    "trackingState" : "Normal",
    "transform" : [
      -0.12873706,
      -0.99149126,
      0.01928206,
      0,
      0.39892107,
      -0.033975806,
      0.91635543,
      0,
      -0.90790343,
      0.12566096,
      0.3999008,
      0,
      -7.339145,
      0.17108397,
      9.431352,
      0.9999998
    ]
  },
  {
    "timestamp" : 239731072230,
    "trackingState" : "Normal",
    "transform" : [
      -0.12621728,
      -0.9918329,
      0.018352317,
      0,
      0.40801784,
      -0.035042256,
      0.9123013,
      0,
      -0.9042072,
      0.12263626,
      0.40910846,
      0,
      -7.338727,
      0.17175226,
      9.428098,
      0.99999994
    ]
  },
  {
    "timestamp" : 239731088904,
    "trackingState" : "Normal",
    "transform" : [
      -0.123534136,
      -0.9922046,
      0.016408648,
      0,
      0.41797945,
      -0.037029237,
      0.90770143,
      0,
      -0.90001804,
      0.11899059,
      0.41929558,
      0,
      -7.338395,
      0.1723783,
      9.424907,
      0.9999998
    ]
  },
  {
    "timestamp" : 239731105578,
    "trackingState" : "Normal",
    "transform" : [
      -0.12082187,
      -0.99257815,
      0.013815001,
      0,
      0.4264281,
      -0.039329585,
      0.903666,
      0,
      -0.8964159,
      0.11507372,
      0.4280151,
      0,
      -7.3381243,
      0.17297862,
      9.421708,
      0.99999994
    ]
  },
  {
    "timestamp" : 239731122251,
    "trackingState" : "Normal",
    "transform" : [
      -0.11882721,
      -0.9928401,
      0.012195336,
      0,
      0.43245685,
      -0.040694233,
      0.90073586,
      0,
      -0.8937904,
      0.11230587,
      0.4341961,
      0,
      -7.3378983,
      0.17354986,
      9.418371,
      0.9999999
    ]
  },
  {
    "timestamp" : 239731138925,
    "trackingState" : "Normal",
    "transform" : [
      -0.11799724,
      -0.9929403,
      0.012095754,
      0,
      0.43767422,
      -0.041069943,
      0.89819515,
      0,
      -0.8913574,
      0.11127854,
      0.43943048,
      0,
      -7.33776,
      0.17418134,
      9.415024,
      0.9999999
    ]
  },
  {
    "timestamp" : 239731155598,
    "trackingState" : "Normal",
    "transform" : [
      -0.11783932,
      -0.99295455,
      0.012455984,
      0,
      0.44444054,
      -0.041518904,
      0.8948456,
      0,
      -0.888024,
      0.11098395,
      0.44620186,
      0,
      -7.3376317,
      0.17470609,
      9.411622,
      0.9999999
    ]
  },
  {
    "timestamp" : 239731172272,
    "trackingState" : "Normal",
    "transform" : [
      -0.11746387,
      -0.9930054,
      0.0119349975,
      0,
      0.45289642,
      -0.04287034,
      0.8905318,
      0,
      -0.8837913,
      0.11001064,
      0.45476437,
      0,
      -7.337515,
      0.17507727,
      9.4082,
      0.9999999
    ]
  },
  {
    "timestamp" : 239731188945,
    "trackingState" : "Normal",
    "transform" : [
      -0.11678484,
      -0.9931019,
      0.010486399,
      0,
      0.46146587,
      -0.044910856,
      0.8860204,
      0,
      -0.8794377,
      0.108312875,
      0.46352762,
      0,
      -7.337455,
      0.17535822,
      9.404758,
      0.9999999
    ]
  },
  {
    "timestamp" : 239731205619,
    "trackingState" : "Normal",
    "transform" : [
      -0.11625314,
      -0.9931778,
      0.009121306,
      0,
      0.46974477,
      -0.04688825,
      0.8815562,
      0,
      -0.8751143,
      0.10676837,
      0.47199106,
      0,
      -7.337421,
      0.17553274,
      9.4011965,
      0.99999994
    ]
  },
  {
    "timestamp" : 239731222292,
    "trackingState" : "Normal",
    "transform" : [
      -0.11608114,
      -0.9932003,
      0.0088607995,
      0,
      0.47699392,
      -0.04791961,
      0.87759924,
      0,
      -0.87120724,
      0.10609927,
      0.47931305,
      0,
      -7.3374047,
      0.1755824,
      9.397454,
      0.99999994
    ]
  },
  {
    "timestamp" : 239731238966,
    "trackingState" : "Normal",
    "transform" : [
      -0.11632604,
      -0.9931585,
      0.01022155,
      0,
      0.4828239,
      -0.047552343,
      0.87442535,
      0,
      -0.86795706,
      0.10665366,
      0.48505226,
      0,
      -7.3370605,
      0.17569578,
      9.393409,
      0.99999994
    ]
  },
  {
    "timestamp" : 239731255640,
    "trackingState" : "Normal",
    "transform" : [
      -0.116663694,
      -0.993093,
      0.012488361,
      0,
      0.48828018,
      -0.046402052,
      0.8714524,
      0,
      -0.86485386,
      0.10776468,
      0.49032107,
      0,
      -7.336827,
      0.17571202,
      9.389287,
      0.99999994
    ]
  },
  {
    "timestamp" : 239731272313,
    "trackingState" : "Normal",
    "transform" : [
      -0.11670347,
      -0.99305815,
      0.01469407,
      0,
      0.49421665,
      -0.045233987,
      0.868161,
      0,
      -0.8614698,
      0.10857948,
      0.49606487,
      0,
      -7.3368587,
      0.17560233,
      9.385263,
      0.9999999
    ]
  },
  {
    "timestamp" : 239731288987,
    "trackingState" : "Normal",
    "transform" : [
      -0.1165856,
      -0.99304396,
      0.016482804,
      0,
      0.5010934,
      -0.04448446,
      0.8642491,
      0,
      -0.8575041,
      0.10901843,
      0.502794,
      0,
      -7.3370175,
      0.17543887,
      9.38134,
      0.9999999
    ]
  },
  {
    "timestamp" : 239731305660,
    "trackingState" : "Normal",
    "transform" : [
      -0.11625946,
      -0.9930643,
      0.017523473,
      0,
      0.5086619,
      -0.04437749,
      0.8598218,
      0,
      -0.8530807,
      0.10887595,
      0.51029336,
      0,
      -7.337254,
      0.17526245,
      9.377545,
      0.9999998
    ]
  },
  {
    "timestamp" : 239731322334,
    "trackingState" : "Normal",
    "transform" : [
      -0.115640424,
      -0.99313194,
      0.017785221,
      0,
      0.5161303,
      -0.04478069,
      0.8553387,
      0,
      -0.84866774,
      0.10809122,
      0.517764,
      0,
      -7.337554,
      0.17508648,
      9.373877,
      0.99999994
    ]
  },
  {
    "timestamp" : 239731339007,
    "trackingState" : "Normal",
    "transform" : [
      -0.11505573,
      -0.993197,
      0.01793857,
      0,
      0.5231531,
      -0.04523309,
      0.8510374,
      0,
      -0.8444365,
      0.10730136,
      0.52479845,
      0,
      -7.337483,
      0.17540683,
      9.369781,
      0.9999999
    ]
  },
  {
    "timestamp" : 239731355681,
    "trackingState" : "Normal",
    "transform" : [
      -0.11487149,
      -0.9932041,
      0.018713078,
      0,
      0.5290386,
      -0.045221455,
      0.84739196,
      0,
      -0.840787,
      0.107241124,
      0.53063804,
      0,
      -7.3375106,
      0.17566283,
      9.365736,
      0.99999994
    ]
  },
  {
    "timestamp" : 239731372354,
    "trackingState" : "Normal",
    "transform" : [
      -0.11499438,
      -0.99315244,
      0.020601846,
      0,
      0.53523237,
      -0.04447491,
      0.84353316,
      0,
      -0.83684087,
      0.10802835,
      0.53668183,
      0,
      -7.337776,
      0.17569056,
      9.361874,
      0.9999999
    ]
  },
  {
    "timestamp" : 239731389028,
    "trackingState" : "Normal",
    "transform" : [
      -0.11506078,
      -0.9930963,
      0.02282244,
      0,
      0.5425964,
      -0.043587606,
      0.83886194,
      0,
      -0.8320759,
      0.10890348,
      0.54386574,
      0,
      -7.3381433,
      0.17567453,
      9.358096,
      0.9999999
    ]
  },
  {
    "timestamp" : 239731405702,
    "trackingState" : "Normal",
    "transform" : [
      -0.114918575,
      -0.99308157,
      0.02414199,
      0,
      0.5507625,
      -0.043470524,
      0.8335293,
      0,
      -0.8267131,
      0.1090845,
      0.5519476,
      0,
      -7.3385563,
      0.17568444,
      9.354447,
      0.9999999
    ]
  },
  {
    "timestamp" : 239731422375,
    "trackingState" : "Normal",
    "transform" : [
      -0.11486005,
      -0.99308485,
      0.024286706,
      0,
      0.5592522,
      -0.04443837,
      0.8278056,
      0,
      -0.821002,
      0.108664185,
      0.5604891,
      0,
      -7.3389583,
      0.17574681,
      9.350928,
      0.9999999
    ]
  },
  {
    "timestamp" : 239731439049,
    "trackingState" : "Normal",
    "transform" : [
      -0.11529781,
      -0.99304235,
      0.023946764,
      0,
      0.5673196,
      -0.04604177,
      0.82220966,
      0,
      -0.8153865,
      0.108384445,
      0.56868076,
      0,
      -7.3386073,
      0.17593898,
      9.346744,
      0.99999994
    ]
  },
  {
    "timestamp" : 239731455722,
    "trackingState" : "Normal",
    "transform" : [
      -0.115698144,
      -0.99299806,
      0.023847034,
      0,
      0.5738537,
      -0.047227267,
      0.81759495,
      0,
      -0.810744,
      0.10827893,
      0.5752998,
      0,
      -7.3387647,
      0.17611364,
      9.34304,
      0.9999999
    ]
  },
  {
    "timestamp" : 239731472396,
    "trackingState" : "Normal",
    "transform" : [
      -0.1154019,
      -0.99301666,
      0.024503458,
      0,
      0.580013,
      -0.04733821,
      0.8132306,
      0,
      -0.80639166,
      0.10806069,
      0.5814255,
      0,
      -7.339172,
      0.17633457,
      9.339489,
      0.99999994
    ]
  },
  {
    "timestamp" : 239731489069,
    "trackingState" : "Normal",
    "transform" : [
      -0.113965265,
      -0.99316084,
      0.025368435,
      0,
      0.5871608,
      -0.04673483,
      0.8081201,
      0,
      -0.80140764,
      0.106992975,
      0.5884713,
      0,
      -7.339711,
      0.17660953,
      9.336055,
      0.99999994
    ]
  },
  {
    "timestamp" : 239731505743,
    "trackingState" : "Normal",
    "transform" : [
      -0.11179362,
      -0.9934036,
      0.025525138,
      0,
      0.5952478,
      -0.04637447,
      0.8022029,
      0,
      -0.79572755,
      0.104874946,
      0.5965057,
      0,
      -7.34028,
      0.1769332,
      9.332776,
      0.99999994
    ]
  },
  {
    "timestamp" : 239731522416,
    "trackingState" : "Normal",
    "transform" : [
      -0.11001441,
      -0.99361324,
      0.025090411,
      0,
      0.60348505,
      -0.046718366,
      0.7960043,
      0,
      -0.7897483,
      0.10271365,
      0.6047706,
      0,
      -7.34078,
      0.17729305,
      9.329621,
      0.99999976
    ]
  },
  {
    "timestamp" : 239731539090,
    "trackingState" : "Normal",
    "transform" : [
      -0.10998788,
      -0.9936108,
      0.02530703,
      0,
      0.6111936,
      -0.047533717,
      0.7900525,
      0,
      -0.7838017,
      0.10236369,
      0.61251664,
      0,
      -7.3409405,
      0.17820531,
      9.326335,
      0.99999994
    ]
  },
  {
    "timestamp" : 239731555763,
    "trackingState" : "Normal",
    "transform" : [
      -0.11201432,
      -0.99336046,
      0.02622768,
      0,
      0.61849934,
      -0.04903722,
      0.7842537,
      0,
      -0.7777605,
      0.104069464,
      0.6198857,
      0,
      -7.3409843,
      0.17902747,
      9.323081,
      0.99999994
    ]
  },
  {
    "timestamp" : 239731572437,
    "trackingState" : "Normal",
    "transform" : [
      -0.11470914,
      -0.9930255,
      0.027243683,
      0,
      0.6253862,
      -0.05087894,
      0.7786549,
      0,
      -0.7718381,
      0.10635666,
      0.62686074,
      0,
      -7.3410378,
      0.17957592,
      9.319981,
      0.9999999
    ]
  },
  {
    "timestamp" : 239731589111,
    "trackingState" : "Normal",
    "transform" : [
      -0.11658837,
      -0.9928064,
      0.027253656,
      0,
      0.63187593,
      -0.052976403,
      0.7732569,
      0,
      -0.76625067,
      0.1073737,
      0.63350683,
      0,
      -7.3412714,
      0.18004781,
      9.3170395,
      0.99999994
    ]
  },
  {
    "timestamp" : 239731605784,
    "trackingState" : "Normal",
    "transform" : [
      -0.1176153,
      -0.99270016,
      0.026702013,
      0,
      0.6399369,
      -0.055203803,
      0.7664419,
      0,
      -0.7593729,
      0.107232906,
      0.6417583,
      0,
      -7.341511,
      0.18044785,
      9.314246,
      0.9999998
    ]
  },
  {
    "timestamp" : 239731622458,
    "trackingState" : "Normal",
    "transform" : [
      -0.11657651,
      -0.9928398,
      0.026056107,
      0,
      0.6478032,
      -0.056124695,
      0.7597373,
      0,
      -0.7528352,
      0.10544677,
      0.6497077,
      0,
      -7.341885,
      0.18078804,
      9.311554,
      0.9999999
    ]
  },
  {
    "timestamp" : 239731639131,
    "trackingState" : "Normal",
    "transform" : [
      -0.11332595,
      -0.9932257,
      0.025690962,
      0,
      0.6545892,
      -0.055185642,
      0.75396776,
      0,
      -0.74744236,
      0.10226115,
      0.65640885,
      0,
      -7.3422027,
      0.18160382,
      9.30871,
      0.9999999
    ]
  },
  {
    "timestamp" : 239731655805,
    "trackingState" : "Normal",
    "transform" : [
      -0.10934725,
      -0.99366325,
      0.02600997,
      0,
      0.66115254,
      -0.053167176,
      0.7483651,
      0,
      -0.74224,
      0.09902823,
      0.66277677,
      0,
      -7.342648,
      0.18197307,
      9.305965,
      0.9999998
    ]
  },
  {
    "timestamp" : 239731672478,
    "trackingState" : "Normal",
    "transform" : [
      -0.10662787,
      -0.9939314,
      0.027035778,
      0,
      0.66777426,
      -0.051439166,
      0.7425843,
      0,
      -0.7366872,
      0.09723398,
      0.6692067,
      0,
      -7.342991,
      0.1821483,
      9.303233,
      0.9999998
    ]
  },
  {
    "timestamp" : 239731689152,
    "trackingState" : "Normal",
    "transform" : [
      -0.105939575,
      -0.9939755,
      0.028099861,
      0,
      0.67447597,
      -0.05106499,
      0.73652875,
      0,
      -0.7306565,
      0.09698024,
      0.6758224,
      0,
      -7.3431273,
      0.18223713,
      9.300543,
      0.99999994
    ]
  },
  {
    "timestamp" : 239731705825,
    "trackingState" : "Normal",
    "transform" : [
      -0.10668759,
      -0.99387187,
      0.028921781,
      0,
      0.68056476,
      -0.051787544,
      0.73085535,
      0,
      -0.72487885,
      0.097656354,
      0.68191934,
      0,
      -7.3431005,
      0.18229319,
      9.29792,
      0.9999999
    ]
  },
  {
    "timestamp" : 239731722499,
    "trackingState" : "Normal",
    "transform" : [
      -0.107499346,
      -0.99375343,
      0.029965447,
      0,
      0.6865261,
      -0.05239703,
      0.7252146,
      0,
      -0.7191145,
      0.09853217,
      0.6878704,
      0,
      -7.342999,
      0.18235716,
      9.295334,
      0.9999998
    ]
  },
  {
    "timestamp" : 239731739173,
    "trackingState" : "Normal",
    "transform" : [
      -0.10742968,
      -0.9937322,
      0.030907283,
      0,
      0.69305444,
      -0.05256277,
      0.7189664,
      0,
      -0.7128355,
      0.09865878,
      0.6943573,
      0,
      -7.342883,
      0.18241826,
      9.292772,
      0.99999994
    ]
  },
  {
    "timestamp" : 239731755846,
    "trackingState" : "Normal",
    "transform" : [
      -0.10627525,
      -0.9938317,
      0.03168915,
      0,
      0.6996543,
      -0.052096236,
      0.71257967,
      0,
      -0.70653343,
      0.09790105,
      0.7008751,
      0,
      -7.342443,
      0.18147026,
      9.289071,
      0.99999994
    ]
  },
  {
    "timestamp" : 239731772520,
    "trackingState" : "Normal",
    "transform" : [
      -0.1053344,
      -0.99391204,
      0.03230454,
      0,
      0.70548606,
      -0.051793493,
      0.7068286,
      0,
      -0.7008524,
      0.097243786,
      0.7066468,
      0,
      -7.342119,
      0.18117236,
      9.28618,
      0.99999994
    ]
  },
  {
    "timestamp" : 239731789193,
    "trackingState" : "Normal",
    "transform" : [
      -0.10523106,
      -0.993885,
      0.03345548,
      0,
      0.71064526,
      -0.05162348,
      0.7016538,
      0,
      -0.69563615,
      0.097610764,
      0.71173203,
      0,
      -7.341743,
      0.1811124,
      9.283531,
      0.99999994
    ]
  },
  {
    "timestamp" : 239731805867,
    "trackingState" : "Normal",
    "transform" : [
      -0.10558136,
      -0.99378943,
      0.03514589,
      0,
      0.71467113,
      -0.051257208,
      0.69758004,
      0,
      -0.6914462,
      0.09876921,
      0.71564436,
      0,
      -7.341339,
      0.18119387,
      9.280974,
      0.99999994
    ]
  },
  {
    "timestamp" : 239731822540,
    "trackingState" : "Normal",
    "transform" : [
      -0.10587296,
      -0.99368995,
      0.037031,
      0,
      0.7183662,
      -0.050682664,
      0.6938163,
      0,
      -0.68756145,
      0.10005821,
      0.7191993,
      0,
      -7.3409615,
      0.1813762,
      9.278492,
      0.99999994
    ]
  },
  {
    "timestamp" : 239731839214,
    "trackingState" : "Normal",
    "transform" : [
      -0.10615662,
      -0.9935804,
      0.039100476,
      0,
      0.7236457,
      -0.050227754,
      0.6883414,
      0,
      -0.6819586,
      0.10136689,
      0.7243323,
      0,
      -7.340171,
      0.18127432,
      9.275977,
      0.99999994
    ]
  },
  {
    "timestamp" : 239731855887,
    "trackingState" : "Normal",
    "transform" : [
      -0.106039934,
      -0.9935303,
      0.040659282,
      0,
      0.73096716,
      -0.05016493,
      0.68056625,
      0,
      -0.6741236,
      0.10188781,
      0.7315575,
      0,
      -7.3394623,
      0.18130514,
      9.273669,
      0.99999994
    ]
  },
  {
    "timestamp" : 239731872561,
    "trackingState" : "Normal",
    "transform" : [
      -0.10483629,
      -0.9936646,
      0.04049804,
      0,
      0.7383337,
      -0.050487343,
      0.6725432,
      0,
      -0.6662377,
      0.100407995,
      0.738949,
      0,
      -7.3389707,
      0.18156528,
      9.27166,
      0.99999994
    ]
  },
  {
    "timestamp" : 239731889235,
    "trackingState" : "Normal",
    "transform" : [
      -0.10238758,
      -0.9939567,
      0.039584637,
      0,
      0.7447193,
      -0.050210416,
      0.6654863,
      0,
      -0.65947706,
      0.097616985,
      0.7453597,
      0,
      -7.3385735,
      0.18195656,
      9.26979,
      0.99999994
    ]
  },
  {
    "timestamp" : 239731905908,
    "trackingState" : "Normal",
    "transform" : [
      -0.09984572,
      -0.9942227,
      0.039396163,
      0,
      0.75082386,
      -0.049302734,
      0.6586596,
      0,
      -0.6529121,
      0.09534394,
      0.7514089,
      0,
      -7.3381615,
      0.18239225,
      9.267883,
      0.9999999
    ]
  },
  {
    "timestamp" : 239731922582,
    "trackingState" : "Normal",
    "transform" : [
      -0.09813035,
      -0.99436295,
      0.040159766,
      0,
      0.7563958,
      -0.0483003,
      0.65232855,
      0,
      -0.6467116,
      0.09438991,
      0.75687176,
      0,
      -7.3376803,
      0.18286009,
      9.265926,
      0.99999994
    ]
  },
  {
    "timestamp" : 239731939255,
    "trackingState" : "Normal",
    "transform" : [
      -0.0973021,
      -0.9944072,
      0.041070327,
      0,
      0.7621981,
      -0.047917787,
      0.64556783,
      0,
      -0.63998926,
      0.09411884,
      0.76259786,
      0,
      -7.337064,
      0.18336365,
      9.263995,
      0.99999994
    ]
  },
  {
    "timestamp" : 239731955929,
    "trackingState" : "Normal",
    "transform" : [
      -0.097146235,
      -0.99442583,
      0.040988363,
      0,
      0.76796573,
      -0.04869975,
      0.6386368,
      0,
      -0.63308096,
      0.09351882,
      0.7684159,
      0,
      -7.335839,
      0.18285634,
      9.263136,
      0.99999994
    ]
  },
  {
    "timestamp" : 239731972602,
    "trackingState" : "Normal",
    "transform" : [
      -0.09693523,
      -0.9944898,
      0.039922133,
      0,
      0.77312446,
      -0.04997631,
      0.6322824,
      0,
      -0.6268032,
      0.09215521,
      0.7737088,
      0,
      -7.334878,
      0.1830602,
      9.261765,
      1
    ]
  },
  {
    "timestamp" : 239731989276,
    "trackingState" : "Normal",
    "transform" : [
      -0.095990166,
      -0.99463546,
      0.03855295,
      0,
      0.77748364,
      -0.050735895,
      0.62685335,
      0,
      -0.6215346,
      0.09014604,
      0.7781829,
      0,
      -7.33405,
      0.18352173,
      9.260285,
      0.99999994
    ]
  },
  {
    "timestamp" : 239732005949,
    "trackingState" : "Normal",
    "transform" : [
      -0.09425879,
      -0.9948529,
      0.03718953,
      0,
      0.78196543,
      -0.05086519,
      0.6212429,
      0,
      -0.61615366,
      0.087638535,
      0.7827351,
      0,
      -7.333261,
      0.1840958,
      9.258848,
      0.99999994
    ]
  },
  {
    "timestamp" : 239732022623,
    "trackingState" : "Normal",
    "transform" : [
      -0.09259483,
      -0.99506396,
      0.035693377,
      0,
      0.7876832,
      -0.051274784,
      0.61394304,
      0,
      -0.60908246,
      0.08496303,
      0.788543,
      0,
      -7.3323884,
      0.18472981,
      9.257518,
      0.99999994
    ]
  },
  {
    "timestamp" : 239732039297,
    "trackingState" : "Normal",
    "transform" : [
      -0.09175646,
      -0.99522275,
      0.033354014,
      0,
      0.7940029,
      -0.052908223,
      0.6056072,
      0,
      -0.60094935,
      0.08205156,
      0.79506445,
      0,
      -7.330285,
      0.18495084,
      9.256465,
      0.9999999
    ]
  },
  {
    "timestamp" : 239732055970,
    "trackingState" : "Normal",
    "transform" : [
      -0.09098833,
      -0.99538326,
      0.030551817,
      0,
      0.7999608,
      -0.054783907,
      0.5975461,
      0,
      -0.59311366,
      0.078809984,
      0.80125237,
      0,
      -7.328417,
      0.18534105,
      9.255478,
      0.9999999
    ]
  },
  {
    "timestamp" : 239732072644,
    "trackingState" : "Normal",
    "transform" : [
      -0.08992759,
      -0.9955577,
      0.027892545,
      0,
      0.80550367,
      -0.056232527,
      0.5899167,
      0,
      -0.58572775,
      0.07551734,
      0.8069822,
      0,
      -7.327036,
      0.18596642,
      9.254459,
      0.99999994
    ]
  },
  {
    "timestamp" : 239732089317,
    "trackingState" : "Normal",
    "transform" : [
      -0.088626444,
      -0.9957331,
      0.025712324,
      0,
      0.8105112,
      -0.057087697,
      0.5829347,
      0,
      -0.57897943,
      0.07250355,
      0.81211215,
      0,
      -7.3258114,
      0.18668559,
      9.2534485,
      0.99999994
    ]
  },
  {
    "timestamp" : 239732105991,
    "trackingState" : "Normal",
    "transform" : [
      -0.08732528,
      -0.99589866,
      0.023669451,
      0,
      0.8151397,
      -0.057776768,
      0.57637584,
      0,
      -0.5726444,
      0.0696261,
      0.81684184,
      0,
      -7.324638,
      0.18747126,
      9.252463,
      0.9999999
    ]
  },
  {
    "timestamp" : 239732122664,
    "trackingState" : "Normal",
    "transform" : [
      -0.08562135,
      -0.9961107,
      0.020796511,
      0,
      0.8200545,
      -0.05860314,
      0.5692767,
      0,
      -0.5658439,
      0.065796524,
      0.82188284,
      0,
      -7.3235383,
      0.18830921,
      9.251623,
      0.9999998
    ]
  },
  {
    "timestamp" : 239732139338,
    "trackingState" : "Normal",
    "transform" : [
      -0.08375498,
      -0.99632215,
      0.01808798,
      0,
      0.82550585,
      -0.059205562,
      0.56127936,
      0,
      -0.5581443,
      0.061941683,
      0.82742864,
      0,
      -7.322452,
      0.18918306,
      9.250799,
      0.9999999
    ]
  },
  {
    "timestamp" : 239732156011,
    "trackingState" : "Normal",
    "transform" : [
      -0.081969075,
      -0.9965137,
      0.015542712,
      0,
      0.83191574,
      -0.05982552,
      0.55166763,
      0,
      -0.54881454,
      0.05814991,
      0.8339192,
      0,
      -7.3211775,
      0.18950145,
      9.250502,
      0.99999994
    ]
  },
  {
    "timestamp" : 239732172685,
    "trackingState" : "Normal",
    "transform" : [
      -0.08037046,
      -0.99667805,
      0.013169787,
      0,
      0.83915585,
      -0.06052598,
      0.5405126,
      0,
      -0.53792006,
      0.05449276,
      0.84123284,
      0,
      -7.3199687,
      0.19021086,
      9.249805,
      0.99999994
    ]
  },
  {
    "timestamp" : 239732189358,
    "trackingState" : "Normal",
    "transform" : [
      -0.078915775,
      -0.99681836,
      0.011206996,
      0,
      0.8459789,
      -0.06101872,
      0.5297136,
      0,
      -0.52734435,
      0.05128364,
      0.84810257,
      0,
      -7.3187513,
      0.19103348,
      9.248904,
      0.99999994
    ]
  },
  {
    "timestamp" : 239732206032,
    "trackingState" : "Normal",
    "transform" : [
      -0.07703684,
      -0.99698126,
      0.009673819,
      0,
      0.8508888,
      -0.0606849,
      0.5218287,
      0,
      -0.5196665,
      0.04843139,
      0.85299534,
      0,
      -7.3175516,
      0.191904,
      9.247873,
      0.99999976
    ]
  },
  {
    "timestamp" : 239732222706,
    "trackingState" : "Normal",
    "transform" : [
      -0.075050235,
      -0.9971388,
      0.009047916,
      0,
      0.85317457,
      -0.059512425,
      0.5182194,
      0,
      -0.5161982,
      0.04661194,
      0.8551999,
      0,
      -7.3163924,
      0.19281732,
      9.2468,
      0.99999994
    ]
  },
  {
    "timestamp" : 239732239379,
    "trackingState" : "Normal",
    "transform" : [
      -0.073758714,
      -0.9972336,
      0.009210747,
      0,
      0.8552505,
      -0.05850139,
      0.514902,
      0,
      -0.5129388,
      0.045856003,
      0.85719967,
      0,
      -7.3146925,
      0.19205055,
      9.245858,
      0.99999994
    ]
  },
  {
    "timestamp" : 239732256053,
    "trackingState" : "Normal",
    "transform" : [
      -0.073542014,
      -0.9972499,
      0.009179064,
      0,
      0.8590245,
      -0.05866761,
      0.50856173,
      0,
      -0.50662464,
      0.04528569,
      0.86097664,
      0,
      -7.3131595,
      0.19239952,
      9.244945,
      0.99999994
    ]
  },
  {
    "timestamp" : 239732272726,
    "trackingState" : "Normal",
    "transform" : [
      -0.07408935,
      -0.9972211,
      0.0078047323,
      0,
      0.8639696,
      -0.06027669,
      0.4999231,
      0,
      -0.4980635,
      0.043782033,
      0.8660346,
      0,
      -7.311607,
      0.19309081,
      9.244207,
      0.9999999
    ]
  },
  {
    "timestamp" : 239732289400,
    "trackingState" : "Normal",
    "transform" : [
      -0.074554905,
      -0.99720174,
      0.005517502,
      0,
      0.86847496,
      -0.062209565,
      0.4918142,
      0,
      -0.49009472,
      0.04145897,
      0.8706827,
      0,
      -7.3100786,
      0.19389382,
      9.243641,
      0.9999999
    ]
  },
  {
    "timestamp" : 239732306073,
    "trackingState" : "Normal",
    "transform" : [
      -0.07383927,
      -0.9972656,
      0.0030454355,
      0,
      0.8716783,
      -0.063056424,
      0.48600498,
      0,
      -0.48448396,
      0.038540885,
      0.8739508,
      0,
      -7.30866,
      0.19473635,
      9.243223,
      0.9999999
    ]
  },
  {
    "timestamp" : 239732322747,
    "trackingState" : "Normal",
    "transform" : [
      -0.071541876,
      -0.99743736,
      0.00078171055,
      0,
      0.8741673,
      -0.062322803,
      0.4816091,
      0,
      -0.4803262,
      0.035138562,
      0.87638587,
      0,
      -7.3073564,
      0.19558111,
      9.242935,
      0.9999999
    ]
  },
  {
    "timestamp" : 239732339420,
    "trackingState" : "Normal",
    "transform" : [
      -0.06875689,
      -0.99763274,
      -0.0012256567,
      0,
      0.87768066,
      -0.061073773,
      0.4753384,
      0,
      -0.47428805,
      0.031607058,
      0.8798023,
      0,
      -7.305912,
      0.1965416,
      9.242872,
      0.99999994
    ]
  },
  {
    "timestamp" : 239732356094,
    "trackingState" : "Normal",
    "transform" : [
      -0.06748483,
      -0.99771386,
      -0.0035736498,
      0,
      0.8823226,
      -0.061351225,
      0.4666289,
      0,
      -0.4657814,
      0.028337264,
      0.88444597,
      0,
      -7.304319,
      0.19740264,
      9.242866,
      0.99999994
    ]
  },
  {
    "timestamp" : 239732372768,
    "trackingState" : "Normal",
    "transform" : [
      -0.06805617,
      -0.9976629,
      -0.0060815923,
      0,
      0.886601,
      -0.06327305,
      0.45818663,
      0,
      -0.4575007,
      0.025790485,
      0.8888352,
      0,
      -7.302622,
      0.19816464,
      9.242878,
      0.99999994
    ]
  },
  {
    "timestamp" : 239732389441,
    "trackingState" : "Normal",
    "transform" : [
      -0.06889355,
      -0.99758965,
      -0.008288434,
      0,
      0.8899409,
      -0.06520969,
      0.45138988,
      0,
      -0.45084238,
      0.023721633,
      0.89228845,
      0,
      -7.300949,
      0.1988835,
      9.242894,
      0.99999994
    ]
  },
  {
    "timestamp" : 239732406115,
    "trackingState" : "Normal",
    "transform" : [
      -0.068396136,
      -0.9976022,
      -0.010571569,
      0,
      0.8925946,
      -0.06592316,
      0.44601443,
      0,
      -0.44564193,
      0.021069538,
      0.8949632,
      0,
      -7.299388,
      0.19956142,
      9.242911,
      0.9999999
    ]
  },
  {
    "timestamp" : 239732422788,
    "trackingState" : "Normal",
    "transform" : [
      -0.06719676,
      -0.9976534,
      -0.013127465,
      0,
      0.8951225,
      -0.066092245,
      0.44089395,
      0,
      -0.44072703,
      0.017875953,
      0.8974632,
      0,
      -7.297884,
      0.20020567,
      9.242936,
      0.99999994
    ]
  },
  {
    "timestamp" : 239732439462,
    "trackingState" : "Normal",
    "transform" : [
      -0.06680793,
      -0.9976509,
      -0.015141987,
      0,
      0.89835685,
      -0.0667483,
      0.4341651,
      0,
      -0.43415597,
      0.015402768,
      0.900706,
      0,
      -7.296055,
      0.20102294,
      9.2424135,
      0.9999998
    ]
  },
  {
    "timestamp" : 239732456135,
    "trackingState" : "Normal",
    "transform" : [
      -0.06784462,
      -0.9975613,
      -0.016387472,
      0,
      0.90160847,
      -0.06833536,
      0.42712083,
      0,
      -0.4271991,
      0.014202763,
      0.904046,
      0,
      -7.2943153,
      0.2016942,
      9.242185,
      0.9999999
    ]
  },
  {
    "timestamp" : 239732472809,
    "trackingState" : "Normal",
    "transform" : [
      -0.06929445,
      -0.99744546,
      -0.017344678,
      0,
      0.9041279,
      -0.0701404,
      0.4214653,
      0,
      -0.42160532,
      0.0135234,
      0.9066787,
      0,
      -7.292669,
      0.20232576,
      9.242089,
      0.9999999
    ]
  },
  {
    "timestamp" : 239732489482,
    "trackingState" : "Normal",
    "transform" : [
      -0.07029537,
      -0.9973627,
      -0.018064477,
      0,
      0.9065412,
      -0.071429394,
      0.41602966,
      0,
      -0.41622284,
      0.012868769,
      0.90917164,
      0,
      -7.2911487,
      0.20293932,
      9.242077,
      0.99999994
    ]
  },
  {
    "timestamp" : 239732506156,
    "trackingState" : "Normal",
    "transform" : [
      -0.070568465,
      -0.9973305,
      -0.01876314,
      0,
      0.90912575,
      -0.07204539,
      0.41024342,
      0,
      -0.4105001,
      0.011892194,
      0.91178304,
      0,
      -7.289752,
      0.20355895,
      9.24216,
      0.9999999
    ]
  },
  {
    "timestamp" : 239732522829,
    "trackingState" : "Normal",
    "transform" : [
      -0.07065438,
      -0.9972995,
      -0.0200453,
      0,
      0.9119879,
      -0.072725,
      0.40371916,
      0,
      -0.40408677,
      0.010243456,
      0.91466343,
      0,
      -7.288425,
      0.20419155,
      9.2423725,
      0.99999994
    ]
  },
  {
    "timestamp" : 239732539503,
    "trackingState" : "Normal",
    "transform" : [
      -0.07083266,
      -0.997244,
      -0.022071224,
      0,
      0.9150057,
      -0.07376991,
      0.39663902,
      0,
      -0.39717415,
      0.0078997025,
      0.9177093,
      0,
      -7.2868586,
      0.20476995,
      9.242606,
      0.9999999
    ]
  },
  {
    "timestamp" : 239732556177,
    "trackingState" : "Normal",
    "transform" : [
      -0.071691595,
      -0.9971427,
      -0.023806063,
      0,
      0.91771775,
      -0.07529291,
      0.39003164,
      0,
      -0.3907097,
      0.006114739,
      0.9204936,
      0,
      -7.285408,
      0.20535451,
      9.242876,
      0.9999999
    ]
  },
  {
    "timestamp" : 239732572850,
    "trackingState" : "Normal",
    "transform" : [
      -0.07293118,
      -0.99703676,
      -0.02447165,
      0,
      0.91989726,
      -0.07672786,
      0.38458008,
      0,
      -0.38531813,
      0.005536471,
      0.9227672,
      0,
      -7.2841506,
      0.20594443,
      9.243145,
      0.9999999
    ]
  },
  {
    "timestamp" : 239732589524,
    "trackingState" : "Normal",
    "transform" : [
      -0.074053556,
      -0.9969565,
      -0.02437013,
      0,
      0.9220599,
      -0.07775854,
      0.37915602,
      0,
      -0.3798971,
      0.0056071337,
      0.9250118,
      0,
      -7.2830424,
      0.20650472,
      9.243411,
      0.99999994
    ]
  },
  {
    "timestamp" : 239732606197,
    "trackingState" : "Normal",
    "transform" : [
      -0.07483002,
      -0.99690354,
      -0.024164934,
      0,
      0.924558,
      -0.07843821,
      0.37288058,
      0,
      -0.37362143,
      0.0055607795,
      0.9275647,
      0,
      -7.2820773,
      0.20702311,
      9.243718,
      0.99999994
    ]
  },
  {
    "timestamp" : 239732622871,
    "trackingState" : "Normal",
    "transform" : [
      -0.074351415,
      -0.9969131,
      -0.02522068,
      0,
      0.9276086,
      -0.078422405,
      0.36522838,
      0,
      -0.3660789,
      0.003760323,
      0.93057615,
      0,
      -7.281203,
      0.20752424,
      9.244076,
      0.9999999
    ]
  },
  {
    "timestamp" : 239732639544,
    "trackingState" : "Normal",
    "transform" : [
      -0.07354798,
      -0.99694276,
      -0.026379824,
      0,
      0.93022054,
      -0.07811424,
      0.35859135,
      0,
      -0.35955566,
      0.0018346116,
      0.93312186,
      0,
      -7.280111,
      0.2091006,
      9.245784,
      0.99999994
    ]
  },
  {
    "timestamp" : 239732656218,
    "trackingState" : "Normal",
    "transform" : [
      -0.07264973,
      -0.9969986,
      -0.026754387,
      0,
      0.9327485,
      -0.077416986,
      0.35211727,
      0,
      -0.3531317,
      0.0006261114,
      0.93557334,
      0,
      -7.2791724,
      0.21024393,
      9.246976,
      0.9999999
    ]
  },
  {
    "timestamp" : 239732672891,
    "trackingState" : "Normal",
    "transform" : [
      -0.072255135,
      -0.997047,
      -0.026011588,
      0,
      0.9355308,
      -0.0767924,
      0.34479716,
      0,
      -0.3457765,
      0.0005787267,
      0.93831676,
      0,
      -7.2783637,
      0.21083511,
      9.247518,
      0.9999999
    ]
  },
  {
    "timestamp" : 239732689565,
    "trackingState" : "Normal",
    "transform" : [
      -0.072550766,
      -0.9970399,
      -0.02545297,
      0,
      0.93800336,
      -0.076883346,
      0.33799213,
      0,
      -0.33894858,
      0.00064662116,
      0.9408049,
      0,
      -7.277594,
      0.21117368,
      9.247843,
      0.99999994
    ]
  },
  {
    "timestamp" : 239732706238,
    "trackingState" : "Normal",
    "transform" : [
      -0.07327972,
      -0.9969974,
      -0.025028937,
      0,
      0.9398745,
      -0.07743154,
      0.33262643,
      0,
      -0.33356574,
      0.00085071835,
      0.9427266,
      0,
      -7.276866,
      0.2113525,
      9.248066,
      0.99999994
    ]
  },
  {
    "timestamp" : 239732722912,
    "trackingState" : "Normal",
    "transform" : [
      -0.07415287,
      -0.99697196,
      -0.023417003,
      0,
      0.941427,
      -0.077728845,
      0.32813615,
      0,
      -0.32896274,
      0.0022868398,
      0.94434017,
      0,
      -7.276226,
      0.21139617,
      9.248162,
      0.9999999
    ]
  },
  {
    "timestamp" : 239732739586,
    "trackingState" : "Normal",
    "transform" : [
      -0.07454274,
      -0.9970054,
      -0.020582572,
      0,
      0.9430319,
      -0.07718836,
      0.32362452,
      0,
      -0.32424414,
      0.0047138357,
      0.9459618,
      0,
      -7.275134,
      0.21120657,
      9.247528,
      0.99999994
    ]
  },
  {
    "timestamp" : 239732756259,
    "trackingState" : "Normal",
    "transform" : [
      -0.07455682,
      -0.99705917,
      -0.017730461,
      0,
      0.9450607,
      -0.07632099,
      0.31786048,
      0,
      -0.31827894,
      0.006942305,
      0.9479718,
      0,
      -7.2743106,
      0.21086265,
      9.247098,
      0.99999994
    ]
  },
  {
    "timestamp" : 239732772933,
    "trackingState" : "Normal",
    "transform" : [
      -0.07479916,
      -0.9970823,
      -0.015235366,
      0,
      0.94735414,
      -0.07582195,
      0.31108075,
      0,
      -0.31132832,
      0.008835295,
      0.9502614,
      0,
      -7.273746,
      0.21034892,
      9.246928,
      0.99999994
    ]
  },
  {
    "timestamp" : 239732789606,
    "trackingState" : "Normal",
    "transform" : [
      -0.07585988,
      -0.9970455,
      -0.012069498,
      0,
      0.9495724,
      -0.075930506,
      0.30421525,
      0,
      -0.30423295,
      0.011616873,
      0.9525269,
      0,
      -7.273263,
      0.20967823,
      9.246774,
      0.99999994
    ]
  },
  {
    "timestamp" : 239732806280,
    "trackingState" : "Normal",
    "transform" : [
      -0.07812154,
      -0.9969108,
      -0.008111465,
