[
  {
    "timestamp" : 1251140545181,
    "trackingState" : "Normal",
    "transform" : [
      0.14285846,
      -0.98967534,
      -0.011583197,
      0,
      0.13439628,
      0.030992124,
      -0.99044293,
      0,
      0.9805759,
      0.1399364,
      0.1374362,
      0,
      -2.2219605,
      -1.3046978,
      -4.3415546,
      1
    ]
  },
  {
    "timestamp" : 1251140561834,
    "trackingState" : "Normal",
    "transform" : [
      0.13562915,
      -0.9907138,
      -0.00952559,
      0,
      0.13807076,
      0.028420813,
      -0.9900145,
      0,
      0.9810918,
      0.13295963,
      0.14064334,
      0,
      -2.2332816,
      -1.29995,
      -4.338166,
      0.9999999
    ]
  },
  {
    "timestamp" : 1251140578487,
    "trackingState" : "Normal",
    "transform" : [
      0.12994337,
      -0.9914953,
      -0.007190403,
      0,
      0.13994566,
      0.025519323,
      -0.9898303,
      0,
      0.9815957,
      0.1276156,
      0.14207156,
      0,
      -2.2447286,
      -1.2950618,
      -4.3349733,
      1
    ]
  },
  {
    "timestamp" : 1251140595139,
    "trackingState" : "Normal",
    "transform" : [
      0.12657432,
      -0.99194264,
      -0.0053563225,
      0,
      0.1401417,
      0.0232275,
      -0.9898591,
      0,
      0.98200786,
      0.12454009,
      0.14195257,
      0,
      -2.2572773,
      -1.2900059,
      -4.330471,
      1
    ]
  },
  {
    "timestamp" : 1251140611793,
    "trackingState" : "Normal",
    "transform" : [
      0.124502726,
      -0.99220854,
      -0.0046102013,
      0,
      0.14086707,
      0.022274965,
      -0.989778,
      0,
      0.9821689,
      0.122580625,
      0.14254284,
      0,
      -2.2692235,
      -1.284782,
      -4.327034,
      1.0000001
    ]
  },
  {
    "timestamp" : 1251140628445,
    "trackingState" : "Normal",
    "transform" : [
      0.1210789,
      -0.9926342,
      -0.0041536964,
      0,
      0.14300916,
      0.021584403,
      -0.98948604,
      0,
      0.98228735,
      0.11921186,
      0.14456922,
      0,
      -2.2808335,
      -1.2794126,
      -4.324091,
      1.0000001
    ]
  },
  {
    "timestamp" : 1251140645098,
    "trackingState" : "Normal",
    "transform" : [
      0.11479765,
      -0.99338204,
      -0.0036901059,
      0,
      0.1458996,
      0.020534664,
      -0.9890863,
      0,
      0.98261636,
      0.1130064,
      0.1472914,
      0,
      -2.2921512,
      -1.2740006,
      -4.321509,
      1
    ]
  },
  {
    "timestamp" : 1251140661751,
    "trackingState" : "Normal",
    "transform" : [
      0.10641692,
      -0.99431586,
      -0.0033677989,
      0,
      0.14875999,
      0.019269807,
      -0.9886856,
      0,
      0.98313075,
      0.104711875,
      0.14996509,
      0,
      -2.3032281,
      -1.2686727,
      -4.3192687,
      1
    ]
  },
  {
    "timestamp" : 1251140678404,
    "trackingState" : "Normal",
    "transform" : [
      0.09729357,
      -0.99524987,
      -0.0034134584,
      0,
      0.15062088,
      0.01811444,
      -0.9884256,
      0,
      0.98379236,
      0.09565331,
      0.15166783,
      0,
      -2.3141587,
      -1.2634945,
      -4.317359,
      1
    ]
  },
  {
    "timestamp" : 1251140695057,
    "trackingState" : "Normal",
    "transform" : [
      0.08868982,
      -0.99605286,
      -0.003574117,
      0,
      0.15141405,
      0.017028483,
      -0.9883238,
      0,
      0.98448366,
      0.08711308,
      0.15232669,
      0,
      -2.3257177,
      -1.2593348,
      -4.315612,
      1
    ]
  },
  {
    "timestamp" : 1251140711710,
    "trackingState" : "Normal",
    "transform" : [
      0.08156043,
      -0.9966581,
      -0.004530285,
      0,
      0.15108939,
      0.016856875,
      -0.98837644,
      0,
      0.98514974,
      0.07992793,
      0.15195933,
      0,
      -2.3368497,
      -1.2548463,
      -4.3142204,
      1
    ]
  },
  {
    "timestamp" : 1251140728362,
    "trackingState" : "Normal",
    "transform" : [
      0.07522597,
      -0.99714315,
      -0.0068208426,
      0,
      0.15046345,
      0.018112564,
      -0.9884497,
      0,
      0.9857494,
      0.073330805,
      0.15139617,
      0,
      -2.3478367,
      -1.2504342,
      -4.3130713,
      1
    ]
  },
  {
    "timestamp" : 1251140745015,
    "trackingState" : "Normal",
    "transform" : [
      0.067852676,
      -0.9976399,
      -0.010522047,
      0,
      0.15045361,
      0.020657435,
      -0.9884013,
      0,
      0.9862859,
      0.065482594,
      0.1515002,
      0,
      -2.3587162,
      -1.2462533,
      -4.3121753,
      1
    ]
  },
  {
    "timestamp" : 1251140761668,
    "trackingState" : "Normal",
    "transform" : [
      0.058744654,
      -0.99816656,
      -0.014579203,
      0,
      0.15189825,
      0.023372063,
      -0.9881198,
      0,
      0.98664886,
      0.055832196,
      0.15299277,
      0,
      -2.369521,
      -1.242344,
      -4.3115883,
      0.99999994
    ]
  },
  {
    "timestamp" : 1251140778321,
    "trackingState" : "Normal",
    "transform" : [
      0.049471706,
      -0.998609,
      -0.018239811,
      0,
      0.15430458,
      0.025684707,
      -0.98768955,
      0,
      0.9867841,
      0.046048194,
      0.15536061,
      0,
      -2.381463,
      -1.2396785,
      -4.310774,
      1.0000001
    ]
  },
  {
    "timestamp" : 1251140794974,
    "trackingState" : "Normal",
    "transform" : [
      0.04181598,
      -0.9988965,
      -0.021382095,
      0,
      0.15714069,
      0.027709704,
      -0.98718745,
      0,
      0.9866906,
      0.03792021,
      0.15812601,
      0,
      -2.3928235,
      -1.2365699,
      -4.310685,
      1
    ]
  },
  {
    "timestamp" : 1251140811627,
    "trackingState" : "Normal",
    "transform" : [
      0.03599455,
      -0.99906594,
      -0.023909412,
      0,
      0.15984492,
      0.029372519,
      -0.9867051,
      0,
      0.9864857,
      0.031694204,
      0.16075286,
      0,
      -2.4040823,
      -1.2334883,
      -4.311097,
      1
    ]
  },
  {
    "timestamp" : 1251140828280,
    "trackingState" : "Normal",
    "transform" : [
      0.030306656,
      -0.99921405,
      -0.02554981,
      0,
      0.16165993,
      0.030125039,
      -0.9863867,
      0,
      0.98638105,
      0.0257637,
      0.16244587,
      0,
      -2.415312,
      -1.2305951,
      -4.31196,
      1
    ]
  },
  {
    "timestamp" : 1251140844933,
    "trackingState" : "Normal",
    "transform" : [
      0.023532974,
      -0.99936485,
      -0.026759839,
      0,
      0.16261648,
      0.0302373,
      -0.98622596,
      0,
      0.9864087,
      0.018857237,
      0.16322477,
      0,
      -2.4264853,
      -1.2279278,
      -4.3132224,
      0.99999994
    ]
  },
  {
    "timestamp" : 1251140861585,
    "trackingState" : "Normal",
    "transform" : [
      0.015638774,
      -0.9994724,
      -0.028467638,
      0,
      0.16283835,
      0.030636886,
      -0.986177,
      0,
      0.9865289,
      0.010786976,
      0.16323157,
      0,
      -2.4376147,
      -1.2254374,
      -4.314792,
      1
    ]
  },
  {
    "timestamp" : 1251140878239,
    "trackingState" : "Normal",
    "transform" : [
      0.0068352986,
      -0.9994989,
      -0.030908134,
      0,
      0.16277435,
      0.03160872,
      -0.98615694,
      0,
      0.98663974,
      0.0017096257,
      0.16290887,
      0,
      -2.4496655,
      -1.2226624,
      -4.316304,
      1
    ]
  },
  {
    "timestamp" : 1251140894891,
    "trackingState" : "Normal",
    "transform" : [
      -0.0029640305,
      -0.9994197,
      -0.03393069,
      0,
      0.16284771,
      0.032995485,
      -0.98609924,
      0,
      0.9866467,
      -0.008448363,
      0.16265546,
      0,
      -2.4611132,
      -1.2203009,
      -4.3183136,
      0.9999998
    ]
  },
  {
    "timestamp" : 1251140911544,
    "trackingState" : "Normal",
    "transform" : [
      -0.013354009,
      -0.9992127,
      -0.03735886,
      0,
      0.16303483,
      0.034686368,
      -0.98601043,
      0,
      0.98652995,
      -0.019257987,
      0.1624433,
      0,
      -2.4724264,
      -1.2181568,
      -4.3207417,
      1
    ]
  },
  {
    "timestamp" : 1251140928197,
    "trackingState" : "Normal",
    "transform" : [
      -0.023868715,
      -0.99887574,
      -0.0409574,
      0,
      0.16292338,
      0.03653474,
      -0.9859621,
      0,
      0.98635006,
      -0.030206567,
      0.1618682,
      0,
      -2.4837885,
      -1.2161419,
      -4.3235507,
      1
    ]
  },
  {
    "timestamp" : 1251140944850,
    "trackingState" : "Normal",
    "transform" : [
      -0.033987544,
      -0.9984469,
      -0.044142578,
      0,
      0.1619952,
      0.038080394,
      -0.9860565,
      0,
      0.9862061,
      -0.040664528,
      0.16044939,
      0,
      -2.4952803,
      -1.2142204,
      -4.3267007,
      0.99999994
    ]
  },
  {
    "timestamp" : 1251140961503,
    "trackingState" : "Normal",
    "transform" : [
      -0.04324809,
      -0.99796844,
      -0.046781722,
      0,
      0.15815088,
      0.039396502,
      -0.9866288,
      0,
      0.9864675,
      -0.050068382,
      0.15612577,
      0,
      -2.5070112,
      -1.2123461,
      -4.330157,
      1
    ]
  },
  {
    "timestamp" : 1251140978156,
    "trackingState" : "Normal",
    "transform" : [
      -0.051561713,
      -0.99743354,
      -0.049676117,
      0,
      0.1528672,
      0.041273255,
      -0.98738456,
      0,
      0.9869007,
      -0.058505084,
      0.15034677,
      0,
      -2.518967,
      -1.2104931,
      -4.3338428,
      1
    ]
  },
  {
    "timestamp" : 1251140994809,
    "trackingState" : "Normal",
    "transform" : [
      -0.05927753,
      -0.9967847,
      -0.053911608,
      0,
      0.14671071,
      0.044720866,
      -0.988168,
      0,
      0.9874018,
      -0.06648558,
      0.14358807,
      0,
      -2.531751,
      -1.2078142,
      -4.336675,
      1
    ]
  },
  {
    "timestamp" : 1251141011462,
    "trackingState" : "Normal",
    "transform" : [
      -0.06720489,
      -0.9959787,
      -0.059245367,
      0,
      0.14048754,
      0.04934188,
      -0.9888522,
      0,
      0.987799,
      -0.07477893,
      0.13660657,
      0,
      -2.5443661,
      -1.2056961,
      -4.3403196,
      1
    ]
  },
  {
    "timestamp" : 1251141028114,
    "trackingState" : "Normal",
    "transform" : [
      -0.075039975,
      -0.99508965,
      -0.064540066,
      0,
      0.13435258,
      0.05404329,
      -0.98945874,
      0,
      0.9880882,
      -0.08292008,
      0.1296375,
      0,
      -2.5571043,
      -1.2037553,
      -4.3443727,
      0.9999999
    ]
  },
  {
    "timestamp" : 1251141044767,
    "trackingState" : "Normal",
    "transform" : [
      -0.08202524,
      -0.99427474,
      -0.0684795,
      0,
      0.1280205,
      0.057630282,
      -0.9900956,
      0,
      0.9883737,
      -0.08997961,
      0.12256042,
      0,
      -2.5700846,
      -1.2018355,
      -4.34876,
      0.9999999
    ]
  },
  {
    "timestamp" : 1251141061420,
    "trackingState" : "Normal",
    "transform" : [
      -0.087658666,
      -0.9936571,
      -0.07043771,
      0,
      0.120530576,
      0.059610557,
      -0.99091834,
      0,
      0.9888319,
      -0.09535247,
      0.11454072,
      0,
      -2.583376,
      -1.1998694,
      -4.353445,
      1
    ]
  },
  {
    "timestamp" : 1251141078073,
    "trackingState" : "Normal",
    "transform" : [
      -0.09098886,
      -0.9933556,
      -0.070468016,
      0,
      0.11119698,
      0.06018467,
      -0.99197435,
      0,
      0.9896244,
      -0.09809444,
      0.104982026,
      0,
      -2.5970216,
      -1.197815,
      -4.358336,
      1
    ]
  },
  {
    "timestamp" : 1251141094726,
    "trackingState" : "Normal",
    "transform" : [
      -0.091608934,
      -0.9933996,
      -0.069028296,
      0,
      0.10093676,
      0.059699334,
      -0.9931001,
      0,
      0.9906663,
      -0.097944334,
      0.09480159,
      0,
      -2.6105218,
      -1.1959355,
      -4.363716,
      1
    ]
  },
  {
    "timestamp" : 1251141111379,
    "trackingState" : "Normal",
    "transform" : [
      -0.09013101,
      -0.99368,
      -0.066906504,
      0,
      0.08779957,
      0.05899051,
      -0.99438995,
      0,
      0.9920523,
      -0.09549973,
      0.081927836,
      0,
      -2.6244931,
      -1.1937251,
      -4.3688297,
      1
    ]
  },
  {
    "timestamp" : 1251141128031,
    "trackingState" : "Normal",
    "transform" : [
      -0.08827554,
      -0.99395496,
      -0.06527597,
      0,
      0.07081823,
      0.059103444,
      -0.9957367,
      0,
      0.99357545,
      -0.09252191,
      0.06517277,
      0,
      -2.6385927,
      -1.1913316,
      -4.373762,
      1
    ]
  },
  {
    "timestamp" : 1251141144684,
    "trackingState" : "Normal",
    "transform" : [
      -0.0878056,
      -0.99403864,
      -0.0646322,
      0,
      0.050986554,
      0.06031296,
      -0.99687654,
      0,
      0.994832,
      -0.09082671,
      0.04538681,
      0,
      -2.652651,
      -1.1888796,
      -4.3786006,
      1.0000001
    ]
  },
  {
    "timestamp" : 1251141161337,
    "trackingState" : "Normal",
    "transform" : [
      -0.0891358,
      -0.99392194,
      -0.06460586,
      0,
      0.031050958,
      0.06205956,
      -0.99758935,
      0,
      0.9955354,
      -0.090927005,
      0.02533052,
      0,
      -2.6666312,
      -1.1864336,
      -4.3834434,
      1
    ]
  },
  {
    "timestamp" : 1251141177990,
    "trackingState" : "Normal",
    "transform" : [
      -0.09161817,
      -0.9936467,
      -0.06536429,
      0,
      0.013236532,
      0.06441935,
      -0.99783516,
      0,
      0.99570626,
      -0.09228502,
      0.007250476,
      0,
      -2.680851,
      -1.1841488,
      -4.388164,
      1
    ]
  },
  {
    "timestamp" : 1251141194643,
    "trackingState" : "Normal",
    "transform" : [
      -0.09368756,
      -0.9933927,
      -0.06628394,
      0,
      -0.0010615141,
      0.06667639,
      -0.9977741,
      0,
      0.9956012,
      -0.09340866,
      -0.0073012277,
      0,
      -2.6949062,
      -1.1818275,
      -4.3930635,
      1
    ]
  },
  {
    "timestamp" : 1251141211296,
    "trackingState" : "Normal",
    "transform" : [
      -0.094272405,
      -0.9932652,
      -0.06735644,
      0,
      -0.013066908,
      0.068886444,
      -0.997539,
      0,
      0.99546075,
      -0.09316026,
      -0.019472973,
      0,
      -2.7089715,
      -1.1795714,
      -4.39809,
      1
    ]
  },
  {
    "timestamp" : 1251141227949,
    "trackingState" : "Normal",
    "transform" : [
      -0.09370898,
      -0.99326074,
      -0.06820424,
      0,
      -0.02531862,
      0.070861,
      -0.99716485,
      0,
      0.9952777,
      -0.09171647,
      -0.031788282,
      0,
      -2.7230556,
      -1.1774414,
      -4.4031954,
      1
    ]
  },
  {
    "timestamp" : 1251141244602,
    "trackingState" : "Normal",
    "transform" : [
      -0.09380489,
      -0.9932156,
      -0.068726875,
      0,
      -0.040915385,
      0.072818816,
      -0.9965057,
      0,
      0.99474955,
      -0.09066512,
      -0.047468543,
      0,
      -2.7371342,
      -1.1755307,
      -4.408327,
      1
    ]
  },
  {
    "timestamp" : 1251141261254,
    "trackingState" : "Normal",
    "transform" : [
      -0.09543608,
      -0.9930191,
      -0.06931755,
      0,
      -0.060251795,
      0.07527025,
      -0.99534124,
      0,
      0.99361044,
      -0.090814956,
      -0.067014664,
      0,
      -2.7512233,
      -1.1739352,
      -4.413396,
      1
    ]
  },
  {
    "timestamp" : 1251141277907,
    "trackingState" : "Normal",
    "transform" : [
      -0.09776304,
      -0.99272084,
      -0.07033923,
      0,
      -0.0809086,
      0.078371905,
      -0.9936355,
      0,
      0.9919154,
      -0.09144979,
      -0.087981515,
      0,
      -2.7653873,
      -1.1727023,
      -4.418294,
      1
    ]
  },
  {
    "timestamp" : 1251141294560,
    "trackingState" : "Normal",
    "transform" : [
      -0.099234246,
      -0.99249697,
      -0.071430415,
      0,
      -0.10063581,
      0.08142684,
      -0.99158573,
      0,
      0.9899622,
      -0.0912108,
      -0.10796104,
      0,
      -2.7791507,
      -1.1727009,
      -4.422512,
      1
    ]
  },
  {
    "timestamp" : 1251141311213,
    "trackingState" : "Normal",
    "transform" : [
      -0.09805697,
      -0.99261284,
      -0.071445726,
      0,
      -0.118248984,
      0.08290433,
      -0.98951715,
      0,
      0.98813057,
      -0.08858066,
      -0.12550479,
      0,
      -2.7935288,
      -1.1725643,
      -4.427045,
      1
    ]
  },
  {
    "timestamp" : 1251141327866,
    "trackingState" : "Normal",
    "transform" : [
      -0.0939374,
      -0.9931344,
      -0.06971166,
      0,
      -0.13355216,
      0.08195875,
      -0.987647,
      0,
      0.9865797,
      -0.08346684,
      -0.14033422,
      0,
      -2.8082616,
      -1.1726441,
      -4.431701,
      1
    ]
  },
  {
    "timestamp" : 1251141344519,
    "trackingState" : "Normal",
    "transform" : [
      -0.08724958,
      -0.99394685,
      -0.06676201,
      0,
      -0.14759675,
      0.079175904,
      -0.98587346,
      0,
      0.9851917,
      -0.07616318,
      -0.15361136,
      0,
      -2.823227,
      -1.1730521,
      -4.4363513,
      1
    ]
  },
  {
    "timestamp" : 1251141361172,
    "trackingState" : "Normal",
    "transform" : [
      -0.0786781,
      -0.99483,
      -0.06421094,
      0,
      -0.1613091,
      0.0762663,
      -0.9839527,
      0,
      0.9837628,
      -0.067057714,
      -0.1664756,
      0,
      -2.8383195,
      -1.1737969,
      -4.440882,
      1
    ]
  },
  {
    "timestamp" : 1251141377825,
    "trackingState" : "Normal",
    "transform" : [
      -0.06982527,
      -0.9955819,
      -0.06277856,
      0,
      -0.17497101,
      0.07417956,
      -0.9817753,
      0,
      0.9820946,
      -0.05756829,
      -0.17937756,
      0,
      -2.8534324,
      -1.174869,
      -4.4452615,
      1.0000001
    ]
  },
  {
    "timestamp" : 1251141394478,
    "trackingState" : "Normal",
    "transform" : [
      -0.061897267,
      -0.99618405,
      -0.06153097,
      0,
      -0.18858963,
      0.07221201,
      -0.9793975,
      0,
      0.9801035,
      -0.04901792,
      -0.19233969,
      0,
      -2.8682535,
      -1.1764238,
      -4.449191,
      1
    ]
  },
  {
    "timestamp" : 1251141411130,
    "trackingState" : "Normal",
    "transform" : [
      -0.054940972,
      -0.9967073,
      -0.059632443,
      0,
      -0.20134774,
      0.06955498,
      -0.9770472,
      0,
      0.9779779,
      -0.041673064,
      -0.20450617,
      0,
      -2.8831387,
      -1.1781677,
      -4.4533687,
      1.0000001
    ]
  },
  {
    "timestamp" : 1251141427783,
    "trackingState" : "Normal",
    "transform" : [
      -0.04825015,
      -0.99719334,
      -0.057247635,
      0,
      -0.21172479,
      0.06622281,
      -0.97508323,
      0,
      0.9761375,
      -0.034927167,
      -0.21432579,
      0,
      -2.897976,
      -1.1801722,
      -4.4576464,
      1
    ]
  },
  {
    "timestamp" : 1251141444436,
    "trackingState" : "Normal",
    "transform" : [
      -0.041436486,
      -0.99761397,
      -0.05522116,
      0,
      -0.21967614,
      0.06301273,
      -0.9735358,
      0,
      0.97469246,
      -0.02820913,
      -0.22176298,
      0,
      -2.9127016,
      -1.1824453,
      -4.4619374,
      1
    ]
  },
  {
    "timestamp" : 1251141461089,
    "trackingState" : "Normal",
    "transform" : [
      -0.035030268,
      -0.9979299,
      -0.05393359,
      0,
      -0.2268043,
      0.060496915,
      -0.97205967,
      0,
      0.9733102,
      -0.021819144,
      -0.22845398,
      0,
      -2.927263,
      -1.184984,
      -4.466197,
      1
    ]
  },
  {
    "timestamp" : 1251141477742,
    "trackingState" : "Normal",
    "transform" : [
      -0.02938478,
      -0.99814785,
      -0.05326717,
      0,
      -0.23528805,
      0.05869983,
      -0.9701514,
      0,
      0.9714814,
      -0.015974559,
      -0.23657714,
      0,
      -2.9416554,
      -1.1877644,
      -4.4704165,
      1
    ]
  },
  {
    "timestamp" : 1251141494395,
    "trackingState" : "Normal",
    "transform" : [
      -0.024733303,
      -0.998269,
      -0.053358715,
      0,
      -0.24517873,
      0.057802197,
      -0.9677533,
      0,
      0.96916234,
      -0.010853314,
      -0.24618396,
      0,
      -2.9554102,
      -1.1911259,
      -4.474376,
      1
    ]
  },
  {
    "timestamp" : 1251141511048,
    "trackingState" : "Normal",
    "transform" : [
      -0.021357635,
      -0.99828726,
      -0.05446418,
      0,
      -0.2553441,
      0.05811657,
      -0.965102,
      0,
      0.96661437,
      -0.0067051905,
      -0.25614795,
      0,
      -2.9692733,
      -1.1943817,
      -4.4784536,
      1
    ]
  },
  {
    "timestamp" : 1251141527701,
    "trackingState" : "Normal",
    "transform" : [
      -0.019783793,
      -0.9982448,
      -0.05581998,
      0,
      -0.26440838,
      0.059067,
      -0.96260023,
      0,
      0.9642078,
      -0.004284613,
      -0.26511288,
      0,
      -2.9830828,
      -1.1976583,
      -4.482557,
      1
    ]
  },
  {
    "timestamp" : 1251141544354,
    "trackingState" : "Normal",
    "transform" : [
      -0.018790282,
      -0.9982144,
      -0.056700166,
      0,
      -0.2718508,
      0.059674505,
      -0.9604874,
      0,
      0.962156,
      -0.0026338468,
      -0.27248666,
      0,
      -2.9968808,
      -1.2009568,
      -4.4866705,
      1
    ]
  },
  {
    "timestamp" : 1251141561006,
    "trackingState" : "Normal",
    "transform" : [
      -0.016599743,
      -0.9982485,
      -0.056782767,
      0,
      -0.27855447,
      0.05915932,
      -0.9585967,
      0,
      0.960277,
      -9.536447e-05,
      -0.27904856,
      0,
      -3.0107834,
      -1.2042809,
      -4.4907904,
      1
    ]
  },
  {
    "timestamp" : 1251141577659,
    "trackingState" : "Normal",
    "transform" : [
      -0.011970899,
      -0.99834216,
      -0.056298885,
      0,
      -0.28441122,
      0.057376903,
      -0.9569839,
      0,
      0.95862764,
      0.004556081,
      -0.2846266,
      0,
      -3.024837,
      -1.2076598,
      -4.4949217,
      0.99999994
    ]
  },
  {
    "timestamp" : 1251141594312,
    "trackingState" : "Normal",
    "transform" : [
      -0.0054696104,
      -0.99843407,
      -0.055672392,
      0,
      -0.28947043,
      0.054870468,
      -0.955613,
      0,
      0.9571713,
      0.01088868,
      -0.28931728,
      0,
      -3.0381107,
      -1.2102425,
      -4.4985657,
      1
    ]
  },
  {
    "timestamp" : 1251141610965,
    "trackingState" : "Normal",
    "transform" : [
      0.0015552387,
      -0.9984661,
      -0.055345558,
      0,
      -0.2953854,
      0.0524173,
      -0.9539392,
      0,
      0.955377,
      0.017831871,
      -0.29485074,
      0,
      -3.0519826,
      -1.2134492,
      -4.5025406,
      1
    ]
  },
  {
    "timestamp" : 1251141627618,
    "trackingState" : "Normal",
    "transform" : [
      0.0080899745,
      -0.99844813,
      -0.05509881,
      0,
      -0.30334392,
      0.050053764,
      -0.9515656,
      0,
      0.9528468,
      0.02441203,
      -0.3024682,
      0,
      -3.0660598,
      -1.2169055,
      -4.506636,
      0.99999994
    ]
  },
  {
    "timestamp" : 1251141644271,
    "trackingState" : "Normal",
    "transform" : [
      0.014269278,
      -0.99839836,
      -0.054745555,
      0,
      -0.3126181,
      0.047551773,
      -0.94868785,
      0,
      0.9497717,
      0.030651543,
      -0.31143886,
      0,
      -3.080231,
      -1.2204336,
      -4.510743,
      0.99999994
    ]
  },
  {
    "timestamp" : 1251141660923,
    "trackingState" : "Normal",
    "transform" : [
      0.020436184,
      -0.9983065,
      -0.054463703,
      0,
      -0.3220905,
      0.0449969,
      -0.94563895,
      0,
      0.9464883,
      0.036867492,
      -0.32062545,
      0,
      -3.0944893,
      -1.2239681,
      -4.5147667,
      0.99999994
    ]
  },
  {
    "timestamp" : 1251141677576,
    "trackingState" : "Normal",
    "transform" : [
      0.026818821,
      -0.9981228,
      -0.05505997,
      0,
      -0.3312612,
      0.04309388,
      -0.9425544,
      0,
      0.94315785,
      0.043517433,
      -0.3294836,
      0,
      -3.1088598,
      -1.2275023,
      -4.518622,
      1
    ]
  },
  {
    "timestamp" : 1251141694229,
    "trackingState" : "Normal",
    "transform" : [
      0.03404012,
      -0.9978058,
      -0.056788057,
      0,
      -0.33897412,
      0.041926153,
      -0.93986106,
      0,
      0.9401796,
      0.05124266,
      -0.33680317,
      0,
      -3.124201,
      -1.2293625,
      -4.5210814,
      1
    ]
  },
  {
    "timestamp" : 1251141710882,
    "trackingState" : "Normal",
    "transform" : [
      0.042964786,
      -0.9973346,
      -0.05897234,
      0,
      -0.3449364,
      0.04058926,
      -0.937748,
      0,
      0.9376422,
      0.060631856,
      -0.3422731,
      0,
      -3.1391323,
      -1.2323768,
      -4.524237,
      1
    ]
  },
  {
    "timestamp" : 1251141727535,
    "trackingState" : "Normal",
    "transform" : [
      0.053288933,
      -0.9967065,
      -0.061125975,
      0,
      -0.35008872,
      0.038680412,
      -0.9359176,
      0,
      0.93519956,
      0.071273565,
      -0.34687442,
      0,
      -3.1539896,
      -1.2358074,
      -4.527609,
      1
    ]
  },
  {
    "timestamp" : 1251141744188,
    "trackingState" : "Normal",
    "transform" : [
      0.06432536,
      -0.9959212,
      -0.06327116,
      0,
      -0.35450998,
      0.03646158,
      -0.93434113,
      0,
      0.93283707,
      0.08253209,
      -0.3507186,
      0,
      -3.1687977,
      -1.2394421,
      -4.5310354,
      1
    ]
  },
  {
    "timestamp" : 1251141760841,
    "trackingState" : "Normal",
    "transform" : [
      0.076051965,
      -0.9948914,
      -0.06638606,
      0,
      -0.3586278,
      0.034830533,
      -0.93283063,
      0,
      0.9303775,
      0.09475149,
      -0.3541468,
      0,
      -3.1835215,
      -1.2432444,
      -4.5344515,
      1
    ]
  },
  {
    "timestamp" : 1251141777494,
    "trackingState" : "Normal",
    "transform" : [
      0.08757668,
      -0.99360144,
      -0.071319595,
      0,
      -0.36381605,
      0.03474641,
      -0.93082243,
      0,
      0.92734474,
      0.107465565,
      -0.3584452,
      0,
      -3.198181,
      -1.2471912,
      -4.537859,
      1
    ]
  },
  {
    "timestamp" : 1251141794146,
    "trackingState" : "Normal",
    "transform" : [
      0.09896561,
      -0.99212396,
      -0.07678269,
      0,
      -0.37052736,
      0.034872316,
      -0.9281667,
      0,
      0.9235341,
      0.12030668,
      -0.36415797,
      0,
      -3.2147672,
      -1.2496518,
      -4.541165,
      0.9999999
    ]
  },
  {
    "timestamp" : 1251141810799,
    "trackingState" : "Normal",
    "transform" : [
      0.11078714,
      -0.9904738,
      -0.0817786,
      0,
      -0.37738004,
      0.034197014,
      -0.92542696,
      0,
      0.9194077,
      0.133387,
      -0.3699965,
      0,
      -3.2301323,
      -1.2533349,
      -4.5446773,
      0.99999994
    ]
  },
  {
    "timestamp" : 1251141827452,
    "trackingState" : "Normal",
    "transform" : [
      0.12429203,
      -0.9884769,
      -0.08640031,
      0,
      -0.3834026,
      0.032468647,
      -0.9230105,
      0,
      0.91517985,
      0.14784893,
      -0.37494895,
      0,
      -3.2451837,
      -1.2574762,
      -4.548277,
      1.0000001
    ]
  },
  {
    "timestamp" : 1251141844105,
    "trackingState" : "Normal",
    "transform" : [
      0.1390634,
      -0.98596776,
      -0.09235218,
      0,
      -0.38840142,
      0.03148128,
      -0.92095244,
      0,
      0.9109368,
      0.1639405,
      -0.3785734,
      0,
      -3.2601483,
      -1.2618132,
      -4.5518584,
      1
    ]
  },
  {
    "timestamp" : 1251141860758,
    "trackingState" : "Normal",
    "transform" : [
      0.1532788,
      -0.9830575,
      -0.10051664,
      0,
      -0.39150184,
      0.03298358,
      -0.9195861,
      0,
      0.9073214,
      0.1803055,
      -0.3798131,
      0,
      -3.2749598,
      -1.2662027,
      -4.5554037,
      1
    ]
  },
  {
    "timestamp" : 1251141877411,
    "trackingState" : "Normal",
    "transform" : [
      0.16568637,
      -0.98004746,
      -0.10979525,
      0,
      -0.3927821,
      0.0365419,
      -0.9189053,
      0,
      0.9045829,
      0.19537567,
      -0.3788906,
      0,
      -3.2895663,
      -1.2705945,
      -4.559016,
      0.99999994
    ]
  },
  {
    "timestamp" : 1251141894064,
    "trackingState" : "Normal",
    "transform" : [
      0.17637928,
      -0.9770688,
      -0.11927687,
      0,
      -0.39393172,
      0.040981438,
      -0.9182257,
      0,
      0.90205777,
      0.2089429,
      -0.3776701,
      0,
      -3.305227,
      -1.2738643,
      -4.5618668,
      1
    ]
  },
  {
    "timestamp" : 1251141910717,
    "trackingState" : "Normal",
    "transform" : [
      0.18627429,
      -0.97418934,
      -0.12750286,
      0,
      -0.39554086,
      0.04443548,
      -0.9173729,
      0,
      0.89936066,
      0.22131556,
      -0.37705448,
      0,
      -3.319998,
      -1.2779374,
      -4.565581,
      1
    ]
  },
  {
    "timestamp" : 1251141927370,
    "trackingState" : "Normal",
    "transform" : [
      0.1965138,
      -0.9711841,
      -0.13484742,
      0,
      -0.3976451,
      0.04677199,
      -0.9163465,
      0,
      0.89624816,
      0.23369615,
      -0.37699524,
      0,
      -3.3344624,
      -1.2822968,
      -4.5697994,
      0.99999994
    ]
  },
  {
    "timestamp" : 1251141944022,
    "trackingState" : "Normal",
    "transform" : [
      0.20719397,
      -0.9680294,
      -0.14138517,
      0,
      -0.40076056,
      0.04785256,
      -0.91493237,
      0,
      0.89244705,
      0.24623007,
      -0.3780332,
      0,
      -3.348831,
      -1.2867694,
      -4.574428,
      1
    ]
  },
  {
    "timestamp" : 1251141960675,
    "trackingState" : "Normal",
    "transform" : [
      0.21819164,
      -0.9648277,
      -0.14662838,
      0,
      -0.40511164,
      0.0471454,
      -0.91305095,
      0,
      0.8878496,
      0.25862092,
      -0.38057622,
      0,
      -3.3631752,
      -1.291297,
      -4.5794344,
      1
    ]
  },
  {
    "timestamp" : 1251141977328,
    "trackingState" : "Normal",
    "transform" : [
      0.22940761,
      -0.9616546,
      -0.15030797,
      0,
      -0.4098577,
      0.04462589,
      -0.91105723,
      0,
      0.88283,
      0.27060834,
      -0.38390404,
      0,
      -3.377497,
      -1.2958292,
      -4.5847588,
      0.99999994
    ]
  },
  {
    "timestamp" : 1251141993981,
    "trackingState" : "Normal",
    "transform" : [
      0.24080403,
      -0.95846164,
      -0.15285486,
      0,
      -0.41473407,
      0.040773492,
      -0.90902877,
      0,
      0.87750167,
      0.28229192,
      -0.3876883,
      0,
      -3.3917444,
      -1.2988436,
      -4.5899925,
      1
    ]
  },
  {
    "timestamp" : 1251142010634,
    "trackingState" : "Normal",
    "transform" : [
      0.2515195,
      -0.95536554,
      -0.15496668,
      0,
      -0.41979608,
      0.036582284,
      -0.90688103,
      0,
      0.8720719,
      0.29315263,
      -0.39185753,
      0,
      -3.4059455,
      -1.3028958,
      -4.595616,
      1
    ]
  },
  {
    "timestamp" : 1251142027287,
    "trackingState" : "Normal",
    "transform" : [
      0.2608426,
      -0.9524967,
      -0.15719783,
      0,
      -0.42549494,
      0.032732487,
      -0.90436864,
      0,
      0.86655366,
      0.30278477,
      -0.39674446,
      0,
      -3.420037,
      -1.3073357,
      -4.601436,
      0.99999994
    ]
  },
  {
    "timestamp" : 1251142043940,
    "trackingState" : "Normal",
    "transform" : [
      0.268402,
      -0.9499568,
      -0.15981999,
      0,
      -0.43197393,
      0.029600387,
      -0.9014002,
      0,
      0.86102206,
      0.3109757,
      -0.40241176,
      0,
      -3.4340174,
      -1.311967,
      -4.6073685,
      0.99999994
    ]
  },
  {
    "timestamp" : 1251142060592,
    "trackingState" : "Normal",
    "transform" : [
      0.27392578,
      -0.9478232,
      -0.16308235,
      0,
      -0.43872353,
      0.02774973,
      -0.89819354,
      0,
      0.8558543,
      0.3175864,
      -0.40823093,
      0,
      -3.4478934,
      -1.3167193,
      -4.6133633,
      1
    ]
  },
  {
    "timestamp" : 1251142077246,
    "trackingState" : "Normal",
    "transform" : [
      0.27782786,
      -0.94597316,
      -0.16717206,
      0,
      -0.44492596,
      0.027516989,
      -0.89514464,
      0,
      0.85138285,
      0.32307526,
      -0.41324303,
      0,
      -3.461695,
      -1.3215834,
      -4.6194186,
      1.0000001
    ]
  },
  {
    "timestamp" : 1251142093898,
    "trackingState" : "Normal",
    "transform" : [
      0.28094524,
      -0.9440389,
      -0.17280105,
      0,
      -0.45082182,
      0.029136706,
      -0.8921383,
      0,
      0.8472482,
      0.3285445,
      -0.41740754,
      0,
      -3.475353,
      -1.3246891,
      -4.625207,
      1
    ]
  },
  {
    "timestamp" : 1251142110551,
    "trackingState" : "Normal",
    "transform" : [
      0.28423336,
      -0.94175464,
      -0.17974885,
      0,
      -0.45633107,
      0.03199813,
      -0.88923466,
      0,
      0.84319246,
      0.3347751,
      -0.4206569,
      0,
      -3.489155,
      -1.3291314,
      -4.6313553,
      1
    ]
  },
  {
    "timestamp" : 1251142127204,
    "trackingState" : "Normal",
    "transform" : [
      0.2878125,
      -0.9391915,
      -0.18730521,
      0,
      -0.46164793,
      0.035298377,
      -0.88636076,
      0,
      0.8390741,
      0.34157473,
      -0.42341647,
      0,
      -3.5030591,
      -1.3340015,
      -4.6377683,
      1
    ]
  },
  {
    "timestamp" : 1251142143857,
    "trackingState" : "Normal",
    "transform" : [
      0.29148263,
      -0.9365264,
      -0.19482349,
      0,
      -0.46705005,
      0.038407248,
      -0.88339657,
      0,
      0.83480674,
      0.34848702,
      -0.4262096,
      0,
      -3.5170305,
      -1.3389834,
      -4.6444407,
      1.0000001
    ]
  },
  {
    "timestamp" : 1251142160510,
    "trackingState" : "Normal",
    "transform" : [
      0.29473048,
      -0.9338184,
      -0.20277373,
      0,
      -0.4733473,
      0.04166626,
      -0.87989,
      0,
      0.8301062,
      0.35531276,
      -0.42974,
      0,
      -3.5297,
      -1.3424621,
      -4.6504993,
      1
    ]
  },
  {
    "timestamp" : 1251142177163,
    "trackingState" : "Normal",
    "transform" : [
      0.29702252,
      -0.93112236,
      -0.21163341,
      0,
      -0.48050997,
      0.04577803,
      -0.87579376,
      0,
      0.8251594,
      0.3618224,
      -0.43381643,
      0,
      -3.5432675,
      -1.3468087,
      -4.657359,
      1
    ]
  },
  {
    "timestamp" : 1251142193815,
    "trackingState" : "Normal",
    "transform" : [
      0.29821143,
      -0.9285635,
      -0.22099689,
      0,
      -0.48797524,
      0.0506736,
      -0.8713853,
      0,
      0.8203353,
      0.36769807,
      -0.43800452,
      0,
      -3.5571272,
      -1.3512574,
      -4.6646957,
      0.9999999
    ]
  },
  {
    "timestamp" : 1251142210468,
    "trackingState" : "Normal",
    "transform" : [
      0.2988463,
      -0.92625576,
      -0.22965434,
      0,
      -0.4955365,
      0.055043776,
      -0.8668413,
      0,
      0.8155579,
      0.3728544,
      -0.44254392,
      0,
      -3.5711458,
      -1.3555577,
      -4.672438,
      1
    ]
  },
  {
    "timestamp" : 1251142227121,
    "trackingState" : "Normal",
    "transform" : [
      0.299784,
      -0.9240683,
      -0.23712327,
      0,
      -0.5036039,
      0.057817582,
      -0.86199796,
      0,
      0.8102548,
      0.37782937,
      -0.44803146,
      0,
      -3.5853388,
      -1.3596544,
      -4.680547,
      1
    ]
  },
  {
    "timestamp" : 1251142243774,
    "trackingState" : "Normal",
    "transform" : [
      0.3016331,
      -0.92157626,
      -0.2443658,
      0,
      -0.5127866,
      0.059265926,
      -0.8564681,
      0,
      0.80378324,
      0.3836466,
      -0.45469537,
      0,
      -3.5997255,
      -1.363539,
      -4.6889277,
      1
    ]
  },
  {
    "timestamp" : 1251142260427,
    "trackingState" : "Normal",
    "transform" : [
      0.30409083,
      -0.9185886,
      -0.25243577,
      0,
      -0.5230229,
      0.0604914,
      -0.85016936,
      0,
      0.7962261,
      0.39055842,
      -0.46204796,
      0,
      -3.6131637,
      -1.3667495,
      -4.696596,
      1
    ]
  },
  {
    "timestamp" : 1251142277080,
    "trackingState" : "Normal",
    "transform" : [
      0.3059209,
      -0.91547227,
      -0.2613866,
      0,
      -0.5341729,
      0.06221481,
      -0.8430829,
      0,
      0.7880811,
      0.39754233,
      -0.46998766,
      0,
      -3.6274421,
      -1.3699284,
      -4.7048388,
      1
    ]
  },
  {
    "timestamp" : 1251142293733,
    "trackingState" : "Normal",
    "transform" : [
      0.30683675,
      -0.9124906,
      -0.27057755,
      0,
      -0.5443012,
      0.064977385,
      -0.8363697,
      0,
      0.7807609,
      0.40390465,
      -0.47673225,
      0,
      -3.6420238,
      -1.3729017,
      -4.7133017,
      1
    ]
  },
  {
    "timestamp" : 1251142310386,
    "trackingState" : "Normal",
    "transform" : [
      0.30773863,
      -0.90944105,
      -0.2796674,
      0,
      -0.5517189,
      0.068908654,
      -0.83117867,
      0,
      0.77517956,
      0.41008353,
      -0.48055,
      0,
      -3.6567342,
      -1.375695,
      -4.7219114,
      1
    ]
  },
  {
    "timestamp" : 1251142327038,
    "trackingState" : "Normal",
    "transform" : [
      0.30883127,
      -0.9060009,
      -0.28945726,
      0,
      -0.557646,
      0.07405699,
      -0.8267688,
      0,
      0.7704897,
      0.41674674,
      -0.48235664,
      0,
      -3.6714833,
      -1.3783348,
      -4.730549,
      1
    ]
  },
  {
    "timestamp" : 1251142343691,
    "trackingState" : "Normal",
    "transform" : [
      0.30987674,
      -0.90187716,
      -0.30098832,
      0,
      -0.5648388,
      0.08002726,
      -0.8213116,
      0,
      0.7648095,
      0.42451528,
      -0.48461667,
      0,
      -3.6862156,
      -1.3808186,
      -4.7390766,
      1
    ]
  },
  {
    "timestamp" : 1251142360344,
    "trackingState" : "Normal",
    "transform" : [
      0.3116393,
      -0.8967089,
      -0.31431514,
      0,
      -0.57392955,
      0.08599446,
      -0.814377,
      0,
      0.7572886,
      0.4341866,
      -0.48784852,
      0,
      -3.7002385,
      -1.3841932,
      -4.746165,
      1
    ]
  },
  {
    "timestamp" : 1251142376997,
    "trackingState" : "Normal",
    "transform" : [
      0.31365827,
      -0.89086837,
      -0.32859117,
      0,
      -0.5846824,
      0.09146524,
      -0.8060898,
      0,
      0.74817455,
      0.44495812,
      -0.49218622,
      0,
      -3.7146432,
      -1.3867064,
      -4.7541184,
      1
    ]
  },
  {
    "timestamp" : 1251142393650,
    "trackingState" : "Normal",
    "transform" : [
      0.31405547,
      -0.88534594,
      -0.34282902,
      0,
      -0.59697986,
      0.096628495,
      -0.79641575,
      0,
      0.7382306,
      0.45478076,
      -0.49818695,
      0,
      -3.7289836,
      -1.388835,
      -4.762346,
      1
    ]
  },
  {
    "timestamp" : 1251142410303,
    "trackingState" : "Normal",
    "transform" : [
