[
  {
    "transform" : [
      -0.104672134,
      -0.86837447,
      0.48473656,
      0,
      0.9425281,
      0.06889506,
      0.32694694,
      0,
      -0.31730834,
      0.4911,
      0.811256,
      0,
      4.271799,
      -1.4492979,
      -6.7364597,
      1
    ],
    "timestamp" : 1251255094897,
    "trackingState" : "Normal"
  },
  {
    "transform" : [
      -0.09696946,
      -0.8660309,
      0.4904971,
      0,
      0.9484429,
      0.06900756,
      0.30934465,
      0,
      -0.30175006,
      0.4952055,
      0.81468916,
      0,
      4.2836165,
      -1.4472338,
      -6.761226,
      0.99999994
    ],
    "timestamp" : 1251255128218,
    "trackingState" : "Normal"
  },
  {
    "transform" : [
      -0.094234645,
      -0.8642995,
      0.4940709,
      0,
      0.95267016,
      0.06579445,
      0.29680082,
      0,
      -0.28903198,
      0.4986555,
      0.8171922,
      0,
      4.2955704,
      -1.4452012,
      -6.7853994,
      1
    ],
    "timestamp" : 1251255161539,
    "trackingState" : "Normal"
  },
  {
    "transform" : [
      -0.09189394,
      -0.86380076,
      0.49538252,
      0,
      0.95566064,
      0.06326631,
      0.28759375,
      0,
      -0.2797647,
      0.49984568,
      0.81968653,
      0,
      4.308988,
      -1.4432358,
      -6.809032,
      0.99999994
    ],
    "timestamp" : 1251255194860,
    "trackingState" : "Normal"
  },
  {
    "transform" : [
      -0.086742386,
      -0.8644527,
      0.4951739,
      0,
      0.959213,
      0.06176354,
      0.2758548,
      0,
      -0.26904708,
      0.4989055,
      0.82383686,
      0,
      4.3204937,
      -1.4418623,
      -6.830939,
      1
    ],
    "timestamp" : 1251255228181,
    "trackingState" : "Normal"
  },
  {
    "transform" : [
      -0.08227376,
      -0.8647232,
      0.49546424,
      0,
      0.9634688,
      0.05812776,
      0.26143682,
      0,
      -0.25487077,
      0.4988737,
      0.82835144,
      0,
      4.3320827,
      -1.4412761,
      -6.851867,
      1
    ],
    "timestamp" : 1251255261502,
    "trackingState" : "Normal"
  },
  {
    "transform" : [
      -0.08327682,
      -0.86130893,
      0.50121033,
      0,
      0.9671977,
      0.051265057,
      0.24879818,
      0,
      -0.23998667,
      0.50548863,
      0.8287869,
      0,
      4.346337,
      -1.4412915,
      -6.874385,
      0.99999994
    ],
    "timestamp" : 1251255294823,
    "trackingState" : "Normal"
  },
  {
    "transform" : [
      -0.08597585,
      -0.85414195,
      0.51288366,
      0,
      0.96933275,
      0.047242954,
      0.24116853,
      0,
      -0.2302223,
      0.51788956,
      0.8238861,
      0,
      4.3594418,
      -1.4419515,
      -6.8957443,
      1
    ],
    "timestamp" : 1251255328144,
    "trackingState" : "Normal"
  },
  {
    "transform" : [
      -0.08196521,
      -0.84843606,
      0.522913,
      0,
      0.97193694,
      0.0480344,
      0.23028527,
      0,
      -0.22050011,
      0.5271138,
      0.82068926,
      0,
      4.372424,
      -1.4428217,
      -6.9164786,
      1
    ],
    "timestamp" : 1251255361465,
    "trackingState" : "Normal"
  },
  {
    "transform" : [
      -0.07060117,
      -0.8473609,
      0.5263031,
      0,
      0.9752486,
      0.052196395,
      0.21486267,
      0,
      -0.20953736,
      0.52844584,
      0.8227024,
      0,
      4.3870173,
      -1.4432447,
      -6.936624,
      1
    ],
    "timestamp" : 1251255394785,
    "trackingState" : "Normal"
  },
  {
    "transform" : [
      -0.05760265,
      -0.848138,
      0.5266345,
      0,
      0.9788152,
      0.05583619,
      0.19698511,
      0,
      -0.19647579,
      0.5268248,
      0.8269541,
      0,
      4.401105,
      -1.4442822,
      -6.95608,
      0.99999994
    ],
    "timestamp" : 1251255428106,
    "trackingState" : "Normal"
  },
  {
    "transform" : [
      -0.04615246,
      -0.84865296,
      0.5269328,
      0,
      0.98264164,
      0.056312438,
      0.17676082,
      0,
      -0.17968145,
      0.525944,
      0.8313228,
      0,
      4.41592,
      -1.4457625,
      -6.975788,
      0.99999994
    ],
    "timestamp" : 1251255461427,
    "trackingState" : "Normal"
  },
  {
    "transform" : [
      -0.034526404,
      -0.84767264,
      0.5293949,
      0,
      0.9860707,
      0.057343744,
      0.15612963,
      0,
      -0.16270427,
      0.52741134,
      0.8338853,
      0,
      4.4309106,
      -1.4472353,
      -6.994976,
      1
    ],
    "timestamp" : 1251255494748,
    "trackingState" : "Normal"
  },
  {
    "transform" : [
      -0.018197337,
      -0.8468557,
      0.53151125,
      0,
      0.9886249,
      0.0641394,
      0.13604073,
      0,
      -0.14929767,
      0.5279408,
      0.8360555,
      0,
      4.4456635,
      -1.4494123,
      -7.015298,
      1
    ],
    "timestamp" : 1251255528069,
    "trackingState" : "Normal"
  },
  {
    "transform" : [
      0.0022061171,
      -0.8477499,
      0.5303915,
      0,
      0.9900762,
      0.07637987,
      0.11796346,
      0,
      -0.14051473,
      0.5248678,
      0.83950555,
      0,
      4.459766,
      -1.4512253,
      -7.0354266,
      1
    ],
    "timestamp" : 1251255561390,
    "trackingState" : "Normal"
  },
  {
    "transform" : [
      0.02187373,
      -0.8496132,
      0.52695245,
      0,
      0.9920725,
      0.083686635,
      0.09374841,
      0,
      -0.12374876,
      0.52072436,
      0.84470844,
      0,
      4.473125,
      -1.4522243,
      -7.055401,
      1
    ],
    "timestamp" : 1251255594711,
    "trackingState" : "Normal"
  },
  {
    "transform" : [
      0.035737857,
      -0.8493512,
      0.5266168,
      0,
      0.9946997,
      0.081069134,
      0.06324855,
      0,
      -0.09641259,
      0.5215652,
      0.84774673,
      0,
      4.4865026,
      -1.4520285,
      -7.0756845,
      1
    ],
    "timestamp" : 1251255628032,
    "trackingState" : "Normal"
  },
  {
    "transform" : [
      0.046616346,
      -0.8435806,
      0.53497535,
      0,
      0.996159,
      0.07899909,
      0.03776776,
      0,
      -0.074122705,
      0.53115994,
      0.8440231,
      0,
      4.4991975,
      -1.4506131,
      -7.096483,
      0.99999994
    ],
    "timestamp" : 1251255661353,
    "trackingState" : "Normal"
  },
  {
    "transform" : [
      0.062540345,
      -0.8409864,
      0.53742963,
      0,
      0.9968707,
      0.07872246,
      0.0071821352,
      0,
      -0.04834785,
      0.53529865,
      0.843278,
      0,
      4.5097694,
      -1.4479572,
      -7.1163697,
      0.9999999
    ],
    "timestamp" : 1251255694674,
    "trackingState" : "Normal"
  },
  {
    "transform" : [
      0.081343785,
      -0.84188914,
      0.5334846,
      0,
      0.99636275,
      0.08232179,
      -0.022010142,
      0,
      -0.025387289,
      0.53333455,
      0.8455234,
      0,
      4.5198584,
      -1.445805,
      -7.136128,
      1.0000001
    ],
    "timestamp" : 1251255727995,
    "trackingState" : "Normal"
  },
  {
    "transform" : [
      0.10109867,
      -0.839804,
      0.53339326,
      0,
      0.9948406,
      0.08988246,
      -0.047044847,
      0,
      -0.008434238,
      0.5353975,
      0.8445581,
      0,
      4.5289845,
      -1.4446659,
      -7.1557484,
      1
    ],
    "timestamp" : 1251255761316,
    "trackingState" : "Normal"
  },
  {
    "transform" : [
      0.12256749,
      -0.835872,
      0.53506565,
      0,
      0.9923577,
      0.09546647,
      -0.07818295,
      0,
      0.014270128,
      0.5405592,
      0.8411851,
      0,
      4.5364933,
      -1.4442786,
      -7.1745605,
      1.0000001
    ],
    "timestamp" : 1251255794637,
    "trackingState" : "Normal"
  },
  {
    "transform" : [
      0.1445479,
      -0.8313604,
      0.53660595,
      0,
      0.9886654,
      0.0991045,
      -0.11277909,
      0,
      0.04058001,
      0.54682565,
      0.8362626,
      0,
      4.54384,
      -1.445826,
      -7.1944184,
      1
    ],
    "timestamp" : 1251255827958,
    "trackingState" : "Normal"
  },
  {
    "transform" : [
      0.16011913,
      -0.8258501,
      0.5406788,
      0,
      0.9853038,
      0.100711495,
      -0.13796249,
      0,
      0.0594838,
      0.5548233,
      0.8298391,
      0,
      4.550759,
      -1.448563,
      -7.2151933,
      1.0000001
    ],
    "timestamp" : 1251255861279,
    "trackingState" : "Normal"
  },
  {
    "transform" : [
      0.17202355,
      -0.81926495,
      0.5470037,
      0,
      0.98222274,
      0.100290984,
      -0.15868367,
      0,
      0.07514445,
      0.5645767,
      0.82195306,
      0,
      4.555382,
      -1.4521565,
      -7.2355313,
      1
    ],
    "timestamp" : 1251255894600,
    "trackingState" : "Normal"
  },
  {
    "transform" : [
      0.18545277,
      -0.81185794,
      0.5536189,
      0,
      0.9783161,
      0.099668674,
      -0.18155922,
      0,
      0.09222187,
      0.575285,
      0.8127376,
      0,
      4.55979,
      -1.4567312,
      -7.2572994,
      0.99999994
    ],
    "timestamp" : 1251255927921,
    "trackingState" : "Normal"
  },
  {
    "transform" : [
      0.19871351,
      -0.8058966,
      0.55771273,
      0,
      0.97411317,
      0.09982908,
      -0.20282397,
      0,
      0.10777924,
      0.5835792,
      0.804872,
      0,
      4.5635004,
      -1.4616413,
      -7.2797694,
      0.9999998
    ],
    "timestamp" : 1251255961241,
    "trackingState" : "Normal"
  },
  {
    "transform" : [
      0.2093778,
      -0.8009583,
      0.560916,
      0,
      0.97036827,
      0.09944154,
      -0.22022016,
      0,
      0.12060883,
      0.5904043,
      0.79804534,
      0,
      4.5653553,
      -1.4670697,
      -7.3026733,
      0.99999994
    ],
    "timestamp" : 1251255994563,
    "trackingState" : "Normal"
  },
  {
    "transform" : [
      0.21783519,
      -0.79480976,
      0.5664144,
      0,
      0.9665799,
      0.09531125,
      -0.23798972,
      0,
      0.13517094,
      0.59932727,
      0.7890093,
      0,
      4.5672936,
      -1.4718682,
      -7.326484,
      0.99999994
    ],
    "timestamp" : 1251256027884,
    "trackingState" : "Normal"
  },
  {
    "transform" : [
      0.22819231,
      -0.7883402,
      0.5713563,
      0,
      0.9616137,
      0.090629384,
      -0.25900838,
      0,
      0.15240508,
      0.6085278,
      0.7787597,
      0,
      4.5682306,
      -1.4764286,
      -7.350609,
      0.99999994
    ],
    "timestamp" : 1251256061205,
    "trackingState" : "Normal"
  },
  {
    "transform" : [
      0.24277695,
      -0.7829284,
      0.5727848,
      0,
      0.9550598,
      0.08939639,
      -0.28261137,
      0,
      0.17005959,
      0.61565524,
      0.76944685,
      0,
      4.5669622,
      -1.4807047,
      -7.374574,
      1.0000001
    ],
    "timestamp" : 1251256094525,
    "trackingState" : "Normal"
  },
  {
    "transform" : [
      0.2614791,
      -0.77793276,
      0.5713575,
      0,
      0.9482286,
      0.09649027,
      -0.3025759,
      0,
      0.18025328,
      0.62089473,
      0.76288825,
      0,
      4.5652256,
      -1.4842978,
      -7.3988347,
      1
    ],
    "timestamp" : 1251256127846,
    "trackingState" : "Normal"
  },
  {
    "transform" : [
      0.28244573,
      -0.77173483,
      0.56978035,
      0,
      0.9414733,
      0.10908442,
      -0.31894898,
      0,
      0.18398988,
      0.62651885,
      0.7573782,
      0,
      4.5628266,
      -1.4871277,
      -7.423048,
      0.9999999
    ],
    "timestamp" : 1251256161167,
    "trackingState" : "Normal"
  },
  {
    "transform" : [
      0.30068642,
      -0.76302135,
      0.5721767,
      0,
      0.93356866,
      0.1127944,
      -0.34018672,
      0,
      0.19503139,
      0.6364557,
      0.74624854,
      0,
      4.5593386,
      -1.4914939,
      -7.4483576,
      1
    ],
    "timestamp" : 1251256194488,
    "trackingState" : "Normal"
  },
  {
    "transform" : [
      0.31780276,
      -0.7537216,
      0.57524353,
      0,
      0.92370003,
      0.109207906,
      -0.36722192,
      0,
      0.21396202,
      0.6480566,
      0.7309193,
      0,
      4.556859,
      -1.4942353,
      -7.471368,
      1
    ],
    "timestamp" : 1251256227809,
    "trackingState" : "Normal"
  },
  {
    "transform" : [
      0.33760488,
      -0.7474459,
      0.5721431,
      0,
      0.91271675,
      0.111323126,
      -0.39313525,
      0,
      0.2301546,
      0.65492886,
      0.7197897,
      0,
      4.554147,
      -1.4970086,
      -7.4928102,
      1
    ],
    "timestamp" : 1251256261130,
    "trackingState" : "Normal"
  },
  {
    "transform" : [
      0.35924026,
      -0.741202,
      0.5670679,
      0,
      0.9024436,
      0.121078454,
      -0.41344342,
      0,
      0.23778538,
      0.66027236,
      0.71238935,
      0,
      4.5497327,
      -1.5017053,
      -7.512843,
      0.99999994
    ],
    "timestamp" : 1251256294451,
    "trackingState" : "Normal"
  },
  {
    "transform" : [
      0.38109335,
      -0.7302201,
      0.5670507,
      0,
      0.8923862,
      0.1301915,
      -0.43208474,
      0,
      0.24169181,
      0.6706928,
      0.7012534,
      0,
      4.546469,
      -1.5060039,
      -7.532451,
      1
    ],
    "timestamp" : 1251256327772,
    "trackingState" : "Normal"
  },
  {
    "transform" : [
      0.4019764,
      -0.7169501,
      0.569559,
      0,
      0.8808412,
      0.13290313,
      -0.4543735,
      0,
      0.25006706,
      0.6843385,
      0.6849433,
      0,
      4.5435376,
      -1.5104702,
      -7.551607,
      1
    ],
    "timestamp" : 1251256361093,
    "trackingState" : "Normal"
  },
  {
    "transform" : [
      0.42137492,
      -0.7065488,
      0.5685349,
      0,
      0.8687151,
      0.13450491,
      -0.47669968,
      0,
      0.26034087,
      0.6947642,
      0.6704666,
      0,
      4.5408993,
      -1.5145696,
      -7.570236,
      1.0000001
    ],
    "timestamp" : 1251256394414,
    "trackingState" : "Normal"
  },
  {
    "transform" : [
      0.43764055,
      -0.69901276,
      0.56555456,
      0,
      0.857487,
      0.13521755,
      -0.49641943,
      0,
      0.2705306,
      0.702209,
      0.65857106,
      0,
      4.5378323,
      -1.5179584,
      -7.5886283,
      1
    ],
    "timestamp" : 1251256427735,
    "trackingState" : "Normal"
  },
  {
    "transform" : [
      0.45344117,
      -0.6937042,
      0.5596121,
      0,
      0.8449638,
      0.13479802,
      -0.51755744,
      0,
      0.2835972,
      0.7075338,
      0.647278,
      0,
      4.5345507,
      -1.5210541,
      -7.6066217,
      1.0000001
    ],
    "timestamp" : 1251256461056,
    "trackingState" : "Normal"
  },
  {
    "transform" : [
      0.46837342,
      -0.69071174,
      0.550948,
      0,
      0.8298275,
      0.12981361,
      -0.5427106,
      0,
      0.3033361,
      0.711383,
      0.63397276,
      0,
      4.5324764,
      -1.5230043,
      -7.6250763,
      1
    ],
    "timestamp" : 1251256494377,
    "trackingState" : "Normal"
  },
  {
    "transform" : [
      0.48169938,
      -0.6873138,
      0.5436594,
      0,
      0.81486416,
      0.12304075,
      -0.56644285,
      0,
      0.32243168,
      0.71586365,
      0.619336,
      0,
      4.5291433,
      -1.5263987,
      -7.643084,
      1
    ],
    "timestamp" : 1251256527697,
    "trackingState" : "Normal"
  },
  {
    "transform" : [
      0.49524784,
      -0.68341106,
      0.5363572,
      0,
      0.79974693,
      0.117507905,
      -0.58872473,
      0,
      0.33931485,
      0.7205146,
      0.60475147,
      0,
      4.525386,
      -1.5303147,
      -7.6612043,
      1
    ],
    "timestamp" : 1251256561018,
    "trackingState" : "Normal"
  },
  {
    "transform" : [
      0.51046973,
      -0.68000215,
      0.52632475,
      0,
      0.7818538,
      0.11225215,
      -0.6132734,
      0,
      0.3579462,
      0.72456646,
      0.5889637,
      0,
      4.5216193,
      -1.5341765,
      -7.6775274,
      1.0000001
    ],
    "timestamp" : 1251256594339,
    "trackingState" : "Normal"
  },
  {
    "transform" : [
      0.52505547,
      -0.67671335,
      0.51611614,
      0,
      0.76387465,
      0.10733061,
      -0.6363771,
      0,
      0.3752498,
      0.7283812,
      0.57327867,
      0,
      4.5173664,
      -1.5386274,
      -7.6954713,
      1
    ],
    "timestamp" : 1251256627660,
    "trackingState" : "Normal"
  },
  {
    "transform" : [
      0.5381042,
      -0.6748271,
      0.5050271,
      0,
      0.7493064,
      0.10860951,
      -0.6532565,
      0,
      0.38598445,
      0.72994006,
      0.5640955,
      0,
      4.512998,
      -1.5428029,
      -7.713432,
      1.0000001
    ],
    "timestamp" : 1251256660981,
    "trackingState" : "Normal"
  },
  {
    "transform" : [
      0.549787,
      -0.6745014,
      0.4927291,
      0,
      0.7364012,
      0.11295679,
      -0.6670487,
      0,
      0.39426824,
      0.72958106,
      0.5588059,
      0,
      4.509319,
      -1.5459641,
      -7.731896,
      0.9999999
    ],
    "timestamp" : 1251256694302,
    "trackingState" : "Normal"
  },
  {
    "transform" : [
      0.5594309,
      -0.6756588,
      0.48012736,
      0,
      0.7168569,
      0.10359197,
      -0.68948174,
      0,
      0.41611707,
      0.7298999,
      0.5423032,
      0,
      4.505604,
      -1.5485346,
      -7.7489843,
      1
    ],
    "timestamp" : 1251256727623,
    "trackingState" : "Normal"
  },
  {
    "transform" : [
      0.56846327,
      -0.6780641,
      0.46591702,
      0,
      0.6965572,
      0.09532185,
      -0.71114135,
      0,
      0.43778732,
      0.72879547,
      0.52649736,
      0,
      4.5021324,
      -1.5503895,
      -7.765518,
      1
    ],
    "timestamp" : 1251256760944,
    "trackingState" : "Normal"
  },
  {
    "transform" : [
      0.57794386,
      -0.6815008,
      0.44892925,
      0,
      0.681567,
      0.10053721,
      -0.72481626,
      0,
      0.44882882,
      0.72487855,
      0.5225933,
      0,
      4.499085,
      -1.5507725,
      -7.7796726,
      0.9999999
    ],
    "timestamp" : 1251256794265,
    "trackingState" : "Normal"
  },
  {
    "transform" : [
      0.5874538,
      -0.67953086,
      0.43947235,
      0,
      0.66926634,
      0.102653965,
      -0.7358973,
      0,
      0.45495135,
      0.72642964,
      0.51509154,
      0,
      4.4951005,
      -1.5514932,
      -7.7954817,
      1
    ],
    "timestamp" : 1251256827586,
    "trackingState" : "Normal"
  },
  {
    "transform" : [
      0.595622,
      -0.67439765,
      0.43637407,
      0,
      0.6587524,
      0.099237554,
      -0.74578637,
      0,
      0.45965192,
      0.7316692,
      0.5033691,
      0,
      4.4911757,
      -1.5516365,
      -7.8109846,
      1
    ],
    "timestamp" : 1251256860907,
    "trackingState" : "Normal"
  },
  {
    "transform" : [
      0.59859097,
      -0.67730844,
      0.42771736,
      0,
      0.6473058,
      0.09443878,
      -0.75635743,
      0,
      0.47189417,
      0.72961265,
      0.49495584,
      0,
      4.4872227,
      -1.5522108,
      -7.8249907,
      1
    ],
    "timestamp" : 1251256894228,
    "trackingState" : "Normal"
  },
  {
    "transform" : [
      0.5999369,
      -0.6830539,
      0.41654897,
      0,
      0.6378641,
      0.09410272,
      -0.76437825,
      0,
      0.48291326,
      0.7242803,
      0.4921513,
      0,
      4.4835105,
      -1.5514104,
      -7.8382225,
      1
    ],
    "timestamp" : 1251256927549,
    "trackingState" : "Normal"
  },
  {
    "transform" : [
      0.60025895,
      -0.68644816,
      0.41046086,
      0,
      0.6322057,
      0.09287656,
      -0.7692138,
      0,
      0.48990324,
      0.72122324,
      0.48972642,
      0,
      4.479539,
      -1.5502055,
      -7.8508797,
      1
    ],
    "timestamp" : 1251256960870,
    "trackingState" : "Normal"
  },
  {
    "transform" : [
      0.59970486,
      -0.69018775,
      0.4049628,
      0,
      0.62306005,
      0.08517139,
      -0.777523,
      0,
      0.50214565,
      0.7186005,
      0.4811061,
      0,
      4.4756904,
      -1.548125,
      -7.8628397,
      1
    ],
    "timestamp" : 1251256994191,
    "trackingState" : "Normal"
  },
  {
    "transform" : [
      0.59672976,
      -0.69755405,
      0.39665103,
      0,
      0.61179096,
      0.07562483,
      -0.78739625,
      0,
      0.51925474,
      0.7125302,
      0.4718848,
      0,
      4.4712553,
      -1.5462728,
      -7.8736377,
      1
    ],
    "timestamp" : 1251257027512,
    "trackingState" : "Normal"
  },
  {
    "transform" : [
      0.59164894,
      -0.70709294,
      0.387261,
      0,
      0.6035304,
      0.06999279,
      -0.794262,
      0,
      0.5345116,
      0.70364803,
      0.46816325,
      0,
      4.46623,
      -1.5442573,
      -7.8835177,
      0.99999994
    ],
    "timestamp" : 1251257060832,
    "trackingState" : "Normal"
  },
  {
    "transform" : [
      0.5871014,
      -0.71714044,
      0.3755285,
      0,
      0.5961103,
      0.0691419,
      -0.79991996,
      0,
      0.5476901,
      0.69349056,
      0.46808806,
      0,
      4.4600887,
      -1.5411923,
      -7.890461,
      1
    ],
    "timestamp" : 1251257094153,
    "trackingState" : "Normal"
  },
  {
    "transform" : [
      0.5828305,
      -0.7284665,
      0.3600627,
      0,
      0.58743477,
      0.07155823,
      -0.8061017,
      0,
      0.5614526,
      0.68133396,
      0.4696329,
      0,
      4.453919,
      -1.5383835,
      -7.8974714,
      1
    ],
    "timestamp" : 1251257127474,
    "trackingState" : "Normal"
  },
  {
    "transform" : [
      0.5787368,
      -0.7380159,
      0.3469819,
      0,
      0.57850003,
      0.07163218,
      -0.81253105,
      0,
      0.5748057,
      0.67097056,
      0.46839836,
      0,
      4.447845,
      -1.5352739,
      -7.9037724,
      1.0000001
    ],
    "timestamp" : 1251257160796,
    "trackingState" : "Normal"
  },
  {
    "transform" : [
      0.5760716,
      -0.7449592,
      0.33641842,
      0,
      0.56808454,
      0.06895491,
      -0.82007635,
      0,
      0.58772576,
      0.66353685,
      0.46292278,
      0,
      4.4420376,
      -1.5308352,
      -7.905257,
      1
    ],
    "timestamp" : 1251257194116,
    "trackingState" : "Normal"
  },
  {
    "transform" : [
      0.56943226,
      -0.7559423,
      0.32295227,
      0,
      0.5515852,
      0.06006998,
      -0.83195275,
      0,
      0.6095085,
      0.65187645,
      0.45117238,
      0,
      4.4364176,
      -1.5257852,
      -7.9100065,
      1
    ],
    "timestamp" : 1251257227437,
    "trackingState" : "Normal"
  },
  {
    "transform" : [
      0.5602375,
      -0.7689703,
      0.30792633,
      0,
      0.53068364,
      0.047771193,
      -0.84622264,
      0,
      0.6360101,
      0.6374972,
      0.43484315,
      0,
      4.4307337,
      -1.520114,
      -7.9150524,
      1
    ],
    "timestamp" : 1251257260758,
    "trackingState" : "Normal"
  },
  {
    "transform" : [
      0.5524112,
      -0.7806758,
      0.29221082,
      0,
      0.5104035,
      0.03962881,
      -0.8590214,
      0,
      0.6590373,
      0.62367845,
      0.42035112,
      0,
      4.4247103,
      -1.5129603,
      -7.9155335,
      0.99999994
    ],
    "timestamp" : 1251257294079,
    "trackingState" : "Normal"
  },
  {
    "transform" : [
      0.5437337,
      -0.79314756,
      0.2743545,
      0,
      0.49308243,
      0.037373,
      -0.8691794,
      0,
      0.6791342,
      0.6078816,
      0.41140816,
      0,
      4.4183807,
      -1.5061231,
      -7.9205837,
      1
    ],
    "timestamp" : 1251257327400,
    "trackingState" : "Normal"
  },
  {
    "transform" : [
      0.5309083,
      -0.8083776,
      0.25428727,
      0,
      0.47870347,
      0.03847689,
      -0.8771331,
      0,
      0.69927067,
      0.58740544,
      0.4074009,
      0,
      4.412281,
      -1.4985535,
      -7.9262137,
      1
    ],
    "timestamp" : 1251257360721,
    "trackingState" : "Normal"
  },
  {
    "transform" : [
      0.5101383,
      -0.8283084,
      0.23165515,
      0,
      0.46281487,
      0.037341144,
      -0.8856681,
      0,
      0.72495615,
      0.55902666,
      0.40240264,
      0,
      4.4072857,
      -1.4898443,
      -7.93031,
      1
    ],
    "timestamp" : 1251257394042,
    "trackingState" : "Normal"
  },
  {
    "transform" : [
      0.48387206,
      -0.8499741,
      0.20835523,
      0,
      0.4393728,
      0.0300461,
      -0.89780223,
      0,
      0.7568484,
      0.525967,
      0.38799402,
      0,
      4.4027157,
      -1.4812479,
      -7.935849,
      1
    ],
    "timestamp" : 1251257427363,
    "trackingState" : "Normal"
  },
  {
    "transform" : [
      0.46064797,
      -0.8663379,
      0.19303378,
      0,
      0.41421425,
      0.017480459,
      -0.91001153,
      0,
      0.78500324,
      0.49915227,
      0.3669019,
      0,
      4.3979588,
      -1.4726237,
      -7.942047,
      0.99999994
    ],
    "timestamp" : 1251257460684,
    "trackingState" : "Normal"
  },
  {
    "transform" : [
      0.441008,
      -0.87913066,
      0.18066892,
      0,
      0.39046565,
      0.0066837254,
      -0.92059326,
      0,
      0.80811423,
      0.47653392,
      0.34621793,
      0,
      4.393649,
      -1.4632959,
      -7.9463367,
      1
    ],
    "timestamp" : 1251257494005,
    "trackingState" : "Normal"
  },
  {
    "transform" : [
      0.42023855,
      -0.89214694,
      0.16575101,
      0,
      0.36949494,
      0.0014066357,
      -0.92923164,
      0,
      0.828778,
      0.4517431,
      0.33023497,
      0,
      4.388847,
      -1.4539577,
      -7.9523387,
      0.99999994
    ],
    "timestamp" : 1251257527326,
    "trackingState" : "Normal"
  },
  {
    "transform" : [
      0.39876887,
      -0.90491325,
      0.14871198,
      0,
      0.3498117,
      0.00019634677,
      -0.93682,
      0,
      0.84771156,
      0.42559582,
      0.3166276,
      0,
      4.3842835,
      -1.444501,
      -7.958436,
      0.9999999
    ],
    "timestamp" : 1251257560647,
    "trackingState" : "Normal"
  },
  {
    "transform" : [
      0.3762648,
      -0.91696155,
      0.13268878,
      0,
      0.3312961,
      -0.00058925437,
      -0.9435267,
      0,
      0.86525583,
      0.39897513,
      0.30356407,
      0,
      4.381529,
      -1.4344323,
      -7.9636126,
      1
    ],
    "timestamp" : 1251257593968,
    "trackingState" : "Normal"
  },
  {
    "transform" : [
      0.3564035,
      -0.92641646,
      0.121363334,
      0,
      0.31943443,
      -0.0012491881,
      -0.94760764,
      0,
      0.8780309,
      0.37649825,
      0.29548413,
      0,
      4.3777924,
      -1.4253201,
      -7.969779,
      1
    ],
    "timestamp" : 1251257627288,
    "trackingState" : "Normal"
  },
  {
    "transform" : [
      0.33600193,
      -0.935359,
      0.11048066,
      0,
      0.3102488,
      -0.00083903613,
      -0.9506549,
      0,
      0.88929653,
      0.3536984,
      0.28991216,
      0,
      4.3744493,
      -1.4163381,
      -7.975552,
      0.9999999
    ],
    "timestamp" : 1251257660609,
    "trackingState" : "Normal"
  },
  {
    "transform" : [
      0.3110562,
      -0.9455209,
      0.09609576,
      0,
      0.29422736,
      -0.00033935704,
      -0.95573545,
      0,
      0.9037005,
      0.32556143,
      0.2780926,
      0,
      4.3716936,
      -1.4084593,
      -7.9803476,
      1.0000001
    ],
    "timestamp" : 1251257693931,
    "trackingState" : "Normal"
  },
  {
    "transform" : [
      0.28805774,
      -0.9540226,
      0.08284743,
      0,
      0.27916694,
      0.00090416556,
      -0.9602423,
      0,
      0.91601783,
      0.29973343,
      0.266592,
      0,
      4.368596,
      -1.4000227,
      -7.984731,
      1
    ],
    "timestamp" : 1251257727251,
    "trackingState" : "Normal"
  },
  {
    "transform" : [
      0.26776737,
      -0.9608744,
      0.07085803,
      0,
      0.26782078,
      0.0035849048,
      -0.96346205,
      0,
      0.925512,
      0.27696094,
      0.25830212,
      0,
      4.365175,
      -1.3915061,
      -7.988184,
      0.9999999
    ],
    "timestamp" : 1251257760572,
    "trackingState" : "Normal"
  },
  {
    "transform" : [
      0.24577197,
      -0.96747255,
      0.059941784,
      0,
      0.256714,
      0.0053345324,
      -0.96647274,
      0,
      0.9347161,
      0.25291982,
      0.24967481,
      0,
      4.3613276,
      -1.3825307,
      -7.991215,
      1
    ],
    "timestamp" : 1251257793893,
    "trackingState" : "Normal"
  },
  {
    "transform" : [
      0.22314903,
      -0.97341496,
      0.0516501,
      0,
      0.24033336,
      0.0035896827,
      -0.9706838,
      0,
      0.9446928,
      0.22902039,
      0.23474519,
      0,
      4.358046,
      -1.3738657,
      -7.9921036,
      0.99999994
    ],
    "timestamp" : 1251257827214,
    "trackingState" : "Normal"
  },
  {
    "transform" : [
      0.20346627,
      -0.9780265,
      0.04544608,
      0,
      0.2221255,
      0.0009041876,
      -0.97501767,
      0,
      0.9535522,
      0.20847791,
      0.21742864,
      0,
      4.3548994,
      -1.3652083,
      -7.9914026,
      0.9999999
    ],
    "timestamp" : 1251257860535,
    "trackingState" : "Normal"
  },
  {
    "transform" : [
      0.18271506,
      -0.9824864,
      0.03654387,
      0,
      0.20498268,
      0.0017156468,
      -0.9787641,
      0,
      0.9615598,
      0.18632579,
      0.20170622,
      0,
      4.353158,
      -1.357166,
      -7.9887843,
      1
    ],
    "timestamp" : 1251257893856,
    "trackingState" : "Normal"
  },
  {
    "transform" : [
      0.15705639,
      -0.9871431,
      0.02969558,
      0,
      0.18923087,
      0.0005681665,
      -0.9819326,
      0,
      0.9692911,
      0.15983808,
      0.18688719,
      0,
      4.351549,
      -1.348091,
      -7.985452,
      1.0000001
    ],
    "timestamp" : 1251257927177,
    "trackingState" : "Normal"
  },
  {
    "transform" : [
      0.1307759,
      -0.99114615,
      0.022956107,
      0,
      0.1715264,
      -0.00018601157,
      -0.9851795,
      0,
      0.97646123,
      0.1327753,
      0.16998345,
      0,
      4.3505473,
      -1.3388283,
      -7.9810176,
      1
    ],
    "timestamp" : 1251257960498,
    "trackingState" : "Normal"
  },
  {
    "transform" : [
      0.104673825,
      -0.99438936,
      0.015272962,
      0,
      0.15271191,
      0.0008961513,
      -0.9882704,
      0,
      0.9827119,
      0.105778396,
      0.1519489,
      0,
      4.351903,
      -1.3287605,
      -7.9747167,
      1.0000001
    ],
    "timestamp" : 1251257993819,
    "trackingState" : "Normal"
  },
  {
    "transform" : [
      0.07679916,
      -0.99700457,
      0.009149625,
      0,
      0.13509944,
      0.0013137278,
      -0.9908312,
      0,
      0.9878513,
      0.07733111,
      0.1347957,
      0,
      4.3526278,
      -1.3192499,
      -7.9681606,
      1
    ],
    "timestamp" : 1251258027140,
    "trackingState" : "Normal"
  },
  {
    "transform" : [
      0.04830775,
      -0.99879295,
      0.0088848015,
      0,
      0.11568199,
      -0.0032406796,
      -0.99328107,
      0,
      0.99211097,
      0.04901098,
      0.11538582,
      0,
      4.3536644,
      -1.3098936,
      -7.961386,
      1
    ],
    "timestamp" : 1251258060461,
    "trackingState" : "Normal"
  },
  {
    "transform" : [
      0.022993255,
      -0.99968266,
      0.010280326,
      0,
      0.09769497,
      -0.007987027,
      -0.9951843,
      0,
      0.9949507,
      0.02388686,
      0.09748034,
      0,
      4.3548775,
      -1.2992743,
      -7.9548683,
      0.9999999
    ],
    "timestamp" : 1251258093781,
    "trackingState" : "Normal"
  },
  {
    "transform" : [
      0.00035630932,
      -0.99993604,
      0.011306245,
      0,
      0.0816476,
      -0.011239407,
      -0.99659795,
      0,
      0.9966613,
      0.0012782248,
      0.081638396,
      0,
      4.3562183,
      -1.2900007,
      -7.947569,
      1
    ],
    "timestamp" : 1251258127103,
    "trackingState" : "Normal"
  },
  {
    "transform" : [
      -0.023245031,
      -0.9996291,
      0.014188846,
      0,
      0.06611694,
      -0.015698759,
      -0.9976884,
      0,
      0.9975412,
      -0.022253172,
      0.06645736,
      0,
      4.3578,
      -1.2812147,
      -7.940181,
      1
    ],
    "timestamp" : 1251258160424,
    "trackingState" : "Normal"
  },
  {
    "transform" : [
      -0.046981517,
      -0.99870056,
      0.019745894,
      0,
      0.047674835,
      -0.021987071,
      -0.9986209,
      0,
      0.99775743,
      -0.045975342,
      0.048645895,
      0,
      4.3580055,
      -1.2733675,
      -7.933492,
      0.99999994
    ],
    "timestamp" : 1251258193744,
    "trackingState" : "Normal"
  },
  {
    "transform" : [
      -0.0661494,
      -0.99748677,
      0.02538407,
      0,
      0.03551402,
      -0.027777297,
      -0.99898314,
      0,
      0.9971776,
      -0.065180644,
      0.03726224,
      0,
      4.3591204,
      -1.2661245,
      -7.9262233,
      1
    ],
    "timestamp" : 1251258227065,
    "trackingState" : "Normal"
  },
  {
    "transform" : [
      -0.08331746,
      -0.9960735,
      0.02992924,
      0,
      0.029929342,
      -0.032521326,
      -0.9990229,
      0,
      0.99607354,
      -0.082340285,
      0.03252145,
      0,
      4.3602295,
      -1.259489,
      -7.918795,
      1
    ],
    "timestamp" : 1251258260386,
    "trackingState" : "Normal"
  },
  {
    "transform" : [
      -0.09892269,
      -0.9945362,
      0.03334492,
      0,
      0.01574217,
      -0.03506914,
      -0.99926084,
      0,
      0.99497056,
      -0.09832466,
      0.019125313,
      0,
      4.3586206,
      -1.2537428,
      -7.9120646,
      0.9999999
    ],
    "timestamp" : 1251258293707,
    "trackingState" : "Normal"
  },
  {
    "transform" : [
      -0.1110553,
      -0.99292785,
      0.041962847,
      0,
      -0.0060401545,
      -0.041548897,
      -0.9991182,
      0,
      0.9937959,
      -0.11121083,
      -0.0013831902,
      0,
      4.3582983,
      -1.2482346,
      -7.9052467,
      0.99999994
    ],
    "timestamp" : 1251258327028,
    "trackingState" : "Normal"
  },
  {
    "transform" : [
      -0.11824399,
      -0.9916675,
      0.05112688,
      0,
      -0.02468626,
      -0.048536453,
      -0.9985164,
      0,
      0.99267775,
      -0.11933068,
      -0.018741395,
      0,
      4.3575273,
      -1.243057,
      -7.898723,
      1
    ],
    "timestamp" : 1251258360349,
    "trackingState" : "Normal"
  },
  {
    "transform" : [
      -0.12465206,
      -0.9905467,
      0.057263363,
      0,
      -0.045668468,
      -0.05192448,
      -0.9976063,
      0,
      0.99114895,
      -0.1269688,
      -0.038764235,
      0,
      4.3551903,
      -1.2378912,
      -7.892435,
      1
    ],
    "timestamp" : 1251258393670,
    "trackingState" : "Normal"
  },
  {
    "transform" : [
      -0.13215253,
      -0.9893215,
      0.061471604,
      0,
      -0.075645015,
      -0.05176895,
      -0.99579006,
      0,
      0.9883388,
      -0.13624619,
      -0.06799582,
      0,
      4.353649,
      -1.233392,
      -7.886085,
      1
    ],
    "timestamp" : 1251258426991,
    "trackingState" : "Normal"
  },
  {
    "transform" : [
      -0.13941717,
      -0.9880915,
      0.065099865,
      0,
      -0.10300233,
      -0.050914746,
      -0.99337715,
      0,
      0.9848622,
      -0.14519928,
      -0.094677314,
      0,
      4.351842,
      -1.2291787,
      -7.879906,
      1
    ],
    "timestamp" : 1251258460312,
    "trackingState" : "Normal"
  },
  {
    "transform" : [
      -0.14786561,
      -0.9868345,
      0.065523416,
      0,
      -0.12973282,
      -0.046325605,
      -0.99046624,
      0,
      0.9804618,
      -0.15495643,
      -0.12117485,
      0,
      4.3491497,
      -1.2255456,
      -7.8739586,
      1
    ],
    "timestamp" : 1251258493633,
    "trackingState" : "Normal"
  },
  {
    "transform" : [
      -0.15793571,
      -0.9853528,
      0.06431311,
      0,
      -0.16229658,
      -0.038341712,
      -0.98599684,
      0,
      0.97402066,
      -0.16616191,
      -0.15386383,
      0,
      4.346648,
      -1.2215974,
      -7.867521,
      1
    ],
    "timestamp" : 1251258526954,
    "trackingState" : "Normal"
  },
  {
    "transform" : [
      -0.16787377,
      -0.9835947,
      0.06602799,
      0,
      -0.19565481,
      -0.03240277,
      -0.9801374,
      0,
      0.9661975,
      -0.17745805,
      -0.18700546,
      0,
      4.343627,
      -1.2176088,
      -7.861505,
      0.99999994
    ],
    "timestamp" : 1251258560275,
    "trackingState" : "Normal"
  },
  {
    "transform" : [
      -0.17760697,
      -0.98152125,
      0.07121654,
      0,
      -0.22277611,
      -0.030388042,
      -0.9743959,
      0,
      0.95855445,
      -0.18892485,
      -0.21326233,
      0,
      4.339133,
      -1.2141165,
      -7.8573294,
      0.99999994
    ],
    "timestamp" : 1251258593596,
    "trackingState" : "Normal"
  },
  {
    "transform" : [
      -0.18276568,
      -0.9802874,
      0.07505466,
      0,
      -0.2551016,
      -0.026441699,
      -0.9665526,
      0,
      0.94948393,
      -0.1957992,
      -0.24524023,
      0,
      4.3346233,
      -1.2103404,
      -7.8519526,
      0.9999999
    ],
    "timestamp" : 1251258626917,
    "trackingState" : "Normal"
  },
  {
    "transform" : [
      -0.18516824,
      -0.97963774,
      0.07760582,
      0,
      -0.2887245,
      -0.021252597,
      -0.9571763,
      0,
      0.9393354,
      -0.19964534,
      -0.27891007,
      0,
      4.3296976,
      -1.2066746,
      -7.8463564,
      1
    ],
    "timestamp" : 1251258660238,
    "trackingState" : "Normal"
  },
  {
    "transform" : [
      -0.19085528,
      -0.9785331,
      0.07776379,
      0,
      -0.31518358,
      -0.013936991,
      -0.9489284,
      0,
      0.92964166,
      -0.20561785,
      -0.3057576,
      0,
      4.323555,
      -1.2022102,
      -7.8393817,
      1
    ],
    "timestamp" : 1251258693558,
    "trackingState" : "Normal"
  },
  {
    "transform" : [
      -0.19823626,
      -0.97718036,
      0.076294325,
      0,
      -0.33788007,
      -0.0049390253,
      -0.94117624,
      0,
      0.9200758,
      -0.21235359,
      -0.3291907,
      0,
      4.318475,
      -1.1984317,
      -7.8336024,
      1
    ],
    "timestamp" : 1251258726879,
    "trackingState" : "Normal"
  },
  {
    "transform" : [
      -0.20384708,
      -0.97625536,
      0.07329238,
      0,
      -0.35844022,
      0.004758579,
      -0.9335406,
      0,
      0.9110252,
      -0.21657044,
      -0.35089928,
      0,
      4.3134894,
      -1.194838,
      -7.828306,
      1
    ],
    "timestamp" : 1251258760200,
    "trackingState" : "Normal"
  },
  {
    "transform" : [
      -0.21096669,
      -0.9749279,
      0.0707717,
      0,
      -0.37454715,
      0.013748822,
      -0.927106,
      0,
      0.9028885,
      -0.2220958,
      -0.36805698,
      0,
      4.308113,
      -1.1929672,
      -7.824258,
      1
    ],
    "timestamp" : 1251258793521,
    "trackingState" : "Normal"
  },
  {
    "transform" : [
      -0.21686666,
      -0.9737582,
      0.06901944,
      0,
      -0.3899229,
      0.021588894,
      -0.92059445,
      0,
      0.89494646,
      -0.22655849,
      -0.38437256,
      0,
      4.303271,
      -1.1906455,
      -7.8205905,
      1
    ],
    "timestamp" : 1251258826842,
    "trackingState" : "Normal"
  },
  {
    "transform" : [
      -0.22082381,
      -0.9729119,
      0.068404764,
      0,
      -0.40844917,
