[
  {
    "timestamp" : 1251090503099,
    "transform" : [
      -0.019756842,
      -0.9983241,
      -0.054392677,
      0,
      0.6305777,
      0.029776175,
      -0.7755548,
      0,
      0.7758747,
      -0.049621325,
      0.6289327,
      0,
      -0.8243388,
      -1.2164272,
      3.2752721,
      1
    ],
    "trackingState" : "Normal"
  },
  {
    "timestamp" : 1251090519752,
    "transform" : [
      -0.007197073,
      -0.99872595,
      -0.049946766,
      0,
      0.6346731,
      0.034036014,
      -0.77203083,
      0,
      0.7727473,
      -0.03725623,
      0.63361955,
      0,
      -0.82793325,
      -1.2200357,
      3.2800808,
      1
    ],
    "trackingState" : "Normal"
  },
  {
    "timestamp" : 1251090536405,
    "transform" : [
      0.006019604,
      -0.9989973,
      -0.0443643,
      0,
      0.63913804,
      0.03796406,
      -0.76815444,
      0,
      0.76906854,
      -0.023730922,
      0.63872564,
      0,
      -0.8315398,
      -1.2238648,
      3.2846992,
      1
    ],
    "trackingState" : "Normal"
  },
  {
    "timestamp" : 1251090553058,
    "transform" : [
      0.020099647,
      -0.9991144,
      -0.036964666,
      0,
      0.6434007,
      0.041225117,
      -0.7644188,
      0,
      0.76526564,
      -0.008418545,
      0.6436596,
      0,
      -0.8353451,
      -1.2274061,
      3.2897093,
      1
    ],
    "trackingState" : "Normal"
  },
  {
    "timestamp" : 1251090569711,
    "transform" : [
      0.03506189,
      -0.9989904,
      -0.028083121,
      0,
      0.64695525,
      0.044106312,
      -0.7612512,
      0,
      0.7617215,
      0.008522383,
      0.6478486,
      0,
      -0.8388912,
      -1.2315937,
      3.2941616,
      0.9999999
    ],
    "trackingState" : "Normal"
  },
  {
    "timestamp" : 1251090586364,
    "transform" : [
      0.050904673,
      -0.9985267,
      -0.01879143,
      0,
      0.64940095,
      0.047389455,
      -0.7589682,
      0,
      0.7587406,
      0.026431859,
      0.6508565,
      0,
      -0.8422706,
      -1.2361755,
      3.2984107,
      1
    ],
    "trackingState" : "Normal"
  },
  {
    "timestamp" : 1251090603017,
    "transform" : [
      0.06685252,
      -0.99771166,
      -0.010104821,
      0,
      0.65075886,
      0.051277127,
      -0.7575511,
      0,
      0.75633574,
      0.044068392,
      0.65269774,
      0,
      -0.8454618,
      -1.2410328,
      3.3025997,
      0.99999994
    ],
    "trackingState" : "Normal"
  },
  {
    "timestamp" : 1251090619670,
    "transform" : [
      0.08183041,
      -0.99664503,
      -0.0015501321,
      0,
      0.65075856,
      0.054608993,
      -0.7573184,
      0,
      0.7548623,
      0.060962915,
      0.653044,
      0,
      -0.84842,
      -1.2461463,
      3.306712,
      0.99999994
    ],
    "trackingState" : "Normal"
  },
  {
    "timestamp" : 1251090636323,
    "transform" : [
      0.09596464,
      -0.9953584,
      0.0072457218,
      0,
      0.6497859,
      0.057129614,
      -0.7579675,
      0,
      0.7540353,
      0.07744623,
      0.6522522,
      0,
      -0.85111696,
      -1.251486,
      3.310712,
      1
    ],
    "trackingState" : "Normal"
  },
  {
    "timestamp" : 1251090652976,
    "transform" : [
      0.10965699,
      -0.9938401,
      0.016037045,
      0,
      0.6481206,
      0.059260204,
      -0.75922847,
      0,
      0.75360143,
      0.093648635,
      0.6506266,
      0,
      -0.85356027,
      -1.2569871,
      3.3145945,
      1
    ],
    "trackingState" : "Normal"
  },
  {
    "timestamp" : 1251090669629,
    "transform" : [
      0.12315247,
      -0.9920777,
      0.0248058,
      0,
      0.6455701,
      0.061104164,
      -0.7612527,
      0,
      0.75370604,
      0.109764025,
      0.64798087,
      0,
      -0.85580003,
      -1.262595,
      3.3183475,
      1
    ],
    "trackingState" : "Normal"
  },
  {
    "timestamp" : 1251090686282,
    "transform" : [
      0.13696699,
      -0.98997676,
      0.034439426,
      0,
      0.64233124,
      0.062294587,
      -0.76389134,
      0,
      0.7540893,
      0.12674943,
      0.6444253,
      0,
      -0.85898983,
      -1.2678626,
      3.322228,
      1
    ],
    "trackingState" : "Normal"
  },
  {
    "timestamp" : 1251090702935,
    "transform" : [
      0.15136054,
      -0.9874289,
      0.04554202,
      0,
      0.63937855,
      0.06266403,
      -0.76633435,
      0,
      0.7538469,
      0.14511137,
      0.64082575,
      0,
      -0.8613446,
      -1.2735406,
      3.3257003,
      1
    ],
    "trackingState" : "Normal"
  },
  {
    "timestamp" : 1251090719588,
    "transform" : [
      0.16647436,
      -0.98436886,
      0.057481647,
      0,
      0.63712907,
      0.06289208,
      -0.7681868,
      0,
      0.75256413,
      0.16450666,
      0.63764,
      0,
      -0.8633109,
      -1.2794139,
      3.3289638,
      0.9999999
    ],
    "trackingState" : "Normal"
  },
  {
    "timestamp" : 1251090736241,
    "transform" : [
      0.18176888,
      -0.9809053,
      0.069172725,
      0,
      0.634503,
      0.063255064,
      -0.7703277,
      0,
      0.75124305,
      0.1839119,
      0.6338852,
      0,
      -0.8650001,
      -1.2854097,
      3.332117,
      1
    ],
    "trackingState" : "Normal"
  },
  {
    "timestamp" : 1251090752894,
    "transform" : [
      0.1971707,
      -0.9770629,
      0.08044832,
      0,
      0.6314454,
      0.06379606,
      -0.7727915,
      0,
      0.7499336,
      0.20317058,
      0.62954056,
      0,
      -0.86791337,
      -1.290887,
      3.3361704,
      1
    ],
    "trackingState" : "Normal"
  },
  {
    "timestamp" : 1251090769547,
    "transform" : [
      0.21191455,
      -0.97298807,
      0.09157761,
      0,
      0.6278456,
      0.06373217,
      -0.77572423,
      0,
      0.74893403,
      0.22188388,
      0.6243921,
      0,
      -0.8695714,
      -1.2968202,
      3.3395164,
      1
    ],
    "trackingState" : "Normal"
  },
  {
    "timestamp" : 1251090786200,
    "transform" : [
      0.2262351,
      -0.9687253,
      0.10192582,
      0,
      0.6236836,
      0.06368255,
      -0.7790785,
      0,
      0.7482223,
      0.23982438,
      0.61858535,
      0,
      -0.8706199,
      -1.302894,
      3.3426223,
      0.99999994
    ],
    "trackingState" : "Normal"
  },
  {
    "timestamp" : 1251090802853,
    "transform" : [
      0.23998898,
      -0.9644188,
      0.11091222,
      0,
      0.6190661,
      0.06403381,
      -0.78272396,
      0,
      0.7477717,
      0.25650713,
      0.61240655,
      0,
      -0.8712433,
      -1.3089402,
      3.3456357,
      0.99999994
    ],
    "trackingState" : "Normal"
  },
  {
    "timestamp" : 1251090819506,
    "transform" : [
      0.25213733,
      -0.9603712,
      0.1188022,
      0,
      0.6135705,
      0.06372434,
      -0.7870645,
      0,
      0.74830353,
      0.27134186,
      0.60532266,
      0,
      -0.8714833,
      -1.3148801,
      3.348543,
      1
    ],
    "trackingState" : "Normal"
  },
  {
    "timestamp" : 1251090836159,
    "transform" : [
      0.26217943,
      -0.95665765,
      0.12675986,
      0,
      0.6069226,
      0.061337844,
      -0.7923905,
      0,
      0.7502713,
      0.28468192,
      0.5966987,
      0,
      -0.87138426,
      -1.3207389,
      3.3512797,
      1
    ],
    "trackingState" : "Normal"
  },
  {
    "timestamp" : 1251090852812,
    "transform" : [
      0.27122802,
      -0.9528336,
      0.13617456,
      0,
      0.60048574,
      0.05694061,
      -0.7976056,
      0,
      0.7522316,
      0.29810384,
      0.5876069,
      0,
      -0.8718896,
      -1.3262068,
      3.353328,
      1
    ],
    "trackingState" : "Normal"
  },
  {
    "timestamp" : 1251090869465,
    "transform" : [
      0.28090355,
      -0.94853204,
      0.14621966,
      0,
      0.5953343,
      0.052713353,
      -0.8017471,
      0,
      0.75277513,
      0.3122632,
      0.57950103,
      0,
      -0.87174976,
      -1.3318882,
      3.3557503,
      1
    ],
    "trackingState" : "Normal"
  },
  {
    "timestamp" : 1251090886118,
    "transform" : [
      0.29172966,
      -0.943952,
      0.15442887,
      0,
      0.5904746,
      0.050714962,
      -0.80546117,
      0,
      0.752485,
      0.32616323,
      0.5721748,
      0,
      8.64372e-05,
      -0.022723513,
      0.009969677,
      0.99999994
    ],
    "trackingState" : "Normal"
  },
  {
    "timestamp" : 1251090902770,
    "transform" : [
      0.30349016,
      -0.9393975,
      0.15945561,
      0,
      0.58390766,
      0.051115528,
      -0.81020933,
      0,
      0.75295794,
      0.33899787,
      0.56403446,
      0,
      0.00055348873,
      -0.028361917,
      0.013017416,
      1
    ],
    "trackingState" : "Normal"
  },
  {
    "timestamp" : 1251090919423,
    "transform" : [
      0.3148565,
      -0.93514407,
      0.16239135,
      0,
      0.57478607,
      0.05170891,
      -0.81666833,
      0,
      0.7553055,
      0.35047364,
      0.5537887,
      0,
      0.0011509657,
      -0.033838034,
      0.0161767,
      1
    ],
    "trackingState" : "Normal"
  },
  {
    "timestamp" : 1251090936076,
    "transform" : [
      0.3244155,
      -0.93132055,
      0.1655191,
      0,
      0.56374925,
      0.049852226,
      -0.82444024,
      0,
      0.7595666,
      0.36077243,
      0.54120415,
      0,
      0.0018703938,
      -0.039146185,
      0.019235611,
      1
    ],
    "trackingState" : "Normal"
  },
  {
    "timestamp" : 1251090952730,
    "transform" : [
      0.3329856,
      -0.9273896,
      0.17049667,
      0,
      0.55355513,
      0.04588123,
      -0.83154774,
      0,
      0.76334614,
      0.37127274,
      0.5286391,
      0,
      0.0023039966,
      -0.044243064,
      0.022498438,
      1.0000001
    ],
    "trackingState" : "Normal"
  },
  {
    "timestamp" : 1251090969382,
    "transform" : [
      0.3420618,
      -0.9228503,
      0.17703415,
      0,
      0.5454549,
      0.041591395,
      -0.83710766,
      0,
      0.76516193,
      0.38290665,
      0.5176,
      0,
      0.002865553,
      -0.049322844,
      0.025370598,
      1
    ],
    "trackingState" : "Normal"
  },
  {
    "timestamp" : 1251090986035,
    "transform" : [
      0.35257787,
      -0.9175997,
      0.18357472,
      0,
      0.5391131,
      0.038830664,
      -0.8413378,
      0,
      0.76488304,
      0.39560458,
      0.5083809,
      0,
      0.0033361106,
      -0.054429498,
      0.028160164,
      1.0000001
    ],
    "trackingState" : "Normal"
  },
  {
    "timestamp" : 1251091002688,
    "transform" : [
      0.36462957,
      -0.9118529,
      0.18859899,
      0,
      0.5339806,
      0.03883699,
      -0.8446044,
      0,
      0.7628302,
      0.40867588,
      0.5010729,
      0,
      0.0036830902,
      -0.059549928,
      0.031019926,
      1
    ],
    "trackingState" : "Normal"
  },
  {
    "timestamp" : 1251091019341,
    "transform" : [
      0.3770634,
      -0.90605783,
      0.19204804,
      0,
      0.5286561,
      0.040288024,
      -0.84787947,
      0,
      0.76049066,
      0.4212317,
      0.49418414,
      0,
      0.0039672256,
      -0.06460881,
      0.033894062,
      1
    ],
    "trackingState" : "Normal"
  },
  {
    "timestamp" : 1251091035994,
    "transform" : [
      0.3882195,
      -0.90059996,
      0.19546191,
      0,
      0.5223344,
      0.040293418,
      -0.8517883,
      0,
      0.7592447,
      0.43277732,
      0.48605704,
      0,
      0.004268716,
      -0.06955977,
      0.036608662,
      0.99999994
    ],
    "trackingState" : "Normal"
  },
  {
    "timestamp" : 1251091052647,
    "transform" : [
      0.3977104,
      -0.89537734,
      0.20031428,
      0,
      0.515605,
      0.0375166,
      -0.85600466,
      0,
      0.7589322,
      0.443725,
      0.47658184,
      0,
      0.0044330955,
      -0.074834585,
      0.03976202,
      1
    ],
    "trackingState" : "Normal"
  },
  {
    "timestamp" : 1251091069300,
    "transform" : [
      0.4064491,
      -0.88994724,
      0.2068646,
      0,
      0.5104734,
      0.03341125,
      -0.85924417,
      0,
      0.7577705,
      0.4548379,
      0.46787438,
      0,
      0.0047270656,
      -0.07968414,
      0.04217577,
      1
    ],
    "trackingState" : "Normal"
  },
  {
    "timestamp" : 1251091085953,
    "transform" : [
      0.41523612,
      -0.8841834,
      0.21400635,
      0,
      0.50788665,
      0.030147126,
      -0.8608963,
      0,
      0.7547385,
      0.46616617,
      0.4615831,
      0,
      0.0050267577,
      -0.08427763,
      0.044329166,
      1
    ],
    "trackingState" : "Normal"
  },
  {
    "timestamp" : 1251091102606,
    "transform" : [
      0.42387655,
      -0.87851745,
      0.22030844,
      0,
      0.506278,
      0.028130362,
      -0.86191136,
      0,
      0.7510069,
      0.47688133,
      0.45669785,
      0,
      0.0053117275,
      -0.08869374,
      0.046431303,
      1
    ],
    "trackingState" : "Normal"
  },
  {
    "timestamp" : 1251091119259,
    "transform" : [
      0.432078,
      -0.8731688,
      0.22557671,
      0,
      0.5048806,
      0.026944727,
      -0.86276853,
      0,
      0.74726456,
      0.4866726,
      0.45248824,
      0,
      0.005607198,
      -0.09298177,
      0.048562016,
      0.99999994
    ],
    "trackingState" : "Normal"
  },
  {
    "timestamp" : 1251091135912,
    "transform" : [
      0.4399775,
      -0.867966,
      0.23033626,
      0,
      0.5041631,
      0.026491439,
      -0.8632021,
      0,
      0.7431281,
      0.49591652,
      0.44925213,
      0,
      0.0059419973,
      -0.09713204,
      0.05070683,
      0.99999994
    ],
    "trackingState" : "Normal"
  },
  {
    "timestamp" : 1251091152565,
    "transform" : [
      0.44734284,
      -0.86276066,
      0.23564464,
      0,
      0.5052359,
      0.026370877,
      -0.8625782,
      0,
      0.73798454,
      0.5049243,
      0.44769457,
      0,
      0.00637722,
      -0.10115254,
      0.052808523,
      1
    ],
    "trackingState" : "Normal"
  },
  {
    "timestamp" : 1251091169218,
    "transform" : [
      0.45380592,
      -0.85754305,
      0.24223961,
      0,
      0.5080257,
      0.02563886,
      -0.86096025,
      0,
      0.7320998,
      0.5137728,
      0.44728905,
      0,
      0.0053555965,
      -0.10541308,
      0.054702044,
      1
    ],
    "trackingState" : "Normal"
  },
  {
    "timestamp" : 1251091185871,
    "transform" : [
      0.45924774,
      -0.85249853,
      0.24967498,
      0,
      0.51116925,
      0.023747353,
      -0.85915184,
      0,
      0.72649676,
      0.52218974,
      0.446677,
      0,
      0.0055449815,
      -0.10933021,
      0.05658548,
      0.9999999
    ],
    "trackingState" : "Normal"
  },
  {
    "timestamp" : 1251091202524,
    "transform" : [
      0.4643814,
      -0.8475603,
      0.25688806,
      0,
      0.5138888,
      0.02163539,
      -0.857584,
      0,
      0.72129625,
      0.53025794,
      0.4455988,
      0,
      0.0061900616,
      -0.113078594,
      0.05846286,
      1
    ],
    "trackingState" : "Normal"
  },
  {
    "timestamp" : 1251091219177,
    "transform" : [
      0.46918288,
      -0.84294087,
      0.2632835,
      0,
      0.5157614,
      0.01955259,
      -0.85650915,
      0,
      0.7168387,
      0.5376508,
      0.44393006,
      0,
      0.0070086718,
      -0.11672151,
      0.060338974,
      1
    ],
    "trackingState" : "Normal"
  },
  {
    "timestamp" : 1251091235830,
    "transform" : [
      0.4730925,
      -0.83893263,
      0.26902696,
      0,
      0.5181302,
      0.017969295,
      -0.855113,
      0,
      0.712548,
      0.5439385,
      0.4431775,
      0,
      0.007905006,
      -0.12029481,
      0.06222081,
      1
    ],
    "trackingState" : "Normal"
  },
  {
    "timestamp" : 1251091252483,
    "transform" : [
      0.47602272,
      -0.8355119,
      0.27444875,
      0,
      0.5228475,
      0.017943267,
      -0.85223734,
      0,
      0.70713,
      0.5491792,
      0.4453867,
      0,
      0.008841346,
      -0.12380917,
      0.06414338,
      0.99999994
    ],
    "trackingState" : "Normal"
  },
  {
    "timestamp" : 1251091269136,
    "transform" : [
      0.4782212,
      -0.832598,
      0.27943724,
      0,
      0.5294437,
      0.019450387,
      -0.8481221,
      0,
      0.7007096,
      0.55353624,
      0.45011538,
      0,
      0.009028772,
      -0.1277177,
      0.06627733,
      1.0000001
    ],
    "trackingState" : "Normal"
  },
  {
    "timestamp" : 1251091285789,
    "transform" : [
      0.48021558,
      -0.8300351,
      0.28361022,
      0,
      0.5358413,
      0.02161401,
      -0.84404206,
      0,
      0.6944546,
      0.5572922,
      0.4551465,
      0,
      0.009688377,
      -0.13127959,
      0.06833577,
      1
    ],
    "trackingState" : "Normal"
  },
  {
    "timestamp" : 1251091302442,
    "transform" : [
      0.48191229,
      -0.8276249,
      0.28774568,
      0,
      0.54202133,
      0.02354976,
      -0.8400347,
      0,
      0.68845737,
      0.5607874,
      0.45993927,
      0,
      0.010439932,
      -0.13463306,
      0.070325375,
      1
    ],
    "trackingState" : "Normal"
  },
  {
    "timestamp" : 1251091319095,
    "transform" : [
      0.48283216,
      -0.8253623,
      0.29266047,
      0,
      0.5488815,
      0.024826191,
      -0.8355314,
      0,
      0.6823506,
      0.5640574,
      0.465013,
      0,
      0.011161923,
      -0.13780844,
      0.0722301,
      1
    ],
    "trackingState" : "Normal"
  },
  {
    "timestamp" : 1251091335748,
    "transform" : [
      0.4833436,
      -0.8228684,
      0.29877514,
      0,
      0.5571258,
      0.025875852,
      -0.83002484,
      0,
      0.67527014,
      0.5676425,
      0.47094825,
      0,
      0.0118281245,
      -0.1408453,
      0.074041605,
      1
    ],
    "trackingState" : "Normal"
  },
  {
    "timestamp" : 1251091352401,
    "transform" : [
      0.48414537,
      -0.8197664,
      0.30591884,
      0,
      0.56635666,
      0.027091928,
      -0.82371485,
      0,
      0.66696584,
      0.5720569,
      0.47739658,
      0,
      0.012437999,
      -0.14378214,
      0.075773954,
      1
    ],
    "trackingState" : "Normal"
  },
  {
    "timestamp" : 1251091369054,
    "transform" : [
      0.48529294,
      -0.816125,
      0.3137368,
      0,
      0.575736,
      0.028220009,
      -0.8171485,
      0,
      0.6580417,
      0.5771859,
      0.48356757,
      0,
      0.012414992,
      -0.1469276,
      0.07794213,
      1
    ],
    "trackingState" : "Normal"
  },
  {
    "timestamp" : 1251091385707,
    "transform" : [
      0.48635098,
      -0.81246144,
      0.3215107,
      0,
      0.5848951,
      0.029361444,
      -0.81057733,
      0,
      0.64912283,
      0.58227515,
      0.48948473,
      0,
      0.012813628,
      -0.1498295,
      0.079690695,
      1
    ],
    "trackingState" : "Normal"
  },
  {
    "timestamp" : 1251091402360,
    "transform" : [
      0.48703855,
      -0.8089382,
      0.32926044,
      0,
      0.59413636,
      0.030550027,
      -0.80378395,
      0,
      0.64015263,
      0.5870994,
      0.4954987,
      0,
      0.013373256,
      -0.1525855,
      0.0812192,
      1
    ],
    "trackingState" : "Normal"
  },
  {
    "timestamp" : 1251091419013,
    "transform" : [
      0.48697987,
      -0.80563116,
      0.33735597,
      0,
      0.60376716,
      0.031409346,
      -0.79654175,
      0,
      0.63112265,
      0.5915842,
      0.5017094,
      0,
      0.014010966,
      -0.15521252,
      0.0825727,
      1
    ],
    "trackingState" : "Normal"
  },
  {
    "timestamp" : 1251091435666,
    "transform" : [
      0.48613116,
      -0.8023361,
      0.34631392,
      0,
      0.6138894,
      0.031496756,
      -0.78876346,
      0,
      0.6219457,
      0.59604096,
      0.5078572,
      0,
      0.014706612,
      -0.1576984,
      0.083744526,
      1
    ],
    "trackingState" : "Normal"
  },
  {
    "timestamp" : 1251091452319,
    "transform" : [
      0.48479268,
      -0.7990703,
      0.3556161,
      0,
      0.6239255,
      0.03101763,
      -0.78086805,
      0,
      0.61293817,
      0.60043705,
      0.5135974,
      0,
      0.015446404,
      -0.1600487,
      0.084769316,
      1.0000001
    ],
    "trackingState" : "Normal"
  },
  {
    "timestamp" : 1251091468971,
    "transform" : [
      0.48350716,
      -0.7959378,
      0.36428547,
      0,
      0.63338053,
      0.030868707,
      -0.7732246,
      0,
      0.6041936,
      0.6045909,
      0.51905674,
      0,
      0.016004205,
      -0.16236722,
      0.086201906,
      1
    ],
    "trackingState" : "Normal"
  },
  {
    "timestamp" : 1251091485625,
    "transform" : [
      0.48231238,
      -0.7931402,
      0.3718917,
      0,
      0.6425801,
      0.03179696,
      -0.7655585,
      0,
      0.59537023,
      0.60820854,
      0.52499217,
      0,
      0.016757369,
      -0.1644578,
      0.0872736,
      1
    ],
    "trackingState" : "Normal"
  },
  {
    "timestamp" : 1251091502277,
    "transform" : [
      0.4809733,
      -0.7909593,
      0.37821698,
      0,
      0.6514491,
      0.03370922,
      -0.7579432,
      0,
      0.5867529,
      0.61093956,
      0.53148293,
      0,
      0.017629504,
      -0.16633713,
      0.08819151,
      1
    ],
    "trackingState" : "Normal"
  },
  {
    "timestamp" : 1251091518930,
    "transform" : [
      0.47957686,
      -0.789232,
      0.38356054,
      0,
      0.65991795,
      0.036280952,
      -0.75046116,
      0,
      0.57837206,
      0.6130223,
      0.538228,
      0,
      0.018580755,
      -0.16800371,
      0.088987045,
      0.9999999
    ],
    "trackingState" : "Normal"
  },
  {
    "timestamp" : 1251091535583,
    "transform" : [
      0.4784602,
      -0.7874043,
      0.38867766,
      0,
      0.6680818,
      0.0391682,
      -0.74305624,
      0,
      0.5698619,
      0.6151913,
      0.544791,
      0,
      0.019592524,
      -0.16946566,
      0.089618206,
      1
    ],
    "trackingState" : "Normal"
  },
  {
    "timestamp" : 1251091552236,
    "transform" : [
      0.47740674,
      -0.7849595,
      0.39486888,
      0,
      0.6764121,
      0.041473407,
      -0.7353548,
      0,
      0.56084716,
      0.6181574,
      0.5507558,
      0,
      0.020706475,
      -0.17073047,
      0.09000707,
      1
    ],
    "trackingState" : "Normal"
  },
  {
    "timestamp" : 1251091568889,
    "transform" : [
      0.47588867,
      -0.7823083,
      0.4019001,
      0,
      0.6844181,
      0.04241525,
      -0.72785497,
      0,
      0.5523603,
      0.62144566,
      0.55561095,
      0,
      0.02187246,
      -0.17234313,
      0.09120345,
      1
    ],
    "trackingState" : "Normal"
  },
  {
    "timestamp" : 1251091585543,
    "transform" : [
      0.47373372,
      -0.77999514,
      0.40888143,
      0,
      0.6920205,
      0.042543873,
      -0.72062314,
      0,
      0.5446872,
      0.62433773,
      0.55992705,
      0,
      0.023298541,
      -0.17342553,
      0.091499634,
      1.0000001
    ],
    "trackingState" : "Normal"
  },
  {
    "timestamp" : 1251091602195,
    "transform" : [
      0.4713044,
      -0.77857536,
      0.4143578,
      0,
      0.6992129,
      0.04349071,
      -0.7135894,
      0,
      0.5375625,
      0.6260421,
      0.5648874,
      0,
      0.02491506,
      -0.17420533,
      0.09145897,
      0.9999999
    ],
    "trackingState" : "Normal"
  },
  {
    "timestamp" : 1251091618849,
    "transform" : [
      0.4687681,
      -0.77810234,
      0.4181067,
      0,
      0.7063675,
      0.04600077,
      -0.706349,
      0,
      0.5303787,
      0.62645084,
      0.5711899,
      0,
      0.0266878,
      -0.17476928,
      0.09125304,
      1
    ],
    "trackingState" : "Normal"
  },
  {
    "timestamp" : 1251091635501,
    "transform" : [
      0.4661528,
      -0.77845925,
      0.42036027,
      0,
      0.7135902,
      0.049974643,
      -0.6987787,
      0,
      0.5229634,
      0.62570256,
      0.57879674,
      0,
      0.028598249,
      -0.17516434,
      0.090904,
      1
    ],
    "trackingState" : "Normal"
  },
  {
    "timestamp" : 1251091652154,
    "transform" : [
      0.46344855,
      -0.77921146,
      0.4219537,
      0,
      0.72083724,
      0.054568958,
      -0.69095296,
      0,
      0.51537293,
      0.62438107,
      0.5869745,
      0,
      0.030643284,
      -0.17544985,
      0.090359926,
      1
    ],
    "trackingState" : "Normal"
  },
  {
    "timestamp" : 1251091668807,
    "transform" : [
      0.46034083,
      -0.77994764,
      0.42399055,
      0,
      0.72849405,
      0.05894914,
      -0.68251115,
      0,
      0.5073291,
      0.6230623,
      0.5953239,
      0,
      0.033057332,
      -0.17580009,
      0.09009242,
      1
    ],
    "trackingState" : "Normal"
  },
  {
    "timestamp" : 1251091685460,
    "transform" : [
      0.4565523,
      -0.7804757,
      0.42710385,
      0,
      0.73608917,
      0.061715323,
      -0.6740653,
      0,
      0.4997327,
      0.6221326,
      0.6026759,
      0,
      0.0354401,
      -0.17593642,
      0.08919021,
      0.99999994
    ],
    "trackingState" : "Normal"
  },
  {
    "timestamp" : 1251091702113,
    "transform" : [
      0.45248532,
      -0.78077126,
      0.4308748,
      0,
      0.7431618,
      0.06307926,
      -0.6661317,
      0,
      0.49291727,
      0.6216245,
      0.608782,
      0,
      0.037859403,
      -0.17594019,
      0.08793276,
      0.9999999
    ],
    "trackingState" : "Normal"
  },
  {
    "timestamp" : 1251091718766,
    "transform" : [
      0.44886842,
      -0.78063846,
      0.43488014,
      0,
      0.7496776,
      0.064121194,
      -0.6586897,
      0,
      0.48631358,
      0.62168485,
      0.61400914,
      0,
      0.040281117,
      -0.17581522,
      0.08645606,
      1
    ],
    "trackingState" : "Normal"
  },
  {
    "timestamp" : 1251091735419,
    "transform" : [
      0.44578287,
      -0.7799888,
      0.43919826,
      0,
      0.75602776,
      0.06537126,
      -0.65126705,
      0,
      0.47927007,
      0.6223697,
      0.61883456,
      0,
      0.04270798,
      -0.17554736,
      0.084805965,
      1
    ],
    "trackingState" : "Normal"
  },
  {
    "timestamp" : 1251091752072,
    "transform" : [
      0.4428038,
      -0.7791289,
      0.4437149,
      0,
      0.76225674,
      0.06654419,
      -0.6438452,
      0,
      0.4721118,
      0.6233218,
      0.62336236,
      0,
      0.04517013,
      -0.17511046,
      0.083004,
      1
    ],
    "trackingState" : "Normal"
  },
  {
    "timestamp" : 1251091768725,
    "transform" : [
      0.43940845,
      -0.7785768,
      0.44803846,
      0,
      0.76803106,
      0.06694492,
      -0.63690406,
      0,
      0.46588486,
      0.6239684,
      0.62738734,
      0,
      0.047679782,
      -0.17448628,
      0.08108854,
      1
    ],
    "trackingState" : "Normal"
  },
  {
    "timestamp" : 1251091785378,
    "transform" : [
      0.43578947,
      -0.7786526,
      0.45142832,
      0,
      0.772807,
      0.06661339,
      -0.6311355,
      0,
      0.46136418,
      0.6239092,
      0.6307777,
      0,
      0.051156353,
      -0.17381473,
      0.07997056,
      0.99999994
    ],
    "trackingState" : "Normal"
  },
  {
    "timestamp" : 1251091802031,
    "transform" : [
      0.4326356,
      -0.7791399,
      0.45361608,
      0,
      0.7763952,
      0.06621192,
      -0.6267587,
      0,
      0.458298,
      0.62334347,
      0.6335661,
      0,
      0.054198124,
      -0.1729109,
      0.07852084,
      1.0000001
    ],
    "trackingState" : "Normal"
  },
  {
    "timestamp" : 1251091818684,
    "transform" : [
      0.4300683,
      -0.7799322,
      0.45469445,
      0,
      0.7793456,
      0.0665086,
      -0.6230548,
      0,
      0.45569947,
      0.6223201,
      0.63644,
      0,
      0.05678749,
      -0.17176878,
      0.076755285,
      1
    ],
    "trackingState" : "Normal"
  },
  {
    "timestamp" : 1251091835337,
    "transform" : [
      0.4274681,
      -0.7813651,
      0.45468622,
      0,
      0.7819107,
      0.0671163,
      -0.61976695,
      0,
      0.4537475,
      0.6204546,
      0.6396479,
      0,
      0.059164762,
      -0.17040956,
      0.07489705,
      1
    ],
    "trackingState" : "Normal"
  },
  {
    "timestamp" : 1251091851990,
    "transform" : [
      0.42467153,
      -0.7834556,
      0.45370847,
      0,
      0.7837685,
      0.06729975,
      -0.61739594,
      0,
      0.4531679,
      0.61779284,
      0.64262813,
      0,
      0.061393023,
      -0.16887832,
      0.07300687,
      1
    ],
    "trackingState" : "Normal"
  },
  {
    "timestamp" : 1251091868643,
    "transform" : [
      0.4222922,
      -0.78560495,
      0.45221037,
      0,
      0.78509897,
      0.067629576,
      -0.61566705,
      0,
      0.4530883,
      0.6150213,
      0.6453371,
      0,
      0.06346873,
      -0.16719994,
      0.07108266,
      1.0000001
    ],
    "trackingState" : "Normal"
  },
  {
    "timestamp" : 1251091885296,
    "transform" : [
      0.42071885,
      -0.7876896,
      0.4500452,
      0,
      0.7859298,
      0.06869191,
      -0.61448836,
      0,
      0.45311168,
      0.6122307,
      0.6479687,
      0,
      0.06598449,
      -0.16536367,
      0.070197344,
      1
    ],
    "trackingState" : "Normal"
  },
  {
    "timestamp" : 1251091901949,
    "transform" : [
      0.41980124,
      -0.7896653,
      0.44743228,
      0,
      0.7863262,
      0.07023749,
      -0.613806,
      0,
      0.45327485,
      0.6095042,
      0.6504204,
      0,
      0.06811887,
      -0.16336823,
      0.06888008,
      1
    ],
    "trackingState" : "Normal"
  },
  {
    "timestamp" : 1251091918602,
    "transform" : [
      0.41921458,
      -0.7916143,
      0.44452897,
      0,
      0.7863792,
      0.071907766,
      -0.6135447,
      0,
      0.4537257,
      0.60677516,
      0.65265375,
      0,
      0.06987695,
      -0.16121003,
      0.067079134,
      1.0000001
    ],
    "trackingState" : "Normal"
  },
  {
    "timestamp" : 1251091935255,
    "transform" : [
      0.4188435,
      -0.7935883,
      0.44134766,
      0,
      0.7864338,
      0.07402878,
      -0.6132224,
      0,
      0.45397374,
      0.6039349,
      0.6551112,
      0,
      0.07145367,
      -0.15887102,
      0.06507904,
      1.0000001
    ],
    "trackingState" : "Normal"
  },
  {
    "timestamp" : 1251091951908,
    "transform" : [
      0.41833287,
      -0.7957653,
      0.43789867,
      0,
      0.7866474,
      0.07640295,
      -0.6126569,
      0,
      0.45407438,
      0.60076636,
      0.65794855,
      0,
      0.07292414,
      -0.15634012,
      0.06296134,
      1
    ],
    "trackingState" : "Normal"
  },
  {
    "timestamp" : 1251091968561,
    "transform" : [
      0.41725823,
      -0.798318,
      0.4342625,
      0,
      0.78718406,
      0.07870455,
      -0.6116755,
      0,
      0.4541332,
      0.5970712,
      0.6612634,
      0,
      0.07432717,
      -0.15362,
      0.060756683,
      1
    ],
    "trackingState" : "Normal"
  },
  {
    "timestamp" : 1251091985214,
    "transform" : [
      0.41536474,
      -0.8012756,
      0.43061507,
      0,
      0.78802955,
      0.08048716,
      -0.61035323,
      0,
      0.45440227,
      0.59285665,
      0.6648606,
      0,
      0.075549245,
      -0.15036106,
      0.05917859,
      1
    ],
    "trackingState" : "Normal"
  },
  {
    "timestamp" : 1251092001867,
    "transform" : [
      0.4132057,
      -0.80422837,
      0.42717424,
      0,
      0.7887037,
      0.0815732,
      -0.6093376,
      0,
      0.45520073,
      0.5886956,
      0.66800433,
      0,
      0.07675374,
      -0.14708848,
      0.057359185,
      0.99999994
    ],
    "trackingState" : "Normal"
  },
  {
    "timestamp" : 1251092018520,
    "transform" : [
      0.41068053,
      -0.80730695,
      0.42378873,
      0,
      0.78907454,
      0.08180784,
      -0.6088258,
      0,
      0.4568401,
      0.5844338,
      0.67062235,
      0,
      0.07797617,
      -0.14386106,
      0.05521989,
      1
    ],
    "trackingState" : "Normal"
  },
  {
    "timestamp" : 1251092035172,
    "transform" : [
      0.40733445,
      -0.8109867,
      0.41997504,
      0,
      0.78871536,
      0.08053502,
      -0.60946035,
      0,
      0.46044162,
      0.579495,
      0.67244256,
      0,
      0.07918318,
      -0.14057985,
      0.052981783,
      0.9999999
    ],
    "trackingState" : "Normal"
  },
  {
    "timestamp" : 1251092051826,
    "transform" : [
      0.403122,
      -0.8153476,
      0.41557306,
      0,
      0.78773284,
      0.07802051,
      -0.6110564,
      0,
      0.4658002,
      0.57369083,
      0.67372787,
      0,
      0.08034009,
      -0.13725233,
      0.050735712,
      1
    ],
    "trackingState" : "Normal"
  },
  {
    "timestamp" : 1251092068479,
    "transform" : [
      0.3987897,
      -0.82000804,
      0.4105529,
      0,
      0.78659713,
      0.07572835,
      -0.61280537,
      0,
      0.47141477,
      0.5673201,
      0.67521566,
      0,
      0.08140385,
      -0.13389885,
      0.04852462,
      1
    ],
    "trackingState" : "Normal"
  },
  {
    "timestamp" : 1251092085132,
    "transform" : [
      0.3944631,
      -0.8248788,
      0.40493694,
      0,
      0.78543806,
      0.07393722,
      -0.6145082,
      0,
      0.4769549,
      0.5604537,
      0.6770568,
      0,
      0.08245063,
      -0.1304599,
      0.046717644,
      1
    ],
    "trackingState" : "Normal"
  },
  {
    "timestamp" : 1251092101784,
    "transform" : [
      0.3899628,
      -0.8297001,
      0.399408,
      0,
      0.78427607,
      0.07197033,
      -0.6162236,
      0,
      0.4825353,
      0.55355036,
      0.6787796,
      0,
      0.0833785,
      -0.12709554,
      0.044770207,
      0.99999994
    ],
    "trackingState" : "Normal"
  },
  {
    "timestamp" : 1251092118438,
    "transform" : [
      0.3854851,
      -0.8340141,
      0.39474264,
      0,
      0.78308135,
      0.06942632,
      -0.6180321,
      0,
      0.48804197,
      0.5473578,
      0.6798637,
      0,
      0.08410865,
      -0.123865604,
      0.042554855,
      1
    ],
    "trackingState" : "Normal"
  },
  {
    "timestamp" : 1251092135090,
    "transform" : [
      0.3818,
      -0.8376844,
      0.39052978,
      0,
      0.78166246,
      0.06718751,
      -0.62007236,
      0,
      0.4931863,
      0.5420061,
      0.68043864,
      0,
      0.084582984,
      -0.12073743,
      0.04024172,
      1
    ],
    "trackingState" : "Normal"
  },
  {
    "timestamp" : 1251092151744,
    "transform" : [
      0.379148,
      -0.8411668,
      0.38559693,
      0,
      0.779766,
      0.06607988,
      -0.6225738,
      0,
      0.4982083,
      0.5367231,
      0.68096745,
      0,
      0.08479007,
      -0.117690355,
      0.03795712,
      0.9999999
    ],
    "trackingState" : "Normal"
  },
  {
    "timestamp" : 1251092168396,
    "transform" : [
      0.37687784,
      -0.8450082,
      0.3793734,
      0,
      0.7775531,
      0.066041104,
      -0.62533975,
      0,
      0.503363,
      0.5306597,
      0.6819283,
      0,
      0.08475125,
      -0.114696026,
      0.035770178,
      1
    ],
    "trackingState" : "Normal"
  },
  {
    "timestamp" : 1251092185049,
    "transform" : [
      0.37428305,
      -0.8493787,
      0.37211287,
      0,
      0.775272,
      0.06644689,
      -0.6281227,
      0,
      0.50878835,
      0.52358437,
      0.6833695,
      0,
      0.08488935,
      -0.111517906,
      0.034284353,
      1
    ],
    "trackingState" : "Normal"
  },
  {
    "timestamp" : 1251092201702,
    "transform" : [
      0.37124515,
      -0.8539586,
      0.36459818,
      0,
      0.77337444,
      0.06706621,
      -0.630392,
      0,
      0.51387644,
      0.5160009,
      0.6853278,
      0,
      0.084709115,
      -0.1083879,
      0.032728877,
      0.99999994
    ],
    "trackingState" : "Normal"
  },
  {
    "timestamp" : 1251092218355,
    "transform" : [
      0.36792952,
      -0.858449,
      0.35734183,
      0,
      0.77223253,
      0.06802819,
      -0.63168764,
      0,
      0.51796234,
      0.5083674,
      0.6879518,
      0,
      0.084092915,
      -0.10536289,
      0.030855179,
      1
    ],
    "trackingState" : "Normal"
  },
  {
    "timestamp" : 1251092235008,
    "transform" : [
      0.3643069,
      -0.8628001,
      0.35050896,
      0,
      0.77175623,
      0.06905303,
      -0.6321583,
      0,
      0.52122253,
      0.50080705,
      0.6910279,
      0,
      0.083214164,
      -0.10235798,
      0.028868675,
      1
    ],
    "trackingState" : "Normal"
  },
  {
    "timestamp" : 1251092251661,
    "transform" : [
      0.360269,
      -0.8671185,
      0.34396484,
      0,
      0.7713745,
      0.06956523,
      -0.63256776,
      0,
      0.5245833,
      0.49322027,
      0.6939354,
      0,
      0.08213204,
      -0.099350214,
      0.026839495,
      1
    ],
    "trackingState" : "Normal"
  },
  {
    "timestamp" : 1251092268314,
    "transform" : [
      0.35595095,
      -0.8712843,
      0.33787963,
      0,
      0.7703515,
      0.06889844,
      -0.63388616,
      0,
      0.52901566,
      0.48591843,
      0.6957196,
      0,
      0.081417985,
      -0.09572394,
      0.025350058,
      0.99999994
    ],
    "trackingState" : "Normal"
  },
  {
    "timestamp" : 1251092284967,
    "transform" : [
      0.35200667,
      -0.8748198,
      0.33283845,
      0,
      0.76918864,
      0.06774789,
      -0.6354203,
      0,
      0.5333293,
      0.47968772,
      0.69674927,
      0,
      0.08013201,
      -0.092601895,
      0.023471594,
      1
    ],
    "trackingState" : "Normal"
  },
  {
    "timestamp" : 1251092301620,
    "transform" : [
      0.34868628,
      -0.87782764,
      0.3283845,
      0,
      0.76828295,
      0.06703266,
      -0.63659084,
      0,
      0.5368047,
      0.47426274,
      0.6977934,
      0,
      0.078568876,
      -0.0896852,
      0.021511316,
      1
    ],
    "trackingState" : "Normal"
  },
  {
    "timestamp" : 1251092318273,
    "transform" : [
      0.34548473,
      -0.88084483,
      0.32365513,
      0,
      0.76738393,
      0.066663615,
      -0.6377131,
      0,
      0.5401503,
      0.46868783,
      0.6989775,
      0,
      0.07685846,
      -0.08686948,
      0.019610167,
      1
    ],
    "trackingState" : "Normal"
  },
  {
    "timestamp" : 1251092334926,
    "transform" : [
      0.34212413,
      -0.88414466,
      0.31818134,
      0,
      0.7660355,
      0.06632914,
      -0.639367,
      0,
      0.5441882,
      0.46248108,
      0.699979,
      0,
      0.07505215,
      -0.08413358,
      0.017823422,
      0.99999994
    ],
    "trackingState" : "Normal"
  },
  {
    "timestamp" : 1251092351579,
    "transform" : [
      0.33876678,
      -0.88755834,
      0.31221357,
      0,
      0.7643441,
      0.06611092,
      -0.64141065,
      0,
      0.54864854,
      0.45592713,
      0.70079625,
      0,
      0.073171556,
      -0.081469774,
      0.016166687,
      1
    ],
    "trackingState" : "Normal"
  },
  {
    "timestamp" : 1251092368232,
    "transform" : [
      0.33551747,
      -0.8910232,
      0.30578664,
      0,
      0.7626664,
      0.06638677,
      -0.6433759,
      0,
      0.5529628,
      0.4490771,
      0.7018276,
      0,
      0.070799194,
      -0.079267174,
      0.014296223,
      0.9999999
    ],
    "trackingState" : "Normal"
  },
  {
    "timestamp" : 1251092384885,
