[
  {
    "timestamp" : 1251057147115,
    "transform" : [
      -0.049976397,
      -0.9974734,
      0.05048885,
      0,
      -0.99672663,
      0.05302789,
      0.06102547,
      0,
      -0.06354862,
      -0.047273744,
      -0.99685836,
      0,
      -0.43418527,
      0.16571473,
      -0.1696987,
      0.9999999
    ],
    "trackingState" : "Normal"
  },
  {
    "timestamp" : 1251057163768,
    "transform" : [
      -0.049998764,
      -0.9968837,
      0.061016876,
      0,
      -0.9966838,
      0.053729247,
      0.061111797,
      0,
      -0.06419976,
      -0.057759013,
      -0.9962642,
      0,
      -0.4335128,
      0.1680737,
      -0.17059329,
      1.0000001
    ],
    "trackingState" : "Normal"
  },
  {
    "timestamp" : 1251057180421,
    "transform" : [
      -0.050184377,
      -0.99620575,
      0.07110299,
      0,
      -0.9966984,
      0.054504517,
      0.06018072,
      0,
      -0.06382784,
      -0.0678481,
      -0.9956519,
      0,
      -0.43272272,
      0.17038313,
      -0.17145099,
      1.0000001
    ],
    "trackingState" : "Normal"
  },
  {
    "timestamp" : 1251057197074,
    "transform" : [
      -0.050441578,
      -0.99547136,
      0.08057546,
      0,
      -0.9967708,
      0.05522579,
      0.0582932,
      0,
      -0.062479075,
      -0.077374876,
      -0.9950425,
      0,
      -0.4312779,
      0.17259485,
      -0.17177819,
      0.99999994
    ],
    "trackingState" : "Normal"
  },
  {
    "timestamp" : 1251057213727,
    "transform" : [
      -0.050751045,
      -0.9946834,
      0.089606054,
      0,
      -0.99686474,
      0.05590654,
      0.055993848,
      0,
      -0.06070574,
      -0.08648336,
      -0.99440205,
      0,
      -0.4301248,
      0.17477173,
      -0.17237446,
      1
    ],
    "trackingState" : "Normal"
  },
  {
    "timestamp" : 1251057230380,
    "transform" : [
      -0.0509493,
      -0.9938121,
      0.09869929,
      0,
      -0.9969626,
      0.056440633,
      0.053666443,
      0,
      -0.05890504,
      -0.095665224,
      -0.9936692,
      0,
      -0.4290434,
      0.17687748,
      -0.1730337,
      0.99999994
    ],
    "trackingState" : "Normal"
  },
  {
    "timestamp" : 1251057247033,
    "transform" : [
      -0.05084463,
      -0.99287117,
      0.10780341,
      0,
      -0.99704987,
      0.05667877,
      0.051761724,
      0,
      -0.05750291,
      -0.10485356,
      -0.9928238,
      0,
      -0.42797342,
      0.17891082,
      -0.1736713,
      0.99999994
    ],
    "trackingState" : "Normal"
  },
  {
    "timestamp" : 1251057263686,
    "transform" : [
      -0.05055287,
      -0.99190253,
      0.11650584,
      0,
      -0.9971155,
      0.05673968,
      0.05041113,
      0,
      -0.056613456,
      -0.11362135,
      -0.99190974,
      0,
      -0.42688188,
      0.18087505,
      -0.1742425,
      0.9999999
    ],
    "trackingState" : "Normal"
  },
  {
    "timestamp" : 1251057280339,
    "transform" : [
      -0.0502956,
      -0.9909433,
      0.124505885,
      0,
      -0.9971548,
      0.05683297,
      0.04952176,
      0,
      -0.056149323,
      -0.1216609,
      -0.99098235,
      0,
      -0.42576283,
      0.18278578,
      -0.17472401,
      0.99999994
    ],
    "trackingState" : "Normal"
  },
  {
    "timestamp" : 1251057296992,
    "transform" : [
      -0.049994595,
      -0.9900618,
      0.13144596,
      0,
      -0.99718285,
      0.056850772,
      0.048932884,
      0,
      -0.05591941,
      -0.12862927,
      -0.9901149,
      0,
      -0.42476395,
      0.18467058,
      -0.1749115,
      1
    ],
    "trackingState" : "Normal"
  },
  {
    "timestamp" : 1251057313645,
    "transform" : [
      -0.049458217,
      -0.9892145,
      0.13787113,
      0,
      -0.9971733,
      0.056723602,
      0.04927356,
      0,
      -0.0565627,
      -0.13504441,
      -0.9892237,
      0,
      -0.423672,
      0.18650211,
      -0.17509294,
      1
    ],
    "trackingState" : "Normal"
  },
  {
    "timestamp" : 1251057330298,
    "transform" : [
      -0.04872404,
      -0.9883912,
      0.14390495,
      0,
      -0.9971628,
      0.05641257,
      0.04983761,
      0,
      -0.057377137,
      -0.14106838,
      -0.9883357,
      0,
      -0.42256254,
      0.1882893,
      -0.17524534,
      1
    ],
    "trackingState" : "Normal"
  },
  {
    "timestamp" : 1251057346952,
    "transform" : [
      -0.04776655,
      -0.9875558,
      0.149839,
      0,
      -0.9971598,
      0.05589088,
      0.050484028,
      0,
      -0.058230456,
      -0.14700198,
      -0.98742074,
      0,
      -0.42145485,
      0.19003047,
      -0.17537612,
      1
    ],
    "trackingState" : "Normal"
  },
  {
    "timestamp" : 1251057363604,
    "transform" : [
      -0.046669375,
      -0.9866831,
      0.15581568,
      0,
      -0.99716103,
      0.055244993,
      0.051165678,
      0,
      -0.05909237,
      -0.15298544,
      -0.9864602,
      0,
      -0.42036143,
      0.19172835,
      -0.17547956,
      1
    ],
    "trackingState" : "Normal"
  },
  {
    "timestamp" : 1251057380258,
    "transform" : [
      -0.045382,
      -0.9858028,
      0.16165794,
      0,
      -0.99721396,
      0.05429516,
      0.051149696,
      0,
      -0.059200786,
      -0.15888628,
      -0.9855204,
      0,
      -0.41928366,
      0.19338854,
      -0.17555472,
      1
    ],
    "trackingState" : "Normal"
  },
  {
    "timestamp" : 1251057396911,
    "transform" : [
      -0.04438155,
      -0.98501724,
      0.16664682,
      0,
      -0.99733937,
      0.053342473,
      0.04968457,
      0,
      -0.05782954,
      -0.16399837,
      -0.98476404,
      0,
      -0.41817772,
      0.19538823,
      -0.17550436,
      0.9999998
    ],
    "trackingState" : "Normal"
  },
  {
    "timestamp" : 1251057413564,
    "transform" : [
      -0.043333776,
      -0.98428494,
      0.1711879,
      0,
      -0.9975023,
      0.052193105,
      0.04759301,
      0,
      -0.055779934,
      -0.16869791,
      -0.9840883,
      0,
      -0.41709375,
      0.19708115,
      -0.17541331,
      1.0000001
    ],
    "trackingState" : "Normal"
  },
  {
    "timestamp" : 1251057430217,
    "transform" : [
      -0.042395037,
      -0.9836114,
      0.1752462,
      0,
      -0.997694,
      0.050984524,
      0.04480377,
      0,
      -0.05300436,
      -0.1729426,
      -0.9835047,
      0,
      -0.41604206,
      0.19863911,
      -0.17530756,
      0.99999994
    ],
    "trackingState" : "Normal"
  },
  {
    "timestamp" : 1251057446870,
    "transform" : [
      -0.041423596,
      -0.9829543,
      0.17912246,
      0,
      -0.99789834,
      0.04964285,
      0.04164813,
      0,
      -0.049830385,
      -0.17702077,
      -0.98294497,
      0,
      -0.4150523,
      0.20010677,
      -0.17521846,
      1
    ],
    "trackingState" : "Normal"
  },
  {
    "timestamp" : 1251057463523,
    "transform" : [
      -0.04009478,
      -0.9822422,
      0.18328275,
      0,
      -0.9981236,
      0.0478681,
      0.038184326,
      0,
      -0.04627968,
      -0.18140781,
      -0.98231846,
      0,
      -0.41416588,
      0.20148344,
      -0.17518386,
      0.99999994
    ],
    "trackingState" : "Normal"
  },
  {
    "timestamp" : 1251057480176,
    "transform" : [
      -0.038429596,
      -0.9814764,
      0.18768902,
      0,
      -0.9983761,
      0.045616277,
      0.034120828,
      0,
      -0.042050485,
      -0.18607299,
      -0.9816357,
      0,
      -0.4133926,
      0.20274593,
      -0.17519653,
      0.9999999
    ],
    "trackingState" : "Normal"
  },
  {
    "timestamp" : 1251057496829,
    "transform" : [
      -0.036671255,
      -0.9807897,
      0.19158992,
      0,
      -0.99864554,
      0.043047734,
      0.029224848,
      0,
      -0.036910966,
      -0.19025868,
      -0.98103994,
      0,
      -0.4132789,
      0.20399944,
      -0.17535685,
      1.0000001
    ],
    "trackingState" : "Normal"
  },
  {
    "timestamp" : 1251057513482,
    "transform" : [
      -0.034833226,
      -0.9802433,
      0.19470349,
      0,
      -0.99890363,
      0.04024544,
      0.023909621,
      0,
      -0.0312732,
      -0.19365719,
      -0.9805707,
      0,
      -0.41286427,
      0.20503484,
      -0.17533188,
      0.9999999
    ],
    "trackingState" : "Normal"
  },
  {
    "timestamp" : 1251057530135,
    "transform" : [
      -0.03294569,
      -0.9798954,
      0.19677275,
      0,
      -0.99914706,
      0.037195228,
      0.017938688,
      0,
      -0.024897067,
      -0.19601391,
      -0.98028505,
      0,
      -0.41240925,
      0.20592482,
      -0.17520434,
      1
    ],
    "trackingState" : "Normal"
  },
  {
    "timestamp" : 1251057546788,
    "transform" : [
      -0.030871682,
      -0.9796814,
      0.1981698,
      0,
      -0.9993669,
      0.03376246,
      0.011224291,
      0,
      -0.017686952,
      -0.19769782,
      -0.9801035,
      0,
      -0.41201338,
      0.20667563,
      -0.17501998,
      1
    ],
    "trackingState" : "Normal"
  },
  {
    "timestamp" : 1251057563441,
    "transform" : [
      -0.028372806,
      -0.9794988,
      0.19944195,
      0,
      -0.999552,
      0.029704964,
      0.0036896942,
      0,
      -0.0095384875,
      -0.1992479,
      -0.97990274,
      0,
      -0.41173327,
      0.20727886,
      -0.17480822,
      1
    ],
    "trackingState" : "Normal"
  },
  {
    "timestamp" : 1251057580094,
    "transform" : [
      -0.025589986,
      -0.97932136,
      0.20068592,
      0,
      -0.9996721,
      0.025257945,
      -0.0042152954,
      0,
      -0.0009408054,
      -0.20072798,
      -0.9796466,
      0,
      -0.41155818,
      0.20773755,
      -0.17455086,
      1
    ],
    "trackingState" : "Normal"
  },
  {
    "timestamp" : 1251057596747,
    "transform" : [
      -0.022998001,
      -0.9792177,
      0.20150368,
      0,
      -0.99970543,
      0.02096062,
      -0.012239091,
      0,
      0.0077610714,
      -0.20172578,
      -0.97941136,
      0,
      -0.41142735,
      0.2080792,
      -0.1742177,
      1
    ],
    "trackingState" : "Normal"
  },
  {
    "timestamp" : 1251057613401,
    "transform" : [
      -0.020964168,
      -0.97934246,
      0.2011191,
      0,
      -0.99965364,
      0.017331015,
      -0.01980872,
      0,
      0.015913896,
      -0.20146468,
      -0.9793666,
      0,
      -0.41137818,
      0.20885313,
      -0.17270234,
      1
    ],
    "trackingState" : "Normal"
  },
  {
    "timestamp" : 1251057630053,
    "transform" : [
      -0.019046493,
      -0.97962105,
      0.199949,
      0,
      -0.99955374,
      0.014054941,
      -0.026354127,
      0,
      0.02300677,
      -0.20036173,
      -0.9794517,
      0,
      -0.4113075,
      0.2091638,
      -0.17176628,
      0.9999998
    ],
    "trackingState" : "Normal"
  },
  {
    "timestamp" : 1251057646707,
    "transform" : [
      -0.017131671,
      -0.98002595,
      0.19813007,
      0,
      -0.9994159,
      0.0109239165,
      -0.03238248,
      0,
      0.029571291,
      -0.1985691,
      -0.97964066,
      0,
      -0.41126114,
      0.20926468,
      -0.17098954,
      0.99999994
    ],
    "trackingState" : "Normal"
  },
  {
    "timestamp" : 1251057663359,
    "transform" : [
      -0.01529073,
      -0.9804878,
      0.19598407,
      0,
      -0.99922514,
      0.007874293,
      -0.03856556,
      0,
      0.036269814,
      -0.19642188,
      -0.9798485,
      0,
      -0.4112428,
      0.20923445,
      -0.17026547,
      1
    ],
    "trackingState" : "Normal"
  },
  {
    "timestamp" : 1251057680012,
    "transform" : [
      -0.013793283,
      -0.9809438,
      0.19380105,
      0,
      -0.9989577,
      0.0050849193,
      -0.04536038,
      0,
      0.0435105,
      -0.19422473,
      -0.9799916,
      0,
      -0.41124243,
      0.20909801,
      -0.16957816,
      0.9999999
    ],
    "trackingState" : "Normal"
  },
  {
    "timestamp" : 1251057696666,
    "transform" : [
      -0.012544586,
      -0.9813532,
      0.19180328,
      0,
      -0.9986054,
      0.0024577884,
      -0.052737042,
      0,
      0.05128223,
      -0.19219737,
      -0.9800156,
      0,
      -0.41126904,
      0.20888919,
      -0.16890928,
      1
    ],
    "trackingState" : "Normal"
  },
  {
    "timestamp" : 1251057713319,
    "transform" : [
      -0.0115528675,
      -0.9816998,
      0.19008383,
      0,
      -0.9981821,
      7.71336e-05,
      -0.060268916,
      0,
      0.05915131,
      -0.19043456,
      -0.9799161,
      0,
      -0.41112828,
      0.20928665,
      -0.16740492,
      0.9999998
    ],
    "trackingState" : "Normal"
  },
  {
    "timestamp" : 1251057729972,
    "transform" : [
      -0.010687199,
      -0.9819733,
      0.18871716,
      0,
      -0.9977022,
      -0.0021557244,
      -0.067717806,
      0,
      0.066903874,
      -0.18900722,
      -0.97969395,
      0,
      -0.41112384,
      0.20911343,
      -0.1665176,
      1
    ],
    "trackingState" : "Normal"
  },
  {
    "timestamp" : 1251057746625,
    "transform" : [
      -0.01014491,
      -0.9822921,
      0.1870806,
      0,
      -0.99718255,
      -0.0039678607,
      -0.07490852,
      0,
      0.07432434,
      -0.18731344,
      -0.9794844,
      0,
      -0.41117188,
      0.20869693,
      -0.16578883,
      1
    ],
    "trackingState" : "Normal"
  },
  {
    "timestamp" : 1251057763278,
    "transform" : [
      -0.010012994,
      -0.98272276,
      0.1848127,
      0,
      -0.99663496,
      -0.005229024,
      -0.08180166,
      0,
      0.08135473,
      -0.18500987,
      -0.9793635,
      0,
      -0.41123098,
      0.20814846,
      -0.1650517,
      1
    ],
    "trackingState" : "Normal"
  },
  {
    "timestamp" : 1251057779931,
    "transform" : [
      -0.010578992,
      -0.98330855,
      0.18163817,
      0,
      -0.996074,
      -0.005603315,
      -0.08834735,
      0,
      0.08789047,
      -0.18185967,
      -0.97938883,
      0,
      -0.41098657,
      0.20811598,
      -0.16456889,
      1
    ],
    "trackingState" : "Normal"
  },
  {
    "timestamp" : 1251057796584,
    "transform" : [
      -0.0113252085,
      -0.98403466,
      0.17761628,
      0,
      -0.99553066,
      -0.005558961,
      -0.09427517,
      0,
      0.09375738,
      -0.17789015,
      -0.9795738,
      0,
      -0.4109938,
      0.20760714,
      -0.16378143,
      1
    ],
    "trackingState" : "Normal"
  },
  {
    "timestamp" : 1251057813237,
    "transform" : [
      -0.012107419,
      -0.9848409,
      0.17303638,
      0,
      -0.99500006,
      -0.00529094,
      -0.09973407,
      0,
      0.09913771,
      -0.17337874,
      -0.97985286,
      0,
      -0.41115886,
      0.20690793,
      -0.16286996,
      1
    ],
    "trackingState" : "Normal"
  },
  {
    "timestamp" : 1251057829890,
    "transform" : [
      -0.013004674,
      -0.98562676,
      0.16843575,
      0,
      -0.9944145,
      -0.0048966953,
      -0.10543105,
      0,
      0.10474041,
      -0.16886605,
      -0.98005795,
      0,
      -0.4114345,
      0.20611563,
      -0.16191998,
      0.9999999
    ],
    "trackingState" : "Normal"
  },
  {
    "timestamp" : 1251057846543,
    "transform" : [
      -0.014000271,
      -0.98637426,
      0.16391984,
      0,
      -0.9937867,
      -0.004376755,
      -0.111215375,
      0,
      0.1104174,
      -0.1644584,
      -0.98018444,
      0,
      -0.41180438,
      0.20527165,
      -0.16094959,
      1
    ],
    "trackingState" : "Normal"
  },
  {
    "timestamp" : 1251057863196,
    "transform" : [
      -0.0148743205,
      -0.9871647,
      0.15901105,
      0,
      -0.99315697,
      -0.003837112,
      -0.11672398,
      0,
      0.1158359,
      -0.15965913,
      -0.9803525,
      0,
      -0.41226965,
      0.20439631,
      -0.15993495,
      0.99999994
    ],
    "trackingState" : "Normal"
  },
  {
    "timestamp" : 1251057879849,
    "transform" : [
      -0.015201688,
      -0.98840916,
      0.15105033,
      0,
      -0.99274445,
      -0.0031014455,
      -0.12020425,
      0,
      0.11927943,
      -0.15178166,
      -0.9811905,
      0,
      -0.41265637,
      0.20356767,
      -0.15937403,
      1
    ],
    "trackingState" : "Normal"
  },
  {
    "timestamp" : 1251057896502,
    "transform" : [
      -0.015612645,
      -0.98975474,
      0.14192198,
      0,
      -0.99247056,
      -0.0019054587,
      -0.12246893,
      0,
      0.121484615,
      -0.14276543,
      -0.9822727,
      0,
      -0.4132886,
      0.20269518,
      -0.15821755,
      1
    ],
    "trackingState" : "Normal"
  },
  {
    "timestamp" : 1251057913155,
    "transform" : [
      -0.015372383,
      -0.9909731,
      0.13317612,
      0,
      -0.9922994,
      -0.0012520098,
      -0.12385641,
      0,
      0.12290512,
      -0.13405454,
      -0.9833228,
      0,
      -0.41403878,
      0.20179398,
      -0.15688458,
      1
    ],
    "trackingState" : "Normal"
  },
  {
    "timestamp" : 1251057929808,
    "transform" : [
      -0.014962262,
      -0.99214435,
      0.12420022,
      0,
      -0.99221313,
      -0.00062834326,
      -0.12455023,
      0,
      0.12364983,
      -0.12509663,
      -0.98440933,
      0,
      -0.4148408,
      0.20083426,
      -0.15548012,
      1
    ],
    "trackingState" : "Normal"
  },
  {
    "timestamp" : 1251057946461,
    "transform" : [
      -0.014391855,
      -0.9932484,
      0.11511067,
      0,
      -0.9922008,
      -6.9395064e-05,
      -0.12464998,
      0,
      0.123816326,
      -0.116006844,
      -0.985501,
      0,
      -0.41568816,
      0.19980747,
      -0.15401466,
      1
    ],
    "trackingState" : "Normal"
  },
  {
    "timestamp" : 1251057963114,
    "transform" : [
      -0.013931817,
      -0.99429387,
      0.105761886,
      0,
      -0.99219894,
      0.0006421339,
      -0.124663696,
      0,
      0.12388442,
      -0.106673606,
      -0.98654634,
      0,
      -0.41653672,
      0.19871588,
      -0.1524774,
      1.0000001
    ],
    "trackingState" : "Normal"
  },
  {
    "timestamp" : 1251057979768,
    "transform" : [
      -0.014017208,
      -0.99527484,
      0.09608046,
      0,
      -0.9921136,
      0.001873919,
      -0.12532829,
      0,
      0.124556035,
      -0.09707948,
      -0.98745203,
      0,
      -0.41746485,
      0.1976324,
      -0.1517744,
      1
    ],
    "trackingState" : "Normal"
  },
  {
    "timestamp" : 1251057996420,
    "transform" : [
      -0.014329282,
      -0.99612707,
      0.08674992,
      0,
      -0.991923,
      0.0032260872,
      -0.12680075,
      0,
      0.12602974,
      -0.087866195,
      -0.9881277,
      0,
      -0.41827962,
      0.1964256,
      -0.15044327,
      1
    ],
    "trackingState" : "Normal"
  },
  {
    "timestamp" : 1251058013073,
    "transform" : [
      -0.014777309,
      -0.99684167,
      0.0780273,
      0,
      -0.9916243,
      0.0045967326,
      -0.12907438,
      0,
      0.12830804,
      -0.07928114,
      -0.98856044,
      0,
      -0.41905487,
      0.1951199,
      -0.14890805,
      1.0000001
    ],
    "trackingState" : "Normal"
  },
  {
    "timestamp" : 1251058029727,
    "transform" : [
      -0.015173668,
      -0.99743897,
      0.0698938,
      0,
      -0.99120545,
      0.00581485,
      -0.1322044,
      0,
      0.1314594,
      -0.071285136,
      -0.9887552,
      0,
      -0.4198289,
      0.19371359,
      -0.14731175,
      1
    ],
    "trackingState" : "Normal"
  },
  {
    "timestamp" : 1251058046380,
    "transform" : [
      -0.015447474,
      -0.997936,
      0.062330104,
      0,
      -0.9906988,
      0.0068472056,
      -0.13590099,
      0,
      0.13519369,
      -0.06384969,
      -0.9887599,
      0,
      -0.42060983,
      0.1921959,
      -0.14567596,
      1
    ],
    "trackingState" : "Normal"
  },
  {
    "timestamp" : 1251058063033,
    "transform" : [
      -0.015748557,
      -0.99836475,
      0.054952234,
      0,
      -0.9901062,
      0.007907007,
      -0.14009741,
      0,
      0.13943382,
      -0.056614876,
      -0.9886117,
      0,
      -0.4213832,
      0.19055842,
      -0.1439673,
      1
    ],
    "trackingState" : "Normal"
  },
  {
    "timestamp" : 1251058079686,
    "transform" : [
      -0.01622185,
      -0.998755,
      0.04717282,
      0,
      -0.9894464,
      0.009240738,
      -0.14460479,
      0,
      0.14398882,
      -0.04902073,
      -0.98836446,
      0,
      -0.42214662,
      0.18880957,
      -0.14213978,
      1
    ],
    "trackingState" : "Normal"
  },
  {
    "timestamp" : 1251058096339,
    "transform" : [
      -0.016636655,
      -0.9991133,
      0.0386761,
      0,
      -0.98882586,
      0.0107094785,
      -0.14869058,
      0,
      0.1481445,
      -0.040717635,
      -0.9881272,
      0,
      -0.42293334,
      0.18696399,
      -0.14018291,
      1
    ],
    "trackingState" : "Normal"
  },
  {
    "timestamp" : 1251058112992,
    "transform" : [
      -0.016761765,
      -0.99942636,
      0.029425742,
      0,
      -0.9883265,
      0.012104166,
      -0.15186958,
      0,
      0.15142629,
      -0.03162784,
      -0.9879625,
      0,
      -0.42366368,
      0.18518102,
      -0.13852173,
      1
    ],
    "trackingState" : "Normal"
  },
  {
    "timestamp" : 1251058129645,
    "transform" : [
      -0.016009824,
      -0.99967694,
      0.01973999,
      0,
      -0.98798215,
      0.012780821,
      -0.15403895,
      0,
      0.15373686,
      -0.021968894,
      -0.9878676,
      0,
      -0.42456967,
      0.18319355,
      -0.13638791,
      0.99999994
    ],
    "trackingState" : "Normal"
  },
  {
    "timestamp" : 1251058146298,
    "transform" : [
      -0.0144581795,
      -0.9998515,
      0.009375296,
      0,
      -0.9876604,
      0.012818325,
      -0.15608549,
      0,
      0.15594211,
      -0.01151632,
      -0.9876991,
      0,
      -0.42557764,
      0.1810863,
      -0.13400033,
      1
    ],
    "trackingState" : "Normal"
  },
  {
    "timestamp" : 1251058162951,
    "transform" : [
      -0.012459432,
      -0.9999208,
      -0.0017951999,
      0,
      -0.9872403,
      0.0125864195,
      -0.15873948,
      0,
      0.15874949,
      -0.00020550951,
      -0.98731893,
      0,
      -0.4266522,
      0.17889914,
      -0.13145493,
      1
    ],
    "trackingState" : "Normal"
  },
  {
    "timestamp" : 1251058179604,
    "transform" : [
      -0.010422977,
      -0.9998565,
      -0.013357106,
      0,
      -0.9866324,
      0.012455763,
      -0.16248505,
      0,
      0.16262808,
      0.011484976,
      -0.98662066,
      0,
      -0.42763698,
      0.17649005,
      -0.12892404,
      0.99999994
    ],
    "trackingState" : "Normal"
  },
  {
    "timestamp" : 1251058196257,
    "transform" : [
      -0.007967576,
      -0.9996666,
      -0.024559418,
      0,
      -0.98587203,
      0.011962198,
      -0.16707239,
      0,
      0.16731046,
      0.022881282,
      -0.9856386,
      0,
      -0.42881176,
      0.17417687,
      -0.12636323,
      0.9999999
    ],
    "trackingState" : "Normal"
  },
  {
    "timestamp" : 1251058212910,
    "transform" : [
      -0.0054970877,
      -0.9993888,
      -0.0345237,
      0,
      -0.9850028,
      0.011365319,
      -0.17216365,
      0,
      0.17245077,
      0.03305954,
      -0.98446333,
      0,
      -0.4300926,
      0.1718962,
      -0.123869926,
      1
    ],
    "trackingState" : "Normal"
  },
  {
    "timestamp" : 1251058229563,
    "transform" : [
      -0.0032897159,
      -0.9990612,
      -0.043194823,
      0,
      -0.983964,
      0.010937291,
      -0.17803209,
      0,
      0.17833738,
      0.041916475,
      -0.9830762,
      0,
      -0.43140665,
      0.16963804,
      -0.12145989,
      1
    ],
    "trackingState" : "Normal"
  },
  {
    "timestamp" : 1251058246216,
    "transform" : [
      -0.0013929686,
      -0.9986718,
      -0.05150279,
      0,
      -0.9827271,
      0.010897986,
      -0.18473962,
      0,
      0.18505552,
      0.050355848,
      -0.98143715,
      0,
      -0.43270072,
      0.16742052,
      -0.119101144,
      1.0000001
    ],
    "trackingState" : "Normal"
  },
  {
    "timestamp" : 1251058262869,
    "transform" : [
      0.00036764063,
      -0.99820846,
      -0.059830647,
      0,
      -0.98128843,
      0.011159869,
      -0.19221985,
      0,
      0.1925432,
      0.058781788,
      -0.9795264,
      0,
      -0.43396726,
      0.16525087,
      -0.11679539,
      1
    ],
    "trackingState" : "Normal"
  },
  {
    "timestamp" : 1251058279522,
    "transform" : [
      0.0021374596,
      -0.9977073,
      -0.06764386,
      0,
      -0.97967553,
      0.0114786895,
      -0.20026049,
      0,
      0.20057778,
      0.066697076,
      -0.97740483,
      0,
      -0.43521255,
      0.16312408,
      -0.11458924,
      1
    ],
    "trackingState" : "Normal"
  },
  {
    "timestamp" : 1251058296175,
    "transform" : [
      0.0039063715,
      -0.99721074,
      -0.07453521,
      0,
      -0.9779067,
      0.011769032,
      -0.20871039,
      0,
      0.20900545,
      0.07370379,
      -0.9751331,
      0,
      -0.43640816,
      0.16101688,
      -0.11246413,
      1
    ],
    "trackingState" : "Normal"
  },
  {
    "timestamp" : 1251058312828,
    "transform" : [
      0.0055222944,
      -0.9967211,
      -0.08072489,
      0,
      -0.97588915,
      0.012242838,
      -0.21792345,
      0,
      0.21819718,
      0.07998197,
      -0.9726217,
      0,
      -0.4374597,
      0.15890487,
      -0.109560825,
      1
    ],
    "trackingState" : "Normal"
  },
  {
    "timestamp" : 1251058329481,
    "transform" : [
      0.0069658905,
      -0.9962431,
      -0.08631918,
      0,
      -0.9736647,
      0.012913916,
      -0.22761856,
      0,
      0.22787812,
      0.085631505,
      -0.9699169,
      0,
      -0.43843615,
      0.15675484,
      -0.10738537,
      0.9999998
    ],
    "trackingState" : "Normal"
  },
  {
    "timestamp" : 1251058346135,
    "transform" : [
      0.007993097,
      -0.9958269,
      -0.09091132,
      0,
      -0.97120374,
      0.01391786,
      -0.23784392,
      0,
      0.23811667,
      0.090194516,
      -0.9670395,
      0,
      -0.4393047,
      0.15455073,
      -0.10552958,
      1
    ],
    "trackingState" : "Normal"
  },
  {
    "timestamp" : 1251058362787,
    "transform" : [
      0.008798566,
      -0.9954728,
      -0.09463902,
      0,
      -0.96851885,
      0.015062921,
      -0.24848425,
      0,
      0.24878486,
      0.09384597,
      -0.96400166,
      0,
      -0.44009218,
      0.15228485,
      -0.10383439,
      1
    ],
    "trackingState" : "Normal"
  },
  {
    "timestamp" : 1251058379440,
    "transform" : [
      0.010039495,
      -0.9951195,
      -0.0981649,
      0,
      -0.9658996,
      0.015749203,
      -0.25843742,
      0,
      0.25872213,
      0.09741202,
      -0.96102756,
      0,
      -0.44100735,
      0.15037403,
      -0.10142594,
      0.99999994
    ],
    "trackingState" : "Normal"
  },
  {
    "timestamp" : 1251058396093,
    "transform" : [
      0.011749005,
      -0.99470216,
      -0.10212468,
      0,
      -0.96367925,
      0.015987169,
      -0.2665834,
      0,
      0.26680377,
      0.101547524,
      -0.9583862,
      0,
      -0.44175532,
      0.14811832,
      -0.0994766,
      0.99999994
    ],
    "trackingState" : "Normal"
  },
  {
    "timestamp" : 1251058412747,
    "transform" : [
      0.013957089,
      -0.9941338,
      -0.107253484,
      0,
      -0.9620024,
      0.01590145,
      -0.2725779,
      0,
      0.2726843,
      0.1069825,
      -0.9561372,
      0,
      -0.44237027,
      0.1456869,
      -0.09755862,
      1
    ],
    "trackingState" : "Normal"
  },
  {
    "timestamp" : 1251058429400,
    "transform" : [
      0.016339753,
      -0.9933614,
      -0.11386895,
      0,
      -0.9606703,
      0.015977046,
      -0.2772319,
      0,
      0.27721074,
      0.113920406,
      -0.9540317,
      0,
      -0.44284803,
      0.14313081,
      -0.09552018,
      1.0000001
    ],
    "trackingState" : "Normal"
  },
  {
    "timestamp" : 1251058446053,
    "transform" : [
      0.018682422,
      -0.99242437,
      -0.12142797,
      0,
      -0.9593185,
      0.0164263,
      -0.2818482,
      0,
      0.2817076,
      0.12175369,
      -0.95174414,
      0,
      -0.4432213,
      0.14047176,
      -0.09336352,
      1
    ],
    "trackingState" : "Normal"
  },
  {
    "timestamp" : 1251058462706,
    "transform" : [
      0.020971062,
      -0.9914529,
      -0.12876932,
      0,
      -0.95780194,
      0.017006442,
      -0.28692558,
      0,
      0.28666306,
      0.12935264,
      -0.94925886,
      0,
      -0.44353753,
      0.13774009,
      -0.09116384,
      1.0000001
    ],
    "trackingState" : "Normal"
  },
  {
    "timestamp" : 1251058479359,
    "transform" : [
      0.02358767,
      -0.99051887,
      -0.13533643,
      0,
      -0.9562551,
      0.017129239,
      -0.29203275,
      0,
      0.29158214,
      0.13630448,
      -0.94678456,
      0,
      -0.4438424,
      0.13495475,
      -0.08896752,
      0.99999994
    ],
    "trackingState" : "Normal"
  },
  {
    "timestamp" : 1251058496012,
    "transform" : [
      0.027038192,
      -0.9894885,
      -0.1420608,
      0,
      -0.9549412,
      0.016451132,
      -0.29633856,
      0,
      0.2955607,
      0.14367218,
      -0.94445866,
      0,
      -0.44440722,
      0.13206491,
      -0.08634382,
      0.9999999
    ],
    "trackingState" : "Normal"
  },
  {
    "timestamp" : 1251058512665,
    "transform" : [
      0.031102888,
      -0.9882529,
      -0.14962916,
      0,
      -0.95386237,
      0.015379143,
      -0.29985037,
      0,
      0.29862916,
      0.1520518,
      -0.94217885,
      0,
      -0.44475773,
      0.12914039,
      -0.08387293,
      1
    ],
    "trackingState" : "Normal"
  },
  {
    "timestamp" : 1251058529318,
    "transform" : [
      0.035850443,
      -0.9867524,
      -0.15822323,
      0,
      -0.9530289,
      0.0138896555,
      -0.30256096,
      0,
      0.30075034,
      0.16163823,
      -0.93990564,
      0,
      -0.44498235,
      0.12614542,
      -0.08135648,
      1
    ],
    "trackingState" : "Normal"
  },
  {
    "timestamp" : 1251058545971,
    "transform" : [
      0.04095039,
      -0.98498434,
      -0.1677164,
      0,
      -0.9522429,
      0.01235964,
      -0.3050911,
      0,
      0.3025829,
      0.17220034,
      -0.9374382,
      0,
      -0.4450901,
      0.12307337,
      -0.078766964,
      1
    ],
    "trackingState" : "Normal"
  },
  {
    "timestamp" : 1251058562624,
    "transform" : [
      0.04634682,
      -0.98303205,
      -0.1774826,
      0,
      -0.9516492,
      0.010561448,
      -0.3070056,
      0,
      0.3036708,
      0.18312989,
      -0.9350121,
      0,
      -0.44508392,
      0.11992242,
      -0.076136954,
      1.0000001
    ],
    "trackingState" : "Normal"
  },
  {
    "timestamp" : 1251058579277,
    "transform" : [
      0.0516964,
      -0.9809751,
      -0.18712394,
      0,
      -0.95104945,
      0.00880683,
      -0.30891356,
      0,
      0.3046844,
      0.19393381,
      -0.9325005,
      0,
      -0.44493687,
      0.1167238,
      -0.07351573,
      1.0000001
    ],
    "trackingState" : "Normal"
  },
  {
    "timestamp" : 1251058595930,
    "transform" : [
      0.05658683,
      -0.9789505,
      -0.1960961,
      0,
      -0.9502215,
      0.007468339,
      -0.31148586,
      0,
      0.30639374,
      0.20396073,
      -0.9297973,
      0,
      -0.44447392,
      0.113083154,
      -0.07094864,
      1
    ],
    "trackingState" : "Normal"
  },
  {
    "timestamp" : 1251058612583,
    "transform" : [
      0.061329074,
      -0.9770327,
      -0.20407316,
      0,
      -0.94929004,
      0.006069371,
      -0.31434342,
      0,
      0.3083624,
      0.21300301,
      -0.92711514,
      0,
      -0.44397,
      0.109765634,
      -0.068472974,
      1
    ],
    "trackingState" : "Normal"
  },
  {
    "timestamp" : 1251058629236,
    "transform" : [
      0.06613443,
      -0.97517586,
      -0.21132478,
      0,
      -0.9484441,
      0.004355218,
      -0.3169147,
      0,
      0.30996794,
      0.22138868,
      -0.92461187,
      0,
      -0.44337967,
      0.106603816,
      -0.06603005,
      0.99999994
    ],
    "trackingState" : "Normal"
  },
  {
    "timestamp" : 1251058645889,
    "transform" : [
      0.07058129,
      -0.9733443,
      -0.21821807,
      0,
      -0.94765687,
      0.0028616136,
      -0.3192778,
      0,
      0.3113917,
      0.22933088,
      -0.9221944,
      0,
      -0.4426365,
      0.103553325,
      -0.06354853,
      0.99999994
    ],
    "trackingState" : "Normal"
  },
  {
    "timestamp" : 1251058662542,
    "transform" : [
      0.074366316,
      -0.97152275,
      -0.22497372,
      0,
      -0.9466345,
      0.0021736124,
      -0.32230183,
      0,
      0.31361252,
      0.23693629,
      -0.9195153,
      0,
      -0.441678,
      0.10059495,
      -0.06099792,
      1
    ],
    "trackingState" : "Normal"
  },
  {
    "timestamp" : 1251058679195,
    "transform" : [
      0.077371605,
      -0.96976304,
      -0.23145878,
      0,
      -0.9452922,
      0.0024405953,
      -0.32621607,
      0,
      0.3169172,
      0.244036,
      -0.91652054,
      0,
      -0.4404785,
      0.0977311,
      -0.05838475,
      0.99999994
    ],
    "trackingState" : "Normal"
  },
  {
    "timestamp" : 1251058695848,
    "transform" : [
      0.07995271,
      -0.96809626,
      -0.23748064,
      0,
      -0.9436987,
      0.0032074212,
      -0.33079064,
      0,
      0.32099888,
      0.25055778,
      -0.91333485,
      0,
      -0.43907014,
      0.09497063,
      -0.055708945,
      1
    ],
    "trackingState" : "Normal"
  },
  {
    "timestamp" : 1251058712502,
    "transform" : [
      0.08247156,
      -0.9664289,
      -0.24333872,
      0,
      -0.9418785,
      0.0042071403,
      -0.33592728,
      0,
      0.32567352,
      0.25689995,
      -0.9099117,
      0,
      -0.43755218,
      0.09186479,
      -0.053089123,
      1.0000001
    ],
    "trackingState" : "Normal"
  },
  {
    "timestamp" : 1251058729154,
    "transform" : [
      0.08532344,
      -0.9646652,
      -0.24928094,
      0,
      -0.9398831,
      0.0051053897,
      -0.3414583,
      0,
      0.3306656,
      0.26342934,
      -0.9062368,
      0,
      -0.4358969,
      0.08927396,
      -0.05030691,
      1
    ],
    "trackingState" : "Normal"
  },
  {
    "timestamp" : 1251058745808,
    "transform" : [
      0.088296205,
      -0.96298414,
      -0.25468662,
      0,
      -0.9377867,
      0.0058306325,
      -0.3471632,
      0,
      0.3357976,
      0.2694949,
      -0.9025589,
      0,
      -0.43415865,
      0.086944826,
      -0.047451913,
      1
    ],
    "trackingState" : "Normal"
  },
  {
    "timestamp" : 1251058762461,
    "transform" : [
      0.091023564,
      -0.9614681,
      -0.25941053,
      0,
      -0.9357991,
      0.006506287,
      -0.3524737,
      0,
      0.34058,
      0.27483952,
      -0.89914876,
      0,
      -0.43231842,
      0.08480153,
      -0.04452683,
      1
    ],
    "trackingState" : "Normal"
  },
  {
    "timestamp" : 1251058779114,
    "transform" : [
      0.09345836,
      -0.9600818,
      -0.26364434,
      0,
      -0.934021,
      0.0071530375,
      -0.35714623,
      0,
      0.34477547,
      0.27962768,
      -0.8960681,
      0,
      -0.43062142,
      0.08243424,
      -0.040713955,
      1
    ],
    "trackingState" : "Normal"
  },
  {
    "timestamp" : 1251058795767,
    "transform" : [
      0.09592615,
      -0.95859027,
      -0.2681471,
      0,
      -0.9322311,
      0.007911713,
      -0.36177698,
      0,
      0.34891737,
      0.2846789,
      -0.89286864,
      0,
      -0.42863172,
      0.08049365,
      -0.037318457,
      1
    ],
    "trackingState" : "Normal"
  },
  {
    "timestamp" : 1251058812420,
    "transform" : [
      0.09891771,
      -0.9570388,
      -0.27256548,
      0,
      -0.9302317,
      0.008340208,
      -0.36687806,
      0,
      0.35338983,
      0.28983977,
      -0.88944286,
      0,
      -0.4264848,
      0.07878831,
      -0.034012314,
      1
    ],
    "trackingState" : "Normal"
  },
  {
    "timestamp" : 1251058829073,
    "transform" : [
      0.10235528,
      -0.9555247,
      -0.27657926,
      0,
      -0.92808837,
      0.008337268,
      -0.37226668,
      0,
      0.35801584,
      0.29479346,
      -0.88595796,
      0,
      -0.4242105,
      0.07725239,
      -0.03071855,
      1
    ],
    "trackingState" : "Normal"
  },
  {
    "timestamp" : 1251058845726,
    "transform" : [
      0.10576757,
      -0.954206,
      -0.27982858,
      0,
      -0.92589134,
      0.008135142,
      -0.37770227,
      0,
      0.3626822,
      0.2990395,
      -0.88263077,
      0,
      -0.42178994,
      0.07587706,
      -0.027424693,
      0.99999994
    ],
    "trackingState" : "Normal"
  },
  {
    "timestamp" : 1251058862379,
    "transform" : [
      0.10902571,
      -0.95313627,
      -0.28221375,
      0,
      -0.9234805,
      0.007935654,
      -0.3835635,
      0,
      0.3678278,
      0.30243716,
      -0.87933755,
      0,
      -0.4192216,
      0.07464702,
      -0.024134088,
      1.0000001
    ],
    "trackingState" : "Normal"
  },
  {
    "timestamp" : 1251058879032,
    "transform" : [
      0.11226767,
      -0.9523712,
      -0.28352255,
      0,
      -0.9209212,
      0.0074474947,
      -0.38967785,
      0,
      0.37322953,
      0.30485013,
      -0.87622267,
      0,
      -0.41672564,
      0.07315091,
      -0.020880502,
      1
    ],
    "trackingState" : "Normal"
  },
  {
    "timestamp" : 1251058895685,
    "transform" : [
      0.11579745,
      -0.9519278,
      -0.28359196,
      0,
      -0.91797525,
      0.006480615,
      -0.39658487,
      0,
      0.379358,
      0.30625388,
      -0.8730957,
      0,
      -0.41400367,
      0.0720021,
      -0.017704826,
      1
    ],
    "trackingState" : "Normal"
  },
  {
    "timestamp" : 1251058912338,
    "transform" : [
      0.11970039,
      -0.9517897,
      -0.2824326,
      0,
      -0.91424805,
      0.005235968,
      -0.40512115,
      0,
      0.38706896,
      0.3067066,
      -0.8695451,
      0,
      -0.41114074,
      0.0709769,
      -0.014603268,
      1
    ],
    "trackingState" : "Normal"
  },
  {
    "timestamp" : 1251058928991,
    "transform" : [
      0.12356753,
      -0.95187384,
      -0.2804768,
      0,
      -0.90970474,
      0.004258419,
      -0.41523382,
      0,
      0.3964446,
      0.3064605,
      -0.86539805,
      0,
      -0.40817812,
      0.07000519,
      -0.0115116015,
      0.99999994
    ],
    "trackingState" : "Normal"
  },
  {
    "timestamp" : 1251058945644,
    "transform" : [
      0.12746187,
      -0.95202494,
      -0.2782122,
      0,
      -0.90438473,
      0.0036126692,
      -0.42670277,
      0,
      0.4072368,
      0.30599913,
      -0.8605363,
      0,
      -0.40512255,
      0.06907331,
      -0.008355539,
      1
    ],
    "trackingState" : "Normal"
  },
  {
    "timestamp" : 1251058962297,
    "transform" : [
      0.13123786,
      -0.9521867,
      -0.2758932,
      0,
      -0.89879364,
      0.003134927,
      -0.43836096,
      0,
      0.41826636,
      0.30550054,
      -0.8554079,
      0,
      -0.4019429,
      0.06819156,
      -0.0050783902,
      1
    ],
    "trackingState" : "Normal"
  },
  {
    "timestamp" : 1251058978950,
    "transform" : [
      0.1348532,
      -0.9524431,
      -0.27325213,
      0,
      -0.89345723,
      0.0023554317,
      -0.449142,
      0,
      0.42842585,
