[
  {
    "timestamp" : 1251190620115,
    "transform" : [
      0.0022847063,
      -0.991471,
      0.13030753,
      0,
      0.9724854,
      0.032558564,
      0.23067762,
      0,
      -0.23295276,
      0.12619513,
      0.96426547,
      0,
      -2.2963965,
      -1.2621039,
      -2.70645,
      0.99999994
    ],
    "trackingState" : "Normal"
  },
  {
    "timestamp" : 1251190636768,
    "transform" : [
      0.0053164223,
      -0.9915932,
      0.12928532,
      0,
      0.97197914,
      0.03550796,
      0.23236977,
      0,
      -0.23500691,
      0.12442729,
      0.96399677,
      0,
      -2.2882001,
      -1.2617252,
      -2.7204885,
      1
    ],
    "trackingState" : "Normal"
  },
  {
    "timestamp" : 1251190653420,
    "transform" : [
      0.007376302,
      -0.99172616,
      0.12815922,
      0,
      0.97106606,
      0.037696876,
      0.23581684,
      0,
      -0.23869692,
      0.122711614,
      0.96330976,
      0,
      -2.2797332,
      -1.261439,
      -2.7344577,
      0.9999999
    ],
    "trackingState" : "Normal"
  },
  {
    "timestamp" : 1251190670073,
    "transform" : [
      0.008085476,
      -0.9919027,
      0.12674174,
      0,
      0.97001916,
      0.038566846,
      0.23994857,
      0,
      -0.24289367,
      0.12100181,
      0.9624765,
      0,
      -2.270936,
      -1.2612833,
      -2.7483277,
      0.9999999
    ],
    "trackingState" : "Normal"
  },
  {
    "timestamp" : 1251190686726,
    "transform" : [
      0.007432991,
      -0.9921906,
      0.1245095,
      0,
      0.96916586,
      0.03781601,
      0.24349056,
      0,
      -0.24629746,
      0.11886048,
      0.96187836,
      0,
      -2.26455,
      -1.2615156,
      -2.7611854,
      1
    ],
    "trackingState" : "Normal"
  },
  {
    "timestamp" : 1251190703378,
    "transform" : [
      0.0056111496,
      -0.9925744,
      0.121509664,
      0,
      0.96864223,
      0.03557856,
      0.24589956,
      0,
      -0.24839678,
      0.1163196,
      0.96164906,
      0,
      -2.2560282,
      -1.2618372,
      -2.7745094,
      1
    ],
    "trackingState" : "Normal"
  },
  {
    "timestamp" : 1251190720031,
    "transform" : [
      0.0032419767,
      -0.992982,
      0.11822134,
      0,
      0.96836,
      0.032618247,
      0.24741666,
      0,
      -0.24953648,
      0.1136787,
      0.96166974,
      0,
      -2.2466931,
      -1.2623765,
      -2.7879422,
      1
    ],
    "trackingState" : "Normal"
  },
  {
    "timestamp" : 1251190736684,
    "transform" : [
      0.0010899144,
      -0.99336785,
      0.11497454,
      0,
      0.96816957,
      0.029825583,
      0.24851206,
      0,
      -0.25029302,
      0.111044005,
      0.961781,
      0,
      -2.2370243,
      -1.2631621,
      -2.8014193,
      1
    ],
    "trackingState" : "Normal"
  },
  {
    "timestamp" : 1251190753337,
    "transform" : [
      -0.00011519694,
      -0.9937384,
      0.11173141,
      0,
      0.9679585,
      0.027946139,
      0.24955076,
      0,
      -0.25111064,
      0.10818011,
      0.9618943,
      0,
      -2.2272074,
      -1.2641844,
      -2.8149636,
      1.0000001
    ],
    "trackingState" : "Normal"
  },
  {
    "timestamp" : 1251190769990,
    "transform" : [
      -0.00027137453,
      -0.99410427,
      0.108427994,
      0,
      0.96758884,
      0.027120374,
      0.2510704,
      0,
      -0.25253075,
      0.104981855,
      0.96187687,
      0,
      -2.2172637,
      -1.2654341,
      -2.8286166,
      0.99999994
    ],
    "trackingState" : "Normal"
  },
  {
    "timestamp" : 1251190786642,
    "transform" : [
      -0.00011965575,
      -0.9944431,
      0.105275095,
      0,
      0.966822,
      0.026777605,
      0.25404388,
      0,
      -0.25545117,
      0.101812676,
      0.9614463,
      0,
      -2.2071383,
      -1.266881,
      -2.842433,
      1
    ],
    "trackingState" : "Normal"
  },
  {
    "timestamp" : 1251190803295,
    "transform" : [
      -0.0005983764,
      -0.9946918,
      0.10289719,
      0,
      0.96560204,
      0.026181027,
      0.2587034,
      0,
      -0.26002407,
      0.09951253,
      0.96046084,
      0,
      -2.1987865,
      -1.2687297,
      -2.8533435,
      1
    ],
    "trackingState" : "Normal"
  },
  {
    "timestamp" : 1251190819947,
    "transform" : [
      -0.0025911983,
      -0.9946945,
      0.10284019,
      0,
      0.96382195,
      0.024926435,
      0.26537916,
      0,
      -0.2665346,
      0.09980728,
      0.9586438,
      0,
      -2.1888773,
      -1.2705357,
      -2.8666053,
      1
    ],
    "trackingState" : "Normal"
  },
  {
    "timestamp" : 1251190836600,
    "transform" : [
      -0.004991893,
      -0.99444413,
      0.10514688,
      0,
      0.96153075,
      0.02410623,
      0.27363777,
      0,
      -0.2746522,
      0.10246792,
      0.9560683,
      0,
      -2.178382,
      -1.2723795,
      -2.8807485,
      0.99999994
    ],
    "trackingState" : "Normal"
  },
  {
    "timestamp" : 1251190853253,
    "transform" : [
      -0.006342102,
      -0.9941201,
      0.10809713,
      0,
      0.9590341,
      0.02456973,
      0.28222358,
      0,
      -0.28322002,
      0.10545871,
      0.9532392,
      0,
      -2.1676686,
      -1.2742339,
      -2.8952174,
      0.99999994
    ],
    "trackingState" : "Normal"
  },
  {
    "timestamp" : 1251190869906,
    "transform" : [
      -0.0061151846,
      -0.99389565,
      0.11015383,
      0,
      0.95648175,
      0.02632255,
      0.29060212,
      0,
      -0.29172772,
      0.107137226,
      0.9504822,
      0,
      -2.1564581,
      -1.276054,
      -2.9123456,
      0.9999999
    ],
    "trackingState" : "Normal"
  },
  {
    "timestamp" : 1251190886558,
    "transform" : [
      -0.005417425,
      -0.9938231,
      0.11084267,
      0,
      0.9538401,
      0.028147686,
      0.298993,
      0,
      -0.30026612,
      0.10734596,
      0.9477958,
      0,
      -2.145414,
      -1.2777041,
      -2.9278274,
      0.9999999
    ],
    "trackingState" : "Normal"
  },
  {
    "timestamp" : 1251190903211,
    "transform" : [
      -0.0052115773,
      -0.9937995,
      0.11106457,
      0,
      0.9511892,
      0.029344931,
      0.3072103,
      0,
      -0.30856463,
      0.10724446,
      0.9451385,
      0,
      -2.1343453,
      -1.279081,
      -2.9428315,
      1.0000001
    ],
    "trackingState" : "Normal"
  },
  {
    "timestamp" : 1251190919864,
    "transform" : [
      -0.00579735,
      -0.9937847,
      0.11116714,
      0,
      0.9489427,
      0.029595412,
      0.31405708,
      0,
      -0.31539515,
      0.10731196,
      0.9428733,
      0,
      -2.1232166,
      -1.2800747,
      -2.9577613,
      0.9999999
    ],
    "trackingState" : "Normal"
  },
  {
    "timestamp" : 1251190936516,
    "transform" : [
      -0.007945338,
      -0.9937979,
      0.1109173,
      0,
      0.9473856,
      0.028014246,
      0.31886643,
      0,
      -0.31999606,
      0.10761496,
      0.9412873,
      0,
      -2.1119676,
      -1.280696,
      -2.972707,
      1.0000001
    ],
    "trackingState" : "Normal"
  },
  {
    "timestamp" : 1251190953169,
    "transform" : [
      -0.012329733,
      -0.9937397,
      0.11103746,
      0,
      0.94656634,
      0.02419023,
      0.32160056,
      0,
      -0.32227325,
      0.10906958,
      0.9403423,
      0,
      -2.1005378,
      -1.281057,
      -2.9876778,
      0.99999994
    ],
    "trackingState" : "Normal"
  },
  {
    "timestamp" : 1251190969822,
    "transform" : [
      -0.01864638,
      -0.99350584,
      0.11224279,
      0,
      0.9463131,
      0.018697986,
      0.3227101,
      0,
      -0.32271305,
      0.1122342,
      0.939819,
      0,
      -2.089002,
      -1.281227,
      -3.0026848,
      0.99999994
    ],
    "trackingState" : "Normal"
  },
  {
    "timestamp" : 1251190986474,
    "transform" : [
      -0.025724063,
      -0.99308306,
      0.11456105,
      0,
      0.94615597,
      0.012805269,
      0.32345787,
      0,
      -0.32268754,
      0.11671327,
      0.93928206,
      0,
      -2.0775528,
      -1.2812877,
      -3.0177107,
      1
    ],
    "trackingState" : "Normal"
  },
  {
    "timestamp" : 1251191003127,
    "transform" : [
      -0.03142887,
      -0.9925447,
      0.11775926,
      0,
      0.9456733,
      0.008615047,
      0.3250043,
      0,
      -0.32359582,
      0.12157631,
      0.9383522,
      0,
      -2.0653589,
      -1.2812963,
      -3.0349436,
      1
    ],
    "trackingState" : "Normal"
  },
  {
    "timestamp" : 1251191019780,
    "transform" : [
      -0.03409804,
      -0.9921583,
      0.12024623,
      0,
      0.9446882,
      0.0072724344,
      0.3278891,
      0,
      -0.32619238,
      0.12477557,
      0.9370324,
      0,
      -2.054389,
      -1.2812338,
      -3.0505946,
      1
    ],
    "trackingState" : "Normal"
  },
  {
    "timestamp" : 1251191036433,
    "transform" : [
      -0.033143237,
      -0.99217224,
      0.120398,
      0,
      0.9439999,
      0.008490901,
      0.32983658,
      0,
      -0.32827693,
      0.12458754,
      0.9363291,
      0,
      -2.0441265,
      -1.281172,
      -3.0656722,
      1
    ],
    "trackingState" : "Normal"
  },
  {
    "timestamp" : 1251191053085,
    "transform" : [
      -0.030559558,
      -0.9924597,
      0.118700355,
      0,
      0.9437813,
      0.010456492,
      0.33040506,
      0,
      -0.3291549,
      0.1221242,
      0.93634546,
      0,
      -2.0342855,
      -1.2811825,
      -3.08057,
      1
    ],
    "trackingState" : "Normal"
  },
  {
    "timestamp" : 1251191069738,
    "transform" : [
      -0.029176993,
      -0.99262154,
      0.11769153,
      0,
      0.94347394,
      0.011542263,
      0.3312459,
      0,
      -0.33016023,
      0.120703645,
      0.93617576,
      0,
      -2.023318,
      -1.2809248,
      -3.0972853,
      1
    ],
    "trackingState" : "Normal"
  },
  {
    "timestamp" : 1251191086391,
    "transform" : [
      -0.031081954,
      -0.99234045,
      0.11955917,
      0,
      0.9424582,
      0.0107396925,
      0.3341515,
      0,
      -0.3328761,
      0.123065606,
      0.9349056,
      0,
      -2.0134063,
      -1.281068,
      -3.112985,
      1.0000001
    ],
    "trackingState" : "Normal"
  },
  {
    "timestamp" : 1251191103043,
    "transform" : [
      -0.03583494,
      -0.99157625,
      0.124468334,
      0,
      0.9408682,
      0.0085088825,
      0.33866584,
      0,
      -0.336872,
      0.12924437,
      0.9326377,
      0,
      -2.0039558,
      -1.2814837,
      -3.1284566,
      1
    ],
    "trackingState" : "Normal"
  },
  {
    "timestamp" : 1251191119696,
    "transform" : [
      -0.04126421,
      -0.9905418,
      0.13085863,
      0,
      0.9394163,
      0.0061420845,
      0.3427231,
      0,
      -0.34028527,
      0.13707294,
      0.93027776,
      0,
      -1.9948865,
      -1.2821702,
      -3.1438513,
      0.9999999
    ],
    "trackingState" : "Normal"
  },
  {
    "timestamp" : 1251191136349,
    "transform" : [
      -0.045114208,
      -0.98956776,
      0.13682252,
      0,
      0.9386274,
      0.0048954682,
      0.3448981,
      0,
      -0.34196988,
      0.14398518,
      0.92861456,
      0,
      -1.9862459,
      -1.2830977,
      -3.1591575,
      1
    ],
    "trackingState" : "Normal"
  },
  {
    "timestamp" : 1251191153002,
    "transform" : [
      -0.04682448,
      -0.9888396,
      0.14143412,
      0,
      0.9387225,
      0.0048426967,
      0.3446399,
      0,
      -0.34147853,
      0.14890498,
      0.9280193,
      0,
      -1.9780126,
      -1.2842238,
      -3.1743772,
      1
    ],
    "trackingState" : "Normal"
  },
  {
    "timestamp" : 1251191169654,
    "transform" : [
      -0.047857977,
      -0.9883294,
      0.14461865,
      0,
      0.93915087,
      0.0047823973,
      0.34347188,
      0,
      -0.34015498,
      0.15225661,
      0.9279615,
      0,
      -1.9682195,
      -1.2850356,
      -3.1918514,
      1
    ],
    "trackingState" : "Normal"
  },
  {
    "timestamp" : 1251191186307,
    "transform" : [
      -0.0495123,
      -0.9878839,
      0.14708482,
      0,
      0.93914026,
      0.0040754806,
      0.34351003,
      0,
      -0.33994743,
      0.15514123,
      0.92755973,
      0,
      -1.9598435,
      -1.286333,
      -3.2077575,
      1.0000001
    ],
    "trackingState" : "Normal"
  },
  {
    "timestamp" : 1251191202960,
    "transform" : [
      -0.05197863,
      -0.9873081,
      0.15006956,
      0,
      0.9384193,
      0.0031083925,
      0.34548444,
      0,
      -0.34156606,
      0.158786,
      0.9263475,
      0,
      -1.9520104,
      -1.2879012,
      -3.2232277,
      1
    ],
    "trackingState" : "Normal"
  },
  {
    "timestamp" : 1251191219612,
    "transform" : [
      -0.054928422,
      -0.9865464,
      0.15397756,
      0,
      0.93708134,
      0.0023128092,
      0.3491035,
      0,
      -0.3447629,
      0.16346519,
      0.92434716,
      0,
      -1.9444644,
      -1.2896671,
      -3.238598,
      1
    ],
    "trackingState" : "Normal"
  },
  {
    "timestamp" : 1251191236265,
    "transform" : [
      -0.05775984,
      -0.9857524,
      0.15797466,
      0,
      0.9354776,
      0.0018181453,
      0.35338125,
      0,
      -0.34863362,
      0.16819301,
      0.9220443,
      0,
      -1.9371593,
      -1.2916081,
      -3.2539246,
      1
    ],
    "trackingState" : "Normal"
  },
  {
    "timestamp" : 1251191252918,
    "transform" : [
      -0.059603952,
      -0.985127,
      0.161159,
      0,
      0.9338682,
      0.001999839,
      0.3576117,
      0,
      -0.3526152,
      0.17181632,
      0.9198596,
      0,
      -1.9301286,
      -1.2936803,
      -3.269199,
      0.99999994
    ],
    "trackingState" : "Normal"
  },
  {
    "timestamp" : 1251191269571,
    "transform" : [
      -0.06005828,
      -0.984762,
      0.16320719,
      0,
      0.9325355,
      0.0029672666,
      0.36106586,
      0,
      -0.3560482,
      0.17388152,
      0.91814744,
      0,
      -1.9233766,
      -1.2958462,
      -3.2844434,
      1
    ],
    "trackingState" : "Normal"
  },
  {
    "timestamp" : 1251191286223,
    "transform" : [
      -0.05910789,
      -0.9846867,
      0.1640075,
      0,
      0.93169296,
      0.0045700953,
      0.3632183,
      0,
      -0.35840574,
      0.17427367,
      0.91715544,
      0,
      -1.9168847,
      -1.2980633,
      -3.2996848,
      1
    ],
    "trackingState" : "Normal"
  },
  {
    "timestamp" : 1251191302876,
    "transform" : [
      -0.057447664,
      -0.98484415,
      0.16365129,
      0,
      0.9313236,
      0.006183398,
      0.36414042,
      0,
      -0.35963342,
      0.17333132,
      0.9168533,
      0,
      -1.9104745,
      -1.3008294,
      -3.3150048,
      1
    ],
    "trackingState" : "Normal"
  },
  {
    "timestamp" : 1251191319529,
    "transform" : [
      -0.056207225,
      -0.9850461,
      0.16286454,
      0,
      0.931296,
      0.007074633,
      0.3641947,
      0,
      -0.35990077,
      0.17214546,
      0.91697186,
      0,
      -1.9043632,
      -1.303186,
      -3.3303936,
      0.99999994
    ],
    "trackingState" : "Normal"
  },
  {
    "timestamp" : 1251191336182,
    "transform" : [
      -0.055763457,
      -0.98515123,
      0.16238067,
      0,
      0.9315054,
      0.0072138417,
      0.36365598,
      0,
      -0.3594275,
      0.17153718,
      0.91727144,
      0,
      -1.8984511,
      -1.3053114,
      -3.345944,
      1
    ],
    "trackingState" : "Normal"
  },
  {
    "timestamp" : 1251191352834,
    "transform" : [
      -0.05645005,
      -0.9851138,
      0.16237026,
      0,
      0.9317888,
      0.006427467,
      0.36294404,
      0,
      -0.35858476,
      0.171783,
      0.9175553,
      0,
      -1.8927172,
      -1.3072816,
      -3.3616989,
      1.0000001
    ],
    "trackingState" : "Normal"
  },
  {
    "timestamp" : 1251191369487,
    "transform" : [
      -0.05807585,
      -0.98490703,
      0.1630504,
      0,
      0.9318833,
      0.0050990647,
      0.3627224,
      0,
      -0.35807917,
      0.17300934,
      0.9175223,
      0,
      -1.8868699,
      -1.3089612,
      -3.3773673,
      1
    ],
    "trackingState" : "Normal"
  },
  {
    "timestamp" : 1251191386139,
    "transform" : [
      -0.060103633,
      -0.984507,
      0.16472211,
      0,
      0.93180764,
      0.0038374164,
      0.36293238,
      0,
      -0.35794154,
      0.17530288,
      0.91714054,
      0,
      -1.8814452,
      -1.3106556,
      -3.3934507,
      1
    ],
    "trackingState" : "Normal"
  },
  {
    "timestamp" : 1251191402792,
    "transform" : [
      -0.06189333,
      -0.98397136,
      0.16724126,
      0,
      0.93191725,
      0.0030204332,
      0.36265862,
      0,
      -0.35735083,
      0.17830117,
      0.9167928,
      0,
      -1.876359,
      -1.3122718,
      -3.4098291,
      1
    ],
    "trackingState" : "Normal"
  },
  {
    "timestamp" : 1251191419445,
    "transform" : [
      -0.062733494,
      -0.98332566,
      0.1706902,
      0,
      0.9321809,
      0.0033630677,
      0.36197722,
      0,
      -0.35651553,
      0.18182223,
      0.9164264,
      0,
      -1.8716254,
      -1.3137403,
      -3.4264452,
      1
    ],
    "trackingState" : "Normal"
  },
  {
    "timestamp" : 1251191436098,
    "transform" : [
      -0.06142837,
      -0.98270303,
      0.17470361,
      0,
      0.93272066,
      0.005794662,
      0.36055326,
      0,
      -0.3553291,
      0.18509786,
      0.91623145,
      0,
      -1.8672562,
      -1.3149703,
      -3.443268,
      1
    ],
    "trackingState" : "Normal"
  },
  {
    "timestamp" : 1251191452750,
    "transform" : [
      -0.05815027,
      -0.98220116,
      0.17860404,
      0,
      0.93324786,
      0.010045541,
      0.35909247,
      0,
      -0.3544952,
      0.18756318,
      0.9160531,
      0,
      -1.8632038,
      -1.3158798,
      -3.4602308,
      1
    ],
    "trackingState" : "Normal"
  },
  {
    "timestamp" : 1251191469403,
    "transform" : [
      -0.05435947,
      -0.98178446,
      0.18205532,
      0,
      0.93363553,
      0.014677281,
      0.35792342,
      0,
      -0.35407576,
      0.18942985,
      0.915831,
      0,
      -1.8593371,
      -1.3164315,
      -3.4773045,
      1
    ],
    "trackingState" : "Normal"
  },
  {
    "timestamp" : 1251191486056,
    "transform" : [
      -0.05130805,
      -0.98126274,
      0.18571715,
      0,
      0.93392855,
      0.018728092,
      0.35696888,
      0,
      -0.35375836,
      0.19176193,
      0.91546845,
      0,
      -1.8555338,
      -1.3166368,
      -3.4944503,
      1
    ],
    "trackingState" : "Normal"
  },
  {
    "timestamp" : 1251191502709,
    "transform" : [
      -0.0494708,
      -0.9805164,
      0.19010572,
      0,
      0.93470895,
      0.021621557,
      0.3547558,
      0,
      -0.35195422,
      0.19524357,
      0.9154279,
      0,
      -1.8517776,
      -1.3169289,
      -3.5119946,
      1
    ],
    "trackingState" : "Normal"
  },
  {
    "timestamp" : 1251191519361,
    "transform" : [
      -0.048861556,
      -0.9795276,
      0.19528958,
      0,
      0.9362587,
      0.023185423,
      0.35054523,
      0,
      -0.34789658,
      0.19996977,
      0.9159584,
      0,
      -1.847917,
      -1.3166021,
      -3.5293097,
      0.9999999
    ],
    "trackingState" : "Normal"
  },
  {
    "timestamp" : 1251191536014,
    "transform" : [
      -0.049498,
      -0.97838914,
      0.20076011,
      0,
      0.9382604,
      0.02335315,
      0.34514073,
      0,
      -0.34237033,
      0.20544901,
      0.9168278,
      0,
      -1.8439634,
      -1.3158736,
      -3.5464723,
      1
    ],
    "trackingState" : "Normal"
  },
  {
    "timestamp" : 1251191552666,
    "transform" : [
      -0.050731357,
      -0.97726846,
      0.20584619,
      0,
      0.9402827,
      0.022727406,
      0.33963516,
      0,
      -0.3365931,
      0.21078373,
      0.9177556,
      0,
      -1.8399389,
      -1.314858,
      -3.563425,
      1
    ],
    "trackingState" : "Normal"
  },
  {
    "timestamp" : 1251191569319,
    "transform" : [
      -0.052101616,
      -0.9764334,
      0.20943558,
      0,
      0.9416586,
      0.021793338,
      0.3358631,
      0,
      -0.33251226,
      0.21471582,
      0.9183315,
      0,
      -1.8356991,
      -1.3126764,
      -3.5802379,
      1
    ],
    "trackingState" : "Normal"
  },
  {
    "timestamp" : 1251191585972,
    "transform" : [
      -0.05305914,
      -0.97609365,
      0.2107746,
      0,
      0.94208604,
      0.0210655,
      0.33470914,
      0,
      -0.3311475,
      0.21632718,
      0.9184465,
      0,
      -1.8317313,
      -1.3109679,
      -3.5966167,
      1
    ],
    "trackingState" : "Normal"
  },
  {
    "timestamp" : 1251191602625,
    "transform" : [
      -0.053144805,
      -0.97616357,
      0.21042883,
      0,
      0.94208634,
      0.02086527,
      0.33472088,
      0,
      -0.33113298,
      0.21603079,
      0.9185215,
      0,
      -1.8279321,
      -1.3094618,
      -3.61262,
      1
    ],
    "trackingState" : "Normal"
  },
  {
    "timestamp" : 1251191619277,
    "transform" : [
      -0.052023195,
      -0.9764361,
      0.20944265,
      0,
      0.9424083,
      0.021384643,
      0.33378035,
      0,
      -0.33039403,
      0.21474479,
      0.91908896,
      0,
      -1.8242233,
      -1.3081784,
      -3.6282868,
      1
    ],
    "trackingState" : "Normal"
  },
  {
    "timestamp" : 1251191635930,
    "transform" : [
      -0.050281834,
      -0.976724,
      0.20852314,
      0,
      0.9436213,
      0.021938626,
      0.3302991,
      0,
      -0.32718578,
      0.21337491,
      0.9205545,
      0,
      -1.8205395,
      -1.3071585,
      -3.6436987,
      1
    ],
    "trackingState" : "Normal"
  },
  {
    "timestamp" : 1251191652583,
    "transform" : [
      -0.048755266,
      -0.97691745,
      0.20797852,
      0,
      0.9456616,
      0.02187037,
      0.32441595,
      0,
      -0.32147613,
      0.21249428,
      0.92276704,
      0,
      -1.8168398,
      -1.3063955,
      -3.6589446,
      0.9999998
    ],
    "trackingState" : "Normal"
  },
  {
    "timestamp" : 1251191669236,
    "transform" : [
      -0.047446497,
      -0.9769872,
      0.20795381,
      0,
      0.9482829,
      0.02135929,
      0.31670716,
      0,
      -0.3138606,
      0.21222566,
      0.92544687,
      0,
      -1.8131218,
      -1.3058779,
      -3.674115,
      1
    ],
    "trackingState" : "Normal"
  },
  {
    "timestamp" : 1251191685888,
    "transform" : [
      -0.045871347,
      -0.97691095,
      0.20866433,
      0,
      0.95119244,
      0.02109744,
      0.30787638,
      0,
      -0.30517006,
      0.21260262,
      0.92826265,
      0,
      -1.8094089,
      -1.3055862,
      -3.689297,
      0.99999994
    ],
    "trackingState" : "Normal"
  },
  {
    "timestamp" : 1251191702541,
    "transform" : [
      -0.04394661,
      -0.9766261,
      0.21040481,
      0,
      0.95385385,
      0.021601122,
      0.29949343,
      0,
      -0.29703805,
      0.21385717,
      0.9306093,
      0,
      -1.8066587,
      -1.305455,
      -3.704791,
      1
    ],
    "trackingState" : "Normal"
  },
  {
    "timestamp" : 1251191719193,
    "transform" : [
      -0.041784793,
      -0.9761474,
      0.21304981,
      0,
      0.95567334,
      0.023153497,
      0.2935175,
      0,
      -0.2914492,
      0.21587057,
      0.93191063,
      0,
      -1.8033026,
      -1.3053883,
      -3.7201865,
      1.0000001
    ],
    "trackingState" : "Normal"
  },
  {
    "timestamp" : 1251191735846,
    "transform" : [
      -0.039443053,
      -0.9757243,
      0.21542098,
      0,
      0.95661503,
      0.025409842,
      0.29024482,
      0,
      -0.28867272,
      0.2175231,
      0.93239033,
      0,
      -1.7997395,
      -1.305313,
      -3.7355144,
      0.9999999
    ],
    "trackingState" : "Normal"
  },
  {
    "timestamp" : 1251191752499,
    "transform" : [
      -0.037033767,
      -0.9756447,
      0.21620809,
      0,
      0.9571916,
      0.027520968,
      0.28814414,
      0,
      -0.28707656,
      0.21762362,
      0.9328597,
      0,
      -1.796036,
      -1.3052368,
      -3.750722,
      1
    ],
    "trackingState" : "Normal"
  },
  {
    "timestamp" : 1251191769152,
    "transform" : [
      -0.034624428,
      -0.9759888,
      0.21505077,
      0,
      0.95776606,
      0.029056571,
      0.2860766,
      0,
      -0.2854562,
      0.21587358,
      0.933763,
      0,
      -1.7919497,
      -1.3049006,
      -3.765141,
      1
    ],
    "trackingState" : "Normal"
  },
  {
    "timestamp" : 1251191785804,
    "transform" : [
      -0.03278215,
      -0.9766468,
      0.21233524,
      0,
      0.9585682,
      0.029426163,
      0.28333917,
      0,
      -0.28297046,
      0.21282631,
      0.93521786,
      0,
      -1.787875,
      -1.3047839,
      -3.7798748,
      0.9999999
    ],
    "trackingState" : "Normal"
  },
  {
    "timestamp" : 1251191802457,
    "transform" : [
      -0.031404275,
      -0.97739524,
      0.20907484,
      0,
      0.95967686,
      0.02897615,
      0.27960855,
      0,
      -0.27934626,
      0.20942517,
      0.93707365,
      0,
      -1.7837073,
      -1.3047763,
      -3.7946799,
      1.0000001
    ],
    "trackingState" : "Normal"
  },
  {
    "timestamp" : 1251191819110,
    "transform" : [
      -0.030141016,
      -0.9780986,
      0.20594831,
      0,
      0.9610222,
      0.028293367,
      0.27501994,
      0,
      -0.27482355,
      0.20621027,
      0.9391216,
      0,
      -1.7794111,
      -1.3048408,
      -3.809497,
      1
    ],
    "trackingState" : "Normal"
  },
  {
    "timestamp" : 1251191835762,
    "transform" : [
      -0.028535876,
      -0.9788132,
      0.20275688,
      0,
      0.9624485,
      0.027876588,
      0.27002925,
      0,
      -0.26996034,
      0.20284857,
      0.9412619,
      0,
      -1.7749965,
      -1.3049096,
      -3.8243155,
      0.99999994
    ],
    "trackingState" : "Normal"
  },
  {
    "timestamp" : 1251191852415,
    "transform" : [
      -0.026238065,
      -0.97969496,
      0.19876942,
      0,
      0.96380436,
      0.02798115,
      0.26513815,
      0,
      -0.26531634,
      0.19853155,
      0.94350016,
      0,
      -1.7705069,
      -1.304918,
      -3.8391135,
      1
    ],
    "trackingState" : "Normal"
  },
  {
    "timestamp" : 1251191869068,
    "transform" : [
      -0.02314996,
      -0.98078847,
      0.19369563,
      0,
      0.96510786,
      0.028623536,
      0.26028386,
      0,
      -0.26082766,
      0.19296275,
      0.945904,
      0,
      -1.7659516,
      -1.3048339,
      -3.8539,
      1
    ],
    "trackingState" : "Normal"
  },
  {
    "timestamp" : 1251191885721,
    "transform" : [
      -0.019378273,
      -0.9820351,
      0.18770064,
      0,
      0.9664494,
      0.029694354,
      0.25513512,
      0,
      -0.25612524,
      0.18634725,
      0.9485118,
      0,
      -1.7613211,
      -1.3046379,
      -3.8687,
      1
    ],
    "trackingState" : "Normal"
  },
  {
    "timestamp" : 1251191902373,
    "transform" : [
      -0.01556309,
      -0.9833397,
      0.18110955,
      0,
      0.96800077,
      0.030554798,
      0.24908039,
      0,
      -0.2504644,
      0.17919064,
      0.9513981,
      0,
      -1.7567892,
      -1.3035599,
      -3.8824632,
      0.99999994
    ],
    "trackingState" : "Normal"
  },
  {
    "timestamp" : 1251191919026,
    "transform" : [
      -0.012284722,
      -0.984586,
      0.17446913,
      0,
      0.969736,
      0.030819084,
      0.24220318,
      0,
      -0.24384685,
      0.1721644,
      0.95440996,
      0,
      -1.7519772,
      -1.3028253,
      -3.8970811,
      0.99999994
    ],
    "trackingState" : "Normal"
  },
  {
    "timestamp" : 1251191935679,
    "transform" : [
      -0.009631438,
      -0.9857063,
      0.16819686,
      0,
      0.97138274,
      0.030697985,
      0.23552768,
      0,
      -0.23732443,
      0.16565199,
      0.95720255,
      0,
      -1.7469938,
      -1.3020732,
      -3.9120572,
      1
    ],
    "trackingState" : "Normal"
  },
  {
    "timestamp" : 1251191952331,
    "transform" : [
      -0.007580253,
      -0.98663193,
      0.16278812,
      0,
      0.97269225,
      0.030489845,
      0.2300875,
      0,
      -0.23197503,
      0.16008687,
      0.9594582,
      0,
      -1.7419078,
      -1.3011768,
      -3.9271767,
      1
    ],
    "trackingState" : "Normal"
  },
  {
    "timestamp" : 1251191968984,
    "transform" : [
      -0.005668886,
      -0.9874033,
      0.15812191,
      0,
      0.973831,
      0.030475665,
      0.22522059,
      0,
      -0.2272024,
      0.1552608,
      0.9613912,
      0,
      -1.7367674,
      -1.30008,
      -3.942328,
      0.9999999
    ],
    "trackingState" : "Normal"
  },
  {
    "timestamp" : 1251191985637,
    "transform" : [
      -0.0034428602,
      -0.9881582,
      0.1533997,
      0,
      0.975404,
      0.030490883,
      0.2183055,
      0,
      -0.22039765,
      0.1503783,
      0.96374863,
      0,
      -1.7300401,
      -1.2986805,
      -3.9567647,
      1
    ],
    "trackingState" : "Normal"
  },
  {
    "timestamp" : 1251192002289,
    "transform" : [
      -0.00060253806,
      -0.98903793,
      0.14766006,
      0,
      0.9774926,
      0.030569162,
      0.20874327,
      0,
      -0.21096887,
      0.14446238,
      0.9667588,
      0,
      -1.7243291,
      -1.2971472,
      -3.9716432,
      0.9999999
    ],
    "trackingState" : "Normal"
  },
  {
    "timestamp" : 1251192018942,
    "transform" : [
      0.0023320138,
      -0.99008465,
      0.14045303,
      0,
      0.9798275,
      0.030329494,
      0.19753082,
      0,
      -0.19983208,
      0.1371591,
      0.97018284,
      0,
      -1.7189336,
      -1.2954364,
      -3.9866424,
      1
    ],
    "trackingState" : "Normal"
  },
  {
    "timestamp" : 1251192035595,
    "transform" : [
      0.0052240416,
      -0.99115884,
      0.13257796,
      0,
      0.98193645,
      0.030160869,
      0.18679228,
      0,
      -0.18913949,
      0.1292073,
      0.9734125,
      0,
      -1.7135755,
      -1.2936085,
      -4.001679,
      1.0000001
    ],
    "trackingState" : "Normal"
  },
  {
    "timestamp" : 1251192052248,
    "transform" : [
      0.008539511,
      -0.9920807,
      0.12531154,
      0,
      0.98391706,
      0.030696211,
      0.17596903,
      0,
      -0.17842205,
      0.12179348,
      0.9763872,
      0,
      -1.7081604,
      -1.2916621,
      -4.016832,
      0.99999994
    ],
    "trackingState" : "Normal"
  },
  {
    "timestamp" : 1251192068900,
    "transform" : [
      0.011229352,
      -0.9927955,
      0.11929269,
      0,
      0.98574215,
      0.03102117,
      0.16537844,
      0,
      -0.16788757,
      0.11573475,
      0.9789888,
      0,
      -1.7016176,
      -1.2887279,
      -4.0317216,
      0.9999999
    ],
    "trackingState" : "Normal"
  },
  {
    "timestamp" : 1251192085553,
    "transform" : [
      0.013018134,
      -0.9932529,
      0.11523494,
      0,
      0.98722106,
      0.031072391,
      0.15629785,
      0,
      -0.15882389,
      0.11172766,
      0.9809647,
      0,
      -1.6956016,
      -1.286256,
      -4.047121,
      0.9999999
    ],
    "trackingState" : "Normal"
  },
  {
    "timestamp" : 1251192102206,
    "transform" : [
      0.014446736,
      -0.99342376,
      0.11358046,
      0,
      0.98827505,
      0.03145416,
      0.1494092,
      0,
      -0.15199922,
      0.110090256,
      0.9822303,
      0,
      -1.6897409,
      -1.283824,
      -4.062783,
      1
    ],
    "trackingState" : "Normal"
  },
  {
    "timestamp" : 1251192118858,
    "transform" : [
      0.01620427,
      -0.99345565,
      0.113062,
      0,
      0.9889558,
      0.03258552,
      0.1445841,
      0,
      -0.14732209,
      0.10947044,
      0.9830119,
      0,
      -1.6839945,
      -1.2812922,
      -4.0785217,
      1
    ],
    "trackingState" : "Normal"
  },
  {
    "timestamp" : 1251192135511,
    "transform" : [
      0.018408699,
      -0.99357325,
      0.11168373,
      0,
      0.98942715,
      0.03417521,
      0.14094721,
      0,
      -0.14385818,
      0.10790825,
      0.98369753,
      0,
      -1.6783592,
      -1.2786638,
      -4.094174,
      1.0000001
    ],
    "trackingState" : "Normal"
  },
  {
    "timestamp" : 1251192152164,
    "transform" : [
      0.020495726,
      -0.9938791,
      0.10855518,
      0,
      0.98988426,
      0.035419077,
      0.1373854,
      0,
      -0.14038937,
      0.10464125,
      0.9845512,
      0,
      -1.6727912,
      -1.2760055,
      -4.109665,
      1
    ],
    "trackingState" : "Normal"
  },
  {
    "timestamp" : 1251192168817,
    "transform" : [
      0.021881035,
      -0.9943557,
      0.10381716,
      0,
      0.9903286,
      0.035787772,
      0.13404688,
      0,
      -0.13700564,
      0.09988001,
      0.985522,
      0,
      -1.6679518,
      -1.2732611,
      -4.124398,
      1
    ],
    "trackingState" : "Normal"
  },
  {
    "timestamp" : 1251192185469,
    "transform" : [
      0.022100331,
      -0.9948815,
      0.09860192,
      0,
      0.9907877,
      0.03497587,
      0.13083024,
      0,
      -0.13360927,
      0.09480218,
      0.9864893,
      0,
      -1.6625664,
      -1.2708125,
      -4.1393743,
      1
    ],
    "trackingState" : "Normal"
  },
  {
    "timestamp" : 1251192202122,
    "transform" : [
      0.021138448,
      -0.99531657,
      0.094330035,
      0,
      0.9912251,
      0.03317821,
      0.12795357,
      0,
      -0.13048398,
      0.09079755,
      0.98728406,
      0,
      -1.6569985,
      -1.2686275,
      -4.1543927,
      1.0000001
    ],
    "trackingState" : "Normal"
  },
  {
    "timestamp" : 1251192218774,
    "transform" : [
      0.019493505,
      -0.99558353,
      0.091833375,
      0,
      0.9916607,
      0.03095633,
      0.12510347,
      0,
      -0.12739375,
      0.08862884,
      0.9878845,
      0,
      -1.651422,
      -1.2667205,
      -4.1694283,
      1
    ],
    "trackingState" : "Normal"
  },
  {
    "timestamp" : 1251192235427,
    "transform" : [
      0.018342348,
      -0.9956612,
      0.09122714,
      0,
      0.99221873,
      0.02936506,
      0.120995134,
      0,
      -0.123149015,
      0.088297926,
      0.9884523,
      0,
      -1.6459581,
      -1.2650756,
      -4.1845074,
      1.0000001
    ],
    "trackingState" : "Normal"
  },
  {
    "timestamp" : 1251192252080,
    "transform" : [
      0.018506456,
      -0.9956103,
      0.09174726,
      0,
      0.9928413,
      0.029129298,
      0.11583408,
      0,
      -0.11799812,
      0.08894679,
      0.9890222,
      0,
      -1.6406573,
      -1.2636482,
      -4.199595,
      0.9999999
    ],
    "trackingState" : "Normal"
  },
  {
    "timestamp" : 1251192268733,
    "transform" : [
      0.019875888,
      -0.99555403,
      0.09206981,
      0,
      0.99334,
      0.030116808,
      0.111213416,
      0,
      -0.11349183,
      0.08924617,
      0.9895224,
      0,
      -1.6366475,
      -1.2624483,
      -4.2134438,
      1
    ],
    "trackingState" : "Normal"
  },
  {
    "timestamp" : 1251192285385,
    "transform" : [
      0.021507826,
      -0.9955916,
      0.09129506,
      0,
      0.99360204,
      0.03141259,
      0.10848228,
      0,
      -0.11087184,
      0.08837774,
      0.98989743,
      0,
      -1.6318862,
      -1.2613761,
      -4.2279625,
      1
    ],
    "trackingState" : "Normal"
  },
  {
    "timestamp" : 1251192302038,
    "transform" : [
      0.023021001,
      -0.9956898,
      0.089843206,
      0,
      0.99373525,
      0.03262101,
      0.10689322,
      0,
      -0.10936325,
      0.086819574,
      0.9902031,
      0,
      -1.6268514,
      -1.2604791,
      -4.242627,
      1.0000001
    ],
    "trackingState" : "Normal"
  },
  {
    "timestamp" : 1251192318691,
    "transform" : [
      0.024819333,
      -0.9957647,
      0.08852462,
      0,
      0.99388283,
      0.034110565,
      0.10503957,
      0,
      -0.10761429,
      0.0853761,
      0.99052006,
      0,
      -1.6217176,
      -1.2598003,
      -4.257306,
      0.9999999
    ],
    "trackingState" : "Normal"
  },
  {
    "timestamp" : 1251192335344,
    "transform" : [
      0.027357858,
      -0.9957774,
      0.08762873,
      0,
      0.9940623,
      0.036336634,
      0.10256673,
      0,
      -0.105317734,
      0.08430241,
      0.9908589,
      0,
      -1.616554,
      -1.259341,
      -4.271949,
      1
    ],
    "trackingState" : "Normal"
  },
  {
    "timestamp" : 1251192351996,
    "transform" : [
      0.030596606,
      -0.99578124,
      0.0865073,
      0,
      0.99425125,
      0.039205387,
      0.099636436,
      0,
      -0.10260764,
      0.08296145,
      0.99125636,
      0,
      -1.6113696,
      -1.2590945,
      -4.2865176,
      1
    ],
    "trackingState" : "Normal"
  },
  {
    "timestamp" : 1251192368649,
    "transform" : [
      0.034167774,
      -0.99587154,
      0.08409733,
      0,
      0.9944749,
      0.042235456,
      0.09610417,
      0,
      -0.09925927,
      0.08034902,
      0.99181235,
      0,
      -1.6068778,
      -1.2591778,
      -4.300299,
      0.99999994
    ],
    "trackingState" : "Normal"
  },
  {
    "timestamp" : 1251192385301,
    "transform" : [
      0.038313225,
      -0.99604446,
      0.08017191,
      0,
      0.9946596,
      0.045708325,
      0.09253756,
      0,
      -0.09583603,
      0.07619834,
      0.99247634,
      0,
      -1.601865,
      -1.2593203,
      -4.3144627,
      1
    ],
    "trackingState" : "Normal"
  },
  {
    "timestamp" : 1251192401954,
    "transform" : [
      0.042761344,
      -0.9962639,
      0.07503102,
      0,
      0.99474037,
      0.049451552,
      0.08970117,
      0,
      -0.093076415,
      0.07080064,
      0.9931385,
      0,
      -1.596633,
      -1.2595239,
      -4.328705,
      1
    ],
    "trackingState" : "Normal"
  },
  {
    "timestamp" : 1251192418607,
    "transform" : [
      0.046804175,
      -0.99650323,
      0.06921451,
      0,
      0.9947795,
      0.052789122,
      0.087332875,
      0,
      -0.09068125,
      0.064765625,
      0.9937718,
      0,
      -1.5912225,
      -1.2597716,
      -4.3429775,
      1
    ],
    "trackingState" : "Normal"
  },
  {
    "timestamp" : 1251192435260,
    "transform" : [
      0.04943821,
      -0.99674475,
      0.063684605,
      0,
      0.9948731,
      0.054777015,
      0.085012175,
      0,
      -0.08822387,
      0.059155256,
      0.9943427,
      0,
      -1.5856159,
      -1.2600397,
      -4.3573194,
      0.99999994
    ],
    "trackingState" : "Normal"
  },
  {
    "timestamp" : 1251192451912,
    "transform" : [
      0.050121333,
      -0.9969848,
      0.059237253,
      0,
      0.9950233,
      0.054960977,
      0.083112665,
      0,
      -0.08611778,
      0.05477674,
      0.9947779,
      0,
      -1.5797988,
      -1.260279,
      -4.3717575,
      0.9999999
    ],
    "trackingState" : "Normal"
  },
  {
    "timestamp" : 1251192468565,
    "transform" : [
      0.0487031,
      -0.9972243,
      0.05631823,
      0,
      0.9951812,
      0.053252984,
      0.08233146,
      0,
      -0.085102014,
      0.052037045,
      0.9950125,
      0,
      -1.5741425,
      -1.2602369,
      -4.385994,
      0.99999994
    ],
    "trackingState" : "Normal"
  },
  {
    "timestamp" : 1251192485218,
    "transform" : [
      0.045726217,
      -0.9974279,
      0.055197,
      0,
      0.9951978,
