[
  {
    "transform" : [
      0.013692267,
      -0.9982032,
      -0.058333945,
      0,
      -0.99639714,
      -0.00873769,
      -0.084358215,
      0,
      0.08369692,
      0.059278835,
      -0.99472654,
      0,
      -1.832334,
      -1.3073612,
      2.5508192,
      0.99999994
    ],
    "trackingState" : "Normal",
    "timestamp" : 1251173917432
  },
  {
    "transform" : [
      0.012068817,
      -0.99877495,
      -0.047988124,
      0,
      -0.997423,
      -0.008630352,
      -0.07122462,
      0,
      0.07072319,
      0.04872405,
      -0.99630535,
      0,
      -1.836587,
      -1.3039861,
      2.5606012,
      1
    ],
    "trackingState" : "Normal",
    "timestamp" : 1251173934085
  },
  {
    "transform" : [
      0.009608347,
      -0.99923056,
      -0.038025655,
      0,
      -0.9983771,
      -0.0074515855,
      -0.056459308,
      0,
      0.05613249,
      0.038506422,
      -0.9976806,
      0,
      -1.8405659,
      -1.3008019,
      2.5712597,
      0.99999994
    ],
    "trackingState" : "Normal",
    "timestamp" : 1251173950737
  },
  {
    "transform" : [
      0.0064527607,
      -0.99956274,
      -0.028856037,
      0,
      -0.99908096,
      -0.00522147,
      -0.042543773,
      0,
      0.04237447,
      0.029104045,
      -0.9986779,
      0,
      -1.8444121,
      -1.2971921,
      2.5816245,
      1
    ],
    "trackingState" : "Normal",
    "timestamp" : 1251173967390
  },
  {
    "transform" : [
      0.0024313587,
      -0.9997934,
      -0.020181041,
      0,
      -0.99953437,
      -0.001815823,
      -0.030463193,
      0,
      0.030420236,
      0.020245705,
      -0.9993322,
      0,
      -1.8481323,
      -1.2933494,
      2.5918941,
      1.0000001
    ],
    "trackingState" : "Normal",
    "timestamp" : 1251173984043
  },
  {
    "transform" : [
      -0.002726394,
      -0.99993867,
      -0.0107348235,
      0,
      -0.9998257,
      0.0029240437,
      -0.018439606,
      0,
      0.018469844,
      0.01068268,
      -0.9997724,
      0,
      -1.8517756,
      -1.2893597,
      2.6020744,
      0.99999994
    ],
    "trackingState" : "Normal",
    "timestamp" : 1251174000696
  },
  {
    "transform" : [
      -0.008039648,
      -0.9999674,
      0.00076330284,
      0,
      -0.9999556,
      0.008035788,
      -0.0049313307,
      0,
      0.0049250126,
      -0.00080291496,
      -0.9999876,
      0,
      -1.8554107,
      -1.2852448,
      2.612144,
      1.0000001
    ],
    "trackingState" : "Normal",
    "timestamp" : 1251174017348
  },
  {
    "transform" : [
      -0.011927239,
      -0.99983025,
      0.014046507,
      0,
      -0.9998794,
      0.01206523,
      0.009780401,
      0,
      -0.00994824,
      -0.013928158,
      -0.9998537,
      0,
      -1.859081,
      -1.2810254,
      2.6221366,
      1
    ],
    "trackingState" : "Normal",
    "timestamp" : 1251174034001
  },
  {
    "transform" : [
      -0.013959664,
      -0.99953085,
      0.027260145,
      0,
      -0.99956775,
      0.0146552725,
      0.025486581,
      0,
      -0.025874153,
      -0.026892578,
      -0.9993035,
      0,
      -1.8627901,
      -1.2767439,
      2.6321535,
      1
    ],
    "trackingState" : "Normal",
    "timestamp" : 1251174050654
  },
  {
    "transform" : [
      -0.014147494,
      -0.99915844,
      0.03850037,
      0,
      -0.9990119,
      0.015746897,
      0.041561447,
      0,
      -0.042132754,
      -0.03787433,
      -0.9983939,
      0,
      -1.8667912,
      -1.2727425,
      2.6425753,
      1
    ],
    "trackingState" : "Normal",
    "timestamp" : 1251174067307
  },
  {
    "transform" : [
      -0.013074468,
      -0.9988185,
      0.046802923,
      0,
      -0.998362,
      0.015647179,
      0.055031594,
      0,
      -0.055698942,
      -0.04600675,
      -0.9973871,
      0,
      -1.8705393,
      -1.2685872,
      2.652831,
      1.0000001
    ],
    "trackingState" : "Normal",
    "timestamp" : 1251174083959
  },
  {
    "transform" : [
      -0.011678322,
      -0.9985052,
      0.05339444,
      0,
      -0.9977685,
      0.015147062,
      0.06502845,
      0,
      -0.06574004,
      -0.052515864,
      -0.99645394,
      0,
      -1.8740976,
      -1.2645028,
      2.6629057,
      1
    ],
    "trackingState" : "Normal",
    "timestamp" : 1251174100612
  },
  {
    "transform" : [
      -0.010349158,
      -0.9981411,
      0.060059108,
      0,
      -0.997149,
      0.014791142,
      0.07399368,
      0,
      -0.07474451,
      -0.059122097,
      -0.9954485,
      0,
      -1.8775011,
      -1.2606336,
      2.6727166,
      0.9999999
    ],
    "trackingState" : "Normal",
    "timestamp" : 1251174117265
  },
  {
    "transform" : [
      -0.008868939,
      -0.9976721,
      0.06761471,
      0,
      -0.9963021,
      0.014595086,
      0.08467041,
      0,
      -0.08546017,
      -0.06661375,
      -0.9941122,
      0,
      -1.8808365,
      -1.2570529,
      2.68223,
      1
    ],
    "trackingState" : "Normal",
    "timestamp" : 1251174133918
  },
  {
    "transform" : [
      -0.0067718634,
      -0.997061,
      0.07631104,
      0,
      -0.99506325,
      0.014274923,
      0.09821039,
      0,
      -0.09901111,
      -0.07526923,
      -0.99223554,
      0,
      -1.8845334,
      -1.2538605,
      2.6922202,
      1
    ],
    "trackingState" : "Normal",
    "timestamp" : 1251174150571
  },
  {
    "transform" : [
      -0.0034274377,
      -0.99634504,
      0.085350834,
      0,
      -0.9934082,
      0.013172016,
      0.11387151,
      0,
      -0.11457957,
      -0.08439791,
      -0.98982245,
      0,
      -1.8880172,
      -1.2508868,
      2.7015336,
      0.99999994
    ],
    "trackingState" : "Normal",
    "timestamp" : 1251174167223
  },
  {
    "transform" : [
      0.0010988903,
      -0.99562544,
      0.093427956,
      0,
      -0.99135506,
      0.011173322,
      0.13072994,
      0,
      -0.13120198,
      -0.09276393,
      -0.98700595,
      0,
      -1.8914361,
      -1.2481269,
      2.7106478,
      0.99999994
    ],
    "trackingState" : "Normal",
    "timestamp" : 1251174183876
  },
  {
    "transform" : [
      0.0064530107,
      -0.9950133,
      0.0995336,
      0,
      -0.98904824,
      0.008326175,
      0.14735717,
      0,
      -0.1474511,
      -0.09939443,
      -0.9840625,
      0,
      -1.8948193,
      -1.2455673,
      2.719737,
      1
    ],
    "trackingState" : "Normal",
    "timestamp" : 1251174200529
  },
  {
    "transform" : [
      0.011777973,
      -0.9944802,
      0.10426104,
      0,
      -0.9866594,
      0.005373022,
      0.16270903,
      0,
      -0.16237114,
      -0.104786515,
      -0.98115015,
      0,
      -1.8981477,
      -1.2432057,
      2.728806,
      1.0000001
    ],
    "trackingState" : "Normal",
    "timestamp" : 1251174217182
  },
  {
    "transform" : [
      0.016414417,
      -0.9938871,
      0.1091739,
      0,
      -0.9842595,
      0.003154441,
      0.17670158,
      0,
      -0.1759658,
      -0.11035589,
      -0.978191,
      0,
      -1.9013996,
      -1.2410718,
      2.7378118,
      0.99999994
    ],
    "trackingState" : "Normal",
    "timestamp" : 1251174233834
  },
  {
    "transform" : [
      0.020025508,
      -0.99316025,
      0.115028456,
      0,
      -0.9816699,
      0.0022787643,
      0.19057557,
      0,
      -0.18953422,
      -0.11673634,
      -0.97490984,
      0,
      -1.9051493,
      -1.2392944,
      2.7469573,
      0.9999999
    ],
    "trackingState" : "Normal",
    "timestamp" : 1251174250487
  },
  {
    "transform" : [
      0.022939919,
      -0.992305,
      0.12167394,
      0,
      -0.9787897,
      0.002491045,
      0.20485266,
      0,
      -0.20357943,
      -0.1237925,
      -0.97120076,
      0,
      -1.9084672,
      -1.2375928,
      2.7559032,
      1.0000001
    ],
    "trackingState" : "Normal",
    "timestamp" : 1251174267140
  },
  {
    "transform" : [
      0.025881905,
      -0.99125475,
      0.12939908,
      0,
      -0.97562516,
      0.0031695743,
      0.21942112,
      0,
      -0.21791239,
      -0.13192402,
      -0.9670111,
      0,
      -1.9116485,
      -1.2360153,
      2.764789,
      1
    ],
    "trackingState" : "Normal",
    "timestamp" : 1251174283793
  },
  {
    "transform" : [
      0.029459065,
      -0.9900193,
      0.13781849,
      0,
      -0.97216547,
      0.0036839272,
      0.2342664,
      0,
      -0.23243602,
      -0.14088364,
      -0.96235406,
      0,
      -1.9148409,
      -1.2345932,
      2.7737184,
      1
    ],
    "trackingState" : "Normal",
    "timestamp" : 1251174300445
  },
  {
    "transform" : [
      0.033565264,
      -0.9887293,
      0.1459031,
      0,
      -0.9683353,
      0.003962892,
      0.2496222,
      0,
      -0.247387,
      -0.14966173,
      -0.95728844,
      0,
      -1.9181015,
      -1.2333213,
      2.7827904,
      0.99999994
    ],
    "trackingState" : "Normal",
    "timestamp" : 1251174317098
  },
  {
    "transform" : [
      0.03832058,
      -0.98747545,
      0.15304814,
      0,
      -0.9639208,
      0.0038457245,
      0.2661617,
      0,
      -0.26341677,
      -0.15772574,
      -0.9517008,
      0,
      -1.9214212,
      -1.2321578,
      2.7920847,
      1.0000001
    ],
    "trackingState" : "Normal",
    "timestamp" : 1251174333751
  },
  {
    "transform" : [
      0.04414211,
      -0.98625404,
      0.15923068,
      0,
      -0.9589232,
      0.0028766172,
      0.28365114,
      0,
      -0.28021014,
      -0.16521098,
      -0.945615,
      0,
      -1.9248087,
      -1.2314651,
      2.800878,
      1
    ],
    "trackingState" : "Normal",
    "timestamp" : 1251174350404
  },
  {
    "transform" : [
      0.050324935,
      -0.98525536,
      0.16352151,
      0,
      -0.95355463,
      0.0012869367,
      0.30121744,
      0,
      -0.29698658,
      -0.17108543,
      -0.9394301,
      0,
      -1.9281709,
      -1.2305595,
      2.8103507,
      0.99999994
    ],
    "trackingState" : "Normal",
    "timestamp" : 1251174367056
  },
  {
    "transform" : [
      0.056060955,
      -0.9844334,
      0.16657758,
      0,
      -0.9480329,
      -0.00014955348,
      0.31817245,
      0,
      -0.3131947,
      -0.17575808,
      -0.93328357,
      0,
      -1.9314475,
      -1.2296219,
      2.8201303,
      1
    ],
    "trackingState" : "Normal",
    "timestamp" : 1251174383709
  },
  {
    "transform" : [
      0.060914505,
      -0.9835477,
      0.1700685,
      0,
      -0.94232625,
      -0.0004882565,
      0.33469522,
      0,
      -0.3291057,
      -0.18064784,
      -0.92685264,
      0,
      -1.9346011,
      -1.2287058,
      2.8300183,
      0.99999994
    ],
    "trackingState" : "Normal",
    "timestamp" : 1251174400362
  },
  {
    "transform" : [
      0.06481215,
      -0.9824178,
      0.17508452,
      0,
      -0.93660927,
      0.0006530721,
      0.35037506,
      0,
      -0.3443291,
      -0.18669432,
      -0.92009926,
      0,
      -1.9376403,
      -1.2278601,
      2.8399081,
      0.9999999
    ],
    "trackingState" : "Normal",
    "timestamp" : 1251174417014
  },
  {
    "transform" : [
      0.06803009,
      -0.9810248,
      0.18155453,
      0,
      -0.93104774,
      0.0029635017,
      0.36488506,
      0,
      -0.35849938,
      -0.19385909,
      -0.91317946,
      0,
      -1.9406103,
      -1.2271024,
      2.8497634,
      0.9999999
    ],
    "trackingState" : "Normal",
    "timestamp" : 1251174433667
  },
  {
    "transform" : [
      0.07106817,
      -0.97950983,
      0.18844002,
      0,
      -0.9252983,
      0.0058155255,
      0.37919548,
      0,
      -0.3725216,
      -0.20131198,
      -0.9059256,
      0,
      -1.94355,
      -1.2264153,
      2.8596325,
      0.9999999
    ],
    "trackingState" : "Normal",
    "timestamp" : 1251174450320
  },
  {
    "transform" : [
      0.07395066,
      -0.97811896,
      0.19445963,
      0,
      -0.9190071,
      0.008877588,
      0.39414105,
      0,
      -0.38724318,
      -0.20785676,
      -0.8982418,
      0,
      -1.9464681,
      -1.2257411,
      2.869557,
      1
    ],
    "trackingState" : "Normal",
    "timestamp" : 1251174466973
  },
  {
    "transform" : [
      0.07694419,
      -0.9769165,
      0.19928311,
      0,
      -0.9119588,
      0.011831451,
      0.4101113,
      0,
      -0.40300235,
      -0.21329366,
      -0.88999724,
      0,
      -1.9497538,
      -1.224774,
      2.8781583,
      0.99999994
    ],
    "trackingState" : "Normal",
    "timestamp" : 1251174483626
  },
  {
    "transform" : [
      0.080161035,
      -0.9759038,
      0.20294306,
      0,
      -0.9043914,
      0.014397262,
      0.42646098,
      0,
      -0.41910675,
      -0.2177255,
      -0.881445,
      0,
      -1.9528086,
      -1.2239795,
      2.8876324,
      1
    ],
    "trackingState" : "Normal",
    "timestamp" : 1251174500278
  },
  {
    "transform" : [
      0.08352581,
      -0.97488165,
      0.20646839,
      0,
      -0.8963734,
      0.017017107,
      0.44297326,
      0,
      -0.43535998,
      -0.22207244,
      -0.87243664,
      0,
      -1.9558215,
      -1.2232518,
      2.8972669,
      1
    ],
    "trackingState" : "Normal",
    "timestamp" : 1251174516931
  },
  {
    "transform" : [
      0.08714566,
      -0.9736435,
      0.21077006,
      0,
      -0.8873653,
      0.020289747,
      0.46062043,
      0,
      -0.45275658,
      -0.22717111,
      -0.8622094,
      0,
      -1.958847,
      -1.2225375,
      2.9068103,
      1
    ],
    "trackingState" : "Normal",
    "timestamp" : 1251174533584
  },
  {
    "transform" : [
      0.09135998,
      -0.97214836,
      0.2158257,
      0,
      -0.8771126,
      0.024064813,
      0.4796813,
      0,
      -0.47151524,
      -0.23312715,
      -0.8504852,
      0,
      -1.961897,
      -1.2217993,
      2.9161897,
      0.9999999
    ],
    "trackingState" : "Normal",
    "timestamp" : 1251174550236
  },
  {
    "transform" : [
      0.09589694,
      -0.970618,
      0.22069086,
      0,
      -0.8656309,
      0.028136825,
      0.49989143,
      0,
      -0.49141315,
      -0.23897488,
      -0.83749884,
      0,
      -1.9649632,
      -1.2209852,
      2.9254136,
      1
    ],
    "trackingState" : "Normal",
    "timestamp" : 1251174566889
  },
  {
    "transform" : [
      0.10090035,
      -0.9690465,
      0.22531788,
      0,
      -0.8528935,
      0.03235327,
      0.5210819,
      0,
      -0.51224226,
      -0.24474946,
      -0.82322884,
      0,
      -1.9690855,
      -1.2200596,
      2.9319253,
      1
    ],
    "trackingState" : "Normal",
    "timestamp" : 1251174583542
  },
  {
    "transform" : [
      0.10642726,
      -0.96745896,
      0.22955708,
      0,
      -0.83911735,
      0.036468532,
      0.5427267,
      0,
      -0.53343743,
      -0.25038624,
      -0.80793035,
      0,
      -1.9725689,
      -1.219041,
      2.9400473,
      1.0000001
    ],
    "trackingState" : "Normal",
    "timestamp" : 1251174600195
  },
  {
    "transform" : [
      0.11260554,
      -0.9658372,
      0.23340626,
      0,
      -0.8241996,
      0.040411986,
      0.5648557,
      0,
      -0.55499107,
      -0.25597924,
      -0.79149216,
      0,
      -1.9758468,
      -1.2179213,
      2.9486666,
      1
    ],
    "trackingState" : "Normal",
    "timestamp" : 1251174616847
  },
  {
    "transform" : [
      0.11866701,
      -0.96445173,
      0.2361164,
      0,
      -0.80813134,
      0.044356458,
      0.58732975,
      0,
      -0.5769246,
      -0.26050973,
      -0.77414006,
      0,
      -1.9789863,
      -1.2166774,
      2.9574575,
      1
    ],
    "trackingState" : "Normal",
    "timestamp" : 1251174633500
  },
  {
    "transform" : [
      0.123657465,
      -0.9636389,
      0.2368728,
      0,
      -0.7907123,
      0.04854163,
      0.61026037,
      0,
      -0.5995689,
      -0.26276147,
      -0.7559587,
      0,
      -1.9819355,
      -1.2152734,
      2.9663258,
      1
    ],
    "trackingState" : "Normal",
    "timestamp" : 1251174650153
  },
  {
    "transform" : [
      0.1273631,
      -0.963467,
      0.23560536,
      0,
      -0.7719185,
      0.052878216,
      0.63351846,
      0,
      -0.6228326,
      -0.262555,
      -0.73698324,
      0,
      -1.9846464,
      -1.213641,
      2.9751816,
      0.9999999
    ],
    "trackingState" : "Normal",
    "timestamp" : 1251174666806
  },
  {
    "transform" : [
      0.13015756,
      -0.9637551,
      0.23288453,
      0,
      -0.751717,
      0.057237424,
      0.6569973,
      0,
      -0.64651424,
      -0.2605764,
      -0.7170212,
      0,
      -1.987035,
      -1.2117654,
      2.9830506,
      0.99999994
    ],
    "trackingState" : "Normal",
    "timestamp" : 1251174683459
  },
  {
    "transform" : [
      0.13208649,
      -0.96414393,
      0.23017268,
      0,
      -0.7314772,
      0.06190006,
      0.6790503,
      0,
      -0.66895,
      -0.25805947,
      -0.6970733,
      0,
      -1.9892677,
      -1.2096661,
      2.99126,
      0.9999999
    ],
    "trackingState" : "Normal",
    "timestamp" : 1251174700111
  },
  {
    "transform" : [
      0.13366115,
      -0.964274,
      0.22871447,
      0,
      -0.7122796,
      0.0669901,
      0.6986918,
      0,
      -0.689052,
      -0.25629658,
      -0.67787874,
      0,
      -1.9913883,
      -1.2074172,
      2.9995036,
      1
    ],
    "trackingState" : "Normal",
    "timestamp" : 1251174716764
  },
  {
    "transform" : [
      0.1360037,
      -0.9640087,
      0.22845182,
      0,
      -0.69465923,
      0.07161922,
      0.7157649,
      0,
      -0.7063651,
      -0.2560428,
      -0.65991706,
      0,
      -1.9934621,
      -1.2050831,
      3.0076046,
      1
    ],
    "trackingState" : "Normal",
    "timestamp" : 1251174733417
  },
  {
    "transform" : [
      0.13979542,
      -0.9634731,
      0.22842237,
      0,
      -0.6784552,
      0.07482412,
      0.73082143,
      0,
      -0.72121835,
      -0.2571398,
      -0.64321333,
      0,
      -1.9955118,
      -1.2026924,
      3.0155222,
      0.99999994
    ],
    "trackingState" : "Normal",
    "timestamp" : 1251174750070
  },
  {
    "transform" : [
      0.1448774,
      -0.96295494,
      0.2274385,
      0,
      -0.66278094,
      0.0762261,
      0.74492353,
      0,
      -0.73466456,
      -0.25866446,
      -0.6271848,
      0,
      -1.9975221,
      -1.2002892,
      3.0232863,
      1
    ],
    "trackingState" : "Normal",
    "timestamp" : 1251174766722
  },
  {
    "transform" : [
      0.1506562,
      -0.96267444,
      0.22485697,
      0,
      -0.64624614,
      0.07622083,
      0.7593131,
      0,
      -0.74811006,
      -0.25970814,
      -0.6106416,
      0,
      -1.9987717,
      -1.1981382,
      3.0300136,
      1
    ],
    "trackingState" : "Normal",
    "timestamp" : 1251174783375
  },
  {
    "transform" : [
      0.15699151,
      -0.96269435,
      0.22039331,
      0,
      -0.62844306,
      0.07476946,
      0.7742538,
      0,
      -0.76184845,
      -0.2600559,
      -0.59326047,
      0,
      -2.0002735,
      -1.1958983,
      3.0370803,
      1
    ],
    "trackingState" : "Normal",
    "timestamp" : 1251174800028
  },
  {
    "transform" : [
      0.1638083,
      -0.9628154,
      0.21483323,
      0,
      -0.60971373,
      0.07238536,
      0.7893095,
      0,
      -0.77551013,
      -0.26028222,
      -0.57518446,
      0,
      -2.0017822,
      -1.1936705,
      3.0441117,
      1
    ],
    "trackingState" : "Normal",
    "timestamp" : 1251174816681
  },
  {
    "transform" : [
      0.17051952,
      -0.9628428,
      0.20942013,
      0,
      -0.59003085,
      0.07044266,
      0.8043018,
      0,
      -0.78916836,
      -0.2607135,
      -0.5560952,
      0,
      -2.0031285,
      -1.1915174,
      3.0508294,
      1
    ],
    "trackingState" : "Normal",
    "timestamp" : 1251174833333
  },
  {
    "transform" : [
      0.17730358,
      -0.96255624,
      0.20505841,
      0,
      -0.5694686,
      0.06959252,
      0.819062,
      0,
      -0.8026637,
      -0.26199692,
      -0.53580654,
      0,
      -2.004281,
      -1.1894538,
      3.0571308,
      1
    ],
    "trackingState" : "Normal",
    "timestamp" : 1251174849986
  },
  {
    "transform" : [
      0.18506709,
      -0.9618121,
      0.20166217,
      0,
      -0.54842883,
      0.06919732,
      0.83332914,
      0,
      -0.81546056,
      -0.26481915,
      -0.51467943,
      0,
      -2.005254,
      -1.1874993,
      3.063017,
      1
    ],
    "trackingState" : "Normal",
    "timestamp" : 1251174866639
  },
  {
    "transform" : [
      0.1935675,
      -0.9607854,
      0.19855243,
      0,
      -0.5270782,
      0.068853274,
      0.8470229,
      0,
      -0.82747823,
      -0.26860875,
      -0.49308136,
      0,
      -2.0055027,
      -1.1854837,
      3.0679216,
      1
    ],
    "trackingState" : "Normal",
    "timestamp" : 1251174883292
  },
  {
    "transform" : [
      0.20190682,
      -0.9598623,
      0.19467412,
      0,
      -0.5050683,
      0.068255864,
      0.86037624,
      0,
      -0.8391303,
      -0.2720395,
      -0.4710147,
      0,
      -2.0058687,
      -1.1836915,
      3.0729723,
      1
    ],
    "trackingState" : "Normal",
    "timestamp" : 1251174899944
  },
  {
    "transform" : [
      0.20965391,
      -0.9592288,
      0.18953972,
      0,
      -0.4824122,
      0.06713547,
      0.8733677,
      0,
      -0.85048443,
      -0.27454126,
      -0.4486685,
      0,
      -2.0060966,
      -1.1820849,
      3.0779102,
      0.99999994
    ],
    "trackingState" : "Normal",
    "timestamp" : 1251174916597
  },
  {
    "transform" : [
      0.21671163,
      -0.95874715,
      0.18395641,
      0,
      -0.4591879,
      0.06618035,
      0.8858705,
      0,
      -0.86150014,
      -0.27644902,
      -0.42590308,
      0,
      -2.0060935,
      -1.1806741,
      3.0825896,
      1
    ],
    "trackingState" : "Normal",
    "timestamp" : 1251174933250
  },
  {
    "transform" : [
      0.22318788,
      -0.95817375,
      0.17913748,
      0,
      -0.43573758,
      0.066321276,
      0.897627,
      0,
      -0.8719633,
      -0.27839637,
      -0.4027102,
      0,
      -2.0058255,
      -1.1794708,
      3.086887,
      1
    ],
    "trackingState" : "Normal",
    "timestamp" : 1251174949902
  },
  {
    "transform" : [
      0.23439297,
      -0.9567291,
      0.17242204,
      0,
      -0.3909613,
      0.06961769,
      0.91777045,
      0,
      -0.8900614,
      -0.28252926,
      -0.35772622,
      0,
      -2.0040848,
      -1.1773778,
      3.094679,
      0.99999994
    ],
    "trackingState" : "Normal",
    "timestamp" : 1251174983208
  },
  {
    "transform" : [
      0.23914143,
      -0.95619816,
      0.16880895,
      0,
      -0.37082312,
      0.070737295,
      0.92600566,
      0,
      -0.897386,
      -0.28404456,
      -0.33766416,
      0,
      -2.0030148,
      -1.1765217,
      3.098179,
      0.99999994
    ],
    "trackingState" : "Normal",
    "timestamp" : 1251174999861
  },
  {
    "transform" : [
      0.24372768,
      -0.95578104,
      0.16455775,
      0,
      -0.3523524,
      0.07081607,
      0.93318415,
      0,
      -0.90357316,
      -0.28542516,
      -0.31951195,
      0,
      -2.00204,
      -1.1757903,
      3.1013923,
      1
    ],
    "trackingState" : "Normal",
    "timestamp" : 1251175016513
  },
  {
    "transform" : [
      0.24869548,
      -0.95528483,
      0.1599421,
      0,
      -0.33453885,
      0.07025013,
      0.9397599,
      0,
      -0.90897435,
      -0.28722087,
      -0.30210897,
      0,
      -2.0011182,
      -1.1751316,
      3.1043816,
      1
    ],
    "trackingState" : "Normal",
    "timestamp" : 1251175033166
  },
  {
    "transform" : [
      0.25383022,
      -0.95475817,
      0.15494223,
      0,
      -0.31568247,
      0.06964375,
      0.9463057,
      0,
      -0.9142838,
      -0.2891135,
      -0.28372276,
      0,
      -2.0002189,
      -1.1745162,
      3.107182,
      1
    ],
    "trackingState" : "Normal",
    "timestamp" : 1251175049819
  },
  {
    "transform" : [
      0.258775,
      -0.95435447,
      0.14914094,
      0,
      -0.2945984,
      0.06906742,
      0.9531221,
      0,
      -0.9199171,
      -0.29058078,
      -0.2632784,
      0,
      -1.9993054,
      -1.1739448,
      3.1098475,
      1.0000001
    ],
    "trackingState" : "Normal",
    "timestamp" : 1251175066472
  },
  {
    "transform" : [
      0.2634844,
      -0.95410305,
      0.14234936,
      0,
      -0.27085486,
      0.068457365,
      0.9601829,
      0,
      -0.9258584,
      -0.2915492,
      -0.24038604,
      0,
      -1.9993353,
      -1.1728617,
      3.1147192,
      0.99999994
    ],
    "trackingState" : "Normal",
    "timestamp" : 1251175083125
  },
  {
    "transform" : [
      0.26750728,
      -0.9541058,
      0.1346177,
      0,
      -0.24541871,
      0.067635514,
      0.9670549,
      0,
      -0.9317777,
      -0.29173192,
      -0.21606243,
      0,
      -1.9986188,
      -1.1722057,
      3.1179361,
      1
    ],
    "trackingState" : "Normal",
    "timestamp" : 1251175099777
  },
  {
    "transform" : [
      0.27048907,
      -0.9543666,
      0.12657021,
      0,
      -0.21950693,
      0.06687016,
      0.97331655,
      0,
      -0.9373647,
      -0.29105452,
      -0.19140248,
      0,
      -1.9975595,
      -1.1717057,
      3.1205025,
      1
    ],
    "trackingState" : "Normal",
    "timestamp" : 1251175116430
  },
  {
    "transform" : [
      0.27206278,
      -0.9549326,
      0.11868191,
      0,
      -0.19444036,
      0.06623616,
      0.97867537,
      0,
      -0.94243014,
      -0.28933772,
      -0.1676571,
      0,
      -1.9962751,
      -1.1713024,
      3.1227002,
      0.9999999
    ],
    "trackingState" : "Normal",
    "timestamp" : 1251175133083
  },
  {
    "transform" : [
      0.27226192,
      -0.9557063,
      0.11179761,
      0,
      -0.1719977,
      0.06597822,
      0.9828853,
      0,
      -0.946726,
      -0.2868312,
      -0.14641598,
      0,
      -1.9948598,
      -1.1709689,
      3.1245842,
      0.9999999
    ],
    "trackingState" : "Normal",
    "timestamp" : 1251175149736
  },
  {
    "transform" : [
      0.27179626,
      -0.95649266,
      0.10605929,
      0,
      -0.15220188,
      0.06609676,
      0.98613685,
      0,
      -0.9502429,
      -0.2841707,
      -0.12761514,
      0,
      -1.9933789,
      -1.1707218,
      3.1261864,
      1
    ],
    "trackingState" : "Normal",
    "timestamp" : 1251175166388
  },
  {
    "transform" : [
      0.27098235,
      -0.9571947,
      0.10171984,
      0,
      -0.13375065,
      0.06720655,
      0.98873365,
      0,
      -0.9532468,
      -0.28153446,
      -0.109813645,
      0,
      -1.9921923,
      -1.1699903,
      3.130052,
      1
    ],
    "trackingState" : "Normal",
    "timestamp" : 1251175183041
  },
  {
    "transform" : [
      0.27009758,
      -0.95776075,
      0.09869977,
      0,
      -0.115324445,
      0.06959095,
      0.99088717,
      0,
      -0.9559015,
      -0.27901873,
      -0.091656916,
      0,
      -1.9907491,
      -1.1697077,
      3.132088,
      0.99999994
    ],
    "trackingState" : "Normal",
    "timestamp" : 1251175199694
  },
  {
    "transform" : [
      0.268821,
      -0.95836425,
      0.096297435,
      0,
      -0.09545601,
      0.07297765,
      0.992755,
      0,
      -0.9584486,
      -0.27606556,
      -0.07186374,
      0,
      -1.9891489,
      -1.1695702,
      3.133493,
      1
    ],
    "trackingState" : "Normal",
    "timestamp" : 1251175216347
  },
  {
    "transform" : [
      0.26635745,
      -0.9592373,
      0.09443296,
      0,
      -0.07356161,
      0.07745627,
      0.9942784,
      0,
      -0.9610632,
      -0.27178,
      -0.04993201,
      0,
      -1.9873908,
      -1.1694074,
      3.1346493,
      1
    ],
    "trackingState" : "Normal",
    "timestamp" : 1251175232999
  },
  {
    "transform" : [
      0.262776,
      -0.9603954,
      0.092679,
      0,
      -0.050579,
      0.08221124,
      0.99533075,
      0,
      -0.96353036,
      -0.2662366,
      -0.026972722,
      0,
      -1.9855081,
      -1.1691178,
      3.135705,
      1.0000001
    ],
    "trackingState" : "Normal",
    "timestamp" : 1251175249652
  },
  {
    "transform" : [
      0.2586558,
      -0.96174955,
      0.09019428,
      0,
      -0.028767906,
      0.08566086,
      0.995909,
      0,
      -0.9655411,
      -0.2601923,
      -0.005510865,
      0,
      -1.9835646,
      -1.168689,
      3.136736,
      1
    ],
    "trackingState" : "Normal",
    "timestamp" : 1251175266305
  },
  {
    "transform" : [
      0.25396004,
      -0.9633303,
      0.08659684,
      0,
      -0.010779477,
      0.08670762,
      0.9961755,
      0,
      -0.96715474,
      -0.25392222,
      0.011636057,
      0,
      -1.9827693,
      -1.1680799,
      3.1392188,
      1
    ],
    "trackingState" : "Normal",
    "timestamp" : 1251175282957
  },
  {
    "transform" : [
      0.24855377,
      -0.9650906,
      0.082590796,
      0,
      0.0035965089,
      0.08618556,
      0.9962727,
      0,
      -0.96861154,
      -0.24733025,
      0.02489268,
      0,
      -1.9813149,
      -1.1674974,
      3.1406746,
      1
    ],
    "trackingState" : "Normal",
    "timestamp" : 1251175299610
  },
  {
    "transform" : [
      0.24356192,
      -0.96659446,
      0.07982972,
      0,
      0.016515892,
      0.08642994,
      0.99612117,
      0,
      -0.96974474,
      -0.24129869,
      0.03701519,
      0,
      -1.979828,
      -1.1670028,
      3.141696,
      1.0000001
    ],
    "trackingState" : "Normal",
    "timestamp" : 1251175316263
  },
  {
    "transform" : [
      0.24087507,
      -0.9673464,
      0.078868926,
      0,
      0.030655596,
      0.088804044,
      0.9955773,
      0,
      -0.970072,
      -0.23739196,
      0.05104524,
      0,
      -1.9785817,
      -1.1666493,
      3.1425052,
      1
    ],
    "trackingState" : "Normal",
    "timestamp" : 1251175332916
  },
  {
    "transform" : [
      0.24175686,
      -0.9671723,
      0.07830355,
      0,
      0.0473197,
      0.09235239,
      0.9946014,
      0,
      -0.96918243,
      -0.2367464,
      0.068093106,
      0,
      -1.9776552,
      -1.1664121,
      3.1432767,
      1
    ],
    "trackingState" : "Normal",
    "timestamp" : 1251175349569
  },
  {
    "transform" : [
      0.24529646,
      -0.9664682,
      0.07595225,
      0,
      0.06603829,
      0.094821975,
      0.99330145,
      0,
      -0.96719635,
      -0.23863757,
      0.08708338,
      0,
      -1.9769583,
      -1.1662056,
      3.1441374,
      1
    ],
    "trackingState" : "Normal",
    "timestamp" : 1251175366221
  },
  {
    "transform" : [
      0.24865034,
      -0.96600413,
      0.07077467,
      0,
      0.08656366,
      0.094939746,
      0.99171233,
      0,
      -0.9647175,
      -0.2404631,
      0.10722763,
      0,
      -1.9768693,
      -1.1657894,
      3.1456137,
      1
    ],
    "trackingState" : "Normal",
    "timestamp" : 1251175382874
  },
  {
    "transform" : [
      0.24958877,
      -0.9663088,
      0.062871076,
      0,
      0.10912709,
      0.09257996,
      0.9897072,
      0,
      -0.96218336,
      -0.24015886,
      0.12855735,
      0,
      -1.9762301,
      -1.1653695,
      3.146823,
      1
    ],
    "trackingState" : "Normal",
    "timestamp" : 1251175399527
  },
  {
    "transform" : [
      0.24786691,
      -0.96736264,
      0.052646212,
      0,
      0.13306166,
      0.08782064,
      0.9872093,
      0,
      -0.9596128,
      -0.23769131,
      0.15048668,
      0,
      -1.9752672,
      -1.1648803,
      3.1479225,
      1
    ],
    "trackingState" : "Normal",
    "timestamp" : 1251175416180
  },
  {
    "transform" : [
      0.24458508,
      -0.9687522,
      0.04119821,
      0,
      0.15671884,
      0.08142608,
      0.984281,
      0,
      -0.95687896,
      -0.2342839,
      0.1717373,
      0,
      -1.9741423,
      -1.1643643,
      3.14888,
      1
    ],
    "trackingState" : "Normal",
    "timestamp" : 1251175432832
  },
  {
    "transform" : [
      0.24097402,
      -0.97006166,
      0.030197995,
      0,
      0.17949344,
      0.07512312,
      0.9808867,
      0,
      -0.9537891,
      -0.23094787,
      0.1922224,
      0,
      -1.9729772,
      -1.1638961,
      3.149589,
      1
    ],
    "trackingState" : "Normal",
    "timestamp" : 1251175449485
  },
  {
    "transform" : [
      0.23805216,
      -0.97102046,
      0.02122387,
      0,
      0.2015037,
      0.07075298,
      0.97692907,
      0,
      -0.95011973,
      -0.22828335,
      0.21250708,
      0,
      -1.9718487,
      -1.1635268,
      3.1499887,
      1
    ],
    "trackingState" : "Normal",
    "timestamp" : 1251175466138
  },
  {
    "transform" : [
      0.23691234,
      -0.97142845,
      0.014116581,
      0,
      0.2220065,
      0.06827738,
      0.97265166,
      0,
      -0.9458254,
      -0.22729921,
      0.23183918,
      0,
      -1.9718053,
      -1.1633182,
      3.1503415,
      1
    ],
    "trackingState" : "Normal",
    "timestamp" : 1251175482790
  },
  {
    "transform" : [
      0.23690404,
      -0.97150344,
      0.0075809024,
      0,
      0.24093534,
      0.06630849,
      0.9682734,
      0,
      -0.9411837,
      -0.22756137,
      0.24977827,
      0,
      -1.9711907,
      -1.1631415,
      3.150373,
      1
    ],
    "trackingState" : "Normal",
    "timestamp" : 1251175499443
  },
  {
    "transform" : [
      0.23617469,
      -0.9717103,
      0.00072480424,
      0,
      0.25868437,
      0.0635923,
      0.9638665,
      0,
      -0.9366451,
      -0.22745335,
      0.26638514,
      0,
      -1.9703231,
      -1.162962,
      3.1502733,
      1
    ],
    "trackingState" : "Normal",
    "timestamp" : 1251175516096
  },
  {
    "transform" : [
      0.23318693,
      -0.9724122,
      -0.006172431,
      0,
      0.27579916,
      0.06004789,
      0.9593377,
      0,
      -0.9325012,
      -0.22540738,
      0.28219286,
      0,
      -1.9692765,
      -1.1627616,
      3.150103,
      0.9999999
    ],
    "trackingState" : "Normal",
    "timestamp" : 1251175532749
  },
  {
    "transform" : [
      0.2282977,
      -0.9735098,
      -0.012604909,
      0,
      0.29316598,
      0.056392886,
      0.95439696,
      0,
      -0.928404,
      -0.22158194,
      0.2982743,
      0,
      -1.968128,
      -1.1625667,
      3.1498652,
      1
    ],
    "trackingState" : "Normal",
    "timestamp" : 1251175549402
  },
  {
    "transform" : [
      0.22285518,
      -0.974681,
      -0.01823443,
      0,
      0.31177124,
      0.053537294,
      0.9486477,
      0,
      -0.9236527,
      -0.217096,
      0.3158086,
      0,
      -1.9669676,
      -1.1624196,
      3.1495514,
      1
    ],
    "trackingState" : "Normal",
    "timestamp" : 1251175566054
  },
  {
    "transform" : [
      0.21793103,
      -0.9756916,
      -0.023063479,
      0,
      0.33146876,
      0.051768906,
      0.94204473,
      0,
      -0.9179513,
      -0.21294561,
      0.33469334,
      0,
      -1.9668558,
      -1.1620324,
      3.1491914,
      1
    ],
    "trackingState" : "Normal",
    "timestamp" : 1251175582707
  },
  {
    "transform" : [
      0.21328315,
      -0.9766059,
      -0.02740546,
      0,
      0.3516522,
      0.050566807,
      0.9347639,
      0,
      -0.9115102,
      -0.2090066,
      0.35421067,
      0,
      -1.966181,
      -1.1619129,
      3.1487556,
      1
    ],
    "trackingState" : "Normal",
    "timestamp" : 1251175599360
  },
  {
    "transform" : [
      0.2093039,
      -0.9773428,
      -0.031511188,
      0,
      0.37111655,
      0.049580365,
      0.9272618,
      0,
      -0.90469027,
      -0.20577382,
      0.3730854,
      0,
      -1.96538,
      -1.1619315,
      3.148291,
      1
    ],
    "trackingState" : "Normal",
    "timestamp" : 1251175616013
  },
  {
    "transform" : [
      0.20604225,
      -0.97788423,
      -0.035902206,
      0,
      0.38982695,
      0.04837439,
      0.9196168,
      0,
      -0.897542,
      -0.20347553,
      0.39117283,
      0,
      -1.9645832,
      -1.1620388,
      3.1478276,
      1
    ],
    "trackingState" : "Normal",
    "timestamp" : 1251175632665
  },
  {
    "transform" : [
      0.20297875,
      -0.9783417,
      -0.04058306,
      0,
      0.4080694,
      0.04684242,
      0.91174835,
      0,
      -0.8901005,
      -0.20162627,
      0.40873936,
      0,
      -1.9638002,
      -1.1622131,
      3.1473908,
      1
    ],
    "trackingState" : "Normal",
    "timestamp" : 1251175649318
  },
  {
    "transform" : [
      0.19940971,
      -0.97886634,
      -0.045348167,
      0,
      0.42665103,
      0.045068145,
      0.90329283,
      0,
      -0.8821592,
      -0.19947319,
      0.42662138,
      0,
      -1.9629831,
      -1.162462,
      3.1469898,
      1
    ],
    "trackingState" : "Normal",
    "timestamp" : 1251175665971
  },
  {
    "transform" : [
      0.19508035,
      -0.97950876,
      -0.050060518,
      0,
      0.44564107,
      0.04305518,
      0.8941757,
      0,
      -0.8736977,
      -0.19674514,
      0.4449086,
      0,
      -1.9624633,
      -1.1625572,
      3.1471605,
      0.9999999
    ],
    "trackingState" : "Normal",
    "timestamp" : 1251175682624
  },
  {
    "transform" : [
      0.18966298,
      -0.9803437,
      -0.054350812,
      0,
      0.4642621,
      0.040767282,
      0.8847591,
      0,
      -0.86515236,
      -0.19303907,
      0.46286848,
      0,
      -1.9616791,
      -1.1629406,
      3.1470084,
      0.9999999
    ],
    "trackingState" : "Normal",
    "timestamp" : 1251175699276
  },
  {
    "transform" : [
      0.18389939,
      -0.98123395,
      -0.057972133,
      0,
      0.48190787,
      0.038599778,
      0.8753712,
      0,
      -0.8567063,
      -0.18891746,
      0.47996286,
      0,
      -1.9608282,
      -1.1635062,
      3.146781,
      0.9999999
    ],
    "trackingState" : "Normal",
    "timestamp" : 1251175715929
  },
  {
    "transform" : [
      0.17844455,
      -0.98206466,
      -0.060881544,
      0,
      0.5000376,
      0.037221648,
      0.86520344,
      0,
      -0.8474196,
      -0.18483388,
      0.49771127,
      0,
      -1.9599645,
      -1.1641605,
      3.1465492,
      1
    ],
    "trackingState" : "Normal",
    "timestamp" : 1251175732582
  },
  {
    "transform" : [
      0.17306064,
      -0.98280525,
      -0.064372055,
      0,
      0.51901394,
      0.035454843,
      0.8540302,
      0,
      -0.83706313,
      -0.18120901,
      0.51622546,
      0,
      -1.9591053,
      -1.164856,
      3.1463823,
      1
    ],
    "trackingState" : "Normal",
    "timestamp" : 1251175749234
  },
  {
    "transform" : [
      0.16690683,
      -0.9835423,
      -0.06918483,
      0,
      0.5386721,
      0.032191113,
      0.84190035,
      0,
      -0.8258176,
      -0.17778684,
      0.5351798,
      0,
      -1.9582537,
      -1.1655563,
      3.1463208,
      1.0000001
    ],
    "trackingState" : "Normal",
    "timestamp" : 1251175765887
  },
  {
    "transform" : [
      0.15965198,
      -0.9843362,
      -0.07478912,
      0,
      0.5585341,
      0.02760157,
      0.8290223,
      0,
      -0.81397235,
      -0.17412731,
      0.554192,
      0,
      -1.9588208,
      -1.1662784,
      3.1462498,
      1
    ],
    "trackingState" : "Normal",
    "timestamp" : 1251175782540
  },
  {
    "transform" : [
      0.15165661,
      -0.9851965,
      -0.07992543,
      0,
      0.5781447,
