[
  {
    "transform" : [
      0.03767011,
      -0.9969705,
      -0.06805008,
      0,
      -0.6281039,
      0.02934226,
      -0.777576,
      0,
      0.7772171,
      0.0720339,
      -0.6250957,
      0,
      -3.4146397,
      -1.273618,
      -0.8650682,
      1
    ],
    "trackingState" : "Normal",
    "timestamp" : 1251157231335
  },
  {
    "transform" : [
      0.03147474,
      -0.99740773,
      -0.0647067,
      0,
      -0.63875294,
      0.029721398,
      -0.7688375,
      0,
      0.7687678,
      0.06553056,
      -0.63616174,
      0,
      -3.4277556,
      -1.2716557,
      -0.85687673,
      0.9999999
    ],
    "trackingState" : "Normal",
    "timestamp" : 1251157247988
  },
  {
    "transform" : [
      0.029014925,
      -0.99741197,
      -0.06578342,
      0,
      -0.643424,
      0.031727813,
      -0.76485234,
      0,
      0.76496005,
      0.06451876,
      -0.6408382,
      0,
      -3.4410412,
      -1.2696557,
      -0.84838676,
      1
    ],
    "trackingState" : "Normal",
    "timestamp" : 1251157264641
  },
  {
    "transform" : [
      0.029177858,
      -0.9970923,
      -0.07039596,
      0,
      -0.6421564,
      0.035272345,
      -0.7657617,
      0,
      0.7660182,
      0.067548506,
      -0.63926005,
      0,
      -3.4540222,
      -1.2673472,
      -0.8388551,
      0.99999994
    ],
    "trackingState" : "Normal",
    "timestamp" : 1251157281293
  },
  {
    "transform" : [
      0.028162196,
      -0.99674004,
      -0.07560573,
      0,
      -0.6405794,
      0.04006845,
      -0.766846,
      0,
      0.76737547,
      0.07002754,
      -0.6373626,
      0,
      -3.4671538,
      -1.2652593,
      -0.8299322,
      1
    ],
    "trackingState" : "Normal",
    "timestamp" : 1251157297946
  },
  {
    "transform" : [
      0.023594363,
      -0.99670404,
      -0.07761674,
      0,
      -0.6435198,
      0.044273153,
      -0.76414806,
      0,
      0.76506567,
      0.06797749,
      -0.6403543,
      0,
      -3.4802387,
      -1.2634165,
      -0.82133484,
      1
    ],
    "trackingState" : "Normal",
    "timestamp" : 1251157314599
  },
  {
    "transform" : [
      0.01657722,
      -0.9970168,
      -0.075384036,
      0,
      -0.6503814,
      0.046512097,
      -0.7581826,
      0,
      0.7594271,
      0.061596926,
      -0.6476701,
      0,
      -3.4932468,
      -1.2618923,
      -0.8129306,
      1
    ],
    "trackingState" : "Normal",
    "timestamp" : 1251157331252
  },
  {
    "transform" : [
      0.009832215,
      -0.99738586,
      -0.071586266,
      0,
      -0.65838975,
      0.047424827,
      -0.75118166,
      0,
      0.7526129,
      0.054517437,
      -0.65620226,
      0,
      -3.506211,
      -1.2607166,
      -0.8045298,
      0.9999999
    ],
    "trackingState" : "Normal",
    "timestamp" : 1251157347905
  },
  {
    "transform" : [
      0.0050215856,
      -0.9975974,
      -0.06909557,
      0,
      -0.66662604,
      0.04816387,
      -0.7438347,
      0,
      0.7453755,
      0.04979613,
      -0.66478246,
      0,
      -3.5191624,
      -1.2599306,
      -0.79595494,
      1
    ],
    "trackingState" : "Normal",
    "timestamp" : 1251157364558
  },
  {
    "transform" : [
      0.0030083784,
      -0.99761236,
      -0.06899653,
      0,
      -0.6754959,
      0.048848256,
      -0.73574394,
      0,
      0.73735756,
      0.04882026,
      -0.67373616,
      0,
      -3.5319388,
      -1.2585235,
      -0.78660774,
      1
    ],
    "trackingState" : "Normal",
    "timestamp" : 1251157381210
  },
  {
    "transform" : [
      0.0035383946,
      -0.99743134,
      -0.07154117,
      0,
      -0.68349975,
      0.049809255,
      -0.72824943,
      0,
      0.7299422,
      0.051475205,
      -0.68156785,
      0,
      -3.5447595,
      -1.2581003,
      -0.7773137,
      1
    ],
    "trackingState" : "Normal",
    "timestamp" : 1251157397863
  },
  {
    "transform" : [
      0.005698585,
      -0.99715424,
      -0.07517143,
      0,
      -0.69000447,
      0.05048855,
      -0.722042,
      0,
      0.7237826,
      0.05598324,
      -0.6877532,
      0,
      -3.5574572,
      -1.2580959,
      -0.76788175,
      0.9999999
    ],
    "trackingState" : "Normal",
    "timestamp" : 1251157414516
  },
  {
    "transform" : [
      0.008653282,
      -0.9968925,
      -0.078297175,
      0,
      -0.6944962,
      0.05034323,
      -0.717733,
      0,
      0.71944445,
      0.06058784,
      -0.6919024,
      0,
      -3.5699646,
      -1.2583109,
      -0.7583237,
      0.99999994
    ],
    "trackingState" : "Normal",
    "timestamp" : 1251157431169
  },
  {
    "transform" : [
      0.012009415,
      -0.9967188,
      -0.0800458,
      0,
      -0.6976028,
      0.04900028,
      -0.7148072,
      0,
      0.7163841,
      0.06442458,
      -0.69472545,
      0,
      -3.5822785,
      -1.258714,
      -0.7486837,
      1
    ],
    "trackingState" : "Normal",
    "timestamp" : 1251157447821
  },
  {
    "transform" : [
      0.015532828,
      -0.99660707,
      -0.08082715,
      0,
      -0.7002183,
      0.046863012,
      -0.7123892,
      0,
      0.7137599,
      0.06766206,
      -0.69711465,
      0,
      -3.5943897,
      -1.2593137,
      -0.738984,
      1.0000001
    ],
    "trackingState" : "Normal",
    "timestamp" : 1251157464474
  },
  {
    "transform" : [
      0.018917706,
      -0.9964956,
      -0.08147746,
      0,
      -0.70419884,
      0.044569507,
      -0.70860267,
      0,
      0.70975083,
      0.07078147,
      -0.7008878,
      0,
      -3.6059682,
      -1.2602358,
      -0.7283423,
      1
    ],
    "trackingState" : "Normal",
    "timestamp" : 1251157481127
  },
  {
    "transform" : [
      0.022183917,
      -0.9963392,
      -0.08255894,
      0,
      -0.7096334,
      0.04247588,
      -0.70328957,
      0,
      0.7042217,
      0.07418831,
      -0.7060933,
      0,
      -3.6175416,
      -1.2613128,
      -0.7180978,
      0.9999999
    ],
    "trackingState" : "Normal",
    "timestamp" : 1251157497780
  },
  {
    "transform" : [
      0.025275933,
      -0.9961185,
      -0.084315546,
      0,
      -0.71611685,
      0.040807817,
      -0.69678664,
      0,
      0.6975227,
      0.07799172,
      -0.7123057,
      0,
      -3.6289117,
      -1.2625875,
      -0.707875,
      1
    ],
    "trackingState" : "Normal",
    "timestamp" : 1251157514433
  },
  {
    "transform" : [
      0.02796592,
      -0.99587387,
      -0.08633165,
      0,
      -0.722868,
      0.039503746,
      -0.6898561,
      0,
      0.6904201,
      0.08169885,
      -0.7187805,
      0,
      -3.6399934,
      -1.2640915,
      -0.69760275,
      1
    ],
    "trackingState" : "Normal",
    "timestamp" : 1251157531086
  },
  {
    "transform" : [
      0.02958721,
      -0.99568975,
      -0.08790046,
      0,
      -0.7297544,
      0.038577504,
      -0.6826202,
      0,
      0.68306893,
      0.08434257,
      -0.72546756,
      0,
      -3.6507533,
      -1.2658349,
      -0.68727237,
      0.99999994
    ],
    "trackingState" : "Normal",
    "timestamp" : 1251157547738
  },
  {
    "transform" : [
      0.02922931,
      -0.99563044,
      -0.08868859,
      0,
      -0.7362572,
      0.038566414,
      -0.675602,
      0,
      0.67607033,
      0.085044995,
      -0.7319128,
      0,
      -3.6611583,
      -1.2678156,
      -0.67690516,
      1
    ],
    "trackingState" : "Normal",
    "timestamp" : 1251157564391
  },
  {
    "transform" : [
      0.026644986,
      -0.9957123,
      -0.0885844,
      0,
      -0.7427062,
      0.039594255,
      -0.668446,
      0,
      0.66908723,
      0.083602905,
      -0.7384666,
      0,
      -3.6709344,
      -1.2696891,
      -0.6657884,
      1
    ],
    "trackingState" : "Normal",
    "timestamp" : 1251157581044
  },
  {
    "transform" : [
      0.022406809,
      -0.9958801,
      -0.087867565,
      0,
      -0.7493186,
      0.04145358,
      -0.660911,
      0,
      0.66183054,
      0.080649704,
      -0.7453026,
      0,
      -3.6806724,
      -1.2719666,
      -0.6550144,
      1.0000001
    ],
    "trackingState" : "Normal",
    "timestamp" : 1251157597697
  },
  {
    "transform" : [
      0.0181616,
      -0.9960114,
      -0.08735822,
      0,
      -0.7559568,
      0.043504283,
      -0.6531744,
      0,
      0.65436953,
      0.07790173,
      -0.7521516,
      0,
      -3.6903446,
      -1.2744597,
      -0.6442336,
      1.0000001
    ],
    "trackingState" : "Normal",
    "timestamp" : 1251157614350
  },
  {
    "transform" : [
      0.015176307,
      -0.9960514,
      -0.08747147,
      0,
      -0.7622651,
      0.04508935,
      -0.6456926,
      0,
      0.64708704,
      0.07647567,
      -0.7585709,
      0,
      -3.7,
      -1.2770613,
      -0.6333419,
      0.9999999
    ],
    "trackingState" : "Normal",
    "timestamp" : 1251157631002
  },
  {
    "transform" : [
      0.014058045,
      -0.9960539,
      -0.08763056,
      0,
      -0.7684287,
      0.045313343,
      -0.6383291,
      0,
      0.639781,
      0.07631149,
      -0.7647594,
      0,
      -3.7096775,
      -1.2797265,
      -0.622318,
      1
    ],
    "trackingState" : "Normal",
    "timestamp" : 1251157647655
  },
  {
    "transform" : [
      0.01468136,
      -0.9960423,
      -0.08765849,
      0,
      -0.7743624,
      0.04413611,
      -0.6312011,
      0,
      0.63257194,
      0.07714634,
      -0.77064973,
      0,
      -3.719364,
      -1.2824394,
      -0.6111454,
      0.9999999
    ],
    "trackingState" : "Normal",
    "timestamp" : 1251157664308
  },
  {
    "transform" : [
      0.017234813,
      -0.9959201,
      -0.08857769,
      0,
      -0.77976006,
      0.04206388,
      -0.6246639,
      0,
      0.62584126,
      0.07983531,
      -0.7758538,
      0,
      -3.730446,
      -1.2841794,
      -0.59732485,
      1
    ],
    "trackingState" : "Normal",
    "timestamp" : 1251157680961
  },
  {
    "transform" : [
      0.020476356,
      -0.99564964,
      -0.090897284,
      0,
      -0.78502584,
      0.040289074,
      -0.61815137,
      0,
      0.6191244,
      0.084014215,
      -0.7807858,
      0,
      -3.740589,
      -1.2865175,
      -0.5849923,
      0.9999999
    ],
    "trackingState" : "Normal",
    "timestamp" : 1251157697614
  },
  {
    "transform" : [
      0.023282878,
      -0.9952817,
      -0.09419242,
      0,
      -0.7909613,
      0.03928375,
      -0.61060387,
      0,
      0.6114231,
      0.088719174,
      -0.7863148,
      0,
      -3.7503827,
      -1.2889624,
      -0.57305527,
      1
    ],
    "trackingState" : "Normal",
    "timestamp" : 1251157714266
  },
  {
    "transform" : [
      0.02459342,
      -0.9949349,
      -0.097466215,
      0,
      -0.7986347,
      0.039089713,
      -0.60054535,
      0,
      0.6013134,
      0.09260937,
      -0.79362816,
      0,
      -3.7600129,
      -1.2913188,
      -0.56117016,
      0.99999994
    ],
    "trackingState" : "Normal",
    "timestamp" : 1251157730919
  },
  {
    "transform" : [
      0.024301482,
      -0.99462026,
      -0.10069596,
      0,
      -0.80781233,
      0.039801788,
      -0.5880941,
      0,
      0.58893836,
      0.09563502,
      -0.8024995,
      0,
      -3.7695324,
      -1.2934562,
      -0.5492176,
      0.9999999
    ],
    "trackingState" : "Normal",
    "timestamp" : 1251157747572
  },
  {
    "transform" : [
      0.022873424,
      -0.9943577,
      -0.1035833,
      0,
      -0.8174293,
      0.04104948,
      -0.57456446,
      0,
      0.5755747,
      0.097814284,
      -0.8118782,
      0,
      -3.7789595,
      -1.2953002,
      -0.5371735,
      1
    ],
    "trackingState" : "Normal",
    "timestamp" : 1251157764225
  },
  {
    "transform" : [
      0.021384802,
      -0.9941492,
      -0.105877176,
      0,
      -0.82620066,
      0.042060137,
      -0.56180376,
      0,
      0.56297,
      0.09948985,
      -0.82046735,
      0,
      -3.7897642,
      -1.2968221,
      -0.52302647,
      1
    ],
    "trackingState" : "Normal",
    "timestamp" : 1251157780878
  },
  {
    "transform" : [
      0.019946948,
      -0.9939801,
      -0.10772869,
      0,
      -0.8337296,
      0.042932868,
      -0.5505012,
      0,
      0.5518124,
      0.10079742,
      -0.8278543,
      0,
      -3.7996004,
      -1.2981461,
      -0.5102607,
      0.9999999
    ],
    "trackingState" : "Normal",
    "timestamp" : 1251157797531
  },
  {
    "transform" : [
      0.019473469,
      -0.9937823,
      -0.10962435,
      0,
      -0.84021163,
      0.043162677,
      -0.5405382,
      0,
      0.541909,
      0.1026338,
      -0.8341469,
      0,
      -3.8091438,
      -1.2993102,
      -0.49790382,
      1
    ],
    "trackingState" : "Normal",
    "timestamp" : 1251157814183
  },
  {
    "transform" : [
      0.021280242,
      -0.99344313,
      -0.1123298,
      0,
      -0.84537154,
      0.04210388,
      -0.53251696,
      0,
      0.53375477,
      0.10629251,
      -0.8389325,
      0,
      -3.8186276,
      -1.3003886,
      -0.48567343,
      1
    ],
    "trackingState" : "Normal",
    "timestamp" : 1251157830836
  },
  {
    "transform" : [
      0.024558052,
      -0.9929176,
      -0.11623842,
      0,
      -0.8501006,
      0.040442344,
      -0.52506506,
      0,
      0.5260473,
      0.11170893,
      -0.84308666,
      0,
      -3.8280938,
      -1.301433,
      -0.47349632,
      0.9999999
    ],
    "trackingState" : "Normal",
    "timestamp" : 1251157847489
  },
  {
    "transform" : [
      0.02780013,
      -0.99231553,
      -0.120569624,
      0,
      -0.8554046,
      0.038792633,
      -0.5165057,
      0,
      0.5172138,
      0.11749473,
      -0.84775287,
      0,
      -3.8374913,
      -1.302484,
      -0.4613912,
      1
    ],
    "trackingState" : "Normal",
    "timestamp" : 1251157864142
  },
  {
    "transform" : [
      0.030028172,
      -0.9918174,
      -0.124083176,
      0,
      -0.8608697,
      0.03742158,
      -0.5074477,
      0,
      0.5079388,
      0.12205716,
      -0.85270184,
      0,
      -3.8467395,
      -1.3035947,
      -0.44942105,
      1.0000001
    ],
    "trackingState" : "Normal",
    "timestamp" : 1251157880795
  },
  {
    "transform" : [
      0.031112805,
      -0.99145675,
      -0.12667081,
      0,
      -0.8659831,
      0.036544338,
      -0.49873608,
      0,
      0.4991043,
      0.12521186,
      -0.85744786,
      0,
      -3.8558605,
      -1.3048428,
      -0.43752652,
      0.99999994
    ],
    "trackingState" : "Normal",
    "timestamp" : 1251157897448
  },
  {
    "transform" : [
      0.031947836,
      -0.9910583,
      -0.12954827,
      0,
      -0.8704867,
      0.03610352,
      -0.49086615,
      0,
      0.49115416,
      0.12845215,
      -0.8615496,
      0,
      -3.8670676,
      -1.3065486,
      -0.42162418,
      1
    ],
    "trackingState" : "Normal",
    "timestamp" : 1251157914100
  },
  {
    "transform" : [
      0.03275515,
      -0.9904957,
      -0.13358672,
      0,
      -0.87473315,
      0.03624794,
      -0.4832475,
      0,
      0.48349673,
      0.13268156,
      -0.86523205,
      0,
      -3.8766615,
      -1.308357,
      -0.40864134,
      1
    ],
    "trackingState" : "Normal",
    "timestamp" : 1251157930753
  },
  {
    "transform" : [
      0.03381522,
      -0.9896672,
      -0.13933903,
      0,
      -0.8792193,
      0.03683442,
      -0.4749912,
      0,
      0.47521564,
      0.1385715,
      -0.8688891,
      0,
      -3.8856804,
      -1.3103483,
      -0.3966248,
      1
    ],
    "trackingState" : "Normal",
    "timestamp" : 1251157947406
  },
  {
    "transform" : [
      0.03484486,
      -0.9886917,
      -0.14585821,
      0,
      -0.8845888,
      0.03740467,
      -0.46486968,
      0,
      0.46506855,
      0.14522284,
      -0.87328213,
      0,
      -3.8944747,
      -1.3125396,
      -0.38499737,
      1
    ],
    "trackingState" : "Normal",
    "timestamp" : 1251157964059
  },
  {
    "transform" : [
      0.035773695,
      -0.9876338,
      -0.15264155,
      0,
      -0.8910929,
      0.03762098,
      -0.45225856,
      0,
      0.45240843,
      0.1521968,
      -0.8787278,
      0,
      -3.90324,
      -1.3150858,
      -0.37187994,
      0.9999999
    ],
    "trackingState" : "Normal",
    "timestamp" : 1251157980712
  },
  {
    "transform" : [
      0.037074834,
      -0.9864097,
      -0.16006657,
      0,
      -0.8979271,
      0.03741536,
      -0.43855113,
      0,
      0.43858004,
      0.15998733,
      -0.88433695,
      0,
      -3.9119146,
      -1.3176522,
      -0.3599646,
      1
    ],
    "trackingState" : "Normal",
    "timestamp" : 1251157997365
  },
  {
    "transform" : [
      0.038866308,
      -0.984981,
      -0.16823144,
      0,
      -0.90396416,
      0.037089325,
      -0.4259967,
      0,
      0.4258382,
      0.1686321,
      -0.88894606,
      0,
      -3.9204862,
      -1.32021,
      -0.34847093,
      1
    ],
    "trackingState" : "Normal",
    "timestamp" : 1251158014017
  },
  {
    "transform" : [
      0.040694512,
      -0.98355407,
      -0.17596975,
      0,
      -0.9089074,
      0.036710326,
      -0.41537905,
      0,
      0.41500765,
      0.17684385,
      -0.8924656,
      0,
      -3.928908,
      -1.3227268,
      -0.33720332,
      0.99999994
    ],
    "trackingState" : "Normal",
    "timestamp" : 1251158030670
  },
  {
    "transform" : [
      0.041442834,
      -0.98232675,
      -0.18252875,
      0,
      -0.9133235,
      0.03682763,
      -0.4055662,
      0,
      0.4051206,
      0.18351561,
      -0.8956559,
      0,
      -3.9371154,
      -1.325201,
      -0.32614183,
      1
    ],
    "trackingState" : "Normal",
    "timestamp" : 1251158047323
  },
  {
    "transform" : [
      0.039891195,
      -0.98139566,
      -0.18780664,
      0,
      -0.9182751,
      0.038093362,
      -0.39410627,
      0,
      0.39392832,
      0.18817952,
      -0.8996717,
      0,
      -3.9450758,
      -1.3276161,
      -0.31526363,
      1.0000001
    ],
    "trackingState" : "Normal",
    "timestamp" : 1251158063976
  },
  {
    "transform" : [
      0.036593806,
      -0.9807226,
      -0.19194816,
      0,
      -0.9240678,
      0.039921224,
      -0.38013816,
      0,
      0.38047287,
      0.1912838,
      -0.9047933,
      0,
      -3.952276,
      -1.3295815,
      -0.3032837,
      1
    ],
    "trackingState" : "Normal",
    "timestamp" : 1251158080628
  },
  {
    "transform" : [
      0.033172607,
      -0.9803141,
      -0.1946376,
      0,
      -0.93024576,
      0.04092115,
      -0.36464828,
      0,
      0.36543462,
      0.19315715,
      -0.91057557,
      0,
      -3.9598515,
      -1.331695,
      -0.29227406,
      0.99999994
    ],
    "trackingState" : "Normal",
    "timestamp" : 1251158097281
  },
  {
    "transform" : [
      0.031166868,
      -0.9800828,
      -0.19612832,
      0,
      -0.93622535,
      0.040088844,
      -0.34910613,
      0,
      0.3500155,
      0.19450085,
      -0.9163289,
      0,
      -3.9676254,
      -1.3338103,
      -0.2816248,
      1
    ],
    "trackingState" : "Normal",
    "timestamp" : 1251158113934
  },
  {
    "transform" : [
      0.030172616,
      -0.9798197,
      -0.1975929,
      0,
      -0.94195944,
      0.038255762,
      -0.33353996,
      0,
      0.33436814,
      0.19618829,
      -0.9217962,
      0,
      -3.9754727,
      -1.3358724,
      -0.2710533,
      1
    ],
    "trackingState" : "Normal",
    "timestamp" : 1251158130587
  },
  {
    "transform" : [
      0.0287538,
      -0.97945917,
      -0.19958223,
      0,
      -0.9477659,
      0.036739234,
      -0.31684414,
      0,
      0.31766835,
      0.1982677,
      -0.92724156,
      0,
      -3.9832761,
      -1.3378592,
      -0.26043797,
      1
    ],
    "trackingState" : "Normal",
    "timestamp" : 1251158147240
  },
  {
    "transform" : [
      0.025953874,
      -0.97916204,
      -0.20141543,
      0,
      -0.95375776,
      0.03610111,
      -0.29840094,
      0,
      0.29945412,
      0.19984616,
      -0.9329464,
      0,
      -3.990978,
      -1.339775,
      -0.24977602,
      1.0000001
    ],
    "trackingState" : "Normal",
    "timestamp" : 1251158163893
  },
  {
    "transform" : [
      0.021599779,
      -0.9790829,
      -0.20231211,
      0,
      -0.9596971,
      0.036410253,
      -0.27866796,
      0,
      0.28020528,
      0.20017749,
      -0.9388365,
      0,
      -3.9969761,
      -1.3421371,
      -0.24059248,
      1
    ],
    "trackingState" : "Normal",
    "timestamp" : 1251158180545
  },
  {
    "transform" : [
      0.016232636,
      -0.9792718,
      -0.20189871,
      0,
      -0.9652575,
      0.037320245,
      -0.25862148,
      0,
      0.26079565,
      0.19908236,
      -0.9446438,
      0,
      -4.003936,
      -1.3440259,
      -0.23030448,
      1
    ],
    "trackingState" : "Normal",
    "timestamp" : 1251158197198
  },
  {
    "transform" : [
      0.010098305,
      -0.9794844,
      -0.20126686,
      0,
      -0.97005486,
      0.03925167,
      -0.23969325,
      0,
      0.24267587,
      0.19766042,
      -0.94975734,
      0,
      -4.0111227,
      -1.3456011,
      -0.21954393,
      1
    ],
    "trackingState" : "Normal",
    "timestamp" : 1251158213851
  },
  {
    "transform" : [
      0.0031705264,
      -0.97962964,
      -0.20078766,
      0,
      -0.97401243,
      0.042448077,
      -0.22248147,
      0,
      0.22647248,
      0.19627506,
      -0.9540369,
      0,
      -4.0182714,
      -1.3468852,
      -0.20852375,
      1
    ],
    "trackingState" : "Normal",
    "timestamp" : 1251158230504
  },
  {
    "transform" : [
      -0.0042508165,
      -0.9797006,
      -0.20042111,
      0,
      -0.9772038,
      0.04661206,
      -0.2071237,
      0,
      0.21226121,
      0.19497181,
      -0.95756525,
      0,
      -4.0253353,
      -1.3479187,
      -0.19739652,
      1
    ],
    "trackingState" : "Normal",
    "timestamp" : 1251158247156
  },
  {
    "transform" : [
      -0.011526586,
      -0.97966206,
      -0.20032302,
      0,
      -0.97986877,
      0.050998025,
      -0.19301976,
      0,
      0.1993102,
      0.19406539,
      -0.9605281,
      0,
      -4.0323772,
      -1.3487477,
      -0.1862917,
      1
    ],
    "trackingState" : "Normal",
    "timestamp" : 1251158263809
  },
  {
    "transform" : [
      -0.018373385,
      -0.9795628,
      -0.20029745,
      0,
      -0.98231405,
      0.05502113,
      -0.17897496,
      0,
      0.18633778,
      0.1934666,
      -0.96324927,
      0,
      -4.0388026,
      -1.3498071,
      -0.17634262,
      1.0000001
    ],
    "trackingState" : "Normal",
    "timestamp" : 1251158280462
  },
  {
    "transform" : [
      -0.025371403,
      -0.97957104,
      -0.19949146,
      0,
      -0.98495257,
      0.05862044,
      -0.16257975,
      0,
      0.17095266,
      0.19236472,
      -0.9663183,
      0,
      -4.045633,
      -1.3503817,
      -0.16589318,
      0.9999999
    ],
    "trackingState" : "Normal",
    "timestamp" : 1251158297115
  },
  {
    "transform" : [
      -0.03274011,
      -0.9797676,
      -0.19744252,
      0,
      -0.98802567,
      0.061529256,
      -0.14149089,
      0,
      0.15077667,
      0.19044584,
      -0.97005,
      0,
      -4.0525856,
      -1.3506985,
      -0.15536499,
      1
    ],
    "trackingState" : "Normal",
    "timestamp" : 1251158313768
  },
  {
    "transform" : [
      -0.040020935,
      -0.9798825,
      -0.19552119,
      0,
      -0.9911194,
      0.06376359,
      -0.11668965,
      0,
      0.1268093,
      0.18911482,
      -0.9737324,
      0,
      -4.059611,
      -1.3508791,
      -0.14476596,
      0.9999999
    ],
    "trackingState" : "Normal",
    "timestamp" : 1251158330421
  },
  {
    "transform" : [
      -0.046837386,
      -0.97937787,
      -0.19653305,
      0,
      -0.99347705,
      0.066150784,
      -0.09288384,
      0,
      0.10396917,
      0.19090064,
      -0.9760878,
      0,
      -4.0667224,
      -1.3509282,
      -0.1340149,
      0.99999994
    ],
    "trackingState" : "Normal",
    "timestamp" : 1251158347073
  },
  {
    "transform" : [
      -0.052806057,
      -0.97809935,
      -0.20132841,
      0,
      -0.9949488,
      0.068768315,
      -0.073128946,
      0,
      0.08537237,
      0.1964498,
      -0.97679025,
      0,
      -4.0739346,
      -1.3507681,
      -0.12311292,
      1
    ],
    "trackingState" : "Normal",
    "timestamp" : 1251158363726
  },
  {
    "transform" : [
      -0.05812264,
      -0.9764681,
      -0.20768204,
      0,
      -0.99594426,
      0.071028255,
      -0.055228345,
      0,
      0.06867999,
      0.20362972,
      -0.9766362,
      0,
      -4.0803285,
      -1.3489782,
      -0.11388553,
      1.0000001
    ],
    "trackingState" : "Normal",
    "timestamp" : 1251158380379
  },
  {
    "transform" : [
      -0.06346627,
      -0.9748535,
      -0.21361785,
      0,
      -0.9966383,
      0.073023975,
      -0.03714473,
      0,
      0.051809877,
      0.21054228,
      -0.9762109,
      0,
      -4.087265,
      -1.3478492,
      -0.10353237,
      0.99999994
    ],
    "trackingState" : "Normal",
    "timestamp" : 1251158397032
  },
  {
    "transform" : [
      -0.06991537,
      -0.9734035,
      -0.21816808,
      0,
      -0.9969171,
      0.075986415,
      -0.019551992,
      0,
      0.035609763,
      0.21612851,
      -0.9757154,
      0,
      -4.0942874,
      -1.346716,
      -0.09295755,
      0.99999994
    ],
    "trackingState" : "Normal",
    "timestamp" : 1251158413685
  },
  {
    "transform" : [
      -0.07798962,
      -0.97232985,
      -0.22020957,
      0,
      -0.99673784,
      0.08064819,
      -0.0030945672,
      0,
      0.020768424,
      0.21924987,
      -0.9754478,
      0,
      -4.101242,
      -1.3453591,
      -0.0824821,
      1
    ],
    "trackingState" : "Normal",
    "timestamp" : 1251158430338
  },
  {
    "transform" : [
      -0.08665718,
      -0.9718286,
      -0.21917967,
      0,
      -0.9962192,
      0.08589129,
      0.013039209,
      0,
      0.0061537307,
      0.21948095,
      -0.9755974,
      0,
      -4.108123,
      -1.3437706,
      -0.07219439,
      0.99999994
    ],
    "trackingState" : "Normal",
    "timestamp" : 1251158446990
  },
  {
    "transform" : [
      -0.094525926,
      -0.971779,
      -0.21612604,
      0,
      -0.99549097,
      0.090542704,
      0.028280737,
      0,
      -0.007914013,
      0.21782476,
      -0.9759559,
      0,
      -4.1149673,
      -1.3419764,
      -0.06205821,
      1
    ],
    "trackingState" : "Normal",
    "timestamp" : 1251158463643
  },
  {
    "transform" : [
      -0.10035226,
      -0.9718206,
      -0.21329358,
      0,
      -0.99472946,
      0.09346348,
      0.042165365,
      0,
      -0.021042032,
      0.2164008,
      -0.97607785,
      0,
      -4.1217985,
      -1.3400173,
      -0.051960945,
      1
    ],
    "trackingState" : "Normal",
    "timestamp" : 1251158480296
  },
  {
    "transform" : [
      -0.10385746,
      -0.9717257,
      -0.21204409,
      0,
      -0.99405235,
      0.094391584,
      0.054314267,
      0,
      -0.032763414,
      0.21642387,
      -0.97574955,
      0,
      -4.128006,
      -1.3377618,
      -0.043261636,
      0.9999999
    ],
    "trackingState" : "Normal",
    "timestamp" : 1251158496949
  },
  {
    "transform" : [
      -0.105322815,
      -0.9715462,
      -0.21214394,
      0,
      -0.99349463,
      0.09351057,
      0.0649928,
      0,
      -0.04330583,
      0.21760911,
      -0.97507477,
      0,
      -4.134529,
      -1.33552,
      -0.03366089,
      1
    ],
    "trackingState" : "Normal",
    "timestamp" : 1251158513602
  },
  {
    "transform" : [
      -0.10615159,
      -0.97150654,
      -0.21191217,
      0,
      -0.9928611,
      0.091899596,
      0.076034844,
      0,
      -0.054393727,
      0.21847059,
      -0.97432643,
      0,
      -4.141001,
      -1.3332464,
      -0.023867184,
      0.99999994
    ],
    "trackingState" : "Normal",
    "timestamp" : 1251158530254
  },
  {
    "transform" : [
      -0.107445925,
      -0.97185767,
      -0.20963828,
      0,
      -0.9919632,
      0.09062179,
      0.088299364,
      0,
      -0.06681663,
      0.21744083,
      -0.9737839,
      0,
      -4.1472187,
      -1.3309174,
      -0.014155865,
      1
    ],
    "trackingState" : "Normal",
    "timestamp" : 1251158546907
  },
  {
    "transform" : [
      -0.10978589,
      -0.9727002,
      -0.2044541,
      0,
      -0.99072707,
      0.09052432,
      0.101317756,
      0,
      -0.08004375,
      0.21368144,
      -0.9736187,
      0,
      -4.1531105,
      -1.3285248,
      -0.004627943,
      1
    ],
    "trackingState" : "Normal",
    "timestamp" : 1251158563560
  },
  {
    "transform" : [
      -0.112330094,
      -0.9740359,
      -0.19656032,
      0,
      -0.9893043,
      0.091102205,
      0.11391837,
      0,
      -0.09305352,
      0.20725444,
      -0.97385144,
      0,
      -4.158731,
      -1.3261081,
      0.0047339853,
      0.99999994
    ],
    "trackingState" : "Normal",
    "timestamp" : 1251158580213
  },
  {
    "transform" : [
      -0.11391426,
      -0.9756242,
      -0.18756595,
      0,
      -0.98789275,
      0.09122187,
      0.12548542,
      0,
      -0.10531651,
      0.19958958,
      -0.9742036,
      0,
      -4.163309,
      -1.3243722,
      0.013391841,
      1.0000001
    ],
    "trackingState" : "Normal",
    "timestamp" : 1251158596866
  },
  {
    "transform" : [
      -0.1134158,
      -0.9771522,
      -0.17975101,
      0,
      -0.9866567,
      0.08949949,
      0.13600937,
      0,
      -0.11681425,
      0.19277811,
      -0.97426444,
      0,
      -4.16834,
      -1.3222767,
      0.022607196,
      1.0000001
    ],
    "trackingState" : "Normal",
    "timestamp" : 1251158613518
  },
  {
    "transform" : [
      -0.11115086,
      -0.9783898,
      -0.17435306,
      0,
      -0.9855193,
      0.08590926,
      0.14618938,
      0,
      -0.12805167,
      0.18807738,
      -0.9737709,
      0,
      -4.173402,
      -1.3201566,
      0.032161236,
      1
    ],
    "trackingState" : "Normal",
    "timestamp" : 1251158630171
  },
  {
    "transform" : [
      -0.108563446,
      -0.97930765,
      -0.17079356,
      0,
      -0.9842565,
      0.08178573,
      0.15668546,
      0,
      -0.13947482,
      0.18511498,
      -0.97276884,
      0,
      -4.1782417,
      -1.3181443,
      0.04190874,
      1
    ],
    "trackingState" : "Normal",
    "timestamp" : 1251158646824
  },
  {
    "transform" : [
      -0.10704567,
      -0.9800884,
      -0.16723599,
      0,
      -0.9827718,
      0.07881273,
      0.167177,
      0,
      -0.15066797,
      0.1822504,
      -0.9716399,
      0,
      -4.182719,
      -1.3162944,
      0.051698685,
      1
    ],
    "trackingState" : "Normal",
    "timestamp" : 1251158663477
  },
  {
    "transform" : [
      -0.10791297,
      -0.9810116,
      -0.16115524,
      0,
      -0.9808158,
      0.07858569,
      0.17839482,
      0,
      -0.16234294,
      0.17731471,
      -0.9706721,
      0,
      -4.185631,
      -1.3143139,
      0.058982134,
      1
    ],
    "trackingState" : "Normal",
    "timestamp" : 1251158680130
  },
  {
    "transform" : [
      -0.10993531,
      -0.98218966,
      -0.15237378,
      0,
      -0.9785542,
      0.08008585,
      0.18978435,
      0,
      -0.17420125,
      0.16996998,
      -0.96993,
      0,
      -4.188938,
      -1.3127272,
      0.067834616,
      1
    ],
    "trackingState" : "Normal",
    "timestamp" : 1251158696783
  },
  {
    "transform" : [
      -0.11170406,
      -0.9834687,
      -0.14251836,
      0,
      -0.97642446,
      0.08196579,
      0.19969206,
      0,
      -0.18470927,
      0.16146483,
      -0.9694388,
      0,
      -4.192225,
      -1.3113369,
      0.07724852,
      0.99999994
    ],
    "trackingState" : "Normal",
    "timestamp" : 1251158713435
  },
  {
    "transform" : [
      -0.1125713,
      -0.9846322,
      -0.13351762,
      0,
      -0.9745525,
      0.08319355,
      0.20814925,
      0,
      -0.19384266,
      0.15355161,
      -0.96894103,
      0,
      -4.1953845,
      -1.3100427,
      0.087012894,
      0.9999999
    ],
    "trackingState" : "Normal",
    "timestamp" : 1251158730088
  },
  {
    "transform" : [
      -0.11281221,
      -0.9855459,
      -0.12638259,
      0,
      -0.9726592,
      0.08354997,
      0.21668732,
      0,
      -0.2029961,
      0.14737219,
      -0.9680258,
      0,
      -4.1983624,
      -1.3088193,
      0.09710765,
      1
    ],
    "trackingState" : "Normal",
    "timestamp" : 1251158746741
  },
  {
    "transform" : [
      -0.1129934,
      -0.98622024,
      -0.12083911,
      0,
      -0.97052497,
      0.083494715,
      0.22607523,
      0,
      -0.2128706,
      0.14282238,
      -0.96658576,
      0,
      -4.2011127,
      -1.3084099,
      0.1077714,
      1
    ],
    "trackingState" : "Normal",
    "timestamp" : 1251158763394
  },
  {
    "transform" : [
      -0.11345302,
      -0.9867388,
      -0.11608182,
      0,
      -0.9680091,
      0.08346226,
      0.23662713,
      0,
      -0.22380075,
      0.13921434,
      -0.9646412,
      0,
      -4.203624,
      -1.3075147,
      0.118453026,
      1
    ],
    "trackingState" : "Normal",
    "timestamp" : 1251158780046
  },
  {
    "transform" : [
      -0.11384088,
      -0.98725706,
      -0.111192614,
      0,
      -0.9653065,
      0.08344245,
      0.2474283,
      0,
      -0.23499717,
      0.1355024,
      -0.96250474,
      0,
      -4.2058983,
      -1.3064761,
      0.1292429,
      1
    ],
    "trackingState" : "Normal",
    "timestamp" : 1251158796699
  },
  {
    "transform" : [
      -0.11403698,
      -0.987726,
      -0.10673753,
      0,
      -0.9628541,
      0.08341286,
      0.2568159,
      0,
      -0.24476053,
      0.13205919,
      -0.9605481,
      0,
      -4.207987,
      -1.3053865,
      0.14018655,
      1
    ],
    "trackingState" : "Normal",
    "timestamp" : 1251158813352
  },
  {
    "transform" : [
      -0.11381677,
      -0.9881197,
      -0.1032723,
      0,
      -0.9608315,
      0.08304013,
      0.2643996,
      0,
      -0.25268275,
      0.12932038,
      -0.9588679,
      0,
      -4.2099247,
      -1.3042135,
      0.15131235,
      1
    ],
    "trackingState" : "Normal",
    "timestamp" : 1251158830005
  },
  {
    "transform" : [
      -0.11288645,
      -0.9884745,
      -0.10086934,
      0,
      -0.95897186,
      0.08181814,
      0.27143806,
      0,
      -0.26005673,
      0.12737256,
      -0.95715547,
      0,
      -4.211686,
      -1.3029228,
      0.16262163,
      0.9999999
    ],
    "trackingState" : "Normal",
    "timestamp" : 1251158846658
  },
  {
    "transform" : [
      -0.11193909,
      -0.9887341,
      -0.09937051,
      0,
      -0.9566437,
      0.080164,
      0.28001183,
      0,
      -0.26889136,
      0.12640645,
      -0.9548397,
      0,
      -4.2132034,
      -1.301508,
      0.17411995,
      1
    ],
    "trackingState" : "Normal",
    "timestamp" : 1251158863311
  },
  {
    "transform" : [
      -0.11180064,
      -0.9888576,
      -0.09829196,
      0,
      -0.95365876,
      0.07896091,
      0.2903448,
      0,
      -0.27934843,
      0.12619773,
      -0.9518606,
      0,
      -4.214444,
      -1.2999897,
      0.18576598,
      1
    ],
    "trackingState" : "Normal",
    "timestamp" : 1251158879964
  },
  {
    "transform" : [
      -0.11232826,
      -0.98889387,
      -0.097320095,
      0,
      -0.95022774,
      0.078257956,
      0.3015677,
      0,
      -0.2906024,
      0.12635082,
      -0.94846493,
      0,
      -4.216165,
      -1.2988456,
      0.19820684,
      0.99999994
    ],
    "trackingState" : "Normal",
    "timestamp" : 1251158896617
  },
  {
    "transform" : [
      -0.11287078,
      -0.98890436,
      -0.096583314,
      0,
      -0.9466556,
      0.077499464,
      0.31278902,
      0,
      -0.3018333,
      0.12673588,
      -0.9448993,
      0,
      -4.2172203,
      -1.2972903,
      0.21025538,
      1
    ],
    "trackingState" : "Normal",
    "timestamp" : 1251158913269
  },
  {
    "transform" : [
      -0.112947024,
      -0.9889733,
      -0.09578461,
      0,
      -0.9433225,
      0.07645478,
      0.32295093,
      0,
      -0.31206673,
      0.12683213,
      -0.9415562,
      0,
      -4.2179947,
      -1.2955861,
      0.22223163,
      1
    ],
    "trackingState" : "Normal",
    "timestamp" : 1251158929922
  },
  {
    "transform" : [
      -0.11322776,
      -0.98903835,
      -0.094775826,
      0,
      -0.94046724,
      0.075920306,
      0.33129653,
      0,
      -0.32046962,
      0.12664554,
      -0.9387545,
      0,
      -4.2185683,
      -1.2938157,
      0.23418798,
      0.9999999
    ],
    "trackingState" : "Normal",
    "timestamp" : 1251158946575
  },
  {
    "transform" : [
      -0.11468676,
      -0.9890209,
      -0.093191735,
      0,
      -0.9378831,
      0.07687753,
      0.33832708,
      0,
      -0.3274482,
      0.1262046,
      -0.9364028,
      0,
      -4.2188635,
      -1.2927215,
      0.2464695,
      1
    ],
    "trackingState" : "Normal",
    "timestamp" : 1251158963228
  },
  {
    "transform" : [
      -0.1178327,
      -0.98886204,
      -0.09092393,
      0,
      -0.9349285,
      0.07961127,
      0.34578988,
      0,
      -0.33469996,
      0.12575273,
      -0.9338962,
      0,
      -4.218933,
      -1.2910798,
      0.25842786,
      1
    ],
    "trackingState" : "Normal",
    "timestamp" : 1251158979880
  },
  {
    "transform" : [
      -0.121999174,
      -0.9886539,
      -0.08763356,
      0,
      -0.93135107,
      0.083512835,
      0.35441622,
      0,
      -0.34307647,
      0.12485609,
      -0.9309724,
      0,
      -4.2188478,
      -1.2892262,
      0.27025616,
      1.0000001
    ],
    "trackingState" : "Normal",
    "timestamp" : 1251158996533
  },
  {
    "transform" : [
      -0.12552334,
      -0.9885284,
      -0.08399744,
      0,
      -0.9275022,
      0.08687992,
      0.3635815,
      0,
      -0.35211298,
      0.12354578,
      -0.9277677,
      0,
      -4.2187157,
      -1.2872764,
      0.2820298,
      0.99999994
    ],
    "trackingState" : "Normal",
    "timestamp" : 1251159013186
  },
  {
    "transform" : [
      -0.12762055,
      -0.9884677,
      -0.081514604,
      0,
      -0.9236917,
      0.08851651,
      0.37277153,
      0,
      -0.36125726,
      0.12286766,
      -0.92433596,
      0,
      -4.21863,
      -1.285317,
      0.29381442,
      1
    ],
    "trackingState" : "Normal",
    "timestamp" : 1251159029839
  },
  {
    "transform" : [
      -0.12878862,
      -0.9883676,
      -0.08088863,
      0,
      -0.9200183,
      0.08864235,
      0.38171825,
      0,
      -0.37010783,
      0.12357999,
      -0.92073256,
      0,
      -4.218645,
      -1.2834305,
      0.30561298,
      0.99999994
    ],
    "trackingState" : "Normal",
    "timestamp" : 1251159046492
  },
  {
    "transform" : [
      -0.12929107,
      -0.98820215,
      -0.08209922,
      0,
      -0.91640073,
      0.087446705,
      0.39059305,
      0,
      -0.37880558,
      0.12573595,
      -0.9168954,
      0,
      -4.21879,
      -1.2817192,
      0.3173921,
      1
    ],
    "trackingState" : "Normal",
    "timestamp" : 1251159063145
  },
  {
    "transform" : [
      -0.12923838,
      -0.9879621,
      -0.08501894,
      0,
      -0.9125933,
      0.084962025,
      0.39994386,
      0,
      -0.38790604,
      0.12927583,
      -0.912588,
      0,
