[
  {
    "trackingState" : "Normal",
    "timestamp" : 1251073816801,
    "transform" : [
      0.029711718,
      -0.99908304,
      0.03082604,
      0,
      0.15274876,
      0.035015706,
      0.98764455,
      0,
      -0.98781836,
      -0.024635976,
      0.15364905,
      0,
      0.1517767,
      0.20673026,
      -0.46297613,
      1
    ]
  },
  {
    "trackingState" : "Normal",
    "timestamp" : 1251073833454,
    "transform" : [
      0.029868307,
      -0.9990159,
      0.032787405,
      0,
      0.14877778,
      0.03687998,
      0.9881827,
      0,
      -0.98841953,
      -0.024637304,
      0.14973292,
      0,
      0.15098813,
      0.20433445,
      -0.45344314,
      1
    ]
  },
  {
    "trackingState" : "Normal",
    "timestamp" : 1251073850107,
    "transform" : [
      0.031919938,
      -0.9988569,
      0.035579856,
      0,
      0.14513282,
      0.039852753,
      0.98860925,
      0,
      -0.98889714,
      -0.026392538,
      0.14623901,
      0,
      0.15002406,
      0.20183174,
      -0.4439336,
      1
    ]
  },
  {
    "trackingState" : "Normal",
    "timestamp" : 1251073866760,
    "transform" : [
      0.035183836,
      -0.9986491,
      0.038236238,
      0,
      0.14235364,
      0.04287778,
      0.98888665,
      0,
      -0.98919034,
      -0.02934976,
      0.14366993,
      0,
      0.14897259,
      0.19924074,
      -0.43434545,
      0.99999994
    ]
  },
  {
    "trackingState" : "Normal",
    "timestamp" : 1251073883413,
    "transform" : [
      0.038686804,
      -0.9984744,
      0.039395593,
      0,
      0.14092377,
      0.0444828,
      0.9890206,
      0,
      -0.98926425,
      -0.032710273,
      0.14242965,
      0,
      0.14832908,
      0.19633716,
      -0.4235939,
      1
    ]
  },
  {
    "trackingState" : "Normal",
    "timestamp" : 1251073900066,
    "transform" : [
      0.04103147,
      -0.9984153,
      0.038515467,
      0,
      0.14121279,
      0.043955732,
      0.98900294,
      0,
      -0.98912865,
      -0.035141367,
      0.14279257,
      0,
      0.14752427,
      0.19348167,
      -0.41334897,
      1
    ]
  },
  {
    "trackingState" : "Normal",
    "timestamp" : 1251073916719,
    "transform" : [
      0.040917564,
      -0.998474,
      0.037086625,
      0,
      0.14229907,
      0.04256275,
      0.98890823,
      0,
      -0.9889777,
      -0.03518632,
      0.14382347,
      0,
      0.14679232,
      0.19051756,
      -0.40325317,
      1
    ]
  },
  {
    "trackingState" : "Normal",
    "timestamp" : 1251073933372,
    "transform" : [
      0.03787549,
      -0.9985957,
      0.037042234,
      0,
      0.14259355,
      0.04209045,
      0.988886,
      0,
      -0.98905647,
      -0.032172553,
      0.14398748,
      0,
      0.1461403,
      0.18741241,
      -0.39325565,
      1
    ]
  },
  {
    "trackingState" : "Normal",
    "timestamp" : 1251073950025,
    "transform" : [
      0.032952517,
      -0.9987092,
      0.038653057,
      0,
      0.14207058,
      0.04296196,
      0.9889237,
      0,
      -0.9893079,
      -0.027096063,
      0.14330289,
      0,
      0.14551541,
      0.18417116,
      -0.3833565,
      0.99999994
    ]
  },
  {
    "trackingState" : "Normal",
    "timestamp" : 1251073966678,
    "transform" : [
      0.027815087,
      -0.99877405,
      0.04094776,
      0,
      0.1397863,
      0.044447504,
      0.98918355,
      0,
      -0.98979104,
      -0.021790292,
      0.14085123,
      0,
      0.14479437,
      0.1807828,
      -0.3735133,
      1
    ]
  },
  {
    "trackingState" : "Normal",
    "timestamp" : 1251073983331,
    "transform" : [
      0.02366378,
      -0.9987775,
      0.043399677,
      0,
      0.13603103,
      0.046224948,
      0.98962563,
      0,
      -0.99042195,
      -0.017514575,
      0.13695858,
      0,
      0.14438894,
      0.1772567,
      -0.3627501,
      1
    ]
  },
  {
    "trackingState" : "Normal",
    "timestamp" : 1251073999984,
    "transform" : [
      0.021492157,
      -0.99870837,
      0.046038866,
      0,
      0.13288078,
      0.048494473,
      0.98994493,
      0,
      -0.99089897,
      -0.015158372,
      0.13375138,
      0,
      0.14341846,
      0.17357759,
      -0.3525391,
      0.99999994
    ]
  },
  {
    "trackingState" : "Normal",
    "timestamp" : 1251074016637,
    "transform" : [
      0.021055229,
      -0.99860334,
      0.048456274,
      0,
      0.13344552,
      0.05084039,
      0.9897512,
      0,
      -0.99083245,
      -0.014373167,
      0.13432957,
      0,
      0.14220524,
      0.16971496,
      -0.3424302,
      0.99999994
    ]
  },
  {
    "trackingState" : "Normal",
    "timestamp" : 1251074033290,
    "transform" : [
      0.020483645,
      -0.9985405,
      0.04997241,
      0,
      0.13859275,
      0.052336264,
      0.9889657,
      0,
      -0.9901377,
      -0.013331805,
      0.1394625,
      0,
      0.1409404,
      0.16565102,
      -0.33230618,
      1
    ]
  },
  {
    "trackingState" : "Normal",
    "timestamp" : 1251074049943,
    "transform" : [
      0.01765893,
      -0.9985507,
      0.050838824,
      0,
      0.14778218,
      0.052894983,
      0.98760444,
      0,
      -0.98886234,
      -0.009926965,
      0.14850205,
      0,
      0.13979402,
      0.16136886,
      -0.32221457,
      1
    ]
  },
  {
    "trackingState" : "Normal",
    "timestamp" : 1251074066596,
    "transform" : [
      0.011345664,
      -0.9985703,
      0.05223526,
      0,
      0.15818135,
      0.0533732,
      0.9859665,
      0,
      -0.9873449,
      -0.0029238006,
      0.15856075,
      0,
      0.13883165,
      0.15689108,
      -0.3122913,
      1
    ]
  },
  {
    "trackingState" : "Normal",
    "timestamp" : 1251074083249,
    "transform" : [
      0.0018809027,
      -0.99847376,
      0.055195708,
      0,
      0.16615234,
      0.054740623,
      0.9845796,
      0,
      -0.9860984,
      0.0073189978,
      0.16600169,
      0,
      0.13817933,
      0.15227152,
      -0.30231524,
      1
    ]
  },
  {
    "trackingState" : "Normal",
    "timestamp" : 1251074099902,
    "transform" : [
      -0.009184615,
      -0.99821615,
      0.05899303,
      0,
      0.1698232,
      0.0565814,
      0.98384887,
      0,
      -0.98543173,
      0.019054659,
      0.16900057,
      0,
      0.13748333,
      0.14767633,
      -0.29257986,
      1
    ]
  },
  {
    "trackingState" : "Normal",
    "timestamp" : 1251074116555,
    "transform" : [
      -0.020459948,
      -0.9978304,
      0.062576294,
      0,
      0.17049263,
      0.058190472,
      0.98363924,
      0,
      -0.9851465,
      0.030794004,
      0.16893214,
      0,
      0.13658276,
      0.14319462,
      -0.28316715,
      1
    ]
  },
  {
    "trackingState" : "Normal",
    "timestamp" : 1251074133208,
    "transform" : [
      -0.03082158,
      -0.9973695,
      0.06560455,
      0,
      0.17097875,
      0.059407324,
      0.9834821,
      0,
      -0.98479253,
      0.041529458,
      0.16869797,
      0,
      0.13551894,
      0.13885841,
      -0.27391487,
      1
    ]
  },
  {
    "trackingState" : "Normal",
    "timestamp" : 1251074149861,
    "transform" : [
      -0.03928304,
      -0.9969019,
      0.068142146,
      0,
      0.17375958,
      0.060340617,
      0.98293775,
      0,
      -0.9840043,
      0.05045314,
      0.17085089,
      0,
      0.13452357,
      0.13433555,
      -0.26397896,
      1
    ]
  },
  {
    "trackingState" : "Normal",
    "timestamp" : 1251074166514,
    "transform" : [
      -0.0466139,
      -0.99641114,
      0.07065368,
      0,
      0.18082789,
      0.06114486,
      0.9816123,
      0,
      -0.9824096,
      0.058532927,
      0.17732869,
      0,
      0.13328329,
      0.13014238,
      -0.25476134,
      1.0000001
    ]
  },
  {
    "trackingState" : "Normal",
    "timestamp" : 1251074183167,
    "transform" : [
      -0.053661037,
      -0.9957973,
      0.07421743,
      0,
      0.18950658,
      0.06281817,
      0.97986794,
      0,
      -0.9804121,
      0.06664542,
      0.18533921,
      0,
      0.13190767,
      0.1261325,
      -0.24602428,
      1
    ]
  },
  {
    "trackingState" : "Normal",
    "timestamp" : 1251074199820,
    "transform" : [
      -0.060809974,
      -0.9950201,
      0.078975104,
      0,
      0.19604906,
      0.065673955,
      0.9783923,
      0,
      -0.9787067,
      0.074979015,
      0.19107911,
      0,
      0.1304088,
      0.12227097,
      -0.23762375,
      1
    ]
  },
  {
    "trackingState" : "Normal",
    "timestamp" : 1251074216473,
    "transform" : [
      -0.06784081,
      -0.9941711,
      0.0837942,
      0,
      0.19908926,
      0.06880879,
      0.9775627,
      0,
      -0.9776304,
      0.08300116,
      0.19326073,
      0,
      0.12877542,
      0.118533134,
      -0.22940946,
      1
    ]
  },
  {
    "trackingState" : "Normal",
    "timestamp" : 1251074233126,
    "transform" : [
      -0.07461903,
      -0.99337345,
      0.0874139,
      0,
      0.20077719,
      0.07089733,
      0.9770681,
      0,
      -0.97679096,
      0.090458594,
      0.19415644,
      0,
      0.12705788,
      0.11486524,
      -0.22124138,
      1
    ]
  },
  {
    "trackingState" : "Normal",
    "timestamp" : 1251074249779,
    "transform" : [
      -0.08161936,
      -0.9926373,
      0.089495696,
      0,
      0.203996,
      0.071255974,
      0.97637504,
      0,
      -0.97556347,
      0.09794787,
      0.19667815,
      0,
      0.12533137,
      0.11122896,
      -0.21307898,
      1
    ]
  },
  {
    "trackingState" : "Normal",
    "timestamp" : 1251074266432,
    "transform" : [
      -0.089325435,
      -0.99188244,
      0.09049938,
      0,
      0.20999691,
      0.07006462,
      0.9751884,
      0,
      -0.973613,
      0.10611372,
      0.2020337,
      0,
      0.123635456,
      0.10764014,
      -0.2049561,
      1.0000001
    ]
  },
  {
    "trackingState" : "Normal",
    "timestamp" : 1251074283085,
    "transform" : [
      -0.097484715,
      -0.9910715,
      0.09096091,
      0,
      0.21803354,
      0.06790872,
      0.9735758,
      0,
      -0.97106034,
      0.11474128,
      0.20946677,
      0,
      0.12282639,
      0.10381241,
      -0.19735077,
      1
    ]
  },
  {
    "trackingState" : "Normal",
    "timestamp" : 1251074299738,
    "transform" : [
      -0.10603175,
      -0.9901433,
      0.091506764,
      0,
      0.22702152,
      0.0654898,
      0.9716854,
      0,
      -0.9681004,
      0.123803504,
      0.21783982,
      0,
      0.12142987,
      0.100165844,
      -0.18966815,
      1
    ]
  },
  {
    "trackingState" : "Normal",
    "timestamp" : 1251074316391,
    "transform" : [
      -0.113804065,
      -0.98910064,
      0.093426555,
      0,
      0.23645619,
      0.064369686,
      0.96950763,
      0,
      -0.9649545,
      0.1324252,
      0.22655344,
      0,
      0.11982351,
      0.096604675,
      -0.18219581,
      1
    ]
  },
  {
    "trackingState" : "Normal",
    "timestamp" : 1251074333044,
    "transform" : [
      -0.12017095,
      -0.9880342,
      0.09668148,
      0,
      0.24395828,
      0.06501062,
      0.9676043,
      0,
      -0.9623115,
      0.13986418,
      0.23322672,
      0,
      0.11807091,
      0.093140855,
      -0.1749763,
      0.99999994
    ]
  },
  {
    "trackingState" : "Normal",
    "timestamp" : 1251074349697,
    "transform" : [
      -0.12475237,
      -0.9871233,
      0.10012117,
      0,
      0.24813007,
      0.06666372,
      0.9664301,
      0,
      -0.9606603,
      0.14540754,
      0.23661852,
      0,
      0.116166525,
      0.08980948,
      -0.16793925,
      1
    ]
  },
  {
    "trackingState" : "Normal",
    "timestamp" : 1251074366350,
    "transform" : [
      -0.1276833,
      -0.9865255,
      0.10229593,
      0,
      0.24991068,
      0.06781108,
      0.9658915,
      0,
      -0.95981336,
      0.14889306,
      0.2378849,
      0,
      0.11413827,
      0.086582914,
      -0.16099486,
      0.99999994
    ]
  },
  {
    "trackingState" : "Normal",
    "timestamp" : 1251074383003,
    "transform" : [
      -0.12956785,
      -0.9862421,
      0.10265793,
      0,
      0.25118753,
      0.06750753,
      0.9655814,
      0,
      -0.9592273,
      0.1508947,
      0.2389849,
      0,
      0.11203382,
      0.083143644,
      -0.15549888,
      1
    ]
  },
  {
    "trackingState" : "Normal",
    "timestamp" : 1251074399656,
    "transform" : [
      -0.13188228,
      -0.98601365,
      0.10190258,
      0,
      0.25306404,
      0.06590368,
      0.9652022,
      0,
      -0.9584183,
      0.15308094,
      0.24083304,
      0,
      0.10986204,
      0.08001323,
      -0.14920782,
      1
    ]
  },
  {
    "trackingState" : "Normal",
    "timestamp" : 1251074416309,
    "transform" : [
      -0.13533239,
      -0.98564523,
      0.100938715,
      0,
      0.25521466,
      0.06376009,
      0.96477985,
      0,
      -0.9573665,
      0.156327,
      0.2429223,
      0,
      0.10762908,
      0.077061675,
      -0.14281425,
      0.99999994
    ]
  },
  {
    "trackingState" : "Normal",
    "timestamp" : 1251074432962,
    "transform" : [
      -0.13930812,
      -0.98515356,
      0.10032809,
      0,
      0.25752297,
      0.06178813,
      0.9642947,
      0,
      -0.9561774,
      0.16017088,
      0.24509205,
      0,
      0.10527411,
      0.074221596,
      -0.13653617,
      1.0000001
    ]
  },
  {
    "trackingState" : "Normal",
    "timestamp" : 1251074449615,
    "transform" : [
      -0.14199348,
      -0.9847534,
      0.100491345,
      0,
      0.26057196,
      0.0607543,
      0.96354085,
      0,
      -0.9549554,
      0.16300176,
      0.2479724,
      0,
      0.10272746,
      0.07144959,
      -0.13045411,
      0.9999999
    ]
  },
  {
    "trackingState" : "Normal",
    "timestamp" : 1251074466268,
    "transform" : [
      -0.14262584,
      -0.9846414,
      0.100693084,
      0,
      0.262986,
      0.06037694,
      0.9629086,
      0,
      -0.95419925,
      0.16381653,
      0.25033557,
      0,
      0.09993505,
      0.06869739,
      -0.12456316,
      0.99999994
    ]
  },
  {
    "trackingState" : "Normal",
    "timestamp" : 1251074482921,
    "transform" : [
      -0.14275603,
      -0.9846952,
      0.09998092,
      0,
      0.264306,
      0.059420437,
      0.96260667,
      0,
      -0.953815,
      0.16384347,
      0.25177822,
      0,
      0.09695531,
      0.065932706,
      -0.11886373,
      1
    ]
  },
  {
    "trackingState" : "Normal",
    "timestamp" : 1251074499574,
    "transform" : [
      -0.14455965,
      -0.98456943,
      0.09861735,
      0,
      0.26428092,
      0.057625998,
      0.9627226,
      0,
      -0.9535502,
      0.16523354,
      0.2518725,
      0,
      0.09340206,
      0.06318905,
      -0.11377941,
      0.9999999
    ]
  },
  {
    "trackingState" : "Normal",
    "timestamp" : 1251074516227,
    "transform" : [
      -0.14868641,
      -0.9841346,
      0.09680525,
      0,
      0.26357156,
      0.054912474,
      0.9630756,
      0,
      -0.9531119,
      0.16871138,
      0.25122514,
      0,
      0.0898002,
      0.060507156,
      -0.10884168,
      1
    ]
  },
  {
    "trackingState" : "Normal",
    "timestamp" : 1251074532880,
    "transform" : [
      -0.1539013,
      -0.98358136,
      0.09424427,
      0,
      0.26335254,
      0.051098444,
      0.96334535,
      0,
      -0.95234436,
      0.17307958,
      0.25116456,
      0,
      0.086356394,
      0.057896685,
      -0.10380577,
      0.99999994
    ]
  },
  {
    "trackingState" : "Normal",
    "timestamp" : 1251074549533,
    "transform" : [
      -0.15882431,
      -0.98311377,
      0.090895556,
      0,
      0.26419583,
      0.046387065,
      0.9633528,
      0,
      -0.95130193,
      0.17701809,
      0.25236717,
      0,
      0.08280365,
      0.055329543,
      -0.09886043,
      0.9999999
    ]
  },
  {
    "trackingState" : "Normal",
    "timestamp" : 1251074566186,
    "transform" : [
      -0.16272014,
      -0.98273575,
      0.08804845,
      0,
      0.26512653,
      0.042406045,
      0.9632807,
      0,
      -0.9503842,
      0.18008916,
      0.253649,
      0,
      0.07901039,
      0.052815974,
      -0.09412903,
      1
    ]
  },
  {
    "trackingState" : "Normal",
    "timestamp" : 1251074582839,
    "transform" : [
      -0.16513571,
      -0.982495,
      0.086219035,
      0,
      0.26461875,
      0.0400773,
      0.96352,
      0,
      -0.95010906,
      0.18192674,
      0.25336844,
      0,
      0.07492822,
      0.05037047,
      -0.08964896,
      1
    ]
  },
  {
    "trackingState" : "Normal",
    "timestamp" : 1251074599492,
    "transform" : [
      -0.16640054,
      -0.9824345,
      0.08445874,
      0,
      0.26228485,
      0.038468473,
      0.96422344,
      0,
      -0.9505354,
      0.18259954,
      0.2512765,
      0,
      0.07029597,
      0.04793551,
      -0.08577442,
      1
    ]
  },
  {
    "trackingState" : "Normal",
    "timestamp" : 1251074616145,
    "transform" : [
      -0.16732556,
      -0.9824882,
      0.081970096,
      0,
      0.25955722,
      0.036310118,
      0.965045,
      0,
      -0.95112157,
      0.1827526,
      0.24893628,
      0,
      0.06547944,
      0.04547814,
      -0.08205762,
      1.0000001
    ]
  },
  {
    "trackingState" : "Normal",
    "timestamp" : 1251074632798,
    "transform" : [
      -0.16859275,
      -0.982499,
      0.0791961,
      0,
      0.2574075,
      0.03367322,
      0.965716,
      0,
      -0.9514819,
      0.18319838,
      0.24722557,
      0,
      0.060660467,
      0.042987343,
      -0.07828803,
      0.9999999
    ]
  },
  {
    "trackingState" : "Normal",
    "timestamp" : 1251074649451,
    "transform" : [
      -0.1699513,
      -0.98245066,
      0.07685774,
      0,
      0.2562682,
      0.031247564,
      0.9661004,
      0,
      -0.9515477,
      0.18388624,
      0.24646029,
      0,
      0.055724546,
      0.040448043,
      -0.07467453,
      0.9999999
    ]
  },
  {
    "trackingState" : "Normal",
    "timestamp" : 1251074666104,
    "transform" : [
      -0.17041038,
      -0.98250467,
      0.0751328,
      0,
      0.2559889,
      0.029488299,
      0.96622986,
      0,
      -0.9515409,
      0.18388876,
      0.24648514,
      0,
      0.050124243,
      0.037934862,
      -0.07198406,
      1
    ]
  },
  {
    "trackingState" : "Normal",
    "timestamp" : 1251074682757,
    "transform" : [
      -0.16916099,
      -0.98280543,
      0.0740146,
      0,
      0.25674465,
      0.028562268,
      0.9660572,
      0,
      -0.9515602,
      0.18242204,
      0.2474984,
      0,
      0.04469344,
      0.03526032,
      -0.06911093,
      1
    ]
  },
  {
    "trackingState" : "Normal",
    "timestamp" : 1251074699410,
    "transform" : [
      -0.16712089,
      -0.9832056,
      0.07333038,
      0,
      0.25804472,
      0.028165145,
      0.9657224,
      0,
      -0.9515691,
      0.18031488,
      0.24900402,
      0,
      0.039273687,
      0.0324393,
      -0.06637915,
      1
    ]
  },
  {
    "trackingState" : "Normal",
    "timestamp" : 1251074716063,
    "transform" : [
      -0.16609932,
      -0.9833692,
      0.07345802,
      0,
      0.25884306,
      0.02840255,
      0.9655017,
      0,
      -0.951531,
      0.17938328,
      0.24982062,
      0,
      0.033880077,
      0.029486924,
      -0.06386436,
      1
    ]
  },
  {
    "trackingState" : "Normal",
    "timestamp" : 1251074732716,
    "transform" : [
      -0.16687322,
      -0.9831918,
      0.07407601,
      0,
      0.25833657,
      0.028905867,
      0.9656224,
      0,
      -0.95153326,
      0.18027306,
      0.24917075,
      0,
      0.028518938,
      0.02641233,
      -0.06151689,
      1
    ]
  },
  {
    "trackingState" : "Normal",
    "timestamp" : 1251074749369,
    "transform" : [
      -0.16848497,
      -0.98292524,
      0.073965035,
      0,
      0.25653523,
      0.028726382,
      0.96610796,
      0,
      -0.9517366,
      0.18174928,
      0.24731496,
      0,
      0.023148775,
      0.023238044,
      -0.05925956,
      1
    ]
  },
  {
    "trackingState" : "Normal",
    "timestamp" : 1251074766022,
    "transform" : [
      -0.16906306,
      -0.9829378,
      0.0724631,
      0,
      0.2551218,
      0.0273725,
      0.96652144,
      0,
      -0.9520139,
      0.18188998,
      0.24614118,
      0,
      0.01773721,
      0.019937806,
      -0.057075776,
      1
    ]
  },
  {
    "trackingState" : "Normal",
    "timestamp" : 1251074782675,
    "transform" : [
      -0.16805299,
      -0.9832582,
      0.07043845,
      0,
      0.2551933,
      0.02562534,
      0.96655047,
      0,
      -0.9521737,
      0.1804071,
      0.24661444,
      0,
      0.012304492,
      0.016465746,
      -0.055042006,
      1
    ]
  },
  {
    "trackingState" : "Normal",
    "timestamp" : 1251074799328,
    "transform" : [
      -0.16653302,
      -0.98363304,
      0.06879606,
      0,
      0.25649634,
      0.024153953,
      0.9662433,
      0,
      -0.95209056,
      0.17855735,
      0.2482758,
      0,
      0.006687183,
      0.012768734,
      -0.053465452,
      1
    ]
  },
  {
    "trackingState" : "Normal",
    "timestamp" : 1251074815981,
    "transform" : [
      -0.16551478,
      -0.9838782,
      0.067738615,
      0,
      0.25861996,
      0.022980638,
      0.9657059,
      0,
      -0.95169353,
      0.17735715,
      0.25064692,
      0,
      0.0012195203,
      0.008863642,
      -0.052118316,
      1.0000001
    ]
  },
  {
    "trackingState" : "Normal",
    "timestamp" : 1251074832634,
    "transform" : [
      -0.16490547,
      -0.9840246,
      0.06709555,
      0,
      0.26132587,
      0.02200467,
      0.9649998,
      0,
      -0.95105994,
      0.17666754,
      0.25352234,
      0,
      -0.003949944,
      0.0047934614,
      -0.050880115,
      1
    ]
  },
  {
    "trackingState" : "Normal",
    "timestamp" : 1251074849287,
    "transform" : [
      -0.1641007,
      -0.9842005,
      0.066485405,
      0,
      0.26410556,
      0.021102922,
      0.9642629,
      0,
      -0.95043105,
      0.17579539,
      0.2564698,
      0,
      -0.008937571,
      0.00056246296,
      -0.049834434,
      1
    ]
  },
  {
    "trackingState" : "Normal",
    "timestamp" : 1251074865940,
    "transform" : [
      -0.16250408,
      -0.98446995,
      0.066417605,
      0,
      0.26677486,
      0.020969048,
      0.9635308,
      0,
      -0.9499598,
      0.17429623,
      0.25922427,
      0,
      -0.0137990825,
      -0.0038239136,
      -0.049001593,
      1
    ]
  },
  {
    "trackingState" : "Normal",
    "timestamp" : 1251074882593,
    "transform" : [
      -0.16000636,
      -0.984813,
      0.06739042,
      0,
      0.26973337,
      0.022051424,
      0.96268255,
      0,
      -0.9495483,
      0.17221276,
      0.2621085,
      0,
      -0.018545814,
      -0.008366872,
      -0.04838235,
      1
    ]
  },
  {
    "trackingState" : "Normal",
    "timestamp" : 1251074899246,
    "transform" : [
      -0.15704611,
      -0.98520756,
      0.06857404,
      0,
      0.27361625,
      0.023312274,
      0.96155626,
      0,
      -0.9489313,
      0.16977166,
      0.2659077,
      0,
      -0.02364371,
      -0.013158548,
      -0.048004944,
      0.9999999
    ]
  },
  {
    "trackingState" : "Normal",
    "timestamp" : 1251074915899,
    "transform" : [
      -0.15423477,
      -0.98559153,
      0.069432534,
      0,
      0.2797214,
      0.023841059,
      0.9597852,
      0,
      -0.9476116,
      0.167454,
      0.27201393,
      0,
      -0.028519472,
      -0.0180807,
      -0.0477352,
      1
    ]
  },
  {
    "trackingState" : "Normal",
    "timestamp" : 1251074932552,
    "transform" : [
      -0.1521506,
      -0.98583984,
      0.07049696,
      0,
      0.28758422,
      0.024082389,
      0.9574524,
      0,
      -0.94559264,
      0.1659508,
      0.27984783,
      0,
      -0.03288463,
      -0.023061598,
      -0.047545675,
      0.9999999
    ]
  },
  {
    "trackingState" : "Normal",
    "timestamp" : 1251074949205,
    "transform" : [
      -0.15069655,
      -0.9859292,
      0.072348274,
      0,
      0.29500508,
      0.025000313,
      0.95516855,
      0,
      -0.9435373,
      0.16528371,
      0.28708667,
      0,
      -0.036965743,
      -0.028121462,
      -0.047448874,
      1
    ]
  },
  {
    "trackingState" : "Normal",
    "timestamp" : 1251074965858,
    "transform" : [
      -0.14948146,
      -0.98591787,
      0.0749749,
      0,
      0.30055025,
      0.026932582,
      0.95338565,
      0,
      -0.9419792,
      0.1650472,
      0.29229194,
      0,
      -0.040828563,
      -0.033247966,
      -0.04740142,
      1
    ]
  },
  {
    "trackingState" : "Normal",
    "timestamp" : 1251074982511,
    "transform" : [
      -0.1486177,
      -0.98583245,
      0.077763,
      0,
      0.3033469,
      0.029397326,
      0.9524267,
      0,
      -0.94121915,
      0.16513662,
      0.29468027,
      0,
      -0.04447881,
      -0.03841516,
      -0.047320746,
      1
    ]
  },
  {
    "trackingState" : "Normal",
    "timestamp" : 1251074999164,
    "transform" : [
      -0.14854053,
      -0.9857116,
      0.07942564,
      0,
      0.3038311,
      0.030941837,
      0.9522233,
      0,
      -0.94107515,
      0.16557573,
      0.2948937,
      0,
      -0.048721336,
      -0.04416099,
      -0.04675732,
      1
    ]
  },
  {
    "trackingState" : "Normal",
    "timestamp" : 1251075015817,
    "transform" : [
      -0.15007378,
      -0.985497,
      0.07920565,
      0,
      0.30480677,
      0.030091856,
      0.9519388,
      0,
      -0.94051623,
      0.16700347,
      0.29587013,
      0,
      -0.05266538,
      -0.049934853,
      -0.045924827,
      1.0000001
    ]
  },
  {
    "trackingState" : "Normal",
    "timestamp" : 1251075032470,
    "transform" : [
      -0.15339525,
      -0.9851153,
      0.07757401,
      0,
      0.3090341,
      0.026741337,
      0.95067495,
      0,
      -0.9385989,
      0.16980204,
      0.30033225,
      0,
      -0.055813354,
      -0.055398956,
      -0.045010693,
      1
    ]
  },
  {
    "trackingState" : "Normal",
    "timestamp" : 1251075049123,
    "transform" : [
      -0.15790524,
      -0.9845418,
      0.075785,
      0,
      0.3155159,
      0.022418808,
      0.9486555,
      0,
      -0.93569,
      0.17370903,
      0.3070985,
      0,
      -0.058569834,
      -0.060755536,
      -0.043914728,
      1
    ]
  },
  {
    "trackingState" : "Normal",
    "timestamp" : 1251075065776,
    "transform" : [
      -0.1622725,
      -0.9839206,
      0.07461792,
      0,
      0.32099813,
      0.01886934,
      0.94689184,
      0,
      -0.93307436,
      0.17760672,
      0.3127747,
      0,
      -0.061153058,
      -0.06604956,
      -0.042642657,
      1
    ]
  },
  {
    "trackingState" : "Normal",
    "timestamp" : 1251075082429,
    "transform" : [
      -0.16516952,
      -0.9834669,
      0.074241765,
      0,
      0.32389176,
      0.017012576,
      0.9459412,
      0,
      -0.93156487,
      0.18028694,
      0.31572685,
      0,
      -0.063664325,
      -0.07128519,
      -0.041200146,
      1
    ]
  },
  {
    "trackingState" : "Normal",
    "timestamp" : 1251075099082,
    "transform" : [
      -0.16661973,
      -0.9831932,
      0.074624375,
      0,
      0.32397938,
      0.016890723,
      0.94591326,
      0,
      -0.9312761,
      0.1817846,
      0.31571996,
      0,
      -0.06643008,
      -0.076275565,
      -0.03999748,
      1
    ]
  },
  {
    "trackingState" : "Normal",
    "timestamp" : 1251075115735,
    "transform" : [
      -0.1676355,
      -0.98295856,
      0.07543751,
      0,
      0.32201293,
      0.01772815,
      0.94656926,
      0,
      -0.9317758,
      0.18297045,
      0.31355345,
      0,
      -0.06908207,
      -0.08120418,
      -0.03855948,
      1
    ]
  },
  {
    "trackingState" : "Normal",
    "timestamp" : 1251075132389,
    "transform" : [
      -0.16861,
      -0.98274,
      0.07611008,
      0,
      0.3183024,
      0.018792754,
      0.94780296,
      0,
      -0.9328742,
      0.18403508,
      0.30963984,
      0,
      -0.07140431,
      -0.086208165,
      -0.036568254,
      1
    ]
  },
  {
    "trackingState" : "Normal",
    "timestamp" : 1251075149041,
    "transform" : [
      -0.1698047,
      -0.98248446,
      0.076750375,
      0,
      0.312456,
      0.020188304,
      0.9497177,
      0,
      -0.93463236,
      0.18524764,
      0.3035551,
      0,
      -0.07357178,
      -0.091158055,
      -0.034179103,
      1
    ]
  },
  {
    "trackingState" : "Normal",
    "timestamp" : 1251075165695,
    "transform" : [
      -0.17080145,
      -0.9822444,
      0.07760676,
      0,
      0.3050162,
      0.022185227,
      0.9520887,
      0,
      -0.93690556,
      0.18628944,
      0.29581118,
      0,
      -0.075665675,
      -0.09594686,
      -0.03139047,
      0.99999994
    ]
  },
  {
    "trackingState" : "Normal",
    "timestamp" : 1251075182347,
    "transform" : [
      -0.17085318,
      -0.9821794,
      0.0783121,
      0,
      0.2971448,
      0.024417482,
      0.9545202,
      0,
      -0.9394223,
      0.18635285,
      0.2876777,
      0,
      -0.0777084,
      -0.10049447,
      -0.028138187,
      1.0000001
    ]
  },
  {
    "trackingState" : "Normal",
    "timestamp" : 1251075199000,
    "transform" : [
      -0.17059787,
      -0.98222566,
      0.078289054,
      0,
      0.28943294,
      0.02599593,
      0.9568452,
      0,
      -0.94187313,
      0.18589519,
      0.27985355,
      0,
      -0.07965963,
      -0.10418282,
      -0.025122546,
      1
    ]
  },
  {
    "trackingState" : "Normal",
    "timestamp" : 1251075215653,
    "transform" : [
      -0.1715768,
      -0.98216647,
      0.0768789,
      0,
      0.28186232,
      0.025834791,
      0.9591071,
      0,
      -0.9439889,
      0.18622977,
      0.272403,
      0,
      -0.08139618,
      -0.10752878,
      -0.02159486,
      1
    ]
  },
  {
    "trackingState" : "Normal",
    "timestamp" : 1251075232306,
    "transform" : [
      -0.17506206,
      -0.98176205,
      0.07413832,
      0,
      0.27232713,
      0.024078915,
      0.9619034,
      0,
      -0.9461454,
      0.18858266,
      0.2631451,
      0,
      -0.08291854,
      -0.110901356,
      -0.017025784,
      1
    ]
  },
  {
    "trackingState" : "Normal",
    "timestamp" : 1251075248959,
    "transform" : [
      -0.18096358,
      -0.98092186,
      0.07102417,
      0,
      0.25947902,
      0.022037834,
      0.9654974,
      0,
      -0.9486426,
      0.19314913,
      0.25054058,
      0,
      -0.08431597,
      -0.11400323,
      -0.01180752,
      1
    ]
  },
  {
    "trackingState" : "Normal",
    "timestamp" : 1251075265612,
    "transform" : [
      -0.18788713,
      -0.97982204,
      0.06817056,
      0,
      0.24314305,
      0.020846717,
      0.9697664,
      0,
      -0.9516196,
      0.1987818,
      0.23432004,
      0,
      -0.08575229,
      -0.11659067,
      -0.00697248,
      0.99999994
    ]
  },
  {
    "trackingState" : "Normal",
    "timestamp" : 1251075282265,
    "transform" : [
      -0.19370338,
      -0.9788793,
      0.06537814,
      0,
      0.2257051,
      0.020387921,
      0.9739823,
      0,
      -0.95474404,
      0.20341985,
      0.21698882,
      0,
      -0.08725346,
      -0.11885442,
      -0.001013476,
      0.99999994
    ]
  },
  {
    "trackingState" : "Normal",
    "timestamp" : 1251075298918,
    "transform" : [
      -0.19795129,
      -0.9782556,
      0.061896026,
      0,
      0.21035454,
      0.019278605,
      0.9774351,
      0,
      -0.9573747,
      0.20650464,
      0.20196426,
      0,
      -0.08879486,
      -0.120800994,
      0.0056645945,
      1
    ]
  },
  {
    "trackingState" : "Normal",
    "timestamp" : 1251075315571,
    "transform" : [
      -0.2013247,
      -0.97778124,
      0.058412835,
      0,
      0.19801769,
      0.01777586,
      0.9800373,
      0,
      -0.9593004,
      0.20887248,
      0.19003925,
      0,
      -0.090331994,
      -0.12244075,
      0.012841746,
      1
    ]
  },
  {
    "trackingState" : "Normal",
    "timestamp" : 1251075332225,
    "transform" : [
      -0.20417917,
      -0.9773036,
      0.056467474,
      0,
      0.18710364,
      0.017659452,
      0.9821815,
      0,
      -0.96088666,
      0.21110626,
      0.17925134,
      0,
      -0.09185669,
      -0.1237163,
      0.020355143,
      1
    ]
  },
  {
    "trackingState" : "Normal",
    "timestamp" : 1251075348877,
    "transform" : [
      -0.20695183,
      -0.9767481,
      0.05598214,
      0,
      0.17574586,
      0.019175291,
      0.9842489,
      0,
      -0.96243674,
      0.21353072,
      0.16769105,
      0,
      -0.09334239,
      -0.12459243,
      0.028161839,
      1
    ]
  },
  {
    "trackingState" : "Normal",
    "timestamp" : 1251075365530,
    "transform" : [
      -0.21026424,
      -0.97604936,
      0.055825055,
      0,
      0.16210811,
      0.021503052,
      0.98653865,
      0,
      -0.964111,
      0.2164835,
      0.1537042,
      0,
      -0.094784275,
      -0.12502933,
      0.03629157,
      0.9999999
    ]
  },
  {
    "trackingState" : "Normal",
    "timestamp" : 1251075382183,
    "transform" : [
      -0.21359977,
      -0.97535187,
      0.055352304,
      0,
      0.14765175,
      0.02377748,
      0.9887536,
      0,
      -0.9656988,
      0.2193704,
      0.13893352,
      0,
      -0.096162006,
      -0.12501097,
      0.04476662,
      1
    ]
  },
  {
    "trackingState" : "Normal",
    "timestamp" : 1251075398836,
    "transform" : [
      -0.2161647,
      -0.9748262,
      0.054650154,
      0,
      0.13405839,
      0.025809515,
      0.9906374,
      0,
      -0.96710974,
      0.22146712,
      0.1251045,
      0,
      -0.097102836,
      -0.12437018,
      0.05281847,
      1.0000001
    ]
  },
  {
    "trackingState" : "Normal",
    "timestamp" : 1251075415489,
    "transform" : [
      -0.21800214,
      -0.97445995,
      0.05387812,
      0,
      0.12112878,
      0.027763227,
      0.9922485,
      0,
      -0.96840227,
      0.22283848,
      0.11198267,
      0,
      -0.09794952,
      -0.1233152,
      0.061087545,
      0.99999994
    ]
  },
  {
    "trackingState" : "Normal",
    "timestamp" : 1251075432142,
    "transform" : [
      -0.21974222,
      -0.97412306,
      0.05289214,
      0,
      0.10775232,
      0.029650334,
      0.9937356,
      0,
      -0.96958905,
      0.22406493,
      0.098448575,
      0,
      -0.098958075,
      -0.12200321,
      0.07001393,
      1
    ]
  },
  {
    "trackingState" : "Normal",
    "timestamp" : 1251075448795,
    "transform" : [
      -0.22236477,
      -0.97356915,
      0.052124504,
      0,
      0.0930905,
      0.032017525,
      0.99514276,
      0,
      -0.9705093,
      0.22613697,
      0.08351045,
      0,
      -0.099964455,
      -0.12034586,
      0.07918491,
      1
    ]
  },
  {
    "trackingState" : "Normal",
    "timestamp" : 1251075465449,
    "transform" : [
      -0.22571169,
      -0.9727823,
      0.05242917,
      0,
      0.077915624,
      0.035619423,
      0.99632347,
      0,
      -0.9710733,
      0.22896689,
      0.06775521,
      0,
      -0.10093069,
      -0.118289515,
      0.088425346,
      1
    ]
  },
  {
    "trackingState" : "Normal",
    "timestamp" : 1251075482101,
    "transform" : [
      -0.22863281,
      -0.97203165,
      0.053679958,
      0,
      0.06364127,
      0.0400989,
      0.997167,
      0,
      -0.97143036,
      0.23140132,
      0.052693382,
      0,
      -0.10187659,
      -0.11578361,
      0.09768162,
      1
    ]
  },
  {
    "trackingState" : "Normal",
    "timestamp" : 1251075498755,
    "transform" : [
      -0.23024687,
      -0.97159094,
      0.054748766,
      0,
      0.051093616,
      0.044112958,
      0.9977192,
      0,
      -0.97179,
      0.232519,
      0.039485198,
      0,
      -0.102851205,
      -0.112976946,
      0.10665008,
      1
    ]
  },
  {
    "trackingState" : "Normal",
    "timestamp" : 1251075515407,
    "transform" : [
      -0.23084058,
      -0.9714691,
      0.054409035,
      0,
      0.039047968,
      0.046624713,
      0.99814904,
      0,
      -0.9722078,
      0.23253785,
      0.027170995,
      0,
      -0.1037752,
      -0.10972439,
      0.11565903,
      1.0000001
    ]
  },
  {
    "trackingState" : "Normal",
    "timestamp" : 1251075532060,
    "transform" : [
      -0.23127785,
      -0.97146535,
      0.05258941,
      0,
      0.026185952,
      0.047819477,
      0.99851274,
      0,
      -0.9725353,
      0.23231098,
      0.014379134,
      0,
      -0.10459729,
      -0.105912395,
      0.12489975,
      1
    ]
  },
  {
    "trackingState" : "Normal",
    "timestamp" : 1251075548713,
    "transform" : [
      -0.23190401,
      -0.9714486,
      0.05008092,
      0,
      0.012578254,
      0.048485436,
      0.9987447,
      0,
      -0.9726574,
      0.23224282,
      0.00097513944,
      0,
      -0.105362654,
      -0.101645574,
      0.13419542,
      1
    ]
  },
  {
    "trackingState" : "Normal",
    "timestamp" : 1251075565366,
    "transform" : [
      -0.23225453,
      -0.9714988,
      0.047412407,
      0,
      -0.0008264921,
      0.04894245,
      0.9988013,
      0,
      -0.97265464,
      0.23193693,
      -0.012170065,
      0,
      -0.10614223,
      -0.09701827,
      0.1434713,
      0.99999994
    ]
  },
  {
    "trackingState" : "Normal",
    "timestamp" : 1251075582019,
    "transform" : [
      -0.23150867,
      -0.9717964,
      0.044893764,
      0,
      -0.0130037805,
      0.049234603,
      0.9987026,
      0,
      -0.972746,
      0.23062454,
      -0.024035288,
      0,
      -0.10698462,
      -0.092111535,
      0.15268153,
      0.99999994
    ]
  },
  {
    "trackingState" : "Normal",
    "timestamp" : 1251075598672,
    "transform" : [
      -0.22890902,
      -0.9725223,
      0.042438317,
      0,
      -0.023221808,
      0.049038965,
      0.99852693,
      0,
      -0.9731708,
      0.2275863,
      -0.033809204,
      0,
      -0.10875547,
      -0.08679828,
      0.16156778,
      1
    ]
  },
  {
    "trackingState" : "Normal",
    "timestamp" : 1251075615325,
    "transform" : [
      -0.22448507,
      -0.9736609,
      0.039887052,
      0,
      -0.031678893,
      0.048201676,
      0.99833524,
      0,
      -0.97396255,
      0.22284776,
      -0.04166507,
      0,
      -0.1105969,
      -0.08137254,
      0.1703422,
      1
    ]
  },
  {
    "trackingState" : "Normal",
    "timestamp" : 1251075631978,
    "transform" : [
      -0.21914043,
      -0.9749887,
      0.037072092,
      0,
      -0.040382806,
      0.0470265,
      0.998077,
      0,
      -0.9748573,
      0.21722195,
      -0.049678218,
      0,
      -0.11190558,
      -0.076027654,
      0.17914385,
      0.9999999
    ]
  },
  {
    "trackingState" : "Normal",
    "timestamp" : 1251075648631,
    "transform" : [
      -0.21350019,
      -0.9763508,
      0.034011036,
      0,
      -0.0509161,
      0.045886837,
      0.9976483,
      0,
      -0.9756153,
      0.21126635,
      -0.059508868,
      0,
      -0.113065965,
      -0.07072024,
      0.18784186,
      1
    ]
  },
  {
    "trackingState" : "Normal",
    "timestamp" : 1251075665284,
    "transform" : [
      -0.20782416,
      -0.9776731,
      0.03105615,
      0,
      -0.062231,
      0.044900164,
      0.99705136,
      0,
      -0.9761847,
      0.20527868,
      -0.07017294,
      0,
