[
  {
    "timestamp" : 1251107172711,
    "transform" : [
      0.027258476,
      -0.99621934,
      0.08248526,
      0,
      -0.47799048,
      0.05948142,
      0.87634856,
      0,
      -0.8779419,
      -0.06331509,
      -0.47456205,
      0,
      -1.5630027,
      -1.1404711,
      -1.7540362,
      0.9999999
    ],
    "trackingState" : "Normal"
  },
  {
    "timestamp" : 1251107189364,
    "transform" : [
      0.025250977,
      -0.99597514,
      0.08599843,
      0,
      -0.48310053,
      0.06315648,
      0.873284,
      0,
      -0.8752006,
      -0.063597165,
      -0.47956145,
      0,
      -1.5666499,
      -1.1406033,
      -1.7581257,
      1
    ],
    "trackingState" : "Normal"
  },
  {
    "timestamp" : 1251107206017,
    "transform" : [
      0.022848392,
      -0.99581045,
      0.08854104,
      0,
      -0.4878319,
      0.0661994,
      0.87042385,
      0,
      -0.8726385,
      -0.06308093,
      -0.48427555,
      0,
      -1.5704975,
      -1.1409549,
      -1.7622349,
      0.99999994
    ],
    "trackingState" : "Normal"
  },
  {
    "timestamp" : 1251107222670,
    "transform" : [
      0.019431362,
      -0.9957789,
      0.08970404,
      0,
      -0.49249142,
      0.06854801,
      0.8676137,
      0,
      -0.8701004,
      -0.06103738,
      -0.48908058,
      0,
      -1.574417,
      -1.1414412,
      -1.7662086,
      1.0000001
    ],
    "trackingState" : "Normal"
  },
  {
    "timestamp" : 1251107239323,
    "transform" : [
      0.015155776,
      -0.99583316,
      0.08992511,
      0,
      -0.49715468,
      0.07052552,
      0.8647909,
      0,
      -0.8675296,
      -0.057813264,
      -0.4940143,
      0,
      -1.578378,
      -1.1420469,
      -1.7700435,
      1
    ],
    "trackingState" : "Normal"
  },
  {
    "timestamp" : 1251107255976,
    "transform" : [
      0.010701988,
      -0.9958553,
      0.090320416,
      0,
      -0.50232154,
      0.072747126,
      0.8616153,
      0,
      -0.86461467,
      -0.054590892,
      -0.4994611,
      0,
      -1.58242,
      -1.1427649,
      -1.7738098,
      1.0000001
    ],
    "trackingState" : "Normal"
  },
  {
    "timestamp" : 1251107272629,
    "transform" : [
      0.0067500575,
      -0.9957847,
      0.09147262,
      0,
      -0.50777036,
      0.07539096,
      0.8581873,
      0,
      -0.86146605,
      -0.05223989,
      -0.505121,
      0,
      -1.5863512,
      -1.143422,
      -1.7769291,
      0.99999994
    ],
    "trackingState" : "Normal"
  },
  {
    "timestamp" : 1251107289282,
    "transform" : [
      0.003868683,
      -0.99568504,
      0.092716746,
      0,
      -0.51233894,
      0.07765041,
      0.8552657,
      0,
      -0.85877466,
      -0.050811145,
      -0.5098278,
      0,
      -1.5906249,
      -1.1443161,
      -1.7803032,
      1.0000001
    ],
    "trackingState" : "Normal"
  },
  {
    "timestamp" : 1251107305935,
    "transform" : [
      0.0015711604,
      -0.99566615,
      0.09298635,
      0,
      -0.51480216,
      0.07891276,
      0.8536694,
      0,
      -0.85730755,
      -0.04921083,
      -0.51244724,
      0,
      -1.5950868,
      -1.1453593,
      -1.7835953,
      1
    ],
    "trackingState" : "Normal"
  },
  {
    "timestamp" : 1251107322588,
    "transform" : [
      -0.0008902154,
      -0.99573684,
      0.09223502,
      0,
      -0.5161445,
      0.07945696,
      0.852808,
      0,
      -0.8565011,
      -0.046847414,
      -0.5140149,
      0,
      -1.5996592,
      -1.1465158,
      -1.7867485,
      1
    ],
    "trackingState" : "Normal"
  },
  {
    "timestamp" : 1251107339241,
    "transform" : [
      -0.0038214992,
      -0.99584436,
      0.09099129,
      0,
      -0.5182445,
      0.07979134,
      0.8515022,
      0,
      -0.855224,
      -0.043901715,
      -0.51639575,
      0,
      -1.6043286,
      -1.1477869,
      -1.7897902,
      1
    ],
    "trackingState" : "Normal"
  },
  {
    "timestamp" : 1251107355894,
    "transform" : [
      -0.007034027,
      -0.9959619,
      0.08950078,
      0,
      -0.5212835,
      0.08003177,
      0.8496224,
      0,
      -0.85335463,
      -0.04067901,
      -0.51974154,
      0,
      -1.6090937,
      -1.149188,
      -1.7927188,
      1
    ],
    "trackingState" : "Normal"
  },
  {
    "timestamp" : 1251107372547,
    "transform" : [
      -0.010345515,
      -0.996134,
      0.087235086,
      0,
      -0.52410257,
      0.079698406,
      0.84791785,
      0,
      -0.8515923,
      -0.036947984,
      -0.52290094,
      0,
      -1.6134734,
      -1.1507509,
      -1.7946253,
      1
    ],
    "trackingState" : "Normal"
  },
  {
    "timestamp" : 1251107389200,
    "transform" : [
      -0.014047295,
      -0.99640375,
      0.08355911,
      0,
      -0.52671146,
      0.078406975,
      0.84642035,
      0,
      -0.8499281,
      -0.03212163,
      -0.52591866,
      0,
      -1.6182537,
      -1.1524823,
      -1.7969816,
      1
    ],
    "trackingState" : "Normal"
  },
  {
    "timestamp" : 1251107405853,
    "transform" : [
      -0.018367196,
      -0.9966819,
      0.07929424,
      0,
      -0.5287814,
      0.07699184,
      0.84525865,
      0,
      -0.8485591,
      -0.026404299,
      -0.5284412,
      0,
      -1.6232294,
      -1.1544176,
      -1.7994736,
      0.9999999
    ],
    "trackingState" : "Normal"
  },
  {
    "timestamp" : 1251107422506,
    "transform" : [
      -0.023150388,
      -0.99686277,
      0.07568831,
      0,
      -0.5290721,
      0.07645422,
      0.8451257,
      0,
      -0.8482611,
      -0.020479586,
      -0.52918226,
      0,
      -1.6283292,
      -1.156614,
      -1.8020546,
      1.0000001
    ],
    "trackingState" : "Normal"
  },
  {
    "timestamp" : 1251107439158,
    "transform" : [
      -0.027927216,
      -0.9969294,
      0.073156424,
      0,
      -0.5274424,
      0.07686416,
      0.8461066,
      0,
      -0.8491317,
      -0.014956399,
      -0.5279694,
      0,
      -1.6335361,
      -1.1590912,
      -1.8047149,
      1
    ],
    "trackingState" : "Normal"
  },
  {
    "timestamp" : 1251107455811,
    "transform" : [
      -0.032114156,
      -0.99694,
      0.07126909,
      0,
      -0.5250034,
      0.07750231,
      0.8475641,
      0,
      -0.8504941,
      -0.010197703,
      -0.5258858,
      0,
      -1.6388233,
      -1.1618421,
      -1.8074534,
      1
    ],
    "trackingState" : "Normal"
  },
  {
    "timestamp" : 1251107472465,
    "transform" : [
      -0.03550279,
      -0.9969239,
      0.06987312,
      0,
      -0.52396464,
      0.07810544,
      0.84815127,
      0,
      -0.8509998,
      -0.0064993124,
      -0.52512586,
      0,
      -1.644164,
      -1.1648587,
      -1.8102858,
      1.0000001
    ],
    "trackingState" : "Normal"
  },
  {
    "timestamp" : 1251107489117,
    "transform" : [
      -0.038652204,
      -0.9968343,
      0.06947954,
      0,
      -0.5258897,
      0.07941606,
      0.8468371,
      0,
      -0.8496741,
      -0.0038064513,
      -0.5272945,
      0,
      -1.6495353,
      -1.1681193,
      -1.8132327,
      0.9999999
    ],
    "trackingState" : "Normal"
  },
  {
    "timestamp" : 1251107505770,
    "transform" : [
      -0.042286642,
      -0.99662775,
      0.07032091,
      0,
      -0.52961767,
      0.082041524,
      0.8442596,
      0,
      -0.84718186,
      -0.0015422945,
      -0.531301,
      0,
      -1.6546133,
      -1.1714256,
      -1.8157499,
      1
    ],
    "trackingState" : "Normal"
  },
  {
    "timestamp" : 1251107522423,
    "transform" : [
      -0.046939466,
      -0.9963649,
      0.07108952,
      0,
      -0.5327663,
      0.085172296,
      0.8419654,
      0,
      -0.84495956,
      0.0016473008,
      -0.5348277,
      0,
      -1.6598477,
      -1.1750493,
      -1.8185526,
      1
    ],
    "trackingState" : "Normal"
  },
  {
    "timestamp" : 1251107555729,
    "transform" : [
      -0.05923395,
      -0.9959555,
      0.06755735,
      0,
      -0.531994,
      0.08876,
      0.8420832,
      0,
      -0.84467375,
      0.013939797,
      -0.5351,
      0,
      -1.6702205,
      -1.1828691,
      -1.8239418,
      1.0000001
    ],
    "trackingState" : "Normal"
  },
  {
    "timestamp" : 1251107572382,
    "transform" : [
      -0.06713545,
      -0.99572337,
      0.06346459,
      0,
      -0.5296564,
      0.08947248,
      0.8434802,
      0,
      -0.84555125,
      0.023012992,
      -0.5333981,
      0,
      -1.6752887,
      -1.1870089,
      -1.8264605,
      1
    ],
    "trackingState" : "Normal"
  },
  {
    "timestamp" : 1251107589035,
    "transform" : [
      -0.075730346,
      -0.9953872,
      0.058900725,
      0,
      -0.5276557,
      0.09012659,
      0.8446637,
      0,
      -0.84607595,
      0.032887366,
      -0.532047,
      0,
      -1.6802983,
      -1.1913021,
      -1.8289047,
      1
    ],
    "trackingState" : "Normal"
  },
  {
    "timestamp" : 1251107605688,
    "transform" : [
      -0.0846333,
      -0.9949576,
      0.053819515,
      0,
      -0.52751356,
      0.09056352,
      0.84470564,
      0,
      -0.84532046,
      0.043099705,
      -0.5325183,
      0,
      -1.6849141,
      -1.195822,
      -1.8305662,
      1
    ],
    "trackingState" : "Normal"
  },
  {
    "timestamp" : 1251107622341,
    "transform" : [
      -0.09382318,
      -0.9944323,
      0.047974706,
      0,
      -0.52944726,
      0.09064512,
      0.8434863,
      0,
      -0.8431387,
      0.053738486,
      -0.535004,
      0,
      -1.6897814,
      -1.2003729,
      -1.832655,
      1
    ],
    "trackingState" : "Normal"
  },
  {
    "timestamp" : 1251107638994,
    "transform" : [
      -0.10329439,
      -0.99377537,
      0.041723862,
      0,
      -0.53250414,
      0.09068213,
      0.8415557,
      0,
      -0.8401009,
      0.06470984,
      -0.5385565,
      0,
      -1.6947618,
      -1.2049396,
      -1.8348818,
      1
    ],
    "trackingState" : "Normal"
  },
  {
    "timestamp" : 1251107655647,
    "transform" : [
      -0.11267868,
      -0.992988,
      0.035754353,
      0,
      -0.53477496,
      0.090932146,
      0.84008753,
      0,
      -0.837448,
      0.07553942,
      -0.5412713,
      0,
      -1.699836,
      -1.20948,
      -1.8371589,
      1
    ],
    "trackingState" : "Normal"
  },
  {
    "timestamp" : 1251107672300,
    "transform" : [
      -0.1213524,
      -0.99213827,
      0.03057867,
      0,
      -0.53441876,
      0.09126508,
      0.84027797,
      0,
      -0.8364628,
      0.08562794,
      -0.54129267,
      0,
      -1.7049845,
      -1.2139748,
      -1.8394405,
      0.9999999
    ],
    "trackingState" : "Normal"
  },
  {
    "timestamp" : 1251107688953,
    "transform" : [
      -0.12912083,
      -0.9912782,
      0.026370762,
      0,
      -0.53208387,
      0.091699466,
      0.84171134,
      0,
      -0.8367883,
      0.094651,
      -0.53928345,
      0,
      -1.7104807,
      -1.2186158,
      -1.8421392,
      1
    ],
    "trackingState" : "Normal"
  },
  {
    "timestamp" : 1251107705606,
    "transform" : [
      -0.13624336,
      -0.9904178,
      0.022592222,
      0,
      -0.52950776,
      0.09207607,
      0.84329337,
      0,
      -0.83729285,
      0.10293036,
      -0.53697854,
      0,
      -1.7156782,
      -1.2230213,
      -1.8445686,
      1
    ],
    "trackingState" : "Normal"
  },
  {
    "timestamp" : 1251107722259,
    "transform" : [
      -0.14362206,
      -0.98946357,
      0.01828932,
      0,
      -0.5287275,
      0.09234155,
      0.8437537,
      0,
      -0.8365525,
      0.111511566,
      -0.5364189,
      0,
      -1.7206326,
      -1.2272966,
      -1.8468939,
      1
    ],
    "trackingState" : "Normal"
  },
  {
    "timestamp" : 1251107738912,
    "transform" : [
      -0.15206107,
      -0.988285,
      0.0130391065,
      0,
      -0.530262,
      0.09270699,
      0.84274995,
      0,
      -0.834086,
      0.12123534,
      -0.5381472,
      0,
      -1.7253387,
      -1.2314963,
      -1.8491684,
      1
    ],
    "trackingState" : "Normal"
  },
  {
    "timestamp" : 1251107755565,
    "transform" : [
      -0.16172376,
      -0.9868069,
      0.00758384,
      0,
      -0.53253824,
      0.09374034,
      0.84119904,
      0,
      -0.8308119,
      0.13200316,
      -0.5406725,
      0,
      -1.7297871,
      -1.2356548,
      -1.8514199,
      1
    ],
    "trackingState" : "Normal"
  },
  {
    "timestamp" : 1251107772218,
    "transform" : [
      -0.17216368,
      -0.9850654,
      0.002419156,
      0,
      -0.533954,
      0.09538438,
      0.8401161,
      0,
      -0.82780004,
      0.14334573,
      -0.54240125,
      0,
      -1.734016,
      -1.2398131,
      -1.8536042,
      1
    ],
    "trackingState" : "Normal"
  },
  {
    "timestamp" : 1251107788870,
    "transform" : [
      -0.18277936,
      -0.98314947,
      -0.002940459,
      0,
      -0.5338638,
      0.09673936,
      0.8400182,
      0,
      -0.8255791,
      0.15510781,
      -0.54255,
      0,
      -1.7380602,
      -1.2439566,
      -1.8556445,
      1
    ],
    "trackingState" : "Normal"
  },
  {
    "timestamp" : 1251107805523,
    "transform" : [
      -0.19315751,
      -0.98112553,
      -0.0091015585,
      0,
      -0.5327231,
      0.0970801,
      0.840703,
      0,
      -0.8239517,
      0.16723669,
      -0.5414201,
      0,
      -1.7429807,
      -1.2480054,
      -1.8590006,
      1
    ],
    "trackingState" : "Normal"
  },
  {
    "timestamp" : 1251107822176,
    "transform" : [
      -0.20350188,
      -0.97894776,
      -0.015755914,
      0,
      -0.53097236,
      0.09682837,
      0.84183884,
      0,
      -0.82259065,
      0.17968175,
      -0.5394989,
      0,
      -1.7470021,
      -1.2520955,
      -1.8612565,
      1
    ],
    "trackingState" : "Normal"
  },
  {
    "timestamp" : 1251107838829,
    "transform" : [
      -0.21438192,
      -0.9765033,
      -0.021946361,
      0,
      -0.53055173,
      0.09755359,
      0.84202033,
      0,
      -0.82009476,
      0.19215758,
      -0.5389993,
      0,
      -1.7505838,
      -1.256203,
      -1.8631914,
      1.0000001
    ],
    "trackingState" : "Normal"
  },
  {
    "timestamp" : 1251107855482,
    "transform" : [
      -0.225687,
      -0.97381634,
      -0.027333451,
      0,
      -0.5321976,
      0.09974179,
      0.8407243,
      0,
      -0.8159848,
      0.20428732,
      -0.5407733,
      0,
      -1.7539065,
      -1.2602513,
      -1.8650677,
      1
    ],
    "trackingState" : "Normal"
  },
  {
    "timestamp" : 1251107872135,
    "transform" : [
      -0.23636359,
      -0.97112453,
      -0.03239528,
      0,
      -0.5346934,
      0.10215718,
      0.83884853,
      0,
      -0.81131697,
      0.21559477,
      -0.5434002,
      0,
      -1.757662,
      -1.2641587,
      -1.8673145,
      1
    ],
    "trackingState" : "Normal"
  },
  {
    "timestamp" : 1251107888788,
    "transform" : [
      -0.24591431,
      -0.9685652,
      -0.037515324,
      0,
      -0.5363521,
      0.103734866,
      0.837595,
      0,
      -0.8073738,
      0.22609803,
      -0.5450019,
      0,
      -1.7609372,
      -1.2680707,
      -1.8691952,
      1
    ],
    "trackingState" : "Normal"
  },
  {
    "timestamp" : 1251107905441,
    "transform" : [
      -0.25523224,
      -0.96592146,
      -0.043036953,
      0,
      -0.53774756,
      0.10481943,
      0.83656466,
      0,
      -0.8035447,
      0.2366613,
      -0.54617524,
      0,
      -1.7640116,
      -1.2719675,
      -1.8708974,
      0.99999994
    ],
    "trackingState" : "Normal"
  },
  {
    "timestamp" : 1251107922094,
    "transform" : [
      -0.26490158,
      -0.9630337,
      -0.048921615,
      0,
      -0.53932214,
      0.10591276,
      0.83541256,
      0,
      -0.79934895,
      0.2476866,
      -0.5474419,
      0,
      -1.7669613,
      -1.275804,
      -1.8725157,
      1
    ],
    "trackingState" : "Normal"
  },
  {
    "timestamp" : 1251107938747,
    "transform" : [
      -0.2743745,
      -0.9600531,
      -0.05492501,
      0,
      -0.54059553,
      0.1067563,
      0.83448166,
      0,
      -0.7952831,
      0.25865272,
      -0.5482916,
      0,
      -1.7698191,
      -1.2795376,
      -1.8741151,
      1.0000001
    ],
    "trackingState" : "Normal"
  },
  {
    "timestamp" : 1251107955400,
    "transform" : [
      -0.28288144,
      -0.95724136,
      -0.06055705,
      0,
      -0.5410091,
      0.107106395,
      0.8341687,
      0,
      -0.7920147,
      0.26873276,
      -0.5481748,
      0,
      -1.772612,
      -1.2831634,
      -1.8757435,
      1.0000001
    ],
    "trackingState" : "Normal"
  },
  {
    "timestamp" : 1251107972053,
    "transform" : [
      -0.2903307,
      -0.95475,
      -0.064501815,
      0,
      -0.5402844,
      0.107915364,
      0.8345341,
      0,
      -0.7898108,
      0.27714017,
      -0.5471678,
      0,
      -1.7753088,
      -1.2859364,
      -1.8776218,
      1
    ],
    "trackingState" : "Normal"
  },
  {
    "timestamp" : 1251107988706,
    "transform" : [
      -0.29694584,
      -0.95257133,
      -0.066565,
      0,
      -0.53859365,
      0.10951785,
      0.8354177,
      0,
      -0.7885049,
      0.2839253,
      -0.5455698,
      0,
      -1.7779007,
      -1.2890357,
      -1.8794498,
      0.99999994
    ],
    "trackingState" : "Normal"
  },
  {
    "timestamp" : 1251108005359,
    "transform" : [
      -0.3025691,
      -0.9507047,
      -0.06791489,
      0,
      -0.5363717,
      0.11093654,
      0.8366591,
      0,
      -0.7878816,
      0.2895748,
      -0.54349715,
      0,
      -1.7803528,
      -1.2921034,
      -1.8811764,
      0.99999994
    ],
    "trackingState" : "Normal"
  },
  {
    "timestamp" : 1251108022012,
    "transform" : [
      -0.30741787,
      -0.94899446,
      -0.070026614,
      0,
      -0.5341704,
      0.11120088,
      0.83803123,
      0,
      -0.7875001,
      0.2950319,
      -0.54111,
      0,
      -1.7826247,
      -1.2950435,
      -1.8827204,
      1
    ],
    "trackingState" : "Normal"
  },
  {
    "timestamp" : 1251108038665,
    "transform" : [
      -0.31225288,
      -0.9471447,
      -0.07358745,
      0,
      -0.532569,
      0.11037875,
      0.8391585,
      0,
      -0.786682,
      0.30122003,
      -0.53888595,
      0,
      -1.7846739,
      -1.2978752,
      -1.884058,
      1
    ],
    "trackingState" : "Normal"
  },
  {
    "timestamp" : 1251108055318,
    "transform" : [
      -0.31740654,
      -0.94506395,
      -0.07814824,
      0,
      -0.5315436,
      0.10906403,
      0.83997995,
      0,
      -0.78531176,
      0.30815434,
      -0.53696036,
      0,
      -1.7864742,
      -1.3006577,
      -1.8852223,
      1
    ],
    "trackingState" : "Normal"
  },
  {
    "timestamp" : 1251108071971,
    "transform" : [
      -0.32288116,
      -0.94281447,
      -0.082756504,
      0,
      -0.5308918,
      0.10803404,
      0.8405252,
      0,
      -0.7835188,
      0.31532452,
      -0.53541464,
      0,
      -1.7880285,
      -1.3034368,
      -1.8862816,
      1
    ],
    "trackingState" : "Normal"
  },
  {
    "timestamp" : 1251108088624,
    "transform" : [
      -0.3284067,
      -0.940564,
      -0.08653546,
      0,
      -0.5305715,
      0.10790232,
      0.84074426,
      0,
      -0.78143644,
      0.32201928,
      -0.5344723,
      0,
      -1.7893705,
      -1.3061959,
      -1.8872833,
      0.99999994
    ],
    "trackingState" : "Normal"
  },
  {
    "timestamp" : 1251108105277,
    "transform" : [
      -0.33308768,
      -0.9386392,
      -0.08949212,
      0,
      -0.52971756,
      0.10776523,
      0.84130025,
      0,
      -0.7800333,
      0.3276323,
      -0.53310907,
      0,
      -1.7911472,
      -1.3082604,
      -1.8883034,
      1
    ],
    "trackingState" : "Normal"
  },
  {
    "timestamp" : 1251108121930,
    "transform" : [
      -0.33665255,
      -0.9370667,
      -0.09258019,
      0,
      -0.5286592,
      0.10672976,
      0.84209764,
      0,
      -0.77922046,
      0.3324376,
      -0.53131974,
      0,
      -1.7922643,
      -1.3106788,
      -1.8891262,
      1.0000001
    ],
    "trackingState" : "Normal"
  },
  {
    "timestamp" : 1251108138582,
    "transform" : [
      -0.33945286,
      -0.9356269,
      -0.096819215,
      0,
      -0.52859586,
      0.104606345,
      0.8424037,
      0,
      -0.77804774,
      0.3371346,
      -0.5300774,
      0,
      -1.792994,
      -1.3131793,
      -1.8897787,
      1
    ],
    "trackingState" : "Normal"
  },
  {
    "timestamp" : 1251108155235,
    "transform" : [
      -0.3421346,
      -0.9340772,
      -0.102194265,
      0,
      -0.52999705,
      0.10202492,
      0.8418397,
      0,
      -0.7759169,
      0.34218514,
      -0.52996445,
      0,
      -1.793432,
      -1.3157096,
      -1.8903005,
      1
    ],
    "trackingState" : "Normal"
  },
  {
    "timestamp" : 1251108171888,
    "transform" : [
      -0.34550834,
      -0.9321803,
      -0.107998855,
      0,
      -0.53214324,
      0.099830575,
      0.8407481,
      0,
      -0.77294725,
      0.34795636,
      -0.53054583,
      0,
      -1.7936203,
      -1.3182955,
      -1.8907344,
      1
    ],
    "trackingState" : "Normal"
  },
  {
    "timestamp" : 1251108188541,
    "transform" : [
      -0.3497788,
      -0.92993444,
      -0.11347543,
      0,
      -0.53406674,
      0.09841612,
      0.8396946,
      0,
      -0.76969314,
      0.35431084,
      -0.531071,
      0,
      -1.7935774,
      -1.3209579,
      -1.8911383,
      1
    ],
    "trackingState" : "Normal"
  },
  {
    "timestamp" : 1251108205194,
    "transform" : [
      -0.35436407,
      -0.92764425,
      -0.11790722,
      0,
      -0.5343259,
      0.0973921,
      0.839649,
      0,
      -0.7674125,
      0.36054236,
      -0.53017664,
      0,
      -1.7932324,
      -1.3238362,
      -1.8918592,
      0.99999994
    ],
    "trackingState" : "Normal"
  },
  {
    "timestamp" : 1251108221847,
    "transform" : [
      -0.35929495,
      -0.92519134,
      -0.12218049,
      0,
      -0.5329966,
      0.09597051,
      0.8406571,
      0,
      -0.766043,
      0.36716568,
      -0.5276056,
      0,
      -1.7926168,
      -1.3267283,
      -1.8923423,
      1
    ],
    "trackingState" : "Normal"
  },
  {
    "timestamp" : 1251108238500,
    "transform" : [
      -0.3650016,
      -0.9222829,
      -0.12715378,
      0,
      -0.53175575,
      0.094414316,
      0.84161854,
      0,
      -0.7642052,
      0.37480685,
      -0.5248906,
      0,
      -1.7917237,
      -1.3296936,
      -1.8926882,
      1
    ],
    "trackingState" : "Normal"
  },
  {
    "timestamp" : 1251108255153,
    "transform" : [
      -0.3715817,
      -0.91882515,
      -0.13299392,
      0,
      -0.5310833,
      0.092870094,
      0.8422147,
      0,
      -0.76149696,
      0.38358247,
      -0.52248156,
      0,
      -1.7905624,
      -1.3327014,
      -1.8929322,
      1
    ],
    "trackingState" : "Normal"
  },
  {
    "timestamp" : 1251108271806,
    "transform" : [
      -0.37851194,
      -0.9150528,
      -0.13930924,
      0,
      -0.53014874,
      0.09095457,
      0.8430122,
      0,
      -0.7587299,
      0.39294484,
      -0.51954144,
      0,
      -1.7890656,
      -1.3368819,
      -1.8929116,
      1
    ],
    "trackingState" : "Normal"
  },
  {
    "timestamp" : 1251108288459,
    "transform" : [
      -0.38534087,
      -0.91132754,
      -0.14489491,
      0,
      -0.52791053,
      0.08892821,
      0.84463143,
      0,
      -0.75685066,
      0.40196255,
      -0.5153671,
      0,
      -1.787338,
      -1.3403013,
      -1.8931158,
      1
    ],
    "trackingState" : "Normal"
  },
  {
    "timestamp" : 1251108305112,
    "transform" : [
      -0.39191598,
      -0.90788096,
      -0.14884266,
      0,
      -0.52406305,
      0.087336026,
      0.8471897,
      0,
      -0.75614804,
      0.4100301,
      -0.51001525,
      0,
      -1.7853878,
      -1.3434868,
      -1.8934852,
      1
    ],
    "trackingState" : "Normal"
  },
  {
    "timestamp" : 1251108321765,
    "transform" : [
      -0.397903,
      -0.9049101,
      -0.15103284,
      0,
      -0.5195375,
      0.08657208,
      0.85005075,
      0,
      -0.7561443,
      0.41670492,
      -0.50458205,
      0,
      -1.7832617,
      -1.3465935,
      -1.8939568,
      1.0000001
    ],
    "trackingState" : "Normal"
  },
  {
    "timestamp" : 1251108338418,
    "transform" : [
      -0.40310314,
      -0.9023823,
      -0.15236133,
      0,
      -0.5155709,
      0.086374566,
      0.8524824,
      0,
      -0.7561049,
      0.42219138,
      -0.50005984,
      0,
      -1.7810185,
      -1.3496678,
      -1.8944207,
      1
    ],
    "trackingState" : "Normal"
  },
  {
    "timestamp" : 1251108355071,
    "transform" : [
      -0.40760192,
      -0.90014106,
      -0.15364489,
      0,
      -0.51144665,
      0.08564739,
      0.85503614,
      0,
      -0.75649387,
      0.42709553,
      -0.4952842,
      0,
      -1.7786527,
      -1.3527417,
      -1.8947517,
      1
    ],
    "trackingState" : "Normal"
  },
  {
    "timestamp" : 1251108371724,
    "transform" : [
      -0.4121585,
      -0.8977628,
      -0.15539405,
      0,
      -0.5057675,
      0.08357804,
      0.85861164,
      0,
      -0.7578421,
      0.43247736,
      -0.48850673,
      0,
      -1.7751517,
      -1.3558828,
      -1.8947942,
      0.99999994
    ],
    "trackingState" : "Normal"
  },
  {
    "timestamp" : 1251108388377,
    "transform" : [
      -0.4176785,
      -0.89476395,
      -0.15793103,
      0,
      -0.49838063,
      0.08027982,
      0.86323345,
      0,
      -0.75971144,
      0.4392638,
      -0.47946417,
      0,
      -1.7719691,
      -1.3589759,
      -1.8946027,
      1
    ],
    "trackingState" : "Normal"
  },
  {
    "timestamp" : 1251108405030,
    "transform" : [
      -0.4244893,
      -0.8910262,
      -0.16087618,
      0,
      -0.4902095,
      0.076780386,
      0.8682162,
      0,
      -0.76125133,
      0.44741154,
      -0.469382,
      0,
      -1.7686191,
      -1.3620162,
      -1.8941953,
      1
    ],
    "trackingState" : "Normal"
  },
  {
    "timestamp" : 1251108421683,
    "transform" : [
      -0.43211943,
      -0.8868437,
      -0.1636492,
      0,
      -0.48260084,
      0.074110754,
      0.87269926,
      0,
      -0.76181966,
      0.45608756,
      -0.46001625,
      0,
      -1.7649848,
      -1.3649446,
      -1.8936298,
      0.99999994
    ],
    "trackingState" : "Normal"
  },
  {
    "timestamp" : 1251108438336,
    "transform" : [
      -0.43928367,
      -0.88289917,
      -0.1658878,
      0,
      -0.475326,
      0.07174006,
      0.87687993,
      0,
      -0.76229584,
      0.46404982,
      -0.45117927,
      0,
      -1.7610829,
      -1.3677204,
      -1.892925,
      1
    ],
    "trackingState" : "Normal"
  },
  {
    "timestamp" : 1251108454989,
    "transform" : [
      -0.44502565,
      -0.87968516,
      -0.16764891,
      0,
      -0.46768776,
      0.068657465,
      0.8812232,
      0,
      -0.7636887,
      0.47057426,
      -0.44197237,
      0,
      -1.7569563,
      -1.3703685,
      -1.8920656,
      1
    ],
    "trackingState" : "Normal"
  },
  {
    "timestamp" : 1251108471642,
    "transform" : [
      -0.44957626,
      -0.8772213,
      -0.16841638,
      0,
      -0.45950758,
      0.065442175,
      0.88575965,
      0,
      -0.7659857,
      0.47560507,
      -0.4325111,
      0,
      -1.7526262,
      -1.3729014,
      -1.8910687,
      1
    ],
    "trackingState" : "Normal"
  },
  {
    "timestamp" : 1251108488294,
    "transform" : [
      -0.4535579,
      -0.875364,
      -0.16740108,
      0,
      -0.45074448,
      0.06326909,
      0.8904081,
      0,
      -0.76883984,
      0.47930673,
      -0.42326173,
      0,
      -1.7480853,
      -1.3753226,
      -1.8899541,
      1
    ],
    "trackingState" : "Normal"
  },
  {
    "timestamp" : 1251108504947,
    "transform" : [
      -0.45716426,
      -0.8739883,
      -0.16475837,
      0,
      -0.44174758,
      0.062354926,
      0.8949698,
      0,
      -0.77191955,
      0.48192984,
      -0.41458872,
      0,
      -1.7416048,
      -1.37764,
      -1.8873959,
      1
    ],
    "trackingState" : "Normal"
  },
  {
    "timestamp" : 1251108521600,
    "transform" : [
      -0.46037188,
      -0.8729248,
      -0.16143154,
      0,
      -0.43264428,
      0.061836988,
      0.89944154,
      0,
      -0.7751624,
      0.48392,
      -0.40613398,
      0,
      -1.7360337,
      -1.3798299,
      -1.8854835,
      1
    ],
    "trackingState" : "Normal"
  },
  {
    "timestamp" : 1251108538253,
    "transform" : [
      -0.46312973,
      -0.872016,
      -0.1584264,
      0,
      -0.42303708,
      0.060421392,
      0.9040956,
      0,
      -0.77881354,
      0.48573384,
      -0.39687806,
      0,
      -1.7305844,
      -1.3819184,
      -1.8835205,
      1
    ],
    "trackingState" : "Normal"
  },
  {
    "timestamp" : 1251108554906,
    "transform" : [
      -0.46549487,
      -0.8711847,
      -0.15605035,
      0,
      -0.41284302,
      0.05777365,
      0.90896803,
      0,
      -0.7828635,
      0.48754424,
      -0.3865559,
      0,
      -1.7250111,
      -1.3839196,
      -1.8812617,
      0.99999994
    ],
    "trackingState" : "Normal"
  },
  {
    "timestamp" : 1251108571560,
    "transform" : [
      -0.46753514,
      -0.8704041,
      -0.15429682,
      0,
      -0.40230256,
      0.05408698,
      0.91390765,
      0,
      -0.7871237,
      0.48935795,
      -0.37545338,
      0,
      -1.7192171,
      -1.3858423,
      -1.878649,
      1
    ],
    "trackingState" : "Normal"
  },
  {
    "timestamp" : 1251108588212,
    "transform" : [
      -0.46936387,
      -0.8696554,
      -0.15296103,
      0,
      -0.39178547,
      0.04986342,
      0.91870445,
      0,
      -0.7913291,
      0.49113455,
      -0.36412248,
      0,
      -1.7134683,
      -1.3874593,
      -1.8755008,
      1
    ],
    "trackingState" : "Normal"
  },
  {
    "timestamp" : 1251108604865,
    "transform" : [
      -0.47100955,
      -0.8690141,
      -0.15154031,
      0,
      -0.38117304,
      0.045576833,
      0.9233796,
      0,
      -0.7955232,
      0.4926837,
      -0.35271192,
      0,
      -1.707273,
      -1.3891233,
      -1.8721659,
      0.99999994
    ],
    "trackingState" : "Normal"
  },
  {
    "timestamp" : 1251108621518,
    "transform" : [
      -0.47244596,
      -0.86849207,
      -0.15005456,
      0,
      -0.37046134,
      0.04120047,
      0.92793375,
      0,
      -0.7997207,
      0.49398792,
      -0.34120777,
      0,
      -1.7007885,
      -1.3907306,
      -1.86857,
      1
    ],
    "trackingState" : "Normal"
  },
  {
    "timestamp" : 1251108638171,
    "transform" : [
      -0.47367683,
      -0.86805195,
      -0.14871377,
      0,
      -0.3597004,
      0.036551118,
      0.9323515,
      0,
      -0.8038941,
      0.49512577,
      -0.32955217,
      0,
      -1.6940824,
      -1.3922364,
      -1.8646905,
      0.9999999
    ],
    "trackingState" : "Normal"
  },
  {
    "timestamp" : 1251108654824,
    "transform" : [
      -0.47462684,
      -0.86775225,
      -0.14742939,
      0,
      -0.3491078,
      0.03183183,
      0.9365418,
      0,
      -0.8079933,
      0.4959766,
      -0.3180473,
      0,
      -1.6872051,
      -1.3936148,
      -1.8605443,
      1
    ],
    "trackingState" : "Normal"
  },
  {
    "timestamp" : 1251108671477,
    "transform" : [
      -0.47513717,
      -0.86770266,
      -0.14607042,
      0,
      -0.33868766,
      0.027132282,
      0.9405075,
      0,
      -0.8121177,
      0.49634233,
      -0.30677179,
      0,
      -1.6801544,
      -1.3940922,
      -1.8557547,
      0.9999999
    ],
    "trackingState" : "Normal"
  },
  {
    "timestamp" : 1251108688130,
    "transform" : [
      -0.4755304,
      -0.8678455,
      -0.14392665,
      0,
      -0.32766783,
      0.02290166,
      0.94451535,
      0,
      -0.81639725,
      0.49630585,
      -0.29525557,
      0,
      -1.6730568,
      -1.3949292,
      -1.8510145,
      1
    ],
    "trackingState" : "Normal"
  },
  {
    "timestamp" : 1251108704783,
    "transform" : [
      -0.47576016,
      -0.8682638,
      -0.14060722,
      0,
      -0.31525055,
      0.019087734,
      0.9488166,
      0,
      -0.82113916,
      0.4957356,
      -0.2828018,
      0,
      -1.6658673,
      -1.3957453,
      -1.8461915,
      1
    ],
    "trackingState" : "Normal"
  },
  {
    "timestamp" : 1251108721436,
    "transform" : [
      -0.4755677,
      -0.8691119,
      -0.13594061,
      0,
      -0.30140248,
      0.015804764,
      0.9533661,
      0,
      -0.8264334,
      0.4943629,
      -0.26946875,
      0,
      -1.6585798,
      -1.3964047,
      -1.8412417,
      1
    ],
    "trackingState" : "Normal"
  },
  {
    "timestamp" : 1251108738089,
    "transform" : [
      -0.4747648,
      -0.8704791,
      -0.12986344,
      0,
      -0.2867376,
      0.013480958,
      0.9579143,
      0,
      -0.8320938,
      0.49202067,
      -0.25599942,
      0,
      -1.6512058,
      -1.3968542,
      -1.8361384,
      1
    ],
    "trackingState" : "Normal"
  },
  {
    "timestamp" : 1251108754742,
    "transform" : [
      -0.47338846,
      -0.872289,
      -0.12253719,
      0,
      -0.27202353,
      0.012457215,
      0.96221,
      0,
      -0.8377988,
      0.4888321,
      -0.24318026,
      0,
      -1.6437566,
      -1.3970616,
      -1.8308624,
      1
    ],
    "trackingState" : "Normal"
  },
  {
    "timestamp" : 1251108771395,
    "transform" : [
      -0.4714007,
      -0.8744719,
      -0.114368804,
      0,
      -0.25739777,
      0.012386172,
      0.9662262,
      0,
      -0.8435212,
      0.48491794,
      -0.23092604,
      0,
      -1.6347349,
      -1.3970201,
      -1.8247144,
      1
    ],
    "trackingState" : "Normal"
  },
  {
    "timestamp" : 1251108788048,
    "transform" : [
      -0.46914473,
      -0.8767852,
      -0.10559772,
      0,
      -0.24179097,
      0.012521903,
      0.9702476,
      0,
      -0.84937656,
      0.4807191,
      -0.21787335,
      0,
      -1.6266472,
      -1.3967648,
      -1.8187207,
      1
    ],
    "trackingState" : "Normal"
  },
  {
    "timestamp" : 1251108804701,
    "transform" : [
      -0.46719038,
      -0.87883747,
      -0.09683838,
      0,
      -0.22475444,
      0.012117837,
      0.97434,
      0,
      -0.85511315,
      0.47696713,
      -0.203184,
      0,
      -1.6187507,
      -1.3962718,
      -1.8125745,
      0.9999999
    ],
    "trackingState" : "Normal"
  },
  {
    "timestamp" : 1251108821354,
    "transform" : [
      -0.46574596,
      -0.8804901,
      -0.08841875,
      0,
      -0.20702788,
      0.011272114,
      0.9782702,
      0,
      -0.8603605,
      0.4739305,
      -0.18753597,
      0,
      -1.6107955,
      -1.3955083,
      -1.8061883,
      1
    ],
    "trackingState" : "Normal"
  },
  {
    "timestamp" : 1251108838007,
    "transform" : [
      -0.46471873,
      -0.88179326,
      -0.080481365,
      0,
      -0.18955533,
      0.010288134,
      0.9818162,
      0,
      -0.86493087,
      0.471524,
      -0.1719297,
      0,
      -1.6027229,
      -1.394495,
      -1.7994986,
      1
    ],
    "trackingState" : "Normal"
  },
  {
    "timestamp" : 1251108854659,
    "transform" : [
      -0.46417695,
      -0.8827004,
      -0.07334623,
      0,
      -0.17350678,
      0.009411343,
      0.98478764,
      0,
      -0.86858225,
      0.46984187,
      -0.1575231,
      0,
      -1.5945445,
      -1.3932832,
      -1.7924713,
      0.9999999
    ],
    "trackingState" : "Normal"
  },
  {
    "timestamp" : 1251108871312,
    "transform" : [
      -0.46391115,
      -0.88336134,
      -0.06677695,
      0,
      -0.15881492,
      0.008772378,
      0.9872694,
      0,
      -0.87152994,
      0.4686104,
      -0.14436059,
      0,
      -1.585134,
      -1.3912368,
      -1.7853168,
      1
    ],
    "trackingState" : "Normal"
  },
  {
    "timestamp" : 1251108887965,
    "transform" : [
      -0.46379665,
      -0.8839309,
      -0.059655827,
      0,
      -0.14326046,
      0.00837776,
      0.98964953,
      0,
      -0.87428206,
      0.46754247,
      -0.13051794,
      0,
      -1.5763495,
      -1.389427,
      -1.7778722,
      1
    ],
    "trackingState" : "Normal"
  },
  {
    "timestamp" : 1251108904618,
    "transform" : [
      -0.46384475,
      -0.8844006,
      -0.051803436,
      0,
      -0.12542072,
      0.007669513,
      0.992074,
      0,
      -0.8769936,
      0.46666554,
      -0.11447966,
      0,
      -1.5675943,
      -1.3875886,
      -1.7703012,
      0.99999994
    ],
    "trackingState" : "Normal"
  },
  {
    "timestamp" : 1251108921271,
    "transform" : [
      -0.46463713,
      -0.88440883,
      -0.043968882,
      0,
      -0.107465886,
      0.0070323725,
      0.9941839,
      0,
      -0.8789559,
      0.4666599,
      -0.09831131,
      0,
      -1.5586975,
      -1.3856494,
      -1.7626853,
      1
    ],
    "trackingState" : "Normal"
  },
  {
    "timestamp" : 1251108937925,
    "transform" : [
      -0.46625113,
      -0.8838809,
      -0.036937654,
      0,
      -0.09242067,
      0.0071419547,
      0.99569446,
      0,
      -0.8798115,
      0.4676575,
      -0.08501884,
      0,
      -1.5496857,
      -1.3835793,
      -1.7551111,
      1
    ],
    "trackingState" : "Normal"
  },
  {
    "timestamp" : 1251108954577,
    "transform" : [
      -0.46780413,
      -0.883319,
      -0.030114036,
      0,
      -0.079991296,
      0.008381781,
      0.9967603,
      0,
      -0.88020504,
      0.46869743,
      -0.07457889,
      0,
      -1.5406587,
      -1.3813782,
      -1.7476878,
      1
    ],
    "trackingState" : "Normal"
  },
  {
    "timestamp" : 1251108971230,
    "transform" : [
      -0.4679907,
      -0.8834578,
      -0.022069834,
      0,
      -0.06714005,
      0.010642442,
      0.99768686,
      0,
      -0.8811793,
      0.46838993,
      -0.06429599,
      0,
      -1.5309,
      -1.3784728,
      -1.7406476,
      1
    ],
    "trackingState" : "Normal"
  },
  {
    "timestamp" : 1251108987883,
    "transform" : [
      -0.46564215,
      -0.8848888,
      -0.012212411,
      0,
      -0.052481826,
      0.013836031,
      0.99852604,
      0,
      -0.88341564,
      0.4655967,
      -0.05288325,
      0,
      -1.5218396,
      -1.3759377,
      -1.7339015,
      1
    ],
    "trackingState" : "Normal"
  },
  {
    "timestamp" : 1251109004536,
    "transform" : [
      -0.46074826,
      -0.8875307,
      -0.0006138422,
      0,
      -0.036856927,
      0.018442689,
      0.9991504,
      0,
      -0.8867653,
      0.4603794,
      -0.041209105,
      0,
      -1.5131161,
      -1.373483,
      -1.727502,
      1
    ],
    "trackingState" : "Normal"
  },
  {
    "timestamp" : 1251109021189,
    "transform" : [
      -0.45365313,
      -0.89110714,
      0.01126638,
      0,
      -0.022478107,
      0.024079638,
      0.99945736,
      0,
      -0.8908949,
      0.45315367,
      -0.030954223,
      0,
      -1.5045686,
      -1.3710325,
      -1.7213588,
      1
    ],
    "trackingState" : "Normal"
  },
  {
    "timestamp" : 1251109037842,
    "transform" : [
      -0.44513273,
      -0.89520544,
      0.021543825,
      0,
      -0.010500955,
      0.029275661,
      0.99951625,
      0,
      -0.8954031,
      0.44469112,
      -0.022432089,
      0,
      -1.4960933,
      -1.368624,
      -1.715349,
      1
    ],
    "trackingState" : "Normal"
  },
  {
    "timestamp" : 1251109054495,
    "transform" : [
