[
  {
    "transform" : [
      -0.0014739494,
      -0.99683446,
      0.07949152,
      0,
      0.9846609,
      -0.015315883,
      -0.17380543,
      0,
      0.17447273,
      0.07801601,
      0.9815665,
      0,
      -0.07000685,
      -1.292218,
      -5.99741,
      1
    ],
    "timestamp" : 1251221707313,
    "trackingState" : "Normal"
  },
  {
    "transform" : [
      0.0019795538,
      -0.99609905,
      0.088220514,
      0,
      0.9870509,
      -0.012203905,
      -0.15994257,
      0,
      0.1603953,
      0.087394744,
      0.98317635,
      0,
      -0.0766412,
      -1.2960851,
      -6.0112705,
      1
    ],
    "timestamp" : 1251221740634,
    "trackingState" : "Normal"
  },
  {
    "transform" : [
      0.004843435,
      -0.99556947,
      0.093903564,
      0,
      0.98947364,
      -0.00881046,
      -0.14444473,
      0,
      0.14463212,
      0.093614705,
      0.9850471,
      0,
      -0.08351934,
      -1.3003914,
      -6.024826,
      1
    ],
    "timestamp" : 1251221773955,
    "trackingState" : "Normal"
  },
  {
    "transform" : [
      0.0072537623,
      -0.9945784,
      0.10373618,
      0,
      0.9923772,
      -0.0056029106,
      -0.12311038,
      0,
      0.12302417,
      0.10383843,
      0.98695624,
      0,
      -0.092779934,
      -1.3028339,
      -6.0393243,
      0.99999994
    ],
    "timestamp" : 1251221807276,
    "trackingState" : "Normal"
  },
  {
    "transform" : [
      0.008794834,
      -0.9931487,
      0.1165257,
      0,
      0.9948644,
      -0.0030601493,
      -0.10116951,
      0,
      0.100832984,
      0.11681706,
      0.98802143,
      0,
      -0.10125481,
      -1.3067163,
      -6.0531945,
      0.9999999
    ],
    "timestamp" : 1251221840597,
    "trackingState" : "Normal"
  },
  {
    "transform" : [
      0.011178774,
      -0.9917824,
      0.12744683,
      0,
      0.9968227,
      0.0010006703,
      -0.07964737,
      0,
      0.07886535,
      0.12793224,
      0.98864233,
      0,
      -0.11027551,
      -1.3103712,
      -6.066758,
      1
    ],
    "timestamp" : 1251221873918,
    "trackingState" : "Normal"
  },
  {
    "transform" : [
      0.013667071,
      -0.99058634,
      0.13620496,
      0,
      0.9982023,
      0.0055668773,
      -0.059674982,
      0,
      0.058355007,
      0.13677567,
      0.98888177,
      0,
      -0.12103301,
      -1.3118607,
      -6.0798955,
      0.99999994
    ],
    "timestamp" : 1251221907239,
    "trackingState" : "Normal"
  },
  {
    "transform" : [
      0.013670392,
      -0.9888763,
      0.14811051,
      0,
      0.99929816,
      0.00834497,
      -0.03651767,
      0,
      0.034875505,
      0.14850579,
      0.98829633,
      0,
      -0.13122326,
      -1.3140317,
      -6.092882,
      0.99999994
    ],
    "timestamp" : 1251221940560,
    "trackingState" : "Normal"
  },
  {
    "transform" : [
      0.014219586,
      -0.9866496,
      0.16223577,
      0,
      0.9998465,
      0.012368771,
      -0.012412522,
      0,
      0.010240174,
      0.16238737,
      0.98667395,
      0,
      -0.14132309,
      -1.3158319,
      -6.105731,
      1
    ],
    "timestamp" : 1251221973881,
    "trackingState" : "Normal"
  },
  {
    "transform" : [
      0.009850097,
      -0.9849943,
      0.17230536,
      0,
      0.9998476,
      0.012185531,
      0.012501568,
      0,
      -0.0144135775,
      0.17215596,
      0.9849643,
      0,
      -0.15039814,
      -1.3180466,
      -6.118881,
      1
    ],
    "timestamp" : 1251222007202,
    "trackingState" : "Normal"
  },
  {
    "transform" : [
      0.0017862713,
      -0.98215395,
      0.18807028,
      0,
      0.99930423,
      0.0087595815,
      0.03625365,
      0,
      -0.037254058,
      0.18787466,
      0.98148626,
      0,
      -0.1585809,
      -1.3201442,
      -6.1321917,
      1
    ],
    "timestamp" : 1251222040522,
    "trackingState" : "Normal"
  },
  {
    "transform" : [
      -0.003698795,
      -0.97718686,
      0.21234918,
      0,
      0.99834377,
      0.008583035,
      0.05688697,
      0,
      -0.057411782,
      0.21220787,
      0.97553664,
      0,
      -0.1661917,
      -1.3221314,
      -6.1457815,
      1
    ],
    "timestamp" : 1251222073843,
    "trackingState" : "Normal"
  },
  {
    "transform" : [
      -0.008560351,
      -0.9732626,
      0.2295356,
      0,
      0.9967505,
      0.0100812195,
      0.079918824,
      0,
      -0.08009598,
      0.22947383,
      0.9700137,
      0,
      -0.17290205,
      -1.3239299,
      -6.1590953,
      0.99999994
    ],
    "timestamp" : 1251222107164,
    "trackingState" : "Normal"
  },
  {
    "transform" : [
      -0.01568591,
      -0.97161734,
      0.23603733,
      0,
      0.99404293,
      0.010310428,
      0.1085009,
      0,
      -0.10785498,
      0.23633316,
      0.9656676,
      0,
      -0.17770994,
      -1.3249784,
      -6.171957,
      1
    ],
    "timestamp" : 1251222140485,
    "trackingState" : "Normal"
  },
  {
    "transform" : [
      -0.022433953,
      -0.9706411,
      0.23948394,
      0,
      0.99035364,
      0.011186224,
      0.13811098,
      0,
      -0.1367351,
      0.24027216,
      0.961027,
      0,
      -0.18120128,
      -1.3260256,
      -6.184847,
      0.99999994
    ],
    "timestamp" : 1251222173806,
    "trackingState" : "Normal"
  },
  {
    "transform" : [
      -0.027523572,
      -0.9689732,
      0.24562852,
      0,
      0.9865871,
      0.013219512,
      0.1627,
      0,
      -0.16089901,
      0.246812,
      0.95561266,
      0,
      -0.18446743,
      -1.3280125,
      -6.198251,
      1
    ],
    "timestamp" : 1251222207127,
    "trackingState" : "Normal"
  },
  {
    "transform" : [
      -0.032726675,
      -0.96647775,
      0.254656,
      0,
      0.981423,
      0.017117761,
      0.19109178,
      0,
      -0.18904507,
      0.256179,
      0.94796324,
      0,
      -0.18755507,
      -1.3301454,
      -6.2126446,
      1
    ],
    "timestamp" : 1251222240448,
    "trackingState" : "Normal"
  },
  {
    "transform" : [
      -0.038273226,
      -0.9638623,
      0.26363748,
      0,
      0.97378266,
      0.02322861,
      0.22629173,
      0,
      -0.22423798,
      0.26538652,
      0.93770325,
      0,
      -0.19002628,
      -1.3321166,
      -6.2277055,
      1
    ],
    "timestamp" : 1251222273769,
    "trackingState" : "Normal"
  },
  {
    "transform" : [
      -0.04394949,
      -0.9620495,
      0.2693125,
      0,
      0.9662482,
      0.027560087,
      0.25613472,
      0,
      -0.25383657,
      0.27147967,
      0.9283673,
      0,
      -0.19087434,
      -1.3339045,
      -6.2428894,
      1
    ],
    "timestamp" : 1251222307090,
    "trackingState" : "Normal"
  },
  {
    "transform" : [
      -0.047937382,
      -0.9614574,
      0.27074307,
      0,
      0.96116877,
      0.029346164,
      0.27439678,
      0,
      -0.27176604,
      0.2733836,
      0.922716,
      0,
      -0.19088006,
      -1.3357106,
      -6.2581854,
      1.0000001
    ],
    "timestamp" : 1251222340410,
    "trackingState" : "Normal"
  },
  {
    "transform" : [
      -0.049413394,
      -0.96142864,
      0.27057952,
      0,
      0.95662296,
      0.032317698,
      0.28953102,
      0,
      -0.28710788,
      0.27314925,
      0.9181278,
      0,
      -0.19029927,
      -1.3374472,
      -6.2738895,
      1
    ],
    "timestamp" : 1251222373731,
    "trackingState" : "Normal"
  },
  {
    "transform" : [
      -0.048694417,
      -0.9619674,
      0.26878905,
      0,
      0.9514444,
      0.0372173,
      0.3055626,
      0,
      -0.30394486,
      0.270617,
      0.9134463,
      0,
      -0.18983412,
      -1.3390611,
      -6.289496,
      1.0000001
    ],
    "timestamp" : 1251222407052,
    "trackingState" : "Normal"
  },
  {
    "transform" : [
      -0.048821773,
      -0.96259254,
      0.2665179,
      0,
      0.94769007,
      0.039626624,
      0.31672245,
      0,
      -0.31543592,
      0.26803938,
      0.9103049,
      0,
      -0.1879223,
      -1.340538,
      -6.306877,
      0.9999998
    ],
    "timestamp" : 1251222440374,
    "trackingState" : "Normal"
  },
  {
    "transform" : [
      -0.050836816,
      -0.9623027,
      0.26718757,
      0,
      0.9444285,
      0.040675696,
      0.32619065,
      0,
      -0.3247622,
      0.26892206,
      0.90675825,
      0,
      -0.18508506,
      -1.3414867,
      -6.3252287,
      1
    ],
    "timestamp" : 1251222473694,
    "trackingState" : "Normal"
  },
  {
    "transform" : [
      -0.051113266,
      -0.96250486,
      0.26640514,
      0,
      0.94095623,
      0.042972036,
      0.3357899,
      0,
      -0.33464736,
      0.2678389,
      0.90347856,
      0,
      -0.18157685,
      -1.3410168,
      -6.343405,
      1
    ],
    "timestamp" : 1251222507015,
    "trackingState" : "Normal"
  },
  {
    "transform" : [
      -0.046741705,
      -0.964636,
      0.25940797,
      0,
      0.9389206,
      0.046210025,
      0.34101734,
      0,
      -0.34094483,
      0.25950325,
      0.9035567,
      0,
      -0.17766023,
      -1.3392031,
      -6.361509,
      1
    ],
    "timestamp" : 1251222540336,
    "trackingState" : "Normal"
  },
  {
    "transform" : [
      -0.04083629,
      -0.9677422,
      0.24861103,
      0,
      0.9377671,
      0.048756544,
      0.34382504,
      0,
      -0.3448554,
      0.24717979,
      0.90552574,
      0,
      -0.17305237,
      -1.3361105,
      -6.379675,
      0.99999994
    ],
    "timestamp" : 1251222573657,
    "trackingState" : "Normal"
  },
  {
    "transform" : [
      -0.03864325,
      -0.9702288,
      0.23908754,
      0,
      0.93670326,
      0.048151262,
      0.34679767,
      0,
      -0.34798542,
      0.23735544,
      0.90695566,
      0,
      -0.1685828,
      -1.3329916,
      -6.4000597,
      1
    ],
    "timestamp" : 1251222606978,
    "trackingState" : "Normal"
  },
  {
    "transform" : [
      -0.040378697,
      -0.9711173,
      0.2351607,
      0,
      0.93450564,
      0.046596445,
      0.35288528,
      0,
      -0.3536507,
      0.23400806,
      0.90563315,
      0,
      -0.16276819,
      -1.3286847,
      -6.4195557,
      0.99999994
    ],
    "timestamp" : 1251222640299,
    "trackingState" : "Normal"
  },
  {
    "transform" : [
      -0.037966143,
      -0.97200227,
      0.23188388,
      0,
      0.93231046,
      0.04906503,
      0.35831538,
      0,
      -0.35966074,
      0.22979163,
      0.90434504,
      0,
      -0.15742666,
      -1.3242794,
      -6.438969,
      0.99999994
    ],
    "timestamp" : 1251222673620,
    "trackingState" : "Normal"
  },
  {
    "transform" : [
      -0.031178005,
      -0.9741905,
      0.22356397,
      0,
      0.93127924,
      0.05291231,
      0.36044317,
      0,
      -0.36296955,
      0.21943839,
      0.9055937,
      0,
      -0.15477026,
      -1.3215587,
      -6.4619713,
      1
    ],
    "timestamp" : 1251222706940,
    "trackingState" : "Normal"
  },
  {
    "transform" : [
      -0.023470148,
      -0.976401,
      0.21468656,
      0,
      0.9314847,
      0.056621127,
      0.35934722,
      0,
      -0.36302274,
      0.20841117,
      0.9081736,
      0,
      -0.15105641,
      -1.3183031,
      -6.4812074,
      1
    ],
    "timestamp" : 1251222740262,
    "trackingState" : "Normal"
  },
  {
    "transform" : [
      -0.015528989,
      -0.9778287,
      0.20882991,
      0,
      0.9310979,
      0.061982244,
      0.3594649,
      0,
      -0.36443886,
      0.2000232,
      0.90949166,
      0,
      -0.14782786,
      -1.3152549,
      -6.500161,
      1
    ],
    "timestamp" : 1251222773582,
    "trackingState" : "Normal"
  },
  {
    "transform" : [
      -0.011200324,
      -0.9790897,
      0.20312043,
      0,
      0.929671,
      0.06460634,
      0.36268154,
      0,
      -0.3682206,
      0.19289732,
      0.90950775,
      0,
      -0.1459539,
      -1.3132236,
      -6.522845,
      1
    ],
    "timestamp" : 1251222806903,
    "trackingState" : "Normal"
  },
  {
    "transform" : [
      -0.011926029,
      -0.98004115,
      0.19843695,
      0,
      0.9288358,
      0.06263379,
      0.36515895,
      0,
      -0.37029964,
      0.18867023,
      0.9095503,
      0,
      -0.1424985,
      -1.3106177,
      -6.5423756,
      1
    ],
    "timestamp" : 1251222840224,
    "trackingState" : "Normal"
  },
  {
    "transform" : [
      -0.014888373,
      -0.9807539,
      0.19467916,
      0,
      0.9289761,
      0.058448303,
      0.3654955,
      0,
      -0.36983982,
      0.18629394,
      0.9102269,
      0,
      -0.13885581,
      -1.3079743,
      -6.5617676,
      1
    ],
    "timestamp" : 1251222873545,
    "trackingState" : "Normal"
  },
  {
    "transform" : [
      -0.01876842,
      -0.98179036,
      0.18903798,
      0,
      0.9291286,
      0.05270582,
      0.3659812,
      0,
      -0.36928025,
      0.18250947,
      0.9112203,
      0,
      -0.13669848,
      -1.305543,
      -6.5831213,
      1
    ],
    "timestamp" : 1251222906866,
    "trackingState" : "Normal"
  },
  {
    "transform" : [
      -0.019066047,
      -0.98249185,
      0.18532695,
      0,
      0.9300141,
      0.050617475,
      0.3640213,
      0,
      -0.3670288,
      0.17929713,
      0.9127663,
      0,
      -0.13463354,
      -1.3035015,
      -6.6031227,
      0.9999999
    ],
    "timestamp" : 1251222940187,
    "trackingState" : "Normal"
  },
  {
    "transform" : [
      -0.014597791,
      -0.98294634,
      0.18331215,
      0,
      0.9307945,
      0.053610608,
      0.3615904,
      0,
      -0.36525142,
      0.17590436,
      0.9141385,
      0,
      -0.13415706,
      -1.3016016,
      -6.623206,
      1
    ],
    "timestamp" : 1251222973508,
    "trackingState" : "Normal"
  },
  {
    "transform" : [
      -0.008245142,
      -0.9839983,
      0.17798707,
      0,
      0.932458,
      0.056724783,
      0.35679758,
      0,
      -0.36118442,
      0.1689073,
      0.9170693,
      0,
      -0.1366263,
      -1.300223,
      -6.642626,
      0.99999994
    ],
    "timestamp" : 1251223006829,
    "trackingState" : "Normal"
  },
  {
    "transform" : [
      -0.0015770796,
      -0.9859511,
      0.16702674,
      0,
      0.9348321,
      0.0578555,
      0.3503451,
      0,
      -0.3550866,
      0.15669449,
      0.9216075,
      0,
      -0.1393497,
      -1.2979364,
      -6.662611,
      1
    ],
    "timestamp" : 1251223040149,
    "trackingState" : "Normal"
  },
  {
    "transform" : [
      0.005881514,
      -0.98791003,
      0.15491652,
      0,
      0.93816143,
      0.059077196,
      0.34112024,
      0,
      -0.34614813,
      0.14333041,
      0.9271666,
      0,
      -0.14341831,
      -1.2954519,
      -6.682861,
      1
    ],
    "timestamp" : 1251223073470,
    "trackingState" : "Normal"
  },
  {
    "transform" : [
      0.010217629,
      -0.9895088,
      0.14411093,
      0,
      0.94321185,
      0.057392113,
      0.32719666,
      0,
      -0.33203483,
      0.13258396,
      0.9339028,
      0,
      -0.14914918,
      -1.2931342,
      -6.7043295,
      1
    ],
    "timestamp" : 1251223106791,
    "trackingState" : "Normal"
  },
  {
    "transform" : [
      0.011645229,
      -0.9911659,
      0.1321155,
      0,
      0.9497161,
      0.052307438,
      0.30871242,
      0,
      -0.31289586,
      0.12187718,
      0.9419354,
      0,
      -0.15559345,
      -1.2901558,
      -6.725465,
      0.99999994
    ],
    "timestamp" : 1251223140112,
    "trackingState" : "Normal"
  },
  {
    "transform" : [
      0.014141568,
      -0.99282736,
      0.118717074,
      0,
      0.9548532,
      0.048644263,
      0.29306856,
      0,
      -0.29674137,
      0.10921293,
      0.9486924,
      0,
      -0.16328853,
      -1.286621,
      -6.74684,
      0.99999994
    ],
    "timestamp" : 1251223173433,
    "trackingState" : "Normal"
  },
  {
    "transform" : [
      0.015233537,
      -0.9943088,
      0.10544148,
      0,
      0.9563903,
      0.04525348,
      0.28856513,
      0,
      -0.29169443,
      0.096447326,
      0.9516367,
      0,
      -0.17058384,
      -1.2829576,
      -6.7701817,
      1
    ],
    "timestamp" : 1251223206754,
    "trackingState" : "Normal"
  },
  {
    "transform" : [
      0.013455621,
      -0.9954953,
      0.093851075,
      0,
      0.95824385,
      0.039650094,
      0.28319037,
      0,
      -0.2856359,
      0.08612171,
      0.9544607,
      0,
      -0.17917669,
      -1.2788551,
      -6.791789,
      1
    ],
    "timestamp" : 1251223240075,
    "trackingState" : "Normal"
  },
  {
    "transform" : [
      0.00907188,
      -0.9963714,
      0.08462687,
      0,
      0.961817,
      0.03184556,
      0.27183473,
      0,
      -0.27354336,
      0.078929506,
      0.95861584,
      0,
      -0.18789852,
      -1.2745483,
      -6.8130646,
      1
    ],
    "timestamp" : 1251223273396,
    "trackingState" : "Normal"
  },
  {
    "transform" : [
      0.005161099,
      -0.9972637,
      0.07374437,
      0,
      0.9652705,
      0.02423099,
      0.2601261,
      0,
      -0.26120126,
      0.06984074,
      0.9627544,
      0,
      -0.1960653,
      -1.2704768,
      -6.839856,
      1
    ],
    "timestamp" : 1251223306717,
    "trackingState" : "Normal"
  },
  {
    "transform" : [
      0.004936889,
      -0.99818724,
      0.05998216,
      0,
      0.9682533,
      0.019762857,
      0.24918866,
      0,
      -0.24992235,
      0.05684771,
      0.96659577,
      0,
      -0.20476747,
      -1.2662024,
      -6.861245,
      1
    ],
    "timestamp" : 1251223340038,
    "trackingState" : "Normal"
  },
  {
    "transform" : [
      0.004925573,
      -0.99863905,
      0.051920194,
      0,
      0.9700006,
      0.017391078,
      0.2424799,
      0,
      -0.24305284,
      0.04916827,
      0.96876615,
      0,
      -0.21316719,
      -1.2617807,
      -6.8824406,
      1
    ],
    "timestamp" : 1251223373359,
    "trackingState" : "Normal"
  },
  {
    "transform" : [
      0.0036479149,
      -0.99876004,
      0.04964861,
      0,
      0.9696455,
      0.015671503,
      0.24401268,
      0,
      -0.2444882,
      0.04725141,
      0.96850044,
      0,
      -0.21960092,
      -1.256846,
      -6.909751,
      1
    ],
    "timestamp" : 1251223406680,
    "trackingState" : "Normal"
  },
  {
    "transform" : [
      0.0026057756,
      -0.9989968,
      0.044704247,
      0,
      0.9703656,
      0.013327861,
      0.24127327,
      0,
      -0.24162701,
      0.04275076,
      0.96942693,
      0,
      -0.22622848,
      -1.2529074,
      -6.9308333,
      0.9999999
    ],
    "timestamp" : 1251223440000,
    "trackingState" : "Normal"
  },
  {
    "transform" : [
      0.0015338369,
      -0.99927443,
      0.038056575,
      0,
      0.97266126,
      0.010328489,
      0.23199919,
      0,
      -0.23222387,
      0.036660306,
      0.97197133,
      0,
      -0.2323575,
      -1.2496114,
      -6.9524603,
      1
    ],
    "timestamp" : 1251223473321,
    "trackingState" : "Normal"
  },
  {
    "transform" : [
      -0.0010913272,
      -0.999445,
      0.033293795,
      0,
      0.9748783,
      0.0063524083,
      0.22264795,
      0,
      -0.22273587,
      0.03270038,
      0.9743303,
      0,
      -0.23795724,
      -1.2469854,
      -6.9757524,
      1
    ],
    "timestamp" : 1251223506642,
    "trackingState" : "Normal"
  },
  {
    "transform" : [
      -0.00466138,
      -0.999344,
      0.035913106,
      0,
      0.9760497,
      0.0032643366,
      0.21752326,
      0,
      -0.21749778,
      0.036066927,
      0.97539425,
      0,
      -0.24319553,
      -1.2455859,
      -6.996321,
      1
    ],
    "timestamp" : 1251223539963,
    "trackingState" : "Normal"
  },
  {
    "transform" : [
      -0.0073417304,
      -0.9988715,
      0.04692346,
      0,
      0.97705036,
      0.002824155,
      0.21298963,
      0,
      -0.21288177,
      0.04741029,
      0.97592705,
      0,
      -0.248465,
      -1.2451814,
      -7.0167856,
      0.99999994
    ],
    "timestamp" : 1251223573284,
    "trackingState" : "Normal"
  },
  {
    "transform" : [
      -0.009087025,
      -0.9982933,
      0.057687763,
      0,
      0.97889954,
      0.0028965299,
      0.20432186,
      0,
      -0.20414025,
      0.058327198,
      0.97720253,
      0,
      -0.25381863,
      -1.2451725,
      -7.0399094,
      1
    ],
    "timestamp" : 1251223606605,
    "trackingState" : "Normal"
  },
  {
    "transform" : [
      -0.013219118,
      -0.99748987,
      0.06956383,
      0,
      0.9800707,
      0.00086517975,
      0.19864747,
      0,
      -0.198209,
      0.07080342,
      0.9775992,
      0,
      -0.25905132,
      -1.2471278,
      -7.0602508,
      1
    ],
    "timestamp" : 1251223639926,
    "trackingState" : "Normal"
  },
  {
    "transform" : [
      -0.017949633,
      -0.9961143,
      0.08622063,
      0,
      0.98155624,
      -0.0011401395,
      0.19117078,
      0,
      -0.19032964,
      0.08806183,
      0.97776264,
      0,
      -0.26433516,
      -1.2503185,
      -7.08035,
      1
    ],
    "timestamp" : 1251223673247,
    "trackingState" : "Normal"
  },
  {
    "transform" : [
      -0.02198901,
      -0.99426585,
      0.10465075,
      0,
      0.9842988,
      -0.0031931654,
      0.17648135,
      0,
      -0.17513521,
      0.10688826,
      0.978725,
      0,
      -0.2702905,
      -1.2540295,
      -7.1021514,
      1
    ],
    "timestamp" : 1251223706568,
    "trackingState" : "Normal"
  },
  {
    "transform" : [
      -0.022373654,
      -0.99295664,
      0.11634681,
      0,
      0.9866784,
      -0.0031738312,
      0.16265273,
      0,
      -0.1611378,
      0.118435994,
      0.9797999,
      0,
      -0.27693093,
      -1.2591207,
      -7.121227,
      1
    ],
    "timestamp" : 1251223739889,
    "trackingState" : "Normal"
  },
  {
    "transform" : [
      -0.01720651,
      -0.99238354,
      0.12197901,
      0,
      0.98669344,
      0.002874062,
      0.16256668,
      0,
      -0.16167904,
      0.12315309,
      0.9791289,
      0,
      -0.2846099,
      -1.2647623,
      -7.138793,
      1.0000001
    ],
    "timestamp" : 1251223773210,
    "trackingState" : "Normal"
  },
  {
    "transform" : [
      -0.0070546884,
      -0.9914372,
      0.13039385,
      0,
      0.9856772,
      0.015077436,
      0.16796789,
      0,
      -0.1684956,
      0.12971121,
      0.9771307,
      0,
      -0.29368395,
      -1.2699188,
      -7.1561947,
      0.99999994
    ],
    "timestamp" : 1251223806530,
    "trackingState" : "Normal"
  },
  {
    "transform" : [
      0.001124248,
      -0.990433,
      0.13798991,
      0,
      0.98760605,
      0.022757178,
      0.15529506,
      0,
      -0.1569496,
      0.13610508,
      0.97818315,
      0,
      -0.30215305,
      -1.2754682,
      -7.1717277,
      0.99999994
    ],
    "timestamp" : 1251223839851,
    "trackingState" : "Normal"
  },
  {
    "transform" : [
      0.0018978451,
      -0.98903584,
      0.1476629,
      0,
      0.98992616,
      0.02276309,
      0.13974257,
      0,
      -0.14157166,
      0.14591014,
      0.9791158,
      0,
      -0.31091595,
      -1.2806137,
      -7.1865625,
      1
    ],
    "timestamp" : 1251223873172,
    "trackingState" : "Normal"
  },
  {
    "transform" : [
      -0.0008108037,
      -0.98686755,
      0.16152924,
      0,
      0.9915126,
      0.020206803,
      0.12843099,
      0,
      -0.13000835,
      0.16026242,
      0.9784753,
      0,
      -0.32036328,
      -1.2852826,
      -7.203009,
      1
    ],
    "timestamp" : 1251223906493,
    "trackingState" : "Normal"
  },
  {
    "transform" : [
      -0.0036932782,
      -0.9839139,
      0.17860508,
      0,
      0.99228805,
      0.018523421,
      0.12256232,
      0,
      -0.12389913,
      0.17768033,
      0.9762575,
      0,
      -0.33108568,
      -1.2899859,
      -7.2186875,
      1
    ],
    "timestamp" : 1251223939814,
    "trackingState" : "Normal"
  },
  {
    "transform" : [
      -0.005091296,
      -0.98041284,
      0.1968873,
      0,
      0.9929188,
      0.018412074,
      0.11735994,
      0,
      -0.118686296,
      0.1960906,
      0.97337663,
      0,
      -0.34311938,
      -1.2950718,
      -7.2321553,
      1
    ],
    "timestamp" : 1251223973135,
    "trackingState" : "Normal"
  },
  {
    "transform" : [
      -0.001656203,
      -0.97686666,
      0.21384299,
      0,
      0.99363405,
      0.022480758,
      0.11039114,
      0,
      -0.11264474,
      0.21266448,
      0.9706107,
      0,
      -0.35676765,
      -1.2992169,
      -7.2487383,
      1.0000001
    ],
    "timestamp" : 1251224006456,
    "trackingState" : "Normal"
  },
  {
    "transform" : [
      0.003083968,
      -0.9737687,
      0.22751918,
      0,
      0.9940539,
      0.027750073,
      0.10529456,
      0,
      -0.10884619,
      0.22584158,
      0.9680641,
      0,
      -0.37097955,
      -1.3039037,
      -7.2607923,
      1.0000001
    ],
    "timestamp" : 1251224039777,
    "trackingState" : "Normal"
  },
  {
    "transform" : [
      0.0030266813,
      -0.9706822,
      0.24034742,
      0,
      0.9943201,
      0.028491724,
      0.1025471,
      0,
      -0.10638854,
      0.23867187,
      0.965255,
      0,
      -0.38555372,
      -1.3084466,
      -7.2716894,
      1
    ],
    "timestamp" : 1251224073098,
    "trackingState" : "Normal"
  },
  {
    "transform" : [
      -0.0011863809,
      -0.9676432,
      0.25231984,
      0,
      0.9945884,
      0.025071366,
      0.10082483,
      0,
      -0.10388845,
      0.25107396,
      0.96237683,
      0,
      -0.40100324,
      -1.3125174,
      -7.2848744,
      1
    ],
    "timestamp" : 1251224106419,
    "trackingState" : "Normal"
  },
  {
    "transform" : [
      -0.0068662334,
      -0.96540105,
      0.2606793,
      0,
      0.99517053,
      0.01893024,
      0.09631893,
      0,
      -0.09792111,
      0.26008168,
      0.96060866,
      0,
      -0.41742885,
      -1.3168056,
      -7.2943606,
      1
    ],
    "timestamp" : 1251224139740,
    "trackingState" : "Normal"
  },
  {
    "transform" : [
      -0.014765614,
      -0.9641633,
      0.2648982,
      0,
      0.99563134,
      0.010251037,
      0.09280843,
      0,
      -0.092197955,
      0.26511127,
      0.95979977,
      0,
      -0.4351163,
      -1.3212913,
      -7.302851,
      1.0000001
    ],
    "timestamp" : 1251224173061,
    "trackingState" : "Normal"
  },
  {
    "transform" : [
      -0.025475236,
      -0.96218723,
      0.27119496,
      0,
      0.99521303,
      0.001193632,
      0.097722255,
      0,
      -0.0943508,
      0.27238625,
      0.95755094,
      0,
      -0.4542371,
      -1.3255525,
      -7.31092,
      1
    ],
    "timestamp" : 1251224206381,
    "trackingState" : "Normal"
  },
  {
    "transform" : [
      -0.036359366,
      -0.9589292,
      0.28130555,
      0,
      0.99419403,
      -0.006183198,
      0.10742421,
      0,
      -0.101272814,
      0.2835782,
      0.9535865,
      0,
      -0.4748751,
      -1.3304309,
      -7.318758,
      1.0000001
    ],
    "timestamp" : 1251224239702,
    "trackingState" : "Normal"
  },
  {
    "transform" : [
      -0.047372833,
      -0.95629174,
      0.28855142,
      0,
      0.9934988,
      -0.015171509,
      0.1128273,
      0,
      -0.10351805,
      0.29202044,
      0.95079345,
      0,
      -0.4969477,
      -1.3358291,
      -7.326188,
      0.99999994
    ],
    "timestamp" : 1251224273023,
    "trackingState" : "Normal"
  },
  {
    "transform" : [
      -0.060678326,
      -0.95328057,
      0.2959296,
      0,
      0.99223423,
      -0.025355551,
      0.12177276,
      0,
      -0.108580105,
      0.3010204,
      0.9474161,
      0,
      -0.52033985,
      -1.3405777,
      -7.331638,
      1.0000001
    ],
    "timestamp" : 1251224306344,
    "trackingState" : "Normal"
  },
  {
    "transform" : [
      -0.075541705,
      -0.9495311,
      0.30444074,
      0,
      0.98955333,
      -0.03379002,
      0.1401517,
      0,
      -0.1227913,
      0.31184766,
      0.9421642,
      0,
      -0.544711,
      -1.34548,
      -7.338468,
      1
    ],
    "timestamp" : 1251224339665,
    "trackingState" : "Normal"
  },
  {
    "transform" : [
      -0.08932266,
      -0.94460523,
      0.31582007,
      0,
      0.98672867,
      -0.04075399,
      0.15718058,
      0,
      -0.13560267,
      0.32566854,
      0.9357094,
      0,
      -0.5697161,
      -1.3501129,
      -7.3455906,
      1
    ],
    "timestamp" : 1251224372986,
    "trackingState" : "Normal"
  },
  {
    "transform" : [
      -0.10325079,
      -0.93827105,
      0.33013102,
      0,
      0.98405474,
      -0.048032075,
      0.17125721,
      0,
      -0.14482883,
      0.34254947,
      0.92826957,
      0,
      -0.59445333,
      -1.3545715,
      -7.3530126,
      0.9999999
    ],
    "timestamp" : 1251224406307,
    "trackingState" : "Normal"
  },
  {
    "transform" : [
      -0.12339356,
      -0.9282442,
      0.3509087,
      0,
      0.9793354,
      -0.05680826,
      0.19410102,
      0,
      -0.16023862,
      0.36760807,
      0.9160721,
      0,
      -0.61799335,
      -1.3581407,
      -7.360882,
      1
    ],
    "timestamp" : 1251224439628,
    "trackingState" : "Normal"
  },
  {
    "transform" : [
      -0.14665937,
      -0.9191109,
      0.3656859,
      0,
      0.9738599,
      -0.069332294,
      0.21631023,
      0,
      -0.17345923,
      0.38785073,
      0.9052535,
      0,
      -0.6400567,
      -1.3606281,
      -7.367895,
      1
    ],
    "timestamp" : 1251224472949,
    "trackingState" : "Normal"
  },
  {
    "transform" : [
      -0.16474773,
      -0.9165312,
      0.3644568,
      0,
      0.9693798,
      -0.08223671,
      0.23138714,
      0,
      -0.18210177,
      0.39141756,
      0.9020152,
      0,
      -0.66042304,
      -1.3624358,
      -7.3725543,
      1
    ],
    "timestamp" : 1251224506269,
    "trackingState" : "Normal"
  },
  {
    "transform" : [
      -0.17493747,
      -0.9161633,
      0.36061293,
      0,
      0.96527094,
      -0.08740919,
      0.24619462,
      0,
      -0.19403356,
      0.3911578,
      0.89963704,
      0,
      -0.6805674,
      -1.363703,
      -7.3774586,
      1
    ],
    "timestamp" : 1251224539590,
    "trackingState" : "Normal"
  },
  {
    "transform" : [
      -0.18443191,
      -0.91550624,
      0.3575377,
      0,
      0.9602968,
      -0.090379186,
      0.2639349,
      0,
      -0.20932004,
      0.3920203,
      0.8958266,
      0,
      -0.6993794,
      -1.3647588,
      -7.3826823,
      0.99999994
    ],
    "timestamp" : 1251224572912,
    "trackingState" : "Normal"
  },
  {
    "transform" : [
      -0.19230825,
      -0.9145583,
      0.3558098,
      0,
      0.9555239,
      -0.09189847,
      0.28023008,
      0,
      -0.22358835,
      0.39387527,
      0.89155525,
      0,
      -0.7164328,
      -1.3656006,
      -7.3880415,
      1
    ],
    "timestamp" : 1251224606232,
    "trackingState" : "Normal"
  },
  {
    "transform" : [
      -0.19530833,
      -0.9145734,
      0.35413283,
      0,
      0.952151,
      -0.09027021,
      0.29199293,
      0,
      -0.23508132,
      0.39421654,
      0.88844264,
      0,
      -0.73314095,
      -1.3662647,
      -7.394489,
      1.0000001
    ],
    "timestamp" : 1251224639553,
    "trackingState" : "Normal"
  },
  {
    "transform" : [
      -0.19836836,
      -0.91421854,
      0.35334745,
      0,
      0.94863594,
      -0.088432714,
      0.30375916,
      0,
      -0.24645476,
      0.39545423,
      0.8848028,
      0,
      -0.7486831,
      -1.3668121,
      -7.4018574,
      0.9999999
    ],
    "timestamp" : 1251224672874,
    "trackingState" : "Normal"
  },
  {
    "transform" : [
      -0.2048897,
      -0.9136565,
      0.3510727,
      0,
      0.94428706,
      -0.0901272,
      0.31654242,
      0,
      -0.2575698,
      0.39636967,
      0.8812202,
      0,
      -0.7625852,
      -1.3671137,
      -7.4105062,
      0.99999994
    ],
    "timestamp" : 1251224706195,
    "trackingState" : "Normal"
  },
  {
    "transform" : [
      -0.21321131,
      -0.9130245,
      0.3477458,
      0,
      0.9397472,
      -0.094293416,
      0.32860935,
      0,
      -0.2672382,
      0.39685634,
      0.87811667,
      0,
      -0.77519596,
      -1.3677425,
      -7.419699,
      1
    ],
    "timestamp" : 1251224739516,
    "trackingState" : "Normal"
  },
  {
    "transform" : [
      -0.22111316,
      -0.91171324,
      0.3462484,
      0,
      0.9340737,
      -0.09590795,
      0.34395954,
      0,
      -0.28038445,
      0.39947543,
      0.8728138,
      0,
      -0.7867526,
      -1.3686745,
      -7.429769,
      1
    ],
    "timestamp" : 1251224772837,
    "trackingState" : "Normal"
  },
  {
    "transform" : [
      -0.22991823,
      -0.9107658,
      0.3429917,
      0,
      0.926229,
      -0.096599594,
      0.3643742,
      0,
      -0.29872662,
      0.4014651,
      0.8657876,
      0,
      -0.79666424,
      -1.3693416,
      -7.4410996,
      1
    ],
    "timestamp" : 1251224806158,
    "trackingState" : "Normal"
  },
  {
    "transform" : [
      -0.23963259,
      -0.91061944,
      0.33667275,
      0,
      0.9185528,
      -0.100359716,
      0.38234663,
      0,
      -0.31438386,
      0.40087435,
      0.8605014,
      0,
      -0.8056623,
      -1.3706969,
      -7.452873,
      1.0000001
    ],
    "timestamp" : 1251224839479,
    "trackingState" : "Normal"
  },
  {
    "transform" : [
      -0.24556449,
      -0.9108775,
      0.33166283,
      0,
      0.9122857,
      -0.10146909,
      0.3967857,
      0,
      -0.32776967,
      0.4000077,
      0.8558978,
      0,
      -0.8138666,
      -1.3723905,
      -7.465592,
      1
    ],
    "timestamp" : 1251224872800,
    "trackingState" : "Normal"
  },
  {
    "transform" : [
      -0.24751289,
      -0.91274285,
      0.3250198,
      0,
      0.90632635,
      -0.09952967,
      0.4106902,
      0,
      -0.34250543,
      0.39622512,
      0.8518777,
      0,
      -0.82065684,
      -1.3732094,
      -7.4774203,
      0.99999994
    ],
    "timestamp" : 1251224906121,
    "trackingState" : "Normal"
  },
  {
    "transform" : [
      -0.24742673,
      -0.91614306,
      0.31537598,
      0,
      0.90101177,
      -0.09785861,
      0.4226128,
      0,
      -0.35631147,
      0.38872313,
      0.8496684,
      0,
      -0.82717574,
      -1.3737309,
      -7.491702,
      1
    ],
    "timestamp" : 1251224939441,
    "trackingState" : "Normal"
  },
  {
    "transform" : [
      -0.24793881,
      -0.9194235,
      0.30526513,
      0,
      0.89458174,
      -0.09634889,
      0.43639475,
      0,
      -0.37181965,
      0.3812838,
      0.84638816,
      0,
      -0.83291423,
      -1.3729651,
      -7.5072303,
      1
    ],
    "timestamp" : 1251224972762,
    "trackingState" : "Normal"
  },
  {
    "transform" : [
      -0.2488194,
      -0.9216126,
      0.2978575,
      0,
      0.88518906,
      -0.09156786,
      0.45613128,
      0,
      -0.3931022,
      0.37715444,
      0.8385854,
      0,
      -0.8370973,
      -1.3711553,
      -7.5218916,
      1
    ],
    "timestamp" : 1251225006083,
    "trackingState" : "Normal"
  },
  {
    "transform" : [
      -0.24872805,
      -0.92412233,
      0.29005566,
      0,
      0.8749481,
      -0.08592283,
      0.47653243,
      0,
      -0.41545185,
      0.3723106,
      0.8299304,
      0,
      -0.84142387,
      -1.3682089,
      -7.537849,
      1
    ],
    "timestamp" : 1251225039404,
    "trackingState" : "Normal"
  },
  {
    "transform" : [
      -0.24911477,
      -0.9287901,
      0.27439153,
      0,
      0.86768967,
      -0.08819706,
      0.4892197,
      0,
      -0.4301819,
      0.35995853,
      0.8278728,
      0,
      -0.84525925,
      -1.3647143,
      -7.5530143,
      0.99999994
    ],
    "timestamp" : 1251225072725,
    "trackingState" : "Normal"
  },
  {
    "transform" : [
      -0.24932684,
      -0.93213505,
      0.26260293,
      0,
      0.86314034,
      -0.09093859,
      0.49670807,
      0,
      -0.43911827,
      0.3505058,
      0.8272369,
      0,
      -0.8484086,
      -1.3607178,
      -7.5668583,
      1
    ],
    "timestamp" : 1251225106046,
    "trackingState" : "Normal"
  },
  {
    "transform" : [
      -0.24816567,
      -0.9319408,
      0.26438645,
      0,
      0.856999,
      -0.08397056,
      0.50843054,
      0,
      -0.45162648,
      0.35275394,
      0.819511,
      0,
      -0.8517401,
      -1.3567269,
      -7.581601,
      1
    ],
    "timestamp" : 1251225139367,
    "trackingState" : "Normal"
  },
  {
    "transform" : [
      -0.24313532,
      -0.9335795,
      0.26327655,
      0,
      0.8558513,
      -0.07873145,
      0.5111947,
      0,
      -0.45651284,
      0.34961504,
      0.81814754,
      0,
      -0.8545612,
      -1.3520863,
      -7.595717,
      1
    ],
    "timestamp" : 1251225172688,
    "trackingState" : "Normal"
  },
  {
    "transform" : [
      -0.23823234,
      -0.9378041,
      0.25252482,
      0,
      0.8515462,
      -0.076663494,
      0.5186442,
      0,
      -0.46702728,
      0.33859435,
      0.8168473,
      0,
      -0.8573313,
      -1.3465552,
      -7.6088123,
      1
    ],
    "timestamp" : 1251225206009,
    "trackingState" : "Normal"
  },
  {
    "transform" : [
      -0.2346459,
      -0.9409124,
      0.2441822,
      0,
      0.8431295,
      -0.0719716,
      0.53287226,
      0,
      -0.48381191,
      0.3309135,
      0.81019896,
      0,
      -0.8585458,
      -1.3415854,
      -7.6225705,
      1
    ],
    "timestamp" : 1251225239330,
    "trackingState" : "Normal"
  },
  {
    "transform" : [
      -0.2311571,
      -0.94300264,
      0.23939988,
      0,
      0.83585995,
      -0.066561595,
      0.54489243,
      0,
      -0.4979002,
      0.3260605,
      0.8036043,
      0,
      -0.85918665,
      -1.3371464,
      -7.6367683,
      0.9999999
    ],
    "timestamp" : 1251225272651,
    "trackingState" : "Normal"
  },
  {
    "transform" : [
      -0.22469537,
      -0.9457096,
      0.23483072,
      0,
      0.83055085,
      -0.059839435,
      0.5537189,
      0,
      -0.5096051,
      0.3194569,
      0.79890555,
      0,
      -0.8608782,
      -1.3327146,
      -7.651479,
      1
    ],
    "timestamp" : 1251225305972,
    "trackingState" : "Normal"
  },
  {
    "transform" : [
      -0.2202201,
      -0.9480078,
      0.22974834,
      0,
      0.82287294,
      -0.054067742,
      0.56564736,
      0,
      -0.52381605,
      0.3136206,
      0.7919968,
      0,
      -0.8610785,
      -1.3293561,
      -7.6669106,
      1.0000001
    ],
    "timestamp" : 1251225339293,
    "trackingState" : "Normal"
  },
  {
    "transform" : [
      -0.21713038,
      -0.9501548,
      0.22374144,
      0,
      0.8120669,
      -0.04863533,
      0.58153427,
      0,
      -0.5416658,
      0.30796176,
      0.78214943,
      0,
      -0.86063594,
      -1.3265313,
      -7.6831045,
      0.99999994
    ],
    "timestamp" : 1251225372613,
    "trackingState" : "Normal"
  },
  {
    "transform" : [
      -0.21439648,
      -0.95154864,
      0.22042993,
      0,
      0.8023261,
      -0.042860597,
      0.59534526,
      0,
      -0.5570522,
      0.3044966,
      0.7726413,
      0,
      -0.8599988,
      -1.3233116,
      -7.700602,
      1
    ],
    "timestamp" : 1251225405934,
    "trackingState" : "Normal"
  },
  {
    "transform" : [
      -0.21039414,
      -0.9533271,
      0.21656813,
      0,
      0.79504156,
