[
  {
    "transform" : [
      0.031982105,
      -0.9994693,
      -0.006182465,
      0,
      0.3572293,
      0.0056535243,
      0.9339996,
      0,
      -0.93346906,
      -0.03207983,
      0.35722053,
      0,
      -2.005981,
      -1.1829331,
      -9.575813,
      1
    ],
    "trackingState" : "Normal",
    "timestamp" : 1251321803344
  },
  {
    "transform" : [
      0.030716306,
      -0.9995138,
      -0.005349847,
      0,
      0.35701066,
      0.0059717586,
      0.93408126,
      0,
      -0.9335952,
      -0.030601475,
      0.35702047,
      0,
      -2.0054476,
      -1.1828821,
      -9.575569,
      1
    ],
    "trackingState" : "Normal",
    "timestamp" : 1251321836665
  },
  {
    "transform" : [
      0.031183321,
      -0.99949944,
      -0.0053370926,
      0,
      0.35655132,
      0.0061353142,
      0.9342556,
      0,
      -0.9337552,
      -0.031036137,
      0.35656413,
      0,
      -2.0050943,
      -1.1828625,
      -9.57559,
      1
    ],
    "trackingState" : "Normal",
    "timestamp" : 1251321869987
  },
  {
    "transform" : [
      0.03270153,
      -0.9994471,
      -0.006005743,
      0,
      0.35482287,
      0.0059917076,
      0.9349143,
      0,
      -0.93436146,
      -0.032704104,
      0.35482264,
      0,
      -2.0048087,
      -1.1830449,
      -9.575214,
      1
    ],
    "trackingState" : "Normal",
    "timestamp" : 1251321903307
  },
  {
    "transform" : [
      0.03229721,
      -0.9994629,
      -0.005544095,
      0,
      0.35381725,
      0.0062453058,
      0.9352938,
      0,
      -0.9347569,
      -0.032168973,
      0.35382885,
      0,
      -2.0044298,
      -1.1832767,
      -9.574854,
      1
    ],
    "trackingState" : "Normal",
    "timestamp" : 1251321936628
  },
  {
    "transform" : [
      0.032120623,
      -0.9994724,
      -0.004821403,
      0,
      0.35362694,
      0.0068525774,
      0.93536144,
      0,
      -0.9348349,
      -0.031749368,
      0.3536604,
      0,
      -2.0037887,
      -1.1835905,
      -9.574311,
      0.99999994
    ],
    "trackingState" : "Normal",
    "timestamp" : 1251321969949
  },
  {
    "transform" : [
      0.03230558,
      -0.9994701,
      -0.003952997,
      0,
      0.35345644,
      0.007725001,
      0.93541896,
      0,
      -0.9348929,
      -0.031616468,
      0.35351872,
      0,
      -2.003379,
      -1.1838485,
      -9.574097,
      0.9999999
    ],
    "trackingState" : "Normal",
    "timestamp" : 1251322003270
  },
  {
    "transform" : [
      0.030715825,
      -0.9995252,
      -0.0024383054,
      0,
      0.35334486,
      0.008576428,
      0.9354539,
      0,
      -0.93498874,
      -0.029594796,
      0.35344052,
      0,
      -2.0027843,
      -1.1841065,
      -9.574057,
      1.0000001
    ],
    "trackingState" : "Normal",
    "timestamp" : 1251322036591
  },
  {
    "transform" : [
      0.02812015,
      -0.99960405,
      -0.000953189,
      0,
      0.3538313,
      0.00906189,
      0.9352653,
      0,
      -0.93488646,
      -0.02663707,
      0.353946,
      0,
      -2.0019836,
      -1.184471,
      -9.57397,
      0.99999994
    ],
    "trackingState" : "Normal",
    "timestamp" : 1251322069912
  },
  {
    "transform" : [
      0.024691826,
      -0.9996949,
      0.00053353433,
      0,
      0.3571648,
      0.009320213,
      0.93399477,
      0,
      -0.93371487,
      -0.022871481,
      0.357286,
      0,
      -2.0008142,
      -1.1849087,
      -9.574164,
      0.9999999
    ],
    "trackingState" : "Normal",
    "timestamp" : 1251322103232
  },
  {
    "transform" : [
      0.021238312,
      -0.9997724,
      0.001964374,
      0,
      0.36072624,
      0.009495397,
      0.9326233,
      0,
      -0.93242985,
      -0.019098744,
      0.36084583,
      0,
      -1.9993008,
      -1.1854569,
      -9.574554,
      0.9999999
    ],
    "trackingState" : "Normal",
    "timestamp" : 1251322136553
  },
  {
    "transform" : [
      0.018318625,
      -0.99982506,
      0.00374898,
      0,
      0.36168417,
      0.010122297,
      0.9322456,
      0,
      -0.9321206,
      -0.015721515,
      0.36180633,
      0,
      -1.9974409,
      -1.1861321,
      -9.575138,
      0.9999999
    ],
    "trackingState" : "Normal",
    "timestamp" : 1251322169874
  },
  {
    "transform" : [
      0.014841957,
      -0.9998737,
      0.0056885956,
      0,
      0.36233366,
      0.010680787,
      0.9319873,
      0,
      -0.9319303,
      -0.0117713455,
      0.3624464,
      0,
      -1.9950173,
      -1.1867087,
      -9.575488,
      1
    ],
    "trackingState" : "Normal",
    "timestamp" : 1251322203195
  },
  {
    "transform" : [
      0.010789108,
      -0.99990886,
      0.008122524,
      0,
      0.3633535,
      0.011488092,
      0.9315806,
      0,
      -0.93158895,
      -0.007099576,
      0.36344427,
      0,
      -1.9925026,
      -1.1877309,
      -9.575918,
      1.0000001
    ],
    "trackingState" : "Normal",
    "timestamp" : 1251322236516
  },
  {
    "transform" : [
      0.00758978,
      -0.9999125,
      0.0108353365,
      0,
      0.3641551,
      0.012855384,
      0.9312497,
      0,
      -0.9313075,
      -0.0031222368,
      0.36422077,
      0,
      -1.9901292,
      -1.1890543,
      -9.576313,
      1
    ],
    "trackingState" : "Normal",
    "timestamp" : 1251322269837
  },
  {
    "transform" : [
      0.0044768406,
      -0.9998922,
      0.01397935,
      0,
      0.36502376,
      0.01464887,
      0.93088293,
      0,
      -0.93098736,
      0.0009353808,
      0.36505002,
      0,
      -1.9875193,
      -1.1902144,
      -9.576576,
      1
    ],
    "trackingState" : "Normal",
    "timestamp" : 1251322303158
  },
  {
    "transform" : [
      -0.0014930753,
      -0.99981964,
      0.0189336,
      0,
      0.3665992,
      0.017068174,
      0.9302225,
      0,
      -0.9303779,
      0.008329934,
      0.36650756,
      0,
      -1.9846209,
      -1.1912664,
      -9.576932,
      1.0000001
    ],
    "trackingState" : "Normal",
    "timestamp" : 1251322336479
  },
  {
    "transform" : [
      -0.009950028,
      -0.99964476,
      0.024723409,
      0,
      0.3701918,
      0.019285426,
      0.9287551,
      0,
      -0.92890203,
      0.018393543,
      0.3698684,
      0,
      -1.9818319,
      -1.1923119,
      -9.577416,
      0.9999999
    ],
    "trackingState" : "Normal",
    "timestamp" : 1251322369799
  },
  {
    "transform" : [
      -0.01870529,
      -0.9994179,
      0.028529685,
      0,
      0.37494972,
      0.019440264,
      0.9268414,
      0,
      -0.92685646,
      0.02803403,
      0.37436777,
      0,
      -1.9791994,
      -1.1934282,
      -9.577498,
      0.99999994
    ],
    "trackingState" : "Normal",
    "timestamp" : 1251322403121
  },
  {
    "transform" : [
      -0.02599511,
      -0.9991827,
      0.030954108,
      0,
      0.37951708,
      0.018782133,
      0.9249941,
      0,
      -0.9248195,
      0.035792932,
      0.3787186,
      0,
      -1.9772296,
      -1.1945813,
      -9.577407,
      1
    ],
    "trackingState" : "Normal",
    "timestamp" : 1251322436442
  },
  {
    "transform" : [
      -0.029905224,
      -0.99905604,
      0.031507347,
      0,
      0.38215068,
      0.017699007,
      0.9239306,
      0,
      -0.9236161,
      0.039670903,
      0.38126063,
      0,
      -1.9759126,
      -1.1962571,
      -9.576864,
      1
    ],
    "trackingState" : "Normal",
    "timestamp" : 1251322469762
  },
  {
    "transform" : [
      -0.030840557,
      -0.9990448,
      0.03095846,
      0,
      0.3833107,
      0.01678363,
      0.923467,
      0,
      -0.92310447,
      0.04034695,
      0.38242692,
      0,
      -1.9755816,
      -1.1977811,
      -9.575942,
      1
    ],
    "trackingState" : "Normal",
    "timestamp" : 1251322503083
  },
  {
    "transform" : [
      -0.03152743,
      -0.9990348,
      0.03058432,
      0,
      0.38584444,
      0.016062533,
      0.9224241,
      0,
      -0.9220251,
      0.04088245,
      0.3849656,
      0,
      -1.975646,
      -1.1994879,
      -9.574549,
      1
    ],
    "trackingState" : "Normal",
    "timestamp" : 1251322536404
  },
  {
    "transform" : [
      -0.034646016,
      -0.9988518,
      0.033086386,
      0,
      0.38982812,
      0.016977165,
      0.9207311,
      0,
      -0.9202357,
      0.044797674,
      0.38879234,
      0,
      -1.9757707,
      -1.2012652,
      -9.57289,
      0.99999994
    ],
    "trackingState" : "Normal",
    "timestamp" : 1251322569725
  },
  {
    "transform" : [
      -0.039478138,
      -0.9985142,
      0.03756228,
      0,
      0.39336526,
      0.019025637,
      0.9191855,
      0,
      -0.91853434,
      0.051063426,
      0.39202967,
      0,
      -1.9755263,
      -1.2030876,
      -9.571023,
      1
    ],
    "trackingState" : "Normal",
    "timestamp" : 1251322603046
  },
  {
    "transform" : [
      -0.04531968,
      -0.9980781,
      0.042263053,
      0,
      0.39859664,
      0.020726224,
      0.9168922,
      0,
      -0.91600597,
      0.05839917,
      0.39689124,
      0,
      -1.9754024,
      -1.2048167,
      -9.568514,
      0.99999994
    ],
    "timestamp" : 1251322636367,
    "trackingState" : "Normal"
  },
  {
    "transform" : [
      -0.051824648,
      -0.9975872,
      0.046195205,
      0,
      0.40507886,
      0.02128227,
      0.9140341,
      0,
      -0.9128118,
      0.066082194,
      0.4029985,
      0,
      -1.9755335,
      -1.2064252,
      -9.565201,
      1
    ],
    "timestamp" : 1251322669688,
    "trackingState" : "Normal"
  },
  {
    "transform" : [
      -0.05860724,
      -0.99714625,
      0.047585327,
      0,
      0.41296685,
      0.01918042,
      0.91054404,
      0,
      -0.9088583,
      0.07301564,
      0.4106643,
      0,
      -1.975234,
      -1.2079022,
      -9.56135,
      1
    ],
    "timestamp" : 1251322703008,
    "trackingState" : "Normal"
  },
  {
    "transform" : [
      -0.06550139,
      -0.99665487,
      0.04887182,
      0,
      0.42130074,
      0.016775625,
      0.90676576,
      0,
      -0.9045525,
      0.079984166,
      0.41879264,
      0,
      -1.9753059,
      -1.2092975,
      -9.557073,
      0.9999999
    ],
    "timestamp" : 1251322736330,
    "trackingState" : "Normal"
  },
  {
    "transform" : [
      -0.07248748,
      -0.99610287,
      0.050244693,
      0,
      0.43105063,
      0.014140948,
      0.902217,
      0,
      -0.8994115,
      0.087057434,
      0.42834574,
      0,
      -1.9758146,
      -1.2106543,
      -9.552392,
      1
    ],
    "timestamp" : 1251322769650,
    "trackingState" : "Normal"
  },
  {
    "transform" : [
      -0.07716462,
      -0.99573576,
      0.05055601,
      0,
      0.4409166,
      0.011398238,
      0.8974758,
      0,
      -0.894225,
      0.09154436,
      0.43815687,
      0,
      -1.976825,
      -1.2116609,
      -9.547874,
      1
    ],
    "timestamp" : 1251322802971,
    "trackingState" : "Normal"
  },
  {
    "transform" : [
      -0.07929552,
      -0.9955491,
      0.050934467,
      0,
      0.4478971,
      0.01006543,
      0.8940286,
      0,
      -0.890562,
      0.093705855,
      0.44510537,
      0,
      -1.9780055,
      -1.2128204,
      -9.543144,
      1.0000001
    ],
    "timestamp" : 1251322836292,
    "trackingState" : "Normal"
  },
  {
    "transform" : [
      -0.080578215,
      -0.99537134,
      0.05237477,
      0,
      0.4522114,
      0.010319879,
      0.8918511,
      0,
      -0.8882636,
      0.09554824,
      0.4492867,
      0,
      -1.9791427,
      -1.2141924,
      -9.538326,
      1
    ],
    "timestamp" : 1251322869613,
    "trackingState" : "Normal"
  },
  {
    "transform" : [
      -0.08201572,
      -0.99505246,
      0.056070674,
      0,
      0.45641577,
      0.012513518,
      0.88967866,
      0,
      -0.88597864,
      0.09855916,
      0.45313138,
      0,
      -1.9800334,
      -1.2158455,
      -9.533615,
      0.99999994
    ],
    "timestamp" : 1251322902934,
    "trackingState" : "Normal"
  },
  {
    "transform" : [
      -0.085539505,
      -0.9944549,
      0.06117443,
      0,
      0.4625001,
      0.01475068,
      0.88649654,
      0,
      -0.88248324,
      0.104123645,
      0.45867375,
      0,
      -1.98101,
      -1.2176814,
      -9.529009,
      1
    ],
    "timestamp" : 1251322936255,
    "trackingState" : "Normal"
  },
  {
    "transform" : [
      -0.089261524,
      -0.9939816,
      0.06350574,
      0,
      0.46712813,
      0.01453444,
      0.8840702,
      0,
      -0.8796726,
      0.108578764,
      0.46301934,
      0,
      -1.9821589,
      -1.219804,
      -9.524166,
      1
    ],
    "timestamp" : 1251322969575,
    "trackingState" : "Normal"
  },
  {
    "transform" : [
      -0.09476227,
      -0.993476,
      0.06344776,
      0,
      0.4718053,
      0.011301862,
      0.88163036,
      0,
      -0.87659574,
      0.113480285,
      0.46765622,
      0,
      -1.9832699,
      -1.2225649,
      -9.518739,
      1
    ],
    "timestamp" : 1251323002896,
    "trackingState" : "Normal"
  },
  {
    "transform" : [
      -0.10468293,
      -0.99225295,
      0.06689989,
      0,
      0.47915778,
      0.008624308,
      0.8776865,
      0,
      -0.87146395,
      0.12393439,
      0.4745429,
      0,
      -1.9840391,
      -1.2255697,
      -9.513799,
      1
    ],
    "timestamp" : 1251323036217,
    "trackingState" : "Normal"
  },
  {
    "transform" : [
      -0.11558236,
      -0.9905749,
      0.07349908,
      0,
      0.48840016,
      0.007756893,
      0.87258536,
      0,
      -0.8649312,
      0.13675243,
      0.48290038,
      0,
      -1.9848492,
      -1.228615,
      -9.509447,
      1
    ],
    "timestamp" : 1251323069538,
    "trackingState" : "Normal"
  },
  {
    "transform" : [
      -0.12482308,
      -0.9885956,
      0.08424926,
      0,
      0.49699092,
      0.011193421,
      0.8676836,
      0,
      -0.85873127,
      0.15017806,
      0.48992583,
      0,
      -1.9860048,
      -1.2315006,
      -9.505915,
      1
    ],
    "timestamp" : 1251323102859,
    "trackingState" : "Normal"
  },
  {
    "transform" : [
      -0.13124765,
      -0.98656595,
      0.09727139,
      0,
      0.50399303,
      0.018090762,
      0.86351836,
      0,
      -0.85367745,
      0.16235884,
      0.4948479,
      0,
      -1.9883239,
      -1.2344704,
      -9.502278,
      1
    ],
    "timestamp" : 1251323136180,
    "trackingState" : "Normal"
  },
  {
    "transform" : [
      -0.13352819,
      -0.9852286,
      0.10721393,
      0,
      0.51094383,
      0.024258828,
      0.8592717,
      0,
      -0.84918,
      0.1695173,
      0.50015724,
      0,
      -1.991921,
      -1.2373995,
      -9.498066,
      0.99999994
    ],
    "timestamp" : 1251323169501,
    "trackingState" : "Normal"
  },
  {
    "transform" : [
      -0.13420369,
      -0.9845538,
      0.11244202,
      0,
      0.51789695,
      0.027053833,
      0.8550152,
      0,
      -0.8448504,
      0.17297956,
      0.5062667,
      0,
      -1.9965615,
      -1.2407477,
      -9.492815,
      1
    ],
    "timestamp" : 1251323202822,
    "trackingState" : "Normal"
  },
  {
    "transform" : [
      -0.13713643,
      -0.9837249,
      0.11609788,
      0,
      0.52302444,
      0.027624168,
      0.8518698,
      0,
      -0.84121275,
      0.17754446,
      0.5107239,
      0,
      -2.001607,
      -1.2438935,
      -9.487358,
      0.9999999
    ],
    "timestamp" : 1251323236143,
    "trackingState" : "Normal"
  },
  {
    "transform" : [
      -0.14424719,
      -0.98224354,
      0.11995967,
      0,
      0.5283495,
      0.026050698,
      0.8486273,
      0,
      -0.83668375,
      0.18579273,
      0.5152101,
      0,
      -2.0068424,
      -1.2468631,
      -9.4816475,
      1
    ],
    "timestamp" : 1251323269464,
    "trackingState" : "Normal"
  },
  {
    "transform" : [
      -0.15337193,
      -0.9807046,
      0.12122469,
      0,
      0.5352322,
      0.020677801,
      0.84445184,
      0,
      -0.8306646,
      0.19439857,
      0.5217334,
      0,
      -2.0123808,
      -1.2500007,
      -9.475067,
      1
    ],
    "timestamp" : 1251323302785,
    "trackingState" : "Normal"
  },
  {
    "transform" : [
      -0.16322085,
      -0.97893214,
      0.1226806,
      0,
      0.54284084,
      0.014722928,
      0.8397065,
      0,
      -0.82382196,
      0.20365363,
      0.52900136,
      0,
      -2.0182607,
      -1.2530535,
      -9.468312,
      0.9999999
    ],
    "timestamp" : 1251323336105,
    "trackingState" : "Normal"
  },
  {
    "transform" : [
      -0.17142303,
      -0.9769499,
      0.12721273,
      0,
      0.54893714,
      0.012508431,
      0.8357701,
      0,
      -0.8180967,
      0.21310201,
      0.53413993,
      0,
      -2.0247488,
      -1.2561023,
      -9.461668,
      1
    ],
    "timestamp" : 1251323369426,
    "trackingState" : "Normal"
  },
  {
    "transform" : [
      -0.17761216,
      -0.97506946,
      0.13301684,
      0,
      0.5537734,
      0.012705777,
      0.83257055,
      0,
      -0.8135042,
      0.22153583,
      0.5377108,
      0,
      -2.0318315,
      -1.2593,
      -9.454601,
      1
    ],
    "timestamp" : 1251323402747,
    "trackingState" : "Normal"
  },
  {
    "transform" : [
      -0.18351422,
      -0.97299343,
      0.14002235,
      0,
      0.55858797,
      0.013993444,
      0.8293273,
      0,
      -0.80888945,
      0.23040815,
      0.54093444,
      0,
      -2.0393443,
      -1.262719,
      -9.448102,
      0.99999994
    ],
    "timestamp" : 1251323436068,
    "trackingState" : "Normal"
  },
  {
    "transform" : [
      -0.19155686,
      -0.9700468,
      0.14938194,
      0,
      0.5632681,
      0.015988369,
      0.82611954,
      0,
      -0.803763,
      0.24239092,
      0.5433337,
      0,
      -2.047376,
      -1.2663723,
      -9.441918,
      0.9999999
    ],
    "timestamp" : 1251323469389,
    "trackingState" : "Normal"
  },
  {
    "transform" : [
      -0.19975802,
      -0.9667275,
      0.15979564,
      0,
      0.5667236,
      0.019047938,
      0.8236879,
      0,
      -0.7993255,
      0.2550982,
      0.5440623,
      0,
      -2.0561783,
      -1.2701781,
      -9.435557,
      1
    ],
    "timestamp" : 1251323502710,
    "trackingState" : "Normal"
  },
  {
    "transform" : [
      -0.20391053,
      -0.96446955,
      0.16798444,
      0,
      0.56856704,
      0.023017108,
      0.8223148,
      0,
      -0.79696417,
      0.26318908,
      0.5436722,
      0,
      -2.0662112,
      -1.2738808,
      -9.428823,
      0.9999999
    ],
    "timestamp" : 1251323536031,
    "trackingState" : "Normal"
  },
  {
    "transform" : [
      -0.20525612,
      -0.9639192,
      0.16949807,
      0,
      0.57158655,
      0.022518743,
      0.8202328,
      0,
      -0.79445505,
      0.2652406,
      0.54634124,
      0,
      -2.0766506,
      -1.2780802,
      -9.420887,
      1
    ],
    "timestamp" : 1251323569352,
    "trackingState" : "Normal"
  },
  {
    "transform" : [
      -0.20915788,
      -0.96314377,
      0.16913643,
      0,
      0.5741151,
      0.019069213,
      0.8185527,
      0,
      -0.7916092,
      0.2683105,
      0.5489669,
      0,
      -2.0869792,
      -1.2821213,
      -9.41289,
      1.0000001
    ],
    "timestamp" : 1251323602673,
    "trackingState" : "Normal"
  },
  {
    "transform" : [
      -0.2199293,
      -0.95953566,
      0.1758479,
      0,
      0.5747244,
      0.018207004,
      0.8181446,
      0,
      -0.78824055,
      0.280998,
      0.5474643,
      0,
      -2.0967834,
      -1.2864393,
      -9.405416,
      1.0000001
    ],
    "timestamp" : 1251323635993,
    "trackingState" : "Normal"
  },
  {
    "transform" : [
      -0.23073345,
      -0.95454293,
      0.18870565,
      0,
      0.57620746,
      0.022233048,
      0.8170011,
      0,
      -0.7840581,
      0.29724306,
      0.54488486,
      0,
      -2.1066694,
      -1.2907568,
      -9.398436,
      1.0000001
    ],
    "timestamp" : 1251323669314,
    "trackingState" : "Normal"
  },
  {
    "transform" : [
      -0.23604575,
      -0.9513766,
      0.19790116,
      0,
      0.578986,
      0.02586552,
      0.8149272,
      0,
      -0.7804215,
      0.30694208,
      0.5447283,
      0,
      -2.117937,
      -1.295409,
      -9.390713,
      1
    ],
    "timestamp" : 1251323702635,
    "trackingState" : "Normal"
  },
  {
    "transform" : [
      -0.24056873,
      -0.9491777,
      0.20294932,
      0,
      0.58409256,
      0.025428401,
      0.8112887,
      0,
      -0.7752178,
      0.31371188,
      0.54829025,
      0,
      -2.1285691,
      -1.2993803,
      -9.38246,
      1
    ],
    "timestamp" : 1251323735956,
    "trackingState" : "Normal"
  },
  {
    "transform" : [
      -0.24701872,
      -0.94568324,
      0.2113408,
      0,
      0.58985794,
      0.02629077,
      0.8070789,
      0,
      -0.76879734,
      0.32402465,
      0.5513244,
      0,
      -2.138938,
      -1.3028611,
      -9.374389,
      0.9999999
    ],
    "timestamp" : 1251323769277,
    "trackingState" : "Normal"
  },
  {
    "transform" : [
      -0.25313276,
      -0.94111776,
      0.22410086,
      0,
      0.5950231,
      0.031193,
      0.8031031,
      0,
      -0.76280504,
      0.33663687,
      0.5520908,
      0,
      -2.1496713,
      -1.3051322,
      -9.366758,
      1
    ],
    "timestamp" : 1251323802598,
    "trackingState" : "Normal"
  },
  {
    "transform" : [
      -0.256173,
      -0.9378293,
      0.23420414,
      0,
      0.5992608,
      0.03602855,
      0.79974276,
      0,
      -0.7584603,
      0.34522188,
      0.55277485,
      0,
      -2.1601803,
      -1.3064957,
      -9.359428,
      1
    ],
    "timestamp" : 1251323835919,
    "trackingState" : "Normal"
  },
  {
    "transform" : [
      -0.25887153,
      -0.9355722,
      0.24018805,
      0,
      0.60240847,
      0.037999697,
      0.797283,
      0,
      -0.75504285,
      0.35108516,
      0.5537595,
      0,
      -2.1702638,
      -1.3074713,
      -9.352062,
      1
    ],
    "timestamp" : 1251323869240,
    "trackingState" : "Normal"
  },
  {
    "transform" : [
      -0.26287323,
      -0.9333711,
      0.24436818,
      0,
      0.60609907,
      0.0373127,
      0.79451346,
      0,
      -0.750694,
      0.3569677,
      0.5559069,
      0,
      -2.1799884,
      -1.3082976,
      -9.344004,
      1
    ],
    "timestamp" : 1251323902561,
    "trackingState" : "Normal"
  },
  {
    "transform" : [
      -0.26737136,
      -0.93104845,
      0.248317,
      0,
      0.61143935,
      0.035244953,
      0.790506,
      0,
      -0.74475133,
      0.36318943,
      0.55985624,
      0,
      -2.1892662,
      -1.3092465,
      -9.335771,
      1
    ],
    "timestamp" : 1251323935881,
    "trackingState" : "Normal"
  },
  {
    "transform" : [
      -0.27125427,
      -0.9291648,
      0.25114518,
      0,
      0.6175245,
      0.03214446,
      0.78589463,
      0,
      -0.73829854,
      0.36826557,
      0.56506264,
      0,
      -2.1981452,
      -1.3104846,
      -9.327517,
      1
    ],
    "timestamp" : 1251323969203,
    "trackingState" : "Normal"
  },
  {
    "transform" : [
      -0.27594092,
      -0.9264147,
      0.25614887,
      0,
      0.6237788,
      0.030149654,
      0.7810193,
      0,
      -0.73127055,
      0.3752954,
      0.5695583,
      0,
      -2.2073421,
      -1.3128718,
      -9.318923,
      0.99999994
    ],
    "timestamp" : 1251324002523,
    "trackingState" : "Normal"
  },
  {
    "transform" : [
      -0.28255162,
      -0.922358,
      0.26347747,
      0,
      0.6312191,
      0.028046295,
      0.7750974,
      0,
      -0.72230685,
      0.385317,
      0.57428545,
      0,
      -2.215669,
      -1.3152003,
      -9.311266,
      1
    ],
    "timestamp" : 1251324035844,
    "trackingState" : "Normal"
  },
  {
    "transform" : [
      -0.28908387,
      -0.9185235,
      0.26971295,
      0,
      0.6386591,
      0.024830315,
      0.7690891,
      0,
      -0.71312344,
      0.39458588,
      0.5794455,
      0,
      -2.2246385,
      -1.3184059,
      -9.302362,
      1
    ],
    "timestamp" : 1251324069165,
    "trackingState" : "Normal"
  },
  {
    "transform" : [
      -0.2951446,
      -0.9148853,
      0.2754535,
      0,
      0.6454148,
      0.021669272,
      0.7635249,
      0,
      -0.7045065,
      0.403132,
      0.58408505,
      0,
      -2.2329464,
      -1.3216841,
      -9.294634,
      1
    ],
    "timestamp" : 1251324102486,
    "trackingState" : "Normal"
  },
  {
    "transform" : [
      -0.29869306,
      -0.9115669,
      0.2825388,
      0,
      0.6537779,
      0.020226698,
      0.7564162,
      0,
      -0.6952388,
      0.4106539,
      0.58992076,
      0,
      -2.241219,
      -1.3253899,
      -9.287135,
      1
    ],
    "timestamp" : 1251324135807,
    "trackingState" : "Normal"
  },
  {
    "transform" : [
      -0.3020597,
      -0.90650016,
      0.29498693,
      0,
      0.6671442,
      0.02001927,
      0.7446595,
      0,
      -0.6809395,
      0.42173046,
      0.59871936,
      0,
      -2.2496197,
      -1.3295767,
      -9.279779,
      1
    ],
    "timestamp" : 1251324169128,
    "trackingState" : "Normal"
  },
  {
    "transform" : [
      -0.30470285,
      -0.9004863,
      0.31029123,
      0,
      0.6797473,
      0.022602227,
      0.73309815,
      0,
      -0.6671581,
      0.4342967,
      0.6052162,
      0,
      -2.257612,
      -1.3335795,
      -9.272916,
      1
    ],
    "timestamp" : 1251324202449,
    "trackingState" : "Normal"
  },
  {
    "transform" : [
      -0.30058318,
      -0.8974917,
      0.3227357,
      0,
      0.6871131,
      0.030904915,
      0.7258929,
      0,
      -0.66145706,
      0.4399471,
      0.6073888,
      0,
      -2.266214,
      -1.3371834,
      -9.265936,
      0.99999994
    ],
    "timestamp" : 1251324235769,
    "trackingState" : "Normal"
  },
  {
    "transform" : [
      -0.29355612,
      -0.89725566,
      0.3297834,
      0,
      0.6948638,
      0.036635555,
      0.71820766,
      0,
      -0.6564977,
      0.43998882,
      0.61271584,
      0,
      -2.2749488,
      -1.3407686,
      -9.258516,
      1
    ],
    "timestamp" : 1251324269091,
    "trackingState" : "Normal"
  },
  {
    "transform" : [
      -0.2889603,
      -0.89659935,
      0.33557647,
      0,
      0.70245427,
      0.039581224,
      0.71062756,
      0,
      -0.65043074,
      0.44107026,
      0.6183826,
      0,
      -2.2833192,
      -1.3452277,
      -9.250668,
      1
    ],
    "timestamp" : 1251324302411,
    "trackingState" : "Normal"
  },
  {
    "transform" : [
      -0.28974453,
      -0.88988554,
      0.3523518,
      0,
      0.7166235,
      0.042320978,
      0.69617516,
      0,
      -0.6344281,
      0.4542165,
      0.6254506,
      0,
      -2.2911575,
      -1.3497125,
      -9.244368,
      0.99999994
    ],
    "timestamp" : 1251324335732,
    "trackingState" : "Normal"
  },
  {
    "transform" : [
      -0.29006785,
      -0.8811662,
      0.37337217,
      0,
      0.7259168,
      0.051646035,
      0.68584085,
      0,
      -0.6236229,
      0.46997747,
      0.62467253,
      0,
      -2.3001647,
      -1.3547642,
      -9.237868,
      1
    ],
    "timestamp" : 1251324369053,
    "trackingState" : "Normal"
  },
  {
    "transform" : [
      -0.2936934,
      -0.8765425,
      0.38133636,
      0,
      0.7242227,
      0.05633304,
      0.6872614,
      0,
      -0.6238955,
      0.47801656,
      0.6182675,
      0,
      -2.308783,
      -1.3601062,
      -9.231487,
      1
    ],
    "timestamp" : 1251324402374,
    "trackingState" : "Normal"
  },
  {
    "transform" : [
      -0.30298236,
      -0.87246305,
      0.38341874,
      0,
      0.72789955,
      0.04782225,
      0.6840142,
      0,
      -0.615113,
      0.4863345,
      0.620576,
      0,
      -2.3165712,
      -1.3657485,
      -9.224814,
      0.99999994
    ],
    "timestamp" : 1251324435695,
    "trackingState" : "Normal"
  },
  {
    "transform" : [
      -0.31816715,
      -0.86417204,
      0.3898417,
      0,
      0.73159224,
      0.037719302,
      0.68069834,
      0,
      -0.60294497,
      0.501781,
      0.6202205,
      0,
      -2.3240988,
      -1.3711684,
      -9.218785,
      1
    ],
    "timestamp" : 1251324469016,
    "trackingState" : "Normal"
  },
  {
    "transform" : [
      -0.33276543,
      -0.85358495,
      0.4008238,
      0,
      0.73046243,
      0.035498608,
      0.6820297,
      0,
      -0.59639895,
      0.51974267,
      0.61169904,
      0,
      -2.331893,
      -1.3765874,
      -9.213379,
      1
    ],
    "timestamp" : 1251324502337,
    "trackingState" : "Normal"
  },
  {
    "transform" : [
      -0.34113064,
      -0.8451071,
      0.41161138,
      0,
      0.7293,
      0.038330354,
      0.68311965,
      0,
      -0.5930865,
      0.5332212,
      0.6032609,
      0,
      -2.3405566,
      -1.3815053,
      -9.208099,
      1
    ],
    "timestamp" : 1251324535658,
    "trackingState" : "Normal"
  },
  {
    "transform" : [
      -0.3468234,
      -0.84008974,
      0.41708848,
      0,
      0.7290419,
      0.0383147,
      0.6833959,
      0,
      -0.5900945,
      0.54109263,
      0.59917223,
      0,
      -2.3496926,
      -1.3858385,
      -9.202692,
      1
    ],
    "timestamp" : 1251324568979,
    "trackingState" : "Normal"
  },
  {
    "transform" : [
      -0.35261613,
      -0.8372105,
      0.41801962,
      0,
      0.7244646,
      0.03850662,
      0.6882357,
      0,
      -0.5922947,
      0.5455234,
      0.59295136,
      0,
      -2.3596704,
      -1.389455,
      -9.197778,
      0.99999994
    ],
    "timestamp" : 1251324602300,
    "trackingState" : "Normal"
  },
  {
    "transform" : [
      -0.3595071,
      -0.8344459,
      0.4176779,
      0,
      0.71866494,
      0.03791476,
      0.69432217,
      0,
      -0.59521043,
      0.54978424,
      0.58605635,
      0,
      -2.369229,
      -1.3928142,
      -9.192899,
      1
    ],
    "timestamp" : 1251324635620,
    "trackingState" : "Normal"
  },
  {
    "transform" : [
      -0.3668789,
      -0.8317398,
      0.4166639,
      0,
      0.71277523,
      0.03648629,
      0.7004429,
      0,
      -0.59778875,
      0.5539654,
      0.57945746,
      0,
      -2.3794448,
      -1.3959962,
      -9.188585,
      0.99999994
    ],
    "timestamp" : 1251324668941,
    "trackingState" : "Normal"
  },
  {
    "transform" : [
      -0.374242,
      -0.8300153,
      0.41354266,
      0,
      0.7038504,
      0.036106803,
      0.7094301,
      0,
      -0.6037695,
      0.55657065,
      0.5706939,
      0,
      -2.3894446,
      -1.3988049,
      -9.184696,
      1
    ],
    "timestamp" : 1251324702262,
    "trackingState" : "Normal"
  },
  {
    "transform" : [
      -0.3843337,
      -0.8268934,
      0.41053003,
      0,
      0.69278127,
      0.035594396,
      0.72026885,
      0,
      -0.61019814,
      0.5612311,
      0.5591762,
      0,
      -2.3996072,
      -1.4014378,
      -9.181623,
      1
    ],
    "timestamp" : 1251324735583,
    "trackingState" : "Normal"
  },
  {
    "transform" : [
      -0.39423734,
      -0.8233838,
      0.4081863,
      0,
      0.6829843,
      0.03468431,
      0.72960913,
      0,
      -0.614906,
      0.56642395,
      0.5486845,
      0,
      -2.4093752,
      -1.4040966,
      -9.180607,
      1
    ],
    "timestamp" : 1251324768904,
    "trackingState" : "Normal"
  },
  {
    "transform" : [
      -0.39942828,
      -0.8223074,
      0.4052994,
      0,
      0.67201316,
      0.038090073,
      0.73955894,
      0,
      -0.6235827,
      0.56776726,
      0.5373872,
      0,
      -2.4209507,
      -1.4067657,
      -9.179367,
      1
    ],
    "timestamp" : 1251324802225,
    "trackingState" : "Normal"
  },
  {
    "transform" : [
      -0.4047214,
      -0.8229414,
      0.39870787,
      0,
      0.65699553,
      0.041589577,
      0.75274646,
      0,
      -0.6360483,
      0.56660193,
      0.5238366,
      0,
      -2.4328904,
      -1.4092956,
      -9.178628,
      1
    ],
    "timestamp" : 1251324835546,
    "trackingState" : "Normal"
  },
  {
    "transform" : [
      -0.41499826,
      -0.82302916,
      0.38781372,
      0,
      0.63618845,
      0.04221724,
      0.7703779,
      0,
      -0.65041584,
      0.56642807,
      0.5060815,
      0,
      -2.444715,
      -1.411742,
      -9.178398,
      1
    ],
    "timestamp" : 1251324868867,
    "trackingState" : "Normal"
  },
  {
    "transform" : [
      -0.42648458,
      -0.823737,
      0.37358844,
      0,
      0.61082774,
      0.04232205,
      0.79063165,
      0,
      -0.66708356,
      0.56539035,
      0.48511168,
      0,
      -2.4561887,
      -1.4139397,
      -9.179686,
      1
    ],
    "timestamp" : 1251324902188,
    "trackingState" : "Normal"
  },
  {
    "transform" : [
      -0.43880415,
      -0.82510626,
      0.35588,
      0,
      0.58088267,
      0.041700922,
      0.8129184,
      0,
      -0.6855847,
      0.56343645,
      0.46099138,
      0,
      -2.4686894,
      -1.4162303,
      -9.180489,
      0.99999994
    ],
    "timestamp" : 1251324935508,
    "trackingState" : "Normal"
  },
  {
    "transform" : [
      -0.45770922,
      -0.8229627,
      0.33650354,
      0,
      0.5477368,
      0.037127264,
      0.8358265,
      0,
      -0.7003474,
      0.5668809,
      0.43377358,
      0,
      -2.4802492,
      -1.4192783,
      -9.182551,
      0.99999994
    ],
    "timestamp" : 1251324968829,
    "trackingState" : "Normal"
  },
  {
    "transform" : [
      -0.48075595,
      -0.8168995,
      0.31866744,
      0,
      0.51541805,
      0.030741192,
      0.8563874,
      0,
      -0.7093786,
      0.5759603,
      0.4062657,
      0,
      -2.4924302,
      -1.4221437,
      -9.184229,
      1
    ],
    "timestamp" : 1251325002150,
    "trackingState" : "Normal"
  },
  {
    "transform" : [
      -0.5013929,
      -0.8110467,
      0.3013442,
      0,
      0.485416,
      0.024624454,
      0.87393653,
      0,
      -0.7162239,
      0.5844629,
      0.38134852,
      0,
      -2.5049806,
      -1.425015,
      -9.185928,
      1
    ],
    "timestamp" : 1251325035471,
    "trackingState" : "Normal"
  },
  {
    "transform" : [
      -0.5173813,
      -0.80807924,
      0.28164598,
      0,
      0.4554735,
      0.018595865,
      0.89005506,
      0,
      -0.7244726,
      0.5887802,
      0.3584375,
      0,
      -2.5178697,
      -1.4274677,
      -9.187513,
      0.99999994
    ],
    "timestamp" : 1251325068792,
    "trackingState" : "Normal"
  },
  {
    "transform" : [
      -0.5323813,
      -0.8054409,
      0.26045176,
      0,
      0.42280567,
      0.013541092,
      0.90611917,
      0,
      -0.7333523,
      0.5925214,
      0.3333359,
      0,
      -2.5295398,
      -1.4296517,
      -9.189751,
      1
    ],
    "timestamp" : 1251325102113,
    "trackingState" : "Normal"
  },
  {
    "transform" : [
      -0.5490334,
      -0.80084294,
      0.23919226,
      0,
      0.39190784,
      0.006096901,
      0.91998434,
      0,
      -0.73822135,
      0.59884346,
      0.31050918,
      0,
      -2.5414124,
      -1.4308673,
      -9.190916,
      1.0000001
    ],
    "timestamp" : 1251325135434,
    "trackingState" : "Normal"
  },
  {
    "transform" : [
      -0.5668443,
      -0.79370165,
      0.22073781,
      0,
      0.36322007,
      -0.00028608102,
      0.9317033,
      0,
      -0.7394313,
      0.6083072,
      0.28845048,
      0,
      -2.5528374,
      -1.4315885,
      -9.191758,
      0.99999994
    ],
    "timestamp" : 1251325168755,
    "trackingState" : "Normal"
  },
  {
    "transform" : [
      -0.58194983,
      -0.7875283,
      0.20281413,
      0,
      0.3326942,
      -0.0029859643,
      0.94303006,
      0,
      -0.7420572,
      0.6162713,
      0.2637438,
      0,
      -2.5633297,
      -1.4321148,
      -9.192487,
      1
    ],
    "timestamp" : 1251325202076,
    "trackingState" : "Normal"
  },
  {
    "transform" : [
      -0.5916849,
      -0.7845005,
      0.18565546,
      0,
      0.30174124,
      -0.0019554542,
      0.9533879,
      0,
      -0.7475702,
      0.6201251,
      0.23787315,
      0,
      -2.574922,
      -1.4312904,
      -9.192191,
      1
    ],
    "timestamp" : 1251325235397,
    "trackingState" : "Normal"
  },
  {
    "transform" : [
      -0.5973278,
      -0.78356665,
      0.17094654,
      0,
      0.27517328,
      -2.747873e-05,
      0.96139467,
      0,
      -0.7533122,
      0.6213077,
      0.21563302,
      0,
      -2.5866094,
      -1.4297422,
      -9.191278,
      0.99999994
    ],
    "timestamp" : 1251325268718,
    "trackingState" : "Normal"
  },
  {
    "transform" : [
      -0.6016107,
      -0.7833068,
      0.15650877,
      0,
      0.24940644,
      0.001936734,
      0.968397,
      0,
      -0.758855,
      0.62163234,
      0.19419658,
      0,
      -2.5969307,
      -1.4280307,
      -9.1902,
      1
    ],
    "timestamp" : 1251325302039,
    "trackingState" : "Normal"
  },
  {
    "transform" : [
      -0.6049813,
      -0.78360283,
      0.1412945,
      0,
      0.22135307,
      0.0049429047,
      0.9751812,
      0,
      -0.76485324,
      0.62124246,
      0.17046252,
      0,
      -2.6082296,
      -1.4261379,
      -9.188442,
      1
    ],
    "timestamp" : 1251325335360,
    "trackingState" : "Normal"
  },
  {
    "transform" : [
      -0.60648096,
      -0.7851773,
      0.12520947,
      0,
      0.1931539,
      0.0072646677,
      0.98114157,
      0,
      -0.77127975,
      0.61922836,
      0.14725417,
      0,
      -2.6193771,
      -1.4241493,
      -9.186228,
      1
    ],
    "timestamp" : 1251325368680,
    "trackingState" : "Normal"
  },
  {
    "transform" : [
      -0.60757387,
      -0.78665566,
      0.109666444,
      0,
      0.16897209,
      0.006894847,
      0.98559666,
      0,
      -0.7760814,
      0.6173533,
      0.12873371,
      0,
      -2.629873,
      -1.4216079,
      -9.18293,
      0.9999999
    ],
    "timestamp" : 1251325402001,
    "trackingState" : "Normal"
  },
  {
    "transform" : [
      -0.608523,
      -0.78773797,
      0.09575261,
      0,
      0.14624517,
      0.007270201,
      0.98922163,
      0,
      -0.7799437,
      0.6159676,
      0.110778786,
      0,
      -2.6402495,
      -1.4191128,
      -9.179659,
      0.99999994
    ],
    "timestamp" : 1251325435322,
    "trackingState" : "Normal"
  },
  {
    "transform" : [
      -0.6087977,
      -0.78904736,
      0.08227664,
      0,
      0.124026306,
      0.007771347,
      0.9922486,
      0,
      -0.7835706,
      0.61428314,
      0.09313143,
      0,
      -2.6505058,
      -1.4165125,
      -9.176012,
      1
    ],
    "timestamp" : 1251325468643,
    "trackingState" : "Normal"
  },
  {
    "transform" : [
      -0.6078083,
      -0.79104257,
      0.06943161,
      0,
      0.10422958,
      0.0072057284,
      0.9945272,
      0,
      -0.7872136,
      0.6117187,
      0.078070305,
      0,
      -2.660167,
      -1.4129813,
      -9.171494,
      1
    ],
    "timestamp" : 1251325501964,
    "trackingState" : "Normal"
  },
  {
    "transform" : [
      -0.606383,
      -0.79310834,
      0.05726131,
      0,
      0.08563314,
      0.0064597884,
      0.99630576,
      0,
      -0.7905484,
      0.60904634,
      0.063999236,
      0,
      -2.6700656,
      -1.410408,
      -9.167219,
      1
    ],
    "timestamp" : 1251325535285,
    "trackingState" : "Normal"
  },
  {
