[
  {
    "transform" : [
      0.15156412,
      -0.590254,
      0.792861,
      0,
      -0.98115796,
      0.0073970053,
      0.19306593,
      0,
      -0.11982274,
      -0.80718374,
      -0.5780113,
      0,
      -5.0281706,
      -0.99681854,
      -12.024744,
      1
    ],
    "trackingState" : "Normal",
    "timestamp" : 1251288449143
  },
  {
    "transform" : [
      0.13570426,
      -0.59159666,
      0.7947312,
      0,
      -0.985805,
      -0.0005879138,
      0.16789338,
      0,
      -0.098857954,
      -0.8062338,
      -0.5832787,
      0,
      -5.0361805,
      -0.99658084,
      -12.019168,
      1
    ],
    "trackingState" : "Normal",
    "timestamp" : 1251288482464
  },
  {
    "transform" : [
      0.12051887,
      -0.5934061,
      0.7958294,
      0,
      -0.98972386,
      -0.0096797785,
      0.14266418,
      0,
      -0.07695434,
      -0.80484504,
      -0.58847475,
      0,
      -5.0438147,
      -0.99607277,
      -12.013932,
      1
    ],
    "trackingState" : "Normal",
    "timestamp" : 1251288515785
  },
  {
    "transform" : [
      0.106919564,
      -0.5972676,
      0.79488343,
      0,
      -0.992613,
      -0.018017095,
      0.11997824,
      0,
      -0.057337638,
      -0.80183965,
      -0.594782,
      0,
      -5.0514736,
      -0.995564,
      -12.008542,
      1
    ],
    "trackingState" : "Normal",
    "timestamp" : 1251288549106
  },
  {
    "transform" : [
      0.09008698,
      -0.60097283,
      0.79417634,
      0,
      -0.99523,
      -0.024345897,
      0.09447024,
      0,
      -0.03743912,
      -0.79889864,
      -0.6002995,
      0,
      -5.0591807,
      -0.99396306,
      -12.002749,
      1.0000001
    ],
    "trackingState" : "Normal",
    "timestamp" : 1251288582427
  },
  {
    "transform" : [
      0.07109626,
      -0.60533947,
      0.79278594,
      0,
      -0.9973898,
      -0.03309561,
      0.064174436,
      0,
      -0.012609596,
      -0.7952791,
      -0.60611236,
      0,
      -5.0662146,
      -0.9934352,
      -11.9971285,
      0.99999994
    ],
    "trackingState" : "Normal",
    "timestamp" : 1251288615748
  },
  {
    "transform" : [
      0.05126045,
      -0.61289376,
      0.7885009,
      0,
      -0.9985391,
      -0.04496769,
      0.02996208,
      0,
      0.017093476,
      -0.78888476,
      -0.6143034,
      0,
      -5.073243,
      -0.99216557,
      -11.991906,
      1
    ],
    "trackingState" : "Normal",
    "timestamp" : 1251288649069
  },
  {
    "transform" : [
      0.030606516,
      -0.6190351,
      0.7847667,
      0,
      -0.99858207,
      -0.053151928,
      -0.0029815407,
      0,
      0.04355753,
      -0.78356266,
      -0.61978406,
      0,
      -5.0802326,
      -0.9921041,
      -11.986998,
      0.99999994
    ],
    "trackingState" : "Normal",
    "timestamp" : 1251288682390
  },
  {
    "transform" : [
      0.010057509,
      -0.6249476,
      0.7806019,
      0,
      -0.99785113,
      -0.05681856,
      -0.032632183,
      0,
      0.06474607,
      -0.7785963,
      -0.62417614,
      0,
      -5.087061,
      -0.99286914,
      -11.98232,
      1
    ],
    "trackingState" : "Normal",
    "timestamp" : 1251288715710
  },
  {
    "transform" : [
      -0.009833475,
      -0.633753,
      0.77347296,
      0,
      -0.99611175,
      -0.061514683,
      -0.063066676,
      0,
      0.08754864,
      -0.77108574,
      -0.6306839,
      0,
      -5.0936556,
      -0.9925616,
      -11.9773655,
      1
    ],
    "trackingState" : "Normal",
    "timestamp" : 1251288749031
  },
  {
    "transform" : [
      -0.030406212,
      -0.6457241,
      0.76296514,
      0,
      -0.99241453,
      -0.07146353,
      -0.1000325,
      0,
      0.11911759,
      -0.7602193,
      -0.6386531,
      0,
      -5.0997,
      -0.9929309,
      -11.972529,
      1
    ],
    "trackingState" : "Normal",
    "timestamp" : 1251288782352
  },
  {
    "transform" : [
      -0.049081657,
      -0.659853,
      0.74979,
      0,
      -0.9865041,
      -0.08537916,
      -0.13971506,
      0,
      0.15620783,
      -0.7465283,
      -0.64675707,
      0,
      -5.1052475,
      -0.99406934,
      -11.968051,
      1
    ],
    "trackingState" : "Normal",
    "timestamp" : 1251288815673
  },
  {
    "transform" : [
      -0.06570901,
      -0.67315674,
      0.73657477,
      0,
      -0.98213077,
      -0.08683238,
      -0.16697104,
      0,
      0.17635621,
      -0.73438424,
      -0.6554222,
      0,
      -5.110426,
      -0.99553347,
      -11.963707,
      1
    ],
    "trackingState" : "Normal",
    "timestamp" : 1251288848994
  },
  {
    "transform" : [
      -0.07974835,
      -0.68558127,
      0.72361493,
      0,
      -0.9786093,
      -0.08425925,
      -0.18768139,
      0,
      0.18964209,
      -0.7231036,
      -0.6641967,
      0,
      -5.115103,
      -0.9975121,
      -11.960105,
      1
    ],
    "trackingState" : "Normal",
    "timestamp" : 1251288882315
  },
  {
    "transform" : [
      -0.08895518,
      -0.70105845,
      0.7075338,
      0,
      -0.97537947,
      -0.08260453,
      -0.2044788,
      0,
      0.20179707,
      -0.70830333,
      -0.67644984,
      0,
      -5.1191235,
      -0.9996519,
      -11.957039,
      1
    ],
    "trackingState" : "Normal",
    "timestamp" : 1251288915636
  },
  {
    "transform" : [
      -0.09234287,
      -0.71823925,
      0.68964136,
      0,
      -0.97192836,
      -0.08550417,
      -0.2191909,
      0,
      0.2163987,
      -0.6905226,
      -0.6901814,
      0,
      -5.121395,
      -1.0017498,
      -11.955155,
      1
    ],
    "trackingState" : "Normal",
    "timestamp" : 1251288948957
  },
  {
    "transform" : [
      -0.093978666,
      -0.7357501,
      0.6707011,
      0,
      -0.9690573,
      -0.08684627,
      -0.23105358,
      0,
      0.22824556,
      -0.6716618,
      -0.70482236,
      0,
      -5.1230593,
      -1.0048175,
      -11.953648,
      1
    ],
    "trackingState" : "Normal",
    "timestamp" : 1251288982277
  },
  {
    "transform" : [
      -0.092862576,
      -0.75213504,
      0.6524337,
      0,
      -0.96845025,
      -0.08396385,
      -0.23463681,
      0,
      0.23125938,
      -0.6536384,
      -0.7206081,
      0,
      -5.124131,
      -1.009138,
      -11.952343,
      1.0000001
    ],
    "trackingState" : "Normal",
    "timestamp" : 1251289015598
  },
  {
    "transform" : [
      -0.092081845,
      -0.76917833,
      0.6323651,
      0,
      -0.96858644,
      -0.078136764,
      -0.23608254,
      0,
      0.23100054,
      -0.6342392,
      -0.73782074,
      0,
      -5.1212006,
      -1.0158939,
      -11.952226,
      1
    ],
    "trackingState" : "Normal",
    "timestamp" : 1251289048919
  },
  {
    "transform" : [
      -0.091687016,
      -0.78932863,
      0.60708636,
      0,
      -0.9688963,
      -0.070010185,
      -0.23735715,
      0,
      0.22985503,
      -0.6099663,
      -0.75835866,
      0,
      -5.118895,
      -1.0231336,
      -11.95133,
      0.99999994
    ],
    "trackingState" : "Normal",
    "timestamp" : 1251289082240
  },
  {
    "transform" : [
      -0.090979174,
      -0.81076837,
      0.5782538,
      0,
      -0.9682898,
      -0.06364822,
      -0.24158627,
      0,
      0.23267536,
      -0.58189654,
      -0.77926815,
      0,
      -5.1169853,
      -1.0313714,
      -11.94972,
      1
    ],
    "trackingState" : "Normal",
    "timestamp" : 1251289115561
  },
  {
    "transform" : [
      -0.09380838,
      -0.83080465,
      0.54860157,
      0,
      -0.9689905,
      -0.050333228,
      -0.24191786,
      0,
      0.22859934,
      -0.55428356,
      -0.80032,
      0,
      -5.112478,
      -1.0419861,
      -11.948472,
      1.0000001
    ],
    "trackingState" : "Normal",
    "timestamp" : 1251289148882
  },
  {
    "transform" : [
      -0.09807888,
      -0.8496454,
      0.5181538,
      0,
      -0.97007674,
      -0.034579836,
      -0.24032374,
      0,
      0.2221076,
      -0.52621955,
      -0.82082963,
      0,
      -5.108856,
      -1.052805,
      -11.9467,
      1
    ],
    "trackingState" : "Normal",
    "timestamp" : 1251289182203
  },
  {
    "transform" : [
      -0.095712684,
      -0.86898667,
      0.4854908,
      0,
      -0.9717272,
      -0.024186853,
      -0.23486477,
      0,
      0.21583684,
      -0.49424407,
      -0.84210294,
      0,
      -5.106683,
      -1.0637968,
      -11.944248,
      1
    ],
    "trackingState" : "Normal",
    "timestamp" : 1251289215524
  },
  {
    "transform" : [
      -0.08742291,
      -0.89093065,
      0.4456455,
      0,
      -0.9740792,
      -0.017238608,
      -0.2255498,
      0,
      0.20863152,
      -0.45381218,
      -0.86632985,
      0,
      -5.10402,
      -1.0751109,
      -11.942087,
      1
    ],
    "trackingState" : "Normal",
    "timestamp" : 1251289248845
  },
  {
    "transform" : [
      -0.08076377,
      -0.9098998,
      0.40689024,
      0,
      -0.97564423,
      -0.011362433,
      -0.21906497,
      0,
      0.2039504,
      -0.41467258,
      -0.88682073,
      0,
      -5.1017103,
      -1.0865345,
      -11.9401,
      1
    ],
    "trackingState" : "Normal",
    "timestamp" : 1251289282166
  },
  {
    "transform" : [
      -0.07812107,
      -0.9239169,
      0.3745324,
      0,
      -0.97697794,
      -0.0038609684,
      -0.21330537,
      0,
      0.19852251,
      -0.38257354,
      -0.9023448,
      0,
      -5.099634,
      -1.0983367,
      -11.938759,
      1
    ],
    "trackingState" : "Normal",
    "timestamp" : 1251289315487
  },
  {
    "transform" : [
      -0.0763403,
      -0.93504876,
      0.34620216,
      0,
      -0.97750527,
      0.0017191253,
      -0.21090445,
      0,
      0.19661076,
      -0.3545149,
      -0.91414636,
      0,
      -5.0966873,
      -1.1107409,
      -11.938863,
      1
    ],
    "trackingState" : "Normal",
    "timestamp" : 1251289348807
  },
  {
    "transform" : [
      -0.0745426,
      -0.944493,
      0.31996322,
      0,
      -0.97898716,
      0.008239229,
      -0.2037558,
      0,
      0.18980965,
      -0.3284283,
      -0.92526066,
      0,
      -5.094003,
      -1.1227707,
      -11.939431,
      1.0000001
    ],
    "trackingState" : "Normal",
    "timestamp" : 1251289382128
  },
  {
    "transform" : [
      -0.0733637,
      -0.95316416,
      0.29342094,
      0,
      -0.9815449,
      0.016910123,
      -0.19048283,
      0,
      0.17659962,
      -0.30198035,
      -0.936814,
      0,
      -5.091608,
      -1.1346245,
      -11.940122,
      1
    ],
    "trackingState" : "Normal",
    "timestamp" : 1251289415449
  },
  {
    "transform" : [
      -0.07519765,
      -0.960695,
      0.26722726,
      0,
      -0.9827472,
      0.025987154,
      -0.18311964,
      0,
      0.16897763,
      -0.27638698,
      -0.9460745,
      0,
      -5.089328,
      -1.1464071,
      -11.940939,
      1
    ],
    "trackingState" : "Normal",
    "timestamp" : 1251289448770
  },
  {
    "transform" : [
      -0.07604107,
      -0.9679406,
      0.23939198,
      0,
      -0.9825567,
      0.03187742,
      -0.18321082,
      0,
      0.16970599,
      -0.24914776,
      -0.95348054,
      0,
      -5.087349,
      -1.1575501,
      -11.94197,
      1
    ],
    "trackingState" : "Normal",
    "timestamp" : 1251289482091
  },
  {
    "transform" : [
      -0.07139052,
      -0.97480994,
      0.21130298,
      0,
      -0.983773,
      0.033854395,
      -0.17619471,
      0,
      0.1646028,
      -0.2204528,
      -0.9614087,
      0,
      -5.0862713,
      -1.1681705,
      -11.943042,
      1
    ],
    "trackingState" : "Normal",
    "timestamp" : 1251289515412
  },
  {
    "transform" : [
      -0.06489735,
      -0.98115665,
      0.18198885,
      0,
      -0.9861183,
      0.03512389,
      -0.16228703,
      0,
      0.15283681,
      -0.18999454,
      -0.969816,
      0,
      -5.0851564,
      -1.1788416,
      -11.944065,
      1
    ],
    "trackingState" : "Normal",
    "timestamp" : 1251289548733
  },
  {
    "transform" : [
      -0.071493715,
      -0.98562765,
      0.15305789,
      0,
      -0.986647,
      0.047368366,
      -0.1558331,
      0,
      0.14634328,
      -0.16215518,
      -0.97585315,
      0,
      -5.0829544,
      -1.1893257,
      -11.9448395,
      0.99999994
    ],
    "trackingState" : "Normal",
    "timestamp" : 1251289582054
  },
  {
    "transform" : [
      -0.07357262,
      -0.9894591,
      0.1247307,
      0,
      -0.9861466,
      0.05353506,
      -0.15699938,
      0,
      0.14866696,
      -0.13455363,
      -0.97969055,
      0,
      -5.081318,
      -1.1994905,
      -11.945272,
      1
    ],
    "trackingState" : "Normal",
    "timestamp" : 1251289615375
  },
  {
    "transform" : [
      -0.06103573,
      -0.9942129,
      0.08840303,
      0,
      -0.98751307,
      0.047261845,
      -0.15028039,
      0,
      0.14523263,
      -0.09647162,
      -0.984683,
      0,
      -5.0807223,
      -1.2095774,
      -11.944917,
      0.9999999
    ],
    "trackingState" : "Normal",
    "timestamp" : 1251289648696
  },
  {
    "transform" : [
      -0.05213173,
      -0.9972462,
      0.052747432,
      0,
      -0.99051064,
      0.044909246,
      -0.12989177,
      0,
      0.12716523,
      -0.059018377,
      -0.9901242,
      0,
      -5.079651,
      -1.2207601,
      -11.944456,
      1
    ],
    "trackingState" : "Normal",
    "timestamp" : 1251289682016
  },
  {
    "transform" : [
      -0.049889456,
      -0.9984797,
      0.023437481,
      0,
      -0.99279,
      0.047016963,
      -0.11026179,
      0,
      0.108992204,
      -0.028769394,
      -0.99362624,
      0,
      -5.0778766,
      -1.2323204,
      -11.943584,
      0.99999994
    ],
    "trackingState" : "Normal",
    "timestamp" : 1251289715338
  },
  {
    "transform" : [
      -0.049741868,
      -0.9987251,
      -0.008590923,
      0,
      -0.99369246,
      0.050353117,
      -0.100199655,
      0,
      0.10050448,
      0.0035526163,
      -0.9949303,
      0,
      -5.0761414,
      -1.2441813,
      -11.941505,
      0.99999994
    ],
    "trackingState" : "Normal",
    "timestamp" : 1251289748658
  },
  {
    "transform" : [
      -0.046360817,
      -0.9978528,
      -0.046265632,
      0,
      -0.995019,
      0.050221726,
      -0.08611144,
      0,
      0.08825006,
      0.04204298,
      -0.99521077,
      0,
      -5.074683,
      -1.2557529,
      -11.938929,
      0.99999994
    ],
    "trackingState" : "Normal",
    "timestamp" : 1251289781979
  },
  {
    "transform" : [
      -0.042197097,
      -0.99568987,
      -0.08258955,
      0,
      -0.9970994,
      0.047208868,
      -0.05970121,
      0,
      0.06334284,
      0.079830766,
      -0.9947939,
      0,
      -5.0734367,
      -1.2671251,
      -11.935997,
      1
    ],
    "trackingState" : "Normal",
    "timestamp" : 1251289815300
  },
  {
    "transform" : [
      -0.041919716,
      -0.99271435,
      -0.11296438,
      0,
      -0.998315,
      0.04615798,
      -0.035166997,
      0,
      0.040124968,
      0.11129983,
      -0.9929765,
      0,
      -5.071419,
      -1.2783542,
      -11.932426,
      1
    ],
    "trackingState" : "Normal",
    "timestamp" : 1251289848621
  },
  {
    "transform" : [
      -0.04525026,
      -0.98910797,
      -0.14006382,
      0,
      -0.9987823,
      0.047553368,
      -0.013138748,
      0,
      0.01965612,
      0.13929874,
      -0.9900554,
      0,
      -5.0693913,
      -1.2890378,
      -11.928494,
      0.99999994
    ],
    "trackingState" : "Normal",
    "timestamp" : 1251289881942
  },
  {
    "transform" : [
      -0.045577794,
      -0.98446625,
      -0.16955477,
      0,
      -0.9989154,
      0.043294746,
      0.017139787,
      0,
      -0.009532734,
      0.17015207,
      -0.98537177,
      0,
      -5.0677357,
      -1.2991154,
      -11.923769,
      1
    ],
    "trackingState" : "Normal",
    "timestamp" : 1251289915263
  },
  {
    "transform" : [
      -0.047274884,
      -0.97923267,
      -0.19715083,
      0,
      -0.99793124,
      0.03769185,
      0.0520819,
      0,
      -0.043569345,
      0.19920513,
      -0.9789889,
      0,
      -5.065714,
      -1.3087122,
      -11.917966,
      1
    ],
    "trackingState" : "Normal",
    "timestamp" : 1251289948584
  },
  {
    "transform" : [
      -0.059070464,
      -0.97471905,
      -0.21548401,
      0,
      -0.99551296,
      0.04153443,
      0.08502254,
      0,
      -0.07392311,
      0.21953943,
      -0.972799,
      0,
      -5.0628653,
      -1.3175069,
      -11.912312,
      0.99999994
    ],
    "trackingState" : "Normal",
    "timestamp" : 1251289981905
  },
  {
    "transform" : [
      -0.070282616,
      -0.9706163,
      -0.23013975,
      0,
      -0.9924043,
      0.044683713,
      0.11461741,
      0,
      -0.100966044,
      0.23644727,
      -0.96638423,
      0,
      -5.060176,
      -1.3253672,
      -11.906274,
      1
    ],
    "trackingState" : "Normal",
    "timestamp" : 1251290015226
  },
  {
    "transform" : [
      -0.07389781,
      -0.9650644,
      -0.25137573,
      0,
      -0.98839295,
      0.03732592,
      0.14726223,
      0,
      -0.13273473,
      0.25934035,
      -0.95662117,
      0,
      -5.057988,
      -1.3324051,
      -11.898406,
      1
    ],
    "trackingState" : "Normal",
    "timestamp" : 1251290048546
  },
  {
    "transform" : [
      -0.08457202,
      -0.95743126,
      -0.2759944,
      0,
      -0.9825032,
      0.0340005,
      0.18311648,
      0,
      -0.16593753,
      0.28665185,
      -0.9435547,
      0,
      -5.054775,
      -1.3395875,
      -11.890619,
      1
    ],
    "trackingState" : "Normal",
    "timestamp" : 1251290081867
  },
  {
    "transform" : [
      -0.10520343,
      -0.94988513,
      -0.29436448,
      0,
      -0.975302,
      0.04074495,
      0.21708494,
      0,
      -0.19421193,
      0.30993232,
      -0.9307114,
      0,
      -5.0504274,
      -1.3469911,
      -11.883626,
      1
    ],
    "trackingState" : "Normal",
    "timestamp" : 1251290115188
  },
  {
    "transform" : [
      -0.12701774,
      -0.94256383,
      -0.30893338,
      0,
      -0.9672087,
      0.048634212,
      0.24928287,
      0,
      -0.21994032,
      0.3304664,
      -0.9178334,
      0,
      -5.0464983,
      -1.3535801,
      -11.875444,
      0.9999999
    ],
    "trackingState" : "Normal",
    "timestamp" : 1251290148509
  },
  {
    "transform" : [
      -0.14765523,
      -0.9341797,
      -0.3248174,
      0,
      -0.9582377,
      0.05379953,
      0.28086674,
      0,
      -0.244905,
      0.35272366,
      -0.90311,
      0,
      -5.0421247,
      -1.3609273,
      -11.867972,
      1
    ],
    "trackingState" : "Normal",
    "timestamp" : 1251290181830
  },
  {
    "transform" : [
      -0.17288712,
      -0.9250063,
      -0.3383392,
      0,
      -0.9463968,
      0.060854934,
      0.31722194,
      0,
      -0.2728427,
      0.37504673,
      -0.885944,
      0,
      -5.036998,
      -1.3688784,
      -11.861376,
      1
    ],
    "trackingState" : "Normal",
    "timestamp" : 1251290215151
  },
  {
    "transform" : [
      -0.20096251,
      -0.9157071,
      -0.3479864,
      0,
      -0.93250984,
      0.07001165,
      0.35429353,
      0,
      -0.30006605,
      0.39570042,
      -0.8679756,
      0,
      -5.0319734,
      -1.3753117,
      -11.853722,
      0.99999994
    ],
    "trackingState" : "Normal",
    "timestamp" : 1251290248472
  },
  {
    "transform" : [
      -0.22313625,
      -0.90578777,
      -0.36022043,
      0,
      -0.9200927,
      0.07366524,
      0.38471153,
      0,
      -0.32193124,
      0.41727924,
      -0.8498461,
      0,
      -5.0266914,
      -1.382051,
      -11.846815,
      1
    ],
    "trackingState" : "Normal",
    "timestamp" : 1251290281793
  },
  {
    "transform" : [
      -0.24517334,
      -0.8956428,
      -0.37109816,
      0,
      -0.9070954,
      0.07683351,
      0.41385332,
      0,
      -0.342152,
      0.43808722,
      -0.8312711,
      0,
      -5.0208673,
      -1.3887525,
      -11.841024,
      1
    ],
    "trackingState" : "Normal",
    "timestamp" : 1251290315113
  },
  {
    "transform" : [
      -0.26961094,
      -0.88738376,
      -0.37397853,
      0,
      -0.8907625,
      0.0822706,
      0.44696063,
      0,
      -0.36585817,
      0.45363152,
      -0.81262934,
      0,
      -5.014332,
      -1.3947093,
      -11.836469,
      1
    ],
    "trackingState" : "Normal",
    "timestamp" : 1251290348434
  },
  {
    "transform" : [
      -0.29258743,
      -0.88108736,
      -0.371588,
      0,
      -0.8717582,
      0.086078785,
      0.4823152,
      0,
      -0.39297605,
      0.4650543,
      -0.79328084,
      0,
      -5.007552,
      -1.3985137,
      -11.833606,
      0.99999994
    ],
    "trackingState" : "Normal",
    "timestamp" : 1251290381755
  },
  {
    "transform" : [
      -0.31126896,
      -0.87632275,
      -0.3676548,
      0,
      -0.85101587,
      0.084856674,
      0.5182388,
      0,
      -0.42294648,
      0.47419167,
      -0.7721779,
      0,
      -5.0000353,
      -1.4020525,
      -11.831505,
      1.0000001
    ],
    "trackingState" : "Normal",
    "timestamp" : 1251290415076
  },
  {
    "transform" : [
      -0.32907856,
      -0.8730737,
      -0.3597909,
      0,
      -0.8282185,
      0.08382891,
      0.55410004,
      0,
      -0.4536093,
      0.4803279,
      -0.75068223,
      0,
      -4.9914894,
      -1.4053837,
      -11.830596,
      0.99999994
    ],
    "trackingState" : "Normal",
    "timestamp" : 1251290448397
  },
  {
    "transform" : [
      -0.3474871,
      -0.8714554,
      -0.34614775,
      0,
      -0.8022453,
      0.08518644,
      0.59088564,
      0,
      -0.48544335,
      0.4830205,
      -0.72872216,
      0,
      -4.981997,
      -1.4055563,
      -11.833294,
      0.99999994
    ],
    "trackingState" : "Normal",
    "timestamp" : 1251290481718
  },
  {
    "transform" : [
      -0.36327285,
      -0.8702287,
      -0.3327682,
      0,
      -0.7771347,
      0.08601753,
      0.6234279,
      0,
      -0.51390105,
      0.48508018,
      -0.70753294,
      0,
      -4.971745,
      -1.4068953,
      -11.835748,
      0.9999999
    ],
    "trackingState" : "Normal",
    "timestamp" : 1251290515039
  },
  {
    "transform" : [
      -0.37636867,
      -0.86794317,
      -0.32406983,
      0,
      -0.755244,
      0.08482936,
      0.64993113,
      0,
      -0.5366128,
      0.48936552,
      -0.687436,
      0,
      -4.9607887,
      -1.4089215,
      -11.837959,
      1
    ],
    "trackingState" : "Normal",
    "timestamp" : 1251290548360
  },
  {
    "transform" : [
      -0.3905191,
      -0.8646445,
      -0.31604534,
      0,
      -0.7297036,
      0.081421345,
      0.6788985,
      0,
      -0.5612731,
      0.49574223,
      -0.66273093,
      0,
      -4.9484425,
      -1.4100296,
      -11.841296,
      1
    ],
    "trackingState" : "Normal",
    "timestamp" : 1251290581681
  },
  {
    "transform" : [
      -0.40497404,
      -0.86221755,
      -0.3042645,
      0,
      -0.70111656,
      0.07924108,
      0.7086301,
      0,
      -0.586883,
      0.5003016,
      -0.6366056,
      0,
      -4.935521,
      -1.4113848,
      -11.845158,
      1
    ],
    "trackingState" : "Normal",
    "timestamp" : 1251290615002
  },
  {
    "transform" : [
      -0.41693676,
      -0.86155874,
      -0.28962085,
      0,
      -0.6738045,
      0.07911275,
      0.7346623,
      0,
      -0.6100421,
      0.50145555,
      -0.61350715,
      0,
      -4.9221144,
      -1.4126893,
      -11.849604,
      0.99999994
    ],
    "trackingState" : "Normal",
    "timestamp" : 1251290648322
  },
  {
    "transform" : [
      -0.42846087,
      -0.8606261,
      -0.2752163,
      0,
      -0.6448904,
      0.07792644,
      0.760292,
      0,
      -0.6328805,
      0.5032397,
      -0.5883979,
      0,
      -4.9082594,
      -1.413697,
      -11.85706,
      1
    ],
    "trackingState" : "Normal",
    "timestamp" : 1251290681643
  },
  {
    "transform" : [
      -0.4398198,
      -0.8596548,
      -0.25990805,
      0,
      -0.61443263,
      0.07695879,
      0.7852071,
      0,
      -0.6550048,
      0.50504553,
      -0.5620479,
      0,
      -4.8935194,
      -1.4148724,
      -11.863515,
      1
    ],
    "trackingState" : "Normal",
    "timestamp" : 1251290714964
  },
  {
    "transform" : [
      -0.44989312,
      -0.8595397,
      -0.24246137,
      0,
      -0.5860071,
      0.07924532,
      0.8064215,
      0,
      -0.67393744,
      0.50488764,
      -0.53934836,
      0,
      -4.8781233,
      -1.4160537,
      -11.869894,
      0.9999999
    ],
    "trackingState" : "Normal",
    "timestamp" : 1251290748285
  },
  {
    "transform" : [
      -0.45738184,
      -0.85981435,
      -0.22698276,
      0,
      -0.5607407,
      0.08074847,
      0.82404464,
      0,
      -0.6901969,
      0.5041815,
      -0.5190658,
      0,
      -4.8637724,
      -1.4157712,
      -11.8802,
      1
    ],
    "trackingState" : "Normal",
    "timestamp" : 1251290781606
  },
  {
    "transform" : [
      -0.46444646,
      -0.85917336,
      -0.21473382,
      0,
      -0.5351822,
      0.07910751,
      0.8410244,
      0,
      -0.7055987,
      0.50553256,
      -0.49655548,
      0,
      -4.848219,
      -1.4163653,
      -11.888301,
      0.99999994
    ],
    "trackingState" : "Normal",
    "timestamp" : 1251290814927
  },
  {
    "transform" : [
      -0.4703375,
      -0.85910326,
      -0.20180199,
      0,
      -0.5082575,
      0.07676787,
      0.85777664,
      0,
      -0.72142696,
      0.50601196,
      -0.47275254,
      0,
      -4.8321056,
      -1.4171375,
      -11.89593,
      0.9999999
    ],
    "trackingState" : "Normal",
    "timestamp" : 1251290848248
  },
  {
    "transform" : [
      -0.47535458,
      -0.8595716,
      -0.18754926,
      0,
      -0.4824753,
      0.076430194,
      0.87256867,
      0,
      -0.7357008,
      0.5052674,
      -0.45105356,
      0,
      -4.816205,
      -1.4174907,
      -11.906311,
      1
    ],
    "trackingState" : "Normal",
    "timestamp" : 1251290881569
  },
  {
    "transform" : [
      -0.48028153,
      -0.85915065,
      -0.1766067,
      0,
      -0.4621602,
      0.07675075,
      0.8834689,
      0,
      -0.7454782,
      0.50593436,
      -0.4339272,
      0,
      -4.7995644,
      -1.4177687,
      -11.915179,
      1
    ],
    "trackingState" : "Normal",
    "timestamp" : 1251290914890
  },
  {
    "transform" : [
      -0.48361856,
      -0.8591768,
      -0.1671177,
      0,
      -0.4416642,
      0.074702814,
      0.8940651,
      0,
      -0.7556758,
      0.5061963,
      -0.41559532,
      0,
      -4.782659,
      -1.4178926,
      -11.923612,
      1.0000001
    ],
    "trackingState" : "Normal",
    "timestamp" : 1251290948210
  },
  {
    "transform" : [
      -0.48399442,
      -0.8617165,
      -0.15229584,
      0,
      -0.4188321,
      0.07530837,
      0.9049356,
      0,
      -0.7683288,
      0.50177014,
      -0.39736342,
      0,
      -4.76571,
      -1.4184613,
      -11.93384,
      1
    ],
    "trackingState" : "Normal",
    "timestamp" : 1251290981531
  },
  {
    "transform" : [
      -0.4831752,
      -0.8649072,
      -0.13593122,
      0,
      -0.3982799,
      0.07887081,
      0.91386676,
      0,
      -0.779689,
      0.49569643,
      -0.3825836,
      0,
      -4.749283,
      -1.4181974,
      -11.943297,
      1
    ],
    "trackingState" : "Normal",
    "timestamp" : 1251291014852
  },
  {
    "transform" : [
      -0.47999644,
      -0.8684799,
      -0.12387836,
      0,
      -0.38508412,
      0.08170938,
      0.9192571,
      0,
      -0.7882344,
      0.4889438,
      -0.37365806,
      0,
      -4.733337,
      -1.4172839,
      -11.952246,
      0.9999999
    ],
    "trackingState" : "Normal",
    "timestamp" : 1251291048173
  },
  {
    "transform" : [
      -0.4772242,
      -0.87113124,
      -0.115704045,
      0,
      -0.37015438,
      0.07984884,
      0.9255322,
      0,
      -0.79702127,
      0.48451474,
      -0.36055887,
      0,
      -4.717578,
      -1.4179206,
      -11.960125,
      1
    ],
    "trackingState" : "Normal",
    "timestamp" : 1251291081494
  },
  {
    "transform" : [
      -0.47952172,
      -0.87053293,
      -0.11059549,
      0,
      -0.34331,
      0.07011883,
      0.9366011,
      0,
      -0.8075873,
      0.48708907,
      -0.3324862,
      0,
      -4.701807,
      -1.4172544,
      -11.968012,
      1
    ],
    "trackingState" : "Normal",
    "timestamp" : 1251291114815
  },
  {
    "transform" : [
      -0.47963345,
      -0.8709882,
      -0.106448464,
      0,
      -0.3104516,
      0.054976165,
      0.9489982,
      0,
      -0.8207142,
      0.48821834,
      -0.29676813,
      0,
      -4.685835,
      -1.4163826,
      -11.975942,
      1
    ],
    "trackingState" : "Normal",
    "timestamp" : 1251291148136
  },
  {
    "transform" : [
      -0.47699344,
      -0.8729454,
      -0.10219336,
      0,
      -0.29353103,
      0.04862523,
      0.95471215,
      0,
      -0.8284424,
      0.48538834,
      -0.27943057,
      0,
      -4.668783,
      -1.4170206,
      -11.983731,
      1
    ],
    "trackingState" : "Normal",
    "timestamp" : 1251291181457
  },
  {
    "transform" : [
      -0.4788843,
      -0.87264484,
      -0.095710896,
      0,
      -0.28416047,
      0.050930418,
      0.957423,
      0,
      -0.83061576,
      0.48569214,
      -0.272361,
      0,
      -4.6517987,
      -1.4167904,
      -11.992421,
      0.9999999
    ],
    "trackingState" : "Normal",
    "timestamp" : 1251291214778
  },
  {
    "transform" : [
      -0.48799574,
      -0.86837703,
      -0.088212855,
      0,
      -0.26712835,
      0.052368764,
      0.96223706,
      0,
      -0.8309649,
      0.49313167,
      -0.25752386,
      0,
      -4.633442,
      -1.4178653,
      -12.000847,
      1
    ],
    "trackingState" : "Normal",
    "timestamp" : 1251291248099
  },
  {
    "transform" : [
      -0.5006954,
      -0.8617618,
      -0.08167423,
      0,
      -0.25134683,
      0.054447938,
      0.9663644,
      0,
      -0.828329,
      0.5043828,
      -0.24386296,
      0,
      -4.614935,
      -1.4190564,
      -12.008987,
      1
    ],
    "trackingState" : "Normal",
    "timestamp" : 1251291281420
  },
  {
    "transform" : [
      -0.51339096,
      -0.85432446,
      -0.080989465,
      0,
      -0.24309824,
      0.054274004,
      0.9684821,
      0,
      -0.8230024,
      0.51689833,
      -0.23554865,
      0,
      -4.5962224,
      -1.42039,
      -12.016554,
      0.9999999
    ],
    "trackingState" : "Normal",
    "timestamp" : 1251291314741
  },
  {
    "transform" : [
      -0.52672344,
      -0.8465445,
      -0.07697217,
      0,
      -0.22880058,
      0.05398368,
      0.9719754,
      0,
      -0.81866515,
      0.52957344,
      -0.2221244,
      0,
      -4.57689,
      -1.4218171,
      -12.023991,
      1
    ],
    "trackingState" : "Normal",
    "timestamp" : 1251291348061
  },
  {
    "transform" : [
      -0.5339142,
      -0.8426778,
      -0.069496036,
      0,
      -0.2068521,
      0.05048057,
      0.97706914,
      0,
      -0.8198463,
      0.5360465,
      -0.201262,
      0,
      -4.5559797,
      -1.4249662,
      -12.031306,
      0.99999994
    ],
    "trackingState" : "Normal",
    "timestamp" : 1251291381382
  },
  {
    "transform" : [
      -0.5368862,
      -0.84107715,
      -0.06589669,
      0,
      -0.18545786,
      0.0414634,
      0.98177713,
      0,
      -0.823018,
      0.5393236,
      -0.17824553,
      0,
      -4.5361347,
      -1.4270461,
      -12.038106,
      1
    ],
    "trackingState" : "Normal",
    "timestamp" : 1251291414703
  },
  {
    "transform" : [
      -0.54039156,
      -0.83906746,
      -0.06279272,
      0,
      -0.16430293,
      0.032037027,
      0.98588973,
      0,
      -0.82521623,
      0.54308337,
      -0.15517378,
      0,
      -4.5159483,
      -1.4293158,
      -12.044677,
      1
    ],
    "trackingState" : "Normal",
    "timestamp" : 1251291448024
  },
  {
    "transform" : [
      -0.5460012,
      -0.83585227,
      -0.05686554,
      0,
      -0.14586146,
      0.02800221,
      0.98890865,
      0,
      -0.8249892,
      0.5482398,
      -0.1372079,
      0,
      -4.4942837,
      -1.4329469,
      -12.051737,
      1
    ],
    "trackingState" : "Normal",
    "timestamp" : 1251291481345
  },
  {
    "transform" : [
      -0.55202633,
      -0.8323791,
      -0.049109355,
      0,
      -0.13117069,
      0.028526435,
      0.9909492,
      0,
      -0.8234446,
      0.55347186,
      -0.124931134,
      0,
      -4.4736767,
      -1.4355807,
      -12.058801,
      1
    ],
    "trackingState" : "Normal",
    "timestamp" : 1251291514666
  },
  {
    "transform" : [
      -0.555451,
      -0.8306488,
      -0.038688168,
      0,
      -0.11408433,
      0.030037066,
      0.9930169,
      0,
      -0.82368624,
      0.55598587,
      -0.11144815,
      0,
      -4.45204,
      -1.4381064,
      -12.0671215,
      0.99999994
    ],
    "trackingState" : "Normal",
    "timestamp" : 1251291547987
  },
  {
    "transform" : [
      -0.553562,
      -0.832457,
      -0.024176659,
      0,
      -0.08811068,
      0.02967455,
      0.9956687,
      0,
      -0.8281339,
      0.55329454,
      -0.08977507,
      0,
      -4.4316616,
      -1.4397402,
      -12.075142,
      1
    ],
    "trackingState" : "Normal",
    "timestamp" : 1251291581308
  },
  {
    "transform" : [
      -0.55422664,
      -0.83230025,
      -0.010442272,
      0,
      -0.068394996,
      0.03303403,
      0.9971113,
      0,
      -0.8295511,
      0.5533399,
      -0.07523353,
      0,
      -4.4113913,
      -1.4405681,
      -12.083295,
      1.0000001
    ],
    "trackingState" : "Normal",
    "timestamp" : 1251291614628
  },
  {
    "transform" : [
      -0.5629463,
      -0.8264795,
      -0.0048089367,
      0,
      -0.06627612,
      0.039341904,
      0.9970255,
      0,
      -0.8238319,
      0.5615905,
      -0.07692326,
      0,
      -4.3890266,
      -1.4414473,
      -12.093041,
      1
    ],
    "trackingState" : "Normal",
    "timestamp" : 1251291647949
  },
  {
    "transform" : [
      -0.56598264,
      -0.82441694,
      0.0007406412,
      0,
      -0.05048262,
      0.03555425,
      0.99809194,
      0,
      -0.8228702,
      0.5648652,
      -0.06174183,
      0,
      -4.368826,
      -1.4417615,
      -12.102463,
      1
    ],
    "trackingState" : "Normal",
    "timestamp" : 1251291681270
  },
  {
    "transform" : [
      -0.5622409,
      -0.82695615,
      0.0053554876,
      0,
      -0.030810867,
      0.02741871,
      0.999149,
      0,
      -0.8263994,
      0.5615974,
      -0.04089517,
      0,
      -4.3502913,
      -1.441784,
      -12.112086,
      0.99999994
    ],
    "trackingState" : "Normal",
    "timestamp" : 1251291714591
  },
  {
    "transform" : [
      -0.56376445,
      -0.82592374,
      0.004409573,
      0,
      -0.034519054,
      0.028895801,
      0.9989862,
      0,
      -0.8252139,
      0.5630407,
      -0.044800557,
      0,
      -4.331059,
      -1.4421402,
      -12.1232605,
      0.9999999
    ],
    "trackingState" : "Normal",
    "timestamp" : 1251291747912
  },
  {
    "transform" : [
      -0.56850106,
      -0.8226487,
      0.00746123,
      0,
      -0.028084466,
      0.02847062,
      0.9992,
      0,
      -0.82220304,
      0.5678367,
      -0.039289247,
      0,
      -4.3137574,
      -1.4423062,
      -12.134867,
      0.99999994
    ],
    "trackingState" : "Normal",
    "timestamp" : 1251291781233
  },
  {
    "transform" : [
      -0.5709621,
      -0.82083154,
      0.0154252,
      0,
      -0.0033863385,
      0.021143375,
      0.99977076,
      0,
      -0.8209695,
      0.5707789,
      -0.014851692,
      0,
      -4.2978096,
      -1.4423878,
      -12.146548,
      1
    ],
    "trackingState" : "Normal",
    "timestamp" : 1251291814554
  },
  {
    "transform" : [
      -0.5720658,
      -0.81999254,
      0.018787391,
      0,
      0.009944951,
      0.01596955,
      0.99982303,
      0,
      -0.82014745,
      0.5721514,
      -0.0009808658,
      0,
      -4.282278,
      -1.4425457,
      -12.158986,
      1
    ],
    "trackingState" : "Normal",
    "timestamp" : 1251291847875
  },
  {
    "transform" : [
      -0.57242763,
      -0.8196142,
      0.02364588,
      0,
      0.014408094,
      0.018779172,
      0.9997198,
      0,
      -0.8198287,
      0.572608,
      0.001059345,
      0,
      -4.26663,
      -1.442675,
      -12.1725445,
      0.99999994
    ],
    "trackingState" : "Normal",
    "timestamp" : 1251291881195
  },
  {
    "transform" : [
      -0.57197267,
      -0.8196539,
      0.03185378,
      0,
      0.02585032,
      0.020802166,
      0.9994494,
      0,
      -0.8198652,
      0.5724812,
      0.0092900265,
      0,
      -4.250849,
      -1.4429486,
      -12.187208,
      1
    ],
    "trackingState" : "Normal",
    "timestamp" : 1251291914516
  },
  {
    "transform" : [
      -0.57242864,
      -0.81912225,
      0.0369352,
      0,
      0.03553736,
      0.02021887,
      0.9991638,
      0,
      -0.8191842,
      0.5732625,
      0.017535565,
      0,
      -4.2365093,
      -1.4430656,
      -12.203552,
      1
    ],
    "trackingState" : "Normal",
    "timestamp" : 1251291947837
  },
  {
    "transform" : [
      -0.57288855,
      -0.8188305,
      0.03626486,
      0,
      0.03285675,
      0.021266706,
      0.9992338,
      0,
      -0.81897444,
      0.5736411,
      0.014720642,
      0,
      -4.221497,
      -1.4436489,
      -12.2197895,
      0.9999999
    ],
    "trackingState" : "Normal",
    "timestamp" : 1251291981158
  },
  {
    "transform" : [
      -0.57137233,
      -0.81996304,
      0.03455664,
      0,
      0.030941684,
      0.020554075,
      0.99930984,
      0,
      -0.8201075,
      0.57204723,
      0.01362699,
      0,
      -4.2059927,
      -1.4447029,
      -12.236417,
      1
    ],
    "trackingState" : "Normal",
    "timestamp" : 1251292014479
  },
  {
    "transform" : [
      -0.5704802,
      -0.82070535,
      0.031545065,
      0,
      0.028023202,
      0.01893536,
      0.999428,
      0,
      -0.8208332,
      0.5710378,
      0.012196526,
      0,
      -4.191577,
      -1.4459157,
      -12.254228,
      1
    ],
    "trackingState" : "Normal",
    "timestamp" : 1251292047800
  },
  {
    "transform" : [
      -0.5732673,
      -0.8190171,
      0.023991948,
      0,
      0.018521488,
      0.01632064,
      0.99969524,
      0,
      -0.81915915,
      0.57353693,
      0.005813307,
      0,
      -4.176529,
      -1.4471521,
      -12.272158,
      1
    ],
    "trackingState" : "Normal",
    "timestamp" : 1251292081121
  },
  {
    "transform" : [
      -0.5740131,
      -0.81869775,
      0.015586365,
      0,
      0.0077269054,
      0.013618118,
      0.9998775,
      0,
      -0.81880975,
      0.5740632,
      -0.0014909945,
      0,
      -4.161235,
      -1.4481207,
      -12.290175,
      1.0000001
    ],
    "trackingState" : "Normal",
    "timestamp" : 1251292114442
  },
  {
    "transform" : [
      -0.56840885,
      -0.82271487,
      0.0071855965,
      0,
      -0.0027053286,
      0.010602592,
      0.99994016,
      0,
      -0.8227418,
      0.5683554,
      -0.0082523385,
      0,
      -4.146641,
      -1.4485884,
      -12.308655,
      1
    ],
    "trackingState" : "Normal",
    "timestamp" : 1251292147763
  },
  {
