[
  {
    "timestamp" : 1251123858964,
    "transform" : [
      0.11855582,
      -0.99021405,
      0.07362515,
      0,
      0.61886615,
      0.015703125,
      -0.78533953,
      0,
      0.7764981,
      0.13867067,
      0.61467165,
      0,
      -0.84456027,
      -1.2759149,
      -4.270095,
      1
    ],
    "trackingState" : "Normal"
  },
  {
    "timestamp" : 1251123875616,
    "transform" : [
      0.12256521,
      -0.9896398,
      0.0747703,
      0,
      0.62719536,
      0.018848933,
      -0.7786338,
      0,
      0.76915777,
      0.142329,
      0.62300783,
      0,
      -0.85350454,
      -1.2766083,
      -4.278221,
      0.9999999
    ],
    "trackingState" : "Normal"
  },
  {
    "timestamp" : 1251123892270,
    "transform" : [
      0.12457792,
      -0.9894108,
      0.07447493,
      0,
      0.63356024,
      0.021557506,
      -0.7733931,
      0,
      0.76359797,
      0.14353204,
      0.6295369,
      0,
      -0.86235034,
      -1.2775795,
      -4.2867317,
      1
    ],
    "trackingState" : "Normal"
  },
  {
    "timestamp" : 1251123908922,
    "transform" : [
      0.12519854,
      -0.9893254,
      0.07456793,
      0,
      0.638643,
      0.022846095,
      -0.7691638,
      0,
      0.7592499,
      0.1439205,
      0.63468623,
      0,
      -0.87093544,
      -1.2786527,
      -4.2954483,
      1
    ],
    "trackingState" : "Normal"
  },
  {
    "timestamp" : 1251123925576,
    "transform" : [
      0.1260529,
      -0.9891078,
      0.07600272,
      0,
      0.64330626,
      0.02318143,
      -0.7652579,
      0,
      0.75516075,
      0.145356,
      0.6392214,
      0,
      -0.8792523,
      -1.2797012,
      -4.304244,
      1
    ],
    "trackingState" : "Normal"
  },
  {
    "timestamp" : 1251123942228,
    "transform" : [
      0.12863281,
      -0.9885868,
      0.07842071,
      0,
      0.64776367,
      0.023881447,
      -0.761467,
      0,
      0.75090337,
      0.14874774,
      0.64344263,
      0,
      -0.88748133,
      -1.2808083,
      -4.31323,
      1.0000001
    ],
    "trackingState" : "Normal"
  },
  {
    "timestamp" : 1251123958881,
    "transform" : [
      0.1328196,
      -0.98785037,
      0.080688395,
      0,
      0.6524899,
      0.025867902,
      -0.7573558,
      0,
      0.746067,
      0.15324004,
      0.6479982,
      0,
      -0.89568186,
      -1.281965,
      -4.322393,
      1
    ],
    "trackingState" : "Normal"
  },
  {
    "timestamp" : 1251123975534,
    "transform" : [
      0.1370845,
      -0.98713464,
      0.0822991,
      0,
      0.65817344,
      0.028679097,
      -0.75232,
      0,
      0.7402808,
      0.15729848,
      0.65363723,
      0,
      -0.9038248,
      -1.2831156,
      -4.3317213,
      1
    ],
    "trackingState" : "Normal"
  },
  {
    "timestamp" : 1251123992187,
    "transform" : [
      0.13993594,
      -0.9866225,
      0.083629325,
      0,
      0.6650345,
      0.03107662,
      -0.74616575,
      0,
      0.73358506,
      0.16003178,
      0.6604868,
      0,
      -0.91120976,
      -1.2845551,
      -4.340521,
      0.99999994
    ],
    "trackingState" : "Normal"
  },
  {
    "timestamp" : 1251124008840,
    "transform" : [
      0.14104645,
      -0.98628193,
      0.08575438,
      0,
      0.672672,
      0.03192183,
      -0.73925185,
      0,
      0.72637343,
      0.16195343,
      0.66794676,
      0,
      -0.9182091,
      -1.2860196,
      -4.349345,
      1
    ],
    "trackingState" : "Normal"
  },
  {
    "timestamp" : 1251124025493,
    "transform" : [
      0.14109746,
      -0.985951,
      0.089397766,
      0,
      0.67983073,
      0.030852325,
      -0.7327198,
      0,
      0.7196678,
      0.16416025,
      0.6746331,
      0,
      -0.92559445,
      -1.2870976,
      -4.3591275,
      0.9999999
    ],
    "trackingState" : "Normal"
  },
  {
    "timestamp" : 1251124042146,
    "transform" : [
      0.14075594,
      -0.9855365,
      0.09436819,
      0,
      0.6858991,
      0.028334843,
      -0.7271447,
      0,
      0.71395385,
      0.167077,
      0.679967,
      0,
      -0.93299234,
      -1.2880379,
      -4.3693876,
      0.9999999
    ],
    "trackingState" : "Normal"
  },
  {
    "timestamp" : 1251124058799,
    "transform" : [
      0.13999149,
      -0.9851491,
      0.09941659,
      0,
      0.6911283,
      0.02532067,
      -0.7222884,
      0,
      0.70904446,
      0.16982386,
      0.6844092,
      0,
      -0.9402921,
      -1.2889335,
      -4.3798933,
      1
    ],
    "trackingState" : "Normal"
  },
  {
    "timestamp" : 1251124075452,
    "transform" : [
      0.13878226,
      -0.9849205,
      0.10330098,
      0,
      0.6955839,
      0.02269797,
      -0.71808624,
      0,
      0.70491314,
      0.17151213,
      0.68824494,
      0,
      -0.9474775,
      -1.2898146,
      -4.3905177,
      0.99999994
    ],
    "trackingState" : "Normal"
  },
  {
    "timestamp" : 1251124092105,
    "transform" : [
      0.13690595,
      -0.98492163,
      0.10576428,
      0,
      0.69986993,
      0.020614352,
      -0.71397287,
      0,
      0.70102715,
      0.17176837,
      0.6921392,
      0,
      -0.95395374,
      -1.2905655,
      -4.400513,
      1
    ],
    "trackingState" : "Normal"
  },
  {
    "timestamp" : 1251124108758,
    "transform" : [
      0.13469432,
      -0.98507917,
      0.10712876,
      0,
      0.7043145,
      0.019130798,
      -0.70963025,
      0,
      0.6969925,
      0.1710355,
      0.69638234,
      0,
      -0.9597443,
      -1.2911745,
      -4.409875,
      0.99999994
    ],
    "trackingState" : "Normal"
  },
  {
    "timestamp" : 1251124125411,
    "transform" : [
      0.13288607,
      -0.9852863,
      0.10748098,
      0,
      0.7092057,
      0.01877236,
      -0.70475173,
      0,
      0.6923646,
      0.16987778,
      0.70126534,
      0,
      -0.96634626,
      -1.2918726,
      -4.4202843,
      1.0000001
    ],
    "trackingState" : "Normal"
  },
  {
    "timestamp" : 1251124142064,
    "transform" : [
      0.13136996,
      -0.98553175,
      0.10709394,
      0,
      0.71441126,
      0.019222146,
      -0.699462,
      0,
      0.6872836,
      0.16839741,
      0.70660025,
      0,
      -0.973181,
      -1.2925022,
      -4.4311433,
      1
    ],
    "trackingState" : "Normal"
  },
  {
    "timestamp" : 1251124158716,
    "transform" : [
      0.1297191,
      -0.98581874,
      0.10646281,
      0,
      0.7192001,
      0.019631205,
      -0.6945258,
      0,
      0.68258655,
      0.16666129,
      0.71154743,
      0,
      -0.9800571,
      -1.2929521,
      -4.44229,
      1
    ],
    "trackingState" : "Normal"
  },
  {
    "timestamp" : 1251124175369,
    "transform" : [
      0.12747689,
      -0.98615444,
      0.106061794,
      0,
      0.72222424,
      0.018999044,
      -0.6913981,
      0,
      0.6798101,
      0.16473766,
      0.71464664,
      0,
      -0.9858879,
      -1.2932736,
      -4.452989,
      1.0000001
    ],
    "trackingState" : "Normal"
  },
  {
    "timestamp" : 1251124192023,
    "transform" : [
      0.12501994,
      -0.98649704,
      0.10579897,
      0,
      0.7239268,
      0.017781384,
      -0.68964756,
      0,
      0.6784541,
      0.1628104,
      0.71637475,
      0,
      -0.99242926,
      -1.2932831,
      -4.464348,
      0.9999999
    ],
    "trackingState" : "Normal"
  },
  {
    "timestamp" : 1251124208675,
    "transform" : [
      0.12266924,
      -0.98687553,
      0.1050188,
      0,
      0.72554207,
      0.016974857,
      -0.68796855,
      0,
      0.6771566,
      0.16058812,
      0.71810204,
      0,
      -0.99919057,
      -1.293,
      -4.475946,
      1
    ],
    "trackingState" : "Normal"
  },
  {
    "timestamp" : 1251124225328,
    "transform" : [
      0.120326616,
      -0.98734033,
      0.10334681,
      0,
      0.7274589,
      0.016855914,
      -0.68594414,
      0,
      0.6755184,
      0.1577179,
      0.7202778,
      0,
      -1.0059894,
      -1.2924803,
      -4.487636,
      0.99999994
    ],
    "trackingState" : "Normal"
  },
  {
    "timestamp" : 1251124241981,
    "transform" : [
      0.118167646,
      -0.9878763,
      0.100681275,
      0,
      0.7291971,
      0.017505692,
      -0.68407977,
      0,
      0.67402387,
      0.15425259,
      0.72242516,
      0,
      -1.0127711,
      -1.2917695,
      -4.4993734,
      1
    ],
    "trackingState" : "Normal"
  },
  {
    "timestamp" : 1251124258634,
    "transform" : [
      0.116445795,
      -0.9884337,
      0.09715519,
      0,
      0.7300377,
      0.018856663,
      -0.6831467,
      0,
      0.67341334,
      0.15047652,
      0.7237897,
      0,
      -1.0195339,
      -1.290869,
      -4.5111537,
      1
    ],
    "trackingState" : "Normal"
  },
  {
    "timestamp" : 1251124275287,
    "transform" : [
      0.11488421,
      -0.98899686,
      0.09320278,
      0,
      0.72959995,
      0.020332431,
      -0.68357193,
      0,
      0.67415553,
      0.14653236,
      0.723908,
      0,
      -1.0262808,
      -1.2897614,
      -4.5229883,
      1.0000001
    ],
    "trackingState" : "Normal"
  },
  {
    "timestamp" : 1251124291940,
    "transform" : [
      0.11320199,
      -0.98956954,
      0.08909265,
      0,
      0.7281921,
      0.02162706,
      -0.685032,
      0,
      0.67595994,
      0.14242353,
      0.7230449,
      0,
      -1.0330043,
      -1.2884418,
      -4.5348516,
      1.0000001
    ],
    "trackingState" : "Normal"
  },
  {
    "timestamp" : 1251124308593,
    "transform" : [
      0.11131704,
      -0.99015707,
      0.08483813,
      0,
      0.72576857,
      0.022681935,
      -0.68756497,
      0,
      0.678873,
      0.13811053,
      0.72114986,
      0,
      -1.0393978,
      -1.2880459,
      -4.547234,
      1
    ],
    "trackingState" : "Normal"
  },
  {
    "timestamp" : 1251124325246,
    "transform" : [
      0.10937068,
      -0.9907682,
      0.080102645,
      0,
      0.72186357,
      0.02376898,
      -0.6916271,
      0,
      0.6833382,
      0.1334669,
      0.7177991,
      0,
      -1.0459979,
      -1.2868072,
      -4.5593324,
      0.99999994
    ],
    "trackingState" : "Normal"
  },
  {
    "timestamp" : 1251124341899,
    "transform" : [
      0.10735699,
      -0.99136573,
      0.0752887,
      0,
      0.71679825,
      0.024702188,
      -0.69684297,
      0,
      0.6889665,
      0.12877777,
      0.71326125,
      0,
      -1.0527391,
      -1.2852256,
      -4.5713615,
      1
    ],
    "trackingState" : "Normal"
  },
  {
    "timestamp" : 1251124358552,
    "transform" : [
      0.10507477,
      -0.99191874,
      0.071109235,
      0,
      0.71180344,
      0.02508149,
      -0.7019309,
      0,
      0.6944749,
      0.12437101,
      0.7086866,
      0,
      -1.0596485,
      -1.2834623,
      -4.5833783,
      1
    ],
    "trackingState" : "Normal"
  },
  {
    "timestamp" : 1251124375205,
    "transform" : [
      0.10327458,
      -0.9923485,
      0.06766693,
      0,
      0.7074797,
      0.025468111,
      -0.7062746,
      0,
      0.6991472,
      0.1208132,
      0.7046967,
      0,
      -1.0667791,
      -1.2816012,
      -4.595422,
      1
    ],
    "trackingState" : "Normal"
  },
  {
    "timestamp" : 1251124391858,
    "transform" : [
      0.10294223,
      -0.99256456,
      0.064949185,
      0,
      0.70401734,
      0.026577227,
      -0.7096854,
      0,
      0.70268244,
      0.11878195,
      0.7015186,
      0,
      -1.0741439,
      -1.2796879,
      -4.607489,
      1
    ],
    "trackingState" : "Normal"
  },
  {
    "timestamp" : 1251124408510,
    "transform" : [
      0.10385975,
      -0.9925875,
      0.06311121,
      0,
      0.70263946,
      0.028314888,
      -0.71098244,
      0,
      0.70392543,
      0.1181869,
      0.700372,
      0,
      -1.0800998,
      -1.2780068,
      -4.619193,
      1
    ],
    "trackingState" : "Normal"
  },
  {
    "timestamp" : 1251124425163,
    "transform" : [
      0.10593069,
      -0.9924794,
      0.061345365,
      0,
      0.7032655,
      0.031161577,
      -0.710244,
      0,
      0.70299095,
      0.11837872,
      0.7012775,
      0,
      -1.0873557,
      -1.2759911,
      -4.630936,
      0.9999999
    ],
    "trackingState" : "Normal"
  },
  {
    "timestamp" : 1251124441816,
    "transform" : [
      0.10790825,
      -0.9924543,
      0.058226403,
      0,
      0.7041393,
      0.034951948,
      -0.70920116,
      0,
      0.70181465,
      0.11752816,
      0.7025977,
      0,
      -1.0950525,
      -1.2738094,
      -4.6424875,
      1
    ],
    "trackingState" : "Normal"
  },
  {
    "timestamp" : 1251124458469,
    "transform" : [
      0.10855752,
      -0.99265707,
      0.053358365,
      0,
      0.70386845,
      0.038850144,
      -0.7092672,
      0,
      0.70198613,
      0.11455356,
      0.7029175,
      0,
      -1.1028428,
      -1.271589,
      -4.653779,
      1
    ],
    "trackingState" : "Normal"
  },
  {
    "timestamp" : 1251124475122,
    "transform" : [
      0.10723944,
      -0.99308264,
      0.047819063,
      0,
      0.7025983,
      0.041665424,
      -0.71036583,
      0,
      0.7034596,
      0.109776825,
      0.70220625,
      0,
      -1.1108956,
      -1.2698722,
      -4.665318,
      1
    ],
    "trackingState" : "Normal"
  },
  {
    "timestamp" : 1251124491775,
    "transform" : [
      0.10515371,
      -0.99351865,
      0.0431675,
      0,
      0.7011517,
      0.043287072,
      -0.711697,
      0,
      0.70521563,
      0.105104536,
      0.7011592,
      0,
      -1.1186979,
      -1.2679119,
      -4.6763783,
      1
    ],
    "trackingState" : "Normal"
  },
  {
    "timestamp" : 1251124508428,
    "transform" : [
      0.10311838,
      -0.9938485,
      0.040393382,
      0,
      0.70023733,
      0.043692917,
      -0.7125719,
      0,
      0.7064237,
      0.10176421,
      0.70043534,
      0,
      -1.1264381,
      -1.2659087,
      -4.687189,
      1
    ],
    "trackingState" : "Normal"
  },
  {
    "timestamp" : 1251124525081,
    "transform" : [
      0.10153075,
      -0.9940552,
      0.0393134,
      0,
      0.7000317,
      0.04330972,
      -0.7127972,
      0,
      0.7068572,
      0.09989146,
      0.7002675,
      0,
      -1.1341933,
      -1.263918,
      -4.6977587,
      0.9999999
    ],
    "trackingState" : "Normal"
  },
  {
    "timestamp" : 1251124541734,
    "transform" : [
      0.10022781,
      -0.9942207,
      0.03846557,
      0,
      0.6997158,
      0.04294826,
      -0.7131293,
      0,
      0.7073558,
      0.09839035,
      0.69997656,
      0,
      -1.1420131,
      -1.2619507,
      -4.7080336,
      1
    ],
    "trackingState" : "Normal"
  },
  {
    "timestamp" : 1251124558387,
    "transform" : [
      0.098496825,
      -0.9944507,
      0.03696172,
      0,
      0.6986355,
      0.0426518,
      -0.71420544,
      0,
      0.70866567,
      0.09616973,
      0.6989596,
      0,
      -1.1499093,
      -1.2600176,
      -4.717985,
      1
    ],
    "trackingState" : "Normal"
  },
  {
    "timestamp" : 1251124575040,
    "transform" : [
      0.095852524,
      -0.99478686,
      0.034805935,
      0,
      0.6969827,
      0.042111233,
      -0.7158504,
      0,
      0.71065295,
      0.09287519,
      0.69738567,
      0,
      -1.1578829,
      -1.2581322,
      -4.7276325,
      1
    ],
    "trackingState" : "Normal"
  },
  {
    "timestamp" : 1251124591693,
    "transform" : [
      0.09266624,
      -0.995172,
      0.03233533,
      0,
      0.6950333,
      0.041396175,
      -0.7177848,
      0,
      0.71298087,
      0.08898855,
      0.69551384,
      0,
      -1.1659663,
      -1.256316,
      -4.7370186,
      1
    ],
    "trackingState" : "Normal"
  },
  {
    "timestamp" : 1251124608346,
    "transform" : [
      0.0896591,
      -0.9955098,
      0.030356742,
      0,
      0.69318986,
      0.040487353,
      -0.719617,
      0,
      0.7151568,
      0.08556319,
      0.6937074,
      0,
      -1.1739464,
      -1.2543936,
      -4.74728,
      1
    ],
    "trackingState" : "Normal"
  },
  {
    "timestamp" : 1251124624999,
    "transform" : [
      0.086969,
      -0.99578315,
      0.029195031,
      0,
      0.69170463,
      0.039269563,
      -0.7211121,
      0,
      0.71692485,
      0.08290874,
      0.69220304,
      0,
      -1.1821721,
      -1.2526734,
      -4.7567835,
      1
    ],
    "trackingState" : "Normal"
  },
  {
    "timestamp" : 1251124641651,
    "transform" : [
      0.08416969,
      -0.9960337,
      0.028847085,
      0,
      0.6901169,
      0.037386525,
      -0.72273135,
      0,
      0.7187864,
      0.08073996,
      0.69052666,
      0,
      -1.1905948,
      -1.2511047,
      -4.7658362,
      0.9999999
    ],
    "trackingState" : "Normal"
  },
  {
    "timestamp" : 1251124658304,
    "transform" : [
      0.08149174,
      -0.9962735,
      0.028249953,
      0,
      0.6880668,
      0.03573027,
      -0.7247671,
      0,
      0.721057,
      0.0785004,
      0.68841445,
      0,
      -1.1991969,
      -1.2496594,
      -4.774542,
      0.9999999
    ],
    "trackingState" : "Normal"
  },
  {
    "timestamp" : 1251124674957,
    "transform" : [
      0.07915357,
      -0.99651784,
      0.026209049,
      0,
      0.685516,
      0.035324816,
      -0.72720015,
      0,
      0.72374207,
      0.0755272,
      0.685925,
      0,
      -1.2079737,
      -1.248333,
      -4.78288,
      1
    ],
    "trackingState" : "Normal"
  },
  {
    "timestamp" : 1251124691610,
    "transform" : [
      0.07680069,
      -0.99678326,
      0.022906927,
      0,
      0.6822653,
      0.035786267,
      -0.7302284,
      0,
      0.7270597,
      0.071710646,
      0.682819,
      0,
      -1.2181678,
      -1.2471638,
      -4.792904,
      1
    ],
    "trackingState" : "Normal"
  },
  {
    "timestamp" : 1251124708263,
    "transform" : [
      0.07433399,
      -0.9970561,
      0.018801898,
      0,
      0.6781521,
      0.03671718,
      -0.7340038,
      0,
      0.7311527,
      0.06731199,
      0.67888504,
      0,
      -1.2277205,
      -1.2460996,
      -4.801328,
      0.99999994
    ],
    "trackingState" : "Normal"
  },
  {
    "timestamp" : 1251124724916,
    "transform" : [
      0.0720565,
      -0.9972876,
      0.015009813,
      0,
      0.67348224,
      0.03754964,
      -0.73824906,
      0,
      0.7356831,
      0.06330449,
      0.67436117,
      0,
      -1.2372108,
      -1.2451394,
      -4.8091497,
      1
    ],
    "trackingState" : "Normal"
  },
  {
    "timestamp" : 1251124741569,
    "transform" : [
      0.07021288,
      -0.9974609,
      0.0119059235,
      0,
      0.6690535,
      0.03823632,
      -0.74222994,
      0,
      0.7398902,
      0.0600798,
      0.6700394,
      0,
      -1.2467991,
      -1.2442437,
      -4.8166924,
      0.9999999
    ],
    "trackingState" : "Normal"
  },
  {
    "timestamp" : 1251124758222,
    "transform" : [
      0.06862119,
      -0.9975979,
      0.009466387,
      0,
      0.665579,
      0.038710292,
      -0.7453228,
      0,
      0.7431661,
      0.057445563,
      0.6666366,
      0,
      -1.2565103,
      -1.243361,
      -4.824046,
      1
    ],
    "trackingState" : "Normal"
  },
  {
    "timestamp" : 1251124774875,
    "transform" : [
      0.06691136,
      -0.99772865,
      0.0077655097,
      0,
      0.6628405,
      0.03863255,
      -0.7477632,
      0,
      0.74576485,
      0.055181153,
      0.66392004,
      0,
      -1.2663368,
      -1.2424971,
      -4.8312364,
      0.9999999
    ],
    "trackingState" : "Normal"
  },
  {
    "timestamp" : 1251124791528,
    "transform" : [
      0.06497852,
      -0.9978657,
      0.0064659026,
      0,
      0.66055846,
      0.03815538,
      -0.74980444,
      0,
      0.74795747,
      0.05299228,
      0.66162795,
      0,
      -1.2787282,
      -1.2423835,
      -4.8413754,
      1
    ],
    "trackingState" : "Normal"
  },
  {
    "timestamp" : 1251124808181,
    "transform" : [
      0.06288902,
      -0.9980101,
      0.0045706625,
      0,
      0.65786254,
      0.038010005,
      -0.7521783,
      0,
      0.7505079,
      0.05031062,
      0.6589439,
      0,
      -1.2899785,
      -1.241987,
      -4.8498073,
      1
    ],
    "trackingState" : "Normal"
  },
  {
    "timestamp" : 1251124824834,
    "transform" : [
      0.06056975,
      -0.9981611,
      0.0023712243,
      0,
      0.65337336,
      0.037851416,
      -0.75608885,
      0,
      0.7546088,
      0.047345407,
      0.6544646,
      0,
      -1.3004638,
      -1.2414113,
      -4.8570185,
      0.9999999
    ],
    "trackingState" : "Normal"
  },
  {
    "timestamp" : 1251124841487,
    "transform" : [
      0.05814687,
      -0.9983075,
      0.0009657454,
      0,
      0.64686996,
      0.03694037,
      -0.76170504,
      0,
      0.7603803,
      0.044915475,
      0.64792323,
      0,
      -1.3107469,
      -1.2408042,
      -4.863821,
      1
    ],
    "trackingState" : "Normal"
  },
  {
    "timestamp" : 1251124858140,
    "transform" : [
      0.056127917,
      -0.9984229,
      0.0010778514,
      0,
      0.6397285,
      0.035134465,
      -0.76779735,
      0,
      0.7665487,
      0.043784402,
      0.6406917,
      0,
      -1.3209679,
      -1.2401938,
      -4.87046,
      1
    ],
    "trackingState" : "Normal"
  },
  {
    "timestamp" : 1251124874793,
    "transform" : [
      0.05447694,
      -0.9985107,
      0.0029406014,
      0,
      0.6342183,
      0.032326862,
      -0.772478,
      0,
      0.7712325,
      0.043947216,
      0.6350348,
      0,
      -1.3333147,
      -1.2402024,
      -4.8802795,
      1
    ],
    "trackingState" : "Normal"
  },
  {
    "timestamp" : 1251124891445,
    "transform" : [
      0.05310908,
      -0.9985683,
      0.0063854638,
      0,
      0.6307171,
      0.02858589,
      -0.7754862,
      0,
      0.77419335,
      0.045212775,
      0.63133234,
      0,
      -1.3439996,
      -1.2399116,
      -4.8877645,
      1
    ],
    "trackingState" : "Normal"
  },
  {
    "timestamp" : 1251124908099,
    "transform" : [
      0.05244773,
      -0.9985669,
      0.010642711,
      0,
      0.6269555,
      0.02463057,
      -0.77866566,
      0,
      0.7772877,
      0.047511753,
      0.62734884,
      0,
      -1.3541231,
      -1.2396529,
      -4.894465,
      1
    ],
    "trackingState" : "Normal"
  },
  {
    "timestamp" : 1251124924752,
    "transform" : [
      0.05329683,
      -0.9984632,
      0.015189242,
      0,
      0.6217017,
      0.021274775,
      -0.78296524,
      0,
      0.7814388,
      0.05117274,
      0.6218802,
      0,
      -1.3640969,
      -1.2394187,
      -4.900864,
      1
    ],
    "trackingState" : "Normal"
  },
  {
    "timestamp" : 1251124941404,
    "transform" : [
      0.055727564,
      -0.9982416,
      0.020201053,
      0,
      0.6169201,
      0.018517666,
      -0.7868079,
      0,
      0.78505033,
      0.05630932,
      0.6168673,
      0,
      -1.3739868,
      -1.2391089,
      -4.907063,
      1.0000001
    ],
    "trackingState" : "Normal"
  },
  {
    "timestamp" : 1251124958057,
    "transform" : [
      0.058589183,
      -0.99795806,
      0.025435818,
      0,
      0.6137042,
      0.015910506,
      -0.78937566,
      0,
      0.7873592,
      0.06185895,
      0.6133833,
      0,
      -1.3837414,
      -1.2386749,
      -4.913061,
      1
    ],
    "trackingState" : "Normal"
  },
  {
    "timestamp" : 1251124974710,
    "transform" : [
      0.06110657,
      -0.99767435,
      0.03019659,
      0,
      0.61154026,
      0.013512094,
      -0.79109794,
      0,
      0.7888501,
      0.06680772,
      0.6109438,
      0,
      -1.393295,
      -1.238143,
      -4.9188337,
      1
    ],
    "trackingState" : "Normal"
  },
  {
    "timestamp" : 1251124991363,
    "transform" : [
      0.06285361,
      -0.99746364,
      0.033401515,
      0,
      0.60884935,
      0.011804293,
      -0.7931981,
      0,
      0.7907921,
      0.07019185,
      0.60804695,
      0,
      -1.4054646,
      -1.237387,
      -4.9276624,
      1
    ],
    "trackingState" : "Normal"
  },
  {
    "timestamp" : 1251125008016,
    "transform" : [
      0.06346794,
      -0.99738073,
      0.034691434,
      0,
      0.604833,
      0.0107917115,
      -0.79627925,
      0,
      0.7938192,
      0.07152072,
      0.60393375,
      0,
      -1.4165428,
      -1.2366943,
      -4.9353466,
      1
    ],
    "trackingState" : "Normal"
  },
  {
    "timestamp" : 1251125024669,
    "transform" : [
      0.06333126,
      -0.997402,
      0.034328226,
      0,
      0.5995915,
      0.010529525,
      -0.800237,
      0,
      0.79779655,
      0.071262926,
      0.5987006,
      0,
      -1.425993,
      -1.2361815,
      -4.9413705,
      1
    ],
    "trackingState" : "Normal"
  },
  {
    "timestamp" : 1251125041322,
    "transform" : [
      0.063041866,
      -0.99746335,
      0.03305171,
      0,
      0.5929014,
      0.010791659,
      -0.80520266,
      0,
      0.8028035,
      0.07035788,
      0.59207785,
      0,
      -1.4347428,
      -1.235855,
      -4.9468794,
      0.9999999
    ],
    "trackingState" : "Normal"
  },
  {
    "timestamp" : 1251125057975,
    "transform" : [
      0.06301011,
      -0.9975123,
      0.031608045,
      0,
      0.58532387,
      0.011284085,
      -0.81072104,
      0,
      0.8083475,
      0.06958456,
      0.58457875,
      0,
      -1.4431064,
      -1.2357132,
      -4.95227,
      1
    ],
    "trackingState" : "Normal"
  },
  {
    "timestamp" : 1251125074628,
    "transform" : [
      0.06342585,
      -0.9975305,
      0.030166935,
      0,
      0.57713944,
      0.012002156,
      -0.8165574,
      0,
      0.81417894,
      0.06920137,
      0.5764754,
      0,
      -1.4512093,
      -1.2357347,
      -4.957665,
      1
    ],
    "trackingState" : "Normal"
  },
  {
    "timestamp" : 1251125091281,
    "transform" : [
      0.064497635,
      -0.99749994,
      0.028875025,
      0,
      0.5681266,
      0.012915584,
      -0.82283986,
      0,
      0.8204099,
      0.06947589,
      0.5675392,
      0,
      -1.4604852,
      -1.2358261,
      -4.9639645,
      0.99999994
    ],
    "trackingState" : "Normal"
  },
  {
    "timestamp" : 1251125107934,
    "transform" : [
      0.06617215,
      -0.99743134,
      0.027422935,
      0,
      0.5589388,
      0.014286907,
      -0.82908595,
      0,
      0.8265645,
      0.07019014,
      0.55844843,
      0,
      -1.4693695,
      -1.2360805,
      -4.970231,
      1.0000001
    ],
    "trackingState" : "Normal"
  },
  {
    "timestamp" : 1251125124587,
    "transform" : [
      0.06829121,
      -0.99731594,
      0.026403172,
      0,
      0.55031306,
      0.015581652,
      -0.83481306,
      0,
      0.83216095,
      0.0715404,
      0.54990005,
      0,
      -1.4773211,
      -1.2365685,
      -4.97618,
      1
    ],
    "trackingState" : "Normal"
  },
  {
    "timestamp" : 1251125141240,
    "transform" : [
      0.07099154,
      -0.9971263,
      0.026444089,
      0,
      0.54292786,
      0.016387414,
      -0.8396194,
      0,
      0.83677334,
      0.07396311,
      0.54253113,
      0,
      -1.4848406,
      -1.2372785,
      -4.982144,
      1
    ],
    "trackingState" : "Normal"
  },
  {
    "timestamp" : 1251125157892,
    "transform" : [
      0.07459524,
      -0.9968306,
      0.027643278,
      0,
      0.5356659,
      0.01667272,
      -0.8442653,
      0,
      0.84112865,
      0.07778575,
      0.5352119,
      0,
      -1.4920932,
      -1.2381991,
      -4.9882345,
      0.9999999
    ],
    "trackingState" : "Normal"
  },
  {
    "timestamp" : 1251125174545,
    "transform" : [
      0.07894723,
      -0.9964368,
      0.029682107,
      0,
      0.52740437,
      0.016482247,
      -0.8494546,
      0,
      0.84593856,
      0.082716554,
      0.5268264,
      0,
      -1.4990901,
      -1.2393473,
      -4.994487,
      1.0000001
    ],
    "trackingState" : "Normal"
  },
  {
    "timestamp" : 1251125191198,
    "transform" : [
      0.08347325,
      -0.9960045,
      0.031736694,
      0,
      0.51786983,
      0.016148185,
      -0.85530704,
      0,
      0.8513772,
      0.08783074,
      0.5171487,
      0,
      -1.5068593,
      -1.2408361,
      -5.0013814,
      1
    ],
    "trackingState" : "Normal"
  },
  {
    "timestamp" : 1251125207851,
    "transform" : [
      0.08722988,
      -0.9956395,
      0.033058118,
      0,
      0.5077577,
      0.015886195,
      -0.8613534,
      0,
      0.8570724,
      0.09192127,
      0.5069295,
      0,
      -1.5144804,
      -1.242492,
      -5.0084143,
      1
    ],
    "trackingState" : "Normal"
  },
  {
    "timestamp" : 1251125224504,
    "transform" : [
      0.08968902,
      -0.99539477,
      0.03383714,
      0,
      0.4975579,
      0.015349391,
      -0.86729485,
      0,
      0.8627814,
      0.09462275,
      0.49664328,
      0,
      -1.5210676,
      -1.2441926,
      -5.015113,
      1
    ],
    "trackingState" : "Normal"
  },
  {
    "timestamp" : 1251125241157,
    "transform" : [
      0.091624126,
      -0.99520826,
      0.034139592,
      0,
      0.48687434,
      0.014865003,
      -0.87334555,
      0,
      0.86865324,
      0.09664122,
      0.48590326,
      0,
      -1.527236,
      -1.2460071,
      -5.021751,
      0.99999994
    ],
    "trackingState" : "Normal"
  },
  {
    "timestamp" : 1251125257810,
    "transform" : [
      0.09404249,
      -0.9949895,
      0.03393785,
      0,
      0.47542113,
      0.014931793,
      -0.8796316,
      0,
      0.87471753,
      0.098857515,
      0.47444332,
      0,
      -1.5332196,
      -1.2479584,
      -5.028431,
      1
    ],
    "trackingState" : "Normal"
  },
  {
    "timestamp" : 1251125274463,
    "transform" : [
      0.097104825,
      -0.99473464,
      0.032765865,
      0,
      0.4639291,
      0.01611302,
      -0.8857258,
      0,
      0.8805343,
      0.10120929,
      0.46305102,
      0,
      -1.5390673,
      -1.2500474,
      -5.0351877,
      1
    ],
    "trackingState" : "Normal"
  },
  {
    "timestamp" : 1251125291116,
    "transform" : [
      0.10001561,
      -0.99451596,
      0.030573228,
      0,
      0.45247486,
      0.018094892,
      -0.89159346,
      0,
      0.88615084,
      0.10300689,
      0.4518033,
      0,
      -1.5449204,
      -1.2520077,
      -5.041313,
      1
    ],
    "trackingState" : "Normal"
  },
  {
    "timestamp" : 1251125307769,
    "transform" : [
      0.10231262,
      -0.9943562,
      0.028068073,
      0,
      0.4406692,
      0.020009344,
      -0.89744663,
      0,
      0.89181995,
      0.10418884,
      0.4402294,
      0,
      -1.5507299,
      -1.253934,
      -5.0470705,
      1.0000001
    ],
    "trackingState" : "Normal"
  },
  {
    "timestamp" : 1251125324422,
    "transform" : [
      0.10414442,
      -0.9942354,
      0.02549321,
      0,
      0.42755497,
      0.021613056,
      -0.903731,
      0,
      0.89797026,
      0.10501828,
      0.42734116,
      0,
      -1.5562198,
      -1.2563534,
      -5.0538526,
      1
    ],
    "trackingState" : "Normal"
  },
  {
    "timestamp" : 1251125341075,
    "transform" : [
      0.10613015,
      -0.9941012,
      0.022341972,
      0,
      0.4135793,
      0.023698263,
      -0.91015965,
      0,
      0.90426135,
      0.10583556,
      0.4136548,
      0,
      -1.5615108,
      -1.2590551,
      -5.0611014,
      1
    ],
    "trackingState" : "Normal"
  },
  {
    "timestamp" : 1251125357728,
    "transform" : [
      0.10834919,
      -0.99394333,
      0.018359909,
      0,
      0.40002692,
      0.026684426,
      -0.91611487,
      0,
      0.9100763,
      0.106604755,
      0.40049535,
      0,
      -1.5687537,
      -1.2613947,
      -5.0688744,
      1
    ],
    "trackingState" : "Normal"
  },
  {
    "timestamp" : 1251125374381,
    "transform" : [
      0.11027787,
      -0.99381214,
      0.013279492,
      0,
      0.38709104,
      0.03063969,
      -0.9215323,
      0,
      0.91542304,
      0.106764995,
      0.38807467,
      0,
      -1.5743704,
      -1.264302,
      -5.0768466,
      1
    ],
    "trackingState" : "Normal"
  },
  {
    "timestamp" : 1251125391034,
    "transform" : [
      0.111556105,
      -0.99372286,
      0.008367309,
      0,
      0.37433863,
      0.034220915,
      -0.9266603,
      0,
      0.9205572,
      0.10650683,
      0.37580642,
      0,
      -1.5793252,
      -1.2674892,
      -5.085183,
      1
    ],
    "trackingState" : "Normal"
  },
  {
    "timestamp" : 1251125407686,
    "transform" : [
      0.11233141,
      -0.9936605,
      0.00451829,
      0,
      0.36110246,
      0.0365849,
      -0.9318083,
      0,
      0.9257358,
      0.1063029,
      0.3629229,
      0,
      -1.583962,
      -1.2708359,
      -5.093945,
      1
    ],
    "trackingState" : "Normal"
  },
  {
    "timestamp" : 1251125424339,
    "transform" : [
      0.1133724,
      -0.9935515,
      0.0014420254,
      0,
      0.3472595,
      0.038265236,
      -0.9369881,
      0,
      0.93089074,
      0.10672935,
      0.34935844,
      0,
      -1.5884039,
      -1.2742798,
      -5.103079,
      1
    ],
    "trackingState" : "Normal"
  },
  {
    "timestamp" : 1251125440992,
    "transform" : [
      0.11549224,
      -0.9933067,
      -0.0017720453,
      0,
      0.3321645,
      0.040302075,
      -0.9423599,
      0,
      0.93612397,
      0.10824667,
      0.33459586,
      0,
      -1.5927087,
      -1.2777575,
      -5.1124887,
      0.9999999
    ],
    "trackingState" : "Normal"
  },
  {
    "timestamp" : 1251125457646,
    "transform" : [
      0.11921074,
      -0.9928564,
      -0.004998713,
      0,
      0.3144686,
      0.04253222,
      -0.9483146,
      0,
      0.9417529,
      0.111477345,
      0.31729245,
      0,
      -1.5969148,
      -1.2811995,
      -5.1221466,
      1
    ],
    "trackingState" : "Normal"
  },
  {
    "timestamp" : 1251125474298,
    "transform" : [
      0.124288626,
      -0.99221194,
      -0.008232765,
      0,
      0.29427364,
      0.044783235,
      -0.9546714,
      0,
      0.9476051,
      0.116232105,
      0.2975479,
      0,
      -1.6009862,
      -1.2845346,
      -5.132048,
      0.99999994
    ],
    "trackingState" : "Normal"
  },
  {
    "timestamp" : 1251125490951,
    "transform" : [
      0.12955026,
      -0.9915085,
      -0.011299435,
      0,
      0.27331552,
      0.04666072,
      -0.9607921,
      0,
      0.9531608,
      0.12138256,
      0.2770396,
      0,
      -1.6049463,
      -1.2877373,
      -5.142244,
      1.0000001
    ],
    "trackingState" : "Normal"
  },
  {
    "timestamp" : 1251125507604,
    "transform" : [
      0.13375258,
      -0.9909124,
      -0.014241301,
      0,
      0.25421852,
      0.048196685,
      -0.96594524,
      0,
      0.9578535,
      0.12557726,
      0.25835472,
      0,
      -1.609438,
      -1.2907077,
      -5.1531615,
      0.99999994
    ],
    "trackingState" : "Normal"
  },
  {
    "timestamp" : 1251125524257,
    "transform" : [
      0.13633,
      -0.9905002,
      -0.01798194,
      0,
      0.2378895,
      0.050352044,
      -0.9699862,
      0,
      0.96167713,
      0.1279605,
      0.24249414,
      0,
      -1.6128955,
      -1.2936996,
      -5.163753,
      0.99999994
    ],
    "trackingState" : "Normal"
  },
  {
    "timestamp" : 1251125540910,
    "transform" : [
      0.13809368,
      -0.9901499,
      -0.023091117,
      0,
      0.2222653,
      0.053701747,
      -0.9735062,
      0,
      0.9651572,
      0.1293027,
      0.22749186,
      0,
      -1.6157985,
      -1.2966502,
      -5.174194,
      1
    ],
    "trackingState" : "Normal"
  },
  {
    "timestamp" : 1251125557563,
    "transform" : [
      0.14018078,
      -0.9897026,
      -0.028950263,
      0,
      0.20372166,
      0.057443693,
      -0.9773422,
      0,
      0.9689411,
      0.1311068,
      0.20967637,
      0,
      -1.6163049,
      -1.2985622,
      -5.1845794,
      0.99999994
    ],
    "trackingState" : "Normal"
  },
  {
    "timestamp" : 1251125574216,
    "transform" : [
      0.14364506,
      -0.98901474,
      -0.03487059,
      0,
      0.18141325,
      0.060954764,
      -0.98151606,
      0,
      0.9728594,
      0.13466395,
      0.18817626,
      0,
      -1.618082,
      -1.3011162,
      -5.1949596,
      1
    ],
    "trackingState" : "Normal"
  },
  {
    "timestamp" : 1251125590869,
    "transform" : [
      0.14889897,
      -0.98803717,
      -0.04014514,
      0,
      0.1580773,
      0.06385888,
      -0.9853596,
      0,
      0.9761356,
      0.14037299,
      0.16569479,
      0,
      -1.6202152,
      -1.303849,
      -5.2052717,
      1
    ],
    "trackingState" : "Normal"
  },
  {
    "timestamp" : 1251125607522,
    "transform" : [
      0.15562463,
      -0.9867637,
      -0.045589175,
      0,
      0.13666725,
      0.06721581,
      -0.98833406,
      0,
      0.9783165,
      0.14757858,
      0.14531873,
      0,
      -1.6223681,
      -1.3065622,
      -5.2154083,
      1
    ],
    "trackingState" : "Normal"
  },
  {
    "timestamp" : 1251125624175,
    "transform" : [
      0.16258742,
      -0.9853371,
      -0.051731266,
      0,
      0.11813793,
      0.07149171,
      -0.99042034,
      0,
      0.9795963,
      0.15491846,
      0.12802936,
      0,
      -1.6243804,
      -1.3092301,
      -5.225312,
      1
    ],
    "trackingState" : "Normal"
  },
  {
    "timestamp" : 1251125640828,
    "transform" : [
      0.1691161,
      -0.9838708,
      -0.05829225,
      0,
      0.1015469,
      0.07622309,
      -0.9919064,
      0,
      0.980351,
      0.16182794,
      0.1127996,
      0,
      -1.6261742,
      -1.3118892,
      -5.2349825,
      1
    ],
    "trackingState" : "Normal"
  },
  {
    "timestamp" : 1251125657481,
    "transform" : [
      0.1755529,
      -0.98233575,
      -0.06478831,
      0,
      0.08548675,
      0.08077291,
      -0.9930597,
      0,
      0.9807513,
      0.16879596,
      0.09815664,
      0,
      -1.6277336,
      -1.3145272,
      -5.2444324,
      0.9999999
    ],
    "trackingState" : "Normal"
  },
  {
    "timestamp" : 1251125674133,
    "transform" : [
      0.1822564,
      -0.9806804,
      -0.07105327,
      0,
      0.06928014,
      0.084892265,
      -0.9939787,
      0,
      0.9808073,
      0.1762364,
      0.08341387,
      0,
      -1.6290448,
      -1.3170831,
      -5.253639,
      1
    ],
    "trackingState" : "Normal"
  },
  {
    "timestamp" : 1251125690787,
    "transform" : [
      0.1891038,
      -0.97896343,
      -0.076617986,
      0,
      0.0535737,
      0.088195264,
      -0.99466157,
      0,
      0.98049474,
      0.18398955,
      0.06912478,
      0,
      -1.6301337,
      -1.3190278,
      -5.2628045,
      1.0000001
    ],
    "trackingState" : "Normal"
  },
  {
    "timestamp" : 1251125707439,
    "transform" : [
      0.19544853,
      -0.97731155,
      -0.0816208,
      0,
      0.038791314,
      0.090864755,
      -0.9951075,
      0,
      0.97994655,
      0.19132611,
      0.05567061,
      0,
      -1.6308347,
      -1.3212243,
      -5.271619,
      1.0000001
    ],
    "trackingState" : "Normal"
  },
  {
    "timestamp" : 1251125724092,
    "transform" : [
      0.20093858,
      -0.97582364,
      -0.08597567,
      0,
      0.025283223,
      0.09290266,
      -0.9953542,
      0,
      0.9792776,
      0.19783129,
      0.043339733,
      0,
      -1.6311412,
      -1.3235705,
      -5.2801595,
      1
    ],
    "trackingState" : "Normal"
  },
  {
