[
  {
    "transform" : [
      -0.028654346,
      -0.9274805,
      0.3727717,
      0,
      0.9994694,
      -0.03236343,
      -0.0036947725,
      0,
      0.015491023,
      0.37246802,
      0.9279158,
      0,
      -0.030808156,
      -0.0010389574,
      0.01917626,
      1
    ],
    "timestamp" : 1251040394120,
    "trackingState" : "Normal"
  },
  {
    "transform" : [
      -0.028629664,
      -0.9278155,
      0.37193927,
      0,
      0.9994676,
      -0.03239678,
      -0.0038818321,
      0,
      0.01565128,
      0.37163007,
      0.92824906,
      0,
      -0.031935766,
      -0.00040195137,
      0.018878788,
      1
    ],
    "timestamp" : 1251040410773,
    "trackingState" : "Normal"
  },
  {
    "transform" : [
      -0.028097773,
      -0.92845714,
      0.37037542,
      0,
      0.9995001,
      -0.03147134,
      -0.0030673293,
      0,
      0.014504116,
      0.37010404,
      0.9288772,
      0,
      -0.033323217,
      -8.018009e-05,
      0.019591056,
      1.0000001
    ],
    "timestamp" : 1251040427426,
    "trackingState" : "Normal"
  },
  {
    "transform" : [
      -0.027559673,
      -0.92927444,
      0.36836055,
      0,
      0.999523,
      -0.030755946,
      -0.0028075175,
      0,
      0.013938252,
      0.36810744,
      0.92967874,
      0,
      -0.0347841,
      0.00013051182,
      0.020620361,
      1
    ],
    "timestamp" : 1251040444079,
    "trackingState" : "Normal"
  },
  {
    "transform" : [
      -0.027147291,
      -0.92999643,
      0.36656445,
      0,
      0.99952996,
      -0.030480018,
      -0.0033057642,
      0,
      0.014247262,
      0.3663024,
      0.93038684,
      0,
      -0.036252134,
      0.00028147481,
      0.021712735,
      1.0000001
    ],
    "timestamp" : 1251040460733,
    "trackingState" : "Normal"
  },
  {
    "transform" : [
      -0.02640855,
      -0.92988354,
      0.36690488,
      0,
      0.9995871,
      -0.028720494,
      -0.00084233884,
      0,
      0.01132099,
      0.36673114,
      0.93025815,
      0,
      -0.037708253,
      0.000424359,
      0.022849485,
      1
    ],
    "timestamp" : 1251040477386,
    "trackingState" : "Normal"
  },
  {
    "transform" : [
      -0.025861466,
      -0.9302097,
      0.36611623,
      0,
      0.99960256,
      -0.028173227,
      -0.0009718506,
      0,
      0.011218724,
      0.36594558,
      0.9305687,
      0,
      -0.039171517,
      0.00049996376,
      0.023890376,
      1
    ],
    "timestamp" : 1251040494039,
    "trackingState" : "Normal"
  },
  {
    "transform" : [
      -0.025652457,
      -0.9306214,
      0.36508316,
      0,
      0.9996082,
      -0.02797022,
      -0.0010607697,
      0,
      0.011198653,
      0.3649129,
      0.9309743,
      0,
      -0.03989433,
      0.00090736,
      0.023016889,
      0.99999994
    ],
    "timestamp" : 1251040510692,
    "trackingState" : "Normal"
  },
  {
    "transform" : [
      -0.024080582,
      -0.93200517,
      0.3616442,
      0,
      0.9996625,
      -0.025978548,
      -0.0003862495,
      0,
      0.009754997,
      0.3615128,
      0.9323161,
      0,
      -0.04234281,
      0.0012000836,
      0.024313018,
      1
    ],
    "timestamp" : 1251040543998,
    "trackingState" : "Normal"
  },
  {
    "transform" : [
      -0.022590702,
      -0.9331947,
      0.35866046,
      0,
      0.99969727,
      -0.024583906,
      -0.0009973219,
      0,
      0.009747992,
      0.35852936,
      0.9334676,
      0,
      -0.043648724,
      0.0012870275,
      0.025257997,
      1.0000001
    ],
    "timestamp" : 1251040560651,
    "trackingState" : "Normal"
  },
  {
    "transform" : [
      -0.019527502,
      -0.93632364,
      0.35059482,
      0,
      0.9997696,
      -0.021414032,
      -0.0015044459,
      0,
      0.0089163175,
      0.35048464,
      0.93652606,
      0,
      -0.04818311,
      0.0019190907,
      0.026731767,
      1
    ],
    "timestamp" : 1251040627264,
    "trackingState" : "Normal"
  },
  {
    "transform" : [
      -0.01822855,
      -0.9364292,
      0.35038278,
      0,
      0.9997966,
      -0.020094885,
      -0.0016912491,
      0,
      0.008624655,
      0.35028067,
      0.93660516,
      0,
      -0.049272772,
      0.0020280501,
      0.027327742,
      0.99999994
    ],
    "timestamp" : 1251040643917,
    "trackingState" : "Normal"
  },
  {
    "transform" : [
      -0.016612558,
      -0.9365462,
      0.35015026,
      0,
      0.9998238,
      -0.018622158,
      -0.002372906,
      0,
      0.008742912,
      0.35004914,
      0.93669057,
      0,
      -0.05032339,
      0.0021403432,
      0.027914077,
      1
    ],
    "timestamp" : 1251040660570,
    "trackingState" : "Normal"
  },
  {
    "transform" : [
      -0.016639479,
      -0.9364642,
      0.35036826,
      0,
      0.99982154,
      -0.01871819,
      -0.002547022,
      0,
      0.008943475,
      0.35026336,
      0.9366086,
      0,
      -0.051324848,
      0.002249135,
      0.02854478,
      0.99999994
    ],
    "timestamp" : 1251040677223,
    "trackingState" : "Normal"
  },
  {
    "transform" : [
      -0.01574931,
      -0.93733865,
      0.34806344,
      0,
      0.99983585,
      -0.01788314,
      -0.0029185086,
      0,
      0.0089601185,
      0.34796032,
      0.93746644,
      0,
      -0.052001413,
      0.0025185905,
      0.028907098,
      1
    ],
    "timestamp" : 1251040693876,
    "trackingState" : "Normal"
  },
  {
    "transform" : [
      -0.015339654,
      -0.9382893,
      0.34551105,
      0,
      0.9998456,
      -0.017357947,
      -0.0027480659,
      0,
      0.008575866,
      0.34541553,
      0.93841076,
      0,
      -0.052801143,
      0.0027760938,
      0.029467203,
      1
    ],
    "timestamp" : 1251040710529,
    "trackingState" : "Normal"
  },
  {
    "transform" : [
      -0.014785377,
      -0.93926895,
      0.34286335,
      0,
      0.9998576,
      -0.016680986,
      -0.0025801905,
      0,
      0.008142808,
      0.34277633,
      0.93938184,
      0,
      -0.053655565,
      0.003065683,
      0.03007736,
      1
    ],
    "timestamp" : 1251040727182,
    "trackingState" : "Normal"
  },
  {
    "transform" : [
      -0.013657216,
      -0.9403316,
      0.33998546,
      0,
      0.99987525,
      -0.01554406,
      -0.0028267389,
      0,
      0.007942846,
      0.3399044,
      0.9404265,
      0,
      -0.054543022,
      0.0033956207,
      0.030699417,
      1
    ],
    "timestamp" : 1251040743835,
    "trackingState" : "Normal"
  },
  {
    "transform" : [
      -0.012123054,
      -0.9414854,
      0.33683556,
      0,
      0.99989337,
      -0.014157723,
      -0.0035849032,
      0,
      0.008143981,
      0.33675617,
      0.94155675,
      0,
      -0.055445876,
      0.0037648343,
      0.031325795,
      1
    ],
    "timestamp" : 1251040760489,
    "trackingState" : "Normal"
  },
  {
    "transform" : [
      -0.011412378,
      -0.9424729,
      0.33408773,
      0,
      0.99990493,
      -0.013341229,
      -0.0034794675,
      0,
      0.0077364654,
      0.33401626,
      0.9425356,
      0,
      -0.05629228,
      0.004144866,
      0.031762123,
      1
    ],
    "timestamp" : 1251040777142,
    "trackingState" : "Normal"
  },
  {
    "transform" : [
      -0.0102740675,
      -0.94376284,
      0.3304636,
      0,
      0.9999123,
      -0.012461848,
      -0.004502336,
      0,
      0.008367344,
      0.3303883,
      0.9438081,
      0,
      -0.05707181,
      0.0046395473,
      0.032268777,
      1
    ],
    "timestamp" : 1251040793795,
    "trackingState" : "Normal"
  },
  {
    "transform" : [
      -0.009640087,
      -0.94492453,
      0.3271463,
      0,
      0.9999173,
      -0.011891405,
      -0.0048821666,
      0,
      0.008503527,
      0.32707217,
      0.94496113,
      0,
      -0.05779202,
      0.005192146,
      0.0327755,
      0.9999999
    ],
    "timestamp" : 1251040810448,
    "trackingState" : "Normal"
  },
  {
    "transform" : [
      -0.009192583,
      -0.9458354,
      0.32451627,
      0,
      0.9999222,
      -0.011432681,
      -0.004996855,
      0,
      0.008436315,
      0.32444504,
      0.945867,
      0,
      -0.058472544,
      0.0057822983,
      0.03323756,
      1.0000001
    ],
    "timestamp" : 1251040827101,
    "trackingState" : "Normal"
  },
  {
    "transform" : [
      -0.008798605,
      -0.94658285,
      0.3223406,
      0,
      0.99992555,
      -0.011053879,
      -0.005166751,
      0,
      0.0084538935,
      0.32227114,
      0.9466097,
      0,
      -0.05911831,
      0.0063833147,
      0.033657946,
      1
    ],
    "timestamp" : 1251040843754,
    "trackingState" : "Normal"
  },
  {
    "transform" : [
      -0.008582237,
      -0.9472768,
      0.3203016,
      0,
      0.9999236,
      -0.010982566,
      -0.005688208,
      0,
      0.008906059,
      0.32022828,
      0.9472986,
      0,
      -0.059729442,
      0.00697428,
      0.03405358,
      1
    ],
    "timestamp" : 1251040860407,
    "trackingState" : "Normal"
  },
  {
    "transform" : [
      -0.008102579,
      -0.94806474,
      0.31797418,
      0,
      0.99991053,
      -0.011066975,
      -0.0075174305,
      0,
      0.010646044,
      0.3178848,
      0.9480696,
      0,
      -0.060311705,
      0.007564947,
      0.034412444,
      1
    ],
    "timestamp" : 1251040877061,
    "trackingState" : "Normal"
  },
  {
    "transform" : [
      -0.007861231,
      -0.948799,
      0.31578264,
      0,
      0.9999075,
      -0.010965934,
      -0.008056036,
      0,
      0.011106433,
      0.31569007,
      0.94879746,
      0,
      -0.061299723,
      0.007865574,
      0.034056067,
      1
    ],
    "timestamp" : 1251040893714,
    "trackingState" : "Normal"
  },
  {
    "transform" : [
      -0.0072720577,
      -0.94959974,
      0.31338072,
      0,
      0.999907,
      -0.010522378,
      -0.008681644,
      0,
      0.011541616,
      0.3132884,
      0.94958794,
      0,
      -0.06202899,
      0.008389596,
      0.034215353,
      1
    ],
    "timestamp" : 1251040910367,
    "trackingState" : "Normal"
  },
  {
    "transform" : [
      -0.006585871,
      -0.9504249,
      0.3108844,
      0,
      0.99990827,
      -0.009940485,
      -0.00920732,
      0,
      0.011841227,
      0.31079522,
      0.95040315,
      0,
      -0.0626681,
      0.009013908,
      0.034536164,
      0.99999994
    ],
    "timestamp" : 1251040927020,
    "trackingState" : "Normal"
  },
  {
    "transform" : [
      -0.0060193273,
      -0.95126307,
      0.3083218,
      0,
      0.99990433,
      -0.009566806,
      -0.009995376,
      0,
      0.012457907,
      0.30823213,
      0.95122963,
      0,
      -0.06324948,
      0.009690188,
      0.034896955,
      1
    ],
    "timestamp" : 1251040943673,
    "trackingState" : "Normal"
  },
  {
    "transform" : [
      -0.005770358,
      -0.9521844,
      0.3054696,
      0,
      0.99989396,
      -0.009579812,
      -0.010973255,
      0,
      0.013374926,
      0.30537388,
      0.9521387,
      0,
      -0.063779,
      0.010382507,
      0.035270177,
      1
    ],
    "timestamp" : 1251040960326,
    "trackingState" : "Normal"
  },
  {
    "transform" : [
      -0.0068038628,
      -0.95281434,
      0.3034771,
      0,
      0.99987876,
      -0.010733496,
      -0.011282516,
      0,
      0.014007535,
      0.30336356,
      0.95277196,
      0,
      -0.06428732,
      0.011065854,
      0.03566725,
      0.99999994
    ],
    "timestamp" : 1251040976979,
    "trackingState" : "Normal"
  },
  {
    "transform" : [
      -0.006540948,
      -0.953784,
      0.3004216,
      0,
      0.99986625,
      -0.010740747,
      -0.01233025,
      0,
      0.01498717,
      0.3003008,
      0.95372677,
      0,
      -0.06480272,
      0.011928854,
      0.036291562,
      0.9999999
    ],
    "timestamp" : 1251040993633,
    "trackingState" : "Normal"
  },
  {
    "transform" : [
      -0.006243188,
      -0.9547569,
      0.29732156,
      0,
      0.99985385,
      -0.010694239,
      -0.013346223,
      0,
      0.015922049,
      0.29719475,
      0.9546842,
      0,
      -0.06533779,
      0.012993718,
      0.03724048,
      0.99999994
    ],
    "timestamp" : 1251041010285,
    "trackingState" : "Normal"
  },
  {
    "transform" : [
      -0.005711999,
      -0.9558102,
      0.293929,
      0,
      0.9998316,
      -0.010585061,
      -0.014990922,
      0,
      0.017439757,
      0.29379386,
      0.95570976,
      0,
      -0.06585936,
      0.0138551425,
      0.037789132,
      0.99999994
    ],
    "timestamp" : 1251041026939,
    "trackingState" : "Normal"
  },
  {
    "transform" : [
      -0.0050443644,
      -0.95699906,
      0.29004705,
      0,
      0.9998068,
      -0.01033747,
      -0.01671989,
      0,
      0.018999295,
      0.28990665,
      0.9568664,
      0,
      -0.066390164,
      0.014658656,
      0.038215503,
      1
    ],
    "timestamp" : 1251041043592,
    "trackingState" : "Normal"
  },
  {
    "transform" : [
      -0.004784842,
      -0.95829165,
      0.2857518,
      0,
      0.99977785,
      -0.010449049,
      -0.018300682,
      0,
      0.02052325,
      0.2856008,
      0.95812887,
      0,
      -0.06692531,
      0.015448792,
      0.038573977,
      0.99999994
    ],
    "timestamp" : 1251041060245,
    "trackingState" : "Normal"
  },
  {
    "transform" : [
      -0.004294339,
      -0.9593049,
      0.28233957,
      0,
      0.99975526,
      -0.010246656,
      -0.019608917,
      0,
      0.021703988,
      0.28218624,
      0.9591142,
      0,
      -0.067436755,
      0.016266417,
      0.038858265,
      1
    ],
    "timestamp" : 1251041076898,
    "trackingState" : "Normal"
  },
  {
    "transform" : [
      -0.0042142393,
      -0.9601084,
      0.27959597,
      0,
      0.99974215,
      -0.010283926,
      -0.020245375,
      0,
      0.022313122,
      0.27943856,
      0.9599042,
      0,
      -0.068240024,
      0.017737124,
      0.039072625,
      0.9999999
    ],
    "timestamp" : 1251041093551,
    "trackingState" : "Normal"
  },
  {
    "transform" : [
      -0.0038867313,
      -0.9609102,
      0.2768329,
      0,
      0.99972045,
      -0.010189759,
      -0.02133342,
      0,
      0.023320386,
      0.2766726,
      0.96068126,
      0,
      -0.06883713,
      0.018823087,
      0.039235868,
      1
    ],
    "timestamp" : 1251041110204,
    "trackingState" : "Normal"
  },
  {
    "transform" : [
      -0.003184584,
      -0.9618182,
      0.27367043,
      0,
      0.9996956,
      -0.0097586755,
      -0.02266395,
      0,
      0.024469282,
      0.2735149,
      0.9615565,
      0,
      -0.06940602,
      0.01979331,
      0.039398476,
      1
    ],
    "timestamp" : 1251041126857,
    "trackingState" : "Normal"
  },
  {
    "transform" : [
      -0.0021917315,
      -0.9628034,
      0.27019376,
      0,
      0.999673,
      -0.008993633,
      -0.02393868,
      0,
      0.025478289,
      0.2700529,
      0.9625083,
      0,
      -0.0699836,
      0.020745488,
      0.039577138,
      0.99999994
    ],
    "timestamp" : 1251041143510,
    "trackingState" : "Normal"
  },
  {
    "transform" : [
      -0.0013012112,
      -0.96389073,
      0.26629457,
      0,
      0.9996378,
      -0.008412066,
      -0.025564052,
      0,
      0.026881063,
      0.26616484,
      0.9635526,
      0,
      -0.07055467,
      0.021715328,
      0.039769523,
      1
    ],
    "timestamp" : 1251041160164,
    "trackingState" : "Normal"
  },
  {
    "transform" : [
      -0.00033759946,
      -0.9649047,
      0.2625999,
      0,
      0.99959064,
      -0.007838399,
      -0.027516548,
      0,
      0.028609231,
      0.2624831,
      0.9645124,
      0,
      -0.071085185,
      0.022728462,
      0.039988063,
      1
    ],
    "timestamp" : 1251041176817,
    "trackingState" : "Normal"
  },
  {
    "transform" : [
      0.00019452652,
      -0.9659765,
      0.25862995,
      0,
      0.9995295,
      -0.007745833,
      -0.029682267,
      0,
      0.030675696,
      0.258514,
      0.9655204,
      0,
      -0.07150157,
      0.023972515,
      0.04015714,
      1
    ],
    "timestamp" : 1251041193470,
    "trackingState" : "Normal"
  },
  {
    "transform" : [
      0.00053213036,
      -0.96716505,
      0.25414857,
      0,
      0.9994704,
      -0.0077544227,
      -0.031602185,
      0,
      0.032535326,
      0.2540308,
      0.9666488,
      0,
      -0.07179215,
      0.02549818,
      0.04025949,
      0.99999994
    ],
    "timestamp" : 1251041210123,
    "trackingState" : "Normal"
  },
  {
    "transform" : [
      0.0011319366,
      -0.9684449,
      0.24922508,
      0,
      0.999414,
      -0.0074302657,
      -0.03341185,
      0,
      0.034209367,
      0.24911687,
      0.96786904,
      0,
      -0.072199985,
      0.02675079,
      0.040519137,
      0.99999994
    ],
    "timestamp" : 1251041226776,
    "trackingState" : "Normal"
  },
  {
    "transform" : [
      0.001680555,
      -0.96983314,
      0.24376354,
      0,
      0.9993463,
      -0.0071737543,
      -0.035431042,
      0,
      0.036110923,
      0.24366374,
      0.9691872,
      0,
      -0.07264006,
      0.027930364,
      0.040843256,
      1
    ],
    "timestamp" : 1251041243429,
    "trackingState" : "Normal"
  },
  {
    "transform" : [
      0.0018886334,
      -0.97141963,
      0.23736121,
      0,
      0.99923253,
      -0.007453923,
      -0.03845644,
      0,
      0.039126635,
      0.23725165,
      0.97066003,
      0,
      -0.073090225,
      0.029098483,
      0.041172426,
      0.99999994
    ],
    "timestamp" : 1251041260082,
    "trackingState" : "Normal"
  },
  {
    "transform" : [
      0.0025446832,
      -0.9728934,
      0.2312401,
      0,
      0.99913585,
      -0.007120061,
      -0.040951114,
      0,
      0.041487537,
      0.23114446,
      0.9720345,
      0,
      -0.07354731,
      0.030312087,
      0.041510947,
      1.0000001
    ],
    "timestamp" : 1251041276735,
    "trackingState" : "Normal"
  },
  {
    "transform" : [
      0.0034775226,
      -0.9743511,
      0.22500646,
      0,
      0.99905413,
      -0.0063680476,
      -0.04301629,
      0,
      0.04334584,
      0.22494322,
      0.9734073,
      0,
      -0.07401589,
      0.03163541,
      0.041689657,
      1
    ],
    "timestamp" : 1251041293389,
    "trackingState" : "Normal"
  },
  {
    "transform" : [
      0.0042318315,
      -0.97584206,
      0.21843608,
      0,
      0.99899286,
      -0.0056325397,
      -0.04451661,
      0,
      0.044671554,
      0.21840446,
      0.9748354,
      0,
      -0.07447201,
      0.033077843,
      0.041679554,
      1
    ],
    "timestamp" : 1251041310042,
    "trackingState" : "Normal"
  },
  {
    "transform" : [
      0.004273099,
      -0.97743595,
      0.21118875,
      0,
      0.99893016,
      -0.005552551,
      -0.045910526,
      0,
      0.046047255,
      0.21115899,
      0.9763665,
      0,
      -0.074885555,
      0.034426507,
      0.041930575,
      0.99999994
    ],
    "timestamp" : 1251041326695,
    "trackingState" : "Normal"
  },
  {
    "transform" : [
      0.0037755745,
      -0.97900987,
      0.20377745,
      0,
      0.99884945,
      -0.0060497005,
      -0.04757123,
      0,
      0.04780552,
      0.20372261,
      0.97786075,
      0,
      -0.07530943,
      0.03577383,
      0.042269684,
      1
    ],
    "timestamp" : 1251041343348,
    "trackingState" : "Normal"
  },
  {
    "transform" : [
      0.0030855145,
      -0.980548,
      0.1962551,
      0,
      0.9987408,
      -0.006805449,
      -0.049704157,
      0,
      0.050072942,
      0.19616134,
      0.97929233,
      0,
      -0.07581006,
      0.037179373,
      0.042599253,
      1
    ],
    "timestamp" : 1251041360001,
    "trackingState" : "Normal"
  },
  {
    "transform" : [
      0.0045281923,
      -0.98169833,
      0.19038881,
      0,
      0.9986392,
      -0.005452285,
      -0.051865056,
      0,
      0.05195391,
      0.19036457,
      0.9803378,
      0,
      -0.07639165,
      0.038697213,
      0.04291322,
      1
    ],
    "timestamp" : 1251041376654,
    "trackingState" : "Normal"
  },
  {
    "transform" : [
      0.007103928,
      -0.9828248,
      0.18440403,
      0,
      0.99860424,
      -0.0026790558,
      -0.052748583,
      0,
      0.052336667,
      0.18452136,
      0.98143405,
      0,
      -0.07634862,
      0.040211394,
      0.04228498,
      1
    ],
    "timestamp" : 1251041393307,
    "trackingState" : "Normal"
  },
  {
    "transform" : [
      0.009400016,
      -0.9841147,
      0.17728451,
      0,
      0.9985915,
      -1.9781308e-05,
      -0.053057306,
      0,
      0.052218005,
      0.17753354,
      0.9827284,
      0,
      -0.07674624,
      0.041815832,
      0.042355455,
      1
    ],
    "timestamp" : 1251041409960,
    "trackingState" : "Normal"
  },
  {
    "transform" : [
      0.010654815,
      -0.98542726,
      0.16976325,
      0,
      0.9985552,
      0.0015432545,
      -0.053713925,
      0,
      0.0526692,
      0.17009029,
      0.98402005,
      0,
      -0.077249974,
      0.043457866,
      0.04266987,
      1
    ],
    "timestamp" : 1251041426613,
    "trackingState" : "Normal"
  },
  {
    "transform" : [
      0.011507346,
      -0.9866743,
      0.16230026,
      0,
      0.9984248,
      0.002424115,
      -0.056052934,
      0,
      0.05491258,
      0.16268963,
      0.98514813,
      0,
      -0.077769354,
      0.045121923,
      0.043046743,
      1
    ],
    "timestamp" : 1251041443266,
    "trackingState" : "Normal"
  },
  {
    "transform" : [
      0.01205407,
      -0.9880048,
      0.15395202,
      0,
      0.99828166,
      0.0030610336,
      -0.058518488,
      0,
      0.05734532,
      0.15439285,
      0.986344,
      0,
      -0.07830961,
      0.046803426,
      0.04346945,
      1.0000001
    ],
    "timestamp" : 1251041459920,
    "trackingState" : "Normal"
  },
  {
    "transform" : [
      0.013435733,
      -0.9891531,
      0.14627248,
      0,
      0.9981317,
      0.0045474926,
      -0.06093053,
      0,
      0.059604477,
      0.14681783,
      0.98736614,
      0,
      -0.07885226,
      0.04853316,
      0.043951463,
      0.99999994
    ],
    "timestamp" : 1251041476573,
    "trackingState" : "Normal"
  },
  {
    "transform" : [
      0.014507227,
      -0.990337,
      0.13792029,
      0,
      0.9979769,
      0.0058018453,
      -0.06331259,
      0,
      0.06190064,
      0.13855974,
      0.9884177,
      0,
      -0.07921879,
      0.050135355,
      0.044167463,
      0.99999994
    ],
    "timestamp" : 1251041493226,
    "trackingState" : "Normal"
  },
  {
    "transform" : [
      0.014996667,
      -0.9915013,
      0.12922972,
      0,
      0.9978055,
      0.006503591,
      -0.06589378,
      0,
      0.06449333,
      0.12993431,
      0.989423,
      0,
      -0.07924363,
      0.05146745,
      0.04379583,
      1
    ],
    "timestamp" : 1251041509879,
    "trackingState" : "Normal"
  },
  {
    "transform" : [
      0.014911261,
      -0.99259126,
      0.120582215,
      0,
      0.9976374,
      0.006680866,
      -0.06837376,
      0,
      0.06706163,
      0.121316865,
      0.99034584,
      0,
      -0.079551734,
      0.05311583,
      0.044067554,
      1
    ],
    "timestamp" : 1251041526532,
    "trackingState" : "Normal"
  },
  {
    "transform" : [
      0.014188859,
      -0.99362034,
      0.111880094,
      0,
      0.99744934,
      0.0062373956,
      -0.07110346,
      0,
      0.06995203,
      0.11260361,
      0.9911745,
      0,
      -0.0799468,
      0.05487258,
      0.044559356,
      0.9999998
    ],
    "timestamp" : 1251041543185,
    "trackingState" : "Normal"
  },
  {
    "transform" : [
      0.012752798,
      -0.99472773,
      0.101755366,
      0,
      0.99716383,
      0.00510287,
      -0.075088546,
      0,
      0.074173436,
      0.10242435,
      0.99197155,
      0,
      -0.08039814,
      0.05667374,
      0.045125857,
      1.0000001
    ],
    "timestamp" : 1251041559838,
    "trackingState" : "Normal"
  },
  {
    "transform" : [
      0.01199167,
      -0.99563485,
      0.09255951,
      0,
      0.9968391,
      0.004632956,
      -0.07931149,
      0,
      0.07853649,
      0.093218006,
      0.9925434,
      0,
      -0.08085516,
      0.05850672,
      0.04576066,
      1
    ],
    "timestamp" : 1251041576491,
    "trackingState" : "Normal"
  },
  {
    "transform" : [
      0.01045256,
      -0.99647695,
      0.08321343,
      0,
      0.9965738,
      0.0035531966,
      -0.082631715,
      0,
      0.082044944,
      0.083792046,
      0.99310005,
      0,
      -0.080796465,
      0.059617244,
      0.04620096,
      1
    ],
    "timestamp" : 1251041593144,
    "trackingState" : "Normal"
  },
  {
    "transform" : [
      0.008262504,
      -0.9972834,
      0.07319543,
      0,
      0.99628836,
      0.0019381008,
      -0.086057276,
      0,
      0.08568165,
      0.0736348,
      0.99359787,
      0,
      -0.08103388,
      0.061207674,
      0.04686466,
      1
    ],
    "timestamp" : 1251041609797,
    "trackingState" : "Normal"
  },
  {
    "transform" : [
      0.0055721705,
      -0.9980296,
      0.062496997,
      0,
      0.9960087,
      -2.8359207e-05,
      -0.089256,
      0,
      0.08908192,
      0.0627449,
      0.99404603,
      0,
      -0.0813518,
      0.06294312,
      0.0476281,
      0.99999994
    ],
    "timestamp" : 1251041626451,
    "trackingState" : "Normal"
  },
  {
    "transform" : [
      0.0025939338,
      -0.99865264,
      0.051826708,
      0,
      0.9956379,
      -0.0022545133,
      -0.093274176,
      0,
      0.09326538,
      0.051842585,
      0.99429077,
      0,
      -0.081703775,
      0.06470836,
      0.048373677,
      1
    ],
    "timestamp" : 1251041643104,
    "trackingState" : "Normal"
  },
  {
    "transform" : [
      -0.00042158048,
      -0.99913883,
      0.041491583,
      0,
      0.9952204,
      -0.0044710203,
      -0.0975524,
      0,
      0.09765392,
      0.041252144,
      0.99436516,
      0,
      -0.0821516,
      0.066502996,
      0.049039204,
      0.99999994
    ],
    "timestamp" : 1251041659757,
    "trackingState" : "Normal"
  },
  {
    "transform" : [
      -0.00077158405,
      -0.9994233,
      0.0339472,
      0,
      0.99489206,
      -0.0041938885,
      -0.100857385,
      0,
      0.10094162,
      0.033695985,
      0.9943215,
      0,
      -0.08271198,
      0.06838453,
      0.049644034,
      0.99999994
    ],
    "timestamp" : 1251041676410,
    "trackingState" : "Normal"
  },
  {
    "transform" : [
      -0.00046672655,
      -0.99960434,
      0.028123545,
      0,
      0.99462765,
      -0.0033752786,
      -0.10346219,
      0,
      0.1035162,
      0.027924167,
      0.99423575,
      0,
      -0.08295298,
      0.06991921,
      0.050028574,
      0.99999994
    ],
    "timestamp" : 1251041693063,
    "trackingState" : "Normal"
  },
  {
    "transform" : [
      -0.00033139417,
      -0.9997466,
      0.022506613,
      0,
      0.9943414,
      -0.0027203655,
      -0.10619798,
      0,
      0.10623233,
      0.022344058,
      0.99409026,
      0,
      -0.08340211,
      0.07171818,
      0.050496973,
      1
    ],
    "timestamp" : 1251041709716,
    "trackingState" : "Normal"
  },
  {
    "transform" : [
      -0.00067602005,
      -0.9998706,
      0.016073564,
      0,
      0.99400234,
      -0.0024296385,
      -0.109332204,
      0,
      0.10935714,
      0.015903248,
      0.9938754,
      0,
      -0.08389461,
      0.07359993,
      0.051078007,
      1
    ],
    "timestamp" : 1251041726369,
    "trackingState" : "Normal"
  },
  {
    "transform" : [
      -0.0012086965,
      -0.9999669,
      0.008044504,
      0,
      0.99363035,
      -0.0021074358,
      -0.11266927,
      0,
      0.11268251,
      0.00785708,
      0.9936001,
      0,
      -0.08440071,
      0.07549976,
      0.0518085,
      1
    ],
    "timestamp" : 1251041743022,
    "trackingState" : "Normal"
  },
  {
    "transform" : [
      -0.002340166,
      -0.999995,
      -0.0020869859,
      0,
      0.9931696,
      -0.0020807239,
      -0.1166602,
      0,
      0.116655305,
      -0.0023457357,
      0.9931696,
      0,
      -0.08495362,
      0.07739025,
      0.05265349,
      0.9999999
    ],
    "timestamp" : 1251041759675,
    "trackingState" : "Normal"
  },
  {
    "transform" : [
      -0.0024458661,
      -0.99992234,
      -0.01221669,
      0,
      0.9927995,
      -0.0009649658,
      -0.11978397,
      0,
      0.1197629,
      -0.0124217,
      0.99272484,
      0,
      -0.08554387,
      0.0792867,
      0.053609245,
      1
    ],
    "timestamp" : 1251041776329,
    "trackingState" : "Normal"
  },
  {
    "transform" : [
      -0.00241468,
      -0.99974513,
      -0.022446448,
      0,
      0.99246675,
      0.0003536029,
      -0.12251393,
      0,
      0.12249066,
      -0.02257318,
      0.99221295,
      0,
      -0.08614056,
      0.08128765,
      0.054592736,
      1
    ],
    "timestamp" : 1251041792982,
    "trackingState" : "Normal"
  },
  {
    "transform" : [
      -0.002388024,
      -0.9994784,
      -0.0322056,
      0,
      0.9921882,
      0.0016487971,
      -0.124739364,
      0,
      0.12472742,
      -0.032251894,
      0.9916668,
      0,
      -0.086668916,
      0.08358681,
      0.05551993,
      1
    ],
    "timestamp" : 1251041809635,
    "trackingState" : "Normal"
  },
  {
    "transform" : [
      -0.002182493,
      -0.99912715,
      -0.04171434,
      0,
      0.9919086,
      0.0031320974,
      -0.1269155,
      0,
      0.12693541,
      -0.041653804,
      0.9910361,
      0,
      -0.08728203,
      0.085594974,
      0.05653409,
      1
    ],
    "timestamp" : 1251041826288,
    "trackingState" : "Normal"
  },
  {
    "transform" : [
      -0.002027404,
      -0.99868125,
      -0.051299263,
      0,
      0.9915375,
      0.004651326,
      -0.12973754,
      0,
      0.12980507,
      -0.051128164,
      0.9902205,
      0,
      -0.08792889,
      0.0875014,
      0.05760611,
      1
    ],
    "timestamp" : 1251041842941,
    "trackingState" : "Normal"
  },
  {
    "transform" : [
      -0.002836053,
      -0.9981035,
      -0.06149246,
      0,
      0.99101245,
      0.0054187863,
      -0.13365984,
      0,
      0.13373959,
      -0.06131886,
      0.9891177,
      0,
      -0.08861694,
      0.08935091,
      0.05873107,
      1
    ],
    "timestamp" : 1251041859594,
    "trackingState" : "Normal"
  },
  {
    "transform" : [
      -0.0028094864,
      -0.99739516,
      -0.07207522,
      0,
      0.9904614,
      0.0071538156,
      -0.1376044,
      0,
      0.13776161,
      -0.071774326,
      0.9878614,
      0,
      -0.0893406,
      0.09119205,
      0.0599161,
      1
    ],
    "timestamp" : 1251041876247,
    "trackingState" : "Normal"
  },
  {
    "transform" : [
      -0.0027242445,
      -0.99656343,
      -0.08278872,
      0,
      0.98981255,
      0.00909788,
      -0.14208585,
      0,
      0.14235078,
      -0.08233238,
      0.98638624,
      0,
      -0.0900255,
      0.09304271,
      0.061124876,
      1.0000001
    ],
    "timestamp" : 1251041892901,
    "trackingState" : "Normal"
  },
  {
    "transform" : [
      -0.0029252518,
      -0.9956634,
      -0.09298276,
      0,
      0.9888379,
      0.010971409,
      -0.14859131,
      0,
      0.1489671,
      -0.09237954,
      0.9845176,
      0,
      -0.09040096,
      0.09498081,
      0.062271997,
      1.0000001
    ],
    "timestamp" : 1251041909553,
    "trackingState" : "Normal"
  },
  {
    "transform" : [
      -0.0031909482,
      -0.99470395,
      -0.102731675,
      0,
      0.9880764,
      0.012677569,
      -0.15344173,
      0,
      0.15393151,
      -0.10199636,
      0.98280317,
      0,
      -0.091059856,
      0.09681649,
      0.06342168,
      1.0000001
    ],
    "timestamp" : 1251041926207,
    "trackingState" : "Normal"
  },
  {
    "transform" : [
      -0.003417499,
      -0.9937142,
      -0.1118938,
      0,
      0.98740035,
      0.014349042,
      -0.15758944,
      0,
      0.15820448,
      -0.111022554,
      0.98114485,
      0,
      -0.091822825,
      0.09861329,
      0.06454738,
      1
    ],
    "timestamp" : 1251041942860,
    "trackingState" : "Normal"
  },
  {
    "transform" : [
      -0.0044786585,
      -0.9927138,
      -0.120412394,
      0,
      0.98664117,
      0.015222396,
      -0.16219516,
      0,
      0.16284637,
      -0.11953025,
      0.9793842,
      0,
      -0.092650995,
      0.10037684,
      0.06562787,
      0.9999999
    ],
    "timestamp" : 1251041959513,
    "trackingState" : "Normal"
  },
  {
    "transform" : [
      -0.004990779,
      -0.9916886,
      -0.12856433,
      0,
      0.9858928,
      0.016630255,
      -0.1665501,
      0,
      0.16730393,
      -0.12758186,
      0.9776156,
      0,
      -0.093519345,
      0.10213283,
      0.06668328,
      0.99999994
    ],
    "timestamp" : 1251041976166,
    "trackingState" : "Normal"
  },
  {
    "transform" : [
      -0.0055170585,
      -0.99067473,
      -0.13613638,
      0,
      0.9851743,
      0.01795894,
      -0.17061369,
      0,
      0.17146754,
      -0.13505934,
      0.9758883,
      0,
      -0.09378771,
      0.10395053,
      0.0675221,
      1
    ],
    "timestamp" : 1251041992819,
    "trackingState" : "Normal"
  },
  {
    "transform" : [
      -0.0060389144,
      -0.98956984,
      -0.14392738,
      0,
      0.984398,
      0.019428007,
      -0.17488031,
      0,
      0.17585252,
      -0.1427379,
      0.9740132,
      0,
      -0.094514206,
      0.10567318,
      0.06852748,
      1
    ],
    "timestamp" : 1251042009472,
    "trackingState" : "Normal"
  },
  {
    "transform" : [
      -0.007016029,
      -0.9883372,
      -0.15211932,
      0,
      0.983459,
      0.020714318,
      -0.17994232,
      0,
      0.18099478,
      -0.15086561,
      0.9718439,
      0,
      -0.09537119,
      0.10734196,
      0.06959542,
      1
    ],
    "timestamp" : 1251042026125,
    "trackingState" : "Normal"
  },
  {
    "transform" : [
      -0.008442744,
      -0.98698837,
      -0.16057019,
      0,
      0.9823637,
      0.021808397,
      -0.18570368,
      0,
      0.18678916,
      -0.15930617,
      0.9693974,
      0,
      -0.096266046,
      0.10897046,
      0.07068472,
      1
    ],
    "timestamp" : 1251042042778,
    "trackingState" : "Normal"
  },
  {
    "transform" : [
      -0.010768414,
      -0.9856054,
      -0.16871881,
      0,
      0.98107725,
      0.022206232,
      -0.1923391,
      0,
      0.19331709,
      -0.16759737,
      0.966716,
      0,
      -0.09720169,
      0.11055897,
      0.0717695,
      1
    ],
    "timestamp" : 1251042059431,
    "trackingState" : "Normal"
  },
  {
    "transform" : [
      -0.012274543,
      -0.98413026,
      -0.17702252,
      0,
      0.9798564,
      0.023452273,
      -0.19832154,
      0,
      0.19932583,
      -0.17589094,
      0.96401846,
      0,
      -0.09816779,
      0.11213453,
      0.072859325,
      1
    ],
    "timestamp" : 1251042076085,
    "trackingState" : "Normal"
  },
  {
    "transform" : [
      -0.013644046,
      -0.98266727,
      -0.18487518,
      0,
      0.97867274,
      0.024777273,
      -0.20392607,
      0,
      0.20497222,
      -0.18371464,
      0.9613716,
      0,
      -0.09892087,
      0.11326069,
      0.07348515,
      0.99999994
    ],
    "timestamp" : 1251042092738,
    "trackingState" : "Normal"
  },
  {
    "transform" : [
      -0.014955676,
      -0.9811926,
      -0.19245115,
      0,
      0.97750413,
      0.026150484,
      -0.20928892,
      0,
      0.21038544,
      -0.19125184,
      0.9587287,
      0,
      -0.09989995,
      0.114660725,
      0.074417315,
      1
    ],
    "timestamp" : 1251042109391,
    "trackingState" : "Normal"
  },
  {
    "transform" : [
      -0.016356178,
      -0.97967404,
      -0.19992828,
      0,
      0.9762292,
      0.02757373,
      -0.21498033,
      0,
      0.21612342,
      -0.19869204,
      0.95593536,
      0,
      -0.10094774,
      0.116148576,
      0.07545743,
      1
    ],
    "timestamp" : 1251042126044,
    "trackingState" : "Normal"
  },
  {
    "transform" : [
      -0.018202953,
      -0.97803587,
      -0.20764016,
      0,
      0.9747215,
      0.028893953,
      -0.22154735,
      0,
      0.22268085,
      -0.20642413,
      0.9527866,
      0,
      -0.101995274,
      0.117649674,
      0.0765347,
      0.99999994
    ],
    "timestamp" : 1251042142697,
    "trackingState" : "Normal"
  },
  {
    "transform" : [
      -0.020339828,
      -0.97647214,
      -0.21468207,
      0,
      0.9731059,
      0.029945912,
      -0.22840355,
      0,
      0.2294586,
      -0.21355408,
      0.94960177,
      0,
      -0.10291608,
      0.118893355,
      0.077221796,
      0.99999994
    ],
    "timestamp" : 1251042159350,
    "trackingState" : "Normal"
  },
  {
    "transform" : [
      -0.02261625,
      -0.97475797,
      -0.22211538,
      0,
      0.97140086,
      0.031101525,
      -0.2353997,
      0,
      0.23636593,
      -0.22108693,
      0.9461773,
      0,
      -0.10397713,
      0.12029013,
      0.078191705,
      1
    ],
    "timestamp" : 1251042176003,
    "trackingState" : "Normal"
  },
  {
    "transform" : [
      -0.025014369,
      -0.97300786,
      -0.22941217,
      0,
      0.96963716,
      0.03222808,
      -0.24241535,
      0,
      0.24326557,
      -0.22851042,
      0.9426584,
      0,
      -0.10510269,
      0.12173322,
      0.07925809,
      1
    ],
    "timestamp" : 1251042192656,
    "trackingState" : "Normal"
  },
  {
    "transform" : [
      -0.027450897,
      -0.97121173,
      -0.23663107,
      0,
      0.967898,
      0.033340227,
      -0.24912234,
      0,
      0.24983987,
      -0.23587337,
      0.9391187,
      0,
      -0.1062654,
      0.12319343,
      0.08037468,
      1
    ],
    "timestamp" : 1251042209309,
    "trackingState" : "Normal"
  },
  {
    "transform" : [
      -0.030193554,
      -0.9694098,
      -0.24358362,
      0,
      0.96613586,
      0.034173496,
      -0.25576103,
      0,
      0.25626138,
      -0.24305719,
      0.9355498,
      0,
      -0.107437454,
      0.12466709,
      0.08152453,
      1
    ],
    "timestamp" : 1251042225962,
    "trackingState" : "Normal"
  },
  {
    "transform" : [
      -0.03334939,
      -0.96757644,
      -0.25036672,
      0,
      0.96423495,
      0.034756653,
      -0.26276,
      0,
      0.26294234,
      -0.2501752,
      0.93181205,
      0,
      -0.10860623,
      0.12613645,
      0.082697935,
      1
    ],
    "timestamp" : 1251042242616,
    "trackingState" : "Normal"
  },
  {
    "transform" : [
      -0.036599122,
      -0.9658674,
      -0.25643852,
      0,
      0.9622045,
      0.035235204,
      -0.27003884,
      0,
      0.2698574,
      -0.2566295,
      0.9280724,
      0,
      -0.109776504,
      0.1275879,
      0.08390035,
      1.0000001
    ],
    "timestamp" : 1251042259269,
    "trackingState" : "Normal"
  },
  {
    "transform" : [
      -0.039878484,
      -0.96396977,
      -0.2630057,
      0,
      0.96004564,
      0.036000792,
      -0.27751803,
      0,
      0.27698746,
      -0.26356447,
      0.92401934,
      0,
      -0.11095578,
      0.1290318,
      0.08510657,
      0.99999994
    ],
    "timestamp" : 1251042275922,
    "trackingState" : "Normal"
  },
  {
    "transform" : [
      -0.042951647,
      -0.96212184,
      -0.26921508,
      0,
      0.9579064,
      0.036899433,
