[
  {
    "transform" : [
      -0.12603264,
      -0.9405175,
      -0.31550375,
      0,
      -0.8351617,
      -0.071043015,
      0.545397,
      0,
      -0.5353697,
      0.3322345,
      -0.7765304,
      0,
      -0.817982,
      -0.5322623,
      -3.2408307,
      0.9999999
    ],
    "timestamp" : 306300957459,
    "trackingState" : "Normal"
  },
  {
    "transform" : [
      -0.12330695,
      -0.94206923,
      -0.31193125,
      0,
      -0.83560866,
      -0.07099097,
      0.5447186,
      0,
      -0.53530693,
      0.32782006,
      -0.7784475,
      0,
      -0.81436455,
      -0.53124523,
      -3.2434363,
      0.99999994
    ],
    "timestamp" : 306300974133,
    "trackingState" : "Normal"
  },
  {
    "transform" : [
      -0.12068572,
      -0.9434744,
      -0.30869222,
      0,
      -0.8364987,
      -0.07078414,
      0.54337764,
      0,
      -0.5345135,
      0.32379866,
      -0.78067255,
      0,
      -0.8100716,
      -0.5303317,
      -3.2462409,
      0.9999999
    ],
    "timestamp" : 306300990806,
    "trackingState" : "Normal"
  },
  {
    "transform" : [
      -0.118567236,
      -0.94480824,
      -0.30541632,
      0,
      -0.83696926,
      -0.070398524,
      0.5427026,
      0,
      -0.5342508,
      0.31997094,
      -0.78242856,
      0,
      -0.80616623,
      -0.5293927,
      -3.248873,
      0.9999998
    ],
    "timestamp" : 306301007480,
    "trackingState" : "Normal"
  },
  {
    "transform" : [
      -0.116194166,
      -0.9461112,
      -0.302279,
      0,
      -0.8374641,
      -0.07030064,
      0.5419518,
      0,
      -0.53399706,
      0.31611946,
      -0.7841656,
      0,
      -0.80242324,
      -0.5284835,
      -3.2514477,
      0.9999999
    ],
    "timestamp" : 306301024154,
    "trackingState" : "Normal"
  },
  {
    "transform" : [
      -0.113366924,
      -0.9473615,
      -0.2994232,
      0,
      -0.83820117,
      -0.07061185,
      0.54077053,
      0,
      -0.5334479,
      0.3122824,
      -0.78607446,
      0,
      -0.7987656,
      -0.527643,
      -3.2540011,
      0.99999994
    ],
    "timestamp" : 306301040827,
    "trackingState" : "Normal"
  },
  {
    "transform" : [
      -0.11081255,
      -0.94856757,
      -0.2965467,
      0,
      -0.83895683,
      -0.07068144,
      0.5395881,
      0,
      -0.5327962,
      0.30858308,
      -0.78797495,
      0,
      -0.79508644,
      -0.5268363,
      -3.2565725,
      0.9999999
    ],
    "timestamp" : 306301057501,
    "trackingState" : "Normal"
  },
  {
    "transform" : [
      -0.10943054,
      -0.9498405,
      -0.29296425,
      0,
      -0.83903605,
      -0.069762096,
      0.5395847,
      0,
      -0.53295714,
      0.3048547,
      -0.78931636,
      0,
      -0.7914315,
      -0.52586615,
      -3.2593205,
      0.9999999
    ],
    "timestamp" : 306301074175,
    "trackingState" : "Normal"
  },
  {
    "transform" : [
      -0.109313995,
      -0.95100695,
      -0.28919917,
      0,
      -0.83957016,
      -0.067419484,
      0.5390512,
      0,
      -0.53213906,
      0.30172893,
      -0.7910672,
      0,
      -0.78753877,
      -0.5249252,
      -3.2620718,
      0.9999998
    ],
    "timestamp" : 306301090848,
    "trackingState" : "Normal"
  },
  {
    "transform" : [
      -0.10974854,
      -0.9519409,
      -0.28594404,
      0,
      -0.84055156,
      -0.06465569,
      0.5378594,
      0,
      -0.5304982,
      0.29938006,
      -0.79305947,
      0,
      -0.78355825,
      -0.5240219,
      -3.2648108,
      0.99999994
    ],
    "timestamp" : 306301107522,
    "trackingState" : "Normal"
  },
  {
    "transform" : [
      -0.109975114,
      -0.9527448,
      -0.2831661,
      0,
      -0.8414297,
      -0.062402297,
      0.53675133,
      0,
      -0.5290572,
      0.2972937,
      -0.79480505,
      0,
      -0.7795699,
      -0.52317643,
      -3.2674968,
      0.99999994
    ],
    "timestamp" : 306301124195,
    "trackingState" : "Normal"
  },
  {
    "transform" : [
      -0.11020517,
      -0.9534959,
      -0.28053564,
      0,
      -0.8419057,
      -0.06045996,
      0.5362267,
      0,
      -0.5282512,
      0.29527956,
      -0.7960908,
      0,
      -0.7755621,
      -0.52238005,
      -3.2701323,
      0.9999999
    ],
    "timestamp" : 306301140869,
    "trackingState" : "Normal"
  },
  {
    "transform" : [
      -0.11022523,
      -0.954289,
      -0.2778181,
      0,
      -0.84227073,
      -0.058712527,
      0.53584766,
      0,
      -0.5276649,
      0.2930621,
      -0.79729813,
      0,
      -0.77154773,
      -0.52163017,
      -3.2727895,
      0.99999994
    ],
    "timestamp" : 306301157543,
    "trackingState" : "Normal"
  },
  {
    "transform" : [
      -0.10989012,
      -0.9552795,
      -0.27452737,
      0,
      -0.8426883,
      -0.05692,
      0.53538424,
      0,
      -0.5270677,
      0.29017448,
      -0.798748,
      0,
      -0.7674134,
      -0.52116805,
      -3.2759268,
      0.99999994
    ],
    "timestamp" : 306301174216,
    "trackingState" : "Normal"
  },
  {
    "transform" : [
      -0.10873812,
      -0.9565467,
      -0.2705448,
      0,
      -0.8427883,
      -0.055613425,
      0.53536433,
      0,
      -0.5271469,
      0.28622654,
      -0.80011904,
      0,
      -0.7634057,
      -0.5205586,
      -3.2789207,
      0.99999994
    ],
    "timestamp" : 306301190890,
    "trackingState" : "Normal"
  },
  {
    "transform" : [
      -0.1071579,
      -0.9579913,
      -0.26602632,
      0,
      -0.8425802,
      -0.05453949,
      0.5358022,
      0,
      -0.52780277,
      0.28156394,
      -0.8013402,
      0,
      -0.7594206,
      -0.5199117,
      -3.28192,
      0.99999994
    ],
    "timestamp" : 306301207564,
    "trackingState" : "Normal"
  },
  {
    "transform" : [
      -0.10597474,
      -0.9593648,
      -0.2615122,
      0,
      -0.84223783,
      -0.053200547,
      0.5364747,
      0,
      -0.5285875,
      0.27710825,
      -0.80237544,
      0,
      -0.7553637,
      -0.5192405,
      -3.2849433,
      0.99999994
    ],
    "timestamp" : 306301224237,
    "trackingState" : "Normal"
  },
  {
    "transform" : [
      -0.10528639,
      -0.9605277,
      -0.2574903,
      0,
      -0.8420788,
      -0.051619105,
      0.53687847,
      0,
      -0.5289781,
      0.27335316,
      -0.80340534,
      0,
      -0.75122815,
      -0.51855665,
      -3.2879782,
      0.9999998
    ],
    "timestamp" : 306301240911,
    "trackingState" : "Normal"
  },
  {
    "transform" : [
      -0.10457182,
      -0.96149385,
      -0.25415438,
      0,
      -0.8422369,
      -0.05028124,
      0.53675777,
      0,
      -0.5288684,
      0.27018794,
      -0.80454755,
      0,
      -0.747057,
      -0.51786673,
      -3.2910383,
      0.99999994
    ],
    "timestamp" : 306301257585,
    "trackingState" : "Normal"
  },
  {
    "transform" : [
      -0.103728995,
      -0.962396,
      -0.251066,
      0,
      -0.84244555,
      -0.04916808,
      0.536533,
      0,
      -0.5287017,
      0.26716352,
      -0.80566615,
      0,
      -0.7426203,
      -0.51666504,
      -3.2941742,
      0.99999976
    ],
    "timestamp" : 306301274258,
    "trackingState" : "Normal"
  },
  {
    "transform" : [
      -0.10291841,
      -0.9634946,
      -0.2471559,
      0,
      -0.8421856,
      -0.04780737,
      0.53706396,
      0,
      -0.5292741,
      0.26342493,
      -0.80652106,
      0,
      -0.73827,
      -0.51577026,
      -3.2974045,
      0.99999994
    ],
    "timestamp" : 306301290932,
    "trackingState" : "Normal"
  },
  {
    "transform" : [
      -0.102130204,
      -0.9647026,
      -0.24273098,
      0,
      -0.8420196,
      -0.04609292,
      0.537474,
      0,
      -0.52969074,
      0.25927663,
      -0.8075911,
      0,
      -0.73391515,
      -0.51493037,
      -3.3007479,
      0.99999994
    ],
    "timestamp" : 306301307605,
    "trackingState" : "Normal"
  },
  {
    "transform" : [
      -0.10075504,
      -0.9658992,
      -0.23851007,
      0,
      -0.84229267,
      -0.04477908,
      0.5371568,
      0,
      -0.5295197,
      0.2550166,
      -0.80905825,
      0,
      -0.7296011,
      -0.51409763,
      -3.3041394,
      0.9999998
    ],
    "timestamp" : 306301324279,
    "trackingState" : "Normal"
  },
  {
    "transform" : [
      -0.098554045,
      -0.9670692,
      -0.23465748,
      0,
      -0.8428227,
      -0.044256657,
      0.53636825,
      0,
      -0.52909046,
      0.25063598,
      -0.8107063,
      0,
      -0.7253298,
      -0.5132578,
      -3.3075159,
      0.9999998
    ],
    "timestamp" : 306301340953,
    "trackingState" : "Normal"
  },
  {
    "transform" : [
      -0.09597712,
      -0.9682164,
      -0.2309662,
      0,
      -0.84328705,
      -0.04418375,
      0.5356442,
      0,
      -0.52882445,
      0.24618042,
      -0.8122438,
      0,
      -0.7210383,
      -0.51239467,
      -3.310851,
      0.9999999
    ],
    "timestamp" : 306301357626,
    "trackingState" : "Normal"
  },
  {
    "transform" : [
      -0.09369318,
      -0.96938384,
      -0.22697288,
      0,
      -0.84324753,
      -0.043934055,
      0.535727,
      0,
      -0.52929693,
      0.2415883,
      -0.81331414,
      0,
      -0.71637356,
      -0.5116428,
      -3.314172,
      0.99999994
    ],
    "timestamp" : 306301374300,
    "trackingState" : "Normal"
  },
  {
    "transform" : [
      -0.09198397,
      -0.9705873,
      -0.22248451,
      0,
      -0.84264153,
      -0.043177024,
      0.5367411,
      0,
      -0.53056026,
      0.23684628,
      -0.81388557,
      0,
      -0.71183234,
      -0.51064295,
      -3.3174562,
      0.99999994
    ],
    "timestamp" : 306301390974,
    "trackingState" : "Normal"
  },
  {
    "transform" : [
      -0.09032194,
      -0.9717273,
      -0.21814677,
      0,
      -0.84246516,
      -0.042266402,
      0.53709024,
      0,
      -0.53112555,
      0.23229212,
      -0.81482893,
      0,
      -0.7073496,
      -0.5095066,
      -3.3207564,
      0.99999994
    ],
    "timestamp" : 306301407647,
    "trackingState" : "Normal"
  },
  {
    "transform" : [
      -0.088384986,
      -0.9728537,
      -0.21387777,
      0,
      -0.84262896,
      -0.041480068,
      0.53689444,
      0,
      -0.5311914,
      0.22767305,
      -0.81608856,
      0,
      -0.7029172,
      -0.5082809,
      -3.324093,
      0.9999999
    ],
    "timestamp" : 306301424321,
    "trackingState" : "Normal"
  },
  {
    "transform" : [
      -0.085803434,
      -0.97416544,
      -0.20890057,
      0,
      -0.8424177,
      -0.041011468,
      0.5372617,
      0,
      -0.53194916,
      0.22208048,
      -0.81713533,
      0,
      -0.69854355,
      -0.5069873,
      -3.327476,
      0.9999998
    ],
    "timestamp" : 306301440995,
    "trackingState" : "Normal"
  },
  {
    "transform" : [
      -0.082596935,
      -0.97571194,
      -0.20288873,
      0,
      -0.84134907,
      -0.040845335,
      0.53894633,
      0,
      -0.53414345,
      0.21521561,
      -0.8175407,
      0,
      -0.69421613,
      -0.50561816,
      -3.3308663,
      0.9999998
    ],
    "timestamp" : 306301457668,
    "trackingState" : "Normal"
  },
  {
    "transform" : [
      -0.0793802,
      -0.9772734,
      -0.19655888,
      0,
      -0.83982366,
      -0.040662766,
      0.54133403,
      0,
      -0.53702396,
      0.20804602,
      -0.81750953,
      0,
      -0.68959534,
      -0.5037514,
      -3.3339298,
      0.9999999
    ],
    "timestamp" : 306301474342,
    "trackingState" : "Normal"
  },
  {
    "transform" : [
      -0.076652415,
      -0.9786483,
      -0.19071408,
      0,
      -0.8388736,
      -0.040082917,
      0.5428481,
      0,
      -0.53890175,
      0.2015957,
      -0.81788987,
      0,
      -0.6852164,
      -0.502138,
      -3.3371797,
      0.99999976
    ],
    "timestamp" : 306301491015,
    "trackingState" : "Normal"
  },
  {
    "transform" : [
      -0.07448069,
      -0.9797259,
      -0.18598346,
      0,
      -0.8386996,
      -0.039351657,
      0.54317063,
      0,
      -0.5394771,
      0.19644001,
      -0.81876487,
      0,
      -0.6809394,
      -0.50057745,
      -3.3404412,
      0.99999994
    ],
    "timestamp" : 306301507689,
    "trackingState" : "Normal"
  },
  {
    "transform" : [
      -0.072134,
      -0.98068595,
      -0.1818012,
      0,
      -0.83898765,
      -0.038905885,
      0.54275763,
      0,
      -0.53934795,
      0.19168028,
      -0.81997705,
      0,
      -0.6767833,
      -0.4990083,
      -3.3437006,
      0.9999999
    ],
    "timestamp" : 306301524363,
    "trackingState" : "Normal"
  },
  {
    "transform" : [
      -0.06895834,
      -0.9817321,
      -0.17733254,
      0,
      -0.8391492,
      -0.039049473,
      0.54249746,
      0,
      -0.5395119,
      0.1862182,
      -0.821127,
      0,
      -0.67277914,
      -0.4974217,
      -3.3469822,
      0.9999999
    ],
    "timestamp" : 306301541036,
    "trackingState" : "Normal"
  },
  {
    "transform" : [
      -0.06527016,
      -0.982904,
      -0.17216139,
      0,
      -0.8386637,
      -0.039456088,
      0.54321855,
      0,
      -0.5407245,
      0.17984149,
      -0.82175064,
      0,
      -0.6688331,
      -0.4957775,
      -3.35026,
      0.99999994
    ],
    "timestamp" : 306301557710,
    "trackingState" : "Normal"
  },
  {
    "transform" : [
      -0.06202341,
      -0.9840699,
      -0.16661221,
      0,
      -0.8376068,
      -0.039455432,
      0.5448468,
      0,
      -0.54274106,
      0.17334878,
      -0.82181644,
      0,
      -0.66437024,
      -0.49381462,
      -3.3532789,
      0.99999994
    ],
    "timestamp" : 306301574384,
    "trackingState" : "Normal"
  },
  {
    "transform" : [
      -0.059542976,
      -0.98500705,
      -0.16191308,
      0,
      -0.83674675,
      -0.03919983,
      0.546185,
      0,
      -0.544343,
      0.16800174,
      -0.8218674,
      0,
      -0.6602667,
      -0.4919349,
      -3.3563583,
      0.9999998
    ],
    "timestamp" : 306301591057,
    "trackingState" : "Normal"
  },
  {
    "transform" : [
      -0.056985248,
      -0.98570746,
      -0.15853591,
      0,
      -0.8366044,
      -0.039511584,
      0.5463807,
      0,
      -0.5448355,
      0.16376752,
      -0.8223956,
      0,
      -0.656382,
      -0.49008518,
      -3.3593817,
      0.99999994
    ],
    "timestamp" : 306301607731,
    "trackingState" : "Normal"
  },
  {
    "transform" : [
      -0.05350359,
      -0.98643404,
      -0.15519434,
      0,
      -0.8365921,
      -0.040575784,
      0.5463216,
      0,
      -0.5452073,
      0.15906453,
      -0.823072,
      0,
      -0.6527043,
      -0.48826128,
      -3.3623762,
      0.99999994
    ],
    "timestamp" : 306301624405,
    "trackingState" : "Normal"
  },
  {
    "transform" : [
      -0.049545895,
      -0.9873022,
      -0.15092881,
      0,
      -0.8360103,
      -0.041685786,
      0.5471278,
      0,
      -0.5464721,
      0.15328601,
      -0.8233295,
      0,
      -0.6491413,
      -0.486422,
      -3.365359,
      0.99999994
    ],
    "timestamp" : 306301641078,
    "trackingState" : "Normal"
  },
  {
    "transform" : [
      -0.046385024,
      -0.9881338,
      -0.14642493,
      0,
      -0.8349707,
      -0.04211011,
      0.54868084,
      0,
      -0.548336,
      0.14771111,
      -0.82310945,
      0,
      -0.64562744,
      -0.4845612,
      -3.3682802,
      0.99999994
    ],
    "timestamp" : 306301657752,
    "trackingState" : "Normal"
  },
  {
    "transform" : [
      -0.043241497,
      -0.9888637,
      -0.14240354,
      0,
      -0.8340604,
      -0.04273405,
      0.5500155,
      0,
      -0.5499759,
      0.14255665,
      -0.82292414,
      0,
      -0.6427072,
      -0.48301566,
      -3.3712857,
      0.9999999
    ],
    "timestamp" : 306301674426,
    "trackingState" : "Normal"
  },
  {
    "transform" : [
      -0.039322525,
      -0.9895849,
      -0.13847543,
      0,
      -0.8334166,
      -0.043971103,
      0.55089325,
      0,
      -0.55124456,
      0.13707024,
      -0.8230074,
      0,
      -0.63959837,
      -0.48123467,
      -3.3741574,
      0.99999994
    ],
    "timestamp" : 306301691099,
    "trackingState" : "Normal"
  },
  {
    "transform" : [
      -0.03469113,
      -0.99046886,
      -0.13329723,
      0,
      -0.8327766,
      -0.045089185,
      0.55176985,
      0,
      -0.55252105,
      0.13014835,
      -0.8232751,
      0,
      -0.63652164,
      -0.47935027,
      -3.377092,
      0.9999999
    ],
    "timestamp" : 306301707773,
    "trackingState" : "Normal"
  },
  {
    "transform" : [
      -0.0302814,
      -0.99140775,
      -0.12725489,
      0,
      -0.83202314,
      -0.045551673,
      0.55286753,
      0,
      -0.5539138,
      0.12262064,
      -0.8234948,
      0,
      -0.63346654,
      -0.47738898,
      -3.380051,
      0.99999994
    ],
    "timestamp" : 306301724446,
    "trackingState" : "Normal"
  },
  {
    "transform" : [
      -0.026155103,
      -0.99223095,
      -0.12162998,
      0,
      -0.8310726,
      -0.046034943,
      0.5542554,
      0,
      -0.55554855,
      0.11557998,
      -0.8234119,
      0,
      -0.63047147,
      -0.4753955,
      -3.382899,
      0.99999994
    ],
    "timestamp" : 306301741120,
    "trackingState" : "Normal"
  },
  {
    "transform" : [
      -0.021946369,
      -0.9928284,
      -0.11751625,
      0,
      -0.8302465,
      -0.047384918,
      0.5553784,
      0,
      -0.556964,
      0.109756015,
      -0.82325244,
      0,
      -0.62755466,
      -0.47340813,
      -3.3855953,
      0.9999999
    ],
    "timestamp" : 306301757794,
    "trackingState" : "Normal"
  },
  {
    "transform" : [
      -0.017949592,
      -0.99322575,
      -0.11480649,
      0,
      -0.8293602,
      -0.04934097,
      0.55653125,
      0,
      -0.5584258,
      0.10520546,
      -0.82285625,
      0,
      -0.6242631,
      -0.47128552,
      -3.3883643,
      0.99999994
    ],
    "timestamp" : 306301774467,
    "trackingState" : "Normal"
  },
  {
    "transform" : [
      -0.0143239675,
      -0.9935689,
      -0.11232013,
      0,
      -0.82811695,
      -0.05116595,
      0.55821526,
      0,
      -0.56037223,
      0.101010084,
      -0.8220584,
      0,
      -0.62139255,
      -0.46930546,
      -3.3909686,
      0.99999994
    ],
    "timestamp" : 306301791141,
    "trackingState" : "Normal"
  },
  {
    "transform" : [
      -0.01047729,
      -0.99401486,
      -0.10874133,
      0,
      -0.82694167,
      -0.052526787,
      0.55982864,
      0,
      -0.56218976,
      0.09578825,
      -0.821442,
      0,
      -0.6187509,
      -0.46736595,
      -3.393668,
      0.9999999
    ],
    "timestamp" : 306301807815,
    "trackingState" : "Normal"
  },
  {
    "transform" : [
      -0.0064059175,
      -0.9945564,
      -0.104002334,
      0,
      -0.82615876,
      -0.053333715,
      0.5609075,
      0,
      -0.563401,
      0.089515574,
      -0.82131994,
      0,
      -0.61625993,
      -0.46545246,
      -3.3965247,
      0.9999999
    ],
    "timestamp" : 306301824488,
    "trackingState" : "Normal"
  },
  {
    "transform" : [
      -0.0031587526,
      -0.99506885,
      -0.0991365,
      0,
      -0.82575774,
      -0.05331961,
      0.561499,
      0,
      -0.56401604,
      0.08363637,
      -0.82151747,
      0,
      -0.6137992,
      -0.46355352,
      -3.3993962,
      0.9999999
    ],
    "timestamp" : 306301841162,
    "trackingState" : "Normal"
  },
  {
    "transform" : [
      -0.0011936853,
      -0.9954454,
      -0.09532697,
      0,
      -0.8252002,
      -0.052863926,
      0.5623611,
      0,
      -0.56483907,
      0.07933512,
      -0.82137865,
      0,
      -0.6111847,
      -0.4616939,
      -3.402138,
      0.99999994
    ],
    "timestamp" : 306301857836,
    "trackingState" : "Normal"
  },
  {
    "transform" : [
      0.00013918262,
      -0.9957213,
      -0.09240797,
      0,
      -0.8239817,
      -0.05247405,
      0.5641812,
      0,
      -0.56661624,
      0.07606397,
      -0.8204635,
      0,
      -0.60751134,
      -0.45996642,
      -3.4051118,
      0.99999994
    ],
    "timestamp" : 306301874509,
    "trackingState" : "Normal"
  },
  {
    "transform" : [
      0.0021934155,
      -0.9960016,
      -0.08930891,
      0,
      -0.82209253,
      -0.05264423,
      0.5669148,
      0,
      -0.5693496,
      0.072176725,
      -0.8189209,
      0,
      -0.6047345,
      -0.4582179,
      -3.4076767,
      0.9999999
    ],
    "timestamp" : 306301891183,
    "trackingState" : "Normal"
  },
  {
    "transform" : [
      0.004853563,
      -0.9963242,
      -0.08552544,
      0,
      -0.8196918,
      -0.05295266,
      0.5703518,
      0,
      -0.57278407,
      0.067336276,
      -0.8169358,
      0,
      -0.60230994,
      -0.45649868,
      -3.410135,
      0.9999999
    ],
    "timestamp" : 306301907856,
    "trackingState" : "Normal"
  },
  {
    "transform" : [
      0.007138922,
      -0.9966746,
      -0.081170656,
      0,
      -0.81716174,
      -0.052600782,
      0.5740031,
      0,
      -0.576364,
      0.062231798,
      -0.81481993,
      0,
      -0.6000061,
      -0.4547882,
      -3.4125786,
      0.9999999
    ],
    "timestamp" : 306301924530,
    "trackingState" : "Normal"
  },
  {
    "transform" : [
      0.008933296,
      -0.9969568,
      -0.07744359,
      0,
      -0.81567085,
      -0.05206565,
      0.5761686,
      0,
      -0.5784473,
      0.058021404,
      -0.8136537,
      0,
      -0.59780633,
      -0.45311937,
      -3.4150133,
      0.99999994
    ],
    "timestamp" : 306301941204,
    "trackingState" : "Normal"
  },
  {
    "transform" : [
      0.010685186,
      -0.99718183,
      -0.074258424,
      0,
      -0.8147589,
      -0.051734943,
      0.5774872,
      0,
      -0.5797014,
      0.054332156,
      -0.8130156,
      0,
      -0.5956383,
      -0.4515017,
      -3.417398,
      0.99999994
    ],
    "timestamp" : 306301957877,
    "trackingState" : "Normal"
  },
  {
    "transform" : [
      0.01238366,
      -0.99737096,
      -0.07139957,
      0,
      -0.81389105,
      -0.05153533,
      0.5787274,
      0,
      -0.58088547,
      0.050944712,
      -0.8123895,
      0,
      -0.59286296,
      -0.44989052,
      -3.4196877,
      0.9999999
    ],
    "timestamp" : 306301974551,
    "trackingState" : "Normal"
  },
  {
    "transform" : [
      0.013251185,
      -0.9975172,
      -0.06916602,
      0,
      -0.8133336,
      -0.05099001,
      0.57955885,
      0,
      -0.5816467,
      0.04857521,
      -0.81198996,
      0,
      -0.5906543,
      -0.44831714,
      -3.42193,
      0.99999994
    ],
    "timestamp" : 306301991225,
    "trackingState" : "Normal"
  },
  {
    "transform" : [
      0.013516268,
      -0.9976326,
      -0.06742813,
      0,
      -0.8128852,
      -0.050231513,
      0.5802536,
      0,
      -0.5822669,
      0.046968486,
      -0.8116398,
      0,
      -0.5886886,
      -0.44677502,
      -3.4241312,
      0.99999994
    ],
    "timestamp" : 306302007898,
    "trackingState" : "Normal"
  },
  {
    "transform" : [
      0.014631849,
      -0.99775743,
      -0.06531617,
      0,
      -0.81218046,
      -0.049961627,
      0.58126307,
      0,
      -0.5832228,
      0.044543568,
      -0.81109,
      0,
      -0.58696765,
      -0.44528642,
      -3.4263725,
      0.99999994
    ],
    "timestamp" : 306302024572,
    "trackingState" : "Normal"
  },
  {
    "transform" : [
      0.017169964,
      -0.997933,
      -0.06192695,
      0,
      -0.81083274,
      -0.05013684,
      0.58312637,
      0,
      -0.58502585,
      0.040200144,
      -0.81001765,
      0,
      -0.5854868,
      -0.44383284,
      -3.4287198,
      0.99999994
    ],
    "timestamp" : 306302041246,
    "trackingState" : "Normal"
  },
  {
    "transform" : [
      0.020887632,
      -0.9981162,
      -0.057686295,
      0,
      -0.8094631,
      -0.05074832,
      0.58497334,
      0,
      -0.5867989,
      0.034476224,
      -0.8089983,
      0,
      -0.58405983,
      -0.4424288,
      -3.4312956,
      0.9999999
    ],
    "timestamp" : 306302057919,
    "trackingState" : "Normal"
  },
  {
    "transform" : [
      0.024393003,
      -0.9982976,
      -0.05298093,
      0,
      -0.80860806,
      -0.050865464,
      0.5861448,
      0,
      -0.5878418,
      0.028542979,
      -0.8084723,
      0,
      -0.581717,
      -0.44119725,
      -3.4347928,
      0.99999994
    ],
    "timestamp" : 306302074593,
    "trackingState" : "Normal"
  },
  {
    "transform" : [
      0.027523713,
      -0.9984483,
      -0.04841094,
      0,
      -0.8081847,
      -0.050727613,
      0.58674043,
      0,
      -0.58828574,
      0.022975702,
      -0.8083268,
      0,
      -0.5801796,
      -0.43975502,
      -3.4377995,
      0.99999994
    ],
    "timestamp" : 306302091266,
    "trackingState" : "Normal"
  },
  {
    "transform" : [
      0.030571856,
      -0.99856174,
      -0.044043876,
      0,
      -0.80808735,
      -0.050626155,
      0.58688307,
      0,
      -0.58826876,
      0.017649196,
      -0.8084729,
      0,
      -0.57894546,
      -0.4382325,
      -3.4406917,
      0.99999994
    ],
    "timestamp" : 306302107940,
    "trackingState" : "Normal"
  },
  {
    "transform" : [
      0.03340027,
      -0.9986412,
      -0.04000289,
      0,
      -0.8082167,
      -0.050533544,
      0.586713,
      0,
      -0.5879373,
      0.01273463,
      -0.8088063,
      0,
      -0.5778381,
      -0.4366638,
      -3.4435828,
      0.99999994
    ],
    "timestamp" : 306302124614,
    "trackingState" : "Normal"
  },
  {
    "transform" : [
      0.035836287,
      -0.99871004,
      -0.03597297,
      0,
      -0.80843383,
      -0.05013222,
      0.586448,
      0,
      -0.58749497,
      0.008065646,
      -0.80918753,
      0,
      -0.5767878,
      -0.4350432,
      -3.446529,
      0.9999999
    ],
    "timestamp" : 306302141287,
    "trackingState" : "Normal"
  },
  {
    "transform" : [
      0.038201906,
      -0.9987613,
      -0.031881325,
      0,
      -0.8088624,
      -0.049640805,
      0.58589864,
      0,
      -0.5867555,
      0.0034051586,
      -0.8097569,
      0,
      -0.57564104,
      -0.43341726,
      -3.4496365,
      0.9999999
    ],
    "timestamp" : 306302157961,
    "trackingState" : "Normal"
  },
  {
    "transform" : [
      0.040998418,
      -0.9987787,
      -0.027573463,
      0,
      -0.8092648,
      -0.049379427,
      0.58536506,
      0,
      -0.5860117,
      -0.0016848135,
      -0.8103008,
      0,
      -0.57357675,
      -0.43189448,
      -3.4533186,
      0.99999994
    ],
    "timestamp" : 306302174635,
    "trackingState" : "Normal"
  },
  {
    "transform" : [
      0.0447394,
      -0.9987267,
      -0.02331305,
      0,
      -0.8096004,
      -0.04991935,
      0.58485484,
      0,
      -0.58527386,
      -0.0072918,
      -0.8108028,
      0,
      -0.5723971,
      -0.43036222,
      -3.4566653,
      0.9999999
    ],
    "timestamp" : 306302191308,
    "trackingState" : "Normal"
  },
  {
    "transform" : [
      0.04870549,
      -0.99863565,
      -0.018828629,
      0,
      -0.8099343,
      -0.050519507,
      0.5843406,
      0,
      -0.58449453,
      -0.013210643,
      -0.81128997,
      0,
      -0.571501,
      -0.42882457,
      -3.459972,
      0.9999998
    ],
    "timestamp" : 306302207982,
    "trackingState" : "Normal"
  },
  {
    "transform" : [
      0.052401245,
      -0.9985219,
      -0.014429597,
      0,
      -0.81066114,
      -0.05097167,
      0.5832928,
      0,
      -0.5831661,
      -0.018867759,
      -0.81213385,
      0,
      -0.5706872,
      -0.42729083,
      -3.4633296,
      0.99999994
    ],
    "timestamp" : 306302224656,
    "trackingState" : "Normal"
  },
  {
    "transform" : [
      0.055900343,
      -0.9983803,
      -0.010580012,
      0,
      -0.8118776,
      -0.051620565,
      0.58154106,
      0,
      -0.5811453,
      -0.023918677,
      -0.81344825,
      0,
      -0.5699124,
      -0.4258142,
      -3.4667382,
      0.9999999
    ],
    "timestamp" : 306302241329,
    "trackingState" : "Normal"
  },
  {
    "transform" : [
      0.059000254,
      -0.9982343,
      -0.0068836655,
      0,
      -0.8129913,
      -0.052050747,
      0.5799446,
      0,
      -0.57927895,
      -0.028620528,
      -0.81462675,
      0,
      -0.5690834,
      -0.4243349,
      -3.4702854,
      0.9999999
    ],
    "timestamp" : 306302258003,
    "trackingState" : "Normal"
  },
  {
    "transform" : [
      0.06136217,
      -0.9981119,
      -0.002730955,
      0,
      -0.81365454,
      -0.051606424,
      0.5790536,
      0,
      -0.57810116,
      -0.033309933,
      -0.815285,
      0,
      -0.568025,
      -0.42248163,
      -3.4743793,
      1
    ],
    "timestamp" : 306302274677,
    "trackingState" : "Normal"
  },
  {
    "transform" : [
      0.06361047,
      -0.99797285,
      0.0019560626,
      0,
      -0.814621,
      -0.050791238,
      0.57776535,
      0,
      -0.5764948,
      -0.038345385,
      -0.8162005,
      0,
      -0.56702334,
      -0.4209675,
      -3.4783893,
      0.9999999
    ],
    "timestamp" : 306302291350,
    "trackingState" : "Normal"
  },
  {
    "transform" : [
      0.06594951,
      -0.9978001,
      0.00674773,
      0,
      -0.81608427,
      -0.05004537,
      0.57576185,
      0,
      -0.57415754,
      -0.043477938,
      -0.8175895,
      0,
      -0.56602806,
      -0.41959012,
      -3.482525,
      0.9999999
    ],
    "timestamp" : 306302308024,
    "trackingState" : "Normal"
  },
  {
    "transform" : [
      0.06818512,
      -0.997609,
      0.011275714,
      0,
      -0.81770176,
      -0.04940641,
      0.5735179,
      0,
      -0.5715896,
      -0.048325572,
      -0.81911534,
      0,
      -0.56498516,
      -0.4182939,
      -3.4867716,
      0.99999994
    ],
    "timestamp" : 306302324697,
    "trackingState" : "Normal"
  },
  {
    "transform" : [
      0.070009075,
      -0.9974337,
      0.014992473,
      0,
      -0.819461,
      -0.048933964,
      0.571042,
      0,
      -0.5688429,
      -0.05226388,
      -0.820784,
      0,
      -0.5638414,
      -0.41706765,
      -3.4910865,
      0.99999994
    ],
    "timestamp" : 306302341371,
    "trackingState" : "Normal"
  },
  {
    "transform" : [
      0.071631655,
      -0.99726105,
      0.01842078,
      0,
      -0.82111377,
      -0.04847458,
      0.5687021,
      0,
      -0.5662515,
      -0.055862647,
      -0.8223371,
      0,
      -0.5625338,
      -0.4158745,
      -3.4954796,
      0.9999999
    ],
    "timestamp" : 306302358045,
    "trackingState" : "Normal"
  },
  {
    "transform" : [
      0.07364151,
      -0.9970391,
      0.022137364,
      0,
      -0.8227711,
      -0.048195846,
      0.56632584,
      0,
      -0.56358206,
      -0.059919078,
      -0.8238841,
      0,
      -0.56086993,
      -0.4146673,
      -3.4999483,
      0.99999994
    ],
    "timestamp" : 306302374718,
    "trackingState" : "Normal"
  },
  {
    "transform" : [
      0.07635516,
      -0.99674106,
      0.02602314,
      0,
      -0.8247448,
      -0.04846941,
      0.56342405,
      0,
      -0.5603266,
      -0.064482786,
      -0.825758,
      0,
      -0.5593895,
      -0.41354728,
      -3.5046113,
      0.99999994
    ],
    "timestamp" : 306302391392,
    "trackingState" : "Normal"
  },
  {
    "transform" : [
      0.07805681,
      -0.99650973,
      0.029589389,
      0,
      -0.8270377,
      -0.048151556,
      0.5600804,
      0,
      -0.5567007,
      -0.068189636,
      -0.8279097,
      0,
      -0.557779,
      -0.41239804,
      -3.5093572,
      0.99999994
    ],
    "timestamp" : 306302408066,
    "trackingState" : "Normal"
  },
  {
    "transform" : [
      0.07868882,
      -0.99636996,
      0.032482848,
      0,
      -0.82913524,
      -0.047321156,
      0.55704176,
      0,
      -0.5534825,
      -0.070765644,
      -0.82984906,
      0,
      -0.5559779,
      -0.41117367,
      -3.5141025,
      0.99999994
    ],
    "timestamp" : 306302424739,
    "trackingState" : "Normal"
  },
  {
    "transform" : [
      0.07938537,
      -0.9962519,
      0.034354012,
      0,
      -0.831174,
      -0.047127176,
      0.5540115,
      0,
      -0.55031604,
      -0.072534576,
      -0.83179986,
      0,
      -0.55409336,
      -0.40992194,
      -3.518843,
      0.99999994
    ],
    "timestamp" : 306302441413,
    "trackingState" : "Normal"
  },
  {
    "transform" : [
      0.0801833,
      -0.99613297,
      0.035912044,
      0,
      -0.8330601,
      -0.04718648,
      0.5511661,
      0,
      -0.5473402,
      -0.07411122,
      -0.8336222,
      0,
      -0.5521241,
      -0.40863472,
      -3.5236967,
      0.9999999
    ],
    "timestamp" : 306302458086,
    "trackingState" : "Normal"
  },
  {
    "transform" : [
      0.08106646,
      -0.9959756,
      0.038221512,
      0,
      -0.83426905,
      -0.046822082,
      0.54936576,
      0,
      -0.5453653,
      -0.07642217,
      -0.8347074,
      0,
      -0.5499913,
      -0.40724134,
      -3.5288496,
      0.9999999
    ],
    "timestamp" : 306302474760,
    "trackingState" : "Normal"
  },
  {
    "transform" : [
      0.083113074,
      -0.99568737,
      0.041217826,
      0,
      -0.8349493,
      -0.046997484,
      0.5483164,
      0,
      -0.5440145,
      -0.079987064,
      -0.83525467,
      0,
      -0.54794985,
      -0.40592653,
      -3.534097,
      0.9999999
    ],
    "timestamp" : 306302491434,
    "trackingState" : "Normal"
  },
  {
    "transform" : [
      0.08651184,
      -0.99522406,
      0.045217644,
      0,
      -0.8352494,
      -0.04771678,
      0.5477967,
      0,
      -0.54302293,
      -0.08515894,
      -0.8353884,
      0,
      -0.54596424,
      -0.40466562,
      -3.5395489,
      0.9999998
    ],
    "timestamp" : 306302508107,
    "trackingState" : "Normal"
  },
  {
    "transform" : [
      0.09071089,
      -0.994614,
      0.050144486,
      0,
      -0.8354458,
      -0.04859571,
      0.5474197,
      0,
      -0.54203457,
      -0.091549955,
      -0.8353544,
      0,
      -0.5439555,
      -0.40340468,
      -3.5452304,
      0.9999998
    ],
    "timestamp" : 306302524781,
    "trackingState" : "Normal"
  },
  {
    "transform" : [
      0.09413962,
      -0.99403584,
      0.05505056,
      0,
      -0.8359107,
      -0.04888865,
      0.5466837,
      0,
      -0.54073185,
      -0.09748198,
      -0.8355275,
      0,
      -0.5417836,
      -0.40206724,
      -3.551053,
      0.99999994
    ],
    "timestamp" : 306302541455,
    "trackingState" : "Normal"
  },
  {
    "transform" : [
      0.09614546,
      -0.99363977,
      0.058617067,
      0,
      -0.8368619,
      -0.048810948,
      0.5452333,
      0,
      -0.53890437,
      -0.10147612,
      -0.83623236,
      0,
      -0.5394132,
      -0.40064472,
      -3.5568745,
      0.9999999
    ],
    "timestamp" : 306302558128,
    "trackingState" : "Normal"
  },
  {
    "transform" : [
      0.09736409,
      -0.9934131,
      0.060421243,
      0,
      -0.83831346,
      -0.049138416,
      0.5429694,
      0,
      -0.5364239,
      -0.103517696,
      -0.8375759,
      0,
      -0.53694165,
      -0.39916426,
      -3.5625732,
      0.9999999
    ],
    "timestamp" : 306302574802,
    "trackingState" : "Normal"
  },
  {
    "transform" : [
      0.09903123,
      -0.9931361,
      0.062238503,
      0,
      -0.83982736,
      -0.049867887,
      0.5405583,
      0,
      -0.5337442,
      -0.10580176,
      -0.8390013,
      0,
      -0.5345607,
      -0.39757612,
      -3.568034,
      1
    ],
    "timestamp" : 306302591476,
    "trackingState" : "Normal"
  },
  {
    "transform" : [
      0.10207954,
      -0.9925931,
      0.06586904,
      0,
      -0.84121144,
      -0.050788306,
      0.5383158,
      0,
      -0.53098315,
      -0.11036084,
      -0.84016514,
      0,
      -0.5321321,
      -0.39617065,
      -3.5739825,
      0.99999994
    ],
    "timestamp" : 306302608149,
    "trackingState" : "Normal"
  },
  {
    "transform" : [
      0.106085785,
      -0.9917979,
      0.07129312,
      0,
      -0.8426374,
      -0.051601756,
      0.5360031,
      0,
      -0.527928,
      -0.116936594,
      -0.84120035,
      0,
      -0.5296889,
      -0.39488235,
      -3.5802424,
      0.99999994
    ],
    "timestamp" : 306302624823,
    "trackingState" : "Normal"
  },
  {
    "transform" : [
      0.11102988,
      -0.9907366,
      0.07818737,
      0,
      -0.8428453,
      -0.052185755,
      0.53561944,
      0,
      -0.52657753,
      -0.12536965,
      -0.84083194,
      0,
      -0.52722114,
      -0.39365238,
      -3.5865934,
      0.9999998
    ],
    "timestamp" : 306302641497,
    "trackingState" : "Normal"
  },
  {
    "transform" : [
      0.11697113,
      -0.9894205,
      0.08581832,
      0,
      -0.8418218,
      -0.05293121,
      0.5371537,
      0,
      -0.5269284,
      -0.13507524,
      -0.8391072,
      0,
      -0.52478963,
      -0.3925073,
      -3.5929205,
      0.9999999
    ],
    "timestamp" : 306302658170,
    "trackingState" : "Normal"
  },
  {
    "transform" : [
      0.12282819,
      -0.9880747,
      0.09285194,
      0,
      -0.8408455,
      -0.053913996,
      0.5385831,
      0,
      -0.5271544,
      -0.14422737,
      -0.83744043,
      0,
      -0.52252716,
      -0.39158833,
      -3.599166,
      0.9999999
    ],
    "timestamp" : 306302674844,
    "trackingState" : "Normal"
  },
  {
    "transform" : [
      0.12732857,
      -0.9870033,
      0.098039575,
      0,
      -0.8404571,
      -0.05487503,
      0.5390922,
      0,
      -0.5267058,
      -0.15103994,
      -0.8365212,
      0,
      -0.51994693,
      -0.3903178,
      -3.6053216,
      0.9999999
    ],
    "timestamp" : 306302691517,
    "trackingState" : "Normal"
  },
  {
    "transform" : [
      0.1302105,
      -0.9863245,
      0.101040125,
      0,
      -0.84035087,
      -0.055706263,
      0.53917253,
      0,
      -0.5261705,
      -0.15511511,
      -0.83611226,
      0,
      -0.5171628,
      -0.38881907,
      -3.6113148,
      0.9999998
    ],
    "timestamp" : 306302708191,
    "trackingState" : "Normal"
  },
  {
    "transform" : [
      0.13213573,
      -0.98583114,
      0.10333008,
      0,
      -0.83995724,
      -0.056009084,
      0.5397544,
      0,
      -0.52631927,
      -0.1581137,
      -0.8354569,
      0,
      -0.51425517,
      -0.3871276,
      -3.6172366,
      0.99999994
    ],
    "timestamp" : 306302724865,
    "trackingState" : "Normal"
  },
  {
    "transform" : [
      0.1341854,
      -0.9852697,
      0.10600921,
      0,
      -0.83964574,
      -0.05622859,
      0.5402161,
      0,
      -0.52629775,
      -0.16149929,
      -0.83482254,
      0,
      -0.5113418,
      -0.3853203,
      -3.623225,
      0.99999994
    ],
    "timestamp" : 306302741538,
    "trackingState" : "Normal"
  },
  {
    "transform" : [
      0.13710548,
      -0.98450935,
      0.109286025,
      0,
      -0.8396844,
      -0.056985244,
      0.5400766,
      0,
      -0.5254828,
      -0.16581325,
      -0.8344902,
      0,
      -0.50865763,
      -0.3832905,
      -3.629375,
      0.9999999
    ],
    "timestamp" : 306302758212,
    "trackingState" : "Normal"
  },
  {
    "transform" : [
      0.14070097,
      -0.9835267,
      0.11348415,
      0,
      -0.8396578,
      -0.05780805,
      0.54003054,
      0,
      -0.5245741,
      -0.17127068,
      -0.8339595,
      0,
      -0.5065794,
      -0.38056162,
      -3.6357963,
      0.99999994
    ],
    "timestamp" : 306302774886,
