[
  {
    "trackingState" : "Normal",
    "timestamp" : 306317631092,
    "transform" : [
      -0.012042245,
      -0.99569905,
      0.09186079,
      0,
      -0.92890596,
      -0.02286477,
      -0.36960858,
      0,
      0.37011936,
      -0.08978097,
      -0.92463547,
      0,
      1.3788384,
      -0.16003053,
      -3.4008,
      0.9999999
    ]
  },
  {
    "trackingState" : "Normal",
    "timestamp" : 306317647765,
    "transform" : [
      -0.012786123,
      -0.99597234,
      0.08874555,
      0,
      -0.92927945,
      -0.02093036,
      -0.36878395,
      0,
      0.36915603,
      -0.08718474,
      -0.925269,
      0,
      1.3785803,
      -0.1640082,
      -3.3998017,
      1
    ]
  },
  {
    "trackingState" : "Normal",
    "timestamp" : 306317664439,
    "transform" : [
      -0.011920089,
      -0.996293,
      0.08519529,
      0,
      -0.93010944,
      -0.020231212,
      -0.36672446,
      0,
      0.36708856,
      -0.08361235,
      -0.92642057,
      0,
      1.3776879,
      -0.16878082,
      -3.3981733,
      0.99999994
    ]
  },
  {
    "trackingState" : "Normal",
    "timestamp" : 306317681113,
    "transform" : [
      -0.010752341,
      -0.99671656,
      0.08025248,
      0,
      -0.9307551,
      -0.01935834,
      -0.36512968,
      0,
      0.36548448,
      -0.07862143,
      -0.927491,
      0,
      1.3767604,
      -0.1731423,
      -3.396867,
      0.9999998
    ]
  },
  {
    "trackingState" : "Normal",
    "timestamp" : 306317697786,
    "transform" : [
      -0.010226487,
      -0.9972115,
      0.0739243,
      0,
      -0.93051666,
      -0.01757663,
      -0.36582723,
      0,
      0.36610654,
      -0.072528936,
      -0.9277421,
      0,
      1.3758425,
      -0.17729951,
      -3.3957303,
      0.9999999
    ]
  },
  {
    "trackingState" : "Normal",
    "timestamp" : 306317714460,
    "transform" : [
      -0.009353706,
      -0.9977269,
      0.06673502,
      0,
      -0.9292407,
      -0.015978316,
      -0.36912903,
      0,
      0.36935633,
      -0.06546564,
      -0.92697906,
      0,
      1.3748201,
      -0.18133518,
      -3.3947718,
      0.99999994
    ]
  },
  {
    "trackingState" : "Normal",
    "timestamp" : 306317731134,
    "transform" : [
      -0.007421293,
      -0.99812406,
      0.060773328,
      0,
      -0.9279241,
      -0.01577732,
      -0.37243497,
      0,
      0.37269518,
      -0.059156995,
      -0.92606634,
      0,
      1.3735535,
      -0.18533285,
      -3.3940358,
      0.99999994
    ]
  },
  {
    "trackingState" : "Normal",
    "timestamp" : 306317747807,
    "transform" : [
      -0.004835227,
      -0.99834824,
      0.05725037,
      0,
      -0.92740786,
      -0.016936367,
      -0.3736677,
      0,
      0.3740201,
      -0.054901224,
      -0.9257942,
      0,
      1.3720576,
      -0.18935345,
      -3.3935006,
      0.99999994
    ]
  },
  {
    "trackingState" : "Normal",
    "timestamp" : 306317764481,
    "transform" : [
      -0.0028852744,
      -0.9984898,
      0.054862272,
      0,
      -0.9272683,
      -0.017868431,
      -0.3739704,
      0,
      0.37438592,
      -0.05195107,
      -0.9258165,
      0,
      1.3706017,
      -0.19358097,
      -3.3930066,
      0.9999999
    ]
  },
  {
    "trackingState" : "Normal",
    "timestamp" : 306317781154,
    "transform" : [
      -0.0014032047,
      -0.9986737,
      0.051467627,
      0,
      -0.9268462,
      -0.018024115,
      -0.37500775,
      0,
      0.3754381,
      -0.0482288,
      -0.92559165,
      0,
      1.3692882,
      -0.19814095,
      -3.3923545,
      0.9999998
    ]
  },
  {
    "trackingState" : "Normal",
    "timestamp" : 306317797828,
    "transform" : [
      0.0005295744,
      -0.9989037,
      0.046811055,
      0,
      -0.92589796,
      -0.018173758,
      -0.37733606,
      0,
      0.37777323,
      -0.043142434,
      -0.92489254,
      0,
      1.3676243,
      -0.20218821,
      -3.3918588,
      0.99999994
    ]
  },
  {
    "trackingState" : "Normal",
    "timestamp" : 306317814502,
    "transform" : [
      0.0029362247,
      -0.99909335,
      0.042474184,
      0,
      -0.92511094,
      -0.01884086,
      -0.37922892,
      0,
      0.37968537,
      -0.038179845,
      -0.9243275,
      0,
      1.3658032,
      -0.2061138,
      -3.3914351,
      0.99999994
    ]
  },
  {
    "trackingState" : "Normal",
    "timestamp" : 306317831175,
    "transform" : [
      0.004471266,
      -0.9992477,
      0.038523056,
      0,
      -0.92431694,
      -0.018830508,
      -0.38116065,
      0,
      0.38159937,
      -0.033903245,
      -0.92370594,
      0,
      1.3640853,
      -0.21000768,
      -3.3910584,
      0.99999994
    ]
  },
  {
    "trackingState" : "Normal",
    "timestamp" : 306317847849,
    "transform" : [
      0.0048898077,
      -0.9994316,
      0.033356316,
      0,
      -0.92246187,
      -0.017385958,
      -0.38569638,
      0,
      0.38605708,
      -0.028883955,
      -0.9220226,
      0,
      1.3625969,
      -0.21385407,
      -3.3906908,
      0.99999994
    ]
  },
  {
    "trackingState" : "Normal",
    "timestamp" : 306317864523,
    "transform" : [
      0.005205616,
      -0.9996428,
      0.026216758,
      0,
      -0.9195994,
      -0.015084315,
      -0.39256734,
      0,
      0.3928226,
      -0.022065364,
      -0.91934955,
      0,
      1.3613937,
      -0.21767233,
      -3.3905153,
      0.99999994
    ]
  },
  {
    "trackingState" : "Normal",
    "timestamp" : 306317881196,
    "transform" : [
      0.006190364,
      -0.9997949,
      0.019284809,
      0,
      -0.9173384,
      -0.013354518,
      -0.39788392,
      0,
      0.39805993,
      -0.015227654,
      -0.91723305,
      0,
      1.3604041,
      -0.22155492,
      -3.390697,
      0.9999999
    ]
  },
  {
    "trackingState" : "Normal",
    "timestamp" : 306317897870,
    "transform" : [
      0.0070423246,
      -0.99987054,
      0.014472462,
      0,
      -0.91712695,
      -0.0122262295,
      -0.39840752,
      0,
      0.3985329,
      -0.010467372,
      -0.9170943,
      0,
      1.3591624,
      -0.22557327,
      -3.3905587,
      1
    ]
  },
  {
    "trackingState" : "Normal",
    "timestamp" : 306317914543,
    "transform" : [
      0.0068943836,
      -0.999916,
      0.010975165,
      0,
      -0.9177532,
      -0.01068546,
      -0.39700687,
      0,
      0.3970908,
      -0.0073353783,
      -0.9177499,
      0,
      1.3579894,
      -0.22965246,
      -3.3903933,
      0.9999999
    ]
  },
  {
    "trackingState" : "Normal",
    "timestamp" : 306317931217,
    "transform" : [
      0.0070266956,
      -0.9999525,
      0.006764278,
      0,
      -0.9173951,
      -0.009138011,
      -0.39787254,
      0,
      0.3979155,
      -0.0034097864,
      -0.9174158,
      0,
      1.3569206,
      -0.23380294,
      -3.3902872,
      0.99999994
    ]
  },
  {
    "trackingState" : "Normal",
    "timestamp" : 306317947891,
    "transform" : [
      0.008542968,
      -0.99996215,
      0.0016821373,
      0,
      -0.9159483,
      -0.008500124,
      -0.40120593,
      0,
      0.40120512,
      0.0018867389,
      -0.9159863,
      0,
      1.355866,
      -0.23808001,
      -3.390266,
      0.99999994
    ]
  },
  {
    "trackingState" : "Normal",
    "timestamp" : 306317964564,
    "transform" : [
      0.010808518,
      -0.99993825,
      -0.0025710678,
      0,
      -0.9148759,
      -0.008851222,
      -0.40363756,
      0,
      0.40358996,
      0.0067149345,
      -0.91491514,
      0,
      1.3545855,
      -0.24216482,
      -3.390416,
      0.9999998
    ]
  },
  {
    "trackingState" : "Normal",
    "timestamp" : 306317981238,
    "transform" : [
      0.012719133,
      -0.9999063,
      -0.0050702705,
      0,
      -0.91481674,
      -0.009589427,
      -0.40375504,
      0,
      0.4036686,
      0.009773784,
      -0.9148531,
      0,
      1.3531028,
      -0.24587597,
      -3.3907776,
      0.99999994
    ]
  },
  {
    "trackingState" : "Normal",
    "timestamp" : 306317997911,
    "transform" : [
      0.013821152,
      -0.99988246,
      -0.006635157,
      0,
      -0.9149247,
      -0.009969195,
      -0.4035009,
      0,
      0.40338746,
      0.011647521,
      -0.914955,
      0,
      1.352241,
      -0.25008154,
      -3.391067,
      0.9999998
    ]
  },
  {
    "trackingState" : "Normal",
    "timestamp" : 306318014585,
    "transform" : [
      0.0148134325,
      -0.99985486,
      -0.00842286,
      0,
      -0.91455364,
      -0.010143477,
      -0.4043371,
      0,
      0.4041931,
      0.013692781,
      -0.9145712,
      0,
      1.3517003,
      -0.2544393,
      -3.39132,
      0.99999994
    ]
  },
  {
    "trackingState" : "Normal",
    "timestamp" : 306318031259,
    "transform" : [
      0.016398491,
      -0.9998012,
      -0.0113440575,
      0,
      -0.9135285,
      -0.010369581,
      -0.40664214,
      0,
      0.40644372,
      0.01703144,
      -0.9135171,
      0,
      1.3513126,
      -0.25885588,
      -3.3914623,
      0.9999999
    ]
  },
  {
    "trackingState" : "Normal",
    "timestamp" : 306318047932,
    "transform" : [
      0.018147362,
      -0.99969846,
      -0.016548423,
      0,
      -0.912296,
      -0.00978356,
      -0.40941417,
      0,
      0.40912887,
      0.02252685,
      -0.9121985,
      0,
      1.3511127,
      -0.26324078,
      -3.391448,
      0.9999999
    ]
  },
  {
    "trackingState" : "Normal",
    "timestamp" : 306318064606,
    "transform" : [
      0.019773567,
      -0.99957055,
      -0.021626797,
      0,
      -0.91139776,
      -0.0091277035,
      -0.41142488,
      0,
      0.41105083,
      0.027845958,
      -0.911187,
      0,
      1.3509771,
      -0.26735502,
      -3.3913646,
      0.9999999
    ]
  },
  {
    "trackingState" : "Normal",
    "timestamp" : 306318081280,
    "transform" : [
      0.021422092,
      -0.99945575,
      -0.025086928,
      0,
      -0.91110736,
      -0.009185338,
      -0.4120666,
      0,
      0.4116119,
      0.031684216,
      -0.9108083,
      0,
      1.3508291,
      -0.27115816,
      -3.3913028,
      0.9999999
    ]
  },
  {
    "trackingState" : "Normal",
    "timestamp" : 306318097953,
    "transform" : [
      0.022710511,
      -0.99936545,
      -0.027438862,
      0,
      -0.912283,
      -0.009489594,
      -0.40944996,
      0,
      0.40892985,
      0.034330834,
      -0.9119197,
      0,
      1.3508348,
      -0.27539393,
      -3.3910048,
      0.9999999
    ]
  },
  {
    "trackingState" : "Normal",
    "timestamp" : 306318114627,
    "transform" : [
      0.024752993,
      -0.99923116,
      -0.030404096,
      0,
      -0.913939,
      -0.010295064,
      -0.4057208,
      0,
      0.40509596,
      0.037830297,
      -0.9134912,
      0,
      1.3508972,
      -0.27982196,
      -3.3904386,
      0.99999994
    ]
  },
  {
    "trackingState" : "Normal",
    "timestamp" : 306318131300,
    "transform" : [
      0.027751446,
      -0.9989931,
      -0.03525135,
      0,
      -0.91500163,
      -0.011187196,
      -0.40329483,
      0,
      0.40249446,
      0.04344706,
      -0.9143908,
      0,
      1.3510742,
      -0.2843236,
      -3.3896608,
      0.9999999
    ]
  },
  {
    "trackingState" : "Normal",
    "timestamp" : 306318147974,
    "transform" : [
      0.03011202,
      -0.9987023,
      -0.04107567,
      0,
      -0.9156382,
      -0.01107982,
      -0.40185055,
      0,
      0.400874,
      0.04971099,
      -0.9147836,
      0,
      1.3514394,
      -0.2887836,
      -3.3887565,
      0.99999994
    ]
  },
  {
    "trackingState" : "Normal",
    "timestamp" : 306318164648,
    "transform" : [
      0.032302618,
      -0.9983789,
      -0.046865582,
      0,
      -0.91620207,
      -0.010840367,
      -0.40056968,
      0,
      0.39941224,
      0.055877805,
      -0.91506696,
      0,
      1.3516842,
      -0.29344383,
      -3.3875287,
      0.99999994
    ]
  },
  {
    "trackingState" : "Normal",
    "timestamp" : 306318181321,
    "transform" : [
      0.035152536,
      -0.9980143,
      -0.052266605,
      0,
      -0.9173756,
      -0.011476241,
      -0.39785683,
      0,
      0.39646703,
      0.0619338,
      -0.91595745,
      0,
      1.3516623,
      -0.29843646,
      -3.3859122,
      0.9999999
    ]
  },
  {
    "trackingState" : "Normal",
    "timestamp" : 306318197995,
    "transform" : [
      0.03817977,
      -0.9976066,
      -0.057649817,
      0,
      -0.9196426,
      -0.012510874,
      -0.39255655,
      0,
      0.39089584,
      0.06800496,
      -0.9179193,
      0,
      1.3520485,
      -0.30322585,
      -3.3845572,
      0.9999998
    ]
  },
  {
    "trackingState" : "Normal",
    "timestamp" : 306318214668,
    "transform" : [
      0.040459678,
      -0.9971669,
      -0.063412584,
      0,
      -0.9217419,
      -0.012751198,
      -0.38759363,
      0,
      0.38568705,
      0.07413197,
      -0.91964656,
      0,
      1.3527875,
      -0.30798933,
      -3.383303,
      0.9999998
    ]
  },
  {
    "trackingState" : "Normal",
    "timestamp" : 306318231342,
    "transform" : [
      0.04201188,
      -0.9966996,
      -0.069461286,
      0,
      -0.9229873,
      -0.012098805,
      -0.38463956,
      0,
      0.3825298,
      0.08027133,
      -0.92044955,
      0,
      1.3537858,
      -0.31272182,
      -3.3821566,
      0.99999976
    ]
  },
  {
    "trackingState" : "Normal",
    "timestamp" : 306318248016,
    "transform" : [
      0.043906324,
      -0.9962322,
      -0.07479189,
      0,
      -0.9238971,
      -0.012005812,
      -0.38245246,
      0,
      0.38011357,
      0.085892096,
      -0.92094314,
      0,
      1.3548813,
      -0.31749168,
      -3.381123,
      0.99999994
    ]
  },
  {
    "trackingState" : "Normal",
    "timestamp" : 306318264689,
    "transform" : [
      0.04562326,
      -0.99579465,
      -0.079445615,
      0,
      -0.92525345,
      -0.012141949,
      -0.3791549,
      0,
      0.3765958,
      0.09080562,
      -0.9219164,
      0,
      1.3560249,
      -0.32249594,
      -3.379988,
      0.99999994
    ]
  },
  {
    "trackingState" : "Normal",
    "timestamp" : 306318281363,
    "transform" : [
      0.04637483,
      -0.9952916,
      -0.085112154,
      0,
      -0.9271496,
      -0.011172426,
      -0.3745245,
      0,
      0.3718102,
      0.09628023,
      -0.9233024,
      0,
      1.3572854,
      -0.3277319,
      -3.3785853,
      0.99999994
    ]
  },
  {
    "trackingState" : "Normal",
    "timestamp" : 306318298037,
    "transform" : [
      0.04684263,
      -0.99451697,
      -0.093497835,
      0,
      -0.92837703,
      -0.0087981215,
      -0.3715353,
      0,
      0.3686756,
      0.10420496,
      -0.92369884,
      0,
      1.3587662,
      -0.3327329,
      -3.3771641,
      0.99999994
    ]
  },
  {
    "trackingState" : "Normal",
    "timestamp" : 306318314710,
    "transform" : [
      0.048065636,
      -0.9933975,
      -0.104169875,
      0,
      -0.9285198,
      -0.0059980494,
      -0.3712344,
      0,
      0.36815855,
      0.11456743,
      -0.92267746,
      0,
      1.3602545,
      -0.3376743,
      -3.3757317,
      0.99999994
    ]
  },
  {
    "trackingState" : "Normal",
    "timestamp" : 306318331384,
    "transform" : [
      0.05023665,
      -0.9921881,
      -0.11418911,
      0,
      -0.9286038,
      -0.0043140887,
      -0.3710473,
      0,
      0.367656,
      0.124676645,
      -0.9215665,
      0,
      1.3616521,
      -0.34263104,
      -3.3744116,
      0.9999999
    ]
  },
  {
    "trackingState" : "Normal",
    "timestamp" : 306318348057,
    "transform" : [
      0.05185785,
      -0.991238,
      -0.12148293,
      0,
      -0.92961055,
      -0.0034682706,
      -0.3685268,
      0,
      0.36487648,
      0.13204284,
      -0.9216452,
      0,
      1.3630849,
      -0.3476016,
      -3.373264,
      0.99999994
    ]
  },
  {
    "trackingState" : "Normal",
    "timestamp" : 306318364731,
    "transform" : [
      0.0522419,
      -0.99058545,
      -0.12653643,
      0,
      -0.93180174,
      -0.0027779904,
      -0.3629568,
      0,
      0.3591882,
      0.13686843,
      -0.9231744,
      0,
      1.3647411,
      -0.35224044,
      -3.372107,
      0.99999994
    ]
  },
  {
    "trackingState" : "Normal",
    "timestamp" : 306318381405,
    "transform" : [
      0.05265534,
      -0.9898207,
      -0.13222148,
      0,
      -0.93386275,
      -0.0019064166,
      -0.35762614,
      0,
      0.35373375,
      0.14230767,
      -0.92445725,
      0,
      1.366546,
      -0.35652184,
      -3.3708086,
      0.99999994
    ]
  },
  {
    "trackingState" : "Normal",
    "timestamp" : 306318398078,
    "transform" : [
      0.0543401,
      -0.9885886,
      -0.1404985,
      0,
      -0.93455845,
      -0.00080258935,
      -0.35580844,
      0,
      0.35163543,
      0.15063876,
      -0.9239375,
      0,
      1.3680866,
      -0.36123592,
      -3.3695626,
      0.99999994
    ]
  },
  {
    "trackingState" : "Normal",
    "timestamp" : 306318414752,
    "transform" : [
      0.05663889,
      -0.9869104,
      -0.15099669,
      0,
      -0.9345439,
      0.0008107625,
      -0.3558467,
      0,
      0.35131124,
      0.16126782,
      -0.92226523,
      0,
      1.3694897,
      -0.3660618,
      -3.3682485,
      0.99999994
    ]
  },
  {
    "trackingState" : "Normal",
    "timestamp" : 306318431426,
    "transform" : [
      0.058323607,
      -0.98510975,
      -0.16173188,
      0,
      -0.93531126,
      0.002712894,
      -0.35381535,
      0,
      0.34898567,
      0.17190546,
      -0.92122614,
      0,
      1.370862,
      -0.3708923,
      -3.3668244,
      0.99999994
    ]
  },
  {
    "trackingState" : "Normal",
    "timestamp" : 306318448099,
    "transform" : [
      0.059309833,
      -0.9832136,
      -0.17254926,
      0,
      -0.9365564,
      0.0050123194,
      -0.35048065,
      0,
      0.34546226,
      0.18238911,
      -0.92053777,
      0,
      1.3722944,
      -0.37569472,
      -3.365317,
      0.9999998
    ]
  },
  {
    "trackingState" : "Normal",
    "timestamp" : 306318464773,
    "transform" : [
      0.060381856,
      -0.98109514,
      -0.18386479,
      0,
      -0.93734276,
      0.0075897584,
      -0.34832534,
      0,
      0.34313583,
      0.1933769,
      -0.9191643,
      0,
      1.3736228,
      -0.38024992,
      -3.3639824,
      0.99999976
    ]
  },
  {
    "trackingState" : "Normal",
    "timestamp" : 306318481446,
    "transform" : [
      0.062235985,
      -0.978929,
      -0.19448589,
      0,
      -0.9374603,
      0.009530607,
      -0.34796125,
      0,
      0.34248292,
      0.20397855,
      -0.9171141,
      0,
      1.374749,
      -0.38457385,
      -3.3629947,
      0.9999999
    ]
  },
  {
    "trackingState" : "Normal",
    "timestamp" : 306318498120,
    "transform" : [
      0.06450471,
      -0.97709036,
      -0.20281419,
      0,
      -0.93780756,
      0.010116915,
      -0.34700787,
      0,
      0.34111,
      0.21258438,
      -0.9156702,
      0,
      1.3759384,
      -0.3891567,
      -3.3620543,
      0.9999999
    ]
  },
  {
    "trackingState" : "Normal",
    "timestamp" : 306318514794,
    "transform" : [
      0.0663368,
      -0.9758313,
      -0.20821351,
      0,
      -0.93972737,
      0.009048517,
      -0.34180465,
      0,
      0.3354276,
      0.21833819,
      -0.91641515,
      0,
      1.3771122,
      -0.39376774,
      -3.3611217,
      0.99999994
    ]
  },
  {
    "trackingState" : "Normal",
    "timestamp" : 306318531467,
    "transform" : [
      0.06810932,
      -0.97452235,
      -0.21369964,
      0,
      -0.94226545,
      0.0075582056,
      -0.3347815,
      0,
      0.3278673,
      0.22416356,
      -0.91774386,
      0,
      1.3782754,
      -0.39832792,
      -3.3601067,
      1
    ]
  },
  {
    "trackingState" : "Normal",
    "timestamp" : 306318548141,
    "transform" : [
      0.070561394,
      -0.97270006,
      -0.22107874,
      0,
      -0.94404656,
      0.0064636194,
      -0.3297485,
      0,
      0.32217538,
      0.23197618,
      -0.9178181,
      0,
      1.3793956,
      -0.40278164,
      -3.3590083,
      0.99999994
    ]
  },
  {
    "trackingState" : "Normal",
    "timestamp" : 306318564814,
    "transform" : [
      0.07373847,
      -0.97026783,
      -0.23052739,
      0,
      -0.94469196,
      0.0061118403,
      -0.32790148,
      0,
      0.3195612,
      0.24195637,
      -0.91615367,
      0,
      1.3806672,
      -0.4069817,
      -3.3579364,
      0.9999999
    ]
  },
  {
    "trackingState" : "Normal",
    "timestamp" : 306318581488,
    "transform" : [
      0.07698295,
      -0.967554,
      -0.24065126,
      0,
      -0.9450401,
      0.006114597,
      -0.32689697,
      0,
      0.31776202,
      0.25259063,
      -0.9139066,
      0,
      1.3821077,
      -0.4109482,
      -3.3569078,
      0.9999998
    ]
  },
  {
    "trackingState" : "Normal",
    "timestamp" : 306318598162,
    "transform" : [
      0.07943094,
      -0.9651751,
      -0.24925451,
      0,
      -0.9460504,
      0.005806817,
      -0.3239671,
      0,
      0.31413242,
      0.26154035,
      -0.91264313,
      0,
      1.3833522,
      -0.41498366,
      -3.3559234,
      0.99999994
    ]
  },
  {
    "trackingState" : "Normal",
    "timestamp" : 306318614835,
    "transform" : [
      0.08114698,
      -0.9630019,
      -0.2569876,
      0,
      -0.9472571,
      0.005688407,
      -0.32042396,
      0,
      0.3100308,
      0.26943478,
      -0.91174877,
      0,
      1.3846197,
      -0.41898534,
      -3.3550332,
      0.9999999
    ]
  },
  {
    "trackingState" : "Normal",
    "timestamp" : 306318631509,
    "transform" : [
      0.08275585,
      -0.9607699,
      -0.2647126,
      0,
      -0.947743,
      0.0062501496,
      -0.31897312,
      0,
      0.30811438,
      0.27727646,
      -0.9100458,
      0,
      1.3859446,
      -0.4229232,
      -3.3543694,
      0.9999999
    ]
  },
  {
    "trackingState" : "Normal",
    "timestamp" : 306318648182,
    "transform" : [
      0.08418737,
      -0.95833856,
      -0.27294627,
      0,
      -0.94734293,
      0.00795292,
      -0.32012126,
      0,
      0.30895534,
      0.28552395,
      -0.9072059,
      0,
      1.3872951,
      -0.4267993,
      -3.3539574,
      0.9999998
    ]
  },
  {
    "trackingState" : "Normal",
    "timestamp" : 306318664856,
    "transform" : [
      0.08545964,
      -0.95586795,
      -0.2810929,
      0,
      -0.94676393,
      0.009978562,
      -0.32177356,
      0,
      0.31037804,
      0.29362732,
      -0.90412855,
      0,
      1.388557,
      -0.43061954,
      -3.3537192,
      0.99999994
    ]
  },
  {
    "trackingState" : "Normal",
    "timestamp" : 306318681530,
    "transform" : [
      0.08688822,
      -0.95332026,
      -0.28919032,
      0,
      -0.94622153,
      0.01183286,
      -0.32330266,
      0,
      0.311633,
      0.30172935,
      -0.90102404,
      0,
      1.3896531,
      -0.4344625,
      -3.3536222,
      0.99999994
    ]
  },
  {
    "trackingState" : "Normal",
    "timestamp" : 306318698203,
    "transform" : [
      0.089115664,
      -0.95064867,
      -0.29719627,
      0,
      -0.94561446,
      0.01296891,
      -0.32503074,
      0,
      0.3128444,
      0.30999845,
      -0.89779145,
      0,
      1.3905596,
      -0.43843663,
      -3.3537424,
      0.99999994
    ]
  },
  {
    "trackingState" : "Normal",
    "timestamp" : 306318714877,
    "transform" : [
      0.092128575,
      -0.9480928,
      -0.30435586,
      0,
      -0.94514054,
      0.012941316,
      -0.32640737,
      0,
      0.3134033,
      0.31773055,
      -0.8948887,
      0,
      1.3912486,
      -0.44248632,
      -3.3540928,
      0.99999994
    ]
  },
  {
    "trackingState" : "Normal",
    "timestamp" : 306318731551,
    "transform" : [
      0.09560491,
      -0.9460356,
      -0.30963886,
      0,
      -0.9452819,
      0.011191838,
      -0.32606196,
      0,
      0.3119318,
      0.32386917,
      -0.89320046,
      0,
      1.391794,
      -0.44657508,
      -3.3546662,
      0.9999998
    ]
  },
  {
    "trackingState" : "Normal",
    "timestamp" : 306318748224,
    "transform" : [
      0.09845019,
      -0.94445866,
      -0.31353703,
      0,
      -0.9455876,
      0.009400974,
      -0.32523143,
      0,
      0.3101153,
      0.3284959,
      -0.8921429,
      0,
      1.3923904,
      -0.45061207,
      -3.3554504,
      0.99999994
    ]
  },
  {
    "trackingState" : "Normal",
    "timestamp" : 306318764898,
    "transform" : [
      0.10059178,
      -0.94284356,
      -0.31769094,
      0,
      -0.9455394,
      0.008760479,
      -0.3253893,
      0,
      0.30957443,
      0.33312082,
      -0.89061457,
      0,
      1.3929175,
      -0.45435983,
      -3.3562787,
      0.99999994
    ]
  },
  {
    "trackingState" : "Normal",
    "timestamp" : 306318781571,
    "transform" : [
      0.10207097,
      -0.9406459,
      -0.3236772,
      0,
      -0.9453324,
      0.0095861135,
      -0.32596722,
      0,
      0.3097225,
      0.33925432,
      -0.8882447,
      0,
      1.3933383,
      -0.45787948,
      -3.3569849,
      0.99999994
    ]
  },
  {
    "trackingState" : "Normal",
    "timestamp" : 306318798245,
    "transform" : [
      0.10405794,
      -0.9378642,
      -0.3310329,
      0,
      -0.9448846,
      0.010663645,
      -0.3272296,
      0,
      0.310427,
      0.3468388,
      -0.8850638,
      0,
      1.3938969,
      -0.46164685,
      -3.3577647,
      0.99999994
    ]
  },
  {
    "trackingState" : "Normal",
    "timestamp" : 306318814919,
    "transform" : [
      0.10675203,
      -0.9353088,
      -0.3373448,
      0,
      -0.9446438,
      0.010459627,
      -0.32793042,
      0,
      0.31024477,
      0.353678,
      -0.88241714,
      0,
      1.394352,
      -0.465467,
      -3.358695,
      0.9999999
    ]
  },
  {
    "trackingState" : "Normal",
    "timestamp" : 306318831592,
    "transform" : [
      0.10914782,
      -0.93341154,
      -0.34180346,
      0,
      -0.94473577,
      0.009525453,
      -0.32769415,
      0,
      0.3091295,
      0.35868108,
      -0.8807877,
      0,
      1.3947424,
      -0.46920505,
      -3.3597884,
      0.99999994
    ]
  },
  {
    "trackingState" : "Normal",
    "timestamp" : 306318848266,
    "transform" : [
      0.111016795,
      -0.9316506,
      -0.3459806,
      0,
      -0.94454265,
      0.009348908,
      -0.3282554,
      0,
      0.30905393,
      0.36323535,
      -0.8789458,
      0,
      1.3951371,
      -0.4728147,
      -3.3609574,
      0.9999999
    ]
  },
  {
    "trackingState" : "Normal",
    "timestamp" : 306318864939,
    "transform" : [
      0.11254783,
      -0.9293683,
      -0.35157874,
      0,
      -0.94399256,
      0.0104445135,
      -0.3298012,
      0,
      0.31017894,
      0.36900616,
      -0.8761413,
      0,
      1.3949618,
      -0.47597653,
      -3.3619766,
      0.99999994
    ]
  },
  {
    "trackingState" : "Normal",
    "timestamp" : 306318881613,
    "transform" : [
      0.11444159,
      -0.92662305,
      -0.35815188,
      0,
      -0.94308037,
      0.011982934,
      -0.33234856,
      0,
      0.31225365,
      0.37580058,
      -0.8725087,
      0,
      1.3942475,
      -0.47879016,
      -3.362927,
      0.99999994
    ]
  },
  {
    "trackingState" : "Normal",
    "timestamp" : 306318898287,
    "transform" : [
      0.11673697,
      -0.9239412,
      -0.36428726,
      0,
      -0.9420958,
      0.013086309,
      -0.33508825,
      0,
      0.31436905,
      0.38231075,
      -0.8689135,
      0,
      1.3940268,
      -0.48190653,
      -3.3641577,
      0.99999994
    ]
  },
  {
    "trackingState" : "Normal",
    "timestamp" : 306318914960,
    "transform" : [
      0.11851897,
      -0.9218902,
      -0.3688791,
      0,
      -0.94146544,
      0.013741063,
      -0.3368291,
      0,
      0.3155883,
      0.38720766,
      -0.8662992,
      0,
      1.3939197,
      -0.48498055,
      -3.365622,
      0.9999999
    ]
  },
  {
    "trackingState" : "Normal",
    "timestamp" : 306318931634,
    "transform" : [
      0.11975535,
      -0.9202953,
      -0.37244478,
      0,
      -0.9410513,
      0.014316696,
      -0.33796024,
      0,
      0.31635544,
      0.3909623,
      -0.86433065,
      0,
      1.3937651,
      -0.4879146,
      -3.3672392,
      0.9999998
    ]
  },
  {
    "trackingState" : "Normal",
    "timestamp" : 306318948308,
    "transform" : [
      0.12094704,
      -0.9186436,
      -0.37611938,
      0,
      -0.9408687,
      0.0146990465,
      -0.33845222,
      0,
      0.31644562,
      0.3948138,
      -0.86254525,
      0,
      1.3934511,
      -0.49073783,
      -3.3689027,
      0.9999999
    ]
  },
  {
    "trackingState" : "Normal",
    "timestamp" : 306318964981,
    "transform" : [
      0.12225266,
      -0.9169664,
      -0.37977225,
      0,
      -0.9407482,
      0.0148857245,
      -0.33877847,
      0,
      0.31630167,
      0.3986867,
      -0.8608147,
      0,
      1.3929335,
      -0.49316937,
      -3.3704793,
      0.9999999
    ]
  },
  {
    "trackingState" : "Normal",
    "timestamp" : 306318981655,
    "transform" : [
      0.1236849,
      -0.91543156,
      -0.3829977,
      0,
      -0.9401956,
      0.0153392665,
      -0.3402893,
      0,
      0.3173865,
      0.40218145,
      -0.8587874,
      0,
      1.3922607,
      -0.49525762,
      -3.372092,
      0.99999994
    ]
  },
  {
    "trackingState" : "Normal",
    "timestamp" : 306318998328,
    "transform" : [
      0.12508821,
      -0.91398877,
      -0.38597608,
      0,
      -0.93906486,
      0.01647382,
      -0.3433446,
      0,
      0.32017168,
      0.40540504,
      -0.8562341,
      0,
      1.3915603,
      -0.49749845,
      -3.3740633,
      0.99999994
    ]
  },
  {
    "trackingState" : "Normal",
    "timestamp" : 306319015002,
    "transform" : [
      0.12625127,
      -0.9124369,
      -0.38925493,
      0,
      -0.9378012,
      0.018143954,
      -0.34669766,
      0,
      0.32340243,
      0.40881488,
      -0.8533939,
      0,
      1.390776,
      -0.49968788,
      -3.3761647,
      0.9999998
    ]
  },
  {
    "trackingState" : "Normal",
    "timestamp" : 306319031676,
    "transform" : [
      0.12689017,
      -0.91063344,
      -0.39325008,
      0,
      -0.936818,
      0.02027304,
      -0.34922883,
      0,
      0.32599187,
      0.41271758,
      -0.85052544,
      0,
      1.3898624,
      -0.5017866,
      -3.3782701,
      0.99999994
    ]
  },
  {
    "trackingState" : "Normal",
    "timestamp" : 306319048349,
    "transform" : [
      0.12763512,
      -0.90881777,
      -0.39718953,
      0,
      -0.935931,
      0.022169847,
      -0.35148457,
      0,
      0.32824108,
      0.4166039,
      -0.8477612,
      0,
      1.3888099,
      -0.50379825,
      -3.3804579,
      0.99999994
    ]
  },
  {
    "trackingState" : "Normal",
    "timestamp" : 306319065023,
    "transform" : [
      0.12813462,
      -0.90756375,
      -0.39988694,
      0,
      -0.93501514,
      0.023880532,
      -0.35380226,
      0,
      0.33064768,
      0.41923475,
      -0.8455259,
      0,
      1.3871945,
      -0.505231,
      -3.382539,
      0.9999998
    ]
  },
  {
    "trackingState" : "Normal",
    "timestamp" : 306319081696,
    "transform" : [
      0.12728696,
      -0.90725505,
      -0.4008571,
      0,
      -0.93419373,
      0.026141627,
      -0.35580695,
      0,
      0.33328676,
      0.41976783,
      -0.84422445,
      0,
      1.3852701,
      -0.5061587,
      -3.38462,
      0.99999994
    ]
  },
  {
    "trackingState" : "Normal",
    "timestamp" : 306319098370,
    "transform" : [
      0.12502626,
      -0.90786475,
      -0.40018767,
      0,
      -0.9338015,
      0.028611574,
      -0.35664555,
      0,
      0.3352358,
      0.41828594,
      -0.84418833,
      0,
      1.383987,
      -0.5073914,
      -3.3872359,
      0.99999994
    ]
  },
  {
    "trackingState" : "Normal",
    "timestamp" : 306319115044,
    "transform" : [
      0.122239605,
      -0.90858775,
      -0.39940697,
      0,
      -0.9336153,
      0.031286888,
      -0.35690817,
      0,
      0.33677858,
      0.41652086,
      -0.84444696,
      0,
      1.3827598,
      -0.5086906,
      -3.3900342,
      0.9999999
    ]
  },
  {
    "trackingState" : "Normal",
    "timestamp" : 306319131717,
    "transform" : [
      0.12147825,
      -0.90819144,
      -0.40053895,
      0,
      -0.93304574,
      0.03318441,
      -0.35822368,
      0,
      0.33862734,
      0.4172376,
      -0.84335303,
      0,
      1.3812286,
      -0.5100815,
      -3.392835,
      0.99999994
    ]
  },
  {
    "trackingState" : "Normal",
    "timestamp" : 306319148391,
    "transform" : [
      0.123265505,
      -0.90655607,
      -0.40368527,
      0,
      -0.9317202,
      0.034310535,
      -0.36155233,
      0,
      0.3416182,
      0.42068872,
      -0.8404273,
      0,
      1.3793224,
      -0.5115421,
      -3.3956373,
      0.99999994
    ]
  },
  {
    "trackingState" : "Normal",
    "timestamp" : 306319165064,
    "transform" : [
      0.12606528,
      -0.904641,
      -0.40710235,
      0,
      -0.93013835,
      0.03488401,
      -0.3655484,
      0,
      0.34489143,
      0.42474458,
      -0.83704346,
      0,
      1.3767502,
      -0.51292855,
      -3.398225,
      0.9999999
    ]
  },
  {
    "trackingState" : "Normal",
    "timestamp" : 306319181738,
    "transform" : [
      0.12941748,
      -0.9035016,
      -0.4085782,
      0,
      -0.928737,
      0.03391892,
      -0.3691841,
      0,
      0.34741697,
      0.42724064,
      -0.8347256,
      0,
      1.3736521,
      -0.51421267,
      -3.400832,
      0.9999999
    ]
  },
  {
    "trackingState" : "Normal",
    "timestamp" : 306319198412,
    "transform" : [
      0.13266526,
      -0.9036629,
      -0.40717736,
      0,
      -0.92736703,
      0.031831313,
      -0.37279612,
      0,
      0.34984303,
      0.42706007,
      -0.8338043,
      0,
      1.3707237,
      -0.5154352,
      -3.404071,
      0.99999994
    ]
  },
  {
    "trackingState" : "Normal",
    "timestamp" : 306319215085,
    "transform" : [
      0.13556278,
      -0.90480214,
      -0.4036779,
      0,
      -0.92596275,
      0.029234234,
      -0.37648144,
      0,
      0.35244247,
      0.42482764,
      -0.83384997,
      0,
      1.3677626,
      -0.51654506,
      -3.4076416,
      0.99999994
    ]
  },
  {
    "trackingState" : "Normal",
    "timestamp" : 306319231759,
    "transform" : [
      0.13825873,
      -0.9061767,
      -0.39966023,
      0,
      -0.92467564,
      0.02644171,
      -0.37983593,
      0,
      0.3547662,
      0.42207184,
      -0.8342638,
      0,
      1.3646303,
      -0.51754314,
      -3.4113195,
      0.9999999
    ]
  },
  {
    "trackingState" : "Normal",
    "timestamp" : 306319248433,
    "transform" : [
      0.14198487,
      -0.9073338,
      -0.39570913,
      0,
      -0.9230449,
      0.02302864,
      -0.38400188,
      0,
      0.3575306,
      0.4197799,
      -0.83424014,
      0,
      1.361197,
      -0.5184765,
      -3.4150784,
      0.9999998
    ]
  },
  {
    "trackingState" : "Normal",
    "timestamp" : 306319265106,
    "transform" : [
      0.1467822,
      -0.9082087,
      -0.39193338,
      0,
      -0.9211703,
      0.018865436,
      -0.38870168,
      0,
      0.3604163,
      0.41809198,
      -0.8338459,
      0,
      1.3577313,
      -0.5192441,
      -3.418925,
      0.9999999
    ]
  },
  {
    "trackingState" : "Normal",
    "timestamp" : 306319281780,
    "transform" : [
      0.15149026,
      -0.90893155,
      -0.38845098,
      0,
      -0.9190634,
      0.015127918,
      -0.3938189,
      0,
      0.36383098,
      0.41667092,
      -0.83307403,
      0,
      1.3542802,
      -0.5198206,
      -3.4228115,
      0.9999999
    ]
  },
  {
    "trackingState" : "Normal",
    "timestamp" : 306319298453,
    "transform" : [
      0.15531723,
      -0.90971226,
      -0.3850979,
      0,
      -0.91701126,
      0.012202753,
      -0.39867422,
      0,
      0.36737815,
      0.41506016,
      -0.8323211,
      0,
      1.350509,
      -0.52033836,
      -3.426699,
      0.99999994
    ]
  },
  {
    "trackingState" : "Normal",
    "timestamp" : 306319315127,
    "transform" : [
      0.1587563,
      -0.9104924,
      -0.3818379,
      0,
      -0.91496015,
      0.009652614,
      -0.40342847,
      0,
      0.37100437,
      0.41341338,
      -0.83153176,
      0,
      1.34656,
      -0.5207875,
      -3.430647,
      0.99999994
    ]
  },
  {
    "trackingState" : "Normal",
    "timestamp" : 306319331801,
    "transform" : [
      0.16270569,
      -0.91125125,
      -0.37834907,
      0,
      -0.91281164,
      0.0065523894,
      -0.40832785,
      0,
      0.3745685,
      0.41179883,
      -0.83073467,
      0,
      1.3424293,
      -0.52120703,
      -3.4347308,
      0.9999998
    ]
  },
  {
    "trackingState" : "Normal",
    "timestamp" : 306319348474,
    "transform" : [
      0.16630255,
      -0.91241086,
      -0.37396514,
      0,
      -0.9113161,
      0.0026378164,
      -0.41169864,
      0,
      0.37662482,
      0.4092671,
      -0.831056,
      0,
      1.3381989,
      -0.52155876,
      -3.4389195,
      0.9999999
    ]
  },
  {
    "trackingState" : "Normal",
    "timestamp" : 306319365148,
    "transform" : [
      0.16926557,
      -0.9140358,
      -0.36862975,
      0,
      -0.91033953,
      -0.0016722754,
      -0.41385865,
      0,
      0.37766516,
      0.40563032,
      -0.832366,
      0,
      1.3338721,
      -0.52152896,
      -3.4430585,
      0.99999994
    ]
  },
  {
    "trackingState" : "Normal",
    "timestamp" : 306319381822,
    "transform" : [
      0.1722532,
      -0.9157434,
      -0.3629639,
      0,
      -0.909164,
      -0.005973292,
      -0.41639507,
      0,
      0.37914303,
      0.40171924,
      -0.8335899,
      0,
      1.3294268,
      -0.521284,
      -3.4471858,
      0.99999994
    ]
  },
  {
    "trackingState" : "Normal",
    "timestamp" : 306319398495,
    "transform" : [
      0.17525457,
      -0.9172303,
      -0.35773516,
      0,
      -0.90791035,
      -0.010039704,
      -0.41904375,
      0,
      0.3807682,
      0.39823088,
      -0.8345225,
      0,
      1.324912,
      -0.52132326,
      -3.4514692,
      0.9999999
    ]
  },
  {
    "trackingState" : "Normal",
    "timestamp" : 306319415169,
    "transform" : [
      0.17837335,
      -0.9181992,
      -0.35368547,
      0,
      -0.906447,
      -0.013498211,
      -0.4221036,
      0,
      0.3828011,
      0.39588925,
      -0.8347065,
      0,
      1.3202909,
      -0.5214496,
      -3.4558017,
      0.99999994
    ]
  },
  {
    "trackingState" : "Normal",
    "timestamp" : 306319431842,
    "transform" : [
      0.18125048,
      -0.9186263,
      -0.35110393,
      0,
      -0.9043059,
      -0.015373132,
      -0.4266079,
      0,
      0.38649583,
      0.39482832,
      -0.8335056,
      0,
      1.3156345,
      -0.5215419,
      -3.4601777,
      0.99999994
    ]
  },
  {
    "trackingState" : "Normal",
    "timestamp" : 306319448516,
    "transform" : [
      0.18341938,
      -0.91885865,
      -0.34936556,
      0,
      -0.9018372,
      -0.01584967,
      -0.43178493,
      0,
      0.39121208,
      0.39426863,
      -0.8315681,
      0,
      1.3109307,
      -0.52156276,
      -3.46461,
      0.99999994
    ]
  },
  {
    "trackingState" : "Normal",
    "timestamp" : 306319465190,
    "transform" : [
      0.18505771,
      -0.9193265,
