[
  {
    "transform" : [
      0.42876077,
      -0.6468787,
      0.63064426,
      0,
      0.8157515,
      -0.022757716,
      -0.5779546,
      0,
      0.38821855,
      0.76225334,
      0.5179346,
      0,
      -0.07877502,
      0.051636763,
      0.0072635706,
      0.9999999
    ],
    "trackingState" : "Normal",
    "timestamp" : 306284283811
  },
  {
    "transform" : [
      0.42953894,
      -0.6452325,
      0.6318,
      0,
      0.8158094,
      -0.022748956,
      -0.5778732,
      0,
      0.38723528,
      0.7636476,
      0.5166152,
      0,
      -0.07899924,
      0.051371388,
      0.0070545236,
      0.99999994
    ],
    "trackingState" : "Normal",
    "timestamp" : 306284300484
  },
  {
    "transform" : [
      0.43005574,
      -0.6439264,
      0.63278025,
      0,
      0.8157029,
      -0.023220284,
      -0.57800466,
      0,
      0.3868857,
      0.76473516,
      0.51526666,
      0,
      -0.07921162,
      0.05117719,
      0.0068374923,
      0.9999999
    ],
    "trackingState" : "Normal",
    "timestamp" : 306284317158
  },
  {
    "transform" : [
      0.42986235,
      -0.64395803,
      0.6328794,
      0,
      0.81545997,
      -0.024020057,
      -0.5783147,
      0,
      0.3876122,
      0.76468366,
      0.51479673,
      0,
      -0.0794367,
      0.05103086,
      0.006649017,
      0.9999999
    ],
    "trackingState" : "Normal",
    "timestamp" : 306284333832
  },
  {
    "transform" : [
      0.42990318,
      -0.6438513,
      0.63296026,
      0,
      0.8154122,
      -0.024138242,
      -0.5783771,
      0,
      0.38766742,
      0.76476985,
      0.5146272,
      0,
      -0.079565994,
      0.050721537,
      0.006368323,
      0.9999998
    ],
    "trackingState" : "Normal",
    "timestamp" : 306284350505
  },
  {
    "transform" : [
      0.4297729,
      -0.6442363,
      0.6326568,
      0,
      0.81555015,
      -0.023749072,
      -0.57819873,
      0,
      0.38752165,
      0.76445776,
      0.5152004,
      0,
      -0.079770215,
      0.050651312,
      0.006233577,
      0.99999994
    ],
    "trackingState" : "Normal",
    "timestamp" : 306284367179
  },
  {
    "transform" : [
      0.4295012,
      -0.64434904,
      0.6327266,
      0,
      0.8160558,
      -0.023137713,
      -0.57750976,
      0,
      0.38675767,
      0.7643815,
      0.5158872,
      0,
      -0.07999648,
      0.05064556,
      0.0061158137,
      0.99999994
    ],
    "trackingState" : "Normal",
    "timestamp" : 306284383853
  },
  {
    "transform" : [
      0.42913035,
      -0.6438641,
      0.6334714,
      0,
      0.8169493,
      -0.022478884,
      -0.57627076,
      0,
      0.38527983,
      0.7648096,
      0.516358,
      0,
      -0.08025667,
      0.05064373,
      0.0059767333,
      0.9999998
    ],
    "trackingState" : "Normal",
    "timestamp" : 306284400526
  },
  {
    "transform" : [
      0.4289305,
      -0.64298415,
      0.6344997,
      0,
      0.81763136,
      -0.022282632,
      -0.5753106,
      0,
      0.38405392,
      0.7655554,
      0.51616645,
      0,
      -0.08056831,
      0.050630763,
      0.005830434,
      0.99999994
    ],
    "trackingState" : "Normal",
    "timestamp" : 306284417200
  },
  {
    "transform" : [
      0.4290343,
      -0.6422872,
      0.63513523,
      0,
      0.81744736,
      -0.023093602,
      -0.57554,
      0,
      0.3843295,
      0.76611614,
      0.5151281,
      0,
      -0.080932096,
      0.050634377,
      0.0056854775,
      0.99999994
    ],
    "trackingState" : "Normal",
    "timestamp" : 306284433873
  },
  {
    "transform" : [
      0.42867833,
      -0.6430547,
      0.63459855,
      0,
      0.81715137,
      -0.023628628,
      -0.57593834,
      0,
      0.38535458,
      0.76545554,
      0.5153441,
      0,
      -0.08108313,
      0.050391108,
      0.005112297,
      0.9999999
    ],
    "trackingState" : "Normal",
    "timestamp" : 306284450547
  },
  {
    "transform" : [
      0.4281489,
      -0.6444235,
      0.6335668,
      0,
      0.8173564,
      -0.022933085,
      -0.5756756,
      0,
      0.3855085,
      0.7643249,
      0.516905,
      0,
      -0.08128842,
      0.050433464,
      0.0048452597,
      0.99999994
    ],
    "trackingState" : "Normal",
    "timestamp" : 306284467221
  },
  {
    "transform" : [
      0.4277592,
      -0.6455967,
      0.63263494,
      0,
      0.81747115,
      -0.022341013,
      -0.5755359,
      0,
      0.38569778,
      0.7633518,
      0.51820016,
      0,
      -0.08157772,
      0.05057165,
      0.0047078594,
      0.99999994
    ],
    "trackingState" : "Normal",
    "timestamp" : 306284483894
  },
  {
    "transform" : [
      0.42779428,
      -0.64614534,
      0.63205075,
      0,
      0.8171309,
      -0.022450894,
      -0.57601464,
      0,
      0.38637924,
      0.7628842,
      0.518381,
      0,
      -0.081947505,
      0.050700612,
      0.0045818263,
      0.9999999
    ],
    "trackingState" : "Normal",
    "timestamp" : 306284500568
  },
  {
    "transform" : [
      0.42783353,
      -0.646543,
      0.63161737,
      0,
      0.81686324,
      -0.02254577,
      -0.5763905,
      0,
      0.38690156,
      0.76254445,
      0.5184913,
      0,
      -0.08236177,
      0.050826676,
      0.0044495463,
      0.9999999
    ],
    "trackingState" : "Normal",
    "timestamp" : 306284517242
  },
  {
    "transform" : [
      0.42768854,
      -0.647065,
      0.63118094,
      0,
      0.8166809,
      -0.022688657,
      -0.5766431,
      0,
      0.38744622,
      0.76209724,
      0.51874197,
      0,
      -0.08279611,
      0.05096744,
      0.0042886166,
      0.9999999
    ],
    "trackingState" : "Normal",
    "timestamp" : 306284533915
  },
  {
    "transform" : [
      0.42719814,
      -0.6479769,
      0.63057727,
      0,
      0.8168425,
      -0.02241862,
      -0.5764248,
      0,
      0.3876466,
      0.7613301,
      0.5197179,
      0,
      -0.08328223,
      0.050898485,
      0.0037393896,
      0.99999994
    ],
    "trackingState" : "Normal",
    "timestamp" : 306284550589
  },
  {
    "transform" : [
      0.42692563,
      -0.648476,
      0.6302486,
      0,
      0.81725526,
      -0.021640753,
      -0.5758692,
      0,
      0.38707638,
      0.76092756,
      0.52073145,
      0,
      -0.08377929,
      0.05096316,
      0.0033572293,
      0.9999998
    ],
    "trackingState" : "Normal",
    "timestamp" : 306284567263
  },
  {
    "transform" : [
      0.427112,
      -0.648199,
      0.63040733,
      0,
      0.8177399,
      -0.020604324,
      -0.575219,
      0,
      0.38584545,
      0.76119226,
      0.5212578,
      0,
      -0.08434187,
      0.05106447,
      0.0030410136,
      0.99999994
    ],
    "trackingState" : "Normal",
    "timestamp" : 306284583936
  },
  {
    "transform" : [
      0.42770937,
      -0.64727604,
      0.6309504,
      0,
      0.8181381,
      -0.019581074,
      -0.5746882,
      0,
      0.38433653,
      0.7620042,
      0.52118623,
      0,
      -0.084989764,
      0.051145315,
      0.0027226834,
      0.99999994
    ],
    "trackingState" : "Normal",
    "timestamp" : 306284600610
  },
  {
    "transform" : [
      0.42854053,
      -0.6462273,
      0.63146126,
      0,
      0.81818503,
      -0.01893933,
      -0.5746428,
      0,
      0.38330927,
      0.76291007,
      0.5206173,
      0,
      -0.085712045,
      0.05122792,
      0.0023926478,
      0.99999994
    ],
    "trackingState" : "Normal",
    "timestamp" : 306284617284
  },
  {
    "transform" : [
      0.4293637,
      -0.64552224,
      0.63162315,
      0,
      0.8180547,
      -0.018348021,
      -0.5748476,
      0,
      0.38266587,
      0.76352113,
      0.5201946,
      0,
      -0.0864852,
      0.051351056,
      0.0020503742,
      0.99999994
    ],
    "trackingState" : "Normal",
    "timestamp" : 306284633957
  },
  {
    "transform" : [
      0.42996827,
      -0.64522576,
      0.6315148,
      0,
      0.81804407,
      -0.017539803,
      -0.5748878,
      0,
      0.38200906,
      0.76379067,
      0.5202816,
      0,
      -0.0871696,
      0.051334113,
      0.0018113651,
      0.99999994
    ],
    "trackingState" : "Normal",
    "timestamp" : 306284650631
  },
  {
    "transform" : [
      0.4304861,
      -0.6447107,
      0.6316882,
      0,
      0.818332,
      -0.016488025,
      -0.57450914,
      0,
      0.3808075,
      0.76424897,
      0.5204896,
      0,
      -0.08794439,
      0.05140468,
      0.0014821357,
      1
    ],
    "trackingState" : "Normal",
    "timestamp" : 306284667305
  },
  {
    "transform" : [
      0.43105766,
      -0.6442655,
      0.6317525,
      0,
      0.8189841,
      -0.0145344855,
      -0.573632,
      0,
      0.37875348,
      0.7646639,
      0.52137804,
      0,
      -0.08879463,
      0.05153895,
      0.0011042538,
      0.99999994
    ],
    "trackingState" : "Normal",
    "timestamp" : 306284683978
  },
  {
    "transform" : [
      0.4315232,
      -0.6443475,
      0.63135093,
      0,
      0.8198405,
      -0.01187009,
      -0.57246876,
      0,
      0.376363,
      0.7646408,
      0.52314,
      0,
      -0.08969232,
      0.051731996,
      0.00072247017,
      0.9999999
    ],
    "trackingState" : "Normal",
    "timestamp" : 306284700652
  },
  {
    "transform" : [
      0.43197948,
      -0.6447899,
      0.63058674,
      0,
      0.8202172,
      -0.009860212,
      -0.57196695,
      0,
      0.37501624,
      0.76429623,
      0.52460843,
      0,
      -0.09062881,
      0.051954415,
      0.00031431476,
      0.9999998
    ],
    "trackingState" : "Normal",
    "timestamp" : 306284717326
  },
  {
    "transform" : [
      0.4322768,
      -0.6454949,
      0.6296611,
      0,
      0.8201401,
      -0.008827392,
      -0.5720945,
      0,
      0.37484232,
      0.76371366,
      0.5255804,
      0,
      -0.091584146,
      0.052191027,
      -0.0001342637,
      0.9999999
    ],
    "trackingState" : "Normal",
    "timestamp" : 306284733999
  },
  {
    "transform" : [
      0.43217283,
      -0.64689463,
      0.62829447,
      0,
      0.8200881,
      -0.007852651,
      -0.5721834,
      0,
      0.3750761,
      0.762539,
      0.52711695,
      0,
      -0.09217021,
      0.05219228,
      -0.00083426014,
      0.99999994
    ],
    "trackingState" : "Normal",
    "timestamp" : 306284750673
  },
  {
    "transform" : [
      0.43188828,
      -0.64830977,
      0.6270302,
      0,
      0.8201052,
      -0.007054357,
      -0.57216907,
      0,
      0.3753661,
      0.7613441,
      0.52863556,
      0,
      -0.09298214,
      0.05229193,
      -0.0014898139,
      0.9999999
    ],
    "trackingState" : "Normal",
    "timestamp" : 306284767347
  },
  {
    "transform" : [
      0.4316535,
      -0.6494664,
      0.6259942,
      0,
      0.8198949,
      -0.0068581,
      -0.5724728,
      0,
      0.37609494,
      0.76035947,
      0.5295339,
      0,
      -0.09394856,
      0.052396834,
      -0.0021503,
      0.99999994
    ],
    "trackingState" : "Normal",
    "timestamp" : 306284784020
  },
  {
    "transform" : [
      0.43144825,
      -0.6501585,
      0.6254169,
      0,
      0.81962967,
      -0.0071393093,
      -0.5728491,
      0,
      0.37690774,
      0.7597651,
      0.529809,
      0,
      -0.09498591,
      0.052478045,
      -0.0028484697,
      0.99999994
    ],
    "trackingState" : "Normal",
    "timestamp" : 306284800694
  },
  {
    "transform" : [
      0.43124986,
      -0.65035367,
      0.6253507,
      0,
      0.8194896,
      -0.007608317,
      -0.57304317,
      0,
      0.37743863,
      0.7595934,
      0.5296771,
      0,
      -0.09606241,
      0.05253144,
      -0.0036070766,
      0.9999998
    ],
    "trackingState" : "Normal",
    "timestamp" : 306284817368
  },
  {
    "transform" : [
      0.43127188,
      -0.65014434,
      0.62555313,
      0,
      0.8193097,
      -0.008121763,
      -0.5732935,
      0,
      0.37780416,
      0.75976735,
      0.529167,
      0,
      -0.09719808,
      0.0525539,
      -0.0044391104,
      0.9999999
    ],
    "trackingState" : "Normal",
    "timestamp" : 306284834041
  },
  {
    "transform" : [
      0.43138406,
      -0.64997375,
      0.62565315,
      0,
      0.8191751,
      -0.00834205,
      -0.57348263,
      0,
      0.37796786,
      0.759911,
      0.5288437,
      0,
      -0.09872291,
      0.052229367,
      -0.005667242,
      0.99999994
    ],
    "trackingState" : "Normal",
    "timestamp" : 306284850715
  },
  {
    "transform" : [
      0.43182197,
      -0.6493536,
      0.6259948,
      0,
      0.8189298,
      -0.008596628,
      -0.57382923,
      0,
      0.37799954,
      0.7604381,
      0.52806294,
      0,
      -0.10017427,
      0.052043885,
      -0.0067539844,
      0.9999999
    ],
    "trackingState" : "Normal",
    "timestamp" : 306284867389
  },
  {
    "transform" : [
      0.43244424,
      -0.64848655,
      0.62646407,
      0,
      0.8184384,
      -0.00923226,
      -0.5745199,
      0,
      0.3783521,
      0.7611702,
      0.52675396,
      0,
      -0.101626866,
      0.051912047,
      -0.0077829817,
      0.99999994
    ],
    "trackingState" : "Normal",
    "timestamp" : 306284884062
  },
  {
    "transform" : [
      0.43302637,
      -0.64746743,
      0.6271156,
      0,
      0.8181376,
      -0.009697862,
      -0.5749406,
      0,
      0.37833697,
      0.7620315,
      0.52551806,
      0,
      -0.10311001,
      0.051809944,
      -0.008792882,
      0.99999994
    ],
    "trackingState" : "Normal",
    "timestamp" : 306284900736
  },
  {
    "transform" : [
      0.4335307,
      -0.6466884,
      0.6275708,
      0,
      0.8180637,
      -0.009629074,
      -0.57504696,
      0,
      0.3779191,
      0.76269364,
      0.5248578,
      0,
      -0.10462904,
      0.05176826,
      -0.009791171,
      0.9999999
    ],
    "trackingState" : "Normal",
    "timestamp" : 306284917410
  },
  {
    "transform" : [
      0.43386084,
      -0.64629924,
      0.62774354,
      0,
      0.81819284,
      -0.009113438,
      -0.5748715,
      0,
      0.37725988,
      0.7630297,
      0.5248435,
      0,
      -0.10618749,
      0.051792346,
      -0.010794618,
      0.99999994
    ],
    "trackingState" : "Normal",
    "timestamp" : 306284934083
  },
  {
    "transform" : [
      0.4338012,
      -0.6464267,
      0.6276536,
      0,
      0.81847537,
      -0.008535447,
      -0.57447803,
      0,
      0.37671524,
      0.7629284,
      0.5253817,
      0,
      -0.10865405,
      0.052000478,
      -0.012043796,
      0.99999994
    ],
    "trackingState" : "Normal",
    "timestamp" : 306284950757
  },
  {
    "transform" : [
      0.43398556,
      -0.6462671,
      0.6276905,
      0,
      0.8184348,
      -0.008422013,
      -0.5745376,
      0,
      0.37659118,
      0.76306486,
      0.5252725,
      0,
      -0.11073619,
      0.052096277,
      -0.0132009955,
      0.99999994
    ],
    "trackingState" : "Normal",
    "timestamp" : 306284967431
  },
  {
    "transform" : [
      0.43440378,
      -0.64577997,
      0.6279024,
      0,
      0.8181592,
      -0.008650454,
      -0.5749265,
      0,
      0.37670767,
      0.7634746,
      0.5245932,
      0,
      -0.11265715,
      0.05210258,
      -0.014318554,
      0.9999999
    ],
    "trackingState" : "Normal",
    "timestamp" : 306284984104
  },
  {
    "transform" : [
      0.43480057,
      -0.6450436,
      0.62838453,
      0,
      0.81792307,
      -0.00906687,
      -0.575256,
      0,
      0.37676266,
      0.764092,
      0.5236538,
      0,
      -0.114552125,
      0.052076496,
      -0.015432851,
      0.9999999
    ],
    "trackingState" : "Normal",
    "timestamp" : 306285000778
  },
  {
    "transform" : [
      0.4350287,
      -0.6443756,
      0.62891185,
      0,
      0.8177683,
      -0.009568797,
      -0.57546794,
      0,
      0.37683538,
      0.7646494,
      0.5227872,
      0,
      -0.11646154,
      0.052061677,
      -0.016544376,
      0.99999994
    ],
    "trackingState" : "Normal",
    "timestamp" : 306285017452
  },
  {
    "transform" : [
      0.43521777,
      -0.6440463,
      0.62911826,
      0,
      0.8176551,
      -0.009748781,
      -0.5756258,
      0,
      0.37686276,
      0.76492447,
      0.5223649,
      0,
      -0.118430346,
      0.05208019,
      -0.017638672,
      0.99999994
    ],
    "trackingState" : "Normal",
    "timestamp" : 306285034126
  },
  {
    "transform" : [
      0.43718383,
      -0.6433243,
      0.6284934,
      0,
      0.8165254,
      -0.00904492,
      -0.5772383,
      0,
      0.37703612,
      0.7655403,
      0.52133644,
      0,
      -0.12042633,
      0.051863335,
      -0.01820396,
      0.9999999
    ],
    "trackingState" : "Normal",
    "timestamp" : 306285050799
  },
  {
    "transform" : [
      0.4381142,
      -0.64276755,
      0.6284152,
      0,
      0.81607765,
      -0.008729351,
      -0.57787615,
      0,
      0.37692568,
      0.7660115,
      0.5207239,
      0,
      -0.12250874,
      0.05180157,
      -0.01912358,
      0.99999994
    ],
    "trackingState" : "Normal",
    "timestamp" : 306285067473
  },
  {
    "transform" : [
      0.43833297,
      -0.6425444,
      0.62849087,
      0,
      0.81582934,
      -0.009030012,
      -0.5782218,
      0,
      0.37720847,
      0.76619524,
      0.5202485,
      0,
      -0.124611124,
      0.05179027,
      -0.020156283,
      0.9999998
    ],
    "trackingState" : "Normal",
    "timestamp" : 306285084147
  },
  {
    "transform" : [
      0.43796107,
      -0.6432374,
      0.6280412,
      0,
      0.8155292,
      -0.00969512,
      -0.57863456,
      0,
      0.3782883,
      0.76560557,
      0.5203329,
      0,
      -0.12673846,
      0.051823884,
      -0.021193862,
      0.99999994
    ],
    "trackingState" : "Normal",
    "timestamp" : 306285100820
  },
  {
    "transform" : [
      0.43728048,
      -0.6447265,
      0.6269876,
      0,
      0.8150891,
      -0.01047615,
      -0.57924086,
      0,
      0.38002032,
      0.7643416,
      0.5209286,
      0,
      -0.12889671,
      0.0519035,
      -0.022199161,
      0.99999994
    ],
    "trackingState" : "Normal",
    "timestamp" : 306285117494
  },
  {
    "transform" : [
      0.4364531,
      -0.64651287,
      0.6257234,
      0,
      0.81465054,
      -0.0112366285,
      -0.5798431,
      0,
      0.38190708,
      0.76282036,
      0.5217778,
      0,
      -0.13109219,
      0.05201648,
      -0.023161987,
      0.9999999
    ],
    "trackingState" : "Normal",
    "timestamp" : 306285134168
  },
  {
    "transform" : [
      0.4358743,
      -0.64792126,
      0.6246691,
      0,
      0.8145049,
      -0.011290642,
      -0.58004665,
      0,
      0.38287747,
      0.76162374,
      0.5228138,
      0,
      -0.13271849,
      0.051965788,
      -0.02484189,
      0.99999994
    ],
    "trackingState" : "Normal",
    "timestamp" : 306285150841
  },
  {
    "transform" : [
      0.43569663,
      -0.649001,
      0.62367153,
      0,
      0.81429714,
      -0.011027952,
      -0.5803434,
      0,
      0.38352123,
      0.76070774,
      0.52367485,
      0,
      -0.13485609,
      0.052050702,
      -0.025994815,
      0.99999994
    ],
    "trackingState" : "Normal",
    "timestamp" : 306285167515
  },
  {
    "transform" : [
      0.43584672,
      -0.6496489,
      0.6228915,
      0,
      0.8142069,
      -0.010326022,
      -0.58048266,
      0,
      0.38354194,
      0.7601642,
      0.5244481,
      0,
      -0.13719684,
      0.052155085,
      -0.026998362,
      0.9999999
    ],
    "trackingState" : "Normal",
    "timestamp" : 306285184189
  },
  {
    "transform" : [
      0.4365303,
      -0.6493582,
      0.622716,
      0,
      0.8141246,
      -0.009496469,
      -0.5806124,
      0,
      0.382939,
      0.7604235,
      0.524513,
      0,
      -0.13962656,
      0.052206613,
      -0.02799137,
      0.99999994
    ],
    "trackingState" : "Normal",
    "timestamp" : 306285200862
  },
  {
    "transform" : [
      0.4377759,
      -0.6481792,
      0.62306976,
      0,
      0.8138742,
      -0.008783479,
      -0.5809747,
      0,
      0.3820484,
      0.7614373,
      0.5236911,
      0,
      -0.14210497,
      0.052198574,
      -0.029013716,
      0.99999994
    ],
    "trackingState" : "Normal",
    "timestamp" : 306285217536
  },
  {
    "transform" : [
      0.43903488,
      -0.6467406,
      0.6236785,
      0,
      0.81356394,
      -0.00840018,
      -0.5814144,
      0,
      0.38126338,
      0.7626638,
      0.522477,
      0,
      -0.14457726,
      0.052178048,
      -0.030059379,
      0.99999994
    ],
    "trackingState" : "Normal",
    "timestamp" : 306285234210
  },
  {
    "transform" : [
      0.44000313,
      -0.64555395,
      0.62422526,
      0,
      0.8134642,
      -0.007897678,
      -0.5815612,
      0,
      0.38035905,
      0.76367384,
      0.5216601,
      0,
      -0.14682478,
      0.051958077,
      -0.031910352,
      0.9999999
    ],
    "trackingState" : "Normal",
    "timestamp" : 306285250883
  },
  {
    "transform" : [
      0.44097078,
      -0.6451956,
      0.6239131,
      0,
      0.8130725,
      -0.0072066807,
      -0.5821179,
      0,
      0.3800762,
      0.7639836,
      0.52141285,
      0,
      -0.14917307,
      0.05195064,
      -0.033232823,
      0.99999994
    ],
    "trackingState" : "Normal",
    "timestamp" : 306285267557
  },
  {
    "transform" : [
      0.4414365,
      -0.6456983,
      0.62306285,
      0,
      0.8129466,
      -0.00611581,
      -0.5823061,
      0,
      0.37980452,
      0.76356816,
      0.5222186,
      0,
      -0.15154396,
      0.05207736,
      -0.034277562,
      0.9999999
    ],
    "trackingState" : "Normal",
    "timestamp" : 306285284231
  },
  {
    "transform" : [
      0.44163188,
      -0.6464659,
      0.6221277,
      0,
      0.81279606,
      -0.005332862,
      -0.5825237,
      0,
      0.3798994,
      0.76292425,
      0.5230898,
      0,
      -0.15391743,
      0.05225769,
      -0.035226546,
      0.9999998
    ],
    "trackingState" : "Normal",
    "timestamp" : 306285300904
  },
  {
    "transform" : [
      0.44212398,
      -0.64679337,
      0.6214375,
      0,
      0.81206447,
      -0.0055676536,
      -0.58354104,
      0,
      0.38089037,
      0.76264507,
      0.52277637,
      0,
      -0.15634634,
      0.05242972,
      -0.036158185,
      0.99999994
    ],
    "trackingState" : "Normal",
    "timestamp" : 306285317578
  },
  {
    "transform" : [
      0.44309163,
      -0.6464417,
      0.6211142,
      0,
      0.8108677,
      -0.006471286,
      -0.5851936,
      0,
      0.38231292,
      0.76293606,
      0.52131146,
      0,
      -0.15884711,
      0.05257006,
      -0.037106473,
      0.99999994
    ],
    "trackingState" : "Normal",
    "timestamp" : 306285334252
  },
  {
    "transform" : [
      0.44396707,
      -0.6461047,
      0.62083966,
      0,
      0.80980873,
      -0.0072535607,
      -0.58664906,
      0,
      0.38353997,
      0.76321435,
      0.52000093,
      0,
      -0.16008396,
      0.051991425,
      -0.03966449,
      0.99999994
    ],
    "trackingState" : "Normal",
    "timestamp" : 306285350925
  },
  {
    "transform" : [
      0.4445893,
      -0.64574605,
      0.6207676,
      0,
      0.80945545,
      -0.0071250247,
      -0.58713794,
      0,
      0.38356495,
      0.7635191,
      0.51953495,
      0,
      -0.16214144,
      0.051855512,
      -0.041118994,
      0.99999994
    ],
    "trackingState" : "Normal",
    "timestamp" : 306285367599
  },
  {
    "transform" : [
      0.4453207,
      -0.6450983,
      0.62091666,
      0,
      0.809588,
      -0.0060939305,
      -0.5869668,
      0,
      0.38243514,
      0.7640754,
      0.5195502,
      0,
      -0.16447915,
      0.051851794,
      -0.04219771,
      0.99999994
    ],
    "trackingState" : "Normal",
    "timestamp" : 306285384273
  },
  {
    "transform" : [
      0.4466399,
      -0.6438657,
      0.62124854,
      0,
      0.8094578,
      -0.0050226124,
      -0.5871565,
      0,
      0.38117015,
      0.7651221,
      0.51893884,
      0,
      -0.16692464,
      0.05187717,
      -0.04316109,
      0.99999994
    ],
    "trackingState" : "Normal",
    "timestamp" : 306285400946
  },
  {
    "transform" : [
      0.4483071,
      -0.64206606,
      0.6219099,
      0,
      0.80906904,
      -0.004335199,
      -0.5876975,
      0,
      0.38003674,
      0.76663715,
      0.5175323,
      0,
      -0.16936944,
      0.051884726,
      -0.044104606,
      0.99999994
    ],
    "trackingState" : "Normal",
    "timestamp" : 306285417620
  },
  {
    "transform" : [
      0.45036143,
      -0.63976896,
      0.6227922,
      0,
      0.80849886,
      -0.0037318831,
      -0.5884856,
      0,
      0.378819,
      0.7685582,
      0.5155718,
      0,
      -0.17179473,
      0.05186666,
      -0.045064524,
      0.9999998
    ],
    "trackingState" : "Normal",
    "timestamp" : 306285434294
  },
  {
    "transform" : [
      0.45265797,
      -0.63697815,
      0.62398684,
      0,
      0.80779296,
      -0.003389738,
      -0.5894565,
      0,
      0.37758604,
      0.7708745,
      0.513012,
      0,
      -0.17274459,
      0.05107893,
      -0.047578108,
      0.99999994
    ],
    "trackingState" : "Normal",
    "timestamp" : 306285450967
  },
  {
    "transform" : [
      0.45500907,
      -0.63357824,
      0.62573576,
      0,
      0.80692697,
      -0.0038268787,
      -0.59063876,
      0,
      0.37661046,
      0.7736692,
      0.5095102,
      0,
      -0.17445092,
      0.05068188,
      -0.04925054,
      0.99999994
    ],
    "trackingState" : "Normal",
    "timestamp" : 306285467641
  },
  {
    "transform" : [
      0.45660603,
      -0.6307326,
      0.627445,
      0,
      0.8064307,
      -0.004430669,
      -0.5913118,
      0,
      0.37573963,
      0.7759877,
      0.50661916,
      0,
      -0.17643592,
      0.050517634,
      -0.050495677,
      0.99999994
    ],
    "trackingState" : "Normal",
    "timestamp" : 306285484315
  },
  {
    "transform" : [
      0.45725146,
      -0.6293616,
      0.62835103,
      0,
      0.8064363,
      -0.004452685,
      -0.59130406,
      0,
      0.37494195,
      0.7770999,
      0.5055041,
      0,
      -0.17842212,
      0.050517723,
      -0.05152185,
      0.9999999
    ],
    "trackingState" : "Normal",
    "timestamp" : 306285500989
  },
  {
    "transform" : [
      0.45722246,
      -0.6295448,
      0.62818855,
      0,
      0.8066796,
      -0.0038321437,
      -0.59097636,
      0,
      0.37445343,
      0.7769547,
      0.5060889,
      0,
      -0.18035471,
      0.05063748,
      -0.05244977,
      0.9999998
    ],
    "trackingState" : "Normal",
    "timestamp" : 306285517662
  },
  {
    "transform" : [
      0.4569353,
      -0.630278,
      0.62766236,
      0,
      0.8068779,
      -0.0032919482,
      -0.59070903,
      0,
      0.37437707,
      0.7763628,
      0.5070532,
      0,
      -0.18222946,
      0.05080638,
      -0.053402063,
      0.99999994
    ],
    "trackingState" : "Normal",
    "timestamp" : 306285534336
  },
  {
    "transform" : [
      0.4566636,
      -0.63075304,
      0.6273826,
      0,
      0.80691546,
      -0.0032966272,
      -0.59065765,
      0,
      0.37462732,
      0.7759767,
      0.5074589,
      0,
      -0.18406679,
      0.050978057,
      -0.054442003,
      0.99999994
    ],
    "trackingState" : "Normal",
    "timestamp" : 306285551009
  },
  {
    "transform" : [
      0.45686105,
      -0.63103247,
      0.6269577,
      0,
      0.80651075,
      -0.003485843,
      -0.59120905,
      0,
      0.37525755,
      0.77574867,
      0.507342,
      0,
      -0.18405335,
      0.050302647,
      -0.057045944,
      0.99999994
    ],
    "trackingState" : "Normal",
    "timestamp" : 306285567683
  },
  {
    "transform" : [
      0.458056,
      -0.63141197,
      0.62570244,
      0,
      0.8054842,
      -0.0029150243,
      -0.5926099,
      0,
      0.37600487,
      0.77544206,
      0.50725716,
      0,
      -0.18509044,
      0.05025287,
      -0.058789738,
      0.9999999
    ],
    "trackingState" : "Normal",
    "timestamp" : 306285584357
  },
  {
    "transform" : [
      0.45915478,
      -0.6325331,
      0.6237618,
      0,
      0.8043707,
      -0.0019939835,
      -0.5941242,
      0,
      0.3770469,
      0.7745309,
      0.5078755,
      0,
      -0.18650505,
      0.050550923,
      -0.06013958,
      0.99999994
    ],
    "trackingState" : "Normal",
    "timestamp" : 306285601030
  },
  {
    "transform" : [
      0.45988345,
      -0.6342116,
      0.6215165,
      0,
      0.8032661,
      -0.0012270125,
      -0.5956189,
      0,
      0.378511,
      0.77315867,
      0.50887644,
      0,
      -0.18795644,
      0.050985046,
      -0.061387293,
      0.99999994
    ],
    "trackingState" : "Normal",
    "timestamp" : 306285617704
  },
  {
    "transform" : [
      0.46059576,
      -0.6356349,
      0.6195319,
      0,
      0.80231565,
      -0.00040152523,
      -0.59689975,
      0,
      0.37965903,
      0.7719898,
      0.50979495,
      0,
      -0.1893636,
      0.05143152,
      -0.06264103,
      0.99999994
    ],
    "trackingState" : "Normal",
    "timestamp" : 306285634378
  },
  {
    "transform" : [
      0.46147996,
      -0.63665587,
      0.61782324,
      0,
      0.80156463,
      0.00079290674,
      -0.59790754,
      0,
      0.38017142,
      0.7711478,
      0.51068676,
      0,
      -0.19072174,
      0.051868558,
      -0.06393002,
      0.99999994
    ],
    "trackingState" : "Normal",
    "timestamp" : 306285651052
  },
  {
    "transform" : [
      0.46226934,
      -0.63740265,
      0.6164616,
      0,
      0.800974,
      0.0018712295,
      -0.598696,
      0,
      0.38045686,
      0.7705287,
      0.511408,
      0,
      -0.19205372,
      0.052305765,
      -0.0652899,
      0.9999999
    ],
    "trackingState" : "Normal",
    "timestamp" : 306285667725
  },
  {
    "transform" : [
      0.4638425,
      -0.6380149,
      0.61464375,
      0,
      0.7992327,
      0.0020473697,
      -0.6010179,
      0,
      0.38219997,
      0.7700213,
      0.5108721,
      0,
      -0.18978328,
      0.051439185,
      -0.06971764,
      0.9999998
    ],
    "trackingState" : "Normal",
    "timestamp" : 306285684399
  },
  {
    "transform" : [
      0.4656889,
      -0.63848346,
      0.61275816,
      0,
      0.7977821,
      0.0032320837,
      -0.60293716,
      0,
      0.38298485,
      0.7696289,
      0.5108759,
      0,
      -0.18955123,
      0.05132857,
      -0.07252938,
      0.9999999
    ],
    "trackingState" : "Normal",
    "timestamp" : 306285701072
  },
  {
    "transform" : [
      0.46806878,
      -0.63833165,
      0.6111008,
      0,
      0.79649925,
      0.0052239127,
      -0.6046168,
      0,
      0.3827537,
      0.7697438,
      0.5108759,
      0,
      -0.19019037,
      0.051492028,
      -0.07473584,
      0.9999999
    ],
    "trackingState" : "Normal",
    "timestamp" : 306285717746
  },
  {
    "transform" : [
      0.47046253,
      -0.6375673,
      0.6100598,
      0,
      0.79536337,
      0.006957448,
      -0.6060929,
      0,
      0.3821805,
      0.77036333,
      0.5103709,
      0,
      -0.19107074,
      0.051672235,
      -0.07683077,
      0.99999994
    ],
    "trackingState" : "Normal",
    "timestamp" : 306285734420
  },
  {
    "transform" : [
      0.4727649,
      -0.6366142,
      0.6092746,
      0,
      0.79405946,
      0.008001958,
      -0.6077872,
      0,
      0.38205057,
      0.77114105,
      0.50929266,
      0,
      -0.19199838,
      0.051829904,
      -0.078953594,
      0.99999994
    ],
    "trackingState" : "Normal",
    "timestamp" : 306285751093
  },
  {
    "transform" : [
      0.47481042,
      -0.6358019,
      0.6085318,
      0,
      0.7924273,
      0.00802301,
      -0.60991347,
      0,
      0.38290188,
      0.77181065,
      0.5076362,
      0,
      -0.19290224,
      0.051986925,
      -0.08113842,
      0.9999999
    ],
    "trackingState" : "Normal",
    "timestamp" : 306285767767
  },
  {
    "transform" : [
      0.47665516,
      -0.6354514,
      0.6074549,
      0,
      0.79041064,
      0.0073445146,
      -0.61253315,
      0,
      0.38477355,
      0.77210605,
      0.50576836,
      0,
      -0.19202179,
      0.051278614,
      -0.084294304,
      0.99999994
    ],
    "trackingState" : "Normal",
    "timestamp" : 306285784441
  },
  {
    "transform" : [
      0.47829658,
      -0.6348428,
      0.6068005,
      0,
      0.7889233,
      0.0070733023,
      -0.6144507,
      0,
      0.3857875,
      0.77260894,
      0.50422555,
      0,
      -0.192114,
      0.051017035,
      -0.087008804,
      0.9999998
    ],
    "trackingState" : "Normal",
    "timestamp" : 306285801115
  },
  {
    "transform" : [
      0.47995204,
      -0.6336963,
      0.60669184,
      0,
      0.7878191,
      0.0070607467,
      -0.6158662,
      0,
      0.3859884,
      0.7735498,
      0.5026269,
      0,
      -0.19262193,
      0.05088584,
      -0.08962628,
      0.99999994
    ],
    "trackingState" : "Normal",
    "timestamp" : 306285817788
  },
  {
    "transform" : [
      0.48148814,
      -0.63226545,
      0.60696745,
      0,
      0.7873879,
      0.007874341,
      -0.61640745,
      0,
      0.38495365,
      0.7747119,
      0.5016296,
      0,
      -0.1932357,
      0.050770044,
      -0.09229824,
      0.9999999
    ],
    "trackingState" : "Normal",
    "timestamp" : 306285834462
  },
  {
    "transform" : [
      0.48317534,
      -0.63021165,
      0.60776204,
      0,
      0.78683233,
      0.008124304,
      -0.61711323,
      0,
      0.3839743,
      0.7763809,
      0.4997964,
      0,
      -0.1938567,
      0.05061516,
      -0.09511642,
      0.9999999
    ],
    "trackingState" : "Normal",
    "timestamp" : 306285851135
  },
  {
    "transform" : [
      0.48553473,
      -0.62724334,
      0.6089514,
      0,
      0.7851039,
      0.0064619645,
      -0.6193302,
      0,
      0.38453573,
      0.7787967,
      0.49558875,
      0,
      -0.19373435,
      0.049931876,
      -0.09906374,
      0.99999994
    ],
    "trackingState" : "Normal",
    "timestamp" : 306285867809
  },
  {
    "transform" : [
      0.4880302,
      -0.6238511,
      0.6104394,
      0,
      0.7831374,
      0.0041713,
      -0.62183475,
      0,
      0.38538593,
      0.78153217,
      0.49059686,
      0,
      -0.194026,
      0.04948534,
      -0.10259046,
      0.99999994
    ],
    "trackingState" : "Normal",
    "timestamp" : 306285884483
  },
  {
    "transform" : [
      0.49014238,
      -0.620801,
      0.611855,
      0,
      0.7815283,
      0.0021660097,
      -0.62386596,
      0,
      0.38597134,
      0.7839653,
      0.48623526,
      0,
      -0.19443224,
      0.049178466,
      -0.10596959,
      0.99999994
    ],
    "trackingState" : "Normal",
    "timestamp" : 306285901157
  },
  {
    "transform" : [
      0.49171677,
      -0.6188962,
      0.612521,
      0,
      0.7804936,
      0.0013844955,
      -0.6251621,
      0,
      0.38606238,
      0.7854717,
      0.48372528,
      0,
      -0.19481908,
      0.048998818,
      -0.109298326,
      0.9999999
    ],
    "trackingState" : "Normal",
    "timestamp" : 306285917830
  },
  {
    "transform" : [
      0.49318424,
      -0.61809903,
      0.6121461,
      0,
      0.77959734,
      0.0017979566,
      -0.62627834,
      0,
      0.38600144,
      0.7860983,
      0.4827551,
      0,
      -0.19517021,
      0.048942573,
      -0.11260169,
      0.9999999
    ],
    "trackingState" : "Normal",
    "timestamp" : 306285934504
  },
  {
    "transform" : [
      0.49502075,
      -0.6178578,
      0.610906,
      0,
      0.77816033,
      0.0024590706,
      -0.6280609,
      0,
      0.38655004,
      0.7862861,
      0.48200968,
      0,
      -0.19550341,
      0.048969984,
      -0.11592092,
      0.99999994
    ],
    "trackingState" : "Normal",
    "timestamp" : 306285951178
  },
  {
    "transform" : [
      0.49703318,
      -0.6178675,
      0.6092599,
      0,
      0.77590466,
      0.0021054451,
      -0.63084656,
      0,
      0.3884968,
      0.7862795,
      0.4804528,
      0,
      -0.1941082,
      0.04842644,
      -0.11977763,
      0.99999994
    ],
    "trackingState" : "Normal",
    "timestamp" : 306285967851
  },
  {
    "transform" : [
      0.4987116,
      -0.61781657,
      0.60793865,
      0,
      0.77380407,
      0.0013314782,
      -0.63342327,
      0,
      0.39053,
      0.7863211,
      0.4787331,
      0,
      -0.19378205,
      0.048285607,
      -0.123450376,
      0.9999998
    ],
    "trackingState" : "Normal",
    "timestamp" : 306285984525
  },
  {
    "transform" : [
      0.5001115,
      -0.61796594,
      0.60663545,
      0,
      0.77187437,
      0.00054979697,
      -0.6357748,
      0,
      0.3925536,
      0.7862048,
      0.477267,
      0,
      -0.19374332,
      0.048310347,
      -0.12714046,
      0.99999994
    ],
    "trackingState" : "Normal",
    "timestamp" : 306286001198
  },
  {
    "transform" : [
      0.501263,
      -0.61859095,
      0.605046,
      0,
      0.77004737,
      -2.4169098e-05,
      -0.63798654,
      0,
      0.3946674,
      0.7857133,
      0.47633225,
      0,
      -0.1937344,
      0.048424684,
      -0.13090628,
      0.99999994
    ],
    "trackingState" : "Normal",
    "timestamp" : 306286017872
  },
  {
    "transform" : [
      0.50238657,
      -0.6193316,
      0.60335416,
      0,
      0.7682645,
      -0.00042093598,
      -0.6401323,
      0,
      0.39670813,
      0.78512955,
      0.47559902,
      0,
      -0.1936815,
      0.048566107,
      -0.13480176,
      1
    ],
    "trackingState" : "Normal",
    "timestamp" : 306286034546
  },
  {
    "transform" : [
      0.50379556,
      -0.6193811,
      0.602127,
      0,
      0.76681876,
      -0.00026392238,
      -0.6418635,
      0,
      0.39771706,
      0.78509045,
      0.4748202,
      0,
      -0.19357324,
      0.04870546,
      -0.13883233,
      0.99999994
    ],
    "trackingState" : "Normal",
    "timestamp" : 306286051220
  },
  {
    "transform" : [
      0.50581735,
      -0.6188265,
      0.6010012,
      0,
      0.76509553,
      6.3570737e-06,
      -0.6439166,
      0,
      0.39846882,
      0.78552777,
      0.4734647,
      0,
      -0.19343422,
      0.048837572,
      -0.1429596,
      0.9999999
    ],
    "trackingState" : "Normal",
    "timestamp" : 306286067893
  },
  {
    "transform" : [
      0.5083343,
      -0.61789507,
      0.5998349,
      0,
      0.76282746,
      -0.00013460524,
      -0.6466021,
      0,
      0.399613,
      0.78626066,
      0.4712789,
      0,
      -0.1931755,
      0.048969164,
      -0.14662059,
      0.99999994
    ],
    "trackingState" : "Normal",
    "timestamp" : 306286084567
  },
  {
    "transform" : [
      0.5107564,
      -0.6175519,
      0.5981283,
      0,
      0.7602854,
      -0.00035136277,
      -0.64958894,
      0,
      0.40136513,
      0.7865301,
      0.46933633,
      0,
      -0.19295458,
      0.04914408,
      -0.15069422,
      0.9999999
    ],
    "trackingState" : "Normal",
    "timestamp" : 306286101241
  },
  {
    "transform" : [
      0.51256317,
      -0.61764187,
      0.59648764,
      0,
      0.758195,
      -0.0004915472,
      -0.6520276,
      0,
      0.40301272,
      0.7864594,
      0.46804106,
      0,
      -0.19265036,
      0.04936298,
      -0.15506966,
