{
  "planeAnchors" : [
    {
      "center" : [
        -0.3150658,
        0,
        -0.1000002
      ],
      "classification" : "Wall",
      "extent" : [
        0.8698683,
        0,
        2.4000006
      ],
      "alignment" : "vertical",
      "uuid" : "ABFD676B-C7C6-445A-914E-BCE512570AD6",
      "transform" : [
        -0.34925807,
        0.000784774,
        0.93702626,
        0,
        -0.9370128,
        0.005140419,
        -0.34925738,
        0,
        -0.0050907955,
        -0.99998647,
        -0.0010599896,
        0,
        -0.39496174,
        0.0015680287,
        -5.3162456,
        1
      ]
    },
    {
      "center" : [
        -0.0032750964,
        0,
        0.1750009
      ],
      "classification" : "Wall",
      "extent" : [
        0.70655024,
        0,
        2.3499978
      ],
      "alignment" : "vertical",
      "uuid" : "3574B96A-41C0-44C2-AEA7-FB0E6AE74B43",
      "transform" : [
        0.3841227,
        -0.00036197776,
        0.923282,
        0,
        -0.9232447,
        0.008843814,
        0.38411066,
        0,
        -0.008304374,
        -0.9999609,
        0.003062916,
        0,
        4.882082,
        0.36191952,
        -4.5351386,
        1
      ]
    },
    {
      "center" : [
        -0.6791928,
        0,
        -0.42499995
      ],
      "classification" : "",
      "extent" : [
        2.7416139,
        0,
        3.75
      ],
      "alignment" : "vertical",
      "uuid" : "7A877879-0FC0-42A7-BC8B-933425C5AE72",
      "transform" : [
        0.9206803,
        -3.151926e-05,
        0.39031768,
        0,
        -0.39030945,
        0.006430787,
        0.92066133,
        0,
        -0.0025390685,
        -0.9999794,
        0.0059083966,
        0,
        2.167328,
        0.31043756,
        -4.9986134,
        1
      ]
    },
    {
      "center" : [
        -0.75000036,
        0,
        0.12500119
      ],
      "classification" : "Wall",
      "extent" : [
        3.1000006,
        0,
        2.3499978
      ],
      "alignment" : "vertical",
      "uuid" : "BF433A35-9350-4C6E-ACFB-3938D2CCE4BB",
      "transform" : [
        0.36505234,
        0.00011626704,
        0.930987,
        0,
        -0.9309633,
        -0.0071084094,
        0.36504388,
        0,
        0.0066602784,
        -0.9999748,
        -0.0024867011,
        0,
        -1.8446691,
        3.21676,
        -7.9364624,
        1
      ]
    },
    {
      "center" : [
        -0.0073893964,
        0,
        1.1920929e-06
      ],
      "classification" : "",
      "extent" : [
        0.5852211,
        0,
        1.7999983
      ],
      "alignment" : "vertical",
      "uuid" : "006F0D71-66EA-40C8-AA6B-4D7A86579187",
      "transform" : [
        0.9400053,
        -4.0746774e-05,
        -0.34116003,
        0,
        0.34114763,
        -0.008392402,
        0.9399722,
        0,
        -0.0029014528,
        -0.9999648,
        -0.007875001,
        0,
        4.4778686,
        0.30887946,
        -4.7632885,
        1
      ]
    },
    {
      "center" : [
        -1.475,
        0,
        -1.5749977
      ],
      "classification" : "Wall",
      "extent" : [
        3.55,
        0,
        5.9499946
      ],
      "alignment" : "vertical",
      "uuid" : "2C470720-2E94-4D29-9FF4-305A423EAD4E",
      "transform" : [
        0.914605,
        -0.0011998606,
        0.40434664,
        0,
        -0.40434742,
        -0.00047663922,
        0.9146054,
        0,
        -0.0009046715,
        -0.99999917,
        -0.0009210972,
        0,
        2.5148914,
        0.30099922,
        -3.9003215,
        1
      ]
    },
    {
      "center" : [
        0.046525076,
        0,
        -0.09999883
      ],
      "classification" : "Wall",
      "extent" : [
        0.59219253,
        0,
        2.999997
      ],
      "alignment" : "vertical",
      "uuid" : "0F5DC534-4700-4CFA-A802-B2062749F40A",
      "transform" : [
        0.9352145,
        0.0013652459,
        -0.3540791,
        0,
        0.35408175,
        -0.003235806,
        0.935209,
        0,
        0.0001310587,
        -0.99999386,
        -0.003509581,
        0,
        -1.2887259,
        0.15225567,
        -7.27277,
        1
      ]
    },
    {
      "center" : [
        0.017860845,
        0,
        0.025001049
      ],
      "classification" : "",
      "extent" : [
        0.56427824,
        0,
        2.2499979
      ],
      "alignment" : "vertical",
      "uuid" : "DF2C2F8B-B3DC-4EE9-A00A-CED4857B9C4C",
      "transform" : [
        0.47460794,
        -0.0010582679,
        0.88019675,
        0,
        -0.87995607,
        -0.023984717,
        0.47444937,
        0,
        0.020609174,
        -0.9997118,
        -0.012314566,
        0,
        -0.8516789,
        0.04555831,
        -7.159572,
        1
      ]
    },
    {
      "center" : [
        1.0728836e-06,
        0,
        -0.024999991
      ],
      "classification" : "Wall",
      "extent" : [
        1.9999981,
        0,
        0.54999995
      ],
      "alignment" : "vertical",
      "uuid" : "10E33E41-B024-4472-99C2-958C9808762A",
      "transform" : [
        0.3720919,
        3.4246328e-05,
        0.928196,
        0,
        -0.9273058,
        -0.04377019,
        0.37173662,
        0,
        0.040640038,
        -0.9990416,
        -0.016254772,
        0,
        -2.2808788,
        1.5368669,
        -8.980284,
        1
      ]
    },
    {
      "center" : [
        -0.08423069,
        0,
        -0.07500017
      ],
      "classification" : "Wall",
      "extent" : [
        0.63153857,
        0,
        1.6500003
      ],
      "alignment" : "vertical",
      "uuid" : "7BC748C4-CB56-4FBA-B945-89939AC9D2E2",
      "transform" : [
        -0.35628015,
        -0.00015422571,
        0.9343793,
        0,
        -0.9341606,
        0.02168957,
        -0.3561932,
        0,
        -0.020211346,
        -0.99976474,
        -0.007871634,
        0,
        -0.3661748,
        2.7108836,
        -5.425067,
        1
      ]
    },
    {
      "center" : [
        0.12499985,
        0,
        1.4901161e-08
      ],
      "classification" : "Wall",
      "extent" : [
        1.5500004,
        0,
        0.49999997
      ],
      "alignment" : "vertical",
      "uuid" : "F64A45C6-6EBB-4794-B37D-A5EDCDAA4931",
      "transform" : [
        0.5641343,
        -0.00033048802,
        0.82568306,
        0,
        -0.8251651,
        -0.03564164,
        0.5637662,
        0,
        0.029242378,
        -0.9993646,
        -0.02037938,
        0,
        -0.69069487,
        1.5499619,
        -6.737312,
        1
      ]
    },
    {
      "center" : [
        -0.046257317,
        0,
        0.049999803
      ],
      "classification" : "",
      "extent" : [
        1.6074859,
        0,
        1.8000004
      ],
      "alignment" : "vertical",
      "uuid" : "A3B074A6-D185-4CD0-B6BB-3F89873889CD",
      "transform" : [
        0.9898946,
        -0.0010201543,
        -0.14180157,
        0,
        0.14178185,
        0.025289014,
        0.9895749,
        0,
        0.0025765034,
        -0.99967974,
        0.0251781,
        0,
        4.004431,
        0.43299055,
        -4.74,
        1
      ]
    },
    {
      "center" : [
        0.09752482,
        0,
        0.10000169
      ],
      "classification" : "Wall",
      "extent" : [
        0.90495074,
        0,
        3.7999966
      ],
      "alignment" : "vertical",
      "uuid" : "57A534E8-67A2-49B1-9605-D0A972F72AD9",
      "transform" : [
        0.41053873,
        -0.00029230036,
        -0.9118431,
        0,
        0.9118078,
        0.008948624,
        0.41051993,
        0,
        0.008039747,
        -0.99996,
        0.003940279,
        0,
        0.027824368,
        0.8376839,
        -5.386165,
        1
      ]
    },
    {
      "center" : [
        0.049999923,
        0,
        -0.025000215
      ],
      "classification" : "Wall",
      "extent" : [
        1.7000005,
        0,
        1.3500001
      ],
      "alignment" : "vertical",
      "uuid" : "C0817BE3-E827-4E46-B2EC-97A330A83238",
      "transform" : [
        0.55276203,
        0.00033969822,
        0.8333391,
        0,
        -0.833335,
        0.0034191876,
        0.5527578,
        0,
        -0.0026615718,
        -0.99999416,
        0.0021730792,
        0,
        -0.64376205,
        3.2404716,
        -6.672062,
        1
      ]
    },
    {
      "center" : [
        -0.34999996,
        0,
        0.7250007
      ],
      "classification" : "",
      "extent" : [
        1.3000001,
        0,
        2.1499982
      ],
      "alignment" : "vertical",
      "uuid" : "9B1AB7FD-DECD-406F-BDD0-D2FB795B4EAC",
      "transform" : [
        0.41607738,
        -0.0005451496,
        0.9093291,
        0,
        -0.90820575,
        -0.04994342,
        0.41553342,
        0,
        0.04518847,
        -0.9987519,
        -0.021275435,
        0,
        -1.0191088,
        1.0489076,
        -10.74088,
        1
      ]
    },
    {
      "center" : [
        -0.041620195,
        0,
        -0.05000025
      ],
      "classification" : "Wall",
      "extent" : [
        0.41675958,
        0,
        1.9000005
      ],
      "alignment" : "vertical",
      "uuid" : "EDB6270E-B356-4800-8535-89E0956145D1",
      "transform" : [
        0.87538755,
        0.00018182085,
        0.48342195,
        0,
        -0.48342,
        -0.002507974,
        0.875385,
        0,
        0.0013715727,
        -0.99999684,
        -0.0021075532,
        0,
        -0.2733685,
        -0.24267897,
        -5.080408,
        1
      ]
    },
    {
      "center" : [
        -1.9171743,
        0,
        0.1500014
      ],
      "classification" : "",
      "extent" : [
        4.6656504,
        0,
        2.8999972
      ],
      "alignment" : "vertical",
      "uuid" : "B2B9C377-56E2-4803-A5C7-0E7CBBCF5EDB",
      "transform" : [
        0.36580852,
        0.00040343127,
        0.93069,
        0,
        -0.930379,
        -0.025697792,
        0.3656974,
        0,
        0.024064213,
        -0.9996697,
        -0.009025129,
        0,
        -1.6451094,
        0.30083784,
        -7.5779357,
        1
      ]
    },
    {
      "center" : [
        -0.20000029,
        0,
        0.049999863
      ],
      "classification" : "Wall",
      "extent" : [
        1.6000004,
        0,
        1.4000003
      ],
      "alignment" : "vertical",
      "uuid" : "4BF0583C-88A9-49B4-905C-931143D45C5E",
      "transform" : [
        0.98934555,
        0.00024492346,
        -0.14558688,
        0,
        0.14558694,
        -0.0030777028,
        0.9893407,
        0,
        -0.00020576036,
        -0.99999523,
        -0.003080569,
        0,
        4.169101,
        3.2964709,
        -4.6585197,
        1
      ]
    },
    {
      "center" : [
        0.031927377,
        0,
        0.575001
      ],
      "classification" : "Wall",
      "extent" : [
        0.8843806,
        0,
        3.7499962
      ],
      "alignment" : "vertical",
      "uuid" : "48008D14-45D2-406F-AAA3-1BE4F77DFB85",
      "transform" : [
        -0.38733453,
        -0.00033352742,
        0.9219392,
        0,
        -0.92186517,
        0.012826853,
        -0.3872988,
        0,
        -0.011696404,
        -0.9999177,
        -0.00527575,
        0,
        2.6404507,
        1.2873628,
        -4.3620853,
        1
      ]
    }
  ],
  "keyframeAnchors" : [
    {
      "keyframeTimestamp" : 306962.536872541,
      "transform" : [
        0.17305961,
        -0.95945567,
        -0.2224755,
        0,
        0.70157105,
        -0.038450312,
        0.7115614,
        0,
        -0.6912659,
        -0.2792249,
        0.66647214,
        0,
        -0.61550885,
        0.27270982,
        -2.3227177,
        1
      ],
      "uuid" : "48F5B2A6-41C6-4B06-A635-8E083F76AD98"
    },
    {
      "keyframeTimestamp" : 306964.43618375,
      "transform" : [
        -0.30133152,
        -0.9496985,
        0.08527605,
        0,
        0.23051769,
        0.014223759,
        0.9729641,
        0,
        -0.9252356,
        0.3128424,
        0.21463619,
        0,
        -0.22776707,
        0.12364478,
        -2.5869927,
        0.99999994
      ],
      "uuid" : "6F52F6A7-9C0A-4396-ADEC-3557B42C5EDD"
    },
    {
      "keyframeTimestamp" : 306984.062386958,
      "transform" : [
        0.1232538,
        -0.98292005,
        0.1366628,
        0,
        0.99237055,
        0.12250035,
        -0.013942252,
        0,
        -0.0030370725,
        0.13733855,
        0.9905196,
        0,
        -2.845662,
        0.20163123,
        -5.8175573,
        1
      ],
      "uuid" : "F32AD230-858B-4B55-905A-6BE3DC676884"
    },
    {
      "keyframeTimestamp" : 306985.99501725,
      "transform" : [
        0.050483443,
        -0.9986022,
        -0.015652018,
        0,
        0.994315,
        0.051725466,
        -0.0930691,
        0,
        0.09374864,
        -0.01086459,
        0.99553657,
        0,
        -3.159112,
        0.25629184,
        -7.0865936,
        0.9999999
      ],
      "uuid" : "3DDFFE88-427D-4870-B733-91272E4CE4D4"
    },
    {
      "keyframeTimestamp" : 306974.515856791,
      "transform" : [
        0.24694198,
        -0.9484337,
        0.19872874,
        0,
        0.6668873,
        0.017543761,
        -0.7449519,
        0,
        0.70305115,
        0.3164896,
        0.63683075,
        0,
        1.5481379,
        0.23025072,
        -2.4656084,
        0.9999999
      ],
      "uuid" : "83F0D3CC-2662-4205-9021-B094278B4C52"
    },
    {
      "keyframeTimestamp" : 306986.644780833,
      "transform" : [
        0.048939046,
        -0.98977214,
        0.13400058,
        0,
        0.997805,
        0.042456027,
        -0.050819427,
        0,
        0.044610586,
        0.13619351,
        0.9896773,
        0,
        -3.2201862,
        0.1867506,
        -7.436089,
        0.99999994
      ],
      "uuid" : "FA89DC60-A7EC-4C8B-B373-2DF9A31F0463"
    },
    {
      "keyframeTimestamp" : 306979.514040458,
      "transform" : [
        -0.008595303,
        -0.9454679,
        0.32560208,
        0,
        0.9688172,
        0.07276028,
        0.23685288,
        0,
        -0.24762769,
        0.3174847,
        0.91536015,
        0,
        -1.3398714,
        0.12162674,
        -4.03857,
        1
      ],
      "uuid" : "7FD67F6D-B160-493B-B1D0-1C4B16638462"
    },
    {
      "keyframeTimestamp" : 306958.92151675,
      "transform" : [
        0.06774087,
        -0.9483728,
        0.30983928,
        0,
        0.99750704,
        0.07053243,
        -0.0021978638,
        0,
        -0.019769313,
        0.30921572,
        0.9507865,
        0,
        -0.20116213,
        0.14041027,
        -0.9718116,
        0.99999994
      ],
      "uuid" : "9CA5A0F6-71F5-4AF9-899A-0C8B3B116B74"
    },
    {
      "keyframeTimestamp" : 306955.522748708,
      "transform" : [
        -0.07899677,
        -0.9961145,
        0.038929053,
        0,
        0.79201674,
        -0.03900068,
        0.6092524,
        0,
        -0.6053669,
        0.078961425,
        0.7920203,
        0,
        0.035660204,
        0.20506042,
        -0.46287757,
        1
      ],
      "uuid" : "100E9418-B4E9-4D17-8B32-9BDAC662CB76"
    },
    {
      "keyframeTimestamp" : 306982.346344208,
      "transform" : [
        0.040233504,
        -0.99897563,
        0.020707972,
        0,
        0.99901474,
        0.039829478,
        -0.01956678,
        0,
        0.01872195,
        0.02147481,
        0.99959403,
        0,
        -2.206613,
        0.23830406,
        -4.948516,
        0.99999994
      ],
      "uuid" : "62EA41D7-BE82-4427-81C8-2EFD943BE945"
    },
    {
      "keyframeTimestamp" : 306953.690079,
      "transform" : [
        -0.1752706,
        -0.8593412,
        0.48043007,
        0,
        0.90140873,
        0.05616329,
        0.42931098,
        0,
        -0.39590713,
        0.5083095,
        0.76477396,
        0,
        0.066626206,
        0.08705315,
        -0.37020004,
        1
      ],
      "uuid" : "D01482D6-7E10-4EB2-BB35-F4A9D7D1B832"
    },
    {
      "keyframeTimestamp" : 306970.00082975,
      "transform" : [
        -0.20991807,
        -0.96241224,
        0.17232871,
        0,
        0.58249754,
        0.018455183,
        0.81262285,
        0,
        -0.7852586,
        0.27096528,
        0.5567287,
        0,
        2.5182655,
        0.2881753,
        -1.9821583,
        0.99999994
      ],
      "uuid" : "8A4A0D49-8492-4B84-A556-6AE5A6E763FC"
    },
    {
      "keyframeTimestamp" : 306981.396689458,
      "transform" : [
        0.062342092,
        -0.84081453,
        -0.53772146,
        0,
        0.9862527,
        -0.0307103,
        0.16236421,
        0,
        -0.1530318,
        -0.54045135,
        0.82734126,
        0,
        -1.848891,
        0.4238017,
        -4.53563,
        0.9999999
      ],
      "uuid" : "4E2B09DD-D9C5-4720-9145-3CCFD5EA894B"
    },
    {
      "keyframeTimestamp" : 306983.545908083,
      "transform" : [
        0.0725113,
        -0.99012846,
        0.119948685,
        0,
        0.9972632,
        0.070237905,
        -0.023078922,
        0,
        0.0144261755,
        0.121293895,
        0.99251175,
        0,
        -2.665503,
        0.20381509,
        -5.5438123,
        0.99999994
      ],
      "uuid" : "5508E14B-58C6-4138-837C-0FE083BD1001"
    },
    {
      "keyframeTimestamp" : 306981.696580416,
      "transform" : [
        0.015824208,
        -0.91217154,
        -0.40950283,
        0,
        0.9954193,
        -0.024248179,
        0.09247856,
        0,
        -0.094285995,
        -0.40909046,
        0.9076095,
        0,
        -1.9697324,
        0.3792663,
        -4.651866,
        0.99999994
      ],
      "uuid" : "3CDFBC01-0F3B-4787-8283-E07CF66AA45B"
    },
    {
      "keyframeTimestamp" : 306960.870809916,
      "transform" : [
        -0.02043762,
        -0.99968106,
        0.0148359155,
        0,
        0.99081254,
        -0.018267622,
        0.13400285,
        0,
        -0.13368909,
        0.01743831,
        0.99086994,
        0,
        -0.5307236,
        0.19006442,
        -1.7149944,
        1
      ],
      "uuid" : "7FFAC6EF-F20A-407C-B955-73F46EC8390D"
    },
    {
      "keyframeTimestamp" : 306975.165620875,
      "transform" : [
        0.24760005,
        -0.9387454,
        0.23969032,
        0,
        0.73657644,
        0.021671552,
        -0.6760069,
        0,
        0.6294039,
        0.3439296,
        0.6968237,
        0,
        1.1515788,
        0.21279608,
        -2.6633623,
        0.99999994
      ],
      "uuid" : "C19E59D9-37C0-4DC3-B458-2C9BC6536FBB"
    },
    {
      "keyframeTimestamp" : 306958.205109791,
      "transform" : [
        0.0040626214,
        -0.9959586,
        -0.08972171,
        0,
        0.9971108,
        -0.0027710383,
        0.075909406,
        0,
        -0.07585127,
        -0.0897709,
        0.9930699,
        0,
        -0.039946448,
        0.2733504,
        -0.6833268,
        0.99999994
      ],
      "uuid" : "7A675A71-F392-49E0-9948-A8F9CACB9131"
    },
    {
      "keyframeTimestamp" : 306973.316292291,
      "transform" : [
        -0.13168287,
        -0.95764196,
        -0.25608897,
        0,
        0.8592403,
        0.018560706,
        -0.51123536,
        0,
        0.49433368,
        -0.2873629,
        0.8204005,
        0,
        1.9871893,
        0.4365894,
        -2.0289252,
        1
      ],
      "uuid" : "025124BB-CEB8-427B-86EB-D77C32D34FB5"
    },
    {
      "keyframeTimestamp" : 306981.9464895,
      "transform" : [
        0.032784358,
        -0.9782537,
        -0.20480436,
        0,
        0.99787575,
        0.020496301,
        0.06183528,
        0,
        -0.056292854,
        -0.20639656,
        0.97684765,
        0,
        -2.0730639,
        0.32885638,
        -4.7629094,
        0.9999999
      ],
      "uuid" : "8CA7D7E0-BE66-4903-A108-28687BD65DC1"
    },
    {
      "keyframeTimestamp" : 306960.63756125,
      "transform" : [
        0.013621085,
        -0.98930776,
        0.14520569,
        0,
        0.9981179,
        0.022136312,
        0.05718909,
        0,
        -0.059791885,
        0.14415343,
        0.98774725,
        0,
        -0.47097644,
        0.14594711,
        -1.6373614,
        0.99999994
      ],
      "uuid" : "B529C3BC-52B4-4550-A4A4-7595AC967C60"
    },
    {
      "keyframeTimestamp" : 306968.0182165,
      "transform" : [
        -0.23796669,
        -0.9596237,
        0.14998111,
        0,
        0.51058966,
        0.007762253,
        0.8597894,
        0,
        -0.82623845,
        0.28118005,
        0.48812678,
        0,
        1.6173905,
        0.26367235,
        -2.125733,
        1
      ],
      "uuid" : "511C935A-D772-412A-A9CE-C19094A98266"
    },
    {
      "keyframeTimestamp" : 306952.890367833,
      "transform" : [
        -0.0964887,
        -0.80492234,
        0.5854826,
        0,
        0.9695757,
        0.05694478,
        0.2380758,
        0,
        -0.22497271,
        0.5906414,
        0.7749387,
        0,
        0.05353114,
        0.059727766,
        -0.2664816,
        0.99999994
      ],
      "uuid" : "006358C3-8CD0-4245-9856-E1ECF3031E4E"
    },
    {
      "keyframeTimestamp" : 306976.115275791,
      "transform" : [
        0.34166685,
        -0.8881128,
        0.3074401,
        0,
        0.7652132,
        0.07296426,
        -0.6396286,
        0,
        0.5456303,
        0.45379713,
        0.7045252,
        0,
        0.54382694,
        0.1670885,
        -2.995052,
        0.99999994
      ],
      "uuid" : "8D7B9CA3-A6A1-49CE-BE45-190425EDC251"
    },
    {
      "keyframeTimestamp" : 306972.4332795,
      "transform" : [
        -0.093116835,
        -0.8280821,
        -0.5528195,
        0,
        0.9942379,
        -0.047719385,
        -0.09598923,
        0,
        0.053106774,
        -0.55857223,
        0.827754,
        0,
        2.3439157,
        0.5267277,
        -1.8693786,
        1
      ],
      "uuid" : "EA2B885B-2DE6-40DD-9647-13CE33EAE8BD"
    },
    {
      "keyframeTimestamp" : 306962.153678166,
      "transform" : [
        0.1539849,
        -0.9335137,
        -0.32379147,
        0,
        0.8452748,
        -0.045239158,
        0.53241336,
        0,
        -0.5116632,
        -0.3556764,
        0.78210944,
        0,
        -0.65585375,
        0.29363218,
        -2.200141,
        1
      ],
      "uuid" : "BE9F7FFA-4972-4B33-9159-02AD172EC5E0"
    },
    {
      "keyframeTimestamp" : 306965.002644875,
      "transform" : [
        -0.31531242,
        -0.9469805,
        0.061693918,
        0,
        0.09825383,
        0.032083917,
        0.994644,
        0,
        -0.9438879,
        0.31968528,
        0.082927994,
        0,
        -0.015885305,
        0.12727834,
        -2.5027387,
        1
      ],
      "uuid" : "CE6BFFDE-7C76-40B0-9EF5-5B8430BE4AB5"
    },
    {
      "keyframeTimestamp" : 306985.695126375,
      "transform" : [
        0.030959172,
        -0.98790467,
        -0.15194045,
        0,
        0.99951553,
        0.031077404,
        0.0015970825,
        0,
        0.003144152,
        -0.1519163,
        0.98838836,
        0,
        -3.1190681,
        0.30057514,
        -6.880344,
        0.99999994
      ],
      "uuid" : "C50A60CA-08C0-4B95-8EC2-5EC88C3242D7"
    },
    {
      "keyframeTimestamp" : 306966.535421708,
      "transform" : [
        -0.3012307,
        -0.95087683,
        0.07136735,
        0,
        0.2008679,
        0.009887309,
        0.9795683,
        0,
        -0.9321546,
        0.30941153,
        0.18802229,
        0,
        0.7410127,
        0.1880807,
        -2.3581524,
        0.9999999
      ],
      "uuid" : "68557301-FC60-4DBB-B8B2-8CC872AD1992"
    },
    {
      "keyframeTimestamp" : 306955.106233,
      "transform" : [
        -0.13187705,
        -0.98006713,
        0.14858258,
        0,
        0.7751394,
        -0.008528669,
        0.63173246,
        0,
        -0.6178731,
        0.19848324,
        0.7608135,
        0,
        0.028297307,
        0.16244192,
        -0.45574385,
        0.9999999
      ],
      "uuid" : "B12CF743-6E64-4759-82D1-443CA82D89C4"
    },
    {
      "keyframeTimestamp" : 306955.922603916,
      "transform" : [
        -0.027472833,
        -0.99554867,
        -0.090156525,
        0,
        0.8074847,
        -0.07526654,
        0.58506703,
        0,
        -0.5892485,
        -0.05672657,
        0.8059581,
        0,
        0.049222928,
        0.24358703,
        -0.47012258,
        1
      ],
      "uuid" : "D2DE7801-B3A6-441B-A8BB-C37A46C18387"
    },
    {
      "keyframeTimestamp" : 306965.968960666,
      "transform" : [
        -0.33678824,
        -0.9406717,
        0.04135855,
        0,
        0.06586169,
        0.020282084,
        0.9976226,
        0,
        -0.93927425,
        0.3387115,
        0.05512346,
        0,
        0.44819355,
        0.1760416,
        -2.3980076,
        1
      ],
      "uuid" : "04AC71F7-930A-4D02-9404-CA025B79804D"
    },
    {
      "keyframeTimestamp" : 306984.545544458,
      "transform" : [
        0.06257842,
        -0.9917116,
        -0.11221456,
        0,
        0.9975093,
        0.06581469,
        -0.025367789,
        0,
        0.032542884,
        -0.11034759,
        0.99336016,
        0,
        -2.9407895,
        0.27657032,
        -6.1280203,
        1
      ],
      "uuid" : "4FDEC68A-C509-4272-A6F0-944586F36C85"
    },
    {
      "keyframeTimestamp" : 306982.013132,
      "transform" : [
        0.04039321,
        -0.98722225,
        -0.15414497,
        0,
        0.99834406,
        0.033552423,
        0.046726312,
        0,
        -0.04095729,
        -0.15577717,
        0.98694277,
        0,
        -2.096881,
        0.31367058,
        -4.79066,
        1
      ],
      "uuid" : "A8A93360-1693-4F33-B9A9-516F503CA834"
    },
    {
      "keyframeTimestamp" : 306976.848342666,
      "transform" : [
        0.27974594,
        -0.91048485,
        0.30456463,
        0,
        0.83484143,
        0.0740339,
        -0.5454894,
        0,
        0.4741118,
        0.40686166,
        0.7808212,
        0,
        0.023233842,
        0.18072057,
        -3.2510588,
        1
      ],
      "uuid" : "01C2552C-6BA9-4F3C-8152-878129A65DBC"
    },
    {
      "keyframeTimestamp" : 306961.770483791,
      "transform" : [
        0.075054094,
        -0.93507326,
        -0.3464175,
        0,
        0.93799347,
        -0.051700052,
        0.34277597,
        0,
        -0.3384304,
        -0.35066408,
        0.8732123,
        0,
        -0.67034,
        0.28287327,
        -2.07637,
        1
      ],
      "uuid" : "5D9331C5-B8FE-4D95-B741-4E18794A2F78"
    },
    {
      "keyframeTimestamp" : 306980.263767958,
      "transform" : [
        0.039966196,
        -0.9849487,
        -0.16816263,
        0,
        0.9599253,
        -0.008873916,
        0.28011525,
        0,
        -0.27739143,
        -0.1726187,
        0.94512266,
        0,
        -1.6321701,
        0.25608853,
        -4.229772,
        0.9999999
      ],
      "uuid" : "7C3E4364-0926-41A7-B854-7833C8851782"
    },
    {
      "keyframeTimestamp" : 306954.32318325,
      "transform" : [
        -0.20577218,
        -0.9163462,
        0.34346402,
        0,
        0.8240004,
        0.02709028,
        0.5659412,
        0,
        -0.5279026,
        0.39946944,
        0.7494952,
        0,
        0.039928474,
        0.117712565,
        -0.44134367,
        0.99999994
      ],
      "uuid" : "9B4C20B5-A2DE-418A-8F4C-B2F442C9AD65"
    },
    {
      "keyframeTimestamp" : 306967.33513125,
      "transform" : [
        -0.218367,
        -0.96768177,
        0.1261272,
        0,
        0.4804442,
        0.005891489,
        0.8770055,
        0,
        -0.8494053,
        0.25210613,
        0.46363056,
        0,
        1.2126839,
        0.26360285,
        -2.2332592,
        1
      ],
      "uuid" : "C2F00327-4DA7-4273-AECC-C1C25D8AD06E"
    },
    {
      "keyframeTimestamp" : 306963.75309825,
      "transform" : [
        -0.17858794,
        -0.98223376,
        0.057648145,
        0,
        0.3368615,
        -0.0059880354,
        0.9415352,
        0,
        -0.92446244,
        0.18756628,
        0.3319461,
        0,
        -0.47876447,
        0.13910733,
        -2.611757,
        0.99999994
      ],
      "uuid" : "78403A3F-EFBF-4AA9-8D3E-A20B7773AE74"
    },
    {
      "keyframeTimestamp" : 306976.398506291,
      "transform" : [
        0.29099548,
        -0.90113133,
        0.3213783,
        0,
        0.80595267,
        0.049888287,
        -0.5898741,
        0,
        0.51552105,
        0.43066642,
        0.7407865,
        0,
        0.32206166,
        0.16335408,
        -3.1004906,
        1
      ],
      "uuid" : "437FD84A-47A0-43CF-BD9D-15D0CE440859"
    },
    {
      "keyframeTimestamp" : 306971.500285041,
      "transform" : [
        0.19037038,
        -0.87161314,
        -0.45171875,
        0,
        0.8216072,
        -0.110392906,
        0.55926293,
        0,
        -0.53732747,
        -0.47760248,
        0.695108,
        0,
        2.5723448,
        0.49768567,
        -1.8387692,
        1
      ],
      "uuid" : "A33498A5-B9AB-43D9-B78D-99E628311955"
    },
    {
      "keyframeTimestamp" : 306958.505001041,
      "transform" : [
        0.018087085,
        -0.99660015,
        0.080380715,
        0,
        0.9989402,
        0.021415398,
        0.040739533,
        0,
        -0.042322375,
        0.07955868,
        0.9959314,
        0,
        -0.10272284,
        0.21221805,
        -0.80554545,
        0.99999994
      ],
      "uuid" : "1227832D-D044-43D8-9907-0001818108F4"
    },
    {
      "keyframeTimestamp" : 306972.783152416,
      "transform" : [
        -0.16833945,
        -0.86496717,
        -0.47275105,
        0,
        0.9489639,
        -0.012446536,
        -0.31513885,
        0,
        0.26670069,
        -0.501674,
        0.82291794,
        0,
        2.1803555,
        0.5098068,
        -1.9283221,
        0.9999999
      ],
      "uuid" : "0B450EEF-8394-4379-9558-B47717136603"
    },
    {
      "keyframeTimestamp" : 306971.833497333,
      "transform" : [
        0.105046295,
        -0.8397714,
        -0.5326814,
        0,
        0.9393783,
        -0.09201262,
        0.33030587,
        0,
        -0.32639483,
        -0.53508675,
        0.7791975,
        0,
        2.5158374,
        0.51783794,
        -1.8448628,
        0.99999994
      ],
      "uuid" : "11EB7D5D-D13F-4123-9227-889081C0547D"
    },
    {
      "keyframeTimestamp" : 306974.149323166,
      "transform" : [
        0.12031087,
        -0.9885305,
        0.091283165,
        0,
        0.7060658,
        0.020568775,
        -0.70784724,
        0,
        0.69785106,
        0.14961366,
        0.7004424,
        0,
        1.715667,
        0.30373743,
        -2.345578,
        0.99999994
      ],
      "uuid" : "7B55113E-5306-4372-B2F5-148B200A0124"
    },
    {
      "keyframeTimestamp" : 306970.967145375,
      "transform" : [
        0.16384009,
        -0.96581256,
        -0.20090444,
        0,
        0.6068304,
        -0.061893072,
        0.79241776,
        0,
        -0.77776164,
        -0.25174478,
        0.5759439,
        0,
        2.6026282,
        0.42945364,
        -1.8508853,
        0.9999999
      ],
      "uuid" : "B619C78C-4DA5-487C-849E-6FC55763B0AD"
    },
    {
      "keyframeTimestamp" : 306963.269940083,
      "transform" : [
        0.0008655852,
        -0.99771297,
        -0.06758848,
        0,
        0.42200884,
        -0.060910728,
        0.9045432,
        0,
        -0.90659136,
        -0.029305905,
        0.420991,
        0,
        -0.5323115,
        0.20543437,
        -2.5425255,
        1
      ],
      "uuid" : "3CF9BC0E-0D2E-4AB7-B4DA-6395450981AA"
    },
    {
      "keyframeTimestamp" : 306956.922241791,
      "transform" : [
        0.036339417,
        -0.9502312,
        -0.30941907,
        0,
        0.9193743,
        -0.08957153,
        0.3830507,
        0,
        -0.39170188,
        -0.2983918,
        0.87036324,
        0,
        0.041603986,
        0.3293779,
        -0.5333012,
        1
      ],
      "uuid" : "646A238A-2919-4066-80F2-56E9CF282ABA"
    },
    {
      "keyframeTimestamp" : 306956.555708041,
      "transform" : [
        0.019673767,
        -0.9733466,
        -0.2284935,
        0,
        0.865508,
        -0.097826816,
        0.49124902,
        0,
        -0.5005084,
        -0.20742768,
        0.8405148,
        0,
        0.05786804,
        0.29719055,
        -0.49969143,
        0.9999999
      ],
      "uuid" : "4371AFBA-D735-4978-AB57-1CF321279040"
    },
    {
      "keyframeTimestamp" : 306961.120719333,
      "transform" : [
        0.0061215055,
        -0.992485,
        -0.1222128,
        0,
        0.981641,
        -0.017335257,
        0.18994825,
        0,
        -0.19063938,
        -0.121131875,
        0.97415787,
        0,
        -0.5909708,
        0.2242836,
        -1.7994255,
        0.9999999
      ],
      "uuid" : "7E8B5299-1244-4BF4-B2C7-466A58DFC3A0"
    },
    {
      "keyframeTimestamp" : 306973.74946825,
      "transform" : [
        -0.024673404,
        -0.9992526,
        -0.029758006,
        0,
        0.78090966,
        -0.0006800607,
        -0.6246437,
        0,
        0.6241566,
        -0.038650397,
        0.7803428,
        0,
        1.8506961,
        0.35390297,
        -2.198319,
        1
      ],
      "uuid" : "64EB347A-1E20-44CD-9C73-76A380BC3AB1"
    },
    {
      "keyframeTimestamp" : 306980.663622583,
      "transform" : [
        0.10086613,
        -0.90165114,
        -0.4205368,
        0,
        0.9688517,
        -0.007070793,
        0.2475401,
        0,
        -0.22616835,
        -0.43240628,
        0.8728531,
        0,
        -1.7160754,
        0.3460443,
        -4.3278704,
        0.9999999
      ],
      "uuid" : "F9929624-F523-4A68-A2DA-BBD3ACC7879C"
    },
    {
      "keyframeTimestamp" : 306971.300357708,
      "transform" : [
        0.20904435,
        -0.9067522,
        -0.36619803,
        0,
        0.7335638,
        -0.10222934,
        0.67188793,
        0,
        -0.64667207,
        -0.40908402,
        0.6437902,
        0,
        2.59116,
        0.47697437,
        -1.8386801,
        1
      ],
      "uuid" : "C6C1A2CB-A53B-4949-BB72-4D9AB0864C2A"
    },
    {
      "keyframeTimestamp" : 306984.328956625,
      "transform" : [
        0.0760061,
        -0.9971017,
        -0.003359326,
        0,
        0.9969789,
        0.07604995,
        -0.015798684,
        0,
        0.01600841,
        -0.00214838,
        0.9998696,
        0,
        -2.8989668,
        0.22940037,
        -5.988616,
        1
      ],
      "uuid" : "6985B341-D2C5-4BF9-80B3-0E6887FDD37B"
    },
    {
      "keyframeTimestamp" : 306979.78061025,
      "transform" : [
        -0.031912792,
        -0.98454326,
        0.17220995,
        0,
        0.95131195,
        0.022928549,
        0.3073758,
        0,
        -0.30657327,
        0.1736346,
        0.935876,
        0,
        -1.4489348,
        0.15412956,
        -4.1187296,
        0.9999999
      ],
      "uuid" : "70893CBF-72B2-490B-8B8A-7AC750434396"
    },
    {
      "keyframeTimestamp" : 306960.387651833,
      "transform" : [
        0.08185651,
        -0.94644415,
        0.31231907,
        0,
        0.99642545,
        0.0711516,
        -0.04553958,
        0,
        0.020878712,
        0.31493035,
        0.94888526,
        0,
        -0.41449553,
        0.107538454,
        -1.5582554,
        1
      ],
      "uuid" : "E8CB4363-EE3E-48BE-BF19-6EAACE6C2BB7"
    },
    {
      "keyframeTimestamp" : 306973.03306175,
      "transform" : [
        -0.17240088,
        -0.9102793,
        -0.37639034,
        0,
        0.9060317,
        0.0033904903,
        -0.42319614,
        0,
        0.38650283,
        -0.413981,
        0.82415736,
        0,
        2.0763533,
        0.48105863,
        -1.9718367,
        0.99999994
      ],
      "uuid" : "5AC7D853-7623-4B5C-A33C-B58979CB4895"
    },
    {
      "keyframeTimestamp" : 306975.765402916,
      "transform" : [
        0.25775543,
        -0.9237605,
        0.2832468,
        0,
        0.7500355,
        0.0064909337,
        -0.66136557,
        0,
        0.6091049,
        0.38291574,
        0.6945263,
        0,
        0.7736036,
        0.18870506,
        -2.872232,
        1
      ],
      "uuid" : "F5732F71-6B4B-4F1A-9274-5B557173E070"
    },
    {
      "keyframeTimestamp" : 306959.554620458,
      "transform" : [
        0.112742946,
        -0.8794047,
        0.46253276,
        0,
        0.9928798,
        0.081693,
        -0.086694345,
        0,
        0.03845375,
        0.46901363,
        0.88235337,
        0,
        -0.28782663,
        0.07112813,
        -1.2178279,
        0.99999994
      ],
      "uuid" : "AEB67CF3-94D6-411F-A25B-BE0CC474B302"
    },
    {
      "keyframeTimestamp" : 306970.284060208,
      "transform" : [
        -0.09993685,
        -0.9920099,
        0.07699979,
        0,
        0.5589989,
        0.008042453,
        0.8291294,
        0,
        -0.82312375,
        0.12590338,
        0.5537287,
        0,
        2.5720532,
        0.3357439,
        -1.9382116,
        1
      ],
      "uuid" : "9866DD60-F604-4177-AC3A-1F89E16E6CED"
    },
    {
      "keyframeTimestamp" : 306968.951210958,
      "transform" : [
        -0.31875172,
        -0.91786474,
        0.23647776,
        0,
        0.62242335,
        -0.014537933,
        0.7825457,
        0,
        -0.71483326,
        0.3966271,
        0.5759344,
        0,
        2.0754793,
        0.2325801,
        -1.9816818,
        0.9999999
      ],
      "uuid" : "537AA8C6-1269-4071-868D-45D2233C8678"
    },
    {
      "keyframeTimestamp" : 306978.331137125,
      "transform" : [
        0.10898976,
        -0.9435058,
        0.3129187,
        0,
        0.9821021,
        0.05356003,
        -0.18057358,
        0,
        0.1536123,
        0.32699877,
        0.9324566,
        0,
        -0.8362038,
        0.15548046,
        -3.6379137,
        1
      ],
      "uuid" : "A4688544-3F4C-45B1-99CC-70322646EFCE"
    },
    {
      "keyframeTimestamp" : 306966.752009666,
      "transform" : [
        -0.26632053,
        -0.95751166,
        0.11065612,
        0,
        0.31148937,
        0.023147197,
        0.9499676,
        0,
        -0.9121665,
        0.2874641,
        0.29209018,
        0,
        0.8930439,
        0.21977949,
        -2.325024,
        0.99999994
      ],
      "uuid" : "39EB299A-8419-41E6-96EF-1C38147FE04E"
    },
    {
      "keyframeTimestamp" : 306982.879483708,
      "transform" : [
        0.076835744,
        -0.9859887,
        0.14806297,
        0,
        0.99631286,
        0.070243105,
        -0.04925964,
        0,
        0.038169093,
        0.15130195,
        0.9877504,
        0,
        -2.3976567,
        0.20786628,
        -5.2341757,
        0.99999994
      ],
      "uuid" : "B8A36F61-2F11-4BFF-B62A-A55B0C9ED294"
    },
    {
      "keyframeTimestamp" : 306960.054439333,
      "transform" : [
        0.10774218,
        -0.9008122,
        0.42062947,
        0,
        0.99316436,
        0.07841601,
        -0.086459905,
        0,
        0.04490009,
        0.4270696,
        0.9031033,
