[{"name":"306951707461.jpg","transform":[-0.149895578622818,-0.6934725046157837,0.7047178149223328,0.0,0.9554869532585144,0.081593357026577,0.28352630138397217,0.0,-0.2541179955005646,0.7158480286598206,0.6503734588623047,0.0,0.02278544194996357,0.022532086819410324,-0.11535142362117767,1.0],"params":{"w":1024,"h":768,"cx":517.044074262297,"cy":386.342023042265,"fx":714.5044673378175,"fy":714.5044673378175}},{"name":"306952890367.jpg","transform":[-0.09979210793972015,-0.8069696426391602,0.5821009874343872,0.0,0.9692744612693788,0.053350210189819336,0.24012663960456848,0.0,-0.2248301208019257,0.5881783366203308,0.7768511176109314,0.0,0.06618911027908325,0.06588297337293625,-0.24195311963558197,1.0],"params":{"w":1024,"h":768,"cx":517.044074262297,"cy":386.342023042265,"fx":714.5044673378175,"fy":714.5044673378175}},{"name":"306953690079.jpg","transform":[-0.17670299112796783,-0.8613107204437256,0.476361095905304,0.0,0.9004401564598083,0.05398193746805191,0.4316172897815704,0.0,-0.3974715173244476,0.5052027106285095,0.7660199999809265,0.0,0.07262445241212845,0.091111421585083,-0.34410884976387024,1.0],"params":{"w":1024,"h":768,"cx":517.044074262297,"cy":386.342023042265,"fx":714.5044673378175,"fy":714.5044673378175}},{"name":"306954323183.jpg","transform":[-0.20473814010620117,-0.9180170893669128,0.3395981192588806,0.0,0.8225948214530945,0.026661911979317665,0.5680025815963745,0.0,-0.5304903984069824,0.3956434428691864,0.7496973872184753,0.0,0.04124703630805016,0.1205553188920021,-0.42453479766845703,1.0],"params":{"w":1024,"h":768,"cx":517.044074262297,"cy":386.342023042265,"fx":714.5044673378175,"fy":714.5044673378175}},{"name":"306955106233.jpg","transform":[-0.12845835089683533,-0.9812324047088624,0.1438101977109909,0.0,0.7749843001365662,-0.00884281750768423,0.6319186091423035,0.0,-0.6187873482704163,0.19262586534023285,0.7615756392478943,0.0,0.027052901685237885,0.1630972921848297,-0.4410095512866974,1.0],"params":{"w":1024,"h":768,"cx":517.044074262297,"cy":386.342023042265,"fx":714.5044673378175,"fy":714.5044673378175}},{"name":"306955522748.jpg","transform":[-0.07403404265642166,-0.9967129230499268,0.032898083329200745,0.0,0.7922967672348022,-0.038752540946006775,0.6089040040969849,0.0,-0.6056275963783264,0.07114467024803162,0.7925614714622498,0.0,0.034799519926309586,0.1982133537530899,-0.4457464516162872,1.0],"params":{"w":1024,"h":768,"cx":517.044074262297,"cy":386.342023042265,"fx":714.5044673378175,"fy":714.5044673378175}},{"name":"306955922603.jpg","transform":[-0.02256515808403492,-0.995090126991272,-0.0963662639260292,0.0,0.808661699295044,-0.07484414428472519,0.5834934711456299,0.0,-0.5878410339355469,-0.06476107984781265,0.8063800930976868,0.0,0.045828815549612045,0.2382243275642395,-0.4427713453769684,1.0],"params":{"w":1024,"h":768,"cx":517.044074262297,"cy":386.342023042265,"fx":714.5044673378175,"fy":714.5044673378175}},{"name":"306956555708.jpg","transform":[0.023657770827412605,-0.9716190695762634,-0.23536494374275208,0.0,0.8672062158584595,-0.09718792885541916,0.48837271332740784,0.0,-0.4973868727684021,-0.21566374599933624,0.8402948379516602,0.0,0.055113039910793304,0.2851739227771759,-0.467378169298172,1.0],"params":{"w":1024,"h":768,"cx":517.044074262297,"cy":386.342023042265,"fx":714.5044673378175,"fy":714.5044673378175}},{"name":"306956922241.jpg","transform":[0.0389324352145195,-0.9479798078536988,-0.31594082713127136,0.0,0.9209171533584596,-0.08867067098617554,0.3795379996299744,0.0,-0.38780903816223145,-0.3057316541671753,0.8695586919784546,0.0,0.04306316748261452,0.3162557780742645,-0.4963957071304322,1.0],"params":{"w":1024,"h":768,"cx":517.044074262297,"cy":386.342023042265,"fx":714.5044673378175,"fy":714.5044673378175}},{"name":"306957721951.jpg","transform":[-0.00019841629546135664,-0.9560081958770752,-0.29333996772766113,0.0,0.9851315021514891,-0.05058324337005615,0.1641867309808731,0.0,-0.17180193960666656,-0.28894585371017456,0.941803812980652,0.0,0.011112206615507604,0.3214016258716583,-0.5593070387840271,1.0],"params":{"w":1024,"h":768,"cx":517.044074262297,"cy":386.342023042265,"fx":714.5044673378175,"fy":714.5044673378175}},{"name":"306958205109.jpg","transform":[0.006476284470409155,-0.995656669139862,-0.09287558495998384,0.0,0.997406244277954,-0.00022646141587756577,0.0719776302576065,0.0,-0.0716860368847847,-0.09310083091259004,0.9930726885795592,0.0,-0.026675274595618248,0.2660432457923889,-0.6601963043212891,1.0],"params":{"w":1024,"h":768,"cx":517.044074262297,"cy":386.342023042265,"fx":714.5044673378175,"fy":714.5044673378175}},{"name":"306958505001.jpg","transform":[0.020418988540768623,-0.9967426061630248,0.07802067697048187,0.0,0.999053418636322,0.023339711129665375,0.0367085300385952,0.0,-0.03840993717312813,0.07719727605581284,0.9962757229804992,0.0,-0.08622436970472336,0.21129240095615387,-0.7833907604217529,1.0],"params":{"w":1024,"h":768,"cx":517.044074262297,"cy":386.342023042265,"fx":714.5044673378175,"fy":714.5044673378175}},{"name":"306958921516.jpg","transform":[0.07116851955652237,-0.9488322138786316,0.3076563775539398,0.0,0.99733567237854,0.07264313846826553,-0.006672228686511517,0.0,-0.016018297523260117,0.3073115348815918,0.951474130153656,0.0,-0.191077783703804,0.1478077471256256,-0.9535293579101564,1.0],"params":{"w":1024,"h":768,"cx":517.044074262297,"cy":386.342023042265,"fx":714.5044673378175,"fy":714.5044673378175}},{"name":"306959554620.jpg","transform":[0.11357594281435011,-0.8813281059265137,0.4586516320705414,0.0,0.9927901029586792,0.08287017792463303,-0.08660443127155304,0.0,0.03831837698817253,0.4651809930801392,0.884385883808136,0.0,-0.2853076159954071,0.07885982096195221,-1.2093098163604736,1.0],"params":{"w":1024,"h":768,"cx":517.044074262297,"cy":386.342023042265,"fx":714.5044673378175,"fy":714.5044673378175}},{"name":"306960054439.jpg","transform":[0.10905395448207857,-0.9024218320846558,0.41682377457618713,0.0,0.9930378794670104,0.08011864870786667,-0.08635275810956955,0.0,0.044531259685754776,0.423338919878006,0.9048762917518616,0.0,-0.3531278669834137,0.09980093687772752,-1.4403076171875,1.0],"params":{"w":1024,"h":768,"cx":517.044074262297,"cy":386.342023042265,"fx":714.5044673378175,"fy":714.5044673378175}},{"name":"306960387651.jpg","transform":[0.08223133534193039,-0.9481929540634156,0.3068682849407196,0.0,0.9964334964752196,0.07237368822097778,-0.04338613897562027,0.0,0.018929243087768555,0.30934152007102966,0.9507625699043274,0.0,-0.4106078147888184,0.11679872125387192,-1.5542007684707642,1.0],"params":{"w":1024,"h":768,"cx":517.044074262297,"cy":386.342023042265,"fx":714.5044673378175,"fy":714.5044673378175}},{"name":"306960637561.jpg","transform":[0.014645985327661036,-0.9902583360671996,0.13847005367279053,0.0,0.9979218244552612,0.023167122155427933,0.060127705335617065,0.0,-0.06274991482496262,0.13730165362358093,0.988539695739746,0.0,-0.47005152702331543,0.1509970724582672,-1.6377383470535278,1.0],"params":{"w":1024,"h":768,"cx":517.044074262297,"cy":386.342023042265,"fx":714.5044673378175,"fy":714.5044673378175}},{"name":"306960870809.jpg","transform":[-0.017259715124964714,-0.9998241662979126,0.007328442763537168,0.0,0.990671157836914,-0.016109861433506012,0.13531847298145294,0.0,-0.1351766288280487,0.00959563534706831,0.9907750487327576,0.0,-0.5356274247169495,0.1890810579061508,-1.7192599773406982,1.0],"params":{"w":1024,"h":768,"cx":517.044074262297,"cy":386.342023042265,"fx":714.5044673378175,"fy":714.5044673378175}},{"name":"306961120719.jpg","transform":[0.010715591721236706,-0.9916384220123292,-0.12860165536403656,0.0,0.9814655780792236,-0.014179067686200142,0.19111333787441256,0.0,-0.19133879244327545,-0.12826599180698395,0.9731070399284364,0.0,-0.6006648540496826,0.22474586963653564,-1.8021847009658811,1.0],"params":{"w":1024,"h":768,"cx":517.044074262297,"cy":386.342023042265,"fx":714.5044673378175,"fy":714.5044673378175}},{"name":"306961437271.jpg","transform":[0.03676657751202583,-0.9643462896347046,-0.26207709312438965,0.0,0.9764248728752136,-0.021153373643755913,0.2148184031248093,0.0,-0.2127031534910202,-0.26379671692848206,0.9408340454101564,0.0,-0.6585656404495239,0.2484964430332184,-1.924939513206482,1.0],"params":{"w":1024,"h":768,"cx":517.044074262297,"cy":386.342023042265,"fx":714.5044673378175,"fy":714.5044673378175}},{"name":"306961770483.jpg","transform":[0.07868071645498276,-0.9334504008293152,-0.3499709963798523,0.0,0.937084972858429,-0.050520818680524826,0.3454263508319855,0.0,-0.3401191830635071,-0.3551309406757355,0.8707473278045654,0.0,-0.6832252144813538,0.279158353805542,-2.076977014541626,1.0],"params":{"w":1024,"h":768,"cx":517.044074262297,"cy":386.342023042265,"fx":714.5044673378175,"fy":714.5044673378175}},{"name":"306962153678.jpg","transform":[0.1576132774353027,-0.9322555661201476,-0.3256649374961853,0.0,0.8437403440475464,-0.04421782121062279,0.5349270701408386,0.0,-0.5130889415740967,-0.359088271856308,0.7796123027801514,0.0,-0.6673616766929626,0.2876538038253784,-2.210878610610962,1.0],"params":{"w":1024,"h":768,"cx":517.044074262297,"cy":386.342023042265,"fx":714.5044673378175,"fy":714.5044673378175}},{"name":"306962536872.jpg","transform":[0.17608635127544403,-0.9585496187210084,-0.22400052845478055,0.0,0.7002081274986267,-0.03797320649027824,0.7129282355308533,0.0,-0.6918830871582031,-0.28238391876220703,0.6644976139068604,0.0,-0.6251853108406067,0.26794201135635376,-2.3327107429504395,1.0],"params":{"w":1024,"h":768,"cx":517.044074262297,"cy":386.342023042265,"fx":714.5044673378175,"fy":714.5044673378175}},{"name":"306962870085.jpg","transform":[0.14953063428401947,-0.9775983095169068,-0.14812886714935303,0.0,0.5488629341125488,-0.042543500661849976,0.8348290324211121,0.0,-0.822429358959198,-0.20613496005535129,0.5302059054374695,0.0,-0.5925348401069641,0.24825593829154968,-2.4491524696350098,1.0],"params":{"w":1024,"h":768,"cx":517.044074262297,"cy":386.342023042265,"fx":714.5044673378175,"fy":714.5044673378175}},{"name":"306963269940.jpg","transform":[0.0016133669996634126,-0.9974304437637328,-0.07162342965602875,0.0,0.4225489795207978,-0.06423527747392654,0.904060959815979,0.0,-0.906338632106781,-0.03172299265861511,0.4213595986366272,0.0,-0.5430015921592712,0.20988115668296817,-2.5668246746063232,1.0],"params":{"w":1024,"h":768,"cx":517.044074262297,"cy":386.342023042265,"fx":714.5044673378175,"fy":714.5044673378175}},{"name":"306963753098.jpg","transform":[-0.17771437764167786,-0.9826701283454896,0.052697595208883286,0.0,0.33771705627441406,-0.01060258038341999,0.9411879777908324,0.0,-0.924318552017212,0.185059517621994,0.3337486982345581,0.0,-0.4890759885311126,0.14559835195541382,-2.6324350833892822,1.0],"params":{"w":1024,"h":768,"cx":517.044074262297,"cy":386.342023042265,"fx":714.5044673378175,"fy":714.5044673378175}},{"name":"306964436183.jpg","transform":[-0.299184650182724,-0.950937807559967,0.07877703756093979,0.0,0.23235520720481873,0.00746802007779479,0.9726023077964784,0.0,-0.925472617149353,0.30929192900657654,0.21872104704380035,0.0,-0.24067021906375885,0.13138370215892792,-2.5993857383728027,1.0],"params":{"w":1024,"h":768,"cx":517.044074262297,"cy":386.342023042265,"fx":714.5044673378175,"fy":714.5044673378175}},{"name":"306965002644.jpg","transform":[-0.3132593631744385,-0.948083996772766,0.0548207126557827,0.0,0.09934817254543304,0.02469291351735592,0.9947463274002076,0.0,-0.9444567561149596,0.3170599341392517,0.08645512908697128,0.0,-0.031880952417850494,0.13326725363731384,-2.517009735107422,1.0],"params":{"w":1024,"h":768,"cx":517.044074262297,"cy":386.342023042265,"fx":714.5044673378175,"fy":714.5044673378175}},{"name":"306965552445.jpg","transform":[-0.36924058198928833,-0.9293299913406372,-0.002666106913238764,0.0,0.004196582827717066,-0.004536176100373268,0.999980926513672,0.0,-0.9293243885040284,0.36922234296798706,0.005574950482696295,0.0,0.1933964043855667,0.12256431579589844,-2.438472032546997,1.0],"params":{"w":1024,"h":768,"cx":517.044074262297,"cy":386.342023042265,"fx":714.5044673378175,"fy":714.5044673378175}},{"name":"306965968960.jpg","transform":[-0.3342861533164978,-0.9417731165885924,0.03627835214138031,0.0,0.06981901079416275,0.013641196303069592,0.9974663853645324,0.0,-0.9398819804191588,0.3359721004962921,0.06119360402226448,0.0,0.44665250182151794,0.1814352124929428,-2.414741039276123,1.0],"params":{"w":1024,"h":768,"cx":517.044074262297,"cy":386.342023042265,"fx":714.5044673378175,"fy":714.5044673378175}},{"name":"306966535421.jpg","transform":[-0.2982962429523468,-0.9522678256034852,0.06484860926866531,0.0,0.2055831104516983,0.0022457782179117203,0.9786370992660522,0.0,-0.932070255279541,0.30525556206703186,0.1951002776622772,0.0,0.7419958114624023,0.1946238279342651,-2.3702549934387207,1.0],"params":{"w":1024,"h":768,"cx":517.044074262297,"cy":386.342023042265,"fx":714.5044673378175,"fy":714.5044673378175}},{"name":"306966752009.jpg","transform":[-0.2636789083480835,-0.959065854549408,0.10327695310115814,0.0,0.31609076261520386,0.01524683367460966,0.9486064314842224,0.0,-0.911350667476654,0.28277239203453064,0.2991315722465515,0.0,0.8923324942588806,0.22508159279823303,-2.3349220752716064,1.0],"params":{"w":1024,"h":768,"cx":517.044074262297,"cy":386.342023042265,"fx":714.5044673378175,"fy":714.5044673378175}},{"name":"306967335131.jpg","transform":[-0.2164201587438583,-0.9691057801246644,0.11830583959817886,0.0,0.4845312833786011,-0.0014153365045785904,0.8747727870941162,0.0,-0.8475799560546875,0.2466413527727127,0.46986839175224304,0.0,1.209012150764465,0.2664735019207001,-2.2408454418182373,1.0],"params":{"w":1024,"h":768,"cx":517.044074262297,"cy":386.342023042265,"fx":714.5044673378175,"fy":714.5044673378175}},{"name":"306968018216.jpg","transform":[-0.2362210601568222,-0.9612320065498352,0.142241433262825,0.0,0.5134994983673096,0.0007869973196648061,0.8580895066261292,0.0,-0.8249350786209106,0.27573972940444946,0.4934062659740448,0.0,1.6173057556152344,0.2672787308692932,-2.1356606483459473,1.0],"params":{"w":1024,"h":768,"cx":517.044074262297,"cy":386.342023042265,"fx":714.5044673378175,"fy":714.5044673378175}},{"name":"306968951210.jpg","transform":[-0.3172709047794342,-0.9200656414031982,0.22982262074947357,0.0,0.6254360675811768,-0.020837290212512016,0.7799971699714661,0.0,-0.7128596901893616,0.39120975136756897,0.5820532441139221,0.0,2.0805563926696777,0.23786698281764984,-1.9938353300094604,1.0],"params":{"w":1024,"h":768,"cx":517.044074262297,"cy":386.342023042265,"fx":714.5044673378175,"fy":714.5044673378175}},{"name":"306969634296.jpg","transform":[-0.3567720949649811,-0.8909432291984558,0.280951589345932,0.0,0.620303213596344,-0.0010542490053921938,0.7843614220619202,0.0,-0.6985253095626831,0.4541134536266327,0.5530310869216919,0.0,2.417171001434326,0.2214324027299881,-2.010704040527344,1.0],"params":{"w":1024,"h":768,"cx":517.044074262297,"cy":386.342023042265,"fx":714.5044673378175,"fy":714.5044673378175}},{"name":"306970000829.jpg","transform":[-0.2066427767276764,-0.9644007682800292,0.16501493752002716,0.0,0.5843561887741089,0.01362226903438568,0.8113829493522644,0.0,-0.7847462296485901,0.26409393548965454,0.5607385635375977,0.0,2.521031141281128,0.2944903075695038,-1.999575138092041,1.0],"params":{"w":1024,"h":768,"cx":517.044074262297,"cy":386.342023042265,"fx":714.5044673378175,"fy":714.5044673378175}},{"name":"306970284060.jpg","transform":[-0.09647492319345474,-0.9929695129394532,0.0685868039727211,0.0,0.5606356263160706,0.002725748112425208,0.828058123588562,0.0,-0.8224234580993652,0.11833905428647996,0.5564311146736145,0.0,2.5677032470703125,0.33850929141044617,-1.9562901258468628,1.0],"params":{"w":1024,"h":768,"cx":517.044074262297,"cy":386.342023042265,"fx":714.5044673378175,"fy":714.5044673378175}},{"name":"306970550630.jpg","transform":[0.01777426339685917,-0.9993978142738342,-0.029800981283187863,0.0,0.5321621894836426,-0.0157771036028862,0.8464954495429993,0.0,-0.8464558124542236,-0.03090478852391243,0.5315613150596619,0.0,2.5928680896759033,0.3756179809570313,-1.909315824508667,1.0],"params":{"w":1024,"h":768,"cx":517.044074262297,"cy":386.342023042265,"fx":714.5044673378175,"fy":714.5044673378175}},{"name":"306970967145.jpg","transform":[0.16574615240097046,-0.9635468125343324,-0.21001367270946503,0.0,0.610180139541626,-0.06709916889667511,0.7894161939620972,0.0,-0.7747312188148499,-0.2589888572692871,0.576815664768219,0.0,2.5916388034820557,0.4292812943458557,-1.8644144535064695,1.0],"params":{"w":1024,"h":768,"cx":517.044074262297,"cy":386.342023042265,"fx":714.5044673378175,"fy":714.5044673378175}},{"name":"306971300357.jpg","transform":[0.208465576171875,-0.9034099578857422,-0.3746899664402008,0.0,0.7367763519287109,-0.10688764601945876,0.6676343083381653,0.0,-0.643197238445282,-0.4152414798736572,0.6433287262916565,0.0,2.5737133026123047,0.47523632645606995,-1.843129515647888,1.0],"params":{"w":1024,"h":768,"cx":517.044074262297,"cy":386.342023042265,"fx":714.5044673378175,"fy":714.5044673378175}},{"name":"306971500285.jpg","transform":[0.1893870085477829,-0.8676241636276245,-0.4597399532794952,0.0,0.8242867588996887,-0.11394045501947404,0.5545889139175415,0.0,-0.5335577726364136,-0.4839895069599152,0.6935923099517822,0.0,2.5508694648742676,0.49016785621643066,-1.8386040925979616,1.0],"params":{"w":1024,"h":768,"cx":517.044074262297,"cy":386.342023042265,"fx":714.5044673378175,"fy":714.5044673378175}},{"name":"306971833497.jpg","transform":[0.10309924930334093,-0.8356969952583313,-0.5394266247749329,0.0,0.9416345357894896,-0.09271949529647829,0.3236162066459656,0.0,-0.3204604685306549,-0.5413073897361755,0.7773618102073669,0.0,2.5024302005767822,0.506700336933136,-1.8422211408615112,1.0],"params":{"w":1024,"h":768,"cx":517.044074262297,"cy":386.342023042265,"fx":714.5044673378175,"fy":714.5044673378175}},{"name":"306972083406.jpg","transform":[0.010068614035844805,-0.8229230046272278,-0.5680636763572693,0.0,0.988519251346588,-0.07745812088251114,0.12973034381866455,0.0,-0.1507592350244522,-0.5628480315208435,0.812695324420929,0.0,2.452672004699707,0.5149323344230652,-1.848410725593567,1.0],"params":{"w":1024,"h":768,"cx":517.044074262297,"cy":386.342023042265,"fx":714.5044673378175,"fy":714.5044673378175}},{"name":"306972433279.jpg","transform":[-0.095627099275589,-0.8249756693840027,-0.5570193529129028,0.0,0.993636667728424,-0.04565618559718132,-0.10296472162008286,0.0,0.05951201170682907,-0.563321053981781,0.8240920305252075,0.0,2.346274137496948,0.5182235836982727,-1.8730037212371824,1.0],"params":{"w":1024,"h":768,"cx":517.044074262297,"cy":386.342023042265,"fx":714.5044673378175,"fy":714.5044673378175}},{"name":"306972616546.jpg","transform":[-0.1439281553030014,-0.8429779410362244,-0.5183365941047668,0.0,0.973793625831604,-0.027438867837190628,-0.22577212750911713,0.0,0.17609836161136627,-0.5372478365898132,0.8248358368873596,0.0,2.261225700378418,0.510791003704071,-1.9032182693481443,1.0],"params":{"w":1024,"h":768,"cx":517.044074262297,"cy":386.342023042265,"fx":714.5044673378175,"fy":714.5044673378175}},{"name":"306972783152.jpg","transform":[-0.1695900410413742,-0.8627578020095825,-0.4763277769088745,0.0,0.9469987154006958,-0.008861733600497246,-0.32111507654190063,0.0,0.2728234529495239,-0.5055397152900696,0.8185334205627441,0.0,2.18397855758667,0.5010592937469482,-1.932992935180664,1.0],"params":{"w":1024,"h":768,"cx":517.044074262297,"cy":386.342023042265,"fx":714.5044673378175,"fy":714.5044673378175}},{"name":"306973033061.jpg","transform":[-0.17148666083812714,-0.9093549847602844,-0.3790327310562134,0.0,0.903961181640625,0.007737443316727877,-0.4275445342063904,0.0,0.39172250032424927,-0.4159490466117859,0.8206947445869446,0.0,2.082153558731079,0.4733715355396271,-1.9750137329101565,1.0],"params":{"w":1024,"h":768,"cx":517.044074262297,"cy":386.342023042265,"fx":714.5044673378175,"fy":714.5044673378175}},{"name":"306973316292.jpg","transform":[-0.12972809374332428,-0.95720773935318,-0.2586967647075653,0.0,0.856828510761261,0.023083794862031937,-0.5150845646858215,0.0,0.49901458621025085,-0.28847968578338623,0.8171682357788086,0.0,1.9864559173583984,0.4298860430717468,-2.0343737602233887,1.0],"params":{"w":1024,"h":768,"cx":517.044074262297,"cy":386.342023042265,"fx":714.5044673378175,"fy":714.5044673378175}},{"name":"306973616183.jpg","transform":[-0.05721653625369072,-0.9932914972305298,-0.10048993676900864,0.0,0.803712010383606,0.01388461235910654,-0.5948564410209656,0.0,0.5922611355781555,-0.1148005947470665,0.7975258827209473,0.0,1.8885568380355835,0.37700390815734863,-2.147302627563477,1.0],"params":{"w":1024,"h":768,"cx":517.044074262297,"cy":386.342023042265,"fx":714.5044673378175,"fy":714.5044673378175}},{"name":"306973749468.jpg","transform":[-0.02066754922270775,-0.9992684125900269,-0.03217874467372894,0.0,0.7780759930610657,0.004135390277951956,-0.6281565427780151,0.0,0.6278300881385803,-0.03801996260881424,0.7774212956428528,0.0,1.8434215784072876,0.3502107858657837,-2.2096128463745117,1.0],"params":{"w":1024,"h":768,"cx":517.044074262297,"cy":386.342023042265,"fx":714.5044673378175,"fy":714.5044673378175}},{"name":"306974149323.jpg","transform":[0.12618254125118256,-0.98825341463089,0.08621576428413391,0.0,0.7037913799285889,0.02793342061340809,-0.7098573446273804,0.0,0.6991106271743774,0.15024951100349426,0.6990489363670349,0.0,1.7088059186935425,0.30507659912109375,-2.35656213760376,1.0],"params":{"w":1024,"h":768,"cx":517.044074262297,"cy":386.342023042265,"fx":714.5044673378175,"fy":714.5044673378175}},{"name":"306974515856.jpg","transform":[0.25152263045310974,-0.9481791257858276,0.19414614140987396,0.0,0.6650808453559875,0.023595210164785385,-0.7463985085487366,0.0,0.7031385898590088,0.31685900688171387,0.6365504860877991,0.0,1.5412812232971191,0.23631241917610168,-2.4766204357147217,1.0],"params":{"w":1024,"h":768,"cx":517.044074262297,"cy":386.342023042265,"fx":714.5044673378175,"fy":714.5044673378175}},{"name":"306975165620.jpg","transform":[0.2526666522026062,-0.93854558467865,0.2351420819759369,0.0,0.7359494566917419,0.02865365520119667,-0.6764298677444458,0.0,0.6281225681304932,0.34396395087242126,0.6979619264602661,0.0,1.149541258811951,0.21931308507919312,-2.669429063796997,1.0],"params":{"w":1024,"h":768,"cx":517.044074262297,"cy":386.342023042265,"fx":714.5044673378175,"fy":714.5044673378175}},{"name":"306975765402.jpg","transform":[0.26384249329566956,-0.9234115481376648,0.2787441611289978,0.0,0.7493622303009033,0.014276620000600817,-0.6620063781738281,0.0,0.6073247790336609,0.38354575634002686,0.6957365274429321,0.0,0.7767987251281738,0.19183243811130524,-2.872677803039551,1.0],"params":{"w":1024,"h":768,"cx":517.044074262297,"cy":386.342023042265,"fx":714.5044673378175,"fy":714.5044673378175}},{"name":"306976115275.jpg","transform":[0.3455430269241333,-0.8877564072608948,0.3041192889213562,0.0,0.7647582292556763,0.07859217375516891,-0.6395061612129211,0.0,0.543824315071106,0.453554630279541,0.7060760259628296,0.0,0.5477548241615295,0.171220600605011,-2.9965779781341553,1.0],"params":{"w":1024,"h":768,"cx":517.044074262297,"cy":386.342023042265,"fx":714.5044673378175,"fy":714.5044673378175}},{"name":"306976398506.jpg","transform":[0.29603102803230286,-0.9004393219947815,0.3187078535556793,0.0,0.8059599995613098,0.0563967190682888,-0.589277446269989,0.0,0.5126344561576843,0.4313101768493652,0.7424132227897644,0.0,0.3297128975391388,0.1705271154642105,-3.0992817878723145,1.0],"params":{"w":1024,"h":768,"cx":517.044074262297,"cy":386.342023042265,"fx":714.5044673378175,"fy":714.5044673378175}},{"name":"306976848342.jpg","transform":[0.28333669900894165,-0.9105185270309448,0.30112501978874207,0.0,0.8343369364738464,0.07921242713928223,-0.5455338954925537,0.0,0.47286587953567505,0.40580952167510986,0.7821230888366699,0.0,0.029747171327471733,0.18559809029102323,-3.249446153640747,1.0],"params":{"w":1024,"h":768,"cx":517.044074262297,"cy":386.342023042265,"fx":714.5044673378175,"fy":714.5044673378175}},{"name":"306977231536.jpg","transform":[0.14081408083438873,-0.9579334259033204,0.25006991624832153,0.0,0.8780506253242493,0.004145364742726088,-0.4785498082637787,0.0,0.4573822021484375,0.2869606018066406,0.8416977524757385,0.0,-0.19199515879154205,0.18019065260887143,-3.368734121322632,1.0],"params":{"w":1024,"h":768,"cx":517.044074262297,"cy":386.342023042265,"fx":714.5044673378175,"fy":714.5044673378175}},{"name":"306977797997.jpg","transform":[0.19383467733860016,-0.9419435262680054,0.2741723358631134,0.0,0.9308928847312928,0.08839467167854309,-0.3544359505176544,0.0,0.3096233010292053,0.32392704486846924,0.893982470035553,0.0,-0.49683570861816406,0.1795163452625275,-3.5193796157836914,1.0],"params":{"w":1024,"h":768,"cx":517.044074262297,"cy":386.342023042265,"fx":714.5044673378175,"fy":714.5044673378175}},{"name":"306978331137.jpg","transform":[0.1141241043806076,-0.9434417486190796,0.311276912689209,0.0,0.981925904750824,0.05949950218200683,-0.17966993153095245,0.0,0.15098729729652405,0.32615554332733154,0.9331802725791932,0.0,-0.8343384265899658,0.15691716969013214,-3.6372363567352295,1.0],"params":{"w":1024,"h":768,"cx":517.044074262297,"cy":386.342023042265,"fx":714.5044673378175,"fy":714.5044673378175}},{"name":"306978897597.jpg","transform":[0.018609782680869102,-0.938557744026184,0.34462007880210876,0.0,0.9988820552825928,0.03243330493569374,0.034390199929475784,0.0,-0.043454356491565704,0.34359481930732727,0.9381120800971984,0.0,-1.107749104499817,0.11445143818855286,-3.827922105789185,1.0],"params":{"w":1024,"h":768,"cx":517.044074262297,"cy":386.342023042265,"fx":714.5044673378175,"fy":714.5044673378175}},{"name":"306979514040.jpg","transform":[-0.0068597812205553055,-0.9470956325531006,0.32087814807891846,0.0,0.9676746129989624,0.07461285591125488,0.24091245234012604,0.0,-0.25210875272750854,0.3121582567691803,0.9159685373306274,0.0,-1.3419469594955444,0.12230240553617476,-4.04214334487915,1.0],"params":{"w":1024,"h":768,"cx":517.044074262297,"cy":386.342023042265,"fx":714.5044673378175,"fy":714.5044673378175}},{"name":"306979780610.jpg","transform":[-0.0294995978474617,-0.9857643246650696,0.1655246615409851,0.0,0.9503278136253356,0.0236731581389904,0.3103491961956024,0.0,-0.30984964966773987,0.1664578765630722,0.936100959777832,0.0,-1.4514185190200806,0.15598319470882416,-4.120807647705078,1.0],"params":{"w":1024,"h":768,"cx":517.044074262297,"cy":386.342023042265,"fx":714.5044673378175,"fy":714.5044673378175}},{"name":"306980047179.jpg","transform":[0.001051413593813777,-0.9996984601020812,-0.024533433839678764,0.0,0.9510650038719176,-0.006580907851457596,0.3089207112789154,0.0,-0.308989018201828,-0.023657694458961487,0.9507713317871094,0.0,-1.5650405883789065,0.2146024703979492,-4.189518451690674,1.0],"params":{"w":1024,"h":768,"cx":517.044074262297,"cy":386.342023042265,"fx":714.5044673378175,"fy":714.5044673378175}},{"name":"306980263767.jpg","transform":[0.04391711205244064,-0.9835262298583984,-0.1753496080636978,0.0,0.9594741463661194,-0.0073802415281534195,0.2817000448703766,0.0,-0.2783535122871399,-0.18061485886573792,0.9433438181877136,0.0,-1.6369774341583252,0.25664499402046204,-4.231921195983887,1.0],"params":{"w":1024,"h":768,"cx":517.044074262297,"cy":386.342023042265,"fx":714.5044673378175,"fy":714.5044673378175}},{"name":"306980413713.jpg","transform":[0.07311401516199112,-0.9572077989578248,-0.2800135910511017,0.0,0.9670655727386476,-0.0005901228869333863,0.25452664494514465,0.0,-0.2438001185655594,-0.28940096497535706,0.9256395697593688,0.0,-1.6756439208984375,0.2893160283565521,-4.262559413909912,1.0],"params":{"w":1024,"h":768,"cx":517.044074262297,"cy":386.342023042265,"fx":714.5044673378175,"fy":714.5044673378175}},{"name":"306980663622.jpg","transform":[0.10457288473844528,-0.8983877301216125,-0.42657241225242615,0.0,0.967682719230652,-0.007050127722322941,0.25207239389419556,0.0,-0.22946612536907196,-0.4391466677188874,0.8686169981956482,0.0,-1.7218605279922483,0.3423801362514496,-4.322442531585693,1.0],"params":{"w":1024,"h":768,"cx":517.044074262297,"cy":386.342023042265,"fx":714.5044673378175,"fy":714.5044673378175}},{"name":"306981396689.jpg","transform":[0.06620099395513535,-0.8398967385292053,-0.5386936664581299,0.0,0.98592209815979,-0.02801537699997425,0.1648414433002472,0.0,-0.15354150533676147,-0.542022705078125,0.8262181282043457,0.0,-1.8510006666183472,0.4140664637088776,-4.5325751304626465,1.0],"params":{"w":1024,"h":768,"cx":517.044074262297,"cy":386.342023042265,"fx":714.5044673378175,"fy":714.5044673378175}},{"name":"306981696580.jpg","transform":[0.019958138465881348,-0.9129109382629396,-0.4076705276966095,0.0,0.9951140284538268,-0.021296871826052666,0.0964081808924675,0.0,-0.0966941863298416,-0.40760278701782227,0.9080254435539246,0.0,-1.9772930145263672,0.3760523498058319,-4.662553310394287,1.0],"params":{"w":1024,"h":768,"cx":517.044074262297,"cy":386.342023042265,"fx":714.5044673378175,"fy":714.5044673378175}},{"name":"306981946489.jpg","transform":[0.03646784648299217,-0.9782665967941284,-0.2041189968585968,0.0,0.997593104839325,0.02358280308544636,0.06520609557628632,0.0,-0.05897524952888489,-0.20600563287734985,0.9767720103263856,0.0,-2.078767776489258,0.3245081305503845,-4.771615028381348,1.0],"params":{"w":1024,"h":768,"cx":517.044074262297,"cy":386.342023042265,"fx":714.5044673378175,"fy":714.5044673378175}},{"name":"306982013132.jpg","transform":[0.043773964047431946,-0.987044632434845,-0.15435916185379028,0.0,0.9980700016021729,0.0363941416144371,0.05031665414571762,0.0,-0.04404701665043831,-0.1562637984752655,0.9867327213287354,0.0,-2.102257490158081,0.30791357159614563,-4.799172401428223,1.0],"params":{"w":1024,"h":768,"cx":517.044074262297,"cy":386.342023042265,"fx":714.5044673378175,"fy":714.5044673378175}},{"name":"306982346344.jpg","transform":[0.04252585396170616,-0.99892395734787,0.01850767433643341,0.0,0.9989855289459229,0.04223919287323952,-0.015613598749041556,0.0,0.014815048314630984,0.01915287971496582,0.99970680475235,0.0,-2.207491397857666,0.23434947431087497,-4.94644832611084,1.0],"params":{"w":1024,"h":768,"cx":517.044074262297,"cy":386.342023042265,"fx":714.5044673378175,"fy":714.5044673378175}},{"name":"306982879483.jpg","transform":[0.07897774875164032,-0.9863848686218262,0.144247904419899,0.0,0.9962503910064696,0.07297026365995407,-0.04648144170641899,0.0,0.03532278165221214,0.14737802743911743,0.9884492754936218,0.0,-2.389495372772217,0.20699849724769592,-5.231490612030029,1.0],"params":{"w":1024,"h":768,"cx":517.044074262297,"cy":386.342023042265,"fx":714.5044673378175,"fy":714.5044673378175}},{"name":"306983545908.jpg","transform":[0.07475057989358902,-0.9904513955116272,0.11583773791790009,0.0,0.9971565008163452,0.07312815636396408,-0.018199076876044273,0.0,0.009554300457239153,0.1168687418103218,0.9931014180183412,0.0,-2.6544125080108643,0.20326289534568787,-5.537320137023926,1.0],"params":{"w":1024,"h":768,"cx":517.044074262297,"cy":386.342023042265,"fx":714.5044673378175,"fy":714.5044673378175}},{"name":"306984062386.jpg","transform":[0.1241222843527794,-0.9835640788078308,0.13113105297088623,0.0,0.9922338128089904,0.1241096928715706,-0.008300759829580784,0.0,-0.008110305294394493,0.1311429738998413,0.9913302659988404,0.0,-2.837409496307373,0.1990034580230713,-5.815221309661865,1.0],"params":{"w":1024,"h":768,"cx":517.044074262297,"cy":386.342023042265,"fx":714.5044673378175,"fy":714.5044673378175}},{"name":"306984328956.jpg","transform":[0.07751403003931046,-0.9969483613967896,-0.009248599410057068,0.0,0.9969390034675598,0.0776015967130661,-0.009517528116703032,0.0,0.010206189937889576,-0.008482548408210278,0.9999119639396667,0.0,-2.891569137573242,0.22985170781612396,-5.985857963562012,1.0],"params":{"w":1024,"h":768,"cx":517.044074262297,"cy":386.342023042265,"fx":714.5044673378175,"fy":714.5044673378175}},{"name":"306984545544.jpg","transform":[0.06583447754383087,-0.9908090233802797,-0.1181664541363716,0.0,0.997461438179016,0.06856776773929596,-0.019211962819099423,0.0,0.027137795463204384,-0.11660167574882507,0.992807924747467,0.0,-2.9294705390930176,0.2760106921195984,-6.123354434967041,1.0],"params":{"w":1024,"h":768,"cx":517.044074262297,"cy":386.342023042265,"fx":714.5044673378175,"fy":714.5044673378175}},{"name":"306985012041.jpg","transform":[0.01728600449860096,-0.9543013572692872,-0.2983455955982208,0.0,0.9998124837875366,0.013893334195017816,0.013488836586475372,0.0,-0.008727400563657284,-0.29852280020713806,0.9543625712394714,0.0,-2.9901742935180664,0.3142627775669098,-6.409149169921875,1.0],"params":{"w":1024,"h":768,"cx":517.044074262297,"cy":386.342023042265,"fx":714.5044673378175,"fy":714.5044673378175}},{"name":"306985695126.jpg","transform":[0.03344079852104187,-0.987524688243866,-0.1538725048303604,0.0,0.9994406700134276,0.03305322304368019,0.00507707241922617,0.0,0.00007224795990623534,-0.15395623445510864,0.9880776405334472,0.0,-3.0981814861297607,0.2984057068824768,-6.874201774597168,1.0],"params":{"w":1024,"h":768,"cx":517.044074262297,"cy":386.342023042265,"fx":714.5044673378175,"fy":714.5044673378175}},{"name":"306985995017.jpg","transform":[0.05264709144830704,-0.9984809756278992,-0.01624850369989872,0.0,0.9944941401481628,0.05389932170510292,-0.08986811339855194,0.0,0.09060738980770112,-0.011427747085690498,0.9958211183547974,0.0,-3.1407628059387207,0.2579830288887024,-7.0876784324646,1.0],"params":{"w":1024,"h":768,"cx":517.044074262297,"cy":386.342023042265,"fx":714.5044673378175,"fy":714.5044673378175}},{"name":"306986644780.jpg","transform":[0.05014387145638466,-0.990206778049469,0.1302923560142517,0.0,0.9979795217514038,0.04458068311214447,-0.04527094587683678,0.0,0.03901907429099083,0.13229915499687195,0.9904415607452391,0.0,-3.200038433074951,0.190310463309288,-7.434000015258789,1.0],"params":{"w":1024,"h":768,"cx":517.044074262297,"cy":386.342023042265,"fx":714.5044673378175,"fy":714.5044673378175}},{"name":"306986744744.jpg","transform":[0.045293230563402176,-0.9908059239387512,0.12748391926288605,0.0,0.9983758926391602,0.040481578558683395,-0.040085677057504654,0.0,0.03455637767910957,0.1290924847126007,0.9910302758216858,0.0,-3.2203238010406494,0.17865543067455292,-7.484771251678467,1.0],"params":{"w":1024,"h":768,"cx":517.044074262297,"cy":386.342023042265,"fx":714.5044673378175,"fy":714.5044673378175}}]