[
  {
    "transform" : [
      -0.07852523,
      -0.9093106,
      -0.4086416,
      0,
      0.9941896,
      -0.041155964,
      -0.09946465,
      0,
      0.073626265,
      -0.41407767,
      0.90725905,
      0,
      0.38456944,
      0.33426815,
      0.05672542,
      1
    ],
    "uuid" : "B77B23B6-C453-40FD-910F-F3AEB5F2997F",
    "keyframeTimestamp" : 235077.468050583
  },
  {
    "transform" : [
      -0.0055967476,
      -0.95881563,
      0.28397402,
      0,
      0.9943386,
      -0.035469644,
      -0.100163355,
      0,
      0.10611066,
      0.2818057,
      0.95358604,
      0,
      0.003669098,
      0.105096206,
      0.041623514,
      1
    ],
    "uuid" : "6CC35C93-34C3-4BB7-A4E6-8A72A41ECA02",
    "keyframeTimestamp" : 235049.344928208
  },
  {
    "transform" : [
      -0.13357463,
      -0.98350465,
      0.121968664,
      0,
      0.6653335,
      0.002219749,
      0.746543,
      0,
      -0.7344993,
      0.18086903,
      0.6540623,
      0,
      0.14230517,
      0.13162981,
      -0.060034055,
      1
    ],
    "uuid" : "0E0E447E-21E4-4664-8F7F-3A5D4F46A69B",
    "keyframeTimestamp" : 235055.32609025
  },
  {
    "transform" : [
      -0.09524759,
      -0.98873883,
      0.11542752,
      0,
      0.94692034,
      -0.054227978,
      0.3168617,
      0,
      -0.30703408,
      0.13948096,
      0.94142205,
      0,
      0.09189203,
      0.14394003,
      0.06397896,
      0.99999994
    ],
    "uuid" : "838452CC-7F17-468E-AA76-1AF42EF3C9D7",
    "keyframeTimestamp" : 235051.860681541
  },
  {
    "transform" : [
      -0.107159145,
      -0.99346524,
      0.039289445,
      0,
      0.25772262,
      0.010410706,
      0.9661629,
      0,
      -0.9602585,
      0.11365897,
      0.25492287,
      0,
      0.15106273,
      0.16791771,
      -0.34597293,
      1
    ],
    "uuid" : "F54F4D55-F18E-4E5C-92EB-213C6101B3C2",
    "keyframeTimestamp" : 235056.892188708
  },
  {
    "transform" : [
      0.34066284,
      -0.90204865,
      -0.26506057,
      0,
      0.5803381,
      -0.020058496,
      0.81412876,
      0,
      -0.7397004,
      -0.4311682,
      0.51666003,
      0,
      0.31136045,
      0.34358,
      -0.093549415,
      1
    ],
    "uuid" : "801D8428-D685-4201-BEC6-B69661C1D282",
    "keyframeTimestamp" : 235079.983803291
  },
  {
    "transform" : [
      -0.32817018,
      -0.86795264,
      0.3727766,
      0,
      0.7936194,
      -0.039302904,
      0.60714406,
      0,
      -0.5123211,
      0.4950893,
      0.701722,
      0,
      0.1212874,
      0.0531807,
      0.06923945,
      0.99999994
    ],
    "uuid" : "F185689B-FB72-4F42-B8AF-291932F32380",
    "keyframeTimestamp" : 235053.92659825
  },
  {
    "transform" : [
      0.07925695,
      -0.9962759,
      0.03394623,
      0,
      -0.718373,
      -0.033473086,
      0.6948523,
      0,
      -0.69112855,
      -0.07945794,
      -0.7183507,
      0,
      0.19003662,
      0.23665461,
      -0.74804854,
      0.99999994
    ],
    "uuid" : "BFF54074-5249-4184-9F68-72F3881C9D0F",
    "keyframeTimestamp" : 235064.522751916
  },
  {
    "transform" : [
      -0.024160014,
      -0.99748886,
      0.06657363,
      0,
      0.68930787,
      -0.06485339,
      -0.7215597,
      0,
      0.7240655,
      0.028456848,
      0.6891441,
      0,
      0.3911464,
      0.18282045,
      -0.06156827,
      0.9999999
    ],
    "uuid" : "3928BF19-F208-4F9C-9E4C-588319766C26",
    "keyframeTimestamp" : 235074.7023885
  },
  {
    "transform" : [
      0.13682777,
      -0.7970359,
      -0.58822775,
      0,
      -0.98217344,
      -0.031890526,
      -0.18525256,
      0,
      0.12889403,
      0.6030892,
      -0.78719115,
      0,
      0.114512965,
      -0.00081855385,
      -0.58418703,
      1
    ],
    "uuid" : "7696F716-C6B6-413E-B58C-49F83B3E2FC8",
    "keyframeTimestamp" : 235068.787869541
  },
  {
    "transform" : [
      -0.06912814,
      -0.9957026,
      0.06162499,
      0,
      0.46070287,
      0.02292827,
      0.8872583,
      0,
      -0.8848585,
      0.089725316,
      0.4571381,
      0,
      0.17401709,
      0.16322978,
      -0.249846,
      1
    ],
    "uuid" : "775648F3-1F1C-4FA5-81E5-1005187EED3B",
    "keyframeTimestamp" : 235056.409030583
  },
  {
    "transform" : [
      -0.1502563,
      -0.9723907,
      0.1785486,
      0,
      0.8883183,
      -0.053517025,
      0.4560997,
      0,
      -0.43395168,
      0.22713977,
      0.8718336,
      0,
      0.118473515,
      0.1364104,
      0.074986786,
      1
    ],
    "uuid" : "B7BB8113-4042-4841-948D-BAA474D1B1B1",
    "keyframeTimestamp" : 235052.443803125
  },
  {
    "transform" : [
      -0.51010495,
      -0.76162034,
      -0.39965957,
      0,
      -0.61768275,
      0.0010240872,
      0.7864269,
      0,
      -0.5985495,
      0.6480229,
      -0.47096217,
      0,
      0.35710675,
      0.05455629,
      -0.77274084,
      1
    ],
    "uuid" : "7F0B3ED3-020D-40AE-8975-0513BA3AE31F",
    "keyframeTimestamp" : 235060.974040583
  },
  {
    "transform" : [
      0.08258259,
      -0.90480566,
      -0.41774008,
      0,
      -0.99259645,
      -0.03721596,
      -0.115617305,
      0,
      0.0890646,
      0.42419523,
      -0.90118045,
      0,
      0.09853035,
      0.086110085,
      -0.6881956,
      1
    ],
    "uuid" : "6AF86EAC-97E3-4FBC-AA31-D446507EABF6",
    "keyframeTimestamp" : 235068.038141916
  },
  {
    "transform" : [
      0.23504214,
      -0.93184596,
      0.27643916,
      0,
      0.7143276,
      -0.027269924,
      -0.6992802,
      0,
      0.6591599,
      0.36182833,
      0.6592337,
      0,
      0.30258414,
      0.07375122,
      -0.06977612,
      1
    ],
    "uuid" : "572022C6-4B4C-4D55-90B0-77865A87C17A",
    "keyframeTimestamp" : 235073.619448416
  },
  {
    "transform" : [
      0.49569005,
      -0.76644456,
      -0.4084779,
      0,
      -0.65433884,
      -0.020313593,
      -0.7559287,
      0,
      0.5710798,
      0.6419891,
      -0.51158375,
      0,
      0.21768743,
      -0.023781598,
      -0.22762305,
      1.0000001
    ],
    "uuid" : "BF4794C3-7142-4BC5-8F0D-50ABE688263F",
    "keyframeTimestamp" : 235070.587216125
  },
  {
    "transform" : [
      0.40950903,
      -0.84173214,
      0.35183746,
      0,
      0.60389286,
      -0.038970247,
      -0.79611224,
      0,
      0.68382436,
      0.5384873,
      0.49235746,
      0,
      0.21728216,
      0.00297104,
      -0.15809852,
      0.9999999
    ],
    "uuid" : "AA8130F0-45A5-4E90-932D-E9F47A2D6A7F",
    "keyframeTimestamp" : 235072.953023791
  },
  {
    "transform" : [
      -0.3431693,
      -0.9340396,
      -0.099019475,
      0,
      -0.33469334,
      0.023099475,
      0.9420439,
      0,
      -0.8776192,
      0.35642177,
      -0.320544,
      0,
      0.2959448,
      0.11325832,
      -0.59459674,
      1
    ],
    "uuid" : "F159C589-BC89-4C16-B6EA-95D4398B104B",
    "keyframeTimestamp" : 235058.89146325
  },
  {
    "transform" : [
      0.07861992,
      -0.89962995,
      -0.42951718,
      0,
      0.9310914,
      -0.08768644,
      0.35408995,
      0,
      -0.3562128,
      -0.42775828,
      0.83074397,
      0,
      0.35232666,
      0.33332738,
      -0.029700119,
      0.99999994
    ],
    "uuid" : "B0758368-6E5C-4780-A59C-F845E4C6BD9C",
    "keyframeTimestamp" : 235078.584311833
  },
  {
    "transform" : [
      0.116336875,
      -0.9763632,
      0.18215652,
      0,
      0.73175406,
      -0.039750487,
      -0.68040884,
      0,
      0.67156667,
      0.21245039,
      0.70983315,
      0,
      0.35322058,
      0.13292874,
      -0.031939548,
      0.99999994
    ],
    "uuid" : "9793C064-7D28-4E47-A14E-E822E2068251",
    "keyframeTimestamp" : 235074.085945708
  },
  {
    "transform" : [
      0.07870563,
      -0.9946615,
      0.06673623,
      0,
      -0.83138376,
      -0.028550755,
      0.5549647,
      0,
      -0.5500968,
      -0.09916229,
      -0.8291928,
      0,
      0.1747386,
      0.25034836,
      -0.74200165,
      1
    ],
    "uuid" : "BF2AF801-3C61-4BCE-A788-F3AAD1E93D4F",
    "keyframeTimestamp" : 235064.889285458
  },
  {
    "transform" : [
      -0.0710565,
      -0.98920643,
      0.1281453,
      0,
      0.9901157,
      -0.054373834,
      0.12928444,
      0,
      -0.120921254,
      0.13606514,
      0.9832927,
      0,
      0.052688513,
      0.13669829,
      0.047446154,
      1
    ],
    "uuid" : "3F9A2D7E-CFA7-4F8C-B36E-89C4CB545DA7",
    "keyframeTimestamp" : 235051.027650625
  },
  {
    "transform" : [
      -0.31904706,
      -0.8799827,
      -0.35190856,
      0,
      0.78564346,
      -0.03789537,
      -0.6175181,
      0,
      0.53006953,
      -0.47349197,
      0.70344293,
      0,
      0.47966337,
      0.3358481,
      -0.061901268,
      1
    ],
    "uuid" : "2D9490AC-C257-4CDD-9EE7-95FE2ABBFACB",
    "keyframeTimestamp" : 235076.46841375
  },
  {
    "transform" : [
      0.6793561,
      -0.6989208,
      0.22357394,
      0,
      0.25107843,
      -0.064890996,
      -0.9657893,
      0,
      0.68951815,
      0.71224916,
      0.13139984,
      0,
      0.15593947,
      -0.0715981,
      -0.21663193,
      0.99999994
    ],
    "uuid" : "2BCA5E77-2874-4B85-AB4F-57A2AA7112CF",
    "keyframeTimestamp" : 235072.10333225
  },
  {
    "transform" : [
      -0.21634185,
      -0.9319418,
      0.29100016,
      0,
      0.8521874,
      -0.034807965,
      0.522078,
      0,
      -0.47641712,
      0.36093387,
      0.80171937,
      0,
      0.11850299,
      0.10225745,
      0.07247557,
      1.0000001
    ],
    "uuid" : "1877BCEF-78A3-42C8-A6F0-12A7CC44CCBA",
    "keyframeTimestamp" : 235053.210191583
  },
  {
    "transform" : [
      -0.17085533,
      -0.98510665,
      0.019326678,
      0,
      0.087885976,
      0.0042999685,
      0.9961212,
      0,
      -0.9813691,
      0.17189118,
      0.08584238,
      0,
      0.13739118,
      0.1531681,
      -0.4254305,
      1
    ],
    "uuid" : "8689397A-C851-4213-BD53-2DAEC650877D",
    "keyframeTimestamp" : 235057.392007208
  },
  {
    "transform" : [
      -0.4033284,
      -0.87415785,
      -0.27050745,
      0,
      -0.5412113,
      -0.01048156,
      0.8408214,
      0,
      -0.7378459,
      0.4855287,
      -0.46887666,
      0,
      0.34683594,
      0.09195905,
      -0.70523745,
      1
    ],
    "uuid" : "3120C64F-426E-418D-8FBF-084018F5E871",
    "keyframeTimestamp" : 235059.841118583
  },
  {
    "transform" : [
      0.014951757,
      -0.9049851,
      -0.42518073,
      0,
      0.9845035,
      -0.060982775,
      0.16442081,
      0,
      -0.17472708,
      -0.42105013,
      0.89004904,
      0,
      0.3732715,
      0.3329155,
      0.038657796,
      1
    ],
    "uuid" : "3807BBFF-13E1-425A-8640-B2F02197A535",
    "keyframeTimestamp" : 235078.117814583
  },
  {
    "transform" : [
      -0.2078407,
      -0.95757,
      -0.19965532,
      0,
      -0.64001906,
      -0.021227147,
      0.768066,
      0,
      -0.7397149,
      0.2874185,
      -0.608451,
      0,
      0.28308797,
      0.14022297,
      -0.74397135,
      1
    ],
    "uuid" : "4D5080D3-76B2-4CFA-87A4-FA51C4221EB6",
    "keyframeTimestamp" : 235063.38983
  },
  {
    "transform" : [
      -0.074682735,
      -0.9957626,
      0.053661253,
      0,
      0.59967786,
      -0.0018515614,
      0.8002396,
      0,
      -0.79674923,
      0.09194351,
      0.5972749,
      0,
      0.16394979,
      0.15462562,
      -0.15676203,
      1.0000001
    ],
    "uuid" : "8EECFF05-4CF2-4A78-A7F4-AA0A750FBFBC",
    "keyframeTimestamp" : 235055.792587625
  },
  {
    "transform" : [
      0.6386494,
      -0.7325804,
      -0.2354842,
      0,
      -0.39537403,
      -0.04986124,
      -0.91716576,
      0,
      0.6601563,
      0.6788517,
      -0.32148713,
      0,
      0.24434538,
      -0.03970789,
      -0.22338267,
      0.9999999
    ],
    "uuid" : "305BE77C-790B-428C-A669-6E99C74D0C5D",
    "keyframeTimestamp" : 235071.070373958
  },
  {
    "transform" : [
      0.3788874,
      -0.90123785,
      -0.2102735,
      0,
      0.41316918,
      -0.038580325,
      0.90983695,
      0,
      -0.82809186,
      -0.4316041,
      0.35774603,
      0,
      0.25652245,
      0.34693694,
      -0.13230939,
      1
    ],
    "uuid" : "2320FF75-D351-4BEE-8F57-B5502C0C419A",
    "keyframeTimestamp" : 235080.400318625
  },
  {
    "transform" : [
      0.24594344,
      -0.90973926,
      -0.3344944,
      0,
      0.74872756,
      -0.04085004,
      0.6616181,
      0,
      -0.61556387,
      -0.41316575,
      0.6711,
      0,
      0.35130447,
      0.3420932,
      -0.055381212,
      0.99999994
    ],
    "uuid" : "2F349F90-4C87-4EA4-B439-1FFBCC1F9C72",
    "keyframeTimestamp" : 235079.350700041
  },
  {
    "transform" : [
      0.5538311,
      -0.7680459,
      0.3215226,
      0,
      0.45652696,
      -0.042824645,
      -0.8886785,
      0,
      0.6963148,
      0.6389614,
      0.32691595,
      0,
      0.17746687,
      -0.036568746,
      -0.2069044,
      0.99999994
    ],
    "uuid" : "D14F958B-2841-4C98-B9D5-3B2D4E1BE6E8",
    "keyframeTimestamp" : 235072.536508375
  },
  {
    "transform" : [
      -0.27829903,
      -0.9585356,
      -0.06131424,
      0,
      -0.24724284,
      0.009806455,
      0.9689042,
      0,
      -0.9281279,
      0.28480443,
      -0.23972018,
      0,
      0.26217082,
      0.12425898,
      -0.56162775,
      1
    ],
    "uuid" : "5E6A86B2-E233-44D1-887C-91A7D5B74BF2",
    "keyframeTimestamp" : 235058.491608375
  },
  {
    "transform" : [
      0.21891776,
      -0.7518887,
      -0.62188333,
      0,
      -0.95320475,
      -0.028601084,
      -0.30097052,
      0,
      0.20850983,
      0.65866965,
      -0.7229649,
      0,
      0.12264259,
      -0.02785293,
      -0.41613296,
      1
    ],
    "uuid" : "2469D152-859C-4A93-B3F8-AA66D7E50EB6",
    "keyframeTimestamp" : 235069.437633541
  },
  {
    "transform" : [
      -0.046430666,
      -0.9963081,
      -0.072211415,
      0,
      -0.65265477,
      -0.024469966,
      0.7572602,
      0,
      -0.7562315,
      0.08228922,
      -0.6491093,
      0,
      0.24917483,
      0.19218813,
      -0.75198054,
      1
    ],
    "uuid" : "707787FC-FA3B-418A-9476-3980D625A451",
    "keyframeTimestamp" : 235063.8896485
  },
  {
    "transform" : [
      -0.050184008,
      -0.98689604,
      0.15335435,
      0,
      0.9983144,
      -0.054049432,
      -0.02113897,
      0,
      0.029150702,
      0.15203504,
      0.98794526,
      0,
      0.025151687,
      0.13065253,
      0.046763245,
      0.9999999
    ],
    "uuid" : "2E256CE9-8F3C-40DA-87C3-60394302FA4D",
    "keyframeTimestamp" : 235050.277922833
  },
  {
    "transform" : [
      0.7148202,
      -0.6984788,
      -0.03405262,
      0,
      -0.10071174,
      -0.05463646,
      -0.99341434,
      0,
      0.6920184,
      0.71354216,
      -0.10940026,
      0,
      0.20242766,
      -0.074962035,
      -0.21630713,
      1.0000001
    ],
    "uuid" : "E759F0FA-0057-416C-B5B2-7636576BBC0D",
    "keyframeTimestamp" : 235071.53687125
  },
  {
    "transform" : [
      0.2655437,
      -0.9156789,
      0.3016932,
      0,
      0.6954509,
      -0.034795858,
      -0.7177306,
      0,
      0.66770864,
      0.40040165,
      0.62757,
      0,
      0.2816358,
      0.05454254,
      -0.090657815,
      0.99999994
    ],
    "uuid" : "7205B587-35F9-4D1B-BF78-EEA6D91B910D",
    "keyframeTimestamp" : 235073.452842291
  },
  {
    "transform" : [
      -0.3812519,
      -0.8570208,
      -0.3466447,
      0,
      -0.63009524,
      -0.03348859,
      0.77579546,
      0,
      -0.6764815,
      0.5141926,
      -0.5272373,
      0,
      0.32153803,
      0.078229,
      -0.74996966,
      1
    ],
    "uuid" : "1EC0821D-0CFB-4D61-8756-CF633B54EBDA",
    "keyframeTimestamp" : 235062.756726625
  },
  {
    "transform" : [
      0.1293308,
      -0.9069439,
      -0.40090692,
      0,
      0.87019974,
      -0.09003519,
      0.4844031,
      0,
      -0.47542208,
      -0.41151717,
      0.7775779,
      0,
      0.35079083,
      0.332162,
      -0.053161524,
      1
    ],
    "uuid" : "C3329C52-E99A-423A-B8AB-34B86303A083",
    "keyframeTimestamp" : 235078.884202833
  },
  {
    "transform" : [
      0.3977149,
      -0.7598117,
      -0.5143045,
      0,
      -0.8087336,
      -0.025572514,
      -0.587619,
      0,
      0.43332767,
      0.6496401,
      -0.62465584,
      0,
      0.15225764,
      -0.042510033,
      -0.2998829,
      1
    ],
    "uuid" : "3F351EDB-D931-4888-93F6-6A15A4274DA1",
    "keyframeTimestamp" : 235070.10405825
  },
  {
    "transform" : [
      -0.2341603,
      -0.9721933,
      -0.0030397144,
      0,
      -0.08846448,
      0.018193476,
      0.99591327,
      0,
      -0.96816486,
      0.23347221,
      -0.09026479,
      0,
      0.19058722,
      0.13294975,
      -0.49706745,
      0.99999994
    ],
    "uuid" : "90518F1F-D1E8-4FD0-9AC3-80B9AA5252C0",
    "keyframeTimestamp" : 235057.991789708
  },
  {
    "transform" : [
      -0.16141184,
      -0.9839061,
      -0.07664754,
      0,
      0.6589403,
      -0.049631268,
      -0.75055593,
      0,
      0.7346726,
      -0.1716548,
      0.6563467,
      0,
      0.43843922,
      0.2568869,
      -0.061011445,
      0.99999994
    ],
    "uuid" : "C8051A5E-D239-41FB-85EE-0C6F2C85C687",
    "keyframeTimestamp" : 235075.2688495
  },
  {
    "transform" : [
      0.043917783,
      -0.99811536,
      0.04285537,
      0,
      -0.9339073,
      -0.025782166,
      0.3565843,
      0,
      -0.35480753,
      -0.05568333,
      -0.9332798,
      0,
      0.1653284,
      0.2452729,
      -0.727555,
      0.9999999
    ],
    "uuid" : "89371B28-56B9-4F83-8E8C-350D1E91A6C8",
    "keyframeTimestamp" : 235065.389104083
  },
  {
    "transform" : [
      0.014337143,
      -0.99961215,
      0.023875577,
      0,
      -0.99244875,
      -0.011317199,
      0.12213606,
      0,
      -0.12181848,
      -0.025446365,
      -0.9922262,
      0,
      0.13176388,
      0.23116715,
      -0.72567,
      1
    ],
    "uuid" : "0A6849B2-3200-4829-8CE9-1AB66D4A5047",
    "keyframeTimestamp" : 235065.938904375
  },
  {
    "transform" : [
      -0.21876663,
      -0.95273024,
      0.21082282,
      0,
      0.7032712,
      -0.00417361,
      0.7109095,
      0,
      -0.67642516,
      0.3037889,
      0.6709408,
      0,
      0.11941902,
      0.10544332,
      0.025643487,
      1
    ],
    "uuid" : "F75F98CD-9569-42D5-A9B1-7EBD950C53D2",
    "keyframeTimestamp" : 235054.876253583
  },
  {
    "transform" : [
      -0.30705842,
      -0.9269188,
      -0.21572371,
      0,
      0.6493834,
      -0.038361534,
      -0.759493,
      0,
      0.69571286,
      -0.37329602,
      0.6137051,
      0,
      0.47350168,
      0.3069113,
      -0.058938775,
      1.0000001
    ],
    "uuid" : "EF592E4F-A0BE-469E-A210-F1D5FF29FF06",
    "keyframeTimestamp" : 235075.935274083
  },
  {
    "transform" : [
      0.025999103,
      -0.9991784,
      -0.031098068,
      0,
      -0.9990659,
      -0.02489666,
      -0.035327114,
      0,
      0.034523826,
      0.031987473,
      -0.99889207,
      0,
      0.097194,
      0.21818258,
      -0.7204811,
      1
    ],
    "uuid" : "DCDA7C62-A77A-4275-B847-FC1640745B1E",
    "keyframeTimestamp" : 235066.422062291
  },
  {
    "transform" : [
      -0.1987186,
      -0.892636,
      -0.40461335,
      0,
      0.92829967,
      -0.03904584,
      -0.36977696,
      0,
      0.3142778,
      -0.449084,
      0.83639306,
      0,
      0.42724535,
      0.33482602,
      -0.01972482,
      0.9999999
    ],
    "uuid" : "6D548207-29DE-42B1-BB84-8EF880D3C186",
    "keyframeTimestamp" : 235076.884929208
  },
  {
    "transform" : [
      0.054776274,
      -0.98008937,
      -0.19085243,
      0,
      -0.99302995,
      -0.033494446,
      -0.113003165,
      0,
      0.10436067,
      0.19571203,
      -0.9750927,
      0,
      0.08675751,
      0.17026766,
      -0.70456475,
      1
    ],
    "uuid" : "642F997C-768B-4910-A303-830E416CE73E",
    "keyframeTimestamp" : 235067.088486833
  },
  {
    "transform" : [
      0.013342548,
      -0.87733364,
      0.4796955,
      0,
      0.9970646,
      -0.02449914,
      -0.072540395,
      0,
      0.07539428,
      0.47925517,
      0.8744316,
      0,
      -0.00016235933,
      0.05283427,
      0.014166981,
      1
    ],
    "uuid" : "B0C01E3F-A47B-4646-ADDC-CED78DCD86F8",
    "keyframeTimestamp" : 235048.045399916
  },
  {
    "transform" : [
      0.43729627,
      -0.8867536,
      -0.14980079,
      0,
      0.22037959,
      -0.055829663,
      0.9738154,
      0,
      -0.8718976,
      -0.45885873,
      0.17100826,
      0,
      0.16983722,
      0.30454388,
      -0.17325015,
      1
    ],
    "uuid" : "B016CE3F-9005-4CE2-ABDE-70523284F7AF",
    "keyframeTimestamp" : 235080.950119
  }
]