[
  {
    "transform" : [
      0.015574628,
      -0.99959135,
      0.02397519,
      0,
      -0.9923977,
      -0.012525998,
      0.1224326,
      0,
      -0.122082256,
      -0.02569976,
      -0.9921874,
      0,
      0.13180502,
      0.23112352,
      -0.725656,
      0.99999994
    ],
    "keyframeTimestamp" : 235065.938904375,
    "uuid" : "0A6849B2-3200-4829-8CE9-1AB66D4A5047"
  },
  {
    "transform" : [
      -0.36620653,
      -0.7800839,
      -0.5073086,
      0,
      -0.7904784,
      -0.026848912,
      0.61190116,
      0,
      -0.49095508,
      0.6250985,
      -0.60680723,
      0,
      -0.025420208,
      -0.062624484,
      0.076056495,
      1
    ],
    "keyframeTimestamp" : 235095.028335791,
    "uuid" : "5CC73EB9-4829-4E38-A389-F5CA073BC4E0"
  },
  {
    "transform" : [
      -0.30172673,
      -0.9207035,
      -0.24751987,
      0,
      -0.62656546,
      -0.004186932,
      0.77935773,
      0,
      -0.7185937,
      0.39024037,
      -0.5756178,
      0,
      2.2343576,
      -0.11268639,
      1.4396255,
      0.99999994
    ],
    "keyframeTimestamp" : 235131.565045916,
    "uuid" : "1B203B0E-0522-465F-962C-C02BEBBDB6A1"
  },
  {
    "transform" : [
      -0.21929795,
      -0.95285034,
      0.20972523,
      0,
      0.7032459,
      -0.005374556,
      0.7109264,
      0,
      -0.6762794,
      0.30339313,
      0.67126685,
      0,
      0.119392246,
      0.10549306,
      0.02558493,
      1.0000001
    ],
    "keyframeTimestamp" : 235054.876253583,
    "uuid" : "F75F98CD-9569-42D5-A9B1-7EBD950C53D2"
  },
  {
    "transform" : [
      -0.048007008,
      -0.90872425,
      -0.41462708,
      0,
      -0.98245394,
      -0.0319383,
      0.18375017,
      0,
      -0.18022071,
      0.41617325,
      -0.8912466,
      0,
      0.14234412,
      -0.03568368,
      1.3412248,
      1
    ],
    "keyframeTimestamp" : 235101.542634083,
    "uuid" : "D6D831D3-D89B-4CDD-859D-F550C9BFB3B1"
  },
  {
    "transform" : [
      -0.07894413,
      -0.99525064,
      0.05695925,
      0,
      0.9448485,
      -0.056483362,
      0.32260117,
      0,
      -0.31785175,
      0.0792853,
      0.94482005,
      0,
      1.0713804,
      0.058060907,
      1.6447593,
      1.0000001
    ],
    "keyframeTimestamp" : 235124.351005708,
    "uuid" : "20A28C5A-DA69-4ACA-83E2-A58E3362C1B8"
  },
  {
    "transform" : [
      -0.1699898,
      -0.84372234,
      -0.50915265,
      0,
      -0.9327321,
      -0.028963698,
      0.35940543,
      0,
      -0.3179853,
      0.5359982,
      -0.78204334,
      0,
      -0.12757564,
      -0.031135831,
      0.32712764,
      1.0000001
    ],
    "keyframeTimestamp" : 235096.677736208,
    "uuid" : "9FA63421-CD58-483C-8488-B14B7848C64F"
  },
  {
    "transform" : [
      -0.18760405,
      -0.8519231,
      -0.48890877,
      0,
      -0.91109234,
      -0.03506706,
      0.41070864,
      0,
      -0.3670367,
      0.5224915,
      -0.76960176,
      0,
      -0.09572097,
      -0.02460449,
      0.22745414,
      0.99999994
    ],
    "keyframeTimestamp" : 235096.044633041,
    "uuid" : "AA0A5282-FA83-4AD4-A03E-64B5DD18F9BE"
  },
  {
    "transform" : [
      -0.097057536,
      -0.981875,
      0.16279179,
      0,
      -0.39226747,
      -0.11258643,
      -0.91293526,
      0,
      0.91471654,
      -0.15246512,
      -0.37423024,
      0,
      1.7527204,
      0.11129793,
      2.1946766,
      0.9999999
    ],
    "keyframeTimestamp" : 235159.404898416,
    "uuid" : "56884D97-0AB0-4801-92FD-6DB7B563B221"
  },
  {
    "transform" : [
      0.5729008,
      -0.6277315,
      -0.5270086,
      0,
      -0.7482337,
      -0.13809347,
      -0.6489041,
      0,
      0.3345611,
      0.76608324,
      -0.5488038,
      0,
      1.851949,
      -0.20560342,
      2.2282982,
      1
    ],
    "keyframeTimestamp" : 235152.907268958,
    "uuid" : "FF6D8D24-F1F4-4AA4-8927-2B7463019CC9"
  },
  {
    "transform" : [
      -0.41939288,
      -0.89939994,
      0.12324488,
      0,
      0.19777036,
      0.0419794,
      0.9793491,
      0,
      -0.8860003,
      0.43510613,
      0.16026877,
      0,
      0.30488822,
      -0.0125745665,
      1.8647767,
      1
    ],
    "keyframeTimestamp" : 235110.289454041,
    "uuid" : "C9090166-1CC7-456C-B178-E5002069493A"
  },
  {
    "transform" : [
      -0.05108839,
      -0.98696625,
      0.1526017,
      0,
      0.9982833,
      -0.054849267,
      -0.020535128,
      0,
      0.0286376,
      0.15129067,
      0.98807466,
      0,
      0.025217688,
      0.13059516,
      0.0468675,
      0.99999994
    ],
    "keyframeTimestamp" : 235050.277922833,
    "uuid" : "2E256CE9-8F3C-40DA-87C3-60394302FA4D"
  },
  {
    "transform" : [
      0.21415195,
      -0.9252823,
      0.31303647,
      0,
      -0.7753546,
      0.033894736,
      0.63061607,
      0,
      -0.59410816,
      -0.3777619,
      -0.71016306,
      0,
      2.3444457,
      0.20033588,
      1.3488255,
      0.99999994
    ],
    "keyframeTimestamp" : 235133.547656916,
    "uuid" : "205F4A32-F03C-4041-A684-3B4E3725BC0B"
  },
  {
    "transform" : [
      0.008312996,
      -0.94770634,
      -0.31903547,
      0,
      -0.9999641,
      -0.008403093,
      -0.0010940387,
      0,
      -0.001644073,
      0.31903306,
      -0.94774234,
      0,
      -0.054623943,
      0.08945387,
      1.5913329,
      1
    ],
    "keyframeTimestamp" : 235105.50785925,
    "uuid" : "CB7CF437-E3EA-4634-BF29-1D87C15B19DA"
  },
  {
    "transform" : [
      0.40791968,
      -0.8484381,
      -0.33727518,
      0,
      -0.759989,
      -0.11081154,
      -0.64041984,
      0,
      0.50598264,
      0.51756513,
      -0.69000584,
      0,
      1.793279,
      -0.056445014,
      1.8566574,
      0.99999994
    ],
    "keyframeTimestamp" : 235160.904351541,
    "uuid" : "B2244DCD-E0CC-4D06-88ED-EAC3F8983E46"
  },
  {
    "transform" : [
      0.45092937,
      -0.8017844,
      -0.39217943,
      0,
      0.63075805,
      -0.024623454,
      0.775589,
      0,
      -0.6315118,
      -0.59710604,
      0.49462855,
      0,
      0.12004119,
      0.34959283,
      -0.1935156,
      1
    ],
    "keyframeTimestamp" : 235083.582495875,
    "uuid" : "FA9DEB87-245C-4CCD-ADFD-382581A0EDA6"
  },
  {
    "transform" : [
      0.25369594,
      -0.96724063,
      -0.009151258,
      0,
      -0.5368656,
      -0.13293111,
      -0.83312964,
      0,
      0.80462056,
      0.21627453,
      -0.55300224,
      0,
      1.7643831,
      0.057732053,
      2.0823314,
      0.9999999
    ],
    "keyframeTimestamp" : 235159.938037208,
    "uuid" : "53D037E6-E052-4497-9139-71EF9D8D51DE"
  },
  {
    "transform" : [
      -0.07194649,
      -0.9892412,
      0.12737752,
      0,
      0.9899875,
      -0.055276677,
      0.12988268,
      0,
      -0.12144434,
      0.13544674,
      0.9833138,
      0,
      0.05275899,
      0.13661793,
      0.047572568,
      1.0000001
    ],
    "keyframeTimestamp" : 235051.027650625,
    "uuid" : "3F9A2D7E-CFA7-4F8C-B36E-89C4CB545DA7"
  },
  {
    "transform" : [
      0.19060035,
      -0.9735925,
      -0.12565547,
      0,
      -0.6997977,
      -0.044987027,
      -0.71292293,
      0,
      0.6884436,
      0.22381675,
      -0.6898924,
      0,
      1.6967937,
      0.057013705,
      1.3710009,
      0.99999994
    ],
    "keyframeTimestamp" : 235149.325241791,
    "uuid" : "DC57A04B-4A06-4BA2-890C-08BB7BB540DA"
  },
  {
    "transform" : [
      0.23374183,
      -0.948395,
      0.21427102,
      0,
      -0.6927011,
      -0.0077864635,
      0.72118264,
      0,
      -0.68229765,
      -0.3169963,
      -0.6587744,
      0,
      2.357288,
      0.23161262,
      1.3324912,
      1.0000001
    ],
    "keyframeTimestamp" : 235135.097092375,
    "uuid" : "163FD2AD-9108-4D17-AAA4-9ED182E82CC5"
  },
  {
    "transform" : [
      0.8529198,
      -0.47764936,
      -0.21066387,
      0,
      -0.34074375,
      -0.203648,
      -0.9178352,
      0,
      0.39550212,
      0.85462177,
      -0.33645138,
      0,
      1.7867192,
      -0.24224865,
      2.3381364,
      0.9999999
    ],
    "keyframeTimestamp" : 235155.3896965,
    "uuid" : "2A37C319-C18A-452C-92B4-70E683DE7140"
  },
  {
    "transform" : [
      0.35912657,
      -0.704099,
      -0.612595,
      0,
      -0.9171895,
      -0.1448704,
      -0.37118164,
      0,
      0.17260176,
      0.6951669,
      -0.69781905,
      0,
      1.8408324,
      -0.1711073,
      2.135318,
      0.9999999
    ],
    "keyframeTimestamp" : 235152.440772458,
    "uuid" : "98F77CA1-86A7-448D-B7E2-132FE79D4D8B"
  },
  {
    "transform" : [
      -0.15456966,
      -0.7555689,
      -0.6365718,
      0,
      -0.981142,
      0.041704085,
      0.18873666,
      0,
      -0.11605595,
      0.65374017,
      -0.7477667,
      0,
      0.010991116,
      -0.058842547,
      1.5619941,
      0.9999999
    ],
    "keyframeTimestamp" : 235106.9073505,
    "uuid" : "101CA0C5-1234-4438-82D4-9E859944EF90"
  },
  {
    "transform" : [
      0.64076376,
      -0.76388526,
      -0.07681958,
      0,
      -0.17688939,
      -0.04952559,
      -0.98298407,
      0,
      0.7470824,
      0.64344907,
      -0.16685735,
      0,
      1.4480673,
      -0.14601669,
      1.6057318,
      0.99999994
    ],
    "keyframeTimestamp" : 235163.886596833,
    "uuid" : "650CBA21-E22D-41B5-AA58-79C6B859A2E2"
  },
  {
    "transform" : [
      0.020831974,
      -0.9846158,
      -0.17348738,
      0,
      -0.987609,
      -0.047263075,
      0.14964849,
      0,
      -0.15554582,
      0.16822019,
      -0.97339994,
      0,
      2.3811128,
      0.24108176,
      1.4604415,
      1
    ],
    "keyframeTimestamp" : 235137.013060916,
    "uuid" : "DF3D942A-0A7C-4735-A8EA-7DE6E4EF5057"
  },
  {
    "transform" : [
      0.055411022,
      -0.99629074,
      0.06583679,
      0,
      -0.9974172,
      -0.05221424,
      0.049324084,
      0,
      -0.04570352,
      -0.068399824,
      -0.99661076,
      0,
      -0.055543102,
      0.2036098,
      1.5626489,
      1.0000001
    ],
    "keyframeTimestamp" : 235104.524883333,
    "uuid" : "012454A7-B7AD-444A-9443-5DAAE8F3049A"
  },
  {
    "transform" : [
      0.83348644,
      -0.3929294,
      -0.38846806,
      0,
      -0.489797,
      -0.20001467,
      -0.8485833,
      0,
      0.25573388,
      0.8975527,
      -0.35916504,
      0,
      1.8559152,
      -0.25150058,
      2.3091626,
      0.99999994
    ],
    "keyframeTimestamp" : 235153.790280125,
    "uuid" : "58621A33-4AF5-4F36-9AED-7D2BEB866237"
  },
  {
    "transform" : [
      0.083571956,
      -0.9047469,
      -0.41767058,
      0,
      -0.9925843,
      -0.03844972,
      -0.115318015,
      0,
      0.088274315,
      0.42421058,
      -0.901251,
      0,
      0.0987612,
      0.086029544,
      -0.68815655,
      1
    ],
    "keyframeTimestamp" : 235068.038141916,
    "uuid" : "6AF86EAC-97E3-4FBC-AA31-D446507EABF6"
  },
  {
    "transform" : [
      0.6793378,
      -0.69857216,
      0.22471635,
      0,
      0.251548,
      -0.065989465,
      -0.9655928,
      0,
      0.6893651,
      0.7124902,
      0.13089527,
      0,
      0.15593174,
      -0.071565084,
      -0.21657932,
      1
    ],
    "keyframeTimestamp" : 235072.10333225,
    "uuid" : "2BCA5E77-2874-4B85-AB4F-57A2AA7112CF"
  },
  {
    "transform" : [
      -0.38048723,
      -0.92271745,
      -0.061823677,
      0,
      0.019193662,
      -0.07471665,
      0.99702007,
      0,
      -0.9245872,
      0.3781667,
      0.04613905,
      0,
      1.4548733,
      0.05115601,
      1.5591167,
      1
    ],
    "keyframeTimestamp" : 235127.799750625,
    "uuid" : "1F13040A-168E-4C2D-904A-B0F59AD521C4"
  },
  {
    "transform" : [
      0.25583994,
      -0.8481825,
      -0.4638237,
      0,
      -0.91116047,
      -0.05125824,
      -0.40885136,
      0,
      0.32300574,
      0.52721816,
      -0.7859444,
      0,
      1.6818873,
      -0.084871165,
      1.5189469,
      0.99999994
    ],
    "keyframeTimestamp" : 235150.191592541,
    "uuid" : "55ABD7AE-9CCB-442C-868A-AD7C685C8F1A"
  },
  {
    "transform" : [
      0.2969398,
      -0.9534909,
      -0.05178693,
      0,
      -0.57946503,
      -0.13682246,
      -0.80343014,
      0,
      0.75897795,
      0.26857904,
      -0.5931426,
      0,
      1.77492,
      0.047283005,
      2.0548778,
      0.9999999
    ],
    "keyframeTimestamp" : 235160.054661333,
    "uuid" : "670EECFB-9F67-4794-BAA8-4206BDCE4681"
  },
  {
    "transform" : [
      0.29124045,
      -0.92423874,
      -0.24690439,
      0,
      0.6213442,
      -0.013491796,
      0.7834217,
      0,
      -0.7273998,
      -0.38157666,
      0.570341,
      0,
      0.13997078,
      0.30092484,
      -0.262142,
      1
    ],
    "keyframeTimestamp" : 235085.115272166,
    "uuid" : "0E514956-0BBF-4E4E-9D55-5272CC3E4C18"
  },
  {
    "transform" : [
      -0.06345017,
      -0.81586707,
      -0.57474786,
      0,
      -0.997645,
      0.066889256,
      0.015185777,
      0,
      0.026054872,
      0.5743579,
      -0.81818986,
      0,
      1.8542935,
      -0.23451869,
      1.4252771,
      1
    ],
    "keyframeTimestamp" : 235142.8109485,
    "uuid" : "FC19CBC3-FB42-42AC-A017-6C0A5188527F"
  },
  {
    "transform" : [
      -0.35344496,
      -0.935429,
      0.007032494,
      0,
      0.10766932,
      -0.033211995,
      0.993632,
      0,
      -0.9292386,
      0.35195136,
      0.11245562,
      0,
      0.20724484,
      0.05046663,
      -0.107445866,
      1
    ],
    "keyframeTimestamp" : 235090.180098458,
    "uuid" : "031EA081-D5BA-4EE0-9F9A-B8256F60BDB1"
  },
  {
    "transform" : [
      -0.1799729,
      -0.78916806,
      -0.58721703,
      0,
      -0.9481833,
      -0.019724652,
      0.31711167,
      0,
      -0.26183704,
      0.6138607,
      -0.744726,
      0,
      2.39484,
      0.017385457,
      1.4704014,
      1
    ],
    "keyframeTimestamp" : 235138.42921175,
    "uuid" : "219FBBEB-4648-464A-9FA9-E21D9032619D"
  },
  {
    "transform" : [
      -0.23173358,
      -0.972633,
      -0.016880387,
      0,
      0.08519175,
      -0.037577216,
      0.9956558,
      0,
      -0.969042,
      0.22928879,
      0.09156818,
      0,
      1.3825223,
      0.112206705,
      1.5758424,
      1
    ],
    "keyframeTimestamp" : 235127.466538541,
    "uuid" : "4F12A424-98CB-4363-A07C-FF21218075AB"
  },
  {
    "transform" : [
      -0.5357826,
      -0.84374833,
      0.032035057,
      0,
      -0.07330399,
      0.0842782,
      0.9937426,
      0,
      -0.8411683,
      0.5300815,
      -0.10700492,
      0,
      0.36472863,
      -0.040127877,
      1.7785461,
      1
    ],
    "keyframeTimestamp" : 235109.606369,
    "uuid" : "28C3CE9D-5022-46A7-92BB-22F5E8880ECB"
  },
  {
    "transform" : [
      0.019173237,
      -0.995666,
      -0.09100398,
      0,
      -0.9996453,
      -0.017406525,
      -0.020167716,
      0,
      0.01849623,
      0.091358334,
      -0.9956466,
      0,
      -0.06601575,
      0.16944945,
      1.5752898,
      1
    ],
    "keyframeTimestamp" : 235104.991380333,
    "uuid" : "26B78B6D-A850-4484-B5E8-8E9A2121D12F"
  },
  {
    "transform" : [
      0.14154615,
      -0.74082196,
      -0.65661836,
      0,
      -0.9883139,
      -0.06784925,
      -0.13649914,
      0,
      0.05657048,
      0.6682658,
      -0.7417684,
      0,
      1.7855632,
      -0.15522484,
      1.7101139,
      0.99999994
    ],
    "keyframeTimestamp" : 235151.074603916,
    "uuid" : "3B09F9C2-39E0-4BEC-92B7-CF2C84218883"
  },
  {
    "transform" : [
      -0.015189161,
      -0.9998418,
      -0.009263851,
      0,
      -0.9946808,
      0.014165418,
      0.10202953,
      0,
      -0.101882175,
      0.010764314,
      -0.99473846,
      0,
      1.8218695,
      -0.008336943,
      1.4822546,
      1
    ],
    "keyframeTimestamp" : 235144.027172166,
    "uuid" : "80CE9C8E-5E90-4728-9453-C88EF7FFAA7B"
  },
  {
    "transform" : [
      -0.14389864,
      -0.94801295,
      -0.28383994,
      0,
      0.9820682,
      -0.10150098,
      -0.15887125,
      0,
      0.12180201,
      -0.30161142,
      0.94561905,
      0,
      0.12949263,
      0.26703218,
      2.0812943,
      1
    ],
    "keyframeTimestamp" : 235114.354642958,
    "uuid" : "8A720A17-5D53-4585-8412-B9CFF1D92557"
  },
  {
    "transform" : [
      -0.071958795,
      -0.75038373,
      -0.65707403,
      0,
      -0.99740094,
      0.056573156,
      0.04462231,
      0,
      0.003688897,
      0.6585771,
      -0.75250435,
      0,
      1.890029,
      -0.26299155,
      1.412897,
      1
    ],
    "keyframeTimestamp" : 235142.461076083,
    "uuid" : "847AC929-8CE3-47FB-B131-BB3FB089C8EF"
  },
  {
    "transform" : [
      0.19051243,
      -0.7124926,
      -0.6753217,
      0,
      -0.98144114,
      -0.12290667,
      -0.14719884,
      0,
      0.021876553,
      0.6908315,
      -0.72268474,
      0,
      1.8451091,
      -0.16516864,
      2.004022,
      0.9999998
    ],
    "keyframeTimestamp" : 235152.057578875,
    "uuid" : "1D0F99BF-067E-4BF3-B080-552CB9E84097"
  },
  {
    "transform" : [
      -0.17627947,
      -0.9651321,
      0.19350947,
      0,
      -0.69449395,
      -0.017369838,
      -0.7192889,
      0,
      0.69756997,
      -0.261187,
      -0.66721654,
      0,
      1.780456,
      0.028880738,
      2.2830951,
      1
    ],
    "keyframeTimestamp" : 235157.289003583,
    "uuid" : "98D9DFEE-8477-4D70-8475-E94EF7463D6B"
  },
  {
    "transform" : [
      -0.012644933,
      -0.7878918,
      0.6156839,
      0,
      -0.99927676,
      -0.012125769,
      -0.036040556,
      0,
      0.035861686,
      -0.61569434,
      -0.7871687,
      0,
      1.8192244,
      0.2642388,
      1.4497507,
      1
    ],
    "keyframeTimestamp" : 235145.676571458,
    "uuid" : "CE2CE786-74F6-4E17-8470-D4C247A40127"
  },
  {
    "transform" : [
      0.5565623,
      -0.8163523,
      -0.15429695,
      0,
      0.14061594,
      -0.09047948,
      0.98592144,
      0,
      -0.8188198,
      -0.5704231,
      0.06443463,
      0,
      0.09977071,
      0.35562792,
      -0.11611785,
      1
    ],
    "keyframeTimestamp" : 235081.566561666,
    "uuid" : "643B9392-B076-4F29-8DBB-51790ADFA98C"
  },
  {
    "transform" : [
      -0.33327138,
      -0.89151454,
      0.30680925,
      0,
      -0.50716454,
      -0.10480758,
      -0.8554529,
      0,
      0.7948048,
      -0.4407007,
      -0.4172151,
      0,
      1.743195,
      0.13396311,
      2.2580602,
      0.99999994
    ],
    "keyframeTimestamp" : 235158.288639041,
    "uuid" : "CB2B7046-6E9D-422A-9089-17CEAA5A2950"
  },
  {
    "transform" : [
      0.2494125,
      -0.9681339,
      0.022590786,
      0,
      -0.65548664,
      -0.18594742,
      -0.7319569,
      0,
      0.712833,
      0.16775122,
      -0.6809764,
      0,
      1.7952107,
      -0.09488997,
      2.2791631,
      1.0000001
    ],
    "keyframeTimestamp" : 235156.622579916,
    "uuid" : "06477A95-0D0B-4E33-B2ED-BF24ABDE9A9A"
  },
  {
    "transform" : [
      0.662944,
      -0.7480435,
      0.030600647,
      0,
      0.031031862,
      -0.013382612,
      -0.99942875,
      0,
      0.7480257,
      0.6635149,
      0.014341267,
      0,
      1.4420687,
      -0.17862847,
      1.5237782,
      0.99999994
    ],
    "keyframeTimestamp" : 235164.453056708,
    "uuid" : "31568640-B8A2-41A5-BBDD-FF2E7B1CCE98"
  },
  {
    "transform" : [
      -0.40692145,
      -0.8528298,
      -0.32725638,
      0,
      -0.6190455,
      -0.005982796,
      0.7853327,
      0,
      -0.6717128,
      0.52215505,
      -0.52550566,
      0,
      2.2049816,
      -0.13335748,
      1.4253495,
      1.0000001
    ],
    "keyframeTimestamp" : 235131.1651915,
    "uuid" : "669162DE-E3C6-44AC-9A4C-36D07BBA148A"
  },
  {
    "transform" : [
      0.54113764,
      -0.83694804,
      -0.08178323,
      0,
      -0.18946688,
      -0.02659087,
      -0.9815272,
      0,
      0.81931245,
      0.54663634,
      -0.17296319,
      0,
      1.5876399,
      -0.11173674,
      1.6352665,
      0.99999994
    ],
    "keyframeTimestamp" : 235163.353458041,
    "uuid" : "B646312A-4CF0-44D7-8712-0E0DBD5B35E9"
  },
  {
    "transform" : [
      -0.16264917,
      -0.9837101,
      -0.07654793,
      0,
      0.65893203,
      -0.050548833,
      -0.7505019,
      0,
      0.7344071,
      -0.17250842,
      0.65641993,
      0,
      0.43861136,
      0.25675142,
      -0.061019015,
      0.99999994
    ],
    "keyframeTimestamp" : 235075.2688495,
    "uuid" : "C8051A5E-D239-41FB-85EE-0C6F2C85C687"
  },
  {
    "transform" : [
      0.019704277,
      -0.9983343,
      0.05422564,
      0,
      -0.73927283,
      0.021966195,
      0.6730477,
      0,
      -0.67311794,
      -0.053349454,
      -0.73760855,
      0,
      2.2685184,
      0.014856558,
      1.3998456,
      1.0000001
    ],
    "keyframeTimestamp" : 235132.464718125,
    "uuid" : "B2FB5D4B-4AC1-46D6-BDF3-EFAA9B2914EC"
  },
  {
    "transform" : [
      -0.27700475,
      -0.9214537,
      0.27238062,
      0,
      -0.6736337,
      -0.015910452,
      -0.73889434,
      0,
      0.6851906,
      -0.38816193,
      -0.61631507,
      0,
      1.771686,
      0.08745734,
      2.2795558,
      1.0000001
    ],
    "keyframeTimestamp" : 235157.555572958,
    "uuid" : "1FFC8CAD-0EF1-4B0E-9789-7B894C06E47E"
  },
  {
    "transform" : [
      -0.3339488,
      -0.69955504,
      -0.6317444,
      0,
      -0.8862751,
      0.0048435587,
      0.46313375,
      0,
      -0.32092774,
      0.7145622,
      -0.6216159,
      0,
      2.063211,
      -0.2769544,
      1.3575865,
      1
    ],
    "keyframeTimestamp" : 235141.494761458,
    "uuid" : "50243B92-4B85-4A86-8537-7FF3E9A2CED1"
  },
  {
    "transform" : [
      -0.3951495,
      -0.8801915,
      0.26290703,
      0,
      -0.36286843,
      -0.113362245,
      -0.9249193,
      0,
      0.84390986,
      -0.46088198,
      -0.27459863,
      0,
      1.7413385,
      0.1377077,
      2.2582083,
      1
    ],
    "keyframeTimestamp" : 235158.488566041,
    "uuid" : "58032141-647F-4B61-98D2-8CB25FE7102B"
  },
  {
    "transform" : [
      0.36543512,
      -0.93081325,
      -0.0066203764,
      0,
      -0.13924076,
      -0.061695103,
      0.9883349,
      0,
      -0.9203637,
      -0.36025038,
      -0.15215272,
      0,
      0.11790279,
      0.2834987,
      -0.08557635,
      0.99999994
    ],
    "keyframeTimestamp" : 235087.780970291,
    "uuid" : "D5E7C89C-C5F3-44E3-AA4A-F9A11DA5D12B"
  },
  {
    "transform" : [
      -0.18401524,
      -0.9722461,
      -0.1444838,
      0,
      -0.63703066,
      0.0060201716,
      0.7708148,
      0,
      -0.7485521,
      0.23388225,
      -0.62045854,
      0,
      2.2415314,
      -0.08551114,
      1.4394057,
      1
    ],
    "keyframeTimestamp" : 235131.864936583,
    "uuid" : "66F28784-B36A-45B4-894C-44A00DD518D3"
  },
  {
    "transform" : [
      0.12428089,
      -0.97824967,
      -0.16607815,
      0,
      0.76594543,
      -0.011819304,
      0.6427973,
      0,
      -0.63077897,
      -0.20709416,
      0.74781686,
      0,
      1.1038103,
      0.21544881,
      1.6797905,
      1
    ],
    "keyframeTimestamp" : 235125.567229875,
    "uuid" : "6FCF8469-C469-4D48-AF02-745ACCD723AB"
  },
  {
    "transform" : [
      0.05466207,
      -0.99550426,
      -0.07735296,
      0,
      0.5578508,
      -0.03380383,
      0.8292527,
      0,
      -0.8281395,
      -0.08848005,
      0.55349505,
      0,
      0.24368954,
      0.16392194,
      2.0723474,
      1
    ],
    "keyframeTimestamp" : 235112.205424375,
    "uuid" : "A36A5614-A17F-4D24-99C3-F765C9BDCBA0"
  },
  {
    "transform" : [
      0.66439843,
      -0.71763515,
      0.20874435,
      0,
      0.29763868,
      -0.0021355927,
      -0.95467615,
      0,
      0.6855552,
      0.69641566,
      0.21217717,
      0,
      1.5951144,
      -0.2006382,
      1.4980865,
      0.9999999
    ],
    "keyframeTimestamp" : 235165.002856,
    "uuid" : "498B1731-DBE6-4745-93F8-F464DB04FE95"
  },
  {
    "transform" : [
      -0.5704029,
      -0.7769377,
      -0.26647297,
      0,
      -0.3228067,
      -0.08627139,
      0.9425246,
      0,
      -0.75527227,
      0.6236383,
      -0.20159137,
      0,
      1.8598903,
      -0.07084248,
      1.4754198,
      0.9999999
    ],
    "keyframeTimestamp" : 235129.565774333,
    "uuid" : "3628FE45-7437-4D75-BD0C-D288F39E6176"
  },
  {
    "transform" : [
      0.33947918,
      -0.9024963,
      -0.2650556,
      0,
      0.5806516,
      -0.020617628,
      0.81389153,
      0,
      -0.73999864,
      -0.4302041,
      0.51703656,
      0,
      0.31141537,
      0.34374318,
      -0.09350002,
      1
    ],
    "keyframeTimestamp" : 235079.983803291,
    "uuid" : "801D8428-D685-4201-BEC6-B69661C1D282"
  },
  {
    "transform" : [
      0.34332597,
      -0.9281192,
      -0.1439511,
      0,
      -0.6993785,
      -0.15033317,
      -0.6987628,
      0,
      0.62689465,
      0.34057966,
      -0.70071995,
      0,
      1.7974482,
      0.02632061,
      1.9911314,
      1
    ],
    "keyframeTimestamp" : 235160.304570291,
    "uuid" : "87858676-B3E4-4B11-AC90-2BB08BD2E2D3"
  },
  {
    "transform" : [
      0.12808512,
      -0.9071619,
      -0.40081355,
      0,
      0.8702929,
      -0.09099253,
      0.484057,
      0,
      -0.47558898,
      -0.41082543,
      0.7778415,
      0,
      0.35084885,
      0.33228478,
      -0.053126667,
      0.99999994
    ],
    "keyframeTimestamp" : 235078.884202833,
    "uuid" : "C3329C52-E99A-423A-B8AB-34B86303A083"
  },
  {
    "transform" : [
      0.36363626,
      -0.9052193,
      -0.21987987,
      0,
      0.5015411,
      -0.008658149,
      0.86509097,
      0,
      -0.7850006,
      -0.42485708,
      0.45085615,
      0,
      0.1395171,
      0.3078717,
      -0.24143565,
      1
    ],
    "keyframeTimestamp" : 235085.381841958,
    "uuid" : "635ACCA7-3E7E-4954-8D97-2573FCF81B01"
  },
  {
    "transform" : [
      -0.15333448,
      -0.549871,
      0.8210548,
      0,
      0.96785754,
      0.08405057,
      0.23704009,
      0,
      -0.1993516,
      0.83101004,
      0.5193088,
      0,
      0.91759366,
      -0.19896208,
      1.6770413,
      1
    ],
    "keyframeTimestamp" : 235121.668648791,
    "uuid" : "6B284BC0-DEB1-4795-8DA0-C96CD39C2D88"
  },
  {
    "transform" : [
      0.07593728,
      -0.9969176,
      -0.019720603,
      0,
      -0.6325669,
      -0.032876786,
      -0.77380764,
      0,
      0.7707743,
      0.07123544,
      -0.6331136,
      0,
      1.7193313,
      0.12085898,
      1.3353045,
      1
    ],
    "keyframeTimestamp" : 235148.87540575,
    "uuid" : "311816DB-8DA3-467E-8F3F-BBB2C8C4AA85"
  },
  {
    "transform" : [
      0.116373554,
      -0.9761347,
      0.18335484,
      0,
      0.73208404,
      -0.0404538,
      -0.6800124,
      0,
      0.67120063,
      0.21336655,
      0.7099046,
      0,
      0.35309872,
      0.1332029,
      -0.03203225,
      1
    ],
    "keyframeTimestamp" : 235074.085945708,
    "uuid" : "9793C064-7D28-4E47-A14E-E822E2068251"
  },
  {
    "transform" : [
      0.5429839,
      -0.83960885,
      -0.0150164645,
      0,
      -0.023867637,
      -0.033305507,
      0.9991602,
      0,
      -0.839404,
      -0.5421695,
      -0.03812385,
      0,
      0.09228818,
      0.33238626,
      -0.15206788,
      1
    ],
    "keyframeTimestamp" : 235086.364818208,
    "uuid" : "F7F09B1D-A3BC-40F6-99B5-48E8598BCD44"
  },
  {
    "transform" : [
      -0.101179466,
      -0.9623484,
      0.25228605,
      0,
      0.9744207,
      -0.04471149,
      0.22023939,
      0,
      -0.20066692,
      0.26811635,
      0.9422561,
      0,
      1.0460039,
      -0.008223421,
      1.6306801,
      1
    ],
    "keyframeTimestamp" : 235123.784545166,
    "uuid" : "1ED9B3FD-72E3-4A93-94CD-01AF1D3D254C"
  },
  {
    "transform" : [
      0.007498764,
      -0.726826,
      0.68678075,
      0,
      0.99974895,
      0.019954948,
      0.01020254,
      0,
      -0.021120133,
      0.68653166,
      0.7267933,
      0,
      1.0407819,
      -0.14648327,
      1.5832556,
      1
    ],
    "keyframeTimestamp" : 235122.951515083,
    "uuid" : "CDEF07C3-DB9A-4C13-BADF-4206F0B0AB1D"
  },
  {
    "transform" : [
      -0.018944614,
      -0.9997886,
      0.007997429,
      0,
      0.38468128,
      9.44054e-05,
      0.92304975,
      0,
      -0.9228553,
      0.020563276,
      0.3845981,
      0,
      0.20734254,
      0.12273145,
      2.0388384,
      1
    ],
    "keyframeTimestamp" : 235111.672284875,
    "uuid" : "FF054443-4640-425F-BF36-59DB65C0A316"
  },
  {
    "transform" : [
      -0.442872,
      -0.67798483,
      -0.5866866,
      0,
      -0.8022193,
      0.0074312626,
      0.5969834,
      0,
      -0.40038604,
      0.73503834,
      -0.5471836,
      0,
      2.154757,
      -0.27164835,
      1.3418005,
      0.99999994
    ],
    "keyframeTimestamp" : 235141.144888958,
    "uuid" : "94FA5198-5839-47A1-B921-A5704EFBCE45"
  },
  {
    "transform" : [
      -0.04548352,
      -0.9962902,
      -0.07305505,
      0,
      -0.65265787,
      -0.025728704,
      0.7572156,
      0,
      -0.7562864,
      0.0821208,
      -0.6490667,
      0,
      0.24913523,
      0.1923937,
      -0.75193745,
      1
    ],
    "keyframeTimestamp" : 235063.8896485,
    "uuid" : "707787FC-FA3B-418A-9476-3980D625A451"
  },
  {
    "transform" : [
      -0.43890992,
      -0.81184757,
      0.38504818,
      0,
      0.6789368,
      -0.018950587,
      0.7339525,
      0,
      -0.5885604,
      0.58356214,
      0.5595106,
      0,
      0.49607998,
      -0.111377195,
      1.973943,
      1
    ],
    "keyframeTimestamp" : 235119.369485541,
    "uuid" : "ACA096B8-E74E-4086-89D8-DC27FDB9E017"
  },
  {
    "transform" : [
      -0.0032677236,
      -0.99231666,
      -0.12368072,
      0,
      0.90612465,
      -0.055255525,
      0.41938645,
      0,
      -0.42299825,
      -0.1106997,
      0.8993432,
      0,
      1.0845743,
      0.13898163,
      1.6616344,
      1.0000001
    ],
    "keyframeTimestamp" : 235124.850823666,
    "uuid" : "3C84F6AC-FD8A-4F99-BB6C-FC1D2CAFF913"
  },
  {
    "transform" : [
      0.49240902,
      -0.6830763,
      0.53938895,
      0,
      0.75436765,
      0.02583699,
      -0.65594375,
      0,
      0.43412343,
      0.72988987,
      0.52801305,
      0,
      1.8196416,
      -0.24512793,
      1.3289481,
      0.9999999
    ],
    "keyframeTimestamp" : 235166.50230875,
    "uuid" : "93C87169-140C-43ED-8529-4968498D6C88"
  },
  {
    "transform" : [
      0.077084854,
      -0.993136,
      0.08797128,
      0,
      -0.6746804,
      -0.11692282,
      -0.7287903,
      0,
      0.7340739,
      -0.0031738032,
      -0.6790624,
      0,
      1.7906018,
      -0.071779944,
      2.2793298,
      0.99999994
    ],
    "keyframeTimestamp" : 235156.822507041,
    "uuid" : "68F11E16-1EA5-48FA-B87D-9CFF712B7AA8"
  },
  {
    "transform" : [
      -0.07977675,
      -0.9092823,
      -0.4084616,
      0,
      0.9940985,
      -0.042355202,
      -0.09987005,
      0,
      0.07350966,
      -0.41401842,
      0.9072956,
      0,
      0.3846754,
      0.3343684,
      0.05674593,
      0.99999994
    ],
    "keyframeTimestamp" : 235077.468050583,
    "uuid" : "B77B23B6-C453-40FD-910F-F3AEB5F2997F"
  },
  {
    "transform" : [
      -0.15116504,
      -0.9723976,
      0.17774205,
      0,
      0.88798,
      -0.05457508,
      0.45663282,
      0,
      -0.4343283,
      0.2268582,
      0.87171924,
      0,
      0.11852594,
      0.13625623,
      0.07515536,
      1
    ],
    "keyframeTimestamp" : 235052.443803125,
    "uuid" : "B7BB8113-4042-4841-948D-BAA474D1B1B1"
  },
  {
    "transform" : [
      0.03119396,
      -0.99726284,
      -0.06703682,
      0,
      0.3109093,
      -0.054060772,
      0.94890094,
      0,
      -0.94992775,
      -0.05044235,
      0.30837193,
      0,
      1.2658602,
      0.20145494,
      1.6478695,
      1
    ],
    "keyframeTimestamp" : 235126.816775041,
    "uuid" : "4EDD3170-9FFB-4248-9BF8-163E422EC0E7"
  },
  {
    "transform" : [
      -0.43575692,
      -0.89184844,
      0.12133532,
      0,
      0.274351,
      -0.0032195773,
      0.96162415,
      0,
      -0.85723245,
      0.45232287,
      0.24608248,
      0,
      0.14721988,
      0.013843888,
      -0.112280376,
      0.9999999
    ],
    "keyframeTimestamp" : 235090.579953041,
    "uuid" : "2AA2611B-6F6C-403E-9C00-808D63B1524A"
  },
  {
    "transform" : [
      -0.075232685,
      -0.995782,
      0.052519053,
      0,
      0.59965104,
      -0.0030977272,
      0.80025595,
      0,
      -0.7967177,
      0.09169846,
      0.5973545,
      0,
      0.16395593,
      0.1548596,
      -0.15676273,
      1
    ],
    "keyframeTimestamp" : 235055.792587625,
    "uuid" : "8EECFF05-4CF2-4A78-A7F4-AA0A750FBFBC"
  },
  {
    "transform" : [
      -0.11413113,
      -0.99189633,
      -0.055820562,
      0,
      0.93758315,
      -0.08896199,
      -0.33619016,
      0,
      0.32849988,
      -0.090706155,
      0.94013864,
      0,
      0.1106569,
      0.19949646,
      2.1631463,
      1
    ],
    "keyframeTimestamp" : 235115.087709875,
    "uuid" : "A962631A-C081-438D-BBDA-65ACBE50CDF2"
  },
  {
    "transform" : [
      -0.31303436,
      -0.7831287,
      0.5373261,
      0,
      -0.8667185,
      0.004220336,
      -0.4987801,
      0,
      0.3883413,
      -0.62184554,
      -0.680073,
      0,
      1.7815145,
      0.30968648,
      1.3755747,
      1
    ],
    "keyframeTimestamp" : 235146.609564916,
    "uuid" : "F439D198-AA14-4BA1-A38C-1DD1FE524DF5"
  },
  {
    "transform" : [
      -0.047618125,
      -0.9970317,
      -0.060504206,
      0,
      -0.69112355,
      -0.010845879,
      0.72265553,
      0,
      -0.7211665,
      0.076227345,
      -0.6885554,
      0,
      2.255075,
      -0.030050173,
      1.4274623,
      1
    ],
    "keyframeTimestamp" : 235132.1981485,
    "uuid" : "D8EFAEF8-3345-4E15-8F92-ACDB14BC6DE6"
  },
  {
    "transform" : [
      0.254439,
      -0.9349221,
      -0.247349,
      0,
      -0.7766025,
      -0.04510563,
      -0.6283741,
      0,
      0.57632405,
      0.3519747,
      -0.73753947,
      0,
      1.6677847,
      0.0021067187,
      1.4230633,
      1
    ],
    "keyframeTimestamp" : 235149.658453625,
    "uuid" : "6CBED95F-4700-47CB-BD3F-1C41BB6F77DB"
  },
  {
    "transform" : [
      -0.46303642,
      -0.85526246,
      0.23264536,
      0,
      -0.17743535,
      -0.16772094,
      -0.9697355,
      0,
      0.8683978,
      -0.49030215,
      -0.074092895,
      0,
      1.747004,
      0.14436965,
      2.254676,
      1.0000001
    ],
    "keyframeTimestamp" : 235158.755135458,
    "uuid" : "BEDB33E7-E928-43BA-B1CD-0D4544122746"
  },
  {
    "transform" : [
      -0.32024005,
      -0.87965935,
      -0.35163382,
      0,
      0.7853418,
      -0.038930107,
      -0.6178376,
      0,
      0.52979743,
      -0.47400892,
      0.70329994,
      0,
      0.47972202,
      0.3358161,
      -0.061920386,
      1
    ],
    "keyframeTimestamp" : 235076.46841375,
    "uuid" : "2D9490AC-C257-4CDD-9EE7-95FE2ABBFACB"
  },
  {
    "transform" : [
      0.6392493,
      -0.7323826,
      -0.23446928,
      0,
      -0.3949054,
      -0.05101626,
      -0.917304,
      0,
      0.65985596,
      0.6789793,
      -0.32183403,
      0,
      0.2442595,
      -0.039410762,
      -0.2232966,
      1
    ],
    "keyframeTimestamp" : 235071.070373958,
    "uuid" : "305BE77C-790B-428C-A669-6E99C74D0C5D"
  },
  {
    "transform" : [
      -0.027377708,
      -0.9044591,
      -0.42568126,
      0,
      0.9705255,
      -0.12605138,
      0.20540628,
      0,
      -0.23943928,
      -0.40751082,
      0.88125163,
      0,
      0.19063236,
      0.28031301,
      2.0963638,
      1
    ],
    "keyframeTimestamp" : 235113.638236833,
    "uuid" : "2DBE6754-3F21-4941-8686-1CDDDEC9B364"
  },
  {
    "transform" : [
      -0.24828176,
      -0.7085454,
      -0.66054493,
      0,
      -0.9397926,
      0.0108803995,
      0.34157258,
      0,
      -0.2348328,
      0.7055812,
      -0.66858715,
      0,
      2.0124125,
      -0.27910802,
      1.3693728,
      0.99999994
    ],
    "keyframeTimestamp" : 235141.728009791,
    "uuid" : "A680FACC-5877-4287-843A-9F6CF879D69F"
  },
  {
    "transform" : [
      -0.610834,
      -0.7762623,
      -0.15588011,
      0,
      -0.23920815,
      -0.006743274,
      0.9709449,
      0,
      -0.7547592,
      0.63037384,
      -0.18156928,
      0,
      0.09130341,
      -0.06582667,
      -0.13905515,
      1
    ],
    "keyframeTimestamp" : 235093.328953541,
    "uuid" : "04D96B5A-B4F5-48DD-9483-F08DB49FA1C3"
  },
  {
    "transform" : [
      0.13763373,
      -0.7969283,
      -0.5881856,
      0,
      -0.9821886,
      -0.03311873,
      -0.18495697,
      0,
      0.12791742,
      0.6031653,
      -0.7872921,
      0,
      0.11488176,
      -0.0008685179,
      -0.5841439,
      0.99999994
    ],
    "keyframeTimestamp" : 235068.787869541,
    "uuid" : "7696F716-C6B6-413E-B58C-49F83B3E2FC8"
  },
  {
    "transform" : [
      0.23410615,
      -0.91703725,
      -0.32285786,
      0,
      0.77188444,
      -0.026584174,
      0.635207,
      0,
      -0.5910914,
      -0.39791477,
      0.70162326,
      0,
      0.124616,
      0.30635574,
      -0.27368075,
      1
    ],
    "keyframeTimestamp" : 235084.715417416,
    "uuid" : "0034365D-54A6-41A2-8BD4-99D511E47BC4"
  },
  {
    "transform" : [
      0.3094192,
      -0.9471123,
      -0.08507645,
      0,
      -0.6356365,
      -0.13945608,
      -0.75928813,
      0,
      0.70726675,
      0.28901598,
      -0.6451697,
      0,
      1.7871996,
      0.03841793,
      2.0245864,
      1.0000001
    ],
    "keyframeTimestamp" : 235160.171285416,
    "uuid" : "1A150B17-4792-4DAB-A1E4-A329CB727334"
  },
  {
    "transform" : [
      0.5698341,
      -0.79994595,
      -0.18808448,
      0,
      -0.36378005,
      -0.040328573,
      -0.9306116,
      0,
      0.73685366,
      0.5987154,
      -0.31398496,
      0,
      1.6900189,
      -0.12499835,
      1.5681642,
      1
    ],
    "keyframeTimestamp" : 235162.670374041,
    "uuid" : "40A0FF9F-585C-40E6-984E-85C8471CA1F9"
  },
  {
    "transform" : [
      -0.20036748,
      -0.97566956,
      0.08900543,
      0,
      0.2844311,
      0.029005121,
      0.9582579,
      0,
      -0.93752456,
      0.21731955,
      0.27169904,
      0,
      0.25295404,
      0.033629324,
      1.9404963,
      1
    ],
    "keyframeTimestamp" : 235110.839254291,
    "uuid" : "97744917-6146-43A7-AB43-578E6F45990D"
  },
  {
    "transform" : [
      0.0796463,
      -0.99464256,
      0.06589844,
      0,
      -0.831376,
      -0.02980797,
      0.55491054,
      0,
      -0.5499735,
      -0.09898295,
      -0.82929635,
      0,
      0.17464362,
      0.25047493,
      -0.74191225,
      1.0000001
    ],
    "keyframeTimestamp" : 235064.889285458,
    "uuid" : "BF2AF801-3C61-4BCE-A788-F3AAD1E93D4F"
  },
  {
    "transform" : [
      0.09910892,
      -0.9905885,
      0.094403155,
      0,
      -0.47829136,
      -0.13061507,
      -0.8684339,
      0,
      0.87259114,
      0.040917307,
      -0.486735,
      0,
      1.7508981,
      0.08921342,
      2.147723,
      0.9999999
    ],
    "keyframeTimestamp" : 235159.638146583,
    "uuid" : "F100E024-2E2A-465D-8792-700F93FEF9B7"
  },
  {
    "transform" : [
      0.41781855,
      -0.8162762,
      -0.39890033,
      0,
      -0.76005137,
      -0.07349989,
      -0.6456935,
      0,
      0.49774486,
      0.5729671,
      -0.6511214,
      0,
      1.7790942,
      -0.100842886,
      1.7579263,
