[
  {
    "uuid" : "BDEA22DF-A357-4C2B-AC9F-DB2BCD38F526",
    "transform" : [
      0.0493628,
      -0.9977158,
      -0.046113696,
      0,
      -0.93131024,
      -0.029297572,
      -0.36304694,
      0,
      0.36086667,
      0.06086717,
      -0.93062925,
      0,
      0.46175635,
      0.014021722,
      2.1364534,
      1
    ],
    "keyframeTimestamp" : 235173.383130125
  },
  {
    "uuid" : "017A921B-818A-46CC-9588-4E16CB3B1E99",
    "transform" : [
      -0.5007807,
      -0.81202054,
      -0.2997357,
      0,
      -0.5938719,
      0.070403926,
      0.80147326,
      0,
      -0.6297102,
      0.5793669,
      -0.5174933,
      0,
      0.32212228,
      -0.04837564,
      1.6677339,
      1
    ],
    "keyframeTimestamp" : 235108.673374916
  },
  {
    "uuid" : "F4B8DC41-D1AB-4D85-B4B1-8EDD2D1A0DE6",
    "transform" : [
      0.094054565,
      -0.9749461,
      -0.20158023,
      0,
      0.7000121,
      -0.07921185,
      0.70972556,
      0,
      -0.70791113,
      -0.20786132,
      0.6750234,
      0,
      0.24695951,
      0.20389763,
      2.1012971,
      1.0000001
    ],
    "keyframeTimestamp" : 235112.57195775
  },
  {
    "uuid" : "BC6BCC1D-23C5-428E-A135-556DF7D0BB0C",
    "transform" : [
      0.38211972,
      -0.8559329,
      0.34837213,
      0,
      0.71240944,
      0.032732435,
      -0.7010002,
      0,
      0.5886063,
      0.5160497,
      0.6222826,
      0,
      0.6000809,
      -0.072537065,
      5.2385254,
      0.99999994
    ],
    "keyframeTimestamp" : 235227.346729291
  },
  {
    "uuid" : "469359D0-02E9-4BE4-9E25-873630711663",
    "transform" : [
      0.36830074,
      -0.89619744,
      -0.24735574,
      0,
      -0.7529282,
      -0.1314427,
      -0.6448422,
      0,
      0.545393,
      0.42373714,
      -0.7231833,
      0,
      1.8004019,
      -0.010572415,
      1.924966,
      0.99999994
    ],
    "keyframeTimestamp" : 235160.604460916
  },
  {
    "uuid" : "00CA618C-E4FF-4331-B4C1-79E26BE32F65",
    "transform" : [
      0.118180245,
      -0.9495886,
      0.2903703,
      0,
      -0.9661392,
      -0.042414095,
      0.2545116,
      0,
      -0.22936553,
      -0.3106163,
      -0.9224474,
      0,
      0.78314316,
      0.26683927,
      6.3028026,
      1
    ],
    "keyframeTimestamp" : 235210.219664583
  },
  {
    "uuid" : "4F12A424-98CB-4363-A07C-FF21218075AB",
    "transform" : [
      -0.23173364,
      -0.97263324,
      -0.016880393,
      0,
      0.08519174,
      -0.03757721,
      0.99565566,
      0,
      -0.96904224,
      0.22928885,
      0.09156821,
      0,
      1.3825223,
      0.112206705,
      1.5758424,
      1
    ],
    "keyframeTimestamp" : 235127.466538541
  },
  {
    "uuid" : "2F349F90-4C87-4EA4-B439-1FFBCC1F9C72",
    "transform" : [
      0.24472195,
      -0.91008556,
      -0.334449,
      0,
      0.74895257,
      -0.041634206,
      0.66131425,
      0,
      -0.6157767,
      -0.41232437,
      0.6714219,
      0,
      0.35137334,
      0.34221494,
      -0.055348117,
      0.99999994
    ],
    "keyframeTimestamp" : 235079.350700041
  },
  {
    "uuid" : "D569F8D3-CF9E-4F5B-9417-E8EDDE1E4A00",
    "transform" : [
      -0.1419939,
      -0.8752123,
      -0.46242973,
      0,
      -0.92643017,
      -0.047048207,
      0.3735153,
      0,
      -0.34866178,
      0.48144576,
      -0.80414265,
      0,
      0.6862874,
      -0.13142702,
      5.8493147,
      1
    ],
    "keyframeTimestamp" : 235196.774579791
  },
  {
    "uuid" : "6B71B23E-CD17-4C6D-9D16-4B4A9D838748",
    "transform" : [
      0.75802314,
      -0.61501074,
      -0.21717176,
      0,
      -0.41333115,
      -0.19539218,
      -0.8893708,
      0,
      0.50453866,
      0.76392686,
      -0.4023146,
      0,
      1.7849355,
      -0.21860778,
      2.3340983,
      1.0000001
    ],
    "keyframeTimestamp" : 235155.906174541
  },
  {
    "uuid" : "DCDA7C62-A77A-4275-B847-FC1640745B1E",
    "transform" : [
      0.027219698,
      -0.99914926,
      -0.031001983,
      0,
      -0.99904555,
      -0.026130028,
      -0.035027213,
      0,
      0.03418729,
      0.031925794,
      -0.9989063,
      0,
      0.0972527,
      0.21809693,
      -0.7204554,
      1.0000001
    ],
    "keyframeTimestamp" : 235066.422062291
  },
  {
    "uuid" : "498B1731-DBE6-4745-93F8-F464DB04FE95",
    "transform" : [
      0.6643961,
      -0.717608,
      0.20884593,
      0,
      0.29775137,
      -0.0021572288,
      -0.95464104,
      0,
      0.6855087,
      0.69644386,
      0.21223557,
      0,
      1.5951308,
      -0.20063736,
      1.4981067,
      1.0000001
    ],
    "keyframeTimestamp" : 235165.002856
  },
  {
    "uuid" : "C3D4C466-1DB9-4303-8F5E-6E3FE4D650E3",
    "transform" : [
      -0.4776801,
      -0.8171837,
      -0.3225406,
      0,
      -0.42022577,
      -0.109880395,
      0.9007423,
      0,
      -0.7715128,
      0.5658064,
      -0.29091397,
      0,
      0.77441823,
      -0.16978805,
      5.774241,
      1
    ],
    "keyframeTimestamp" : 235195.741624125
  },
  {
    "uuid" : "434A4E05-AA7F-4551-87E1-014B8065ECB1",
    "transform" : [
      0.38227785,
      -0.9236122,
      -0.028373448,
      0,
      -0.6055873,
      -0.2272204,
      -0.7626501,
      0,
      0.6979457,
      0.30872667,
      -0.6461892,
      0,
      1.7969518,
      -0.119897306,
      2.2888849,
      0.9999999
    ],
    "keyframeTimestamp" : 235156.439313375
  },
  {
    "uuid" : "7F0B3ED3-020D-40AE-8975-0513BA3AE31F",
    "transform" : [
      -0.5093686,
      -0.7617656,
      -0.4003214,
      0,
      -0.61771107,
      -0.00022614637,
      0.7864054,
      0,
      -0.5991471,
      0.64785296,
      -0.47043586,
      0,
      0.3571983,
      0.054881856,
      -0.77281034,
      1
    ],
    "keyframeTimestamp" : 235060.974040583
  },
  {
    "uuid" : "6CBED95F-4700-47CB-BD3F-1C41BB6F77DB",
    "transform" : [
      0.254439,
      -0.9349221,
      -0.247349,
      0,
      -0.7766025,
      -0.04510563,
      -0.6283741,
      0,
      0.57632405,
      0.3519747,
      -0.73753947,
      0,
      1.6677847,
      0.0021067187,
      1.4230633,
      1
    ],
    "keyframeTimestamp" : 235149.658453625
  },
  {
    "uuid" : "8A156822-E73B-4FF0-A94C-682CB9F12CD0",
    "transform" : [
      0.2679357,
      -0.9444662,
      -0.19024774,
      0,
      -0.6335445,
      -0.023954166,
      -0.7733357,
      0,
      0.7258318,
      0.32773453,
      -0.6047796,
      0,
      0.83519304,
      -0.078608796,
      1.7908747,
      0.99999994
    ],
    "keyframeTimestamp" : 235171.950320791
  },
  {
    "uuid" : "372FE151-56D7-451D-9746-60658AB5539E",
    "transform" : [
      0.4741633,
      -0.8804294,
      -0.0037736238,
      0,
      -0.0049662464,
      0.0016114513,
      -0.9999867,
      0,
      0.8804234,
      0.47417536,
      -0.003608323,
      0,
      1.5776317,
      -0.15302491,
      1.4383128,
      1.0000001
    ],
    "keyframeTimestamp" : 235169.684480333
  },
  {
    "uuid" : "1691E409-FEC9-406A-907C-1907098BFD48",
    "transform" : [
      0.0679459,
      -0.9557953,
      -0.28607497,
      0,
      0.8429497,
      -0.09838489,
      0.5289201,
      0,
      -0.5336847,
      -0.2770847,
      0.7990025,
      0,
      0.23755789,
      0.23253293,
      2.1089866,
      0.99999994
    ],
    "keyframeTimestamp" : 235112.955151833
  },
  {
    "uuid" : "55D90FA6-162D-43CE-92EA-D0EA130D9A89",
    "transform" : [
      -0.14975369,
      -0.8997024,
      -0.41001156,
      0,
      -0.9258536,
      -0.017908052,
      0.37745747,
      0,
      -0.3469419,
      0.4361363,
      -0.830311,
      0,
      0.18336593,
      -0.12261401,
      2.8395822,
      1
    ],
    "keyframeTimestamp" : 235176.298728625
  },
  {
    "uuid" : "45E630F5-A8DC-4802-8D7F-46FE26C8C78E",
    "transform" : [
      0.016544998,
      -0.5072934,
      0.8616144,
      0,
      0.9977712,
      0.0640916,
      0.018575756,
      0,
      -0.0646456,
      0.8593865,
      0.5072231,
      0,
      0.9721353,
      -0.21697414,
      1.6115501,
      1
    ],
    "keyframeTimestamp" : 235122.301751666
  },
  {
    "uuid" : "923434DE-C848-4BE5-9FD3-3B4BEBAFD2FF",
    "transform" : [
      -0.079907835,
      -0.9666252,
      -0.24341439,
      0,
      -0.89726716,
      -0.036617808,
      0.43996733,
      0,
      -0.43419686,
      0.25356457,
      -0.864395,
      0,
      0.7653345,
      0.15109889,
      6.5354095,
      1
    ],
    "keyframeTimestamp" : 235211.535849833
  },
  {
    "uuid" : "1F13040A-168E-4C2D-904A-B0F59AD521C4",
    "transform" : [
      -0.38048723,
      -0.92271745,
      -0.061823677,
      0,
      0.019193662,
      -0.07471665,
      0.99702007,
      0,
      -0.9245874,
      0.3781668,
      0.04613906,
      0,
      1.4548733,
      0.05115601,
      1.5591167,
      1
    ],
    "keyframeTimestamp" : 235127.799750625
  },
  {
    "uuid" : "A60B2827-371B-40DA-B104-8875F2F204DD",
    "transform" : [
      0.6511967,
      -0.7461506,
      0.13857085,
      0,
      0.1994649,
      -0.007895175,
      -0.97987354,
      0,
      0.732227,
      0.6657301,
      0.14368957,
      0,
      1.5268121,
      -0.19780067,
      1.5075191,
      0.99999994
    ],
    "keyframeTimestamp" : 235164.752947166
  },
  {
    "uuid" : "3F351EDB-D931-4888-93F6-6A15A4274DA1",
    "transform" : [
      0.39846525,
      -0.76004523,
      -0.5133769,
      0,
      -0.80843735,
      -0.026683103,
      -0.58797693,
      0,
      0.4331907,
      0.6493216,
      -0.6250815,
      0,
      0.15220995,
      -0.04234871,
      -0.29983765,
      1
    ],
    "keyframeTimestamp" : 235070.10405825
  },
  {
    "uuid" : "AA0A5282-FA83-4AD4-A03E-64B5DD18F9BE",
    "transform" : [
      -0.18760405,
      -0.8519231,
      -0.48890877,
      0,
      -0.9110926,
      -0.035067067,
      0.41070873,
      0,
      -0.3670368,
      0.52249163,
      -0.76960194,
      0,
      -0.09572097,
      -0.02460449,
      0.22745414,
      0.99999994
    ],
    "keyframeTimestamp" : 235096.044633041
  },
  {
    "uuid" : "163FD2AD-9108-4D17-AAA4-9ED182E82CC5",
    "transform" : [
      0.23374194,
      -0.9483955,
      0.21427113,
      0,
      -0.6927011,
      -0.007786463,
      0.72118264,
      0,
      -0.68229765,
      -0.3169963,
      -0.6587744,
      0,
      2.357288,
      0.23161262,
      1.3324912,
      1.0000001
    ],
    "keyframeTimestamp" : 235135.097092375
  },
  {
    "uuid" : "5FE5EAB1-FDC7-45EA-A4F0-9B1C25C38CB0",
    "transform" : [
      -0.48261574,
      -0.7718695,
      -0.41388252,
      0,
      -0.6112399,
      -0.041611202,
      0.7903508,
      0,
      -0.62727016,
      0.63441736,
      -0.45171526,
      0,
      0.024092758,
      -0.05979719,
      0.02190831,
      0.9999999
    ],
    "keyframeTimestamp" : 235094.395232541
  },
  {
    "uuid" : "472074B9-0D84-4B0F-9C53-36FF04E1F3A2",
    "transform" : [
      0.21997143,
      -0.97530544,
      -0.019774057,
      0,
      -0.11677081,
      -0.0464506,
      0.99207187,
      0,
      -0.96849227,
      -0.21591853,
      -0.1241051,
      0,
      0.16513248,
      0.24591824,
      -0.09494939,
      0.9999999
    ],
    "keyframeTimestamp" : 235088.280788708
  },
  {
    "uuid" : "EFF5B7DE-FEC7-4BA9-968E-AD3B8320ABF9",
    "transform" : [
      0.14066455,
      -0.96042407,
      0.24041362,
      0,
      -0.7805058,
      0.041823313,
      0.6237484,
      0,
      -0.60911787,
      -0.27538344,
      -0.74373347,
      0,
      2.3130617,
      0.12283197,
      1.3554692,
      1
    ],
    "keyframeTimestamp" : 235133.081160166
  },
  {
    "uuid" : "432D5A76-0474-4B26-8CCF-F2D9A698F021",
    "transform" : [
      0.04286406,
      -0.99878544,
      -0.02429519,
      0,
      -0.95405173,
      -0.04813828,
      0.29574975,
      0,
      -0.2965603,
      0.010501837,
      -0.9549568,
      0,
      0.4342518,
      0.06984802,
      4.0482335,
      1.0000001
    ],
    "keyframeTimestamp" : 235180.730442083
  },
  {
    "uuid" : "2D9490AC-C257-4CDD-9EE7-95FE2ABBFACB",
    "transform" : [
      -0.32024014,
      -0.87965953,
      -0.3516339,
      0,
      0.785342,
      -0.038930118,
      -0.6178378,
      0,
      0.52979755,
      -0.47400904,
      0.7033001,
      0,
      0.47972202,
      0.3358161,
      -0.061920386,
      1
    ],
    "keyframeTimestamp" : 235076.46841375
  },
  {
    "uuid" : "5C152AAB-3517-42FA-BA88-42900B261B9F",
    "transform" : [
      0.24405953,
      -0.76003355,
      -0.60231537,
      0,
      -0.93525416,
      -0.020263957,
      -0.35339698,
      0,
      0.2563884,
      0.64956784,
      -0.7157702,
      0,
      0.8066686,
      -0.16996528,
      5.9745255,
      1
    ],
    "keyframeTimestamp" : 235205.271473625
  },
  {
    "uuid" : "E0CD6D0C-F32C-4C9A-B800-A2D88E61B3CD",
    "transform" : [
      -0.5432435,
      -0.803028,
      -0.24501581,
      0,
      -0.46716005,
      0.04663184,
      0.8829427,
      0,
      -0.6976018,
      0.594114,
      -0.40047482,
      0,
      0.3666589,
      -0.044928804,
      1.6900946,
      1
    ],
    "keyframeTimestamp" : 235109.02324775
  },
  {
    "uuid" : "1F9942B2-A412-4A9F-8D4D-B12A90FE2A7B",
    "transform" : [
      0.099943444,
      -0.9482644,
      0.30133978,
      0,
      -0.98769957,
      -0.05794788,
      0.145232,
      0,
      -0.12025636,
      -0.31214803,
      -0.9423919,
      0,
      2.36244,
      0.294718,
      1.3940578,
      1.0000001
    ],
    "keyframeTimestamp" : 235136.130049375
  },
  {
    "uuid" : "6FCF8469-C469-4D48-AF02-745ACCD723AB",
    "transform" : [
      0.12428089,
      -0.97824967,
      -0.16607815,
      0,
      0.7659456,
      -0.011819307,
      0.64279747,
      0,
      -0.63077897,
      -0.20709416,
      0.74781686,
      0,
      1.1038103,
      0.21544881,
      1.6797905,
      1
    ],
    "keyframeTimestamp" : 235125.567229875
  },
  {
    "uuid" : "1ED9B3FD-72E3-4A93-94CD-01AF1D3D254C",
    "transform" : [
      -0.101179466,
      -0.9623484,
      0.25228605,
      0,
      0.97442096,
      -0.0447115,
      0.22023945,
      0,
      -0.20066692,
      0.26811635,
      0.9422561,
      0,
      1.0460039,
      -0.008223421,
      1.6306801,
      1
    ],
    "keyframeTimestamp" : 235123.784545166
  },
  {
    "uuid" : "06D94580-F9EE-4702-AB36-DD858302DC18",
    "transform" : [
      0.068181016,
      -0.9966753,
      -0.044605974,
      0,
      -0.89227134,
      -0.08091847,
      0.44418964,
      0,
      -0.4463224,
      0.009515342,
      -0.8948222,
      0,
      0.026077999,
      0.13359468,
      1.5488088,
      0.99999994
    ],
    "keyframeTimestamp" : 235102.942125333
  },
  {
    "uuid" : "83BD742A-F3F4-4742-A079-52D044946BF1",
    "transform" : [
      -0.55313617,
      -0.8305725,
      -0.06472954,
      0,
      0.08982927,
      -0.13670745,
      0.98653024,
      0,
      -0.82823366,
      0.5398708,
      0.15022752,
      0,
      0.83138764,
      -0.15062904,
      5.7490673,
      1
    ],
    "keyframeTimestamp" : 235195.275127958
  },
  {
    "uuid" : "AA6E9325-2BEF-426E-AFEF-D48BCBC5FEAB",
    "transform" : [
      -0.033835165,
      -0.9923609,
      -0.11864073,
      0,
      -0.8818516,
      -0.02621858,
      0.4707987,
      0,
      -0.47031248,
      0.12055295,
      -0.8742272,
      0,
      0.39699736,
      0.057259172,
      4.1778154,
      1
    ],
    "keyframeTimestamp" : 235181.180277708
  },
  {
    "uuid" : "CE2CE786-74F6-4E17-8470-D4C247A40127",
    "transform" : [
      -0.012644931,
      -0.78789157,
      0.6156838,
      0,
      -0.99927664,
      -0.012125767,
      -0.03604055,
      0,
      0.035861686,
      -0.61569434,
      -0.7871687,
      0,
      1.8192244,
      0.2642388,
      1.4497507,
      1
    ],
    "keyframeTimestamp" : 235145.676571458
  },
  {
    "uuid" : "315B9684-A477-4BC1-86E3-4E0CFB7DA755",
    "transform" : [
      -0.3103822,
      -0.9505266,
      -0.012720966,
      0,
      -0.09635621,
      0.018145287,
      0.9951816,
      0,
      -0.9457159,
      0.3101123,
      -0.09722117,
      0,
      0.3896281,
      -0.01629077,
      5.0683947,
      0.9999999
    ],
    "keyframeTimestamp" : 235185.79525825
  },
  {
    "uuid" : "0C998DF9-1624-44B1-B6FE-AC77EDBD1327",
    "transform" : [
      -0.4420196,
      -0.74909306,
      0.49343506,
      0,
      0.7474533,
      -0.003467422,
      0.66430545,
      0,
      -0.49591574,
      0.6624557,
      0.561445,
      0,
      0.75442636,
      -0.11534629,
      1.8619107,
      1
    ],
    "keyframeTimestamp" : 235120.6856735
  },
  {
    "uuid" : "F7F09B1D-A3BC-40F6-99B5-48E8598BCD44",
    "transform" : [
      0.5429839,
      -0.83960885,
      -0.0150164645,
      0,
      -0.023867635,
      -0.033305503,
      0.99916005,
      0,
      -0.839404,
      -0.5421695,
      -0.03812385,
      0,
      0.09228818,
      0.33238626,
      -0.15206788,
      1
    ],
    "keyframeTimestamp" : 235086.364818208
  },
  {
    "uuid" : "90D78540-9BA7-4740-ABD6-23800F8B1350",
    "transform" : [
      0.6151401,
      -0.74746704,
      -0.25078988,
      0,
      -0.47205323,
      -0.09440056,
      -0.8765009,
      0,
      0.6314811,
      0.65755713,
      -0.41091403,
      0,
      0.7760637,
      -0.086080566,
      5.6823735,
      1
    ],
    "keyframeTimestamp" : 235225.380782416
  },
  {
    "uuid" : "11B57C92-C468-4C14-AF9A-587EE9C8D288",
    "transform" : [
      -0.5017876,
      -0.79365534,
      -0.3439783,
      0,
      -0.5969703,
      0.029967261,
      0.80170363,
      0,
      -0.62596804,
      0.6076295,
      -0.48882586,
      0,
      0.7856725,
      -0.1571922,
      6.8598623,
      0.9999999
    ],
    "keyframeTimestamp" : 235215.601028833
  },
  {
    "uuid" : "C61F2AC9-EE14-48FE-80A5-004969D2B7CF",
    "transform" : [
      -0.45769814,
      -0.7658133,
      -0.45171103,
      0,
      -0.778296,
      0.0994731,
      0.6199686,
      0,
      -0.42984718,
      0.6353231,
      -0.64155775,
      0,
      0.8386499,
      -0.018789776,
      6.7668777,
      1
    ],
    "keyframeTimestamp" : 235212.735411
  },
  {
    "uuid" : "E02A85F4-12EA-419E-922B-AC36EA0B1BD2",
    "transform" : [
      -0.04433335,
      -0.9969116,
      0.06482007,
      0,
      -0.8633014,
      0.0055783223,
      -0.50465775,
      0,
      0.50273764,
      -0.078332424,
      -0.8608825,
      0,
      0.8518351,
      0.119611636,
      5.9325347,
      0.9999999
    ],
    "keyframeTimestamp" : 235206.687622791
  },
  {
    "uuid" : "801D8428-D685-4201-BEC6-B69661C1D282",
    "transform" : [
      0.33947918,
      -0.9024963,
      -0.2650556,
      0,
      0.5806518,
      -0.020617636,
      0.8138918,
      0,
      -0.73999864,
      -0.4302041,
      0.51703656,
      0,
      0.31141537,
      0.34374318,
      -0.09350002,
      1
    ],
    "keyframeTimestamp" : 235079.983803291
  },
  {
    "uuid" : "09C00A23-D19B-482C-8703-4C16E7990D3F",
    "transform" : [
      0.14143516,
      -0.9556967,
      0.25814644,
      0,
      0.8468388,
      -0.018250177,
      -0.5315371,
      0,
      0.51269954,
      0.29378638,
      0.8067399,
      0,
      0.5358339,
      0.0049717464,
      5.237891,
      1
    ],
    "keyframeTimestamp" : 235227.979830833
  },
  {
    "uuid" : "90518F1F-D1E8-4FD0-9AC3-80B9AA5252C0",
    "transform" : [
      -0.23415679,
      -0.9721894,
      -0.004243938,
      0,
      -0.08835302,
      0.016932638,
      0.99594516,
      0,
      -0.9681758,
      0.23358235,
      -0.089860834,
      0,
      0.19054604,
      0.13341698,
      -0.49711764,
      0.99999994
    ],
    "keyframeTimestamp" : 235057.991789708
  },
  {
    "uuid" : "59E6E297-C303-40FC-B3F7-F9E77C827C1E",
    "transform" : [
      0.00086415303,
      -0.88793546,
      -0.4599674,
      0,
      -0.9987882,
      -0.023404023,
      0.043303404,
      0,
      -0.049215723,
      0.45937237,
      -0.88687944,
      0,
      0.12498779,
      -0.049159527,
      1.2210747,
      0.99999994
    ],
    "keyframeTimestamp" : 235101.159440083
  },
  {
    "uuid" : "A9C8C98C-3A1B-44C1-9141-DE516CC8D4CE",
    "transform" : [
      0.012366293,
      -0.9985616,
      -0.052170973,
      0,
      -0.9998698,
      -0.012889668,
      0.009707441,
      0,
      -0.010365958,
      0.052044116,
      -0.9985909,
      0,
      0.28804895,
      0.0048554735,
      3.5473564,
      1.0000001
    ],
    "keyframeTimestamp" : 235178.797815083
  },
  {
    "uuid" : "4505D47A-76D4-4E36-AF57-167E504B55BC",
    "transform" : [
      -0.0056985505,
      -0.99240017,
      0.12291905,
      0,
      -0.9965248,
      -0.004579319,
      -0.083170734,
      0,
      0.08310156,
      -0.122965865,
      -0.9889257,
      0,
      0.32293123,
      0.0657899,
      3.6764166,
      1
    ],
    "keyframeTimestamp" : 235179.430917
  },
  {
    "uuid" : "A5216532-DCBF-4294-B426-088DDABB2932",
    "transform" : [
      -0.06315467,
      -0.9561657,
      -0.2859364,
      0,
      -0.9921982,
      0.029295564,
      0.12118265,
      0,
      -0.10749402,
      0.2913588,
      -0.950556,
      0,
      1.8401208,
      -0.11307862,
      1.4586315,
      1
    ],
    "keyframeTimestamp" : 235143.527354166
  },
  {
    "uuid" : "707787FC-FA3B-418A-9476-3980D625A451",
    "transform" : [
      -0.04548352,
      -0.9962902,
      -0.07305505,
      0,
      -0.6526577,
      -0.025728697,
      0.75721544,
      0,
      -0.7562864,
      0.0821208,
      -0.6490667,
      0,
      0.24913523,
      0.1923937,
      -0.75193745,
      1
    ],
    "keyframeTimestamp" : 235063.8896485
  },
  {
    "uuid" : "49424344-B3F3-4B46-A38E-80E3C4BC226A",
    "transform" : [
      -0.057159316,
      -0.99607897,
      -0.06752614,
      0,
      0.8960903,
      -0.02136547,
      -0.44335723,
      0,
      0.44017622,
      -0.085851505,
      0.893798,
      0,
      0.45073816,
      0.14115256,
      5.119878,
      1.0000001
    ],
    "keyframeTimestamp" : 235228.6795745
  },
  {
    "uuid" : "F6EDAA4C-E973-4841-ADC3-6CBF10F43E46",
    "transform" : [
      0.087274104,
      -0.8871114,
      -0.45322937,
      0,
      -0.9890039,
      -0.022629257,
      -0.14615059,
      0,
      0.119395584,
      0.4610006,
      -0.8793313,
      0,
      0.85056555,
      0.028690524,
      6.483959,
      0.99999994
    ],
    "keyframeTimestamp" : 235202.089303666
  },
  {
    "uuid" : "3B09F9C2-39E0-4BEC-92B7-CF2C84218883",
    "transform" : [
      0.14154615,
      -0.74082196,
      -0.65661836,
      0,
      -0.98831403,
      -0.067849256,
      -0.13649915,
      0,
      0.056570474,
      0.6682657,
      -0.7417683,
      0,
      1.7855632,
      -0.15522484,
      1.7101139,
      0.99999994
    ],
    "keyframeTimestamp" : 235151.074603916
  },
  {
    "uuid" : "A680FACC-5877-4287-843A-9F6CF879D69F",
    "transform" : [
      -0.24828173,
      -0.7085453,
      -0.6605449,
      0,
      -0.9397928,
      0.010880402,
      0.34157267,
      0,
      -0.23483276,
      0.7055811,
      -0.6685871,
      0,
      2.0124125,
      -0.27910802,
      1.3693728,
      0.99999994
    ],
    "keyframeTimestamp" : 235141.728009791
  },
  {
    "uuid" : "90F824DE-8341-49D6-9911-48574B45796E",
    "transform" : [
      -0.3915256,
      -0.85900843,
      -0.3298667,
      0,
      -0.64294165,
      -0.0010727076,
      0.76591426,
      0,
      -0.65828085,
      0.5119601,
      -0.5518725,
      0,
      0.78520876,
      -0.12407365,
      6.860012,
      0.9999999
    ],
    "keyframeTimestamp" : 235215.750973958
  },
  {
    "uuid" : "BB47645D-198F-4374-83FD-9E6670DCD87B",
    "transform" : [
      0.6456256,
      -0.75835687,
      -0.08979536,
      0,
      -0.21639222,
      -0.06891105,
      -0.97387165,
      0,
      0.732354,
      0.6481871,
      -0.20859319,
      0,
      0.7644288,
      -0.08720943,
      5.5719247,
      1
    ],
    "keyframeTimestamp" : 235225.763975541
  },
  {
    "uuid" : "CDEF07C3-DB9A-4C13-BADF-4206F0B0AB1D",
    "transform" : [
      0.007498764,
      -0.726826,
      0.68678075,
      0,
      0.99974877,
      0.019954944,
      0.010202537,
      0,
      -0.021120137,
      0.6865317,
      0.72679335,
      0,
      1.0407819,
      -0.14648327,
      1.5832556,
      1
    ],
    "keyframeTimestamp" : 235122.951515083
  },
  {
    "uuid" : "B77B23B6-C453-40FD-910F-F3AEB5F2997F",
    "transform" : [
      -0.07977673,
      -0.90928215,
      -0.4084615,
      0,
      0.99409825,
      -0.042355195,
      -0.09987003,
      0,
      0.073509686,
      -0.4140185,
      0.9072958,
      0,
      0.3846754,
      0.3343684,
      0.05674593,
      0.99999994
    ],
    "keyframeTimestamp" : 235077.468050583
  },
  {
    "uuid" : "5B45C0C1-9A7D-4125-92E9-71622B82955C",
    "transform" : [
      0.17874964,
      -0.9371113,
      0.29978433,
      0,
      -0.84567356,
      0.009397256,
      0.5336174,
      0,
      -0.5028763,
      -0.34890372,
      -0.79081094,
      0,
      2.3647983,
      0.2540865,
      1.352303,
      0.9999999
    ],
    "keyframeTimestamp" : 235135.313680125
  },
  {
    "uuid" : "2BCA5E77-2874-4B85-AB4F-57A2AA7112CF",
    "transform" : [
      0.6793378,
      -0.69857216,
      0.22471635,
      0,
      0.251548,
      -0.065989465,
      -0.9655928,
      0,
      0.6893651,
      0.7124902,
      0.13089527,
      0,
      0.15593174,
      -0.071565084,
      -0.21657932,
      1
    ],
    "keyframeTimestamp" : 235072.10333225
  },
  {
    "uuid" : "8D3ABCED-B795-46F7-AA2D-B5FA69863E07",
    "transform" : [
      -0.26314482,
      -0.938165,
      0.22494724,
      0,
      -0.60819936,
      -0.019676913,
      -0.79354024,
      0,
      0.7488982,
      -0.34562877,
      -0.56541353,
      0,
      1.7112694,
      0.26333612,
      1.3084202,
      1
    ],
    "keyframeTimestamp" : 235147.825788375
  },
  {
    "uuid" : "55ABD7AE-9CCB-442C-868A-AD7C685C8F1A",
    "transform" : [
      0.25583994,
      -0.8481825,
      -0.4638237,
      0,
      -0.9111607,
      -0.05125825,
      -0.40885144,
      0,
      0.32300574,
      0.52721816,
      -0.7859444,
      0,
      1.6818873,
      -0.084871165,
      1.5189469,
      0.99999994
    ],
    "keyframeTimestamp" : 235150.191592541
  },
  {
    "uuid" : "C256C569-6970-474F-BDCB-2C22A37039D3",
    "transform" : [
      0.24325535,
      -0.74309075,
      -0.62341255,
      0,
      -0.9498553,
      -0.052307755,
      -0.3082837,
      0,
      0.19647343,
      0.6671431,
      -0.7185529,
      0,
      0.70430887,
      -0.07816878,
      5.826167,
      1
    ],
    "keyframeTimestamp" : 235224.331166833
  },
  {
    "uuid" : "775648F3-1F1C-4FA5-81E5-1005187EED3B",
    "transform" : [
      -0.06911736,
      -0.9957801,
      0.06037248,
      0,
      0.46080208,
      0.021807173,
      0.88723505,
      0,
      -0.88480765,
      0.0891431,
      0.45735034,
      0,
      0.17400348,
      0.16338404,
      -0.24985619,
      1.0000001
    ],
    "keyframeTimestamp" : 235056.409030583
  },
  {
    "uuid" : "BF4794C3-7142-4BC5-8F0D-50ABE688263F",
    "transform" : [
      0.4963949,
      -0.7665105,
      -0.4074978,
      0,
      -0.6539666,
      -0.021484727,
      -0.75621885,
      0,
      0.57089436,
      0.6418725,
      -0.51193684,
      0,
      0.21759298,
      -0.023506403,
      -0.22756507,
      1.0000001
    ],
    "keyframeTimestamp" : 235070.587216125
  },
  {
    "uuid" : "E759F0FA-0057-416C-B5B2-7636576BBC0D",
    "transform" : [
      0.71492463,
      -0.69842714,
      -0.03289362,
      0,
      -0.10023025,
      -0.05581201,
      -0.9933975,
      0,
      0.69198006,
      0.71350145,
      -0.10990493,
      0,
      0.20242016,
      -0.07492273,
      -0.21622828,
      0.9999998
    ],
    "keyframeTimestamp" : 235071.53687125
  },
  {
    "uuid" : "4EDD3170-9FFB-4248-9BF8-163E422EC0E7",
    "transform" : [
      0.03119396,
      -0.99726284,
      -0.06703682,
      0,
      0.31090936,
      -0.054060787,
      0.9489012,
      0,
      -0.94992775,
      -0.05044235,
      0.30837193,
      0,
      1.2658602,
      0.20145494,
      1.6478695,
      1
    ],
    "keyframeTimestamp" : 235126.816775041
  },
  {
    "uuid" : "6E3B6260-880F-40E0-93A7-A43E460D8B65",
    "transform" : [
      0.6323904,
      -0.70742613,
      0.3156431,
      0,
      0.43313333,
      -0.01491364,
      -0.9012067,
      0,
      0.6422444,
      0.7066298,
      0.29697856,
      0,
      1.6957422,
      -0.20406307,
      1.4220111,
      1
    ],
    "keyframeTimestamp" : 235165.619297791
  },
  {
    "uuid" : "838452CC-7F17-468E-AA76-1AF42EF3C9D7",
    "transform" : [
      -0.09612899,
      -0.9887447,
      0.114644505,
      0,
      0.94667155,
      -0.055232354,
      0.31743222,
      0,
      -0.30752724,
      0.13904506,
      0.9413256,
      0,
      0.09195775,
      0.1438156,
      0.064135924,
      1.0000001
    ],
    "keyframeTimestamp" : 235051.860681541
  },
  {
    "uuid" : "9A627193-18F5-42E0-B2A8-B87E55A42ABB",
    "transform" : [
      -0.2897359,
      -0.86208826,
      -0.41576144,
      0,
      -0.85315573,
      0.035744242,
      0.5204309,
      0,
      -0.4337962,
      0.5054963,
      -0.74585164,
      0,
      0.8093292,
      0.032141853,
      6.6910276,
      0.9999998
    ],
    "keyframeTimestamp" : 235212.418860166
  },
  {
    "uuid" : "67E61579-D189-434C-962D-D42AD9CD191B",
    "transform" : [
      -0.013536726,
      -0.99546266,
      -0.09418499,
      0,
      -0.909739,
      -0.026828896,
      0.41431296,
      0,
      -0.41495997,
      0.09129215,
      -0.9052482,
      0,
      0.7660178,
      0.20163092,
      6.482353,
      0.9999998
    ],
    "keyframeTimestamp" : 235211.2026385
  },
  {
    "uuid" : "A21E8BBD-9D01-445B-BEBB-417A563EBE63",
    "transform" : [
      -0.19134809,
      -0.76942647,
      0.60940045,
      0,
      -0.9504736,
      -0.009672233,
      -0.31065506,
      0,
      0.24492045,
      -0.63866204,
      -0.7294686,
      0,
      1.8022063,
      0.30238616,
      1.4020578,
      1
    ],
    "keyframeTimestamp" : 235146.259692416
  },
  {
    "uuid" : "BFF54074-5249-4184-9F68-72F3881C9D0F",
    "transform" : [
      0.08020027,
      -0.99622864,
      0.03310709,
      0,
      -0.7183653,
      -0.034741376,
      0.694798,
      0,
      -0.6910276,
      -0.07950599,
      -0.7184425,
      0,
      0.18995467,
      0.23680077,
      -0.7479701,
      0.99999994
    ],
    "keyframeTimestamp" : 235064.522751916
  },
  {
    "uuid" : "8F2DD326-8ADC-4AA4-8B49-BA4A9E588718",
    "transform" : [
      0.26315367,
      -0.8751659,
      0.4059991,
      0,
      0.79942775,
      -0.03776922,
      -0.5995745,
      0,
      0.5400613,
      0.48234692,
      0.68969256,
      0,
      0.23340544,
      -0.008978292,
      2.2088509,
      1
    ],
    "keyframeTimestamp" : 235116.887055541
  },
  {
    "uuid" : "8A720A17-5D53-4585-8412-B9CFF1D92557",
    "transform" : [
      -0.1438987,
      -0.9480134,
      -0.2838401,
      0,
      0.9820684,
      -0.101501,
      -0.15887128,
      0,
      0.12180207,
      -0.30161157,
      0.9456195,
      0,
      0.12949263,
      0.26703218,
      2.0812943,
      1
    ],
    "keyframeTimestamp" : 235114.354642958
  },
  {
    "uuid" : "7FD7EF96-0F1A-4EEF-9E52-026878F83E69",
    "transform" : [
      -0.5493817,
      -0.8332965,
      0.061621167,
      0,
      0.10070438,
      0.007177738,
      0.9948904,
      0,
      -0.829481,
      0.5527799,
      0.07997326,
      0,
      0.73042494,
      -0.16125306,
      5.6110873,
      0.99999994
    ],
    "keyframeTimestamp" : 235193.459125208
  },
  {
    "uuid" : "AB452769-A2CE-4A9F-B025-0823A9560ED0",
    "transform" : [
      -0.50994277,
      -0.84766996,
      -0.14633568,
      0,
      -0.3852861,
      0.07297482,
      0.91990745,
      0,
      -0.769099,
      0.52548105,
      -0.36380848,
      0,
      0.35687792,
      -0.13004091,
      4.9141774,
      0.99999994
    ],
    "keyframeTimestamp" : 235185.195477416
  },
  {
    "uuid" : "4B137A78-CB91-4E9B-B37E-AE23E9B036F9",
    "transform" : [
      -0.6360737,
      -0.6531477,
      -0.41086286,
      0,
      -0.63325363,
      0.13760673,
      0.7616131,
      0,
      -0.4409083,
      0.74462223,
      -0.5011362,
      0,
      0.8435585,
      -0.08389458,
      6.8291416,
      1
    ],
    "keyframeTimestamp" : 235213.185246375
  },
  {
    "uuid" : "AFCD5A17-3123-4AF2-B787-6B8189D93B8A",
    "transform" : [
      -0.008488104,
      -0.99773145,
      -0.066782676,
      0,
      0.5332451,
      -0.061013047,
      0.8437579,
      0,
      -0.84591854,
      -0.028449632,
      0.53255326,
      0,
      0.6833995,
      0.13922678,
      5.334044,
      1
    ],
    "keyframeTimestamp" : 235188.111078916
  },
  {
    "uuid" : "590D62A3-D8A5-4E90-931B-0249A9CFD382",
    "transform" : [
      0.044903368,
      -0.798367,
      -0.60049486,
      0,
      -0.99556506,
      0.013979343,
      -0.093031414,
      0,
      0.08266771,
      0.60200894,
      -0.79419863,
      0,
      0.8538929,
      -0.0713261,
      6.458985,
      0.9999999
    ],
    "keyframeTimestamp" : 235202.672423916
  },
  {
    "uuid" : "86182EEE-5759-4891-998A-71233128140F",
    "transform" : [
      -0.044479586,
      -0.9214979,
      -0.3858282,
      0,
      0.9978331,
      -0.022235867,
      -0.061926257,
      0,
      0.048485693,
      -0.3877465,
      0.92049,
      0,
      0.41462022,
      0.2606956,
      4.959926,
      0.9999999
    ],
    "keyframeTimestamp" : 235229.729190041
  },
  {
    "uuid" : "78B91F71-3EC8-4CFC-9D16-4A2E67CA0965",
    "transform" : [
      0.10656055,
      -0.9357407,
      0.33620554,
      0,
      -0.9898758,
      -0.06795276,
      0.12461284,
      0,
      -0.093759246,
      -0.3460805,
      -0.9335085,
      0,
      0.74992245,
      0.2638732,
      6.2287354,
      1
    ],
    "keyframeTimestamp" : 235209.836471375
  },
  {
    "uuid" : "82EBC575-23FC-4C15-84DE-0509095D12DF",
    "transform" : [
      -0.110799804,
      -0.9917188,
      0.064945094,
      0,
      0.3242921,
      0.025693892,
      0.94560826,
      0,
      -0.9394458,
      0.12583433,
      0.31875953,
      0,
      0.21938539,
      0.07430394,
      1.9923947,
      1
    ],
    "keyframeTimestamp" : 235111.189127166
  },
  {
    "uuid" : "6122C039-78EB-46B2-B3E9-6F475ACD12D9",
    "transform" : [
      -0.13796282,
      -0.9721407,
      0.18949598,
      0,
      -0.85136944,
      0.018636024,
      -0.52423537,
      0,
      0.50609916,
      -0.23365606,
      -0.8302222,
      0,
      0.84325016,
      0.17892845,
      5.9275837,
      1
    ],
    "keyframeTimestamp" : 235207.087476625
  },
  {
    "uuid" : "EF592E4F-A0BE-469E-A210-F1D5FF29FF06",
    "transform" : [
      -0.30821347,
      -0.9265546,
      -0.21564122,
      0,
      0.64939016,
      -0.039268047,
      -0.7594412,
      0,
      0.69519585,
      -0.37410516,
      0.61379844,
      0,
      0.47373682,
      0.3067317,
      -0.058949437,
      1
    ],
    "keyframeTimestamp" : 235075.935274083
  },
  {
    "uuid" : "52410BEA-0C4F-452B-90B0-8F5046E58E07",
    "transform" : [
      -0.52185655,
      -0.79644924,
      -0.3055075,
      0,
      -0.57337284,
      0.062330436,
      0.8169205,
      0,
      -0.631593,
      0.60148466,
      -0.48918977,
      0,
      0.3449629,
      -0.1636554,
      4.8214273,
      1
    ],
    "keyframeTimestamp" : 235184.862265833
  },
  {
    "uuid" : "187FA27D-2791-4BCA-81B9-3E2C4704BBA1",
    "transform" : [
      -0.09552141,
      -0.9697637,
      -0.22457601,
      0,
      0.9341035,
      -0.009363341,
      -0.35687986,
      0,
      0.34398627,
      -0.2438668,
      0.9067538,
      0,
      0.4308247,
      0.19096139,
      5.0547576,
      1
    ],
    "keyframeTimestamp" : 235229.029446416
  },
  {
    "uuid" : "3D747DA2-5A96-4C63-A3A1-BC2B46D86792",
    "transform" : [
      0.39454985,
      -0.7569334,
      0.5209439,
      0,
      0.82814234,
      0.047277167,
      -0.55852044,
      0,
      0.398134,
      0.6517798,
      0.64550185,
      0,
      1.9160012,
      -0.22511002,
      1.2662568,
      0.9999999
    ],
    "keyframeTimestamp" : 235168.135045916
  },
  {
    "uuid" : "4D29F35E-C92F-4508-840F-AF26928048C9",
    "transform" : [
      0.054622933,
      -0.9946237,
      -0.08797798,
      0,
      -0.9981958,
      -0.05659362,
      0.020061566,
      0,
      -0.024932718,
      0.0867234,
      -0.9959207,
      0,
      0.2819011,
      -0.00852665,
      2.394623,
      1
    ],
    "keyframeTimestamp" : 235174.549369125
  },
  {
    "uuid" : "B646312A-4CF0-44D7-8712-0E0DBD5B35E9",
    "transform" : [
      0.5412057,
      -0.83691406,
      -0.081686676,
      0,
      -0.18938491,
      -0.02666621,
      -0.98154145,
      0,
      0.8192869,
      0.5466855,
      -0.17293063,
      0,
      1.5876924,
      -0.111778244,
      1.6352654,
      1
    ],
    "keyframeTimestamp" : 235163.353458041
  },
  {
    "uuid" : "81BEF018-8AA5-4ED4-BD32-532DF8882F28",
    "transform" : [
      0.059264813,
      -0.94374436,
      0.32532126,
      0,
      -0.97475827,
      0.015562033,
      0.2227197,
      0,
      -0.2152532,
      -0.3303091,
      -0.91900074,
      0,
      0.78516895,
      0.23223524,
      6.7400184,
      1
    ],
    "keyframeTimestamp" : 235217.63361875
  },
  {
    "uuid" : "64AE7279-7D51-44FB-8ABE-A4A9BAF244F9",
    "transform" : [
      0.074091524,
      -0.99218,
      -0.100444265,
      0,
      0.3325881,
      -0.07037041,
      0.9404429,
      0,
      -0.9401573,
      -0.10308544,
      0.32477355,
      0,
      0.570107,
      0.1460149,
      5.2819943,
      1.0000001
    ],
    "keyframeTimestamp" : 235187.54461925
  },
  {
    "uuid" : "7ABABCFA-ED8F-4F90-A273-2C6B78EFD71D",
    "transform" : [
      -0.13427526,
      -0.9603658,
      0.24426946,
      0,
      -0.8570307,
      -0.011199702,
      -0.5151435,
      0,
      0.49746203,
      -0.27851745,
      -0.82155925,
      0,
      0.79958594,
      0.2651572,
      6.6893563,
      0.99999994
    ],
    "keyframeTimestamp" : 235218.866501083
  },
  {
    "uuid" : "E3325F6B-75EB-479F-A7AE-B6A409FFC047",
    "transform" : [
      -0.037013333,
      -0.9871375,
      -0.15553075,
      0,
      -0.961237,
      -0.0073845536,
      0.27562493,
      0,
      -0.27322826,
      0.15970373,
      -0.94859993,
      0,
      0.67620313,
      -0.014577762,
      5.9159427,
      0.99999994
    ],
    "keyframeTimestamp" : 235197.52430575
  },
  {
    "uuid" : "DEC5930C-A142-44D5-B428-1037CC34FD95",
    "transform" : [
      0.060804352,
      -0.8017214,
      -0.5945975,
      0,
      -0.9981401,
      -0.04617552,
      -0.039810743,
      0,
      0.004461256,
      0.5959119,
      -0.8030378,
      0,
      0.7707923,
      -0.035958987,
      6.170453,
      0.99999994
    ],
    "keyframeTimestamp" : 235222.915018708
  },
  {
    "uuid" : "305BE77C-790B-428C-A669-6E99C74D0C5D",
    "transform" : [
      0.6392493,
      -0.7323826,
      -0.23446926,
      0,
      -0.39490527,
      -0.05101624,
      -0.91730374,
      0,
      0.65985596,
      0.6789793,
      -0.32183403,
      0,
      0.2442595,
      -0.039410762,
      -0.2232966,
      1
    ],
    "keyframeTimestamp" : 235071.070373958
  },
  {
    "uuid" : "3C84F6AC-FD8A-4F99-BB6C-FC1D2CAFF913",
    "transform" : [
      -0.0032677231,
      -0.99231654,
      -0.1236807,
      0,
      0.90612465,
      -0.055255525,
      0.41938645,
      0,
      -0.42299825,
      -0.1106997,
      0.8993432,
      0,
