[
  {
    "uuid" : "BDEA22DF-A357-4C2B-AC9F-DB2BCD38F526",
    "transform" : [
      0.04936281,
      -0.9977159,
      -0.0461137,
      0,
      -0.9313102,
      -0.02929757,
      -0.3630469,
      0,
      0.36086667,
      0.06086717,
      -0.93062925,
      0,
      0.46175635,
      0.014021722,
      2.1364534,
      1
    ],
    "keyframeTimestamp" : 235173.383130125
  },
  {
    "uuid" : "017A921B-818A-46CC-9588-4E16CB3B1E99",
    "transform" : [
      -0.5007807,
      -0.81202054,
      -0.2997357,
      0,
      -0.5938719,
      0.070403926,
      0.80147326,
      0,
      -0.6297102,
      0.5793669,
      -0.5174933,
      0,
      0.32212228,
      -0.04837564,
      1.6677339,
      1
    ],
    "keyframeTimestamp" : 235108.673374916
  },
  {
    "uuid" : "F4B8DC41-D1AB-4D85-B4B1-8EDD2D1A0DE6",
    "transform" : [
      0.09405456,
      -0.97494596,
      -0.20158021,
      0,
      0.7000119,
      -0.07921184,
      0.7097254,
      0,
      -0.7079111,
      -0.20786129,
      0.6750233,
      0,
      0.24695951,
      0.20389763,
      2.1012971,
      1.0000001
    ],
    "keyframeTimestamp" : 235112.57195775
  },
  {
    "uuid" : "BC6BCC1D-23C5-428E-A135-556DF7D0BB0C",
    "transform" : [
      0.38161725,
      -0.8559337,
      0.3489207,
      0,
      0.7134184,
      0.032733366,
      -0.69997334,
      0,
      0.5877096,
      0.5160483,
      0.6231306,
      0,
      0.59530956,
      -0.07388748,
      5.23424,
      0.9999999
    ],
    "keyframeTimestamp" : 235227.346729291
  },
  {
    "uuid" : "469359D0-02E9-4BE4-9E25-873630711663",
    "transform" : [
      0.36830074,
      -0.89619744,
      -0.24735574,
      0,
      -0.75292826,
      -0.13144271,
      -0.64484227,
      0,
      0.54539293,
      0.4237371,
      -0.72318316,
      0,
      1.8004019,
      -0.010572415,
      1.924966,
      0.99999994
    ],
    "keyframeTimestamp" : 235160.604460916
  },
  {
    "uuid" : "00CA618C-E4FF-4331-B4C1-79E26BE32F65",
    "transform" : [
      0.11759405,
      -0.94958895,
      0.2906071,
      0,
      -0.96665144,
      -0.04241522,
      0.25255892,
      0,
      -0.227501,
      -0.31061512,
      -0.9229094,
      0,
      0.7784984,
      0.26555103,
      6.2999125,
      0.99999994
    ],
    "keyframeTimestamp" : 235210.219664583
  },
  {
    "uuid" : "4F12A424-98CB-4363-A07C-FF21218075AB",
    "transform" : [
      -0.2317336,
      -0.9726331,
      -0.01688039,
      0,
      0.08519174,
      -0.03757721,
      0.9956557,
      0,
      -0.9690421,
      0.22928882,
      0.0915682,
      0,
      1.3825223,
      0.112206705,
      1.5758424,
      1
    ],
    "keyframeTimestamp" : 235127.466538541
  },
  {
    "uuid" : "2F349F90-4C87-4EA4-B439-1FFBCC1F9C72",
    "transform" : [
      0.24472195,
      -0.91008556,
      -0.334449,
      0,
      0.74895257,
      -0.041634206,
      0.66131425,
      0,
      -0.6157767,
      -0.4123244,
      0.6714219,
      0,
      0.35137334,
      0.34221494,
      -0.055348117,
      0.99999994
    ],
    "keyframeTimestamp" : 235079.350700041
  },
  {
    "uuid" : "D569F8D3-CF9E-4F5B-9417-E8EDDE1E4A00",
    "transform" : [
      -0.14118454,
      -0.8752117,
      -0.4626786,
      0,
      -0.9270835,
      -0.047046974,
      0.37189078,
      0,
      -0.34725085,
      0.48144692,
      -0.8047521,
      0,
      0.68355566,
      -0.13180095,
      5.848139,
      1
    ],
    "keyframeTimestamp" : 235196.774579791
  },
  {
    "uuid" : "6B71B23E-CD17-4C6D-9D16-4B4A9D838748",
    "transform" : [
      0.7580231,
      -0.6150107,
      -0.21717174,
      0,
      -0.41333106,
      -0.19539213,
      -0.8893706,
      0,
      0.50453866,
      0.76392686,
      -0.4023146,
      0,
      1.7849355,
      -0.21860778,
      2.3340983,
      1.0000001
    ],
    "keyframeTimestamp" : 235155.906174541
  },
  {
    "uuid" : "DCDA7C62-A77A-4275-B847-FC1640745B1E",
    "transform" : [
      0.027219694,
      -0.99914914,
      -0.03100198,
      0,
      -0.9990453,
      -0.026130022,
      -0.035027206,
      0,
      0.034187283,
      0.031925786,
      -0.9989061,
      0,
      0.0972527,
      0.21809693,
      -0.7204554,
      1.0000001
    ],
    "keyframeTimestamp" : 235066.422062291
  },
  {
    "uuid" : "498B1731-DBE6-4745-93F8-F464DB04FE95",
    "transform" : [
      0.66439605,
      -0.7176079,
      0.20884593,
      0,
      0.29775137,
      -0.0021572288,
      -0.95464104,
      0,
      0.68550867,
      0.6964438,
      0.21223554,
      0,
      1.5951308,
      -0.20063736,
      1.4981067,
      1.0000001
    ],
    "keyframeTimestamp" : 235165.002856
  },
  {
    "uuid" : "C3D4C466-1DB9-4303-8F5E-6E3FE4D650E3",
    "transform" : [
      -0.47729138,
      -0.81718314,
      -0.32311687,
      0,
      -0.4213139,
      -0.10987903,
      0.9002339,
      0,
      -0.7711598,
      0.5658074,
      -0.29184633,
      0,
      0.77226305,
      -0.17015453,
      5.77354,
      0.9999999
    ],
    "keyframeTimestamp" : 235195.741624125
  },
  {
    "uuid" : "434A4E05-AA7F-4551-87E1-014B8065ECB1",
    "transform" : [
      0.38227782,
      -0.92361206,
      -0.028373444,
      0,
      -0.6055873,
      -0.2272204,
      -0.7626501,
      0,
      0.6979456,
      0.30872664,
      -0.6461891,
      0,
      1.7969518,
      -0.119897306,
      2.2888849,
      0.9999999
    ],
    "keyframeTimestamp" : 235156.439313375
  },
  {
    "uuid" : "7F0B3ED3-020D-40AE-8975-0513BA3AE31F",
    "transform" : [
      -0.5093686,
      -0.7617656,
      -0.4003214,
      0,
      -0.61771107,
      -0.00022614637,
      0.7864054,
      0,
      -0.5991471,
      0.64785296,
      -0.47043586,
      0,
      0.3571983,
      0.054881856,
      -0.77281034,
      1
    ],
    "keyframeTimestamp" : 235060.974040583
  },
  {
    "uuid" : "6CBED95F-4700-47CB-BD3F-1C41BB6F77DB",
    "transform" : [
      0.254439,
      -0.9349221,
      -0.247349,
      0,
      -0.7766025,
      -0.04510563,
      -0.6283741,
      0,
      0.57632405,
      0.3519747,
      -0.73753947,
      0,
      1.6677847,
      0.0021067187,
      1.4230633,
      1
    ],
    "keyframeTimestamp" : 235149.658453625
  },
  {
    "uuid" : "8A156822-E73B-4FF0-A94C-682CB9F12CD0",
    "transform" : [
      0.2679357,
      -0.9444662,
      -0.19024774,
      0,
      -0.63354445,
      -0.023954162,
      -0.7733356,
      0,
      0.7258318,
      0.32773453,
      -0.6047796,
      0,
      0.83519304,
      -0.078608796,
      1.7908747,
      0.99999994
    ],
    "keyframeTimestamp" : 235171.950320791
  },
  {
    "uuid" : "372FE151-56D7-451D-9746-60658AB5539E",
    "transform" : [
      0.47416317,
      -0.88042915,
      -0.003773623,
      0,
      -0.0049662455,
      0.0016114509,
      -0.9999865,
      0,
      0.8804233,
      0.4741753,
      -0.0036083222,
      0,
      1.5776317,
      -0.15302491,
      1.4383128,
      1.0000001
    ],
    "keyframeTimestamp" : 235169.684480333
  },
  {
    "uuid" : "1691E409-FEC9-406A-907C-1907098BFD48",
    "transform" : [
      0.0679459,
      -0.9557953,
      -0.28607497,
      0,
      0.8429497,
      -0.09838489,
      0.5289201,
      0,
      -0.5336847,
      -0.2770847,
      0.7990025,
      0,
      0.23755789,
      0.23253293,
      2.1089866,
      0.99999994
    ],
    "keyframeTimestamp" : 235112.955151833
  },
  {
    "uuid" : "55D90FA6-162D-43CE-92EA-D0EA130D9A89",
    "transform" : [
      -0.14975369,
      -0.8997024,
      -0.41001156,
      0,
      -0.92585367,
      -0.017908052,
      0.37745747,
      0,
      -0.34694192,
      0.43613636,
      -0.8303111,
      0,
      0.18336593,
      -0.12261401,
      2.8395822,
      1
    ],
    "keyframeTimestamp" : 235176.298728625
  },
  {
    "uuid" : "45E630F5-A8DC-4802-8D7F-46FE26C8C78E",
    "transform" : [
      0.016545,
      -0.5072934,
      0.86161447,
      0,
      0.9977712,
      0.0640916,
      0.018575756,
      0,
      -0.0646456,
      0.85938656,
      0.5072232,
      0,
      0.9721353,
      -0.21697414,
      1.6115501,
      1
    ],
    "keyframeTimestamp" : 235122.301751666
  },
  {
    "uuid" : "923434DE-C848-4BE5-9FD3-3B4BEBAFD2FF",
    "transform" : [
      -0.07941511,
      -0.9666249,
      -0.2435768,
      0,
      -0.8981542,
      -0.036619168,
      0.43815348,
      0,
      -0.43244967,
      0.2535655,
      -0.86527014,
      0,
      0.7602202,
      0.14980997,
      6.5324836,
      1
    ],
    "keyframeTimestamp" : 235211.535849833
  },
  {
    "uuid" : "1F13040A-168E-4C2D-904A-B0F59AD521C4",
    "transform" : [
      -0.38048723,
      -0.92271745,
      -0.061823677,
      0,
      0.019193662,
      -0.07471665,
      0.99702007,
      0,
      -0.9245873,
      0.37816676,
      0.046139054,
      0,
      1.4548733,
      0.05115601,
      1.5591167,
      1
    ],
    "keyframeTimestamp" : 235127.799750625
  },
  {
    "uuid" : "A60B2827-371B-40DA-B104-8875F2F204DD",
    "transform" : [
      0.6511968,
      -0.7461507,
      0.13857086,
      0,
      0.1994649,
      -0.007895174,
      -0.9798734,
      0,
      0.7322271,
      0.6657302,
      0.14368959,
      0,
      1.5268121,
      -0.19780067,
      1.5075191,
      0.99999994
    ],
    "keyframeTimestamp" : 235164.752947166
  },
  {
    "uuid" : "3F351EDB-D931-4888-93F6-6A15A4274DA1",
    "transform" : [
      0.3984653,
      -0.76004535,
      -0.513377,
      0,
      -0.80843735,
      -0.026683105,
      -0.587977,
      0,
      0.43319076,
      0.6493217,
      -0.62508154,
      0,
      0.15220995,
      -0.04234871,
      -0.29983765,
      1
    ],
    "keyframeTimestamp" : 235070.10405825
  },
  {
    "uuid" : "AA0A5282-FA83-4AD4-A03E-64B5DD18F9BE",
    "transform" : [
      -0.18760405,
      -0.8519231,
      -0.48890877,
      0,
      -0.91109246,
      -0.035067063,
      0.41070867,
      0,
      -0.36703673,
      0.5224916,
      -0.7696019,
      0,
      -0.09572097,
      -0.02460449,
      0.22745414,
      0.99999994
    ],
    "keyframeTimestamp" : 235096.044633041
  },
  {
    "uuid" : "163FD2AD-9108-4D17-AAA4-9ED182E82CC5",
    "transform" : [
      0.2337419,
      -0.94839525,
      0.21427107,
      0,
      -0.6927011,
      -0.007786463,
      0.72118264,
      0,
      -0.68229765,
      -0.3169963,
      -0.6587744,
      0,
      2.357288,
      0.23161262,
      1.3324912,
      1.0000001
    ],
    "keyframeTimestamp" : 235135.097092375
  },
  {
    "uuid" : "5FE5EAB1-FDC7-45EA-A4F0-9B1C25C38CB0",
    "transform" : [
      -0.4826158,
      -0.7718696,
      -0.41388255,
      0,
      -0.61123985,
      -0.0416112,
      0.79035074,
      0,
      -0.62727016,
      0.63441736,
      -0.45171526,
      0,
      0.024092758,
      -0.05979719,
      0.02190831,
      0.9999999
    ],
    "keyframeTimestamp" : 235094.395232541
  },
  {
    "uuid" : "472074B9-0D84-4B0F-9C53-36FF04E1F3A2",
    "transform" : [
      0.21997145,
      -0.97530556,
      -0.019774059,
      0,
      -0.11677081,
      -0.0464506,
      0.9920719,
      0,
      -0.96849227,
      -0.21591853,
      -0.1241051,
      0,
      0.16513248,
      0.24591824,
      -0.09494939,
      0.9999999
    ],
    "keyframeTimestamp" : 235088.280788708
  },
  {
    "uuid" : "EFF5B7DE-FEC7-4BA9-968E-AD3B8320ABF9",
    "transform" : [
      0.14066456,
      -0.9604241,
      0.24041364,
      0,
      -0.78050566,
      0.04182331,
      0.62374836,
      0,
      -0.60911787,
      -0.27538344,
      -0.74373347,
      0,
      2.3130617,
      0.12283197,
      1.3554692,
      1
    ],
    "keyframeTimestamp" : 235133.081160166
  },
  {
    "uuid" : "432D5A76-0474-4B26-8CCF-F2D9A698F021",
    "transform" : [
      0.04286406,
      -0.99878544,
      -0.02429519,
      0,
      -0.95405173,
      -0.04813828,
      0.29574975,
      0,
      -0.29656023,
      0.0105018355,
      -0.9549566,
      0,
      0.4342518,
      0.06984802,
      4.0482335,
      1.0000001
    ],
    "keyframeTimestamp" : 235180.730442083
  },
  {
    "uuid" : "2D9490AC-C257-4CDD-9EE7-95FE2ABBFACB",
    "transform" : [
      -0.3202401,
      -0.8796595,
      -0.35163388,
      0,
      0.78534186,
      -0.03893011,
      -0.61783767,
      0,
      0.5297975,
      -0.47400898,
      0.70330006,
      0,
      0.47972202,
      0.3358161,
      -0.061920386,
      1
    ],
    "keyframeTimestamp" : 235076.46841375
  },
  {
    "uuid" : "5C152AAB-3517-42FA-BA88-42900B261B9F",
    "transform" : [
      0.24518181,
      -0.76003253,
      -0.60186076,
      0,
      -0.9345936,
      -0.020262923,
      -0.35514015,
      0,
      0.25772274,
      0.649569,
      -0.7152897,
      0,
      0.8028672,
      -0.17123951,
      5.972033,
      0.99999994
    ],
    "keyframeTimestamp" : 235205.271473625
  },
  {
    "uuid" : "E0CD6D0C-F32C-4C9A-B800-A2D88E61B3CD",
    "transform" : [
      -0.5432435,
      -0.803028,
      -0.24501581,
      0,
      -0.46716,
      0.04663183,
      0.88294256,
      0,
      -0.69760185,
      0.59411407,
      -0.40047485,
      0,
      0.3666589,
      -0.044928804,
      1.6900946,
      1
    ],
    "keyframeTimestamp" : 235109.02324775
  },
  {
    "uuid" : "1F9942B2-A412-4A9F-8D4D-B12A90FE2A7B",
    "transform" : [
      0.09994345,
      -0.9482645,
      0.3013398,
      0,
      -0.98769945,
      -0.057947874,
      0.14523199,
      0,
      -0.12025636,
      -0.31214803,
      -0.9423919,
      0,
      2.36244,
      0.294718,
      1.3940578,
      1.0000001
    ],
    "keyframeTimestamp" : 235136.130049375
  },
  {
    "uuid" : "6FCF8469-C469-4D48-AF02-745ACCD723AB",
    "transform" : [
      0.12428089,
      -0.97824967,
      -0.16607815,
      0,
      0.76594555,
      -0.011819306,
      0.64279735,
      0,
      -0.63077897,
      -0.20709416,
      0.74781686,
      0,
      1.1038103,
      0.21544881,
      1.6797905,
      1
    ],
    "keyframeTimestamp" : 235125.567229875
  },
  {
    "uuid" : "1ED9B3FD-72E3-4A93-94CD-01AF1D3D254C",
    "transform" : [
      -0.101179466,
      -0.9623484,
      0.25228605,
      0,
      0.97442085,
      -0.044711493,
      0.22023942,
      0,
      -0.20066692,
      0.26811635,
      0.9422561,
      0,
      1.0460039,
      -0.008223421,
      1.6306801,
      1
    ],
    "keyframeTimestamp" : 235123.784545166
  },
  {
    "uuid" : "06D94580-F9EE-4702-AB36-DD858302DC18",
    "transform" : [
      0.068181016,
      -0.9966753,
      -0.044605974,
      0,
      -0.89227134,
      -0.08091847,
      0.44418964,
      0,
      -0.44632235,
      0.00951534,
      -0.8948221,
      0,
      0.026077999,
      0.13359468,
      1.5488088,
      0.99999994
    ],
    "keyframeTimestamp" : 235102.942125333
  },
  {
    "uuid" : "83BD742A-F3F4-4742-A079-52D044946BF1",
    "transform" : [
      -0.55305886,
      -0.8305716,
      -0.065397166,
      0,
      0.08863706,
      -0.13670684,
      0.9866382,
      0,
      -0.82841384,
      0.5398723,
      0.14922635,
      0,
      0.8292628,
      -0.15099566,
      5.7484355,
      1
    ],
    "keyframeTimestamp" : 235195.275127958
  },
  {
    "uuid" : "AA6E9325-2BEF-426E-AFEF-D48BCBC5FEAB",
    "transform" : [
      -0.03383516,
      -0.9923608,
      -0.11864071,
      0,
      -0.8818514,
      -0.026218574,
      0.47079858,
      0,
      -0.47031248,
      0.12055295,
      -0.8742272,
      0,
      0.39699736,
      0.057259172,
      4.1778154,
      1
    ],
    "keyframeTimestamp" : 235181.180277708
  },
  {
    "uuid" : "CE2CE786-74F6-4E17-8470-D4C247A40127",
    "transform" : [
      -0.012644932,
      -0.7878917,
      0.61568385,
      0,
      -0.9992767,
      -0.012125768,
      -0.036040552,
      0,
      0.035861686,
      -0.61569434,
      -0.7871687,
      0,
      1.8192244,
      0.2642388,
      1.4497507,
      1
    ],
    "keyframeTimestamp" : 235145.676571458
  },
  {
    "uuid" : "315B9684-A477-4BC1-86E3-4E0CFB7DA755",
    "transform" : [
      -0.3103822,
      -0.95052665,
      -0.012720966,
      0,
      -0.096356206,
      0.018145286,
      0.99518156,
      0,
      -0.9457159,
      0.3101123,
      -0.09722117,
      0,
      0.3896281,
      -0.01629077,
      5.0683947,
      0.9999999
    ],
    "keyframeTimestamp" : 235185.79525825
  },
  {
    "uuid" : "0C998DF9-1624-44B1-B6FE-AC77EDBD1327",
    "transform" : [
      -0.4420196,
      -0.74909306,
      0.49343506,
      0,
      0.7474533,
      -0.003467422,
      0.66430545,
      0,
      -0.49591568,
      0.6624556,
      0.56144494,
      0,
      0.75442636,
      -0.11534629,
      1.8619107,
      1
    ],
    "keyframeTimestamp" : 235120.6856735
  },
  {
    "uuid" : "F7F09B1D-A3BC-40F6-99B5-48E8598BCD44",
    "transform" : [
      0.5429839,
      -0.83960885,
      -0.0150164645,
      0,
      -0.023867633,
      -0.033305503,
      0.9991601,
      0,
      -0.839404,
      -0.5421695,
      -0.03812385,
      0,
      0.09228818,
      0.33238626,
      -0.15206788,
      1
    ],
    "keyframeTimestamp" : 235086.364818208
  },
  {
    "uuid" : "90D78540-9BA7-4740-ABD6-23800F8B1350",
    "transform" : [
      0.6155004,
      -0.74746686,
      -0.24990502,
      0,
      -0.47079048,
      -0.09439883,
      -0.87718016,
      0,
      0.6320725,
      0.6575576,
      -0.41000292,
      0,
      0.77065265,
      -0.08743163,
      5.6783414,
      1
    ],
    "keyframeTimestamp" : 235225.380782416
  },
  {
    "uuid" : "11B57C92-C468-4C14-AF9A-587EE9C8D288",
    "transform" : [
      -0.50110483,
      -0.79365444,
      -0.34497413,
      0,
      -0.59856135,
      0.029968318,
      0.8005165,
      0,
      -0.62499493,
      0.60763067,
      -0.49006805,
      0,
      0.7792954,
      -0.15850282,
      6.85641,
      1
    ],
    "keyframeTimestamp" : 235215.601028833
  },
  {
    "uuid" : "C61F2AC9-EE14-48FE-80A5-004969D2B7CF",
    "transform" : [
      -0.45678386,
      -0.765813,
      -0.452636,
      0,
      -0.7795471,
      0.0994716,
      0.61839485,
      0,
      -0.42855045,
      0.6353237,
      -0.64242405,
      0,
      0.8330673,
      -0.020079102,
      6.764099,
      1
    ],
    "keyframeTimestamp" : 235212.735411
  },
  {
    "uuid" : "E02A85F4-12EA-419E-922B-AC36EA0B1BD2",
    "transform" : [
      -0.044458043,
      -0.99691176,
      0.06473289,
      0,
      -0.8623296,
      0.0055793915,
      -0.5063165,
      0,
      0.5043916,
      -0.07833092,
      -0.85991466,
      0,
      0.84805095,
      0.11834462,
      5.9299426,
      1
    ],
    "keyframeTimestamp" : 235206.687622791
  },
  {
    "uuid" : "801D8428-D685-4201-BEC6-B69661C1D282",
    "transform" : [
      0.33947918,
      -0.9024963,
      -0.2650556,
      0,
      0.5806517,
      -0.020617634,
      0.8138917,
      0,
      -0.73999864,
      -0.4302041,
      0.51703656,
      0,
      0.31141537,
      0.34374318,
      -0.09350002,
      1
    ],
    "keyframeTimestamp" : 235079.983803291
  },
  {
    "uuid" : "09C00A23-D19B-482C-8703-4C16E7990D3F",
    "transform" : [
      0.1410628,
      -0.95569724,
      0.2583482,
      0,
      0.84760326,
      -0.01824961,
      -0.5303169,
      0,
      0.5115372,
      0.2937847,
      0.8074779,
      0,
      0.5310635,
      0.0036214646,
      5.233513,
      0.9999999
    ],
    "keyframeTimestamp" : 235227.979830833
  },
  {
    "uuid" : "90518F1F-D1E8-4FD0-9AC3-80B9AA5252C0",
    "transform" : [
      -0.2341568,
      -0.9721895,
      -0.004243938,
      0,
      -0.08835303,
      0.016932638,
      0.9959452,
      0,
      -0.9681758,
      0.23358235,
      -0.089860834,
      0,
      0.19054604,
      0.13341698,
      -0.49711764,
      0.99999994
    ],
    "keyframeTimestamp" : 235057.991789708
  },
  {
    "uuid" : "59E6E297-C303-40FC-B3F7-F9E77C827C1E",
    "transform" : [
      0.00086415303,
      -0.88793546,
      -0.4599674,
      0,
      -0.99878806,
      -0.023404019,
      0.0433034,
      0,
      -0.049215723,
      0.45937237,
      -0.88687944,
      0,
      0.12498779,
      -0.049159527,
      1.2210747,
      0.99999994
    ],
    "keyframeTimestamp" : 235101.159440083
  },
  {
    "uuid" : "A9C8C98C-3A1B-44C1-9141-DE516CC8D4CE",
    "transform" : [
      0.012366293,
      -0.9985616,
      -0.052170973,
      0,
      -0.9998698,
      -0.012889668,
      0.009707441,
      0,
      -0.010365959,
      0.05204412,
      -0.99859095,
      0,
      0.28804895,
      0.0048554735,
      3.5473564,
      1.0000001
    ],
    "keyframeTimestamp" : 235178.797815083
  },
  {
    "uuid" : "4505D47A-76D4-4E36-AF57-167E504B55BC",
    "transform" : [
      -0.005698551,
      -0.9924002,
      0.12291906,
      0,
      -0.9965248,
      -0.004579319,
      -0.083170734,
      0,
      0.08310155,
      -0.12296585,
      -0.9889256,
      0,
      0.32293123,
      0.0657899,
      3.6764166,
      1
    ],
    "keyframeTimestamp" : 235179.430917
  },
  {
    "uuid" : "A5216532-DCBF-4294-B426-088DDABB2932",
    "transform" : [
      -0.06315466,
      -0.95616555,
      -0.28593636,
      0,
      -0.9921981,
      0.02929556,
      0.121182635,
      0,
      -0.10749399,
      0.2913587,
      -0.95055574,
      0,
      1.8401208,
      -0.11307862,
      1.4586315,
      1
    ],
    "keyframeTimestamp" : 235143.527354166
  },
  {
    "uuid" : "707787FC-FA3B-418A-9476-3980D625A451",
    "transform" : [
      -0.04548352,
      -0.9962902,
      -0.07305505,
      0,
      -0.65265775,
      -0.0257287,
      0.7572155,
      0,
      -0.7562864,
      0.0821208,
      -0.6490667,
      0,
      0.24913523,
      0.1923937,
      -0.75193745,
      1
    ],
    "keyframeTimestamp" : 235063.8896485
  },
  {
    "uuid" : "49424344-B3F3-4B46-A38E-80E3C4BC226A",
    "transform" : [
      -0.05706242,
      -0.99607867,
      -0.06761015,
      0,
      0.89672786,
      -0.021365069,
      -0.44206622,
      0,
      0.43888837,
      -0.08585327,
      0.8944309,
      0,
      0.44613785,
      0.13980244,
      5.115377,
      0.9999999
    ],
    "keyframeTimestamp" : 235228.6795745
  },
  {
    "uuid" : "F6EDAA4C-E973-4841-ADC3-6CBF10F43E46",
    "transform" : [
      0.088130556,
      -0.8871106,
      -0.45306516,
      0,
      -0.98872584,
      -0.022629252,
      -0.14801905,
      0,
      0.12105674,
      0.46100208,
      -0.87910336,
      0,
      0.84613526,
      0.027666003,
      6.4820457,
      0.9999999
    ],
    "keyframeTimestamp" : 235202.089303666
  },
  {
    "uuid" : "3B09F9C2-39E0-4BEC-92B7-CF2C84218883",
    "transform" : [
      0.14154615,
      -0.74082196,
      -0.65661836,
      0,
      -0.988314,
      -0.06784925,
      -0.13649914,
      0,
      0.056570474,
      0.66826576,
      -0.74176836,
      0,
      1.7855632,
      -0.15522484,
      1.7101139,
      0.99999994
    ],
    "keyframeTimestamp" : 235151.074603916
  },
  {
    "uuid" : "A680FACC-5877-4287-843A-9F6CF879D69F",
    "transform" : [
      -0.24828175,
      -0.7085453,
      -0.6605449,
      0,
      -0.9397927,
      0.0108804,
      0.3415726,
      0,
      -0.23483278,
      0.7055811,
      -0.6685871,
      0,
      2.0124125,
      -0.27910802,
      1.3693728,
      0.99999994
    ],
    "keyframeTimestamp" : 235141.728009791
  },
  {
    "uuid" : "90F824DE-8341-49D6-9911-48574B45796E",
    "transform" : [
      -0.3908713,
      -0.8590078,
      -0.33064362,
      0,
      -0.6444615,
      -0.0010715812,
      0.764636,
      0,
      -0.6571826,
      0.5119613,
      -0.5531788,
      0,
      0.7788315,
      -0.1253845,
      6.8565583,
      0.9999999
    ],
    "keyframeTimestamp" : 235215.750973958
  },
  {
    "uuid" : "BB47645D-198F-4374-83FD-9E6670DCD87B",
    "transform" : [
      0.6457539,
      -0.75835675,
      -0.08886674,
      0,
      -0.21498936,
      -0.06890924,
      -0.9741823,
      0,
      0.7326539,
      0.64818716,
      -0.20753703,
      0,
      0.75917685,
      -0.088560395,
      5.5678754,
      1
    ],
    "keyframeTimestamp" : 235225.763975541
  },
  {
    "uuid" : "CDEF07C3-DB9A-4C13-BADF-4206F0B0AB1D",
    "transform" : [
      0.007498764,
      -0.726826,
      0.68678075,
      0,
      0.9997488,
      0.019954946,
      0.010202538,
      0,
      -0.021120137,
      0.6865317,
      0.72679335,
      0,
      1.0407819,
      -0.14648327,
      1.5832556,
      1
    ],
    "keyframeTimestamp" : 235122.951515083
  },
  {
    "uuid" : "B77B23B6-C453-40FD-910F-F3AEB5F2997F",
    "transform" : [
      -0.07977674,
      -0.9092822,
      -0.40846157,
      0,
      0.99409837,
      -0.0423552,
      -0.09987004,
      0,
      0.07350968,
      -0.41401848,
      0.9072957,
      0,
      0.3846754,
      0.3343684,
      0.05674593,
      0.99999994
    ],
    "keyframeTimestamp" : 235077.468050583
  },
  {
    "uuid" : "5B45C0C1-9A7D-4125-92E9-71622B82955C",
    "transform" : [
      0.17874965,
      -0.9371114,
      0.29978436,
      0,
      -0.8456737,
      0.009397257,
      0.53361744,
      0,
      -0.5028763,
      -0.34890372,
      -0.79081094,
      0,
      2.3647983,
      0.2540865,
      1.352303,
      0.9999999
    ],
    "keyframeTimestamp" : 235135.313680125
  },
  {
    "uuid" : "2BCA5E77-2874-4B85-AB4F-57A2AA7112CF",
    "transform" : [
      0.6793378,
      -0.69857216,
      0.22471635,
      0,
      0.251548,
      -0.065989465,
      -0.9655928,
      0,
      0.6893651,
      0.7124902,
      0.13089527,
      0,
      0.15593174,
      -0.071565084,
      -0.21657932,
      1
    ],
    "keyframeTimestamp" : 235072.10333225
  },
  {
    "uuid" : "8D3ABCED-B795-46F7-AA2D-B5FA69863E07",
    "transform" : [
      -0.26314482,
      -0.938165,
      0.22494724,
      0,
      -0.60819936,
      -0.019676913,
      -0.7935403,
      0,
      0.7488982,
      -0.34562877,
      -0.56541353,
      0,
      1.7112694,
      0.26333612,
      1.3084202,
      1
    ],
    "keyframeTimestamp" : 235147.825788375
  },
  {
    "uuid" : "55ABD7AE-9CCB-442C-868A-AD7C685C8F1A",
    "transform" : [
      0.25583994,
      -0.8481825,
      -0.4638237,
      0,
      -0.9111606,
      -0.051258247,
      -0.40885141,
      0,
      0.32300574,
      0.52721816,
      -0.7859444,
      0,
      1.6818873,
      -0.084871165,
      1.5189469,
      0.99999994
    ],
    "keyframeTimestamp" : 235150.191592541
  },
  {
    "uuid" : "C256C569-6970-474F-BDCB-2C22A37039D3",
    "transform" : [
      0.2441526,
      -0.74308974,
      -0.62306285,
      0,
      -0.9494103,
      -0.052306827,
      -0.3096515,
      0,
      0.19750841,
      0.6671443,
      -0.718268,
      0,
      0.6986907,
      -0.079520375,
      5.822031,
      1
    ],
    "keyframeTimestamp" : 235224.331166833
  },
  {
    "uuid" : "775648F3-1F1C-4FA5-81E5-1005187EED3B",
    "transform" : [
      -0.06911736,
      -0.9957801,
      0.06037248,
      0,
      0.46080208,
      0.021807173,
      0.88723505,
      0,
      -0.88480765,
      0.0891431,
      0.45735034,
      0,
      0.17400348,
      0.16338404,
      -0.24985619,
      1.0000001
    ],
    "keyframeTimestamp" : 235056.409030583
  },
  {
    "uuid" : "BF4794C3-7142-4BC5-8F0D-50ABE688263F",
    "transform" : [
      0.49639484,
      -0.7665104,
      -0.40749776,
      0,
      -0.6539665,
      -0.021484723,
      -0.7562188,
      0,
      0.57089436,
      0.6418725,
      -0.51193684,
      0,
      0.21759298,
      -0.023506403,
      -0.22756507,
      1.0000001
    ],
    "keyframeTimestamp" : 235070.587216125
  },
  {
    "uuid" : "E759F0FA-0057-416C-B5B2-7636576BBC0D",
    "transform" : [
      0.7149247,
      -0.6984272,
      -0.032893624,
      0,
      -0.10023026,
      -0.055812012,
      -0.99339753,
      0,
      0.6919801,
      0.7135015,
      -0.10990494,
      0,
      0.20242016,
      -0.07492273,
      -0.21622828,
      0.9999998
    ],
    "keyframeTimestamp" : 235071.53687125
  },
  {
    "uuid" : "4EDD3170-9FFB-4248-9BF8-163E422EC0E7",
    "transform" : [
      0.03119396,
      -0.99726284,
      -0.06703682,
      0,
      0.31090933,
      -0.05406078,
      0.94890106,
      0,
      -0.94992775,
      -0.05044235,
      0.30837193,
      0,
      1.2658602,
      0.20145494,
      1.6478695,
      1
    ],
    "keyframeTimestamp" : 235126.816775041
  },
  {
    "uuid" : "6E3B6260-880F-40E0-93A7-A43E460D8B65",
    "transform" : [
      0.6323904,
      -0.70742613,
      0.3156431,
      0,
      0.43313327,
      -0.014913638,
      -0.90120655,
      0,
      0.6422444,
      0.7066298,
      0.29697856,
      0,
      1.6957422,
      -0.20406307,
      1.4220111,
      1
    ],
    "keyframeTimestamp" : 235165.619297791
  },
  {
    "uuid" : "838452CC-7F17-468E-AA76-1AF42EF3C9D7",
    "transform" : [
      -0.09612899,
      -0.9887447,
      0.114644505,
      0,
      0.9466714,
      -0.055232346,
      0.31743217,
      0,
      -0.30752724,
      0.13904506,
      0.9413256,
      0,
      0.09195775,
      0.1438156,
      0.064135924,
      1.0000001
    ],
    "keyframeTimestamp" : 235051.860681541
  },
  {
    "uuid" : "9A627193-18F5-42E0-B2A8-B87E55A42ABB",
    "transform" : [
      -0.28889456,
      -0.8620878,
      -0.41634727,
      0,
      -0.85420555,
      0.0357428,
      0.5187061,
      0,
      -0.43228874,
      0.50549716,
      -0.7467258,
      0,
      0.8039004,
      0.030852294,
      6.6881914,
      1.0000001
    ],
    "keyframeTimestamp" : 235212.418860166
  },
  {
    "uuid" : "67E61579-D189-434C-962D-D42AD9CD191B",
    "transform" : [
      -0.013345627,
      -0.99546254,
      -0.09421363,
      0,
      -0.9105743,
      -0.026830211,
      0.41247392,
      0,
      -0.41313016,
      0.09129317,
      -0.90608466,
      0,
      0.76101005,
      0.20034216,
      6.479428,
      0.9999998
    ],
    "keyframeTimestamp" : 235211.2026385
  },
  {
    "uuid" : "A21E8BBD-9D01-445B-BEBB-417A563EBE63",
    "transform" : [
      -0.19134809,
      -0.76942647,
      0.60940045,
      0,
      -0.9504736,
      -0.009672233,
      -0.31065506,
      0,
      0.24492048,
      -0.6386621,
      -0.72946864,
      0,
      1.8022063,
      0.30238616,
      1.4020578,
      1
    ],
    "keyframeTimestamp" : 235146.259692416
  },
  {
    "uuid" : "BFF54074-5249-4184-9F68-72F3881C9D0F",
    "transform" : [
      0.08020027,
      -0.99622864,
      0.03310709,
      0,
      -0.7183653,
      -0.034741376,
      0.694798,
      0,
      -0.6910276,
      -0.07950599,
      -0.7184425,
      0,
      0.18995467,
      0.23680077,
      -0.7479701,
      0.99999994
    ],
    "keyframeTimestamp" : 235064.522751916
  },
  {
    "uuid" : "8F2DD326-8ADC-4AA4-8B49-BA4A9E588718",
    "transform" : [
      0.26315367,
      -0.8751659,
      0.4059991,
      0,
      0.7994277,
      -0.037769217,
      -0.59957445,
      0,
      0.5400613,
      0.48234692,
      0.68969256,
      0,
      0.23340544,
      -0.008978292,
      2.2088509,
      1
    ],
    "keyframeTimestamp" : 235116.887055541
  },
  {
    "uuid" : "8A720A17-5D53-4585-8412-B9CFF1D92557",
    "transform" : [
      -0.14389867,
      -0.9480132,
      -0.28384,
      0,
      0.9820683,
      -0.101500995,
      -0.15887126,
      0,
      0.12180204,
      -0.30161148,
      0.9456193,
      0,
      0.12949263,
      0.26703218,
      2.0812943,
      1
    ],
    "keyframeTimestamp" : 235114.354642958
  },
  {
    "uuid" : "7FD7EF96-0F1A-4EEF-9E52-026878F83E69",
    "transform" : [
      -0.54943573,
      -0.8332958,
      0.061146036,
      0,
      0.09984156,
      0.007179225,
      0.9949774,
      0,
      -0.8295495,
      0.5527808,
      0.079253,
      0,
      0.7287175,
      -0.16160206,
      5.610547,
      0.99999994
    ],
    "keyframeTimestamp" : 235193.459125208
  },
  {
    "uuid" : "AB452769-A2CE-4A9F-B025-0823A9560ED0",
    "transform" : [
      -0.50994277,
      -0.84766996,
      -0.14633568,
      0,
      -0.3852861,
      0.07297482,
      0.91990745,
      0,
      -0.769099,
      0.52548105,
      -0.36380848,
      0,
      0.35687792,
      -0.13004091,
      4.9141774,
      0.99999994
    ],
    "keyframeTimestamp" : 235185.195477416
  },
  {
    "uuid" : "4B137A78-CB91-4E9B-B37E-AE23E9B036F9",
    "transform" : [
      -0.63524175,
      -0.65314764,
      -0.41214815,
      0,
      -0.63479125,
      0.13760509,
      0.76033205,
      0,
      -0.43989545,
      0.7446226,
      -0.50202495,
      0,
      0.8378501,
      -0.085184015,
      6.826373,
      1
    ],
    "keyframeTimestamp" : 235213.185246375
  },
  {
    "uuid" : "AFCD5A17-3123-4AF2-B787-6B8189D93B8A",
    "transform" : [
      -0.008489791,
      -0.99773145,
      -0.066782594,
      0,
      0.5332442,
      -0.061013892,
      0.8437583,
      0,
      -0.845919,
      -0.028448094,
      0.5325525,
      0,
      0.68339944,
      0.13922633,
      5.3340435,
      1
    ],
    "keyframeTimestamp" : 235188.111078916
  },
  {
    "uuid" : "590D62A3-D8A5-4E90-931B-0249A9CFD382",
    "transform" : [
      0.04603812,
      -0.798366,
      -0.6004104,
      0,
      -0.99538755,
      0.01397925,
      -0.09491232,
      0,
      0.084168054,
      0.60201037,
      -0.7940401,
      0,
      0.84951,
      -0.0723501,
      6.4570785,
      1.0000001
    ],
    "keyframeTimestamp" : 235202.672423916
  },
  {
    "uuid" : "86182EEE-5759-4891-998A-71233128140F",
    "transform" : [
      -0.04392424,
      -0.92149717,
      -0.38589352,
      0,
      0.9979212,
      -0.022236187,
      -0.060489077,
      0,
      0.047159724,
      -0.3877482,
      0.9205583,
      0,
      0.41025022,
      0.25934595,
      4.9553747,
      0.99999994
    ],
    "keyframeTimestamp" : 235229.729190041
  },
  {
    "uuid" : "78B91F71-3EC8-4CFC-9D16-4A2E67CA0965",
    "transform" : [
      0.10588177,
      -0.93574107,
      0.33641875,
      0,
      -0.9901255,
      -0.06795371,
      0.12261244,
      0,
      -0.091872625,
      -0.34607917,
      -0.9336964,
      0,
      0.74542755,
      0.262585,
      6.2257786,
      1
    ],
    "keyframeTimestamp" : 235209.836471375
  },
  {
    "uuid" : "82EBC575-23FC-4C15-84DE-0509095D12DF",
    "transform" : [
      -0.11079979,
      -0.9917187,
      0.06494509,
      0,
      0.32429206,
      0.025693888,
      0.94560814,
      0,
      -0.9394458,
      0.12583433,
      0.31875953,
      0,
      0.21938539,
      0.07430394,
      1.9923947,
      1
    ],
    "keyframeTimestamp" : 235111.189127166
  },
  {
    "uuid" : "6122C039-78EB-46B2-B3E9-6F475ACD12D9",
    "transform" : [
      -0.13832699,
      -0.9721411,
      0.18922862,
      0,
      -0.8503601,
      0.018637134,
      -0.525871,
      0,
      0.50769424,
      -0.23365462,
      -0.8292481,
      0,
      0.83947563,
      0.1776614,
      5.9249744,
      0.99999994
    ],
    "keyframeTimestamp" : 235207.087476625
  },
  {
    "uuid" : "EF592E4F-A0BE-469E-A210-F1D5FF29FF06",
    "transform" : [
      -0.30821347,
      -0.9265546,
      -0.21564122,
      0,
      0.6493901,
      -0.039268043,
      -0.7594411,
      0,
      0.69519585,
      -0.37410516,
      0.61379844,
      0,
      0.47373682,
      0.3067317,
      -0.058949437,
      1
    ],
    "keyframeTimestamp" : 235075.935274083
  },
  {
    "uuid" : "52410BEA-0C4F-452B-90B0-8F5046E58E07",
    "transform" : [
      -0.5218565,
      -0.7964491,
      -0.30550748,
      0,
      -0.5733728,
      0.06233043,
      0.8169204,
      0,
      -0.631593,
      0.60148466,
      -0.48918977,
      0,
      0.3449629,
      -0.1636554,
      4.8214273,
      1
    ],
    "keyframeTimestamp" : 235184.862265833
  },
  {
    "uuid" : "187FA27D-2791-4BCA-81B9-3E2C4704BBA1",
    "transform" : [
      -0.09519828,
      -0.9697633,
      -0.22471507,
      0,
      0.93461657,
      -0.0093631055,
      -0.3555342,
      0,
      0.3426799,
      -0.24386854,
      0.9072479,
      0,
      0.42631823,
      0.18961133,
      5.050229,
      1
    ],
    "keyframeTimestamp" : 235229.029446416
  },
  {
    "uuid" : "3D747DA2-5A96-4C63-A3A1-BC2B46D86792",
    "transform" : [
      0.39454985,
      -0.7569334,
      0.5209439,
      0,
      0.82814246,
      0.047277175,
      -0.5585205,
      0,
      0.398134,
      0.6517798,
      0.64550185,
      0,
      1.9160012,
      -0.22511002,
      1.2662568,
      0.9999999
    ],
    "keyframeTimestamp" : 235168.135045916
  },
  {
    "uuid" : "4D29F35E-C92F-4508-840F-AF26928048C9",
    "transform" : [
      0.054622933,
      -0.9946237,
      -0.08797798,
      0,
      -0.99819577,
      -0.056593616,
      0.020061566,
      0,
      -0.024932714,
      0.086723395,
      -0.9959206,
      0,
      0.2819011,
      -0.00852665,
      2.394623,
      1
    ],
    "keyframeTimestamp" : 235174.549369125
  },
  {
    "uuid" : "B646312A-4CF0-44D7-8712-0E0DBD5B35E9",
    "transform" : [
      0.5412056,
      -0.8369138,
      -0.08168665,
      0,
      -0.18938486,
      -0.026666204,
      -0.9815412,
      0,
      0.8192868,
      0.54668546,
      -0.17293061,
      0,
      1.5876924,
      -0.111778244,
      1.6352654,
      1
    ],
    "keyframeTimestamp" : 235163.353458041
  },
  {
    "uuid" : "81BEF018-8AA5-4ED4-BD32-532DF8882F28",
    "transform" : [
      0.05861692,
      -0.94374466,
      0.3254384,
      0,
      -0.97519875,
      0.015563804,
      0.22078341,
      0,
      -0.21342824,
      -0.3303087,
      -0.9194265,
      0,
      0.7790308,
      0.23092423,
      6.7365637,
      1.0000001
    ],
    "keyframeTimestamp" : 235217.63361875
  },
  {
    "uuid" : "64AE7279-7D51-44FB-8ABE-A4A9BAF244F9",
    "transform" : [
      0.07408987,
      -0.9921801,
      -0.10044409,
      0,
      0.33258718,
      -0.0703709,
      0.94044316,
      0,
      -0.9401577,
      -0.103083745,
      0.32477278,
      0,
      0.5701067,
      0.14601457,
      5.2819943,
      0.99999994
    ],
    "keyframeTimestamp" : 235187.54461925
  },
  {
    "uuid" : "7ABABCFA-ED8F-4F90-A273-2C6B78EFD71D",
    "transform" : [
      -0.13470232,
      -0.9603662,
      0.24403296,
      0,
      -0.85612935,
      -0.011198422,
      -0.5166401,
      0,
      0.49889645,
      -0.27851638,
      -0.8206894,
      0,
      0.7931274,
      0.26384544,
      6.6856384,
      0.99999994
    ],
    "keyframeTimestamp" : 235218.866501083
  },
  {
    "uuid" : "E3325F6B-75EB-479F-A7AE-B6A409FFC047",
    "transform" : [
      -0.03674229,
      -0.98713726,
      -0.1555962,
      0,
      -0.9617187,
      -0.0073831724,
      0.2739395,
      0,
      -0.27156472,
      0.1597049,
      -0.9490772,
      0,
      0.6733547,
      -0.014951873,
      5.9147496,
      0.99999994
    ],
    "keyframeTimestamp" : 235197.52430575
  },
  {
    "uuid" : "DEC5930C-A142-44D5-B428-1037CC34FD95",
    "transform" : [
      0.06184268,
      -0.8017204,
      -0.5944916,
      0,
      -0.998069,
      -0.046174932,
      -0.04155462,
      0,
      0.005864557,
      0.5959132,
      -0.80302775,
      0,
      0.76524,
      -0.03726942,
      6.166684,
      0.99999994
    ],
    "keyframeTimestamp" : 235222.915018708
  },
  {
    "uuid" : "305BE77C-790B-428C-A669-6E99C74D0C5D",
    "transform" : [
      0.6392493,
      -0.7323826,
      -0.23446926,
      0,
      -0.39490533,
      -0.051016252,
      -0.91730386,
      0,
      0.65985596,
      0.6789793,
      -0.32183403,
      0,
      0.2442595,
      -0.039410762,
      -0.2232966,
      1
    ],
    "keyframeTimestamp" : 235071.070373958
  },
  {
    "uuid" : "3C84F6AC-FD8A-4F99-BB6C-FC1D2CAFF913",
    "transform" : [
      -0.0032677234,
      -0.9923166,
      -0.12368071,
      0,
      0.90612465,
      -0.055255525,
      0.41938645,
      0,
      -0.42299825,
      -0.1106997,
      0.8993432,
