[
  {
    "transform" : [
      0.04936165,
      -0.9977157,
      -0.046114933,
      0,
      -0.9313193,
      -0.029297575,
      -0.36302364,
      0,
      0.3608434,
      0.060867175,
      -0.9306383,
      0,
      0.46189415,
      0.01398652,
      2.1364384,
      1
    ],
    "keyframeTimestamp" : 235173.383130125,
    "uuid" : "BDEA22DF-A357-4C2B-AC9F-DB2BCD38F526"
  },
  {
    "transform" : [
      -0.5007807,
      -0.81202054,
      -0.2997357,
      0,
      -0.5938719,
      0.070403926,
      0.80147326,
      0,
      -0.6297102,
      0.5793669,
      -0.5174933,
      0,
      0.32212228,
      -0.04837564,
      1.6677339,
      1
    ],
    "keyframeTimestamp" : 235108.673374916,
    "uuid" : "017A921B-818A-46CC-9588-4E16CB3B1E99"
  },
  {
    "transform" : [
      0.09405458,
      -0.9749462,
      -0.20158026,
      0,
      0.70001227,
      -0.079211876,
      0.70972574,
      0,
      -0.70791125,
      -0.20786135,
      0.67502344,
      0,
      0.24695951,
      0.20389763,
      2.1012971,
      1.0000001
    ],
    "keyframeTimestamp" : 235112.57195775,
    "uuid" : "F4B8DC41-D1AB-4D85-B4B1-8EDD2D1A0DE6"
  },
  {
    "transform" : [
      0.38273758,
      -0.8558955,
      0.347785,
      0,
      0.7111652,
      0.03265826,
      -0.702266,
      0,
      0.58970857,
      0.51611626,
      0.6211829,
      0,
      0.6106295,
      -0.076105975,
      5.232322,
      1
    ],
    "keyframeTimestamp" : 235227.346729291,
    "uuid" : "BC6BCC1D-23C5-428E-A135-556DF7D0BB0C"
  },
  {
    "transform" : [
      0.36829454,
      -0.89619744,
      -0.24736494,
      0,
      -0.75294423,
      -0.1314427,
      -0.6448234,
      0,
      0.545375,
      0.4237372,
      -0.7231969,
      0,
      1.8005341,
      -0.010607584,
      1.9249172,
      0.99999994
    ],
    "keyframeTimestamp" : 235160.604460916,
    "uuid" : "469359D0-02E9-4BE4-9E25-873630711663"
  },
  {
    "transform" : [
      0.11866544,
      -0.94956356,
      0.29025432,
      0,
      -0.96568394,
      -0.042353548,
      0.25624388,
      0,
      -0.23102657,
      -0.31070122,
      -0.9220042,
      0,
      0.7955861,
      0.26342073,
      6.2962513,
      1
    ],
    "keyframeTimestamp" : 235210.219664583,
    "uuid" : "00CA618C-E4FF-4331-B4C1-79E26BE32F65"
  },
  {
    "transform" : [
      -0.23173366,
      -0.97263336,
      -0.016880395,
      0,
      0.085191734,
      -0.037577208,
      0.9956556,
      0,
      -0.96904236,
      0.22928886,
      0.09156822,
      0,
      1.3825223,
      0.112206705,
      1.5758424,
      1
    ],
    "keyframeTimestamp" : 235127.466538541,
    "uuid" : "4F12A424-98CB-4363-A07C-FF21218075AB"
  },
  {
    "transform" : [
      0.24472195,
      -0.91008556,
      -0.334449,
      0,
      0.74895257,
      -0.041634206,
      0.66131425,
      0,
      -0.61577666,
      -0.41232437,
      0.6714218,
      0,
      0.35137334,
      0.34221494,
      -0.055348117,
      0.99999994
    ],
    "keyframeTimestamp" : 235079.350700041,
    "uuid" : "2F349F90-4C87-4EA4-B439-1FFBCC1F9C72"
  },
  {
    "transform" : [
      -0.14273603,
      -0.87525296,
      -0.46212384,
      0,
      -0.9257647,
      -0.047104042,
      0.37515464,
      0,
      -0.35012332,
      0.48136616,
      -0.80355513,
      0,
      0.69791156,
      -0.13488778,
      5.842949,
      0.99999994
    ],
    "keyframeTimestamp" : 235196.774579791,
    "uuid" : "D569F8D3-CF9E-4F5B-9417-E8EDDE1E4A00"
  },
  {
    "transform" : [
      0.75802326,
      -0.61501086,
      -0.21717179,
      0,
      -0.41333118,
      -0.19539219,
      -0.8893709,
      0,
      0.50453866,
      0.76392686,
      -0.4023146,
      0,
      1.7849355,
      -0.21860778,
      2.3340983,
      1.0000001
    ],
    "keyframeTimestamp" : 235155.906174541,
    "uuid" : "6B71B23E-CD17-4C6D-9D16-4B4A9D838748"
  },
  {
    "transform" : [
      0.027219702,
      -0.9991494,
      -0.031001987,
      0,
      -0.9990458,
      -0.026130036,
      -0.03502722,
      0,
      0.0341873,
      0.0319258,
      -0.99890655,
      0,
      0.0972527,
      0.21809693,
      -0.7204554,
      1.0000001
    ],
    "keyframeTimestamp" : 235066.422062291,
    "uuid" : "DCDA7C62-A77A-4275-B847-FC1640745B1E"
  },
  {
    "transform" : [
      0.6644014,
      -0.717608,
      0.20882933,
      0,
      0.29772747,
      -0.0021572532,
      -0.9546484,
      0,
      0.6855141,
      0.69644386,
      0.21221845,
      0,
      1.5952524,
      -0.20067257,
      1.498063,
      1
    ],
    "keyframeTimestamp" : 235165.002856,
    "uuid" : "498B1731-DBE6-4745-93F8-F464DB04FE95"
  },
  {
    "transform" : [
      -0.47816813,
      -0.8172247,
      -0.32171267,
      0,
      -0.4186127,
      -0.10994771,
      0.9014851,
      0,
      -0.7720873,
      0.5657342,
      -0.28952706,
      0,
      0.78591114,
      -0.17324634,
      5.76772,
      1
    ],
    "keyframeTimestamp" : 235195.741624125,
    "uuid" : "C3D4C466-1DB9-4303-8F5E-6E3FE4D650E3"
  },
  {
    "transform" : [
      0.3822779,
      -0.9236123,
      -0.028373452,
      0,
      -0.6055873,
      -0.2272204,
      -0.7626501,
      0,
      0.6979458,
      0.30872673,
      -0.6461893,
      0,
      1.7969518,
      -0.119897306,
      2.2888849,
      0.9999999
    ],
    "keyframeTimestamp" : 235156.439313375,
    "uuid" : "434A4E05-AA7F-4551-87E1-014B8065ECB1"
  },
  {
    "transform" : [
      -0.5093686,
      -0.7617656,
      -0.4003214,
      0,
      -0.61771107,
      -0.00022614637,
      0.7864054,
      0,
      -0.5991471,
      0.64785296,
      -0.47043586,
      0,
      0.3571983,
      0.054881856,
      -0.77281034,
      1
    ],
    "keyframeTimestamp" : 235060.974040583,
    "uuid" : "7F0B3ED3-020D-40AE-8975-0513BA3AE31F"
  },
  {
    "transform" : [
      0.254439,
      -0.9349221,
      -0.247349,
      0,
      -0.7766025,
      -0.04510563,
      -0.6283741,
      0,
      0.57632405,
      0.3519747,
      -0.73753947,
      0,
      1.6677847,
      0.0021067187,
      1.4230633,
      1
    ],
    "keyframeTimestamp" : 235149.658453625,
    "uuid" : "6CBED95F-4700-47CB-BD3F-1C41BB6F77DB"
  },
  {
    "transform" : [
      0.26793095,
      -0.9444662,
      -0.19025443,
      0,
      -0.63356394,
      -0.023954164,
      -0.77331996,
      0,
      0.7258167,
      0.32773453,
      -0.60479766,
      0,
      0.83532196,
      -0.07864399,
      1.79085,
      1
    ],
    "keyframeTimestamp" : 235171.950320791,
    "uuid" : "8A156822-E73B-4FF0-A94C-682CB9F12CD0"
  },
  {
    "transform" : [
      0.47416326,
      -0.88042957,
      -0.003785475,
      0,
      -0.0049912366,
      0.0016114514,
      -0.9999866,
      0,
      0.8804235,
      0.47417545,
      -0.0036303275,
      0,
      1.5777518,
      -0.15306008,
      1.4382695,
      1
    ],
    "keyframeTimestamp" : 235169.684480333,
    "uuid" : "372FE151-56D7-451D-9746-60658AB5539E"
  },
  {
    "transform" : [
      0.0679459,
      -0.9557953,
      -0.28607497,
      0,
      0.8429497,
      -0.09838489,
      0.5289201,
      0,
      -0.5336847,
      -0.2770847,
      0.7990025,
      0,
      0.23755789,
      0.23253293,
      2.1089866,
      0.99999994
    ],
    "keyframeTimestamp" : 235112.955151833,
    "uuid" : "1691E409-FEC9-406A-907C-1907098BFD48"
  },
  {
    "transform" : [
      -0.14976396,
      -0.8997025,
      -0.41000786,
      0,
      -0.9258442,
      -0.01790804,
      0.37748063,
      0,
      -0.3469626,
      0.43613628,
      -0.83030236,
      0,
      0.1835211,
      -0.122649245,
      2.8395743,
      1
    ],
    "keyframeTimestamp" : 235176.298728625,
    "uuid" : "55D90FA6-162D-43CE-92EA-D0EA130D9A89"
  },
  {
    "transform" : [
      0.016544998,
      -0.50729334,
      0.86161435,
      0,
      0.9977712,
      0.0640916,
      0.018575756,
      0,
      -0.0646456,
      0.8593865,
      0.5072231,
      0,
      0.9721353,
      -0.21697414,
      1.6115501,
      1
    ],
    "keyframeTimestamp" : 235122.301751666,
    "uuid" : "45E630F5-A8DC-4802-8D7F-46FE26C8C78E"
  },
  {
    "transform" : [
      -0.08037786,
      -0.9666469,
      -0.24317338,
      0,
      -0.8964801,
      -0.036541026,
      0.44157556,
      0,
      -0.43573347,
      0.25349292,
      -0.86364245,
      0,
      0.77818936,
      0.14770427,
      6.5288997,
      1
    ],
    "keyframeTimestamp" : 235211.535849833,
    "uuid" : "923434DE-C848-4BE5-9FD3-3B4BEBAFD2FF"
  },
  {
    "transform" : [
      -0.38048723,
      -0.92271745,
      -0.061823677,
      0,
      0.019193662,
      -0.07471665,
      0.99702007,
      0,
      -0.92458755,
      0.37816685,
      0.046139065,
      0,
      1.4548733,
      0.05115601,
      1.5591167,
      1
    ],
    "keyframeTimestamp" : 235127.799750625,
    "uuid" : "1F13040A-168E-4C2D-904A-B0F59AD521C4"
  },
  {
    "transform" : [
      0.6512002,
      -0.74615055,
      0.13855459,
      0,
      0.19944048,
      -0.00789517,
      -0.97987866,
      0,
      0.7322306,
      0.6657301,
      0.14367126,
      0,
      1.5269343,
      -0.19783594,
      1.5074775,
      0.99999994
    ],
    "keyframeTimestamp" : 235164.752947166,
    "uuid" : "A60B2827-371B-40DA-B104-8875F2F204DD"
  },
  {
    "transform" : [
      0.3984652,
      -0.7600451,
      -0.51337683,
      0,
      -0.80843735,
      -0.026683103,
      -0.58797693,
      0,
      0.43319067,
      0.64932156,
      -0.6250815,
      0,
      0.15220995,
      -0.04234871,
      -0.29983765,
      1
    ],
    "keyframeTimestamp" : 235070.10405825,
    "uuid" : "3F351EDB-D931-4888-93F6-6A15A4274DA1"
  },
  {
    "transform" : [
      -0.18760405,
      -0.8519231,
      -0.48890877,
      0,
      -0.91109264,
      -0.03506707,
      0.41070876,
      0,
      -0.3670368,
      0.52249163,
      -0.76960194,
      0,
      -0.09572097,
      -0.02460449,
      0.22745414,
      0.99999994
    ],
    "keyframeTimestamp" : 235096.044633041,
    "uuid" : "AA0A5282-FA83-4AD4-A03E-64B5DD18F9BE"
  },
  {
    "transform" : [
      0.233742,
      -0.94839567,
      0.21427117,
      0,
      -0.6927011,
      -0.007786463,
      0.72118264,
      0,
      -0.68229765,
      -0.3169963,
      -0.6587744,
      0,
      2.357288,
      0.23161262,
      1.3324912,
      1.0000001
    ],
    "keyframeTimestamp" : 235135.097092375,
    "uuid" : "163FD2AD-9108-4D17-AAA4-9ED182E82CC5"
  },
  {
    "transform" : [
      -0.48261568,
      -0.7718694,
      -0.41388246,
      0,
      -0.6112399,
      -0.041611202,
      0.7903508,
      0,
      -0.62727016,
      0.63441736,
      -0.45171526,
      0,
      0.024092758,
      -0.05979719,
      0.02190831,
      0.9999999
    ],
    "keyframeTimestamp" : 235094.395232541,
    "uuid" : "5FE5EAB1-FDC7-45EA-A4F0-9B1C25C38CB0"
  },
  {
    "transform" : [
      0.2199714,
      -0.9753053,
      -0.019774053,
      0,
      -0.1167708,
      -0.046450596,
      0.9920718,
      0,
      -0.96849227,
      -0.21591853,
      -0.1241051,
      0,
      0.16513248,
      0.24591824,
      -0.09494939,
      0.9999999
    ],
    "keyframeTimestamp" : 235088.280788708,
    "uuid" : "472074B9-0D84-4B0F-9C53-36FF04E1F3A2"
  },
  {
    "transform" : [
      0.14066455,
      -0.960424,
      0.2404136,
      0,
      -0.78050584,
      0.04182332,
      0.6237485,
      0,
      -0.60911787,
      -0.27538344,
      -0.74373347,
      0,
      2.3130617,
      0.12283197,
      1.3554692,
      1
    ],
    "keyframeTimestamp" : 235133.081160166,
    "uuid" : "EFF5B7DE-FEC7-4BA9-968E-AD3B8320ABF9"
  },
  {
    "transform" : [
      0.042863447,
      -0.9987854,
      -0.02429626,
      0,
      -0.9540443,
      -0.04813828,
      0.2957736,
      0,
      -0.2965842,
      0.0105018355,
      -0.95494956,
      0,
      0.43443725,
      0.06981282,
      4.048218,
      1
    ],
    "keyframeTimestamp" : 235180.730442083,
    "uuid" : "432D5A76-0474-4B26-8CCF-F2D9A698F021"
  },
  {
    "transform" : [
      -0.32024017,
      -0.87965965,
      -0.35163397,
      0,
      0.78534216,
      -0.038930126,
      -0.61783797,
      0,
      0.5297976,
      -0.4740091,
      0.70330024,
      0,
      0.47972202,
      0.3358161,
      -0.061920386,
      1
    ],
    "keyframeTimestamp" : 235076.46841375,
    "uuid" : "2D9490AC-C257-4CDD-9EE7-95FE2ABBFACB"
  },
  {
    "transform" : [
      0.24298082,
      -0.76010025,
      -0.6026671,
      0,
      -0.93588,
      -0.02028945,
      -0.35173464,
      0,
      0.255126,
      0.64948875,
      -0.71629286,
      0,
      0.8185221,
      -0.17345239,
      5.9679427,
      0.99999994
    ],
    "keyframeTimestamp" : 235205.271473625,
    "uuid" : "5C152AAB-3517-42FA-BA88-42900B261B9F"
  },
  {
    "transform" : [
      -0.5432435,
      -0.803028,
      -0.24501581,
      0,
      -0.4671601,
      0.046631843,
      0.88294274,
      0,
      -0.69760174,
      0.59411395,
      -0.4004748,
      0,
      0.3666589,
      -0.044928804,
      1.6900946,
      1
    ],
    "keyframeTimestamp" : 235109.02324775,
    "uuid" : "E0CD6D0C-F32C-4C9A-B800-A2D88E61B3CD"
  },
  {
    "transform" : [
      0.09994344,
      -0.94826436,
      0.30133978,
      0,
      -0.9876997,
      -0.05794789,
      0.14523202,
      0,
      -0.12025636,
      -0.31214803,
      -0.9423919,
      0,
      2.36244,
      0.294718,
      1.3940578,
      1.0000001
    ],
    "keyframeTimestamp" : 235136.130049375,
    "uuid" : "1F9942B2-A412-4A9F-8D4D-B12A90FE2A7B"
  },
  {
    "transform" : [
      0.12428089,
      -0.97824967,
      -0.16607815,
      0,
      0.7659458,
      -0.01181931,
      0.6427976,
      0,
      -0.63077897,
      -0.20709416,
      0.74781686,
      0,
      1.1038103,
      0.21544881,
      1.6797905,
      1
    ],
    "keyframeTimestamp" : 235125.567229875,
    "uuid" : "6FCF8469-C469-4D48-AF02-745ACCD723AB"
  },
  {
    "transform" : [
      -0.101179466,
      -0.9623484,
      0.25228605,
      0,
      0.9744211,
      -0.044711504,
      0.22023946,
      0,
      -0.20066692,
      0.26811635,
      0.9422561,
      0,
      1.0460039,
      -0.008223421,
      1.6306801,
      1
    ],
    "keyframeTimestamp" : 235123.784545166,
    "uuid" : "1ED9B3FD-72E3-4A93-94CD-01AF1D3D254C"
  },
  {
    "transform" : [
      0.068181016,
      -0.9966753,
      -0.044605974,
      0,
      -0.89227134,
      -0.08091847,
      0.44418964,
      0,
      -0.44632247,
      0.009515343,
      -0.8948223,
      0,
      0.026077999,
      0.13359468,
      1.5488088,
      0.99999994
    ],
    "keyframeTimestamp" : 235102.942125333,
    "uuid" : "06D94580-F9EE-4702-AB36-DD858302DC18"
  },
  {
    "transform" : [
      -0.55316436,
      -0.83062804,
      -0.06376825,
      0,
      0.091596946,
      -0.13672419,
      0.9863654,
      0,
      -0.8280211,
      0.539781,
      0.1517139,
      0,
      0.84283376,
      -0.1540809,
      5.742446,
      1.0000001
    ],
    "keyframeTimestamp" : 235195.275127958,
    "uuid" : "83BD742A-F3F4-4742-A079-52D044946BF1"
  },
  {
    "transform" : [
      -0.03383813,
      -0.992361,
      -0.1186399,
      0,
      -0.88184,
      -0.02621859,
      0.47082084,
      0,
      -0.4703343,
      0.12055296,
      -0.87421554,
      0,
      0.39718607,
      0.057224005,
      4.177802,
      1
    ],
    "keyframeTimestamp" : 235181.180277708,
    "uuid" : "AA6E9325-2BEF-426E-AFEF-D48BCBC5FEAB"
  },
  {
    "transform" : [
      -0.012644928,
      -0.7878915,
      0.61568373,
      0,
      -0.9992766,
      -0.012125767,
      -0.03604055,
      0,
      0.035861686,
      -0.61569434,
      -0.7871687,
      0,
      1.8192244,
      0.2642388,
      1.4497507,
      1
    ],
    "keyframeTimestamp" : 235145.676571458,
    "uuid" : "CE2CE786-74F6-4E17-8470-D4C247A40127"
  },
  {
    "transform" : [
      -0.31038246,
      -0.95052665,
      -0.012713212,
      0,
      -0.09633137,
      0.018145291,
      0.99518424,
      0,
      -0.94571835,
      0.31011233,
      -0.09719755,
      0,
      0.38983914,
      -0.016325992,
      5.0683823,
      1.0000001
    ],
    "keyframeTimestamp" : 235185.79525825,
    "uuid" : "315B9684-A477-4BC1-86E3-4E0CFB7DA755"
  },
  {
    "transform" : [
      -0.4420196,
      -0.74909306,
      0.49343506,
      0,
      0.7474533,
      -0.003467422,
      0.66430545,
      0,
      -0.49591574,
      0.6624557,
      0.561445,
      0,
      0.75442636,
      -0.11534629,
      1.8619107,
      1
    ],
    "keyframeTimestamp" : 235120.6856735,
    "uuid" : "0C998DF9-1624-44B1-B6FE-AC77EDBD1327"
  },
  {
    "transform" : [
      0.5429839,
      -0.83960885,
      -0.0150164645,
      0,
      -0.023867631,
      -0.0333055,
      0.99916,
      0,
      -0.839404,
      -0.5421695,
      -0.03812385,
      0,
      0.09228818,
      0.33238626,
      -0.15206788,
      1
    ],
    "keyframeTimestamp" : 235086.364818208,
    "uuid" : "F7F09B1D-A3BC-40F6-99B5-48E8598BCD44"
  },
  {
    "transform" : [
      0.614695,
      -0.7474934,
      -0.2518009,
      0,
      -0.4736069,
      -0.09449416,
      -0.8756523,
      0,
      0.63075095,
      0.6575138,
      -0.41210335,
      0,
      0.78739953,
      -0.08960171,
      5.6758595,
      1.0000001
    ],
    "keyframeTimestamp" : 235225.380782416,
    "uuid" : "90D78540-9BA7-4740-ABD6-23800F8B1350"
  },
  {
    "transform" : [
      -0.5023237,
      -0.79371935,
      -0.3430471,
      0,
      -0.59553826,
      0.02994184,
      0.802769,
      0,
      -0.6269015,
      0.6075473,
      -0.4877307,
      0,
      0.7991064,
      -0.16065696,
      6.8533216,
      1
    ],
    "keyframeTimestamp" : 235215.601028833,
    "uuid" : "11B57C92-C468-4C14-AF9A-587EE9C8D288"
  },
  {
    "transform" : [
      -0.458533,
      -0.7658425,
      -0.45081416,
      0,
      -0.77718216,
      0.09956382,
      0.62134993,
      0,
      -0.4309714,
      0.6352738,
      -0.640852,
      0,
      0.851912,
      -0.022163417,
      6.760255,
      1
    ],
    "keyframeTimestamp" : 235212.735411,
    "uuid" : "C61F2AC9-EE14-48FE-80A5-004969D2B7CF"
  },
  {
    "transform" : [
      -0.5671315,
      -0.795636,
      0.21289784,
      0,
      0.3610379,
      -0.007823788,
      0.93251824,
      0,
      -0.74027956,
      0.60572475,
      0.2916919,
      0,
      0.41942668,
      -0.14115502,
      3.076046,
      1
    ],
    "keyframeTimestamp" : 235238.4593235,
    "uuid" : "9BEC512B-54E3-41BC-8456-15BF4D07B0CF"
  },
  {
    "transform" : [
      -0.044240072,
      -0.9969039,
      0.065002225,
      0,
      -0.8641941,
      0.0055447477,
      -0.50312775,
      0,
      0.5012096,
      -0.07843295,
      -0.8617639,
      0,
      0.8636175,
      0.11614276,
      5.925844,
      1
    ],
    "keyframeTimestamp" : 235206.687622791,
    "uuid" : "E02A85F4-12EA-419E-922B-AC36EA0B1BD2"
  },
  {
    "transform" : [
      0.33947918,
      -0.9024963,
      -0.2650556,
      0,
      0.58065194,
      -0.020617642,
      0.813892,
      0,
      -0.73999864,
      -0.4302041,
      0.51703656,
      0,
      0.31141537,
      0.34374318,
      -0.09350002,
      1
    ],
    "keyframeTimestamp" : 235079.983803291,
    "uuid" : "801D8428-D685-4201-BEC6-B69661C1D282"
  },
  {
    "transform" : [
      0.14189346,
      -0.9556691,
      0.25799692,
      0,
      0.8458948,
      -0.018306272,
      -0.5330362,
      0,
      0.5141293,
      0.29387257,
      0.8057982,
      0,
      0.5463815,
      0.0014029169,
      5.2317934,
      0.99999994
    ],
    "keyframeTimestamp" : 235227.979830833,
    "uuid" : "09C00A23-D19B-482C-8703-4C16E7990D3F"
  },
  {
    "transform" : [
      -0.23415677,
      -0.97218937,
      -0.0042439373,
      0,
      -0.08835302,
      0.016932636,
      0.9959451,
      0,
      -0.9681758,
      0.23358235,
      -0.089860834,
      0,
      0.19054604,
      0.13341698,
      -0.49711764,
      0.99999994
    ],
    "keyframeTimestamp" : 235057.991789708,
    "uuid" : "90518F1F-D1E8-4FD0-9AC3-80B9AA5252C0"
  },
  {
    "transform" : [
      0.00086415303,
      -0.88793546,
      -0.4599674,
      0,
      -0.9987883,
      -0.023404025,
      0.04330341,
      0,
      -0.049215723,
      0.45937237,
      -0.88687944,
      0,
      0.12498779,
      -0.049159527,
      1.2210747,
      0.99999994
    ],
    "keyframeTimestamp" : 235101.159440083,
    "uuid" : "59E6E297-C303-40FC-B3F7-F9E77C827C1E"
  },
  {
    "transform" : [
      0.012364989,
      -0.9985616,
      -0.05217128,
      0,
      -0.9998695,
      -0.012889668,
      0.009732429,
      0,
      -0.010390915,
      0.052044116,
      -0.9985906,
      0,
      0.28822193,
      0.0048202723,
      3.5473456,
      1.0000001
    ],
    "keyframeTimestamp" : 235178.797815083,
    "uuid" : "A9C8C98C-3A1B-44C1-9141-DE516CC8D4CE"
  },
  {
    "transform" : [
      -0.0056954795,
      -0.99240017,
      0.12291919,
      0,
      -0.9965269,
      -0.004579319,
      -0.08314583,
      0,
      0.08307685,
      -0.12296588,
      -0.9889279,
      0,
      0.32310733,
      0.06575469,
      3.6764045,
      1
    ],
    "keyframeTimestamp" : 235179.430917,
    "uuid" : "4505D47A-76D4-4E36-AF57-167E504B55BC"
  },
  {
    "transform" : [
      -0.06315468,
      -0.9561659,
      -0.28593647,
      0,
      -0.99219835,
      0.029295567,
      0.121182665,
      0,
      -0.10749404,
      0.29135886,
      -0.95055616,
      0,
      1.8401208,
      -0.11307862,
      1.4586315,
      1
    ],
    "keyframeTimestamp" : 235143.527354166,
    "uuid" : "A5216532-DCBF-4294-B426-088DDABB2932"
  },
  {
    "transform" : [
      -0.37288213,
      -0.8404397,
      0.39321724,
      0,
      0.7254516,
      0.00015824259,
      0.6882732,
      0,
      -0.5785145,
      0.5419049,
      0.60963947,
      0,
      0.37396955,
      -0.12901045,
      2.9342155,
      1
    ],
    "keyframeTimestamp" : 235238.825855791,
    "uuid" : "71FCCDEE-EFBA-430E-9B7D-CCB46C4E618B"
  },
  {
    "transform" : [
      -0.04548352,
      -0.9962902,
      -0.07305505,
      0,
      -0.6526576,
      -0.025728693,
      0.7572153,
      0,
      -0.7562864,
      0.0821208,
      -0.6490667,
      0,
      0.24913523,
      0.1923937,
      -0.75193745,
      1
    ],
    "keyframeTimestamp" : 235063.8896485,
    "uuid" : "707787FC-FA3B-418A-9476-3980D625A451"
  },
  {
    "transform" : [
      -0.057278223,
      -0.9960862,
      -0.06731864,
      0,
      0.8953025,
      -0.02141214,
      -0.44494337,
      0,
      0.44176066,
      -0.08575611,
      0.89302504,
      0,
      0.46107656,
      0.13757119,
      5.113916,
      1
    ],
    "keyframeTimestamp" : 235228.6795745,
    "uuid" : "49424344-B3F3-4B46-A38E-80E3C4BC226A"
  },
  {
    "transform" : [
      0.086464696,
      -0.88716006,
      -0.45328915,
      0,
      -0.98926306,
      -0.022643503,
      -0.14438443,
      0,
      0.11782801,
      0.46090612,
      -0.87959224,
      0,
      0.8633248,
      0.025238406,
      6.4773273,
      1
    ],
    "keyframeTimestamp" : 235202.089303666,
    "uuid" : "F6EDAA4C-E973-4841-ADC3-6CBF10F43E46"
  },
  {
    "transform" : [
      0.14154615,
      -0.74082196,
      -0.65661836,
      0,
      -0.98831403,
      -0.067849256,
      -0.13649915,
      0,
      0.056570467,
      0.66826564,
      -0.74176824,
      0,
      1.7855632,
      -0.15522484,
      1.7101139,
      0.99999994
    ],
    "keyframeTimestamp" : 235151.074603916,
    "uuid" : "3B09F9C2-39E0-4BEC-92B7-CF2C84218883"
  },
  {
    "transform" : [
      -0.24828173,
      -0.7085453,
      -0.6605449,
      0,
      -0.93979293,
      0.010880403,
      0.3415727,
      0,
      -0.23483276,
      0.7055811,
      -0.6685871,
      0,
      2.0124125,
      -0.27910802,
      1.3693728,
      0.99999994
    ],
    "keyframeTimestamp" : 235141.728009791,
    "uuid" : "A680FACC-5877-4287-843A-9F6CF879D69F"
  },
  {
    "transform" : [
      -0.39203015,
      -0.8590609,
      -0.32913008,
      0,
      -0.6415705,
      -0.0011041845,
      0.7670632,
      0,
      -0.6593176,
      0.511872,
      -0.55071545,
      0,
      0.7986392,
      -0.12753858,
      6.8534703,
      0.99999994
    ],
    "keyframeTimestamp" : 235215.750973958,
    "uuid" : "90F824DE-8341-49D6-9911-48574B45796E"
  },
  {
    "transform" : [
      0.64546615,
      -0.75836617,
      -0.09085951,
      0,
      -0.21811898,
      -0.06901486,
      -0.9734792,
      0,
      0.7319824,
      0.6481654,
      -0.20996068,
      0,
      0.7755685,
      -0.09074258,
      5.56543,
      1
    ],
    "keyframeTimestamp" : 235225.763975541,
    "uuid" : "BB47645D-198F-4374-83FD-9E6670DCD87B"
  },
  {
    "transform" : [
      0.007498764,
      -0.726826,
      0.68678075,
      0,
      0.9997487,
      0.019954944,
      0.010202536,
      0,
      -0.021120137,
      0.6865317,
      0.72679335,
      0,
      1.0407819,
      -0.14648327,
      1.5832556,
      1
    ],
    "keyframeTimestamp" : 235122.951515083,
    "uuid" : "CDEF07C3-DB9A-4C13-BADF-4206F0B0AB1D"
  },
  {
    "transform" : [
      -0.07977671,
      -0.909282,
      -0.40846145,
      0,
      0.9940981,
      -0.042355187,
      -0.09987002,
      0,
      0.07350969,
      -0.41401857,
      0.9072959,
      0,
      0.3846754,
      0.3343684,
      0.05674593,
      0.99999994
    ],
    "keyframeTimestamp" : 235077.468050583,
    "uuid" : "B77B23B6-C453-40FD-910F-F3AEB5F2997F"
  },
  {
    "transform" : [
      0.17874962,
      -0.9371112,
      0.2997843,
      0,
      -0.8456735,
      0.009397255,
      0.5336173,
      0,
      -0.5028763,
      -0.34890372,
      -0.79081094,
      0,
      2.3647983,
      0.2540865,
      1.352303,
      0.9999999
    ],
    "keyframeTimestamp" : 235135.313680125,
    "uuid" : "5B45C0C1-9A7D-4125-92E9-71622B82955C"
  },
  {
    "transform" : [
      0.6793378,
      -0.69857216,
      0.22471635,
      0,
      0.251548,
      -0.065989465,
      -0.9655928,
      0,
      0.6893651,
      0.7124902,
      0.13089527,
      0,
      0.15593174,
      -0.071565084,
      -0.21657932,
      1
    ],
    "keyframeTimestamp" : 235072.10333225,
    "uuid" : "2BCA5E77-2874-4B85-AB4F-57A2AA7112CF"
  },
  {
    "transform" : [
      -0.26314482,
      -0.938165,
      0.22494724,
      0,
      -0.6081993,
      -0.01967691,
      -0.79354024,
      0,
      0.7488982,
      -0.34562877,
      -0.56541353,
      0,
      1.7112694,
      0.26333612,
      1.3084202,
      1
    ],
    "keyframeTimestamp" : 235147.825788375,
    "uuid" : "8D3ABCED-B795-46F7-AA2D-B5FA69863E07"
  },
  {
    "transform" : [
      0.25583994,
      -0.8481825,
      -0.4638237,
      0,
      -0.91116077,
      -0.05125826,
      -0.4088515,
      0,
      0.32300574,
      0.52721816,
      -0.7859444,
      0,
      1.6818873,
      -0.084871165,
      1.5189469,
      0.99999994
    ],
    "keyframeTimestamp" : 235150.191592541,
    "uuid" : "55ABD7AE-9CCB-442C-868A-AD7C685C8F1A"
  },
  {
    "transform" : [
      0.24214992,
      -0.74315697,
      -0.62376386,
      0,
      -0.9504005,
      -0.05234111,
      -0.3065931,
      0,
      0.19519831,
      0.66706675,
      -0.7189713,
      0,
      0.7158994,
      -0.081674986,
      5.819779,
      1
    ],
    "keyframeTimestamp" : 235224.331166833,
    "uuid" : "C256C569-6970-474F-BDCB-2C22A37039D3"
  },
  {
    "transform" : [
      -0.06911736,
      -0.9957801,
      0.06037248,
      0,
      0.46080208,
      0.021807173,
      0.88723505,
      0,
      -0.88480765,
      0.0891431,
      0.45735034,
      0,
      0.17400348,
      0.16338404,
      -0.24985619,
      1.0000001
    ],
    "keyframeTimestamp" : 235056.409030583,
    "uuid" : "775648F3-1F1C-4FA5-81E5-1005187EED3B"
  },
  {
    "transform" : [
      0.4963949,
      -0.7665105,
      -0.4074978,
      0,
      -0.65396667,
      -0.021484729,
      -0.75621897,
      0,
      0.57089436,
      0.6418725,
      -0.51193684,
      0,
      0.21759298,
      -0.023506403,
      -0.22756507,
      1.0000001
    ],
    "keyframeTimestamp" : 235070.587216125,
    "uuid" : "BF4794C3-7142-4BC5-8F0D-50ABE688263F"
  },
  {
    "transform" : [
      0.7149246,
      -0.6984271,
      -0.032893617,
      0,
      -0.10023024,
      -0.055812005,
      -0.9933974,
      0,
      0.69198006,
      0.71350145,
      -0.10990492,
      0,
      0.20242016,
      -0.07492273,
      -0.21622828,
      0.9999998
    ],
    "keyframeTimestamp" : 235071.53687125,
    "uuid" : "E759F0FA-0057-416C-B5B2-7636576BBC0D"
  },
  {
    "transform" : [
      0.03119396,
      -0.99726284,
      -0.06703682,
      0,
      0.3109094,
      -0.05406079,
      0.9489013,
      0,
      -0.94992775,
      -0.05044235,
      0.30837193,
      0,
      1.2658602,
      0.20145494,
      1.6478695,
      1
    ],
    "keyframeTimestamp" : 235126.816775041,
    "uuid" : "4EDD3170-9FFB-4248-9BF8-163E422EC0E7"
  },
  {
    "transform" : [
      0.6323983,
      -0.70742613,
      0.3156273,
      0,
      0.43311092,
      -0.014913637,
      -0.9012177,
      0,
      0.64225185,
      0.7066298,
      0.29696253,
      0,
      1.695862,
      -0.2040982,
      1.421965,
      1
    ],
    "keyframeTimestamp" : 235165.619297791,
    "uuid" : "6E3B6260-880F-40E0-93A7-A43E460D8B65"
  },
  {
    "transform" : [
      -0.09612899,
      -0.9887447,
      0.114644505,
      0,
      0.94667166,
      -0.055232357,
      0.31743225,
      0,
      -0.30752724,
      0.13904506,
      0.9413256,
      0,
      0.09195775,
      0.1438156,
      0.064135924,
      1.0000001
    ],
    "keyframeTimestamp" : 235051.860681541,
    "uuid" : "838452CC-7F17-468E-AA76-1AF42EF3C9D7"
  },
  {
    "transform" : [
      -0.2905102,
      -0.86212003,
      -0.41515538,
      0,
      -0.85222226,
      0.03582757,
      0.5219528,
      0,
      -0.4351117,
      0.5054368,
      -0.74512553,
      0,
      0.8224582,
      0.028761018,
      6.6844535,
      1
    ],
    "keyframeTimestamp" : 235212.418860166,
    "uuid" : "9A627193-18F5-42E0-B2A8-B87E55A42ABB"
  },
  {
    "transform" : [
      -0.013740922,
      -0.99547184,
      -0.094060026,
      0,
      -0.90899754,
      -0.026754247,
      0.41594258,
      0,
      -0.41657558,
      0.09121571,
      -0.9045138,
      0,
      0.77877927,
      0.19823112,
      6.4758387,
      1.0000001
    ],
    "keyframeTimestamp" : 235211.2026385,
    "uuid" : "67E61579-D189-434C-962D-D42AD9CD191B"
  },
  {
    "transform" : [
      -0.19134809,
      -0.76942647,
      0.60940045,
      0,
      -0.9504736,
      -0.009672233,
      -0.31065506,
      0,
      0.24492042,
      -0.638662,
      -0.7294685,
      0,
      1.8022063,
      0.30238616,
      1.4020578,
      1
    ],
    "keyframeTimestamp" : 235146.259692416,
    "uuid" : "A21E8BBD-9D01-445B-BEBB-417A563EBE63"
  },
  {
    "transform" : [
      0.08020027,
      -0.99622864,
      0.03310709,
      0,
      -0.7183653,
      -0.034741376,
      0.694798,
      0,
      -0.6910276,
      -0.07950599,
      -0.7184425,
      0,
      0.18995467,
      0.23680077,
      -0.7479701,
      0.99999994
    ],
    "keyframeTimestamp" : 235064.522751916,
    "uuid" : "BFF54074-5249-4184-9F68-72F3881C9D0F"
  },
  {
    "transform" : [
      0.26315367,
      -0.8751659,
      0.4059991,
      0,
      0.79942787,
      -0.03776923,
      -0.5995746,
      0,
      0.5400613,
      0.48234692,
      0.68969256,
      0,
      0.23340544,
      -0.008978292,
      2.2088509,
      1
    ],
    "keyframeTimestamp" : 235116.887055541,
    "uuid" : "8F2DD326-8ADC-4AA4-8B49-BA4A9E588718"
  },
  {
    "transform" : [
      -0.14389874,
      -0.9480136,
      -0.28384015,
      0,
      0.98206854,
      -0.10150102,
      -0.15887131,
      0,
      0.12180209,
      -0.30161163,
      0.9456197,
      0,
      0.12949263,
      0.26703218,
      2.0812943,
      1
    ],
    "keyframeTimestamp" : 235114.354642958,
    "uuid" : "8A720A17-5D53-4585-8412-B9CFF1D92557"
  },
  {
    "transform" : [
      -0.549208,
      -0.833343,
      0.06253251,
      0,
      0.102465026,
      0.0071125226,
      0.994711,
      0,
      -0.8293804,
      0.5527105,
      0.08148225,
      0,
      0.7416195,
      -0.16472238,
      5.6046495,
      0.9999999
    ],
    "keyframeTimestamp" : 235193.459125208,
    "uuid" : "7FD7EF96-0F1A-4EEF-9E52-026878F83E69"
  },
  {
    "transform" : [
      -0.5099464,
      -0.8476699,
      -0.14632294,
      0,
      -0.38526312,
      0.07297482,
      0.91991705,
      0,
      -0.76910806,
      0.525481,
      -0.36378926,
      0,
      0.3570849,
      -0.130076,
      4.914165,
      0.99999994
    ],
    "keyframeTimestamp" : 235185.195477416,
    "uuid" : "AB452769-A2CE-4A9F-B025-0823A9560ED0"
  },
  {
    "transform" : [
      -0.63683116,
      -0.65316623,
      -0.40965822,
      0,
      -0.63188535,
      0.13770652,
      0.7627309,
      0,
      -0.44177738,
      0.74458754,
      -0.5004219,
      0,
      0.85692984,
      -0.08726242,
      6.822516,
      0.99999994
    ],
    "keyframeTimestamp" : 235213.185246375,
    "uuid" : "4B137A78-CB91-4E9B-B37E-AE23E9B036F9"
  },
  {
    "transform" : [
      -0.008501877,
      -0.997731,
      -0.06678663,
      0,
      0.53475153,
      -0.060972963,
      0.8428069,
      0,
      -0.8449669,
      -0.028548818,
      0.53405666,
      0,
      0.6941013,
      0.13579498,
      5.327689,
      0.99999994
    ],
    "keyframeTimestamp" : 235188.111078916,
    "uuid" : "AFCD5A17-3123-4AF2-B787-6B8189D93B8A"
  },
  {
    "transform" : [
      0.043831527,
      -0.7984315,
      -0.60048836,
      0,
      -0.9957294,
      0.013970803,
      -0.091257505,
      0,
      0.08125216,
      0.60192364,
      -0.7944092,
      0,
      0.8666074,
      -0.07478067,
      6.452358,
      0.99999994
    ],
    "keyframeTimestamp" : 235202.672423916,
    "uuid" : "590D62A3-D8A5-4E90-931B-0249A9CFD382"
  },
  {
    "transform" : [
      -0.045163065,
      -0.921539,
      -0.38565066,
      0,
      0.99772173,
      -0.02224188,
      -0.063693404,
      0,
      0.05011836,
      -0.3876485,
      0.92044383,
      0,
      0.42467496,
      0.25709713,
      4.954017,
      1
    ],
    "keyframeTimestamp" : 235229.729190041,
    "uuid" : "86182EEE-5759-4891-998A-71233128140F"
  },
  {
    "transform" : [
      0.107128255,
      -0.9357105,
      0.3361089,
      0,
      -0.98965365,
      -0.067904465,
      0.12639034,
      0,
      -0.095441535,
      -0.34617147,
      -0.9333043,
      0,
      0.7622324,
      0.26044846,
      6.222242,
      0.9999999
    ],
    "keyframeTimestamp" : 235209.836471375,
    "uuid" : "78B91F71-3EC8-4CFC-9D16-4A2E67CA0965"
  },
  {
    "transform" : [
      -0.11079981,
      -0.99171895,
      0.0649451,
      0,
      0.32429212,
      0.025693893,
      0.9456084,
      0,
      -0.9394458,
      0.12583433,
      0.31875953,
      0,
      0.21938539,
      0.07430394,
      1.9923947,
      1
    ],
    "keyframeTimestamp" : 235111.189127166,
    "uuid" : "82EBC575-23FC-4C15-84DE-0509095D12DF"
  },
  {
    "transform" : [
      -0.13764791,
      -0.97211796,
      0.18984129,
      0,
      -0.85229665,
      0.018600162,
      -0.5227278,
      0,
      0.5046223,
      -0.23375349,
      -0.83109343,
      0,
      0.85502493,
      0.17545916,
      5.920902,
      0.99999994
    ],
    "keyframeTimestamp" : 235207.087476625,
    "uuid" : "6122C039-78EB-46B2-B3E9-6F475ACD12D9"
  },
  {
    "transform" : [
      -0.30821347,
      -0.9265546,
      -0.21564122,
      0,
      0.6493903,
      -0.039268054,
      -0.75944126,
      0,
      0.69519585,
      -0.37410516,
      0.61379844,
      0,
      0.47373682,
      0.3067317,
      -0.058949437,
      1
    ],
    "keyframeTimestamp" : 235075.935274083,
    "uuid" : "EF592E4F-A0BE-469E-A210-F1D5FF29FF06"
  },
  {
    "transform" : [
      -0.5218642,
      -0.7964493,
      -0.3054945,
      0,
      -0.57335246,
      0.06233046,
      0.8169349,
      0,
      -0.63160515,
      0.60148466,
      -0.48917392,
      0,
      0.34516767,
      -0.16369072,
      4.821415,
      1
    ],
    "keyframeTimestamp" : 235184.862265833,
    "uuid" : "52410BEA-0C4F-452B-90B0-8F5046E58E07"
  },
  {
    "transform" : [
      -0.09591879,
      -0.9697876,
      -0.22430304,
      0,
      0.933469,
      -0.009400788,
      -0.35853487,
      0,
      0.34559402,
      -0.24377006,
      0.9061682,
      0,
      0.44104764,
      0.18737306,
      5.0488267,
      0.9999999
    ],
    "keyframeTimestamp" : 235229.029446416,
    "uuid" : "187FA27D-2791-4BCA-81B9-3E2C4704BBA1"
  },
  {
    "transform" : [
      0.39456296,
      -0.7569335,
      0.5209341,
      0,
      0.82812846,
      0.047277153,
      -0.5585411,
      0,
      0.39815015,
      0.65177983,
      0.6454919,
      0,
      1.9161173,
      -0.22514509,
      1.2662054,
      1.0000001
    ],
    "keyframeTimestamp" : 235168.135045916,
    "uuid" : "3D747DA2-5A96-4C63-A3A1-BC2B46D86792"
  },
  {
    "transform" : [
      0.05462073,
      -0.99462366,
      -0.087979324,
      0,
      -0.99819535,
      -0.05659362,
      0.020086514,
      0,
      -0.024957607,
      0.0867234,
      -0.99592006,
      0,
      0.28204527,
      -0.008561826,
      2.3946123,
      0.99999994
    ],
    "keyframeTimestamp" : 235174.549369125,
    "uuid" : "4D29F35E-C92F-4508-840F-AF26928048C9"
  },
  {
    "transform" : [
      0.54120386,
      -0.83691424,
      -0.08170023,
      0,
      -0.1894095,
      -0.026666224,
      -0.98153704,
      0,
      0.8192827,
      0.5466857,
      -0.17295116,
      0,
      1.5878178,
      -0.11181337,
      1.6352222,
      1
    ],
    "keyframeTimestamp" : 235163.353458041,
    "uuid" : "B646312A-4CF0-44D7-8712-0E0DBD5B35E9"
  },
  {
    "transform" : [
      0.059939913,
      -0.9437248,
      0.32525405,
      0,
      -0.97436,
      0.0154751,
      0.22446235,
      0,
      -0.21686411,
      -0.3303688,
      -0.91860044,
      0,
      0.79834986,
      0.22876547,
      6.7334614,
      1
    ],
    "keyframeTimestamp" : 235217.63361875,
    "uuid" : "81BEF018-8AA5-4ED4-BD32-532DF8882F28"
  },
  {
    "transform" : [
      0.074017145,
      -0.9921702,
      -0.10059494,
      0,
      0.33426788,
      -0.07035328,
      0.9398484,
      0,
      -0.9395672,
      -0.10319057,
      0.32644337,
      0,
      0.5807158,
      0.14257209,
      5.275841,
      0.99999994
    ],
    "keyframeTimestamp" : 235187.54461925,
    "uuid" : "64AE7279-7D51-44FB-8ABE-A4A9BAF244F9"
  },
  {
    "transform" : [
      -0.13377781,
      -0.96035254,
      0.2445941,
      0,
      -0.8579527,
      -0.011297415,
      -0.5136042,
      0,
      0.49600437,
      -0.27855903,
      -0.82242596,
      0,
      0.8127103,
      0.26169413,
      6.682787,
      1
    ],
    "keyframeTimestamp" : 235218.866501083,
    "uuid" : "7ABABCFA-ED8F-4F90-A273-2C6B78EFD71D"
  },
  {
    "transform" : [
      -0.03720382,
      -0.9871504,
      -0.15540403,
      0,
      -0.9607479,
      -0.0074494113,
      0.27732345,
      0,
      -0.27491766,
      0.15962161,
      -0.9481257,
      0,
      0.68793476,
      -0.01803493,
      5.909589,
      0.99999994
    ],
    "keyframeTimestamp" : 235197.52430575,
    "uuid" : "E3325F6B-75EB-479F-A7AE-B6A409FFC047"
  },
  {
    "transform" : [
      0.059786875,
      -0.8017699,
      -0.5946355,
      0,
      -0.9982072,
      -0.046240203,
      -0.038016047,
      0,
      0.0029840427,
      0.5958418,
      -0.80309683,
      0,
      0.7830043,
      -0.039468937,
      6.163962,
      1
    ],
