[
  {
    "uuid" : "BD4C7194-3956-4CB1-88F5-178876AF203B",
    "transform" : [
      0.30142236,
      -0.933616,
      -0.19366314,
      0,
      0.61137,
      0.03337846,
      0.79064107,
      0,
      -0.7316908,
      -0.35671663,
      0.580846,
      0,
      0.4848529,
      0.24539793,
      4.7023473,
      0.9999999
    ],
    "keyframeTimestamp" : 235231.478549416
  },
  {
    "uuid" : "020F1F04-1666-4C63-A242-5419EC8C4F90",
    "transform" : [
      0.38933283,
      -0.837113,
      0.38426846,
      0,
      0.6797736,
      -0.020384157,
      -0.7331386,
      0,
      0.6215528,
      0.5466504,
      0.5611111,
      0,
      -2.9672005,
      -0.12741213,
      -2.0737484,
      1
    ],
    "keyframeTimestamp" : 235279.6441735
  },
  {
    "uuid" : "F7F09B1D-A3BC-40F6-99B5-48E8598BCD44",
    "transform" : [
      0.5429839,
      -0.83960885,
      -0.0150164645,
      0,
      -0.023867633,
      -0.0333055,
      0.99915993,
      0,
      -0.839404,
      -0.5421695,
      -0.03812385,
      0,
      0.09228818,
      0.33238626,
      -0.15206788,
      1
    ],
    "keyframeTimestamp" : 235086.364818208
  },
  {
    "uuid" : "042F1FC7-F671-4997-B52E-7F8FE5663D2E",
    "transform" : [
      -0.076047055,
      -0.95741004,
      0.27853695,
      0,
      -0.94906455,
      -0.016161766,
      -0.31466913,
      0,
      0.30576885,
      -0.28827897,
      -0.9074142,
      0,
      0.7819671,
      0.21201044,
      5.9668546,
      1.0000001
    ],
    "keyframeTimestamp" : 235208.870158083
  },
  {
    "uuid" : "CAF63A31-82A6-4C7C-91C8-163573EA2F38",
    "transform" : [
      0.100079164,
      -0.9501039,
      -0.29544538,
      0,
      -0.98805875,
      -0.059938204,
      -0.14194356,
      0,
      0.117152624,
      0.3061228,
      -0.9447568,
      0,
      0.85600126,
      0.1290352,
      6.481152,
      0.99999994
    ],
    "keyframeTimestamp" : 235201.656128666
  },
  {
    "uuid" : "C61F2AC9-EE14-48FE-80A5-004969D2B7CF",
    "transform" : [
      -0.45852718,
      -0.7658385,
      -0.4508265,
      0,
      -0.7771806,
      0.09954461,
      0.6213549,
      0,
      -0.4309802,
      0.63528144,
      -0.64083844,
      0,
      0.8519165,
      -0.022179056,
      6.760251,
      1
    ],
    "keyframeTimestamp" : 235212.735411
  },
  {
    "uuid" : "80CE9C8E-5E90-4728-9453-C88EF7FFAA7B",
    "transform" : [
      -0.015189161,
      -0.9998418,
      -0.009263851,
      0,
      -0.9946813,
      0.014165425,
      0.102029584,
      0,
      -0.10188223,
      0.010764319,
      -0.99473894,
      0,
      1.8218695,
      -0.008336943,
      1.4822546,
      1
    ],
    "keyframeTimestamp" : 235144.027172166
  },
  {
    "uuid" : "DCDA7C62-A77A-4275-B847-FC1640745B1E",
    "transform" : [
      0.027219705,
      -0.9991495,
      -0.03100199,
      0,
      -0.999046,
      -0.026130041,
      -0.03502723,
      0,
      0.03418731,
      0.03192581,
      -0.9989068,
      0,
      0.0972527,
      0.21809693,
      -0.7204554,
      1.0000001
    ],
    "keyframeTimestamp" : 235066.422062291
  },
  {
    "uuid" : "FDB1DFF5-F522-4ECA-AE62-A1BB0FF55D77",
    "transform" : [
      0.076964386,
      -0.99635094,
      0.036892787,
      0,
      -0.5577858,
      -0.073698044,
      -0.8267065,
      0,
      0.8264089,
      0.04304867,
      -0.56142265,
      0,
      -1.08201,
      0.042106792,
      1.9729669,
      0.9999999
    ],
    "keyframeTimestamp" : 235244.440462958
  },
  {
    "uuid" : "CF5798E2-A0C3-4DFB-842A-6E216A32AABB",
    "transform" : [
      -0.022924906,
      -0.99775416,
      -0.06293668,
      0,
      0.23677236,
      -0.06658084,
      0.9692812,
      0,
      -0.97129464,
      0.0073190145,
      0.23776695,
      0,
      0.73886305,
      0.15258244,
      4.0648427,
      0.99999994
    ],
    "keyframeTimestamp" : 235234.17756025
  },
  {
    "uuid" : "0E0E447E-21E4-4664-8F7F-3A5D4F46A69B",
    "transform" : [
      -0.13412002,
      -0.9835699,
      0.12083859,
      0,
      0.665311,
      0.0009989012,
      0.7465665,
      0,
      -0.73442066,
      0.18052463,
      0.6542458,
      0,
      0.14229555,
      0.13176501,
      -0.060061846,
      0.99999994
    ],
    "keyframeTimestamp" : 235055.32609025
  },
  {
    "uuid" : "3E465BB3-8D18-4313-A80A-28E5C655ED9F",
    "transform" : [
      -0.562658,
      -0.7865028,
      0.25461647,
      0,
      0.49775845,
      -0.07640583,
      0.8639439,
      0,
      -0.66004014,
      0.61284226,
      0.43447876,
      0,
      0.21608853,
      -0.15410143,
      -3.702953,
      1
    ],
    "keyframeTimestamp" : 235311.265738916
  },
  {
    "uuid" : "6CBED95F-4700-47CB-BD3F-1C41BB6F77DB",
    "transform" : [
      0.254439,
      -0.9349221,
      -0.247349,
      0,
      -0.7766025,
      -0.04510563,
      -0.6283741,
      0,
      0.57632405,
      0.3519747,
      -0.73753947,
      0,
      1.6677847,
      0.0021067187,
      1.4230633,
      1
    ],
    "keyframeTimestamp" : 235149.658453625
  },
  {
    "uuid" : "BF4794C3-7142-4BC5-8F0D-50ABE688263F",
    "transform" : [
      0.4963949,
      -0.7665105,
      -0.4074978,
      0,
      -0.6539667,
      -0.021484733,
      -0.756219,
      0,
      0.57089436,
      0.6418725,
      -0.51193684,
      0,
      0.21759298,
      -0.023506403,
      -0.22756507,
      1.0000001
    ],
    "keyframeTimestamp" : 235070.587216125
  },
  {
    "uuid" : "2C379035-D6F1-4821-AD07-AFD05D6EC315",
    "transform" : [
      0.1296661,
      -0.9858057,
      -0.106648356,
      0,
      0.45299107,
      -0.03678217,
      0.8907561,
      0,
      -0.8820352,
      -0.16381158,
      0.44179183,
      0,
      1.1988903,
      0.22869039,
      1.6805668,
      1.0000001
    ],
    "keyframeTimestamp" : 235126.533544791
  },
  {
    "uuid" : "7C411BEF-BBBF-4740-9504-8A01ED0C2461",
    "transform" : [
      0.2258468,
      -0.9669475,
      0.11834633,
      0,
      0.3909662,
      -0.021303048,
      -0.92015857,
      0,
      0.89226615,
      0.2540842,
      0.37323254,
      0,
      -2.07814,
      -0.024898589,
      1.901251,
      0.99999994
    ],
    "keyframeTimestamp" : 235247.639289125
  },
  {
    "uuid" : "06556CC7-BDEE-4DFE-B9C6-72EAB7935B18",
    "transform" : [
      -0.07138308,
      -0.8795084,
      0.4704988,
      0,
      0.9959599,
      -0.03708394,
      0.0817835,
      0,
      -0.054481328,
      0.4744359,
      0.87860256,
      0,
      0.3339391,
      -0.11021457,
      2.6303105,
      0.99999994
    ],
    "keyframeTimestamp" : 235239.575581125
  },
  {
    "uuid" : "3BBF4CF2-C5D0-49C0-8D72-B0DF78C36E8A",
    "transform" : [
      0.22090872,
      -0.8262383,
      -0.518198,
      0,
      -0.9286485,
      -0.015842983,
      -0.37062368,
      0,
      0.29801363,
      0.5630979,
      -0.7707849,
      0,
      0.81957155,
      -0.13303864,
      5.9523206,
      1
    ],
    "keyframeTimestamp" : 235205.454739916
  },
  {
    "uuid" : "4D782F6A-0BDE-4543-883F-870766A1DC0F",
    "transform" : [
      0.053066406,
      -0.9968363,
      0.05917204,
      0,
      0.65791,
      -0.009676284,
      -0.75303465,
      0,
      0.7512248,
      0.078890674,
      0.65531504,
      0,
      -2.2061718,
      0.033444233,
      1.9147571,
      1
    ],
    "keyframeTimestamp" : 235248.305710958
  },
  {
    "uuid" : "3180DD78-CCE0-4E92-9FC9-D64E90794CAD",
    "transform" : [
      0.36324596,
      -0.9251767,
      -0.110002674,
      0,
      0.299091,
      0.0039746608,
      0.95421636,
      0,
      -0.8823815,
      -0.379516,
      0.2781558,
      0,
      -2.592264,
      0.20458329,
      1.6418563,
      0.99999994
    ],
    "keyframeTimestamp" : 235255.13653475
  },
  {
    "uuid" : "AAC6DFCE-7C37-44D2-BC6B-67720B86CC31",
    "transform" : [
      -0.07118974,
      -0.748224,
      0.6596155,
      0,
      -0.9916806,
      -0.018010648,
      -0.1274583,
      0,
      0.10724743,
      -0.6632013,
      -0.74071676,
      0,
      1.814103,
      0.2991818,
      1.4208633,
      0.9999999
    ],
    "keyframeTimestamp" : 235145.976462166
  },
  {
    "uuid" : "C8051A5E-D239-41FB-85EE-0C6F2C85C687",
    "transform" : [
      -0.16264917,
      -0.9837101,
      -0.07654793,
      0,
      0.6589319,
      -0.05054882,
      -0.75050175,
      0,
      0.7344071,
      -0.17250842,
      0.65641993,
      0,
      0.43861136,
      0.25675142,
      -0.061019015,
      0.99999994
    ],
    "keyframeTimestamp" : 235075.2688495
  },
  {
    "uuid" : "8D3ABCED-B795-46F7-AA2D-B5FA69863E07",
    "transform" : [
      -0.26314482,
      -0.938165,
      0.22494724,
      0,
      -0.6081993,
      -0.01967691,
      -0.79354024,
      0,
      0.7488982,
      -0.34562877,
      -0.56541353,
      0,
      1.7112694,
      0.26333612,
      1.3084202,
      1
    ],
    "keyframeTimestamp" : 235147.825788375
  },
  {
    "uuid" : "BB297B50-01DD-40B2-9A89-CEA0E28D4411",
    "transform" : [
      -0.0006629457,
      -0.99097013,
      0.13408133,
      0,
      0.8901197,
      -0.06168922,
      -0.45153248,
      0,
      0.45572662,
      0.11904907,
      0.8821228,
      0,
      0.12714037,
      0.1374361,
      2.2541125,
      0.99999994
    ],
    "keyframeTimestamp" : 235115.770794708
  },
  {
    "uuid" : "ACE418D1-711A-45DA-A013-C8C26393F69C",
    "transform" : [
      -0.4537864,
      -0.8420645,
      0.29155725,
      0,
      0.58715695,
      -0.036428373,
      0.8086533,
      0,
      -0.6703171,
      0.53814554,
      0.5109546,
      0,
      0.44192988,
      -0.10453181,
      -3.8351288,
      1
    ],
    "keyframeTimestamp" : 235312.082100875
  },
  {
    "uuid" : "E0CD6D0C-F32C-4C9A-B800-A2D88E61B3CD",
    "transform" : [
      -0.5432435,
      -0.803028,
      -0.24501581,
      0,
      -0.46716017,
      0.04663185,
      0.88294286,
      0,
      -0.6976017,
      0.59411395,
      -0.40047476,
      0,
      0.3666589,
      -0.044928804,
      1.6900946,
      1
    ],
    "keyframeTimestamp" : 235109.02324775
  },
  {
    "uuid" : "C2602F22-C78B-442C-A768-D7548B470124",
    "transform" : [
      0.38526598,
      -0.8640844,
      0.3239265,
      0,
      0.47200882,
      -0.1171087,
      -0.87378097,
      0,
      0.7929553,
      0.4895342,
      0.3627376,
      0,
      0.22596297,
      -0.08228215,
      -4.0179152,
      1
    ],
    "keyframeTimestamp" : 235319.196116
  },
  {
    "uuid" : "757194DB-3591-47B7-979A-5B661FD6CC8A",
    "transform" : [
      -0.101824395,
      -0.82167464,
      0.5607877,
      0,
      -0.99441,
      0.06823593,
      -0.080578536,
      0,
      0.027943436,
      -0.56585765,
      -0.8240295,
      0,
      0.24537319,
      0.37121886,
      -3.7320206,
      1
    ],
    "keyframeTimestamp" : 235329.908786958
  },
  {
    "uuid" : "F100E024-2E2A-465D-8792-700F93FEF9B7",
    "transform" : [
      0.09919879,
      -0.99057287,
      0.09447245,
      0,
      -0.47825578,
      -0.13071811,
      -0.868438,
      0,
      0.8726004,
      0.040965963,
      -0.48671427,
      0,
      1.7510346,
      0.08916633,
      2.1476681,
      1
    ],
    "keyframeTimestamp" : 235159.638146583
  },
  {
    "uuid" : "86152520-78ED-4873-8C8D-40A264A325FA",
    "transform" : [
      0.00794708,
      -0.9585868,
      0.28469035,
      0,
      0.9930204,
      -0.025938109,
      -0.11505674,
      0,
      0.11767621,
      0.2836176,
      0.9516901,
      0,
      -2.4850636,
      -0.036578078,
      -3.6039066,
      1
    ],
    "keyframeTimestamp" : 235284.775612541
  },
  {
    "uuid" : "AAAB0E23-483F-4242-AF85-170A9D391852",
    "transform" : [
      -0.38943785,
      -0.92016083,
      -0.040523842,
      0,
      0.17426023,
      -0.03040637,
      -0.98423,
      0,
      0.9044178,
      -0.39035812,
      0.17218885,
      0,
      -0.6105457,
      0.3162226,
      -3.8092618,
      1
    ],
    "keyframeTimestamp" : 235334.123878791
  },
  {
    "uuid" : "484D306C-E626-4684-81FC-7611A041DB57",
    "transform" : [
      0.07437084,
      -0.82613194,
      0.55854744,
      0,
      -0.9801093,
      0.042790048,
      0.1937915,
      0,
      -0.18399763,
      -0.56184965,
      -0.8065172,
      0,
      0.28801626,
      0.36913404,
      -3.732346,
      1
    ],
    "keyframeTimestamp" : 235329.675540791
  },
  {
    "uuid" : "1D3ED701-4008-4960-9815-8F3FF2F4FEFA",
    "transform" : [
      -0.014673683,
      -0.93016624,
      0.36684492,
      0,
      0.9996575,
      -0.021596236,
      -0.014773085,
      0,
      0.021663915,
      0.3665025,
      0.9301649,
      0,
      0.7247247,
      -0.053387824,
      -3.9516337,
      1
    ],
    "keyframeTimestamp" : 235314.36458325
  },
  {
    "uuid" : "AFF396BD-688F-4B82-A380-7BD4060442AF",
    "transform" : [
      0.19773556,
      -0.97982955,
      -0.02888658,
      0,
      0.06500965,
      -0.016295599,
      0.9977516,
      0,
      -0.9780973,
      -0.19916885,
      0.06047616,
      0,
      -3.2516856,
      0.14967567,
      -0.69451666,
      1
    ],
    "keyframeTimestamp" : 235274.112881416
  },
  {
    "uuid" : "2D9490AC-C257-4CDD-9EE7-95FE2ABBFACB",
    "transform" : [
      -0.3202402,
      -0.8796598,
      -0.351634,
      0,
      0.78534234,
      -0.038930137,
      -0.6178381,
      0,
      0.5297977,
      -0.47400913,
      0.7033003,
      0,
      0.47972202,
      0.3358161,
      -0.061920386,
      1
    ],
    "keyframeTimestamp" : 235076.46841375
  },
  {
    "uuid" : "C0161AD1-E14E-478B-9736-86D896386285",
    "transform" : [
      0.36578825,
      -0.9087628,
      -0.200871,
      0,
      0.44887936,
      -0.016803375,
      0.8934344,
      0,
      -0.8152953,
      -0.41697457,
      0.40177834,
      0,
      -3.1495671,
      0.22852232,
      -0.7834753,
      1.0000001
    ],
    "keyframeTimestamp" : 235274.829283916
  },
  {
    "uuid" : "187FA27D-2791-4BCA-81B9-3E2C4704BBA1",
    "transform" : [
      -0.09591485,
      -0.96978354,
      -0.22432242,
      0,
      0.93346757,
      -0.009388789,
      -0.35853893,
      0,
      0.34559897,
      -0.2437868,
      0.9061618,
      0,
      0.44104153,
      0.18739626,
      5.048832,
      1
    ],
    "keyframeTimestamp" : 235229.029446416
  },
  {
    "uuid" : "670EECFB-9F67-4794-BAA8-4206BDCE4681",
    "transform" : [
      0.29703027,
      -0.9534672,
      -0.051714834,
      0,
      -0.5794306,
      -0.13693057,
      -0.8034366,
      0,
      0.75896895,
      0.26861,
      -0.59314036,
      0,
      1.7750629,
      0.047231853,
      2.0548263,
      1
    ],
    "keyframeTimestamp" : 235160.054661333
  },
  {
    "uuid" : "53D037E6-E052-4497-9139-71EF9D8D51DE",
    "transform" : [
      0.2537864,
      -0.9672177,
      -0.009079374,
      0,
      -0.53683096,
      -0.13303728,
      -0.83313555,
      0,
      0.8046154,
      0.21631244,
      -0.55299526,
      0,
      1.7645241,
      0.057681814,
      2.0822785,
      1
    ],
    "keyframeTimestamp" : 235159.938037208
  },
  {
    "uuid" : "BD4B0437-0129-4971-AB52-5C99BB348619",
    "transform" : [
      -0.17176293,
      -0.98225975,
      0.075254075,
      0,
      0.6477128,
      -0.055044428,
      0.7598938,
      0,
      -0.7422708,
      0.17926453,
      0.645677,
      0,
      -3.1848958,
      0.01031869,
      -0.49548805,
      1
    ],
    "keyframeTimestamp" : 235269.131385583
  },
  {
    "uuid" : "E2506919-2FDB-4727-9367-A782A7CF1EB7",
    "transform" : [
      0.25465095,
      -0.94464487,
      0.20687598,
      0,
      -0.66496825,
      -0.015730029,
      0.7467059,
      0,
      -0.70211816,
      -0.32771543,
      -0.63216496,
      0,
      2.366451,
      0.21891502,
      1.3399493,
      0.99999994
    ],
    "keyframeTimestamp" : 235133.997493
  },
  {
    "uuid" : "B016CE3F-9005-4CE2-ABDE-70523284F7AF",
    "transform" : [
      0.43617854,
      -0.88729763,
      -0.14983836,
      0,
      0.22071671,
      -0.055934574,
      0.97373253,
      0,
      -0.8723719,
      -0.45779306,
      0.17144398,
      0,
      0.16981266,
      0.3048626,
      -0.17313573,
      1
    ],
    "keyframeTimestamp" : 235080.950119
  },
  {
    "uuid" : "8A156822-E73B-4FF0-A94C-682CB9F12CD0",
    "transform" : [
      0.26793095,
      -0.9444662,
      -0.19025443,
      0,
      -0.63356405,
      -0.023954151,
      -0.7733201,
      0,
      0.72581667,
      0.32773447,
      -0.6047976,
      0,
      0.83532196,
      -0.07864403,
      1.79085,
      1
    ],
    "keyframeTimestamp" : 235171.950320791
  },
  {
    "uuid" : "6E3B6260-880F-40E0-93A7-A43E460D8B65",
    "transform" : [
      0.6323983,
      -0.70742613,
      0.3156273,
      0,
      0.43311095,
      -0.014913639,
      -0.90121776,
      0,
      0.64225185,
      0.7066298,
      0.29696253,
      0,
      1.695862,
      -0.2040982,
      1.421965,
      1
    ],
    "keyframeTimestamp" : 235165.619297791
  },
  {
    "uuid" : "00B33131-6927-4D90-83B8-DF75463AB99A",
    "transform" : [
      -0.21756579,
      -0.8339309,
      0.5071733,
      0,
      -0.8777057,
      -0.06014537,
      -0.4754111,
      0,
      0.42696396,
      -0.54858184,
      -0.71886003,
      0,
      0.48718488,
      0.35101545,
      -3.6229026,
      1
    ],
    "keyframeTimestamp" : 235327.409720166
  },
  {
    "uuid" : "D14F958B-2841-4C98-B9D5-3B2D4E1BE6E8",
    "transform" : [
      0.5537746,
      -0.7675983,
      0.32268575,
      0,
      0.4569571,
      -0.04380677,
      -0.8884102,
      0,
      0.6960777,
      0.6394322,
      0.32650027,
      0,
      0.17745002,
      -0.03652164,
      -0.20688249,
      0.99999994
    ],
    "keyframeTimestamp" : 235072.536508375
  },
  {
    "uuid" : "AA35DB5A-2801-481F-BDCE-0E935455289E",
    "transform" : [
      0.012900555,
      -0.78835154,
      0.61508983,
      0,
      0.9978371,
      -0.029501563,
      -0.058739793,
      0,
      0.06445371,
      0.614517,
      0.7862657,
      0,
      0.36225352,
      -0.10947443,
      2.0815032,
      1
    ],
    "keyframeTimestamp" : 235118.153261458
  },
  {
    "uuid" : "EAC509E4-E888-4A6A-BA98-27EA3011C315",
    "transform" : [
      -0.030612402,
      -0.9700411,
      0.24100459,
      0,
      0.9984262,
      -0.04101203,
      -0.038252953,
      0,
      0.046991043,
      0.23945422,
      0.96977,
      0,
      0.7161828,
      -0.008384333,
      -3.9594946,
      1
    ],
    "keyframeTimestamp" : 235314.581169125
  },
  {
    "uuid" : "A15B401D-80FB-4064-AAC0-6AC0B14F3BDD",
    "transform" : [
      0.31882942,
      -0.85379106,
      -0.41156992,
      0,
      0.76044357,
      -0.028767068,
      0.64876664,
      0,
      -0.5657503,
      -0.5198213,
      0.6400878,
      0,
      0.11999239,
      0.3309484,
      -0.23916148,
      1
    ],
    "keyframeTimestamp" : 235084.182277958
  },
  {
    "uuid" : "F9B7EF16-3BEC-412A-AA54-78F1BBF3CE32",
    "transform" : [
      0.44839063,
      -0.8801182,
      -0.15600614,
      0,
      0.3002798,
      -0.016069364,
      0.9537164,
      0,
      -0.8418896,
      -0.4744827,
      0.25707623,
      0,
      0.13157897,
      0.31591135,
      -0.2076986,
      1
    ],
    "keyframeTimestamp" : 235085.78169675
  },
  {
    "uuid" : "27DE3237-F903-4FF9-A04E-6DC163D275DB",
    "transform" : [
      -0.1238411,
      -0.95007527,
      0.2863921,
      0,
      -0.8673457,
      -0.03656653,
      -0.49636146,
      0,
      0.48205307,
      -0.30987087,
      -0.8195153,
      0,
      0.5083057,
      0.26699504,
      -3.5645463,
      1
    ],
    "keyframeTimestamp" : 235326.776623
  },
  {
    "uuid" : "A596AF09-20B3-4B9F-9D54-0DA584A8A7A2",
    "transform" : [
      0.3478295,
      -0.6415285,
      -0.68370736,
      0,
      -0.9319198,
      -0.15671867,
      -0.32705468,
      0,
      0.10266519,
      0.75091976,
      -0.6523645,
      0,
      0.6842181,
      -0.007840637,
      -3.3526974,
      0.99999994
    ],
    "keyframeTimestamp" : 235324.410838875
  },
  {
    "uuid" : "71B3DA3F-1633-4AF1-BE53-9C8C6F241633",
    "transform" : [
      0.04267012,
      -0.9787489,
      -0.20057772,
      0,
      0.8847592,
      -0.0562385,
      0.46264455,
      0,
      -0.46409273,
      -0.1972039,
      0.8635567,
      0,
      1.0870728,
      0.17592725,
      1.6722548,
      1
    ],
    "keyframeTimestamp" : 235125.08407225
  },
  {
    "uuid" : "F2934BA9-9CAA-4ADF-BD43-9C0C806D0659",
    "transform" : [
      0.39291853,
      -0.9158159,
      0.08304647,
      0,
      0.2308132,
      0.010800932,
      -0.9729385,
      0,
      0.89013535,
      0.40145352,
      0.2156263,
      0,
      -0.27809054,
      -0.112442784,
      1.9699371,
      1
    ],
    "keyframeTimestamp" : 235242.074664666
  },
  {
    "uuid" : "43A95746-1300-404E-AC8F-EF2379A89726",
    "transform" : [
      0.11214773,
      -0.9622309,
      -0.24806194,
      0,
      0.8336772,
      -0.044737104,
      0.55043703,
      0,
      -0.54074514,
      -0.2685338,
      0.7971729,
      0,
      -2.9778638,
      0.18774848,
      -0.89920866,
      0.99999994
    ],
    "keyframeTimestamp" : 235275.579007416
  },
  {
    "uuid" : "00CEBB3E-A12B-471A-8FFF-65FA8EA8D206",
    "transform" : [
      0.63773274,
      -0.7679621,
      0.05942328,
      0,
      0.02738459,
      -0.054493044,
      -0.9981385,
      0,
      0.76977074,
      0.6381728,
      -0.0137216635,
      0,
      0.73049676,
      -0.09924517,
      5.4337482,
      1
    ],
    "keyframeTimestamp" : 235226.213810791
  },
  {
    "uuid" : "D8D5199F-A81E-4D27-93CC-3D05E81C9D7C",
    "transform" : [
      0.24496843,
      -0.6943801,
      -0.67662895,
      0,
      -0.9448584,
      -0.014540134,
      -0.32715723,
      0,
      0.21733323,
      0.7194614,
      -0.6596526,
      0,
      0.81278247,
      -0.20932856,
      6.0096807,
      1.0000001
    ],
    "keyframeTimestamp" : 235205.038225541
  },
  {
    "uuid" : "C1FA6652-698F-4562-9F42-9AA8B159812F",
    "transform" : [
      0.014803362,
      -0.9998786,
      0.004845424,
      0,
      -0.04946234,
      0.0041077407,
      0.99876755,
      0,
      -0.99866635,
      -0.015024782,
      -0.049395557,
      0,
      -3.239192,
      0.06945771,
      -0.65609217,
      0.99999994
    ],
    "keyframeTimestamp" : 235273.69636825
  },
  {
    "uuid" : "D0BDAB73-A70F-4560-A539-2D1B2AAE389B",
    "transform" : [
      -0.18466692,
      -0.95743805,
      0.22183383,
      0,
      0.8816522,
      -0.061649766,
      0.46785542,
      0,
      -0.4342668,
      0.28197774,
      0.85551244,
      0,
      0.69150895,
      0.022775728,
      5.359236,
      1
    ],
    "keyframeTimestamp" : 235189.493907041
  },
  {
    "uuid" : "6DD69A54-6E1E-4A05-845F-737C3D46833C",
    "transform" : [
      0.31978583,
      -0.93494904,
      -0.15364644,
      0,
      0.47478926,
      0.017791685,
      0.87991965,
      0,
      -0.8199466,
      -0.35433555,
      0.4495933,
      0,
      0.17447868,
      0.2671414,
      -3.7998984,
      1.0000001
    ],
    "keyframeTimestamp" : 235305.217997458
  },
  {
    "uuid" : "1199FC17-5680-4325-B257-88CB4AECCC12",
    "transform" : [
      0.09443504,
      -0.98411536,
      0.1503297,
      0,
      0.6686716,
      -0.04916913,
      -0.7419303,
      0,
      0.73753667,
      0.1705854,
      0.65340686,
      0,
      -3.499574,
      -0.0065002865,
      0.12706764,
      1
    ],
    "keyframeTimestamp" : 235265.049555333
  },
  {
    "uuid" : "3928BF19-F208-4F9C-9E4C-588319766C26",
    "transform" : [
      -0.025425088,
      -0.9974497,
      0.06668483,
      0,
      0.68927807,
      -0.065805994,
      -0.72150165,
      0,
      0.72405046,
      0.02762017,
      0.6891939,
      0,
      0.391225,
      0.1827447,
      -0.061570946,
      0.9999999
    ],
    "keyframeTimestamp" : 235074.7023885
  },
  {
    "uuid" : "45FBA3D2-4B23-4FE3-8BE1-928670B91DAF",
    "transform" : [
      -0.0060195606,
      -0.95368695,
      -0.30074096,
      0,
      -0.97719896,
      -0.058221698,
      0.20418769,
      0,
      -0.21224079,
      0.29511276,
      -0.9315914,
      0,
      0.20261955,
      -0.06725481,
      2.7634218,
      1
    ],
    "keyframeTimestamp" : 235175.74892975
  },
  {
    "uuid" : "FB63A5C9-EE94-412B-8F9B-AF99568FDADF",
    "transform" : [
      0.48438057,
      -0.8458886,
      0.22326757,
      0,
      0.46618634,
      0.033612415,
      -0.8840477,
      0,
      0.74030155,
      0.5322998,
      0.41062295,
      0,
      1.813293,
      -0.17598818,
      1.348799,
      0.9999999
    ],
    "keyframeTimestamp" : 235168.78480875
  },
  {
    "uuid" : "D5E7C89C-C5F3-44E3-AA4A-F9A11DA5D12B",
    "transform" : [
      0.3654351,
      -0.93081313,
      -0.006620376,
      0,
      -0.13924076,
      -0.061695103,
      0.9883349,
      0,
      -0.9203634,
      -0.3602503,
      -0.15215267,
      0,
      0.11790279,
      0.2834987,
      -0.08557635,
      0.99999994
    ],
    "keyframeTimestamp" : 235087.780970291
  },
  {
    "uuid" : "508D1BB7-6840-4B2E-B5C0-34CF1C8979A2",
    "transform" : [
      -0.2330202,
      -0.8324067,
      0.50279313,
      0,
      -0.9435645,
      0.06840454,
      -0.32404816,
      0,
      0.23534651,
      -0.54992735,
      -0.8013691,
      0,
      0.20699723,
      0.36913162,
      -3.7224362,
      0.99999994
    ],
    "keyframeTimestamp" : 235330.158693708
  },
  {
    "uuid" : "E31A36DF-D9A0-4ACB-A32F-920BADDEAD29",
    "transform" : [
      0.32100028,
      -0.93557566,
      -0.14716361,
      0,
      -0.4164964,
      0.00010313167,
      -0.9091375,
      0,
      0.8505821,
      0.35312647,
      -0.38963073,
      0,
      1.1003832,
      -0.10150038,
      1.6673421,
      0.99999994
    ],
    "keyframeTimestamp" : 235171.150612708
  },
  {
    "uuid" : "39663A86-5A89-4481-80BD-6BFC5D4E6CEE",
    "transform" : [
      0.31126451,
      -0.9051059,
      0.28965154,
      0,
      0.63785356,
      -0.026957534,
      -0.76968575,
      0,
      0.7044553,
      0.42433107,
      0.568934,
      0,
      -0.04843533,
      -0.11141825,
      2.1789021,
      0.9999999
    ],
    "keyframeTimestamp" : 235241.158334166
  },
  {
    "uuid" : "6C2ED3DF-CFB3-40E1-9AAC-F31D5AF574E0",
    "transform" : [
      0.094949104,
      -0.7211782,
      -0.68621194,
      0,
      -0.99548143,
      -0.06765572,
      -0.06663863,
      0,
      0.0016321483,
      0.68943805,
      -0.72434294,
      0,
      1.8294513,
      -0.15910167,
      1.8383592,
      1
    ],
    "keyframeTimestamp" : 235151.524439958
  },
  {
    "uuid" : "2469D152-859C-4A93-B3F8-AA66D7E50EB6",
    "transform" : [
      0.21965817,
      -0.7516839,
      -0.62187064,
      0,
      -0.9532589,
      -0.029805701,
      -0.3006841,
      0,
      0.20748384,
      0.6588504,
      -0.72309536,
      0,
      0.12309462,
      -0.027875308,
      -0.41608933,
      1
    ],
    "keyframeTimestamp" : 235069.437633541
  },
  {
    "uuid" : "E64558F1-B3FE-48D7-8601-78DA094F3558",
    "transform" : [
      0.06039416,
      -0.99501956,
      -0.07930111,
      0,
      -0.8803079,
      -0.015643133,
      -0.47414497,
      0,
      0.47054324,
      0.098445,
      -0.87686884,
      0,
      0.5251336,
      0.005522414,
      2.0705318,
      0.9999999
    ],
    "keyframeTimestamp" : 235173.116560958
  },
  {
    "uuid" : "695E23C3-ED84-43F1-B5AE-508525826BE4",
    "transform" : [
      0.18734834,
      -0.9668034,
      0.17375815,
      0,
      0.51205295,
      -0.05483383,
      -0.85720176,
      0,
      0.83827364,
      0.24956869,
      0.4847816,
      0,
      0.21617815,
      0.020121174,
      -3.9883244,
      1.0000001
    ],
    "keyframeTimestamp" : 235318.24647
  },
  {
    "uuid" : "E40B9386-E753-4DC6-B83D-F625A4D343CE",
    "transform" : [
      -0.03230098,
      -0.98816705,
      -0.14994188,
      0,
      -0.993175,
      0.014912305,
      0.115675986,
      0,
      -0.112071306,
      0.15265504,
      -0.9819052,
      0,
      1.8293351,
      -0.060657807,
      1.4702779,
      1
    ],
    "keyframeTimestamp" : 235143.777263166
  },
  {
    "uuid" : "D569F8D3-CF9E-4F5B-9417-E8EDDE1E4A00",
    "transform" : [
      -0.14275035,
      -0.8752438,
      -0.4621368,
      0,
      -0.92576313,
      -0.047097668,
      0.37515932,
      0,
      -0.35012165,
      0.4813835,
      -0.8035456,
      0,
      0.69791216,
      -0.1348874,
      5.8429503,
      1
    ],
    "keyframeTimestamp" : 235196.774579791
  },
  {
    "uuid" : "AA6E9325-2BEF-426E-AFEF-D48BCBC5FEAB",
    "transform" : [
      -0.033838134,
      -0.9923611,
      -0.118639916,
      0,
      -0.8818402,
      -0.026218595,
      0.47082096,
      0,
      -0.4703343,
      0.12055296,
      -0.87421554,
      0,
      0.39718607,
      0.057224005,
      4.177802,
      1
    ],
    "keyframeTimestamp" : 235181.180277708
  },
  {
    "uuid" : "F75F98CD-9569-42D5-A9B1-7EBD950C53D2",
    "transform" : [
      -0.21929795,
      -0.95285034,
      0.20972523,
      0,
      0.7032459,
      -0.005374556,
      0.7109264,
      0,
      -0.6762798,
      0.30339327,
      0.6712672,
      0,
      0.119392246,
      0.10549306,
      0.02558493,
      1.0000001
    ],
    "keyframeTimestamp" : 235054.876253583
  },
  {
    "uuid" : "98D9DFEE-8477-4D70-8475-E94EF7463D6B",
    "transform" : [
      -0.17627956,
      -0.9651326,
      0.19350958,
      0,
      -0.69449395,
      -0.017369838,
      -0.7192889,
      0,
      0.6975703,
      -0.2611871,
      -0.66721684,
      0,
      1.780456,
      0.028880738,
      2.2830951,
      1
    ],
    "keyframeTimestamp" : 235157.289003583
  },
  {
    "uuid" : "15E4E23D-DC1B-42CD-B63D-541277252B3C",
    "transform" : [
      0.15195619,
      -0.8461016,
      -0.51090264,
      0,
      -0.97595125,
      -0.04670474,
      -0.2129268,
      0,
      0.15629615,
      0.53097165,
      -0.8328512,
      0,
      0.42613408,
      -0.08701835,
      -3.6980813,
      1
    ],
    "keyframeTimestamp" : 235322.511546875
  },
  {
    "uuid" : "9B1BE77A-80CD-42E5-BBDE-A9338441910C",
    "transform" : [
      0.21029319,
      -0.9775441,
      0.013571804,
      0,
      -0.12581994,
      -0.0132948775,
      0.9919641,
      0,
      -0.96950835,
      -0.21031088,
      -0.12579039,
      0,
      0.27667415,
      0.2816957,
      -3.8036704,
      1.0000001
    ],
    "keyframeTimestamp" : 235306.117661416
  },
  {
    "uuid" : "163FD2AD-9108-4D17-AAA4-9ED182E82CC5",
    "transform" : [
      0.23374203,
      -0.9483958,
      0.2142712,
      0,
      -0.6927011,
      -0.007786463,
      0.72118264,
      0,
      -0.68229765,
      -0.3169963,
      -0.6587744,
      0,
      2.357288,
      0.23161262,
      1.3324912,
      1.0000001
    ],
    "keyframeTimestamp" : 235135.097092375
  },
  {
    "uuid" : "205F4A32-F03C-4041-A684-3B4E3725BC0B",
    "transform" : [
      0.21415205,
      -0.9252827,
      0.31303662,
      0,
      -0.7753546,
      0.033894736,
      0.63061607,
      0,
      -0.59410816,
      -0.3777619,
      -0.71016306,
      0,
      2.3444457,
      0.20033588,
      1.3488255,
      0.99999994
    ],
    "keyframeTimestamp" : 235133.547656916
  },
  {
    "uuid" : "CC4485FD-3B13-48A3-9A7F-F27C71F8DD61",
    "transform" : [
      0.64847344,
      -0.76100487,
      -0.018799815,
      0,
      -0.09820231,
      -0.059139825,
      -0.9934082,
      0,
      0.75487673,
      0.646045,
      -0.11308307,
      0,
      0.7520399,
      -0.094699845,
      5.5019784,
      1
    ],
    "keyframeTimestamp" : 235225.980562916
  },
  {
    "uuid" : "49BDED70-4416-40CE-A160-51BD7989AA9A",
    "transform" : [
      0.6571312,
      -0.6770274,
      -0.33137992,
      0,
      0.3733184,
      -0.089605816,
      0.9233657,
      0,
      -0.65483755,
      -0.73048264,
      0.19386405,
      0,
      0.060434923,
      0.36094096,
      -0.107164584,
      1.0000001
    ],
    "keyframeTimestamp" : 235082.282968125
  },
  {
    "uuid" : "772CB38C-A061-4170-A908-3D92EA8DD120",
    "transform" : [
      -0.2226915,
      -0.89228636,
      -0.39272615,
      0,
      -0.79391915,
      -0.067801595,
      0.6042314,
      0,
      -0.56577486,
      0.44634986,
      -0.6933043,
      0,
      -1.6054966,
      -0.09191186,
      -3.9847949,
      1
    ],
    "keyframeTimestamp" : 235294.555313416
  },
  {
    "uuid" : "932D7411-5738-4481-92A8-1EF94C8AFA3A",
    "transform" : [
      0.2436869,
      -0.93806857,
      -0.24626033,
      0,
      0.7674726,
      0.03127488,
      0.6403186,
      0,
      -0.59296083,
      -0.34503523,
      0.72756326,
      0,
      0.41085815,
      0.25225925,
      4.7903614,
      1
    ],
    "keyframeTimestamp" : 235230.962071916
  },
  {
    "uuid" : "923434DE-C848-4BE5-9FD3-3B4BEBAFD2FF",
    "transform" : [
      -0.080369286,
      -0.96664315,
      -0.243191,
      0,
      -0.89647794,
      -0.036558077,
      0.44157854,
      0,
      -0.4357394,
      0.25350466,
      -0.863636,
      0,
      0.77819115,
      0.14769225,
      6.5289006,
      0.9999999
    ],
    "keyframeTimestamp" : 235211.535849833
  },
  {
    "uuid" : "A3EC1B64-6358-42D3-A25D-1CF2841B6210",
    "transform" : [
      -0.102096304,
      -0.9566944,
      -0.2726028,
      0,
      0.9004686,
      0.02758214,
      -0.43404624,
      0,
      0.42276865,
      -0.2897846,
      0.8586571,
      0,
      -2.3374884,
      0.14281648,
      1.8719016,
      1
    ],
    "keyframeTimestamp" : 235249.5385915
  },
  {
    "uuid" : "739FC28B-CC5F-492F-986D-4F421CBDB351",
    "transform" : [
      -0.057139624,
      -0.98763055,
      0.14601731,
      0,
      -0.67922056,
      -0.0687359,
      -0.73070836,
      0,
      0.7317066,
      -0.14093035,
      -0.6668914,
      0,
      1.7834927,
      -0.024434384,
      2.2840376,
      1
    ],
    "keyframeTimestamp" : 235157.072415791
  },
  {
    "uuid" : "515AC821-ADCA-4536-9528-B001C4A80481",
    "transform" : [
      -0.0872811,
      -0.8690723,
      0.48692444,
      0,
      0.989388,
      -0.018626118,
      0.1441033,
      0,
      -0.11616662,
      0.49433437,
      0.861475,
      0,
      1.0533615,
      -0.08432155,
      1.604723,
      0.99999994
    ],
    "keyframeTimestamp" : 235123.351369375
  },
  {
    "uuid" : "41A69603-AD31-4086-A97C-CE8C9D513B76",
    "transform" : [
      0.046009094,
      -0.98197156,
      0.183341,
      0,
      -0.9987681,
      -0.041808378,
      0.026713915,
      0,
      -0.01856714,
      -0.18434429,
      -0.98268586,
      0,
      0.4130877,
      0.114067495,
      3.8048918,
      1
    ],
    "keyframeTimestamp" : 235179.947394833
  },
  {
    "uuid" : "868C65AE-3250-4EBB-AC08-743E77696AE2",
    "transform" : [
      0.3601616,
      -0.88715065,
      -0.2885264,
      0,
      -0.638451,
      -0.008896439,
      -0.7696112,
      0,
      0.6801941,
      0.4613943,
      -0.5696064,
      0,
      -1.6682779,
      -0.11009093,
      -3.8108985,
      0.99999994
    ],
    "keyframeTimestamp" : 235291.872978666
  },
  {
    "uuid" : "AB3E7D5C-A0E5-449A-B55A-339C85DB8732",
    "transform" : [
      -0.22749166,
      -0.97144866,
      -0.06734263,
      0,
      -0.2061748,
      -0.019537412,
      0.9783201,
      0,
      -0.9517036,
      0.23644401,
      -0.19584371,
      0,
      0.32738128,
      0.16466357,
      -3.7918148,
      1
    ],
    "keyframeTimestamp" : 235306.950683458
  },
  {
    "uuid" : "9A627193-18F5-42E0-B2A8-B87E55A42ABB",
    "transform" : [
      -0.2905034,
      -0.8621153,
      -0.41517028,
      0,
      -0.85222065,
      0.03580946,
      0.5219569,
      0,
      -0.43511975,
      0.5054464,
      -0.74511445,
      0,
      0.82246166,
      0.0287469,
      6.6844516,
      1
    ],
    "keyframeTimestamp" : 235212.418860166
  },
  {
    "uuid" : "DF3D942A-0A7C-4735-A8EA-7DE6E4EF5057",
    "transform" : [
      0.020831982,
      -0.9846162,
      -0.17348745,
      0,
      -0.9876091,
      -0.047263082,
      0.14964852,
      0,
      -0.15554579,
      0.16822016,
      -0.9733997,
      0,
      2.3811128,
      0.24108176,
      1.4604415,
      1
    ],
    "keyframeTimestamp" : 235137.013060916
  },
  {
    "uuid" : "D4F6511A-3795-4426-98FF-DAAC2B509E9D",
    "transform" : [
      0.7010598,
      -0.6750828,
      0.22973523,
      0,
      0.24282715,
      -0.0769109,
      -0.9670159,
      0,
      0.67048496,
      0.73372173,
      0.1100093,
      0,
      0.08241168,
      -0.1959713,
      -3.8869877,
      1
    ],
    "keyframeTimestamp" : 235320.512292041
  },
  {
    "uuid" : "879B16C2-8982-4BCF-A1ED-13F747E15ABA",
    "transform" : [
      0.4391294,
      -0.88922584,
      -0.12823012,
      0,
      0.18382935,
      -0.050776392,
      0.98164606,
      0,
      -0.87941587,
      -0.4546419,
      0.1411684,
      0,
      0.69710875,
      0.30156842,
      4.455097,
      1.0000001
    ],
    "keyframeTimestamp" : 235232.528164708
  },
  {
    "uuid" : "90F824DE-8341-49D6-9911-48574B45796E",
    "transform" : [
      -0.39204457,
      -0.85905,
      -0.3291415,
      0,
      -0.64157104,
      -0.0011032413,
      0.7670627,
      0,
      -0.6593085,
      0.5118904,
      -0.55070925,
      0,
      0.798639,
      -0.12753712,
      6.853471,
      0.99999994
    ],
    "keyframeTimestamp" : 235215.750973958
  },
  {
    "uuid" : "ABEDDDE2-C98B-450D-B613-B546562B4585",
    "transform" : [
      0.6496717,
      -0.739068,
      -0.17805989,
      0,
      -0.32472232,
      -0.058004364,
      -0.9440292,
      0,
      0.68737334,
      0.6711289,
      -0.27767563,
      0,
      0.178143,
      -0.16741553,
      -3.8473933,
      1
    ],
    "keyframeTimestamp" : 235321.045426541
  },
  {
    "uuid" : "5D90CA0A-0D4F-430F-B766-96C7AF082B92",
    "transform" : [
      0.12502436,
      -0.8078259,
      -0.5760091,
      0,
      -0.9874652,
      -0.15769017,
      0.006821076,
      0,
      -0.096341215,
      0.56793606,
      -0.8174151,
      0,
      0.5707736,
      -0.006314638,
      -3.5453172,
      1
    ],
    "keyframeTimestamp" : 235323.461192916
  },
  {
    "uuid" : "CDF15421-F6AF-46AD-B51B-DC049B05E44F",
    "transform" : [
      -0.44237882,
      -0.87015873,
      0.21708196,
      0,
      -0.42219406,
      -0.011492685,
      -0.90643257,
      0,
      0.79123515,
      -0.49263728,
      -0.36229178,
      0,
      0.053663157,
      0.3545199,
      -3.7327437,
      0.9999999
    ],
    "keyframeTimestamp" : 235331.291603791
  },
  {
    "uuid" : "1EC0821D-0CFB-4D61-8756-CF633B54EBDA",
    "transform" : [
      -0.3804273,
      -0.8570891,
      -0.3473828,
      0,
      -0.63009083,
      -0.034741644,
      0.7757447,
      0,
      -0.6769502,
      0.5139964,
      -0.52682686,
      0,
      0.32160637,
      0.07850164,
      -0.7500204,
      1
    ],
    "keyframeTimestamp" : 235062.756726625
  },
  {
    "uuid" : "28CD548C-FC92-4890-9369-F98A5D084703",
    "transform" : [
      0.10472368,
      -0.9839344,
      0.14458947,
      0,
      -0.8360406,
      -0.008365288,
      0.54860395,
      0,
      -0.5385809,
      -0.17833446,
      -0.8234852,
      0,
      0.81665534,
      0.16283989,
      6.783476,
      1
    ],
    "keyframeTimestamp" : 235217.017177458
  },
  {
    "uuid" : "665AB191-EF97-401A-870E-C085157EA1FA",
    "transform" : [
      -0.30044687,
      -0.8441993,
      0.44391358,
      0,
      0.8315584,
      -0.0038840172,
      0.5554238,
      0,
      -0.46716443,
      0.53601545,
      0.7031682,
      0,
      0.35598817,
      -0.12680331,
      2.8652587,
      1
    ],
    "keyframeTimestamp" : 235239.009122
  },
