[
  {
    "transform" : [
      0.30142227,
      -0.93361574,
      -0.19366309,
      0,
      0.61137027,
      0.03337847,
      0.79064137,
      0,
      -0.7316908,
      -0.35671663,
      0.580846,
      0,
      0.4848529,
      0.24539793,
      4.7023473,
      0.9999999
    ],
    "uuid" : "BD4C7194-3956-4CB1-88F5-178876AF203B",
    "keyframeTimestamp" : 235231.478549416
  },
  {
    "transform" : [
      0.3874594,
      -0.837113,
      0.38615742,
      0,
      0.6833312,
      -0.020384166,
      -0.7298238,
      0,
      0.61881655,
      0.5466504,
      0.5641273,
      0,
      -2.9457393,
      -0.13093899,
      -2.0992248,
      1
    ],
    "uuid" : "020F1F04-1666-4C63-A242-5419EC8C4F90",
    "keyframeTimestamp" : 235279.6441735
  },
  {
    "transform" : [
      0.5429839,
      -0.83960885,
      -0.0150164645,
      0,
      -0.023867628,
      -0.033305492,
      0.99915975,
      0,
      -0.839404,
      -0.5421695,
      -0.03812385,
      0,
      0.09228818,
      0.33238626,
      -0.15206788,
      1
    ],
    "uuid" : "F7F09B1D-A3BC-40F6-99B5-48E8598BCD44",
    "keyframeTimestamp" : 235086.364818208
  },
  {
    "transform" : [
      -0.07604706,
      -0.9574103,
      0.278537,
      0,
      -0.9490652,
      -0.016161777,
      -0.31466937,
      0,
      0.30576894,
      -0.28827906,
      -0.9074145,
      0,
      0.7819671,
      0.21201044,
      5.9668546,
      1.0000001
    ],
    "uuid" : "042F1FC7-F671-4997-B52E-7F8FE5663D2E",
    "keyframeTimestamp" : 235208.870158083
  },
  {
    "transform" : [
      0.10007918,
      -0.95010406,
      -0.29544544,
      0,
      -0.98805875,
      -0.059938204,
      -0.14194356,
      0,
      0.117152624,
      0.3061228,
      -0.9447568,
      0,
      0.85600126,
      0.1290352,
      6.481152,
      0.99999994
    ],
    "uuid" : "CAF63A31-82A6-4C7C-91C8-163573EA2F38",
    "keyframeTimestamp" : 235201.656128666
  },
  {
    "transform" : [
      -0.458527,
      -0.7658382,
      -0.45082632,
      0,
      -0.7771806,
      0.09954461,
      0.6213549,
      0,
      -0.4309802,
      0.63528144,
      -0.64083844,
      0,
      0.8519165,
      -0.022179056,
      6.760251,
      1
    ],
    "uuid" : "C61F2AC9-EE14-48FE-80A5-004969D2B7CF",
    "keyframeTimestamp" : 235212.735411
  },
  {
    "transform" : [
      0.003033868,
      -0.9915424,
      0.12974666,
      0,
      -0.97794634,
      -0.030037686,
      -0.20668499,
      0,
      0.20883434,
      -0.12625827,
      -0.96976703,
      0,
      -3.7884176,
      0.13549212,
      4.30671,
      1
    ],
    "uuid" : "DA9C905C-8F06-44EC-BA1F-9D6F0D8300AB",
    "keyframeTimestamp" : 235362.279976583
  },
  {
    "transform" : [
      -0.015189161,
      -0.9998418,
      -0.009263851,
      0,
      -0.99468166,
      0.01416543,
      0.10202962,
      0,
      -0.10188226,
      0.010764323,
      -0.9947393,
      0,
      1.8218695,
      -0.008336943,
      1.4822546,
      1
    ],
    "uuid" : "80CE9C8E-5E90-4728-9453-C88EF7FFAA7B",
    "keyframeTimestamp" : 235144.027172166
  },
  {
    "transform" : [
      0.027219715,
      -0.99914986,
      -0.031002002,
      0,
      -0.99904674,
      -0.02613006,
      -0.035027254,
      0,
      0.03418733,
      0.03192583,
      -0.9989075,
      0,
      0.0972527,
      0.21809693,
      -0.7204554,
      1.0000001
    ],
    "uuid" : "DCDA7C62-A77A-4275-B847-FC1640745B1E",
    "keyframeTimestamp" : 235066.422062291
  },
  {
    "transform" : [
      0.07696436,
      -0.9963507,
      0.036892768,
      0,
      -0.5577859,
      -0.07369805,
      -0.8267066,
      0,
      0.826409,
      0.043048665,
      -0.5614228,
      0,
      -1.0820104,
      0.042106792,
      1.9729676,
      1
    ],
    "uuid" : "FDB1DFF5-F522-4ECA-AE62-A1BB0FF55D77",
    "keyframeTimestamp" : 235244.440462958
  },
  {
    "transform" : [
      -0.022924902,
      -0.997754,
      -0.06293666,
      0,
      0.23677236,
      -0.06658084,
      0.9692812,
      0,
      -0.97129464,
      0.0073190145,
      0.23776695,
      0,
      0.73886305,
      0.15258244,
      4.0648427,
      0.99999994
    ],
    "uuid" : "CF5798E2-A0C3-4DFB-842A-6E216A32AABB",
    "keyframeTimestamp" : 235234.17756025
  },
  {
    "transform" : [
      -0.13412002,
      -0.9835699,
      0.12083859,
      0,
      0.6653112,
      0.0009989016,
      0.7465668,
      0,
      -0.73442066,
      0.18052463,
      0.6542458,
      0,
      0.14229555,
      0.13176501,
      -0.060061846,
      0.99999994
    ],
    "uuid" : "0E0E447E-21E4-4664-8F7F-3A5D4F46A69B",
    "keyframeTimestamp" : 235055.32609025
  },
  {
    "transform" : [
      0.12663256,
      -0.98913455,
      0.07468017,
      0,
      -0.91194093,
      -0.14571033,
      -0.38357905,
      0,
      0.39029282,
      -0.019530315,
      -0.92048365,
      0,
      -2.430186,
      0.11706483,
      -3.5885038,
      1
    ],
    "uuid" : "2CAB97A4-50BD-45F4-841D-DD4F2BE6C5EB",
    "keyframeTimestamp" : 235339.838407583
  },
  {
    "transform" : [
      -0.56218696,
      -0.78650254,
      0.25565457,
      0,
      0.49935228,
      -0.07640581,
      0.8630236,
      0,
      -0.659237,
      0.61284226,
      0.43569633,
      0,
      0.23275423,
      -0.16105627,
      -3.760888,
      1
    ],
    "uuid" : "3E465BB3-8D18-4313-A80A-28E5C655ED9F",
    "keyframeTimestamp" : 235311.265738916
  },
  {
    "transform" : [
      0.16986448,
      -0.98464155,
      -0.040338118,
      0,
      -0.7485527,
      -0.10229665,
      -0.6551366,
      0,
      0.6409486,
      0.14147967,
      -0.75443274,
      0,
      -2.2473643,
      0.05993615,
      -3.8589885,
      1
    ],
    "uuid" : "4757A341-0A4C-4719-A940-5E5A3305C472",
    "keyframeTimestamp" : 235339.005386375
  },
  {
    "transform" : [
      0.254439,
      -0.9349221,
      -0.247349,
      0,
      -0.7766025,
      -0.04510563,
      -0.6283741,
      0,
      0.57632405,
      0.3519747,
      -0.73753947,
      0,
      1.6677847,
      0.0021067187,
      1.4230633,
      1
    ],
    "uuid" : "6CBED95F-4700-47CB-BD3F-1C41BB6F77DB",
    "keyframeTimestamp" : 235149.658453625
  },
  {
    "transform" : [
      0.4963949,
      -0.7665105,
      -0.4074978,
      0,
      -0.6539667,
      -0.021484733,
      -0.756219,
      0,
      0.57089436,
      0.6418725,
      -0.51193684,
      0,
      0.21759298,
      -0.023506403,
      -0.22756507,
      1.0000001
    ],
    "uuid" : "BF4794C3-7142-4BC5-8F0D-50ABE688263F",
    "keyframeTimestamp" : 235070.587216125
  },
  {
    "transform" : [
      0.1296661,
      -0.9858057,
      -0.106648356,
      0,
      0.45299107,
      -0.03678217,
      0.8907561,
      0,
      -0.8820352,
      -0.16381158,
      0.44179183,
      0,
      1.1988903,
      0.22869039,
      1.6805668,
      1.0000001
    ],
    "uuid" : "2C379035-D6F1-4821-AD07-AFD05D6EC315",
    "keyframeTimestamp" : 235126.533544791
  },
  {
    "transform" : [
      0.22584683,
      -0.96694756,
      0.11834633,
      0,
      0.39096615,
      -0.021303058,
      -0.9201587,
      0,
      0.8922666,
      0.25408432,
      0.37323266,
      0,
      -2.0781405,
      -0.024898551,
      1.9012513,
      1
    ],
    "uuid" : "7C411BEF-BBBF-4740-9504-8A01ED0C2461",
    "keyframeTimestamp" : 235247.639289125
  },
  {
    "transform" : [
      -0.07138308,
      -0.8795084,
      0.4704988,
      0,
      0.9959599,
      -0.03708394,
      0.0817835,
      0,
      -0.054481346,
      0.47443604,
      0.87860286,
      0,
      0.3339391,
      -0.11021457,
      2.6303105,
      0.99999994
    ],
    "uuid" : "06556CC7-BDEE-4DFE-B9C6-72EAB7935B18",
    "keyframeTimestamp" : 235239.575581125
  },
  {
    "transform" : [
      -0.04257938,
      -0.9975051,
      0.056307193,
      0,
      0.9866434,
      -0.050851345,
      -0.15475498,
      0,
      0.15723222,
      0.04896574,
      0.986347,
      0,
      -3.494832,
      0.0555225,
      4.2860126,
      0.99999994
    ],
    "uuid" : "FEDC89B6-B0EC-4FCC-9890-DF3D3BEE5F5E",
    "keyframeTimestamp" : 235410.461888791
  },
  {
    "transform" : [
      0.22090876,
      -0.8262384,
      -0.51819813,
      0,
      -0.9286489,
      -0.015842991,
      -0.37062386,
      0,
      0.29801375,
      0.56309813,
      -0.7707852,
      0,
      0.81957155,
      -0.13303864,
      5.9523206,
      1
    ],
    "uuid" : "3BBF4CF2-C5D0-49C0-8D72-B0DF78C36E8A",
    "keyframeTimestamp" : 235205.454739916
  },
  {
    "transform" : [
      0.05306641,
      -0.99683625,
      0.059172034,
      0,
      0.6579099,
      -0.009676282,
      -0.7530347,
      0,
      0.7512249,
      0.07889068,
      0.655315,
      0,
      -2.2061725,
      0.033444237,
      1.9147575,
      1.0000001
    ],
    "uuid" : "4D782F6A-0BDE-4543-883F-870766A1DC0F",
    "keyframeTimestamp" : 235248.305710958
  },
  {
    "transform" : [
      0.36324596,
      -0.9251767,
      -0.110002704,
      0,
      0.29909107,
      0.00397466,
      0.95421636,
      0,
      -0.88238114,
      -0.3795159,
      0.27815577,
      0,
      -2.5922642,
      0.2045832,
      1.6418566,
      0.99999994
    ],
    "uuid" : "3180DD78-CCE0-4E92-9FC9-D64E90794CAD",
    "keyframeTimestamp" : 235255.13653475
  },
  {
    "transform" : [
      -0.07118974,
      -0.748224,
      0.6596155,
      0,
      -0.9916806,
      -0.018010648,
      -0.1274583,
      0,
      0.107247405,
      -0.6632011,
      -0.7407165,
      0,
      1.814103,
      0.2991818,
      1.4208633,
      0.9999999
    ],
    "uuid" : "AAC6DFCE-7C37-44D2-BC6B-67720B86CC31",
    "keyframeTimestamp" : 235145.976462166
  },
  {
    "transform" : [
      -0.16264917,
      -0.9837101,
      -0.07654793,
      0,
      0.6589319,
      -0.05054882,
      -0.75050175,
      0,
      0.7344071,
      -0.17250842,
      0.65641993,
      0,
      0.43861136,
      0.25675142,
      -0.061019015,
      0.99999994
    ],
    "uuid" : "C8051A5E-D239-41FB-85EE-0C6F2C85C687",
    "keyframeTimestamp" : 235075.2688495
  },
  {
    "transform" : [
      -0.26314482,
      -0.938165,
      0.22494724,
      0,
      -0.6081993,
      -0.01967691,
      -0.79354024,
      0,
      0.7488982,
      -0.34562877,
      -0.56541353,
      0,
      1.7112694,
      0.26333612,
      1.3084202,
      1
    ],
    "uuid" : "8D3ABCED-B795-46F7-AA2D-B5FA69863E07",
    "keyframeTimestamp" : 235147.825788375
  },
  {
    "transform" : [
      0.15998517,
      -0.98697466,
      0.016898816,
      0,
      -0.8286514,
      -0.124979235,
      0.54563504,
      0,
      -0.53641623,
      -0.101296775,
      -0.8378531,
      0,
      -3.3728974,
      0.15931493,
      -0.1833289,
      1
    ],
    "uuid" : "8DE36029-8AD8-4202-94BA-BED153BB802C",
    "keyframeTimestamp" : 235348.718406208
  },
  {
    "transform" : [
      -0.0006629457,
      -0.99097013,
      0.13408133,
      0,
      0.8901197,
      -0.06168922,
      -0.45153248,
      0,
      0.45572662,
      0.11904907,
      0.8821228,
      0,
      0.12714037,
      0.1374361,
      2.2541125,
      0.99999994
    ],
    "uuid" : "BB297B50-01DD-40B2-9A89-CEA0E28D4411",
    "keyframeTimestamp" : 235115.770794708
  },
  {
    "transform" : [
      -0.45324752,
      -0.8420645,
      0.2923944,
      0,
      0.58864856,
      -0.03642838,
      0.8075682,
      0,
      -0.66937286,
      0.53814554,
      0.51219106,
      0,
      0.45835125,
      -0.111486696,
      -3.8934808,
      1
    ],
    "uuid" : "ACE418D1-711A-45DA-A013-C8C26393F69C",
    "keyframeTimestamp" : 235312.082100875
  },
  {
    "transform" : [
      -0.5432435,
      -0.803028,
      -0.24501581,
      0,
      -0.46716028,
      0.046631865,
      0.88294315,
      0,
      -0.69760156,
      0.5941138,
      -0.40047467,
      0,
      0.3666589,
      -0.044928804,
      1.6900946,
      1
    ],
    "uuid" : "E0CD6D0C-F32C-4C9A-B800-A2D88E61B3CD",
    "keyframeTimestamp" : 235109.02324775
  },
  {
    "transform" : [
      0.38586324,
      -0.8640844,
      0.32321483,
      0,
      0.4703952,
      -0.11710873,
      -0.87465066,
      0,
      0.79362345,
      0.4895342,
      0.36127332,
      0,
      0.24204722,
      -0.089236856,
      -4.0758677,
      1
    ],
    "uuid" : "C2602F22-C78B-442C-A768-D7548B470124",
    "keyframeTimestamp" : 235319.196116
  },
  {
    "transform" : [
      -0.10078912,
      -0.8216748,
      0.5609749,
      0,
      -0.9945574,
      0.06823595,
      -0.078742936,
      0,
      0.026422378,
      -0.56585765,
      -0.8240797,
      0,
      0.26198515,
      0.364264,
      -3.7900097,
      1
    ],
    "uuid" : "757194DB-3591-47B7-979A-5B661FD6CC8A",
    "keyframeTimestamp" : 235329.908786958
  },
  {
    "transform" : [
      0.09919648,
      -0.9905727,
      0.09447485,
      0,
      -0.47823468,
      -0.1307181,
      -0.8684496,
      0,
      0.8726122,
      0.040965963,
      -0.486693,
      0,
      1.7508991,
      0.089201145,
      2.1477146,
      0.9999999
    ],
    "uuid" : "F100E024-2E2A-465D-8792-700F93FEF9B7",
    "keyframeTimestamp" : 235159.638146583
  },
  {
    "transform" : [
      0.008472556,
      -0.95858747,
      0.28467536,
      0,
      0.9928067,
      -0.025938116,
      -0.11688952,
      0,
      0.11943273,
      0.2836178,
      0.9514719,
      0,
      -2.4682107,
      -0.043532837,
      -3.6568565,
      1
    ],
    "uuid" : "86152520-78ED-4873-8C8D-40A264A325FA",
    "keyframeTimestamp" : 235284.775612541
  },
  {
    "transform" : [
      -0.389512,
      -0.9201609,
      -0.039804943,
      0,
      0.17244324,
      -0.030406367,
      -0.98455006,
      0,
      0.9047339,
      -0.3903581,
      0.17051913,
      0,
      -0.5940748,
      0.30926785,
      -3.8656707,
      1
    ],
    "uuid" : "AAAB0E23-483F-4242-AF85-170A9D391852",
    "keyframeTimestamp" : 235334.123878791
  },
  {
    "transform" : [
      0.075401686,
      -0.82613194,
      0.5584092,
      0,
      -0.9797502,
      0.042790063,
      0.19560035,
      0,
      -0.185486,
      -0.56184965,
      -0.8061762,
      0,
      0.30462763,
      0.36217934,
      -3.7904139,
      1
    ],
    "uuid" : "484D306C-E626-4684-81FC-7611A041DB57",
    "keyframeTimestamp" : 235329.675540791
  },
  {
    "transform" : [
      -0.013996528,
      -0.93016607,
      0.3668713,
      0,
      0.99962866,
      -0.021596238,
      -0.016618242,
      0,
      0.02338079,
      0.36650252,
      0.9301234,
      0,
      0.74093056,
      -0.060342614,
      -4.010508,
      1.0000001
    ],
    "uuid" : "1D3ED701-4008-4960-9815-8F3FF2F4FEFA",
    "keyframeTimestamp" : 235314.36458325
  },
  {
    "transform" : [
      0.19787368,
      -0.9798294,
      -0.027924547,
      0,
      0.060156357,
      -0.016295603,
      0.9980563,
      0,
      -0.97837996,
      -0.19916886,
      0.055718474,
      0,
      -3.2369287,
      0.14614885,
      -0.7213931,
      0.99999994
    ],
    "uuid" : "AFF396BD-688F-4B82-A380-7BD4060442AF",
    "keyframeTimestamp" : 235274.112881416
  },
  {
    "transform" : [
      -0.25789532,
      -0.78152364,
      0.56807613,
      0,
      0.9060868,
      0.0084765265,
      0.42300695,
      0,
      -0.33540538,
      0.6238177,
      0.70594233,
      0,
      -3.195753,
      -0.19206643,
      4.992273,
      1
    ],
    "uuid" : "332CBB5D-414C-4BB7-B1B9-48DF4410A9C2",
    "keyframeTimestamp" : 235379.52349475
  },
  {
    "transform" : [
      0.13011917,
      -0.9774446,
      0.16634554,
      0,
      0.672535,
      -0.03626691,
      -0.7391761,
      0,
      0.72853667,
      0.20805417,
      0.6526469,
      0,
      -3.2755482,
      0.048762117,
      5.3661823,
      1
    ],
    "uuid" : "8A61355C-F8B7-4906-9221-30FD6AFF0BF3",
    "keyframeTimestamp" : 235375.241769625
  },
  {
    "transform" : [
      -0.18015902,
      -0.94502914,
      0.2728789,
      0,
      -0.8887629,
      0.037522193,
      -0.45682937,
      0,
      0.42147797,
      -0.32482642,
      -0.8466665,
      0,
      -1.6319611,
      0.25975087,
      6.3790603,
      1
    ],
    "uuid" : "AD289DBE-9010-448F-8ECD-892DB3C51CE4",
    "keyframeTimestamp" : 235397.55006325
  },
  {
    "transform" : [
      -0.32024032,
      -0.87966007,
      -0.35163411,
      0,
      0.7853428,
      -0.03893016,
      -0.6178385,
      0,
      0.52979785,
      -0.4740093,
      0.70330054,
      0,
      0.47972202,
      0.3358161,
      -0.061920386,
      1
    ],
    "uuid" : "2D9490AC-C257-4CDD-9EE7-95FE2ABBFACB",
    "keyframeTimestamp" : 235076.46841375
  },
  {
    "transform" : [
      0.36676094,
      -0.90876305,
      -0.19908966,
      0,
      0.44452882,
      -0.016803367,
      0.89560694,
      0,
      -0.8172396,
      -0.41697454,
      0.39780834,
      0,
      -3.1343782,
      0.22499555,
      -0.8098541,
      1
    ],
    "uuid" : "C0161AD1-E14E-478B-9736-86D896386285",
    "keyframeTimestamp" : 235274.829283916
  },
  {
    "transform" : [
      -0.09591485,
      -0.96978354,
      -0.22432242,
      0,
      0.93346757,
      -0.009388789,
      -0.35853893,
      0,
      0.34559897,
      -0.2437868,
      0.9061618,
      0,
      0.44104153,
      0.18739626,
      5.048832,
      1
    ],
    "uuid" : "187FA27D-2791-4BCA-81B9-3E2C4704BBA1",
    "keyframeTimestamp" : 235229.029446416
  },
  {
    "transform" : [
      0.2970316,
      -0.9534675,
      -0.051707614,
      0,
      -0.5794112,
      -0.13693061,
      -0.8034509,
      0,
      0.7589833,
      0.26861,
      -0.5931218,
      0,
      1.7749294,
      0.047266636,
      2.0548735,
      0.99999994
    ],
    "uuid" : "670EECFB-9F67-4794-BAA8-4206BDCE4681",
    "keyframeTimestamp" : 235160.054661333
  },
  {
    "transform" : [
      0.2537865,
      -0.96721727,
      -0.009073203,
      0,
      -0.53681064,
      -0.13303727,
      -0.8331485,
      0,
      0.80462855,
      0.21631235,
      -0.5529756,
      0,
      1.7643899,
      0.057716563,
      2.082325,
      0.9999999
    ],
    "uuid" : "53D037E6-E052-4497-9139-71EF9D8D51DE",
    "keyframeTimestamp" : 235159.938037208
  },
  {
    "transform" : [
      -0.17212686,
      -0.9822596,
      0.074417815,
      0,
      0.64400965,
      -0.05504445,
      0.76303524,
      0,
      -0.7454025,
      0.17926462,
      0.6420595,
      0,
      -3.1711078,
      0.0067919213,
      -0.52204186,
      0.9999999
    ],
    "uuid" : "BD4B0437-0129-4971-AB52-5C99BB348619",
    "keyframeTimestamp" : 235269.131385583
  },
  {
    "transform" : [
      0.2546509,
      -0.9446447,
      0.20687594,
      0,
      -0.66496825,
      -0.015730029,
      0.7467059,
      0,
      -0.70211816,
      -0.32771543,
      -0.63216496,
      0,
      2.366451,
      0.21891502,
      1.3399493,
      0.99999994
    ],
    "uuid" : "E2506919-2FDB-4727-9367-A782A7CF1EB7",
    "keyframeTimestamp" : 235133.997493
  },
  {
    "transform" : [
      0.43617854,
      -0.88729763,
      -0.14983836,
      0,
      0.22071664,
      -0.055934556,
      0.9737322,
      0,
      -0.8723719,
      -0.45779306,
      0.17144398,
      0,
      0.16981266,
      0.3048626,
      -0.17313573,
      1
    ],
    "uuid" : "B016CE3F-9005-4CE2-ABDE-70523284F7AF",
    "keyframeTimestamp" : 235080.950119
  },
  {
    "transform" : [
      0.26793557,
      -0.9444662,
      -0.19024794,
      0,
      -0.6335453,
      -0.023954188,
      -0.77333546,
      0,
      0.7258314,
      0.3277345,
      -0.60478,
      0,
      0.83519524,
      -0.0786092,
      1.7908745,
      0.99999994
    ],
    "uuid" : "8A156822-E73B-4FF0-A94C-682CB9F12CD0",
    "keyframeTimestamp" : 235171.950320791
  },
  {
    "transform" : [
      0.026858564,
      -0.97875947,
      0.20324504,
      0,
      0.9646425,
      -0.02795057,
      -0.2620768,
      0,
      0.26219085,
      0.20309772,
      0.9434021,
      0,
      -3.2700088,
      0.03197948,
      5.1363525,
      1
    ],
    "uuid" : "4DD51972-D9BE-4DC3-8C60-F7ED346AA48E",
    "keyframeTimestamp" : 235377.90743475
  },
  {
    "transform" : [
      0.6323906,
      -0.70742613,
      0.31564265,
      0,
      0.43313307,
      -0.014913631,
      -0.90120757,
      0,
      0.64224464,
      0.7066298,
      0.29697815,
      0,
      1.6957442,
      -0.20406345,
      1.4220104,
      1
    ],
    "uuid" : "6E3B6260-880F-40E0-93A7-A43E460D8B65",
    "keyframeTimestamp" : 235165.619297791
  },
  {
    "transform" : [
      -0.21662927,
      -0.83393085,
      0.507574,
      0,
      -0.878582,
      -0.06014536,
      -0.47379038,
      0,
      0.4256363,
      -0.5485818,
      -0.7196469,
      0,
      0.5039979,
      0.34406075,
      -3.6813383,
      0.99999994
    ],
    "uuid" : "00B33131-6927-4D90-83B8-DF75463AB99A",
    "keyframeTimestamp" : 235327.409720166
  },
  {
    "transform" : [
      0.5537746,
      -0.7675983,
      0.32268575,
      0,
      0.45695728,
      -0.043806784,
      -0.8884105,
      0,
      0.6960777,
      0.6394322,
      0.32650027,
      0,
      0.17745002,
      -0.03652164,
      -0.20688249,
      0.99999994
    ],
    "uuid" : "D14F958B-2841-4C98-B9D5-3B2D4E1BE6E8",
    "keyframeTimestamp" : 235072.536508375
  },
  {
    "transform" : [
      -0.06565518,
      -0.9977659,
      -0.012330927,
      0,
      0.914574,
      -0.055229742,
      -0.40062955,
      0,
      0.39905366,
      -0.037580952,
      0.9161574,
      0,
      -3.002626,
      0.157391,
      5.363617,
      1
    ],
    "uuid" : "C029765E-0FB7-4422-A707-D54B9D2899BC",
    "keyframeTimestamp" : 235372.975955416
  },
  {
    "transform" : [
      0.012900555,
      -0.78835154,
      0.61508983,
      0,
      0.99783695,
      -0.029501557,
      -0.058739785,
      0,
      0.0644537,
      0.6145168,
      0.78626543,
      0,
      0.36225352,
      -0.10947443,
      2.0815032,
      1
    ],
    "uuid" : "AA35DB5A-2801-481F-BDCE-0E935455289E",
    "keyframeTimestamp" : 235118.153261458
  },
  {
    "transform" : [
      -0.0301675,
      -0.970041,
      0.24106063,
      0,
      0.9983538,
      -0.04101203,
      -0.04009579,
      0,
      0.04878098,
      0.23945427,
      0.96968186,
      0,
      0.732374,
      -0.015339176,
      -4.0183516,
      1
    ],
    "uuid" : "EAC509E4-E888-4A6A-BA98-27EA3011C315",
    "keyframeTimestamp" : 235314.581169125
  },
  {
    "transform" : [
      0.16868474,
      -0.9846343,
      -0.045174737,
      0,
      -0.34018385,
      -0.101172276,
      0.93490064,
      0,
      -0.9251057,
      -0.14233571,
      -0.35202295,
      0,
      -3.4878242,
      0.15592381,
      5.2556415,
      1
    ],
    "uuid" : "4FDBF665-D1EF-4A6E-B1CF-DD23638D4D80",
    "keyframeTimestamp" : 235366.195172125
  },
  {
    "transform" : [
      0.31882942,
      -0.85379106,
      -0.41156992,
      0,
      0.76044357,
      -0.028767068,
      0.64876664,
      0,
      -0.5657503,
      -0.5198213,
      0.6400878,
      0,
      0.11999239,
      0.3309484,
      -0.23916148,
      1
    ],
    "uuid" : "A15B401D-80FB-4064-AAC0-6AC0B14F3BDD",
    "keyframeTimestamp" : 235084.182277958
  },
  {
    "transform" : [
      0.44839063,
      -0.8801182,
      -0.15600614,
      0,
      0.30027992,
      -0.01606937,
      0.9537167,
      0,
      -0.8418896,
      -0.4744827,
      0.25707623,
      0,
      0.13157897,
      0.31591135,
      -0.2076986,
      1
    ],
    "uuid" : "F9B7EF16-3BEC-412A-AA54-78F1BBF3CE32",
    "keyframeTimestamp" : 235085.78169675
  },
  {
    "transform" : [
      -0.12331226,
      -0.9500752,
      0.28662023,
      0,
      -0.8682607,
      -0.03656655,
      -0.4947598,
      0,
      0.4805396,
      -0.30987084,
      -0.82040364,
      0,
      0.5252265,
      0.2600403,
      -3.6230211,
      1
    ],
    "uuid" : "27DE3237-F903-4FF9-A04E-6DC163D275DB",
    "keyframeTimestamp" : 235326.776623
  },
  {
    "transform" : [
      0.038145483,
      -0.9924403,
      -0.11665255,
      0,
      -0.9992425,
      -0.038785215,
      0.003218396,
      0,
      -0.007718471,
      0.116441354,
      -0.99316776,
      0,
      -3.785226,
      0.039787635,
      4.552977,
      0.99999994
    ],
    "uuid" : "F9810EEC-B228-45FE-BC84-ED3E7BD5D5F4",
    "keyframeTimestamp" : 235363.013034708
  },
  {
    "transform" : [
      0.3465669,
      -0.64152837,
      -0.6843481,
      0,
      -0.9325219,
      -0.15671866,
      -0.32533395,
      0,
      0.1014609,
      0.7509199,
      -0.6525529,
      0,
      0.7015295,
      -0.014795517,
      -3.4114976,
      1
    ],
    "uuid" : "A596AF09-20B3-4B9F-9D54-0DA584A8A7A2",
    "keyframeTimestamp" : 235324.410838875
  },
  {
    "transform" : [
      0.10456137,
      -0.9467639,
      0.3044756,
      0,
      0.89742213,
      -0.042119533,
      -0.43915817,
      0,
      0.4286034,
      0.319162,
      0.84524274,
      0,
      -3.5857344,
      -0.024841622,
      3.5150287,
      1
    ],
    "uuid" : "BC07A304-FB02-4680-B40C-347BCB77AB75",
    "keyframeTimestamp" : 235412.494459875
  },
  {
    "transform" : [
      0.39291862,
      -0.91581607,
      0.08304649,
      0,
      0.23081337,
      0.010800939,
      -0.9729392,
      0,
      0.8901355,
      0.4014536,
      0.21562634,
      0,
      -0.27809054,
      -0.112442784,
      1.9699371,
      1
    ],
    "uuid" : "F2934BA9-9CAA-4ADF-BD43-9C0C806D0659",
    "keyframeTimestamp" : 235242.074664666
  },
  {
    "transform" : [
      -0.06798756,
      -0.8060466,
      0.58793473,
      0,
      0.9952842,
      -0.013927013,
      0.09599901,
      0,
      -0.06919145,
      0.5916887,
      0.80319214,
      0,
      -3.2652042,
      -0.1834978,
      4.9872985,
      0.99999994
    ],
    "uuid" : "0A11452F-9611-4AC1-A1F3-F9A6F641082C",
    "keyframeTimestamp" : 235379.023682375
  },
  {
    "transform" : [
      0.1133529,
      -0.96223116,
      -0.24751362,
      0,
      0.83099025,
      -0.044737104,
      0.55448514,
      0,
      -0.5446159,
      -0.2685339,
      0.7945338,
      0,
      -2.962115,
      0.18422167,
      -0.9247511,
      0.99999994
    ],
    "uuid" : "43A95746-1300-404E-AC8F-EF2379A89726",
    "keyframeTimestamp" : 235275.579007416
  },
  {
    "transform" : [
      0.042670153,
      -0.97874963,
      -0.20057787,
      0,
      0.8847595,
      -0.056238517,
      0.46264473,
      0,
      -0.46409288,
      -0.19720398,
      0.863557,
      0,
      1.0870728,
      0.17592725,
      1.6722548,
      1
    ],
    "uuid" : "71B3DA3F-1633-4AF1-BE53-9C8C6F241633",
    "keyframeTimestamp" : 235125.08407225
  },
  {
    "transform" : [
      0.24496843,
      -0.6943801,
      -0.67662895,
      0,
      -0.9448588,
      -0.0145401405,
      -0.3271574,
      0,
      0.21733323,
      0.7194614,
      -0.6596526,
      0,
      0.81278247,
      -0.20932856,
      6.0096807,
      1.0000001
    ],
    "uuid" : "D8D5199F-A81E-4D27-93CC-3D05E81C9D7C",
    "keyframeTimestamp" : 235205.038225541
  },
  {
    "transform" : [
      0.63773274,
      -0.7679621,
      0.05942328,
      0,
      0.02738459,
      -0.054493044,
      -0.9981385,
      0,
      0.7697708,
      0.6381728,
      -0.013721664,
      0,
      0.73049676,
      -0.09924517,
      5.4337482,
      1
    ],
    "uuid" : "00CEBB3E-A12B-471A-8FFF-65FA8EA8D206",
    "keyframeTimestamp" : 235226.213810791
  },
  {
    "transform" : [
      -0.06563506,
      -0.9711895,
      -0.22908914,
      0,
      -0.756332,
      -0.101335995,
      0.6462915,
      0,
      -0.6508869,
      0.21568687,
      -0.72789085,
      0,
      -1.4916342,
      0.07800556,
      6.7597523,
      1
    ],
    "uuid" : "78870704-4E36-4776-B5CF-FCC99179B8E3",
    "keyframeTimestamp" : 235393.5349025
  },
  {
    "transform" : [
      0.014779616,
      -0.9998783,
      0.0049173613,
      0,
      -0.05431924,
      0.00410774,
      0.99851507,
      0,
      -0.99841434,
      -0.015024781,
      -0.054251976,
      0,
      -3.2246222,
      0.06593089,
      -0.6829083,
      1
    ],
    "uuid" : "C1FA6652-698F-4562-9F42-9AA8B159812F",
    "keyframeTimestamp" : 235273.69636825
  },
  {
    "transform" : [
      -0.18466689,
      -0.9574379,
      0.2218338,
      0,
      0.8816523,
      -0.061649773,
      0.46785548,
      0,
      -0.4342668,
      0.28197774,
      0.85551244,
      0,
      0.69150895,
      0.022775728,
      5.359236,
      1
    ],
    "uuid" : "D0BDAB73-A70F-4560-A539-2D1B2AAE389B",
    "keyframeTimestamp" : 235189.493907041
  },
  {
    "transform" : [
      0.3195017,
      -0.93494904,
      -0.15423645,
      0,
      0.4764126,
      0.01779169,
      0.87904173,
      0,
      -0.8191154,
      -0.35433558,
      0.45110607,
      0,
      0.19096552,
      0.26018646,
      -3.8577566,
      0.99999994
    ],
    "uuid" : "6DD69A54-6E1E-4A05-845F-737C3D46833C",
    "keyframeTimestamp" : 235305.217997458
  },
  {
    "transform" : [
      0.09370281,
      -0.9841153,
      0.15078719,
      0,
      0.672272,
      -0.04916913,
      -0.73866946,
      0,
      0.73435014,
      0.1705854,
      0.65698606,
      0,
      -3.48881,
      -0.010027141,
      0.09897597,
      1
    ],
    "uuid" : "1199FC17-5680-4325-B257-88CB4AECCC12",
    "keyframeTimestamp" : 235265.049555333
  },
  {
    "transform" : [
      -0.014341868,
      -0.9987053,
      0.048809286,
      0,
      0.9713646,
      -0.025494054,
      -0.23622292,
      0,
      0.23716146,
      0.044023715,
      0.97047263,
      0,
      -3.525551,
      0.066336334,
      4.0657954,
      1
    ],
    "uuid" : "21F098D4-BD1D-4CF4-8269-7C9172B6793F",
    "keyframeTimestamp" : 235410.945041
  },
  {
    "transform" : [
      -0.025425082,
      -0.9974495,
      0.06668481,
      0,
      0.68927807,
      -0.065805994,
      -0.72150165,
      0,
      0.72405046,
      0.02762017,
      0.6891939,
      0,
      0.391225,
      0.1827447,
      -0.061570946,
      0.9999999
    ],
    "uuid" : "3928BF19-F208-4F9C-9E4C-588319766C26",
    "keyframeTimestamp" : 235074.7023885
  },
  {
    "transform" : [
      -0.0060122474,
      -0.95368695,
      -0.3007411,
      0,
      -0.9772039,
      -0.058221705,
      0.20416395,
      0,
      -0.21221818,
      0.29511282,
      -0.9315969,
      0,
      0.20246899,
      -0.06721999,
      2.763431,
      1
    ],
    "uuid" : "45FBA3D2-4B23-4FE3-8BE1-928670B91DAF",
    "keyframeTimestamp" : 235175.74892975
  },
  {
    "transform" : [
      0.48437515,
      -0.8458886,
      0.22327936,
      0,
      0.4662077,
      0.033612397,
      -0.88403624,
      0,
      0.7402916,
      0.5322998,
      0.41064104,
      0,
      1.8131769,
      -0.17595346,
      1.3488472,
      1
    ],
    "uuid" : "FB63A5C9-EE94-412B-8F9B-AF99568FDADF",
    "keyframeTimestamp" : 235168.78480875
  },
  {
    "transform" : [
      0.009835716,
      -0.99170446,
      -0.12816215,
      0,
      0.64344335,
      -0.0918319,
      0.7599658,
      0,
      -0.76543087,
      -0.08993986,
      0.6372023,
      0,
      -2.9944212,
      0.14322822,
      5.423113,
      1
    ],
    "uuid" : "FAAC8360-A407-4240-B021-0162704AB449",
    "keyframeTimestamp" : 235369.810479416
  },
  {
    "transform" : [
      0.3654351,
      -0.93081313,
      -0.006620376,
      0,
      -0.13924076,
      -0.061695103,
      0.9883349,
      0,
      -0.92036325,
      -0.3602502,
      -0.15215263,
      0,
      0.11790279,
      0.2834987,
      -0.08557635,
      0.99999994
    ],
    "uuid" : "D5E7C89C-C5F3-44E3-AA4A-F9A11DA5D12B",
    "keyframeTimestamp" : 235087.780970291
  },
  {
    "transform" : [
      -0.23209181,
      -0.8324069,
      0.5032225,
      0,
      -0.94416094,
      0.06840454,
      -0.32230598,
      0,
      0.23386702,
      -0.5499276,
      -0.80180234,
      0,
      0.22362703,
      0.36217663,
      -3.7803547,
      0.99999994
    ],
    "uuid" : "508D1BB7-6840-4B2E-B5C0-34CF1C8979A2",
    "keyframeTimestamp" : 235330.158693708
  },
  {
    "transform" : [
      0.32100394,
      -0.9355758,
      -0.14715584,
      0,
      -0.4164745,
      0.00010314527,
      -0.90914816,
      0,
      0.8505916,
      0.3531265,
      -0.38961005,
      0,
      1.1002593,
      -0.1014656,
      1.667373,
      0.99999994
    ],
    "uuid" : "E31A36DF-D9A0-4ACB-A32F-920BADDEAD29",
    "keyframeTimestamp" : 235171.150612708
  },
  {
    "transform" : [
      0.31126451,
      -0.9051059,
      0.28965154,
      0,
      0.63785344,
      -0.026957529,
      -0.7696856,
      0,
      0.7044552,
      0.42433098,
      0.5689339,
      0,
      -0.04843533,
      -0.11141825,
      2.1789021,
      0.9999999
    ],
    "uuid" : "39663A86-5A89-4481-80BD-6BFC5D4E6CEE",
    "keyframeTimestamp" : 235241.158334166
  },
  {
    "transform" : [
      0.094949104,
      -0.7211782,
      -0.68621194,
      0,
      -0.9954818,
      -0.06765575,
      -0.066638656,
      0,
      0.0016321483,
      0.68943805,
      -0.72434294,
      0,
      1.8294513,
      -0.15910167,
      1.8383592,
      1
    ],
    "uuid" : "6C2ED3DF-CFB3-40E1-9AAC-F31D5AF574E0",
    "keyframeTimestamp" : 235151.524439958
  },
  {
    "transform" : [
      0.21965826,
      -0.7516841,
      -0.6218709,
      0,
      -0.9532592,
      -0.029805712,
      -0.30068418,
      0,
      0.20748384,
      0.6588504,
      -0.72309536,
      0,
      0.12309462,
      -0.027875308,
      -0.41608933,
      1
    ],
    "uuid" : "2469D152-859C-4A93-B3F8-AA66D7E50EB6",
    "keyframeTimestamp" : 235069.437633541
  },
  {
    "transform" : [
      -0.099412374,
      -0.97853905,
      -0.1804935,
      0,
      0.9885845,
      -0.07648935,
      -0.12980899,
      0,
      0.11321739,
      -0.19133772,
      0.97497284,
      0,
      -2.871884,
      0.20193881,
      5.380306,
      1
    ],
    "uuid" : "352A29C1-76A3-4AB7-B5CD-11E37BEE9588",
    "keyframeTimestamp" : 235372.009652291
  },
  {
    "transform" : [
      0.060396094,
      -0.9950196,
      -0.07929965,
      0,
      -0.8802966,
      -0.015643142,
      -0.47416654,
      0,
      0.47056472,
      0.09844502,
      -0.8768575,
      0,
      0.5249999,
      0.0055571934,
      2.0705488,
      1
    ],
    "uuid" : "E64558F1-B3FE-48D7-8601-78DA094F3558",
    "keyframeTimestamp" : 235173.116560958
  },
  {
    "transform" : [
      0.18766874,
      -0.9668033,
      0.17341204,
      0,
      0.5104698,
      -0.054833826,
      -0.8581453,
      0,
      0.83916706,
      0.24956872,
      0.48323348,
      0,
      0.23231724,
      0.013166291,
      -4.0462584,
      1
    ],
    "uuid" : "695E23C3-ED84-43F1-B5AE-508525826BE4",
    "keyframeTimestamp" : 235318.24647
  },
  {
    "transform" : [
      -0.03230098,
      -0.98816705,
      -0.14994188,
      0,
      -0.993175,
      0.014912305,
      0.115675986,
      0,
      -0.11207135,
      0.1526551,
      -0.9819056,
      0,
      1.8293351,
      -0.060657807,
      1.4702779,
      1
    ],
    "uuid" : "E40B9386-E753-4DC6-B83D-F625A4D343CE",
    "keyframeTimestamp" : 235143.777263166
  },
  {
    "transform" : [
      -0.14275035,
      -0.8752438,
      -0.4621368,
      0,
      -0.92576313,
      -0.047097668,
      0.37515932,
      0,
      -0.35012177,
      0.48138368,
      -0.8035459,
      0,
      0.69791216,
      -0.1348874,
      5.8429503,
      1
    ],
    "uuid" : "D569F8D3-CF9E-4F5B-9417-E8EDDE1E4A00",
    "keyframeTimestamp" : 235196.774579791
  },
  {
    "transform" : [
      -0.033835266,
      -0.9923614,
      -0.11864077,
      0,
      -0.88185227,
      -0.026218614,
      0.47079986,
      0,
      -0.4703132,
      0.12055298,
      -0.8742272,
      0,
      0.39700115,
      0.05725877,
      4.177816,
      0.99999994
    ],
    "uuid" : "AA6E9325-2BEF-426E-AFEF-D48BCBC5FEAB",
    "keyframeTimestamp" : 235181.180277708
  },
  {
    "transform" : [
      0.215763,
      -0.9635781,
      0.1579992,
      0,
      -0.8170169,
      -0.08954406,
      0.5696188,
      0,
      -0.53472424,
      -0.2519906,
      -0.80657965,
      0,
      -2.097214,
      0.17004198,
      5.9549575,
      1
    ],
    "uuid" : "731BF8D3-19A1-4F8D-825D-83A5CFA49D6A",
    "keyframeTimestamp" : 235385.121392375
  },
  {
    "transform" : [
      -0.21929795,
      -0.95285034,
      0.20972523,
      0,
      0.7032459,
      -0.005374556,
      0.7109264,
      0,
      -0.67628,
      0.3033934,
      0.67126745,
      0,
      0.119392246,
      0.10549306,
      0.02558493,
      1.0000001
    ],
    "uuid" : "F75F98CD-9569-42D5-A9B1-7EBD950C53D2",
    "keyframeTimestamp" : 235054.876253583
  },
  {
    "transform" : [
      0.11604628,
      -0.9903486,
      0.075787194,
      0,
      -0.8227624,
      -0.13859229,
      -0.55123055,
      0,
      0.5564136,
      0.001613397,
      -0.83090454,
      0,
      -2.3375173,
      0.10975428,
      -3.7433546,
      1.0000001
    ],
    "uuid" : "170A8730-6813-4188-952C-6ABBA8C0278B",
    "keyframeTimestamp" : 235339.388576041
  },
  {
    "transform" : [
      -0.17627963,
      -0.965133,
      0.19350967,
      0,
      -0.69449395,
      -0.017369838,
      -0.7192889,
      0,
      0.69757056,
      -0.2611872,
      -0.6672171,
      0,
      1.780456,
      0.028880738,
      2.2830951,
      1
    ],
    "uuid" : "98D9DFEE-8477-4D70-8475-E94EF7463D6B",
    "keyframeTimestamp" : 235157.289003583
  },
  {
    "transform" : [
      0.15101287,
      -0.8461016,
      -0.5111823,
      0,
      -0.9763425,
      -0.04670472,
      -0.21112499,
      0,
      0.1547586,
      0.5309717,
      -0.8331382,
      0,
      0.4428083,
      -0.09397309,
      -3.756404,
      0.99999994
    ],
    "uuid" : "15E4E23D-DC1B-42CD-B63D-541277252B3C",
    "keyframeTimestamp" : 235322.511546875
  },
  {
    "transform" : [
      0.0022869827,
      -0.9462146,
      -0.32353088,
      0,
      -0.99808604,
      -0.022152975,
      0.05773441,
      0,
      -0.061796356,
      0.3227797,
      -0.9444548,
      0,
      -3.8386,
      -0.037944715,
      2.395291,
      1
    ],
    "uuid" : "C50C0BD2-0332-423C-B7D1-335F32ECAAFC",
    "keyframeTimestamp" : 235355.465868708
  },
  {
    "transform" : [
      0.21031785,
      -0.977544,
      0.01318362,
      0,
      -0.12398873,
      -0.013294877,
      0.9921947,
      0,
      -0.96973896,
      -0.21031089,
      -0.12400064,
      0,
      0.29315373,
      0.27474087,
      -3.861718,
      1
    ],
    "uuid" : "9B1BE77A-80CD-42E5-BBDE-A9338441910C",
    "keyframeTimestamp" : 235306.117661416
  },
  {
    "transform" : [
      0.2337421,
      -0.94839615,
      0.21427128,
      0,
      -0.6927011,
      -0.007786463,
      0.72118264,
      0,
      -0.68229765,
      -0.3169963,
      -0.6587744,
      0,
      2.357288,
      0.23161262,
      1.3324912,
      1.0000001
    ],
    "uuid" : "163FD2AD-9108-4D17-AAA4-9ED182E82CC5",
    "keyframeTimestamp" : 235135.097092375
  },
  {
    "transform" : [
      0.21415205,
      -0.9252827,
      0.31303662,
      0,
      -0.7753546,
      0.033894736,
      0.63061607,
      0,
      -0.59410816,
      -0.3777619,
      -0.71016306,
      0,
      2.3444457,
      0.20033588,
      1.3488255,
      0.99999994
    ],
    "uuid" : "205F4A32-F03C-4041-A684-3B4E3725BC0B",
    "keyframeTimestamp" : 235133.547656916
  },
  {
    "transform" : [
      0.6571312,
      -0.6770274,
      -0.33137992,
      0,
      0.3733184,
      -0.089605816,
      0.9233657,
      0,
      -0.65483755,
      -0.73048264,
      0.19386405,
      0,
      0.060434923,
      0.36094096,
      -0.107164584,
      1.0000001
    ],
    "uuid" : "49BDED70-4416-40CE-A160-51BD7989AA9A",
    "keyframeTimestamp" : 235082.282968125
