[
  {
    "keyframeTimestamp" : 235186.228433333,
    "transform" : [
      -0.1441967,
      -0.98901993,
      -0.03235658,
      0,
      0.004263921,
      -0.033319004,
      0.9994357,
      0,
      -0.9895399,
      0.14397733,
      0.009021576,
      0,
      0.39201513,
      0.053125635,
      5.099865,
      0.99999994
    ],
    "uuid" : "A666350C-DB5C-4F2B-9B7B-362E977AAE09"
  },
  {
    "keyframeTimestamp" : 235279.6441735,
    "transform" : [
      0.38933286,
      -0.8371131,
      0.3842685,
      0,
      0.6797736,
      -0.020384157,
      -0.7331386,
      0,
      0.6215528,
      0.5466504,
      0.5611111,
      0,
      -2.9672005,
      -0.12741213,
      -2.0737484,
      1
    ],
    "uuid" : "020F1F04-1666-4C63-A242-5419EC8C4F90"
  },
  {
    "keyframeTimestamp" : 235086.364818208,
    "transform" : [
      0.5429839,
      -0.83960885,
      -0.0150164645,
      0,
      -0.023867628,
      -0.033305496,
      0.9991598,
      0,
      -0.839404,
      -0.5421695,
      -0.03812385,
      0,
      0.09228818,
      0.33238626,
      -0.15206788,
      1
    ],
    "uuid" : "F7F09B1D-A3BC-40F6-99B5-48E8598BCD44"
  },
  {
    "keyframeTimestamp" : 235208.870158083,
    "transform" : [
      -0.076047055,
      -0.95741016,
      0.27853698,
      0,
      -0.94906497,
      -0.016161773,
      -0.31466928,
      0,
      0.3057689,
      -0.28827903,
      -0.9074144,
      0,
      0.7819671,
      0.21201044,
      5.9668546,
      1.0000001
    ],
    "uuid" : "042F1FC7-F671-4997-B52E-7F8FE5663D2E"
  },
  {
    "keyframeTimestamp" : 235201.656128666,
    "transform" : [
      0.10007918,
      -0.95010406,
      -0.29544544,
      0,
      -0.98805875,
      -0.059938204,
      -0.14194356,
      0,
      0.117152624,
      0.3061228,
      -0.9447568,
      0,
      0.85600126,
      0.1290352,
      6.481152,
      0.99999994
    ],
    "uuid" : "CAF63A31-82A6-4C7C-91C8-163573EA2F38"
  },
  {
    "keyframeTimestamp" : 235212.735411,
    "transform" : [
      -0.45852706,
      -0.7658383,
      -0.45082638,
      0,
      -0.7771806,
      0.09954461,
      0.6213549,
      0,
      -0.4309802,
      0.63528144,
      -0.64083844,
      0,
      0.8519165,
      -0.022179056,
      6.760251,
      1
    ],
    "uuid" : "C61F2AC9-EE14-48FE-80A5-004969D2B7CF"
  },
  {
    "keyframeTimestamp" : 235362.279976583,
    "transform" : [
      0.0046870285,
      -0.99154246,
      0.12969746,
      0,
      -0.98050076,
      -0.030037688,
      -0.19420594,
      0,
      0.19645928,
      -0.12625825,
      -0.9723494,
      0,
      -3.701461,
      0.14433649,
      4.4800763,
      0.99999994
    ],
    "uuid" : "DA9C905C-8F06-44EC-BA1F-9D6F0D8300AB"
  },
  {
    "keyframeTimestamp" : 235144.027172166,
    "transform" : [
      -0.015189161,
      -0.9998418,
      -0.009263851,
      0,
      -0.99468154,
      0.0141654285,
      0.102029614,
      0,
      -0.10188224,
      0.010764321,
      -0.9947392,
      0,
      1.8218695,
      -0.008336943,
      1.4822546,
      1
    ],
    "uuid" : "80CE9C8E-5E90-4728-9453-C88EF7FFAA7B"
  },
  {
    "keyframeTimestamp" : 235066.422062291,
    "transform" : [
      0.02721971,
      -0.99914974,
      -0.031001998,
      0,
      -0.9990465,
      -0.026130054,
      -0.035027243,
      0,
      0.034187324,
      0.031925824,
      -0.99890727,
      0,
      0.0972527,
      0.21809693,
      -0.7204554,
      1.0000001
    ],
    "uuid" : "DCDA7C62-A77A-4275-B847-FC1640745B1E"
  },
  {
    "keyframeTimestamp" : 235244.440462958,
    "transform" : [
      0.07696437,
      -0.9963507,
      0.03689278,
      0,
      -0.5577858,
      -0.073698044,
      -0.8267065,
      0,
      0.8264089,
      0.04304867,
      -0.56142265,
      0,
      -1.08201,
      0.042106792,
      1.9729669,
      0.9999999
    ],
    "uuid" : "FDB1DFF5-F522-4ECA-AE62-A1BB0FF55D77"
  },
  {
    "keyframeTimestamp" : 235234.17756025,
    "transform" : [
      -0.022924904,
      -0.99775404,
      -0.06293667,
      0,
      0.23677236,
      -0.06658084,
      0.9692812,
      0,
      -0.97129464,
      0.0073190145,
      0.23776695,
      0,
      0.73886305,
      0.15258244,
      4.0648427,
      0.99999994
    ],
    "uuid" : "CF5798E2-A0C3-4DFB-842A-6E216A32AABB"
  },
  {
    "keyframeTimestamp" : 235055.32609025,
    "transform" : [
      -0.13412002,
      -0.9835699,
      0.12083859,
      0,
      0.66531116,
      0.0009989014,
      0.74656665,
      0,
      -0.73442066,
      0.18052463,
      0.6542458,
      0,
      0.14229555,
      0.13176501,
      -0.060061846,
      0.99999994
    ],
    "uuid" : "0E0E447E-21E4-4664-8F7F-3A5D4F46A69B"
  },
  {
    "keyframeTimestamp" : 235339.838407583,
    "transform" : [
      0.1264945,
      -0.9891345,
      0.07491379,
      0,
      -0.9112312,
      -0.14571032,
      -0.38526163,
      0,
      0.3919912,
      -0.019530313,
      -0.9197617,
      0,
      -2.4471648,
      0.12401962,
      -3.5354848,
      1
    ],
    "uuid" : "2CAB97A4-50BD-45F4-841D-DD4F2BE6C5EB"
  },
  {
    "keyframeTimestamp" : 235311.265738916,
    "transform" : [
      -0.5626579,
      -0.7865026,
      0.25461644,
      0,
      0.49775845,
      -0.07640583,
      0.8639439,
      0,
      -0.66004014,
      0.61284226,
      0.43447876,
      0,
      0.21608853,
      -0.15410143,
      -3.702953,
      1
    ],
    "uuid" : "3E465BB3-8D18-4313-A80A-28E5C655ED9F"
  },
  {
    "keyframeTimestamp" : 235339.005386375,
    "transform" : [
      0.16993864,
      -0.98464143,
      -0.040024504,
      0,
      -0.74734217,
      -0.10229664,
      -0.6565171,
      0,
      0.64234,
      0.14147966,
      -0.75324833,
      0,
      -2.2638445,
      0.06689094,
      -3.8056302,
      0.9999999
    ],
    "uuid" : "4757A341-0A4C-4719-A940-5E5A3305C472"
  },
  {
    "keyframeTimestamp" : 235149.658453625,
    "transform" : [
      0.254439,
      -0.9349221,
      -0.247349,
      0,
      -0.7766025,
      -0.04510563,
      -0.6283741,
      0,
      0.57632405,
      0.3519747,
      -0.73753947,
      0,
      1.6677847,
      0.0021067187,
      1.4230633,
      1
    ],
    "uuid" : "6CBED95F-4700-47CB-BD3F-1C41BB6F77DB"
  },
  {
    "keyframeTimestamp" : 235070.587216125,
    "transform" : [
      0.4963949,
      -0.7665105,
      -0.4074978,
      0,
      -0.6539667,
      -0.021484733,
      -0.756219,
      0,
      0.57089436,
      0.6418725,
      -0.51193684,
      0,
      0.21759298,
      -0.023506403,
      -0.22756507,
      1.0000001
    ],
    "uuid" : "BF4794C3-7142-4BC5-8F0D-50ABE688263F"
  },
  {
    "keyframeTimestamp" : 235126.533544791,
    "transform" : [
      0.1296661,
      -0.9858057,
      -0.106648356,
      0,
      0.45299107,
      -0.03678217,
      0.8907561,
      0,
      -0.8820352,
      -0.16381158,
      0.44179183,
      0,
      1.1988903,
      0.22869039,
      1.6805668,
      1.0000001
    ],
    "uuid" : "2C379035-D6F1-4821-AD07-AFD05D6EC315"
  },
  {
    "keyframeTimestamp" : 235247.639289125,
    "transform" : [
      0.2258468,
      -0.9669475,
      0.11834633,
      0,
      0.3909662,
      -0.021303048,
      -0.92015857,
      0,
      0.8922664,
      0.25408426,
      0.37323263,
      0,
      -2.07814,
      -0.024898589,
      1.901251,
      0.99999994
    ],
    "uuid" : "7C411BEF-BBBF-4740-9504-8A01ED0C2461"
  },
  {
    "keyframeTimestamp" : 235239.575581125,
    "transform" : [
      -0.07138308,
      -0.8795084,
      0.4704988,
      0,
      0.9959599,
      -0.03708394,
      0.0817835,
      0,
      -0.054481342,
      0.47443599,
      0.87860274,
      0,
      0.3339391,
      -0.11021457,
      2.6303105,
      0.99999994
    ],
    "uuid" : "06556CC7-BDEE-4DFE-B9C6-72EAB7935B18"
  },
  {
    "keyframeTimestamp" : 235205.454739916,
    "transform" : [
      0.22090875,
      -0.8262384,
      -0.5181981,
      0,
      -0.92864877,
      -0.01584299,
      -0.37062383,
      0,
      0.29801372,
      0.5630981,
      -0.7707851,
      0,
      0.81957155,
      -0.13303864,
      5.9523206,
      1
    ],
    "uuid" : "3BBF4CF2-C5D0-49C0-8D72-B0DF78C36E8A"
  },
  {
    "keyframeTimestamp" : 235248.305710958,
    "transform" : [
      0.053066406,
      -0.9968363,
      0.05917204,
      0,
      0.65791,
      -0.009676284,
      -0.75303465,
      0,
      0.7512248,
      0.078890674,
      0.65531504,
      0,
      -2.2061718,
      0.033444233,
      1.9147571,
      1
    ],
    "uuid" : "4D782F6A-0BDE-4543-883F-870766A1DC0F"
  },
  {
    "keyframeTimestamp" : 235255.13653475,
    "transform" : [
      0.36324596,
      -0.9251767,
      -0.110002674,
      0,
      0.299091,
      0.0039746608,
      0.95421636,
      0,
      -0.88238126,
      -0.3795159,
      0.2781557,
      0,
      -2.592264,
      0.20458329,
      1.6418563,
      0.99999994
    ],
    "uuid" : "3180DD78-CCE0-4E92-9FC9-D64E90794CAD"
  },
  {
    "keyframeTimestamp" : 235145.976462166,
    "transform" : [
      -0.07118974,
      -0.748224,
      0.6596155,
      0,
      -0.9916806,
      -0.018010648,
      -0.1274583,
      0,
      0.10724742,
      -0.66320115,
      -0.7407166,
      0,
      1.814103,
      0.2991818,
      1.4208633,
      0.9999999
    ],
    "uuid" : "AAC6DFCE-7C37-44D2-BC6B-67720B86CC31"
  },
  {
    "keyframeTimestamp" : 235075.2688495,
    "transform" : [
      -0.16264917,
      -0.9837101,
      -0.07654793,
      0,
      0.6589319,
      -0.05054882,
      -0.75050175,
      0,
      0.7344071,
      -0.17250842,
      0.65641993,
      0,
      0.43861136,
      0.25675142,
      -0.061019015,
      0.99999994
    ],
    "uuid" : "C8051A5E-D239-41FB-85EE-0C6F2C85C687"
  },
  {
    "keyframeTimestamp" : 235147.825788375,
    "transform" : [
      -0.26314482,
      -0.938165,
      0.22494724,
      0,
      -0.6081993,
      -0.01967691,
      -0.79354024,
      0,
      0.7488982,
      -0.34562877,
      -0.56541353,
      0,
      1.7112694,
      0.26333612,
      1.3084202,
      1
    ],
    "uuid" : "8D3ABCED-B795-46F7-AA2D-B5FA69863E07"
  },
  {
    "keyframeTimestamp" : 235348.718406208,
    "transform" : [
      0.16021778,
      -0.98697466,
      0.014528955,
      0,
      -0.82048446,
      -0.12497923,
      0.5578405,
      0,
      -0.5487588,
      -0.10129676,
      -0.82982147,
      0,
      -3.3403754,
      0.16665524,
      -0.033277586,
      0.99999994
    ],
    "uuid" : "8DE36029-8AD8-4202-94BA-BED153BB802C"
  },
  {
    "keyframeTimestamp" : 235115.770794708,
    "transform" : [
      -0.0006629457,
      -0.99097013,
      0.13408133,
      0,
      0.8901197,
      -0.06168922,
      -0.45153248,
      0,
      0.45572662,
      0.11904907,
      0.8821228,
      0,
      0.12714037,
      0.1374361,
      2.2541125,
      0.99999994
    ],
    "uuid" : "BB297B50-01DD-40B2-9A89-CEA0E28D4411"
  },
  {
    "keyframeTimestamp" : 235312.082100875,
    "transform" : [
      -0.4537864,
      -0.8420645,
      0.29155725,
      0,
      0.58715695,
      -0.036428373,
      0.8086533,
      0,
      -0.6703171,
      0.53814554,
      0.5109546,
      0,
      0.44192988,
      -0.10453181,
      -3.8351288,
      1
    ],
    "uuid" : "ACE418D1-711A-45DA-A013-C8C26393F69C"
  },
  {
    "keyframeTimestamp" : 235109.02324775,
    "transform" : [
      -0.5432435,
      -0.803028,
      -0.24501581,
      0,
      -0.46716025,
      0.04663186,
      0.8829431,
      0,
      -0.6976016,
      0.5941138,
      -0.4004747,
      0,
      0.3666589,
      -0.044928804,
      1.6900946,
      1
    ],
    "uuid" : "E0CD6D0C-F32C-4C9A-B800-A2D88E61B3CD"
  },
  {
    "keyframeTimestamp" : 235319.196116,
    "transform" : [
      0.38526598,
      -0.8640844,
      0.3239265,
      0,
      0.47200882,
      -0.1171087,
      -0.87378097,
      0,
      0.7929553,
      0.4895342,
      0.3627376,
      0,
      0.22596297,
      -0.08228215,
      -4.0179152,
      1
    ],
    "uuid" : "C2602F22-C78B-442C-A768-D7548B470124"
  },
  {
    "keyframeTimestamp" : 235329.908786958,
    "transform" : [
      -0.101824425,
      -0.8216748,
      0.5607878,
      0,
      -0.9944102,
      0.06823594,
      -0.08057856,
      0,
      0.027943436,
      -0.56585765,
      -0.8240295,
      0,
      0.24537319,
      0.37121886,
      -3.7320206,
      1
    ],
    "uuid" : "757194DB-3591-47B7-979A-5B661FD6CC8A"
  },
  {
    "keyframeTimestamp" : 235159.638146583,
    "transform" : [
      0.099196486,
      -0.99057275,
      0.09447486,
      0,
      -0.47823468,
      -0.1307181,
      -0.8684496,
      0,
      0.8726122,
      0.040965963,
      -0.486693,
      0,
      1.7508991,
      0.089201145,
      2.1477146,
      0.9999999
    ],
    "uuid" : "F100E024-2E2A-465D-8792-700F93FEF9B7"
  },
  {
    "keyframeTimestamp" : 235284.775612541,
    "transform" : [
      0.007947083,
      -0.95858717,
      0.28469044,
      0,
      0.99302065,
      -0.025938114,
      -0.11505677,
      0,
      0.11767627,
      0.28361773,
      0.95169055,
      0,
      -2.4850636,
      -0.036578078,
      -3.6039066,
      1
    ],
    "uuid" : "86152520-78ED-4873-8C8D-40A264A325FA"
  },
  {
    "keyframeTimestamp" : 235334.123878791,
    "transform" : [
      -0.38943785,
      -0.92016083,
      -0.040523842,
      0,
      0.17426023,
      -0.03040637,
      -0.98423,
      0,
      0.9044177,
      -0.39035806,
      0.17218883,
      0,
      -0.6105457,
      0.3162226,
      -3.8092618,
      1
    ],
    "uuid" : "AAAB0E23-483F-4242-AF85-170A9D391852"
  },
  {
    "keyframeTimestamp" : 235329.675540791,
    "transform" : [
      0.07437084,
      -0.82613194,
      0.55854744,
      0,
      -0.9801095,
      0.04279006,
      0.19379154,
      0,
      -0.18399763,
      -0.56184965,
      -0.8065172,
      0,
      0.28801626,
      0.36913404,
      -3.732346,
      1
    ],
    "uuid" : "484D306C-E626-4684-81FC-7611A041DB57"
  },
  {
    "keyframeTimestamp" : 235314.36458325,
    "transform" : [
      -0.01467368,
      -0.93016607,
      0.36684486,
      0,
      0.9996575,
      -0.021596236,
      -0.014773085,
      0,
      0.021663915,
      0.3665025,
      0.9301649,
      0,
      0.7247247,
      -0.053387824,
      -3.9516337,
      1
    ],
    "uuid" : "1D3ED701-4008-4960-9815-8F3FF2F4FEFA"
  },
  {
    "keyframeTimestamp" : 235274.112881416,
    "transform" : [
      0.19773555,
      -0.97982943,
      -0.028886575,
      0,
      0.065009676,
      -0.016295603,
      0.99775183,
      0,
      -0.9780973,
      -0.19916885,
      0.06047616,
      0,
      -3.2516856,
      0.14967567,
      -0.69451666,
      1
    ],
    "uuid" : "AFF396BD-688F-4B82-A380-7BD4060442AF"
  },
  {
    "keyframeTimestamp" : 235379.52349475,
    "transform" : [
      -0.25089622,
      -0.7815281,
      0.57119596,
      0,
      0.9112128,
      0.008478843,
      0.41184863,
      0,
      -0.32671443,
      0.62381226,
      0.7100111,
      0,
      -3.1022973,
      -0.18199077,
      5.17032,
      1
    ],
    "uuid" : "332CBB5D-414C-4BB7-B1B9-48DF4410A9C2"
  },
  {
    "keyframeTimestamp" : 235375.241769625,
    "transform" : [
      0.1321569,
      -0.9774448,
      0.16472986,
      0,
      0.6634076,
      -0.03625957,
      -0.7473791,
      0,
      0.736495,
      0.20805433,
      0.64365256,
      0,
      -3.177496,
      0.058834977,
      5.5451813,
      1
    ],
    "uuid" : "8A61355C-F8B7-4906-9221-30FD6AFF0BF3"
  },
  {
    "keyframeTimestamp" : 235397.55006325,
    "transform" : [
      -0.17679067,
      -0.94502825,
      0.27507633,
      0,
      -0.8943059,
      0.037515964,
      -0.44588092,
      0,
      0.4110503,
      -0.32482985,
      -0.8517766,
      0,
      -1.5216,
      0.26982298,
      6.5378065,
      1.0000001
    ],
    "uuid" : "AD289DBE-9010-448F-8ECD-892DB3C51CE4"
  },
  {
    "keyframeTimestamp" : 235076.46841375,
    "transform" : [
      -0.3202403,
      -0.87965995,
      -0.3516341,
      0,
      0.78534263,
      -0.038930148,
      -0.6178383,
      0,
      0.5297978,
      -0.47400925,
      0.7033005,
      0,
      0.47972202,
      0.3358161,
      -0.061920386,
      1
    ],
    "uuid" : "2D9490AC-C257-4CDD-9EE7-95FE2ABBFACB"
  },
  {
    "keyframeTimestamp" : 235274.829283916,
    "transform" : [
      0.3657883,
      -0.908763,
      -0.20087105,
      0,
      0.44887936,
      -0.016803375,
      0.8934344,
      0,
      -0.8152953,
      -0.41697457,
      0.40177834,
      0,
      -3.1495671,
      0.22852232,
      -0.7834753,
      1.0000001
    ],
    "uuid" : "C0161AD1-E14E-478B-9736-86D896386285"
  },
  {
    "keyframeTimestamp" : 235229.029446416,
    "transform" : [
      -0.09591485,
      -0.96978354,
      -0.22432242,
      0,
      0.93346757,
      -0.009388789,
      -0.35853893,
      0,
      0.34559897,
      -0.2437868,
      0.9061618,
      0,
      0.44104153,
      0.18739626,
      5.048832,
      1
    ],
    "uuid" : "187FA27D-2791-4BCA-81B9-3E2C4704BBA1"
  },
  {
    "keyframeTimestamp" : 235160.054661333,
    "transform" : [
      0.29703158,
      -0.9534674,
      -0.05170761,
      0,
      -0.57941115,
      -0.1369306,
      -0.8034508,
      0,
      0.7589833,
      0.26861,
      -0.5931218,
      0,
      1.7749294,
      0.047266636,
      2.0548735,
      0.99999994
    ],
    "uuid" : "670EECFB-9F67-4794-BAA8-4206BDCE4681"
  },
  {
    "keyframeTimestamp" : 235159.938037208,
    "transform" : [
      0.25378656,
      -0.96721745,
      -0.009073206,
      0,
      -0.53681064,
      -0.13303727,
      -0.8331485,
      0,
      0.8046286,
      0.21631236,
      -0.55297565,
      0,
      1.7643899,
      0.057716563,
      2.082325,
      0.9999999
    ],
    "uuid" : "53D037E6-E052-4497-9139-71EF9D8D51DE"
  },
  {
    "keyframeTimestamp" : 235269.131385583,
    "transform" : [
      -0.17176291,
      -0.98225963,
      0.07525407,
      0,
      0.64771307,
      -0.055044442,
      0.75989395,
      0,
      -0.742271,
      0.17926458,
      0.64567715,
      0,
      -3.1848958,
      0.01031869,
      -0.49548805,
      1
    ],
    "uuid" : "BD4B0437-0129-4971-AB52-5C99BB348619"
  },
  {
    "keyframeTimestamp" : 235133.997493,
    "transform" : [
      0.25465092,
      -0.94464475,
      0.20687595,
      0,
      -0.66496825,
      -0.015730029,
      0.7467059,
      0,
      -0.70211816,
      -0.32771543,
      -0.63216496,
      0,
      2.366451,
      0.21891502,
      1.3399493,
      0.99999994
    ],
    "uuid" : "E2506919-2FDB-4727-9367-A782A7CF1EB7"
  },
  {
    "keyframeTimestamp" : 235080.950119,
    "transform" : [
      0.43617854,
      -0.88729763,
      -0.14983836,
      0,
      0.22071666,
      -0.055934563,
      0.9737323,
      0,
      -0.8723719,
      -0.45779306,
      0.17144398,
      0,
      0.16981266,
      0.3048626,
      -0.17313573,
      1
    ],
    "uuid" : "B016CE3F-9005-4CE2-ABDE-70523284F7AF"
  },
  {
    "keyframeTimestamp" : 235171.950320791,
    "transform" : [
      0.26793557,
      -0.9444662,
      -0.19024794,
      0,
      -0.6335453,
      -0.023954188,
      -0.77333546,
      0,
      0.7258314,
      0.3277345,
      -0.60478,
      0,
      0.83519524,
      -0.0786092,
      1.7908745,
      0.99999994
    ],
    "uuid" : "8A156822-E73B-4FF0-A94C-682CB9F12CD0"
  },
  {
    "keyframeTimestamp" : 235377.90743475,
    "transform" : [
      0.029357197,
      -0.9787605,
      0.2028946,
      0,
      0.96135163,
      -0.027944298,
      -0.27390268,
      0,
      0.27375478,
      0.20309396,
      0.94011253,
      0,
      -3.174779,
      0.0420535,
      5.315301,
      1.0000001
    ],
    "uuid" : "4DD51972-D9BE-4DC3-8C60-F7ED346AA48E"
  },
  {
    "keyframeTimestamp" : 235165.619297791,
    "transform" : [
      0.6323906,
      -0.70742613,
      0.31564265,
      0,
      0.433133,
      -0.01491363,
      -0.90120745,
      0,
      0.64224464,
      0.7066298,
      0.29697815,
      0,
      1.6957442,
      -0.20406345,
      1.4220104,
      1
    ],
    "uuid" : "6E3B6260-880F-40E0-93A7-A43E460D8B65"
  },
  {
    "keyframeTimestamp" : 235327.409720166,
    "transform" : [
      -0.21756579,
      -0.8339309,
      0.5071733,
      0,
      -0.8777059,
      -0.060145386,
      -0.47541118,
      0,
      0.4269639,
      -0.5485818,
      -0.71886,
      0,
      0.48718488,
      0.35101545,
      -3.6229026,
      1
    ],
    "uuid" : "00B33131-6927-4D90-83B8-DF75463AB99A"
  },
  {
    "keyframeTimestamp" : 235072.536508375,
    "transform" : [
      0.5537746,
      -0.7675983,
      0.32268575,
      0,
      0.45695722,
      -0.04380678,
      -0.8884104,
      0,
      0.6960777,
      0.6394322,
      0.32650027,
      0,
      0.17745002,
      -0.03652164,
      -0.20688249,
      0.99999994
    ],
    "uuid" : "D14F958B-2841-4C98-B9D5-3B2D4E1BE6E8"
  },
  {
    "keyframeTimestamp" : 235372.975955416,
    "transform" : [
      -0.065796696,
      -0.9977663,
      -0.011529181,
      0,
      0.9095858,
      -0.055223,
      -0.41183043,
      0,
      0.41027394,
      -0.037583854,
      0.9111878,
      0,
      -2.9046264,
      0.16746522,
      5.5392666,
      1.0000001
    ],
    "uuid" : "C029765E-0FB7-4422-A707-D54B9D2899BC"
  },
  {
    "keyframeTimestamp" : 235118.153261458,
    "transform" : [
      0.012900555,
      -0.78835154,
      0.61508983,
      0,
      0.997837,
      -0.02950156,
      -0.05873979,
      0,
      0.0644537,
      0.61451685,
      0.78626555,
      0,
      0.36225352,
      -0.10947443,
      2.0815032,
      1
    ],
    "uuid" : "AA35DB5A-2801-481F-BDCE-0E935455289E"
  },
  {
    "keyframeTimestamp" : 235314.581169125,
    "transform" : [
      -0.030612402,
      -0.9700411,
      0.24100459,
      0,
      0.9984262,
      -0.04101203,
      -0.038252953,
      0,
      0.04699105,
      0.23945428,
      0.96977025,
      0,
      0.7161828,
      -0.008384333,
      -3.9594946,
      1
    ],
    "uuid" : "EAC509E4-E888-4A6A-BA98-27EA3011C315"
  },
  {
    "keyframeTimestamp" : 235366.195172125,
    "transform" : [
      0.16809537,
      -0.98463434,
      -0.047320683,
      0,
      -0.32824245,
      -0.101172276,
      0.93915975,
      0,
      -0.92951655,
      -0.14233571,
      -0.3402054,
      0,
      -3.3887997,
      0.16476825,
      5.425101,
      1.0000001
    ],
    "uuid" : "4FDBF665-D1EF-4A6E-B1CF-DD23638D4D80"
  },
  {
    "keyframeTimestamp" : 235084.182277958,
    "transform" : [
      0.31882942,
      -0.85379106,
      -0.41156992,
      0,
      0.76044357,
      -0.028767068,
      0.64876664,
      0,
      -0.5657503,
      -0.5198213,
      0.6400878,
      0,
      0.11999239,
      0.3309484,
      -0.23916148,
      1
    ],
    "uuid" : "A15B401D-80FB-4064-AAC0-6AC0B14F3BDD"
  },
  {
    "keyframeTimestamp" : 235085.78169675,
    "transform" : [
      0.44839063,
      -0.8801182,
      -0.15600614,
      0,
      0.3002799,
      -0.016069368,
      0.95371664,
      0,
      -0.8418896,
      -0.4744827,
      0.25707623,
      0,
      0.13157897,
      0.31591135,
      -0.2076986,
      1
    ],
    "uuid" : "F9B7EF16-3BEC-412A-AA54-78F1BBF3CE32"
  },
  {
    "keyframeTimestamp" : 235326.776623,
    "transform" : [
      -0.1238411,
      -0.95007527,
      0.2863921,
      0,
      -0.86734587,
      -0.036566537,
      -0.49636158,
      0,
      0.48205307,
      -0.30987087,
      -0.8195153,
      0,
      0.5083057,
      0.26699504,
      -3.5645463,
      1
    ],
    "uuid" : "27DE3237-F903-4FF9-A04E-6DC163D275DB"
  },
  {
    "keyframeTimestamp" : 235363.013034708,
    "transform" : [
      0.036655836,
      -0.9924402,
      -0.11712917,
      0,
      -0.9991203,
      -0.03878522,
      0.015951825,
      0,
      -0.020374125,
      0.116441354,
      -0.99298877,
      0,
      -3.695132,
      0.04863204,
      4.7262826,
      1
    ],
    "uuid" : "F9810EEC-B228-45FE-BC84-ED3E7BD5D5F4"
  },
  {
    "keyframeTimestamp" : 235324.410838875,
    "transform" : [
      0.34782943,
      -0.64152837,
      -0.68370724,
      0,
      -0.9319197,
      -0.15671866,
      -0.32705465,
      0,
      0.10266519,
      0.75091976,
      -0.6523645,
      0,
      0.6842181,
      -0.007840637,
      -3.3526974,
      0.99999994
    ],
    "uuid" : "A596AF09-20B3-4B9F-9D54-0DA584A8A7A2"
  },
  {
    "keyframeTimestamp" : 235379.023682375,
    "transform" : [
      -0.06075877,
      -0.80605,
      0.58872086,
      0,
      0.9963881,
      -0.013922522,
      0.083769895,
      0,
      -0.0593262,
      0.59168404,
      0.80398446,
      0,
      -3.1718037,
      -0.17342283,
      5.166199,
      1
    ],
    "uuid" : "0A11452F-9611-4AC1-A1F3-F9A6F641082C"
  },
  {
    "keyframeTimestamp" : 235242.074664666,
    "transform" : [
      0.39291862,
      -0.91581607,
      0.08304649,
      0,
      0.23081331,
      0.010800937,
      -0.97293895,
      0,
      0.8901355,
      0.4014536,
      0.21562634,
      0,
      -0.27809054,
      -0.112442784,
      1.9699371,
      1
    ],
    "uuid" : "F2934BA9-9CAA-4ADF-BD43-9C0C806D0659"
  },
  {
    "keyframeTimestamp" : 235125.08407225,
    "transform" : [
      0.042670142,
      -0.9787494,
      -0.20057781,
      0,
      0.88475937,
      -0.056238513,
      0.46264467,
      0,
      -0.46409282,
      -0.19720395,
      0.86355686,
      0,
      1.0870728,
      0.17592725,
      1.6722548,
      1
    ],
    "uuid" : "71B3DA3F-1633-4AF1-BE53-9C8C6F241633"
  },
  {
    "keyframeTimestamp" : 235275.579007416,
    "transform" : [
      0.11214776,
      -0.96223116,
      -0.248062,
      0,
      0.8336772,
      -0.044737104,
      0.55043703,
      0,
      -0.54074526,
      -0.26853386,
      0.7971731,
      0,
      -2.9778638,
      0.18774848,
      -0.89920866,
      0.99999994
    ],
    "uuid" : "43A95746-1300-404E-AC8F-EF2379A89726"
  },
  {
    "keyframeTimestamp" : 235205.038225541,
    "transform" : [
      0.24496843,
      -0.6943801,
      -0.67662895,
      0,
      -0.9448586,
      -0.014540138,
      -0.32715732,
      0,
      0.21733323,
      0.7194614,
      -0.6596526,
      0,
      0.81278247,
      -0.20932856,
      6.0096807,
      1.0000001
    ],
    "uuid" : "D8D5199F-A81E-4D27-93CC-3D05E81C9D7C"
  },
  {
    "keyframeTimestamp" : 235226.213810791,
    "transform" : [
      0.63773274,
      -0.7679621,
      0.05942328,
      0,
      0.02738459,
      -0.054493044,
      -0.9981385,
      0,
      0.7697708,
      0.6381728,
      -0.013721664,
      0,
      0.73049676,
      -0.09924517,
      5.4337482,
      1
    ],
    "uuid" : "00CEBB3E-A12B-471A-8FFF-65FA8EA8D206"
  },
  {
    "keyframeTimestamp" : 235393.5349025,
    "transform" : [
      -0.0684395,
      -0.9711913,
      -0.22826011,
      0,
      -0.74833786,
      -0.1013351,
      0.6555313,
      0,
      -0.6597773,
      0.21567999,
      -0.71984434,
      0,
      -1.3766075,
      0.08808027,
      6.916746,
      0.9999999
    ],
    "uuid" : "78870704-4E36-4776-B5CF-FCC99179B8E3"
  },
  {
    "keyframeTimestamp" : 235273.69636825,
    "transform" : [
      0.014803358,
      -0.99987835,
      0.0048454227,
      0,
      -0.049462333,
      0.0041077402,
      0.99876744,
      0,
      -0.99866635,
      -0.015024782,
      -0.049395557,
      0,
      -3.239192,
      0.06945771,
      -0.65609217,
      0.99999994
    ],
    "uuid" : "C1FA6652-698F-4562-9F42-9AA8B159812F"
  },
  {
    "keyframeTimestamp" : 235189.493907041,
    "transform" : [
      -0.1846669,
      -0.95743793,
      0.2218338,
      0,
      0.8816523,
      -0.061649773,
      0.46785548,
      0,
      -0.4342668,
      0.28197774,
      0.85551244,
      0,
      0.69150895,
      0.022775728,
      5.359236,
      1
    ],
    "uuid" : "D0BDAB73-A70F-4560-A539-2D1B2AAE389B"
  },
  {
    "keyframeTimestamp" : 235265.049555333,
    "transform" : [
      0.09443504,
      -0.98411536,
      0.1503297,
      0,
      0.6686716,
      -0.04916913,
      -0.7419303,
      0,
      0.73753667,
      0.1705854,
      0.65340686,
      0,
      -3.499574,
      -0.0065002865,
      0.12706764,
      1
    ],
    "uuid" : "1199FC17-5680-4325-B257-88CB4AECCC12"
  },
  {
    "keyframeTimestamp" : 235305.217997458,
    "transform" : [
      0.31978583,
      -0.93494904,
      -0.15364644,
      0,
      0.47478926,
      0.017791685,
      0.87991965,
      0,
      -0.81994665,
      -0.35433558,
      0.44959337,
      0,
      0.17447868,
      0.2671414,
      -3.7998984,
      1.0000001
    ],
    "uuid" : "6DD69A54-6E1E-4A05-845F-737C3D46833C"
  },
  {
    "keyframeTimestamp" : 235074.7023885,
    "transform" : [
      -0.025425084,
      -0.9974496,
      0.06668482,
      0,
      0.68927807,
      -0.065805994,
      -0.72150165,
      0,
      0.72405046,
      0.02762017,
      0.6891939,
      0,
      0.391225,
      0.1827447,
      -0.061570946,
      0.9999999
    ],
    "uuid" : "3928BF19-F208-4F9C-9E4C-588319766C26"
  },
  {
    "keyframeTimestamp" : 235175.74892975,
    "transform" : [
      -0.0060122474,
      -0.95368695,
      -0.3007411,
      0,
      -0.9772039,
      -0.058221705,
      0.20416395,
      0,
      -0.21221815,
      0.2951128,
      -0.93159676,
      0,
      0.20246899,
      -0.06721999,
      2.763431,
      1
    ],
    "uuid" : "45FBA3D2-4B23-4FE3-8BE1-928670B91DAF"
  },
  {
    "keyframeTimestamp" : 235168.78480875,
    "transform" : [
      0.48437515,
      -0.8458886,
      0.22327936,
      0,
      0.46620774,
      0.0336124,
      -0.88403624,
      0,
      0.7402916,
      0.5322998,
      0.41064104,
      0,
      1.8131769,
      -0.17595346,
      1.3488472,
      1
    ],
    "uuid" : "FB63A5C9-EE94-412B-8F9B-AF99568FDADF"
  },
  {
    "keyframeTimestamp" : 235369.810479416,
    "transform" : [
      0.008267496,
      -0.99170417,
      -0.12827562,
      0,
      0.65272826,
      -0.09182943,
      0.7520063,
      0,
      -0.7575473,
      -0.089946315,
      0.6465541,
      0,
      -2.8956933,
      0.15330452,
      5.598656,
      1
    ],
    "uuid" : "FAAC8360-A407-4240-B021-0162704AB449"
  },
  {
    "keyframeTimestamp" : 235087.780970291,
    "transform" : [
      0.3654351,
      -0.93081313,
      -0.006620376,
      0,
      -0.13924076,
      -0.061695103,
      0.9883349,
      0,
      -0.92036325,
      -0.36025023,
      -0.15215264,
      0,
      0.11790279,
      0.2834987,
      -0.08557635,
      0.99999994
    ],
    "uuid" : "D5E7C89C-C5F3-44E3-AA4A-F9A11DA5D12B"
  },
  {
    "keyframeTimestamp" : 235330.158693708,
    "transform" : [
      -0.23302026,
      -0.8324069,
      0.50279325,
      0,
      -0.9435645,
      0.06840454,
      -0.32404816,
      0,
      0.23534656,
      -0.5499275,
      -0.80136925,
      0,
      0.20699723,
      0.36913162,
      -3.7224362,
      0.99999994
    ],
    "uuid" : "508D1BB7-6840-4B2E-B5C0-34CF1C8979A2"
  },
  {
    "keyframeTimestamp" : 235171.150612708,
    "transform" : [
      0.32100394,
      -0.9355758,
      -0.14715584,
      0,
      -0.4164744,
      0.00010314524,
      -0.909148,
      0,
      0.8505916,
      0.3531265,
      -0.38961005,
      0,
      1.1002593,
      -0.1014656,
      1.667373,
      0.99999994
    ],
    "uuid" : "E31A36DF-D9A0-4ACB-A32F-920BADDEAD29"
  },
  {
    "keyframeTimestamp" : 235241.158334166,
    "transform" : [
      0.31126451,
      -0.9051059,
      0.28965154,
      0,
      0.6378535,
      -0.02695753,
      -0.7696856,
      0,
      0.70445526,
      0.424331,
      0.56893396,
      0,
      -0.04843533,
      -0.11141825,
      2.1789021,
      0.9999999
    ],
    "uuid" : "39663A86-5A89-4481-80BD-6BFC5D4E6CEE"
  },
  {
    "keyframeTimestamp" : 235151.524439958,
    "transform" : [
      0.094949104,
      -0.7211782,
      -0.68621194,
      0,
      -0.99548167,
      -0.067655735,
      -0.066638656,
      0,
      0.0016321483,
      0.68943805,
      -0.72434294,
      0,
      1.8294513,
      -0.15910167,
      1.8383592,
      1
    ],
    "uuid" : "6C2ED3DF-CFB3-40E1-9AAC-F31D5AF574E0"
  },
  {
    "keyframeTimestamp" : 235069.437633541,
    "transform" : [
      0.21965823,
      -0.75168407,
      -0.6218708,
      0,
      -0.9532591,
      -0.029805709,
      -0.30068415,
      0,
      0.20748384,
      0.6588504,
      -0.72309536,
      0,
      0.12309462,
      -0.027875308,
      -0.41608933,
      1
    ],
    "uuid" : "2469D152-859C-4A93-B3F8-AA66D7E50EB6"
  },
  {
    "keyframeTimestamp" : 235372.009652291,
    "transform" : [
      -0.101616435,
      -0.97853875,
      -0.17926447,
      0,
      0.98691636,
      -0.07648369,
      -0.14193912,
      0,
      0.12518218,
      -0.19134238,
      0.97350806,
      0,
      -2.7736895,
      0.21201374,
      5.554348,
      0.99999994
    ],
    "uuid" : "352A29C1-76A3-4AB7-B5CD-11E37BEE9588"
  },
  {
    "keyframeTimestamp" : 235173.116560958,
    "transform" : [
      0.060396094,
      -0.9950196,
      -0.07929965,
      0,
      -0.8802965,
      -0.01564314,
      -0.4741665,
      0,
      0.47056472,
      0.09844502,
      -0.8768575,
      0,
      0.5249999,
      0.0055571934,
      2.0705488,
      1
    ],
    "uuid" : "E64558F1-B3FE-48D7-8601-78DA094F3558"
  },
  {
    "keyframeTimestamp" : 235318.24647,
    "transform" : [
      0.18734834,
      -0.9668034,
      0.17375815,
      0,
      0.5120529,
      -0.054833822,
      -0.85720164,
      0,
      0.8382737,
      0.24956872,
      0.48478165,
      0,
      0.21617815,
      0.020121174,
      -3.9883244,
      1.0000001
    ],
    "uuid" : "695E23C3-ED84-43F1-B5AE-508525826BE4"
  },
  {
    "keyframeTimestamp" : 235143.777263166,
    "transform" : [
      -0.03230098,
      -0.98816705,
      -0.14994188,
      0,
      -0.993175,
      0.014912305,
      0.115675986,
      0,
      -0.11207133,
      0.15265507,
      -0.98190546,
      0,
      1.8293351,
      -0.060657807,
      1.4702779,
      1
    ],
    "uuid" : "E40B9386-E753-4DC6-B83D-F625A4D343CE"
  },
  {
    "keyframeTimestamp" : 235196.774579791,
    "transform" : [
      -0.14275035,
      -0.8752438,
      -0.4621368,
      0,
      -0.92576313,
      -0.047097668,
      0.37515932,
      0,
      -0.3501217,
      0.48138362,
      -0.8035458,
      0,
      0.69791216,
      -0.1348874,
      5.8429503,
      1
    ],
    "uuid" : "D569F8D3-CF9E-4F5B-9417-E8EDDE1E4A00"
  },
  {
    "keyframeTimestamp" : 235181.180277708,
    "transform" : [
      -0.033835262,
      -0.9923613,
      -0.118640766,
      0,
      -0.8818521,
      -0.026218608,
      0.47079974,
      0,
      -0.47031313,
      0.120552965,
      -0.8742271,
      0,
      0.39700115,
      0.05725877,
      4.177816,
      0.99999994
    ],
    "uuid" : "AA6E9325-2BEF-426E-AFEF-D48BCBC5FEAB"
  },
  {
    "keyframeTimestamp" : 235385.121392375,
    "transform" : [
      0.21769026,
      -0.96357644,
      0.15534349,
      0,
      -0.80995977,
      -0.08954322,
      0.5796098,
      0,
      -0.5445883,
      -0.2519973,
      -0.79995066,
      0,
      -1.9920228,
      0.18011926,
      6.119445,
      0.9999999
    ],
    "uuid" : "731BF8D3-19A1-4F8D-825D-83A5CFA49D6A"
  },
  {
    "keyframeTimestamp" : 235054.876253583,
    "transform" : [
      -0.21929795,
      -0.95285034,
      0.20972523,
      0,
      0.7032459,
      -0.005374556,
      0.7109264,
      0,
      -0.67627996,
      0.30339333,
      0.67126733,
      0,
      0.119392246,
      0.10549306,
      0.02558493,
      1.0000001
    ],
    "uuid" : "F75F98CD-9569-42D5-A9B1-7EBD950C53D2"
  },
  {
    "keyframeTimestamp" : 235339.388576041,
    "transform" : [
      0.11590618,
      -0.9903485,
      0.07600126,
      0,
      -0.8217435,
      -0.13859227,
      -0.55274826,
      0,
      0.55794626,
      0.0016133956,
      -0.82987595,
      0,
      -2.354211,
      0.1167091,
      -3.6901636,
      1
    ],
    "uuid" : "170A8730-6813-4188-952C-6ABBA8C0278B"
  },
  {
    "keyframeTimestamp" : 235157.289003583,
    "transform" : [
      -0.1762796,
      -0.96513283,
      0.19350962,
      0,
      -0.69449395,
      -0.017369838,
      -0.7192889,
      0,
      0.69757044,
      -0.26118717,
      -0.667217,
      0,
      1.780456,
      0.028880738,
      2.2830951,
      1
    ],
    "uuid" : "98D9DFEE-8477-4D70-8475-E94EF7463D6B"
  },
  {
    "keyframeTimestamp" : 235322.511546875,
    "transform" : [
      0.15195619,
      -0.8461016,
      -0.51090264,
      0,
      -0.97595125,
      -0.04670474,
      -0.2129268,
      0,
      0.15629618,
      0.5309717,
      -0.83285123,
      0,
      0.42613408,
      -0.08701835,
      -3.6980813,
      1
    ],
    "uuid" : "15E4E23D-DC1B-42CD-B63D-541277252B3C"
  },
  {
    "keyframeTimestamp" : 235355.465868708,
    "transform" : [
      -0.001836069,
      -0.94621474,
      -0.3235338,
      0,
      -0.99726933,
      -0.022152977,
      0.070448674,
      0,
      -0.07382685,
      0.32277972,
      -0.9435906,
      0,
      -3.7759974,
      -0.029100347,
      2.5694523,
      1
    ],
    "uuid" : "C50C0BD2-0332-423C-B7D1-335F32ECAAFC"
  },
  {
    "keyframeTimestamp" : 235306.117661416,
    "transform" : [
      0.21029316,
      -0.977544,
      0.013571803,
      0,
      -0.12581994,
      -0.0132948775,
      0.9919641,
      0,
      -0.96950835,
      -0.21031088,
      -0.12579039,
      0,
      0.27667415,
      0.2816957,
      -3.8036704,
      1.0000001
    ],
    "uuid" : "9B1BE77A-80CD-42E5-BBDE-A9338441910C"
  },
  {
    "keyframeTimestamp" : 235135.097092375,
    "transform" : [
      0.23374209,
      -0.948396,
      0.21427126,
      0,
      -0.6927011,
      -0.007786463,
      0.72118264,
      0,
      -0.68229765,
      -0.3169963,
      -0.6587744,
      0,
      2.357288,
      0.23161262,
      1.3324912,
      1.0000001
    ],
    "uuid" : "163FD2AD-9108-4D17-AAA4-9ED182E82CC5"
  },
  {
    "keyframeTimestamp" : 235133.547656916,
    "transform" : [
      0.21415205,
      -0.9252827,
      0.31303662,
      0,
      -0.7753546,
      0.033894736,
      0.63061607,
      0,
      -0.59410816,
      -0.3777619,
      -0.71016306,
      0,
      2.3444457,
      0.20033588,
      1.3488255,
      0.99999994
    ],
    "uuid" : "205F4A32-F03C-4041-A684-3B4E3725BC0B"
  },
  {
    "keyframeTimestamp" : 235082.282968125,
    "transform" : [
      0.6571312,
      -0.6770274,
      -0.33137992,
      0,
      0.3733184,
      -0.089605816,
      0.9233657,
      0,
      -0.65483755,
      -0.73048264,
      0.19386405,
      0,
      0.060434923,
      0.36094096,
      -0.107164584,
      1.0000001
    ],
    "uuid" : "49BDED70-4416-40CE-A160-51BD7989AA9A"
  },
  {
    "keyframeTimestamp" : 235402.065036875,
    "transform" : [
      0.37015966,
      -0.9234443,
      -0.101154625,
      0,
      -0.4015435,
      -0.060857438,
      -0.913816,
      0,
      0.8377022,
      0.3788758,
      -0.39332998,
      0,
      -1.907241,
      -0.011945157,
      5.848855,
      1
    ],
    "uuid" : "76BFC95C-634E-4BFC-9CDF-FD4AD769EB15"
  },
  {
    "keyframeTimestamp" : 235230.962071916,
    "transform" : [
      0.2436869,
      -0.93806857,
      -0.24626033,
      0,
      0.7674726,
      0.03127488,
      0.6403186,
      0,
      -0.59296083,
      -0.34503523,
      0.72756326,
      0,
      0.41085815,
      0.25225925,
      4.7903614,
      1
    ],
    "uuid" : "932D7411-5738-4481-92A8-1EF94C8AFA3A"
  },
  {
    "keyframeTimestamp" : 235211.535849833,
    "transform" : [
      -0.080369286,
      -0.96664315,
      -0.243191,
      0,
      -0.89647794,
      -0.036558077,
      0.44157854,
      0,
      -0.4357394,
      0.25350466,
      -0.863636,
      0,
      0.77819115,
