[
  {
    "keyframeTimestamp" : 235102.425646375,
    "uuid" : "363151A5-35F7-42D1-9CB2-F8B46073994A",
    "transform" : [
      -0.005649256,
      -0.99077654,
      -0.13538308,
      0,
      -0.9548822,
      -0.034855463,
      0.2949287,
      0,
      -0.2969276,
      0.13094114,
      -0.9458791,
      0,
      0.039995093,
      0.0776949,
      1.5168912,
      1
    ]
  },
  {
    "keyframeTimestamp" : 235557.789715666,
    "uuid" : "5B0BBE4C-3154-4EC1-A20D-D550A0468258",
    "transform" : [
      -0.0963563,
      -0.9806475,
      -0.17042923,
      0,
      -0.7689699,
      -0.035375454,
      0.6383057,
      0,
      -0.63198185,
      0.1925597,
      -0.7506799,
      0,
      -1.3277949,
      2.7098942,
      -1.4786762,
      0.99999994
    ]
  },
  {
    "keyframeTimestamp" : 235467.423823041,
    "uuid" : "BFDFF171-E641-4DBA-AFF9-E88621860F95",
    "transform" : [
      -0.06119877,
      -0.9980321,
      0.013659393,
      0,
      0.96288735,
      -0.062636875,
      -0.26253697,
      0,
      0.26287588,
      -0.0029144841,
      0.96482563,
      0,
      -1.6626028,
      2.826268,
      4.0911126,
      1
    ]
  },
  {
    "keyframeTimestamp" : 235323.094662916,
    "uuid" : "1D039F7B-AA04-4E35-8511-399B237BA05C",
    "transform" : [
      0.076670334,
      -0.86570317,
      -0.49465063,
      0,
      -0.9968252,
      -0.0772619,
      -0.019288411,
      0,
      -0.02151961,
      0.49455875,
      -0.86887807,
      0,
      0.521487,
      -0.025117867,
      -3.6839676,
      1
    ]
  },
  {
    "keyframeTimestamp" : 235067.088486833,
    "uuid" : "642F997C-768B-4910-A303-830E416CE73E",
    "transform" : [
      0.055925816,
      -0.98004115,
      -0.1907669,
      0,
      -0.9930209,
      -0.03472844,
      -0.11270406,
      0,
      0.103829615,
      0.19573864,
      -0.9751441,
      0,
      0.08687991,
      0.17017081,
      -0.70453095,
      1
    ]
  },
  {
    "keyframeTimestamp" : 235387.487171041,
    "uuid" : "4E8AF29B-25FF-46C9-879C-552EABB7F24D",
    "transform" : [
      -0.2319843,
      -0.9618687,
      -0.14488277,
      0,
      -0.39129207,
      -0.044084962,
      0.91920924,
      0,
      -0.8905468,
      0.26993385,
      -0.366145,
      0,
      -1.7715348,
      0.0101850135,
      6.5696993,
      1
    ]
  },
  {
    "keyframeTimestamp" : 235565.23689975,
    "uuid" : "C84B7FEB-D4FD-4EE5-A54F-B17B53654173",
    "transform" : [
      -0.111815006,
      -0.89560467,
      -0.4305692,
      0,
      -0.9856631,
      0.044862315,
      0.16265215,
      0,
      -0.12635571,
      0.44258305,
      -0.88778085,
      0,
      -1.2333323,
      2.605426,
      -0.0006779838,
      0.99999994
    ]
  },
  {
    "keyframeTimestamp" : 235060.974040583,
    "uuid" : "7F0B3ED3-020D-40AE-8975-0513BA3AE31F",
    "transform" : [
      -0.5093686,
      -0.7617656,
      -0.4003214,
      0,
      -0.61771107,
      -0.00022614637,
      0.7864054,
      0,
      -0.5991471,
      0.64785296,
      -0.47043586,
      0,
      0.3571983,
      0.054881856,
      -0.77281034,
      1
    ]
  },
  {
    "keyframeTimestamp" : 235143.777263166,
    "uuid" : "E40B9386-E753-4DC6-B83D-F625A4D343CE",
    "transform" : [
      -0.03230098,
      -0.98816705,
      -0.14994188,
      0,
      -0.993175,
      0.014912305,
      0.115675986,
      0,
      -0.112071395,
      0.15265515,
      -0.98190606,
      0,
      1.8293351,
      -0.060657807,
      1.4702779,
      1
    ]
  },
  {
    "keyframeTimestamp" : 235388.020304458,
    "uuid" : "EDAAF0B1-A4D8-443E-9C02-FE999B0E48C4",
    "transform" : [
      -0.44847402,
      -0.87802786,
      -0.1671531,
      0,
      -0.37840068,
      0.017089548,
      0.92548543,
      0,
      -0.8097443,
      0.4783063,
      -0.33991006,
      0,
      -1.7703454,
      -0.08588377,
      6.57735,
      1
    ]
  },
  {
    "keyframeTimestamp" : 235383.9051825,
    "uuid" : "826175F0-9299-479C-B271-04F5A5E54991",
    "transform" : [
      0.012956364,
      -0.99680775,
      -0.07877587,
      0,
      -0.82146525,
      -0.055529576,
      0.56754833,
      0,
      -0.5701117,
      0.05735834,
      -0.8195634,
      0,
      -2.326186,
      0.04836796,
      5.6814337,
      1
    ]
  },
  {
    "keyframeTimestamp" : 235487.632871416,
    "uuid" : "E04631F4-4028-4CC6-9F56-BB674864073A",
    "transform" : [
      -0.0061008283,
      -0.91556937,
      0.4021139,
      0,
      0.9948925,
      -0.04607459,
      -0.089812405,
      0,
      0.10075674,
      0.39951205,
      0.9111742,
      0,
      -2.1197288,
      2.599321,
      1.2885522,
      0.99999994
    ]
  },
  {
    "keyframeTimestamp" : 235453.395766458,
    "uuid" : "C566C005-1FEF-4CE2-A201-79C7AB083EE8",
    "transform" : [
      0.4547935,
      -0.8884994,
      -0.06108987,
      0,
      -0.1837918,
      -0.026516553,
      -0.9826075,
      0,
      0.8714263,
      0.45811132,
      -0.17535844,
      0,
      -0.6119247,
      2.6899319,
      5.886171,
      0.9999999
    ]
  },
  {
    "keyframeTimestamp" : 235442.599826375,
    "uuid" : "B6B0B02A-DAB0-4295-9A07-29073952F0E1",
    "transform" : [
      -0.49105138,
      -0.8658749,
      -0.09554613,
      0,
      -0.17196864,
      -0.011169352,
      0.98503965,
      0,
      -0.85398805,
      0.5001357,
      -0.14341858,
      0,
      -0.58096516,
      2.6076257,
      5.738411,
      1
    ]
  },
  {
    "keyframeTimestamp" : 235247.639289125,
    "uuid" : "7C411BEF-BBBF-4740-9504-8A01ED0C2461",
    "transform" : [
      0.22584693,
      -0.96694803,
      0.11834639,
      0,
      0.39096633,
      -0.021303067,
      -0.9201591,
      0,
      0.8922671,
      0.25408447,
      0.37323287,
      0,
      -2.0781405,
      -0.024898551,
      1.9012513,
      1
    ]
  },
  {
    "keyframeTimestamp" : 235533.348950333,
    "uuid" : "ABB2F59E-DE72-44FB-A089-B5FF166EF293",
    "transform" : [
      0.18838465,
      -0.9815357,
      0.03313295,
      0,
      -0.3663328,
      -0.03892756,
      0.9296693,
      0,
      -0.91121405,
      -0.18727314,
      -0.3669022,
      0,
      -1.9399637,
      2.87104,
      -4.0585756,
      1
    ]
  },
  {
    "keyframeTimestamp" : 235509.3080255,
    "uuid" : "B1A4AB61-6F9F-471D-AD08-A3B4E25AED81",
    "transform" : [
      -0.4294097,
      -0.7451723,
      0.5102221,
      0,
      0.7961965,
      -0.04572538,
      0.60330844,
      0,
      -0.4262386,
      0.6653032,
      0.6129384,
      0,
      -0.81673896,
      2.5609062,
      -0.7287509,
      1
    ]
  },
  {
    "keyframeTimestamp" : 235276.861867416,
    "uuid" : "1574518E-BF8A-4D26-87E1-8252FF333DDA",
    "transform" : [
      -0.014171534,
      -0.9944679,
      0.104081355,
      0,
      0.9809504,
      -0.03399663,
      -0.19126374,
      0,
      0.19374388,
      0.099388026,
      0.97600454,
      0,
      -2.9046974,
      0.04356929,
      -1.2641352,
      1
    ]
  },
  {
    "keyframeTimestamp" : 235534.881705666,
    "uuid" : "AF7A434B-B3E8-4B03-8493-3438C1247A24",
    "transform" : [
      0.022817561,
      -0.9963979,
      -0.081668936,
      0,
      -0.30105826,
      -0.08474649,
      0.9498327,
      0,
      -0.95333296,
      0.0029142378,
      -0.30190763,
      0,
      -1.9536458,
      2.8170135,
      -3.7064385,
      1.0000001
    ]
  },
  {
    "keyframeTimestamp" : 235464.258347666,
    "uuid" : "55F49CD2-2BC9-431F-B2C7-536AAED2E28B",
    "transform" : [
      -0.18523306,
      -0.9570472,
      0.22304602,
      0,
      0.9041691,
      -0.07707651,
      0.42016488,
      0,
      -0.3849258,
      0.27949956,
      0.8796092,
      0,
      -1.4972105,
      2.7423947,
      4.88434,
      1.0000001
    ]
  },
  {
    "keyframeTimestamp" : 235469.856239833,
    "uuid" : "0B506C88-4EDC-4C6D-870B-0B30EA16564E",
    "transform" : [
      -0.14856233,
      -0.9817445,
      0.1187705,
      0,
      0.93060833,
      -0.09816616,
      0.3526065,
      0,
      -0.33451045,
      0.16291296,
      0.9282041,
      0,
      -1.7259337,
      2.8389513,
      3.4824183,
      1
    ]
  },
  {
    "keyframeTimestamp" : 235301.052887041,
    "uuid" : "197C5661-61A5-476F-9EDE-BF33E3389651",
    "transform" : [
      -0.55843335,
      -0.828901,
      0.03282611,
      0,
      0.06008048,
      -0.00094598264,
      0.9981938,
      0,
      -0.8273725,
      0.55939645,
      0.05032901,
      0,
      -0.6492835,
      -0.16843067,
      -3.791792,
      1
    ]
  },
  {
    "keyframeTimestamp" : 235512.640101583,
    "uuid" : "905DD8BD-88E3-437E-B87A-21D4BE65C8AD",
    "transform" : [
      0.004104243,
      -0.97645706,
      0.21567598,
      0,
      0.8140682,
      -0.121994585,
      -0.5678129,
      0,
      0.5807559,
      0.17790526,
      0.79440147,
      0,
      -1.5263237,
      2.7477045,
      -1.6267867,
      1
    ]
  },
  {
    "keyframeTimestamp" : 235531.6495915,
    "uuid" : "3C47E3E6-ACB7-49C3-B989-8A030546E583",
    "transform" : [
      0.19960059,
      -0.9774238,
      -0.06929432,
      0,
      0.24539056,
      -0.018603098,
      0.96924573,
      0,
      -0.9486528,
      -0.21046615,
      0.23613736,
      0,
      -1.9147412,
      2.8517716,
      -4.0621657,
      1
    ]
  },
  {
    "keyframeTimestamp" : 235432.137087541,
    "uuid" : "B39DBE40-D9D3-42C4-834C-CA14EF935267",
    "transform" : [
      0.029419107,
      -0.992964,
      -0.1147016,
      0,
      -0.9911358,
      -0.043851186,
      0.1254065,
      0,
      -0.12955399,
      0.10999553,
      -0.9854526,
      0,
      -0.9267527,
      1.0848315,
      4.17068,
      0.9999999
    ]
  },
  {
    "keyframeTimestamp" : 235493.730571791,
    "uuid" : "A07077CE-D2FA-415E-88F6-79F160C7B544",
    "transform" : [
      -0.29445446,
      -0.8170996,
      0.49562675,
      0,
      0.8654386,
      -0.00801248,
      0.50095206,
      0,
      -0.4053562,
      0.5764415,
      0.7095082,
      0,
      -2.1100407,
      2.5104616,
      -0.0047568083,
      1
    ]
  },
  {
    "keyframeTimestamp" : 235320.512292041,
    "uuid" : "D4F6511A-3795-4426-98FF-DAAC2B509E9D",
    "transform" : [
      0.7014822,
      -0.67508227,
      0.22844066,
      0,
      0.24104156,
      -0.07691081,
      -0.9674614,
      0,
      0.6706864,
      0.73372126,
      0.108771466,
      0,
      0.09873801,
      -0.2029261,
      -3.9446752,
      0.9999999
    ]
  },
  {
    "keyframeTimestamp" : 235483.900945,
    "uuid" : "B76D1D3A-8261-4911-BEC1-8E6C738C15E8",
    "transform" : [
      -0.25259325,
      -0.9476438,
      0.19536859,
      0,
      0.67993116,
      -0.030189024,
      0.7326544,
      0,
      -0.6883971,
      0.31790054,
      0.6519577,
      0,
      -1.8705964,
      2.61229,
      2.359202,
      1
    ]
  },
  {
    "keyframeTimestamp" : 235124.067775333,
    "uuid" : "7B65D920-E504-43FF-946E-58D68ABAFA17",
    "transform" : [
      -0.09097637,
      -0.986367,
      0.13713701,
      0,
      0.9608585,
      -0.050757207,
      0.2723567,
      0,
      -0.2616822,
      0.15654677,
      0.95237386,
      0,
      1.0554893,
      0.028331954,
      1.6391633,
      1
    ]
  },
  {
    "keyframeTimestamp" : 235525.835120875,
    "uuid" : "64A06DB7-652E-4034-88F7-7075111AD4E8",
    "transform" : [
      -0.15156129,
      -0.9248111,
      -0.34893227,
      0,
      -0.9110765,
      -0.006209752,
      0.41219118,
      0,
      -0.38336575,
      0.38037613,
      -0.84163237,
      0,
      -1.9197263,
      2.639177,
      -3.1574779,
      0.99999994
    ]
  },
  {
    "keyframeTimestamp" : 235125.667193458,
    "uuid" : "34A95960-F082-44DE-AD45-CBD98877CE64",
    "transform" : [
      0.13674723,
      -0.97674197,
      -0.16515301,
      0,
      0.73281723,
      -0.012433992,
      0.68031174,
      0,
      -0.6665425,
      -0.21405774,
      0.71407306,
      0,
      1.1127745,
      0.22086935,
      1.6820227,
      1
    ]
  },
  {
    "keyframeTimestamp" : 235375.241769625,
    "uuid" : "8A61355C-F8B7-4906-9221-30FD6AFF0BF3",
    "transform" : [
      0.13011917,
      -0.9774446,
      0.16634554,
      0,
      0.672535,
      -0.03626691,
      -0.7391761,
      0,
      0.72853667,
      0.20805417,
      0.6526469,
      0,
      -3.2755482,
      0.048762117,
      5.3661823,
      1
    ]
  },
  {
    "keyframeTimestamp" : 235181.446847,
    "uuid" : "9CEB14D3-210F-4B10-9366-C3F4D66CD1B1",
    "transform" : [
      0.017249044,
      -0.998822,
      -0.04535754,
      0,
      -0.8661902,
      -0.03758684,
      0.49829906,
      0,
      -0.4994168,
      0.030693064,
      -0.86581784,
      0,
      0.37424946,
      0.091014974,
      4.22154,
      0.99999994
    ]
  },
  {
    "keyframeTimestamp" : 235455.11178775,
    "uuid" : "42B6D6DF-118B-48F1-B4C3-6BB83C77C7CA",
    "transform" : [
      0.20964508,
      -0.95762,
      0.19751677,
      0,
      0.5157806,
      -0.063306056,
      -0.8543783,
      0,
      0.83067405,
      0.28099152,
      0.4806502,
      0,
      -1.1924237,
      2.7493055,
      5.7801905,
      0.99999994
    ]
  },
  {
    "keyframeTimestamp" : 235120.6856735,
    "uuid" : "0C998DF9-1624-44B1-B6FE-AC77EDBD1327",
    "transform" : [
      -0.4420196,
      -0.74909306,
      0.49343506,
      0,
      0.7474533,
      -0.003467422,
      0.66430545,
      0,
      -0.49591574,
      0.6624557,
      0.561445,
      0,
      0.75442636,
      -0.11534629,
      1.8619107,
      1
    ]
  },
  {
    "keyframeTimestamp" : 235192.159599958,
    "uuid" : "6D318FF5-39C5-4951-9D29-7089C36CCA9A",
    "transform" : [
      -0.678081,
      -0.7346308,
      0.022890203,
      0,
      0.0886652,
      -0.050844375,
      0.994763,
      0,
      -0.72961974,
      0.6765592,
      0.09961278,
      0,
      0.6661817,
      -0.215213,
      5.463319,
      1
    ]
  },
  {
    "keyframeTimestamp" : 235478.119791333,
    "uuid" : "400D401D-8451-44E6-BA30-43AF2FD53799",
    "transform" : [
      -0.15601926,
      -0.8359051,
      -0.5262326,
      0,
      -0.9285146,
      -0.05760917,
      0.36679968,
      0,
      -0.33692545,
      0.5458422,
      -0.7671616,
      0,
      -2.0924296,
      2.5201359,
      3.1445925,
      1
    ]
  },
  {
    "keyframeTimestamp" : 235296.821134125,
    "uuid" : "6D35A48F-687B-48E5-BA43-95B9C76CF0F8",
    "transform" : [
      0.12519303,
      -0.9112249,
      0.3924202,
      0,
      -0.9691328,
      -0.027645338,
      0.24498618,
      0,
      -0.21238898,
      -0.41097787,
      -0.88655925,
      0,
      -1.5361257,
      0.23336379,
      -3.908583,
      1
    ]
  },
  {
    "keyframeTimestamp" : 235159.638146583,
    "uuid" : "F100E024-2E2A-465D-8792-700F93FEF9B7",
    "transform" : [
      0.09919646,
      -0.99057245,
      0.09447483,
      0,
      -0.47823468,
      -0.1307181,
      -0.8684496,
      0,
      0.8726122,
      0.040965963,
      -0.486693,
      0,
      1.7508991,
      0.089201145,
      2.1477146,
      0.9999999
    ]
  },
  {
    "keyframeTimestamp" : 235493.430684875,
    "uuid" : "2673D265-5E9E-4684-8E9B-75EFAD9C5065",
    "transform" : [
      -0.13138719,
      -0.87577695,
      0.46449226,
      0,
      0.95125484,
      0.020499403,
      0.3077244,
      0,
      -0.27901962,
      0.4822812,
      0.8303933,
      0,
      -2.1633306,
      2.536883,
      0.058561344,
      1
    ]
  },
  {
    "keyframeTimestamp" : 235472.28865675,
    "uuid" : "56F46B44-B5F6-4E29-85F3-FD22F1E623A5",
    "transform" : [
      -0.21838224,
      -0.7106775,
      0.6687651,
      0,
      0.9704246,
      -0.08590126,
      0.22560298,
      0,
      -0.1028832,
      0.6982539,
      0.70841855,
      0,
      -1.9608891,
      2.60297,
      3.3792105,
      1
    ]
  },
  {
    "keyframeTimestamp" : 235419.075324208,
    "uuid" : "1842C4D0-8911-4CE1-AF04-EAC58C1D3702",
    "transform" : [
      -0.23261495,
      -0.9703741,
      -0.0653036,
      0,
      0.07574969,
      -0.08501811,
      0.9934964,
      0,
      -0.96961516,
      0.22615531,
      0.09328199,
      0,
      -2.3906763,
      0.013611609,
      2.1245117,
      1.0000001
    ]
  },
  {
    "keyframeTimestamp" : 235530.616648208,
    "uuid" : "FF7FB5F6-0FB3-4665-B0B3-188EC03355A1",
    "transform" : [
      -0.04341717,
      -0.9983728,
      -0.036962893,
      0,
      0.48035803,
      -0.05330173,
      0.8754517,
      0,
      -0.8759978,
      0.020254215,
      0.4818908,
      0,
      -2.016039,
      2.7679322,
      -3.9802783,
      0.99999994
    ]
  },
  {
    "keyframeTimestamp" : 235440.633897416,
    "uuid" : "165F9FD8-1EEF-4D44-873B-16E5605FE7AC",
    "transform" : [
      -0.15301418,
      -0.979739,
      -0.12922111,
      0,
      -0.5846727,
      -0.015667813,
      0.8111181,
      0,
      -0.79670906,
      0.19966467,
      -0.57042944,
      0,
      -0.6818296,
      2.421832,
      5.4702473,
      1
    ]
  },
  {
    "keyframeTimestamp" : 235304.218371041,
    "uuid" : "39D508A7-E494-409E-9357-9817E7709EE6",
    "transform" : [
      0.029580167,
      -0.9875698,
      -0.15437633,
      0,
      0.8125432,
      -0.06619181,
      0.57913154,
      0,
      -0.5821509,
      -0.14256814,
      0.8004846,
      0,
      -0.006799215,
      0.15361546,
      -3.9390564,
      1.0000001
    ]
  },
  {
    "keyframeTimestamp" : 235425.123053416,
    "uuid" : "14B81D85-627A-431D-9CBB-FDF5A469995C",
    "transform" : [
      -0.009178483,
      -0.995573,
      -0.09354185,
      0,
      -0.99013186,
      -0.004033403,
      0.14008123,
      0,
      -0.13983838,
      0.09390448,
      -0.98571163,
      0,
      -0.9722597,
      0.077072516,
      2.924486,
      1
    ]
  },
  {
    "keyframeTimestamp" : 235508.391704458,
    "uuid" : "2376980B-4105-459D-A7DC-81D0B2066747",
    "transform" : [
      -0.7273059,
      -0.46364555,
      0.5060245,
      0,
      0.5570655,
      0.031858917,
      0.82985765,
      0,
      -0.40088096,
      0.8854484,
      0.23510967,
      0,
      -0.59054023,
      2.4800458,
      -0.7131939,
      0.99999994
    ]
  },
  {
    "keyframeTimestamp" : 235241.158334166,
    "uuid" : "39663A86-5A89-4481-80BD-6BFC5D4E6CEE",
    "transform" : [
      0.31126451,
      -0.9051059,
      0.28965154,
      0,
      0.63785326,
      -0.026957523,
      -0.76968545,
      0,
      0.7044552,
      0.42433098,
      0.5689339,
      0,
      -0.04843533,
      -0.11141825,
      2.1789021,
      0.9999999
    ]
  },
  {
    "keyframeTimestamp" : 235506.542402375,
    "uuid" : "1CF4D874-8BD4-43A9-AC24-E4EC36823A17",
    "transform" : [
      -0.5177357,
      -0.8063535,
      0.28590715,
      0,
      0.494209,
      -0.009092717,
      0.86929524,
      0,
      -0.69836015,
      0.5913635,
      0.40321502,
      0,
      -1.0656716,
      2.5682287,
      -0.29358602,
      1
    ]
  },
  {
    "keyframeTimestamp" : 235369.277346458,
    "uuid" : "252B6BA4-E0F8-4FAB-9701-4A37840787BE",
    "transform" : [
      -0.11335524,
      -0.99354845,
      0.0037271054,
      0,
      0.56560653,
      -0.06144577,
      0.82238317,
      0,
      -0.8168483,
      0.09532947,
      0.5689226,
      0,
      -3.0941868,
      0.07091931,
      5.4331174,
      1
    ]
  },
  {
    "keyframeTimestamp" : 235296.721171416,
    "uuid" : "E0A94B48-A013-4713-8203-A792D070659E",
    "transform" : [
      0.14775914,
      -0.91143245,
      0.38400406,
      0,
      -0.95240414,
      -0.026450876,
      0.30369002,
      0,
      -0.26663566,
      -0.41059983,
      -0.87196004,
      0,
      -1.5331157,
      0.23081496,
      -3.9203541,
      0.99999994
    ]
  },
  {
    "keyframeTimestamp" : 235113.904806583,
    "uuid" : "FDCAD937-BC4C-43E7-A22B-9975FB4C999B",
    "transform" : [
      -0.07498731,
      -0.9017469,
      -0.42571387,
      0,
      0.99202055,
      -0.110850595,
      0.060064387,
      0,
      -0.10135355,
      -0.41781297,
      0.9028642,
      0,
      0.16088895,
      0.29409745,
      2.0898066,
      1
    ]
  },
  {
    "keyframeTimestamp" : 235303.7851995,
    "uuid" : "18C7B2A0-AB8D-4D9F-803E-135124925F64",
    "transform" : [
      -0.08640548,
      -0.9962086,
      -0.010033761,
      0,
      0.7889715,
      -0.07457364,
      0.60988885,
      0,
      -0.6083245,
      0.044781353,
      0.7924235,
      0,
      -0.11382224,
      0.076606624,
      -3.9696743,
      1
    ]
  },
  {
    "keyframeTimestamp" : 235434.869394875,
    "uuid" : "AF65D7C0-9C5D-4365-A181-6B8E99F51321",
    "transform" : [
      0.11123992,
      -0.91027164,
      0.39878753,
      0,
      -0.9801572,
      -0.034245268,
      0.19524206,
      0,
      -0.1640667,
      -0.41259313,
      -0.89601886,
      0,
      -0.86244416,
      1.6638625,
      4.540306,
      0.99999994
    ]
  },
  {
    "keyframeTimestamp" : 235233.927651708,
    "uuid" : "4D3D8E49-0FDB-44E7-836F-FD3F75D4AD6A",
    "transform" : [
      0.09112265,
      -0.9917689,
      -0.08996412,
      0,
      0.09200513,
      -0.0815692,
      0.992413,
      0,
      -0.99158245,
      -0.098708436,
      0.083814986,
      0,
      0.7192869,
      0.19514313,
      4.116634,
      1
    ]
  },
  {
    "keyframeTimestamp" : 235079.350700041,
    "uuid" : "2F349F90-4C87-4EA4-B439-1FFBCC1F9C72",
    "transform" : [
      0.24472195,
      -0.91008556,
      -0.334449,
      0,
      0.74895257,
      -0.041634206,
      0.66131425,
      0,
      -0.6157763,
      -0.41232413,
      0.67142147,
      0,
      0.35137334,
      0.34221494,
      -0.055348117,
      0.99999994
    ]
  },
  {
    "keyframeTimestamp" : 235397.833290333,
    "uuid" : "57675492-F3FD-4BD9-BCEA-32EEED1DCD76",
    "transform" : [
      -0.20555985,
      -0.94857824,
      0.24071793,
      0,
      -0.8267417,
      0.03669667,
      -0.5613843,
      0,
      0.5236832,
      -0.31440958,
      -0.7917725,
      0,
      -1.6586419,
      0.26841956,
      6.289821,
      0.99999994
    ]
  },
  {
    "keyframeTimestamp" : 235363.013034708,
    "uuid" : "F9810EEC-B228-45FE-BC84-ED3E7BD5D5F4",
    "transform" : [
      0.038145483,
      -0.9924403,
      -0.11665255,
      0,
      -0.9992425,
      -0.038785215,
      0.003218396,
      0,
      -0.007718471,
      0.116441354,
      -0.99316776,
      0,
      -3.7852259,
      0.039787643,
      4.552977,
      0.99999994
    ]
  },
  {
    "keyframeTimestamp" : 235241.641490291,
    "uuid" : "6A8E6ADD-6658-4C73-8968-1F5697750B68",
    "transform" : [
      0.3789636,
      -0.90181744,
      0.20763497,
      0,
      0.41984174,
      -0.03240579,
      -0.9070188,
      0,
      0.824694,
      0.4309008,
      0.36634004,
      0,
      -0.1835121,
      -0.11475662,
      2.0623248,
      0.99999994
    ]
  },
  {
    "keyframeTimestamp" : 235108.023611166,
    "uuid" : "62649C60-B35F-4310-AFEC-9C42853C6B5F",
    "transform" : [
      -0.41092822,
      -0.8024193,
      -0.43273735,
      0,
      -0.79108846,
      0.07792811,
      0.6067182,
      0,
      -0.4531199,
      0.5916508,
      -0.66680735,
      0,
      0.17627706,
      -0.058852807,
      1.6228629,
      1.0000001
    ]
  },
  {
    "keyframeTimestamp" : 235457.46090475,
    "uuid" : "D3968D47-B5E5-4F4E-B871-38BCD89AE70B",
    "transform" : [
      -0.0016500681,
      -0.9852334,
      -0.17120759,
      0,
      0.99699533,
      -0.0148798395,
      0.07601888,
      0,
      -0.07744389,
      -0.1705678,
      0.982298,
      0,
      -1.5177484,
      2.9044526,
      5.671741,
      0.9999999
    ]
  },
  {
    "keyframeTimestamp" : 235189.493907041,
    "uuid" : "D0BDAB73-A70F-4560-A539-2D1B2AAE389B",
    "transform" : [
      -0.18466689,
      -0.9574379,
      0.2218338,
      0,
      0.8816523,
      -0.061649773,
      0.46785548,
      0,
      -0.4342668,
      0.28197774,
      0.85551244,
      0,
      0.69150895,
      0.022775728,
      5.359236,
      1
    ]
  },
  {
    "keyframeTimestamp" : 235494.396987208,
    "uuid" : "60E91B02-4B88-4CB1-B9D5-984712DF6033",
    "transform" : [
      -0.50243324,
      -0.7326755,
      0.45907283,
      0,
      0.6338321,
      0.04900934,
      0.77191734,
      0,
      -0.5880638,
      0.67881197,
      0.4397693,
      0,
      -2.0072799,
      2.4507759,
      -0.021523394,
      1.0000001
    ]
  },
  {
    "keyframeTimestamp" : 235198.340674041,
    "uuid" : "2D1AF276-7BEE-4A8A-B9D5-B5138E347D37",
    "transform" : [
      0.08810219,
      -0.9790272,
      0.1836964,
      0,
      -0.9452794,
      -0.02401417,
      0.32537726,
      0,
      -0.3141422,
      -0.20231108,
      -0.9275708,
      0,
      0.6945019,
      0.12751763,
      6.037258,
      1
    ]
  },
  {
    "keyframeTimestamp" : 235565.736710875,
    "uuid" : "69780835-2F5F-4D23-859D-907902381638",
    "transform" : [
      -0.13216166,
      -0.89475965,
      -0.42654288,
      0,
      -0.9669402,
      0.021700935,
      0.25407836,
      0,
      -0.21808267,
      0.44602072,
      -0.86804706,
      0,
      -1.1520213,
      2.6189759,
      0.06019014,
      1.0000001
    ]
  },
  {
    "keyframeTimestamp" : 235220.83244775,
    "uuid" : "E07794DC-1B85-4873-A81D-ED225BA44593",
    "transform" : [
      0.22083054,
      -0.84732544,
      -0.48298174,
      0,
      -0.9241656,
      -0.023531042,
      -0.38126814,
      0,
      0.31169325,
      0.5305508,
      -0.78826576,
      0,
      0.7892575,
      0.10235267,
      6.747598,
      1
    ]
  },
  {
    "keyframeTimestamp" : 235172.400156333,
    "uuid" : "F880447B-E731-4858-AD09-B33390974EF2",
    "transform" : [
      0.22940166,
      -0.9612137,
      -0.15310635,
      0,
      -0.7092883,
      -0.057367437,
      -0.7025806,
      0,
      0.6665471,
      0.2697698,
      -0.69493824,
      0,
      0.6960287,
      -0.060253672,
      1.8712467,
      1
    ]
  },
  {
    "keyframeTimestamp" : 235450.280272416,
    "uuid" : "16BFA9CD-3425-4F62-AEB0-411712778F27",
    "transform" : [
      0.16995715,
      -0.9082167,
      0.38243568,
      0,
      0.8091074,
      -0.09293022,
      -0.5802658,
      0,
      0.5625473,
      0.4080521,
      0.719051,
      0,
      -0.5384907,
      2.7389963,
      5.6685185,
      0.99999994
    ]
  },
  {
    "keyframeTimestamp" : 235559.272487833,
    "uuid" : "BCE5F233-FD4A-4355-8714-C033D0893F97",
    "transform" : [
      -0.09476801,
      -0.95587116,
      -0.27808133,
      0,
      -0.92372096,
      -0.019713176,
      0.38255873,
      0,
      -0.37115875,
      0.29312384,
      -0.88109016,
      0,
      -1.2822114,
      2.667132,
      -1.0199519,
      1
    ]
  },
  {
    "keyframeTimestamp" : 235144.277081125,
    "uuid" : "95186CEC-E01D-4FF6-8F4B-FD497D48DCBD",
    "transform" : [
      0.002546022,
      -0.9926956,
      0.12061899,
      0,
      -0.99713576,
      0.006597509,
      0.075345084,
      0,
      -0.07559054,
      -0.12046531,
      -0.9898356,
      0,
      1.815408,
      0.04096696,
      1.4930099,
      1
    ]
  },
  {
    "keyframeTimestamp" : 235553.874530958,
    "uuid" : "8C1848C5-C650-41F0-994E-BDA310A90053",
    "transform" : [
      -0.025873298,
      -0.96924216,
      -0.24474493,
      0,
      -0.94760513,
      -0.054198097,
      0.31481257,
      0,
      -0.3183944,
      0.24006677,
      -0.9170566,
      0,
      -1.8287147,
      2.6686952,
      -2.8187222,
      1
    ]
  },
  {
    "keyframeTimestamp" : 235548.243325208,
    "uuid" : "2EE18570-0D4A-464D-B82F-DD9B0E92DBE4",
    "transform" : [
      -0.2561085,
      -0.9607514,
      -0.106605016,
      0,
      -0.43790078,
      0.016993873,
      0.89886236,
      0,
      -0.86177224,
      0.2768888,
      -0.42506626,
      0,
      -0.92232263,
      2.6608088,
      -3.1738513,
      1
    ]
  },
  {
    "keyframeTimestamp" : 235097.460784833,
    "uuid" : "F41C1B47-9BAF-470C-B7E8-2535D45BEA48",
    "transform" : [
      -0.120211266,
      -0.8622278,
      -0.49204996,
      0,
      -0.971934,
      0.0012518851,
      0.2352566,
      0,
      -0.20222877,
      0.50652045,
      -0.8381789,
      0,
      -0.114025354,
      -0.023557018,
      0.44082773,
      1
    ]
  },
  {
    "keyframeTimestamp" : 235239.825489625,
    "uuid" : "6165A70A-D790-473E-85F7-41F16A818F8B",
    "transform" : [
      0.030990405,
      -0.8875646,
      0.45963976,
      0,
      0.9915382,
      -0.030697063,
      -0.12612878,
      0,
      0.12605712,
      0.45965943,
      0.8791036,
      0,
      0.31111482,
      -0.10632126,
      2.5412734,
      0.9999999
    ]
  },
  {
    "keyframeTimestamp" : 235245.340132916,
    "uuid" : "DB2AB72F-C2BA-470B-9478-80FE8B5E600E",
    "transform" : [
      -0.108129285,
      -0.9840668,
      0.14114045,
      0,
      -0.4111909,
      -0.084988445,
      -0.907579,
      0,
      0.90511376,
      -0.15617155,
      -0.39544955,
      0,
      -1.3652196,
      0.116273805,
      1.9898874,
      1
    ]
  },
  {
    "keyframeTimestamp" : 235489.049003916,
    "uuid" : "9D3633E8-A099-4CD8-9C69-BFE2C26D2836",
    "transform" : [
      -0.09168713,
      -0.97478944,
      0.20341858,
      0,
      0.98510796,
      -0.058952235,
      0.1615176,
      0,
      -0.14545362,
      0.21519816,
      0.9656774,
      0,
      -2.179959,
      2.6545331,
      1.0018859,
      1
    ]
  },
  {
    "keyframeTimestamp" : 235485.85021025,
    "uuid" : "73AF26D7-B15F-4CF5-939A-2E8163211E87",
    "transform" : [
      -0.058412407,
      -0.9952099,
      0.07838636,
      0,
      0.99824333,
      -0.057450265,
      0.014476044,
      0,
      -0.009903372,
      0.07909425,
      0.9968177,
      0,
      -2.0265667,
      2.67669,
      1.7928258,
      0.99999994
    ]
  },
  {
    "keyframeTimestamp" : 235447.8811755,
    "uuid" : "63D12906-FE8D-4E58-96CA-CCA17AA8410F",
    "transform" : [
      0.006455205,
      -0.8985436,
      0.43883696,
      0,
      0.9880936,
      -0.061730005,
      -0.14093037,
      0,
      0.1537215,
      0.43452165,
      0.8874467,
      0,
      -0.62723243,
      2.7621455,
      5.455216,
      1
    ]
  },
  {
    "keyframeTimestamp" : 235050.277922833,
    "uuid" : "2E256CE9-8F3C-40DA-87C3-60394302FA4D",
    "transform" : [
      -0.051088355,
      -0.9869656,
      0.1526016,
      0,
      0.9982833,
      -0.054849267,
      -0.020535128,
      0,
      0.0286376,
      0.15129067,
      0.98807466,
      0,
      0.025217688,
      0.13059516,
      0.0468675,
      0.99999994
    ]
  },
  {
    "keyframeTimestamp" : 235481.851717291,
    "uuid" : "BF17E0C7-3DE1-4E67-B058-89B50281CA80",
    "transform" : [
      -0.16336429,
      -0.98332053,
      -0.07995213,
      0,
      -0.14076698,
      -0.056978874,
      0.9884019,
      0,
      -0.9764721,
      0.17272429,
      -0.12911089,
      0,
      -1.9212879,
      2.6612823,
      2.9730127,
      1
    ]
  },
  {
    "keyframeTimestamp" : 235109.922920625,
    "uuid" : "5C183D53-A2F7-40EE-B997-369A8B72F58C",
    "transform" : [
      -0.5141557,
      -0.84855217,
      0.12490209,
      0,
      0.11911037,
      0.07357311,
      0.99015075,
      0,
      -0.84938586,
      0.5239697,
      0.06324344,
      0,
      0.3346667,
      -0.035083566,
      1.8253636,
      0.9999999
    ]
  },
  {
    "keyframeTimestamp" : 235314.581169125,
    "uuid" : "EAC509E4-E888-4A6A-BA98-27EA3011C315",
    "transform" : [
      -0.030167487,
      -0.9700405,
      0.24106051,
      0,
      0.99835354,
      -0.041012015,
      -0.04009578,
      0,
      0.04878098,
      0.23945427,
      0.96968186,
      0,
      0.7323741,
      -0.015339179,
      -4.0183516,
      1
    ]
  },
  {
    "keyframeTimestamp" : 235471.722203541,
    "uuid" : "6C1565B6-87E7-4823-A1DF-6CB43DE9394C",
    "transform" : [
      -0.3928641,
      -0.8029012,
      0.44833857,
      0,
      0.82419306,
      -0.09118303,
      0.5589191,
      0,
      -0.40787625,
      0.589097,
      0.6975687,
      0,
      -1.8854741,
      2.6640754,
      3.4909427,
      1
    ]
  },
  {
    "keyframeTimestamp" : 235528.2675355,
    "uuid" : "2D213CE3-1ABA-4232-B3BA-7E7D46D051C5",
    "transform" : [
      -0.60726327,
      -0.7813371,
      -0.14402704,
      0,
      -0.18188702,
      -0.039746787,
      0.9825167,
      0,
      -0.7734006,
      0.62284225,
      -0.11797822,
      0,
      -2.1094284,
      2.5427978,
      -3.741047,
      1
    ]
  },
  {
    "keyframeTimestamp" : 235081.566561666,
    "uuid" : "643B9392-B076-4F29-8DBB-51790ADFA98C",
    "transform" : [
      0.5565623,
      -0.8163523,
      -0.15429695,
      0,
      0.14061612,
      -0.0904796,
      0.98592275,
      0,
      -0.8188209,
      -0.5704239,
      0.06443472,
      0,
      0.09977071,
      0.35562792,
      -0.11611785,
      1
    ]
  },
  {
    "keyframeTimestamp" : 235198.540600875,
    "uuid" : "FB5EEFF8-908D-4FD8-9234-C4DF046016ED",
    "transform" : [
      0.11222579,
      -0.9606451,
      0.2540989,
      0,
      -0.9438834,
      -0.02311909,
      0.32947338,
      0,
      -0.310632,
      -0.27681464,
      -0.9093302,
      0,
      0.6924384,
      0.16349822,
      6.065901,
      1.0000001
    ]
  },
  {
    "keyframeTimestamp" : 235555.157379291,
    "uuid" : "3D2C3657-295C-4C5B-92ED-6335232BDD40",
    "transform" : [
      0.05185626,
      -0.99811894,
      -0.03270367,
      0,
      -0.96416545,
      -0.058570437,
      0.25875562,
      0,
      -0.26018435,
      0.018113645,
      -0.96538913,
      0,
      -1.6526016,
      2.7480142,
      -2.3827295,
      1
    ]
  },
  {
    "keyframeTimestamp" : 235423.073822541,
    "uuid" : "ECFE5352-785B-4577-8D77-64F9E2A8D15B",
    "transform" : [
      -0.045107733,
      -0.93657,
      -0.3475653,
      0,
      -0.96176827,
      -0.053362966,
      0.26861525,
      0,
      -0.2701243,
      0.34639403,
      -0.89835685,
      0,
      -1.2193651,
      -0.004290671,
      2.3671906,
      1
    ]
  },
  {
    "keyframeTimestamp" : 235568.035840625,
    "uuid" : "9552AB2F-7CDE-4B53-B5D9-D30F1CC73E12",
    "transform" : [
      -0.088652715,
      -0.92188734,
      -0.37717965,
      0,
      -0.9291143,
      -0.059947643,
      0.36490163,
      0,
      -0.35900933,
      0.3827924,
      -0.8512243,
      0,
      -0.6914302,
      2.6863084,
      0.3986,
      0.99999994
    ]
  },
  {
    "keyframeTimestamp" : 235086.364818208,
    "uuid" : "F7F09B1D-A3BC-40F6-99B5-48E8598BCD44",
    "transform" : [
      0.5429839,
      -0.83960885,
      -0.0150164645,
      0,
      -0.02386762,
      -0.033305485,
      0.9991595,
      0,
      -0.839404,
      -0.5421695,
      -0.03812385,
      0,
      0.09228818,
      0.33238626,
      -0.15206788,
      1
    ]
  },
  {
    "keyframeTimestamp" : 235083.582495875,
    "uuid" : "FA9DEB87-245C-4CCD-ADFD-382581A0EDA6",
    "transform" : [
      0.45092937,
      -0.8017844,
      -0.39217943,
      0,
      0.63075805,
      -0.024623454,
      0.775589,
      0,
      -0.6315117,
      -0.5971059,
      0.49462843,
      0,
      0.12004119,
      0.34959283,
      -0.1935156,
      1
    ]
  },
  {
    "keyframeTimestamp" : 235476.103885041,
    "uuid" : "4037454E-6E89-4F0C-A7EF-FDF9B9FA5425",
    "transform" : [
      -0.5547493,
      -0.83104175,
      0.0402727,
      0,
      0.3137486,
      -0.1641171,
      0.93521494,
      0,
      -0.77059394,
      0.53144574,
      0.35178232,
      0,
      -1.9990648,
      2.585816,
      3.015346,
      0.9999999
    ]
  },
  {
    "keyframeTimestamp" : 235374.625334791,
    "uuid" : "850453B7-DF21-4A0A-B59D-D9E1945B75B2",
    "transform" : [
      0.23657945,
      -0.9136166,
      0.33065885,
      0,
      0.7708399,
      -0.030680113,
      -0.6362892,
      0,
      0.59146935,
      0.4054181,
      0.696994,
      0,
      -3.2308476,
      -0.027219858,
      5.352836,
      1
    ]
  },
  {
    "keyframeTimestamp" : 235399.682596833,
    "uuid" : "EFB2E05E-B4FD-41EB-8526-9E98D773E798",
    "transform" : [
      0.32549137,
      -0.89476395,
      -0.3057016,
      0,
      -0.75707215,
      -0.05292156,
      -0.6511842,
      0,
      0.5664784,
      0.4433934,
      -0.694627,
      0,
      -1.712759,
      -0.033457406,
      6.1401362,
      0.9999999
    ]
  },
  {
    "keyframeTimestamp" : 235158.755135458,
    "uuid" : "BEDB33E7-E928-43BA-B1CD-0D4544122746",
    "transform" : [
      -0.46296877,
      -0.8552904,
      0.23267932,
      0,
      -0.17737009,
      -0.16780278,
      -0.9697338,
      0,
      0.8684467,
      -0.4902258,
      -0.074015364,
      0,
      1.7469939,
      0.14436412,
      2.2546628,
      0.9999999
    ]
  },
  {
    "keyframeTimestamp" : 235545.061196,
    "uuid" : "6246893B-78DF-4982-9A2B-B88C2705882B",
    "transform" : [
      -0.16169624,
      -0.9255262,
      -0.34242705,
      0,
      -0.82780784,
      -0.06168132,
      0.55761105,
      0,
      -0.53720474,
      0.3736272,
      -0.7561839,
      0,
      -0.8315769,
      2.6341982,
      -3.0671399,
      0.99999994
    ]
  },
  {
    "keyframeTimestamp" : 235540.662857958,
    "uuid" : "CF310AB2-EB71-4ED8-86E7-9CB137129E2F",
    "transform" : [
      0.11246082,
      -0.95386755,
      0.27836946,
      0,
      -0.8664176,
      0.043025363,
      0.49746323,
      0,
      -0.48649094,
      -0.29712918,
      -0.82160884,
      0,
      -1.0453205,
      2.8039408,
      -3.2825937,
      1
    ]
  },
  {
    "keyframeTimestamp" : 235379.023682375,
    "uuid" : "0A11452F-9611-4AC1-A1F3-F9A6F641082C",
    "transform" : [
      -0.06798756,
      -0.8060466,
      0.58793473,
      0,
      0.9952842,
      -0.013927013,
      0.09599901,
      0,
      -0.06919145,
      0.5916887,
      0.80319214,
      0,
      -3.2652042,
      -0.1834978,
      4.9872985,
      0.99999994
    ]
  },
  {
    "keyframeTimestamp" : 235469.539692541,
    "uuid" : "1FBEC88D-70B0-4478-8AA9-D233E47FD477",
    "transform" : [
      -0.07582188,
      -0.99689126,
      -0.021412391,
      0,
      0.9533293,
      -0.0787693,
      0.29147667,
      0,
      -0.29225725,
      0.0016872479,
      0.9563384,
      0,
      -1.7295148,
      2.8708913,
      3.5180724,
      1
    ]
  },
  {
    "keyframeTimestamp" : 235201.656128666,
    "uuid" : "CAF63A31-82A6-4C7C-91C8-163573EA2F38",
    "transform" : [
      0.10007918,
      -0.95010406,
      -0.29544544,
      0,
      -0.98805875,
      -0.059938204,
      -0.14194356,
      0,
      0.117152624,
      0.3061228,
      -0.9447568,
      0,
      0.85600126,
      0.1290352,
      6.481152,
      0.99999994
    ]
  },
  {
    "keyframeTimestamp" : 235128.116302041,
    "uuid" : "F49B7E7A-A509-48C1-920B-98A316C4D771",
    "transform" : [
      -0.50246096,
      -0.84767085,
      -0.17025784,
      0,
      -0.083136775,
      -0.14863984,
      0.9853921,
      0,
      -0.86059386,
      0.50927484,
      0.0042131003,
      0,
      1.5429693,
      -0.003961727,
      1.5464393,
      1
    ]
  },
  {
    "keyframeTimestamp" : 235346.752478333,
    "uuid" : "B7547EA3-0848-4A2F-8753-90A3BE755030",
    "transform" : [
      0.13433303,
      -0.9827687,
      0.12696628,
      0,
      -0.953665,
      -0.16302483,
      -0.25287873,
      0,
      0.26921993,
      -0.087113276,
      -0.9591316,
      0,
      -3.229357,
      0.11068164,
      -0.7624978,
      1
    ]
  },
  {
    "keyframeTimestamp" : 235170.334243666,
    "uuid" : "7F891BA5-F23C-4175-AB5B-B30A616FCFD7",
    "transform" : [
      0.37970063,
      -0.91836613,
      -0.11149384,
      0,
      -0.2889155,
      -0.0032261899,
      -0.9573495,
      0,
      0.8788376,
      0.3957184,
      -0.26655516,
      0,
      1.4054233,
      -0.11570948,
      1.5249724,
      1
    ]
  },
  {
