[
  {
    "keyframeTimestamp" : 235102.425646375,
    "uuid" : "363151A5-35F7-42D1-9CB2-F8B46073994A",
    "transform" : [
      -0.0056492565,
      -0.9907766,
      -0.1353831,
      0,
      -0.95488226,
      -0.034855466,
      0.2949287,
      0,
      -0.2969276,
      0.13094114,
      -0.9458791,
      0,
      0.039995093,
      0.0776949,
      1.5168912,
      1
    ]
  },
  {
    "keyframeTimestamp" : 235557.789715666,
    "uuid" : "5B0BBE4C-3154-4EC1-A20D-D550A0468258",
    "transform" : [
      -0.09636488,
      -0.98064625,
      -0.17043152,
      0,
      -0.7689749,
      -0.035368763,
      0.6383,
      0,
      -0.6319743,
      0.19256721,
      -0.7506842,
      0,
      -1.327805,
      2.7098863,
      -1.478671,
      1
    ]
  },
  {
    "keyframeTimestamp" : 235467.423823041,
    "uuid" : "BFDFF171-E641-4DBA-AFF9-E88621860F95",
    "transform" : [
      -0.06119877,
      -0.9980321,
      0.013659393,
      0,
      0.9628872,
      -0.06263687,
      -0.26253697,
      0,
      0.26287585,
      -0.0029144846,
      0.9648255,
      0,
      -1.6626027,
      2.826268,
      4.0911126,
      1
    ]
  },
  {
    "keyframeTimestamp" : 235323.094662916,
    "uuid" : "1D039F7B-AA04-4E35-8511-399B237BA05C",
    "transform" : [
      0.07667034,
      -0.8657032,
      -0.49465066,
      0,
      -0.9968251,
      -0.07726189,
      -0.019288406,
      0,
      -0.02151961,
      0.49455875,
      -0.86887807,
      0,
      0.521487,
      -0.025117867,
      -3.6839676,
      1
    ]
  },
  {
    "keyframeTimestamp" : 235067.088486833,
    "uuid" : "642F997C-768B-4910-A303-830E416CE73E",
    "transform" : [
      0.055925816,
      -0.98004115,
      -0.1907669,
      0,
      -0.99302095,
      -0.03472844,
      -0.112704076,
      0,
      0.103829615,
      0.19573864,
      -0.9751441,
      0,
      0.08687991,
      0.17017081,
      -0.70453095,
      1
    ]
  },
  {
    "keyframeTimestamp" : 235387.487171041,
    "uuid" : "4E8AF29B-25FF-46C9-879C-552EABB7F24D",
    "transform" : [
      -0.23198432,
      -0.96186876,
      -0.14488278,
      0,
      -0.39129212,
      -0.04408497,
      0.91920936,
      0,
      -0.8905468,
      0.26993385,
      -0.366145,
      0,
      -1.7715348,
      0.0101850135,
      6.5696993,
      1
    ]
  },
  {
    "keyframeTimestamp" : 235060.974040583,
    "uuid" : "7F0B3ED3-020D-40AE-8975-0513BA3AE31F",
    "transform" : [
      -0.5093686,
      -0.7617656,
      -0.4003214,
      0,
      -0.61771107,
      -0.00022614637,
      0.7864054,
      0,
      -0.5991471,
      0.64785296,
      -0.47043586,
      0,
      0.3571983,
      0.054881856,
      -0.77281034,
      1
    ]
  },
  {
    "keyframeTimestamp" : 235143.777263166,
    "uuid" : "E40B9386-E753-4DC6-B83D-F625A4D343CE",
    "transform" : [
      -0.03230098,
      -0.98816705,
      -0.14994188,
      0,
      -0.993175,
      0.014912305,
      0.115675986,
      0,
      -0.11207139,
      0.15265514,
      -0.98190594,
      0,
      1.8293351,
      -0.060657807,
      1.4702779,
      1
    ]
  },
  {
    "keyframeTimestamp" : 235388.020304458,
    "uuid" : "EDAAF0B1-A4D8-443E-9C02-FE999B0E48C4",
    "transform" : [
      -0.448474,
      -0.8780278,
      -0.16715308,
      0,
      -0.37840062,
      0.017089546,
      0.9254853,
      0,
      -0.8097442,
      0.47830623,
      -0.33991003,
      0,
      -1.7703454,
      -0.08588377,
      6.57735,
      1
    ]
  },
  {
    "keyframeTimestamp" : 235383.9051825,
    "uuid" : "826175F0-9299-479C-B271-04F5A5E54991",
    "transform" : [
      0.012956365,
      -0.9968078,
      -0.078775875,
      0,
      -0.82146525,
      -0.055529576,
      0.56754833,
      0,
      -0.5701117,
      0.05735834,
      -0.8195634,
      0,
      -2.326186,
      0.04836796,
      5.6814337,
      1
    ]
  },
  {
    "keyframeTimestamp" : 235487.632871416,
    "uuid" : "E04631F4-4028-4CC6-9F56-BB674864073A",
    "transform" : [
      -0.0061008264,
      -0.91556937,
      0.4021139,
      0,
      0.9948925,
      -0.04607459,
      -0.08981241,
      0,
      0.10075675,
      0.39951205,
      0.9111742,
      0,
      -2.1197288,
      2.599321,
      1.2885522,
      0.99999994
    ]
  },
  {
    "keyframeTimestamp" : 235453.395766458,
    "uuid" : "C566C005-1FEF-4CE2-A201-79C7AB083EE8",
    "transform" : [
      0.4547935,
      -0.8884994,
      -0.061089877,
      0,
      -0.1837918,
      -0.026516553,
      -0.9826075,
      0,
      0.8714263,
      0.45811132,
      -0.17535846,
      0,
      -0.6119249,
      2.689932,
      5.886171,
      0.9999999
    ]
  },
  {
    "keyframeTimestamp" : 235442.599826375,
    "uuid" : "B6B0B02A-DAB0-4295-9A07-29073952F0E1",
    "transform" : [
      -0.49105138,
      -0.8658749,
      -0.09554613,
      0,
      -0.17196864,
      -0.011169343,
      0.98503953,
      0,
      -0.85398805,
      0.5001357,
      -0.14341858,
      0,
      -0.5809651,
      2.6076257,
      5.738411,
      1
    ]
  },
  {
    "keyframeTimestamp" : 235247.639289125,
    "uuid" : "7C411BEF-BBBF-4740-9504-8A01ED0C2461",
    "transform" : [
      0.2258469,
      -0.9669479,
      0.11834638,
      0,
      0.3909663,
      -0.021303065,
      -0.920159,
      0,
      0.8922669,
      0.2540844,
      0.37323278,
      0,
      -2.0781405,
      -0.024898551,
      1.9012513,
      1
    ]
  },
  {
    "keyframeTimestamp" : 235533.348950333,
    "uuid" : "ABB2F59E-DE72-44FB-A089-B5FF166EF293",
    "transform" : [
      0.18838061,
      -0.9815364,
      0.033140436,
      0,
      -0.3663456,
      -0.03892155,
      0.9296645,
      0,
      -0.91120976,
      -0.18727165,
      -0.3669137,
      0,
      -1.939962,
      2.8710418,
      -4.0585756,
      1.0000001
    ]
  },
  {
    "keyframeTimestamp" : 235509.3080255,
    "uuid" : "B1A4AB61-6F9F-471D-AD08-A3B4E25AED81",
    "transform" : [
      -0.42940965,
      -0.74517226,
      0.510222,
      0,
      0.79619646,
      -0.04572537,
      0.6033084,
      0,
      -0.42623854,
      0.6653031,
      0.6129382,
      0,
      -0.81673896,
      2.5609062,
      -0.7287508,
      1
    ]
  },
  {
    "keyframeTimestamp" : 235276.861867416,
    "uuid" : "1574518E-BF8A-4D26-87E1-8252FF333DDA",
    "transform" : [
      -0.014171534,
      -0.9944679,
      0.104081355,
      0,
      0.9809503,
      -0.033996627,
      -0.1912637,
      0,
      0.1937439,
      0.09938804,
      0.9760046,
      0,
      -2.9046974,
      0.043569285,
      -1.2641352,
      1
    ]
  },
  {
    "keyframeTimestamp" : 235534.881705666,
    "uuid" : "AF7A434B-B3E8-4B03-8493-3438C1247A24",
    "transform" : [
      0.022815002,
      -0.9963985,
      -0.08166365,
      0,
      -0.30107147,
      -0.08474062,
      0.949829,
      0,
      -0.9533288,
      0.0029162406,
      -0.30192065,
      0,
      -1.953649,
      2.8170161,
      -3.7064388,
      0.9999999
    ]
  },
  {
    "keyframeTimestamp" : 235464.258347666,
    "uuid" : "55F49CD2-2BC9-431F-B2C7-536AAED2E28B",
    "transform" : [
      -0.18523304,
      -0.9570472,
      0.22304602,
      0,
      0.904169,
      -0.077076495,
      0.42016482,
      0,
      -0.38492578,
      0.27949956,
      0.8796092,
      0,
      -1.4972106,
      2.7423947,
      4.88434,
      1.0000001
    ]
  },
  {
    "keyframeTimestamp" : 235469.856239833,
    "uuid" : "0B506C88-4EDC-4C6D-870B-0B30EA16564E",
    "transform" : [
      -0.14856233,
      -0.9817446,
      0.11877051,
      0,
      0.93060833,
      -0.09816616,
      0.3526065,
      0,
      -0.33451036,
      0.16291294,
      0.928204,
      0,
      -1.7259336,
      2.8389513,
      3.4824183,
      1
    ]
  },
  {
    "keyframeTimestamp" : 235301.052887041,
    "uuid" : "197C5661-61A5-476F-9EDE-BF33E3389651",
    "transform" : [
      -0.5584333,
      -0.82890093,
      0.032826107,
      0,
      0.060080476,
      -0.0009459825,
      0.9981937,
      0,
      -0.8273724,
      0.5593964,
      0.050329007,
      0,
      -0.6492836,
      -0.16843066,
      -3.791792,
      1
    ]
  },
  {
    "keyframeTimestamp" : 235512.640101583,
    "uuid" : "905DD8BD-88E3-437E-B87A-21D4BE65C8AD",
    "transform" : [
      0.0041042427,
      -0.97645694,
      0.21567595,
      0,
      0.8140681,
      -0.12199457,
      -0.56781286,
      0,
      0.5807558,
      0.17790523,
      0.7944014,
      0,
      -1.5263237,
      2.7477045,
      -1.6267867,
      1
    ]
  },
  {
    "keyframeTimestamp" : 235531.6495915,
    "uuid" : "3C47E3E6-ACB7-49C3-B989-8A030546E583",
    "transform" : [
      0.19960089,
      -0.9774246,
      -0.06928335,
      0,
      0.24537964,
      -0.01859457,
      0.96924865,
      0,
      -0.9486558,
      -0.21046355,
      0.23612857,
      0,
      -1.9147383,
      2.851771,
      -4.062165,
      1
    ]
  },
  {
    "keyframeTimestamp" : 235432.137087541,
    "uuid" : "B39DBE40-D9D3-42C4-834C-CA14EF935267",
    "transform" : [
      0.02941911,
      -0.9929641,
      -0.11470161,
      0,
      -0.9911358,
      -0.043851186,
      0.1254065,
      0,
      -0.12955399,
      0.10999552,
      -0.9854526,
      0,
      -0.92675275,
      1.0848315,
      4.1706805,
      0.9999999
    ]
  },
  {
    "keyframeTimestamp" : 235493.730571791,
    "uuid" : "A07077CE-D2FA-415E-88F6-79F160C7B544",
    "transform" : [
      -0.2944544,
      -0.81709945,
      0.4956267,
      0,
      0.86543846,
      -0.008012464,
      0.500952,
      0,
      -0.4053562,
      0.5764415,
      0.7095082,
      0,
      -2.110041,
      2.5104616,
      -0.0047568073,
      1.0000001
    ]
  },
  {
    "keyframeTimestamp" : 235320.512292041,
    "uuid" : "D4F6511A-3795-4426-98FF-DAAC2B509E9D",
    "transform" : [
      0.70148224,
      -0.6750823,
      0.22844067,
      0,
      0.24104159,
      -0.07691082,
      -0.9674615,
      0,
      0.6706865,
      0.7337213,
      0.10877147,
      0,
      0.09873799,
      -0.20292616,
      -3.9446752,
      0.9999999
    ]
  },
  {
    "keyframeTimestamp" : 235483.900945,
    "uuid" : "B76D1D3A-8261-4911-BEC1-8E6C738C15E8",
    "transform" : [
      -0.25259322,
      -0.9476437,
      0.19536856,
      0,
      0.67993116,
      -0.030189024,
      0.7326544,
      0,
      -0.6883971,
      0.31790054,
      0.6519577,
      0,
      -1.8705965,
      2.6122897,
      2.3592021,
      1
    ]
  },
  {
    "keyframeTimestamp" : 235124.067775333,
    "uuid" : "7B65D920-E504-43FF-946E-58D68ABAFA17",
    "transform" : [
      -0.09097636,
      -0.98636687,
      0.137137,
      0,
      0.9608584,
      -0.0507572,
      0.27235666,
      0,
      -0.2616822,
      0.15654677,
      0.95237386,
      0,
      1.0554893,
      0.028331954,
      1.6391633,
      1
    ]
  },
  {
    "keyframeTimestamp" : 235525.835120875,
    "uuid" : "64A06DB7-652E-4034-88F7-7075111AD4E8",
    "transform" : [
      -0.15156758,
      -0.92480814,
      -0.34893724,
      0,
      -0.9110794,
      -0.00620286,
      0.4121846,
      0,
      -0.38335612,
      0.3803834,
      -0.84163356,
      0,
      -1.9197254,
      2.6391768,
      -3.1574764,
      0.99999994
    ]
  },
  {
    "keyframeTimestamp" : 235125.667193458,
    "uuid" : "34A95960-F082-44DE-AD45-CBD98877CE64",
    "transform" : [
      0.13674723,
      -0.97674197,
      -0.16515301,
      0,
      0.73281723,
      -0.012433992,
      0.68031174,
      0,
      -0.6665425,
      -0.21405774,
      0.71407306,
      0,
      1.1127745,
      0.22086935,
      1.6820227,
      1
    ]
  },
  {
    "keyframeTimestamp" : 235375.241769625,
    "uuid" : "8A61355C-F8B7-4906-9221-30FD6AFF0BF3",
    "transform" : [
      0.13011917,
      -0.9774446,
      0.16634554,
      0,
      0.672535,
      -0.03626691,
      -0.7391761,
      0,
      0.72853667,
      0.20805417,
      0.6526469,
      0,
      -3.2755482,
      0.048762117,
      5.3661823,
      1
    ]
  },
  {
    "keyframeTimestamp" : 235181.446847,
    "uuid" : "9CEB14D3-210F-4B10-9366-C3F4D66CD1B1",
    "transform" : [
      0.017249044,
      -0.998822,
      -0.04535754,
      0,
      -0.8661902,
      -0.03758684,
      0.49829906,
      0,
      -0.4994168,
      0.030693064,
      -0.86581784,
      0,
      0.37424946,
      0.091014974,
      4.22154,
      0.99999994
    ]
  },
  {
    "keyframeTimestamp" : 235455.11178775,
    "uuid" : "42B6D6DF-118B-48F1-B4C3-6BB83C77C7CA",
    "transform" : [
      0.20964508,
      -0.95762,
      0.19751677,
      0,
      0.5157807,
      -0.06330606,
      -0.85437834,
      0,
      0.83067405,
      0.28099152,
      0.4806502,
      0,
      -1.1924239,
      2.7493055,
      5.7801905,
      0.99999994
    ]
  },
  {
    "keyframeTimestamp" : 235120.6856735,
    "uuid" : "0C998DF9-1624-44B1-B6FE-AC77EDBD1327",
    "transform" : [
      -0.4420196,
      -0.74909306,
      0.49343506,
      0,
      0.7474533,
      -0.003467422,
      0.66430545,
      0,
      -0.49591574,
      0.6624557,
      0.561445,
      0,
      0.75442636,
      -0.11534629,
      1.8619107,
      1
    ]
  },
  {
    "keyframeTimestamp" : 235192.159599958,
    "uuid" : "6D318FF5-39C5-4951-9D29-7089C36CCA9A",
    "transform" : [
      -0.678081,
      -0.7346308,
      0.022890203,
      0,
      0.0886652,
      -0.050844375,
      0.994763,
      0,
      -0.72961974,
      0.6765592,
      0.09961278,
      0,
      0.6661817,
      -0.215213,
      5.463319,
      1
    ]
  },
  {
    "keyframeTimestamp" : 235478.119791333,
    "uuid" : "400D401D-8451-44E6-BA30-43AF2FD53799",
    "transform" : [
      -0.15601926,
      -0.8359051,
      -0.5262326,
      0,
      -0.9285146,
      -0.05760917,
      0.36679968,
      0,
      -0.3369255,
      0.54584223,
      -0.76716167,
      0,
      -2.0924299,
      2.5201359,
      3.1445928,
      1
    ]
  },
  {
    "keyframeTimestamp" : 235296.821134125,
    "uuid" : "6D35A48F-687B-48E5-BA43-95B9C76CF0F8",
    "transform" : [
      0.12519306,
      -0.9112251,
      0.3924203,
      0,
      -0.9691328,
      -0.027645338,
      0.24498618,
      0,
      -0.212389,
      -0.41097793,
      -0.8865593,
      0,
      -1.5361258,
      0.23336379,
      -3.908583,
      1
    ]
  },
  {
    "keyframeTimestamp" : 235159.638146583,
    "uuid" : "F100E024-2E2A-465D-8792-700F93FEF9B7",
    "transform" : [
      0.099196464,
      -0.9905725,
      0.09447484,
      0,
      -0.47823468,
      -0.1307181,
      -0.8684496,
      0,
      0.8726122,
      0.040965963,
      -0.486693,
      0,
      1.7508991,
      0.089201145,
      2.1477146,
      0.9999999
    ]
  },
  {
    "keyframeTimestamp" : 235493.430684875,
    "uuid" : "2673D265-5E9E-4684-8E9B-75EFAD9C5065",
    "transform" : [
      -0.13138716,
      -0.8757769,
      0.4644922,
      0,
      0.95125484,
      0.020499403,
      0.3077244,
      0,
      -0.2790196,
      0.4822812,
      0.8303933,
      0,
      -2.1633306,
      2.536883,
      0.058561344,
      1
    ]
  },
  {
    "keyframeTimestamp" : 235472.28865675,
    "uuid" : "56F46B44-B5F6-4E29-85F3-FD22F1E623A5",
    "transform" : [
      -0.21838224,
      -0.7106775,
      0.6687651,
      0,
      0.97042465,
      -0.08590127,
      0.225603,
      0,
      -0.1028832,
      0.6982539,
      0.70841855,
      0,
      -1.9608891,
      2.60297,
      3.3792105,
      1
    ]
  },
  {
    "keyframeTimestamp" : 235419.075324208,
    "uuid" : "1842C4D0-8911-4CE1-AF04-EAC58C1D3702",
    "transform" : [
      -0.23261495,
      -0.9703741,
      -0.0653036,
      0,
      0.07574969,
      -0.085018106,
      0.9934963,
      0,
      -0.96961504,
      0.22615528,
      0.093281984,
      0,
      -2.3906763,
      0.013611605,
      2.1245117,
      1.0000001
    ]
  },
  {
    "keyframeTimestamp" : 235530.616648208,
    "uuid" : "FF7FB5F6-0FB3-4665-B0B3-188EC03355A1",
    "transform" : [
      -0.043419354,
      -0.99837315,
      -0.036951903,
      0,
      0.4803519,
      -0.053293,
      0.8754555,
      0,
      -0.8760009,
      0.020261796,
      0.48188448,
      0,
      -2.0160358,
      2.7679303,
      -3.9802792,
      0.99999994
    ]
  },
  {
    "keyframeTimestamp" : 235440.633897416,
    "uuid" : "165F9FD8-1EEF-4D44-873B-16E5605FE7AC",
    "transform" : [
      -0.15301418,
      -0.979739,
      -0.12922111,
      0,
      -0.5846727,
      -0.015667813,
      0.8111181,
      0,
      -0.79670894,
      0.19966464,
      -0.5704294,
      0,
      -0.6818296,
      2.421832,
      5.4702473,
      1
    ]
  },
  {
    "keyframeTimestamp" : 235304.218371041,
    "uuid" : "39D508A7-E494-409E-9357-9817E7709EE6",
    "transform" : [
      0.029580163,
      -0.9875697,
      -0.15437631,
      0,
      0.8125432,
      -0.06619181,
      0.57913154,
      0,
      -0.5821509,
      -0.14256814,
      0.8004846,
      0,
      -0.006799338,
      0.15361544,
      -3.9390566,
      1.0000001
    ]
  },
  {
    "keyframeTimestamp" : 235425.123053416,
    "uuid" : "14B81D85-627A-431D-9CBB-FDF5A469995C",
    "transform" : [
      -0.009178485,
      -0.995573,
      -0.09354185,
      0,
      -0.99013186,
      -0.004033404,
      0.14008124,
      0,
      -0.1398384,
      0.09390448,
      -0.98571163,
      0,
      -0.97225964,
      0.077072516,
      2.924486,
      1.0000001
    ]
  },
  {
    "keyframeTimestamp" : 235508.391704458,
    "uuid" : "2376980B-4105-459D-A7DC-81D0B2066747",
    "transform" : [
      -0.7273057,
      -0.46364546,
      0.50602436,
      0,
      0.5570655,
      0.03185892,
      0.82985765,
      0,
      -0.4008809,
      0.88544834,
      0.23510964,
      0,
      -0.5905403,
      2.4800458,
      -0.71319395,
      0.99999994
    ]
  },
  {
    "keyframeTimestamp" : 235241.158334166,
    "uuid" : "39663A86-5A89-4481-80BD-6BFC5D4E6CEE",
    "transform" : [
      0.31126451,
      -0.9051059,
      0.28965154,
      0,
      0.6378533,
      -0.026957525,
      -0.76968545,
      0,
      0.7044552,
      0.42433098,
      0.5689339,
      0,
      -0.04843533,
      -0.11141825,
      2.1789021,
      0.9999999
    ]
  },
  {
    "keyframeTimestamp" : 235506.542402375,
    "uuid" : "1CF4D874-8BD4-43A9-AC24-E4EC36823A17",
    "transform" : [
      -0.5177358,
      -0.8063536,
      0.28590718,
      0,
      0.49420905,
      -0.009092733,
      0.86929524,
      0,
      -0.69836015,
      0.59136355,
      0.40321505,
      0,
      -1.0656716,
      2.5682287,
      -0.29358602,
      1
    ]
  },
  {
    "keyframeTimestamp" : 235369.277346458,
    "uuid" : "252B6BA4-E0F8-4FAB-9701-4A37840787BE",
    "transform" : [
      -0.11335523,
      -0.99354833,
      0.003727105,
      0,
      0.56560653,
      -0.06144577,
      0.82238317,
      0,
      -0.81684816,
      0.09532946,
      0.5689225,
      0,
      -3.0941868,
      0.07091928,
      5.4331174,
      1
    ]
  },
  {
    "keyframeTimestamp" : 235296.721171416,
    "uuid" : "E0A94B48-A013-4713-8203-A792D070659E",
    "transform" : [
      0.14775914,
      -0.91143245,
      0.38400406,
      0,
      -0.95240414,
      -0.026450876,
      0.30369002,
      0,
      -0.26663566,
      -0.41059983,
      -0.87196004,
      0,
      -1.5331157,
      0.23081496,
      -3.9203541,
      0.99999994
    ]
  },
  {
    "keyframeTimestamp" : 235113.904806583,
    "uuid" : "FDCAD937-BC4C-43E7-A22B-9975FB4C999B",
    "transform" : [
      -0.0749873,
      -0.9017468,
      -0.4257138,
      0,
      0.99202055,
      -0.110850595,
      0.060064387,
      0,
      -0.10135353,
      -0.41781288,
      0.902864,
      0,
      0.16088895,
      0.29409745,
      2.0898066,
      1
    ]
  },
  {
    "keyframeTimestamp" : 235303.7851995,
    "uuid" : "18C7B2A0-AB8D-4D9F-803E-135124925F64",
    "transform" : [
      -0.08640549,
      -0.9962087,
      -0.010033761,
      0,
      0.7889714,
      -0.074573636,
      0.6098888,
      0,
      -0.6083245,
      0.044781353,
      0.7924235,
      0,
      -0.11382224,
      0.076606624,
      -3.9696743,
      1
    ]
  },
  {
    "keyframeTimestamp" : 235434.869394875,
    "uuid" : "AF65D7C0-9C5D-4365-A181-6B8E99F51321",
    "transform" : [
      0.111239925,
      -0.91027164,
      0.39878753,
      0,
      -0.9801572,
      -0.034245275,
      0.19524208,
      0,
      -0.16406672,
      -0.41259313,
      -0.89601886,
      0,
      -0.86244416,
      1.6638625,
      4.540306,
      0.99999994
    ]
  },
  {
    "keyframeTimestamp" : 235233.927651708,
    "uuid" : "4D3D8E49-0FDB-44E7-836F-FD3F75D4AD6A",
    "transform" : [
      0.09112264,
      -0.9917688,
      -0.08996411,
      0,
      0.09200512,
      -0.081569195,
      0.99241287,
      0,
      -0.9915822,
      -0.09870841,
      0.08381496,
      0,
      0.7192869,
      0.19514313,
      4.116634,
      1
    ]
  },
  {
    "keyframeTimestamp" : 235079.350700041,
    "uuid" : "2F349F90-4C87-4EA4-B439-1FFBCC1F9C72",
    "transform" : [
      0.24472195,
      -0.91008556,
      -0.334449,
      0,
      0.74895257,
      -0.041634206,
      0.66131425,
      0,
      -0.61577636,
      -0.41232416,
      0.6714215,
      0,
      0.35137334,
      0.34221494,
      -0.055348117,
      0.99999994
    ]
  },
  {
    "keyframeTimestamp" : 235397.833290333,
    "uuid" : "57675492-F3FD-4BD9-BCEA-32EEED1DCD76",
    "transform" : [
      -0.20555985,
      -0.94857824,
      0.24071793,
      0,
      -0.8267417,
      0.03669667,
      -0.5613843,
      0,
      0.5236832,
      -0.31440958,
      -0.7917725,
      0,
      -1.6586419,
      0.26841956,
      6.289821,
      0.99999994
    ]
  },
  {
    "keyframeTimestamp" : 235363.013034708,
    "uuid" : "F9810EEC-B228-45FE-BC84-ED3E7BD5D5F4",
    "transform" : [
      0.038145483,
      -0.9924403,
      -0.11665255,
      0,
      -0.9992425,
      -0.038785215,
      0.003218396,
      0,
      -0.007718472,
      0.116441354,
      -0.99316776,
      0,
      -3.785226,
      0.039787635,
      4.552977,
      0.99999994
    ]
  },
  {
    "keyframeTimestamp" : 235241.641490291,
    "uuid" : "6A8E6ADD-6658-4C73-8968-1F5697750B68",
    "transform" : [
      0.3789636,
      -0.90181744,
      0.20763497,
      0,
      0.41984174,
      -0.03240579,
      -0.9070188,
      0,
      0.824694,
      0.4309008,
      0.36634004,
      0,
      -0.1835121,
      -0.11475662,
      2.0623248,
      0.99999994
    ]
  },
  {
    "keyframeTimestamp" : 235108.023611166,
    "uuid" : "62649C60-B35F-4310-AFEC-9C42853C6B5F",
    "transform" : [
      -0.41092822,
      -0.8024193,
      -0.43273735,
      0,
      -0.79108846,
      0.07792811,
      0.6067182,
      0,
      -0.4531199,
      0.5916508,
      -0.66680735,
      0,
      0.17627706,
      -0.058852807,
      1.6228629,
      1.0000001
    ]
  },
  {
    "keyframeTimestamp" : 235457.46090475,
    "uuid" : "D3968D47-B5E5-4F4E-B871-38BCD89AE70B",
    "transform" : [
      -0.001650069,
      -0.9852335,
      -0.17120759,
      0,
      0.99699533,
      -0.0148798395,
      0.07601887,
      0,
      -0.07744388,
      -0.1705678,
      0.982298,
      0,
      -1.5177484,
      2.9044526,
      5.671741,
      0.9999999
    ]
  },
  {
    "keyframeTimestamp" : 235189.493907041,
    "uuid" : "D0BDAB73-A70F-4560-A539-2D1B2AAE389B",
    "transform" : [
      -0.18466689,
      -0.9574379,
      0.2218338,
      0,
      0.8816523,
      -0.061649773,
      0.46785548,
      0,
      -0.4342668,
      0.28197774,
      0.85551244,
      0,
      0.69150895,
      0.022775728,
      5.359236,
      1
    ]
  },
  {
    "keyframeTimestamp" : 235494.396987208,
    "uuid" : "60E91B02-4B88-4CB1-B9D5-984712DF6033",
    "transform" : [
      -0.50243324,
      -0.7326755,
      0.45907283,
      0,
      0.63383204,
      0.049009364,
      0.7719172,
      0,
      -0.5880637,
      0.6788118,
      0.43976924,
      0,
      -2.0072799,
      2.4507759,
      -0.021523336,
      1
    ]
  },
  {
    "keyframeTimestamp" : 235198.340674041,
    "uuid" : "2D1AF276-7BEE-4A8A-B9D5-B5138E347D37",
    "transform" : [
      0.08810219,
      -0.9790272,
      0.1836964,
      0,
      -0.9452794,
      -0.02401417,
      0.32537726,
      0,
      -0.31414217,
      -0.20231107,
      -0.9275707,
      0,
      0.6945019,
      0.12751763,
      6.037258,
      1
    ]
  },
  {
    "keyframeTimestamp" : 235220.83244775,
    "uuid" : "E07794DC-1B85-4873-A81D-ED225BA44593",
    "transform" : [
      0.22083057,
      -0.84732556,
      -0.4829818,
      0,
      -0.9241656,
      -0.023531042,
      -0.38126814,
      0,
      0.31169325,
      0.5305508,
      -0.78826576,
      0,
      0.7892575,
      0.10235267,
      6.747598,
      1
    ]
  },
  {
    "keyframeTimestamp" : 235172.400156333,
    "uuid" : "F880447B-E731-4858-AD09-B33390974EF2",
    "transform" : [
      0.22940166,
      -0.9612137,
      -0.15310635,
      0,
      -0.7092883,
      -0.057367437,
      -0.7025806,
      0,
      0.6665471,
      0.2697698,
      -0.69493824,
      0,
      0.6960287,
      -0.060253672,
      1.8712467,
      1
    ]
  },
  {
    "keyframeTimestamp" : 235450.280272416,
    "uuid" : "16BFA9CD-3425-4F62-AEB0-411712778F27",
    "transform" : [
      0.16995715,
      -0.9082167,
      0.38243568,
      0,
      0.8091075,
      -0.09293023,
      -0.5802659,
      0,
      0.5625473,
      0.4080521,
      0.719051,
      0,
      -0.5384907,
      2.7389963,
      5.6685185,
      0.99999994
    ]
  },
  {
    "keyframeTimestamp" : 235559.272487833,
    "uuid" : "BCE5F233-FD4A-4355-8714-C033D0893F97",
    "transform" : [
      -0.09477553,
      -0.9558698,
      -0.2780836,
      0,
      -0.923724,
      -0.01970452,
      0.38255173,
      0,
      -0.3711492,
      0.29312897,
      -0.8810925,
      0,
      -1.2822255,
      2.6671236,
      -1.0199467,
      0.9999999
    ]
  },
  {
    "keyframeTimestamp" : 235144.277081125,
    "uuid" : "95186CEC-E01D-4FF6-8F4B-FD497D48DCBD",
    "transform" : [
      0.002546022,
      -0.9926956,
      0.12061899,
      0,
      -0.99713576,
      0.006597509,
      0.075345084,
      0,
      -0.07559054,
      -0.12046531,
      -0.9898356,
      0,
      1.815408,
      0.04096696,
      1.4930099,
      1
    ]
  },
  {
    "keyframeTimestamp" : 235553.874530958,
    "uuid" : "8C1848C5-C650-41F0-994E-BDA310A90053",
    "transform" : [
      -0.025882272,
      -0.96924204,
      -0.24474448,
      0,
      -0.94760776,
      -0.054187603,
      0.31480655,
      0,
      -0.31838593,
      0.24006964,
      -0.9170589,
      0,
      -1.8287158,
      2.6686952,
      -2.8187206,
      1
    ]
  },
  {
    "keyframeTimestamp" : 235548.243325208,
    "uuid" : "2EE18570-0D4A-464D-B82F-DD9B0E92DBE4",
    "transform" : [
      -0.25611478,
      -0.9607493,
      -0.10660928,
      0,
      -0.4379112,
      0.01699614,
      0.89885736,
      0,
      -0.8617651,
      0.27689612,
      -0.4250761,
      0,
      -0.92232305,
      2.6608102,
      -3.173849,
      1
    ]
  },
  {
    "keyframeTimestamp" : 235097.460784833,
    "uuid" : "F41C1B47-9BAF-470C-B7E8-2535D45BEA48",
    "transform" : [
      -0.120211266,
      -0.8622278,
      -0.49204996,
      0,
      -0.97193396,
      0.001251885,
      0.23525657,
      0,
      -0.20222872,
      0.50652033,
      -0.8381787,
      0,
      -0.114025354,
      -0.023557018,
      0.44082773,
      1
    ]
  },
  {
    "keyframeTimestamp" : 235239.825489625,
    "uuid" : "6165A70A-D790-473E-85F7-41F16A818F8B",
    "transform" : [
      0.030990405,
      -0.8875646,
      0.45963976,
      0,
      0.9915383,
      -0.030697064,
      -0.1261288,
      0,
      0.12605712,
      0.45965943,
      0.8791036,
      0,
      0.31111482,
      -0.10632126,
      2.5412734,
      0.9999999
    ]
  },
  {
    "keyframeTimestamp" : 235245.340132916,
    "uuid" : "DB2AB72F-C2BA-470B-9478-80FE8B5E600E",
    "transform" : [
      -0.108129285,
      -0.9840668,
      0.14114045,
      0,
      -0.4111909,
      -0.084988445,
      -0.907579,
      0,
      0.90511376,
      -0.15617155,
      -0.39544955,
      0,
      -1.3652196,
      0.116273805,
      1.9898874,
      1
    ]
  },
  {
    "keyframeTimestamp" : 235489.049003916,
    "uuid" : "9D3633E8-A099-4CD8-9C69-BFE2C26D2836",
    "transform" : [
      -0.09168713,
      -0.97478944,
      0.20341858,
      0,
      0.98510784,
      -0.058952227,
      0.16151759,
      0,
      -0.14545362,
      0.21519817,
      0.96567744,
      0,
      -2.179959,
      2.6545331,
      1.0018859,
      1
    ]
  },
  {
    "keyframeTimestamp" : 235485.85021025,
    "uuid" : "73AF26D7-B15F-4CF5-939A-2E8163211E87",
    "transform" : [
      -0.058412414,
      -0.99521,
      0.078386374,
      0,
      0.99824333,
      -0.05745026,
      0.0144760385,
      0,
      -0.009903368,
      0.07909426,
      0.99681777,
      0,
      -2.0265667,
      2.6766899,
      1.7928258,
      0.99999994
    ]
  },
  {
    "keyframeTimestamp" : 235447.8811755,
    "uuid" : "63D12906-FE8D-4E58-96CA-CCA17AA8410F",
    "transform" : [
      0.0064552124,
      -0.8985436,
      0.43883696,
      0,
      0.9880935,
      -0.061730005,
      -0.14093037,
      0,
      0.1537215,
      0.4345216,
      0.88744664,
      0,
      -0.6272326,
      2.7621455,
      5.455216,
      1
    ]
  },
  {
    "keyframeTimestamp" : 235050.277922833,
    "uuid" : "2E256CE9-8F3C-40DA-87C3-60394302FA4D",
    "transform" : [
      -0.05108836,
      -0.98696566,
      0.15260161,
      0,
      0.9982833,
      -0.054849267,
      -0.020535128,
      0,
      0.0286376,
      0.15129067,
      0.98807466,
      0,
      0.025217688,
      0.13059516,
      0.0468675,
      0.99999994
    ]
  },
  {
    "keyframeTimestamp" : 235481.851717291,
    "uuid" : "BF17E0C7-3DE1-4E67-B058-89B50281CA80",
    "transform" : [
      -0.1633643,
      -0.9833206,
      -0.07995213,
      0,
      -0.14076696,
      -0.056978878,
      0.9884019,
      0,
      -0.97647196,
      0.17272428,
      -0.12911086,
      0,
      -1.9212879,
      2.661282,
      2.9730127,
      1
    ]
  },
  {
    "keyframeTimestamp" : 235109.922920625,
    "uuid" : "5C183D53-A2F7-40EE-B997-369A8B72F58C",
    "transform" : [
      -0.51415575,
      -0.8485523,
      0.12490211,
      0,
      0.11911037,
      0.07357312,
      0.9901508,
      0,
      -0.84938586,
      0.5239697,
      0.06324344,
      0,
      0.3346667,
      -0.035083566,
      1.8253636,
      0.9999999
    ]
  },
  {
    "keyframeTimestamp" : 235314.581169125,
    "uuid" : "EAC509E4-E888-4A6A-BA98-27EA3011C315",
    "transform" : [
      -0.03016749,
      -0.9700406,
      0.24106054,
      0,
      0.9983536,
      -0.041012023,
      -0.040095784,
      0,
      0.04878098,
      0.23945427,
      0.96968186,
      0,
      0.732374,
      -0.015339176,
      -4.0183516,
      1
    ]
  },
  {
    "keyframeTimestamp" : 235471.722203541,
    "uuid" : "6C1565B6-87E7-4823-A1DF-6CB43DE9394C",
    "transform" : [
      -0.3928641,
      -0.8029012,
      0.44833857,
      0,
      0.8241932,
      -0.09118304,
      0.55891913,
      0,
      -0.40787625,
      0.589097,
      0.6975687,
      0,
      -1.8854742,
      2.6640754,
      3.4909427,
      1
    ]
  },
  {
    "keyframeTimestamp" : 235528.2675355,
    "uuid" : "2D213CE3-1ABA-4232-B3BA-7E7D46D051C5",
    "transform" : [
      -0.607272,
      -0.78133005,
      -0.14402798,
      0,
      -0.18189156,
      -0.039742634,
      0.98251593,
      0,
      -0.7733926,
      0.6228513,
      -0.117982686,
      0,
      -2.1094263,
      2.542797,
      -3.741046,
      1
    ]
  },
  {
    "keyframeTimestamp" : 235081.566561666,
    "uuid" : "643B9392-B076-4F29-8DBB-51790ADFA98C",
    "transform" : [
      0.5565623,
      -0.8163523,
      -0.15429695,
      0,
      0.1406161,
      -0.09047958,
      0.98592263,
      0,
      -0.8188208,
      -0.5704238,
      0.06443471,
      0,
      0.09977071,
      0.35562792,
      -0.11611785,
      1
    ]
  },
  {
    "keyframeTimestamp" : 235198.540600875,
    "uuid" : "FB5EEFF8-908D-4FD8-9234-C4DF046016ED",
    "transform" : [
      0.11222579,
      -0.9606451,
      0.2540989,
      0,
      -0.9438833,
      -0.023119088,
      0.32947335,
      0,
      -0.310632,
      -0.27681464,
      -0.9093302,
      0,
      0.6924384,
      0.16349822,
      6.065901,
      1.0000001
    ]
  },
  {
    "keyframeTimestamp" : 235555.157379291,
    "uuid" : "3D2C3657-295C-4C5B-92ED-6335232BDD40",
    "transform" : [
      0.05184648,
      -0.99811935,
      -0.032704882,
      0,
      -0.96416795,
      -0.058561172,
      0.25874832,
      0,
      -0.26017696,
      0.018117808,
      -0.96539104,
      0,
      -1.6526045,
      2.7480116,
      -2.382727,
      1
    ]
  },
  {
    "keyframeTimestamp" : 235423.073822541,
    "uuid" : "ECFE5352-785B-4577-8D77-64F9E2A8D15B",
    "transform" : [
      -0.045107733,
      -0.93657005,
      -0.3475653,
      0,
      -0.96176827,
      -0.053362966,
      0.26861525,
      0,
      -0.27012426,
      0.346394,
      -0.8983568,
      0,
      -1.2193652,
      -0.0042906664,
      2.3671906,
      1
    ]
  },
  {
    "keyframeTimestamp" : 235086.364818208,
    "uuid" : "F7F09B1D-A3BC-40F6-99B5-48E8598BCD44",
    "transform" : [
      0.5429839,
      -0.83960885,
      -0.0150164645,
      0,
      -0.023867622,
      -0.03330549,
      0.9991596,
      0,
      -0.839404,
      -0.5421695,
      -0.03812385,
      0,
      0.09228818,
      0.33238626,
      -0.15206788,
      1
    ]
  },
  {
    "keyframeTimestamp" : 235083.582495875,
    "uuid" : "FA9DEB87-245C-4CCD-ADFD-382581A0EDA6",
    "transform" : [
      0.45092937,
      -0.8017844,
      -0.39217943,
      0,
      0.63075805,
      -0.024623454,
      0.775589,
      0,
      -0.6315117,
      -0.5971059,
      0.49462843,
      0,
      0.12004119,
      0.34959283,
      -0.1935156,
      1
    ]
  },
  {
    "keyframeTimestamp" : 235476.103885041,
    "uuid" : "4037454E-6E89-4F0C-A7EF-FDF9B9FA5425",
    "transform" : [
      -0.5547494,
      -0.8310419,
      0.040272728,
      0,
      0.31374863,
      -0.16411711,
      0.93521506,
      0,
      -0.77059394,
      0.53144574,
      0.35178232,
      0,
      -1.999065,
      2.585816,
      3.0153463,
      1
    ]
  },
  {
    "keyframeTimestamp" : 235374.625334791,
    "uuid" : "850453B7-DF21-4A0A-B59D-D9E1945B75B2",
    "transform" : [
      0.23657945,
      -0.9136166,
      0.33065885,
      0,
      0.77084,
      -0.030680114,
      -0.63628924,
      0,
      0.59146935,
      0.4054181,
      0.696994,
      0,
      -3.2308476,
      -0.027219858,
      5.352836,
      1
    ]
  },
  {
    "keyframeTimestamp" : 235399.682596833,
    "uuid" : "EFB2E05E-B4FD-41EB-8526-9E98D773E798",
    "transform" : [
      0.32549137,
      -0.89476395,
      -0.3057016,
      0,
      -0.7570722,
      -0.052921567,
      -0.65118426,
      0,
      0.5664783,
      0.44339335,
      -0.6946269,
      0,
      -1.7127593,
      -0.033457644,
      6.1401367,
      0.9999999
    ]
  },
  {
    "keyframeTimestamp" : 235158.755135458,
    "uuid" : "BEDB33E7-E928-43BA-B1CD-0D4544122746",
    "transform" : [
      -0.46296877,
      -0.8552904,
      0.23267932,
      0,
      -0.17737009,
      -0.16780278,
      -0.9697338,
      0,
      0.86844677,
      -0.49022582,
      -0.07401537,
      0,
      1.7469939,
      0.14436412,
      2.2546628,
      0.9999999
    ]
  },
  {
    "keyframeTimestamp" : 235545.061196,
    "uuid" : "6246893B-78DF-4982-9A2B-B88C2705882B",
    "transform" : [
      -0.16170618,
      -0.92552364,
      -0.3424289,
      0,
      -0.8278108,
      -0.061671905,
      0.55760753,
      0,
      -0.5371971,
      0.37363482,
      -0.7561856,
      0,
      -0.83157754,
      2.6341987,
      -3.067137,
      1
    ]
  },
  {
    "keyframeTimestamp" : 235540.662857958,
    "uuid" : "CF310AB2-EB71-4ED8-86E7-9CB137129E2F",
    "transform" : [
      0.1124492,
      -0.95386755,
      0.27837422,
      0,
      -0.8664225,
      0.043035094,
      0.49745375,
      0,
      -0.4864848,
      -0.29712787,
      -0.821613,
      0,
      -1.0453202,
      2.8039422,
      -3.2825918,
      0.99999994
    ]
  },
  {
    "keyframeTimestamp" : 235379.023682375,
    "uuid" : "0A11452F-9611-4AC1-A1F3-F9A6F641082C",
    "transform" : [
      -0.06798756,
      -0.8060466,
      0.58793473,
      0,
      0.9952842,
      -0.013927013,
      0.09599901,
      0,
      -0.06919145,
      0.5916887,
      0.80319214,
      0,
      -3.2652042,
      -0.1834978,
      4.9872985,
      0.99999994
    ]
  },
  {
    "keyframeTimestamp" : 235469.539692541,
    "uuid" : "1FBEC88D-70B0-4478-8AA9-D233E47FD477",
    "transform" : [
      -0.075821884,
      -0.9968913,
      -0.021412393,
      0,
      0.9533293,
      -0.0787693,
      0.29147667,
      0,
      -0.29225725,
      0.0016872479,
      0.9563384,
      0,
      -1.729515,
      2.8708913,
      3.5180724,
      1
    ]
  },
  {
    "keyframeTimestamp" : 235201.656128666,
    "uuid" : "CAF63A31-82A6-4C7C-91C8-163573EA2F38",
    "transform" : [
      0.10007918,
      -0.95010406,
      -0.29544544,
      0,
      -0.98805875,
      -0.059938204,
      -0.14194356,
      0,
      0.117152624,
      0.3061228,
      -0.9447568,
      0,
      0.85600126,
      0.1290352,
      6.481152,
      0.99999994
    ]
  },
  {
    "keyframeTimestamp" : 235128.116302041,
    "uuid" : "F49B7E7A-A509-48C1-920B-98A316C4D771",
    "transform" : [
      -0.50246096,
      -0.84767085,
      -0.17025784,
      0,
      -0.08313676,
      -0.14863983,
      0.985392,
      0,
      -0.86059386,
      0.50927484,
      0.0042131003,
      0,
      1.5429693,
      -0.003961727,
      1.5464393,
      1
    ]
  },
  {
    "keyframeTimestamp" : 235346.752478333,
    "uuid" : "B7547EA3-0848-4A2F-8753-90A3BE755030",
    "transform" : [
      0.13433303,
      -0.9827687,
      0.12696628,
      0,
      -0.95366496,
      -0.16302481,
      -0.2528787,
      0,
      0.2692199,
      -0.08711327,
      -0.9591315,
      0,
      -3.229357,
      0.11068164,
      -0.7624978,
      1
    ]
  },
  {
    "keyframeTimestamp" : 235170.334243666,
    "uuid" : "7F891BA5-F23C-4175-AB5B-B30A616FCFD7",
    "transform" : [
      0.37970063,
      -0.91836613,
      -0.11149384,
      0,
      -0.2889155,
      -0.0032261899,
      -0.9573495,
      0,
      0.8788376,
      0.3957184,
      -0.26655516,
      0,
      1.4054233,
      -0.11570948,
      1.5249724,
      1
    ]
  },
  {
    "keyframeTimestamp" : 235388.703381541,
    "uuid" : "0C933C41-2FFD-4E8B-9E08-BE6BBFE2C680",
    "transform" : [
      -0.65683895,
      -0.7444963,
      -0.11953239,
      0,
      -0.28508782,
      0.098443195,
      0.95343333,
      0,
      -0.6980601,
      0.66032887,
      -0.276908,
      0,
      -1.7502955,
      -0.17965288,
      6.586472,
      1
    ]
  },
  {
    "keyframeTimestamp" : 235319.629287833,
    "uuid" : "B52986AD-5A61-4E82-A77D-C263FE7B1A4F",
    "transform" : [
      0.4416885,
      -0.7545775,
      0.4853089,
      0,
      0.61151785,
      -0.1426009,
      -0.7782753,
      0,
      0.65647364,
      0.64052933,
      0.398452,
      0,
      0.17642942,
      -0.14132652,
      -4.06411,
      1
    ]
  },
  {
    "keyframeTimestamp" : 235063.8896485,
    "uuid" : "707787FC-FA3B-418A-9476-3980D625A451",
    "transform" : [
      -0.04548352,
      -0.9962902,
      -0.07305505,
      0,
      -0.65265715,
      -0.025728676,
      0.75721484,
      0,
      -0.7562864,
      0.0821208,
      -0.6490667,
      0,
      0.24913523,
      0.1923937,
      -0.75193745,
      1
    ]
  },
  {
    "keyframeTimestamp" : 235055.792587625,
