[
  {
    "transform" : [
      -0.005649257,
      -0.9907767,
      -0.13538311,
      0,
      -0.9548824,
      -0.03485547,
      0.29492876,
      0,
      -0.29692763,
      0.13094114,
      -0.9458791,
      0,
      0.039995093,
      0.0776949,
      1.5168912,
      1
    ],
    "uuid" : "363151A5-35F7-42D1-9CB2-F8B46073994A",
    "keyframeTimestamp" : 235102.425646375
  },
  {
    "transform" : [
      -0.06119877,
      -0.9980321,
      0.013659393,
      0,
      0.9628869,
      -0.062636845,
      -0.26253688,
      0,
      0.26287583,
      -0.0029144841,
      0.96482533,
      0,
      -1.6626027,
      2.826268,
      4.0911126,
      1
    ],
    "uuid" : "BFDFF171-E641-4DBA-AFF9-E88621860F95",
    "keyframeTimestamp" : 235467.423823041
  },
  {
    "transform" : [
      0.07667035,
      -0.86570334,
      -0.49465072,
      0,
      -0.99682486,
      -0.07726187,
      -0.019288402,
      0,
      -0.02151961,
      0.49455875,
      -0.86887807,
      0,
      0.521487,
      -0.025117867,
      -3.6839676,
      1
    ],
    "uuid" : "1D039F7B-AA04-4E35-8511-399B237BA05C",
    "keyframeTimestamp" : 235323.094662916
  },
  {
    "transform" : [
      0.055925816,
      -0.98004115,
      -0.1907669,
      0,
      -0.9930211,
      -0.03472845,
      -0.11270409,
      0,
      0.103829615,
      0.19573864,
      -0.9751441,
      0,
      0.08687991,
      0.17017081,
      -0.70453095,
      1
    ],
    "uuid" : "642F997C-768B-4910-A303-830E416CE73E",
    "keyframeTimestamp" : 235067.088486833
  },
  {
    "transform" : [
      -0.23198435,
      -0.9618689,
      -0.1448828,
      0,
      -0.39129218,
      -0.044084977,
      0.91920954,
      0,
      -0.8905468,
      0.26993385,
      -0.366145,
      0,
      -1.7715348,
      0.0101850135,
      6.5696993,
      1
    ],
    "uuid" : "4E8AF29B-25FF-46C9-879C-552EABB7F24D",
    "keyframeTimestamp" : 235387.487171041
  },
  {
    "transform" : [
      -0.5093686,
      -0.7617656,
      -0.4003214,
      0,
      -0.61771107,
      -0.00022614637,
      0.7864054,
      0,
      -0.5991471,
      0.64785296,
      -0.47043586,
      0,
      0.3571983,
      0.054881856,
      -0.77281034,
      1
    ],
    "uuid" : "7F0B3ED3-020D-40AE-8975-0513BA3AE31F",
    "keyframeTimestamp" : 235060.974040583
  },
  {
    "transform" : [
      -0.03230098,
      -0.98816705,
      -0.14994188,
      0,
      -0.993175,
      0.014912305,
      0.115675986,
      0,
      -0.112071365,
      0.15265511,
      -0.9819057,
      0,
      1.8293351,
      -0.060657807,
      1.4702779,
      1
    ],
    "uuid" : "E40B9386-E753-4DC6-B83D-F625A4D343CE",
    "keyframeTimestamp" : 235143.777263166
  },
  {
    "transform" : [
      -0.44847387,
      -0.87802756,
      -0.16715305,
      0,
      -0.37840053,
      0.01708954,
      0.9254851,
      0,
      -0.809744,
      0.4783061,
      -0.33990994,
      0,
      -1.7703454,
      -0.08588377,
      6.57735,
      1
    ],
    "uuid" : "EDAAF0B1-A4D8-443E-9C02-FE999B0E48C4",
    "keyframeTimestamp" : 235388.020304458
  },
  {
    "transform" : [
      0.012956366,
      -0.99680793,
      -0.07877588,
      0,
      -0.82146525,
      -0.055529576,
      0.56754833,
      0,
      -0.5701115,
      0.05735833,
      -0.8195632,
      0,
      -2.326186,
      0.04836796,
      5.6814337,
      1
    ],
    "uuid" : "826175F0-9299-479C-B271-04F5A5E54991",
    "keyframeTimestamp" : 235383.9051825
  },
  {
    "transform" : [
      -0.0061008264,
      -0.91556937,
      0.4021139,
      0,
      0.9948925,
      -0.046074595,
      -0.08981241,
      0,
      0.10075675,
      0.39951205,
      0.9111742,
      0,
      -2.1197288,
      2.599321,
      1.2885522,
      0.99999994
    ],
    "uuid" : "E04631F4-4028-4CC6-9F56-BB674864073A",
    "keyframeTimestamp" : 235487.632871416
  },
  {
    "transform" : [
      0.4547935,
      -0.8884994,
      -0.061089877,
      0,
      -0.1837918,
      -0.026516553,
      -0.9826075,
      0,
      0.8714263,
      0.45811132,
      -0.17535846,
      0,
      -0.6119249,
      2.689932,
      5.886171,
      0.9999999
    ],
    "uuid" : "C566C005-1FEF-4CE2-A201-79C7AB083EE8",
    "keyframeTimestamp" : 235453.395766458
  },
  {
    "transform" : [
      -0.4910514,
      -0.86587495,
      -0.095546134,
      0,
      -0.1719686,
      -0.011169348,
      0.9850393,
      0,
      -0.85398805,
      0.5001357,
      -0.14341858,
      0,
      -0.58096516,
      2.6076257,
      5.738411,
      1
    ],
    "uuid" : "B6B0B02A-DAB0-4295-9A07-29073952F0E1",
    "keyframeTimestamp" : 235442.599826375
  },
  {
    "transform" : [
      0.22584686,
      -0.9669477,
      0.11834635,
      0,
      0.3909662,
      -0.02130306,
      -0.9201588,
      0,
      0.8922667,
      0.25408435,
      0.3732327,
      0,
      -2.0781405,
      -0.024898551,
      1.9012513,
      1
    ],
    "uuid" : "7C411BEF-BBBF-4740-9504-8A01ED0C2461",
    "keyframeTimestamp" : 235247.639289125
  },
  {
    "transform" : [
      0.18843417,
      -0.9815378,
      0.032797854,
      0,
      -0.3646408,
      -0.0389163,
      0.93033457,
      0,
      -0.9118824,
      -0.1872663,
      -0.36524203,
      0,
      -1.9525386,
      2.8703125,
      -4.0561213,
      1
    ],
    "uuid" : "ABB2F59E-DE72-44FB-A089-B5FF166EF293",
    "keyframeTimestamp" : 235533.348950333
  },
  {
    "transform" : [
      -0.42940956,
      -0.7451721,
      0.5102219,
      0,
      0.7961963,
      -0.045725364,
      0.60330826,
      0,
      -0.42623845,
      0.66530293,
      0.6129381,
      0,
      -0.81673896,
      2.5609062,
      -0.7287508,
      1
    ],
    "uuid" : "B1A4AB61-6F9F-471D-AD08-A3B4E25AED81",
    "keyframeTimestamp" : 235509.3080255
  },
  {
    "transform" : [
      -0.014171534,
      -0.9944679,
      0.104081355,
      0,
      0.98095006,
      -0.03399662,
      -0.19126365,
      0,
      0.19374393,
      0.09938805,
      0.9760047,
      0,
      -2.9046974,
      0.043569285,
      -1.2641352,
      1
    ],
    "uuid" : "1574518E-BF8A-4D26-87E1-8252FF333DDA",
    "keyframeTimestamp" : 235276.861867416
  },
  {
    "transform" : [
      0.02265823,
      -0.99639904,
      -0.08170248,
      0,
      -0.2993302,
      -0.084735766,
      0.9503795,
      0,
      -0.9538806,
      0.0029220989,
      -0.30017236,
      0,
      -1.9655808,
      2.816288,
      -3.7039604,
      1
    ],
    "uuid" : "AF7A434B-B3E8-4B03-8493-3438C1247A24",
    "keyframeTimestamp" : 235534.881705666
  },
  {
    "transform" : [
      -0.18523304,
      -0.9570472,
      0.22304602,
      0,
      0.9041688,
      -0.07707648,
      0.42016473,
      0,
      -0.38492578,
      0.27949956,
      0.8796092,
      0,
      -1.4972106,
      2.7423947,
      4.88434,
      1.0000001
    ],
    "uuid" : "55F49CD2-2BC9-431F-B2C7-536AAED2E28B",
    "keyframeTimestamp" : 235464.258347666
  },
  {
    "transform" : [
      -0.14856234,
      -0.9817447,
      0.118770525,
      0,
      0.93060833,
      -0.09816616,
      0.3526065,
      0,
      -0.33451033,
      0.1629129,
      0.92820376,
      0,
      -1.7259337,
      2.8389513,
      3.4824183,
      1
    ],
    "uuid" : "0B506C88-4EDC-4C6D-870B-0B30EA16564E",
    "keyframeTimestamp" : 235469.856239833
  },
  {
    "transform" : [
      -0.5584332,
      -0.8289007,
      0.0328261,
      0,
      0.06008046,
      -0.0009459823,
      0.99819344,
      0,
      -0.827372,
      0.5593961,
      0.05032898,
      0,
      -0.6492836,
      -0.16843066,
      -3.791792,
      1
    ],
    "uuid" : "197C5661-61A5-476F-9EDE-BF33E3389651",
    "keyframeTimestamp" : 235301.052887041
  },
  {
    "transform" : [
      0.0041042417,
      -0.9764567,
      0.2156759,
      0,
      0.8140679,
      -0.12199454,
      -0.56781274,
      0,
      0.58075565,
      0.17790519,
      0.7944012,
      0,
      -1.5263237,
      2.7477045,
      -1.6267867,
      1
    ],
    "uuid" : "905DD8BD-88E3-437E-B87A-21D4BE65C8AD",
    "keyframeTimestamp" : 235512.640101583
  },
  {
    "transform" : [
      0.19946204,
      -0.97742623,
      -0.06966181,
      0,
      0.24723473,
      -0.01859254,
      0.9687773,
      0,
      -0.94820356,
      -0.21045707,
      0.23794521,
      0,
      -1.9271387,
      2.851223,
      -4.0599165,
      1.0000001
    ],
    "uuid" : "3C47E3E6-ACB7-49C3-B989-8A030546E583",
    "keyframeTimestamp" : 235531.6495915
  },
  {
    "transform" : [
      0.029419113,
      -0.9929642,
      -0.11470162,
      0,
      -0.9911358,
      -0.043851186,
      0.1254065,
      0,
      -0.12955399,
      0.10999552,
      -0.9854526,
      0,
      -0.9267526,
      1.0848315,
      4.17068,
      0.9999999
    ],
    "uuid" : "B39DBE40-D9D3-42C4-834C-CA14EF935267",
    "keyframeTimestamp" : 235432.137087541
  },
  {
    "transform" : [
      -0.29445434,
      -0.8170993,
      0.49562657,
      0,
      0.8654383,
      -0.008012477,
      0.5009519,
      0,
      -0.4053562,
      0.5764415,
      0.7095082,
      0,
      -2.1100407,
      2.5104616,
      -0.0047568083,
      1
    ],
    "uuid" : "A07077CE-D2FA-415E-88F6-79F160C7B544",
    "keyframeTimestamp" : 235493.730571791
  },
  {
    "transform" : [
      0.7014824,
      -0.6750825,
      0.22844072,
      0,
      0.24104168,
      -0.07691085,
      -0.9674619,
      0,
      0.6706866,
      0.73372144,
      0.10877149,
      0,
      0.09873801,
      -0.2029261,
      -3.9446752,
      0.9999999
    ],
    "uuid" : "D4F6511A-3795-4426-98FF-DAAC2B509E9D",
    "keyframeTimestamp" : 235320.512292041
  },
  {
    "transform" : [
      -0.25259316,
      -0.94764346,
      0.19536851,
      0,
      0.67993116,
      -0.030189024,
      0.7326544,
      0,
      -0.6883971,
      0.31790054,
      0.6519577,
      0,
      -1.8705964,
      2.61229,
      2.359202,
      1
    ],
    "uuid" : "B76D1D3A-8261-4911-BEC1-8E6C738C15E8",
    "keyframeTimestamp" : 235483.900945
  },
  {
    "transform" : [
      -0.1522678,
      -0.92480576,
      -0.34863868,
      0,
      -0.9102486,
      -0.0062071783,
      0.414016,
      0,
      -0.3850485,
      0.38038915,
      -0.84085804,
      0,
      -1.9295739,
      2.6396399,
      -3.1563003,
      0.99999994
    ],
    "uuid" : "64A06DB7-652E-4034-88F7-7075111AD4E8",
    "keyframeTimestamp" : 235525.835120875
  },
  {
    "transform" : [
      0.13674723,
      -0.97674197,
      -0.16515301,
      0,
      0.73281723,
      -0.012433992,
      0.68031174,
      0,
      -0.6665425,
      -0.21405774,
      0.71407306,
      0,
      1.1127745,
      0.22086935,
      1.6820227,
      1
    ],
    "uuid" : "34A95960-F082-44DE-AD45-CBD98877CE64",
    "keyframeTimestamp" : 235125.667193458
  },
  {
    "transform" : [
      0.13011917,
      -0.9774446,
      0.16634554,
      0,
      0.672535,
      -0.03626691,
      -0.7391761,
      0,
      0.72853667,
      0.20805417,
      0.6526469,
      0,
      -3.2755482,
      0.048762117,
      5.3661823,
      1
    ],
    "uuid" : "8A61355C-F8B7-4906-9221-30FD6AFF0BF3",
    "keyframeTimestamp" : 235375.241769625
  },
  {
    "transform" : [
      -0.090976335,
      -0.9863666,
      0.13713697,
      0,
      0.96085817,
      -0.05075719,
      0.2723566,
      0,
      -0.2616822,
      0.15654677,
      0.95237386,
      0,
      1.0554893,
      0.028331954,
      1.6391633,
      1
    ],
    "uuid" : "7B65D920-E504-43FF-946E-58D68ABAFA17",
    "keyframeTimestamp" : 235124.067775333
  },
  {
    "transform" : [
      0.017249044,
      -0.998822,
      -0.04535754,
      0,
      -0.8661902,
      -0.03758684,
      0.49829906,
      0,
      -0.4994168,
      0.030693064,
      -0.86581784,
      0,
      0.37424946,
      0.091014974,
      4.22154,
      0.99999994
    ],
    "uuid" : "9CEB14D3-210F-4B10-9366-C3F4D66CD1B1",
    "keyframeTimestamp" : 235181.446847
  },
  {
    "transform" : [
      0.20964508,
      -0.95762,
      0.19751677,
      0,
      0.51578075,
      -0.06330607,
      -0.85437846,
      0,
      0.83067405,
      0.28099152,
      0.4806502,
      0,
      -1.1924239,
      2.7493055,
      5.7801905,
      0.99999994
    ],
    "uuid" : "42B6D6DF-118B-48F1-B4C3-6BB83C77C7CA",
    "keyframeTimestamp" : 235455.11178775
  },
  {
    "transform" : [
      -0.4420196,
      -0.74909306,
      0.49343506,
      0,
      0.7474533,
      -0.003467422,
      0.66430545,
      0,
      -0.49591574,
      0.6624557,
      0.561445,
      0,
      0.75442636,
      -0.11534629,
      1.8619107,
      1
    ],
    "uuid" : "0C998DF9-1624-44B1-B6FE-AC77EDBD1327",
    "keyframeTimestamp" : 235120.6856735
  },
  {
    "transform" : [
      -0.678081,
      -0.7346308,
      0.022890203,
      0,
      0.0886652,
      -0.050844375,
      0.994763,
      0,
      -0.72961974,
      0.6765592,
      0.09961278,
      0,
      0.6661817,
      -0.215213,
      5.463319,
      1
    ],
    "uuid" : "6D318FF5-39C5-4951-9D29-7089C36CCA9A",
    "keyframeTimestamp" : 235192.159599958
  },
  {
    "transform" : [
      -0.15601926,
      -0.8359051,
      -0.5262326,
      0,
      -0.9285146,
      -0.05760917,
      0.36679968,
      0,
      -0.33692557,
      0.54584235,
      -0.7671619,
      0,
      -2.0924296,
      2.5201359,
      3.1445925,
      1
    ],
    "uuid" : "400D401D-8451-44E6-BA30-43AF2FD53799",
    "keyframeTimestamp" : 235478.119791333
  },
  {
    "transform" : [
      0.12519309,
      -0.9112254,
      0.3924204,
      0,
      -0.9691328,
      -0.027645338,
      0.24498618,
      0,
      -0.21238905,
      -0.41097802,
      -0.88655955,
      0,
      -1.5361258,
      0.23336379,
      -3.908583,
      1
    ],
    "uuid" : "6D35A48F-687B-48E5-BA43-95B9C76CF0F8",
    "keyframeTimestamp" : 235296.821134125
  },
  {
    "transform" : [
      0.09919648,
      -0.99057263,
      0.09447485,
      0,
      -0.47823468,
      -0.1307181,
      -0.8684496,
      0,
      0.8726122,
      0.040965963,
      -0.486693,
      0,
      1.7508991,
      0.089201145,
      2.1477146,
      0.9999999
    ],
    "uuid" : "F100E024-2E2A-465D-8792-700F93FEF9B7",
    "keyframeTimestamp" : 235159.638146583
  },
  {
    "transform" : [
      -0.13138713,
      -0.87577665,
      0.46449208,
      0,
      0.95125484,
      0.020499403,
      0.3077244,
      0,
      -0.2790196,
      0.4822812,
      0.8303933,
      0,
      -2.1633306,
      2.536883,
      0.058561344,
      1
    ],
    "uuid" : "2673D265-5E9E-4684-8E9B-75EFAD9C5065",
    "keyframeTimestamp" : 235493.430684875
  },
  {
    "transform" : [
      -0.21838224,
      -0.7106775,
      0.6687651,
      0,
      0.9704248,
      -0.085901275,
      0.22560303,
      0,
      -0.1028832,
      0.6982539,
      0.70841855,
      0,
      -1.9608891,
      2.60297,
      3.3792105,
      1
    ],
    "uuid" : "56F46B44-B5F6-4E29-85F3-FD22F1E623A5",
    "keyframeTimestamp" : 235472.28865675
  },
  {
    "transform" : [
      -0.23261495,
      -0.9703741,
      -0.0653036,
      0,
      0.07574967,
      -0.08501808,
      0.99349606,
      0,
      -0.9696148,
      0.22615524,
      0.093281955,
      0,
      -2.3906763,
      0.013611605,
      2.1245117,
      1.0000001
    ],
    "uuid" : "1842C4D0-8911-4CE1-AF04-EAC58C1D3702",
    "keyframeTimestamp" : 235419.075324208
  },
  {
    "transform" : [
      -0.043501314,
      -0.99837303,
      -0.036865514,
      0,
      0.4821126,
      -0.053297635,
      0.87448686,
      0,
      -0.87502897,
      0.020267991,
      0.48364666,
      0,
      -2.0281281,
      2.7677035,
      -3.978087,
      0.99999994
    ],
    "uuid" : "FF7FB5F6-0FB3-4665-B0B3-188EC03355A1",
    "keyframeTimestamp" : 235530.616648208
  },
  {
    "transform" : [
      -0.15301418,
      -0.979739,
      -0.12922111,
      0,
      -0.58467263,
      -0.015667811,
      0.81111807,
      0,
      -0.79670876,
      0.1996646,
      -0.57042927,
      0,
      -0.6818296,
      2.421832,
      5.4702473,
      1
    ],
    "uuid" : "165F9FD8-1EEF-4D44-873B-16E5605FE7AC",
    "keyframeTimestamp" : 235440.633897416
  },
  {
    "transform" : [
      -0.009178485,
      -0.995573,
      -0.09354185,
      0,
      -0.9901318,
      -0.0040334035,
      0.14008123,
      0,
      -0.1398384,
      0.09390448,
      -0.98571163,
      0,
      -0.97225964,
      0.077072516,
      2.924486,
      1.0000001
    ],
    "uuid" : "14B81D85-627A-431D-9CBB-FDF5A469995C",
    "keyframeTimestamp" : 235425.123053416
  },
  {
    "transform" : [
      -0.7273054,
      -0.46364528,
      0.5060242,
      0,
      0.55706537,
      0.031858925,
      0.82985747,
      0,
      -0.4008808,
      0.8854481,
      0.23510958,
      0,
      -0.5905403,
      2.4800458,
      -0.71319395,
      0.99999994
    ],
    "uuid" : "2376980B-4105-459D-A7DC-81D0B2066747",
    "keyframeTimestamp" : 235508.391704458
  },
  {
    "transform" : [
      0.029580155,
      -0.98756945,
      -0.15437627,
      0,
      0.81254303,
      -0.06619179,
      0.57913136,
      0,
      -0.5821509,
      -0.14256814,
      0.8004846,
      0,
      -0.006799338,
      0.15361544,
      -3.9390566,
      1.0000001
    ],
    "uuid" : "39D508A7-E494-409E-9357-9817E7709EE6",
    "keyframeTimestamp" : 235304.218371041
  },
  {
    "transform" : [
      0.31126451,
      -0.9051059,
      0.28965154,
      0,
      0.6378534,
      -0.026957529,
      -0.76968557,
      0,
      0.7044552,
      0.42433098,
      0.5689339,
      0,
      -0.04843533,
      -0.11141825,
      2.1789021,
      0.9999999
    ],
    "uuid" : "39663A86-5A89-4481-80BD-6BFC5D4E6CEE",
    "keyframeTimestamp" : 235241.158334166
  },
  {
    "transform" : [
      -0.51773584,
      -0.80635375,
      0.2859072,
      0,
      0.4942091,
      -0.009092719,
      0.8692954,
      0,
      -0.69836015,
      0.59136355,
      0.40321505,
      0,
      -1.0656716,
      2.5682287,
      -0.29358596,
      1
    ],
    "uuid" : "1CF4D874-8BD4-43A9-AC24-E4EC36823A17",
    "keyframeTimestamp" : 235506.542402375
  },
  {
    "transform" : [
      -0.1133552,
      -0.9935481,
      0.0037271038,
      0,
      0.56560653,
      -0.06144577,
      0.82238317,
      0,
      -0.816848,
      0.09532944,
      0.56892234,
      0,
      -3.0941868,
      0.07091928,
      5.4331174,
      1
    ],
    "uuid" : "252B6BA4-E0F8-4FAB-9701-4A37840787BE",
    "keyframeTimestamp" : 235369.277346458
  },
  {
    "transform" : [
      0.14775914,
      -0.91143245,
      0.38400406,
      0,
      -0.95240414,
      -0.026450876,
      0.30369002,
      0,
      -0.26663566,
      -0.41059983,
      -0.87196004,
      0,
      -1.5331157,
      0.23081496,
      -3.9203541,
      0.99999994
    ],
    "uuid" : "E0A94B48-A013-4713-8203-A792D070659E",
    "keyframeTimestamp" : 235296.721171416
  },
  {
    "transform" : [
      -0.074987285,
      -0.9017466,
      -0.42571372,
      0,
      0.99202055,
      -0.110850595,
      0.060064387,
      0,
      -0.10135349,
      -0.41781273,
      0.9028637,
      0,
      0.16088895,
      0.29409745,
      2.0898066,
      1
    ],
    "uuid" : "FDCAD937-BC4C-43E7-A22B-9975FB4C999B",
    "keyframeTimestamp" : 235113.904806583
  },
  {
    "transform" : [
      -0.08640551,
      -0.99620897,
      -0.010033764,
      0,
      0.78897125,
      -0.07457362,
      0.6098887,
      0,
      -0.6083246,
      0.044781357,
      0.79242355,
      0,
      -0.11382224,
      0.076606624,
      -3.9696743,
      1
    ],
    "uuid" : "18C7B2A0-AB8D-4D9F-803E-135124925F64",
    "keyframeTimestamp" : 235303.7851995
  },
  {
    "transform" : [
      0.11123992,
      -0.91027164,
      0.39878753,
      0,
      -0.9801572,
      -0.034245268,
      0.19524206,
      0,
      -0.16406669,
      -0.4125931,
      -0.89601874,
      0,
      -0.8624443,
      1.6638625,
      4.540306,
      0.99999994
    ],
    "uuid" : "AF65D7C0-9C5D-4365-A181-6B8E99F51321",
    "keyframeTimestamp" : 235434.869394875
  },
  {
    "transform" : [
      0.09112263,
      -0.99176854,
      -0.08996409,
      0,
      0.0920051,
      -0.08156917,
      0.9924126,
      0,
      -0.99158174,
      -0.09870836,
      0.08381492,
      0,
      0.7192869,
      0.19514313,
      4.116634,
      1
    ],
    "uuid" : "4D3D8E49-0FDB-44E7-836F-FD3F75D4AD6A",
    "keyframeTimestamp" : 235233.927651708
  },
  {
    "transform" : [
      0.24472195,
      -0.91008556,
      -0.334449,
      0,
      0.74895257,
      -0.041634206,
      0.66131425,
      0,
      -0.6157764,
      -0.41232422,
      0.6714216,
      0,
      0.35137334,
      0.34221494,
      -0.055348117,
      0.99999994
    ],
    "uuid" : "2F349F90-4C87-4EA4-B439-1FFBCC1F9C72",
    "keyframeTimestamp" : 235079.350700041
  },
  {
    "transform" : [
      -0.20555985,
      -0.94857824,
      0.24071793,
      0,
      -0.8267417,
      0.03669667,
      -0.5613843,
      0,
      0.52368313,
      -0.31440955,
      -0.7917724,
      0,
      -1.6586419,
      0.26841956,
      6.289821,
      0.99999994
    ],
    "uuid" : "57675492-F3FD-4BD9-BCEA-32EEED1DCD76",
    "keyframeTimestamp" : 235397.833290333
  },
  {
    "transform" : [
      0.038145483,
      -0.9924403,
      -0.11665255,
      0,
      -0.9992425,
      -0.038785215,
      0.003218396,
      0,
      -0.007718471,
      0.116441354,
      -0.99316776,
      0,
      -3.785226,
      0.039787635,
      4.552977,
      0.99999994
    ],
    "uuid" : "F9810EEC-B228-45FE-BC84-ED3E7BD5D5F4",
    "keyframeTimestamp" : 235363.013034708
  },
  {
    "transform" : [
      0.3789636,
      -0.90181744,
      0.20763497,
      0,
      0.41984174,
      -0.03240579,
      -0.9070188,
      0,
      0.824694,
      0.4309008,
      0.36634004,
      0,
      -0.1835121,
      -0.11475662,
      2.0623248,
      0.99999994
    ],
    "uuid" : "6A8E6ADD-6658-4C73-8968-1F5697750B68",
    "keyframeTimestamp" : 235241.641490291
  },
  {
    "transform" : [
      -0.41092822,
      -0.8024193,
      -0.43273735,
      0,
      -0.79108846,
      0.07792811,
      0.6067182,
      0,
      -0.4531199,
      0.5916508,
      -0.66680735,
      0,
      0.17627706,
      -0.058852807,
      1.6228629,
      1.0000001
    ],
    "uuid" : "62649C60-B35F-4310-AFEC-9C42853C6B5F",
    "keyframeTimestamp" : 235108.023611166
  },
  {
    "transform" : [
      -0.0016500694,
      -0.98523366,
      -0.17120762,
      0,
      0.99699533,
      -0.0148798395,
      0.07601887,
      0,
      -0.07744388,
      -0.1705678,
      0.982298,
      0,
      -1.5177484,
      2.9044526,
      5.671741,
      0.9999999
    ],
    "uuid" : "D3968D47-B5E5-4F4E-B871-38BCD89AE70B",
    "keyframeTimestamp" : 235457.46090475
  },
  {
    "transform" : [
      -0.18466689,
      -0.9574379,
      0.2218338,
      0,
      0.8816523,
      -0.061649773,
      0.46785548,
      0,
      -0.4342668,
      0.28197774,
      0.85551244,
      0,
      0.69150895,
      0.022775728,
      5.359236,
      1
    ],
    "uuid" : "D0BDAB73-A70F-4560-A539-2D1B2AAE389B",
    "keyframeTimestamp" : 235189.493907041
  },
  {
    "transform" : [
      -0.5024332,
      -0.73267543,
      0.45907277,
      0,
      0.63383186,
      0.049009353,
      0.77191705,
      0,
      -0.5880635,
      0.6788115,
      0.43976903,
      0,
      -2.0072799,
      2.4507759,
      -0.021523336,
      1
    ],
    "uuid" : "60E91B02-4B88-4CB1-B9D5-984712DF6033",
    "keyframeTimestamp" : 235494.396987208
  },
  {
    "transform" : [
      0.08810219,
      -0.9790272,
      0.1836964,
      0,
      -0.9452794,
      -0.02401417,
      0.32537726,
      0,
      -0.31414208,
      -0.20231101,
      -0.92757046,
      0,
      0.6945019,
      0.12751763,
      6.037258,
      1
    ],
    "uuid" : "2D1AF276-7BEE-4A8A-B9D5-B5138E347D37",
    "keyframeTimestamp" : 235198.340674041
  },
  {
    "transform" : [
      0.22083063,
      -0.8473258,
      -0.4829819,
      0,
      -0.9241656,
      -0.023531042,
      -0.38126814,
      0,
      0.31169325,
      0.5305508,
      -0.78826576,
      0,
      0.7892575,
      0.10235267,
      6.747598,
      1
    ],
    "uuid" : "E07794DC-1B85-4873-A81D-ED225BA44593",
    "keyframeTimestamp" : 235220.83244775
  },
  {
    "transform" : [
      0.22940168,
      -0.9612137,
      -0.15310636,
      0,
      -0.7092883,
      -0.057367437,
      -0.7025806,
      0,
      0.6665471,
      0.2697698,
      -0.69493824,
      0,
      0.6960287,
      -0.060253672,
      1.8712467,
      1
    ],
    "uuid" : "F880447B-E731-4858-AD09-B33390974EF2",
    "keyframeTimestamp" : 235172.400156333
  },
  {
    "transform" : [
      0.16995715,
      -0.9082167,
      0.38243568,
      0,
      0.80910766,
      -0.09293025,
      -0.580266,
      0,
      0.5625473,
      0.4080521,
      0.719051,
      0,
      -0.5384907,
      2.7389963,
      5.6685185,
      0.99999994
    ],
    "uuid" : "16BFA9CD-3425-4F62-AEB0-411712778F27",
    "keyframeTimestamp" : 235450.280272416
  },
  {
    "transform" : [
      0.002546022,
      -0.9926956,
      0.12061899,
      0,
      -0.99713576,
      0.006597509,
      0.075345084,
      0,
      -0.07559054,
      -0.12046531,
      -0.9898356,
      0,
      1.815408,
      0.04096696,
      1.4930099,
      1
    ],
    "uuid" : "95186CEC-E01D-4FF6-8F4B-FD497D48DCBD",
    "keyframeTimestamp" : 235144.277081125
  },
  {
    "transform" : [
      -0.25639465,
      -0.96074784,
      -0.105949655,
      0,
      -0.4355761,
      0.016992627,
      0.89999145,
      0,
      -0.8628647,
      0.27690217,
      -0.4228357,
      0,
      -0.93458164,
      2.658745,
      -3.1721494,
      1
    ],
    "uuid" : "2EE18570-0D4A-464D-B82F-DD9B0E92DBE4",
    "keyframeTimestamp" : 235548.243325208
  },
  {
    "transform" : [
      -0.120211266,
      -0.8622278,
      -0.49204996,
      0,
      -0.9719337,
      0.0012518846,
      0.23525651,
      0,
      -0.20222868,
      0.5065202,
      -0.83817846,
      0,
      -0.114025354,
      -0.023557018,
      0.44082773,
      1
    ],
    "uuid" : "F41C1B47-9BAF-470C-B7E8-2535D45BEA48",
    "keyframeTimestamp" : 235097.460784833
  },
  {
    "transform" : [
      0.030990405,
      -0.8875646,
      0.45963976,
      0,
      0.9915384,
      -0.030697068,
      -0.12612881,
      0,
      0.12605712,
      0.45965943,
      0.8791036,
      0,
      0.31111482,
      -0.10632126,
      2.5412734,
      0.9999999
    ],
    "uuid" : "6165A70A-D790-473E-85F7-41F16A818F8B",
    "keyframeTimestamp" : 235239.825489625
  },
  {
    "transform" : [
      -0.108129285,
      -0.9840668,
      0.14114045,
      0,
      -0.4111909,
      -0.084988445,
      -0.907579,
      0,
      0.90511376,
      -0.15617155,
      -0.39544955,
      0,
      -1.3652196,
      0.116273805,
      1.9898874,
      1
    ],
    "uuid" : "DB2AB72F-C2BA-470B-9478-80FE8B5E600E",
    "keyframeTimestamp" : 235245.340132916
  },
  {
    "transform" : [
      -0.09168713,
      -0.97478944,
      0.20341858,
      0,
      0.9851076,
      -0.058952212,
      0.16151755,
      0,
      -0.14545365,
      0.21519822,
      0.9656776,
      0,
      -2.179959,
      2.6545331,
      1.0018859,
      1
    ],
    "uuid" : "9D3633E8-A099-4CD8-9C69-BFE2C26D2836",
    "keyframeTimestamp" : 235489.049003916
  },
  {
    "transform" : [
      -0.05841243,
      -0.99521023,
      0.07838639,
      0,
      0.99824333,
      -0.05745026,
      0.01447604,
      0,
      -0.0099033695,
      0.07909427,
      0.9968179,
      0,
      -2.0265667,
      2.67669,
      1.7928258,
      0.99999994
    ],
    "uuid" : "73AF26D7-B15F-4CF5-939A-2E8163211E87",
    "keyframeTimestamp" : 235485.85021025
  },
  {
    "transform" : [
      0.0064552124,
      -0.8985436,
      0.43883696,
      0,
      0.98809326,
      -0.06172999,
      -0.14093034,
      0,
      0.15372147,
      0.4345215,
      0.8874464,
      0,
      -0.6272324,
      2.7621455,
      5.455216,
      1
    ],
    "uuid" : "63D12906-FE8D-4E58-96CA-CCA17AA8410F",
    "keyframeTimestamp" : 235447.8811755
  },
  {
    "transform" : [
      -0.051088363,
      -0.9869658,
      0.15260163,
      0,
      0.9982833,
      -0.054849267,
      -0.020535128,
      0,
      0.0286376,
      0.15129067,
      0.98807466,
      0,
      0.025217688,
      0.13059516,
      0.0468675,
      0.99999994
    ],
    "uuid" : "2E256CE9-8F3C-40DA-87C3-60394302FA4D",
    "keyframeTimestamp" : 235050.277922833
  },
  {
    "transform" : [
      -0.16336432,
      -0.9833207,
      -0.079952136,
      0,
      -0.14076696,
      -0.05697887,
      0.98840183,
      0,
      -0.9764717,
      0.17272423,
      -0.12911083,
      0,
      -1.9212879,
      2.6612823,
      2.9730127,
      1
    ],
    "uuid" : "BF17E0C7-3DE1-4E67-B058-89B50281CA80",
    "keyframeTimestamp" : 235481.851717291
  },
  {
    "transform" : [
      -0.51415586,
      -0.8485525,
      0.124902144,
      0,
      0.11911038,
      0.07357313,
      0.9901509,
      0,
      -0.84938586,
      0.5239697,
      0.06324344,
      0,
      0.3346667,
      -0.035083566,
      1.8253636,
      0.9999999
    ],
    "uuid" : "5C183D53-A2F7-40EE-B997-369A8B72F58C",
    "keyframeTimestamp" : 235109.922920625
  },
  {
    "transform" : [
      -0.030167498,
      -0.97004086,
      0.2410606,
      0,
      0.9983537,
      -0.041012026,
      -0.040095787,
      0,
      0.04878098,
      0.23945427,
      0.96968186,
      0,
      0.732374,
      -0.015339176,
      -4.0183516,
      1
    ],
    "uuid" : "EAC509E4-E888-4A6A-BA98-27EA3011C315",
    "keyframeTimestamp" : 235314.581169125
  },
  {
    "transform" : [
      -0.3928641,
      -0.8029012,
      0.44833857,
      0,
      0.82419336,
      -0.09118306,
      0.55891925,
      0,
      -0.4078762,
      0.58909696,
      0.69756866,
      0,
      -1.8854742,
      2.6640754,
      3.4909427,
      1
    ],
    "uuid" : "6C1565B6-87E7-4823-A1DF-6CB43DE9394C",
    "keyframeTimestamp" : 235471.722203541
  },
  {
    "transform" : [
      -0.6075739,
      -0.7813283,
      -0.14275827,
      0,
      -0.17982681,
      -0.039750606,
      0.98289514,
      0,
      -0.7736383,
      0.622853,
      -0.11635232,
      0,
      -2.1208751,
      2.5428176,
      -3.7391276,
      1
    ],
    "uuid" : "2D213CE3-1ABA-4232-B3BA-7E7D46D051C5",
    "keyframeTimestamp" : 235528.2675355
  },
  {
    "transform" : [
      0.5565623,
      -0.8163523,
      -0.15429695,
      0,
      0.14061606,
      -0.09047957,
      0.9859224,
      0,
      -0.8188206,
      -0.57042366,
      0.0644347,
      0,
      0.09977071,
      0.35562792,
      -0.11611785,
      1
    ],
    "uuid" : "643B9392-B076-4F29-8DBB-51790ADFA98C",
    "keyframeTimestamp" : 235081.566561666
  },
  {
    "transform" : [
      0.11222579,
      -0.9606451,
      0.2540989,
      0,
      -0.94388306,
      -0.023119083,
      0.32947326,
      0,
      -0.310632,
      -0.27681464,
      -0.9093302,
      0,
      0.6924384,
      0.16349822,
      6.065901,
      1.0000001
    ],
    "uuid" : "FB5EEFF8-908D-4FD8-9234-C4DF046016ED",
    "keyframeTimestamp" : 235198.540600875
  },
  {
    "transform" : [
      -0.04510774,
      -0.9365702,
      -0.34756535,
      0,
      -0.96176827,
      -0.053362966,
      0.26861525,
      0,
      -0.27012417,
      0.3463939,
      -0.89835656,
      0,
      -1.2193652,
      -0.0042906664,
      2.3671906,
      1
    ],
    "uuid" : "ECFE5352-785B-4577-8D77-64F9E2A8D15B",
    "keyframeTimestamp" : 235423.073822541
  },
  {
    "transform" : [
      0.5429839,
      -0.83960885,
      -0.0150164645,
      0,
      -0.023867626,
      -0.033305492,
      0.9991597,
      0,
      -0.839404,
      -0.5421695,
      -0.03812385,
      0,
      0.09228818,
      0.33238626,
      -0.15206788,
      1
    ],
    "uuid" : "F7F09B1D-A3BC-40F6-99B5-48E8598BCD44",
    "keyframeTimestamp" : 235086.364818208
  },
  {
    "transform" : [
      0.45092937,
      -0.8017844,
      -0.39217943,
      0,
      0.63075805,
      -0.024623454,
      0.775589,
      0,
      -0.6315117,
      -0.5971059,
      0.49462843,
      0,
      0.12004119,
      0.34959283,
      -0.1935156,
      1
    ],
    "uuid" : "FA9DEB87-245C-4CCD-ADFD-382581A0EDA6",
    "keyframeTimestamp" : 235083.582495875
  },
  {
    "transform" : [
      -0.55474955,
      -0.8310421,
      0.04027272,
      0,
      0.31374866,
      -0.16411713,
      0.9352151,
      0,
      -0.7705938,
      0.5314457,
      0.3517823,
      0,
      -1.9990648,
      2.585816,
      3.015346,
      0.9999999
    ],
    "uuid" : "4037454E-6E89-4F0C-A7EF-FDF9B9FA5425",
    "keyframeTimestamp" : 235476.103885041
  },
  {
    "transform" : [
      0.23657945,
      -0.9136166,
      0.33065885,
      0,
      0.7708401,
      -0.03068012,
      -0.63628936,
      0,
      0.59146935,
      0.4054181,
      0.696994,
      0,
      -3.2308476,
      -0.027219858,
      5.352836,
      1
    ],
    "uuid" : "850453B7-DF21-4A0A-B59D-D9E1945B75B2",
    "keyframeTimestamp" : 235374.625334791
  },
  {
    "transform" : [
      0.32549137,
      -0.89476395,
      -0.3057016,
      0,
      -0.7570724,
      -0.05292158,
      -0.65118444,
      0,
      0.5664782,
      0.44339326,
      -0.69462675,
      0,
      -1.7127593,
      -0.033457644,
      6.1401367,
      0.9999999
    ],
    "uuid" : "EFB2E05E-B4FD-41EB-8526-9E98D773E798",
    "keyframeTimestamp" : 235399.682596833
  },
  {
    "transform" : [
      -0.46296877,
      -0.8552904,
      0.23267932,
      0,
      -0.17737009,
      -0.16780278,
      -0.9697338,
      0,
      0.8684469,
      -0.4902259,
      -0.07401539,
      0,
      1.7469939,
      0.14436412,
      2.2546628,
      0.9999999
    ],
    "uuid" : "BEDB33E7-E928-43BA-B1CD-0D4544122746",
    "keyframeTimestamp" : 235158.755135458
  },
  {
    "transform" : [
      -0.16243891,
      -0.92552114,
      -0.34208858,
      0,
      -0.8266123,
      -0.06167788,
      0.55938196,
      0,
      -0.53881913,
      0.37363997,
      -0.7550282,
      0,
      -0.84325314,
      2.6323535,
      -3.0659792,
      1
    ],
    "uuid" : "6246893B-78DF-4982-9A2B-B88C2705882B",
    "keyframeTimestamp" : 235545.061196
  },
  {
    "transform" : [
      0.112952866,
      -0.9538697,
      0.2781627,
      0,
      -0.8655119,
      0.043036465,
      0.4990362,
      0,
      -0.48798662,
      -0.29712063,
      -0.82072455,
      0,
      -1.0572213,
      2.802538,
      -3.281262,
      1
    ],
    "uuid" : "CF310AB2-EB71-4ED8-86E7-9CB137129E2F",
    "keyframeTimestamp" : 235540.662857958
  },
  {
    "transform" : [
      -0.06798756,
      -0.8060466,
      0.58793473,
      0,
      0.9952842,
      -0.013927013,
      0.09599901,
      0,
      -0.06919145,
      0.5916887,
      0.80319214,
      0,
      -3.2652042,
      -0.1834978,
      4.9872985,
      0.99999994
    ],
    "uuid" : "0A11452F-9611-4AC1-A1F3-F9A6F641082C",
    "keyframeTimestamp" : 235379.023682375
  },
  {
    "transform" : [
      -0.07582189,
      -0.99689144,
      -0.021412395,
      0,
      0.9533293,
      -0.0787693,
      0.29147667,
      0,
      -0.29225725,
      0.0016872479,
      0.9563384,
      0,
      -1.729515,
      2.8708913,
      3.5180724,
      1
    ],
    "uuid" : "1FBEC88D-70B0-4478-8AA9-D233E47FD477",
    "keyframeTimestamp" : 235469.539692541
  },
  {
    "transform" : [
      0.10007918,
      -0.95010406,
      -0.29544544,
      0,
      -0.98805875,
      -0.059938204,
      -0.14194356,
      0,
      0.117152624,
      0.3061228,
      -0.9447568,
      0,
      0.85600126,
      0.1290352,
      6.481152,
      0.99999994
    ],
    "uuid" : "CAF63A31-82A6-4C7C-91C8-163573EA2F38",
    "keyframeTimestamp" : 235201.656128666
  },
  {
    "transform" : [
      -0.50246096,
      -0.84767085,
      -0.17025784,
      0,
      -0.08313674,
      -0.1486398,
      0.98539174,
      0,
      -0.86059386,
      0.50927484,
      0.0042131003,
      0,
      1.5429693,
      -0.003961727,
      1.5464393,
      1
    ],
    "uuid" : "F49B7E7A-A509-48C1-920B-98A316C4D771",
    "keyframeTimestamp" : 235128.116302041
  },
  {
    "transform" : [
      0.13433303,
      -0.9827687,
      0.12696628,
      0,
      -0.9536647,
      -0.16302477,
      -0.25287864,
      0,
      0.26921982,
      -0.08711325,
      -0.95913124,
      0,
      -3.229357,
      0.11068164,
      -0.7624978,
      1
    ],
    "uuid" : "B7547EA3-0848-4A2F-8753-90A3BE755030",
    "keyframeTimestamp" : 235346.752478333
  },
  {
    "transform" : [
      0.37970063,
      -0.91836613,
      -0.11149384,
      0,
      -0.2889155,
      -0.0032261899,
      -0.9573495,
      0,
      0.8788376,
      0.3957184,
      -0.26655516,
      0,
      1.4054233,
      -0.11570948,
      1.5249724,
      1
    ],
    "uuid" : "7F891BA5-F23C-4175-AB5B-B30A616FCFD7",
    "keyframeTimestamp" : 235170.334243666
  },
  {
    "transform" : [
      -0.65683895,
      -0.7444963,
      -0.11953239,
      0,
      -0.28508773,
      0.09844317,
      0.9534331,
      0,
      -0.6980601,
      0.66032887,
      -0.276908,
      0,
      -1.7502955,
      -0.17965288,
      6.586472,
      1
    ],
    "uuid" : "0C933C41-2FFD-4E8B-9E08-BE6BBFE2C680",
    "keyframeTimestamp" : 235388.703381541
  },
  {
    "transform" : [
      0.4416885,
      -0.7545775,
      0.4853089,
      0,
      0.6115177,
      -0.14260085,
      -0.77827513,
      0,
      0.65647376,
      0.64052945,
      0.39845204,
      0,
      0.17642942,
      -0.14132652,
      -4.06411,
      1
    ],
    "uuid" : "B52986AD-5A61-4E82-A77D-C263FE7B1A4F",
    "keyframeTimestamp" : 235319.629287833
  },
  {
    "transform" : [
      -0.04548352,
      -0.9962902,
      -0.07305505,
      0,
      -0.6526573,
      -0.025728682,
      0.75721496,
      0,
      -0.7562864,
      0.0821208,
      -0.6490667,
      0,
      0.24913523,
      0.1923937,
      -0.75193745,
      1
    ],
    "uuid" : "707787FC-FA3B-418A-9476-3980D625A451",
    "keyframeTimestamp" : 235063.8896485
  },
  {
    "transform" : [
      -0.075232685,
      -0.995782,
      0.052519053,
      0,
      0.59965104,
      -0.0030977272,
      0.80025595,
      0,
      -0.7967175,
      0.09169844,
      0.59735435,
      0,
      0.16395593,
      0.1548596,
      -0.15676273,
      1
    ],
    "uuid" : "8EECFF05-4CF2-4A78-A7F4-AA0A750FBFBC",
    "keyframeTimestamp" : 235055.792587625
  },
  {
    "transform" : [
      -0.099942185,
      -0.99472004,
      0.023312917,
      0,
      0.94757,
      -0.08800534,
      0.30719098,
      0,
      -0.3035174,
      0.052791953,
      0.9513624,
      0,
      -2.2844758,
      2.6751204,
      0.5315732,
      0.9999999
    ],
    "uuid" : "0C2521A0-34B6-47CB-9128-7E281AD05854",
    "keyframeTimestamp" : 235491.364797208
  },
  {
    "transform" : [
      -0.059411157,
      -0.9967699,
      0.054008674,
      0,
      0.9119711,
      -0.07619911,
      -0.403116,
      0,
      0.40593013,
      0.025304792,
      0.913554,
      0,
      0.116726846,
      0.16142721,
      2.2292657,
      1
    ],
    "uuid" : "B275D5CE-424D-4B7D-932F-0C7B16E74CA4",
    "keyframeTimestamp" : 235115.470903833
  },
  {
    "transform" : [
      -0.01914954,
      -0.9997546,
      -0.011130941,
      0,
      0.8475915,
      -0.022137903,
      0.5301874,
      0,
      -0.530304,
      0.0007183568,
      0.84780765,
      0,
      -3.1476166,
      0.08043462,
      -0.47543433,
      1.0000001
    ],
    "uuid" : "0BE51FF8-F285-4892-BDBF-6031FABE3EB2",
    "keyframeTimestamp" : 235268.581588208
  },
  {
    "transform" : [
      0.23410627,
      -0.91703767,
