[
  {
    "keyframeTimestamp" : 235102.425646375,
    "uuid" : "363151A5-35F7-42D1-9CB2-F8B46073994A",
    "transform" : [
      -0.005649255,
      -0.9907764,
      -0.13538307,
      0,
      -0.9548821,
      -0.03485546,
      0.29492867,
      0,
      -0.2969276,
      0.13094114,
      -0.9458791,
      0,
      0.039995093,
      0.0776949,
      1.5168912,
      1
    ]
  },
  {
    "keyframeTimestamp" : 235557.789715666,
    "uuid" : "5B0BBE4C-3154-4EC1-A20D-D550A0468258",
    "transform" : [
      -0.098816045,
      -0.9806489,
      -0.16900638,
      0,
      -0.7596137,
      -0.035377376,
      0.64941233,
      0,
      -0.6428245,
      0.1925519,
      -0.74141866,
      0,
      -1.4192463,
      2.7213457,
      -1.4776769,
      1
    ]
  },
  {
    "keyframeTimestamp" : 235467.423823041,
    "uuid" : "BFDFF171-E641-4DBA-AFF9-E88621860F95",
    "transform" : [
      -0.06119877,
      -0.9980321,
      0.013659393,
      0,
      0.9628876,
      -0.06263689,
      -0.26253703,
      0,
      0.26287594,
      -0.0029144858,
      0.96482587,
      0,
      -1.6626025,
      2.826268,
      4.0911126,
      1
    ]
  },
  {
    "keyframeTimestamp" : 235323.094662916,
    "uuid" : "1D039F7B-AA04-4E35-8511-399B237BA05C",
    "transform" : [
      0.07667033,
      -0.86570317,
      -0.4946506,
      0,
      -0.99682546,
      -0.07726192,
      -0.019288419,
      0,
      -0.02151961,
      0.49455875,
      -0.86887807,
      0,
      0.521487,
      -0.025117867,
      -3.6839676,
      1
    ]
  },
  {
    "keyframeTimestamp" : 235067.088486833,
    "uuid" : "642F997C-768B-4910-A303-830E416CE73E",
    "transform" : [
      0.055925816,
      -0.98004115,
      -0.1907669,
      0,
      -0.9930208,
      -0.034728438,
      -0.112704046,
      0,
      0.103829615,
      0.19573864,
      -0.9751441,
      0,
      0.08687991,
      0.17017081,
      -0.70453095,
      1
    ]
  },
  {
    "keyframeTimestamp" : 235387.487171041,
    "uuid" : "4E8AF29B-25FF-46C9-879C-552EABB7F24D",
    "transform" : [
      -0.23198429,
      -0.9618686,
      -0.14488275,
      0,
      -0.391292,
      -0.04408495,
      0.919209,
      0,
      -0.8905468,
      0.26993385,
      -0.366145,
      0,
      -1.7715348,
      0.0101850135,
      6.5696993,
      1
    ]
  },
  {
    "keyframeTimestamp" : 235565.23689975,
    "uuid" : "C84B7FEB-D4FD-4EE5-A54F-B17B53654173",
    "transform" : [
      -0.118053734,
      -0.89560765,
      -0.42889476,
      0,
      -0.9831957,
      0.044856023,
      0.17695835,
      0,
      -0.13924673,
      0.44257796,
      -0.88585293,
      0,
      -1.3033078,
      2.6168718,
      -0.0012091426,
      1
    ]
  },
  {
    "keyframeTimestamp" : 235060.974040583,
    "uuid" : "7F0B3ED3-020D-40AE-8975-0513BA3AE31F",
    "transform" : [
      -0.5093686,
      -0.7617656,
      -0.4003214,
      0,
      -0.61771107,
      -0.00022614637,
      0.7864054,
      0,
      -0.5991471,
      0.64785296,
      -0.47043586,
      0,
      0.3571983,
      0.054881856,
      -0.77281034,
      1
    ]
  },
  {
    "keyframeTimestamp" : 235143.777263166,
    "uuid" : "E40B9386-E753-4DC6-B83D-F625A4D343CE",
    "transform" : [
      -0.03230098,
      -0.98816705,
      -0.14994188,
      0,
      -0.993175,
      0.014912305,
      0.115675986,
      0,
      -0.11207144,
      0.15265521,
      -0.9819064,
      0,
      1.8293351,
      -0.060657807,
      1.4702779,
      1
    ]
  },
  {
    "keyframeTimestamp" : 235388.020304458,
    "uuid" : "EDAAF0B1-A4D8-443E-9C02-FE999B0E48C4",
    "transform" : [
      -0.4484742,
      -0.8780282,
      -0.16715316,
      0,
      -0.3784008,
      0.017089553,
      0.92548573,
      0,
      -0.8097445,
      0.47830638,
      -0.33991015,
      0,
      -1.7703454,
      -0.08588377,
      6.57735,
      1
    ]
  },
  {
    "keyframeTimestamp" : 235383.9051825,
    "uuid" : "826175F0-9299-479C-B271-04F5A5E54991",
    "transform" : [
      0.012956362,
      -0.99680763,
      -0.07877586,
      0,
      -0.82146525,
      -0.055529576,
      0.56754833,
      0,
      -0.5701117,
      0.05735834,
      -0.8195634,
      0,
      -2.326186,
      0.04836796,
      5.6814337,
      1
    ]
  },
  {
    "keyframeTimestamp" : 235487.632871416,
    "uuid" : "E04631F4-4028-4CC6-9F56-BB674864073A",
    "transform" : [
      -0.00026573538,
      -0.91556937,
      0.40216014,
      0,
      0.9934846,
      -0.046074588,
      -0.10423829,
      0,
      0.11396678,
      0.39951208,
      0.9096163,
      0,
      -2.1708403,
      2.61075,
      1.3007836,
      1
    ]
  },
  {
    "keyframeTimestamp" : 235453.395766458,
    "uuid" : "C566C005-1FEF-4CE2-A201-79C7AB083EE8",
    "transform" : [
      0.4547935,
      -0.8884994,
      -0.06108987,
      0,
      -0.1837918,
      -0.026516557,
      -0.9826075,
      0,
      0.8714263,
      0.45811132,
      -0.17535844,
      0,
      -0.61192465,
      2.6899319,
      5.886171,
      0.9999999
    ]
  },
  {
    "keyframeTimestamp" : 235442.599826375,
    "uuid" : "B6B0B02A-DAB0-4295-9A07-29073952F0E1",
    "transform" : [
      -0.49105138,
      -0.8658749,
      -0.095546134,
      0,
      -0.17196868,
      -0.011169354,
      0.9850399,
      0,
      -0.85398805,
      0.5001357,
      -0.1434186,
      0,
      -0.5809651,
      2.6076257,
      5.738411,
      1
    ]
  },
  {
    "keyframeTimestamp" : 235591.160401083,
    "uuid" : "9C8B280C-7533-4A2C-9645-6A5786C492F4",
    "transform" : [
      0.30291352,
      -0.901539,
      0.30898297,
      0,
      0.6845451,
      -0.019742766,
      -0.72870296,
      0,
      0.6630547,
      0.43224686,
      0.6111639,
      0,
      -0.06890894,
      2.7636847,
      4.000699,
      0.99999994
    ]
  },
  {
    "keyframeTimestamp" : 235247.639289125,
    "uuid" : "7C411BEF-BBBF-4740-9504-8A01ED0C2461",
    "transform" : [
      0.22584699,
      -0.9669483,
      0.11834642,
      0,
      0.39096642,
      -0.021303073,
      -0.92015934,
      0,
      0.89226735,
      0.25408453,
      0.37323296,
      0,
      -2.0781405,
      -0.024898551,
      1.9012513,
      1
    ]
  },
  {
    "keyframeTimestamp" : 235533.348950333,
    "uuid" : "ABB2F59E-DE72-44FB-A089-B5FF166EF293",
    "transform" : [
      0.1888519,
      -0.98153454,
      0.030384734,
      0,
      -0.35278198,
      -0.03893597,
      0.9348953,
      0,
      -0.9164493,
      -0.18727599,
      -0.35362104,
      0,
      -2.0688426,
      2.8824813,
      -4.048408,
      1.0000001
    ]
  },
  {
    "keyframeTimestamp" : 235509.3080255,
    "uuid" : "B1A4AB61-6F9F-471D-AD08-A3B4E25AED81",
    "transform" : [
      -0.42196155,
      -0.7451724,
      0.5163989,
      0,
      0.8048665,
      -0.04572538,
      0.59169275,
      0,
      -0.4173004,
      0.6653033,
      0.61905843,
      0,
      -0.8972578,
      2.5723345,
      -0.7352129,
      1
    ]
  },
  {
    "keyframeTimestamp" : 235582.613645375,
    "uuid" : "9B476C17-9848-4CE3-89FC-AEFAE72DC19B",
    "transform" : [
      0.01749464,
      -0.90418124,
      -0.42679122,
      0,
      -0.9881409,
      -0.08076267,
      0.13059531,
      0,
      -0.1525506,
      0.41944504,
      -0.8948713,
      0,
      0.066613115,
      2.6375976,
      2.9919114,
      0.9999999
    ]
  },
  {
    "keyframeTimestamp" : 235276.861867416,
    "uuid" : "1574518E-BF8A-4D26-87E1-8252FF333DDA",
    "transform" : [
      -0.014171534,
      -0.9944679,
      0.104081355,
      0,
      0.98095065,
      -0.03399664,
      -0.19126378,
      0,
      0.19374387,
      0.09938801,
      0.9760044,
      0,
      -2.9046974,
      0.04356929,
      -1.2641352,
      1
    ]
  },
  {
    "keyframeTimestamp" : 235534.881705666,
    "uuid" : "AF7A434B-B3E8-4B03-8493-3438C1247A24",
    "transform" : [
      0.021633869,
      -0.9963971,
      -0.081998736,
      0,
      -0.28722095,
      -0.084754646,
      0.95410746,
      0,
      -0.95762026,
      0.0029107183,
      -0.2880198,
      0,
      -2.0774047,
      2.8284519,
      -3.6961102,
      1
    ]
  },
  {
    "keyframeTimestamp" : 235464.258347666,
    "uuid" : "55F49CD2-2BC9-431F-B2C7-536AAED2E28B",
    "transform" : [
      -0.18523306,
      -0.9570472,
      0.22304602,
      0,
      0.9041693,
      -0.077076524,
      0.42016497,
      0,
      -0.3849258,
      0.27949956,
      0.8796092,
      0,
      -1.4972105,
      2.7423947,
      4.88434,
      1.0000001
    ]
  },
  {
    "keyframeTimestamp" : 235469.856239833,
    "uuid" : "0B506C88-4EDC-4C6D-870B-0B30EA16564E",
    "transform" : [
      -0.1485623,
      -0.9817444,
      0.11877049,
      0,
      0.93060833,
      -0.09816616,
      0.3526065,
      0,
      -0.33451054,
      0.162913,
      0.9282043,
      0,
      -1.7259336,
      2.8389513,
      3.4824183,
      1
    ]
  },
  {
    "keyframeTimestamp" : 235301.052887041,
    "uuid" : "197C5661-61A5-476F-9EDE-BF33E3389651",
    "transform" : [
      -0.5584335,
      -0.82890123,
      0.03282612,
      0,
      0.060080495,
      -0.0009459829,
      0.99819404,
      0,
      -0.8273728,
      0.5593966,
      0.05032903,
      0,
      -0.6492835,
      -0.16843067,
      -3.791792,
      1
    ]
  },
  {
    "keyframeTimestamp" : 235512.640101583,
    "uuid" : "905DD8BD-88E3-437E-B87A-21D4BE65C8AD",
    "transform" : [
      0.0072331564,
      -0.9764575,
      0.2155938,
      0,
      0.80574393,
      -0.1219946,
      -0.5795649,
      0,
      0.59222114,
      0.17790529,
      0.7858915,
      0,
      -1.6197977,
      2.759134,
      -1.6228586,
      1
    ]
  },
  {
    "keyframeTimestamp" : 235531.6495915,
    "uuid" : "3C47E3E6-ACB7-49C3-B989-8A030546E583",
    "transform" : [
      0.19857533,
      -0.97742236,
      -0.07219536,
      0,
      0.25944966,
      -0.018610056,
      0.965577,
      0,
      -0.9451202,
      -0.21047078,
      0.24989639,
      0,
      -2.0436747,
      2.8632138,
      -4.0523634,
      1
    ]
  },
  {
    "keyframeTimestamp" : 235432.137087541,
    "uuid" : "B39DBE40-D9D3-42C4-834C-CA14EF935267",
    "transform" : [
      0.029419105,
      -0.9929639,
      -0.114701584,
      0,
      -0.9911358,
      -0.043851186,
      0.12540649,
      0,
      -0.12955397,
      0.10999553,
      -0.9854526,
      0,
      -0.9267527,
      1.0848315,
      4.17068,
      0.9999999
    ]
  },
  {
    "keyframeTimestamp" : 235493.730571791,
    "uuid" : "A07077CE-D2FA-415E-88F6-79F160C7B544",
    "transform" : [
      -0.28723222,
      -0.81709975,
      0.49984702,
      0,
      0.87261623,
      -0.008012501,
      0.48834234,
      0,
      -0.39501897,
      0.5764415,
      0.7153149,
      0,
      -2.1799188,
      2.5218906,
      0.0074697225,
      1
    ]
  },
  {
    "keyframeTimestamp" : 235320.512292041,
    "uuid" : "D4F6511A-3795-4426-98FF-DAAC2B509E9D",
    "transform" : [
      0.701482,
      -0.6750821,
      0.2284406,
      0,
      0.24104151,
      -0.076910794,
      -0.96746117,
      0,
      0.6706863,
      0.73372114,
      0.10877144,
      0,
      0.09873801,
      -0.2029261,
      -3.9446752,
      0.9999999
    ]
  },
  {
    "keyframeTimestamp" : 235483.900945,
    "uuid" : "B76D1D3A-8261-4911-BEC1-8E6C738C15E8",
    "transform" : [
      -0.2525933,
      -0.94764394,
      0.19536863,
      0,
      0.67993116,
      -0.030189024,
      0.7326544,
      0,
      -0.6883971,
      0.31790054,
      0.6519577,
      0,
      -1.8705964,
      2.6122897,
      2.3592021,
      1
    ]
  },
  {
    "keyframeTimestamp" : 235525.835120875,
    "uuid" : "64A06DB7-652E-4034-88F7-7075111AD4E8",
    "transform" : [
      -0.15661117,
      -0.92481446,
      -0.34668696,
      0,
      -0.904991,
      -0.0062111137,
      0.4253862,
      0,
      -0.3955565,
      0.38036862,
      -0.8359756,
      0,
      -2.0355093,
      2.6506178,
      -3.1476996,
      0.99999994
    ]
  },
  {
    "keyframeTimestamp" : 235125.667193458,
    "uuid" : "34A95960-F082-44DE-AD45-CBD98877CE64",
    "transform" : [
      0.13674723,
      -0.97674197,
      -0.16515301,
      0,
      0.73281723,
      -0.012433992,
      0.68031174,
      0,
      -0.6665425,
      -0.21405774,
      0.71407306,
      0,
      1.1127745,
      0.22086935,
      1.6820227,
      1
    ]
  },
  {
    "keyframeTimestamp" : 235375.241769625,
    "uuid" : "8A61355C-F8B7-4906-9221-30FD6AFF0BF3",
    "transform" : [
      0.13011917,
      -0.9774446,
      0.16634554,
      0,
      0.672535,
      -0.03626691,
      -0.7391761,
      0,
      0.72853667,
      0.20805417,
      0.6526469,
      0,
      -3.2755482,
      0.048762117,
      5.3661823,
      1
    ]
  },
  {
    "keyframeTimestamp" : 235124.067775333,
    "uuid" : "7B65D920-E504-43FF-946E-58D68ABAFA17",
    "transform" : [
      -0.090976395,
      -0.9863672,
      0.13713704,
      0,
      0.9608589,
      -0.050757226,
      0.27235678,
      0,
      -0.2616822,
      0.15654677,
      0.95237386,
      0,
      1.0554893,
      0.028331954,
      1.6391633,
      1
    ]
  },
  {
    "keyframeTimestamp" : 235573.033946291,
    "uuid" : "F31AB7E0-9502-4D0A-8123-9739DA58FF6D",
    "transform" : [
      0.26547855,
      -0.7092845,
      -0.65302116,
      0,
      -0.93376875,
      -0.020556042,
      -0.35728619,
      0,
      0.2399941,
      0.70462257,
      -0.66776484,
      0,
      -0.39684284,
      2.6527936,
      0.9913309,
      1
    ]
  },
  {
    "keyframeTimestamp" : 235181.446847,
    "uuid" : "9CEB14D3-210F-4B10-9366-C3F4D66CD1B1",
    "transform" : [
      0.017249044,
      -0.998822,
      -0.04535754,
      0,
      -0.8661902,
      -0.03758684,
      0.49829906,
      0,
      -0.4994168,
      0.030693064,
      -0.86581784,
      0,
      0.37424946,
      0.091014974,
      4.22154,
      0.99999994
    ]
  },
  {
    "keyframeTimestamp" : 235455.11178775,
    "uuid" : "42B6D6DF-118B-48F1-B4C3-6BB83C77C7CA",
    "transform" : [
      0.20964508,
      -0.95762,
      0.19751677,
      0,
      0.5157806,
      -0.063306056,
      -0.8543783,
      0,
      0.83067405,
      0.28099152,
      0.4806502,
      0,
      -1.1924237,
      2.7493055,
      5.7801905,
      0.99999994
    ]
  },
  {
    "keyframeTimestamp" : 235120.6856735,
    "uuid" : "0C998DF9-1624-44B1-B6FE-AC77EDBD1327",
    "transform" : [
      -0.4420196,
      -0.74909306,
      0.49343506,
      0,
      0.7474533,
      -0.003467422,
      0.66430545,
      0,
      -0.49591574,
      0.6624557,
      0.561445,
      0,
      0.75442636,
      -0.11534629,
      1.8619107,
      1
    ]
  },
  {
    "keyframeTimestamp" : 235192.159599958,
    "uuid" : "6D318FF5-39C5-4951-9D29-7089C36CCA9A",
    "transform" : [
      -0.678081,
      -0.7346308,
      0.022890203,
      0,
      0.0886652,
      -0.050844375,
      0.994763,
      0,
      -0.72961974,
      0.6765592,
      0.09961278,
      0,
      0.6661817,
      -0.215213,
      5.463319,
      1
    ]
  },
  {
    "keyframeTimestamp" : 235478.119791333,
    "uuid" : "400D401D-8451-44E6-BA30-43AF2FD53799",
    "transform" : [
      -0.15601926,
      -0.8359051,
      -0.5262326,
      0,
      -0.9285146,
      -0.05760917,
      0.36679968,
      0,
      -0.33692533,
      0.545842,
      -0.7671613,
      0,
      -2.0924296,
      2.5201359,
      3.1445925,
      1
    ]
  },
  {
    "keyframeTimestamp" : 235296.821134125,
    "uuid" : "6D35A48F-687B-48E5-BA43-95B9C76CF0F8",
    "transform" : [
      0.12519298,
      -0.9112246,
      0.39242008,
      0,
      -0.9691328,
      -0.027645338,
      0.24498618,
      0,
      -0.21238892,
      -0.41097778,
      -0.88655907,
      0,
      -1.5361257,
      0.23336379,
      -3.908583,
      1
    ]
  },
  {
    "keyframeTimestamp" : 235159.638146583,
    "uuid" : "F100E024-2E2A-465D-8792-700F93FEF9B7",
    "transform" : [
      0.09919645,
      -0.99057233,
      0.09447482,
      0,
      -0.47823468,
      -0.1307181,
      -0.8684496,
      0,
      0.8726122,
      0.040965963,
      -0.486693,
      0,
      1.7508991,
      0.089201145,
      2.1477146,
      0.9999999
    ]
  },
  {
    "keyframeTimestamp" : 235493.430684875,
    "uuid" : "2673D265-5E9E-4684-8E9B-75EFAD9C5065",
    "transform" : [
      -0.12463384,
      -0.875777,
      0.46634975,
      0,
      0.9556196,
      0.020499378,
      0.29388985,
      0,
      -0.2669417,
      0.4822812,
      0.8343544,
      0,
      -2.2322843,
      2.5483124,
      0.07155444,
      1
    ]
  },
  {
    "keyframeTimestamp" : 235472.28865675,
    "uuid" : "56F46B44-B5F6-4E29-85F3-FD22F1E623A5",
    "transform" : [
      -0.21838224,
      -0.7106775,
      0.6687651,
      0,
      0.9704245,
      -0.08590125,
      0.22560297,
      0,
      -0.10288321,
      0.698254,
      0.70841855,
      0,
      -1.9608891,
      2.6029701,
      3.3792105,
      1
    ]
  },
  {
    "keyframeTimestamp" : 235419.075324208,
    "uuid" : "1842C4D0-8911-4CE1-AF04-EAC58C1D3702",
    "transform" : [
      -0.23261495,
      -0.9703741,
      -0.0653036,
      0,
      0.07574971,
      -0.085018136,
      0.99349666,
      0,
      -0.9696154,
      0.22615537,
      0.09328201,
      0,
      -2.3906763,
      0.013611669,
      2.1245117,
      1.0000001
    ]
  },
  {
    "keyframeTimestamp" : 235530.616648208,
    "uuid" : "FF7FB5F6-0FB3-4665-B0B3-188EC03355A1",
    "transform" : [
      -0.043943793,
      -0.998373,
      -0.03633307,
      0,
      0.49302807,
      -0.053303134,
      0.86837965,
      0,
      -0.86890376,
      0.020246673,
      0.4945684,
      0,
      -2.1437714,
      2.7793746,
      -3.9690123,
      1
    ]
  },
  {
    "keyframeTimestamp" : 235590.760552875,
    "uuid" : "AA67DAE6-5367-48ED-BC5A-F34E0D04CBD5",
    "transform" : [
      0.10935142,
      -0.9845022,
      0.13710415,
      0,
      0.63400006,
      -0.03715173,
      -0.77244025,
      0,
      0.76556283,
      0.17139143,
      0.6201118,
      0,
      -0.06782121,
      2.8078198,
      4.047443,
      1.0000001
    ]
  },
  {
    "keyframeTimestamp" : 235425.123053416,
    "uuid" : "14B81D85-627A-431D-9CBB-FDF5A469995C",
    "transform" : [
      -0.009178483,
      -0.995573,
      -0.09354185,
      0,
      -0.99013186,
      -0.004033403,
      0.14008123,
      0,
      -0.13983838,
      0.09390448,
      -0.98571163,
      0,
      -0.9722596,
      0.077072516,
      2.924486,
      1
    ]
  },
  {
    "keyframeTimestamp" : 235508.391704458,
    "uuid" : "2376980B-4105-459D-A7DC-81D0B2066747",
    "transform" : [
      -0.7198875,
      -0.4636458,
      0.51652426,
      0,
      0.5690476,
      0.031858906,
      0.8216875,
      0,
      -0.39742753,
      0.88544863,
      0.24090153,
      0,
      -0.67085737,
      2.4914746,
      -0.7229398,
      0.99999994
    ]
  },
  {
    "keyframeTimestamp" : 235440.633897416,
    "uuid" : "165F9FD8-1EEF-4D44-873B-16E5605FE7AC",
    "transform" : [
      -0.15301418,
      -0.979739,
      -0.12922111,
      0,
      -0.5846727,
      -0.015667813,
      0.8111181,
      0,
      -0.7967091,
      0.19966468,
      -0.57042956,
      0,
      -0.6818296,
      2.421832,
      5.4702473,
      1
    ]
  },
  {
    "keyframeTimestamp" : 235241.158334166,
    "uuid" : "39663A86-5A89-4481-80BD-6BFC5D4E6CEE",
    "transform" : [
      0.31126451,
      -0.9051059,
      0.28965154,
      0,
      0.6378532,
      -0.02695752,
      -0.7696853,
      0,
      0.7044552,
      0.42433098,
      0.5689339,
      0,
      -0.04843533,
      -0.11141825,
      2.1789021,
      0.9999999
    ]
  },
  {
    "keyframeTimestamp" : 235304.218371041,
    "uuid" : "39D508A7-E494-409E-9357-9817E7709EE6",
    "transform" : [
      0.029580174,
      -0.98757005,
      -0.15437636,
      0,
      0.8125432,
      -0.06619181,
      0.57913154,
      0,
      -0.5821509,
      -0.14256814,
      0.8004846,
      0,
      -0.006799215,
      0.15361546,
      -3.9390564,
      1.0000001
    ]
  },
  {
    "keyframeTimestamp" : 235506.542402375,
    "uuid" : "1CF4D874-8BD4-43A9-AC24-E4EC36823A17",
    "transform" : [
      -0.5135329,
      -0.8063533,
      0.29338905,
      0,
      0.50676996,
      -0.009092735,
      0.8620329,
      0,
      -0.6924362,
      0.59136355,
      0.41330543,
      0,
      -1.1398504,
      2.5796583,
      -0.29648212,
      1
    ]
  },
  {
    "keyframeTimestamp" : 235369.277346458,
    "uuid" : "252B6BA4-E0F8-4FAB-9701-4A37840787BE",
    "transform" : [
      -0.11335527,
      -0.9935487,
      0.0037271064,
      0,
      0.56560653,
      -0.06144577,
      0.82238317,
      0,
      -0.81684846,
      0.09532949,
      0.5689227,
      0,
      -3.0941868,
      0.07091931,
      5.4331174,
      1
    ]
  },
  {
    "keyframeTimestamp" : 235296.721171416,
    "uuid" : "E0A94B48-A013-4713-8203-A792D070659E",
    "transform" : [
      0.14775914,
      -0.91143245,
      0.38400406,
      0,
      -0.95240414,
      -0.026450876,
      0.30369002,
      0,
      -0.26663566,
      -0.41059983,
      -0.87196004,
      0,
      -1.5331157,
      0.23081496,
      -3.9203541,
      0.99999994
    ]
  },
  {
    "keyframeTimestamp" : 235113.904806583,
    "uuid" : "FDCAD937-BC4C-43E7-A22B-9975FB4C999B",
    "transform" : [
      -0.07498732,
      -0.9017471,
      -0.42571396,
      0,
      0.99202055,
      -0.110850595,
      0.060064387,
      0,
      -0.1013536,
      -0.41781318,
      0.90286463,
      0,
      0.16088895,
      0.29409745,
      2.0898066,
      1
    ]
  },
  {
    "keyframeTimestamp" : 235303.7851995,
    "uuid" : "18C7B2A0-AB8D-4D9F-803E-135124925F64",
    "transform" : [
      -0.08640546,
      -0.99620837,
      -0.010033758,
      0,
      0.7889715,
      -0.07457364,
      0.60988885,
      0,
      -0.6083245,
      0.044781353,
      0.7924235,
      0,
      -0.11382224,
      0.076606624,
      -3.9696743,
      1
    ]
  },
  {
    "keyframeTimestamp" : 235587.528446625,
    "uuid" : "55174526-61ED-4304-B773-59FB6B0E1C65",
    "transform" : [
      -0.035265516,
      -0.9985584,
      -0.040464148,
      0,
      -0.29931125,
      0.04918401,
      -0.9528868,
      0,
      0.9535037,
      -0.021492673,
      -0.30061436,
      0,
      -0.11681139,
      2.7615194,
      3.9129615,
      0.9999999
    ]
  },
  {
    "keyframeTimestamp" : 235434.869394875,
    "uuid" : "AF65D7C0-9C5D-4365-A181-6B8E99F51321",
    "transform" : [
      0.11123992,
      -0.91027164,
      0.39878753,
      0,
      -0.9801572,
      -0.034245268,
      0.19524205,
      0,
      -0.1640667,
      -0.41259316,
      -0.89601886,
      0,
      -0.86244416,
      1.6638627,
      4.540306,
      0.99999994
    ]
  },
  {
    "keyframeTimestamp" : 235233.927651708,
    "uuid" : "4D3D8E49-0FDB-44E7-836F-FD3F75D4AD6A",
    "transform" : [
      0.09112267,
      -0.99176913,
      -0.089964144,
      0,
      0.09200515,
      -0.081569225,
      0.9924132,
      0,
      -0.99158293,
      -0.09870848,
      0.083815016,
      0,
      0.7192869,
      0.19514313,
      4.116634,
      1
    ]
  },
  {
    "keyframeTimestamp" : 235079.350700041,
    "uuid" : "2F349F90-4C87-4EA4-B439-1FFBCC1F9C72",
    "transform" : [
      0.24472195,
      -0.91008556,
      -0.334449,
      0,
      0.74895257,
      -0.041634206,
      0.66131425,
      0,
      -0.61577624,
      -0.41232407,
      0.6714214,
      0,
      0.35137334,
      0.34221494,
      -0.055348117,
      0.99999994
    ]
  },
  {
    "keyframeTimestamp" : 235397.833290333,
    "uuid" : "57675492-F3FD-4BD9-BCEA-32EEED1DCD76",
    "transform" : [
      -0.20555985,
      -0.94857824,
      0.24071793,
      0,
      -0.8267417,
      0.03669667,
      -0.5613843,
      0,
      0.5236832,
      -0.31440958,
      -0.7917725,
      0,
      -1.6586419,
      0.26841956,
      6.289821,
      0.99999994
    ]
  },
  {
    "keyframeTimestamp" : 235363.013034708,
    "uuid" : "F9810EEC-B228-45FE-BC84-ED3E7BD5D5F4",
    "transform" : [
      0.038145483,
      -0.9924403,
      -0.11665255,
      0,
      -0.9992425,
      -0.038785215,
      0.0032183924,
      0,
      -0.007718467,
      0.116441354,
      -0.99316776,
      0,
      -3.7852259,
      0.039787643,
      4.552977,
      0.99999994
    ]
  },
  {
    "keyframeTimestamp" : 235241.641490291,
    "uuid" : "6A8E6ADD-6658-4C73-8968-1F5697750B68",
    "transform" : [
      0.3789636,
      -0.90181744,
      0.20763497,
      0,
      0.41984174,
      -0.03240579,
      -0.9070188,
      0,
      0.824694,
      0.4309008,
      0.36634004,
      0,
      -0.1835121,
      -0.11475662,
      2.0623248,
      0.99999994
    ]
  },
  {
    "keyframeTimestamp" : 235108.023611166,
    "uuid" : "62649C60-B35F-4310-AFEC-9C42853C6B5F",
    "transform" : [
      -0.41092822,
      -0.8024193,
      -0.43273735,
      0,
      -0.79108846,
      0.07792811,
      0.6067182,
      0,
      -0.4531199,
      0.5916508,
      -0.66680735,
      0,
      0.17627706,
      -0.058852807,
      1.6228629,
      1.0000001
    ]
  },
  {
    "keyframeTimestamp" : 235457.46090475,
    "uuid" : "D3968D47-B5E5-4F4E-B871-38BCD89AE70B",
    "transform" : [
      -0.0016500659,
      -0.9852333,
      -0.17120756,
      0,
      0.99699533,
      -0.01487984,
      0.076018885,
      0,
      -0.0774439,
      -0.1705678,
      0.982298,
      0,
      -1.5177482,
      2.9044526,
      5.671741,
      0.9999999
    ]
  },
  {
    "keyframeTimestamp" : 235189.493907041,
    "uuid" : "D0BDAB73-A70F-4560-A539-2D1B2AAE389B",
    "transform" : [
      -0.18466689,
      -0.9574379,
      0.2218338,
      0,
      0.8816523,
      -0.061649773,
      0.46785548,
      0,
      -0.4342668,
      0.28197774,
      0.85551244,
      0,
      0.69150895,
      0.022775728,
      5.359236,
      1
    ]
  },
  {
    "keyframeTimestamp" : 235494.396987208,
    "uuid" : "60E91B02-4B88-4CB1-B9D5-984712DF6033",
    "transform" : [
      -0.49571952,
      -0.73267555,
      0.46631458,
      0,
      0.6449657,
      0.049009375,
      0.7626398,
      0,
      -0.5816214,
      0.6788122,
      0.44825575,
      0,
      -2.077412,
      2.4622052,
      -0.010785794,
      1
    ]
  },
  {
    "keyframeTimestamp" : 235198.340674041,
    "uuid" : "2D1AF276-7BEE-4A8A-B9D5-B5138E347D37",
    "transform" : [
      0.08810219,
      -0.9790272,
      0.1836964,
      0,
      -0.9452794,
      -0.02401417,
      0.32537726,
      0,
      -0.31414226,
      -0.20231113,
      -0.927571,
      0,
      0.6945019,
      0.12751763,
      6.037258,
      1
    ]
  },
  {
    "keyframeTimestamp" : 235565.736710875,
    "uuid" : "69780835-2F5F-4D23-859D-907902381638",
    "transform" : [
      -0.13834317,
      -0.89476323,
      -0.42457074,
      0,
      -0.96314627,
      0.021700377,
      0.26810133,
      0,
      -0.23067394,
      0.44601363,
      -0.86479,
      0,
      -1.2211204,
      2.6304188,
      0.05847048,
      1
    ]
  },
  {
    "keyframeTimestamp" : 235589.677630708,
    "uuid" : "95675CE0-7A69-42EB-B104-9E473614B72D",
    "transform" : [
      -0.13582195,
      -0.9906378,
      -0.013752105,
      0,
      0.4078764,
      -0.043261502,
      -0.91201156,
      0,
      0.9028783,
      -0.12948035,
      0.40993372,
      0,
      -0.096938334,
      2.835425,
      4.1011634,
      0.99999994
    ]
  },
  {
    "keyframeTimestamp" : 235220.83244775,
    "uuid" : "E07794DC-1B85-4873-A81D-ED225BA44593",
    "transform" : [
      0.2208305,
      -0.84732527,
      -0.48298162,
      0,
      -0.9241656,
      -0.023531042,
      -0.38126814,
      0,
      0.31169325,
      0.5305508,
      -0.78826576,
      0,
      0.7892575,
      0.10235267,
      6.747598,
      1
    ]
  },
  {
    "keyframeTimestamp" : 235172.400156333,
    "uuid" : "F880447B-E731-4858-AD09-B33390974EF2",
    "transform" : [
      0.22940166,
      -0.9612137,
      -0.15310635,
      0,
      -0.7092883,
      -0.057367437,
      -0.7025806,
      0,
      0.6665471,
      0.2697698,
      -0.69493824,
      0,
      0.6960287,
      -0.060253672,
      1.8712467,
      1
    ]
  },
  {
    "keyframeTimestamp" : 235450.280272416,
    "uuid" : "16BFA9CD-3425-4F62-AEB0-411712778F27",
    "transform" : [
      0.16995712,
      -0.9082167,
      0.38243568,
      0,
      0.8091073,
      -0.092930205,
      -0.5802657,
      0,
      0.56254727,
      0.4080521,
      0.719051,
      0,
      -0.5384907,
      2.7389963,
      5.6685185,
      0.9999999
    ]
  },
  {
    "keyframeTimestamp" : 235559.272487833,
    "uuid" : "BCE5F233-FD4A-4355-8714-C033D0893F97",
    "transform" : [
      -0.098792315,
      -0.955873,
      -0.27667034,
      0,
      -0.9180645,
      -0.019717367,
      0.39594054,
      0,
      -0.38392425,
      0.29311702,
      -0.8756052,
      0,
      -1.367002,
      2.6785858,
      -1.0196632,
      0.9999999
    ]
  },
  {
    "keyframeTimestamp" : 235144.277081125,
    "uuid" : "95186CEC-E01D-4FF6-8F4B-FD497D48DCBD",
    "transform" : [
      0.002546022,
      -0.9926956,
      0.12061899,
      0,
      -0.99713576,
      0.006597509,
      0.075345084,
      0,
      -0.07559054,
      -0.12046531,
      -0.9898356,
      0,
      1.815408,
      0.04096696,
      1.4930099,
      1
    ]
  },
  {
    "keyframeTimestamp" : 235553.874530958,
    "uuid" : "8C1848C5-C650-41F0-994E-BDA310A90053",
    "transform" : [
      -0.029419973,
      -0.9692432,
      -0.24433935,
      0,
      -0.9429305,
      -0.054203402,
      0.32854837,
      0,
      -0.33168727,
      0.24006087,
      -0.9123343,
      0,
      -1.9395859,
      2.680138,
      -2.8103027,
      1
    ]
  },
  {
    "keyframeTimestamp" : 235548.243325208,
    "uuid" : "2EE18570-0D4A-464D-B82F-DD9B0E92DBE4",
    "transform" : [
      -0.2576228,
      -0.96075374,
      -0.10286883,
      0,
      -0.42479175,
      0.01699321,
      0.9051311,
      0,
      -0.8678607,
      0.2768804,
      -0.41249844,
      0,
      -1.0384482,
      2.67225,
      -3.1785674,
      1
    ]
  },
  {
    "keyframeTimestamp" : 235097.460784833,
    "uuid" : "F41C1B47-9BAF-470C-B7E8-2535D45BEA48",
    "transform" : [
      -0.120211266,
      -0.8622278,
      -0.49204996,
      0,
      -0.97193426,
      0.0012518854,
      0.23525666,
      0,
      -0.20222881,
      0.50652057,
      -0.8381791,
      0,
      -0.114025354,
      -0.023557018,
      0.44082773,
      1
    ]
  },
  {
    "keyframeTimestamp" : 235239.825489625,
    "uuid" : "6165A70A-D790-473E-85F7-41F16A818F8B",
    "transform" : [
      0.030990405,
      -0.8875646,
      0.45963976,
      0,
      0.9915381,
      -0.030697059,
      -0.12612876,
      0,
      0.12605712,
      0.45965943,
      0.8791036,
      0,
      0.31111482,
      -0.10632126,
      2.5412734,
      0.9999999
    ]
  },
  {
    "keyframeTimestamp" : 235245.340132916,
    "uuid" : "DB2AB72F-C2BA-470B-9478-80FE8B5E600E",
    "transform" : [
      -0.108129285,
      -0.9840668,
      0.14114045,
      0,
      -0.4111909,
      -0.084988445,
      -0.907579,
      0,
      0.90511376,
      -0.15617155,
      -0.39544955,
      0,
      -1.3652196,
      0.116273805,
      1.9898874,
      1
    ]
  },
  {
    "keyframeTimestamp" : 235489.049003916,
    "uuid" : "9D3633E8-A099-4CD8-9C69-BFE2C26D2836",
    "transform" : [
      -0.088725984,
      -0.97478944,
      0.2047275,
      0,
      0.98734796,
      -0.058952242,
      0.14720729,
      0,
      -0.13142686,
      0.21519813,
      0.9676862,
      0,
      -2.235224,
      2.665962,
      1.0150212,
      1
    ]
  },
  {
    "keyframeTimestamp" : 235485.85021025,
    "uuid" : "73AF26D7-B15F-4CF5-939A-2E8163211E87",
    "transform" : [
      -0.05841239,
      -0.99520963,
      0.078386344,
      0,
      0.99824333,
      -0.057450265,
      0.01447605,
      0,
      -0.009903376,
      0.079094246,
      0.9968176,
      0,
      -2.0265667,
      2.67669,
      1.7928258,
      0.99999994
    ]
  },
  {
    "keyframeTimestamp" : 235447.8811755,
    "uuid" : "63D12906-FE8D-4E58-96CA-CCA17AA8410F",
    "transform" : [
      0.006455205,
      -0.8985436,
      0.43883696,
      0,
      0.98809385,
      -0.061730023,
      -0.14093041,
      0,
      0.15372156,
      0.43452176,
      0.88744694,
      0,
      -0.62723243,
      2.7621455,
      5.455216,
      1
    ]
  },
  {
    "keyframeTimestamp" : 235050.277922833,
    "uuid" : "2E256CE9-8F3C-40DA-87C3-60394302FA4D",
    "transform" : [
      -0.051088348,
      -0.9869655,
      0.15260158,
      0,
      0.9982833,
      -0.054849267,
      -0.020535128,
      0,
      0.0286376,
      0.15129067,
      0.98807466,
      0,
      0.025217688,
      0.13059516,
      0.0468675,
      0.99999994
    ]
  },
  {
    "keyframeTimestamp" : 235573.767001875,
    "uuid" : "EFFB422C-619F-42A2-98E7-D9C85017557B",
    "transform" : [
      -0.0023950692,
      -0.7667197,
      -0.6419778,
      0,
      -0.9999455,
      -0.004697186,
      0.009340447,
      0,
      -0.010177005,
      0.6419652,
      -0.7666667,
      0,
      -0.2918161,
      2.6420968,
      1.0788032,
      1
    ]
  },
  {
    "keyframeTimestamp" : 235109.922920625,
    "uuid" : "5C183D53-A2F7-40EE-B997-369A8B72F58C",
    "transform" : [
      -0.5141555,
      -0.8485519,
      0.124902055,
      0,
      0.11911035,
      0.073573105,
      0.99015063,
      0,
      -0.84938586,
      0.5239697,
      0.06324344,
      0,
      0.3346667,
      -0.035083566,
      1.8253636,
      0.9999999
    ]
  },
  {
    "keyframeTimestamp" : 235481.851717291,
    "uuid" : "BF17E0C7-3DE1-4E67-B058-89B50281CA80",
    "transform" : [
      -0.16336429,
      -0.9833205,
      -0.07995213,
      0,
      -0.14076698,
      -0.056978874,
      0.9884019,
      0,
      -0.9764723,
      0.17272434,
      -0.12911092,
      0,
      -1.9212878,
      2.6612825,
      2.9730127,
      1
    ]
  },
  {
    "keyframeTimestamp" : 235314.581169125,
    "uuid" : "EAC509E4-E888-4A6A-BA98-27EA3011C315",
    "transform" : [
      -0.03016748,
      -0.97004026,
      0.24106045,
      0,
      0.9983534,
      -0.04101201,
      -0.040095773,
      0,
      0.04878098,
      0.23945427,
      0.96968186,
      0,
      0.7323741,
      -0.015339179,
      -4.0183516,
      1
    ]
  },
  {
    "keyframeTimestamp" : 235471.722203541,
    "uuid" : "6C1565B6-87E7-4823-A1DF-6CB43DE9394C",
    "transform" : [
      -0.3928641,
      -0.8029012,
      0.44833857,
      0,
      0.82419294,
      -0.091183014,
      0.55891895,
      0,
      -0.40787625,
      0.589097,
      0.6975687,
      0,
      -1.8854741,
      2.6640754,
      3.490943,
      1
    ]
  },
  {
    "keyframeTimestamp" : 235528.2675355,
    "uuid" : "2D213CE3-1ABA-4232-B3BA-7E7D46D051C5",
    "transform" : [
      -0.6092872,
      -0.78134114,
      -0.13518494,
      0,
      -0.16759208,
      -0.039743233,
      0.985056,
      0,
      -0.77503663,
      0.6228372,
      -0.10673147,
      0,
      -2.2336724,
      2.5542374,
      -3.7284493,
      0.99999994
    ]
  },
  {
    "keyframeTimestamp" : 235081.566561666,
    "uuid" : "643B9392-B076-4F29-8DBB-51790ADFA98C",
    "transform" : [
      0.5565623,
      -0.8163523,
      -0.15429695,
      0,
      0.14061615,
      -0.09047962,
      0.985923,
      0,
      -0.8188211,
      -0.570424,
      0.06443473,
      0,
      0.09977071,
      0.35562792,
      -0.11611785,
      1
    ]
  },
  {
    "keyframeTimestamp" : 235198.540600875,
    "uuid" : "FB5EEFF8-908D-4FD8-9234-C4DF046016ED",
    "transform" : [
      0.11222579,
      -0.9606451,
      0.2540989,
      0,
      -0.94388384,
      -0.023119101,
      0.32947356,
      0,
      -0.310632,
      -0.27681464,
      -0.9093302,
      0,
      0.6924384,
      0.16349822,
      6.065901,
      1.0000001
    ]
  },
  {
    "keyframeTimestamp" : 235555.157379291,
    "uuid" : "3D2C3657-295C-4C5B-92ED-6335232BDD40",
    "transform" : [
      0.051382206,
      -0.9981187,
      -0.0334489,
      0,
      -0.9603032,
      -0.05857549,
      0.27273837,
      0,
      -0.2741846,
      0.018107185,
      -0.9615065,
      0,
      -1.7571553,
      2.7594593,
      -2.3769155,
      0.9999999
    ]
  },
  {
    "keyframeTimestamp" : 235423.073822541,
    "uuid" : "ECFE5352-785B-4577-8D77-64F9E2A8D15B",
    "transform" : [
      -0.04510771,
      -0.93656987,
      -0.34756523,
      0,
      -0.96176827,
      -0.05336297,
      0.26861525,
      0,
      -0.27012432,
      0.34639412,
      -0.8983571,
      0,
      -1.2193652,
      -0.004290618,
      2.3671906,
      1
    ]
  },
  {
    "keyframeTimestamp" : 235568.035840625,
    "uuid" : "9552AB2F-7CDE-4B53-B5D9-D30F1CC73E12",
    "transform" : [
      -0.09411928,
      -0.9218901,
      -0.37584573,
      0,
      -0.92371356,
      -0.05995012,
      0.37836447,
      0,
      -0.3713426,
      0.38278517,
      -0.84592015,
      0,
      -0.75566024,
      2.697755,
      0.39015108,
      1
    ]
  },
  {
    "keyframeTimestamp" : 235086.364818208,
    "uuid" : "F7F09B1D-A3BC-40F6-99B5-48E8598BCD44",
    "transform" : [
      0.5429839,
      -0.83960885,
      -0.0150164645,
      0,
      -0.023867618,
      -0.03330548,
      0.9991594,
      0,
      -0.839404,
      -0.5421695,
      -0.03812385,
      0,
      0.09228818,
      0.33238626,
      -0.15206788,
      1
    ]
  },
  {
    "keyframeTimestamp" : 235083.582495875,
    "uuid" : "FA9DEB87-245C-4CCD-ADFD-382581A0EDA6",
    "transform" : [
      0.45092937,
      -0.8017844,
      -0.39217943,
      0,
      0.63075805,
      -0.024623454,
      0.775589,
      0,
      -0.6315117,
      -0.5971059,
      0.49462843,
      0,
      0.12004119,
      0.34959283,
      -0.1935156,
      1
    ]
  },
  {
    "keyframeTimestamp" : 235476.103885041,
    "uuid" : "4037454E-6E89-4F0C-A7EF-FDF9B9FA5425",
    "transform" : [
      -0.55474913,
      -0.83104146,
      0.04027269,
      0,
      0.3137485,
      -0.16411704,
      0.9352147,
      0,
      -0.77059394,
      0.53144574,
      0.35178232,
      0,
      -1.9990649,
      2.585816,
      3.015346,
      0.9999999
    ]
  },
  {
    "keyframeTimestamp" : 235374.625334791,
    "uuid" : "850453B7-DF21-4A0A-B59D-D9E1945B75B2",
    "transform" : [
      0.23657945,
      -0.9136166,
      0.33065885,
      0,
      0.7708398,
      -0.030680109,
      -0.6362891,
      0,
      0.59146935,
      0.4054181,
      0.696994,
      0,
      -3.2308476,
      -0.027219858,
      5.352836,
      1
    ]
  },
  {
    "keyframeTimestamp" : 235572.567456333,
    "uuid" : "9903AB20-8C12-4F4C-85EE-539F5080092C",
    "transform" : [
      0.42329502,
      -0.71679777,
      -0.5540957,
      0,
      -0.82516533,
      -0.052511133,
      -0.56244516,
      0,
      0.37406346,
      0.6953008,
      -0.61370456,
      0,
      -0.49797535,
      2.6681838,
      0.9808537,
      0.9999999
    ]
  },
  {
    "keyframeTimestamp" : 235399.682596833,
    "uuid" : "EFB2E05E-B4FD-41EB-8526-9E98D773E798",
    "transform" : [
      0.32549137,
      -0.89476395,
      -0.3057016,
      0,
      -0.757072,
      -0.052921552,
      -0.65118414,
      0,
      0.5664784,
      0.4433934,
      -0.694627,
      0,
      -1.712759,
      -0.033457406,
      6.1401362,
      0.9999999
    ]
  },
  {
    "keyframeTimestamp" : 235158.755135458,
    "uuid" : "BEDB33E7-E928-43BA-B1CD-0D4544122746",
    "transform" : [
      -0.46296877,
      -0.8552904,
      0.23267932,
      0,
      -0.17737009,
      -0.16780278,
      -0.9697338,
      0,
      0.8684466,
      -0.49022573,
      -0.07401536,
      0,
      1.7469939,
      0.14436412,
      2.2546628,
      0.9999999
    ]
  },
  {
