[
  {
    "timestamp" : 235078800899,
    "transform" : [
      0.11891436,
      -0.90695435,
      -0.40409565,
      0,
      0.88398165,
      -0.088626064,
      0.45904464,
      0,
      -0.452146,
      -0.4118001,
      0.7911922,
      0,
      0.35676977,
      0.3714464,
      -0.023678161,
      1
    ],
    "trackingState" : "Normal"
  },
  {
    "timestamp" : 235078817560,
    "transform" : [
      0.121202014,
      -0.9066655,
      -0.40406424,
      0,
      0.8801724,
      -0.090033546,
      0.46603724,
      0,
      -0.45891923,
      -0.4121308,
      0.7871097,
      0,
      0.35691798,
      0.3714319,
      -0.024420597,
      0.99999994
    ],
    "trackingState" : "Normal"
  },
  {
    "timestamp" : 235078834221,
    "transform" : [
      0.12409608,
      -0.9062228,
      -0.40417856,
      0,
      0.8762059,
      -0.0910859,
      0.47325096,
      0,
      -0.46568584,
      -0.4128722,
      0.7827345,
      0,
      0.35701448,
      0.37164998,
      -0.025064258,
      0.9999999
    ],
    "trackingState" : "Normal"
  },
  {
    "timestamp" : 235078850881,
    "transform" : [
      0.12755783,
      -0.9060042,
      -0.40359068,
      0,
      0.87204766,
      -0.09140548,
      0.48080957,
      0,
      -0.47250593,
      -0.41328132,
      0.7784194,
      0,
      0.35712126,
      0.3720237,
      -0.025670568,
      0.9999999
    ],
    "trackingState" : "Normal"
  },
  {
    "timestamp" : 235078867542,
    "transform" : [
      0.13132858,
      -0.9062696,
      -0.40178162,
      0,
      0.8676427,
      -0.09096919,
      0.48879516,
      0,
      -0.47953004,
      -0.41279566,
      0.7743714,
      0,
      0.35726395,
      0.3725472,
      -0.026289232,
      1
    ],
    "trackingState" : "Normal"
  },
  {
    "timestamp" : 235078884202,
    "transform" : [
      0.13538587,
      -0.90697986,
      -0.3988213,
      0,
      0.8629396,
      -0.089843675,
      0.497256,
      0,
      -0.48683274,
      -0.41148007,
      0.77050525,
      0,
      0.3575391,
      0.37303823,
      -0.026901409,
      1
    ],
    "trackingState" : "Normal"
  },
  {
    "timestamp" : 235078900863,
    "transform" : [
      0.13982302,
      -0.9077904,
      -0.39543176,
      0,
      0.85832274,
      -0.08799492,
      0.50550884,
      0,
      -0.49369204,
      -0.4100898,
      0.7668735,
      0,
      0.3582368,
      0.37289247,
      -0.02745258,
      1
    ],
    "trackingState" : "Normal"
  },
  {
    "timestamp" : 235078917524,
    "transform" : [
      0.14462304,
      -0.90860975,
      -0.39180684,
      0,
      0.8538141,
      -0.08552972,
      0.5135039,
      0,
      -0.5000858,
      -0.4087947,
      0.76341426,
      0,
      0.3586014,
      0.37342733,
      -0.027973223,
      0.99999994
    ],
    "trackingState" : "Normal"
  },
  {
    "timestamp" : 235078934184,
    "transform" : [
      0.14971782,
      -0.9093687,
      -0.38811484,
      0,
      0.8494752,
      -0.08255886,
      0.52112937,
      0,
      -0.50594103,
      -0.40771633,
      0.7601257,
      0,
      0.35881272,
      0.37419814,
      -0.028447578,
      0.9999998
    ],
    "trackingState" : "Normal"
  },
  {
    "timestamp" : 235078950845,
    "transform" : [
      0.15500437,
      -0.90994,
      -0.38468534,
      0,
      0.84506637,
      -0.079562776,
      0.5287084,
      0,
      -0.51169956,
      -0.40703672,
      0.7566272,
      0,
      0.35891962,
      0.37502888,
      -0.028838167,
      0.9999999
    ],
    "trackingState" : "Normal"
  },
  {
    "timestamp" : 235078967505,
    "transform" : [
      0.16038233,
      -0.9102967,
      -0.38162473,
      0,
      0.8402495,
      -0.076964416,
      0.53670955,
      0,
      -0.5179365,
      -0.40673873,
      0.75253266,
      0,
      0.35894525,
      0.37584692,
      -0.029128708,
      0.99999994
    ],
    "trackingState" : "Normal"
  },
  {
    "timestamp" : 235078984166,
    "transform" : [
      0.16564056,
      -0.9106106,
      -0.37861812,
      0,
      0.8352011,
      -0.074620485,
      0.54485875,
      0,
      -0.52440685,
      -0.40647292,
      0.7481827,
      0,
      0.3590373,
      0.37656775,
      -0.029321,
      1
    ],
    "trackingState" : "Normal"
  },
  {
    "timestamp" : 235079000827,
    "transform" : [
      0.17059809,
      -0.9109564,
      -0.37557262,
      0,
      0.8301886,
      -0.07242102,
      0.5527586,
      0,
      -0.53073835,
      -0.40609562,
      0.74391073,
      0,
      0.3595055,
      0.37697268,
      -0.029332872,
      0.99999994
    ],
    "trackingState" : "Normal"
  },
  {
    "timestamp" : 235079017487,
    "transform" : [
      0.17568806,
      -0.9112796,
      -0.3724287,
      0,
      0.82515764,
      -0.070004694,
      0.5605481,
      0,
      -0.5368878,
      -0.40579396,
      0.73965037,
      0,
      0.35962194,
      0.37757608,
      -0.029335061,
      0.9999999
    ],
    "trackingState" : "Normal"
  },
  {
    "timestamp" : 235079034148,
    "transform" : [
      0.18096341,
      -0.91126484,
      -0.36993074,
      0,
      0.820239,
      -0.06769484,
      0.56800133,
      0,
      -0.54264206,
      -0.40621907,
      0.7352046,
      0,
      0.35961086,
      0.37821445,
      -0.029261746,
      0.99999994
    ],
    "trackingState" : "Normal"
  },
  {
    "timestamp" : 235079050809,
    "transform" : [
      0.18600637,
      -0.91095525,
      -0.36818802,
      0,
      0.8154102,
      -0.06595147,
      0.5751146,
      0,
      -0.5481862,
      -0.4071992,
      0.7305347,
      0,
      0.35957697,
      0.3788332,
      -0.029114852,
      1.0000001
    ],
    "trackingState" : "Normal"
  },
  {
    "timestamp" : 235079067469,
    "transform" : [
      0.1905038,
      -0.91065866,
      -0.36661863,
      0,
      0.8105578,
      -0.064768545,
      0.5820664,
      0,
      -0.55380905,
      -0.40805143,
      0.7258028,
      0,
      0.35954487,
      0.37941602,
      -0.02893576,
      1
    ],
    "trackingState" : "Normal"
  },
  {
    "timestamp" : 235079084130,
    "transform" : [
      0.19469146,
      -0.9104433,
      -0.36494985,
      0,
      0.80553174,
      -0.06388257,
      0.5890991,
      0,
      -0.55965525,
      -0.4086712,
      0.7209535,
      0,
      0.3595765,
      0.37994486,
      -0.028705973,
      1
    ],
    "trackingState" : "Normal"
  },
  {
    "timestamp" : 235079100790,
    "transform" : [
      0.19869593,
      -0.91022867,
      -0.36332342,
      0,
      0.8005394,
      -0.06312416,
      0.59594655,
      0,
      -0.56538206,
      -0.4092668,
      0.7161313,
      0,
      0.35993713,
      0.3803443,
      -0.028295107,
      1
    ],
    "trackingState" : "Normal"
  },
  {
    "timestamp" : 235079117451,
    "transform" : [
      0.20257409,
      -0.9099111,
      -0.36197475,
      0,
      0.79564893,
      -0.06255446,
      0.6025196,
      0,
      -0.5708824,
      -0.41005963,
      0.7112979,
      0,
      0.36002865,
      0.3807738,
      -0.027964696,
      1
    ],
    "trackingState" : "Normal"
  },
  {
    "timestamp" : 235079134112,
    "transform" : [
      0.20630017,
      -0.90953517,
      -0.3608133,
      0,
      0.79115427,
      -0.061932676,
      0.60847306,
      0,
      -0.57577366,
      -0.41098705,
      0.70680577,
      0,
      0.36003917,
      0.3811888,
      -0.027674146,
      1
    ],
    "trackingState" : "Normal"
  },
  {
    "timestamp" : 235079150772,
    "transform" : [
      0.2098308,
      -0.9091493,
      -0.35974815,
      0,
      0.7871581,
      -0.06116851,
      0.6137107,
      0,
      -0.5799599,
      -0.41195405,
      0.7028091,
      0,
      0.36002097,
      0.38157734,
      -0.027427249,
      1
    ],
    "trackingState" : "Normal"
  },
  {
    "timestamp" : 235079167433,
    "transform" : [
      0.21336295,
      -0.9087026,
      -0.35879806,
      0,
      0.7833547,
      -0.06033645,
      0.6186397,
      0,
      -0.5838081,
      -0.4130609,
      0.69896287,
      0,
      0.3599684,
      0.381934,
      -0.027220517,
      1
    ],
    "trackingState" : "Normal"
  },
  {
    "timestamp" : 235079184093,
    "transform" : [
      0.21699509,
      -0.90823084,
      -0.3578126,
      0,
      0.77947474,
      -0.059447493,
      0.6236065,
      0,
      -0.5876497,
      -0.41422543,
      0.69504327,
      0,
      0.35993057,
      0.38219005,
      -0.027009642,
      0.9999999
    ],
    "trackingState" : "Normal"
  },
  {
    "timestamp" : 235079200754,
    "transform" : [
      0.22064018,
      -0.907866,
      -0.3565072,
      0,
      0.77559596,
      -0.058321103,
      0.62852967,
      0,
      -0.59141266,
      -0.41518444,
      0.6912692,
      0,
      0.36003003,
      0.38215658,
      -0.02670832,
      1
    ],
    "trackingState" : "Normal"
  },
  {
    "timestamp" : 235079217415,
    "transform" : [
      0.22447866,
      -0.9077089,
      -0.35450542,
      0,
      0.77160615,
      -0.056622613,
      0.6335755,
      0,
      -0.5951752,
      -0.41576272,
      0.68768317,
      0,
      0.35993168,
      0.38232344,
      -0.026610691,
      0.99999994
    ],
    "trackingState" : "Normal"
  },
  {
    "timestamp" : 235079234075,
    "transform" : [
      0.22828405,
      -0.9078406,
      -0.35172698,
      0,
      0.7675149,
      -0.054460514,
      0.63871366,
      0,
      -0.5990055,
      -0.41576377,
      0.68434864,
      0,
      0.35976863,
      0.38255712,
      -0.026665077,
      0.99999994
    ],
    "trackingState" : "Normal"
  },
  {
    "timestamp" : 235079250736,
    "transform" : [
      0.23188537,
      -0.90822417,
      -0.34836495,
      0,
      0.76336586,
      -0.05206482,
      0.64386475,
      0,
      -0.6029111,
      -0.41523272,
      0.68123424,
      0,
      0.35958305,
      0.38280404,
      -0.026835283,
      0.9999999
    ],
    "trackingState" : "Normal"
  },
  {
    "timestamp" : 235079267396,
    "transform" : [
      0.2354512,
      -0.90861803,
      -0.34492922,
      0,
      0.7593172,
      -0.04954654,
      0.6488318,
      0,
      -0.60663027,
      -0.41467887,
      0.67826337,
      0,
      0.35937214,
      0.3830339,
      -0.027083091,
      0.99999994
    ],
    "trackingState" : "Normal"
  },
  {
    "timestamp" : 235079284057,
    "transform" : [
      0.2391357,
      -0.9087902,
      -0.34192806,
      0,
      0.7552295,
      -0.04724425,
      0.6537557,
      0,
      -0.6102809,
      -0.41457048,
      0.67504734,
      0,
      0.35913014,
      0.38310272,
      -0.0273904,
      1.0000001
    ],
    "trackingState" : "Normal"
  },
  {
    "timestamp" : 235079300718,
    "transform" : [
      0.24268761,
      -0.9088825,
      -0.3391688,
      0,
      0.7511246,
      -0.045211066,
      0.6586106,
      0,
      -0.61393374,
      -0.41459465,
      0.67171186,
      0,
      0.35885578,
      0.3826828,
      -0.027777787,
      1
    ],
    "trackingState" : "Normal"
  },
  {
    "timestamp" : 235079317378,
    "transform" : [
      0.24573542,
      -0.90914273,
      -0.33626434,
      0,
      0.7469858,
      -0.043472473,
      0.6634172,
      0,
      -0.61775917,
      -0.41420978,
      0.66843396,
      0,
      0.35859144,
      0.38267472,
      -0.02818977,
      0.99999994
    ],
    "trackingState" : "Normal"
  },
  {
    "timestamp" : 235079334039,
    "transform" : [
      0.24833588,
      -0.9094851,
      -0.33341601,
      0,
      0.7428958,
      -0.04207015,
      0.6680838,
      0,
      -0.6216392,
      -0.4136025,
      0.66520524,
      0,
      0.35834607,
      0.38280776,
      -0.028636005,
      1
    ],
    "trackingState" : "Normal"
  },
  {
    "timestamp" : 235079350700,
    "transform" : [
      0.25086543,
      -0.90975505,
      -0.33077553,
      0,
      0.7388672,
      -0.04081104,
      0.6726142,
      0,
      -0.62541336,
      -0.4131348,
      0.6619501,
      0,
      0.35809177,
      0.382983,
      -0.029106054,
      1
    ],
    "trackingState" : "Normal"
  },
  {
    "timestamp" : 235079367360,
    "transform" : [
      0.25365964,
      -0.9098639,
      -0.3283362,
      0,
      0.7347184,
      -0.039551947,
      0.67721826,
      0,
      -0.6291628,
      -0.41301757,
      0.65846103,
      0,
      0.3577851,
      0.38314986,
      -0.029578678,
      1
    ],
    "trackingState" : "Normal"
  },
  {
    "timestamp" : 235079384021,
    "transform" : [
      0.25688604,
      -0.90982556,
      -0.32592475,
      0,
      0.7304723,
      -0.03802312,
      0.681883,
      0,
      -0.6327873,
      -0.41324523,
      0.6548348,
      0,
      0.35739198,
      0.38317746,
      -0.030024808,
      0.99999994
    ],
    "trackingState" : "Normal"
  },
  {
    "timestamp" : 235079400681,
    "transform" : [
      0.26017064,
      -0.9097845,
      -0.32342488,
      0,
      0.72615767,
      -0.03641168,
      0.6865634,
      0,
      -0.6364012,
      -0.41348106,
      0.6511737,
      0,
      0.3568813,
      0.38272545,
      -0.03033195,
      0.99999994
    ],
    "trackingState" : "Normal"
  },
  {
    "timestamp" : 235079417342,
    "transform" : [
      0.26313254,
      -0.90996534,
      -0.32050666,
      0,
      0.7218976,
      -0.034679588,
      0.6911305,
      0,
      -0.6400199,
      -0.4132319,
      0.6477763,
      0,
      0.35645586,
      0.38267845,
      -0.030757084,
      0.99999994
    ],
    "trackingState" : "Normal"
  },
  {
    "timestamp" : 235079434003,
    "transform" : [
      0.26592427,
      -0.91029143,
      -0.31726012,
      0,
      0.71775216,
      -0.03273223,
      0.6955289,
      0,
      -0.6435187,
      -0.41267216,
      0.6446594,
      0,
      0.35606262,
      0.38277957,
      -0.031226702,
      1
    ],
    "trackingState" : "Normal"
  },
  {
    "timestamp" : 235079450663,
    "transform" : [
      0.26870343,
      -0.91064006,
      -0.3139,
      0,
      0.71378386,
      -0.030571077,
      0.6996987,
      0,
      -0.6467699,
      -0.41206813,
      0.6417857,
      0,
      0.35565493,
      0.3829347,
      -0.031713378,
      0.99999994
    ],
    "trackingState" : "Normal"
  },
  {
    "timestamp" : 235079467324,
    "transform" : [
      0.27146915,
      -0.91084903,
      -0.3108998,
      0,
      0.7099804,
      -0.028571483,
      0.70364165,
      0,
      -0.64979416,
      -0.41174975,
      0.63892865,
      0,
      0.35521644,
      0.38310143,
      -0.032204226,
      1
    ],
    "trackingState" : "Normal"
  },
  {
    "timestamp" : 235079483984,
    "transform" : [
      0.27412146,
      -0.91086936,
      -0.30850375,
      0,
      0.70625466,
      -0.027060386,
      0.7074405,
      0,
      -0.6527341,
      -0.41180685,
      0.635888,
      0,
      0.3546852,
      0.38309303,
      -0.032761596,
      1
    ],
    "trackingState" : "Normal"
  },
  {
    "timestamp" : 235079500645,
    "transform" : [
      0.27667636,
      -0.91076934,
      -0.30651206,
      0,
      0.7023497,
      -0.026039025,
      0.7113557,
      0,
      -0.65586215,
      -0.4120939,
      0.6324742,
      0,
      0.35389617,
      0.38247648,
      -0.033534925,
      0.99999994
    ],
    "trackingState" : "Normal"
  },
  {
    "timestamp" : 235079517306,
    "transform" : [
      0.27870142,
      -0.91075325,
      -0.30471984,
      0,
      0.6984678,
      -0.025547203,
      0.71518534,
      0,
      -0.6591422,
      -0.41216016,
      0.62901175,
      0,
      0.35326716,
      0.38240933,
      -0.03417634,
      0.99999994
    ],
    "trackingState" : "Normal"
  },
  {
    "timestamp" : 235079533966,
    "transform" : [
      0.2804782,
      -0.9107514,
      -0.30309054,
      0,
      0.6948996,
      -0.025162444,
      0.7186663,
      0,
      -0.66215295,
      -0.41218773,
      0.6258234,
      0,
      0.35268608,
      0.3825534,
      -0.03481704,
      0.9999999
    ],
    "trackingState" : "Normal"
  },
  {
    "timestamp" : 235079550627,
    "transform" : [
      0.2820492,
      -0.91075736,
      -0.3016113,
      0,
      0.69174534,
      -0.024783282,
      0.7217163,
      0,
      -0.6647833,
      -0.41219762,
      0.6230221,
      0,
      0.3521272,
      0.38280022,
      -0.035504967,
      1
    ],
    "trackingState" : "Normal"
  },
  {
    "timestamp" : 235079567288,
    "transform" : [
      0.28344077,
      -0.91075903,
      -0.30029902,
      0,
      0.6888466,
      -0.024504071,
      0.7244929,
      0,
      -0.6671971,
      -0.41221076,
      0.6204277,
      0,
      0.35154927,
      0.38309267,
      -0.036242273,
      1
    ],
    "trackingState" : "Normal"
  },
  {
    "timestamp" : 235079583948,
    "transform" : [
      0.28497854,
      -0.9106029,
      -0.29931533,
      0,
      0.68582934,
      -0.024446366,
      0.7273518,
      0,
      -0.6696458,
      -0.41255885,
      0.61755145,
      0,
      0.35091385,
      0.38327655,
      -0.037068587,
      1
    ],
    "trackingState" : "Normal"
  },
  {
    "timestamp" : 235079600609,
    "transform" : [
      0.28693455,
      -0.91022825,
      -0.29858547,
      0,
      0.68261534,
      -0.024402779,
      0.7303704,
      0,
      -0.6720901,
      -0.41338748,
      0.61433375,
      0,
      0.35023615,
      0.3830701,
      -0.03809149,
      1
    ],
    "trackingState" : "Normal"
  },
  {
    "timestamp" : 235079617269,
    "transform" : [
      0.28912812,
      -0.90980726,
      -0.29775122,
      0,
      0.67923856,
      -0.024201896,
      0.7335185,
      0,
      -0.6745666,
      -0.4143249,
      0.6109787,
      0,
      0.3494302,
      0.3831897,
      -0.03897614,
      0.99999994
    ],
    "trackingState" : "Normal"
  },
  {
    "timestamp" : 235079633930,
    "transform" : [
      0.29128417,
      -0.90949893,
      -0.2965895,
      0,
      0.6757529,
      -0.023830805,
      0.736743,
      0,
      -0.67713493,
      -0.41502273,
      0.6076551,
      0,
      0.34854788,
      0.38341203,
      -0.039864924,
      1
    ],
    "trackingState" : "Normal"
  },
  {
    "timestamp" : 235079650591,
    "transform" : [
      0.29343218,
      -0.9092861,
      -0.2951211,
      0,
      0.6721605,
      -0.02327951,
      0.74003947,
      0,
      -0.67977786,
      -0.41552013,
      0.6043553,
      0,
      0.3475921,
      0.3836589,
      -0.0407949,
      1
    ],
    "trackingState" : "Normal"
  },
  {
    "timestamp" : 235079667251,
    "transform" : [
      0.29573658,
      -0.9090571,
      -0.2935218,
      0,
      0.66827404,
      -0.022683632,
      0.7435692,
      0,
      -0.6826051,
      -0.4160536,
      0.6007909,
      0,
      0.34654215,
      0.38389692,
      -0.041751307,
      0.9999999
    ],
    "trackingState" : "Normal"
  },
  {
    "timestamp" : 235079683912,
    "transform" : [
      0.29836908,
      -0.90871984,
      -0.29189768,
      0,
      0.664143,
      -0.021976324,
      0.74728256,
      0,
      -0.68548524,
      -0.41682783,
      0.5969628,
      0,
      0.34542948,
      0.38410103,
      -0.042782437,
      0.99999994
    ],
    "trackingState" : "Normal"
  },
  {
    "timestamp" : 235079700572,
    "transform" : [
      0.30114865,
      -0.90829885,
      -0.29034987,
      0,
      0.65996975,
      -0.021250045,
      0.7509918,
      0,
      -0.6882949,
      -0.4177822,
      0.5930503,
      0,
      0.34438148,
      0.38423458,
      -0.044025145,
      1
    ],
    "trackingState" : "Normal"
  },
  {
    "timestamp" : 235079717233,
    "transform" : [
      0.30372345,
      -0.9079564,
      -0.2887341,
      0,
      0.65595615,
      -0.0205147,
      0.7545203,
      0,
      -0.6909948,
      -0.41856238,
      0.58934873,
      0,
      0.34321988,
      0.38441786,
      -0.04511604,
      1
    ],
    "trackingState" : "Normal"
  },
  {
    "timestamp" : 235079733894,
    "transform" : [
      0.30606976,
      -0.9077177,
      -0.2870017,
      0,
      0.65222764,
      -0.01966862,
      0.75776803,
      0,
      -0.69348437,
      -0.41912028,
      0.58601856,
      0,
      0.3419973,
      0.38461784,
      -0.0462035,
      0.99999994
    ],
    "trackingState" : "Normal"
  },
  {
    "timestamp" : 235079750554,
    "transform" : [
      0.3085923,
      -0.9073724,
      -0.28538805,
      0,
      0.64860904,
      -0.018728293,
      0.76089144,
      0,
      -0.6957567,
      -0.41991046,
      0.5827505,
      0,
      0.3406803,
      0.38479543,
      -0.047320724,
      1
    ],
    "trackingState" : "Normal"
  },
  {
    "timestamp" : 235079767215,
    "transform" : [
      0.31155783,
      -0.90681607,
      -0.28393036,
      0,
      0.64465725,
      -0.017809369,
      0.76426435,
      0,
      -0.6981037,
      -0.4211503,
      0.5790369,
      0,
      0.3392654,
      0.3849312,
      -0.048474424,
      0.99999994
    ],
    "trackingState" : "Normal"
  },
  {
    "timestamp" : 235079783875,
    "transform" : [
      0.31461754,
      -0.90629053,
      -0.28222945,
      0,
      0.6402228,
      -0.016912675,
      0.7680032,
      0,
      -0.7008073,
      -0.422317,
      0.5749069,
      0,
      0.33773556,
      0.38495505,
      -0.049748156,
      1
    ],
    "trackingState" : "Normal"
  },
  {
    "timestamp" : 235079800536,
    "transform" : [
      0.31750757,
      -0.90600836,
      -0.27988908,
      0,
      0.635257,
      -0.01590908,
      0.772137,
      0,
      -0.7040154,
      -0.4229608,
      0.570497,
      0,
      0.33596078,
      0.3847001,
      -0.051266313,
      1
    ],
    "trackingState" : "Normal"
  },
  {
    "timestamp" : 235079817197,
    "transform" : [
      0.32020882,
      -0.90590495,
      -0.27713296,
      0,
      0.62984043,
      -0.0149415685,
      0.77658087,
      0,
      -0.70764923,
      -0.42321754,
      0.56579125,
      0,
      0.3343433,
      0.38462847,
      -0.05271835,
      1
    ],
    "trackingState" : "Normal"
  },
  {
    "timestamp" : 235079833857,
    "transform" : [
      0.32303283,
      -0.9056775,
      -0.2745873,
      0,
      0.6241765,
      -0.014205401,
      0.7811543,
      0,
      -0.71137446,
      -0.4237294,
      0.5607138,
      0,
      0.33274937,
      0.3846056,
      -0.05415624,
      0.99999994
    ],
    "trackingState" : "Normal"
  },
  {
    "timestamp" : 235079850518,
    "transform" : [
      0.3257629,
      -0.90534526,
      -0.27244896,
      0,
      0.6184772,
      -0.013896001,
      0.7856798,
      0,
      -0.71509755,
      -0.42444882,
      0.5554088,
      0,
      0.3311691,
      0.3846021,
      -0.055601943,
      0.99999994
    ],
    "trackingState" : "Normal"
  },
  {
    "timestamp" : 235079867179,
    "transform" : [
      0.32809958,
      -0.90499294,
      -0.27081123,
      0,
      0.6129643,
      -0.014169362,
      0.7899837,
      0,
      -0.7187668,
      -0.4251909,
      0.5500793,
      0,
      0.32961833,
      0.38460565,
      -0.057063278,
      1
    ],
    "trackingState" : "Normal"
  },
  {
    "timestamp" : 235079883839,
    "transform" : [
      0.33032903,
      -0.90455234,
      -0.26957,
      0,
      0.60740626,
      -0.014883138,
      0.79425204,
      0,
      -0.72245455,
      -0.42610297,
      0.5445145,
      0,
      0.32811573,
      0.38459575,
      -0.058597926,
      1
    ],
    "trackingState" : "Normal"
  },
  {
    "timestamp" : 235079900500,
    "transform" : [
      0.33268264,
      -0.9039976,
      -0.26853463,
      0,
      0.60151887,
      -0.015889298,
      0.7987007,
      0,
      -0.7262902,
      -0.42724246,
      0.53848547,
      0,
      0.32672778,
      0.38454098,
      -0.06036071,
      1
    ],
    "trackingState" : "Normal"
  },
  {
    "timestamp" : 235079917160,
    "transform" : [
      0.33541465,
      -0.9032546,
      -0.26763454,
      0,
      0.59508216,
      -0.017094312,
      0.8034831,
      0,
      -0.7303248,
      -0.42876452,
      0.53177714,
      0,
      0.3251742,
      0.3845063,
      -0.061894756,
      1
    ],
    "trackingState" : "Normal"
  },
  {
    "timestamp" : 235079933821,
    "transform" : [
      0.33811975,
      -0.90258855,
      -0.26647526,
      0,
      0.5883392,
      -0.018271422,
      0.80840784,
      0,
      -0.73452854,
      -0.43011647,
      0.52485037,
      0,
      0.32357934,
      0.384501,
      -0.06337048,
      1
    ],
    "trackingState" : "Normal"
  },
  {
    "timestamp" : 235079950482,
    "transform" : [
      0.34036297,
      -0.9022456,
      -0.2647752,
      0,
      0.58137417,
      -0.01938644,
      0.8134053,
      0,
      -0.73902446,
      -0.4307865,
      0.5179439,
      0,
      0.32198957,
      0.38452435,
      -0.064856894,
      0.9999999
    ],
    "trackingState" : "Normal"
  },
  {
    "timestamp" : 235079967142,
    "transform" : [
      0.34234294,
      -0.90218127,
      -0.26243132,
      0,
      0.57458043,
      -0.019972602,
      0.8182044,
      0,
      -0.7434102,
      -0.4308944,
      0.51153827,
      0,
      0.32040972,
      0.38458812,
      -0.066369064,
      0.99999994
    ],
    "trackingState" : "Normal"
  },
  {
    "timestamp" : 235079983803,
    "transform" : [
      0.3445368,
      -0.9020712,
      -0.25992712,
      0,
      0.5682267,
      -0.020007877,
      0.8226289,
      0,
      -0.7472704,
      -0.43112344,
      0.5056875,
      0,
      0.31871805,
      0.3844694,
      -0.067864135,
      1
    ],
    "trackingState" : "Normal"
  },
  {
    "timestamp" : 235080000463,
    "transform" : [
      0.34719646,
      -0.9017435,
      -0.25751412,
      0,
      0.5623491,
      -0.019554654,
      0.82666886,
      0,
      -0.75047886,
      -0.43182927,
      0.50030524,
      0,
      0.3166889,
      0.3837377,
      -0.06927289,
      1
    ],
    "trackingState" : "Normal"
  },
  {
    "timestamp" : 235080017124,
    "transform" : [
      0.34994557,
      -0.9012876,
      -0.25537953,
      0,
      0.5565184,
      -0.01927255,
      0.8306117,
      0,
      -0.7535418,
      -0.43279228,
      0.49483883,
      0,
      0.3148341,
      0.38358128,
      -0.07078574,
      0.9999999
    ],
    "trackingState" : "Normal"
  },
  {
    "timestamp" : 235080033785,
    "transform" : [
      0.35232553,
      -0.9009046,
      -0.25345126,
      0,
      0.550443,
      -0.01954306,
      0.8346439,
      0,
      -0.7568879,
      -0.43357682,
      0.48901114,
      0,
      0.31303737,
      0.3836455,
      -0.07234827,
      0.9999999
    ],
    "trackingState" : "Normal"
  },
  {
    "timestamp" : 235080050445,
    "transform" : [
      0.35399002,
      -0.9008143,
      -0.25144547,
      0,
      0.54397297,
      -0.020387432,
      0.8388551,
      0,
      -0.7607791,
      -0.43372583,
      0.4828017,
      0,
      0.31126645,
      0.3838245,
      -0.073952004,
      1
    ],
    "trackingState" : "Normal"
  },
  {
    "timestamp" : 235080067106,
    "transform" : [
      0.35511273,
      -0.9009629,
      -0.24932124,
      0,
      0.5372832,
      -0.021547265,
      0.8431268,
      0,
      -0.764998,
      -0.43336108,
      0.4764205,
      0,
      0.30950522,
      0.38408187,
      -0.07558809,
      1
    ],
    "trackingState" : "Normal"
  },
  {
    "timestamp" : 235080083767,
    "transform" : [
      0.35624722,
      -0.9010631,
      -0.24733251,
      0,
      0.5304673,
      -0.022874437,
      0.84739685,
      0,
      -0.76921564,
      -0.43308452,
      0.4698355,
      0,
      0.30755648,
      0.38425994,
      -0.07731229,
      0.99999994
    ],
    "trackingState" : "Normal"
  },
  {
    "timestamp" : 235080100427,
    "transform" : [
      0.35767448,
      -0.9009843,
      -0.24555378,
      0,
      0.5238522,
      -0.024098918,
      0.85146844,
      0,
      -0.7730772,
      -0.43318227,
      0.463363,
      0,
      0.3050658,
      0.3840915,
      -0.079284295,
      1
    ],
    "trackingState" : "Normal"
  },
  {
    "timestamp" : 235080117088,
    "transform" : [
      0.3592421,
      -0.90075666,
      -0.2440956,
      0,
      0.5175952,
      -0.025335219,
      0.85525054,
      0,
      -0.7765568,
      -0.4335847,
      0.45712587,
      0,
      0.3029316,
      0.38427094,
      -0.08105187,
      1
    ],
    "trackingState" : "Normal"
  },
  {
    "timestamp" : 235080133748,
    "transform" : [
      0.3608861,
      -0.90043044,
      -0.24287115,
      0,
      0.51185083,
      -0.026460161,
      0.8586668,
      0,
      -0.77959615,
      -0.43419468,
      0.45133698,
      0,
      0.30088887,
      0.3845765,
      -0.082769364,
      0.99999994
    ],
    "trackingState" : "Normal"
  },
  {
    "timestamp" : 235080150409,
    "transform" : [
      0.36228073,
      -0.9001736,
      -0.24174418,
      0,
      0.50631505,
      -0.027696911,
      0.8619038,
      0,
      -0.7825587,
      -0.4346498,
      0.4457374,
      0,
      0.2988816,
      0.38492212,
      -0.084485576,
      1
    ],
    "trackingState" : "Normal"
  },
  {
    "timestamp" : 235080167070,
    "transform" : [
      0.3633378,
      -0.90009904,
      -0.24043196,
      0,
      0.50067186,
      -0.028993545,
      0.8651516,
      0,
      -0.78569305,
      -0.43471974,
      0.4401198,
      0,
      0.29689714,
      0.3852874,
      -0.08622253,
      1
    ],
    "trackingState" : "Normal"
  },
  {
    "timestamp" : 235080183730,
    "transform" : [
      0.36403146,
      -0.90023583,
      -0.23886552,
      0,
      0.4948116,
      -0.030348279,
      0.86847025,
      0,
      -0.7890773,
      -0.43434387,
      0.43439937,
      0,
      0.29491067,
      0.38556197,
      -0.08799215,
      1
    ],
    "trackingState" : "Normal"
  },
  {
    "timestamp" : 235080200391,
    "transform" : [
      0.36464638,
      -0.9004513,
      -0.23710886,
      0,
      0.48840824,
      -0.031840406,
      0.8720342,
      0,
      -0.7927741,
      -0.43379003,
      0.42817733,
      0,
      0.2928592,
      0.385536,
      -0.08977465,
      1
    ],
    "trackingState" : "Normal"
  },
  {
    "timestamp" : 235080217051,
    "transform" : [
      0.36554077,
      -0.90052885,
      -0.23543128,
      0,
      0.48146448,
      -0.033537425,
      0.87582386,
      0,
      -0.7966004,
      -0.43350106,
      0.42131335,
      0,
      0.29076797,
      0.38572717,
      -0.09155527,
      1
    ],
    "trackingState" : "Normal"
  },
  {
    "timestamp" : 235080233712,
    "transform" : [
      0.3668023,
      -0.90044063,
      -0.23380096,
      0,
      0.47425514,
      -0.035219185,
      0.8796828,
      0,
      -0.8003364,
      -0.43355092,
      0.41412014,
      0,
      0.28863212,
      0.38596788,
      -0.0933115,
      1
    ],
    "trackingState" : "Normal"
  },
  {
    "timestamp" : 235080250373,
    "transform" : [
      0.3684168,
      -0.9002268,
      -0.23207949,
      0,
      0.467024,
      -0.03663453,
      0.8834856,
      0,
      -0.8038395,
      -0.43387753,
      0.40693074,
      0,
      0.2864569,
      0.38622236,
      -0.09503956,
      1
    ],
    "trackingState" : "Normal"
  },
  {
    "timestamp" : 235080267033,
    "transform" : [
      0.37027296,
      -0.89995444,
      -0.23017403,
      0,
      0.4597798,
      -0.0377501,
      0.88723034,
      0,
      -0.807156,
      -0.4343467,
      0.399803,
      0,
      0.28425515,
      0.3864874,
      -0.096730866,
      0.99999994
    ],
    "trackingState" : "Normal"
  },
  {
    "timestamp" : 235080283694,
    "transform" : [
      0.3721963,
      -0.89976805,
      -0.22778855,
      0,
      0.45252356,
      -0.03836035,
      0.89092714,
      0,
      -0.81036574,
      -0.43467936,
      0.3928886,
      0,
      0.28174946,
      0.38665336,
      -0.09835218,
      1
    ],
    "trackingState" : "Normal"
  },
  {
    "timestamp" : 235080300355,
    "transform" : [
      0.37386042,
      -0.89976877,
      -0.2250438,
      0,
      0.44481814,
      -0.03896914,
      0.8947729,
      0,
      -0.81385845,
      -0.43462363,
      0.3856644,
      0,
      0.2782749,
      0.38644356,
      -0.09982881,
      1
    ],
    "trackingState" : "Normal"
  },
  {
    "timestamp" : 235080317015,
    "transform" : [
      0.3751661,
      -0.9000758,
      -0.22161718,
      0,
      0.43668854,
      -0.03927322,
      0.8987552,
      0,
      -0.81765145,
      -0.4339601,
      0.37831873,
      0,
      0.27570903,
      0.38661987,
      -0.1013363,
      1
    ],
    "trackingState" : "Normal"
  },
  {
    "timestamp" : 235080333676,
    "transform" : [
      0.37639004,
      -0.9005294,
      -0.21766387,
      0,
      0.42838022,
      -0.039152548,
      0.90275013,
      0,
      -0.8214751,
      -0.43302894,
      0.3710323,
      0,
      0.27345216,
      0.3869446,
      -0.10281584,
      1
    ],
    "trackingState" : "Normal"
  },
  {
    "timestamp" : 235080350336,
    "transform" : [
      0.37761873,
      -0.90098,
      -0.21363366,
      0,
      0.42012033,
      -0.038893603,
      0.9066346,
      0,
      -0.8251687,
      -0.432114,
      0.363833,
      0,
      0.27129313,
      0.38732472,
      -0.10422553,
      1
    ],
    "trackingState" : "Normal"
  },
  {
    "timestamp" : 235080366997,
    "transform" : [
      0.3789159,
      -0.9012773,
      -0.21005191,
      0,
      0.41245157,
      -0.03871796,
      0.9101564,
      0,
      -0.82843614,
      -0.43150896,
      0.35706237,
      0,
      0.26915887,
      0.38771552,
      -0.10553969,
      0.9999999
    ],
    "trackingState" : "Normal"
  },
  {
    "timestamp" : 235080383658,
    "transform" : [
      0.38034552,
      -0.9013436,
      -0.20716459,
      0,
      0.40570047,
      -0.038690686,
      0.9131868,
      0,
      -0.8311106,
      -0.43137327,
      0.35095966,
      0,
      0.26693854,
      0.38796452,
      -0.106660865,
      0.99999994
    ],
    "trackingState" : "Normal"
  },
  {
    "timestamp" : 235080400318,
    "transform" : [
      0.38192385,
      -0.90126336,
      -0.20459396,
      0,
      0.39966637,
      -0.038540687,
      0.91585016,
      0,
      -0.83330745,
      -0.4315543,
      0.34548497,
      0,
      0.26446044,
      0.3878296,
      -0.107429266,
      1
    ],
    "trackingState" : "Normal"
  },
  {
    "timestamp" : 235080416979,
    "transform" : [
      0.3834791,
      -0.90121186,
      -0.20189378,
      0,
      0.3937604,
      -0.038197692,
      0.91841906,
      0,
      -0.8354022,
      -0.43169227,
      0.34021348,
      0,
      0.26212564,
      0.3880151,
      -0.10845523,
      0.99999994
    ],
    "trackingState" : "Normal"
  },
  {
    "timestamp" : 235080433639,
    "transform" : [
      0.3848353,
      -0.9013007,
      -0.19889437,
      0,
      0.38741264,
      -0.037853386,
      0.921129,
      0,
      -0.83774316,
      -0.4315371,
      0.334608,
      0,
      0.25980884,
      0.38829976,
      -0.109565906,
      0.99999994
    ],
    "trackingState" : "Normal"
  },
  {
    "timestamp" : 235080450300,
    "transform" : [
      0.386011,
      -0.90151256,
      -0.19562946,
      0,
      0.38025814,
      -0.037713896,
      0.9241112,
      0,
      -0.84047586,
      -0.43110672,
      0.32824948,
      0,
      0.25746652,
      0.38859424,
      -0.11068547,
      1
    ],
    "trackingState" : "Normal"
  },
  {
    "timestamp" : 235080466961,
    "transform" : [
      0.38718015,
      -0.9017409,
      -0.19223718,
      0,
      0.37241784,
      -0.037780236,
      0.92729586,
      0,
      -0.84344345,
      -0.43062308,
      0.3211966,
      0,
      0.2550714,
      0.38885683,
      -0.11178219,
      1
    ],
    "trackingState" : "Normal"
  },
  {
    "timestamp" : 235080483621,
    "transform" : [
      0.38860247,
      -0.9018059,
      -0.18903583,
      0,
      0.36452305,
      -0.037955277,
      0.9304206,
      0,
      -0.84623367,
      -0.4304716,
      0.3139795,
      0,
      0.25261325,
      0.38907436,
      -0.11284132,
      0.99999994
    ],
    "trackingState" : "Normal"
  },
  {
    "timestamp" : 235080500282,
    "transform" : [
      0.39028004,
      -0.9016271,
      -0.18641412,
      0,
      0.3571803,
      -0.038342156,
      0.93324816,
      0,
      -0.8485895,
      -0.43081155,
      0.3070792,
      0,
      0.25003943,
      0.38907078,
      -0.11382413,
      1
    ],
    "trackingState" : "Normal"
  },
  {
    "timestamp" : 235080516943,
    "transform" : [
      0.39197454,
      -0.90129775,
      -0.18444127,
      0,
      0.35058966,
      -0.03901318,
      0.9357162,
      0,
      -0.8505545,
      -0.43144011,
      0.30069345,
      0,
      0.24725503,
      0.38857192,
      -0.114668876,
      1
    ],
    "trackingState" : "Normal"
  },
  {
    "timestamp" : 235080533603,
    "transform" : [
      0.39337727,
      -0.901074,
      -0.18253843,
      0,
      0.34451896,
      -0.039602596,
      0.9379439,
      0,
      -0.8523857,
      -0.43185365,
      0.29485825,
      0,
      0.2446709,
      0.3884965,
      -0.11550352,
      1
    ],
    "trackingState" : "Normal"
  },
  {
    "timestamp" : 235080550264,
    "transform" : [
      0.39468807,
      -0.9009468,
      -0.18032265,
      0,
      0.33852696,
      -0.039859135,
      0.9401122,
      0,
      -0.8541786,
      -0.43209508,
      0.2892629,
      0,
      0.24214208,
      0.38857013,
      -0.1163138,
      1
    ],
    "trackingState" : "Normal"
  },
  {
    "timestamp" : 235080566924,
    "transform" : [
      0.3959763,
      -0.9008998,
      -0.177714,
      0,
      0.3321389,
      -0.039911203,
      0.9423857,
      0,
      -0.8560879,
      -0.43218812,
      0.28342003,
      0,
      0.23960173,
      0.38870338,
      -0.11709612,
      0.99999994
    ],
    "trackingState" : "Normal"
  },
  {
    "timestamp" : 235080583585,
    "transform" : [
      0.39682746,
      -0.90088284,
      -0.17589247,
      0,
      0.32774422,
      -0.039928548,
      0.9439224,
      0,
      -0.85738665,
      -0.43222204,
      0.27941445,
      0,
      0.2364831,
      0.3809092,
      -0.12359713,
      1
    ],
    "trackingState" : "Normal"
  },
  {
    "timestamp" : 235080600246,
    "transform" : [
      0.39656928,
      -0.9008192,
      -0.17679822,
      0,
      0.32916057,
      -0.040251393,
      0.94341564,
      0,
      -0.85696334,
      -0.43232465,
      0.2805517,
      0,
      0.23195595,
      0.35331574,
      -0.14426681,
      0.99999994
    ],
    "trackingState" : "Normal"
  },
  {
    "timestamp" : 235080616906,
    "transform" : [
      0.39772338,
      -0.9006208,
      -0.17520945,
      0,
      0.32445198,
      -0.04056801,
      0.9450319,
      0,
      -0.8582234,
      -0.43270826,
      0.2760734,
      0,
      0.22868168,
      0.34474355,
      -0.15113845,
      0.99999994
    ],
    "trackingState" : "Normal"
  },
  {
    "timestamp" : 235080633567,
    "transform" : [
      0.3996294,
      -0.9002099,
      -0.17296931,
      0,
      0.31812665,
      -0.040766943,
      0.9471713,
      0,
      -0.85970443,
      -0.43354365,
      0.2700891,
      0,
      0.22576745,
      0.34218335,
      -0.15361342,
      0.9999999
    ],
    "trackingState" : "Normal"
  },
  {
    "timestamp" : 235080650227,
    "transform" : [
      0.40192276,
      -0.8995986,
      -0.17082347,
      0,
      0.31188783,
      -0.040904198,
      0.9492381,
      0,
      -0.8609206,
      -0.4347981,
      0.26413348,
      0,
      0.22295436,
      0.34152555,
      -0.15466271,
      1
    ],
    "trackingState" : "Normal"
  },
  {
    "timestamp" : 235080666888,
    "transform" : [
