[
  {
    "trackingState" : "Normal",
    "timestamp" : 235045429680,
    "transform" : [
      0.006741098,
      -0.7197432,
      0.6942078,
      0,
      0.999675,
      -0.012220226,
      -0.02237705,
      0,
      0.024589116,
      0.69413286,
      0.7194269,
      0,
      -0.0009063445,
      0.02060005,
      -0.0026959665,
      1
    ]
  },
  {
    "trackingState" : "Normal",
    "timestamp" : 235045446340,
    "transform" : [
      0.007272126,
      -0.71973056,
      0.69421554,
      0,
      0.99967676,
      -0.011682743,
      -0.022584042,
      0,
      0.024364779,
      0.6941553,
      0.7194129,
      0,
      -0.0008024549,
      0.020716099,
      -0.0025664214,
      1.0000001
    ]
  },
  {
    "trackingState" : "Normal",
    "timestamp" : 235045463001,
    "transform" : [
      0.0076087215,
      -0.7194386,
      0.6945144,
      0,
      0.9996638,
      -0.011745872,
      -0.023119155,
      0,
      0.024790503,
      0.69445676,
      0.71910733,
      0,
      -0.000644695,
      0.020795919,
      -0.0024757683,
      1
    ]
  },
  {
    "trackingState" : "Normal",
    "timestamp" : 235045479662,
    "transform" : [
      0.0074611744,
      -0.7187593,
      0.69521904,
      0,
      0.9996412,
      -0.0125269145,
      -0.023679337,
      0,
      0.025728704,
      0.6951461,
      0.718408,
      0,
      -0.0009042248,
      0.020749737,
      -0.0025001746,
      1
    ]
  },
  {
    "trackingState" : "Normal",
    "timestamp" : 235045496322,
    "transform" : [
      0.0069697504,
      -0.7186827,
      0.6953033,
      0,
      0.9995988,
      -0.014084591,
      -0.024578188,
      0,
      0.027456991,
      0.69519556,
      0.7182962,
      0,
      -0.00082949176,
      0.02075788,
      -0.0024489034,
      1
    ]
  },
  {
    "trackingState" : "Normal",
    "timestamp" : 235045512983,
    "transform" : [
      0.0065321205,
      -0.7190536,
      0.69492394,
      0,
      0.9995568,
      -0.015492801,
      -0.02542634,
      0,
      0.029049233,
      0.6947819,
      0.7186337,
      0,
      -0.0006629154,
      0.020804442,
      -0.0023460109,
      1
    ]
  },
  {
    "trackingState" : "Normal",
    "timestamp" : 235045529643,
    "transform" : [
      0.0061644893,
      -0.7197476,
      0.69420856,
      0,
      0.99953246,
      -0.016355997,
      -0.02583343,
      0,
      0.029948035,
      0.69404316,
      0.7193103,
      0,
      -0.00047927722,
      0.0208663,
      -0.0022082413,
      1
    ]
  },
  {
    "trackingState" : "Normal",
    "timestamp" : 235045546304,
    "transform" : [
      0.0060556643,
      -0.72034335,
      0.69359136,
      0,
      0.99954265,
      -0.016192129,
      -0.025543539,
      0,
      0.02963085,
      0.6934287,
      0.71991575,
      0,
      -0.00030140206,
      0.020933215,
      -0.0020469194,
      1
    ]
  },
  {
    "trackingState" : "Normal",
    "timestamp" : 235045562965,
    "transform" : [
      0.0059847147,
      -0.72043025,
      0.6935016,
      0,
      0.9995729,
      -0.015529629,
      -0.02475865,
      0,
      0.028606718,
      0.6933535,
      0.7200297,
      0,
      -0.00012725964,
      0.021001562,
      -0.0019010901,
      1
    ]
  },
  {
    "trackingState" : "Normal",
    "timestamp" : 235045596286,
    "transform" : [
      0.0053978665,
      -0.7193362,
      0.6946411,
      0,
      0.99961567,
      -0.015009842,
      -0.023311181,
      0,
      0.027195044,
      0.6944999,
      0.71897876,
      0,
      -0.0007366103,
      0.020720068,
      -0.0018617217,
      0.99999994
    ]
  },
  {
    "trackingState" : "Normal",
    "timestamp" : 235045612947,
    "transform" : [
      0.00538045,
      -0.71936846,
      0.6946079,
      0,
      0.99960697,
      -0.015240961,
      -0.023527218,
      0,
      0.027511245,
      0.6944614,
      0.71900386,
      0,
      -0.0008807244,
      0.020667832,
      -0.0018033144,
      0.9999999
    ]
  },
  {
    "trackingState" : "Normal",
    "timestamp" : 235045629607,
    "transform" : [
      0.0055119386,
      -0.7196468,
      0.6943185,
      0,
      0.9995876,
      -0.015606398,
      -0.024111055,
      0,
      0.028187264,
      0.69416493,
      0.71926403,
      0,
      -0.0007942654,
      0.020703621,
      -0.0017082654,
      1
    ]
  },
  {
    "trackingState" : "Normal",
    "timestamp" : 235045646268,
    "transform" : [
      0.005521358,
      -0.7196933,
      0.6942705,
      0,
      0.9995634,
      -0.016184885,
      -0.024726804,
      0,
      0.02903241,
      0.6941037,
      0.71928966,
      0,
      -0.00059716776,
      0.020749006,
      -0.0016267244,
      1
    ]
  },
  {
    "trackingState" : "Normal",
    "timestamp" : 235045662928,
    "transform" : [
      0.0053968714,
      -0.7194812,
      0.69449097,
      0,
      0.9995387,
      -0.016877577,
      -0.025252271,
      0,
      0.02988987,
      0.6943068,
      0.71905833,
      0,
      -0.00033125654,
      0.020800363,
      -0.0015572347,
      1
    ]
  },
  {
    "trackingState" : "Normal",
    "timestamp" : 235045679589,
    "transform" : [
      0.0053439727,
      -0.71946514,
      0.694508,
      0,
      0.9995124,
      -0.017523173,
      -0.02584372,
      0,
      0.030763654,
      0.6943074,
      0.7190208,
      0,
      -3.455328e-05,
      0.020869011,
      -0.0014609876,
      0.99999994
    ]
  },
  {
    "trackingState" : "Normal",
    "timestamp" : 235045696250,
    "transform" : [
      0.0054833223,
      -0.720147,
      0.69379985,
      0,
      0.9994719,
      -0.018276552,
      -0.026869744,
      0,
      0.032030452,
      0.6935807,
      0.71966654,
      0,
      -0.0006256141,
      0.021217816,
      -0.0011728918,
      1
    ]
  },
  {
    "trackingState" : "Normal",
    "timestamp" : 235045712910,
    "transform" : [
      0.0053700847,
      -0.7211106,
      0.6927992,
      0,
      0.99942607,
      -0.019304076,
      -0.027839761,
      0,
      0.03344941,
      0.692551,
      0.72059304,
      0,
      -0.0006257767,
      0.021438194,
      -0.0009795177,
      0.9999999
    ]
  },
  {
    "trackingState" : "Normal",
    "timestamp" : 235045729571,
    "transform" : [
      0.0051922244,
      -0.72196513,
      0.6919102,
      0,
      0.9993713,
      -0.020523248,
      -0.02891418,
      0,
      0.035075285,
      0.69162524,
      0.7214047,
      0,
      -0.00042040777,
      0.021596324,
      -0.0008306717,
      1.0000001
    ]
  },
  {
    "trackingState" : "Normal",
    "timestamp" : 235045746232,
    "transform" : [
      0.0047940044,
      -0.7226642,
      0.6911828,
      0,
      0.9993167,
      -0.021871526,
      -0.029798904,
      0,
      0.036651835,
      0.69085324,
      0.7220655,
      0,
      -0.00014324114,
      0.021730661,
      -0.00070836954,
      1
    ]
  },
  {
    "trackingState" : "Normal",
    "timestamp" : 235045762892,
    "transform" : [
      0.0043667234,
      -0.7231908,
      0.69063467,
      0,
      0.9992736,
      -0.022991322,
      -0.030393282,
      0,
      0.037858754,
      0.6902656,
      0.72256505,
      0,
      0.00014064713,
      0.02185811,
      -0.0006042659,
      0.99999994
    ]
  },
  {
    "trackingState" : "Normal",
    "timestamp" : 235045779553,
    "transform" : [
      0.0041491636,
      -0.72352,
      0.69029105,
      0,
      0.9992515,
      -0.023551496,
      -0.03069144,
      0,
      0.03846327,
      0.68990153,
      0.72288066,
      0,
      0.00039035454,
      0.02198543,
      -0.00051212404,
      1
    ]
  },
  {
    "trackingState" : "Normal",
    "timestamp" : 235045796213,
    "transform" : [
      0.004182882,
      -0.72407395,
      0.68970966,
      0,
      0.99926823,
      -0.02319744,
      -0.030413486,
      0,
      0.038021125,
      0.6893321,
      0.72344714,
      0,
      0.00018275902,
      0.022127204,
      -4.7724694e-05,
      1
    ]
  },
  {
    "trackingState" : "Normal",
    "timestamp" : 235045812874,
    "transform" : [
      0.004273315,
      -0.7243508,
      0.68941844,
      0,
      0.99929476,
      -0.022627527,
      -0.029968103,
      0,
      0.037307266,
      0.68906015,
      0.72374326,
      0,
      0.00021140408,
      0.022302432,
      0.00020488436,
      0.9999999
    ]
  },
  {
    "trackingState" : "Normal",
    "timestamp" : 235045829535,
    "transform" : [
      0.004571215,
      -0.72472656,
      0.6890215,
      0,
      0.9993185,
      -0.021929536,
      -0.029695744,
      0,
      0.03663123,
      0.6886876,
      0.72413236,
      0,
      0.00030595314,
      0.022501482,
      0.00039346932,
      0.99999994
    ]
  },
  {
    "trackingState" : "Normal",
    "timestamp" : 235045846195,
    "transform" : [
      0.0049484726,
      -0.7251345,
      0.6885895,
      0,
      0.9993299,
      -0.021388752,
      -0.029705461,
      0,
      0.03626854,
      0.68827504,
      0.7245428,
      0,
      0.00042138126,
      0.022705372,
      0.00055358786,
      0.99999994
    ]
  },
  {
    "trackingState" : "Normal",
    "timestamp" : 235045862856,
    "transform" : [
      0.005185185,
      -0.7254319,
      0.6882744,
      0,
      0.9993375,
      -0.021034459,
      -0.029698633,
      0,
      0.03602183,
      0.68797237,
      0.7248423,
      0,
      0.0005710026,
      0.022917395,
      0.00072078913,
      0.9999999
    ]
  },
  {
    "trackingState" : "Normal",
    "timestamp" : 235045879517,
    "transform" : [
      0.005237133,
      -0.72577703,
      0.68791014,
      0,
      0.9993534,
      -0.020673852,
      -0.02942004,
      0,
      0.035574157,
      0.6876193,
      0.72519946,
      0,
      0.0007451574,
      0.023146994,
      0.00091779087,
      0.99999994
    ]
  },
  {
    "trackingState" : "Normal",
    "timestamp" : 235045896177,
    "transform" : [
      0.0051687704,
      -0.72628045,
      0.68737906,
      0,
      0.99936885,
      -0.020407375,
      -0.029077083,
      0,
      0.035145737,
      0.68709546,
      0.7257167,
      0,
      4.761545e-05,
      0.022921119,
      0.0008500204,
      0.99999994
    ]
  },
  {
    "trackingState" : "Normal",
    "timestamp" : 235045912838,
    "transform" : [
      0.005225007,
      -0.7269494,
      0.6866712,
      0,
      0.9993722,
      -0.020266812,
      -0.02906,
      0,
      0.0350418,
      0.6863919,
      0.72638714,
      0,
      -9.3404204e-05,
      0.023018964,
      0.0009779516,
      1
    ]
  },
  {
    "trackingState" : "Normal",
    "timestamp" : 235045929499,
    "transform" : [
      0.005224433,
      -0.727612,
      0.685969,
      0,
      0.9993492,
      -0.020686861,
      -0.029553859,
      0,
      0.0356943,
      0.68567693,
      0.7270304,
      0,
      -4.724907e-05,
      0.023193683,
      0.0011465834,
      0.99999994
    ]
  },
  {
    "trackingState" : "Normal",
    "timestamp" : 235045946159,
    "transform" : [
      0.005107713,
      -0.7280518,
      0.6855031,
      0,
      0.99931735,
      -0.021365765,
      -0.030137865,
      0,
      0.036588237,
      0.6851891,
      0.72744566,
      0,
      6.110594e-05,
      0.023360781,
      0.0013189726,
      1
    ]
  },
  {
    "trackingState" : "Normal",
    "timestamp" : 235045962820,
    "transform" : [
      0.0050117667,
      -0.7283452,
      0.68519235,
      0,
      0.99929196,
      -0.021904891,
      -0.030593649,
      0,
      0.03729181,
      0.6848604,
      0.7277198,
      0,
      0.00016949567,
      0.023517126,
      0.001494527,
      1.0000001
    ]
  },
  {
    "trackingState" : "Normal",
    "timestamp" : 235045979480,
    "transform" : [
      0.0049759103,
      -0.72875905,
      0.6847523,
      0,
      0.99928737,
      -0.02199934,
      -0.030674705,
      0,
      0.03741858,
      0.68441683,
      0.7281302,
      0,
      0.00025672466,
      0.023684278,
      0.0017032148,
      1
    ]
  },
  {
    "trackingState" : "Normal",
    "timestamp" : 235045996141,
    "transform" : [
      0.004699839,
      -0.72908586,
      0.6844063,
      0,
      0.99932706,
      -0.02147499,
      -0.029739328,
      0,
      0.03638015,
      0.68408525,
      0.72849435,
      0,
      -0.00026678044,
      0.024408884,
      0.0010715025,
      0.99999994
    ]
  },
  {
    "trackingState" : "Normal",
    "timestamp" : 235046012802,
    "transform" : [
      0.004547742,
      -0.7294915,
      0.6839749,
      0,
      0.9993625,
      -0.02090612,
      -0.0289421,
      0,
      0.03541229,
      0.6836704,
      0.7289313,
      0,
      -0.00039450452,
      0.024771437,
      0.0009818086,
      1
    ]
  },
  {
    "trackingState" : "Normal",
    "timestamp" : 235046029462,
    "transform" : [
      0.0044334778,
      -0.72995305,
      0.6834829,
      0,
      0.999375,
      -0.020737901,
      -0.028630404,
      0,
      0.035072867,
      0.6831826,
      0.7294049,
      0,
      -0.00037082526,
      0.025023114,
      0.0010577323,
      0.9999999
    ]
  },
  {
    "trackingState" : "Normal",
    "timestamp" : 235046046123,
    "transform" : [
      0.004396269,
      -0.7305051,
      0.6828931,
      0,
      0.99936545,
      -0.020929007,
      -0.028821811,
      0,
      0.03534677,
      0.6825865,
      0.72994953,
      0,
      -0.00028600293,
      0.025261924,
      0.0011889981,
      0.99999994
    ]
  },
  {
    "trackingState" : "Normal",
    "timestamp" : 235046062784,
    "transform" : [
      0.0044554784,
      -0.73115575,
      0.682196,
      0,
      0.9993389,
      -0.02136127,
      -0.029421074,
      0,
      0.036083978,
      0.68187606,
      0.73057723,
      0,
      -0.00017448142,
      0.025516514,
      0.0013456014,
      1
    ]
  },
  {
    "trackingState" : "Normal",
    "timestamp" : 235046079444,
    "transform" : [
      0.004578383,
      -0.7318682,
      0.6814309,
      0,
      0.9993076,
      -0.021813238,
      -0.0301419,
      0,
      0.036924127,
      0.681097,
      0.7312616,
      0,
      -3.917385e-05,
      0.025798053,
      0.0015181865,
      0.9999999
    ]
  },
  {
    "trackingState" : "Normal",
    "timestamp" : 235046096105,
    "transform" : [
      0.004499506,
      -0.7323521,
      0.6809114,
      0,
      0.9992931,
      -0.022123607,
      -0.03039836,
      0,
      0.03732653,
      0.6805667,
      0.73173475,
      0,
      -0.0001512778,
      0.026939265,
      0.0014300109,
      0.99999994
    ]
  },
  {
    "trackingState" : "Normal",
    "timestamp" : 235046112766,
    "transform" : [
      0.004598316,
      -0.7330034,
      0.6802096,
      0,
      0.99930716,
      -0.021755617,
      -0.030199608,
      0,
      0.036934808,
      0.6798771,
      0.73239547,
      0,
      -8.331612e-05,
      0.027528174,
      0.0015274538,
      1
    ]
  },
  {
    "trackingState" : "Normal",
    "timestamp" : 235046129426,
    "transform" : [
      0.004655738,
      -0.73325646,
      0.6799363,
      0,
      0.999347,
      -0.020953484,
      -0.029439477,
      0,
      0.035833735,
      0.6796292,
      0.73268014,
      0,
      3.104657e-05,
      0.027947411,
      0.0016861642,
      1
    ]
  },
  {
    "trackingState" : "Normal",
    "timestamp" : 235046146087,
    "transform" : [
      0.0049430905,
      -0.733462,
      0.67971253,
      0,
      0.9994129,
      -0.019423224,
      -0.028227191,
      0,
      0.033905793,
      0.67945284,
      0.73293537,
      0,
      0.00012803078,
      0.028358683,
      0.0018885452,
      1
    ]
  },
  {
    "trackingState" : "Normal",
    "timestamp" : 235046162748,
    "transform" : [
      0.005636882,
      -0.734093,
      0.6790257,
      0,
      0.9994995,
      -0.017004356,
      -0.026680628,
      0,
      0.031132469,
      0.67883605,
      0.7336297,
      0,
      0.00017451122,
      0.028838634,
      0.0021487968,
      1
    ]
  },
  {
    "trackingState" : "Normal",
    "timestamp" : 235046179408,
    "transform" : [
      0.0066113765,
      -0.7352681,
      0.6777442,
      0,
      0.9995849,
      -0.0141475415,
      -0.025099235,
      0,
      0.028043095,
      0.6776287,
      0.7348695,
      0,
      0.00019229445,
      0.029393787,
      0.0024593882,
      1.0000001
    ]
  },
  {
    "trackingState" : "Normal",
    "timestamp" : 235046196069,
    "transform" : [
      0.007377008,
      -0.73695785,
      0.6758985,
      0,
      0.99966073,
      -0.011452534,
      -0.023397788,
      0,
      0.024983948,
      0.6758417,
      0.73662335,
      0,
      -0.00026809052,
      0.03057452,
      0.0021460834,
      1
    ]
  },
  {
    "trackingState" : "Normal",
    "timestamp" : 235046212730,
    "transform" : [
      0.008431367,
      -0.7386617,
      0.6740236,
      0,
      0.99970174,
      -0.009225894,
      -0.02261591,
      0,
      0.02292399,
      0.6740132,
      0.7383637,
      0,
      -0.00042947876,
      0.031404324,
      0.002272027,
      0.99999994
    ]
  },
  {
    "trackingState" : "Normal",
    "timestamp" : 235046229390,
    "transform" : [
      0.009398548,
      -0.7401727,
      0.67235124,
      0,
      0.9997238,
      -0.007533898,
      -0.02226861,
      0,
      0.021548053,
      0.67237467,
      0.7398974,
      0,
      -0.00048266724,
      0.032123648,
      0.0025243964,
      1
    ]
  },
  {
    "trackingState" : "Normal",
    "timestamp" : 235046246051,
    "transform" : [
      0.010068585,
      -0.74175566,
      0.6705947,
      0,
      0.9997307,
      -0.0065581044,
      -0.022264382,
      0,
      0.020912575,
      0.6706381,
      0.74149,
      0,
      -0.00048519048,
      0.032806553,
      0.0028295303,
      0.99999994
    ]
  },
  {
    "trackingState" : "Normal",
    "timestamp" : 235046262711,
    "transform" : [
      0.010462433,
      -0.7435225,
      0.66862917,
      0,
      0.9997247,
      -0.0062685455,
      -0.022613952,
      0,
      0.021005327,
      0.66868156,
      0.7432523,
      0,
      -0.0004505366,
      0.033469878,
      0.0031599533,
      1
    ]
  },
  {
    "trackingState" : "Normal",
    "timestamp" : 235046279372,
    "transform" : [
      0.01064618,
      -0.7455047,
      0.6664155,
      0,
      0.9997154,
      -0.006295457,
      -0.02301332,
      0,
      0.021351939,
      0.6664707,
      0.74522555,
      0,
      -0.00038683787,
      0.034104075,
      0.0034934594,
      1
    ]
  },
  {
    "trackingState" : "Normal",
    "timestamp" : 235046296033,
    "transform" : [
      0.010767237,
      -0.7475193,
      0.6641528,
      0,
      0.999701,
      -0.006536544,
      -0.023564156,
      0,
      0.021955939,
      0.6642079,
      0.7472255,
      0,
      -0.00088730454,
      0.034415834,
      0.0028210646,
      1
    ]
  },
  {
    "trackingState" : "Normal",
    "timestamp" : 235046312693,
    "transform" : [
      0.010714288,
      -0.7488075,
      0.6627011,
      0,
      0.99968326,
      -0.0070723193,
      -0.024153713,
      0,
      0.022773327,
      0.6627498,
      0.74849457,
      0,
      -0.0009868715,
      0.03482136,
      0.0027107894,
      0.99999994
    ]
  },
  {
    "trackingState" : "Normal",
    "timestamp" : 235046329354,
    "transform" : [
      0.010545277,
      -0.74980056,
      0.66157985,
      0,
      0.9996689,
      -0.007623777,
      -0.02457464,
      0,
      0.02346983,
      0.66162,
      0.749472,
      0,
      -0.00096494827,
      0.03523242,
      0.002780056,
      0.99999994
    ]
  },
  {
    "trackingState" : "Normal",
    "timestamp" : 235046346015,
    "transform" : [
      0.010260994,
      -0.75093466,
      0.66029704,
      0,
      0.99965954,
      -0.008144195,
      -0.024796793,
      0,
      0.023998369,
      0.66032654,
      0.7505954,
      0,
      -0.00090458,
      0.035646535,
      0.0029339036,
      1.0000001
    ]
  },
  {
    "trackingState" : "Normal",
    "timestamp" : 235046362675,
    "transform" : [
      0.00991172,
      -0.75243485,
      0.6585922,
      0,
      0.9996517,
      -0.008654873,
      -0.024932705,
      0,
      0.02446028,
      0.65860987,
      0.75208706,
      0,
      -0.0008317381,
      0.036061466,
      0.0031318231,
      1
    ]
  },
  {
    "trackingState" : "Normal",
    "timestamp" : 235046379336,
    "transform" : [
      0.009605175,
      -0.7540659,
      0.6567287,
      0,
      0.9996467,
      -0.009036953,
      -0.024996975,
      0,
      0.024784205,
      0.6567367,
      0.7537128,
      0,
      -0.00075572357,
      0.03644892,
      0.0033419873,
      1
    ]
  },
  {
    "trackingState" : "Normal",
    "timestamp" : 235046395997,
    "transform" : [
      0.00863245,
      -0.7558006,
      0.6547449,
      0,
      0.9996378,
      -0.010168544,
      -0.02491765,
      0,
      0.025490591,
      0.65472287,
      0.75543916,
      0,
      -0.0009482056,
      0.03657569,
      0.0030582435,
      1
    ]
  },
  {
    "trackingState" : "Normal",
    "timestamp" : 235046412657,
    "transform" : [
      0.009021399,
      -0.7567796,
      0.65360796,
      0,
      0.99960744,
      -0.0105165215,
      -0.025973575,
      0,
      0.026529966,
      0.6535856,
      0.7563876,
      0,
      -0.0013262928,
      0.036545143,
      0.0024560285,
      1
    ]
  },
  {
    "trackingState" : "Normal",
    "timestamp" : 235046429318,
    "transform" : [
      0.009719833,
      -0.75811785,
      0.65204537,
      0,
      0.99958825,
      -0.010240344,
      -0.026806738,
      0,
      0.026999842,
      0.6520374,
      0.7577061,
      0,
      -0.0014847964,
      0.036772277,
      0.0024093068,
      1
    ]
  },
  {
    "trackingState" : "Normal",
    "timestamp" : 235046445979,
    "transform" : [
      0.010773469,
      -0.7599127,
      0.64993596,
      0,
      0.9995849,
      -0.009185409,
      -0.027308993,
      0,
      0.026722392,
      0.6499603,
      0.7594984,
      0,
      -0.0015969127,
      0.037107535,
      0.002566148,
      1
    ]
  },
  {
    "trackingState" : "Normal",
    "timestamp" : 235046462639,
    "transform" : [
      0.012047591,
      -0.76194733,
      0.64752716,
      0,
      0.9995946,
      -0.007532057,
      -0.027460976,
      0,
      0.025801038,
      0.64759535,
      0.7615476,
      0,
      -0.0016938597,
      0.037467085,
      0.0027807048,
      1
    ]
  },
  {
    "trackingState" : "Normal",
    "timestamp" : 235046479300,
    "transform" : [
      0.013491091,
      -0.76389945,
      0.64519453,
      0,
      0.99960166,
      -0.0056961444,
      -0.02764591,
      0,
      0.024793826,
      0.64531034,
      0.7635183,
      0,
      -0.0017794631,
      0.037813187,
      0.0029704855,
      1
    ]
  },
  {
    "trackingState" : "Normal",
    "timestamp" : 235046495961,
    "transform" : [
      0.014156307,
      -0.76614404,
      0.6425131,
      0,
      0.99958676,
      -0.0052362084,
      -0.028267343,
      0,
      0.025021201,
      0.64264756,
      0.7657533,
      0,
      -0.0018687397,
      0.03757188,
      0.0026092138,
      1
    ]
  },
  {
    "trackingState" : "Normal",
    "timestamp" : 235046512621,
    "transform" : [
      0.015050207,
      -0.76692903,
      0.64155555,
      0,
      0.99956155,
      -0.004825616,
      -0.02921727,
      0,
      0.025503485,
      0.64171386,
      0.76652014,
      0,
      -0.0019534752,
      0.036970053,
      0.0018789563,
      1
    ]
  },
  {
    "trackingState" : "Normal",
    "timestamp" : 235046529282,
    "transform" : [
      0.015687454,
      -0.76754457,
      0.64080364,
      0,
      0.99953943,
      -0.004613191,
      -0.029995225,
      0,
      0.025978835,
      0.64097893,
      0.7671187,
      0,
      -0.0020233255,
      0.036948126,
      0.0016988898,
      0.99999994
    ]
  },
  {
    "trackingState" : "Normal",
    "timestamp" : 235046545943,
    "transform" : [
      0.016450193,
      -0.76809597,
      0.64012367,
      0,
      0.9995229,
      -0.004107454,
      -0.030614793,
      0,
      0.026144387,
      0.64032173,
      0.7676619,
      0,
      -0.0021049194,
      0.03712824,
      0.0017089229,
      1
    ]
  },
  {
    "trackingState" : "Normal",
    "timestamp" : 235046562603,
    "transform" : [
      0.01747474,
      -0.76883197,
      0.639212,
      0,
      0.9995046,
      -0.0033031502,
      -0.031297352,
      0,
      0.026173832,
      0.6394422,
      0.76839346,
      0,
      -0.0021924824,
      0.03738135,
      0.0017898394,
      0.9999998
    ]
  },
  {
    "trackingState" : "Normal",
    "timestamp" : 235046579264,
    "transform" : [
      0.018578416,
      -0.76974106,
      0.638086,
      0,
      0.9994806,
      -0.0025119681,
      -0.032130968,
      0,
      0.026335387,
      0.63835144,
      0.76929456,
      0,
      -0.0022601038,
      0.03764326,
      0.0018931683,
      1
    ]
  },
  {
    "trackingState" : "Normal",
    "timestamp" : 235046595924,
    "transform" : [
      0.019369548,
      -0.77123684,
      0.63625365,
      0,
      0.99943614,
      -0.0025212534,
      -0.03348209,
      0,
      0.027426792,
      0.6365434,
      0.77075326,
      0,
      -0.0024015345,
      0.037431963,
      0.0019674771,
      1
    ]
  },
  {
    "trackingState" : "Normal",
    "timestamp" : 235046612585,
    "transform" : [
      0.019986305,
      -0.7719826,
      0.6353295,
      0,
      0.99941105,
      -0.002303986,
      -0.03423918,
      0,
      0.027895853,
      0.63563955,
      0.77148193,
      0,
      -0.0025956878,
      0.036950417,
      0.002031996,
      0.9999999
    ]
  },
  {
    "trackingState" : "Normal",
    "timestamp" : 235046629246,
    "transform" : [
      0.020089379,
      -0.77302223,
      0.63406074,
      0,
      0.99938756,
      -0.0026465782,
      -0.034890868,
      0,
      0.028649524,
      0.6343733,
      0.7724957,
      0,
      -0.0026576393,
      0.0369716,
      0.0021112333,
      0.9999999
    ]
  },
  {
    "trackingState" : "Normal",
    "timestamp" : 235046645906,
    "transform" : [
      0.019711038,
      -0.77432406,
      0.6324824,
      0,
      0.99937755,
      -0.0032557328,
      -0.035131022,
      0,
      0.029262003,
      0.632781,
      0.77377784,
      0,
      -0.0026640035,
      0.037149116,
      0.0022102618,
      1
    ]
  },
  {
    "trackingState" : "Normal",
    "timestamp" : 235046662567,
    "transform" : [
      0.019244827,
      -0.77562994,
      0.63089466,
      0,
      0.999379,
      -0.0037086664,
      -0.03504455,
      0,
      0.029521393,
      0.6311771,
      0.77507687,
      0,
      -0.0026569515,
      0.0373575,
      0.002303027,
      1
    ]
  },
  {
    "trackingState" : "Normal",
    "timestamp" : 235046679228,
    "transform" : [
      0.018815571,
      -0.7768187,
      0.6294432,
      0,
      0.9993935,
      -0.0038373044,
      -0.03461002,
      0,
      0.02930109,
      0.62971264,
      0.77627534,
      0,
      -0.0026593332,
      0.03755797,
      0.0023866165,
      0.99999994
    ]
  },
  {
    "trackingState" : "Normal",
    "timestamp" : 235046695888,
    "transform" : [
      0.018552266,
      -0.7781427,
      0.6278136,
      0,
      0.9993729,
      -0.004511307,
      -0.03512358,
      0,
      0.030163428,
      0.6280714,
      0.77757096,
      0,
      -0.0027040504,
      0.037361227,
      0.0024061487,
      1
    ]
  },
  {
    "trackingState" : "Normal",
    "timestamp" : 235046712549,
    "transform" : [
      0.018213695,
      -0.77863204,
      0.6272165,
      0,
      0.99937737,
      -0.004782851,
      -0.0349583,
      0,
      0.030219547,
      0.6274627,
      0.7780602,
      0,
      -0.0027840447,
      0.036936406,
      0.0023969961,
      0.99999994
    ]
  },
  {
    "trackingState" : "Normal",
    "timestamp" : 235046729210,
    "transform" : [
      0.018020822,
      -0.7791116,
      0.6266263,
      0,
      0.9993721,
      -0.005087292,
      -0.03506566,
      0,
      0.030507907,
      0.6268646,
      0.7785307,
      0,
      -0.0028450713,
      0.036877126,
      0.0023729047,
      1
    ]
  },
  {
    "trackingState" : "Normal",
    "timestamp" : 235046745870,
    "transform" : [
      0.017947687,
      -0.77956426,
      0.62606514,
      0,
      0.9993686,
      -0.005217608,
      -0.035146188,
      0,
      0.030665286,
      0.62630063,
      0.7789784,
      0,
      -0.0028906104,
      0.036920805,
      0.0023336718,
      0.99999994
    ]
  },
  {
    "trackingState" : "Normal",
    "timestamp" : 235046762531,
    "transform" : [
      0.017889548,
      -0.7799176,
      0.62562656,
      0,
      0.999365,
      -0.0053367126,
      -0.03522928,
      0,
      0.030814739,
      0.62585944,
      0.7793269,
      0,
      -0.002931853,
      0.036991853,
      0.0022835908,
      0.99999994
    ]
  },
  {
    "trackingState" : "Normal",
    "timestamp" : 235046779192,
    "transform" : [
      0.01770442,
      -0.7803044,
      0.62514955,
      0,
      0.9993545,
      -0.0057401643,
      -0.03546681,
      0,
      0.031263378,
      0.6253738,
      0.7796991,
      0,
      -0.0029683672,
      0.037075933,
      0.0022418774,
      1
    ]
  },
  {
    "trackingState" : "Normal",
    "timestamp" : 235046795852,
    "transform" : [
      0.017480684,
      -0.78130573,
      0.6239039,
      0,
      0.99932134,
      -0.0065834317,
      -0.03624354,
      0,
      0.032424726,
      0.62411386,
      0.78066045,
      0,
      -0.002953712,
      0.03681042,
      0.0022478728,
      1
    ]
  },
  {
    "trackingState" : "Normal",
    "timestamp" : 235046812513,
    "transform" : [
      0.017251598,
      -0.78170186,
      0.6234138,
      0,
      0.9992971,
      -0.0072772624,
      -0.036778316,
      0,
      0.033286434,
      0.62360996,
      0.7810268,
      0,
      -0.0028970577,
      0.036340572,
      0.0022954368,
      1
    ]
  },
  {
    "trackingState" : "Normal",
    "timestamp" : 235046829173,
    "transform" : [
      0.017001502,
      -0.78203195,
      0.62300664,
      0,
      0.9992701,
      -0.008030541,
      -0.037349876,
      0,
      0.034211885,
      0.62318677,
      0.7813245,
      0,
      -0.0028770566,
      0.036232177,
      0.0022790176,
      1
    ]
  },
  {
    "trackingState" : "Normal",
    "timestamp" : 235046845834,
    "transform" : [
      0.016965967,
      -0.78233004,
      0.6226332,
      0,
      0.9992415,
      -0.00856599,
      -0.037991103,
      0,
      0.035055064,
      0.62280536,
      0.78159124,
      0,
      -0.0028826534,
      0.036253937,
      0.0022466467,
      1.0000001
    ]
  },
  {
    "trackingState" : "Normal",
    "timestamp" : 235046862495,
    "transform" : [
      0.01708506,
      -0.78287625,
      0.621943,
      0,
      0.9992181,
      -0.008814141,
      -0.038543846,
      0,
      0.035656966,
      0.6221151,
      0.78211355,
      0,
      -0.002911133,
      0.036349863,
      0.0022409079,
      0.99999994
    ]
  },
  {
    "trackingState" : "Normal",
    "timestamp" : 235046879155,
    "transform" : [
      0.017204095,
      -0.78360844,
      0.62101686,
      0,
      0.99919844,
      -0.008980393,
      -0.03901248,
      0,
      0.036147498,
      0.6211902,
      0.7828259,
      0,
      -0.0029406063,
      0.036477283,
      0.0022585876,
      1
    ]
  },
  {
    "trackingState" : "Normal",
    "timestamp" : 235046895816,
    "transform" : [
      0.017469117,
      -0.78463155,
      0.61971635,
      0,
      0.99917984,
      -0.0089464765,
      -0.03949302,
      0,
      0.03653176,
      0.6198979,
      0.78383183,
      0,
      -0.002831012,
      0.036426406,
      0.0023064506,
      1
    ]
  },
  {
    "trackingState" : "Normal",
    "timestamp" : 235046912477,
    "transform" : [
      0.017736463,
      -0.7847781,
      0.61952305,
      0,
      0.9991916,
      -0.0084455125,
      -0.039304376,
      0,
      0.03607742,
      0.61971927,
      0.7839939,
      0,
      -0.0026437317,
      0.03626816,
      0.0023570033,
      0.99999994
    ]
  },
  {
    "trackingState" : "Normal",
    "timestamp" : 235046929137,
    "transform" : [
      0.017967777,
      -0.7847756,
      0.61951965,
      0,
      0.99919546,
      -0.008127593,
      -0.039275024,
      0,
      0.035857297,
      0.61972684,
      0.7839982,
      0,
      -0.0025723763,
      0.036290023,
      0.002343237,
      1
    ]
  },
  {
    "trackingState" : "Normal",
    "timestamp" : 235046945798,
    "transform" : [
      0.018231763,
      -0.78502923,
      0.61919045,
      0,
      0.9991785,
      -0.008112288,
      -0.039705325,
      0,
      0.036192905,
      0.61940575,
      0.7842365,
      0,
      -0.0025288388,
      0.036384962,
      0.0023239185,
      1
    ]
  },
  {
    "trackingState" : "Normal",
    "timestamp" : 235046962459,
    "transform" : [
      0.018419009,
      -0.78560776,
      0.6184506,
      0,
      0.99913967,
      -0.008524926,
      -0.040585943,
      0,
      0.037156895,
      0.61866605,
      0.7847749,
      0,
      -0.0024868734,
      0.036506206,
      0.002315467,
      0.9999998
    ]
  },
  {
    "trackingState" : "Normal",
    "timestamp" : 235046979119,
    "transform" : [
      0.018574066,
      -0.78629345,
      0.61757416,
      0,
      0.9990961,
      -0.0090262145,
      -0.041540798,
      0,
      0.038237628,
      0.61778736,
      0.78541505,
      0,
      -0.0024399534,
      0.036615327,
      0.002306669,
      1
    ]
  },
  {
    "trackingState" : "Normal",
    "timestamp" : 235046995780,
    "transform" : [
      0.018585742,
      -0.7870191,
      0.61664873,
      0,
      0.9990651,
      -0.009459857,
      -0.042185187,
      0,
      0.039033968,
      0.6168562,
      0.78610754,
      0,
      -0.0022627078,
      0.03650558,
      0.0024868832,
      1
    ]
  },
  {
    "trackingState" : "Normal",
    "timestamp" : 235047012440,
    "transform" : [
      0.018676782,
      -0.7870785,
      0.6165702,
      0,
      0.9990785,
      -0.009143699,
      -0.041935805,
      0,
      0.038644515,
      0.6167853,
      0.7861824,
      0,
      -0.0020086914,
      0.036290556,
      0.0028178962,
      1
    ]
  },
  {
    "trackingState" : "Normal",
    "timestamp" : 235047029101,
    "transform" : [
      0.018710999,
      -0.7872424,
      0.6163599,
      0,
      0.9991029,
      -0.008702444,
      -0.04144517,
      0,
      0.037991244,
      0.61658233,
      0.7863734,
      0,
      -0.001886328,
      0.036283903,
      0.0029733907,
      0.99999994
    ]
  },
  {
    "trackingState" : "Normal",
    "timestamp" : 235047045762,
    "transform" : [
      0.018571356,
      -0.7876691,
      0.6158187,
      0,
      0.9991047,
      -0.0087985825,
      -0.041384086,
      0,
      0.03801531,
      0.61603576,
      0.78680044,
      0,
      -0.0017770864,
      0.03634295,
      0.0030770712,
      1
    ]
  },
  {
    "trackingState" : "Normal",
    "timestamp" : 235047062422,
    "transform" : [
      0.018224025,
      -0.78838295,
      0.6149148,
      0,
      0.99908054,
      -0.009511361,
      -0.04180393,
      0,
      0.0388062,
      0.61511123,
      0.7874848,
      0,
      -0.0016569184,
      0.03641185,
      0.0031609405,
      0.9999999
    ]
  },
  {
    "trackingState" : "Normal",
    "timestamp" : 235047079083,
    "transform" : [
      0.017787559,
      -0.7891298,
      0.613969,
      0,
      0.9990405,
      -0.0105521325,
      -0.042506196,
      0,
      0.0400216,
      0.6141359,
      0.78818494,
      0,
      -0.0015363444,
      0.03648227,
      0.0032159383,
      0.99999994
    ]
  },
  {
    "trackingState" : "Normal",
    "timestamp" : 235047095744,
    "transform" : [
      0.016801635,
      -0.79015714,
      0.61267424,
      0,
      0.9990266,
      -0.011733531,
      -0.042529304,
      0,
      0.040793676,
      0.6127922,
      0.78919077,
      0,
      -0.0013848072,
      0.03627028,
      0.0033518914,
      1.0000001
    ]
  },
  {
    "trackingState" : "Normal",
    "timestamp" : 235047112404,
    "transform" : [
      0.016505623,
      -0.79074746,
      0.61192,
      0,
      0.9990252,
      -0.012016086,
      -0.04247486,
      0,
      0.040939786,
      0.61202455,
      0.78977835,
      0,
      -0.00120326,
      0.03594121,
      0.0035735099,
      0.9999999
    ]
  },
  {
    "trackingState" : "Normal",
    "timestamp" : 235047129065,
    "transform" : [
      0.016161712,
      -0.7915311,
      0.6109153,
      0,
      0.9990374,
      -0.012139532,
      -0.04215799,
      0,
      0.040785596,
      0.61100847,
      0.79057294,
      0,
      -0.0010641603,
      0.035960615,
      0.0037126327,
      1.0000001
    ]
  },
  {
    "trackingState" : "Normal",
    "timestamp" : 235047145725,
    "transform" : [
      0.015920812,
      -0.7926147,
      0.60951513,
      0,
      0.9990611,
      -0.011955797,
      -0.04164326,
      0,
      0.04029431,
      0.6096057,
      0.79168016,
      0,
      -0.00095687434,
      0.036127254,
      0.0038446323,
      1
    ]
  },
  {
    "trackingState" : "Normal",
    "timestamp" : 235047162386,
    "transform" : [
      0.015852252,
      -0.79394186,
      0.6077871,
      0,
      0.99907386,
      -0.011742064,
      -0.041396197,
      0,
      0.040002864,
      0.6078804,
      0.7930204,
      0,
      -0.00088698167,
      0.036361005,
      0.0039705234,
      0.99999994
    ]
  },
  {
    "trackingState" : "Normal",
    "timestamp" : 235047179047,
    "transform" : [
      0.015754959,
      -0.79534876,
      0.6059475,
      0,
      0.9990545,
      -0.012038529,
      -0.041777354,
      0,
      0.040522292,
      0.60603267,
      0.7944071,
      0,
      -0.0008172989,
      0.03662403,
      0.004069875,
      1
    ]
  },
  {
    "trackingState" : "Normal",
    "timestamp" : 235047195707,
    "transform" : [
      0.014731261,
      -0.7971646,
      0.60358244,
      0,
      0.9990132,
      -0.0135622835,
      -0.042294286,
      0,
      0.041901477,
      0.6036098,
      0.7961782,
      0,
      -0.0008881055,
      0.03656521,
      0.00408817,
      1
    ]
  },
  {
    "trackingState" : "Normal",
    "timestamp" : 235047212368,
    "transform" : [
      0.01429386,
      -0.7990165,
      0.6011393,
      0,
      0.9989101,
      -0.015305307,
      -0.044095375,
      0,
      0.044433568,
      0.6011144,
      0.79792696,
      0,
      -0.0010207929,
      0.036341418,
      0.0040707556,
      1
    ]
  },
  {
    "trackingState" : "Normal",
    "timestamp" : 235047229029,
    "transform" : [
      0.013783803,
      -0.80089265,
      0.59864944,
      0,
      0.9988047,
      -0.01705255,
      -0.045810748,
      0,
      0.046898004,
      0.5985652,
      0.7997002,
      0,
      -0.0010015629,
      0.03647069,
      0.00412131,
      1
    ]
  },
  {
    "trackingState" : "Normal",
    "timestamp" : 235047245689,
    "transform" : [
      0.013480679,
      -0.80246043,
      0.5965531,
      0,
      0.99873364,
      -0.018114321,
      -0.04693569,
      0,
      0.048470207,
      0.5964303,
      0.80120015,
      0,
      -0.0009818051,
      0.036703765,
      0.004186205,
      0.99999994
    ]
  },
  {
    "trackingState" : "Normal",
    "timestamp" : 235047262350,
    "transform" : [
      0.013137862,
      -0.80373424,
      0.59484357,
      0,
      0.99869543,
      -0.018810248,
      -0.047473248,
      0,
      0.049345043,
      0.59469116,
      0.8024386,
      0,
      -0.0009790473,
      0.036952388,
      0.0042577493,
      1
    ]
  },
  {
    "trackingState" : "Normal",
