[
  {
    "trackingState" : "Normal",
    "timestamp" : 235062140283,
    "transform" : [
      -0.5363371,
      -0.7209131,
      -0.43889296,
      0,
      -0.6536651,
      0.025844181,
      0.75634253,
      0,
      -0.5339145,
      0.69254345,
      -0.48509702,
      0,
      0.36210525,
      0.03894065,
      -0.77567023,
      1
    ]
  },
  {
    "trackingState" : "Normal",
    "timestamp" : 235062156944,
    "transform" : [
      -0.5312409,
      -0.7265097,
      -0.43585202,
      0,
      -0.65592206,
      0.027075559,
      0.75434285,
      0,
      -0.5362366,
      0.6866226,
      -0.4909174,
      0,
      0.3610909,
      0.039853,
      -0.7750051,
      1
    ]
  },
  {
    "trackingState" : "Normal",
    "timestamp" : 235062173605,
    "transform" : [
      -0.5270367,
      -0.73110056,
      -0.43327186,
      0,
      -0.6583004,
      0.028777402,
      0.7522051,
      0,
      -0.53746915,
      0.6816626,
      -0.49645057,
      0,
      0.36009443,
      0.04071376,
      -0.7742076,
      1
    ]
  },
  {
    "trackingState" : "Normal",
    "timestamp" : 235062190265,
    "transform" : [
      -0.5239279,
      -0.7343187,
      -0.43159676,
      0,
      -0.6599252,
      0.029595857,
      0.75074816,
      0,
      -0.538515,
      0.6781594,
      -0.50010157,
      0,
      0.35914198,
      0.04148649,
      -0.7732722,
      0.99999994
    ]
  },
  {
    "trackingState" : "Normal",
    "timestamp" : 235062206926,
    "transform" : [
      -0.5211416,
      -0.73666555,
      -0.43097037,
      0,
      -0.66076726,
      0.028651595,
      0.7500438,
      0,
      -0.54018354,
      0.67565006,
      -0.50169605,
      0,
      0.35853046,
      0.04185811,
      -0.772192,
      1
    ]
  },
  {
    "trackingState" : "Normal",
    "timestamp" : 235062223587,
    "transform" : [
      -0.51788336,
      -0.73934376,
      -0.4303111,
      0,
      -0.66109234,
      0.02665627,
      0.74983084,
      0,
      -0.54291236,
      0.6728003,
      -0.5025794,
      0,
      0.35770193,
      0.042311825,
      -0.7710567,
      0.9999999
    ]
  },
  {
    "trackingState" : "Normal",
    "timestamp" : 235062240247,
    "transform" : [
      -0.5140389,
      -0.7428252,
      -0.42892265,
      0,
      -0.6610272,
      0.02438867,
      0.7499654,
      0,
      -0.5466325,
      0.6690409,
      -0.50356454,
      0,
      0.35664648,
      0.04287073,
      -0.7699287,
      0.9999999
    ]
  },
  {
    "trackingState" : "Normal",
    "timestamp" : 235062256908,
    "transform" : [
      -0.509814,
      -0.74654484,
      -0.42750508,
      0,
      -0.6607766,
      0.021603756,
      0.75027174,
      0,
      -0.5508758,
      0.6649843,
      -0.5043133,
      0,
      0.3554336,
      0.04345627,
      -0.76884806,
      0.99999994
    ]
  },
  {
    "trackingState" : "Normal",
    "timestamp" : 235062273568,
    "transform" : [
      -0.505452,
      -0.74993587,
      -0.42674875,
      0,
      -0.66069806,
      0.018276818,
      0.75042915,
      0,
      -0.5549742,
      0.661258,
      -0.5047193,
      0,
      0.35407314,
      0.04408316,
      -0.7678387,
      0.99999994
    ]
  },
  {
    "trackingState" : "Normal",
    "timestamp" : 235062290229,
    "transform" : [
      -0.50119156,
      -0.75311697,
      -0.42617142,
      0,
      -0.6605239,
      0.01479106,
      0.75065935,
      0,
      -0.55903083,
      0.65772045,
      -0.5048649,
      0,
      0.35264218,
      0.044738382,
      -0.76687145,
      1
    ]
  },
  {
    "trackingState" : "Normal",
    "timestamp" : 235062306890,
    "transform" : [
      -0.49746785,
      -0.7557937,
      -0.42579558,
      0,
      -0.6596897,
      0.010857719,
      0.7514597,
      0,
      -0.56332535,
      0.6547199,
      -0.50399065,
      0,
      0.35163975,
      0.0453484,
      -0.76572657,
      1
    ]
  },
  {
    "trackingState" : "Normal",
    "timestamp" : 235062323550,
    "transform" : [
      -0.49496415,
      -0.75759,
      -0.42552105,
      0,
      -0.65804887,
      0.0070193103,
      0.75294256,
      0,
      -0.56743485,
      0.6526931,
      -0.5020056,
      0,
      0.35068908,
      0.045817677,
      -0.7645812,
      1
    ]
  },
  {
    "trackingState" : "Normal",
    "timestamp" : 235062340211,
    "transform" : [
      -0.49409837,
      -0.75844896,
      -0.4249967,
      0,
      -0.6562318,
      0.004699194,
      0.7545447,
      0,
      -0.5702865,
      0.65171564,
      -0.50004023,
      0,
      0.34984443,
      0.046267916,
      -0.7634308,
      1
    ]
  },
  {
    "trackingState" : "Normal",
    "timestamp" : 235062356871,
    "transform" : [
      -0.49436975,
      -0.7587504,
      -0.42414212,
      0,
      -0.6544827,
      0.0037909239,
      0.7560675,
      0,
      -0.5720586,
      0.6513705,
      -0.49846312,
      0,
      0.34909606,
      0.046829816,
      -0.7623182,
      0.99999994
    ]
  },
  {
    "trackingState" : "Normal",
    "timestamp" : 235062373532,
    "transform" : [
      -0.49451452,
      -0.759527,
      -0.42258054,
      0,
      -0.65245473,
      0.0031702502,
      0.7578211,
      0,
      -0.574246,
      0.6504681,
      -0.49712473,
      0,
      0.3483295,
      0.047613192,
      -0.7613167,
      1
    ]
  },
  {
    "trackingState" : "Normal",
    "timestamp" : 235062390193,
    "transform" : [
      -0.49286178,
      -0.7619623,
      -0.4201202,
      0,
      -0.65004814,
      0.0014935201,
      0.75989157,
      0,
      -0.57838136,
      0.6476198,
      -0.4960482,
      0,
      0.34742045,
      0.048645556,
      -0.76046914,
      1
    ]
  },
  {
    "trackingState" : "Normal",
    "timestamp" : 235062406853,
    "transform" : [
      -0.48896885,
      -0.76643795,
      -0.41651234,
      0,
      -0.647442,
      -0.0011101873,
      0.762114,
      0,
      -0.58457553,
      0.6423175,
      -0.4956813,
      0,
      0.3465631,
      0.050006535,
      -0.7602732,
      0.99999994
    ]
  },
  {
    "trackingState" : "Normal",
    "timestamp" : 235062423514,
    "transform" : [
      -0.48325413,
      -0.7725057,
      -0.41194707,
      0,
      -0.64520806,
      -0.0037889984,
      0.7639975,
      0,
      -0.5917533,
      0.6349964,
      -0.49659595,
      0,
      0.34542853,
      0.05150428,
      -0.76001906,
      0.9999999
    ]
  },
  {
    "trackingState" : "Normal",
    "timestamp" : 235062440175,
    "transform" : [
      -0.47611082,
      -0.7794188,
      -0.4072159,
      0,
      -0.6438114,
      -0.00648993,
      0.7651567,
      0,
      -0.59902036,
      0.6264695,
      -0.4987088,
      0,
      0.34405375,
      0.05302452,
      -0.7596272,
      0.9999999
    ]
  },
  {
    "trackingState" : "Normal",
    "timestamp" : 235062456835,
    "transform" : [
      -0.46764144,
      -0.7868648,
      -0.402685,
      0,
      -0.6425445,
      -0.010228915,
      0.76618004,
      0,
      -0.6069992,
      0.6170405,
      -0.50081223,
      0,
      0.34253716,
      0.05450108,
      -0.75914186,
      0.9999999
    ]
  },
  {
    "trackingState" : "Normal",
    "timestamp" : 235062473496,
    "transform" : [
      -0.458128,
      -0.7944688,
      -0.39867064,
      0,
      -0.640465,
      -0.015976477,
      0.76782125,
      0,
      -0.6163793,
      0.6070949,
      -0.5015102,
      0,
      0.34092453,
      0.055864736,
      -0.7585851,
      1
    ]
  },
  {
    "trackingState" : "Normal",
    "timestamp" : 235062490156,
    "transform" : [
      -0.44823414,
      -0.8017756,
      -0.39527467,
      0,
      -0.63788825,
      -0.022892497,
      0.7697885,
      0,
      -0.6262466,
      0.5971866,
      -0.501182,
      0,
      0.339273,
      0.05712316,
      -0.75798553,
      0.9999999
    ]
  },
  {
    "trackingState" : "Normal",
    "timestamp" : 235062506817,
    "transform" : [
      -0.44016004,
      -0.8077389,
      -0.39219552,
      0,
      -0.6359641,
      -0.02790593,
      0.771214,
      0,
      -0.63388413,
      0.5888797,
      -0.5014098,
      0,
      0.33782834,
      0.058080107,
      -0.7571966,
      1
    ]
  },
  {
    "trackingState" : "Normal",
    "timestamp" : 235062523478,
    "transform" : [
      -0.43577912,
      -0.8109029,
      -0.39055505,
      0,
      -0.63566405,
      -0.02991672,
      0.77138597,
      0,
      -0.6372032,
      0.58441556,
      -0.5024247,
      0,
      0.33665374,
      0.05899103,
      -0.75634754,
      0.99999994
    ]
  },
  {
    "trackingState" : "Normal",
    "timestamp" : 235062540138,
    "transform" : [
      -0.43482038,
      -0.8110634,
      -0.3912896,
      0,
      -0.63663626,
      -0.030442636,
      0.7705632,
      0,
      -0.6368875,
      0.58416563,
      -0.50311536,
      0,
      0.3357664,
      0.05983086,
      -0.75529516,
      1
    ]
  },
  {
    "trackingState" : "Normal",
    "timestamp" : 235062556799,
    "transform" : [
      -0.435545,
      -0.80951685,
      -0.3936791,
      0,
      -0.6381352,
      -0.030788826,
      0.7693085,
      0,
      -0.63488907,
      0.58628887,
      -0.50317127,
      0,
      0.33509687,
      0.060663693,
      -0.7540091,
      1
    ]
  },
  {
    "trackingState" : "Normal",
    "timestamp" : 235062573459,
    "transform" : [
      -0.43603018,
      -0.8080479,
      -0.3961521,
      0,
      -0.6397642,
      -0.031263832,
      0.7679352,
      0,
      -0.63291365,
      0.58828676,
      -0.50332814,
      0,
      0.33446768,
      0.061650485,
      -0.7526339,
      1
    ]
  },
  {
    "trackingState" : "Normal",
    "timestamp" : 235062590120,
    "transform" : [
      -0.4349269,
      -0.80832773,
      -0.39679348,
      0,
      -0.64060605,
      -0.031924598,
      0.76720583,
      0,
      -0.63282126,
      0.58786666,
      -0.50393474,
      0,
      0.33371097,
      0.062953904,
      -0.7513399,
      1
    ]
  },
  {
    "trackingState" : "Normal",
    "timestamp" : 235062606781,
    "transform" : [
      -0.4316689,
      -0.8112928,
      -0.39429185,
      0,
      -0.6404912,
      -0.032118462,
      0.76729363,
      0,
      -0.63516396,
      0.58375716,
      -0.5057614,
      0,
      0.33337617,
      0.064515814,
      -0.7508599,
      0.99999994
    ]
  },
  {
    "trackingState" : "Normal",
    "timestamp" : 235062623441,
    "transform" : [
      -0.42631385,
      -0.8163914,
      -0.38956615,
      0,
      -0.6404565,
      -0.03171755,
      0.7673393,
      0,
      -0.6388052,
      0.57662743,
      -0.50934154,
      0,
      0.3324825,
      0.06645849,
      -0.75035805,
      1
    ]
  },
  {
    "trackingState" : "Normal",
    "timestamp" : 235062640102,
    "transform" : [
      -0.41967517,
      -0.82244545,
      -0.38400033,
      0,
      -0.64098233,
      -0.031001106,
      0.76692927,
      0,
      -0.64266205,
      0.5679985,
      -0.5141627,
      0,
      0.33110577,
      0.06863852,
      -0.74980986,
      1
    ]
  },
  {
    "trackingState" : "Normal",
    "timestamp" : 235062656762,
    "transform" : [
      -0.41219297,
      -0.828893,
      -0.37819776,
      0,
      -0.64159316,
      -0.03064684,
      0.7664327,
      0,
      -0.6468813,
      0.55856717,
      -0.51917964,
      0,
      0.32948667,
      0.07089161,
      -0.7493035,
      0.99999994
    ]
  },
  {
    "trackingState" : "Normal",
    "timestamp" : 235062673423,
    "transform" : [
      -0.4039865,
      -0.83558047,
      -0.3722905,
      0,
      -0.6412503,
      -0.031561326,
      0.76668227,
      0,
      -0.65237486,
      0.54846066,
      -0.523066,
      0,
      0.32775965,
      0.07309866,
      -0.74885637,
      0.9999999
    ]
  },
  {
    "trackingState" : "Normal",
    "timestamp" : 235062690084,
    "transform" : [
      -0.39542687,
      -0.8424317,
      -0.3659868,
      0,
      -0.63945925,
      -0.033536937,
      0.7680931,
      0,
      -0.6593402,
      0.5377583,
      -0.5254394,
      0,
      0.32603157,
      0.075202234,
      -0.74850565,
      0.99999994
    ]
  },
  {
    "trackingState" : "Normal",
    "timestamp" : 235062706744,
    "transform" : [
      -0.38767368,
      -0.8489029,
      -0.35926732,
      0,
      -0.6370016,
      -0.034999687,
      0.77006745,
      0,
      -0.6662868,
      0.5273887,
      -0.5271841,
      0,
      0.32453257,
      0.07663409,
      -0.74856853,
      0.99999994
    ]
  },
  {
    "trackingState" : "Normal",
    "timestamp" : 235062723405,
    "transform" : [
      -0.3827348,
      -0.85365015,
      -0.35326433,
      0,
      -0.6344635,
      -0.03507776,
      0.77215654,
      0,
      -0.6715433,
      0.51966447,
      -0.5281844,
      0,
      0.32323986,
      0.078086354,
      -0.74842566,
      1
    ]
  },
  {
    "trackingState" : "Normal",
    "timestamp" : 235062740066,
    "transform" : [
      -0.3814248,
      -0.8558124,
      -0.3494289,
      0,
      -0.63236,
      -0.03415785,
      0.7739215,
      0,
      -0.6742673,
      0.51615757,
      -0.5281528,
      0,
      0.3222289,
      0.07950991,
      -0.7479819,
      1.0000001
    ]
  },
  {
    "trackingState" : "Normal",
    "timestamp" : 235062756726,
    "transform" : [
      -0.38228926,
      -0.85603064,
      -0.3479463,
      0,
      -0.63146776,
      -0.0328869,
      0.7747045,
      0,
      -0.6746137,
      0.51587796,
      -0.52798355,
      0,
      0.32140803,
      0.080853924,
      -0.74734557,
      1
    ]
  },
  {
    "trackingState" : "Normal",
    "timestamp" : 235062773387,
    "transform" : [
      -0.38294876,
      -0.8558604,
      -0.3476397,
      0,
      -0.63186,
      -0.031841666,
      0.77442837,
      0,
      -0.67387193,
      0.5162259,
      -0.5285903,
      0,
      0.32060975,
      0.082253195,
      -0.7466629,
      1
    ]
  },
  {
    "trackingState" : "Normal",
    "timestamp" : 235062790047,
    "transform" : [
      -0.38164043,
      -0.8567418,
      -0.3469067,
      0,
      -0.633227,
      -0.031062713,
      0.77334255,
      0,
      -0.6733307,
      0.5148094,
      -0.5306573,
      0,
      0.3196859,
      0.0838403,
      -0.7460833,
      0.99999994
    ]
  },
  {
    "trackingState" : "Normal",
    "timestamp" : 235062806708,
    "transform" : [
      -0.3780497,
      -0.8593662,
      -0.34433728,
      0,
      -0.6350664,
      -0.029905647,
      0.7718784,
      0,
      -0.67362386,
      0.5104854,
      -0.53444874,
      0,
      0.3188554,
      0.085263975,
      -0.74564385,
      0.9999999
    ]
  },
  {
    "trackingState" : "Normal",
    "timestamp" : 235062823369,
    "transform" : [
      -0.37252694,
      -0.8636751,
      -0.33954233,
      0,
      -0.63659436,
      -0.028400145,
      0.77067566,
      0,
      -0.6752565,
      0.50324816,
      -0.53923094,
      0,
      0.31773958,
      0.08707504,
      -0.74536353,
      0.99999994
    ]
  },
  {
    "trackingState" : "Normal",
    "timestamp" : 235062840029,
    "transform" : [
      -0.36574572,
      -0.8689786,
      -0.33332628,
      0,
      -0.6371803,
      -0.027265025,
      0.77023244,
      0,
      -0.6784036,
      0.49409813,
      -0.54372406,
      0,
      0.31644744,
      0.08912636,
      -0.7451381,
      1
    ]
  },
  {
    "trackingState" : "Normal",
    "timestamp" : 235062856690,
    "transform" : [
      -0.3582868,
      -0.8745313,
      -0.3268421,
      0,
      -0.636499,
      -0.02730467,
      0.77079415,
      0,
      -0.6830079,
      0.48419997,
      -0.54685533,
      0,
      0.3151239,
      0.09120369,
      -0.7448766,
      1
    ]
  },
  {
    "trackingState" : "Normal",
    "timestamp" : 235062873350,
    "transform" : [
      -0.35052037,
      -0.87993854,
      -0.3206927,
      0,
      -0.63493186,
      -0.028447913,
      0.77204436,
      0,
      -0.6884745,
      0.47423518,
      -0.5487294,
      0,
      0.31382352,
      0.093228064,
      -0.74462014,
      1
    ]
  },
  {
    "trackingState" : "Normal",
    "timestamp" : 235062890011,
    "transform" : [
      -0.3422352,
      -0.88532263,
      -0.31476814,
      0,
      -0.63256484,
      -0.030625718,
      0.7739017,
      0,
      -0.69479275,
      0.46396765,
      -0.5495429,
      0,
      0.31255564,
      0.0952031,
      -0.74443746,
      1
    ]
  },
  {
    "trackingState" : "Normal",
    "timestamp" : 235062906672,
    "transform" : [
      -0.33370367,
      -0.8906398,
      -0.30887341,
      0,
      -0.6298949,
      -0.033099543,
      0.77597487,
      0,
      -0.7013375,
      0.4535034,
      -0.5499641,
      0,
      0.31133586,
      0.096830435,
      -0.74409986,
      1
    ]
  },
  {
    "trackingState" : "Normal",
    "timestamp" : 235062923332,
    "transform" : [
      -0.32632184,
      -0.8953559,
      -0.30307093,
      0,
      -0.6276917,
      -0.03447596,
      0.7776983,
      0,
      -0.7067654,
      0.444015,
      -0.5507573,
      0,
      0.31012633,
      0.09853874,
      -0.74393797,
      0.99999994
    ]
  },
  {
    "trackingState" : "Normal",
    "timestamp" : 235062939993,
    "transform" : [
      -0.32154092,
      -0.89872146,
      -0.29818007,
      0,
      -0.62630266,
      -0.034324188,
      0.7788242,
      0,
      -0.71018076,
      0.43717474,
      -0.551835,
      0,
      0.30903852,
      0.100264706,
      -0.7438655,
      1
    ]
  },
  {
    "trackingState" : "Normal",
    "timestamp" : 235062956654,
    "transform" : [
      -0.31939653,
      -0.9006402,
      -0.2946748,
      0,
      -0.6263314,
      -0.032715995,
      0.77887017,
      0,
      -0.7111224,
      0.4333324,
      -0.5536499,
      0,
      0.3081137,
      0.10191259,
      -0.7437733,
      1
    ]
  },
  {
    "trackingState" : "Normal",
    "timestamp" : 235062973314,
    "transform" : [
      -0.31821457,
      -0.9019157,
      -0.29204035,
      0,
      -0.6274297,
      -0.030569777,
      0.77807283,
      0,
      -0.71068376,
      0.43082884,
      -0.55616105,
      0,
      0.3072712,
      0.103493564,
      -0.7436724,
      0.99999994
    ]
  },
  {
    "trackingState" : "Normal",
    "timestamp" : 235062989975,
    "transform" : [
      -0.31572166,
      -0.9037076,
      -0.28919247,
      0,
      -0.6292444,
      -0.028707383,
      0.776677,
      0,
      -0.710191,
      0.42718655,
      -0.55958956,
      0,
      0.30637276,
      0.10512121,
      -0.7436046,
      0.99999994
    ]
  },
  {
    "trackingState" : "Normal",
    "timestamp" : 235063006635,
    "transform" : [
      -0.31134313,
      -0.90643054,
      -0.2853927,
      0,
      -0.6315395,
      -0.027048072,
      0.7748717,
      0,
      -0.7100868,
      0.42148775,
      -0.56402564,
      0,
      0.30530316,
      0.1064095,
      -0.7432904,
      1
    ]
  },
  {
    "trackingState" : "Normal",
    "timestamp" : 235063023296,
    "transform" : [
      -0.30617487,
      -0.9096317,
      -0.28076187,
      0,
      -0.6339572,
      -0.02519183,
      0.77295774,
      0,
      -0.7101798,
      0.41465124,
      -0.5689545,
      0,
      0.3042537,
      0.10795854,
      -0.7431066,
      1
    ]
  },
  {
    "trackingState" : "Normal",
    "timestamp" : 235063039957,
    "transform" : [
      -0.30101413,
      -0.91283745,
      -0.27589557,
      0,
      -0.6361624,
      -0.023309378,
      0.7712031,
      0,
      -0.710414,
      0.40765738,
      -0.5736965,
      0,
      0.3032598,
      0.10968182,
      -0.74300945,
      1
    ]
  },
  {
    "trackingState" : "Normal",
    "timestamp" : 235063056617,
    "transform" : [
      -0.29732427,
      -0.91527694,
      -0.27178416,
      0,
      -0.63769895,
      -0.021487094,
      0.76998603,
      0,
      -0.7105902,
      0.40225196,
      -0.5772825,
      0,
      0.30237323,
      0.11131552,
      -0.7427407,
      0.99999994
    ]
  },
  {
    "trackingState" : "Normal",
    "timestamp" : 235063073278,
    "transform" : [
      -0.29376408,
      -0.91761035,
      -0.26775736,
      0,
      -0.6388269,
      -0.019905938,
      0.76909304,
      0,
      -0.71105766,
      0.39698246,
      -0.5803466,
      0,
      0.30151752,
      0.112975344,
      -0.7425744,
      1
    ]
  },
  {
    "trackingState" : "Normal",
    "timestamp" : 235063089939,
    "transform" : [
      -0.2897238,
      -0.9200786,
      -0.26365846,
      0,
      -0.6392264,
      -0.019017043,
      0.7687836,
      0,
      -0.7123553,
      0.3912723,
      -0.5826287,
      0,
      0.30065498,
      0.11462653,
      -0.74250543,
      1
    ]
  },
  {
    "trackingState" : "Normal",
    "timestamp" : 235063106599,
    "transform" : [
      -0.28493914,
      -0.9229413,
      -0.25882253,
      0,
      -0.63855124,
      -0.018612232,
      0.76935434,
      0,
      -0.7148862,
      0.38449055,
      -0.58404195,
      0,
      0.29936114,
      0.11601451,
      -0.74178183,
      1
    ]
  },
  {
    "trackingState" : "Normal",
    "timestamp" : 235063123260,
    "transform" : [
      -0.279768,
      -0.9260102,
      -0.25344643,
      0,
      -0.63759696,
      -0.01815754,
      0.7701562,
      0,
      -0.7177744,
      0.37706167,
      -0.5853415,
      0,
      0.29826218,
      0.117477715,
      -0.74144924,
      1
    ]
  },
  {
    "trackingState" : "Normal",
    "timestamp" : 235063139920,
    "transform" : [
      -0.27506265,
      -0.9287566,
      -0.2484992,
      0,
      -0.6366953,
      -0.017701106,
      0.77091235,
      0,
      -0.72038865,
      0.37026742,
      -0.586466,
      0,
      0.29737392,
      0.118955344,
      -0.74138427,
      1
    ]
  },
  {
    "trackingState" : "Normal",
    "timestamp" : 235063156581,
    "transform" : [
      -0.2719338,
      -0.93052346,
      -0.24531254,
      0,
      -0.63610303,
      -0.017471595,
      0.77140635,
      0,
      -0.7220977,
      0.36581546,
      -0.5871577,
      0,
      0.29660407,
      0.12038876,
      -0.7413752,
      1
    ]
  },
  {
    "trackingState" : "Normal",
    "timestamp" : 235063173242,
    "transform" : [
      -0.26937118,
      -0.93172115,
      -0.24358761,
      0,
      -0.6358839,
      -0.017878681,
      0.77157766,
      0,
      -0.72325027,
      0.36273417,
      -0.5876506,
      0,
      0.29586598,
      0.12180787,
      -0.7413921,
      0.99999994
    ]
  },
  {
    "trackingState" : "Normal",
    "timestamp" : 235063189902,
    "transform" : [
      -0.26603258,
      -0.9330935,
      -0.24199854,
      0,
      -0.63623226,
      -0.018635117,
      0.7712727,
      0,
      -0.72417915,
      0.35915086,
      -0.58870655,
      0,
      0.29509634,
      0.123273835,
      -0.7414673,
      1
    ]
  },
  {
    "trackingState" : "Normal",
    "timestamp" : 235063206563,
    "transform" : [
      -0.26131353,
      -0.9350531,
      -0.23956434,
      0,
      -0.63705415,
      -0.019390782,
      0.77057517,
      0,
      -0.725174,
      0.3539771,
      -0.5906124,
      0,
      0.2937196,
      0.1250221,
      -0.7411087,
      1
    ]
  },
  {
    "trackingState" : "Normal",
    "timestamp" : 235063223223,
    "transform" : [
      -0.25607392,
      -0.93727034,
      -0.23653878,
      0,
      -0.63808,
      -0.019920751,
      0.7697124,
      0,
      -0.7261406,
      0.3480339,
      -0.5929523,
      0,
      0.29262766,
      0.12673482,
      -0.74088025,
      1
    ]
  },
  {
    "trackingState" : "Normal",
    "timestamp" : 235063239884,
    "transform" : [
      -0.251245,
      -0.9393521,
      -0.2334386,
      0,
      -0.63915944,
      -0.020103887,
      0.76881135,
      0,
      -0.7268776,
      0.34236452,
      -0.59534484,
      0,
      0.29181343,
      0.12842721,
      -0.74072134,
      0.9999999
    ]
  },
  {
    "trackingState" : "Normal",
    "timestamp" : 235063256545,
    "transform" : [
      -0.24705884,
      -0.94113755,
      -0.23069938,
      0,
      -0.64037263,
      -0.020104997,
      0.7678014,
      0,
      -0.72724485,
      0.3374256,
      -0.5977116,
      0,
      0.29109162,
      0.13013212,
      -0.7405526,
      1
    ]
  },
  {
    "trackingState" : "Normal",
    "timestamp" : 235063273205,
    "transform" : [
      -0.24265121,
      -0.9429745,
      -0.22785835,
      0,
      -0.64206177,
      -0.019970747,
      0.76639277,
      0,
      -0.72723943,
      0.33226523,
      -0.60060203,
      0,
      0.29032752,
      0.13187058,
      -0.7404476,
      0.99999994
    ]
  },
  {
    "trackingState" : "Normal",
    "timestamp" : 235063306526,
    "transform" : [
      -0.23255084,
      -0.94754964,
      -0.21924831,
      0,
      -0.64491594,
      -0.01850711,
      0.7640294,
      0,
      -0.72801346,
      0.31907237,
      -0.6067861,
      0,
      0.28788304,
      0.1351532,
      -0.7403537,
      0.99999994
    ]
  },
  {
    "trackingState" : "Normal",
    "timestamp" : 235063289866,
    "transform" : [
      -0.23774295,
      -0.94515795,
      -0.22395296,
      0,
      -0.6438092,
      -0.019308994,
      0.7649425,
      0,
      -0.7273157,
      0.3260426,
      -0.60391074,
      0,
      0.2895062,
      0.13361925,
      -0.74047226,
      1
    ]
  },
  {
    "trackingState" : "Normal",
    "timestamp" : 235063323187,
    "transform" : [
      -0.22834475,
      -0.94968593,
      -0.21437219,
      0,
      -0.6449936,
      -0.017371446,
      0.7639906,
      0,
      -0.72927505,
      0.31272188,
      -0.6085746,
      0,
      0.286665,
      0.1367273,
      -0.7403513,
      0.99999994
    ]
  },
  {
    "trackingState" : "Normal",
    "timestamp" : 235063339848,
    "transform" : [
      -0.22466846,
      -0.95150685,
      -0.21013989,
      0,
      -0.6438962,
      -0.01689774,
      0.7649261,
      0,
      -0.73138344,
      0.30716303,
      -0.60887533,
      0,
      0.28574416,
      0.13830489,
      -0.74044555,
      0.9999999
    ]
  },
  {
    "trackingState" : "Normal",
    "timestamp" : 235063356508,
    "transform" : [
      -0.2200867,
      -0.9533751,
      -0.2064894,
      0,
      -0.6424557,
      -0.01762134,
      0.7661202,
      0,
      -0.73403853,
      0.3012731,
      -0.6086231,
      0,
      0.28483,
      0.13986796,
      -0.74064654,
      1
    ]
  },
  {
    "trackingState" : "Normal",
    "timestamp" : 235063373169,
    "transform" : [
      -0.21462668,
      -0.9553226,
      -0.2032098,
      0,
      -0.6414654,
      -0.019019017,
      0.7669162,
      0,
      -0.7365172,
      0.2949527,
      -0.60872453,
      0,
      0.28390417,
      0.14141089,
      -0.7409754,
      1
    ]
  },
  {
    "trackingState" : "Normal",
    "timestamp" : 235063389830,
    "transform" : [
      -0.2093176,
      -0.95702094,
      -0.20074153,
      0,
      -0.6413551,
      -0.020600768,
      0.7669676,
      0,
      -0.7381395,
      0.2892864,
      -0.6094781,
      0,
      0.2830655,
      0.14291608,
      -0.7413645,
      0.99999994
    ]
  },
  {
    "trackingState" : "Normal",
    "timestamp" : 235063406490,
    "transform" : [
      -0.2047654,
      -0.95836663,
      -0.19900894,
      0,
      -0.64240867,
      -0.021816336,
      0.76605165,
      0,
      -0.73850006,
      0.2847059,
      -0.6111959,
      0,
      0.2820907,
      0.14440267,
      -0.74121314,
      0.99999994
    ]
  },
  {
    "trackingState" : "Normal",
    "timestamp" : 235063423151,
    "transform" : [
      -0.20105319,
      -0.9592927,
      -0.19833119,
      0,
      -0.64495426,
      -0.02275799,
      0.7638824,
      0,
      -0.73730034,
      0.28149545,
      -0.6141243,
      0,
      0.28134874,
      0.14585838,
      -0.74120694,
      1
    ]
  },
  {
    "trackingState" : "Normal",
    "timestamp" : 235063439811,
    "transform" : [
      -0.19835433,
      -0.9598564,
      -0.19832133,
      0,
      -0.6483847,
      -0.023237137,
      0.76095825,
      0,
      -0.7350191,
      0.27952784,
      -0.61774707,
      0,
      0.28076318,
      0.14734784,
      -0.74132425,
      0.99999994
    ]
  },
  {
    "trackingState" : "Normal",
    "timestamp" : 235063456472,
    "transform" : [
      -0.19617172,
      -0.96035546,
      -0.19807574,
      0,
      -0.65202713,
      -0.023117522,
      0.7578431,
      0,
      -0.7323778,
      0.2778181,
      -0.62164295,
      0,
      0.28023753,
      0.14892192,
      -0.7414718,
      0.99999994
    ]
  },
  {
    "trackingState" : "Normal",
    "timestamp" : 235063473133,
    "transform" : [
      -0.19348335,
      -0.9613602,
      -0.19583373,
      0,
      -0.6553706,
      -0.021895267,
      0.75499004,
      0,
      -0.73010534,
      0.27442166,
      -0.62581086,
      0,
      0.27960402,
      0.15062302,
      -0.74163336,
      1
    ]
  },
  {
    "trackingState" : "Normal",
    "timestamp" : 235063489793,
    "transform" : [
      -0.18951136,
      -0.962803,
      -0.19260302,
      0,
      -0.65717334,
      -0.021367144,
      0.7534366,
      0,
      -0.72952646,
      0.26935834,
      -0.62867916,
      0,
      0.2788754,
      0.1523591,
      -0.7417543,
      1
    ]
  },
  {
    "trackingState" : "Normal",
    "timestamp" : 235063506454,
    "transform" : [
      -0.18375948,
      -0.9646883,
      -0.18870364,
      0,
      -0.65723324,
      -0.022172047,
      0.753361,
      0,
      -0.7309426,
      0.26245952,
      -0.62995094,
      0,
      0.27691966,
      0.15453361,
      -0.74195105,
      0.99999994
    ]
  },
  {
    "trackingState" : "Normal",
    "timestamp" : 235063523115,
    "transform" : [
      -0.17712075,
      -0.96684355,
      -0.18396185,
      0,
      -0.6560897,
      -0.023333054,
      0.7543222,
      0,
      -0.73360395,
      0.25430155,
      -0.63020337,
      0,
      0.27533877,
      0.15652847,
      -0.74218696,
      1
    ]
  },
  {
    "trackingState" : "Normal",
    "timestamp" : 235063539775,
    "transform" : [
      -0.17027536,
      -0.9690933,
      -0.17850621,
      0,
      -0.6541472,
      -0.024312774,
      0.7559765,
      0,
      -0.7369517,
      0.24549347,
      -0.6297898,
      0,
      0.2740657,
      0.1583745,
      -0.7425164,
      0.99999994
    ]
  },
  {
    "trackingState" : "Normal",
    "timestamp" : 235063556436,
    "transform" : [
      -0.1629559,
      -0.97149205,
      -0.17218855,
      0,
      -0.65158635,
      -0.025081644,
      0.75815994,
      0,
      -0.740865,
      0.23574229,
      -0.6289238,
      0,
      0.27282852,
      0.16017362,
      -0.74296,
      1
    ]
  },
  {
    "trackingState" : "Normal",
    "timestamp" : 235063573096,
    "transform" : [
      -0.1546844,
      -0.9740871,
      -0.16500585,
      0,
      -0.64899325,
      -0.025741495,
      0.7603585,
      0,
      -0.7449031,
      0.22470327,
      -0.6281942,
      0,
      0.27154776,
      0.16193183,
      -0.7435182,
      0.9999999
    ]
  },
  {
    "trackingState" : "Normal",
    "timestamp" : 235063589757,
    "transform" : [
      -0.14629759,
      -0.97654676,
      -0.15796672,
      0,
      -0.64654636,
      -0.026468882,
      0.7624154,
      0,
      -0.7487156,
      0.21367234,
      -0.6275104,
      0,
      0.27028129,
      0.16364476,
      -0.7441357,
      0.99999994
    ]
  },
  {
    "trackingState" : "Normal",
    "timestamp" : 235063606417,
    "transform" : [
      -0.1397427,
      -0.97839564,
      -0.15236157,
      0,
      -0.6452375,
      -0.02674068,
      0.76351404,
      0,
      -0.75109303,
      0.2050049,
      -0.62756073,
      0,
      0.26907808,
      0.16478576,
      -0.7444934,
      0.99999994
    ]
  },
  {
    "trackingState" : "Normal",
    "timestamp" : 235063623078,
    "transform" : [
      -0.13547339,
      -0.9795632,
      -0.14867085,
      0,
      -0.6456842,
      -0.026526304,
      0.76314366,
      0,
      -0.7514912,
      0.19938007,
      -0.6288949,
      0,
      0.26803726,
      0.16615377,
      -0.74496245,
      0.99999994
    ]
  },
  {
    "trackingState" : "Normal",
    "timestamp" : 235063639739,
    "transform" : [
      -0.13196951,
      -0.98047537,
      -0.14578079,
      0,
      -0.6474003,
      -0.026114367,
      0.7617026,
      0,
      -0.7506377,
      0.19490002,
      -0.63131374,
      0,
      0.2670499,
      0.16772185,
      -0.74551094,
      1
    ]
  },
  {
    "trackingState" : "Normal",
    "timestamp" : 235063656399,
    "transform" : [
      -0.12784232,
      -0.98154366,
      -0.14222653,
      0,
      -0.6495254,
      -0.025513649,
      0.7599117,
      0,
      -0.7495153,
      0.18952861,
      -0.63427585,
      0,
      0.26603886,
      0.16940735,
      -0.74610454,
      0.99999994
    ]
  },
  {
    "trackingState" : "Normal",
    "timestamp" : 235063673060,
    "transform" : [
      -0.122954756,
      -0.982839,
      -0.1375128,
      0,
      -0.65103614,
      -0.02469926,
      0.7586448,
      0,
      -0.7490222,
      0.18280476,
      -0.6368268,
      0,
      0.26502088,
      0.17119204,
      -0.74669987,
      1
    ]
  },
  {
    "trackingState" : "Normal",
    "timestamp" : 235063689721,
    "transform" : [
      -0.11784654,
      -0.984217,
      -0.13201976,
      0,
      -0.65160865,
      -0.023679387,
      0.7581857,
      0,
      -0.74934536,
      0.17537475,
      -0.6385337,
      0,
      0.26403412,
      0.17305662,
      -0.7472242,
      1
    ]
  },
  {
    "trackingState" : "Normal",
    "timestamp" : 235063706381,
    "transform" : [
      -0.11322591,
      -0.98542786,
      -0.12693277,
      0,
      -0.6513244,
      -0.022859104,
      0.758455,
      0,
      -0.7503042,
      0.16855115,
      -0.6392451,
      0,
      0.26291367,
      0.17520447,
      -0.7469775,
      1
    ]
  },
  {
    "trackingState" : "Normal",
    "timestamp" : 235063723042,
    "transform" : [
      -0.10897253,
      -0.98651063,
      -0.122155115,
      0,
      -0.6510235,
      -0.022037277,
      0.7587376,
      0,
      -0.7511948,
      0.16220738,
      -0.6398402,
      0,
      0.26187468,
      0.17723854,
      -0.74693453,
      1
    ]
  },
  {
    "trackingState" : "Normal",
    "timestamp" : 235063739702,
    "transform" : [
      -0.10436171,
      -0.98757833,
      -0.11746431,
      0,
      -0.65120673,
      -0.021413172,
      0.75859827,
      0,
      -0.75169045,
      0.15566215,
      -0.64088297,
      0,
      0.2608321,
      0.17919004,
      -0.74708945,
      1
    ]
  },
  {
    "trackingState" : "Normal",
    "timestamp" : 235063756363,
    "transform" : [
      -0.09898318,
      -0.98869073,
      -0.11266277,
      0,
      -0.65171176,
      -0.0211484,
      0.75817186,
      0,
      -0.7519802,
      0.14846991,
      -0.6422481,
      0,
      0.25971866,
      0.18113114,
      -0.747352,
      0.99999994
    ]
  },
  {
    "trackingState" : "Normal",
    "timestamp" : 235063773024,
    "transform" : [
      -0.09326844,
      -0.98982614,
      -0.10744922,
      0,
      -0.65235305,
      -0.020774197,
      0.7576305,
      0,
      -0.7521547,
      0.14075781,
      -0.64377856,
      0,
      0.25856504,
      0.18309201,
      -0.7476837,
      1
    ]
  },
  {
    "trackingState" : "Normal",
    "timestamp" : 235063789684,
    "transform" : [
      -0.08747625,
      -0.9909056,
      -0.102244556,
      0,
      -0.65278614,
      -0.020509414,
      0.75726455,
      0,
      -0.7524747,
      0.13298649,
      -0.64505535,
      0,
      0.25739643,
      0.18505087,
      -0.7480054,
      0.9999999
    ]
  },
  {
    "trackingState" : "Normal",
    "timestamp" : 235063806345,
    "transform" : [
      -0.08136933,
      -0.99193144,
      -0.09721674,
      0,
      -0.65301657,
      -0.020630082,
      0.7570626,
      0,
      -0.75295985,
      0.1250858,
      -0.64606905,
      0,
      0.25610602,
      0.18653406,
      -0.74780244,
      1
    ]
  },
  {
    "trackingState" : "Normal",
    "timestamp" : 235063823006,
    "transform" : [
      -0.074461676,
      -0.99299234,
      -0.09176989,
      0,
      -0.6532399,
      -0.02096259,
      0.7568608,
      0,
      -0.75348073,
      0.11630487,
      -0.64710134,
      0,
      0.2547888,
      0.18818629,
      -0.7478765,
      1
    ]
  },
  {
    "trackingState" : "Normal",
    "timestamp" : 235063839666,
    "transform" : [
      -0.0668723,
      -0.994053,
      -0.0859456,
      0,
      -0.65362805,
      -0.021436775,
      0.75651234,
      0,
      -0.7538558,
      0.10676616,
      -0.6483074,
      0,
      0.25342613,
      0.18994555,
      -0.7482138,
      0.99999994
    ]
  },
  {
    "trackingState" : "Normal",
    "timestamp" : 235063856327,
    "transform" : [
      -0.059218857,
      -0.9949962,
      -0.08047209,
      0,
      -0.65413636,
      -0.02221491,
      0.75605047,
      0,
      -0.7540551,
      0.097412154,
      -0.64954764,
      0,
      0.25201496,
      0.19169441,
      -0.7486661,
      1
    ]
  },
  {
    "trackingState" : "Normal",
    "timestamp" : 235063872987,
    "transform" : [
      -0.0528643,
      -0.9956988,
      -0.0760891,
      0,
      -0.6543472,
      -0.023018906,
      0.75584406,
      0,
      -0.75434446,
      0.08974584,
      -0.65031576,
      0,
      0.25060993,
      0.19337983,
      -0.7490868,
      1.0000001
    ]
  },
  {
    "trackingState" : "Normal",
    "timestamp" : 235063889648,
    "transform" : [
      -0.048196908,
      -0.9961627,
      -0.0730551,
      0,
      -0.6539789,
      -0.023811355,
      0.756138,
      0,
      -0.7549761,
      0.08421999,
      -0.6503217,
      0,
      0.24926436,
      0.19495149,
      -0.74939066,
      1
    ]
  },
  {
    "trackingState" : "Normal",
    "timestamp" : 235063906309,
    "transform" : [
      -0.0444554,
      -0.9964859,
      -0.07099119,
      0,
      -0.6531516,
      -0.024778621,
      0.7568217,
      0,
      -0.75592124,
      0.080012806,
      -0.6497548,
      0,
      0.24797979,
      0.1962177,
      -0.749021,
      1
    ]
  },
  {
    "trackingState" : "Normal",
    "timestamp" : 235063922969,
    "transform" : [
      -0.04074209,
      -0.99678767,
      -0.06895309,
      0,
      -0.6518877,
      -0.025781507,
      0.7578771,
      0,
      -0.75722027,
      0.07582717,
      -0.6487432,
      0,
      0.24674192,
      0.19745013,
      -0.74884087,
      0.99999994
    ]
  },
  {
    "trackingState" : "Normal",
    "timestamp" : 235063939630,
    "transform" : [
      -0.03684692,
      -0.997112,
      -0.06640732,
      0,
      -0.6509272,
      -0.026473591,
      0.7586784,
      0,
      -0.7582454,
      0.0711813,
      -0.6480719,
      0,
      0.24552841,
      0.19866839,
      -0.7487985,
      0.9999999
    ]
  },
  {
    "trackingState" : "Normal",
    "timestamp" : 235063956290,
    "transform" : [
      -0.03333082,
      -0.9974038,
      -0.06383461,
      0,
      -0.6508263,
      -0.026811745,
      0.7587531,
      0,
      -0.75849485,
      0.06683509,
      -0.6482429,
      0,
      0.24433568,
      0.19985244,
      -0.7487442,
      1
    ]
  },
  {
    "trackingState" : "Normal",
    "timestamp" : 235063972951,
    "transform" : [
      -0.030693738,
      -0.9976237,
      -0.06168413,
      0,
      -0.651433,
      -0.026839696,
      0.7582313,
      0,
      -0.75808513,
      0.06345602,
      -0.64906126,
      0,
      0.24317491,
      0.20099102,
      -0.7486324,
      1
    ]
  },
  {
    "trackingState" : "Normal",
    "timestamp" : 235063989612,
    "transform" : [
      -0.02860539,
      -0.99779856,
      -0.059832245,
      0,
      -0.6528455,
      -0.026678102,
      0.7570211,
      0,
      -0.75695086,
      0.060716093,
      -0.6506452,
      0,
      0.24200705,
