[
  {
    "transform" : [
      0.04275526,
      -0.9974631,
      -0.05691466,
      0,
      0.52949715,
      -0.0256856,
      0.84792274,
      0,
      -0.84723365,
      -0.0663893,
      0.52705574,
      0,
      0.24094819,
      0.15528381,
      2.0651555,
      0.9999999
    ],
    "trackingState" : "Normal",
    "timestamp" : 235112122121
  },
  {
    "transform" : [
      0.04503602,
      -0.99714726,
      -0.060572572,
      0,
      0.53541726,
      -0.02709674,
      0.8441529,
      0,
      -0.8433861,
      -0.07044888,
      0.5326696,
      0,
      0.2415854,
      0.15688023,
      2.0664208,
      0.99999994
    ],
    "trackingState" : "Normal",
    "timestamp" : 235112138781
  },
  {
    "transform" : [
      0.047410704,
      -0.99680036,
      -0.06435421,
      0,
      0.5408172,
      -0.028550556,
      0.8406556,
      0,
      -0.83980316,
      -0.07465992,
      0.53773314,
      0,
      0.24211636,
      0.1585833,
      2.0677927,
      1
    ],
    "trackingState" : "Normal",
    "timestamp" : 235112155442
  },
  {
    "transform" : [
      0.049863935,
      -0.99640703,
      -0.06845927,
      0,
      0.5462284,
      -0.030178078,
      0.83709264,
      0,
      -0.836151,
      -0.07913511,
      0.5427611,
      0,
      0.24258989,
      0.16033709,
      2.069223,
      1
    ],
    "trackingState" : "Normal",
    "timestamp" : 235112172103
  },
  {
    "transform" : [
      0.052205242,
      -0.9959825,
      -0.072756246,
      0,
      0.5519561,
      -0.031938285,
      0.8332614,
      0,
      -0.83223766,
      -0.08365886,
      0.5480713,
      0,
      0.24304625,
      0.16212966,
      2.0706708,
      1
    ],
    "trackingState" : "Normal",
    "timestamp" : 235112188763
  },
  {
    "transform" : [
      0.054449636,
      -0.9955364,
      -0.07708835,
      0,
      0.5578871,
      -0.033697832,
      0.8292327,
      0,
      -0.82812893,
      -0.08815799,
      0.553562,
      0,
      0.24372968,
      0.16398513,
      2.0723112,
      0.99999994
    ],
    "trackingState" : "Normal",
    "timestamp" : 235112205424
  },
  {
    "transform" : [
      0.056709297,
      -0.9950459,
      -0.08165649,
      0,
      0.563882,
      -0.035572745,
      0.8250891,
      0,
      -0.82390624,
      -0.09283483,
      0.5590711,
      0,
      0.24422264,
      0.16587853,
      2.0738122,
      1
    ],
    "trackingState" : "Normal",
    "timestamp" : 235112222085
  },
  {
    "transform" : [
      0.059183214,
      -0.9944751,
      -0.08669916,
      0,
      0.5697451,
      -0.037665114,
      0.8209581,
      0,
      -0.8196879,
      -0.097983345,
      0.5643682,
      0,
      0.24460056,
      0.16779672,
      2.0752811,
      1
    ],
    "trackingState" : "Normal",
    "timestamp" : 235112238745
  },
  {
    "transform" : [
      0.061689556,
      -0.9938298,
      -0.09217812,
      0,
      0.5755857,
      -0.040026866,
      0.8167614,
      0,
      -0.8154114,
      -0.10344204,
      0.56956494,
      0,
      0.24490517,
      0.16973633,
      2.076741,
      0.99999994
    ],
    "trackingState" : "Normal",
    "timestamp" : 235112255406
  },
  {
    "transform" : [
      0.06401833,
      -0.9931429,
      -0.09782099,
      0,
      0.58140314,
      -0.042551078,
      0.81250226,
      0,
      -0.81109333,
      -0.10888846,
      0.5746924,
      0,
      0.24516645,
      0.1716895,
      2.0781865,
      0.99999994
    ],
    "trackingState" : "Normal",
    "timestamp" : 235112272066
  },
  {
    "transform" : [
      0.066287145,
      -0.9924102,
      -0.10357632,
      0,
      0.58699507,
      -0.045156363,
      0.80833036,
      0,
      -0.8068724,
      -0.11438067,
      0.5795466,
      0,
      0.24537376,
      0.17364672,
      2.0796301,
      1
    ],
    "trackingState" : "Normal",
    "timestamp" : 235112288727
  },
  {
    "transform" : [
      0.06881316,
      -0.99161154,
      -0.10941375,
      0,
      0.592194,
      -0.047659803,
      0.8043848,
      0,
      -0.8028519,
      -0.120146416,
      0.5839469,
      0,
      0.24570942,
      0.17538723,
      2.0810416,
      0.99999994
    ],
    "trackingState" : "Normal",
    "timestamp" : 235112305388
  },
  {
    "transform" : [
      0.071668915,
      -0.99072415,
      -0.11545194,
      0,
      0.5973607,
      -0.05006089,
      0.8004087,
      0,
      -0.79876393,
      -0.12633087,
      0.58823186,
      0,
      0.24581729,
      0.17723966,
      2.0824924,
      0.9999999
    ],
    "trackingState" : "Normal",
    "timestamp" : 235112322048
  },
  {
    "transform" : [
      0.074650876,
      -0.9897737,
      -0.12155401,
      0,
      0.6029979,
      -0.05228069,
      0.7960279,
      0,
      -0.79424244,
      -0.13272098,
      0.59292865,
      0,
      0.24582934,
      0.17910753,
      2.0839343,
      1
    ],
    "trackingState" : "Normal",
    "timestamp" : 235112338709
  },
  {
    "transform" : [
      0.07727702,
      -0.98880106,
      -0.12767489,
      0,
      0.60907537,
      -0.05456416,
      0.7912333,
      0,
      -0.7893388,
      -0.13890778,
      0.5980378,
      0,
      0.245817,
      0.18094732,
      2.0853367,
      1
    ],
    "trackingState" : "Normal",
    "timestamp" : 235112355369
  },
  {
    "transform" : [
      0.07958917,
      -0.9878323,
      -0.1336151,
      0,
      0.61531234,
      -0.056771643,
      0.7862366,
      0,
      -0.7842554,
      -0.14479093,
      0.603307,
      0,
      0.24580851,
      0.18275465,
      2.0866904,
      1
    ],
    "trackingState" : "Normal",
    "timestamp" : 235112372030
  },
  {
    "transform" : [
      0.08151586,
      -0.98686284,
      -0.13948779,
      0,
      0.6220188,
      -0.058979385,
      0.7807779,
      0,
      -0.7787476,
      -0.1504098,
      0.6090395,
      0,
      0.24664094,
      0.18519798,
      2.0889056,
      0.9999999
    ],
    "trackingState" : "Normal",
    "timestamp" : 235112388691
  },
  {
    "transform" : [
      0.08311431,
      -0.98592645,
      -0.1450557,
      0,
      0.62884724,
      -0.06102973,
      0.77513015,
      0,
      -0.773074,
      -0.15564227,
      0.6149248,
      0,
      0.24694204,
      0.18714027,
      2.0904381,
      1
    ],
    "trackingState" : "Normal",
    "timestamp" : 235112405351
  },
  {
    "transform" : [
      0.08442677,
      -0.9850092,
      -0.15042964,
      0,
      0.635866,
      -0.06297433,
      0.7692262,
      0,
      -0.76716805,
      -0.16059636,
      0.6210172,
      0,
      0.2470518,
      0.18888669,
      2.0916998,
      1
    ],
    "trackingState" : "Normal",
    "timestamp" : 235112422012
  },
  {
    "transform" : [
      0.0854374,
      -0.98407704,
      -0.15586132,
      0,
      0.6428894,
      -0.06506109,
      0.7631908,
      0,
      -0.7611792,
      -0.16540663,
      0.62709415,
      0,
      0.24707498,
      0.1905276,
      2.092832,
      0.9999999
    ],
    "trackingState" : "Normal",
    "timestamp" : 235112438672
  },
  {
    "transform" : [
      0.08628377,
      -0.98311955,
      -0.16134179,
      0,
      0.64938956,
      -0.06731621,
      0.7574707,
      0,
      -0.75554526,
      -0.17013109,
      0.6326192,
      0,
      0.24702775,
      0.19210622,
      2.0938995,
      1
    ],
    "trackingState" : "Normal",
    "timestamp" : 235112455333
  },
  {
    "transform" : [
      0.08702301,
      -0.9821551,
      -0.16672824,
      0,
      0.65573364,
      -0.0695204,
      0.75178474,
      0,
      -0.7499603,
      -0.17475188,
      0.6379823,
      0,
      0.24691424,
      0.1936491,
      2.094904,
      0.99999994
    ],
    "trackingState" : "Normal",
    "timestamp" : 235112471994
  },
  {
    "transform" : [
      0.08781826,
      -0.9811766,
      -0.1719892,
      0,
      0.6624178,
      -0.07142819,
      0.7457216,
      0,
      -0.7439695,
      -0.17941667,
      0.6436762,
      0,
      0.24674287,
      0.19516443,
      2.09585,
      0.99999994
    ],
    "trackingState" : "Normal",
    "timestamp" : 235112488654
  },
  {
    "transform" : [
      0.0887739,
      -0.980072,
      -0.17770186,
      0,
      0.67009276,
      -0.073233165,
      0.73865587,
      0,
      -0.7369497,
      -0.18465011,
      0.65023804,
      0,
      0.24762024,
      0.19788767,
      2.097512,
      0.9999998
    ],
    "trackingState" : "Normal",
    "timestamp" : 235112505315
  },
  {
    "transform" : [
      0.090141416,
      -0.9787428,
      -0.18422061,
      0,
      0.678365,
      -0.07509017,
      0.7308779,
      0,
      -0.7291746,
      -0.19085117,
      0.6571761,
      0,
      0.24774712,
      0.19971013,
      2.098667,
      1
    ],
    "trackingState" : "Normal",
    "timestamp" : 235112521975
  },
  {
    "transform" : [
      0.09163756,
      -0.97741467,
      -0.19042912,
      0,
      0.6862363,
      -0.07658885,
      0.7233352,
      0,
      -0.72158325,
      -0.19696406,
      0.66371906,
      0,
      0.24758753,
      0.20121427,
      2.09963,
      0.99999994
    ],
    "trackingState" : "Normal",
    "timestamp" : 235112538636
  },
  {
    "transform" : [
      0.09297756,
      -0.97617453,
      -0.1960575,
      0,
      0.6934297,
      -0.07781853,
      0.71630967,
      0,
      -0.7145002,
      -0.20255283,
      0.669673,
      0,
      0.24730387,
      0.2025946,
      2.100487,
      1
    ],
    "trackingState" : "Normal",
    "timestamp" : 235112555297
  },
  {
    "transform" : [
      0.09388574,
      -0.97502357,
      -0.20128235,
      0,
      0.69999135,
      -0.079118095,
      0.70975536,
      0,
      -0.7079532,
      -0.20753178,
      0.67508,
      0,
      0.2469716,
      0.20391329,
      2.1012754,
      1
    ],
    "trackingState" : "Normal",
    "timestamp" : 235112571957
  },
  {
    "transform" : [
      0.093813494,
      -0.974041,
      -0.20601729,
      0,
      0.70631886,
      -0.08072031,
      0.7032766,
      0,
      -0.7016501,
      -0.21149072,
      0.6804109,
      0,
      0.24666494,
      0.20519152,
      2.1020124,
      0.99999994
    ],
    "trackingState" : "Normal",
    "timestamp" : 235112588618
  },
  {
    "transform" : [
      0.09297439,
      -0.9731338,
      -0.21063319,
      0,
      0.7129085,
      -0.082616694,
      0.69637334,
      0,
      -0.69506633,
      -0.21490708,
      0.68607414,
      0,
      0.24765314,
      0.20754863,
      2.1037264,
      0.9999999
    ],
    "trackingState" : "Normal",
    "timestamp" : 235112605278
  },
  {
    "transform" : [
      0.092130676,
      -0.9721491,
      -0.21549557,
      0,
      0.71977925,
      -0.08452498,
      0.6890381,
      0,
      -0.6880624,
      -0.21859075,
      0.6919454,
      0,
      0.24779272,
      0.20909813,
      2.1047566,
      1
    ],
    "trackingState" : "Normal",
    "timestamp" : 235112621939
  },
  {
    "transform" : [
      0.09160941,
      -0.9710441,
      -0.22063805,
      0,
      0.72690403,
      -0.08622718,
      0.68130434,
      0,
      -0.6806015,
      -0.22279653,
      0.6979566,
      0,
      0.24762172,
      0.21035507,
      2.1055562,
      1
    ],
    "trackingState" : "Normal",
    "timestamp" : 235112638600
  },
  {
    "transform" : [
      0.09121359,
      -0.9698711,
      -0.22589867,
      0,
      0.7340051,
      -0.08782434,
      0.67344147,
      0,
      -0.6729908,
      -0.22723776,
      0.70387954,
      0,
      0.24734196,
      0.21150061,
      2.1062598,
      1
    ],
    "trackingState" : "Normal",
    "timestamp" : 235112655260
  },
  {
    "transform" : [
      0.09073618,
      -0.96878326,
      -0.2307076,
      0,
      0.74113375,
      -0.0890509,
      0.66542536,
      0,
      -0.6651977,
      -0.2313633,
      0.70991784,
      0,
      0.24703813,
      0.21261221,
      2.1068783,
      1
    ],
    "trackingState" : "Normal",
    "timestamp" : 235112671921
  },
  {
    "transform" : [
      0.08997887,
      -0.96774465,
      -0.23531748,
      0,
      0.74841905,
      -0.09018617,
      0.657066,
      0,
      -0.6570945,
      -0.23523808,
      0.7161637,
      0,
      0.24674228,
      0.21370743,
      2.1074338,
      1
    ],
    "trackingState" : "Normal",
    "timestamp" : 235112688582
  },
  {
    "transform" : [
      0.08899461,
      -0.96672666,
      -0.23983265,
      0,
      0.75575584,
      -0.09130102,
      0.6484577,
      0,
      -0.6487783,
      -0.23896416,
      0.722484,
      0,
      0.2461251,
      0.21558324,
      2.1092055,
      1
    ],
    "trackingState" : "Normal",
    "timestamp" : 235112705242
  },
  {
    "transform" : [
      0.087812096,
      -0.9658261,
      -0.2438629,
      0,
      0.76296264,
      -0.09218522,
      0.63983595,
      0,
      -0.64045084,
      -0.24224357,
      0.72879416,
      0,
      0.2456286,
      0.21694405,
      2.1100843,
      1
    ],
    "trackingState" : "Normal",
    "timestamp" : 235112721903
  },
  {
    "transform" : [
      0.08654857,
      -0.9650145,
      -0.24750039,
      0,
      0.7699156,
      -0.09287385,
      0.63135135,
      0,
      -0.63224953,
      -0.24519694,
      0.7349416,
      0,
      0.24508518,
      0.21812294,
      2.1106346,
      1
    ],
    "trackingState" : "Normal",
    "timestamp" : 235112738563
  },
  {
    "transform" : [
      0.08541871,
      -0.96417886,
      -0.251123,
      0,
      0.77654296,
      -0.09348974,
      0.62308955,
      0,
      -0.62424725,
      -0.2482313,
      0.7407406,
      0,
      0.24446775,
      0.2192238,
      2.1110647,
      0.9999999
    ],
    "trackingState" : "Normal",
    "timestamp" : 235112755224
  },
  {
    "transform" : [
      0.08458614,
      -0.9632917,
      -0.25478306,
      0,
      0.7827424,
      -0.09398554,
      0.6152083,
      0,
      -0.616571,
      -0.2514676,
      0.7460593,
      0,
      0.24377218,
      0.22028589,
      2.111406,
      1
    ],
    "trackingState" : "Normal",
    "timestamp" : 235112771885
  },
  {
    "transform" : [
      0.08376454,
      -0.9625459,
      -0.25785473,
      0,
      0.78844607,
      -0.094220795,
      0.60784477,
      0,
      -0.60937387,
      -0.25422037,
      0.7510231,
      0,
      0.24396452,
      0.22253156,
      2.110679,
      1
    ],
    "trackingState" : "Normal",
    "timestamp" : 235112788545
  },
  {
    "transform" : [
      0.08311609,
      -0.9618745,
      -0.26055536,
      0,
      0.7941528,
      -0.09401542,
      0.6004018,
      0,
      -0.6020075,
      -0.25682384,
      0.7560612,
      0,
      0.24351878,
      0.22395624,
      2.1105046,
      0.9999999
    ],
    "trackingState" : "Normal",
    "timestamp" : 235112805206
  },
  {
    "transform" : [
      0.08211814,
      -0.96129876,
      -0.26298517,
      0,
      0.80000186,
      -0.0937858,
      0.5926222,
      0,
      -0.59435135,
      -0.25905365,
      0.7613393,
      0,
      0.24284904,
      0.22510768,
      2.1104717,
      0.9999998
    ],
    "trackingState" : "Normal",
    "timestamp" : 235112821867
  },
  {
    "transform" : [
      0.08071541,
      -0.96073353,
      -0.26547363,
      0,
      0.8059354,
      -0.09380781,
      0.58452404,
      0,
      -0.5864754,
      -0.26113465,
      0.76671743,
      0,
      0.24208167,
      0.22615084,
      2.1104596,
      1
    ],
    "trackingState" : "Normal",
    "timestamp" : 235112838527
  },
  {
    "transform" : [
      0.0790276,
      -0.9601402,
      -0.26811475,
      0,
      0.8118986,
      -0.0940668,
      0.5761703,
      0,
      -0.57842505,
      -0.26321527,
      0.77210265,
      0,
      0.24124917,
      0.22715223,
      2.110447,
      1
    ],
    "trackingState" : "Normal",
    "timestamp" : 235112855188
  },
  {
    "transform" : [
      0.076899834,
      -0.9594708,
      -0.27111286,
      0,
      0.8180057,
      -0.0947522,
      0.5673523,
      0,
      -0.5700466,
      -0.26540112,
      0.7775662,
      0,
      0.24037117,
      0.22811848,
      2.1104326,
      0.99999994
    ],
    "trackingState" : "Normal",
    "timestamp" : 235112871848
  },
  {
    "transform" : [
      0.074480005,
      -0.9587466,
      -0.2743316,
      0,
      0.8238375,
      -0.09585364,
      0.5586626,
      0,
      -0.5619116,
      -0.26761383,
      0.78271234,
      0,
      0.24110535,
      0.22901458,
      2.1096828,
      0.99999994
    ],
    "trackingState" : "Normal",
    "timestamp" : 235112888509
  },
  {
    "transform" : [
      0.07264537,
      -0.9579216,
      -0.27768478,
      0,
      0.8293341,
      -0.096638076,
      0.5503328,
      0,
      -0.5540105,
      -0.27027252,
      0.7874168,
      0,
      0.24064863,
      0.22989853,
      2.1094036,
      1
    ],
    "trackingState" : "Normal",
    "timestamp" : 235112905170
  },
  {
    "transform" : [
      0.07113145,
      -0.95711607,
      -0.2808367,
      0,
      0.8343116,
      -0.09722032,
      0.5426533,
      0,
      -0.54668516,
      -0.27290496,
      0.79161763,
      0,
      0.23976025,
      0.2307804,
      2.1092541,
      1
    ],
    "trackingState" : "Normal",
    "timestamp" : 235112921830
  },
  {
    "transform" : [
      0.06957851,
      -0.9564378,
      -0.28352335,
      0,
      0.83875406,
      -0.0977722,
      0.53566056,
      0,
      -0.5400468,
      -0.27507684,
      0.7954134,
      0,
      0.2387056,
      0.23166668,
      2.1091173,
      1
    ],
    "trackingState" : "Normal",
    "timestamp" : 235112938491
  },
  {
    "transform" : [
      0.06777591,
      -0.9558962,
      -0.2857778,
      0,
      0.84293205,
      -0.09837045,
      0.52895087,
      0,
      -0.5337342,
      -0.27674136,
      0.7990884,
      0,
      0.23757583,
      0.23255308,
      2.1089551,
      1
    ],
    "trackingState" : "Normal",
    "timestamp" : 235112955151
  },
  {
    "transform" : [
      0.06586825,
      -0.9553684,
      -0.28798047,
      0,
      0.8471376,
      -0.098965354,
      0.52207655,
      0,
      -0.5272755,
      -0.2783473,
      0.80280983,
      0,
      0.23640484,
      0.23342313,
      2.1087635,
      1
    ],
    "trackingState" : "Normal",
    "timestamp" : 235112971812
  },
  {
    "transform" : [
      0.06378061,
      -0.9547824,
      -0.29038358,
      0,
      0.85147065,
      -0.09970126,
      0.51483756,
      0,
      -0.5205094,
      -0.2800897,
      0.8066102,
      0,
      0.23556489,
      0.23356812,
      2.108009,
      1
    ],
    "trackingState" : "Normal",
    "timestamp" : 235112988473
  },
  {
    "transform" : [
      0.061678376,
      -0.954174,
      -0.29282737,
      0,
      0.8558645,
      -0.100382164,
      0.5073652,
      0,
      -0.51350933,
      -0.281914,
      0.8104523,
      0,
      0.23452789,
      0.23418121,
      2.107602,
      1
    ],
    "trackingState" : "Normal",
    "timestamp" : 235113005133
  },
  {
    "transform" : [
      0.059311833,
      -0.9535902,
      -0.29520804,
      0,
      0.8603976,
      -0.1011148,
      0.49949136,
      0,
      -0.5061601,
      -0.28362203,
      0.8144695,
      0,
      0.23343624,
      0.23495726,
      2.107316,
      0.9999999
    ],
    "trackingState" : "Normal",
    "timestamp" : 235113021794
  },
  {
    "transform" : [
      0.056712132,
      -0.9529652,
      -0.2977264,
      0,
      0.86507696,
      -0.10196879,
      0.49116606,
      0,
      -0.49842298,
      -0.28541133,
      0.8186055,
      0,
      0.23232439,
      0.23577411,
      2.107083,
      0.99999994
    ],
    "trackingState" : "Normal",
    "timestamp" : 235113038454
  },
  {
    "transform" : [
      0.054093227,
      -0.9523165,
      -0.30027837,
      0,
      0.8699586,
      -0.10266659,
      0.48231903,
      0,
      -0.49014896,
      -0.2873199,
      0.8229224,
      0,
      0.23119876,
      0.23659807,
      2.106849,
      0.99999994
    ],
    "trackingState" : "Normal",
    "timestamp" : 235113055115
  },
  {
    "transform" : [
      0.051257852,
      -0.95178044,
      -0.3024678,
      0,
      0.87471026,
      -0.10336544,
      0.47349507,
      0,
      -0.48192808,
      -0.288842,
      0.82723385,
      0,
      0.23007691,
      0.23742986,
      2.1065855,
      1
    ],
    "trackingState" : "Normal",
    "timestamp" : 235113071776
  },
  {
    "transform" : [
      0.04799852,
      -0.95147294,
      -0.30396628,
      0,
      0.8788586,
      -0.1043848,
      0.46552283,
      0,
      -0.47466186,
      -0.28948775,
      0.8311998,
      0,
      0.22949392,
      0.23782012,
      2.1057189,
      1
    ],
    "trackingState" : "Normal",
    "timestamp" : 235113088436
  },
  {
    "transform" : [
      0.045347016,
      -0.95111495,
      -0.3054901,
      0,
      0.8825958,
      -0.1051008,
      0.45823425,
      0,
      -0.46794072,
      -0.2904038,
      0.834684,
      0,
      0.22855195,
      0.23849356,
      2.1052508,
      1
    ],
    "trackingState" : "Normal",
    "timestamp" : 235113105097
  },
  {
    "transform" : [
      0.042977262,
      -0.9505948,
      -0.30744532,
      0,
      0.8863393,
      -0.105728686,
      0.45080397,
      0,
      -0.4610377,
      -0.29187518,
      0.8380056,
      0,
      0.22747737,
      0.23923391,
      2.1049478,
      1
    ],
    "trackingState" : "Normal",
    "timestamp" : 235113121757
  },
  {
    "transform" : [
      0.04056931,
      -0.949867,
      -0.3100111,
      0,
      0.8906131,
      -0.10627385,
      0.44217002,
      0,
      -0.4529488,
      -0.29403844,
      0.8416525,
      0,
      0.22634767,
      0.23999788,
      2.104689,
      0.9999999
    ],
    "trackingState" : "Normal",
    "timestamp" : 235113138418
  },
  {
    "transform" : [
      0.03789168,
      -0.94924706,
      -0.3122406,
      0,
      0.8947423,
      -0.10690928,
      0.43359715,
      0,
      -0.44497228,
      -0.2958046,
      0.8452807,
      0,
      0.22518629,
      0.24076624,
      2.1044407,
      0.99999994
    ],
    "trackingState" : "Normal",
    "timestamp" : 235113155079
  },
  {
    "transform" : [
      0.035140365,
      -0.9486736,
      -0.31429872,
      0,
      0.89844364,
      -0.10774434,
      0.42566466,
      0,
      -0.43768075,
      -0.29733765,
      0.8485436,
      0,
      0.22400302,
      0.24154681,
      2.10421,
      0.99999994
    ],
    "trackingState" : "Normal",
    "timestamp" : 235113171739
  },
  {
    "transform" : [
      0.032201327,
      -0.9481186,
      -0.31628197,
      0,
      0.9019995,
      -0.10874446,
      0.4178178,
      0,
      -0.43053475,
      -0.29874042,
      0.8517008,
      0,
      0.22399527,
      0.24115025,
      2.1031482,
      1
    ],
    "trackingState" : "Normal",
    "timestamp" : 235113188400
  },
  {
    "transform" : [
      0.029258812,
      -0.9474307,
      -0.3186207,
      0,
      0.90558934,
      -0.10981327,
      0.4096938,
      0,
      -0.4231453,
      -0.30052665,
      0.8547702,
      0,
      0.22319317,
      0.24156013,
      2.1026802,
      1
    ],
    "trackingState" : "Normal",
    "timestamp" : 235113205060
  },
  {
    "transform" : [
      0.02652185,
      -0.9465417,
      -0.32148933,
      0,
      0.90905154,
      -0.110944785,
      0.40164202,
      0,
      -0.41583854,
      -0.30290264,
      0.8575129,
      0,
      0.22208712,
      0.24225934,
      2.102447,
      0.99999994
    ],
    "trackingState" : "Normal",
    "timestamp" : 235113221721
  },
  {
    "transform" : [
      0.023965308,
      -0.94547796,
      -0.32480338,
      0,
      0.9123592,
      -0.11213502,
      0.39373413,
      0,
      -0.40868878,
      -0.3057733,
      0.8599282,
      0,
      0.22084928,
      0.24307737,
      2.1023283,
      0.99999994
    ],
    "trackingState" : "Normal",
    "timestamp" : 235113238382
  },
  {
    "transform" : [
      0.021274688,
      -0.94425595,
      -0.32852423,
      0,
      0.91573757,
      -0.11346363,
      0.3854229,
      0,
      -0.4012134,
      -0.30904174,
      0.8622768,
      0,
      0.21956697,
      0.2439504,
      2.1022675,
      0.99999994
    ],
    "trackingState" : "Normal",
    "timestamp" : 235113255042
  },
  {
    "transform" : [
      0.018395666,
      -0.94291985,
      -0.33251122,
      0,
      0.919123,
      -0.11495282,
      0.37682697,
      0,
      -0.39354077,
      -0.31255072,
      0.86454487,
      0,
      0.21827719,
      0.2448776,
      2.1022477,
      0.99999994
    ],
    "trackingState" : "Normal",
    "timestamp" : 235113271703
  },
  {
    "transform" : [
      0.015301902,
      -0.94166905,
      -0.3361926,
      0,
      0.9220739,
      -0.11675036,
      0.368984,
      0,
      -0.38671142,
      -0.31564057,
      0.8665019,
      0,
      0.21740738,
      0.24566358,
      2.1014895,
      1
    ],
    "trackingState" : "Normal",
    "timestamp" : 235113288364
  },
  {
    "transform" : [
      0.012610477,
      -0.9402965,
      -0.34012297,
      0,
      0.9250009,
      -0.11821415,
      0.36110783,
      0,
      -0.37975577,
      -0.31916776,
      0.8682843,
      0,
      0.21626373,
      0.2466945,
      2.1012802,
      0.9999999
    ],
    "trackingState" : "Normal",
    "timestamp" : 235113305024
  },
  {
    "transform" : [
      0.010219906,
      -0.93868244,
      -0.34463143,
      0,
      0.9280575,
      -0.11941447,
      0.3527738,
      0,
      -0.37229657,
      -0.32344314,
      0.8699309,
      0,
      0.21502057,
      0.24789742,
      2.101293,
      0.99999994
    ],
    "trackingState" : "Normal",
    "timestamp" : 235113321685
  },
  {
    "transform" : [
      0.008213066,
      -0.93707156,
      -0.3490411,
      0,
      0.9311824,
      -0.12005357,
      0.34421924,
      0,
      -0.36446166,
      -0.32784802,
      0.8715984,
      0,
      0.21372408,
      0.24925232,
      2.1013865,
      1.0000001
    ],
    "trackingState" : "Normal",
    "timestamp" : 235113338345
  },
  {
    "transform" : [
      0.006423728,
      -0.9356489,
      -0.35287398,
      0,
      0.93412375,
      -0.12032827,
      0.33605647,
      0,
      -0.35689157,
      -0.3317867,
      0.8732389,
      0,
      0.21237117,
      0.25072402,
      2.1014996,
      1
    ],
    "trackingState" : "Normal",
    "timestamp" : 235113355006
  },
  {
    "transform" : [
      0.004745355,
      -0.93429846,
      -0.35646042,
      0,
      0.93678486,
      -0.12056556,
      0.32847854,
      0,
      -0.34987387,
      -0.33548543,
      0.8746645,
      0,
      0.21096796,
      0.2522745,
      2.1016583,
      1
    ],
    "trackingState" : "Normal",
    "timestamp" : 235113371667
  },
  {
    "transform" : [
      0.0033240991,
      -0.93277633,
      -0.3604403,
      0,
      0.93922484,
      -0.12082336,
      0.3213383,
      0,
      -0.3432864,
      -0.33960268,
      0.8756852,
      0,
      0.20952734,
      0.25386745,
      2.1019008,
      0.99999994
    ],
    "trackingState" : "Normal",
    "timestamp" : 235113388327
  },
  {
    "transform" : [
      0.0018137416,
      -0.9309152,
      -0.365231,
      0,
      0.94159126,
      -0.12140327,
      0.3141134,
      0,
      -0.3367532,
      -0.34446806,
      0.87632155,
      0,
      0.2099947,
      0.25572157,
      2.1000893,
      0.99999994
    ],
    "trackingState" : "Normal",
    "timestamp" : 235113404988
  },
  {
    "transform" : [
      0.00047808586,
      -0.9286794,
      -0.37088332,
      0,
      0.94402826,
      -0.12192207,
      0.30650577,
      0,
      -0.32986444,
      -0.35027084,
      0.8766414,
      0,
      0.2091777,
      0.25741118,
      2.0997493,
      1
    ],
    "trackingState" : "Normal",
    "timestamp" : 235113421649
  },
  {
    "transform" : [
      -0.001089493,
      -0.9263176,
      -0.37674224,
      0,
      0.9464614,
      -0.12257357,
      0.29864165,
      0,
      -0.32281563,
      -0.35624653,
      0.87685734,
      0,
      0.20793149,
      0.25904977,
      2.0998979,
      1
    ],
    "trackingState" : "Normal",
    "timestamp" : 235113438309
  },
  {
    "transform" : [
      -0.0032155344,
      -0.92400527,
      -0.38236636,
      0,
      0.94876,
      -0.12364098,
      0.29080534,
      0,
      -0.31598178,
      -0.3618387,
      0.87705684,
      0,
      0.20658459,
      0.26068887,
      2.1001766,
      1
    ],
    "trackingState" : "Normal",
    "timestamp" : 235113454970
  },
  {
    "transform" : [
      -0.0057504484,
      -0.92183965,
      -0.38752872,
      0,
      0.95097643,
      -0.12487292,
      0.28293204,
      0,
      -0.30920985,
      -0.36690366,
      0.877366,
      0,
      0.20523074,
      0.26233876,
      2.1004453,
      0.9999999
    ],
    "trackingState" : "Normal",
    "timestamp" : 235113471630
  },
  {
    "transform" : [
      -0.008688675,
      -0.9198194,
      -0.392246,
      0,
      0.9531904,
      -0.12618235,
      0.2747843,
      0,
      -0.30224642,
      -0.3714975,
      0.8778594,
      0,
      0.20544496,
      0.26441756,
      2.09897,
      0.99999994
    ],
    "trackingState" : "Normal",
    "timestamp" : 235113488291
  },
  {
    "transform" : [
      -0.011256084,
      -0.9179637,
      -0.39650485,
      0,
      0.9553699,
      -0.12693492,
      0.2667507,
      0,
      -0.29519776,
      -0.3758062,
      0.87842375,
      0,
      0.20460337,
      0.26621276,
      2.0985782,
      0.99999994
    ],
    "trackingState" : "Normal",
    "timestamp" : 235113504952
  },
  {
    "transform" : [
      -0.013688067,
      -0.91621286,
      -0.40045825,
      0,
      0.9574347,
      -0.12749353,
      0.25896785,
      0,
      -0.2883255,
      -0.3798678,
      0.8789592,
      0,
      0.20340118,
      0.26789516,
      2.098531,
      1
    ],
    "trackingState" : "Normal",
    "timestamp" : 235113521612
  },
  {
    "transform" : [
      -0.016026232,
      -0.9144835,
      -0.404306,
      0,
      0.9594153,
      -0.12792268,
      0.25131312,
      0,
      -0.28154156,
      -0.3838697,
      0.87941957,
      0,
      0.20207192,
      0.26952484,
      2.0986,
      1
    ],
    "trackingState" : "Normal",
    "timestamp" : 235113538273
  },
  {
    "transform" : [
      -0.018186767,
      -0.9127127,
      -0.40819716,
      0,
      0.9614207,
      -0.12804356,
      0.24346542,
      0,
      -0.27448097,
      -0.38802126,
      0.8798296,
      0,
      0.20066714,
      0.2711173,
      2.0987158,
      0.99999994
    ],
    "trackingState" : "Normal",
    "timestamp" : 235113554933
  },
  {
    "transform" : [
      -0.020305036,
      -0.91085744,
      -0.41222155,
      0,
      0.96344805,
      -0.12798642,
      0.23534572,
      0,
      -0.2671251,
      -0.3923753,
      0.88016254,
      0,
      0.199188,
      0.27267393,
      2.0988424,
      1
    ],
    "trackingState" : "Normal",
    "timestamp" : 235113571594
  },
  {
    "transform" : [
      -0.02204853,
      -0.90912694,
      -0.4159354,
      0,
      0.96535355,
      -0.12756093,
      0.22764231,
      0,
      -0.26001284,
      -0.39650545,
      0.8804414,
      0,
      0.19635785,
      0.27536467,
      2.0970778,
      1
    ],
    "trackingState" : "Normal",
    "timestamp" : 235113588255
  },
  {
    "transform" : [
      -0.023921575,
      -0.9075432,
      -0.41927716,
      0,
      0.96714336,
      -0.12718998,
      0.22012845,
      0,
      -0.2531039,
      -0.4002353,
      0.88076705,
      0,
      0.19429529,
      0.27724877,
      2.0965266,
      1
    ],
    "trackingState" : "Normal",
    "timestamp" : 235113604915
  },
  {
    "transform" : [
      -0.025748523,
      -0.9060548,
      -0.42237642,
      0,
      0.9688573,
      -0.12670894,
      0.21274535,
      0,
      -0.24627781,
      -0.40374455,
      0.8811004,
      0,
      0.19245452,
      0.27885082,
      2.0963628,
      1
    ],
    "trackingState" : "Normal",
    "timestamp" : 235113621576
  },
  {
    "transform" : [
      -0.027484829,
      -0.9045777,
      -0.42542204,
      0,
      0.9705,
      -0.12612517,
      0.20548075,
      0,
      -0.23952974,
      -0.40722442,
      0.8813592,
      0,
      0.19064999,
      0.2803353,
      2.0963209,
      1
    ],
    "trackingState" : "Normal",
    "timestamp" : 235113638236
  },
  {
    "transform" : [
      -0.02937034,
      -0.9031239,
      -0.42837462,
      0,
      0.9721686,
      -0.12546393,
      0.19785622,
      0,
      -0.23243424,
      -0.41064122,
      0.88167363,
      0,
      0.18884628,
      0.2817506,
      2.0962987,
      0.99999994
    ],
    "trackingState" : "Normal",
    "timestamp" : 235113654897
  },
  {
    "transform" : [
      -0.03167728,
      -0.9018298,
      -0.43092874,
      0,
      0.9738817,
      -0.12483467,
      0.1896595,
      0,
      -0.22483544,
      -0.4136657,
      0.8822301,
      0,
      0.18705213,
      0.28311142,
      2.09625,
      1
    ],
    "trackingState" : "Normal",
    "timestamp" : 235113671558
  },
  {
    "transform" : [
      -0.034364816,
      -0.9008674,
      -0.4327322,
      0,
      0.97564435,
      -0.12410212,
      0.18087803,
      0,
      -0.21665008,
      -0.41597685,
      0.883191,
      0,
      0.18633127,
      0.28461197,
      2.0955713,
      1
    ],
    "trackingState" : "Normal",
    "timestamp" : 235113688218
  },
  {
    "transform" : [
      -0.036769662,
      -0.9001683,
      -0.4339876,
      0,
      0.9773502,
      -0.122962765,
      0.1722408,
      0,
      -0.20841002,
      -0.41782454,
      0.88430095,
      0,
      0.18485299,
      0.28593403,
      2.0952504,
      1
    ],
    "trackingState" : "Normal",
    "timestamp" : 235113704879
  },
  {
    "transform" : [
      -0.038824957,
      -0.89957315,
      -0.43504137,
      0,
      0.9789762,
      -0.121490076,
      0.16384773,
      0,
      -0.2002462,
      -0.41953364,
      0.88537747,
      0,
      0.18307829,
      0.28715283,
      2.0950465,
      0.99999994
    ],
    "trackingState" : "Normal",
    "timestamp" : 235113721539
  },
  {
    "transform" : [
      -0.040776294,
      -0.8989393,
      -0.43617147,
      0,
      0.9804834,
      -0.12002711,
      0.15571086,
      0,
      -0.192327,
      -0.42130953,
      0.8862895,
      0,
      0.18116371,
      0.28827652,
      2.0948913,
      1
    ],
    "trackingState" : "Normal",
    "timestamp" : 235113738200
  },
  {
    "transform" : [
      -0.042950533,
      -0.89823055,
      -0.437421,
      0,
      0.98193914,
      -0.11869968,
      0.1473292,
      0,
      -0.18425734,
      -0.4231929,
      0.88710594,
      0,
      0.17918774,
      0.28930607,
      2.09474,
      0.99999976
    ],
    "trackingState" : "Normal",
    "timestamp" : 235113754861
  },
  {
    "transform" : [
      -0.04544649,
      -0.8975615,
      -0.43854094,
      0,
      0.98342276,
      -0.11733882,
      0.13824414,
      0,
      -0.17554052,
      -0.42498836,
      0.8880151,
      0,
      0.17719048,
      0.29024938,
      2.094544,
      1
    ],
    "trackingState" : "Normal",
    "timestamp" : 235113771521
  },
  {
    "transform" : [
      -0.048046112,
      -0.89696896,
      -0.43947518,
      0,
      0.98480713,
      -0.11604569,
      0.12918419,
      0,
      -0.16687341,
      -0.4265914,
      0.88891697,
      0,
      0.17481002,
      0.29078034,
      2.0942717,
      1
    ],
    "trackingState" : "Normal",
    "timestamp" : 235113788182
  },
  {
    "transform" : [
      -0.050837684,
      -0.8967919,
      -0.43952227,
      0,
      0.98603374,
      -0.114958294,
      0.12050814,
      0,
      -0.15859748,
      -0.42725736,
      0.89011127,
      0,
      0.17266387,
      0.29147282,
      2.0939605,
      0.99999994
    ],
    "trackingState" : "Normal",
    "timestamp" : 235113804842
  },
  {
    "transform" : [
      -0.05397019,
      -0.89704996,
      -0.43862146,
      0,
      0.9871594,
      -0.11406938,
      0.11182486,
      0,
      -0.15034574,
      -0.42695394,
      0.89168763,
      0,
      0.17061138,
      0.29217598,
      2.0935583,
      1.0000001
    ],
    "trackingState" : "Normal",
    "timestamp" : 235113821503
  },
  {
    "transform" : [
      -0.057671137,
      -0.8977188,
      -0.4367783,
      0,
      0.98825467,
      -0.11335291,
      0.10248972,
      0,
      -0.141517,
      -0.42573744,
      0.893712,
      0,
      0.168636,
      0.29282266,
      2.0930321,
      1.0000001
    ],
    "trackingState" : "Normal",
    "timestamp" : 235113838164
  },
  {
    "transform" : [
      -0.061688982,
      -0.8987043,
      -0.43419492,
      0,
      0.9893512,
      -0.11251729,
      0.09232654,
      0,
      -0.13182868,
      -0.4238757,
      0.8960753,
      0,
      0.1667146,
      0.2933996,
      2.0923932,
      1
    ],
    "trackingState" : "Normal",
    "timestamp" : 235113854824
  },
  {
    "transform" : [
      -0.065963425,
      -0.89978665,
      -0.43131536,
      0,
      0.9903466,
      -0.11184943,
      0.08187512,
      0,
      -0.12191251,
      -0.42175087,
      0.89847857,
      0,
      0.16481178,
      0.29388776,
      2.091687,
      1
    ],
    "trackingState" : "Normal",
    "timestamp" : 235113871485
  },
  {
    "transform" : [
      -0.07033737,
      -0.9008308,
      -0.42843497,
      0,
      0.9912284,
      -0.11129336,
      0.071273595,
      0,
      -0.11188742,
      -0.41966373,
      0.90075725,
      0,
      0.16282542,
      0.29396287,
      2.0906024,
      0.99999994
    ],
    "trackingState" : "Normal",
    "timestamp" : 235113888145
  },
  {
    "transform" : [
      -0.07507293,
      -0.9018553,
      -0.4254659,
      0,
      0.99200684,
      -0.110941276,
      0.060122665,
      0,
      -0.101423666,
      -0.41755146,
      0.9029752,
      0,
      0.16090468,
      0.29411963,
      2.0897608,
      1
    ],
    "trackingState" : "Normal",
    "timestamp" : 235113904806
  },
  {
    "transform" : [
      -0.07987116,
      -0.90282816,
      -0.42251885,
      0,
      0.9926434,
      -0.11073213,
      0.04896472,
      0,
      -0.09099312,
      -0.41549963,
      0.9050307,
      0,
      0.15900101,
      0.29421407,
      2.0890067,
      1
    ],
    "trackingState" : "Normal",
    "timestamp" : 235113921467
  },
  {
    "transform" : [
      -0.08435831,
      -0.90381587,
      -0.41952413,
      0,
      0.9931241,
      -0.11055826,
      0.038486596,
      0,
      -0.08116665,
      -0.4133929,
      0.90692806,
      0,
      0.15708394,
      0.2942203,
      2.0883074,
      0.99999994
    ],
    "trackingState" : "Normal",
    "timestamp" : 235113938127
  },
  {
    "transform" : [
      -0.08840782,
      -0.9049638,
      -0.41620287,
      0,
      0.99351346,
      -0.110114746,
      0.028388811,
      0,
      -0.07152091,
      -0.4109933,
      0.9088286,
      0,
      0.15512821,
      0.2941554,
      2.0876431,
      0.99999994
    ],
    "trackingState" : "Normal",
    "timestamp" : 235113954788
  },
  {
    "transform" : [
      -0.09216389,
      -0.906308,
      -0.41244608,
      0,
      0.99383885,
      -0.109335706,
      0.018173974,
      0,
      -0.061566286,
      -0.40822986,
      0.9108009,
      0,
      0.15313752,
      0.29401964,
      2.087002,
      1
    ],
    "trackingState" : "Normal",
    "timestamp" : 235113971449
  },
  {
    "transform" : [
      -0.095826894,
      -0.9077686,
      -0.40837926,
      0,
      0.99405706,
      -0.1085626,
      0.008061967,
      0,
      -0.051653102,
      -0.40517965,
      0.91277695,
      0,
      0.15212624,
      0.29219007,
