[
  {
    "trackingState" : "Normal",
    "timestamp" : 235162103914,
    "transform" : [
      0.52514094,
      -0.791236,
      -0.3133255,
      0,
      -0.5899185,
      -0.07308845,
      -0.8041483,
      0,
      0.61337054,
      0.60712755,
      -0.50514644,
      0,
      1.7567818,
      -0.14427651,
      1.5852538,
      1
    ]
  },
  {
    "trackingState" : "Normal",
    "timestamp" : 235162120574,
    "transform" : [
      0.528725,
      -0.7900624,
      -0.31024402,
      0,
      -0.5838482,
      -0.07321677,
      -0.80855477,
      0,
      0.61609364,
      0.6086384,
      -0.49998808,
      0,
      1.756058,
      -0.14460516,
      1.5822251,
      0.99999994
    ]
  },
  {
    "trackingState" : "Normal",
    "timestamp" : 235162137235,
    "transform" : [
      0.531915,
      -0.7893501,
      -0.30658242,
      0,
      -0.57839125,
      -0.07423213,
      -0.812375,
      0,
      0.61849004,
      0.6094391,
      -0.49603847,
      0,
      1.7551359,
      -0.14484617,
      1.5794383,
      0.9999999
    ]
  },
  {
    "trackingState" : "Normal",
    "timestamp" : 235162153895,
    "transform" : [
      0.5343624,
      -0.78917336,
      -0.30275783,
      0,
      -0.57350785,
      -0.07538799,
      -0.8157239,
      0,
      0.62092334,
      0.60952604,
      -0.49288166,
      0,
      1.7541617,
      -0.14500295,
      1.5767868,
      1
    ]
  },
  {
    "trackingState" : "Normal",
    "timestamp" : 235162170556,
    "transform" : [
      0.53599006,
      -0.7895156,
      -0.2989648,
      0,
      -0.56844324,
      -0.075689375,
      -0.8192336,
      0,
      0.62416923,
      0.60904545,
      -0.48936355,
      0,
      1.753176,
      -0.14507177,
      1.5742799,
      1
    ]
  },
  {
    "trackingState" : "Normal",
    "timestamp" : 235162187216,
    "transform" : [
      0.537155,
      -0.7900722,
      -0.29538223,
      0,
      -0.5628662,
      -0.07493522,
      -0.82314426,
      0,
      0.6282088,
      0.6084166,
      -0.48495683,
      0,
      1.7521551,
      -0.14507377,
      1.5719273,
      1
    ]
  },
  {
    "trackingState" : "Normal",
    "timestamp" : 235162203877,
    "transform" : [
      0.538313,
      -0.7905151,
      -0.29207057,
      0,
      -0.5568665,
      -0.07353001,
      -0.827341,
      0,
      0.6325495,
      0.6080126,
      -0.47979358,
      0,
      1.7515267,
      -0.14510629,
      1.5694957,
      0.99999994
    ]
  },
  {
    "trackingState" : "Normal",
    "timestamp" : 235162220538,
    "transform" : [
      0.53962964,
      -0.79071414,
      -0.28908673,
      0,
      -0.55052555,
      -0.07162493,
      -0.83174014,
      0,
      0.6369629,
      0.60798115,
      -0.4739593,
      0,
      1.7505289,
      -0.14504747,
      1.5673417,
      0.99999994
    ]
  },
  {
    "trackingState" : "Normal",
    "timestamp" : 235162237198,
    "transform" : [
      0.54095745,
      -0.7909185,
      -0.2860295,
      0,
      -0.5442257,
      -0.06988805,
      -0.8360228,
      0,
      0.64123595,
      0.6079173,
      -0.46824467,
      0,
      1.7493688,
      -0.14493206,
      1.5653675,
      0.99999994
    ]
  },
  {
    "trackingState" : "Normal",
    "timestamp" : 235162253859,
    "transform" : [
      0.5420238,
      -0.7913601,
      -0.2827713,
      0,
      -0.5384334,
      -0.06868449,
      -0.83986443,
      0,
      0.64521307,
      0.6074798,
      -0.46332335,
      0,
      1.748119,
      -0.14478885,
      1.5635382,
      1
    ]
  },
  {
    "trackingState" : "Normal",
    "timestamp" : 235162270519,
    "transform" : [
      0.5429504,
      -0.7919884,
      -0.27921182,
      0,
      -0.5327026,
      -0.06779498,
      -0.84358275,
      0,
      0.6491787,
      0.6067604,
      -0.45870364,
      0,
      1.7467846,
      -0.14463119,
      1.5618451,
      0.99999994
    ]
  },
  {
    "trackingState" : "Normal",
    "timestamp" : 235162287180,
    "transform" : [
      0.5440958,
      -0.7924399,
      -0.27567875,
      0,
      -0.52655464,
      -0.066696115,
      -0.847521,
      0,
      0.65322274,
      0.6062925,
      -0.45355204,
      0,
      1.7453434,
      -0.14445907,
      1.5603071,
      0.9999999
    ]
  },
  {
    "trackingState" : "Normal",
    "timestamp" : 235162303841,
    "transform" : [
      0.54532915,
      -0.7929812,
      -0.27165622,
      0,
      -0.51932514,
      -0.065234065,
      -0.85208344,
      0,
      0.6579648,
      0.6057437,
      -0.44738913,
      0,
      1.7443312,
      -0.14419098,
      1.5586215,
      1
    ]
  },
  {
    "trackingState" : "Normal",
    "timestamp" : 235162320501,
    "transform" : [
      0.5463666,
      -0.7937453,
      -0.26730505,
      0,
      -0.5119653,
      -0.06392571,
      -0.8566242,
      0,
      0.6628538,
      0.6048817,
      -0.44129688,
      0,
      1.7428777,
      -0.14388904,
      1.5572419,
      0.9999999
    ]
  },
  {
    "trackingState" : "Normal",
    "timestamp" : 235162337162,
    "transform" : [
      0.54774106,
      -0.7943423,
      -0.262679,
      0,
      -0.50464344,
      -0.063254006,
      -0.86100763,
      0,
      0.6673192,
      0.60416836,
      -0.43550643,
      0,
      1.7411993,
      -0.14357139,
      1.5560615,
      0.99999994
    ]
  },
  {
    "trackingState" : "Normal",
    "timestamp" : 235162353822,
    "transform" : [
      0.54981405,
      -0.7944676,
      -0.25792614,
      0,
      -0.49712574,
      -0.06308894,
      -0.8653821,
      0,
      0.67124563,
      0.60402083,
      -0.42963746,
      0,
      1.7393612,
      -0.14325461,
      1.5550679,
      1
    ]
  },
  {
    "trackingState" : "Normal",
    "timestamp" : 235162370483,
    "transform" : [
      0.55239445,
      -0.79421514,
      -0.25314575,
      0,
      -0.48914948,
      -0.06293665,
      -0.86992645,
      0,
      0.6749765,
      0.6043685,
      -0.42325574,
      0,
      1.7374235,
      -0.14293972,
      1.5542667,
      0.99999994
    ]
  },
  {
    "trackingState" : "Normal",
    "timestamp" : 235162387144,
    "transform" : [
      0.5546153,
      -0.79406285,
      -0.24872868,
      0,
      -0.48078534,
      -0.06183268,
      -0.8746554,
      0,
      0.67915195,
      0.6046824,
      -0.41606715,
      0,
      1.7354472,
      -0.14258341,
      1.5536649,
      0.9999999
    ]
  },
  {
    "trackingState" : "Normal",
    "timestamp" : 235162403804,
    "transform" : [
      0.5560924,
      -0.79444486,
      -0.24416965,
      0,
      -0.4718011,
      -0.059886467,
      -0.87966895,
      0,
      0.68422604,
      0.6043766,
      -0.40812233,
      0,
      1.7339524,
      -0.14197586,
      1.5527631,
      1
    ]
  },
  {
    "trackingState" : "Normal",
    "timestamp" : 235162420465,
    "transform" : [
      0.55695206,
      -0.79531443,
      -0.23933145,
      0,
      -0.46318424,
      -0.058240503,
      -0.8843464,
      0,
      0.68939465,
      0.603393,
      -0.4008143,
      0,
      1.7321172,
      -0.14139868,
      1.5522618,
      1
    ]
  },
  {
    "trackingState" : "Normal",
    "timestamp" : 235162437125,
    "transform" : [
      0.5576471,
      -0.79640096,
      -0.23404133,
      0,
      -0.4551919,
      -0.05761456,
      -0.8885275,
      0,
      0.69413996,
      0.6020184,
      -0.3946439,
      0,
      1.7301419,
      -0.14081296,
      1.551952,
      1
    ]
  },
  {
    "trackingState" : "Normal",
    "timestamp" : 235162453786,
    "transform" : [
      0.55848783,
      -0.7972588,
      -0.2290626,
      0,
      -0.44783178,
      -0.0573482,
      -0.8922768,
      0,
      0.69823927,
      0.60090727,
      -0.38906616,
      0,
      1.7281065,
      -0.14022723,
      1.5518173,
      0.9999999
    ]
  },
  {
    "trackingState" : "Normal",
    "timestamp" : 235162470447,
    "transform" : [
      0.5592275,
      -0.79800534,
      -0.22461572,
      0,
      -0.4406973,
      -0.05667216,
      -0.8958651,
      0,
      0.70217574,
      0.59997994,
      -0.38337138,
      0,
      1.7260616,
      -0.13964291,
      1.5518568,
      1
    ]
  },
  {
    "trackingState" : "Normal",
    "timestamp" : 235162487107,
    "transform" : [
      0.55948013,
      -0.7990976,
      -0.22005722,
      0,
      -0.43364948,
      -0.055952363,
      -0.8993429,
      0,
      0.7063499,
      0.5985921,
      -0.3778324,
      0,
      1.7240278,
      -0.13905433,
      1.552038,
      1
    ]
  },
  {
    "trackingState" : "Normal",
    "timestamp" : 235162503768,
    "transform" : [
      0.55933046,
      -0.8005029,
      -0.21527821,
      0,
      -0.42738265,
      -0.055957966,
      -0.90233755,
      0,
      0.7102773,
      0.596711,
      -0.37341997,
      0,
      1.7223467,
      -0.13849238,
      1.5519772,
      1
    ]
  },
  {
    "trackingState" : "Normal",
    "timestamp" : 235162520428,
    "transform" : [
      0.5592887,
      -0.80169827,
      -0.21089348,
      0,
      -0.42155173,
      -0.055999864,
      -0.9050736,
      0,
      0.71378595,
      0.59509987,
      -0.36927742,
      0,
      1.7203865,
      -0.13800913,
      1.552328,
      0.99999994
    ]
  },
  {
    "trackingState" : "Normal",
    "timestamp" : 235162537089,
    "transform" : [
      0.55959594,
      -0.80241114,
      -0.20733787,
      0,
      -0.41489467,
      -0.054664884,
      -0.90822595,
      0,
      0.7174365,
      0.5942627,
      -0.36350635,
      0,
      1.7183118,
      -0.13761021,
      1.5529679,
      1
    ]
  },
  {
    "trackingState" : "Normal",
    "timestamp" : 235162553749,
    "transform" : [
      0.5601761,
      -0.80267197,
      -0.20474565,
      0,
      -0.4071641,
      -0.051547997,
      -0.91189945,
      0,
      0.7214019,
      0.5941892,
      -0.35569513,
      0,
      1.7161878,
      -0.13726412,
      1.5538387,
      1
    ]
  },
  {
    "trackingState" : "Normal",
    "timestamp" : 235162570410,
    "transform" : [
      0.5607585,
      -0.80286986,
      -0.20236076,
      0,
      -0.39942828,
      -0.048230134,
      -0.91549486,
      0,
      0.7252635,
      0.59420013,
      -0.3477344,
      0,
      1.7140248,
      -0.1369479,
      1.5548545,
      0.99999994
    ]
  },
  {
    "trackingState" : "Normal",
    "timestamp" : 235162587071,
    "transform" : [
      0.5613552,
      -0.8032516,
      -0.1991661,
      0,
      -0.39290318,
      -0.04686846,
      -0.91838455,
      0,
      0.7283594,
      0.59379303,
      -0.34190997,
      0,
      1.7118057,
      -0.13667998,
      1.5559282,
      0.9999999
    ]
  },
  {
    "trackingState" : "Normal",
    "timestamp" : 235162603731,
    "transform" : [
      0.5623191,
      -0.80345744,
      -0.19558531,
      0,
      -0.38793698,
      -0.047438808,
      -0.9204643,
      0,
      0.7302755,
      0.5934693,
      -0.33836657,
      0,
      1.7095975,
      -0.13650796,
      1.5569941,
      1
    ]
  },
  {
    "trackingState" : "Normal",
    "timestamp" : 235162620392,
    "transform" : [
      0.5641776,
      -0.8029576,
      -0.19225748,
      0,
      -0.38269114,
      -0.04797669,
      -0.92262983,
      0,
      0.7316088,
      0.59410226,
      -0.33435217,
      0,
      1.7074564,
      -0.13645048,
      1.5580527,
      1
    ]
  },
  {
    "trackingState" : "Normal",
    "timestamp" : 235162637052,
    "transform" : [
      0.5668346,
      -0.80176175,
      -0.18941115,
      0,
      -0.37562382,
      -0.04689734,
      -0.92558485,
      0,
      0.7332158,
      0.5958009,
      -0.32774386,
      0,
      1.7050894,
      -0.1364625,
      1.5594525,
      0.99999994
    ]
  },
  {
    "trackingState" : "Normal",
    "timestamp" : 235162653713,
    "transform" : [
      0.5693799,
      -0.8005039,
      -0.18708333,
      0,
      -0.36724404,
      -0.044079788,
      -0.9290796,
      0,
      0.73548526,
      0.59770447,
      -0.31907842,
      0,
      1.7026812,
      -0.13649738,
      1.5610836,
      1
    ]
  },
  {
    "trackingState" : "Normal",
    "timestamp" : 235162670374,
    "transform" : [
      0.5708506,
      -0.79995674,
      -0.18492949,
      0,
      -0.35860088,
      -0.040300258,
      -0.9326207,
      0,
      0.7386035,
      0.5987029,
      -0.30987057,
      0,
      1.7003524,
      -0.13652433,
      1.5628772,
      1
    ]
  },
  {
    "trackingState" : "Normal",
    "timestamp" : 235162687034,
    "transform" : [
      0.5709623,
      -0.8003377,
      -0.18292579,
      0,
      -0.35111788,
      -0.036643416,
      -0.93561405,
      0,
      0.7421041,
      0.5984288,
      -0.3019348,
      0,
      1.6981263,
      -0.1365092,
      1.5647914,
      1
    ]
  },
  {
    "trackingState" : "Normal",
    "timestamp" : 235162703695,
    "transform" : [
      0.5700099,
      -0.801574,
      -0.18046613,
      0,
      -0.34535074,
      -0.034438048,
      -0.93784165,
      0,
      0.74553454,
      0.596903,
      -0.2964542,
      0,
      1.6961209,
      -0.13643761,
      1.5664902,
      1
    ]
  },
  {
    "trackingState" : "Normal",
    "timestamp" : 235162720355,
    "transform" : [
      0.5684609,
      -0.80344576,
      -0.1769946,
      0,
      -0.34008145,
      -0.033585537,
      -0.939796,
      0,
      0.74913067,
      0.5944298,
      -0.29232907,
      0,
      1.6943952,
      -0.13629967,
      1.5677608,
      0.9999999
    ]
  },
  {
    "trackingState" : "Normal",
    "timestamp" : 235162737016,
    "transform" : [
      0.5671872,
      -0.805232,
      -0.17291667,
      0,
      -0.33400875,
      -0.03298332,
      -0.9419927,
      0,
      0.75281936,
      0.5920418,
      -0.2876622,
      0,
      1.6923227,
      -0.13615863,
      1.5694598,
      0.99999994
    ]
  },
  {
    "trackingState" : "Normal",
    "timestamp" : 235162753676,
    "transform" : [
      0.5666527,
      -0.8065474,
      -0.16848199,
      0,
      -0.32682857,
      -0.032312743,
      -0.94453114,
      0,
      0.75636506,
      0.5902858,
      -0.28191283,
      0,
      1.6900841,
      -0.13604903,
      1.5713098,
      1
    ]
  },
  {
    "trackingState" : "Normal",
    "timestamp" : 235162770337,
    "transform" : [
      0.5669353,
      -0.8073074,
      -0.16382696,
      0,
      -0.3190928,
      -0.031871535,
      -0.94718754,
      0,
      0.75945,
      0.58926994,
      -0.27567512,
      0,
      1.6877468,
      -0.13599803,
      1.5732238,
      1
    ]
  },
  {
    "trackingState" : "Normal",
    "timestamp" : 235162786998,
    "transform" : [
      0.567521,
      -0.8078162,
      -0.15922643,
      0,
      -0.3116822,
      -0.031784505,
      -0.9496547,
      0,
      0.76208556,
      0.58857685,
      -0.26982027,
      0,
      1.6853597,
      -0.13600285,
      1.5751785,
      0.99999994
    ]
  },
  {
    "trackingState" : "Normal",
    "timestamp" : 235162803658,
    "transform" : [
      0.5681044,
      -0.8083275,
      -0.15448067,
      0,
      -0.3048311,
      -0.032328803,
      -0.9518576,
      0,
      0.7644186,
      0.58784497,
      -0.26476943,
      0,
      1.6831735,
      -0.13605642,
      1.5766965,
      1
    ]
  },
  {
    "trackingState" : "Normal",
    "timestamp" : 235162820319,
    "transform" : [
      0.56817055,
      -0.8091464,
      -0.14988165,
      0,
      -0.2978274,
      -0.032403514,
      -0.9540697,
      0,
      0.76712537,
      0.5867131,
      -0.25939664,
      0,
      1.6808183,
      -0.13611229,
      1.5784779,
      1
    ]
  },
  {
    "trackingState" : "Normal",
    "timestamp" : 235162836979,
    "transform" : [
      0.5675858,
      -0.81033313,
      -0.14562544,
      0,
      -0.2907783,
      -0.03182106,
      -0.9562613,
      0,
      0.7702562,
      0.58510494,
      -0.25368845,
      0,
      1.6784075,
      -0.13617928,
      1.5803576,
      1
    ]
  },
  {
    "trackingState" : "Normal",
    "timestamp" : 235162853640,
    "transform" : [
      0.56624913,
      -0.8119549,
      -0.14174384,
      0,
      -0.2829814,
      -0.029994722,
      -0.95865625,
      0,
      0.7741341,
      0.5829491,
      -0.24675262,
      0,
      1.6759901,
      -0.13622603,
      1.5822734,
      0.99999994
    ]
  },
  {
    "trackingState" : "Normal",
    "timestamp" : 235162870301,
    "transform" : [
      0.56468904,
      -0.8137662,
      -0.13751742,
      0,
      -0.27401957,
      -0.027694503,
      -0.96132535,
      0,
      0.77848566,
      0.58053225,
      -0.23862661,
      0,
      1.6735581,
      -0.1362233,
      1.584144,
      1
    ]
  },
  {
    "trackingState" : "Normal",
    "timestamp" : 235162886961,
    "transform" : [
      0.563903,
      -0.81513244,
      -0.13256192,
      0,
      -0.26514333,
      -0.026678648,
      -0.9638398,
      0,
      0.7821206,
      0.57866,
      -0.23117109,
      0,
      1.6710684,
      -0.13620563,
      1.5859065,
      0.99999994
    ]
  },
  {
    "trackingState" : "Normal",
    "timestamp" : 235162903622,
    "transform" : [
      0.5645295,
      -0.8155923,
      -0.12694825,
      0,
      -0.2572935,
      -0.02774179,
      -0.9659351,
      0,
      0.7842875,
      0.5779617,
      -0.22550763,
      0,
      1.6685599,
      -0.13620558,
      1.5874593,
      1
    ]
  },
  {
    "trackingState" : "Normal",
    "timestamp" : 235162920282,
    "transform" : [
      0.5664537,
      -0.81512886,
      -0.1212245,
      0,
      -0.24973045,
      -0.029605202,
      -0.96786284,
      0,
      0.78534395,
      0.5785228,
      -0.22033246,
      0,
      1.6661004,
      -0.13619697,
      1.5888048,
      1
    ]
  },
  {
    "trackingState" : "Normal",
    "timestamp" : 235162936943,
    "transform" : [
      0.5684375,
      -0.81450295,
      -0.11603423,
      0,
      -0.2421182,
      -0.030821286,
      -0.96975714,
      0,
      0.78629375,
      0.57934034,
      -0.21472594,
      0,
      1.6635684,
      -0.13618402,
      1.5903162,
      0.99999994
    ]
  },
  {
    "trackingState" : "Normal",
    "timestamp" : 235162953604,
    "transform" : [
      0.5694378,
      -0.81439054,
      -0.111842066,
      0,
      -0.23439443,
      -0.0304523,
      -0.9716644,
      0,
      0.78790855,
      0.5795176,
      -0.2082293,
      0,
      1.6610837,
      -0.13611373,
      1.5919077,
      0.9999999
    ]
  },
  {
    "trackingState" : "Normal",
    "timestamp" : 235162970264,
    "transform" : [
      0.5693297,
      -0.8148655,
      -0.10889538,
      0,
      -0.22595605,
      -0.027743744,
      -0.9737424,
      0,
      0.79044795,
      0.57898587,
      -0.19991909,
      0,
      1.6587032,
      -0.13594688,
      1.5935627,
      1
    ]
  },
  {
    "trackingState" : "Normal",
    "timestamp" : 235162986925,
    "transform" : [
      0.5690069,
      -0.8153672,
      -0.10680543,
      0,
      -0.21772078,
      -0.024128031,
      -0.9757128,
      0,
      0.7929872,
      0.5784411,
      -0.1912514,
      0,
      1.6564068,
      -0.13570818,
      1.5952473,
      0.9999999
    ]
  },
  {
    "trackingState" : "Normal",
    "timestamp" : 235163003585,
    "transform" : [
      0.5694224,
      -0.8152874,
      -0.105188586,
      0,
      -0.21143472,
      -0.021600094,
      -0.9771535,
      0,
      0.79438883,
      0.5786536,
      -0.18467963,
      0,
      1.6539761,
      -0.13579112,
      1.5968635,
      0.99999994
    ]
  },
  {
    "trackingState" : "Normal",
    "timestamp" : 235163020246,
    "transform" : [
      0.5701769,
      -0.81501615,
      -0.10318483,
      0,
      -0.20739952,
      -0.021272039,
      -0.978025,
      0,
      0.79491127,
      0.5790478,
      -0.18116276,
      0,
      1.6516937,
      -0.1356274,
      1.5984354,
      1
    ]
  },
  {
    "trackingState" : "Normal",
    "timestamp" : 235163036906,
    "transform" : [
      0.57054496,
      -0.81505525,
      -0.10081338,
      0,
      -0.20446377,
      -0.022081021,
      -0.97862494,
      0,
      0.7954075,
      0.57896227,
      -0.17924748,
      0,
      1.6494874,
      -0.13535951,
      1.5999876,
      0.9999999
    ]
  },
  {
    "trackingState" : "Normal",
    "timestamp" : 235163053567,
    "transform" : [
      0.5699036,
      -0.81573904,
      -0.09889221,
      0,
      -0.20186445,
      -0.022325855,
      -0.9791589,
      0,
      0.7965304,
      0.577989,
      -0.17739229,
      0,
      1.6473289,
      -0.13503012,
      1.6016005,
      0.99999994
    ]
  },
  {
    "trackingState" : "Normal",
    "timestamp" : 235163070228,
    "transform" : [
      0.5682451,
      -0.81701577,
      -0.09789275,
      0,
      -0.19914018,
      -0.021114185,
      -0.9797436,
      0,
      0.7983991,
      0.57622874,
      -0.1746987,
      0,
      1.6451838,
      -0.13467057,
      1.6033155,
      1
    ]
  },
  {
    "trackingState" : "Normal",
    "timestamp" : 235163086888,
    "transform" : [
      0.5659875,
      -0.8186014,
      -0.09772277,
      0,
      -0.19564874,
      -0.018222678,
      -0.9805046,
      0,
      0.8008618,
      0.5740728,
      -0.17047216,
      0,
      1.6430013,
      -0.13428202,
      1.6051143,
      0.9999998
    ]
  },
  {
    "trackingState" : "Normal",
    "timestamp" : 235163103549,
    "transform" : [
      0.5637338,
      -0.8201763,
      -0.09754548,
      0,
      -0.19136554,
      -0.014810721,
      -0.9814072,
      0,
      0.80348223,
      0.57191914,
      -0.16530277,
      0,
      1.6407006,
      -0.13397026,
      1.6068195,
      1
    ]
  },
  {
    "trackingState" : "Normal",
    "timestamp" : 235163120209,
    "transform" : [
      0.5623019,
      -0.8212664,
      -0.09663377,
      0,
      -0.18737897,
      -0.012723445,
      -0.9822052,
      0,
      0.8054227,
      0.570403,
      -0.16104247,
      0,
      1.63823,
      -0.13380973,
      1.6083083,
      0.9999999
    ]
  },
  {
    "trackingState" : "Normal",
    "timestamp" : 235163136870,
    "transform" : [
      0.5622094,
      -0.821501,
      -0.095167845,
      0,
      -0.1842002,
      -0.012205549,
      -0.9828131,
      0,
      0.8062203,
      0.5700766,
      -0.15818271,
      0,
      1.6356407,
      -0.1334567,
      1.6098925,
      1
    ]
  },
  {
    "trackingState" : "Normal",
    "timestamp" : 235163153531,
    "transform" : [
      0.56306624,
      -0.8210735,
      -0.093780145,
      0,
      -0.18132688,
      -0.012033521,
      -0.9833492,
      0,
      0.8062736,
      0.57069564,
      -0.15565838,
      0,
      1.6329665,
      -0.13299556,
      1.6115121,
      0.9999999
    ]
  },
  {
    "trackingState" : "Normal",
    "timestamp" : 235163170191,
    "transform" : [
      0.5635317,
      -0.8208782,
      -0.092687696,
      0,
      -0.17831577,
      -0.011317619,
      -0.9839082,
      0,
      0.80661994,
      0.5709911,
      -0.15275337,
      0,
      1.6302892,
      -0.1324013,
      1.6131462,
      0.99999994
    ]
  },
  {
    "trackingState" : "Normal",
    "timestamp" : 235163186852,
    "transform" : [
      0.5626367,
      -0.8216018,
      -0.09170907,
      0,
      -0.1759316,
      -0.0106038805,
      -0.9843453,
      0,
      0.80776745,
      0.56996316,
      -0.15051185,
      0,
      1.6276442,
      -0.13166337,
      1.6147548,
      1
    ]
  },
  {
    "trackingState" : "Normal",
    "timestamp" : 235163203512,
    "transform" : [
      0.56060994,
      -0.8231179,
      -0.090517715,
      0,
      -0.17506924,
      -0.01097208,
      -0.9844949,
      0,
      0.8093623,
      0.56776446,
      -0.15025368,
      0,
      1.6250128,
      -0.13075778,
      1.6163294,
      0.9999999
    ]
  },
  {
    "trackingState" : "Normal",
    "timestamp" : 235163220173,
    "transform" : [
      0.55830824,
      -0.8248282,
      -0.089164525,
      0,
      -0.17543173,
      -0.012330007,
      -0.9844143,
      0,
      0.8108733,
      0.5652489,
      -0.15158498,
      0,
      1.6223682,
      -0.12971702,
      1.6178943,
      0.9999999
    ]
  },
  {
    "trackingState" : "Normal",
    "timestamp" : 235163236833,
    "transform" : [
      0.5561977,
      -0.8263625,
      -0.08814414,
      0,
      -0.17634366,
      -0.013707708,
      -0.9842333,
      0,
      0.8121252,
      0.56297183,
      -0.15334797,
      0,
      1.6196337,
      -0.12876906,
      1.6194514,
      1
    ]
  },
  {
    "trackingState" : "Normal",
    "timestamp" : 235163253494,
    "transform" : [
      0.55379814,
      -0.82804865,
      -0.08742448,
      0,
      -0.17717429,
      -0.0145968,
      -0.98407125,
      0,
      0.81358284,
      0.5604661,
      -0.1547926,
      0,
      1.6168318,
      -0.12782758,
      1.6210014,
      0.99999994
    ]
  },
  {
    "trackingState" : "Normal",
    "timestamp" : 235163270155,
    "transform" : [
      0.5510232,
      -0.8299779,
      -0.08666128,
      0,
      -0.17838779,
      -0.015705716,
      -0.983835,
      0,
      0.81520027,
      0.5575751,
      -0.15671214,
      0,
      1.613959,
      -0.12689334,
      1.6225133,
      1
    ]
  },
  {
    "trackingState" : "Normal",
    "timestamp" : 235163286815,
    "transform" : [
      0.5485005,
      -0.83174074,
      -0.08575998,
      0,
      -0.1807388,
      -0.017795824,
      -0.9833703,
      0,
      0.8163829,
      0.5548791,
      -0.16008884,
      0,
      1.6109582,
      -0.12600379,
      1.6239457,
      1
    ]
  },
  {
    "trackingState" : "Normal",
    "timestamp" : 235163303476,
    "transform" : [
      0.5461829,
      -0.8334103,
      -0.08433104,
      0,
      -0.18327819,
      -0.020661063,
      -0.982844,
      0,
      0.81737,
      0.5522685,
      -0.16403066,
      0,
      1.6078395,
      -0.12521085,
      1.6254176,
      0.99999994
    ]
  },
  {
    "trackingState" : "Normal",
    "timestamp" : 235163320136,
    "transform" : [
      0.5439076,
      -0.83509076,
      -0.08239057,
      0,
      -0.18453938,
      -0.023254342,
      -0.98255,
      0,
      0.8186025,
      0.5496206,
      -0.16675532,
      0,
      1.6046363,
      -0.124521166,
      1.6270034,
      1
    ]
  },
  {
    "trackingState" : "Normal",
    "timestamp" : 235163336797,
    "transform" : [
      0.5422224,
      -0.8363712,
      -0.08048815,
      0,
      -0.18446709,
      -0.025037916,
      -0.9825198,
      0,
      0.819736,
      0.54759157,
      -0.16785906,
      0,
      1.6012176,
      -0.12383978,
      1.628274,
      1
    ]
  },
  {
    "trackingState" : "Normal",
    "timestamp" : 235163353458,
    "transform" : [
      0.54158604,
      -0.8369433,
      -0.078807145,
      0,
      -0.18399051,
      -0.02654083,
      -0.9825697,
      0,
      0.82026356,
      0.54664576,
      -0.16836374,
      0,
      1.597615,
      -0.123251766,
      1.6294013,
      1
    ]
  },
  {
    "trackingState" : "Normal",
    "timestamp" : 235163370118,
    "transform" : [
      0.54202425,
      -0.8368101,
      -0.07719304,
      0,
      -0.18350296,
      -0.028216755,
      -0.98261416,
      0,
      0.8200833,
      0.54676574,
      -0.16885129,
      0,
      1.5938522,
      -0.1227669,
      1.6304038,
      1
    ]
  },
  {
    "trackingState" : "Normal",
    "timestamp" : 235163386779,
    "transform" : [
      0.54309785,
      -0.83626354,
      -0.07555264,
      0,
      -0.18369973,
      -0.030535648,
      -0.982508,
      0,
      0.8193286,
      0.54747695,
      -0.17020522,
      0,
      1.5899559,
      -0.12236951,
      1.6312716,
      0.99999994
    ]
  },
  {
    "trackingState" : "Normal",
    "timestamp" : 235163403439,
    "transform" : [
      0.543861,
      -0.8359274,
      -0.07376175,
      0,
      -0.18501833,
      -0.033709433,
      -0.9821568,
      0,
      0.8185253,
      0.54780394,
      -0.17299514,
      0,
      1.5862827,
      -0.1218155,
      1.6318213,
      1
    ]
  },
  {
    "trackingState" : "Normal",
    "timestamp" : 235163420100,
    "transform" : [
      0.5439757,
      -0.83601975,
      -0.07184493,
      0,
      -0.18642281,
      -0.036929596,
      -0.9817755,
      0,
      0.81813043,
      0.5474554,
      -0.17594194,
      0,
      1.5823286,
      -0.12145686,
      1.632349,
      1.0000001
    ]
  },
  {
    "trackingState" : "Normal",
    "timestamp" : 235163436761,
    "transform" : [
      0.54365414,
      -0.8363933,
      -0.069904156,
      0,
      -0.18727759,
      -0.0396978,
      -0.9815047,
      0,
      0.81814885,
      0.5466905,
      -0.17821957,
      0,
      1.5781746,
      -0.12125243,
      1.6328355,
      1
    ]
  },
  {
    "trackingState" : "Normal",
    "timestamp" : 235163453421,
    "transform" : [
      0.5445493,
      -0.83595586,
      -0.06814685,
      0,
      -0.18738256,
      -0.042060427,
      -0.9813861,
      0,
      0.8175292,
      0.5471826,
      -0.1795475,
      0,
      1.5738428,
      -0.12121232,
      1.6332728,
      0.99999994
    ]
  },
  {
    "trackingState" : "Normal",
    "timestamp" : 235163470082,
    "transform" : [
      0.54696405,
      -0.834524,
      -0.066332854,
      0,
      -0.18700334,
      -0.0445625,
      -0.981348,
      0,
      0.81600255,
      0.5491665,
      -0.18043287,
      0,
      1.5693325,
      -0.121353954,
      1.6336517,
      0.9999999
    ]
  },
  {
    "trackingState" : "Normal",
    "timestamp" : 235163486742,
    "transform" : [
      0.55041385,
      -0.8324198,
      -0.06420093,
      0,
      -0.1862631,
      -0.04747371,
      -0.98135227,
      0,
      0.8138493,
      0.5521081,
      -0.1811793,
      0,
      1.564709,
      -0.121641144,
      1.6339123,
      0.99999994
    ]
  },
  {
    "trackingState" : "Normal",
    "timestamp" : 235163503403,
    "transform" : [
      0.5537264,
      -0.83038276,
      -0.06206206,
      0,
      -0.18626435,
      -0.05087452,
      -0.98118174,
      0,
      0.811599,
      0.55486614,
      -0.18284129,
      0,
      1.5603281,
      -0.12170795,
      1.6343126,
      1
    ]
  },
  {
    "trackingState" : "Normal",
    "timestamp" : 235163520063,
    "transform" : [
      0.55682737,
      -0.8284675,
      -0.059873946,
      0,
      -0.18720807,
      -0.054943904,
      -0.98078245,
      0,
      0.80925673,
      0.5573354,
      -0.18569006,
      0,
      1.5557451,
      -0.12208592,
      1.6343702,
      0.9999999
    ]
  },
  {
    "trackingState" : "Normal",
    "timestamp" : 235163536724,
    "transform" : [
      0.55981225,
      -0.8265479,
      -0.0585575,
      0,
      -0.18871483,
      -0.05836466,
      -0.98029613,
      0,
      0.806844,
      0.55983233,
      -0.1886551,
      0,
      1.5510634,
      -0.122615196,
      1.6342529,
      1
    ]
  },
  {
    "trackingState" : "Normal",
    "timestamp" : 235163553385,
    "transform" : [
      0.5624828,
      -0.82476664,
      -0.058080103,
      0,
      -0.1902586,
      -0.06075325,
      -0.9798525,
      0,
      0.80462104,
      0.56220037,
      -0.19109158,
      0,
      1.5463316,
      -0.123238385,
      1.6339996,
      1
    ]
  },
  {
    "trackingState" : "Normal",
    "timestamp" : 235163570045,
    "transform" : [
      0.56436646,
      -0.8234852,
      -0.057990097,
      0,
      -0.19135563,
      -0.062163174,
      -0.97955036,
      0,
      0.8030404,
      0.56392205,
      -0.19266132,
      0,
      1.5415765,
      -0.12393365,
      1.6335862,
      1
    ]
  },
  {
    "trackingState" : "Normal",
    "timestamp" : 235163586706,
    "transform" : [
      0.56522965,
      -0.8228924,
      -0.05799665,
      0,
      -0.1915729,
      -0.062554896,
      -0.9794829,
      0,
      0.80238116,
      0.5647433,
      -0.19300179,
      0,
      1.5368302,
      -0.124713995,
      1.6329621,
      0.99999994
    ]
  },
  {
    "trackingState" : "Normal",
    "timestamp" : 235163603366,
    "transform" : [
      0.5653413,
      -0.82279533,
      -0.05828611,
      0,
      -0.19163103,
      -0.06228321,
      -0.97948885,
      0,
      0.8022887,
      0.5649148,
      -0.19288439,
      0,
      1.5326387,
      -0.1253136,
      1.6321782,
      1
    ]
  },
  {
    "trackingState" : "Normal",
    "timestamp" : 235163620027,
    "transform" : [
      0.5657075,
      -0.8224758,
      -0.059235062,
      0,
      -0.19226187,
      -0.06170278,
      -0.979402,
      0,
      0.80187947,
      0.56544363,
      -0.19303644,
      0,
      1.5281074,
      -0.12635331,
      1.6311277,
      0.99999994
    ]
  },
  {
    "trackingState" : "Normal",
    "timestamp" : 235163636687,
    "transform" : [
      0.56697905,
      -0.82143706,
      -0.0614479,
      0,
      -0.19393225,
      -0.060612522,
      -0.9791406,
      0,
      0.80057794,
      0.56706893,
      -0.19366917,
      0,
      1.5234576,
      -0.12770222,
      1.6299188,
      0.9999999
    ]
  },
  {
    "trackingState" : "Normal",
    "timestamp" : 235163653348,
    "transform" : [
      0.56935173,
      -0.819572,
      -0.06434758,
      0,
      -0.19666545,
      -0.059785217,
      -0.9786463,
      0,
      0.79822403,
      0.5698488,
      -0.1952203,
      0,
      1.5187362,
      -0.12926447,
      1.6285664,
      1
    ]
  },
  {
    "trackingState" : "Normal",
    "timestamp" : 235163670009,
    "transform" : [
      0.5725563,
      -0.8171371,
      -0.06683023,
      0,
      -0.20025222,
      -0.060336746,
      -0.9778847,
      0,
      0.79503363,
      0.5732769,
      -0.19817969,
      0,
      1.5139376,
      -0.13100065,
      1.6270081,
      0.99999994
    ]
  },
  {
    "trackingState" : "Normal",
    "timestamp" : 235163686669,
    "transform" : [
      0.5759099,
      -0.8145922,
      -0.06904545,
      0,
      -0.20285605,
      -0.060578045,
      -0.97733295,
      0,
      0.79194516,
      0.576862,
      -0.20013246,
      0,
      1.5091016,
      -0.1328315,
      1.625277,
      0.99999994
    ]
  },
  {
    "trackingState" : "Normal",
    "timestamp" : 235163703330,
    "transform" : [
      0.57898307,
      -0.81222016,
      -0.07125341,
      0,
      -0.20337898,
      -0.059240796,
      -0.9773063,
      0,
      0.7895668,
      0.58033526,
      -0.19948792,
      0,
      1.5051268,
      -0.13438855,
      1.6243281,
      0.99999994
    ]
  },
  {
    "trackingState" : "Normal",
    "timestamp" : 235163719990,
    "transform" : [
      0.5823111,
      -0.8096579,
      -0.07326682,
      0,
      -0.20253584,
      -0.057200693,
      -0.9776029,
      0,
      0.7873331,
      0.5841081,
      -0.19729331,
      0,
      1.5005825,
      -0.13627127,
      1.6226093,
      1
    ]
  },
  {
    "trackingState" : "Normal",
    "timestamp" : 235163736651,
    "transform" : [
      0.5867477,
      -0.8063199,
      -0.07467019,
      0,
      -0.20081513,
      -0.055556662,
      -0.9780526,
      0,
      0.78447485,
      0.588865,
      -0.19451895,
      0,
      1.4958252,
      -0.13835561,
      1.6205264,
      1
    ]
  },
  {
    "trackingState" : "Normal",
    "timestamp" : 235163753312,
    "transform" : [
      0.59327966,
      -0.8015079,
      -0.07486304,
      0,
      -0.19822413,
      -0.055322975,
      -0.97859424,
      0,
      0.7802093,
      0.59541965,
      -0.19170019,
      0,
      1.4909512,
      -0.14061652,
      1.618224,
      1
    ]
  },
  {
    "trackingState" : "Normal",
    "timestamp" : 235163769972,
    "transform" : [
      0.60223794,
      -0.79485947,
      -0.07421624,
      0,
      -0.19519752,
      -0.056472257,
      -0.97913677,
      0,
      0.77408504,
      0.6041601,
      -0.18916433,
      0,
      1.4860181,
      -0.14304659,
      1.6158133,
      0.9999999
    ]
  },
  {
    "trackingState" : "Normal",
    "timestamp" : 235163786633,
    "transform" : [
      0.61255085,
      -0.7869789,
      -0.07379701,
      0,
      -0.1919978,
      -0.05757343,
      -0.97970515,
      0,
      0.7667585,
      0.61428803,
      -0.18636486,
      0,
      1.4811374,
      -0.14556836,
      1.6134086,
      1
    ]
  },
  {
    "trackingState" : "Normal",
    "timestamp" : 235163803293,
    "transform" : [
      0.6224594,
      -0.7791567,
      -0.07388639,
      0,
      -0.18877791,
      -0.05785061,
      -0.98031443,
      0,
      0.7595442,
      0.62415403,
      -0.18309721,
      0,
      1.476805,
      -0.14780012,
      1.6112946,
      1
    ]
  },
  {
    "trackingState" : "Normal",
    "timestamp" : 235163819954,
    "transform" : [
      0.6303083,
      -0.7727983,
      -0.07412395,
      0,
      -0.18533982,
      -0.057071093,
      -0.98101586,
      0,
      0.75389713,
      0.63208044,
      -0.17920269,
      0,
      1.4731982,
      -0.149583,
      1.6094755,
      1
    ]
  },
  {
    "trackingState" : "Normal",
    "timestamp" : 235163836615,
    "transform" : [
      0.6351692,
      -0.76883,
      -0.07389627,
      0,
      -0.18109947,
      -0.055238683,
      -0.9819123,
      0,
      0.7508417,
      0.637063,
      -0.1743206,
      0,
      1.4693179,
      -0.15159558,
      1.607114,
      1
    ]
  },
  {
    "trackingState" : "Normal",
    "timestamp" : 235163853275,
    "transform" : [
      0.63746715,
      -0.7669729,
      -0.07340483,
      0,
      -0.17659096,
      -0.052705042,
      -0.9828722,
      0,
      0.7499676,
      0.6395113,
      -0.16903819,
      0,
      1.4655265,
      -0.15356882,
      1.6045226,
      0.99999994
    ]
  },
  {
    "trackingState" : "Normal",
    "timestamp" : 235163869936,
    "transform" : [
      0.6388935,
      -0.7657934,
      -0.073320135,
      0,
      -0.17335373,
      -0.050456617,
      -0.9835664,
      0,
      0.7495091,
      0.64110434,
      -0.16498955,
      0,
      1.4618467,
      -0.15552408,
      1.6018379,
      0.99999994
    ]
  },
  {
    "trackingState" : "Normal",
    "timestamp" : 235163886596,
    "transform" : [
      0.6411883,
      -0.7638756,
      -0.07329192,
      0,
      -0.17141433,
      -0.0494751,
      -0.9839561,
      0,
      0.74799395,
      0.6434643,
      -0.16266204,
      0,
      1.458206,
      -0.15753187,
      1.599089,
      1
    ]
  },
  {
    "trackingState" : "Normal",
    "timestamp" : 235163903257,
    "transform" : [
      0.64482015,
      -0.7608603,
      -0.07279251,
      0,
      -0.16876711,
      -0.048844982,
      -0.9844449,
      0,
      0.7454695,
      0.6470749,
      -0.15990442,
      0,
      1.4557137,
      -0.15963307,
      1.5965492,
      1
    ]
  },
  {
    "trackingState" : "Normal",
    "timestamp" : 235163919917,
    "transform" : [
      0.64924127,
      -0.75718975,
      -0.07176125,
      0,
      -0.16472471,
      -0.047872443,
      -0.9851773,
      0,
      0.74253064,
      0.6514385,
      -0.15580861,
      0,
      1.4525287,
      -0.16166708,
      1.5937284,
      1
    ]
  },
  {
    "trackingState" : "Normal",
    "timestamp" : 235163936578,
    "transform" : [
      0.65320176,
      -0.7539032,
      -0.07040978,
      0,
      -0.15922335,
      -0.045852605,
      -0.9861772,
      0,
      0.7402537,
      0.6553835,
      -0.14998998,
      0,
      1.4492332,
      -0.16360964,
      1.5907918,
      0.99999994
    ]
  },
  {
    "trackingState" : "Normal",
    "timestamp" : 235163953239,
    "transform" : [
      0.6565407,
      -0.7511277,
      -0.06900473,
      0,
      -0.15343674,
      -0.043422315,
      -0.9872041,
      0,
      0.7385199,
      0.6587274,
      -0.14375909,
      0,
      1.4460479,
      -0.16549325,
      1.5878174,
      0.99999994
    ]
  },
  {
    "trackingState" : "Normal",
    "timestamp" : 235163969899,
    "transform" : [
      0.6598701,
      -0.74832416,
      -0.06769458,
      0,
      -0.1487839,
