[
  {
    "timestamp" : 235128782726,
    "trackingState" : "Normal",
    "transform" : [
      -0.5562774,
      -0.80071694,
      -0.22227956,
      0,
      -0.24799235,
      -0.09533727,
      0.9640596,
      0,
      -0.79313034,
      0.591408,
      -0.14553773,
      0,
      1.6737852,
      -0.04486555,
      1.5178794,
      1
    ]
  },
  {
    "timestamp" : 235128799386,
    "trackingState" : "Normal",
    "transform" : [
      -0.55647326,
      -0.8003746,
      -0.22302061,
      0,
      -0.24909718,
      -0.09536175,
      0.96377224,
      0,
      -0.7926465,
      0.59186715,
      -0.14630482,
      0,
      1.6764094,
      -0.04488379,
      1.517575,
      1
    ]
  },
  {
    "timestamp" : 235128816047,
    "trackingState" : "Normal",
    "transform" : [
      -0.5565492,
      -0.8002793,
      -0.22317299,
      0,
      -0.2495665,
      -0.09517782,
      0.96366906,
      0,
      -0.79244554,
      0.5920256,
      -0.14675175,
      0,
      1.6789697,
      -0.044837076,
      1.5172586,
      1
    ]
  },
  {
    "timestamp" : 235128832707,
    "trackingState" : "Normal",
    "transform" : [
      -0.55646753,
      -0.8003119,
      -0.22325964,
      0,
      -0.24964558,
      -0.09524126,
      0.96364224,
      0,
      -0.7924779,
      0.5919713,
      -0.14679569,
      0,
      1.6816823,
      -0.04493745,
      1.5169855,
      1
    ]
  },
  {
    "timestamp" : 235128849368,
    "trackingState" : "Normal",
    "transform" : [
      -0.55635804,
      -0.8003098,
      -0.22354014,
      0,
      -0.24959145,
      -0.09564384,
      0.9636163,
      0,
      -0.7925719,
      0.59190935,
      -0.14653827,
      0,
      1.6844392,
      -0.045098945,
      1.5167198,
      1
    ]
  },
  {
    "timestamp" : 235128866029,
    "trackingState" : "Normal",
    "transform" : [
      -0.5564367,
      -0.80013204,
      -0.22397973,
      0,
      -0.24990681,
      -0.09592005,
      0.9635071,
      0,
      -0.79241717,
      0.59210473,
      -0.14658505,
      0,
      1.6872028,
      -0.045287807,
      1.5164425,
      0.99999994
    ]
  },
  {
    "timestamp" : 235128882689,
    "trackingState" : "Normal",
    "transform" : [
      -0.55658126,
      -0.79989046,
      -0.22448274,
      0,
      -0.25062537,
      -0.09595637,
      0.96331686,
      0,
      -0.79208857,
      0.5924251,
      -0.14706536,
      0,
      1.6899631,
      -0.04549296,
      1.516118,
      0.9999999
    ]
  },
  {
    "timestamp" : 235128899350,
    "trackingState" : "Normal",
    "transform" : [
      -0.5563264,
      -0.79993314,
      -0.22496204,
      0,
      -0.2514418,
      -0.09598,
      0.9631017,
      0,
      -0.7920089,
      0.59236366,
      -0.14774048,
      0,
      1.6924701,
      -0.04575153,
      1.5157055,
      0.99999994
    ]
  },
  {
    "timestamp" : 235128916010,
    "trackingState" : "Normal",
    "transform" : [
      -0.5558705,
      -0.8001406,
      -0.22535118,
      0,
      -0.2523663,
      -0.09585979,
      0.9628719,
      0,
      -0.79203516,
      0.59210294,
      -0.14864293,
      0,
      1.6949276,
      -0.046097517,
      1.5152147,
      1
    ]
  },
  {
    "timestamp" : 235128932671,
    "trackingState" : "Normal",
    "transform" : [
      -0.556116,
      -0.7999363,
      -0.22547048,
      0,
      -0.25350866,
      -0.09509309,
      0.9626477,
      0,
      -0.7914976,
      0.5925024,
      -0.14990805,
      0,
      1.6977253,
      -0.04652999,
      1.5146662,
      0.9999999
    ]
  },
  {
    "timestamp" : 235128949332,
    "trackingState" : "Normal",
    "transform" : [
      -0.55734414,
      -0.79915226,
      -0.22521797,
      0,
      -0.2550129,
      -0.09337885,
      0.9624182,
      0,
      -0.7901494,
      0.5938316,
      -0.15174998,
      0,
      1.7007049,
      -0.047033716,
      1.5140498,
      0.99999994
    ]
  },
  {
    "timestamp" : 235128965992,
    "trackingState" : "Normal",
    "transform" : [
      -0.5589338,
      -0.7981083,
      -0.22498041,
      0,
      -0.25628176,
      -0.091766685,
      0.9622361,
      0,
      -0.7886145,
      0.5954847,
      -0.15324914,
      0,
      1.703775,
      -0.047570422,
      1.5134062,
      0.9999999
    ]
  },
  {
    "timestamp" : 235128982653,
    "trackingState" : "Normal",
    "transform" : [
      -0.5600523,
      -0.79728234,
      -0.22512785,
      0,
      -0.25740838,
      -0.09082894,
      0.9620245,
      0,
      -0.7874533,
      0.5967337,
      -0.15435824,
      0,
      1.7069021,
      -0.048151493,
      1.5127587,
      0.99999994
    ]
  },
  {
    "timestamp" : 235128999313,
    "trackingState" : "Normal",
    "transform" : [
      -0.56064874,
      -0.79676026,
      -0.22549123,
      0,
      -0.25864145,
      -0.09019025,
      0.96175385,
      0,
      -0.7866244,
      0.5975273,
      -0.1555102,
      0,
      1.7101644,
      -0.048807982,
      1.5120397,
      0.99999994
    ]
  },
  {
    "timestamp" : 235129015974,
    "trackingState" : "Normal",
    "transform" : [
      -0.5606596,
      -0.7966299,
      -0.22592382,
      0,
      -0.25966215,
      -0.08993416,
      0.96150273,
      0,
      -0.78628016,
      0.5977395,
      -0.15643224,
      0,
      1.7135118,
      -0.04952202,
      1.5112549,
      0.9999999
    ]
  },
  {
    "timestamp" : 235129032635,
    "trackingState" : "Normal",
    "transform" : [
      -0.5605602,
      -0.7965352,
      -0.22650385,
      0,
      -0.26072094,
      -0.08985296,
      0.9612237,
      0,
      -0.7860006,
      0.59787804,
      -0.15730546,
      0,
      1.7168671,
      -0.05026432,
      1.5104282,
      0.99999994
    ]
  },
  {
    "timestamp" : 235129049295,
    "trackingState" : "Normal",
    "transform" : [
      -0.5610923,
      -0.79596806,
      -0.22717933,
      0,
      -0.26232207,
      -0.089319624,
      0.96083784,
      0,
      -0.78508776,
      0.59871274,
      -0.15868342,
      0,
      1.7202985,
      -0.05103587,
      1.5095215,
      1
    ]
  },
  {
    "timestamp" : 235129065956,
    "trackingState" : "Normal",
    "transform" : [
      -0.56229526,
      -0.7949736,
      -0.22768673,
      0,
      -0.26467323,
      -0.08783902,
      0.9603294,
      0,
      -0.78343636,
      0.60025114,
      -0.16101679,
      0,
      1.7238053,
      -0.051799234,
      1.5085452,
      1
    ]
  },
  {
    "timestamp" : 235129082616,
    "trackingState" : "Normal",
    "transform" : [
      -0.56340295,
      -0.7941898,
      -0.22768384,
      0,
      -0.26752326,
      -0.085368715,
      0.95976233,
      0,
      -0.7816705,
      0.60164344,
      -0.16436726,
      0,
      1.727348,
      -0.05249435,
      1.5075175,
      1
    ]
  },
  {
    "timestamp" : 235129099277,
    "trackingState" : "Normal",
    "transform" : [
      -0.56410044,
      -0.79365104,
      -0.22783512,
      0,
      -0.26988542,
      -0.083551556,
      0.9592607,
      0,
      -0.7803543,
      0.6026087,
      -0.1670634,
      0,
      1.7307835,
      -0.053215817,
      1.506359,
      1
    ]
  },
  {
    "timestamp" : 235129115938,
    "trackingState" : "Normal",
    "transform" : [
      -0.56503296,
      -0.7927779,
      -0.22856328,
      0,
      -0.27146792,
      -0.082965225,
      0.958865,
      0,
      -0.7791298,
      0.60383785,
      -0.1683357,
      0,
      1.7342628,
      -0.053990964,
      1.5051848,
      0.99999994
    ]
  },
  {
    "timestamp" : 235129132598,
    "trackingState" : "Normal",
    "transform" : [
      -0.5668166,
      -0.791288,
      -0.22930853,
      0,
      -0.27234176,
      -0.0827209,
      0.95863825,
      0,
      -0.7775277,
      0.6058223,
      -0.1686132,
      0,
      1.7379997,
      -0.054741856,
      1.5041379,
      1
    ]
  },
  {
    "timestamp" : 235129149259,
    "trackingState" : "Normal",
    "transform" : [
      -0.5684947,
      -0.79001504,
      -0.22954382,
      0,
      -0.27311653,
      -0.0819587,
      0.95848334,
      0,
      -0.77602935,
      0.6075848,
      -0.16917309,
      0,
      1.7418163,
      -0.055423256,
      1.5030936,
      1
    ]
  },
  {
    "timestamp" : 235129165919,
    "trackingState" : "Normal",
    "transform" : [
      -0.5691289,
      -0.7896822,
      -0.22911702,
      0,
      -0.27382857,
      -0.080714405,
      0.95838577,
      0,
      -0.77531326,
      0.60818356,
      -0.17030068,
      0,
      1.7456287,
      -0.05597139,
      1.5020138,
      1
    ]
  },
  {
    "timestamp" : 235129182580,
    "trackingState" : "Normal",
    "transform" : [
      -0.56894445,
      -0.789983,
      -0.22853735,
      0,
      -0.27378199,
      -0.08009675,
      0.9584509,
      0,
      -0.77546495,
      0.60787463,
      -0.17071253,
      0,
      1.7494833,
      -0.056420814,
      1.5009499,
      0.99999994
    ]
  },
  {
    "timestamp" : 235129199241,
    "trackingState" : "Normal",
    "transform" : [
      -0.56894696,
      -0.7900086,
      -0.22844271,
      0,
      -0.27328506,
      -0.0803707,
      0.9585698,
      0,
      -0.77563846,
      0.6078052,
      -0.1701709,
      0,
      1.7533573,
      -0.056943733,
      1.4999337,
      1.0000001
    ]
  },
  {
    "timestamp" : 235129215901,
    "trackingState" : "Normal",
    "transform" : [
      -0.56965405,
      -0.78938013,
      -0.22885196,
      0,
      -0.2734842,
      -0.08052292,
      0.9585001,
      0,
      -0.77504885,
      0.6086008,
      -0.17001286,
      0,
      1.7572929,
      -0.057515766,
      1.4989634,
      0.9999999
    ]
  },
  {
    "timestamp" : 235129232562,
    "trackingState" : "Normal",
    "transform" : [
      -0.5705474,
      -0.78858227,
      -0.22937672,
      0,
      -0.27427146,
      -0.08030276,
      0.9582936,
      0,
      -0.77411294,
      0.60966337,
      -0.1704691,
      0,
      1.761385,
      -0.058043957,
      1.4980024,
      0.9999999
    ]
  },
  {
    "timestamp" : 235129249222,
    "trackingState" : "Normal",
    "transform" : [
      -0.57129586,
      -0.78788006,
      -0.22992663,
      0,
      -0.27508274,
      -0.080130726,
      0.95807546,
      0,
      -0.7732728,
      0.6105933,
      -0.17095388,
      0,
      1.7656054,
      -0.05859823,
      1.4970202,
      0.99999994
    ]
  },
  {
    "timestamp" : 235129265883,
    "trackingState" : "Normal",
    "transform" : [
      -0.5723207,
      -0.78688306,
      -0.23079059,
      0,
      -0.27608258,
      -0.08011473,
      0.9577892,
      0,
      -0.7721579,
      0.61187977,
      -0.1713934,
      0,
      1.7699608,
      -0.059208073,
      1.4960856,
      1
    ]
  },
  {
    "timestamp" : 235129282544,
    "trackingState" : "Normal",
    "transform" : [
      -0.5740133,
      -0.7853256,
      -0.23188938,
      0,
      -0.27721757,
      -0.08009282,
      0.9574632,
      0,
      -0.77049303,
      0.6138802,
      -0.17173173,
      0,
      1.7744405,
      -0.059854187,
      1.4952241,
      1
    ]
  },
  {
    "timestamp" : 235129299204,
    "trackingState" : "Normal",
    "transform" : [
      -0.57580805,
      -0.7836603,
      -0.23307039,
      0,
      -0.27839127,
      -0.080106996,
      0.95712143,
      0,
      -0.76872855,
      0.6160029,
      -0.17203796,
      0,
      1.7789862,
      -0.0605011,
      1.4943964,
      1
    ]
  },
  {
    "timestamp" : 235129315865,
    "trackingState" : "Normal",
    "transform" : [
      -0.5770851,
      -0.78251356,
      -0.23376384,
      0,
      -0.2797622,
      -0.07950288,
      0.956772,
      0,
      -0.767272,
      0.61753696,
      -0.17303783,
      0,
      1.7836455,
      -0.060976516,
      1.493475,
      1
    ]
  },
  {
    "timestamp" : 235129332525,
    "trackingState" : "Normal",
    "transform" : [
      -0.57736224,
      -0.78243893,
      -0.23332883,
      0,
      -0.2803592,
      -0.078413576,
      0.95668715,
      0,
      -0.76684535,
      0.61777073,
      -0.17409092,
      0,
      1.7882551,
      -0.06147319,
      1.4924865,
      1
    ]
  },
  {
    "timestamp" : 235129349186,
    "trackingState" : "Normal",
    "transform" : [
      -0.5766106,
      -0.7831224,
      -0.23289374,
      0,
      -0.28024304,
      -0.07818394,
      0.95673984,
      0,
      -0.7674531,
      0.6169331,
      -0.17438297,
      0,
      1.7929103,
      -0.06198655,
      1.491478,
      0.99999994
    ]
  },
  {
    "timestamp" : 235129365847,
    "trackingState" : "Normal",
    "transform" : [
      -0.575807,
      -0.7834934,
      -0.23363341,
      0,
      -0.27969357,
      -0.07975077,
      0.95677143,
      0,
      -0.7682566,
      0.6162613,
      -0.17321704,
      0,
      1.797708,
      -0.06256763,
      1.4904873,
      1
    ]
  },
  {
    "timestamp" : 235129382507,
    "trackingState" : "Normal",
    "transform" : [
      -0.5760044,
      -0.7826467,
      -0.23597261,
      0,
      -0.27956498,
      -0.082657725,
      0.9565621,
      0,
      -0.7681552,
      0.61695355,
      -0.17118944,
      0,
      1.8026762,
      -0.06326101,
      1.489518,
      0.9999999
    ]
  },
  {
    "timestamp" : 235129399168,
    "trackingState" : "Normal",
    "transform" : [
      -0.5770622,
      -0.78097624,
      -0.23890434,
      0,
      -0.28099126,
      -0.08480739,
      0.95595586,
      0,
      -0.76683974,
      0.61877596,
      -0.1705084,
      0,
      1.8077668,
      -0.06393548,
      1.4884713,
      0.9999998
    ]
  },
  {
    "timestamp" : 235129415828,
    "trackingState" : "Normal",
    "transform" : [
      -0.57804817,
      -0.7795585,
      -0.2411413,
      0,
      -0.28421238,
      -0.08466997,
      0.9550155,
      0,
      -0.7649078,
      0.62058014,
      -0.17261684,
      0,
      1.812832,
      -0.06453118,
      1.4872587,
      1
    ]
  },
  {
    "timestamp" : 235129432489,
    "trackingState" : "Normal",
    "transform" : [
      -0.5777465,
      -0.7792683,
      -0.2427964,
      0,
      -0.28801474,
      -0.08369257,
      0.95396185,
      0,
      -0.76371247,
      0.621077,
      -0.17608768,
      0,
      1.8177879,
      -0.06511418,
      1.4859291,
      1
    ]
  },
  {
    "timestamp" : 235129449150,
    "trackingState" : "Normal",
    "transform" : [
      -0.57554567,
      -0.7802681,
      -0.24480377,
      0,
      -0.29188913,
      -0.083626196,
      0.95278925,
      0,
      -0.76390314,
      0.61982924,
      -0.17962113,
      0,
      1.8226749,
      -0.065674044,
      1.4845705,
      0.9999999
    ]
  },
  {
    "timestamp" : 235129465810,
    "trackingState" : "Normal",
    "transform" : [
      -0.5726284,
      -0.78147316,
      -0.24778314,
      0,
      -0.2957318,
      -0.08498943,
      0.95148283,
      0,
      -0.76461726,
      0.61812335,
      -0.18243915,
      0,
      1.8276123,
      -0.06630267,
      1.4832563,
      0.99999994
    ]
  },
  {
    "timestamp" : 235129482471,
    "trackingState" : "Normal",
    "transform" : [
      -0.5709196,
      -0.78152347,
      -0.25153935,
      0,
      -0.30010617,
      -0.08652242,
      0.9499739,
      0,
      -0.76419073,
      0.617847,
      -0.18514271,
      0,
      1.8326912,
      -0.06707469,
      1.4820204,
      1
    ]
  },
  {
    "timestamp" : 235129499131,
    "trackingState" : "Normal",
    "transform" : [
      -0.57089734,
      -0.7804253,
      -0.254976,
      0,
      -0.30509436,
      -0.086663246,
      0.94837075,
      0,
      -0.7622297,
      0.61921394,
      -0.1886276,
      0,
      1.8378885,
      -0.067951955,
      1.4808052,
      1
    ]
  },
  {
    "timestamp" : 235129515792,
    "trackingState" : "Normal",
    "transform" : [
      -0.57155263,
      -0.77912927,
      -0.257459,
      0,
      -0.31000686,
      -0.08547815,
      0.94688386,
      0,
      -0.75975215,
      0.62100804,
      -0.19268018,
      0,
      1.8434522,
      -0.06865407,
      1.4792897,
      0.9999999
    ]
  },
  {
    "timestamp" : 235129532453,
    "trackingState" : "Normal",
    "transform" : [
      -0.57164514,
      -0.7782662,
      -0.25985292,
      0,
      -0.31451297,
      -0.08466671,
      0.9454698,
      0,
      -0.7578282,
      0.62220025,
      -0.19637556,
      0,
      1.8491013,
      -0.06927634,
      1.477723,
      0.9999999
    ]
  },
  {
    "timestamp" : 235129549113,
    "trackingState" : "Normal",
    "transform" : [
      -0.57105464,
      -0.7777027,
      -0.262822,
      0,
      -0.318451,
      -0.08522218,
      0.94410074,
      0,
      -0.75662804,
      0.6228289,
      -0.19899373,
      0,
      1.8545022,
      -0.07005206,
      1.4764855,
      1
    ]
  },
  {
    "timestamp" : 235129565774,
    "trackingState" : "Normal",
    "transform" : [
      -0.5706133,
      -0.7768286,
      -0.26634142,
      0,
      -0.32273224,
      -0.08610511,
      0.9425655,
      0,
      -0.75514525,
      0.6237974,
      -0.20157498,
      0,
      1.8598722,
      -0.07090437,
      1.4754008,
      0.9999999
    ]
  },
  {
    "timestamp" : 235129582434,
    "trackingState" : "Normal",
    "transform" : [
      -0.57098055,
      -0.7754511,
      -0.2695497,
      0,
      -0.3275413,
      -0.0858935,
      0.94092464,
      0,
      -0.75279355,
      0.6255382,
      -0.20494875,
      0,
      1.8652864,
      -0.0717971,
      1.4742906,
      1
    ]
  },
  {
    "timestamp" : 235129599095,
    "trackingState" : "Normal",
    "transform" : [
      -0.57204336,
      -0.7736277,
      -0.27251932,
      0,
      -0.332713,
      -0.08482795,
      0.93920517,
      0,
      -0.74971235,
      0.6279367,
      -0.20887074,
      0,
      1.870737,
      -0.072699666,
      1.4730991,
      1
    ]
  },
  {
    "timestamp" : 235129615756,
    "trackingState" : "Normal",
    "transform" : [
      -0.5732391,
      -0.77163523,
      -0.27563784,
      0,
      -0.33692545,
      -0.08466616,
      0.9377169,
      0,
      -0.7469125,
      0.63040525,
      -0.21144961,
      0,
      1.8761755,
      -0.07359662,
      1.4718426,
      1
    ]
  },
  {
    "timestamp" : 235129632416,
    "trackingState" : "Normal",
    "transform" : [
      -0.5739944,
      -0.770037,
      -0.27852055,
      0,
      -0.33865023,
      -0.08645237,
      0.9369323,
      0,
      -0.74555117,
      0.6321149,
      -0.21115004,
      0,
      1.8816355,
      -0.07456691,
      1.4705685,
      1
    ]
  },
  {
    "timestamp" : 235129649077,
    "trackingState" : "Normal",
    "transform" : [
      -0.57481694,
      -0.768414,
      -0.28129253,
      0,
      -0.3412468,
      -0.08733492,
      0.9359078,
      0,
      -0.74373126,
      0.6339658,
      -0.21201727,
      0,
      1.8870425,
      -0.07551817,
      1.4692401,
      1
    ]
  },
  {
    "timestamp" : 235129665737,
    "trackingState" : "Normal",
    "transform" : [
      -0.5754891,
      -0.7669274,
      -0.28396258,
      0,
      -0.34453055,
      -0.08754639,
      0.9346841,
      0,
      -0.74169475,
      0.6357342,
      -0.21384797,
      0,
      1.8924407,
      -0.07647803,
      1.4678173,
      0.99999994
    ]
  },
  {
    "timestamp" : 235129682398,
    "trackingState" : "Normal",
    "transform" : [
      -0.57675827,
      -0.76500607,
      -0.28655824,
      0,
      -0.3485235,
      -0.086825885,
      0.93326986,
      0,
      -0.7388378,
      0.6381433,
      -0.21654508,
      0,
      1.8978441,
      -0.07745408,
      1.4663181,
      0.9999999
    ]
  },
  {
    "timestamp" : 235129699059,
    "trackingState" : "Normal",
    "transform" : [
      -0.5782115,
      -0.7630905,
      -0.28872922,
      0,
      -0.35293877,
      -0.085120834,
      0.9317665,
      0,
      -0.7355989,
      0.6406617,
      -0.22010642,
      0,
      1.9032323,
      -0.07841202,
      1.464735,
      0.99999994
    ]
  },
  {
    "timestamp" : 235129715719,
    "trackingState" : "Normal",
    "transform" : [
      -0.5786272,
      -0.7621829,
      -0.29028943,
      0,
      -0.3567287,
      -0.083563484,
      0.9304633,
      0,
      -0.7334407,
      0.64194584,
      -0.22354046,
      0,
      1.9094117,
      -0.07937992,
      1.4629245,
      0.99999994
    ]
  },
  {
    "timestamp" : 235129732380,
    "trackingState" : "Normal",
    "transform" : [
      -0.5778296,
      -0.76224965,
      -0.29169962,
      0,
      -0.3599716,
      -0.082742445,
      0.9292869,
      0,
      -0.7324845,
      0.64197296,
      -0.2265772,
      0,
      1.9150488,
      -0.08034905,
      1.4611881,
      1
    ]
  },
  {
    "timestamp" : 235129749040,
    "trackingState" : "Normal",
    "transform" : [
      -0.5773484,
      -0.7620627,
      -0.29313716,
      0,
      -0.3634848,
      -0.08159409,
      0.9280202,
      0,
      -0.73112774,
      0.64234173,
      -0.22988997,
      0,
      1.9205484,
      -0.08136686,
      1.4594971,
      1
    ]
  },
  {
    "timestamp" : 235129765701,
    "trackingState" : "Normal",
    "transform" : [
      -0.57802814,
      -0.76086783,
      -0.29489627,
      0,
      -0.3677126,
      -0.07974744,
      0.92651385,
      0,
      -0.7284717,
      0.643988,
      -0.23368442,
      0,
      1.9260621,
      -0.08247511,
      1.4578472,
      1
    ]
  },
  {
    "timestamp" : 235129782362,
    "trackingState" : "Normal",
    "transform" : [
      -0.5796464,
      -0.75886583,
      -0.2968715,
      0,
      -0.37286603,
      -0.07693546,
      0.9246901,
      0,
      -0.72455573,
      0.64668655,
      -0.23835999,
      0,
      1.9316083,
      -0.08365048,
      1.4562029,
      0.9999999
    ]
  },
  {
    "timestamp" : 235129799022,
    "trackingState" : "Normal",
    "transform" : [
      -0.5819443,
      -0.75627756,
      -0.29897386,
      0,
      -0.37929082,
      -0.07279112,
      0.92241,
      0,
      -0.7193605,
      0.6501891,
      -0.24448876,
      0,
      1.9371587,
      -0.08432828,
      1.4547079,
      1
    ]
  },
  {
    "timestamp" : 235129815683,
    "trackingState" : "Normal",
    "transform" : [
      -0.58427256,
      -0.7538489,
      -0.30056185,
      0,
      -0.3856811,
      -0.06793451,
      0.92012763,
      0,
      -0.71405584,
      0.65352637,
      -0.25105304,
      0,
      1.9426074,
      -0.08522636,
      1.4530553,
      0.9999999
    ]
  },
  {
    "timestamp" : 235129832343,
    "trackingState" : "Normal",
    "transform" : [
      -0.5856331,
      -0.7520923,
      -0.30230978,
      0,
      -0.39123583,
      -0.06436819,
      0.9180367,
      0,
      -0.7099074,
      0.655907,
      -0.25654936,
      0,
      1.9479408,
      -0.086125635,
      1.4514183,
      1
    ]
  },
  {
    "timestamp" : 235129849004,
    "trackingState" : "Normal",
    "transform" : [
      -0.5854297,
      -0.7513857,
      -0.304453,
      0,
      -0.39557263,
      -0.06305729,
      0.91626745,
      0,
      -0.7076683,
      0.65684336,
      -0.26031205,
      0,
      1.9531845,
      -0.08701682,
      1.4498998,
      0.9999999
    ]
  },
  {
    "timestamp" : 235129865665,
    "trackingState" : "Normal",
    "transform" : [
      -0.5842763,
      -0.7513885,
      -0.3066542,
      0,
      -0.39929348,
      -0.0628032,
      0.91466975,
      0,
      -0.70653105,
      0.6568647,
      -0.2633301,
      0,
      1.9583799,
      -0.0879373,
      1.4484972,
      1
    ]
  },
  {
    "timestamp" : 235129882325,
    "trackingState" : "Normal",
    "transform" : [
      -0.5834313,
      -0.75148225,
      -0.3080302,
      0,
      -0.4029084,
      -0.0614986,
      0.91317195,
      0,
      -0.7051758,
      0.6568809,
      -0.26689833,
      0,
      1.9635788,
      -0.0888928,
      1.4471234,
      1.0000001
    ]
  },
  {
    "timestamp" : 235129898986,
    "trackingState" : "Normal",
    "transform" : [
      -0.58350873,
      -0.7512726,
      -0.3083943,
      0,
      -0.40615425,
      -0.058876123,
      0.9119059,
      0,
      -0.7032471,
      0.6573607,
      -0.27077788,
      0,
      1.9688061,
      -0.08990116,
      1.4457426,
      0.99999994
    ]
  },
  {
    "timestamp" : 235129915646,
    "trackingState" : "Normal",
    "transform" : [
      -0.5840013,
      -0.7508396,
      -0.30851683,
      0,
      -0.40855682,
      -0.056543253,
      0.9109799,
      0,
      -0.70144415,
      0.65806,
      -0.27373928,
      0,
      1.9738549,
      -0.09089642,
      1.4443275,
      1
    ]
  },
  {
    "timestamp" : 235129932307,
    "trackingState" : "Normal",
    "transform" : [
      -0.5846991,
      -0.75009865,
      -0.30899733,
      0,
      -0.41059616,
      -0.054877024,
      0.9101646,
      0,
      -0.69967,
      0.6590454,
      -0.2759011,
      0,
      1.9790391,
      -0.09209281,
      1.4431062,
      1
    ]
  },
  {
    "timestamp" : 235129948968,
    "trackingState" : "Normal",
    "transform" : [
      -0.58530074,
      -0.74913406,
      -0.31019554,
      0,
      -0.41255224,
      -0.054195844,
      0.9093204,
      0,
      -0.6980142,
      0.6601977,
      -0.27733612,
      0,
      1.9842521,
      -0.09343041,
      1.442034,
      1
    ]
  },
  {
    "timestamp" : 235129965628,
    "trackingState" : "Normal",
    "transform" : [
      -0.5860692,
      -0.7477424,
      -0.3120966,
      0,
      -0.4145476,
      -0.054240588,
      0.90840983,
      0,
      -0.6961848,
      0.6617698,
      -0.2781861,
      0,
      1.9894758,
      -0.0949258,
      1.4410619,
      1
    ]
  },
  {
    "timestamp" : 235129982289,
    "trackingState" : "Normal",
    "transform" : [
      -0.58734983,
      -0.74579793,
      -0.31433377,
      0,
      -0.41759863,
      -0.053423394,
      0.9070598,
      0,
      -0.6932761,
      0.6640267,
      -0.280066,
      0,
      1.9946738,
      -0.09656605,
      1.440162,
      1
    ]
  },
  {
    "timestamp" : 235129998949,
    "trackingState" : "Normal",
    "transform" : [
      -0.5884623,
      -0.7440409,
      -0.3164101,
      0,
      -0.42258576,
      -0.050597645,
      0.90490955,
      0,
      -0.6892993,
      0.6662154,
      -0.28464633,
      0,
      1.9991707,
      -0.09807134,
      1.4393001,
      1
    ]
  },
  {
    "timestamp" : 235130015610,
    "trackingState" : "Normal",
    "transform" : [
      -0.5890562,
      -0.7428935,
      -0.31799677,
      0,
      -0.42862728,
      -0.046359412,
      0.90229124,
      0,
      -0.6850485,
      0.6678023,
      -0.2911162,
      0,
      2.0034122,
      -0.099551864,
      1.438445,
      0.9999999
    ]
  },
  {
    "timestamp" : 235130032271,
    "trackingState" : "Normal",
    "transform" : [
      -0.5890707,
      -0.74217373,
      -0.3196467,
      0,
      -0.43490562,
      -0.042210653,
      0.8994863,
      0,
      -0.6810675,
      0.66887695,
      -0.2979105,
      0,
      2.008035,
      -0.10124712,
      1.4376234,
      0.99999994
    ]
  },
  {
    "timestamp" : 235130048931,
    "trackingState" : "Normal",
    "transform" : [
      -0.58872914,
      -0.7415141,
      -0.32179958,
      0,
      -0.44080162,
      -0.03919088,
      0.8967487,
      0,
      -0.67756337,
      0.66979164,
      -0.30378783,
      0,
      2.012707,
      -0.10306047,
      1.436844,
      1
    ]
  },
  {
    "timestamp" : 235130065592,
    "trackingState" : "Normal",
    "transform" : [
      -0.58877367,
      -0.7401874,
      -0.32475868,
      0,
      -0.44593942,
      -0.037645746,
      0.89427125,
      0,
      -0.67415404,
      0.67134595,
      -0.30791396,
      0,
      2.0173411,
      -0.10497404,
      1.4360919,
      0.99999994
    ]
  },
  {
    "timestamp" : 235130082252,
    "trackingState" : "Normal",
    "transform" : [
      -0.58950055,
      -0.73819864,
      -0.32795113,
      0,
      -0.44959134,
      -0.037449636,
      0.89244914,
      0,
      -0.6710863,
      0.6735431,
      -0.30981115,
      0,
      2.0219288,
      -0.10695672,
      1.4353281,
      0.99999994
    ]
  },
  {
    "timestamp" : 235130098913,
    "trackingState" : "Normal",
    "transform" : [
      -0.590295,
      -0.73646325,
      -0.33041447,
      0,
      -0.4526328,
      -0.036919754,
      0.8909324,
      0,
      -0.66833776,
      0.6754693,
      -0.3115539,
      0,
      2.0264316,
      -0.10893072,
      1.4345386,
      0.99999994
    ]
  },
  {
    "timestamp" : 235130115574,
    "trackingState" : "Normal",
    "transform" : [
      -0.59010154,
      -0.7356758,
      -0.33250785,
      0,
      -0.45702296,
      -0.035110988,
      0.8887618,
      0,
      -0.6655152,
      0.6764232,
      -0.3155017,
      0,
      2.0302536,
      -0.11084809,
      1.4336224,
      1
    ]
  },
  {
    "timestamp" : 235130132234,
    "trackingState" : "Normal",
    "transform" : [
      -0.5893691,
      -0.7351861,
      -0.33488125,
      0,
      -0.46370384,
      -0.031584114,
      0.8854271,
      0,
      -0.6615307,
      0.6771291,
      -0.32229397,
      0,
      2.0343025,
      -0.1126924,
      1.4328158,
      0.9999999
    ]
  },
  {
    "timestamp" : 235130148895,
    "trackingState" : "Normal",
    "transform" : [
      -0.5888157,
      -0.7340995,
      -0.3382218,
      0,
      -0.4710018,
      -0.028426822,
      0.88167405,
      0,
      -0.6568511,
      0.67844653,
      -0.32902408,
      0,
      2.0383532,
      -0.11446104,
      1.4320853,
      0.99999994
    ]
  },
  {
    "timestamp" : 235130165555,
    "trackingState" : "Normal",
    "transform" : [
      -0.58845055,
      -0.73254704,
      -0.34219995,
      0,
      -0.47616693,
      -0.028068054,
      0.8789069,
      0,
      -0.65344554,
      0.68013746,
      -0.33229807,
      0,
      2.0423317,
      -0.11617932,
      1.4313976,
      1
    ]
  },
  {
    "timestamp" : 235130182216,
    "trackingState" : "Normal",
    "transform" : [
      -0.58774734,
      -0.73137647,
      -0.3458925,
      0,
      -0.4790162,
      -0.029956046,
      0.87729484,
      0,
      -0.65199435,
      0.6813157,
      -0.3327346,
      0,
      2.04622,
      -0.11785932,
      1.4307199,
      0.99999994
    ]
  },
  {
    "timestamp" : 235130198877,
    "trackingState" : "Normal",
    "transform" : [
      -0.5865414,
      -0.7310233,
      -0.3486748,
      0,
      -0.48110396,
      -0.031847574,
      0.87608474,
      0,
      -0.6515429,
      0.68160886,
      -0.33301836,
      0,
      2.0497384,
      -0.119606525,
      1.4299977,
      0.9999999
    ]
  },
  {
    "timestamp" : 235130215537,
    "trackingState" : "Normal",
    "transform" : [
      -0.58532,
      -0.7310628,
      -0.35063905,
      0,
      -0.48456088,
      -0.031330008,
      0.87419647,
      0,
      -0.650078,
      0.68159056,
      -0.33590636,
      0,
      2.053114,
      -0.12132735,
      1.4291843,
      1
    ]
  },
  {
    "timestamp" : 235130232198,
    "trackingState" : "Normal",
    "transform" : [
      -0.58469653,
      -0.7308031,
      -0.35221758,
      0,
      -0.4891064,
      -0.028826054,
      0.8717479,
      0,
      -0.647229,
      0.6819797,
      -0.34058595,
      0,
      2.056667,
      -0.12290294,
      1.4283186,
      1.0000001
    ]
  },
  {
    "timestamp" : 235130248858,
    "trackingState" : "Normal",
    "transform" : [
      -0.58431005,
      -0.73023915,
      -0.35402355,
      0,
      -0.4933522,
      -0.026736502,
      0.8694186,
      0,
      -0.644349,
      0.6826683,
      -0.34464273,
      0,
      2.0602415,
      -0.12442813,
      1.4274489,
      1
    ]
  },
  {
    "timestamp" : 235130265519,
    "trackingState" : "Normal",
    "transform" : [
      -0.5840124,
      -0.72928244,
      -0.35647812,
      0,
      -0.49607205,
      -0.026960539,
      0.86786264,
      0,
      -0.6425279,
      0.68368137,
      -0.34603137,
      0,
      2.0637515,
      -0.1259498,
      1.4266697,
      0.9999999
    ]
  },
  {
    "timestamp" : 235130282180,
    "trackingState" : "Normal",
    "transform" : [
      -0.583107,
      -0.7287864,
      -0.3589662,
      0,
      -0.4988932,
      -0.027495334,
      0.8662273,
      0,
      -0.64116466,
      0.68418884,
      -0.34755388,
      0,
      2.0671675,
      -0.12740691,
      1.4259206,
      1
    ]
  },
  {
    "timestamp" : 235130298840,
    "trackingState" : "Normal",
    "transform" : [
      -0.5817124,
      -0.72862464,
      -0.36154783,
      0,
      -0.50141513,
      -0.028768228,
      0.86472845,
      0,
      -0.6404636,
      0.68430877,
      -0.3486086,
      0,
      2.0705693,
      -0.12875473,
      1.425116,
      0.99999994
    ]
  },
  {
    "timestamp" : 235130315501,
    "trackingState" : "Normal",
    "transform" : [
      -0.5799746,
      -0.72885096,
      -0.36387622,
      0,
      -0.5043632,
      -0.029502332,
      0.8629876,
      0,
      -0.6397245,
      0.6840365,
      -0.350495,
      0,
      2.0739462,
      -0.13004665,
      1.4242574,
      1
    ]
  },
  {
    "timestamp" : 235130332161,
    "trackingState" : "Normal",
    "transform" : [
      -0.5778176,
      -0.72951967,
      -0.3659616,
      0,
      -0.5082406,
      -0.029224453,
      0.86071926,
      0,
      -0.6386066,
      0.6833352,
      -0.3538851,
      0,
      2.0772336,
      -0.1313843,
      1.4234385,
      0.99999994
    ]
  },
  {
    "timestamp" : 235130348822,
    "trackingState" : "Normal",
    "transform" : [
      -0.5753933,
      -0.73009783,
      -0.36861876,
      0,
      -0.5134714,
      -0.028343579,
      0.85763854,
      0,
      -0.636608,
      0.6827546,
      -0.35857564,
      0,
      2.080449,
      -0.13274148,
      1.4226508,
      0.99999994
    ]
  },
  {
    "timestamp" : 235130365482,
    "trackingState" : "Normal",
    "transform" : [
      -0.5731855,
      -0.72996837,
      -0.37229633,
      0,
      -0.5188826,
      -0.028310003,
      0.85437655,
      0,
      -0.63420767,
      0.68289423,
      -0.36254096,
      0,
      2.0836112,
      -0.134103,
      1.4218761,
      0.9999999
    ]
  },
  {
    "timestamp" : 235130382143,
    "trackingState" : "Normal",
    "transform" : [
      -0.57131135,
      -0.7299539,
      -0.37519434,
      0,
      -0.52218765,
      -0.029392779,
      0.85232395,
      0,
      -0.63318527,
      0.6828641,
      -0.36438048,
      0,
      2.0867243,
      -0.13541442,
      1.4210519,
      1
    ]
  },
  {
    "timestamp" : 235130398804,
    "trackingState" : "Normal",
    "transform" : [
      -0.5695453,
      -0.73075235,
      -0.3763235,
      0,
      -0.5229488,
      -0.03107529,
      0.8517975,
      0,
      -0.6341474,
      0.681935,
      -0.3644473,
      0,
      2.0898066,
      -0.13650882,
      1.419897,
      1
    ]
  },
  {
    "timestamp" : 235130415464,
    "trackingState" : "Normal",
    "transform" : [
      -0.56723076,
      -0.73270696,
      -0.37601817,
      0,
      -0.52333474,
      -0.031854108,
      0.85153157,
      0,
      -0.63590086,
      0.6797983,
      -0.3653824,
      0,
      2.092814,
      -0.13752538,
      1.418627,
      0.9999999
    ]
  },
  {
    "timestamp" : 235130432125,
    "trackingState" : "Normal",
    "transform" : [
      -0.5646364,
      -0.7349214,
      -0.37560126,
      0,
      -0.52514756,
      -0.031171959,
      0.8504401,
      0,
      -0.63671494,
      0.67743546,
      -0.3683414,
      0,
      2.0957491,
      -0.13867216,
      1.4175538,
      0.99999994
    ]
  },
  {
    "timestamp" : 235130448785,
    "trackingState" : "Normal",
    "transform" : [
      -0.5626431,
      -0.73681897,
      -0.3748743,
      0,
      -0.52820176,
      -0.02842667,
      0.848643,
      0,
      -0.6359528,
      0.6754922,
      -0.37319508,
      0,
      2.098649,
      -0.13983992,
      1.4166179,
      1.0000001
    ]
  },
  {
    "timestamp" : 235130465446,
    "trackingState" : "Normal",
    "transform" : [
      -0.56218123,
      -0.73763007,
      -0.37397096,
      0,
      -0.53132105,
      -0.024385124,
      0.8468196,
      0,
      -0.63375896,
      0.67476463,
      -0.37820953,
      0,
      2.1015768,
      -0.14106126,
      1.4157945,
      1
    ]
  },
  {
    "timestamp" : 235130482107,
    "trackingState" : "Normal",
    "transform" : [
      -0.5629628,
      -0.7371221,
      -0.37379685,
      0,
      -0.5350301,
      -0.019682184,
      0.8446038,
      0,
      -0.6299333,
      0.6754729,
      -0.3833022,
      0,
      2.1045423,
      -0.14235616,
      1.4150985,
      1
    ]
  },
  {
    "timestamp" : 235130498767,
    "trackingState" : "Normal",
    "transform" : [
      -0.56461364,
      -0.73523414,
      -0.37502304,
      0,
      -0.54025376,
      -0.014284662,
      0.841381,
      0,
      -0.6239692,
      0.6776627,
      -0.38914776,
      0,
      2.1074903,
      -0.14368774,
      1.4145479,
      1
    ]
  },
  {
    "timestamp" : 235130515428,
    "trackingState" : "Normal",
    "transform" : [
      -0.5667929,
      -0.73263174,
      -0.3768243,
      0,
      -0.5449747,
      -0.009610227,
      0.8383973,
      0,
      -0.617858,
      0.68055737,
      -0.3938188,
      0,
      2.1104758,
      -0.14493199,
      1.4136945,
      0.99999994
    ]
  },
  {
    "timestamp" : 235130532089,
    "trackingState" : "Normal",
    "transform" : [
      -0.56880844,
      -0.7302682,
      -0.378372,
      0,
      -0.5475486,
      -0.007052574,
      0.83674407,
      0,
      -0.6137161,
      0.6831241,
      -0.39584577,
      0,
      2.1133406,
      -0.14619084,
      1.4131986,
      0.9999999
    ]
  },
  {
    "timestamp" : 235130548749,
    "trackingState" : "Normal",
    "transform" : [
      -0.5697811,
      -0.7291275,
      -0.37910777,
      0,
      -0.5484339,
      -0.0061877468,
      0.8361711,
      0,
      -0.61202115,
      0.68435,
      -0.39635262,
      0,
      2.1160903,
      -0.14740527,
      1.4128324,
      1
    ]
  },
  {
    "timestamp" : 235130565410,
    "trackingState" : "Normal",
    "transform" : [
      -0.5695966,
      -0.7292827,
      -0.3790866,
      0,
      -0.5490066,
      -0.0056601833,
      0.8357989,
      0,
      -0.6116794,
      0.68418914,
      -0.39715698,
      0,
      2.1187553,
      -0.14854112,
      1.4125192,
      1
    ]
  },
  {
    "timestamp" : 235130582070,
    "trackingState" : "Normal",
    "transform" : [
      -0.5681096,
      -0.73039806,
      -0.37917036,
      0,
      -0.5504365,
      -0.005265715,
      0.8348603,
      0,
      -0.6117771,
      0.6830014,
      -0.3990463,
      0,
      2.1213963,
      -0.14962508,
      1.4122428,
      0.9999999
    ]
  },
  {
    "timestamp" : 235130598731,
    "trackingState" : "Normal",
    "transform" : [
      -0.5658352,
      -0.7323126,
      -0.37887844,
      0,
      -0.553786,
      -0.0028991175,
      0.83265394,
      0,
      -0.6108615,
      0.6809624,
      -0.40390408,
      0,
      2.1238337,
      -0.15066537,
      1.4122021,
      0.99999994
    ]
  },
  {
    "timestamp" : 235130615391,
    "trackingState" : "Normal",
    "transform" : [
      -0.5637738,
      -0.7340823,
      -0.37852654,
      0,
      -0.5575627,
      0.00015148637,
      0.83013475,
      0,
      -0.60932994,
      0.6790605,
      -0.40938234,
      0,
      2.1262195,
      -0.151601,
      1.4122809,
      0.9999999
    ]
  },
  {
    "timestamp" : 235130632052,
    "trackingState" : "Normal",
    "transform" : [
      -0.561969,
      -0.7355466,
      -0.37836784,
      0,
      -0.5597535,
      0.001395617,
      0.82865804,
      0,
      -0.60898864,
      0.6774728,
      -0.41250908,
      0,
      2.1287386,
      -0.15240395,
      1.4123095,
      1
    ]
  },
  {
    "timestamp" : 235130648713,
    "trackingState" : "Normal",
