[
  {
    "timestamp" : 235095461511,
    "transform" : [
      -0.26185668,
      -0.8098252,
      -0.52498984,
      0,
      -0.8809997,
      -0.021521585,
      0.47262698,
      0,
      -0.3940439,
      0.58627635,
      -0.70782024,
      0,
      -0.056233514,
      -0.045773797,
      0.13912365,
      0.9999999
    ],
    "trackingState" : "Normal"
  },
  {
    "timestamp" : 235095478172,
    "transform" : [
      -0.25839332,
      -0.81056356,
      -0.52556616,
      0,
      -0.8830228,
      -0.022470845,
      0.468792,
      0,
      -0.39179564,
      0.58521956,
      -0.7099397,
      0,
      -0.05725321,
      -0.045098025,
      0.14214647,
      1
    ],
    "trackingState" : "Normal"
  },
  {
    "timestamp" : 235095494832,
    "transform" : [
      -0.25552645,
      -0.81131023,
      -0.5258157,
      0,
      -0.88489294,
      -0.022820452,
      0.46523526,
      0,
      -0.3894495,
      0.5841704,
      -0.71209145,
      0,
      -0.05819902,
      -0.04421905,
      0.1451058,
      0.99999994
    ],
    "trackingState" : "Normal"
  },
  {
    "timestamp" : 235095511493,
    "transform" : [
      -0.25316334,
      -0.8122008,
      -0.52558386,
      0,
      -0.8868316,
      -0.022252545,
      0.4615567,
      0,
      -0.3865723,
      0.5829536,
      -0.7146517,
      0,
      -0.0591495,
      -0.043294515,
      0.14801937,
      0.99999994
    ],
    "trackingState" : "Normal"
  },
  {
    "timestamp" : 235095528154,
    "transform" : [
      -0.2506425,
      -0.8133266,
      -0.52505064,
      0,
      -0.8887694,
      -0.021672465,
      0.4578419,
      0,
      -0.3837542,
      0.58140355,
      -0.7174279,
      0,
      -0.060188085,
      -0.042436488,
      0.1509196,
      0.99999994
    ],
    "trackingState" : "Normal"
  },
  {
    "timestamp" : 235095544814,
    "transform" : [
      -0.24737579,
      -0.81469244,
      -0.52448225,
      0,
      -0.8905807,
      -0.022044428,
      0.4542909,
      0,
      -0.38166928,
      0.5794743,
      -0.7200961,
      0,
      -0.06133447,
      -0.041632514,
      0.15381382,
      1
    ],
    "trackingState" : "Normal"
  },
  {
    "timestamp" : 235095561475,
    "transform" : [
      -0.24350695,
      -0.8163527,
      -0.52371055,
      0,
      -0.8920855,
      -0.023397915,
      0.4512607,
      0,
      -0.38064155,
      0.5770796,
      -0.7225588,
      0,
      -0.06256054,
      -0.040857278,
      0.15670316,
      0.99999994
    ],
    "trackingState" : "Normal"
  },
  {
    "timestamp" : 235095578135,
    "transform" : [
      -0.23952827,
      -0.81847745,
      -0.5222269,
      0,
      -0.89343077,
      -0.024713645,
      0.4485205,
      0,
      -0.38001007,
      0.57400686,
      -0.7253334,
      0,
      -0.063833274,
      -0.0400718,
      0.15955472,
      0.99999994
    ],
    "trackingState" : "Normal"
  },
  {
    "timestamp" : 235095594796,
    "transform" : [
      -0.23567975,
      -0.82059157,
      -0.52065796,
      0,
      -0.89527804,
      -0.025091942,
      0.44480088,
      0,
      -0.3780642,
      0.5709641,
      -0.728744,
      0,
      -0.06511316,
      -0.03924402,
      0.16232339,
      1
    ],
    "trackingState" : "Normal"
  },
  {
    "timestamp" : 235095611457,
    "transform" : [
      -0.23204051,
      -0.8225282,
      -0.5192349,
      0,
      -0.8975467,
      -0.024697306,
      0.44022742,
      0,
      -0.37492314,
      0.568188,
      -0.73252666,
      0,
      -0.0664224,
      -0.038478956,
      0.16504908,
      1
    ],
    "trackingState" : "Normal"
  },
  {
    "timestamp" : 235095628117,
    "transform" : [
      -0.2284347,
      -0.82416934,
      -0.51823026,
      0,
      -0.8998776,
      -0.024394695,
      0.4354601,
      0,
      -0.3715349,
      0.5658179,
      -0.73607886,
      0,
      -0.0677546,
      -0.037848197,
      0.16780455,
      1
    ],
    "trackingState" : "Normal"
  },
  {
    "timestamp" : 235095644778,
    "transform" : [
      -0.22494106,
      -0.8255627,
      -0.5175403,
      0,
      -0.90171844,
      -0.02488091,
      0.43160743,
      0,
      -0.3691959,
      0.56376165,
      -0.73882836,
      0,
      -0.069062665,
      -0.03735173,
      0.17061469,
      1
    ],
    "trackingState" : "Normal"
  },
  {
    "timestamp" : 235095661438,
    "transform" : [
      -0.2218897,
      -0.8268375,
      -0.51682186,
      0,
      -0.90313566,
      -0.02553233,
      0.4285956,
      0,
      -0.36757457,
      0.5618611,
      -0.7410811,
      0,
      -0.07031229,
      -0.03693721,
      0.17345017,
      0.99999994
    ],
    "trackingState" : "Normal"
  },
  {
    "timestamp" : 235095678099,
    "transform" : [
      -0.21950325,
      -0.8279937,
      -0.51598924,
      0,
      -0.90429384,
      -0.025824577,
      0.42612904,
      0,
      -0.36615732,
      0.5601425,
      -0.743081,
      0,
      -0.07149966,
      -0.036574177,
      0.17626865,
      0.99999994
    ],
    "trackingState" : "Normal"
  },
  {
    "timestamp" : 235095694760,
    "transform" : [
      -0.2175874,
      -0.8291294,
      -0.5149759,
      0,
      -0.90533173,
      -0.025717122,
      0.42392576,
      0,
      -0.36473307,
      0.5584649,
      -0.7450415,
      0,
      -0.07290617,
      -0.03598877,
      0.17881392,
      0.9999999
    ],
    "trackingState" : "Normal"
  },
  {
    "timestamp" : 235095711420,
    "transform" : [
      -0.2159272,
      -0.8299862,
      -0.51429415,
      0,
      -0.9063778,
      -0.025500614,
      0.4216979,
      0,
      -0.3631183,
      0.55720073,
      -0.7467748,
      0,
      -0.07423669,
      -0.035514794,
      0.18140094,
      1
    ],
    "trackingState" : "Normal"
  },
  {
    "timestamp" : 235095728081,
    "transform" : [
      -0.21476233,
      -0.8301741,
      -0.5144786,
      0,
      -0.90719616,
      -0.025553878,
      0.4199314,
      0,
      -0.36176312,
      0.5569183,
      -0.7476428,
      0,
      -0.07537439,
      -0.035244275,
      0.18417732,
      1
    ],
    "trackingState" : "Normal"
  },
  {
    "timestamp" : 235095744742,
    "transform" : [
      -0.21423855,
      -0.82992953,
      -0.51509136,
      0,
      -0.90755254,
      -0.025861802,
      0.41914165,
      0,
      -0.3611792,
      0.5572686,
      -0.74766415,
      0,
      -0.07641105,
      -0.035031024,
      0.1870488,
      1
    ],
    "trackingState" : "Normal"
  },
  {
    "timestamp" : 235095761402,
    "transform" : [
      -0.21373735,
      -0.8296895,
      -0.5156858,
      0,
      -0.9075661,
      -0.02666489,
      0.41906208,
      0,
      -0.36144206,
      0.557588,
      -0.7472988,
      0,
      -0.077439085,
      -0.03481636,
      0.18993033,
      0.99999994
    ],
    "trackingState" : "Normal"
  },
  {
    "timestamp" : 235095778063,
    "transform" : [
      -0.21236682,
      -0.82982683,
      -0.51603085,
      0,
      -0.90765494,
      -0.028131558,
      0.4187736,
      0,
      -0.36202633,
      0.55731153,
      -0.74722224,
      0,
      -0.078542314,
      -0.03459836,
      0.19272062,
      0.9999999
    ],
    "trackingState" : "Normal"
  },
  {
    "timestamp" : 235095794723,
    "transform" : [
      -0.2098502,
      -0.83047986,
      -0.51601005,
      0,
      -0.9080795,
      -0.03008498,
      0.41771597,
      0,
      -0.3624288,
      0.55623585,
      -0.74782836,
      0,
      -0.079722814,
      -0.034521252,
      0.19514601,
      0.99999994
    ],
    "trackingState" : "Normal"
  },
  {
    "timestamp" : 235095811384,
    "transform" : [
      -0.20656094,
      -0.8315287,
      -0.51564795,
      0,
      -0.9087581,
      -0.032270428,
      0.41607395,
      0,
      -0.36261758,
      0.5545438,
      -0.7489926,
      0,
      -0.08094213,
      -0.03438895,
      0.19743986,
      0.99999994
    ],
    "trackingState" : "Normal"
  },
  {
    "timestamp" : 235095828045,
    "transform" : [
      -0.2033849,
      -0.8327875,
      -0.5148783,
      0,
      -0.909374,
      -0.03422229,
      0.4145695,
      0,
      -0.3628686,
      0.5525341,
      -0.7503551,
      0,
      -0.08211351,
      -0.034122903,
      0.19974197,
      0.99999994
    ],
    "trackingState" : "Normal"
  },
  {
    "timestamp" : 235095844705,
    "transform" : [
      -0.20113027,
      -0.834204,
      -0.5134691,
      0,
      -0.9096053,
      -0.035487916,
      0.4139554,
      0,
      -0.3635452,
      0.55031306,
      -0.7516587,
      0,
      -0.083176404,
      -0.03374911,
      0.20202935,
      1
    ],
    "trackingState" : "Normal"
  },
  {
    "timestamp" : 235095861366,
    "transform" : [
      -0.2003083,
      -0.8357296,
      -0.511305,
      0,
      -0.9094873,
      -0.03543547,
      0.41421905,
      0,
      -0.36429343,
      0.5479968,
      -0.75298744,
      0,
      -0.08412232,
      -0.03326654,
      0.20430942,
      1
    ],
    "trackingState" : "Normal"
  },
  {
    "timestamp" : 235095878026,
    "transform" : [
      -0.20093402,
      -0.83709735,
      -0.5088159,
      0,
      -0.9091969,
      -0.033995774,
      0.41497603,
      0,
      -0.36467296,
      0.5459966,
      -0.75425553,
      0,
      -0.0849904,
      -0.03269729,
      0.20660275,
      0.9999999
    ],
    "trackingState" : "Normal"
  },
  {
    "timestamp" : 235095894687,
    "transform" : [
      -0.20220298,
      -0.83813375,
      -0.5066023,
      0,
      -0.9090066,
      -0.031880595,
      0.4155608,
      0,
      -0.3644463,
      0.54453236,
      -0.7554229,
      0,
      -0.08587186,
      -0.03206683,
      0.20893376,
      0.99999994
    ],
    "trackingState" : "Normal"
  },
  {
    "timestamp" : 235095911348,
    "transform" : [
      -0.20315607,
      -0.83899456,
      -0.504793,
      0,
      -0.9088974,
      -0.030166235,
      0.41592756,
      0,
      -0.36418867,
      0.54330313,
      -0.7564315,
      0,
      -0.086207345,
      -0.030914415,
      0.21011,
      1
    ],
    "trackingState" : "Normal"
  },
  {
    "timestamp" : 235095928008,
    "transform" : [
      -0.20246786,
      -0.8400385,
      -0.5033312,
      0,
      -0.9087734,
      -0.030334353,
      0.4161861,
      0,
      -0.36488053,
      0.5416782,
      -0.7572629,
      0,
      -0.08711199,
      -0.03010758,
      0.21208307,
      0.99999994
    ],
    "trackingState" : "Normal"
  },
  {
    "timestamp" : 235095944669,
    "transform" : [
      -0.19961883,
      -0.841825,
      -0.50148094,
      0,
      -0.90876627,
      -0.03235137,
      0.41604987,
      0,
      -0.36646476,
      0.53878015,
      -0.7585643,
      0,
      -0.08832283,
      -0.029404394,
      0.21423052,
      1
    ],
    "trackingState" : "Normal"
  },
  {
    "timestamp" : 235095961329,
    "transform" : [
      -0.19555713,
      -0.8443576,
      -0.49881637,
      0,
      -0.90904635,
      -0.03477084,
      0.41524196,
      0,
      -0.36795697,
      0.5346506,
      -0.7607606,
      0,
      -0.08966881,
      -0.028705707,
      0.21634482,
      0.99999994
    ],
    "trackingState" : "Normal"
  },
  {
    "timestamp" : 235095977990,
    "transform" : [
      -0.19217484,
      -0.84705615,
      -0.49554506,
      0,
      -0.9096277,
      -0.03575915,
      0.4138828,
      0,
      -0.3683022,
      0.53029925,
      -0.7636338,
      0,
      -0.09100108,
      -0.027967293,
      0.21840976,
      1
    ],
    "trackingState" : "Normal"
  },
  {
    "timestamp" : 235095994651,
    "transform" : [
      -0.1898161,
      -0.8492914,
      -0.49261966,
      0,
      -0.9102118,
      -0.035882916,
      0.41258582,
      0,
      -0.3680822,
      0.52670366,
      -0.76622397,
      0,
      -0.09223764,
      -0.0269937,
      0.2205214,
      1
    ],
    "trackingState" : "Normal"
  },
  {
    "timestamp" : 235096011311,
    "transform" : [
      -0.18855491,
      -0.8507712,
      -0.49054623,
      0,
      -0.91071606,
      -0.035432484,
      0.4115105,
      0,
      -0.36748257,
      0.52434057,
      -0.76813006,
      0,
      -0.09342594,
      -0.026054172,
      0.22275895,
      0.99999994
    ],
    "trackingState" : "Normal"
  },
  {
    "timestamp" : 235096027972,
    "transform" : [
      -0.18799445,
      -0.8515362,
      -0.48943263,
      0,
      -0.91101027,
      -0.035041783,
      0.41089252,
      0,
      -0.36704043,
      0.52312356,
      -0.7691705,
      0,
      -0.094575755,
      -0.025259485,
      0.22512108,
      0.99999994
    ],
    "trackingState" : "Normal"
  },
  {
    "timestamp" : 235096044633,
    "transform" : [
      -0.18746601,
      -0.85212064,
      -0.48861745,
      0,
      -0.9111274,
      -0.03501625,
      0.41063508,
      0,
      -0.36702016,
      0.52217275,
      -0.769826,
      0,
      -0.09571442,
      -0.024509393,
      0.22755975,
      0.99999994
    ],
    "trackingState" : "Normal"
  },
  {
    "timestamp" : 235096061293,
    "transform" : [
      -0.18673532,
      -0.8528244,
      -0.48766834,
      0,
      -0.91121244,
      -0.035176314,
      0.4104321,
      0,
      -0.3671809,
      0.52101165,
      -0.77053565,
      0,
      -0.09685623,
      -0.023764474,
      0.23003061,
      0.9999999
    ],
    "trackingState" : "Normal"
  },
  {
    "timestamp" : 235096077954,
    "transform" : [
      -0.18561576,
      -0.8536914,
      -0.48657787,
      0,
      -0.91133004,
      -0.035615414,
      0.4101334,
      0,
      -0.36745697,
      0.5195601,
      -0.7713838,
      0,
      -0.09799796,
      -0.023020852,
      0.23251016,
      1
    ],
    "trackingState" : "Normal"
  },
  {
    "timestamp" : 235096094614,
    "transform" : [
      -0.18423598,
      -0.85475534,
      -0.4852325,
      0,
      -0.91146165,
      -0.036174346,
      0.40979168,
      0,
      -0.36782458,
      0.5177691,
      -0.7724122,
      0,
      -0.099118546,
      -0.022269033,
      0.23498757,
      1
    ],
    "trackingState" : "Normal"
  },
  {
    "timestamp" : 235096111275,
    "transform" : [
      -0.1829526,
      -0.856211,
      -0.48314717,
      0,
      -0.91156197,
      -0.036326174,
      0.40955538,
      0,
      -0.36821663,
      0.51534766,
      -0.7738434,
      0,
      -0.099902764,
      -0.021357577,
      0.23701218,
      1
    ],
    "trackingState" : "Normal"
  },
  {
    "timestamp" : 235096127936,
    "transform" : [
      -0.18198594,
      -0.8576516,
      -0.48095217,
      0,
      -0.9117428,
      -0.03599637,
      0.40918157,
      0,
      -0.36824772,
      0.51296985,
      -0.77540684,
      0,
      -0.10081622,
      -0.020543594,
      0.23931144,
      1
    ],
    "trackingState" : "Normal"
  },
  {
    "timestamp" : 235096144596,
    "transform" : [
      -0.18126269,
      -0.85875887,
      -0.47924653,
      0,
      -0.91190463,
      -0.035684947,
      0.4088481,
      0,
      -0.3682038,
      0.51113594,
      -0.7766378,
      0,
      -0.101733714,
      -0.019805238,
      0.241739,
      1
    ],
    "trackingState" : "Normal"
  },
  {
    "timestamp" : 235096161257,
    "transform" : [
      -0.18066068,
      -0.8594802,
      -0.4781794,
      0,
      -0.91182077,
      -0.0358972,
      0.40901613,
      0,
      -0.3687066,
      0.509907,
      -0.7772068,
      0,
      -0.10262505,
      -0.019149179,
      0.24425729,
      0.9999999
    ],
    "trackingState" : "Normal"
  },
  {
    "timestamp" : 235096177917,
    "transform" : [
      -0.18020728,
      -0.8599914,
      -0.47743097,
      0,
      -0.91157556,
      -0.036333967,
      0.40952408,
      0,
      -0.36953413,
      0.5090136,
      -0.77739954,
      0,
      -0.10348535,
      -0.01856432,
      0.24680838,
      1
    ],
    "trackingState" : "Normal"
  },
  {
    "timestamp" : 235096194578,
    "transform" : [
      -0.17981969,
      -0.8605498,
      -0.47657013,
      0,
      -0.9113794,
      -0.036581855,
      0.40993857,
      0,
      -0.37020636,
      0.5080511,
      -0.7777092,
      0,
      -0.104068324,
      -0.017834254,
      0.24947098,
      0.99999994
    ],
    "trackingState" : "Normal"
  },
  {
    "timestamp" : 235096211239,
    "transform" : [
      -0.17912681,
      -0.8612366,
      -0.47558922,
      0,
      -0.91121244,
      -0.037035964,
      0.41026855,
      0,
      -0.37095225,
      0.50685287,
      -0.7781355,
      0,
      -0.10470607,
      -0.017198369,
      0.25205272,
      0.99999994
    ],
    "trackingState" : "Normal"
  },
  {
    "timestamp" : 235096227899,
    "transform" : [
      -0.17800924,
      -0.8621396,
      -0.4743714,
      0,
      -0.9111203,
      -0.037697382,
      0.4104131,
      0,
      -0.3717159,
      0.5052667,
      -0.7788024,
      0,
      -0.10549471,
      -0.016695442,
      0.2545077,
      1
    ],
    "trackingState" : "Normal"
  },
  {
    "timestamp" : 235096244560,
    "transform" : [
      -0.17685123,
      -0.8630848,
      -0.47308376,
      0,
      -0.9112536,
      -0.03805828,
      0.41008344,
      0,
      -0.37194157,
      0.503623,
      -0.7797585,
      0,
      -0.10630056,
      -0.016242318,
      0.25687706,
      0.9999999
    ],
    "trackingState" : "Normal"
  },
  {
    "timestamp" : 235096261220,
    "transform" : [
      -0.17606118,
      -0.86393726,
      -0.47182098,
      0,
      -0.9115923,
      -0.03778787,
      0.4093552,
      0,
      -0.3714863,
      0.50217986,
      -0.78090566,
      0,
      -0.107057214,
      -0.015815508,
      0.25919423,
      1
    ],
    "trackingState" : "Normal"
  },
  {
    "timestamp" : 235096277881,
    "transform" : [
      -0.17588578,
      -0.8645988,
      -0.4706731,
      0,
      -0.91182977,
      -0.03709845,
      0.4088892,
      0,
      -0.37098634,
      0.5010915,
      -0.781842,
      0,
      -0.10774494,
      -0.015427977,
      0.261517,
      0.99999994
    ],
    "trackingState" : "Normal"
  },
  {
    "timestamp" : 235096294542,
    "transform" : [
      -0.17630422,
      -0.86498106,
      -0.46981347,
      0,
      -0.91168076,
      -0.036475845,
      0.4092774,
      0,
      -0.37115407,
      0.50047714,
      -0.7821557,
      0,
      -0.108355604,
      -0.015130161,
      0.26401678,
      0.99999994
    ],
    "trackingState" : "Normal"
  },
  {
    "timestamp" : 235096311202,
    "transform" : [
      -0.17668483,
      -0.86516875,
      -0.4693247,
      0,
      -0.9113319,
      -0.03633464,
      0.41006604,
      0,
      -0.37182906,
      0.5001629,
      -0.7820361,
      0,
      -0.10895677,
      -0.01493474,
      0.26648733,
      0.99999994
    ],
    "trackingState" : "Normal"
  },
  {
    "timestamp" : 235096327863,
    "transform" : [
      -0.17603485,
      -0.86557174,
      -0.4688257,
      0,
      -0.91110164,
      -0.03705463,
      0.4105131,
      0,
      -0.3727007,
      0.4994124,
      -0.782101,
      0,
      -0.109615415,
      -0.014853985,
      0.26879573,
      1.0000001
    ],
    "trackingState" : "Normal"
  },
  {
    "timestamp" : 235096344524,
    "transform" : [
      -0.17420782,
      -0.86653304,
      -0.46773088,
      0,
      -0.9112788,
      -0.03811532,
      0.41002223,
      0,
      -0.3731256,
      0.49766225,
      -0.7830132,
      0,
      -0.11033198,
      -0.014890145,
      0.2709211,
      1
    ],
    "trackingState" : "Normal"
  },
  {
    "timestamp" : 235096361184,
    "transform" : [
      -0.17211135,
      -0.86787045,
      -0.46602446,
      0,
      -0.91186047,
      -0.038615663,
      0.40868014,
      0,
      -0.37267724,
      0.49528772,
      -0.78473055,
      0,
      -0.11105238,
      -0.015051043,
      0.27291834,
      1
    ],
    "trackingState" : "Normal"
  },
  {
    "timestamp" : 235096377845,
    "transform" : [
      -0.17055465,
      -0.8687614,
      -0.46493533,
      0,
      -0.9126859,
      -0.038550686,
      0.40683973,
      0,
      -0.37137023,
      0.49372822,
      -0.7863313,
      0,
      -0.11172998,
      -0.01539411,
      0.27495405,
      1
    ],
    "trackingState" : "Normal"
  },
  {
    "timestamp" : 235096394505,
    "transform" : [
      -0.16995822,
      -0.86831284,
      -0.4659905,
      0,
      -0.9133037,
      -0.038812272,
      0.40542603,
      0,
      -0.37012276,
      0.4944962,
      -0.78643686,
      0,
      -0.11221967,
      -0.015948063,
      0.27746975,
      0.99999994
    ],
    "trackingState" : "Normal"
  },
  {
    "timestamp" : 235096411166,
    "transform" : [
      -0.17003153,
      -0.86660117,
      -0.46913925,
      0,
      -0.9134006,
      -0.040080495,
      0.40508378,
      0,
      -0.3698495,
      0.49738908,
      -0.78473926,
      0,
      -0.112687446,
      -0.016785432,
      0.2802155,
      0.99999994
    ],
    "trackingState" : "Normal"
  },
  {
    "timestamp" : 235096427827,
    "transform" : [
      -0.17018615,
      -0.8644425,
      -0.47304943,
      0,
      -0.9132645,
      -0.041941196,
      0.40520233,
      0,
      -0.3701144,
      0.500979,
      -0.78232694,
      0,
      -0.11324053,
      -0.017861841,
      0.2830248,
      0.99999994
    ],
    "trackingState" : "Normal"
  },
  {
    "timestamp" : 235096444487,
    "transform" : [
      -0.17035523,
      -0.8622685,
      -0.47694063,
      0,
      -0.91322607,
      -0.043652084,
      0.40510842,
      0,
      -0.37013164,
      0.50456685,
      -0.78000975,
      0,
      -0.11386834,
      -0.01907452,
      0.28591588,
      1
    ],
    "trackingState" : "Normal"
  },
  {
    "timestamp" : 235096461148,
    "transform" : [
      -0.17074892,
      -0.86013633,
      -0.48063543,
      0,
      -0.91337484,
      -0.044795603,
      0.40464786,
      0,
      -0.36958268,
      0.50809336,
      -0.7779782,
      0,
      -0.11454243,
      -0.020341238,
      0.288896,
      0.99999994
    ],
    "trackingState" : "Normal"
  },
  {
    "timestamp" : 235096477808,
    "transform" : [
      -0.17180945,
      -0.8579861,
      -0.4840884,
      0,
      -0.91377157,
      -0.044820588,
      0.40374863,
      0,
      -0.3681078,
      0.5117139,
      -0.7763027,
      0,
      -0.1152108,
      -0.021595161,
      0.29193616,
      1
    ],
    "trackingState" : "Normal"
  },
  {
    "timestamp" : 235096494469,
    "transform" : [
      -0.17370643,
      -0.8560463,
      -0.48683754,
      0,
      -0.9140482,
      -0.043842293,
      0.4032292,
      0,
      -0.366527,
      0.5150364,
      -0.77485204,
      0,
      -0.1158554,
      -0.022779569,
      0.29499733,
      0.9999999
    ],
    "trackingState" : "Normal"
  },
  {
    "timestamp" : 235096511130,
    "transform" : [
      -0.17617002,
      -0.8548516,
      -0.48805025,
      0,
      -0.91430444,
      -0.041593015,
      0.4028866,
      0,
      -0.36470774,
      0.517203,
      -0.7742672,
      0,
      -0.11641565,
      -0.023807969,
      0.29826847,
      1
    ],
    "trackingState" : "Normal"
  },
  {
    "timestamp" : 235096527790,
    "transform" : [
      -0.17803039,
      -0.8543103,
      -0.48832294,
      0,
      -0.9153036,
      -0.038428895,
      0.40092734,
      0,
      -0.36128208,
      0.5183409,
      -0.77511173,
      0,
      -0.11716725,
      -0.02472873,
      0.3012105,
      1
    ],
    "trackingState" : "Normal"
  },
  {
    "timestamp" : 235096544451,
    "transform" : [
      -0.17896797,
      -0.85372204,
      -0.48900852,
      0,
      -0.91698194,
      -0.03537541,
      0.39735737,
      0,
      -0.3565316,
      0.5195261,
      -0.7765167,
      0,
      -0.11808744,
      -0.025614124,
      0.3040285,
      0.99999994
    ],
    "trackingState" : "Normal"
  },
  {
    "timestamp" : 235096561112,
    "transform" : [
      -0.17884839,
      -0.85293967,
      -0.4904155,
      0,
      -0.9190325,
      -0.033133835,
      0.39278668,
      0,
      -0.35127267,
      0.520957,
      -0.77795345,
      0,
      -0.11914897,
      -0.026497465,
      0.3068231,
      1
    ],
    "trackingState" : "Normal"
  },
  {
    "timestamp" : 235096577772,
    "transform" : [
      -0.1776655,
      -0.85215646,
      -0.4922037,
      0,
      -0.9208716,
      -0.032414265,
      0.38851625,
      0,
      -0.34703103,
      0.52228236,
      -0.77896786,
      0,
      -0.12029563,
      -0.027373686,
      0.30964774,
      1
    ],
    "trackingState" : "Normal"
  },
  {
    "timestamp" : 235096594433,
    "transform" : [
      -0.17597154,
      -0.851626,
      -0.493728,
      0,
      -0.92221004,
      -0.03281714,
      0.38529447,
      0,
      -0.3443295,
      0.5231218,
      -0.7796032,
      0,
      -0.12153807,
      -0.028161108,
      0.312436,
      1
    ],
    "trackingState" : "Normal"
  },
  {
    "timestamp" : 235096611093,
    "transform" : [
      -0.17446089,
      -0.8510173,
      -0.49531117,
      0,
      -0.92373276,
      -0.032752227,
      0.38163477,
      0,
      -0.34100032,
      0.52411544,
      -0.7803987,
      0,
      -0.122762725,
      -0.02885735,
      0.31525865,
      1
    ],
    "trackingState" : "Normal"
  },
  {
    "timestamp" : 235096627754,
    "transform" : [
      -0.17382027,
      -0.849722,
      -0.49775395,
      0,
      -0.9259699,
      -0.03102528,
      0.37632084,
      0,
      -0.3352111,
      0.5263173,
      -0.78142434,
      0,
      -0.12393227,
      -0.02946902,
      0.31814292,
      1
    ],
    "trackingState" : "Normal"
  },
  {
    "timestamp" : 235096644414,
    "transform" : [
      -0.1737804,
      -0.84763813,
      -0.50130844,
      0,
      -0.9286921,
      -0.028291421,
      0.36977112,
      0,
      -0.3276148,
      0.5298201,
      -0.7822784,
      0,
      -0.12508394,
      -0.03003025,
      0.32109445,
      0.99999994
    ],
    "trackingState" : "Normal"
  },
  {
    "timestamp" : 235096661075,
    "transform" : [
      -0.17309673,
      -0.8452931,
      -0.505487,
      0,
      -0.9310167,
      -0.027007384,
      0.36397588,
      0,
      -0.32131824,
      0.5336199,
      -0.78230715,
      0,
      -0.12626462,
      -0.030586844,
      0.32412422,
      0.9999999
    ],
    "trackingState" : "Normal"
  },
  {
    "timestamp" : 235096677736,
    "transform" : [
      -0.17036694,
      -0.84369236,
      -0.5090762,
      0,
      -0.93264633,
      -0.02868038,
      0.35965046,
      0,
      -0.31803486,
      0.5360606,
      -0.78198045,
      0,
      -0.12754008,
      -0.03111206,
      0.3271445,
      1
    ],
    "trackingState" : "Normal"
  },
  {
    "timestamp" : 235096694396,
    "transform" : [
      -0.16520925,
      -0.84341645,
      -0.51122874,
      0,
      -0.9342246,
      -0.032315608,
      0.35521883,
      0,
      -0.31611803,
      0.5362878,
      -0.78260165,
      0,
      -0.12893395,
      -0.031521074,
      0.33002657,
      1
    ],
    "trackingState" : "Normal"
  },
  {
    "timestamp" : 235096711057,
    "transform" : [
      -0.1588602,
      -0.84408087,
      -0.5121437,
      0,
      -0.9363531,
      -0.035675533,
      0.3492424,
      0,
      -0.31305984,
      0.5350279,
      -0.78469026,
      0,
      -0.13047852,
      -0.031812042,
      0.33262995,
      1
    ],
    "trackingState" : "Normal"
  },
  {
    "timestamp" : 235096727718,
    "transform" : [
      -0.15282187,
      -0.8449903,
      -0.5124813,
      0,
      -0.9391246,
      -0.0372991,
      0.34154648,
      0,
      -0.30771852,
      0.53347945,
      -0.787851,
      0,
      -0.13186058,
      -0.03189328,
      0.33517715,
      1
    ],
    "trackingState" : "Normal"
  },
  {
    "timestamp" : 235096744378,
    "transform" : [
      -0.14786167,
      -0.84577614,
      -0.51264,
      0,
      -0.9417207,
      -0.037958268,
      0.33424744,
      0,
      -0.30215743,
      0.532186,
      -0.7908724,
      0,
      -0.13302618,
      -0.031875413,
      0.33777246,
      0.99999994
    ],
    "trackingState" : "Normal"
  },
  {
    "timestamp" : 235096761039,
    "transform" : [
      -0.14362274,
      -0.84621793,
      -0.5131159,
      0,
      -0.9434776,
      -0.039414924,
      0.3290844,
      0,
      -0.29870152,
      0.5313773,
      -0.7927268,
      0,
      -0.13399164,
      -0.03184928,
      0.34051153,
      1
    ],
    "trackingState" : "Normal"
  },
  {
    "timestamp" : 235096777699,
    "transform" : [
      -0.13938451,
      -0.84653443,
      -0.51376224,
      0,
      -0.9446284,
      -0.041977465,
      0.32544616,
      0,
      -0.2970678,
      0.5306765,
      -0.7938094,
      0,
      -0.13481621,
      -0.03182354,
      0.34334344,
      1
    ],
    "trackingState" : "Normal"
  },
  {
    "timestamp" : 235096794360,
    "transform" : [
      -0.1355338,
      -0.84687567,
      -0.5142297,
      0,
      -0.94579136,
      -0.04402156,
      0.32177734,
      0,
      -0.29514262,
      0.5299657,
      -0.7950014,
      0,
      -0.13545191,
      -0.031929992,
      0.34625477,
      0.99999994
    ],
    "trackingState" : "Normal"
  },
  {
    "timestamp" : 235096811021,
    "transform" : [
      -0.1327405,
      -0.8471432,
      -0.5145178,
      0,
      -0.9472285,
      -0.044394545,
      0.31747025,
      0,
      -0.29178455,
      0.52950704,
      -0.79654527,
      0,
      -0.13594317,
      -0.031887602,
      0.3491042,
      1
    ],
    "trackingState" : "Normal"
  },
  {
    "timestamp" : 235096827681,
    "transform" : [
      -0.1308685,
      -0.8474974,
      -0.514414,
      0,
      -0.9485231,
      -0.043910284,
      0.31364942,
      0,
      -0.2884051,
      0.5289803,
      -0.7981244,
      0,
      -0.13630892,
      -0.03168001,
      0.35189253,
      0.99999994
    ],
    "trackingState" : "Normal"
  },
  {
    "timestamp" : 235096844342,
    "transform" : [
      -0.12943785,
      -0.84791976,
      -0.5140799,
      0,
      -0.9493684,
      -0.04369741,
      0.3111114,
      0,
      -0.28626147,
      0.5283207,
      -0.7993321,
      0,
      -0.13656895,
      -0.031429954,
      0.35467058,
      1
    ],
    "trackingState" : "Normal"
  },
  {
    "timestamp" : 235096861002,
    "transform" : [
      -0.12782897,
      -0.84843725,
      -0.51362836,
      0,
      -0.9501392,
      -0.043754537,
      0.3087413,
      0,
      -0.2844212,
      0.5274845,
      -0.80054045,
      0,
      -0.13677002,
      -0.031175468,
      0.35738355,
      1
    ],
    "trackingState" : "Normal"
  },
  {
    "timestamp" : 235096877663,
    "transform" : [
      -0.1263058,
      -0.84916836,
      -0.5127964,
      0,
      -0.95113415,
      -0.04316225,
      0.30574664,
      0,
      -0.28176382,
      0.5263556,
      -0.80222136,
      0,
      -0.13689053,
      -0.030902471,
      0.35998392,
      1
    ],
    "trackingState" : "Normal"
  },
  {
    "timestamp" : 235096894324,
    "transform" : [
      -0.12556878,
      -0.84986377,
      -0.5118244,
      0,
      -0.95218456,
      -0.04159894,
      0.3026782,
      0,
      -0.27852657,
      0.52535814,
      -0.80400366,
      0,
      -0.13687523,
      -0.030612815,
      0.36252502,
      0.99999994
    ],
    "trackingState" : "Normal"
  },
  {
    "timestamp" : 235096910984,
    "transform" : [
      -0.12600647,
      -0.85007966,
      -0.511358,
      0,
      -0.95297515,
      -0.03948361,
      0.30046523,
      0,
      -0.27560964,
      0.52517194,
      -0.80512965,
      0,
      -0.1366258,
      -0.030112304,
      0.36519852,
      1
    ],
    "trackingState" : "Normal"
  },
  {
    "timestamp" : 235096927645,
    "transform" : [
      -0.12732168,
      -0.84990484,
      -0.511323,
      0,
      -0.9535204,
      -0.037065748,
      0.29904035,
      0,
      -0.27310836,
      0.5256311,
      -0.80568236,
      0,
      -0.13626601,
      -0.029777598,
      0.36782134,
      1
    ],
    "trackingState" : "Normal"
  },
  {
    "timestamp" : 235096944306,
    "transform" : [
      -0.12890649,
      -0.8498051,
      -0.51109165,
      0,
      -0.9539861,
      -0.034434333,
      0.29786727,
      0,
      -0.27072823,
      0.52597123,
      -0.8062635,
      0,
      -0.13582507,
      -0.029503252,
      0.37035805,
      1
    ],
    "trackingState" : "Normal"
  },
  {
    "timestamp" : 235096960966,
    "transform" : [
      -0.13031256,
      -0.8500828,
      -0.5102724,
      0,
      -0.95475996,
      -0.0311629,
      0.29574051,
      0,
      -0.26730552,
      0.5257263,
      -0.8075642,
      0,
      -0.13535623,
      -0.029248666,
      0.3727529,
      1
    ],
    "trackingState" : "Normal"
  },
  {
    "timestamp" : 235096977627,
    "transform" : [
      -0.13135076,
      -0.8505381,
      -0.5092466,
      0,
      -0.95587695,
      -0.027497957,
      0.29247764,
      0,
      -0.2627666,
      0.52519417,
      -0.80939794,
      0,
      -0.13488916,
      -0.029029965,
      0.37505287,
      1
    ],
    "trackingState" : "Normal"
  },
  {
    "timestamp" : 235096994287,
    "transform" : [
      -0.13196523,
      -0.85085076,
      -0.50856495,
      0,
      -0.9570293,
      -0.024289591,
      0.28897274,
      0,
      -0.2582255,
      0.5248458,
      -0.81108373,
      0,
      -0.13466261,
      -0.028913103,
      0.37774062,
      1
    ],
    "trackingState" : "Normal"
  },
  {
    "timestamp" : 235097010948,
    "transform" : [
      -0.13207443,
      -0.8508971,
      -0.50845915,
      0,
      -0.95797986,
      -0.022191145,
      0.28597587,
      0,
      -0.2546193,
      0.52486366,
      -0.8122114,
      0,
      -0.13436784,
      -0.028874848,
      0.38041446,
      1
    ],
    "trackingState" : "Normal"
  },
  {
    "timestamp" : 235097027608,
    "transform" : [
      -0.13159567,
      -0.8509144,
      -0.5085543,
      0,
      -0.9586177,
      -0.021416437,
      0.28389004,
      0,
      -0.25245756,
      0.5248678,
      -0.8128833,
      0,
      -0.13391562,
      -0.028882418,
      0.38294706,
      1
    ],
    "trackingState" : "Normal"
  },
  {
    "timestamp" : 235097044269,
    "transform" : [
      -0.13088928,
      -0.8512509,
      -0.5081733,
      0,
      -0.9591782,
      -0.020880247,
      0.2820307,
      0,
      -0.25068972,
      0.5243434,
      -0.8137684,
      0,
      -0.13335031,
      -0.02887623,
      0.38537413,
      1
    ],
    "trackingState" : "Normal"
  },
  {
    "timestamp" : 235097060930,
    "transform" : [
      -0.13077699,
      -0.851789,
      -0.50729984,
      0,
      -0.95983744,
      -0.019328296,
      0.27989024,
      0,
      -0.24821267,
      0.5235286,
      -0.8150512,
      0,
      -0.13264531,
      -0.028787486,
      0.38772026,
      0.99999994
    ],
    "trackingState" : "Normal"
  },
  {
    "timestamp" : 235097077590,
    "transform" : [
      -0.13179708,
      -0.8520904,
      -0.50652903,
      0,
      -0.96055996,
      -0.016438082,
      0.27758673,
      0,
      -0.24485534,
      0.52313656,
      -0.8163175,
      0,
      -0.13178046,
      -0.028605174,
      0.39005876,
      1
    ],
    "trackingState" : "Normal"
  },
  {
    "timestamp" : 235097094251,
    "transform" : [
      -0.13397042,
      -0.8519969,
      -0.50611603,
      0,
      -0.9610359,
      -0.012910162,
      0.27612203,
      0,
      -0.24178915,
      0.52338785,
      -0.81707,
      0,
      -0.13121715,
      -0.028463013,
      0.39274645,
      1
    ],
    "trackingState" : "Normal"
  },
  {
    "timestamp" : 235097110912,
    "transform" : [
      -0.13659991,
      -0.8516468,
      -0.5060024,
      0,
      -0.9612056,
      -0.009612995,
      0.27566564,
      0,
      -0.23963399,
      0.5240282,
      -0.81729454,
      0,
      -0.13042998,
      -0.028276317,
      0.39541754,
      1
    ],
    "trackingState" : "Normal"
  },
  {
    "timestamp" : 235097127572,
    "transform" : [
      -0.13920774,
      -0.85114586,
      -0.5061345,
      0,
      -0.9612207,
      -0.0067333807,
      0.27569836,
      0,
      -0.23806751,
      0.52488625,
      -0.8172017,
      0,
      -0.12934625,
      -0.028025717,
      0.39794147,
      1
    ],
    "trackingState" : "Normal"
  },
  {
    "timestamp" : 235097144233,
    "transform" : [
      -0.1412874,
      -0.8510246,
      -0.505762,
      0,
      -0.9610935,
      -0.0045754816,
      0.27618575,
      0,
      -0.23735498,
      0.525106,
      -0.8172678,
      0,
      -0.12817927,
      -0.027717352,
      0.40034682,
      1
    ],
    "trackingState" : "Normal"
  },
  {
    "timestamp" : 235097160893,
    "transform" : [
      -0.14260638,
      -0.8514843,
      -0.5046168,
      0,
      -0.9610007,
      -0.0029326805,
      0.27653056,
      0,
      -0.23694132,
      0.52437204,
      -0.81785876,
      0,
      -0.12703152,
      -0.027330391,
      0.4026164,
      0.99999994
    ],
    "trackingState" : "Normal"
  },
  {
    "timestamp" : 235097177554,
    "transform" : [
      -0.14313449,
      -0.8523102,
      -0.5030705,
      0,
      -0.9612114,
      -0.0013714852,
      0.2758091,
      0,
      -0.23576492,
      0.5230349,
      -0.819054,
      0,
      -0.1259344,
      -0.026877772,
      0.40472376,
      0.99999994
    ],
    "trackingState" : "Normal"
  },
  {
    "timestamp" : 235097194215,
    "transform" : [
      -0.1429329,
      -0.8535576,
      -0.5010088,
      0,
      -0.96175885,
      0.0002834021,
      0.2738976,
      0,
      -0.2336454,
      0.52099854,
      -0.8209571,
      0,
      -0.1251375,
      -0.02629114,
      0.40701675,
      1
    ],
    "trackingState" : "Normal"
  },
  {
    "timestamp" : 235097210875,
    "transform" : [
      -0.14247617,
      -0.855241,
      -0.49826035,
      0,
      -0.9624986,
      0.0022995258,
      0.27127677,
      0,
      -0.23086129,
      0.5182253,
      -0.823496,
      0,
      -0.12428344,
      -0.025693554,
      0.40906978,
      0.9999999
    ],
    "trackingState" : "Normal"
  },
  {
    "timestamp" : 235097227536,
    "transform" : [
      -0.14209798,
      -0.85702354,
      -0.4952968,
      0,
      -0.9632148,
      0.004417901,
      0.2686967,
      0,
      -0.22809125,
      0.5152584,
      -0.82612556,
      0,
      -0.12328635,
      -0.025147822,
      0.41088784,
      1
    ],
    "trackingState" : "Normal"
  },
  {
    "timestamp" : 235097244196,
    "transform" : [
      -0.14170928,
      -0.8585581,
      -0.49274406,
      0,
      -0.9638386,
      0.0061850655,
      0.2664155,
      0,
      -0.2256855,
      0.51267916,
      -0.82838786,
      0,
      -0.122252926,
      -0.024677452,
      0.41267306,
      1
    ],
    "trackingState" : "Normal"
  },
  {
    "timestamp" : 235097260857,
    "transform" : [
      -0.14101166,
      -0.8597508,
      -0.4908608,
      0,
      -0.96432954,
      0.00708936,
      0.26460987,
      0,
      -0.22401868,
      0.5106646,
      -0.83008283,
      0,
      -0.12124411,
      -0.024312843,
      0.41450614,
      0.99999994
    ],
    "trackingState" : "Normal"
  },
  {
    "timestamp" : 235097294178,
    "transform" : [
      -0.1382867,
      -0.8610363,
      -0.48938075,
      0,
      -0.9650237,
      0.006023388,
      0.26209363,
      0,
      -0.2227244,
      0.508508,
      -0.8317534,
      0,
      -0.119508594,
      -0.024012718,
      0.4187094,
      1
    ],
    "trackingState" : "Normal"
  },
  {
    "timestamp" : 235097277518,
    "transform" : [
      -0.13983384,
      -0.8605675,
      -0.48976558,
      0,
      -0.964703,
      0.0069346395,
      0.2632492,
      0,
      -0.22314735,
      0.5092894,
      -0.8311618,
      0,
      -0.12029314,
      -0.024054375,
      0.41641685,
      1
    ],
    "trackingState" : "Normal"
  },
  {
    "timestamp" : 235097310839,
