[
  {
    "transform" : [
      0.015562129,
      -0.99814564,
      -0.058849063,
      0,
      -0.9995506,
      -0.017038241,
      0.024665002,
      0,
      -0.025621966,
      0.05843877,
      -0.9979623,
      0,
      0.28821912,
      0.0021814387,
      3.5401723,
      1
    ],
    "timestamp" : 235178764493,
    "trackingState" : "Normal"
  },
  {
    "transform" : [
      0.014401928,
      -0.9983281,
      -0.05597927,
      0,
      -0.9997123,
      -0.015450715,
      0.018347852,
      0,
      -0.019182112,
      0.055698913,
      -0.99826354,
      0,
      0.28809357,
      0.0035349652,
      3.5438175,
      1
    ],
    "timestamp" : 235178781154,
    "trackingState" : "Normal"
  },
  {
    "transform" : [
      0.012325788,
      -0.9985643,
      -0.05212854,
      0,
      -0.99986994,
      -0.01285057,
      0.0097439075,
      0,
      -0.010399816,
      0.05200165,
      -0.99859285,
      0,
      0.28807268,
      0.0048760744,
      3.5473487,
      0.9999999
    ],
    "timestamp" : 235178797815,
    "trackingState" : "Normal"
  },
  {
    "transform" : [
      0.009182527,
      -0.9988391,
      -0.047289446,
      0,
      -0.999958,
      -0.009174226,
      -0.00039257194,
      0,
      -4.174176e-05,
      0.04729105,
      -0.9988813,
      0,
      0.28893697,
      0.0067794323,
      3.5516243,
      1
    ],
    "timestamp" : 235178814475,
    "trackingState" : "Normal"
  },
  {
    "transform" : [
      0.006427172,
      -0.99907875,
      -0.042432,
      0,
      -0.9999395,
      -0.0060420935,
      -0.009197214,
      0,
      0.008932345,
      0.042488538,
      -0.9990572,
      0,
      0.2893234,
      0.008322091,
      3.555306,
      0.99999994
    ],
    "timestamp" : 235178831136,
    "trackingState" : "Normal"
  },
  {
    "transform" : [
      0.004718252,
      -0.9992216,
      -0.039165974,
      0,
      -0.99988025,
      -0.0041368385,
      -0.014912678,
      0,
      0.014739032,
      0.039231643,
      -0.9991216,
      0,
      0.28950027,
      0.009726533,
      3.5588415,
      1
    ],
    "timestamp" : 235178847796,
    "trackingState" : "Normal"
  },
  {
    "transform" : [
      0.0037129123,
      -0.99929166,
      -0.037451547,
      0,
      -0.9998256,
      -0.0030240428,
      -0.018433528,
      0,
      0.0183072,
      0.037513457,
      -0.9991286,
      0,
      0.2896029,
      0.011069602,
      3.5623472,
      0.99999994
    ],
    "timestamp" : 235178864457,
    "trackingState" : "Normal"
  },
  {
    "transform" : [
      0.002442592,
      -0.9994115,
      -0.03421441,
      0,
      -0.99969584,
      -0.0016006827,
      -0.024612686,
      0,
      0.024543427,
      0.03426412,
      -0.9991115,
      0,
      0.28973976,
      0.012447192,
      3.565637,
      0.99999994
    ],
    "timestamp" : 235178881117,
    "trackingState" : "Normal"
  },
  {
    "transform" : [
      0.0006572476,
      -0.9996,
      -0.028273769,
      0,
      -0.9994702,
      0.00026334703,
      -0.032544002,
      0,
      0.032538418,
      0.02828018,
      -0.9990703,
      0,
      0.28990215,
      0.013828065,
      3.569341,
      0.9999998
    ],
    "timestamp" : 235178897778,
    "trackingState" : "Normal"
  },
  {
    "transform" : [
      -0.0011002058,
      -0.9997698,
      -0.021431375,
      0,
      -0.9992313,
      0.0019389503,
      -0.03915495,
      0,
      0.039187476,
      0.021371821,
      -0.9990034,
      0,
      0.29003763,
      0.015240551,
      3.5727851,
      0.99999994
    ],
    "timestamp" : 235178914439,
    "trackingState" : "Normal"
  },
  {
    "transform" : [
      -0.0018571664,
      -0.99988586,
      -0.014998179,
      0,
      -0.99901897,
      0.0025187547,
      -0.0442136,
      0,
      0.044246316,
      0.014901351,
      -0.9989097,
      0,
      0.2900599,
      0.016640067,
      3.5759602,
      1
    ],
    "timestamp" : 235178931099,
    "trackingState" : "Normal"
  },
  {
    "transform" : [
      -0.0022523298,
      -0.999954,
      -0.009328344,
      0,
      -0.9987811,
      0.0027094656,
      -0.049286045,
      0,
      0.049309026,
      0.009205964,
      -0.9987413,
      0,
      0.29001188,
      0.018053783,
      3.5790863,
      0.99999994
    ],
    "timestamp" : 235178947760,
    "trackingState" : "Normal"
  },
  {
    "transform" : [
      -0.0033897015,
      -0.9999744,
      -0.0063003376,
      0,
      -0.99843997,
      0.0037355153,
      -0.055712506,
      0,
      0.0557346,
      0.0061016586,
      -0.99842715,
      0,
      0.29005617,
      0.019450184,
      3.5822313,
      1
    ],
    "timestamp" : 235178964420,
    "trackingState" : "Normal"
  },
  {
    "transform" : [
      -0.0048550996,
      -0.99998564,
      -0.0022699714,
      0,
      -0.99806696,
      0.0049864054,
      -0.061948188,
      0,
      0.061958607,
      0.0019648185,
      -0.998077,
      0,
      0.29011136,
      0.020882826,
      3.5852923,
      1
    ],
    "timestamp" : 235178981081,
    "trackingState" : "Normal"
  },
  {
    "transform" : [
      -0.0062722377,
      -0.99997824,
      0.0020477977,
      0,
      -0.9978058,
      0.006123603,
      -0.065926485,
      0,
      0.0659125,
      -0.0024568106,
      -0.9978225,
      0,
      0.28999645,
      0.02198938,
      3.5881324,
      1
    ],
    "timestamp" : 235178997741,
    "trackingState" : "Normal"
  },
  {
    "transform" : [
      -0.007364176,
      -0.9999474,
      0.0071457,
      0,
      -0.9976491,
      0.006859978,
      -0.0681871,
      0,
      0.06813447,
      -0.007631042,
      -0.9976471,
      0,
      0.28983927,
      0.023239277,
      3.5909867,
      1
    ],
    "timestamp" : 235179014402,
    "trackingState" : "Normal"
  },
  {
    "transform" : [
      -0.0085958345,
      -0.9998774,
      0.0130928345,
      0,
      -0.9973605,
      0.007628671,
      -0.07220806,
      0,
      0.07209932,
      -0.013678962,
      -0.9973038,
      0,
      0.28974485,
      0.02472581,
      3.5938694,
      1
    ],
    "timestamp" : 235179031063,
    "trackingState" : "Normal"
  },
  {
    "transform" : [
      -0.010181821,
      -0.9997499,
      0.019913187,
      0,
      -0.99681276,
      0.008572081,
      -0.07931577,
      0,
      0.07912522,
      -0.020657292,
      -0.99665076,
      0,
      0.28976005,
      0.026341643,
      3.596686,
      0.99999994
    ],
    "timestamp" : 235179047723,
    "trackingState" : "Normal"
  },
  {
    "transform" : [
      -0.012125358,
      -0.9995566,
      0.02719752,
      0,
      -0.9962621,
      0.00974995,
      -0.085831545,
      0,
      0.0855283,
      -0.02813659,
      -0.99593854,
      0,
      0.2898964,
      0.02800601,
      3.5994608,
      1
    ],
    "timestamp" : 235179064384,
    "trackingState" : "Normal"
  },
  {
    "transform" : [
      -0.0139287375,
      -0.9993014,
      0.034682285,
      0,
      -0.99594474,
      0.0107819885,
      -0.089319244,
      0,
      0.088882886,
      -0.03578574,
      -0.9953991,
      0,
      0.29009864,
      0.029663008,
      3.6022367,
      1
    ],
    "timestamp" : 235179081044,
    "trackingState" : "Normal"
  },
  {
    "transform" : [
      -0.015848214,
      -0.9990202,
      0.04132195,
      0,
      -0.9959192,
      0.012099755,
      -0.08943526,
      0,
      0.08884762,
      -0.042570706,
      -0.99513525,
      0,
      0.29036203,
      0.031307817,
      3.6050942,
      0.99999994
    ],
    "timestamp" : 235179097705,
    "trackingState" : "Normal"
  },
  {
    "transform" : [
      -0.017790152,
      -0.9987263,
      0.047215823,
      0,
      -0.99590194,
      0.013512165,
      -0.089425296,
      0,
      0.08867339,
      -0.048613213,
      -0.9948739,
      0,
      0.2910892,
      0.03367268,
      3.6082804,
      1
    ],
    "timestamp" : 235179114365,
    "trackingState" : "Normal"
  },
  {
    "transform" : [
      -0.019661944,
      -0.9984159,
      0.05271765,
      0,
      -0.99576354,
      0.014817994,
      -0.09074999,
      0,
      0.08982505,
      -0.054278627,
      -0.9944775,
      0,
      0.2916824,
      0.035584047,
      3.6113486,
      0.99999994
    ],
    "timestamp" : 235179131026,
    "trackingState" : "Normal"
  },
  {
    "transform" : [
      -0.020609718,
      -0.9980992,
      0.0580799,
      0,
      -0.9956323,
      0.015198456,
      -0.09211679,
      0,
      0.091058955,
      -0.05972471,
      -0.99405307,
      0,
      0.29222918,
      0.037333556,
      3.6144462,
      0.99999994
    ],
    "timestamp" : 235179147687,
    "trackingState" : "Normal"
  },
  {
    "transform" : [
      -0.020560617,
      -0.9978245,
      0.06263931,
      0,
      -0.995576,
      0.014688346,
      -0.09280539,
      0,
      0.09168341,
      -0.06427032,
      -0.9937121,
      0,
      0.29277852,
      0.039005507,
      3.6176753,
      1
    ],
    "timestamp" : 235179164347,
    "trackingState" : "Normal"
  },
  {
    "transform" : [
      -0.019717904,
      -0.9976238,
      0.066013984,
      0,
      -0.99553496,
      0.013494682,
      -0.09342335,
      0,
      0.09231051,
      -0.067561336,
      -0.9934356,
      0,
      0.29341236,
      0.040616866,
      3.6210678,
      0.9999999
    ],
    "timestamp" : 235179181008,
    "trackingState" : "Normal"
  },
  {
    "transform" : [
      -0.018360177,
      -0.99751115,
      0.06807602,
      0,
      -0.995538,
      0.011935781,
      -0.09360382,
      0,
      0.09255831,
      -0.06949086,
      -0.99327946,
      0,
      0.29523268,
      0.041966736,
      3.6244416,
      0.99999994
    ],
    "timestamp" : 235179197668,
    "trackingState" : "Normal"
  },
  {
    "transform" : [
      -0.017182674,
      -0.9974877,
      0.068725,
      0,
      -0.99557143,
      0.01071484,
      -0.09339622,
      0,
      0.09242519,
      -0.07002544,
      -0.9932544,
      0,
      0.29687205,
      0.04332995,
      3.628038,
      1
    ],
    "timestamp" : 235179214329,
    "trackingState" : "Normal"
  },
  {
    "transform" : [
      -0.016163394,
      -0.9974697,
      0.06923165,
      0,
      -0.99560374,
      0.009666755,
      -0.09316604,
      0,
      0.092261046,
      -0.07043316,
      -0.9932408,
      0,
      0.29817533,
      0.0447743,
      3.6317997,
      1
    ],
    "timestamp" : 235179230990,
    "trackingState" : "Normal"
  },
  {
    "transform" : [
      -0.01501392,
      -0.9973575,
      0.071082614,
      0,
      -0.99559784,
      0.008333708,
      -0.09335813,
      0,
      0.09251904,
      -0.07217136,
      -0.99309206,
      0,
      0.29946673,
      0.04625656,
      3.6355617,
      1.0000001
    ],
    "timestamp" : 235179247650,
    "trackingState" : "Normal"
  },
  {
    "transform" : [
      -0.013694826,
      -0.99717754,
      0.07381959,
      0,
      -0.99569184,
      0.0068288553,
      -0.092471994,
      0,
      0.09170689,
      -0.074767955,
      -0.9929752,
      0,
      0.3008361,
      0.047754478,
      3.6393354,
      0.99999994
    ],
    "timestamp" : 235179264311,
    "trackingState" : "Normal"
  },
  {
    "transform" : [
      -0.012185158,
      -0.99695677,
      0.076999284,
      0,
      -0.9958866,
      0.005185401,
      -0.09046079,
      0,
      0.0897862,
      -0.077784814,
      -0.9929191,
      0,
      0.30230436,
      0.049264885,
      3.643157,
      1
    ],
    "timestamp" : 235179280971,
    "trackingState" : "Normal"
  },
  {
    "transform" : [
      -0.010705,
      -0.996699,
      0.08047779,
      0,
      -0.99602437,
      0.0035105182,
      -0.08901227,
      0,
      0.0884359,
      -0.08111071,
      -0.9927742,
      0,
      0.30390802,
      0.050800208,
      3.6470208,
      1
    ],
    "timestamp" : 235179297632,
    "trackingState" : "Normal"
  },
  {
    "transform" : [
      -0.009811431,
      -0.9963694,
      0.08456766,
      0,
      -0.9960466,
      0.0022710075,
      -0.088803224,
      0,
      0.08828876,
      -0.085104614,
      -0.9924526,
      0,
      0.3061045,
      0.052573137,
      3.6503932,
      0.9999999
    ],
    "timestamp" : 235179314292,
    "trackingState" : "Normal"
  },
  {
    "transform" : [
      -0.0092321215,
      -0.995945,
      0.08948894,
      0,
      -0.99604684,
      0.0012522212,
      -0.088820845,
      0,
      0.08834861,
      -0.08995517,
      -0.99201953,
      0,
      0.30832535,
      0.054310367,
      3.65394,
      0.99999994
    ],
    "timestamp" : 235179330953,
    "trackingState" : "Normal"
  },
  {
    "transform" : [
      -0.0084253,
      -0.9954505,
      0.09490732,
      0,
      -0.99611455,
      3.4454875e-05,
      -0.08806769,
      0,
      0.08766375,
      -0.09528054,
      -0.9915831,
      0,
      0.31047148,
      0.056015782,
      3.6577504,
      1
    ],
    "timestamp" : 235179347614,
    "trackingState" : "Normal"
  },
  {
    "transform" : [
      -0.0071363146,
      -0.9949294,
      0.100323275,
      0,
      -0.9962589,
      -0.0015667926,
      -0.08640536,
      0,
      0.08612439,
      -0.100564554,
      -0.9911961,
      0,
      0.31264517,
      0.05777908,
      3.6617062,
      1
    ],
    "timestamp" : 235179364274,
    "trackingState" : "Normal"
  },
  {
    "transform" : [
      -0.0058220197,
      -0.99440885,
      0.10543862,
      0,
      -0.99638,
      -0.0031742093,
      -0.08495377,
      0,
      0.08481344,
      -0.10555151,
      -0.99079055,
      0,
      0.31491965,
      0.059642397,
      3.6657643,
      1
    ],
    "timestamp" : 235179380935,
    "trackingState" : "Normal"
  },
  {
    "transform" : [
      -0.005295192,
      -0.9938207,
      0.110870585,
      0,
      -0.9964063,
      -0.00412904,
      -0.08460035,
      0,
      0.08453537,
      -0.11092013,
      -0.9902275,
      0,
      0.31754744,
      0.06160053,
      3.6689847,
      0.9999999
    ],
    "timestamp" : 235179397595,
    "trackingState" : "Normal"
  },
  {
    "transform" : [
      -0.00547013,
      -0.993134,
      0.116854444,
      0,
      -0.99642617,
      -0.0044368547,
      -0.08435258,
      0,
      0.084291875,
      -0.116898224,
      -0.98956054,
      0,
      0.32026255,
      0.06365353,
      3.6724885,
      1
    ],
    "timestamp" : 235179414256,
    "trackingState" : "Normal"
  },
  {
    "transform" : [
      -0.005760686,
      -0.99239635,
      0.12294794,
      0,
      -0.9965272,
      -0.0045162356,
      -0.08314559,
      0,
      0.08306863,
      -0.12299993,
      -0.988924,
      0,
      0.3229467,
      0.06579787,
      3.676413,
      0.99999994
    ],
    "timestamp" : 235179430917,
    "trackingState" : "Normal"
  },
  {
    "transform" : [
      -0.005318112,
      -0.9916847,
      0.12858202,
      0,
      -0.99666184,
      -0.005219188,
      -0.08147448,
      0,
      0.08146807,
      -0.12858605,
      -0.9883466,
      0,
      0.3255895,
      0.06804592,
      3.680517,
      1
    ],
    "timestamp" : 235179447577,
    "trackingState" : "Normal"
  },
  {
    "transform" : [
      -0.0037475962,
      -0.99108887,
      0.13314933,
      0,
      -0.9967702,
      -0.0069790017,
      -0.0800027,
      0,
      0.08021903,
      -0.13301909,
      -0.9878619,
      0,
      0.32820445,
      0.07040086,
      3.6847312,
      0.99999994
    ],
    "timestamp" : 235179464238,
    "trackingState" : "Normal"
  },
  {
    "transform" : [
      -0.0013822159,
      -0.9906401,
      0.13649306,
      0,
      -0.99684834,
      -0.009461546,
      -0.0787648,
      0,
      0.079319,
      -0.13617174,
      -0.98750496,
      0,
      0.3308487,
      0.0728493,
      3.689026,
      0.99999994
    ],
    "timestamp" : 235179480898,
    "trackingState" : "Normal"
  },
  {
    "transform" : [
      0.0015713947,
      -0.99026316,
      0.13919958,
      0,
      -0.9969834,
      -0.012353325,
      -0.0766266,
      0,
      0.07760006,
      -0.13865925,
      -0.9872953,
      0,
      0.3335569,
      0.07533067,
      3.6933196,
      0.99999994
    ],
    "timestamp" : 235179497559,
    "trackingState" : "Normal"
  },
  {
    "transform" : [
      0.004698128,
      -0.98979,
      0.14245608,
      0,
      -0.99720293,
      -0.015263993,
      -0.07316758,
      0,
      0.07459497,
      -0.14171384,
      -0.9870932,
      0,
      0.33620527,
      0.07762896,
      3.6974216,
      1
    ],
    "timestamp" : 235179514219,
    "trackingState" : "Normal"
  },
  {
    "transform" : [
      0.0075924546,
      -0.9892026,
      0.14635809,
      0,
      -0.99751663,
      -0.017741108,
      -0.06816128,
      0,
      0.07002186,
      -0.1454771,
      -0.98688084,
      0,
      0.33901155,
      0.08002543,
      3.7015498,
      1
    ],
    "timestamp" : 235179530880,
    "trackingState" : "Normal"
  },
  {
    "transform" : [
      0.010367548,
      -0.9885313,
      0.15065968,
      0,
      -0.9979213,
      -0.019812148,
      -0.061323237,
      0,
      0.06360482,
      -0.14971071,
      -0.9866819,
      0,
      0.34191784,
      0.08239797,
      3.7056913,
      0.9999998
    ],
    "timestamp" : 235179547541,
    "trackingState" : "Normal"
  },
  {
    "transform" : [
      0.013024229,
      -0.9878482,
      0.15487581,
      0,
      -0.998352,
      -0.021504706,
      -0.053207964,
      0,
      0.05589193,
      -0.15392755,
      -0.98650026,
      0,
      0.34494126,
      0.0847024,
      3.709885,
      1
    ],
    "timestamp" : 235179564201,
    "trackingState" : "Normal"
  },
  {
    "transform" : [
      0.015429934,
      -0.9872694,
      0.15830694,
      0,
      -0.99871874,
      -0.022848956,
      -0.045152266,
      0,
      0.04819458,
      -0.15740743,
      -0.98635703,
      0,
      0.3481134,
      0.08692013,
      3.714166,
      0.99999994
    ],
    "timestamp" : 235179580862,
    "trackingState" : "Normal"
  },
  {
    "transform" : [
      0.017772967,
      -0.9868672,
      0.16055283,
      0,
      -0.99901396,
      -0.024062129,
      -0.03731291,
      0,
      0.040686116,
      -0.15973134,
      -0.98632187,
      0,
      0.35191888,
      0.089067355,
      3.7179015,
      0.99999994
    ],
    "timestamp" : 235179597522,
    "trackingState" : "Normal"
  },
  {
    "transform" : [
      0.020088905,
      -0.98669326,
      0.16134685,
      0,
      -0.999225,
      -0.025277942,
      -0.030172536,
      0,
      0.033849545,
      -0.16061565,
      -0.9864364,
      0,
      0.355482,
      0.09109693,
      3.7221797,
      0.9999999
    ],
    "timestamp" : 235179614183,
    "trackingState" : "Normal"
  },
  {
    "transform" : [
      0.021426942,
      -0.98655856,
      0.16199781,
      0,
      -0.99936146,
      -0.025769422,
      -0.024752107,
      0,
      0.02859397,
      -0.161364,
      -0.9864808,
      0,
      0.3590368,
      0.09302028,
      3.7265985,
      1
    ],
    "timestamp" : 235179630843,
    "trackingState" : "Normal"
  },
  {
    "transform" : [
      0.02159486,
      -0.9861922,
      0.16419058,
      0,
      -0.9994402,
      -0.025492294,
      -0.021667106,
      0,
      0.025553508,
      -0.16363077,
      -0.9861907,
      0,
      0.36264166,
      0.094853826,
      3.7309427,
      0.9999999
    ],
    "timestamp" : 235179647504,
    "trackingState" : "Normal"
  },
  {
    "transform" : [
      0.020910215,
      -0.98555064,
      0.16808543,
      0,
      -0.99950093,
      -0.024588982,
      -0.01983463,
      0,
      0.023681063,
      -0.16758677,
      -0.98557305,
      0,
      0.3662559,
      0.09662437,
      3.7351706,
      1.0000001
    ],
    "timestamp" : 235179664165,
    "trackingState" : "Normal"
  },
  {
    "transform" : [
      0.020185847,
      -0.9848193,
      0.17240529,
      0,
      -0.99956185,
      -0.023612956,
      -0.017850356,
      0,
      0.021650355,
      -0.1719694,
      -0.98486453,
      0,
      0.36981955,
      0.09834902,
      3.7393548,
      1
    ],
    "timestamp" : 235179680825,
    "trackingState" : "Normal"
  },
  {
    "transform" : [
      0.020617066,
      -0.9843375,
      0.17508467,
      0,
      -0.9996102,
      -0.02359316,
      -0.014933407,
      0,
      0.018830301,
      -0.1747085,
      -0.9844403,
      0,
      0.37293753,
      0.09981873,
      3.7435083,
      1
    ],
    "timestamp" : 235179697486,
    "trackingState" : "Normal"
  },
  {
    "transform" : [
      0.022634692,
      -0.9842242,
      0.17547196,
      0,
      -0.9996263,
      -0.024972126,
      -0.011123945,
      0,
      0.015330346,
      -0.17515458,
      -0.98442173,
      0,
      0.37601644,
      0.10130128,
      3.7477987,
      1
    ],
    "timestamp" : 235179714146,
    "trackingState" : "Normal"
  },
  {
    "transform" : [
      0.025496634,
      -0.9841544,
      0.17547147,
      0,
      -0.99960124,
      -0.027230306,
      -0.007479064,
      0,
      0.012138682,
      -0.17521079,
      -0.98445624,
      0,
      0.37907615,
      0.10282601,
      3.752125,
      1
    ],
    "timestamp" : 235179730807,
    "trackingState" : "Normal"
  },
  {
    "transform" : [
      0.028342146,
      -0.9838345,
      0.17682375,
      0,
      -0.9995473,
      -0.029681055,
      -0.004931111,
      0,
      0.010099697,
      -0.17660391,
      -0.98423034,
      0,
      0.38203484,
      0.10432483,
      3.7563727,
      1
    ],
    "timestamp" : 235179747467,
    "trackingState" : "Normal"
  },
  {
    "transform" : [
      0.03045638,
      -0.9834503,
      0.17860049,
      0,
      -0.9994887,
      -0.031705983,
      -0.0041458784,
      0,
      0.009739954,
      -0.1783829,
      -0.98391306,
      0,
      0.38495514,
      0.105762474,
      3.7605777,
      0.99999994
    ],
    "timestamp" : 235179764128,
    "trackingState" : "Normal"
  },
  {
    "transform" : [
      0.031800073,
      -0.9832855,
      0.17927216,
      0,
      -0.9994445,
      -0.033073813,
      -0.004119989,
      0,
      0.009980325,
      -0.17904153,
      -0.98379105,
      0,
      0.38788605,
      0.10711465,
      3.764812,
      1
    ],
    "timestamp" : 235179780789,
    "trackingState" : "Normal"
  },
  {
    "transform" : [
      0.032766856,
      -0.98324186,
      0.1793376,
      0,
      -0.99941856,
      -0.03392715,
      -0.0034058434,
      0,
      0.009433166,
      -0.17912173,
      -0.9837819,
      0,
      0.39077756,
      0.10815969,
      3.7691379,
      1
    ],
    "timestamp" : 235179797449,
    "trackingState" : "Normal"
  },
  {
    "transform" : [
      0.033547543,
      -0.98303294,
      0.1803356,
      0,
      -0.9994049,
      -0.034446467,
      -0.0018545636,
      0,
      0.008035007,
      -0.18016605,
      -0.9836036,
      0,
      0.39360395,
      0.109134726,
      3.77334,
      1
    ],
    "timestamp" : 235179814110,
    "trackingState" : "Normal"
  },
  {
    "transform" : [
      0.03388887,
      -0.9825413,
      0.18293226,
      0,
      -0.99940157,
      -0.034586716,
      -0.0006248111,
      0,
      0.0069409115,
      -0.1828016,
      -0.9831255,
      0,
      0.3963654,
      0.11009108,
      3.77735,
      1
    ],
    "timestamp" : 235179830770,
    "trackingState" : "Normal"
  },
  {
    "transform" : [
      0.033938143,
      -0.9818919,
      0.18637772,
      0,
      -0.99940497,
      -0.034491524,
      0.0002735887,
      0,
      0.006159804,
      -0.1862761,
      -0.98247826,
      0,
      0.39907435,
      0.111006066,
      3.781243,
      0.9999999
    ],
    "timestamp" : 235179847431,
    "trackingState" : "Normal"
  },
  {
    "transform" : [
      0.034437414,
      -0.98146915,
      0.18850064,
      0,
      -0.9993985,
      -0.034589488,
      0.002483707,
      0,
      0.004082444,
      -0.1884728,
      -0.9820701,
      0,
      0.40169454,
      0.11186235,
      3.78517,
      0.99999994
    ],
    "timestamp" : 235179864092,
    "trackingState" : "Normal"
  },
  {
    "transform" : [
      0.036052838,
      -0.98143774,
      0.1883619,
      0,
      -0.99934995,
      -0.035367902,
      0.0069971457,
      0,
      -0.00020531216,
      -0.18849169,
      -0.9820749,
      0,
      0.40419123,
      0.11264979,
      3.7891986,
      1
    ],
    "timestamp" : 235179880752,
    "trackingState" : "Normal"
  },
  {
    "transform" : [
      0.038404305,
      -0.9817199,
      0.18641648,
      0,
      -0.99924636,
      -0.03667845,
      0.012699465,
      0,
      -0.0056298645,
      -0.1867637,
      -0.9823888,
      0,
      0.4065811,
      0.113361165,
      3.7932887,
      0.9999999
    ],
    "timestamp" : 235179897413,
    "trackingState" : "Normal"
  },
  {
    "transform" : [
      0.041053966,
      -0.9818997,
      0.18489897,
      0,
      -0.9990997,
      -0.038360853,
      0.018120617,
      0,
      -0.010699762,
      -0.18547642,
      -0.9825906,
      0,
      0.40871543,
      0.113401935,
      3.7970762,
      0.99999994
    ],
    "timestamp" : 235179914073,
    "trackingState" : "Normal"
  },
  {
    "transform" : [
      0.043691467,
      -0.9819182,
      0.18419473,
      0,
      -0.9989337,
      -0.040183432,
      0.022736905,
      0,
      -0.014924219,
      -0.18499172,
      -0.98262686,
      0,
      0.410839,
      0.11373551,
      3.8009596,
      0.99999994
    ],
    "timestamp" : 235179930734,
    "trackingState" : "Normal"
  },
  {
    "transform" : [
      0.04593478,
      -0.98197186,
      0.18336084,
      0,
      -0.9987718,
      -0.04173426,
      0.026704073,
      0,
      -0.018570235,
      -0.18436228,
      -0.98268294,
      0,
      0.41291898,
      0.1140989,
      3.8049016,
      0.9999999
    ],
    "timestamp" : 235179947394,
    "trackingState" : "Normal"
  },
  {
    "transform" : [
      0.047492214,
      -0.9821549,
      0.18197906,
      0,
      -0.9986367,
      -0.042734973,
      0.029976482,
      0,
      -0.021664692,
      -0.18315458,
      -0.9828455,
      0,
      0.41500583,
      0.11438993,
      3.8089108,
      1.0000001
    ],
    "timestamp" : 235179964055,
    "trackingState" : "Normal"
  },
  {
    "transform" : [
      0.048097786,
      -0.98258156,
      0.17950033,
      0,
      -0.9985564,
      -0.042997725,
      0.03219808,
      0,
      -0.023919147,
      -0.1807898,
      -0.9832312,
      0,
      0.4171498,
      0.114592195,
      3.8129866,
      1.0000001
    ],
    "timestamp" : 235179980716,
    "trackingState" : "Normal"
  },
  {
    "transform" : [
      0.04818937,
      -0.98321664,
      0.17596282,
      0,
      -0.9985076,
      -0.04288718,
      0.03381427,
      0,
      -0.02570022,
      -0.17732967,
      -0.98381597,
      0,
      0.42018452,
      0.114367895,
      3.8166885,
      1
    ],
    "timestamp" : 235179997376,
    "trackingState" : "Normal"
  },
  {
    "transform" : [
      0.048203666,
      -0.98397475,
      0.17166835,
      0,
      -0.99843115,
      -0.04256485,
      0.036379963,
      0,
      -0.028489945,
      -0.17315267,
      -0.9844829,
      0,
      0.42264014,
      0.114278935,
      3.8206785,
      0.9999999
    ],
    "timestamp" : 235180014037,
    "trackingState" : "Normal"
  },
  {
    "transform" : [
      0.049007513,
      -0.984677,
      0.16736051,
      0,
      -0.9982686,
      -0.042831745,
      0.040315513,
      0,
      -0.032529432,
      -0.16904649,
      -0.9850712,
      0,
      0.42483222,
      0.11417653,
      3.8247128,
      0.99999994
    ],
    "timestamp" : 235180030697,
    "trackingState" : "Normal"
  },
  {
    "transform" : [
      0.05070552,
      -0.9851874,
      0.16381334,
      0,
      -0.9980059,
      -0.043809094,
      0.045443352,
      0,
      -0.037593722,
      -0.16579089,
      -0.98544425,
      0,
      0.42683908,
      0.114043176,
      3.8286848,
      1
    ],
    "timestamp" : 235180047358,
    "trackingState" : "Normal"
  },
  {
    "transform" : [
      0.05281376,
      -0.98549676,
      0.16126665,
      0,
      -0.99766606,
      -0.045072272,
      0.051293343,
      0,
      -0.043280784,
      -0.16359924,
      -0.98557717,
      0,
      0.42872518,
      0.11386354,
      3.8325849,
      1
    ],
    "timestamp" : 235180064019,
    "trackingState" : "Normal"
  },
  {
    "transform" : [
      0.055277925,
      -0.98578274,
      0.1586721,
      0,
      -0.9972345,
      -0.04660143,
      0.057894003,
      0,
      -0.049676582,
      -0.16143352,
      -0.9856326,
      0,
      0.43052864,
      0.113622226,
      3.8364892,
      0.99999994
    ],
    "timestamp" : 235180080679,
    "trackingState" : "Normal"
  },
  {
    "transform" : [
      0.058296297,
      -0.9861879,
      0.15503213,
      0,
      -0.9966282,
      -0.04851091,
      0.066172466,
      0,
      -0.057737757,
      -0.158367,
      -0.98569083,
      0,
      0.43252358,
      0.113403246,
      3.840175,
      0.99999994
    ],
    "timestamp" : 235180097340,
    "trackingState" : "Normal"
  },
  {
    "transform" : [
      0.061928704,
      -0.986752,
      0.14995134,
      0,
      -0.995842,
      -0.051031485,
      0.07546299,
      0,
      -0.06681104,
      -0.15400116,
      -0.9858094,
      0,
      0.4342916,
      0.11308033,
      3.8441138,
      0.99999994
    ],
    "timestamp" : 235180114000,
    "trackingState" : "Normal"
  },
  {
    "transform" : [
      0.064899825,
      -0.98738563,
      0.14442183,
      0,
      -0.9951013,
      -0.053220995,
      0.08331316,
      0,
      -0.074575976,
      -0.14912134,
      -0.9860028,
      0,
      0.43588868,
      0.11265431,
      3.8482535,
      1
    ],
    "timestamp" : 235180130661,
    "trackingState" : "Normal"
  },
  {
    "transform" : [
      0.066610664,
      -0.98796284,
      0.13961583,
      0,
      -0.9946229,
      -0.054625798,
      0.08798589,
      0,
      -0.07930019,
      -0.14472589,
      -0.9862891,
      0,
      0.43747446,
      0.11213748,
      3.852403,
      1
    ],
    "timestamp" : 235180147321,
    "trackingState" : "Normal"
  },
  {
    "transform" : [
      0.06715132,
      -0.98853767,
      0.13521898,
      0,
      -0.99427354,
      -0.055008512,
      0.0916202,
      0,
      -0.083131835,
      -0.14059706,
      -0.9865708,
      0,
      0.43910134,
      0.11152413,
      3.856565,
      1
    ],
    "timestamp" : 235180163982,
    "trackingState" : "Normal"
  },
  {
    "transform" : [
      0.06763117,
      -0.9891813,
      0.13017857,
      0,
      -0.99382067,
      -0.055281162,
      0.096253514,
      0,
      -0.088015765,
      -0.13588387,
      -0.98680747,
      0,
      0.4407035,
      0.110802084,
      3.8607945,
      1
    ],
    "timestamp" : 235180180643,
    "trackingState" : "Normal"
  },
  {
    "transform" : [
      0.06859307,
      -0.9897588,
      0.12519029,
      0,
      -0.9932171,
      -0.05593942,
      0.10193496,
      0,
      -0.09388798,
      -0.13133316,
      -0.9868824,
      0,
      0.44224256,
      0.10980494,
      3.864517,
      1
    ],
    "timestamp" : 235180197303,
    "trackingState" : "Normal"
  },
  {
    "transform" : [
      0.069652155,
      -0.99019605,
      0.121079996,
      0,
      -0.99257886,
      -0.056663275,
      0.10759402,
      0,
      -0.09967842,
      -0.12767561,
      -0.9867945,
      0,
      0.44367146,
      0.10878334,
      3.8684132,
      0.9999999
    ],
    "timestamp" : 235180213964,
    "trackingState" : "Normal"
  },
  {
    "transform" : [
      0.06983064,
      -0.9905162,
      0.11832742,
      0,
      -0.992016,
      -0.056465484,
      0.11276446,
      0,
      -0.10501363,
      -0.12525712,
      -0.9865509,
      0,
      0.4450064,
      0.10774052,
      3.8725352,
      0.9999998
    ],
    "timestamp" : 235180230624,
    "trackingState" : "Normal"
  },
  {
    "transform" : [
      0.06882591,
      -0.9908133,
      0.116413616,
      0,
      -0.9916534,
      -0.05519371,
      0.11652218,
      0,
      -0.10902645,
      -0.123461686,
      -0.9863422,
      0,
      0.44628894,
      0.10662577,
      3.8767798,
      1.0000001
    ],
    "timestamp" : 235180247285,
    "trackingState" : "Normal"
  },
  {
    "transform" : [
      0.066983804,
      -0.9912224,
      0.11398011,
      0,
      -0.9914931,
      -0.05335008,
      0.118724,
      0,
      -0.11160106,
      -0.12096306,
      -0.9863637,
      0,
      0.4474692,
      0.1054469,
      3.8811686,
      0.99999994
    ],
    "timestamp" : 235180263945,
    "trackingState" : "Normal"
  },
  {
    "transform" : [
      0.0647868,
      -0.99172986,
      0.11079095,
      0,
      -0.99143815,
      -0.05135585,
      0.120054595,
      0,
      -0.11337199,
      -0.11762031,
      -0.98656595,
      0,
      0.44847825,
      0.10421614,
      3.8857164,
      0.99999994
    ],
    "timestamp" : 235180280606,
    "trackingState" : "Normal"
  },
  {
    "transform" : [
      0.0625121,
      -0.99227846,
      0.10712617,
      0,
      -0.9914656,
      -0.049437463,
      0.12063215,
      0,
      -0.11440464,
      -0.11375287,
      -0.9869004,
      0,
      0.44930103,
      0.102949515,
      3.89039,
      1
    ],
    "timestamp" : 235180297267,
    "trackingState" : "Normal"
  },
  {
    "transform" : [
      0.059980683,
      -0.99285775,
      0.10312946,
      0,
      -0.9914988,
      -0.0473083,
      0.12121037,
      0,
      -0.1154658,
      -0.10952301,
      -0.987255,
      0,
      0.45036426,
      0.10149714,
      3.8951168,
      0.99999994
    ],
    "timestamp" : 235180313927,
    "trackingState" : "Normal"
  },
  {
    "transform" : [
      0.057024684,
      -0.9934836,
      0.098685026,
      0,
      -0.9914394,
      -0.044722177,
      0.12267066,
      0,
      -0.11745789,
      -0.10483545,
      -0.98752904,
      0,
      0.45103946,
      0.1001098,
      3.8999927,
      1
    ],
    "timestamp" : 235180330588,
    "trackingState" : "Normal"
  },
  {
    "transform" : [
      0.053805318,
      -0.9941021,
      0.094159834,
      0,
      -0.99125654,
      -0.041796867,
      0.12515436,
      0,
      -0.12048066,
      -0.10007051,
      -0.9876591,
      0,
      0.45147175,
      0.09873062,
      3.904959,
      1
    ],
    "timestamp" : 235180347248,
    "trackingState" : "Normal"
  },
  {
    "transform" : [
      0.05077491,
      -0.9946189,
      0.09030531,
      0,
      -0.9909489,
      -0.038923007,
      0.12847278,
      0,
      -0.12426653,
      -0.09601114,
      -0.9875928,
      0,
      0.45165887,
      0.09734337,
      3.9099858,
      0.9999999
    ],
    "timestamp" : 235180363909,
    "trackingState" : "Normal"
  },
  {
    "transform" : [
      0.048272874,
      -0.99501085,
      0.087310955,
      0,
      -0.9905769,
      -0.036473878,
      0.13201189,
      0,
      -0.12816872,
      -0.092860796,
      -0.9873955,
      0,
      0.4516063,
      0.09594568,
      3.9150808,
      0.99999994
    ],
    "timestamp" : 235180380570,
    "trackingState" : "Normal"
  },
  {
    "transform" : [
      0.046337962,
      -0.99536365,
      0.084284835,
      0,
      -0.99018186,
      -0.034629047,
      0.1354278,
      0,
      -0.13188122,
      -0.089732766,
      -0.98719573,
      0,
      0.45115957,
      0.0945022,
      3.9200633,
      0.9999999
    ],
    "timestamp" : 235180397230,
    "trackingState" : "Normal"
  },
  {
    "transform" : [
      0.04499123,
      -0.99571645,
      0.080774345,
      0,
      -0.98975635,
      -0.033463087,
      0.13878918,
      0,
      -0.13549173,
      -0.08619122,
      -0.9870223,
      0,
      0.45063433,
      0.09303589,
      3.925284,
      0.9999999
    ],
    "timestamp" : 235180413891,
    "trackingState" : "Normal"
  },
  {
    "transform" : [
      0.043761764,
      -0.99610883,
      0.07649914,
      0,
      -0.98924255,
      -0.032506656,
      0.14262682,
      0,
      -0.13958514,
      -0.08191782,
      -0.98681587,
      0,
      0.45005736,
      0.0915519,
      3.9307725,
      0.99999994
    ],
    "timestamp" : 235180430551,
    "trackingState" : "Normal"
  },
  {
    "transform" : [
      0.043684293,
      -0.99648106,
      0.07153469,
      0,
      -0.9885033,
      -0.032737818,
      0.14761296,
      0,
      -0.14475165,
      -0.07716064,
      -0.986455,
      0,
      0.44932854,
      0.090040796,
      3.9364812,
      1
    ],
    "timestamp" : 235180447212,
    "trackingState" : "Normal"
  },
  {
    "transform" : [
      0.04499378,
      -0.99687,
      0.06500685,
      0,
      -0.98732257,
      -0.03445901,
      0.15494093,
      0,
      -0.15221591,
      -0.07115411,
      -0.98578274,
      0,
      0.44841233,
      0.08851141,
      3.9424415,
      1
    ],
    "timestamp" : 235180463872,
    "trackingState" : "Normal"
  },
  {
    "transform" : [
      0.04721122,
      -0.9972261,
      0.057543404,
      0,
      -0.98578787,
      -0.03721667,
      0.16382079,
      0,
      -0.16122483,
      -0.06445976,
      -0.9848105,
      0,
      0.44735014,
      0.08697278,
      3.948608,
      0.9999999
    ],
    "timestamp" : 235180480533,
    "trackingState" : "Normal"
  },
  {
    "transform" : [
      0.050014287,
      -0.997482,
      0.050282665,
      0,
      -0.9841512,
      -0.040644616,
      0.17261098,
      0,
      -0.17013264,
      -0.058118753,
      -0.9837059,
      0,
      0.44618776,
      0.08541809,
      3.9549036,
      1
    ],
    "timestamp" : 235180497194,
    "trackingState" : "Normal"
  },
  {
    "transform" : [
      0.052799888,
      -0.9976854,
      0.04285155,
      0,
      -0.9825127,
      -0.044228513,
      0.1808665,
      0,
      -0.1785526,
      -0.051651925,
      -0.9825738,
      0,
      0.44534364,
      0.08391135,
      3.9617655,
      1
    ],
    "timestamp" : 235180513854,
    "trackingState" : "Normal"
  },
  {
    "transform" : [
      0.055527184,
      -0.99785525,
      0.034663726,
      0,
      -0.98088205,
      -0.048031654,
      0.18858247,
      0,
      -0.18651307,
      -0.04447248,
      -0.98144543,
      0,
      0.44424,
      0.08237733,
      3.9684737,
      0.99999994
    ],
    "timestamp" : 235180530515,
    "trackingState" : "Normal"
  },
  {
    "transform" : [
      0.05826307,
      -0.99796057,
      0.02607754,
      0,
      -0.97919834,
      -0.05204297,
      0.19611755,
      0,
      -0.19436046,
      -0.036961492,
      -0.9802336,
      0,
      0.4430634,
      0.0808613,
      3.975167,
      0.9999999
    ],
    "timestamp" : 235180547175,
    "trackingState" : "Normal"
  },
  {
    "transform" : [
      0.060364902,
      -0.9980099,
      0.018232113,
      0,
      -0.9772388,
      -0.055367347,
      0.20479001,
      0,
      -0.20337303,
      -0.030179253,
      -0.9786363,
      0,
      0.44191703,
      0.07937075,
      3.9818294,
      1.0000001
    ],
    "timestamp" : 235180563836,
    "trackingState" : "Normal"
  },
  {
    "transform" : [
      0.061368722,
      -0.9980415,
      0.012131206,
      0,
      -0.9749018,
      -0.057330992,
      0.21512753,
      0,
      -0.2140107,
      -0.025028832,
      -0.97651076,
      0,
      0.44082928,
      0.077915974,
      3.9884286,
      1
    ],
    "timestamp" : 235180580496,
    "trackingState" : "Normal"
  },
  {
    "transform" : [
      0.06134464,
      -0.9980842,
      0.008045642,
      0,
      -0.9723723,
      -0.057941463,
      0.22613002,
      0,
      -0.2252307,
      -0.02169522,
      -0.97406393,
      0,
      0.4402698,
      0.07640931,
      3.9950817,
      0.9999998
    ],
    "timestamp" : 235180597157,
