[
  {
    "timestamp" : 235145443323,
    "transform" : [
      0.009794891,
      -0.8466949,
      0.5319887,
      0,
      -0.99990064,
      -0.0029002079,
      0.013794124,
      0,
      -0.010136551,
      -0.5320708,
      -0.8466393,
      0,
      1.8146249,
      0.22447821,
      1.473284,
      0.99999994
    ],
    "trackingState" : "Normal"
  },
  {
    "timestamp" : 235145459983,
    "transform" : [
      0.00904562,
      -0.84193826,
      0.5394981,
      0,
      -0.99992424,
      -0.003115905,
      0.011902779,
      0,
      -0.008340395,
      -0.53956485,
      -0.84190273,
      0,
      1.8152593,
      0.22723126,
      1.4715186,
      0.9999999
    ],
    "trackingState" : "Normal"
  },
  {
    "timestamp" : 235145476644,
    "transform" : [
      0.007933071,
      -0.8374052,
      0.5465252,
      0,
      -0.99994814,
      -0.0031407713,
      0.009702302,
      0,
      -0.0064082597,
      -0.5465737,
      -0.83738667,
      0,
      1.8158838,
      0.23004656,
      1.4697607,
      1
    ],
    "trackingState" : "Normal"
  },
  {
    "timestamp" : 235145493304,
    "transform" : [
      0.0061902287,
      -0.832962,
      0.55329573,
      0,
      -0.99997437,
      -0.0031536121,
      0.0064399955,
      0,
      -0.003619404,
      -0.55332136,
      -0.83296025,
      0,
      1.8165308,
      0.23288332,
      1.4680257,
      1
    ],
    "trackingState" : "Normal"
  },
  {
    "timestamp" : 235145509965,
    "transform" : [
      0.0035980544,
      -0.8286356,
      0.55977696,
      0,
      -0.99999356,
      -0.0028913203,
      0.0021475914,
      0,
      -0.0001610891,
      -0.559781,
      -0.8286407,
      0,
      1.8172164,
      0.23571587,
      1.466327,
      1
    ],
    "trackingState" : "Normal"
  },
  {
    "timestamp" : 235145526626,
    "transform" : [
      0.0010343322,
      -0.82450765,
      0.56585,
      0,
      -0.9999909,
      -0.0031972907,
      -0.0028309212,
      0,
      0.00414329,
      -0.56584185,
      -0.8245036,
      0,
      1.8178662,
      0.23855685,
      1.4646562,
      0.99999994
    ],
    "trackingState" : "Normal"
  },
  {
    "timestamp" : 235145543286,
    "transform" : [
      -0.00065756525,
      -0.8204001,
      0.5717896,
      0,
      -0.9999653,
      -0.004212976,
      -0.007194741,
      0,
      0.008311489,
      -0.5717744,
      -0.82036895,
      0,
      1.818375,
      0.24143077,
      1.4629763,
      0.99999994
    ],
    "trackingState" : "Normal"
  },
  {
    "timestamp" : 235145559947,
    "transform" : [
      -0.0011380635,
      -0.81611025,
      0.5778953,
      0,
      -0.99993527,
      -0.0056193415,
      -0.009904915,
      0,
      0.011330879,
      -0.57786906,
      -0.816051,
      0,
      1.8187066,
      0.2443245,
      1.4612619,
      1
    ],
    "trackingState" : "Normal"
  },
  {
    "timestamp" : 235145576607,
    "transform" : [
      -0.0012521336,
      -0.8118914,
      0.58380735,
      0,
      -0.99990517,
      -0.0069957497,
      -0.011873458,
      0,
      0.013724116,
      -0.5837668,
      -0.8118056,
      0,
      1.8189104,
      0.24723443,
      1.4595416,
      1
    ],
    "trackingState" : "Normal"
  },
  {
    "timestamp" : 235145593268,
    "transform" : [
      -0.0018055307,
      -0.8080132,
      0.58916175,
      0,
      -0.99986815,
      -0.00805112,
      -0.014105994,
      0,
      0.01614123,
      -0.58910954,
      -0.80789214,
      0,
      1.8190193,
      0.25027847,
      1.4581473,
      1
    ],
    "trackingState" : "Normal"
  },
  {
    "timestamp" : 235145609929,
    "transform" : [
      -0.0030119566,
      -0.80423206,
      0.594308,
      0,
      -0.9998131,
      -0.008931097,
      -0.017152857,
      0,
      0.019102685,
      -0.5942485,
      -0.80405474,
      0,
      1.8190957,
      0.25320587,
      1.456627,
      1
    ],
    "trackingState" : "Normal"
  },
  {
    "timestamp" : 235145626589,
    "transform" : [
      -0.0049198847,
      -0.80046993,
      0.59935284,
      0,
      -0.9997269,
      -0.009757742,
      -0.021238457,
      0,
      0.022849066,
      -0.5992936,
      -0.8002033,
      0,
      1.8191682,
      0.25604266,
      1.4549971,
      1
    ],
    "trackingState" : "Normal"
  },
  {
    "timestamp" : 235145643250,
    "transform" : [
      -0.007324603,
      -0.7963663,
      0.60477036,
      0,
      -0.9996044,
      -0.010593437,
      -0.026056118,
      0,
      0.027156806,
      -0.6047219,
      -0.7959737,
      0,
      1.819238,
      0.2588171,
      1.4532837,
      0.99999994
    ],
    "trackingState" : "Normal"
  },
  {
    "timestamp" : 235145659910,
    "transform" : [
      -0.010257592,
      -0.791918,
      0.6105415,
      0,
      -0.99944144,
      -0.0113013,
      -0.031450085,
      0,
      0.031805784,
      -0.6105229,
      -0.7913598,
      0,
      1.8192947,
      0.26153967,
      1.4515378,
      0.99999994
    ],
    "trackingState" : "Normal"
  },
  {
    "timestamp" : 235145676571,
    "transform" : [
      -0.012734302,
      -0.7879967,
      0.6155479,
      0,
      -0.9992771,
      -0.0120247565,
      -0.03606637,
      0,
      0.035821978,
      -0.61556214,
      -0.78727394,
      0,
      1.8192726,
      0.2642423,
      1.4498379,
      1
    ],
    "trackingState" : "Normal"
  },
  {
    "timestamp" : 235145693232,
    "transform" : [
      -0.01491727,
      -0.78463924,
      0.61977327,
      0,
      -0.99911153,
      -0.012739188,
      -0.040175483,
      0,
      0.03941866,
      -0.6198218,
      -0.783752,
      0,
      1.8193283,
      0.26748818,
      1.448119,
      1
    ],
    "trackingState" : "Normal"
  },
  {
    "timestamp" : 235145709892,
    "transform" : [
      -0.017319996,
      -0.78120506,
      0.62403435,
      0,
      -0.99891037,
      -0.013533778,
      -0.044667076,
      0,
      0.043339677,
      -0.6241279,
      -0.78011936,
      0,
      1.8192312,
      0.27028784,
      1.4464166,
      1
    ],
    "trackingState" : "Normal"
  },
  {
    "timestamp" : 235145726553,
    "transform" : [
      -0.019937178,
      -0.77749467,
      0.6285734,
      0,
      -0.99866474,
      -0.014481884,
      -0.04958873,
      0,
      0.047657892,
      -0.6287227,
      -0.7761678,
      0,
      1.8190602,
      0.27287957,
      1.4446609,
      0.9999999
    ],
    "trackingState" : "Normal"
  },
  {
    "timestamp" : 235145743213,
    "transform" : [
      -0.022352433,
      -0.77422553,
      0.63251525,
      0,
      -0.99842,
      -0.015340618,
      -0.05406071,
      0,
      0.05155834,
      -0.6327241,
      -0.77265924,
      0,
      1.8188195,
      0.27535635,
      1.4429382,
      1
    ],
    "trackingState" : "Normal"
  },
  {
    "timestamp" : 235145759874,
    "transform" : [
      -0.024663841,
      -0.7721141,
      0.6350052,
      0,
      -0.9982083,
      -0.015618534,
      -0.05776165,
      0,
      0.054516427,
      -0.635292,
      -0.7703455,
      0,
      1.8185066,
      0.2777779,
      1.4413323,
      0.99999994
    ],
    "trackingState" : "Normal"
  },
  {
    "timestamp" : 235145776535,
    "transform" : [
      -0.02683827,
      -0.77089,
      0.63640285,
      0,
      -0.99803126,
      -0.015437835,
      -0.060789037,
      0,
      0.05668633,
      -0.63678133,
      -0.76895803,
      0,
      1.8181498,
      0.28014117,
      1.4398066,
      0.99999994
    ],
    "trackingState" : "Normal"
  },
  {
    "timestamp" : 235145793195,
    "transform" : [
      -0.028789828,
      -0.7695951,
      0.63788307,
      0,
      -0.99782187,
      -0.015765421,
      -0.06405582,
      0,
      0.05935353,
      -0.6383377,
      -0.76746494,
      0,
      1.8177991,
      0.28238842,
      1.4382688,
      1
    ],
    "trackingState" : "Normal"
  },
  {
    "timestamp" : 235145809856,
    "transform" : [
      -0.031119876,
      -0.76753616,
      0.64024985,
      0,
      -0.99753076,
      -0.016499981,
      -0.068266116,
      0,
      0.062960826,
      -0.6407933,
      -0.7651274,
      0,
      1.8174844,
      0.28447148,
      1.4366889,
      0.9999999
    ],
    "trackingState" : "Normal"
  },
  {
    "timestamp" : 235145826516,
    "transform" : [
      -0.03431465,
      -0.7649321,
      0.64319634,
      0,
      -0.9971507,
      -0.017056208,
      -0.073482595,
      0,
      0.06717967,
      -0.64388514,
      -0.76216733,
      0,
      1.8172027,
      0.28642792,
      1.4351124,
      1
    ],
    "trackingState" : "Normal"
  },
  {
    "timestamp" : 235145843177,
    "transform" : [
      -0.03788922,
      -0.7624872,
      0.6458931,
      0,
      -0.99672854,
      -0.017341118,
      -0.07894133,
      0,
      0.071392246,
      -0.64677095,
      -0.7593357,
      0,
      1.8168999,
      0.28831664,
      1.4335916,
      1
    ],
    "trackingState" : "Normal"
  },
  {
    "timestamp" : 235145859838,
    "transform" : [
      -0.041478667,
      -0.7606385,
      0.64784944,
      0,
      -0.9962685,
      -0.017632293,
      -0.08448831,
      0,
      0.07568811,
      -0.6489364,
      -0.7570688,
      0,
      1.8165611,
      0.2901612,
      1.4321119,
      1
    ],
    "trackingState" : "Normal"
  },
  {
    "timestamp" : 235145876498,
    "transform" : [
      -0.044940885,
      -0.7590133,
      0.64952254,
      0,
      -0.9957629,
      -0.018181978,
      -0.09014445,
      0,
      0.080230415,
      -0.6508215,
      -0.7549801,
      0,
      1.8161843,
      0.2919225,
      1.4305911,
      1
    ],
    "trackingState" : "Normal"
  },
  {
    "timestamp" : 235145893159,
    "transform" : [
      -0.04853516,
      -0.7569335,
      0.6516872,
      0,
      -0.99523276,
      -0.018610356,
      -0.09573703,
      0,
      0.0845947,
      -0.6532269,
      -0.75242186,
      0,
      1.8162632,
      0.29313317,
      1.429107,
      1
    ],
    "trackingState" : "Normal"
  },
  {
    "timestamp" : 235145909819,
    "transform" : [
      -0.052342165,
      -0.75468147,
      0.6540003,
      0,
      -0.99465233,
      -0.018990526,
      -0.101519935,
      0,
      0.089035004,
      -0.65581656,
      -0.74965155,
      0,
      1.8159993,
      0.29445952,
      1.4274791,
      1
    ],
    "trackingState" : "Normal"
  },
  {
    "timestamp" : 235145926480,
    "transform" : [
      -0.056609817,
      -0.75232506,
      0.65635556,
      0,
      -0.99402314,
      -0.018994274,
      -0.107504755,
      0,
      0.0933455,
      -0.6585184,
      -0.74675316,
      0,
      1.8156018,
      0.29574302,
      1.4257935,
      1
    ],
    "trackingState" : "Normal"
  },
  {
    "timestamp" : 235145943141,
    "transform" : [
      -0.06120996,
      -0.75008047,
      0.6585081,
      0,
      -0.9933313,
      -0.018804977,
      -0.11375263,
      0,
      0.09770684,
      -0.6610794,
      -0.74392736,
      0,
      1.8151388,
      0.29694638,
      1.4241017,
      1
    ],
    "trackingState" : "Normal"
  },
  {
    "timestamp" : 235145959801,
    "transform" : [
      -0.06606746,
      -0.74857056,
      0.65975547,
      0,
      -0.9925518,
      -0.018520838,
      -0.12040753,
      0,
      0.10235277,
      -0.66279644,
      -0.74177146,
      0,
      1.8146384,
      0.298087,
      1.4224466,
      0.9999999
    ],
    "trackingState" : "Normal"
  },
  {
    "timestamp" : 235145976462,
    "transform" : [
      -0.07124678,
      -0.74834234,
      0.6594754,
      0,
      -0.9916721,
      -0.017971877,
      -0.12752947,
      0,
      0.10728772,
      -0.66306925,
      -0.74082977,
      0,
      1.8141106,
      0.29919413,
      1.4208893,
      1
    ],
    "trackingState" : "Normal"
  },
  {
    "timestamp" : 235145993122,
    "transform" : [
      -0.07667167,
      -0.7489177,
      0.6582126,
      0,
      -0.990599,
      -0.017794346,
      -0.13563609,
      0,
      0.113292746,
      -0.6624241,
      -0.74051285,
      0,
      1.8137965,
      0.30050257,
      1.4191607,
      0.99999994
    ],
    "trackingState" : "Normal"
  },
  {
    "timestamp" : 235146009783,
    "transform" : [
      -0.08210208,
      -0.7490751,
      0.65737796,
      0,
      -0.9893698,
      -0.018179214,
      -0.14428064,
      0,
      0.12002766,
      -0.6622356,
      -0.7396198,
      0,
      1.8133715,
      0.30144712,
      1.4175199,
      0.99999994
    ],
    "trackingState" : "Normal"
  },
  {
    "timestamp" : 235146026444,
    "transform" : [
      -0.087730505,
      -0.748631,
      0.6571569,
      0,
      -0.9879927,
      -0.018830672,
      -0.15334897,
      0,
      0.1271765,
      -0.6627194,
      -0.7379899,
      0,
      1.8128864,
      0.3021254,
      1.4159458,
      1
    ],
    "trackingState" : "Normal"
  },
  {
    "timestamp" : 235146043104,
    "transform" : [
      -0.09355302,
      -0.7486576,
      0.65632284,
      0,
      -0.9864238,
      -0.019665575,
      -0.1630382,
      0,
      0.13496678,
      -0.6626652,
      -0.73665386,
      0,
      1.812349,
      0.30267593,
      1.4144866,
      0.99999994
    ],
    "trackingState" : "Normal"
  },
  {
    "timestamp" : 235146059765,
    "transform" : [
      -0.099834174,
      -0.7498165,
      0.65407073,
      0,
      -0.9847157,
      -0.019832151,
      -0.17303747,
      0,
      0.14271799,
      -0.66134864,
      -0.7363761,
      0,
      1.8117473,
      0.303201,
      1.4132227,
      1
    ],
    "trackingState" : "Normal"
  },
  {
    "timestamp" : 235146076425,
    "transform" : [
      -0.10692009,
      -0.7515902,
      0.65090746,
      0,
      -0.98280495,
      -0.019230057,
      -0.18364319,
      0,
      0.15054141,
      -0.6593501,
      -0.7366105,
      0,
      1.8110956,
      0.30368218,
      1.4121208,
      1.0000001
    ],
    "trackingState" : "Normal"
  },
  {
    "timestamp" : 235146093086,
    "transform" : [
      -0.11483751,
      -0.7533274,
      0.6475418,
      0,
      -0.980644,
      -0.018094962,
      -0.19496214,
      0,
      0.15858757,
      -0.6573968,
      -0.73666793,
      0,
      1.8103603,
      0.30352345,
      1.411504,
      1.0000001
    ],
    "trackingState" : "Normal"
  },
  {
    "timestamp" : 235146109746,
    "transform" : [
      -0.122943886,
      -0.7548006,
      0.6443299,
      0,
      -0.97828853,
      -0.016975095,
      -0.20655169,
      0,
      0.16684288,
      -0.6557347,
      -0.73632574,
      0,
      1.8096416,
      0.30364457,
      1.4106464,
      1
    ],
    "trackingState" : "Normal"
  },
  {
    "timestamp" : 235146126407,
    "transform" : [
      -0.13081244,
      -0.7563792,
      0.64092034,
      0,
      -0.9757876,
      -0.016074292,
      -0.21812919,
      0,
      0.1752907,
      -0.65393597,
      -0.7359626,
      0,
      1.8088912,
      0.30379865,
      1.4097492,
      0.99999994
    ],
    "trackingState" : "Normal"
  },
  {
    "timestamp" : 235146143068,
    "transform" : [
      -0.13864385,
      -0.7584173,
      0.6368526,
      0,
      -0.9730632,
      -0.015278553,
      -0.23003237,
      0,
      0.18419072,
      -0.6515903,
      -0.7358696,
      0,
      1.8081048,
      0.3039534,
      1.4088821,
      0.99999994
    ],
    "trackingState" : "Normal"
  },
  {
    "timestamp" : 235146159728,
    "transform" : [
      -0.14664288,
      -0.7605109,
      0.63254976,
      0,
      -0.97006094,
      -0.014585603,
      -0.2424237,
      0,
      0.19359197,
      -0.6491614,
      -0.735603,
      0,
      1.8073051,
      0.30408514,
      1.4079851,
      1
    ],
    "trackingState" : "Normal"
  },
  {
    "timestamp" : 235146176389,
    "transform" : [
      -0.15448305,
      -0.762363,
      0.6284407,
      0,
      -0.9668636,
      -0.014198641,
      -0.25489846,
      0,
      0.20324817,
      -0.6469939,
      -0.73490757,
      0,
      1.8064747,
      0.30416942,
      1.4070078,
      0.99999994
    ],
    "trackingState" : "Normal"
  },
  {
    "timestamp" : 235146193050,
    "transform" : [
      -0.1620896,
      -0.76381105,
      0.6247557,
      0,
      -0.96369135,
      -0.013615911,
      -0.26667118,
      0,
      0.21219303,
      -0.6452962,
      -0.7338712,
      0,
      1.8057516,
      0.3030669,
      1.4061106,
      1
    ],
    "trackingState" : "Normal"
  },
  {
    "timestamp" : 235146209710,
    "transform" : [
      -0.16922958,
      -0.7653841,
      0.6209257,
      0,
      -0.9606433,
      -0.012717549,
      -0.2774939,
      0,
      0.22028609,
      -0.6434482,
      -0.73310894,
      0,
      1.8048868,
      0.30257487,
      1.4051665,
      0.99999994
    ],
    "trackingState" : "Normal"
  },
  {
    "timestamp" : 235146226371,
    "transform" : [
      -0.17659694,
      -0.7671307,
      0.61670417,
      0,
      -0.95745534,
      -0.011401869,
      -0.28835607,
      0,
      0.22823839,
      -0.64138955,
      -0.7324799,
      0,
      1.8039819,
      0.3024559,
      1.4041944,
      0.99999994
    ],
    "trackingState" : "Normal"
  },
  {
    "timestamp" : 235146243031,
    "transform" : [
      -0.18410246,
      -0.76857364,
      0.6126996,
      0,
      -0.95401204,
      -0.010308915,
      -0.29959074,
      0,
      0.23657382,
      -0.63967824,
      -0.73133075,
      0,
      1.8030931,
      0.3024281,
      1.4031615,
      0.9999998
    ],
    "trackingState" : "Normal"
  },
  {
    "timestamp" : 235146259692,
    "transform" : [
      -0.19140281,
      -0.7695249,
      0.60925907,
      0,
      -0.95045304,
      -0.009602938,
      -0.31072018,
      0,
      0.24495758,
      -0.63854474,
      -0.72955924,
      0,
      1.8022147,
      0.302401,
      1.4020813,
      1.0000001
    ],
    "trackingState" : "Normal"
  },
  {
    "timestamp" : 235146276352,
    "transform" : [
      -0.19851644,
      -0.7701329,
      0.6062069,
      0,
      -0.9468672,
      -0.008993817,
      -0.32149935,
      0,
      0.2530494,
      -0.6378202,
      -0.72742814,
      0,
      1.8013401,
      0.30236998,
      1.4009999,
      1
    ],
    "trackingState" : "Normal"
  },
  {
    "timestamp" : 235146293013,
    "transform" : [
      -0.20543617,
      -0.77109617,
      0.60266656,
      0,
      -0.94318575,
      -0.008323744,
      -0.3321619,
      0,
      0.26114526,
      -0.63666445,
      -0.72557676,
      0,
      1.8004861,
      0.30240026,
      1.3998605,
      0.99999994
    ],
    "trackingState" : "Normal"
  },
  {
    "timestamp" : 235146309674,
    "transform" : [
      -0.21176235,
      -0.7726128,
      0.5985201,
      0,
      -0.93956614,
      -0.0076342663,
      -0.34228262,
      0,
      0.2690212,
      -0.6348317,
      -0.7243041,
      0,
      1.7995389,
      0.30244172,
      1.3988689,
      1
    ],
    "trackingState" : "Normal"
  },
  {
    "timestamp" : 235146326334,
    "transform" : [
      -0.21798047,
      -0.7745989,
      0.59370124,
      0,
      -0.9356916,
      -0.007055044,
      -0.35274863,
      0,
      0.27742732,
      -0.6324135,
      -0.7232478,
      0,
      1.7985461,
      0.30250388,
      1.3979517,
      1
    ],
    "trackingState" : "Normal"
  },
  {
    "timestamp" : 235146342995,
    "transform" : [
      -0.22456717,
      -0.77675015,
      0.5884122,
      0,
      -0.931225,
      -0.006802562,
      -0.36438143,
      0,
      0.28703603,
      -0.6297722,
      -0.72180146,
      0,
      1.797609,
      0.3025608,
      1.3969687,
      1
    ],
    "trackingState" : "Normal"
  },
  {
    "timestamp" : 235146359655,
    "transform" : [
      -0.23120965,
      -0.77881724,
      0.5830831,
      0,
      -0.9264474,
      -0.0067381966,
      -0.3763639,
      0,
      0.2970477,
      -0.62721467,
      -0.71997535,
      0,
      1.7966884,
      0.30262882,
      1.395947,
      1
    ],
    "trackingState" : "Normal"
  },
  {
    "timestamp" : 235146376316,
    "transform" : [
      -0.23758258,
      -0.7806709,
      0.57802045,
      0,
      -0.9215013,
      -0.0070698718,
      -0.3883113,
      0,
      0.30722985,
      -0.6249025,
      -0.7177095,
      0,
      1.7957728,
      0.3027109,
      1.3948294,
      1
    ],
    "trackingState" : "Normal"
  },
  {
    "timestamp" : 235146392977,
    "transform" : [
      -0.24350856,
      -0.7821814,
      0.5734946,
      0,
      -0.916798,
      -0.007337536,
      -0.39928433,
      0,
      0.31652078,
      -0.6230078,
      -0.71531546,
      0,
      1.7947088,
      0.30313596,
      1.3934115,
      1
    ],
    "trackingState" : "Normal"
  },
  {
    "timestamp" : 235146409637,
    "transform" : [
      -0.24876992,
      -0.7833338,
      0.56965065,
      0,
      -0.9126067,
      -0.0074396036,
      -0.4087712,
      0,
      0.32444224,
      -0.62155694,
      -0.7130248,
      0,
      1.7936494,
      0.30347425,
      1.3920383,
      1
    ],
    "trackingState" : "Normal"
  },
  {
    "timestamp" : 235146426298,
    "transform" : [
      -0.25389138,
      -0.7841865,
      0.5662075,
      0,
      -0.90883523,
      -0.0069101006,
      -0.41709837,
      0,
      0.3309954,
      -0.6204869,
      -0.71094185,
      0,
      1.7925643,
      0.30381218,
      1.3907465,
      1
    ],
    "trackingState" : "Normal"
  },
  {
    "timestamp" : 235146442958,
    "transform" : [
      -0.25916907,
      -0.785117,
      0.56251484,
      0,
      -0.9051242,
      -0.0057944264,
      -0.4251079,
      0,
      0.3370189,
      -0.6193205,
      -0.7091266,
      0,
      1.7914582,
      0.30421692,
      1.3895146,
      1
    ],
    "trackingState" : "Normal"
  },
  {
    "timestamp" : 235146459619,
    "transform" : [
      -0.26453653,
      -0.7857767,
      0.5590848,
      0,
      -0.90136945,
      -0.004649156,
      -0.43302625,
      0,
      0.34286112,
      -0.6184931,
      -0.7070451,
      0,
      1.7903485,
      0.3046605,
      1.38828,
      1
    ],
    "trackingState" : "Normal"
  },
  {
    "timestamp" : 235146476280,
    "transform" : [
      -0.269981,
      -0.7857896,
      0.5564577,
      0,
      -0.897665,
      -0.003637369,
      -0.4406637,
      0,
      0.348293,
      -0.6184833,
      -0.7043938,
      0,
      1.7892473,
      0.30513233,
      1.3869667,
      1
    ],
    "trackingState" : "Normal"
  },
  {
    "timestamp" : 235146492940,
    "transform" : [
      -0.2750085,
      -0.78554356,
      0.5543392,
      0,
      -0.89424735,
      -0.0027712218,
      -0.44756466,
      0,
      0.3531177,
      -0.6188003,
      -0.7017081,
      0,
      1.7880112,
      0.30558893,
      1.3856897,
      1
    ],
    "trackingState" : "Normal"
  },
  {
    "timestamp" : 235146509601,
    "transform" : [
      -0.2798743,
      -0.78558016,
      0.55184644,
      0,
      -0.89081615,
      -0.0018082433,
      -0.45436037,
      0,
      0.35793433,
      -0.61875737,
      -0.6993014,
      0,
      1.786876,
      0.3061316,
      1.3843479,
      1
    ],
    "trackingState" : "Normal"
  },
  {
    "timestamp" : 235146526261,
    "transform" : [
      -0.28516012,
      -0.78544635,
      0.5493249,
      0,
      -0.88699883,
      -0.0009237051,
      -0.46177086,
      0,
      0.36320367,
      -0.6189291,
      -0.69642663,
      0,
      1.7858475,
      0.3066863,
      1.3829329,
      0.99999994
    ],
    "trackingState" : "Normal"
  },
  {
    "timestamp" : 235146542922,
    "transform" : [
      -0.29061797,
      -0.78495896,
      0.547157,
      0,
      -0.88297343,
      -0.00030582104,
      -0.46942297,
      0,
      0.36864507,
      -0.6195478,
      -0.69300896,
      0,
      1.7849008,
      0.307225,
      1.3814331,
      1
    ],
    "trackingState" : "Normal"
  },
  {
    "timestamp" : 235146559583,
    "transform" : [
      -0.29614547,
      -0.7842394,
      0.5452217,
      0,
      -0.8789701,
      0.00038184214,
      -0.4768768,
      0,
      0.3737774,
      -0.62045836,
      -0.6894361,
      0,
      1.784002,
      0.30776232,
      1.3798728,
      1
    ],
    "trackingState" : "Normal"
  },
  {
    "timestamp" : 235146576243,
    "transform" : [
      -0.3016562,
      -0.7836029,
      0.5431116,
      0,
      -0.87519693,
      0.0016215931,
      -0.48376408,
      0,
      0.37819827,
      -0.62126,
      -0.68629605,
      0,
      1.7830955,
      0.3083518,
      1.3783921,
      1
    ],
    "trackingState" : "Normal"
  },
  {
    "timestamp" : 235146592904,
    "transform" : [
      -0.30729526,
      -0.78320265,
      0.54052144,
      0,
      -0.87112474,
      0.0028953326,
      -0.49105337,
      0,
      0.38302928,
      -0.6217599,
      -0.68315685,
      0,
      1.782315,
      0.30905527,
      1.3770057,
      0.99999994
    ],
    "trackingState" : "Normal"
  },
  {
    "timestamp" : 235146609564,
    "transform" : [
      -0.31308848,
      -0.7831959,
      0.53719634,
      0,
      -0.8666848,
      0.00430967,
      -0.49883756,
      0,
      0.38837242,
      -0.6217602,
      -0.6801333,
      0,
      1.7815255,
      0.30970305,
      1.3755939,
      0.99999994
    ],
    "trackingState" : "Normal"
  },
  {
    "timestamp" : 235146626225,
    "transform" : [
      -0.31907445,
      -0.7832459,
      0.53358924,
      0,
      -0.8619631,
      0.005788423,
      -0.50693804,
      0,
      0.39396855,
      -0.62168515,
      -0.676976,
      0,
      1.7807391,
      0.31027782,
      1.3741387,
      1
    ],
    "trackingState" : "Normal"
  },
  {
    "timestamp" : 235146642886,
    "transform" : [
      -0.32464656,
      -0.7835301,
      0.5297975,
      0,
      -0.857343,
      0.007209904,
      -0.5146953,
      0,
      0.39945942,
      -0.62131214,
      -0.67409474,
      0,
      1.7799227,
      0.31080818,
      1.3726652,
      1
    ],
    "trackingState" : "Normal"
  },
  {
    "timestamp" : 235146659546,
    "transform" : [
      -0.32988083,
      -0.7841673,
      0.5256048,
      0,
      -0.85281694,
      0.008787299,
      -0.52213615,
      0,
      0.4048234,
      -0.6204874,
      -0.6716498,
      0,
      1.7790587,
      0.31130666,
      1.3712205,
      0.9999999
    ],
    "trackingState" : "Normal"
  },
  {
    "timestamp" : 235146676207,
    "transform" : [
      -0.33520612,
      -0.7848648,
      0.52117586,
      0,
      -0.8483973,
      0.01090225,
      -0.5292478,
      0,
      0.409706,
      -0.61957127,
      -0.66953164,
      0,
      1.7781551,
      0.31176272,
      1.3698423,
      0.99999994
    ],
    "trackingState" : "Normal"
  },
  {
    "timestamp" : 235146692867,
    "transform" : [
      -0.34066507,
      -0.78558034,
      0.5165373,
      0,
      -0.843853,
      0.01323218,
      -0.53641117,
      0,
      0.41455913,
      -0.6186181,
      -0.6674221,
      0,
      1.777342,
      0.31207246,
      1.368372,
      0.9999999
    ],
    "trackingState" : "Normal"
  },
  {
    "timestamp" : 235146709528,
    "transform" : [
      -0.3457508,
      -0.78641784,
      0.5118628,
      0,
      -0.83921295,
      0.015149782,
      -0.5435919,
      0,
      0.41973576,
      -0.6175092,
      -0.66521007,
      0,
      1.7764566,
      0.31239954,
      1.3670067,
      0.99999994
    ],
    "trackingState" : "Normal"
  },
  {
    "timestamp" : 235146726189,
    "transform" : [
      -0.35001996,
      -0.78752667,
      0.5072356,
      0,
      -0.83466554,
      0.016392617,
      -0.5505133,
      0,
      0.42522895,
      -0.61606264,
      -0.6630591,
      0,
      1.775497,
      0.3127184,
      1.3656691,
      1
    ],
    "trackingState" : "Normal"
  },
  {
    "timestamp" : 235146742849,
    "transform" : [
      -0.35402232,
      -0.7885974,
      0.50277454,
      0,
      -0.83014965,
      0.017386166,
      -0.5572693,
      0,
      0.43071985,
      -0.61466396,
      -0.6608091,
      0,
      1.7744987,
      0.31301376,
      1.3643438,
      0.9999999
    ],
    "trackingState" : "Normal"
  },
  {
    "timestamp" : 235146759510,
    "transform" : [
      -0.35775858,
      -0.7896328,
      0.49848682,
      0,
      -0.82571685,
      0.018191544,
      -0.5637915,
      0,
      0.43612,
      -0.61331016,
      -0.6585212,
      0,
      1.7734863,
      0.31326357,
      1.3630393,
      1
    ],
    "trackingState" : "Normal"
  },
  {
    "timestamp" : 235146776170,
    "transform" : [
      -0.36106277,
      -0.79085684,
      0.49414486,
      0,
      -0.82107085,
      0.01837689,
      -0.5705303,
      0,
      0.442127,
      -0.61172515,
      -0.6559848,
      0,
      1.7724897,
      0.31344768,
      1.3617666,
      0.9999999
    ],
    "trackingState" : "Normal"
  },
  {
    "timestamp" : 235146792831,
    "transform" : [
      -0.3642481,
      -0.79201674,
      0.48993164,
      0,
      -0.8158315,
      0.01764416,
      -0.5780206,
      0,
      0.4491576,
      -0.61024445,
      -0.652579,
      0,
      1.7717239,
      0.31353137,
      1.3602979,
      1
    ],
    "trackingState" : "Normal"
  },
  {
    "timestamp" : 235146809492,
    "transform" : [
      -0.36755177,
      -0.7929443,
      0.48594767,
      0,
      -0.81017405,
      0.016439412,
      -0.5859589,
      0,
      0.45664412,
      -0.6090724,
      -0.6484653,
      0,
      1.7708945,
      0.31354684,
      1.3589048,
      1
    ],
    "trackingState" : "Normal"
  },
  {
    "timestamp" : 235146826152,
    "transform" : [
      -0.3706901,
      -0.79427886,
      0.4813625,
      0,
      -0.8042217,
      0.015263554,
      -0.59413326,
      0,
      0.46456024,
      -0.60736156,
      -0.64443445,
      0,
      1.7699913,
      0.31357318,
      1.3576008,
      0.99999994
    ],
    "trackingState" : "Normal"
  },
  {
    "timestamp" : 235146842813,
    "transform" : [
      -0.3734908,
      -0.7962197,
      0.47596112,
      0,
      -0.79805696,
      0.014244038,
      -0.60241383,
      0,
      0.47287413,
      -0.60484,
      -0.6407486,
      0,
      1.7690433,
      0.31362882,
      1.3563659,
      0.99999994
    ],
    "trackingState" : "Normal"
  },
  {
    "timestamp" : 235146859473,
    "transform" : [
      -0.37606117,
      -0.79830563,
      0.47041076,
      0,
      -0.7918359,
      0.013215672,
      -0.610591,
      0,
      0.4812214,
      -0.6021076,
      -0.6370969,
      0,
      1.7680687,
      0.31367978,
      1.3551537,
      0.99999994
    ],
    "trackingState" : "Normal"
  },
  {
    "timestamp" : 235146876134,
    "transform" : [
      -0.37857804,
      -0.80026996,
      0.4650237,
      0,
      -0.78573614,
      0.012337837,
      -0.6184391,
      0,
      0.48918077,
      -0.5995132,
      -0.63347185,
      0,
      1.767091,
      0.3137141,
      1.3539457,
      1.0000001
    ],
    "trackingState" : "Normal"
  },
  {
    "timestamp" : 235146892795,
    "transform" : [
      -0.38088214,
      -0.8025022,
      0.45925936,
      0,
      -0.7798767,
      0.01199765,
      -0.62581843,
      0,
      0.49671066,
      -0.5965286,
      -0.6304224,
      0,
      1.7662691,
      0.31351465,
      1.3525441,
      1.0000001
    ],
    "trackingState" : "Normal"
  },
  {
    "timestamp" : 235146909455,
    "transform" : [
      -0.38305846,
      -0.8049836,
      0.45306498,
      0,
      -0.77381027,
      0.011782717,
      -0.633308,
      0,
      0.5044642,
      -0.5931802,
      -0.6274179,
      0,
      1.7653483,
      0.3134319,
      1.35131,
      0.99999994
    ],
    "trackingState" : "Normal"
  },
  {
    "timestamp" : 235146926116,
    "transform" : [
      -0.38563135,
      -0.8069203,
      0.4474017,
      0,
      -0.7674446,
      0.011351283,
      -0.6410149,
      0,
      0.5121693,
      -0.5905513,
      -0.62364405,
      0,
      1.7644284,
      0.3133454,
      1.35009,
      1
    ],
    "trackingState" : "Normal"
  },
  {
    "timestamp" : 235146942776,
    "transform" : [
      -0.38819778,
      -0.80846393,
      0.44236705,
      0,
      -0.7613602,
      0.010884075,
      -0.64823765,
      0,
      0.519262,
      -0.58844507,
      -0.61975753,
      0,
      1.7634504,
      0.3132587,
      1.3488445,
      0.99999994
    ],
    "trackingState" : "Normal"
  },
  {
    "timestamp" : 235146959437,
    "transform" : [
      -0.3902706,
      -0.81040376,
      0.43696088,
      0,
      -0.7556747,
      0.010822275,
      -0.65485775,
      0,
      0.5259702,
      -0.5857719,
      -0.61662525,
      0,
      1.7623805,
      0.31321517,
      1.3476092,
      0.99999994
    ],
    "trackingState" : "Normal"
  },
  {
    "timestamp" : 235146976097,
    "transform" : [
      -0.39193177,
      -0.8129435,
      0.43071163,
      0,
      -0.7501924,
      0.011404954,
      -0.66112137,
      0,
      0.5325421,
      -0.58223087,
      -0.614334,
      0,
      1.7612466,
      0.31321636,
      1.3464124,
      1
    ],
    "trackingState" : "Normal"
  },
  {
    "timestamp" : 235146992758,
    "transform" : [
      -0.39370427,
      -0.81546116,
      0.42428765,
      0,
      -0.74473196,
      0.012384053,
      -0.66724885,
      0,
      0.5388611,
      -0.57867926,
      -0.61217564,
      0,
      1.7601123,
      0.31275994,
      1.3448576,
      0.9999999
    ],
    "trackingState" : "Normal"
  },
  {
    "timestamp" : 235147009419,
    "transform" : [
      -0.39548698,
      -0.8175785,
      0.41851598,
      0,
      -0.7391599,
      0.012838235,
      -0.6734076,
      0,
      0.54519063,
      -0.5756741,
      -0.6093986,
      0,
      1.7590362,
      0.3124835,
      1.3434287,
      0.99999994
    ],
    "trackingState" : "Normal"
  },
  {
    "timestamp" : 235147026079,
    "transform" : [
      -0.39701015,
      -0.8193299,
      0.4136202,
      0,
      -0.7336271,
      0.012483718,
      -0.6794377,
      0,
      0.55152005,
      -0.5731865,
      -0.60603875,
      0,
      1.7579963,
      0.3122655,
      1.3420339,
      1
    ],
    "trackingState" : "Normal"
  },
  {
    "timestamp" : 235147042740,
    "transform" : [
      -0.39804503,
      -0.82099944,
      0.40929255,
      0,
      -0.72812134,
      0.011345415,
      -0.6853544,
      0,
      0.558032,
      -0.57081646,
      -0.6023031,
      0,
      1.7569649,
      0.3120428,
      1.3405938,
      1
    ],
    "trackingState" : "Normal"
  },
  {
    "timestamp" : 235147059400,
    "transform" : [
      -0.39852062,
      -0.82254624,
      0.4057083,
      0,
      -0.722702,
      0.0092732785,
      -0.6910975,
      0,
      0.5646974,
      -0.56862277,
      -0.5981515,
      0,
      1.7559279,
      0.3118243,
      1.3390783,
      1
    ],
    "trackingState" : "Normal"
  },
  {
    "timestamp" : 235147076061,
    "transform" : [
      -0.39893442,
      -0.8237256,
      0.40289912,
      0,
      -0.71759045,
      0.0068954946,
      -0.6964313,
      0,
      0.57089007,
      -0.56694686,
      -0.5938484,
      0,
      1.7548714,
      0.31161952,
      1.3375065,
      1
    ],
    "trackingState" : "Normal"
  },
  {
    "timestamp" : 235147092722,
    "transform" : [
      -0.39995638,
      -0.82438654,
      0.40052697,
      0,
      -0.7128875,
      0.005156088,
      -0.70125943,
      0,
      0.5760437,
      -0.5660038,
      -0.5897571,
      0,
      1.7537408,
      0.31142154,
      1.3358763,
      0.99999994
    ],
    "trackingState" : "Normal"
  },
  {
    "timestamp" : 235147109382,
    "transform" : [
      -0.4010433,
      -0.8252377,
      0.39767733,
      0,
      -0.70855576,
      0.0042942516,
      -0.70564187,
      0,
      0.58061445,
      -0.5647694,
      -0.5864491,
      0,
      1.7526064,
      0.31127018,
      1.3343427,
      1
    ],
    "trackingState" : "Normal"
  },
  {
    "timestamp" : 235147126043,
    "transform" : [
      -0.4018405,
      -0.8265106,
      0.39421389,
      0,
      -0.70419365,
      0.0037293434,
      -0.70999825,
      0,
      0.585351,
      -0.5629089,
      -0.58352214,
      0,
      1.7514336,
      0.31113708,
      1.3328929,
      1
    ],
    "trackingState" : "Normal"
  },
  {
    "timestamp" : 235147142703,
    "transform" : [
      -0.40234834,
      -0.8281535,
      0.39022756,
      0,
      -0.6993469,
      0.0029652007,
      -0.7147763,
      0,
      0.59078735,
      -0.56049347,
      -0.5803597,
      0,
      1.7502639,
      0.3109747,
      1.3314779,
      0.9999999
    ],
    "trackingState" : "Normal"
  },
  {
    "timestamp" : 235147159364,
    "transform" : [
      -0.40255138,
      -0.8299098,
      0.3862671,
      0,
      -0.69447845,
      0.0019759955,
      -0.71951085,
      0,
      0.59636587,
      -0.5578942,
      -0.5771499,
      0,
      1.7490827,
      0.3107771,
      1.330105,
      1
    ],
    "trackingState" : "Normal"
  },
  {
    "timestamp" : 235147176025,
    "transform" : [
      -0.40266922,
      -0.83169794,
      0.38227773,
      0,
      -0.68981534,
      0.0012074983,
      -0.7239844,
      0,
      0.6016748,
      -0.5552272,
      -0.5742042,
      0,
      1.7478764,
      0.310555,
      1.3287877,
      0.99999994
    ],
    "trackingState" : "Normal"
  },
  {
    "timestamp" : 235147192685,
    "transform" : [
      -0.40291438,
      -0.83327866,
      0.37855902,
      0,
      -0.68548805,
      0.0006844466,
      -0.7280836,
      0,
      0.6064374,
      -0.552853,
      -0.5714783,
      0,
      1.7466147,
      0.31013173,
      1.3273852,
      1
    ],
    "trackingState" : "Normal"
  },
  {
    "timestamp" : 235147209346,
    "transform" : [
      -0.40283853,
      -0.8350795,
      0.37465128,
      0,
      -0.68150884,
      0.0004365049,
      -0.73180985,
      0,
      0.61095583,
      -0.5501293,
      -0.56928986,
      0,
      1.7453473,
      0.30978978,
      1.3260884,
      0.99999994
    ],
    "trackingState" : "Normal"
  },
  {
    "timestamp" : 235147226006,
    "transform" : [
      -0.4018761,
      -0.8373425,
      0.3706122,
      0,
      -0.67817247,
      0.0002117582,
      -0.7349028,
      0,
      0.6152869,
      -0.5466788,
      -0.56794775,
      0,
      1.7440511,
      0.3094661,
      1.3248734,
      1
    ],
    "trackingState" : "Normal"
  },
  {
    "timestamp" : 235147242667,
    "transform" : [
      -0.40029404,
      -0.83996683,
      0.36636135,
      0,
      -0.6756198,
      0.00041256833,
      -0.7372502,
      0,
      0.6191145,
      -0.5426378,
      -0.56766325,
      0,
      1.7427447,
      0.30911133,
      1.3237729,
      1
    ],
    "trackingState" : "Normal"
  },
  {
    "timestamp" : 235147259328,
    "transform" : [
      -0.3983945,
      -0.8427697,
      0.36196867,
      0,
      -0.6729589,
      0.00042979833,
      -0.7396798,
      0,
      0.62322414,
      -0.53827435,
      -0.56732064,
      0,
      1.7414628,
      0.30866846,
      1.3228081,
      1
    ],
    "trackingState" : "Normal"
  },
  {
    "timestamp" : 235147275988,
    "transform" : [
      -0.39681107,
      -0.84553957,
      0.35721704,
      0,
      -0.6689603,
      -8.039458e-05,
      -0.7432983,
      0,
      0.6285168,
      -0.5339129,
      -0.5656004,
      0,
      1.7402614,
      0.30810645,
      1.3219407,
      1
    ],
    "trackingState" : "Normal"
  },
  {
    "timestamp" : 235147292649,
    "transform" : [
      -0.39552724,
      -0.8482343,
      0.35221714,
      0,
      -0.6639821,
      -0.00088028226,
      -0.747748,
      0,
      0.63457555,
      -0.5296205,
      -0.56286424,
      0,
      1.7392436,
      0.30717713,
      1.320716,
      0.99999994
    ],
    "trackingState" : "Normal"
  },
  {
    "timestamp" : 235147309309,
    "transform" : [
      -0.39390278,
      -0.8512555,
      0.34670588,
      0,
      -0.65959275,
