[
  {
    "trackingState" : "Normal",
    "timestamp" : 235195425073,
    "transform" : [
      -0.55002385,
      -0.8234612,
      -0.13923173,
      0,
      -0.06918276,
      -0.12121613,
      0.99021226,
      0,
      -0.8322786,
      0.5542727,
      0.009702431,
      0,
      0.81089985,
      -0.159385,
      5.7557106,
      0.99999994
    ]
  },
  {
    "trackingState" : "Normal",
    "timestamp" : 235195441733,
    "transform" : [
      -0.54914063,
      -0.8224269,
      -0.14852168,
      0,
      -0.08801386,
      -0.11981512,
      0.98888725,
      0,
      -0.8310827,
      0.5561101,
      -0.006589612,
      0,
      0.8089837,
      -0.16013294,
      5.7564692,
      1
    ]
  },
  {
    "trackingState" : "Normal",
    "timestamp" : 235195458394,
    "transform" : [
      -0.54765344,
      -0.82155216,
      -0.15851785,
      0,
      -0.10694143,
      -0.11917166,
      0.9870976,
      0,
      -0.82984304,
      0.55753946,
      -0.022593196,
      0,
      0.80707085,
      -0.16084237,
      5.7572227,
      1
    ]
  },
  {
    "trackingState" : "Normal",
    "timestamp" : 235195475054,
    "transform" : [
      -0.5456212,
      -0.82084817,
      -0.16883706,
      0,
      -0.12593186,
      -0.118870996,
      0.98489136,
      0,
      -0.8285161,
      0.55863947,
      -0.03851242,
      0,
      0.8051417,
      -0.16151147,
      5.7579556,
      1
    ]
  },
  {
    "trackingState" : "Normal",
    "timestamp" : 235195491715,
    "transform" : [
      -0.54330564,
      -0.8201758,
      -0.1792508,
      0,
      -0.14436689,
      -0.11905873,
      0.9823357,
      0,
      -0.82702935,
      0.5595863,
      -0.05372097,
      0,
      0.8032025,
      -0.1621608,
      5.758667,
      1
    ]
  },
  {
    "trackingState" : "Normal",
    "timestamp" : 235195508376,
    "transform" : [
      -0.5407433,
      -0.8195486,
      -0.18957025,
      0,
      -0.16210215,
      -0.11961212,
      0.9794979,
      0,
      -0.82542104,
      0.56038654,
      -0.06817113,
      0,
      0.80149055,
      -0.16261096,
      5.7598433,
      1
    ]
  },
  {
    "trackingState" : "Normal",
    "timestamp" : 235195525036,
    "transform" : [
      -0.5374913,
      -0.81932414,
      -0.1995278,
      0,
      -0.18022302,
      -0.11953483,
      0.9763356,
      0,
      -0.8237858,
      0.56073135,
      -0.0834121,
      0,
      0.79957145,
      -0.1631432,
      5.7606654,
      1
    ]
  },
  {
    "trackingState" : "Normal",
    "timestamp" : 235195541697,
    "transform" : [
      -0.533692,
      -0.8194617,
      -0.20893899,
      0,
      -0.1982737,
      -0.11893236,
      0.97290426,
      0,
      -0.82210743,
      0.5606583,
      -0.09900445,
      0,
      0.7975781,
      -0.16368167,
      5.7613535,
      0.99999994
    ]
  },
  {
    "trackingState" : "Normal",
    "timestamp" : 235195558357,
    "transform" : [
      -0.5297446,
      -0.81961757,
      -0.21816915,
      0,
      -0.21578734,
      -0.11852096,
      0.9692207,
      0,
      -0.820248,
      0.5605175,
      -0.114077255,
      0,
      0.79556715,
      -0.16425702,
      5.762002,
      1
    ]
  },
  {
    "trackingState" : "Normal",
    "timestamp" : 235195575018,
    "transform" : [
      -0.52615714,
      -0.8193764,
      -0.22755481,
      0,
      -0.23294716,
      -0.11847957,
      0.96524525,
      0,
      -0.81785977,
      0.5608789,
      -0.12853254,
      0,
      0.7935835,
      -0.16490455,
      5.762663,
      1
    ]
  },
  {
    "trackingState" : "Normal",
    "timestamp" : 235195591678,
    "transform" : [
      -0.5230505,
      -0.8187187,
      -0.23689267,
      0,
      -0.2507695,
      -0.11781035,
      0.96085143,
      0,
      -0.8145754,
      0.5619792,
      -0.14368895,
      0,
      0.7916343,
      -0.16561273,
      5.763331,
      0.99999994
    ]
  },
  {
    "trackingState" : "Normal",
    "timestamp" : 235195608339,
    "transform" : [
      -0.51973176,
      -0.8182716,
      -0.24558261,
      0,
      -0.2697863,
      -0.11554985,
      0.95596224,
      0,
      -0.81061375,
      0.5630986,
      -0.16070357,
      0,
      0.78970224,
      -0.16586709,
      5.764301,
      1
    ]
  },
  {
    "trackingState" : "Normal",
    "timestamp" : 235195625000,
    "transform" : [
      -0.51544714,
      -0.81847703,
      -0.25379068,
      0,
      -0.2893287,
      -0.112547174,
      0.95059043,
      0,
      -0.8066,
      0.5634079,
      -0.17879683,
      0,
      0.78766626,
      -0.16637497,
      5.7651043,
      0.99999994
    ]
  },
  {
    "trackingState" : "Normal",
    "timestamp" : 235195641660,
    "transform" : [
      -0.5103104,
      -0.81905407,
      -0.26217163,
      0,
      -0.3080979,
      -0.110498816,
      0.9449157,
      0,
      -0.80290675,
      0.5629748,
      -0.19596016,
      0,
      0.7855443,
      -0.16695017,
      5.7659364,
      0.99999994
    ]
  },
  {
    "trackingState" : "Normal",
    "timestamp" : 235195658321,
    "transform" : [
      -0.50503033,
      -0.8192925,
      -0.27148566,
      0,
      -0.3254827,
      -0.11053915,
      0.93906456,
      0,
      -0.79937834,
      0.56261986,
      -0.2108399,
      0,
      0.78339547,
      -0.16758913,
      5.766896,
      1
    ]
  },
  {
    "trackingState" : "Normal",
    "timestamp" : 235195674981,
    "transform" : [
      -0.50015116,
      -0.8188951,
      -0.28153113,
      0,
      -0.342921,
      -0.111232035,
      0.9327555,
      0,
      -0.7951442,
      0.56306154,
      -0.22518352,
      0,
      0.7812684,
      -0.1682528,
      5.7679954,
      0.99999994
    ]
  },
  {
    "trackingState" : "Normal",
    "timestamp" : 235195691642,
    "transform" : [
      -0.4951703,
      -0.81826323,
      -0.29197925,
      0,
      -0.36195362,
      -0.11122212,
      0.92553735,
      0,
      -0.7898077,
      0.5639814,
      -0.24109948,
      0,
      0.7791553,
      -0.16886997,
      5.769215,
      1
    ]
  },
  {
    "trackingState" : "Normal",
    "timestamp" : 235195708302,
    "transform" : [
      -0.48952362,
      -0.8178204,
      -0.30255017,
      0,
      -0.3824189,
      -0.11047026,
      0.9173617,
      0,
      -0.7836598,
      0.56477094,
      -0.25867218,
      0,
      0.77675974,
      -0.16933252,
      5.770604,
      1
    ]
  },
  {
    "trackingState" : "Normal",
    "timestamp" : 235195724963,
    "transform" : [
      -0.4834739,
      -0.81748986,
      -0.31299138,
      0,
      -0.40250477,
      -0.10990346,
      0.90879667,
      0,
      -0.7773308,
      0.56535983,
      -0.2759081,
      0,
      0.77448523,
      -0.16976649,
      5.7720494,
      1
    ]
  },
  {
    "trackingState" : "Normal",
    "timestamp" : 235195741624,
    "transform" : [
      -0.47735104,
      -0.8171646,
      -0.3230759,
      0,
      -0.42136824,
      -0.1097691,
      0.9002219,
      0,
      -0.77109325,
      0.56585574,
      -0.29192886,
      0,
      0.77225244,
      -0.17014495,
      5.7735443,
      0.9999999
    ]
  },
  {
    "trackingState" : "Normal",
    "timestamp" : 235195758284,
    "transform" : [
      -0.47099748,
      -0.8169608,
      -0.3327709,
      0,
      -0.43919078,
      -0.10998425,
      0.8916362,
      0,
      -0.7650314,
      0.5661082,
      -0.3069994,
      0,
      0.770049,
      -0.17045939,
      5.7750845,
      1
    ]
  },
  {
    "trackingState" : "Normal",
    "timestamp" : 235195774945,
    "transform" : [
      -0.46431774,
      -0.8169408,
      -0.34207743,
      0,
      -0.45662543,
      -0.110133015,
      0.882816,
      0,
      -0.7588824,
      0.5661082,
      -0.3218992,
      0,
      0.76787144,
      -0.1706925,
      5.7766767,
      0.99999994
    ]
  },
  {
    "trackingState" : "Normal",
    "timestamp" : 235195791605,
    "transform" : [
      -0.45732793,
      -0.8170776,
      -0.351049,
      0,
      -0.47407126,
      -0.10998575,
      0.87358993,
      0,
      -0.7524013,
      0.5659393,
      -0.3370535,
      0,
      0.7657336,
      -0.17083794,
      5.7783217,
      0.99999994
    ]
  },
  {
    "trackingState" : "Normal",
    "timestamp" : 235195808266,
    "transform" : [
      -0.45009944,
      -0.8173494,
      -0.35965356,
      0,
      -0.49157676,
      -0.10944744,
      0.8639292,
      0,
      -0.74549514,
      0.5656513,
      -0.35252774,
      0,
      0.76323926,
      -0.1708525,
      5.780029,
      0.99999994
    ]
  },
  {
    "trackingState" : "Normal",
    "timestamp" : 235195824927,
    "transform" : [
      -0.4431055,
      -0.8176122,
      -0.3676521,
      0,
      -0.5089467,
      -0.10817848,
      0.85397345,
      0,
      -0.73799115,
      0.5655155,
      -0.36818653,
      0,
      0.7610787,
      -0.17081574,
      5.7817264,
      1
    ]
  },
  {
    "trackingState" : "Normal",
    "timestamp" : 235195841587,
    "transform" : [
      -0.43600786,
      -0.8181785,
      -0.37480837,
      0,
      -0.52647984,
      -0.105878346,
      0.84356916,
      0,
      -0.72987425,
      0.56513166,
      -0.38459074,
      0,
      0.7590546,
      -0.17067488,
      5.7834125,
      1
    ]
  },
  {
    "trackingState" : "Normal",
    "timestamp" : 235195858248,
    "transform" : [
      -0.4285467,
      -0.81915087,
      -0.38123462,
      0,
      -0.54376775,
      -0.103143714,
      0.8328734,
      0,
      -0.72157085,
      0.56422806,
      -0.40122595,
      0,
      0.75708425,
      -0.17040768,
      5.785089,
      1
    ]
  },
  {
    "trackingState" : "Normal",
    "timestamp" : 235195874908,
    "transform" : [
      -0.42075425,
      -0.82041234,
      -0.38715586,
      0,
      -0.5599715,
      -0.10088349,
      0.822347,
      0,
      -0.7137212,
      0.56280214,
      -0.41696036,
      0,
      0.7551316,
      -0.17001955,
      5.786774,
      1
    ]
  },
  {
    "trackingState" : "Normal",
    "timestamp" : 235195891569,
    "transform" : [
      -0.41217327,
      -0.82207936,
      -0.39280877,
      0,
      -0.57471865,
      -0.09994802,
      0.81222457,
      0,
      -0.7069736,
      0.56053174,
      -0.4312685,
      0,
      0.75317097,
      -0.16953416,
      5.7884936,
      0.99999994
    ]
  },
  {
    "trackingState" : "Normal",
    "timestamp" : 235195908229,
    "transform" : [
      -0.40284875,
      -0.82407564,
      -0.39826182,
      0,
      -0.588571,
      -0.099985935,
      0.80223876,
      0,
      -0.700926,
      0.5575862,
      -0.44474787,
      0,
      0.75057703,
      -0.16905376,
      5.79041,
      1
    ]
  },
  {
    "trackingState" : "Normal",
    "timestamp" : 235195924890,
    "transform" : [
      -0.39373118,
      -0.82590336,
      -0.40355873,
      0,
      -0.6028053,
      -0.099455096,
      0.7916656,
      0,
      -0.69397527,
      0.55497074,
      -0.45870042,
      0,
      0.748452,
      -0.1685066,
      5.792309,
      0.99999994
    ]
  },
  {
    "trackingState" : "Normal",
    "timestamp" : 235195941551,
    "transform" : [
      -0.38504043,
      -0.82734483,
      -0.40895525,
      0,
      -0.61842567,
      -0.09762127,
      0.7797561,
      0,
      -0.68505,
      0.553146,
      -0.47406328,
      0,
      0.7465234,
      -0.16791183,
      5.7942452,
      0.99999994
    ]
  },
  {
    "trackingState" : "Normal",
    "timestamp" : 235195958211,
    "transform" : [
      -0.37666118,
      -0.8283553,
      -0.4146734,
      0,
      -0.6341944,
      -0.09569895,
      0.7672283,
      0,
      -0.6752215,
      0.5519686,
      -0.48929223,
      0,
      0.7446709,
      -0.16728707,
      5.7962275,
      0.99999994
    ]
  },
  {
    "trackingState" : "Normal",
    "timestamp" : 235195974872,
    "transform" : [
      -0.3682342,
      -0.82921463,
      -0.42048398,
      0,
      -0.64852476,
      -0.0949805,
      0.75524455,
      0,
      -0.66619766,
      0.5508011,
      -0.50279117,
      0,
      0.74282086,
      -0.16663586,
      5.7982388,
      0.99999994
    ]
  },
  {
    "trackingState" : "Normal",
    "timestamp" : 235195991532,
    "transform" : [
      -0.35959062,
      -0.83019394,
      -0.42599633,
      0,
      -0.6612304,
      -0.095408864,
      0.7440911,
      0,
      -0.6583837,
      0.5492498,
      -0.51464134,
      0,
      0.7409538,
      -0.1659593,
      5.800254,
      1
    ]
  },
  {
    "trackingState" : "Normal",
    "timestamp" : 235196008193,
    "transform" : [
      -0.35070553,
      -0.8313174,
      -0.43118092,
      0,
      -0.67354685,
      -0.09598013,
      0.73288625,
      0,
      -0.650646,
      0.5474478,
      -0.5262705,
      0,
      0.7385452,
      -0.16534731,
      5.80208,
      0.9999999
    ]
  },
  {
    "trackingState" : "Normal",
    "timestamp" : 235196024853,
    "transform" : [
      -0.34215677,
      -0.83228755,
      -0.4361492,
      0,
      -0.686031,
      -0.095916726,
      0.7212221,
      0,
      -0.6420983,
      0.54598284,
      -0.53815657,
      0,
      0.7365321,
      -0.16466479,
      5.8040338,
      0.9999999
    ]
  },
  {
    "trackingState" : "Normal",
    "timestamp" : 235196041514,
    "transform" : [
      -0.33409345,
      -0.8330559,
      -0.44090778,
      0,
      -0.69860333,
      -0.09515853,
      0.70915323,
      0,
      -0.6327205,
      0.54494303,
      -0.55018383,
      0,
      0.734691,
      -0.16397962,
      5.8060184,
      1
    ]
  },
  {
    "trackingState" : "Normal",
    "timestamp" : 235196058175,
    "transform" : [
      -0.3265436,
      -0.8337104,
      -0.445305,
      0,
      -0.71103567,
      -0.0937264,
      0.6968815,
      0,
      -0.6227341,
      0.5441898,
      -0.562192,
      0,
      0.73293763,
      -0.16330306,
      5.807977,
      1
    ]
  },
  {
    "trackingState" : "Normal",
    "timestamp" : 235196074835,
    "transform" : [
      -0.3192598,
      -0.83455217,
      -0.44899446,
      0,
      -0.7228084,
      -0.09196925,
      0.68490124,
      0,
      -0.61287946,
      0.5431984,
      -0.57385933,
      0,
      0.731215,
      -0.16261497,
      5.8098874,
      1
    ]
  },
  {
    "trackingState" : "Normal",
    "timestamp" : 235196091496,
    "transform" : [
      -0.3117689,
      -0.83569235,
      -0.45212686,
      0,
      -0.7337274,
      -0.09058268,
      0.6733788,
      0,
      -0.60369235,
      0.54167634,
      -0.58492947,
      0,
      0.7294853,
      -0.16189727,
      5.8117585,
      1
    ]
  },
  {
    "trackingState" : "Normal",
    "timestamp" : 235196108156,
    "transform" : [
      -0.3040955,
      -0.83680475,
      -0.45528424,
      0,
      -0.7441983,
      -0.08968629,
      0.66191024,
      0,
      -0.59472245,
      0.54010564,
      -0.5954755,
      0,
      0.7280448,
      -0.16137062,
      5.8133445,
      0.9999999
    ]
  },
  {
    "trackingState" : "Normal",
    "timestamp" : 235196124817,
    "transform" : [
      -0.29695323,
      -0.8373021,
      -0.45906883,
      0,
      -0.75432545,
      -0.08908608,
      0.65042824,
      0,
      -0.5855016,
      0.53943396,
      -0.60514385,
      0,
      0.7264739,
      -0.16072644,
      5.815116,
      0.99999994
    ]
  },
  {
    "trackingState" : "Normal",
    "timestamp" : 235196141477,
    "transform" : [
      -0.29072458,
      -0.8372539,
      -0.46312547,
      0,
      -0.763862,
      -0.08838663,
      0.6392986,
      0,
      -0.5761895,
      0.5396237,
      -0.6138503,
      0,
      0.72493047,
      -0.16005537,
      5.816892,
      1
    ]
  },
  {
    "trackingState" : "Normal",
    "timestamp" : 235196158138,
    "transform" : [
      -0.2849862,
      -0.8373573,
      -0.46649307,
      0,
      -0.7727068,
      -0.08728525,
      0.62873334,
      0,
      -0.56719244,
      0.5396426,
      -0.62215656,
      0,
      0.7234112,
      -0.15933031,
      5.818585,
      0.99999994
    ]
  },
  {
    "trackingState" : "Normal",
    "timestamp" : 235196174799,
    "transform" : [
      -0.27912238,
      -0.83808625,
      -0.46872428,
      0,
      -0.7805679,
      -0.086277165,
      0.6190882,
      0,
      -0.5592894,
      0.5386724,
      -0.63010126,
      0,
      0.7218813,
      -0.15852247,
      5.8201776,
      0.99999994
    ]
  },
  {
    "trackingState" : "Normal",
    "timestamp" : 235196191459,
    "transform" : [
      -0.2729178,
      -0.8392863,
      -0.4702279,
      0,
      -0.78751266,
      -0.08584589,
      0.6102903,
      0,
      -0.5525755,
      0.53686947,
      -0.63751984,
      0,
      0.72036064,
      -0.15768182,
      5.821665,
      0.9999998
    ]
  },
  {
    "trackingState" : "Normal",
    "timestamp" : 235196208120,
    "transform" : [
      -0.26673692,
      -0.84050524,
      -0.47159564,
      0,
      -0.79449946,
      -0.08521931,
      0.6012558,
      0,
      -0.5455477,
      0.5350595,
      -0.6450498,
      0,
      0.7191306,
      -0.1570225,
      5.822575,
      0.99999994
    ]
  },
  {
    "trackingState" : "Normal",
    "timestamp" : 235196224780,
    "transform" : [
      -0.26108885,
      -0.84139675,
      -0.47316423,
      0,
      -0.80209905,
      -0.08362998,
      0.5913065,
      0,
      -0.5370941,
      0.53390795,
      -0.65304863,
      0,
      0.7177963,
      -0.15625043,
      5.823815,
      0.99999994
    ]
  },
  {
    "trackingState" : "Normal",
    "timestamp" : 235196241441,
    "transform" : [
      -0.2558834,
      -0.84209204,
      -0.47476822,
      0,
      -0.80989945,
      -0.081403896,
      0.58089274,
      0,
      -0.52781314,
      0.53315526,
      -0.66117996,
      0,
      0.7164486,
      -0.15545078,
      5.825146,
      0.99999994
    ]
  },
  {
    "trackingState" : "Normal",
    "timestamp" : 235196258101,
    "transform" : [
      -0.25036946,
      -0.8429413,
      -0.4761986,
      0,
      -0.8172997,
      -0.0796395,
      0.5706826,
      0,
      -0.5189762,
      0.53207844,
      -0.6689964,
      0,
      0.71505415,
      -0.1546477,
      5.826504,
      0.9999999
    ]
  },
  {
    "trackingState" : "Normal",
    "timestamp" : 235196274762,
    "transform" : [
      -0.24457745,
      -0.84381044,
      -0.47766724,
      0,
      -0.8239583,
      -0.07882917,
      0.56114066,
      0,
      -0.5111505,
      0.53082013,
      -0.67598474,
      0,
      0.7136335,
      -0.15387316,
      5.8278666,
      1
    ]
  },
  {
    "trackingState" : "Normal",
    "timestamp" : 235196291423,
    "transform" : [
      -0.23885377,
      -0.84441024,
      -0.47950011,
      0,
      -0.82988805,
      -0.07889246,
      0.5523241,
      0,
      -0.50421715,
      0.529856,
      -0.6819222,
      0,
      0.712237,
      -0.15316893,
      5.829218,
      1
    ]
  },
  {
    "trackingState" : "Normal",
    "timestamp" : 235196308083,
    "transform" : [
      -0.2334219,
      -0.8447777,
      -0.48152372,
      0,
      -0.8354855,
      -0.079105645,
      0.543789,
      0,
      -0.49747208,
      0.5292382,
      -0.6873345,
      0,
      0.71063966,
      -0.15321322,
      5.8303313,
      1
    ]
  },
  {
    "trackingState" : "Normal",
    "timestamp" : 235196324744,
    "transform" : [
      -0.22793749,
      -0.84497595,
      -0.4837978,
      0,
      -0.84118104,
      -0.07934784,
      0.5349005,
      0,
      -0.49036643,
      0.5288853,
      -0.69269145,
      0,
      0.70923424,
      -0.15284824,
      5.831537,
      1
    ]
  },
  {
    "trackingState" : "Normal",
    "timestamp" : 235196341404,
    "transform" : [
      -0.22252193,
      -0.8452276,
      -0.48587474,
      0,
      -0.84658176,
      -0.07964304,
      0.52626634,
      0,
      -0.48351145,
      0.52843845,
      -0.69783205,
      0,
      0.7079162,
      -0.15238361,
      5.832737,
      0.9999999
    ]
  },
  {
    "trackingState" : "Normal",
    "timestamp" : 235196358065,
    "transform" : [
      -0.21738155,
      -0.8456903,
      -0.48739424,
      0,
      -0.8519313,
      -0.07932695,
      0.5176102,
      0,
      -0.47640145,
      0.52774525,
      -0.7032259,
      0,
      0.7066679,
      -0.15190758,
      5.8338714,
      0.9999999
    ]
  },
  {
    "trackingState" : "Normal",
    "timestamp" : 235196374726,
    "transform" : [
      -0.21256085,
      -0.84634334,
      -0.48838627,
      0,
      -0.8572954,
      -0.078313395,
      0.5088339,
      0,
      -0.4688953,
      0.5268493,
      -0.70891994,
      0,
      0.7054899,
      -0.15143995,
      5.834919,
      1
    ]
  },
  {
    "trackingState" : "Normal",
    "timestamp" : 235196391386,
    "transform" : [
      -0.20814483,
      -0.84692335,
      -0.48928192,
      0,
      -0.8620828,
      -0.07745776,
      0.5008132,
      0,
      -0.46204907,
      0.52604306,
      -0.7139955,
      0,
      0.7043313,
      -0.15153265,
      5.836107,
      1
    ]
  },
  {
    "trackingState" : "Normal",
    "timestamp" : 235196408047,
    "transform" : [
      -0.2038097,
      -0.8472213,
      -0.4905893,
      0,
      -0.86619824,
      -0.07748078,
      0.4936573,
      0,
      -0.4562482,
      0.5255596,
      -0.71807027,
      0,
      0.7032334,
      -0.15130761,
      5.837136,
      1
    ]
  },
  {
    "trackingState" : "Normal",
    "timestamp" : 235196424707,
    "transform" : [
      -0.19958223,
      -0.8473197,
      -0.4921549,
      0,
      -0.8702183,
      -0.07761023,
      0.4865151,
      0,
      -0.45043004,
      0.5253819,
      -0.72186345,
      0,
      0.70217913,
      -0.15099303,
      5.838087,
      1
    ]
  },
  {
    "trackingState" : "Normal",
    "timestamp" : 235196441368,
    "transform" : [
      -0.19561149,
      -0.8474628,
      -0.49350068,
      0,
      -0.87449116,
      -0.0770191,
      0.47888756,
      0,
      -0.4438484,
      0.52523786,
      -0.7260329,
      0,
      0.7011727,
      -0.15064006,
      5.838956,
      0.99999994
    ]
  },
  {
    "trackingState" : "Normal",
    "timestamp" : 235196458028,
    "transform" : [
      -0.19201586,
      -0.8477908,
      -0.49434882,
      0,
      -0.8786248,
      -0.075899616,
      0.47144222,
      0,
      -0.43720526,
      0.5248714,
      -0.73031616,
      0,
      0.70020473,
      -0.15026635,
      5.8397408,
      0.99999994
    ]
  },
  {
    "trackingState" : "Normal",
    "timestamp" : 235196474689,
    "transform" : [
      -0.18837008,
      -0.8484287,
      -0.49465704,
      0,
      -0.88236576,
      -0.07494511,
      0.464558,
      0,
      -0.43121654,
      0.52397716,
      -0.734507,
      0,
      0.69925207,
      -0.14987145,
      5.840454,
      1
    ]
  },
  {
    "trackingState" : "Normal",
    "timestamp" : 235196491350,
    "transform" : [
      -0.18460701,
      -0.8493317,
      -0.49452624,
      0,
      -0.8858022,
      -0.07419266,
      0.458094,
      0,
      -0.42576393,
      0.52261966,
      -0.7386434,
      0,
      0.698331,
      -0.1494442,
      5.8411117,
      1
    ]
  },
  {
    "trackingState" : "Normal",
    "timestamp" : 235196508010,
    "transform" : [
      -0.18110122,
      -0.8501812,
      -0.49436265,
      0,
      -0.8889932,
      -0.0734545,
      0.45199084,
      0,
      -0.4205873,
      0.521341,
      -0.74250257,
      0,
      0.69637024,
      -0.14896356,
      5.8418665,
      0.99999994
    ]
  },
  {
    "trackingState" : "Normal",
    "timestamp" : 235196524671,
    "transform" : [
      -0.17829196,
      -0.85059106,
      -0.4946787,
      0,
      -0.89210325,
      -0.07238487,
      0.44599608,
      0,
      -0.4151675,
      0.52082187,
      -0.7459094,
      0,
      0.6952576,
      -0.14850296,
      5.8424845,
      1
    ]
  },
  {
    "trackingState" : "Normal",
    "timestamp" : 235196541331,
    "transform" : [
      -0.17552805,
      -0.8510132,
      -0.49494097,
      0,
      -0.89541346,
      -0.070949875,
      0.43954635,
      0,
      -0.40917575,
      0.5203294,
      -0.7495551,
      0,
      0.6944056,
      -0.14800695,
      5.843037,
      1
    ]
  },
  {
    "trackingState" : "Normal",
    "timestamp" : 235196557992,
    "transform" : [
      -0.17250827,
      -0.8518192,
      -0.49461615,
      0,
      -0.89873874,
      -0.06939118,
      0.43295926,
      0,
      -0.40312502,
      0.51921964,
      -0.75359243,
      0,
      0.6936401,
      -0.14744234,
      5.8435464,
      0.99999994
    ]
  },
  {
    "trackingState" : "Normal",
    "timestamp" : 235196574652,
    "transform" : [
      -0.16966619,
      -0.85277486,
      -0.49395204,
      0,
      -0.90199465,
      -0.06754272,
      0.42643154,
      0,
      -0.39701298,
      0.517893,
      -0.75773865,
      0,
      0.69294155,
      -0.1468099,
      5.844016,
      1
    ]
  },
  {
    "trackingState" : "Normal",
    "timestamp" : 235196591313,
    "transform" : [
      -0.16712959,
      -0.8537701,
      -0.49309695,
      0,
      -0.9049629,
      -0.06564958,
      0.4203955,
      0,
      -0.3912927,
      0.5164949,
      -0.7616583,
      0,
      0.6918227,
      -0.14618799,
      5.8441525,
      1
    ]
  },
  {
    "trackingState" : "Normal",
    "timestamp" : 235196607974,
    "transform" : [
      -0.16490194,
      -0.855012,
      -0.49169296,
      0,
      -0.9072608,
      -0.06405632,
      0.4156618,
      0,
      -0.3868919,
      0.5146371,
      -0.7651559,
      0,
      0.69106257,
      -0.145412,
      5.844418,
      0.99999994
    ]
  },
  {
    "trackingState" : "Normal",
    "timestamp" : 235196624634,
    "transform" : [
      -0.16253534,
      -0.8567837,
      -0.4893916,
      0,
      -0.9092437,
      -0.06257936,
      0.41153383,
      0,
      -0.38322127,
      0.5118649,
      -0.76885384,
      0,
      0.69040143,
      -0.14449838,
      5.8446817,
      1
    ]
  },
  {
    "trackingState" : "Normal",
    "timestamp" : 235196641295,
    "transform" : [
      -0.16012369,
      -0.85908234,
      -0.48614633,
      0,
      -0.9111933,
      -0.060749844,
      0.40747562,
      0,
      -0.37958837,
      0.50821966,
      -0.7730626,
      0,
      0.6897856,
      -0.1434604,
      5.8449693,
      1
    ]
  },
  {
    "trackingState" : "Normal",
    "timestamp" : 235196657955,
    "transform" : [
      -0.15779465,
      -0.86109716,
      -0.48333484,
      0,
      -0.91324687,
      -0.058922503,
      0.40312317,
      0,
      -0.37560752,
      0.50501466,
      -0.7770967,
      0,
      0.68919367,
      -0.14234161,
      5.8452897,
      0.9999999
    ]
  },
  {
    "trackingState" : "Normal",
    "timestamp" : 235196674616,
    "transform" : [
      -0.15545145,
      -0.8628608,
      -0.48094293,
      0,
      -0.9152306,
      -0.05740862,
      0.39881977,
      0,
      -0.37173623,
      0.5021708,
      -0.78079236,
      0,
      0.6886143,
      -0.14114691,
      5.8456717,
      0.9999999
    ]
  },
  {
    "trackingState" : "Normal",
    "timestamp" : 235196691277,
    "transform" : [
      -0.15281755,
      -0.8645436,
      -0.4787601,
      0,
      -0.9169457,
      -0.056643806,
      0.3949712,
      0,
      -0.3685886,
      0.49935547,
      -0.7840834,
      0,
      0.6880201,
      -0.13987783,
      5.846117,
      0.99999994
    ]
  },
  {
    "trackingState" : "Normal",
    "timestamp" : 235196707937,
    "transform" : [
      -0.15003829,
      -0.8661621,
      -0.47670937,
      0,
      -0.91849244,
      -0.056316115,
      0.39140806,
      0,
      -0.36586925,
      0.4965801,
      -0.78711385,
      0,
      0.6863244,
      -0.13809367,
      5.845928,
      0.99999994
    ]
  },
  {
    "trackingState" : "Normal",
    "timestamp" : 235196724598,
    "transform" : [
      -0.1474741,
      -0.86804926,
      -0.47406965,
      0,
      -0.9203219,
      -0.05513845,
      0.38725644,
      0,
      -0.36229715,
      0.4934069,
      -0.7907533,
      0,
      0.68539447,
      -0.13652882,
      5.8462715,
      0.99999994
    ]
  },
  {
    "trackingState" : "Normal",
    "timestamp" : 235196741258,
    "transform" : [
      -0.14525777,
      -0.87027854,
      -0.47065428,
      0,
      -0.92230415,
      -0.053081337,
      0.382802,
      0,
      -0.35812736,
      0.4896913,
      -0.79495114,
      0,
      0.6847003,
      -0.13498804,
      5.84679,
      0.99999994
    ]
  },
  {
    "trackingState" : "Normal",
    "timestamp" : 235196757919,
    "transform" : [
      -0.14326759,
      -0.8726906,
      -0.4667822,
      0,
      -0.92453104,
      -0.050285064,
      0.37777498,
      0,
      -0.35315284,
      0.48567748,
      -0.7996254,
      0,
      0.6841008,
      -0.13342206,
      5.847417,
      1
    ]
  },
  {
    "trackingState" : "Normal",
    "timestamp" : 235196774579,
    "transform" : [
      -0.14129592,
      -0.875168,
      -0.4627271,
      0,
      -0.9271125,
      -0.046917517,
      0.37183458,
      0,
      -0.34712777,
      0.48153883,
      -0.8047501,
      0,
      0.6835564,
      -0.13179404,
      5.848136,
      0.9999999
    ]
  },
  {
    "trackingState" : "Normal",
    "timestamp" : 235196791240,
    "transform" : [
      -0.13982713,
      -0.87756866,
      -0.4586083,
      0,
      -0.9297035,
      -0.043022662,
      0.36578736,
      0,
      -0.34073412,
      0.4775167,
      -0.80986303,
      0,
      0.68304867,
      -0.13012232,
      5.8489113,
      0.9999998
    ]
  },
  {
    "trackingState" : "Normal",
    "timestamp" : 235196807901,
    "transform" : [
      -0.13843264,
      -0.88025224,
      -0.45386395,
      0,
      -0.93235195,
      -0.038720462,
      0.35947272,
      0,
      -0.3340005,
      0.47292364,
      -0.8153448,
      0,
      0.6823184,
      -0.12860155,
      5.849391,
      1
    ]
  },
  {
    "trackingState" : "Normal",
    "timestamp" : 235196824561,
    "transform" : [
      -0.13724034,
      -0.8834691,
      -0.44793704,
      0,
      -0.93454957,
      -0.034394607,
      0.35416684,
      0,
      -0.3283021,
      0.4672253,
      -0.8209254,
      0,
      0.6817843,
      -0.12672718,
      5.850084,
      0.99999994
    ]
  },
  {
    "trackingState" : "Normal",
    "timestamp" : 235196841222,
    "transform" : [
      -0.13572666,
      -0.8875993,
      -0.44016573,
      0,
      -0.9358277,
      -0.03100685,
      0.3510914,
      0,
      -0.3252767,
      0.45957172,
      -0.8264316,
      0,
      0.6812963,
      -0.1246205,
      5.8508205,
      0.99999994
    ]
  },
  {
    "trackingState" : "Normal",
    "timestamp" : 235196857882,
    "transform" : [
      -0.13371429,
      -0.89233124,
      -0.43112126,
      0,
      -0.93664616,
      -0.028324146,
      0.34913027,
      0,
      -0.32375097,
      0.4504917,
      -0.8320113,
      0,
      0.68082184,
      -0.12234021,
      5.851595,
      1
    ]
  },
  {
    "trackingState" : "Normal",
    "timestamp" : 235196874543,
    "transform" : [
      -0.13155586,
      -0.897023,
      -0.42195132,
      0,
      -0.93765867,
      -0.02553084,
      0.34661868,
      0,
      -0.32169774,
      0.44124597,
      -0.8377427,
      0,
      0.6803814,
      -0.11994261,
      5.852456,
      0.99999994
    ]
  },
  {
    "trackingState" : "Normal",
    "timestamp" : 235196891203,
    "transform" : [
      -0.12948428,
      -0.90107864,
      -0.41387343,
      0,
      -0.9392451,
      -0.022353148,
      0.3425188,
      0,
      -0.31788775,
      0.4330793,
      -0.84343934,
      0,
      0.6799943,
      -0.11745794,
      5.853433,
      0.99999994
    ]
  },
  {
    "trackingState" : "Normal",
    "timestamp" : 235196907864,
    "transform" : [
      -0.12748563,
      -0.90436345,
      -0.40727678,
      0,
      -0.94089556,
      -0.019638792,
      0.33812702,
      0,
      -0.31378812,
      0.42631117,
      -0.848408,
      0,
      0.6788303,
      -0.11507332,
      5.85481,
      1
    ]
  },
  {
    "trackingState" : "Normal",
    "timestamp" : 235196924525,
    "transform" : [
      -0.125944,
      -0.90724725,
      -0.40129888,
      0,
      -0.9419474,
      -0.017551463,
      0.33530155,
      0,
      -0.3112448,
      0.4202316,
      -0.85236865,
      0,
      0.67822236,
      -0.1125241,
      5.8560305,
      1
    ]
  },
  {
    "trackingState" : "Normal",
    "timestamp" : 235196941185,
    "transform" : [
      -0.124118865,
      -0.91045713,
      -0.39454088,
      0,
      -0.942428,
      -0.016265277,
      0.33401337,
      0,
      -0.3105222,
      0.4132837,
      -0.8560216,
      0,
      0.6777714,
      -0.10983826,
      5.857153,
      1
    ]
  },
  {
    "trackingState" : "Normal",
    "timestamp" : 235196957846,
    "transform" : [
      -0.12187712,
      -0.91394067,
      -0.38711548,
      0,
      -0.94255203,
      -0.015648747,
      0.33369255,
      0,
      -0.3110331,
      0.40554595,
      -0.8595295,
      0,
      0.6773373,
      -0.107053794,
      5.858239,
      0.9999999
    ]
  },
  {
    "trackingState" : "Normal",
    "timestamp" : 235196974506,
    "transform" : [
      -0.1192666,
      -0.9172538,
      -0.3800276,
      0,
      -0.9426771,
      -0.015535754,
      0.33334446,
      0,
      -0.31166553,
      0.39800015,
      -0.86282116,
      0,
      0.6768817,
      -0.1042301,
      5.8593774,
      0.9999999
    ]
  },
  {
    "trackingState" : "Normal",
    "timestamp" : 235196991167,
    "transform" : [
      -0.1163635,
      -0.9202459,
      -0.37364048,
      0,
      -0.94331723,
      -0.015331185,
      0.33153835,
      0,
      -0.31082517,
      0.3910404,
      -0.8662998,
      0,
      0.67637336,
      -0.10132794,
      5.860562,
      1
    ]
  },
  {
    "trackingState" : "Normal",
    "timestamp" : 235197007827,
    "transform" : [
      -0.113221765,
      -0.9229855,
      -0.36780235,
      0,
      -0.9443577,
      -0.015090442,
      0.32857355,
      0,
      -0.30881897,
      0.38453865,
      -0.86992,
      0,
      0.6756212,
      -0.09799533,
      5.8616533,
      1
    ]
  },
  {
    "trackingState" : "Normal",
    "timestamp" : 235197024488,
    "transform" : [
      -0.110323414,
      -0.925565,
      -0.36215767,
      0,
      -0.94554,
      -0.014533592,
      0.32518145,
      0,
      -0.30624008,
      0.37830967,
      -0.87355536,
      0,
      0.67505795,
      -0.09500145,
      5.8629146,
      0.99999994
    ]
  },
  {
    "trackingState" : "Normal",
    "timestamp" : 235197041149,
    "transform" : [
      -0.10776789,
      -0.9281577,
      -0.35624334,
      0,
      -0.9467435,
      -0.013549542,
      0.3217033,
      0,
      -0.30341837,
      0.37194034,
      -0.8772672,
      0,
      0.6745932,
      -0.09211427,
      5.864222,
      0.9999999
    ]
  },
  {
    "trackingState" : "Normal",
    "timestamp" : 235197057809,
    "transform" : [
      -0.105244674,
      -0.9309008,
      -0.34978166,
      0,
      -0.9476681,
      -0.01272368,
      0.31900325,
      0,
      -0.301411,
      0.36505035,
      -0.88084596,
      0,
      0.6741563,
      -0.08924411,
      5.8655534,
      0.9999999
    ]
  },
  {
    "trackingState" : "Normal",
    "timestamp" : 235197074470,
    "transform" : [
      -0.10209119,
      -0.93380827,
      -0.34289876,
      0,
      -0.94831306,
      -0.012756269,
      0.3170799,
      0,
      -0.30046597,
      0.35754642,
      -0.8842403,
      0,
      0.6736866,
      -0.08636137,
      5.8669252,
      1
    ]
  },
  {
    "trackingState" : "Normal",
    "timestamp" : 235197091130,
    "transform" : [
      -0.098089516,
      -0.93671584,
      -0.33606842,
      0,
      -0.948873,
      -0.013779171,
      0.3153574,
      0,
      -0.30003104,
      0.34981945,
      -0.88747275,
      0,
      0.67317194,
      -0.08347955,
      5.8683715,
      0.99999994
    ]
  },
  {
    "trackingState" : "Normal",
    "timestamp" : 235197107791,
    "transform" : [
      -0.09412181,
      -0.9392218,
      -0.33015707,
      0,
      -0.9494015,
      -0.015130637,
      0.31370032,
      0,
      -0.29962972,
      0.34297767,
      -0.89027435,
      0,
      0.6726908,
      -0.08061185,
      5.869862,
      0.99999994
    ]
  },
  {
    "trackingState" : "Normal",
    "timestamp" : 235197124451,
    "transform" : [
      -0.09060002,
      -0.9414545,
      -0.32473832,
      0,
      -0.95025307,
      -0.015853127,
      0.31107488,
      0,
      -0.298011,
      0.336767,
      -0.8931839,
      0,
      0.6724032,
      -0.077497095,
      5.87078,
      0.9999999
    ]
  },
  {
    "trackingState" : "Normal",
    "timestamp" : 235197141112,
    "transform" : [
      -0.087904744,
      -0.94358194,
      -0.31925833,
      0,
      -0.951263,
      -0.015586032,
      0.30798644,
      0,
      -0.29558647,
      0.33077204,
      -0.89622456,
      0,
      0.67213094,
      -0.07463003,
      5.872185,
      0.9999999
    ]
  },
  {
    "trackingState" : "Normal",
    "timestamp" : 235197157773,
    "transform" : [
      -0.08567041,
      -0.9456977,
      -0.3135546,
      0,
      -0.9520946,
      -0.015019704,
      0.3054346,
      0,
      -0.29355836,
      0.32470033,
      -0.899107,
      0,
      0.67188644,
      -0.0718501,
      5.8737288,
      1
    ]
  },
  {
    "trackingState" : "Normal",
    "timestamp" : 235197174433,
    "transform" : [
      -0.08325904,
      -0.9479193,
      -0.30743623,
      0,
      -0.9525139,
      -0.014974039,
      0.30412668,
      0,
      -0.29289114,
      0.31815857,
      -0.90165967,
      0,
      0.67163897,
      -0.06907916,
      5.8753023,
      1
    ]
  },
  {
    "trackingState" : "Normal",
    "timestamp" : 235197191094,
    "transform" : [
      -0.08031416,
      -0.95030135,
      -0.30079418,
      0,
      -0.95253617,
      -0.015726604,
      0.30401903,
      0,
      -0.2936402,
      0.31093436,
      -0.9039334,
      0,
      0.67136693,
      -0.06630632,
      5.876886,
      1
    ]
  },
  {
    "trackingState" : "Normal",
    "timestamp" : 235197207754,
    "transform" : [
      -0.077042155,
      -0.95286393,
      -0.2934535,
      0,
      -0.9523283,
      -0.016812412,
      0.30461162,
      0,
      -0.2951871,
      0.302932,
      -0.906144,
      0,
      0.67118,
      -0.06307056,
      5.8773055,
      0.99999994
    ]
  },
  {
    "trackingState" : "Normal",
    "timestamp" : 235197224415,
    "transform" : [
      -0.0740774,
      -0.9554359,
      -0.28575313,
      0,
      -0.95231754,
      -0.017270451,
      0.30461964,
      0,
      -0.29597965,
      0.2946931,
      -0.908599,
      0,
      0.6709991,
      -0.060182456,
      5.878535,
      0.99999994
    ]
  },
  {
    "trackingState" : "Normal",
    "timestamp" : 235197241076,
    "transform" : [
      -0.07215938,
      -0.95786345,
      -0.27801195,
      0,
      -0.9523654,
      -0.016634889,
      0.3045051,
      0,
      -0.296299,
      0.28674182,
      -0.9110358,
      0,
      0.67088765,
      -0.05744754,
      5.880086,
      0.99999994
    ]
  },
  {
    "trackingState" : "Normal",
    "timestamp" : 235197257736,
    "transform" : [
      -0.07044887,
      -0.9603742,
      -0.26966336,
      0,
      -0.9528084,
      -0.015238641,
      0.3031894,
      0,
      -0.29528463,
      0.27829686,
      -0.9139792,
      0,
      0.6708102,
      -0.05478026,
      5.8817863,
      0.9999999
    ]
  },
  {
    "trackingState" : "Normal",
    "timestamp" : 235197274397,
    "transform" : [
      -0.06890428,
      -0.9626929,
      -0.26167667,
      0,
      -0.953676,
      -0.013431946,
      0.30053574,
      0,
      -0.29283845,
      0.27026293,
      -0.91717154,
      0,
      0.6707623,
      -0.05215373,
      5.88363,
      1
    ]
  },
  {
    "trackingState" : "Normal",
