[
  {
    "timestamp" : 235245406775,
    "trackingState" : "Normal",
    "transform" : [
      -0.11903144,
      -0.98406214,
      0.13211124,
      0,
      -0.38538757,
      -0.076834254,
      -0.9195505,
      0,
      0.9150455,
      -0.16036941,
      -0.37009963,
      0,
      -1.3920919,
      0.11892775,
      1.9945267,
      1
    ]
  },
  {
    "timestamp" : 235245423435,
    "trackingState" : "Normal",
    "transform" : [
      -0.11911446,
      -0.9843671,
      0.12974337,
      0,
      -0.37899104,
      -0.07570228,
      -0.92229885,
      0,
      0.91770256,
      -0.15903068,
      -0.36404905,
      0,
      -1.3995992,
      0.11990015,
      1.9955587,
      1
    ]
  },
  {
    "timestamp" : 235245440096,
    "trackingState" : "Normal",
    "transform" : [
      -0.118780255,
      -0.98469675,
      0.1275288,
      0,
      -0.37329718,
      -0.074728765,
      -0.9246973,
      0,
      0.9200765,
      -0.1574419,
      -0.35870823,
      0,
      -1.406713,
      0.12057611,
      1.9966109,
      0.99999994
    ]
  },
  {
    "timestamp" : 235245456756,
    "trackingState" : "Normal",
    "transform" : [
      -0.11889095,
      -0.9849061,
      0.12579775,
      0,
      -0.36741966,
      -0.07406232,
      -0.9271018,
      0,
      0.92242503,
      -0.15644456,
      -0.35306853,
      0,
      -1.4136858,
      0.1211534,
      1.9976131,
      0.99999994
    ]
  },
  {
    "timestamp" : 235245473417,
    "trackingState" : "Normal",
    "transform" : [
      -0.118930526,
      -0.9851383,
      0.123928115,
      0,
      -0.3603816,
      -0.07347316,
      -0.929907,
      0,
      0.9251924,
      -0.15525572,
      -0.34628752,
      0,
      -1.4206396,
      0.12168312,
      1.998595,
      1
    ]
  },
  {
    "timestamp" : 235245490077,
    "trackingState" : "Normal",
    "transform" : [
      -0.11799212,
      -0.98554546,
      0.12156539,
      0,
      -0.35206777,
      -0.072949216,
      -0.93312746,
      0,
      0.9285076,
      -0.15290092,
      -0.33837134,
      0,
      -1.4276319,
      0.12215939,
      1.9995847,
      1
    ]
  },
  {
    "timestamp" : 235245506738,
    "trackingState" : "Normal",
    "transform" : [
      -0.116012864,
      -0.9861087,
      0.11887243,
      0,
      -0.3430519,
      -0.07253458,
      -0.93651175,
      0,
      0.93212485,
      -0.1494268,
      -0.3298715,
      0,
      -1.4344524,
      0.12248741,
      2.000526,
      1
    ]
  },
  {
    "timestamp" : 235245523399,
    "trackingState" : "Normal",
    "transform" : [
      -0.113892235,
      -0.98668855,
      0.11607906,
      0,
      -0.3343277,
      -0.07196071,
      -0.93970567,
      0,
      0.9355499,
      -0.1458336,
      -0.32168153,
      0,
      -1.4410572,
      0.122651145,
      2.0013654,
      0.99999994
    ]
  },
  {
    "timestamp" : 235245540059,
    "trackingState" : "Normal",
    "transform" : [
      -0.11234696,
      -0.98718256,
      0.11335266,
      0,
      -0.3266072,
      -0.07105064,
      -0.94248587,
      0,
      0.93845946,
      -0.1429072,
      -0.31443858,
      0,
      -1.4478377,
      0.12282209,
      2.002132,
      1
    ]
  },
  {
    "timestamp" : 235245556720,
    "trackingState" : "Normal",
    "transform" : [
      -0.1112888,
      -0.9875846,
      0.110866666,
      0,
      -0.3192589,
      -0.070117354,
      -0.94507,
      0,
      0.9411103,
      -0.1405709,
      -0.30749193,
      0,
      -1.4546006,
      0.122941464,
      2.002793,
      0.99999994
    ]
  },
  {
    "timestamp" : 235245573380,
    "trackingState" : "Normal",
    "transform" : [
      -0.110448785,
      -0.9879381,
      0.10853327,
      0,
      -0.311252,
      -0.06932612,
      -0.94779545,
      0,
      0.9438874,
      -0.13846405,
      -0.29984072,
      0,
      -1.4612659,
      0.12300189,
      2.0033398,
      1
    ]
  },
  {
    "timestamp" : 235245590041,
    "trackingState" : "Normal",
    "transform" : [
      -0.109633096,
      -0.9882721,
      0.106296584,
      0,
      -0.30276167,
      -0.06865699,
      -0.9505902,
      0,
      0.9467398,
      -0.13639866,
      -0.29168382,
      0,
      -1.4678087,
      0.12296711,
      2.0037596,
      1
    ]
  },
  {
    "timestamp" : 235245606701,
    "trackingState" : "Normal",
    "transform" : [
      -0.10871871,
      -0.9886288,
      0.10389135,
      0,
      -0.29476562,
      -0.06774942,
      -0.95316494,
      0,
      0.94936484,
      -0.13425045,
      -0.28404817,
      0,
      -1.474233,
      0.12281336,
      2.004058,
      1
    ]
  },
  {
    "timestamp" : 235245623362,
    "trackingState" : "Normal",
    "transform" : [
      -0.10835738,
      -0.9889044,
      0.10162073,
      0,
      -0.2874351,
      -0.06669037,
      -0.95547557,
      0,
      0.95165116,
      -0.13274218,
      -0.27701944,
      0,
      -1.4798944,
      0.12207377,
      2.0039802,
      1
    ]
  },
  {
    "timestamp" : 235245640022,
    "trackingState" : "Normal",
    "transform" : [
      -0.10840275,
      -0.9891026,
      0.09962432,
      0,
      -0.28036752,
      -0.06572786,
      -0.9576398,
      0,
      0.95375216,
      -0.1317422,
      -0.27018717,
      0,
      -1.4858457,
      0.121550724,
      2.0039785,
      1
    ]
  },
  {
    "timestamp" : 235245656683,
    "trackingState" : "Normal",
    "transform" : [
      -0.10823706,
      -0.9892969,
      0.09785942,
      0,
      -0.27299762,
      -0.06507462,
      -0.95981133,
      0,
      0.9559065,
      -0.13060252,
      -0.2630322,
      0,
      -1.4918665,
      0.1210307,
      2.003974,
      1
    ]
  },
  {
    "timestamp" : 235245673343,
    "trackingState" : "Normal",
    "transform" : [
      -0.107181326,
      -0.98962295,
      0.09570003,
      0,
      -0.2643653,
      -0.064422615,
      -0.96226853,
      0,
      0.9584484,
      -0.12843698,
      -0.25471708,
      0,
      -1.4978908,
      0.120453924,
      2.0039744,
      0.99999994
    ]
  },
  {
    "timestamp" : 235245690004,
    "trackingState" : "Normal",
    "transform" : [
      -0.10566762,
      -0.9900525,
      0.09290082,
      0,
      -0.2544922,
      -0.06338781,
      -0.9649953,
      0,
      0.96128476,
      -0.12561128,
      -0.24526258,
      0,
      -1.5038497,
      0.119810075,
      2.0039716,
      1
    ]
  },
  {
    "timestamp" : 235245706665,
    "trackingState" : "Normal",
    "transform" : [
      -0.10443684,
      -0.99048823,
      0.08958758,
      0,
      -0.24416018,
      -0.06178806,
      -0.9677643,
      0,
      0.9640948,
      -0.122943975,
      -0.23538484,
      0,
      -1.5096375,
      0.11891869,
      2.0041091,
      0.9999999
    ]
  },
  {
    "timestamp" : 235245723325,
    "trackingState" : "Normal",
    "transform" : [
      -0.10359365,
      -0.9908691,
      0.08629532,
      0,
      -0.23436816,
      -0.060000688,
      -0.9702946,
      0,
      0.96661264,
      -0.12074122,
      -0.22601248,
      0,
      -1.5152365,
      0.117789894,
      2.0043242,
      0.99999994
    ]
  },
  {
    "timestamp" : 235245739986,
    "trackingState" : "Normal",
    "transform" : [
      -0.102774486,
      -0.9911715,
      0.083765134,
      0,
      -0.2250499,
      -0.058857515,
      -0.9725679,
      0,
      0.9689119,
      -0.118806496,
      -0.21701401,
      0,
      -1.5207806,
      0.11680284,
      2.0041711,
      1
    ]
  },
  {
    "timestamp" : 235245756646,
    "trackingState" : "Normal",
    "transform" : [
      -0.1013028,
      -0.99148744,
      0.081794776,
      0,
      -0.216433,
      -0.05828448,
      -0.9745562,
      0,
      0.9710277,
      -0.116428345,
      -0.20868622,
      0,
      -1.5262846,
      0.11578721,
      2.0038314,
      0.99999994
    ]
  },
  {
    "timestamp" : 235245773307,
    "trackingState" : "Normal",
    "transform" : [
      -0.09891793,
      -0.9918638,
      0.08013363,
      0,
      -0.20874086,
      -0.058054294,
      -0.97624636,
      0,
      0.9729555,
      -0.11329542,
      -0.20129989,
      0,
      -1.531762,
      0.11469123,
      2.0033844,
      0.9999999
    ]
  },
  {
    "timestamp" : 235245789967,
    "trackingState" : "Normal",
    "transform" : [
      -0.09568666,
      -0.99229264,
      0.07873615,
      0,
      -0.2013893,
      -0.058164883,
      -0.97778285,
      0,
      0.9748265,
      -0.10941739,
      -0.1942715,
      0,
      -1.5372088,
      0.11349729,
      2.0028589,
      0.99999994
    ]
  },
  {
    "timestamp" : 235245806628,
    "trackingState" : "Normal",
    "transform" : [
      -0.09206242,
      -0.99272263,
      0.07762985,
      0,
      -0.19379777,
      -0.05860709,
      -0.97928935,
      0,
      0.9767124,
      -0.10520024,
      -0.18699192,
      0,
      -1.5429753,
      0.11205516,
      2.0020988,
      0.99999994
    ]
  },
  {
    "timestamp" : 235245823289,
    "trackingState" : "Normal",
    "transform" : [
      -0.08805776,
      -0.9931431,
      0.07689467,
      0,
      -0.18586102,
      -0.059457585,
      -0.98077554,
      0,
      0.97862244,
      -0.10065661,
      -0.17935088,
      0,
      -1.5490285,
      0.11039016,
      2.0011346,
      1
    ]
  },
  {
    "timestamp" : 235245839949,
    "trackingState" : "Normal",
    "transform" : [
      -0.083248354,
      -0.99360716,
      0.0762531,
      0,
      -0.17778704,
      -0.060482614,
      -0.98220855,
      0,
      0.9805415,
      -0.09532405,
      -0.17161539,
      0,
      -1.5546654,
      0.10882733,
      2.0003893,
      0.99999994
    ]
  },
  {
    "timestamp" : 235245856610,
    "trackingState" : "Normal",
    "transform" : [
      -0.07751689,
      -0.9941313,
      0.07545932,
      0,
      -0.16891046,
      -0.06149766,
      -0.983711,
      0,
      0.9825785,
      -0.08900007,
      -0.16315204,
      0,
      -1.560196,
      0.1072458,
      1.9997501,
      1
    ]
  },
  {
    "timestamp" : 235245873270,
    "trackingState" : "Normal",
    "transform" : [
      -0.07087946,
      -0.99470264,
      0.074449755,
      0,
      -0.15893075,
      -0.06242216,
      -0.98531437,
      0,
      0.98474216,
      -0.081670895,
      -0.15366438,
      0,
      -1.5656861,
      0.10559915,
      1.9991915,
      0.99999994
    ]
  },
  {
    "timestamp" : 235245889931,
    "trackingState" : "Normal",
    "transform" : [
      -0.06396821,
      -0.99528325,
      0.07293444,
      0,
      -0.14835806,
      -0.062787764,
      -0.98693854,
      0,
      0.98686284,
      -0.0739531,
      -0.14364187,
      0,
      -1.5711122,
      0.10388082,
      1.9986955,
      1
    ]
  },
  {
    "timestamp" : 235245906591,
    "trackingState" : "Normal",
    "transform" : [
      -0.05768107,
      -0.9958119,
      0.0709339,
      0,
      -0.13786227,
      -0.06242629,
      -0.98848224,
      0,
      0.9887705,
      -0.0667958,
      -0.13368405,
      0,
      -1.5769955,
      0.1020899,
      1.9983264,
      1
    ]
  },
  {
    "timestamp" : 235245923252,
    "trackingState" : "Normal",
    "transform" : [
      -0.052146316,
      -0.99626976,
      0.06875775,
      0,
      -0.12860194,
      -0.06157881,
      -0.9897827,
      0,
      0.99032456,
      -0.060455892,
      -0.124911085,
      0,
      -1.5832514,
      0.10022424,
      1.9980624,
      1
    ]
  },
  {
    "timestamp" : 235245939912,
    "trackingState" : "Normal",
    "transform" : [
      -0.046963863,
      -0.9966737,
      0.06660318,
      0,
      -0.120677546,
      -0.06052725,
      -0.99084485,
      0,
      0.99158037,
      -0.054571405,
      -0.11743354,
      0,
      -1.5887072,
      0.098305136,
      1.9976944,
      1
    ]
  },
  {
    "timestamp" : 235245956573,
    "trackingState" : "Normal",
    "transform" : [
      -0.041640755,
      -0.9970495,
      0.06448431,
      0,
      -0.113317214,
      -0.059410986,
      -0.991781,
      0,
      0.9926859,
      -0.04860569,
      -0.110508956,
      0,
      -1.5938637,
      0.09634864,
      1.9973034,
      0.99999994
    ]
  },
  {
    "timestamp" : 235245973233,
    "trackingState" : "Normal",
    "transform" : [
      -0.03632803,
      -0.9974052,
      0.062155288,
      0,
      -0.105861984,
      -0.058005534,
      -0.9926876,
      0,
      0.99371713,
      -0.04264226,
      -0.10348005,
      0,
      -1.5988598,
      0.094374865,
      1.9969152,
      0.99999994
    ]
  },
  {
    "timestamp" : 235245989894,
    "trackingState" : "Normal",
    "transform" : [
      -0.031504102,
      -0.9977203,
      0.05968001,
      0,
      -0.098659754,
      -0.05631386,
      -0.9935265,
      0,
      0.99462247,
      -0.037188172,
      -0.09666071,
      0,
      -1.603729,
      0.09238732,
      1.9965162,
      0.99999994
    ]
  },
  {
    "timestamp" : 235246006555,
    "trackingState" : "Normal",
    "transform" : [
      -0.02713447,
      -0.9979856,
      0.05734448,
      0,
      -0.09244489,
      -0.054614536,
      -0.9942189,
      0,
      0.99534804,
      -0.03227881,
      -0.090776734,
      0,
      -1.6088717,
      0.09034418,
      1.9960239,
      0.9999999
    ]
  },
  {
    "timestamp" : 235246023215,
    "trackingState" : "Normal",
    "transform" : [
      -0.022831073,
      -0.9982153,
      0.055181272,
      0,
      -0.08667744,
      -0.053011373,
      -0.9948251,
      0,
      0.99597496,
      -0.02749589,
      -0.08531243,
      0,
      -1.6142217,
      0.08826972,
      1.9954525,
      1
    ]
  },
  {
    "timestamp" : 235246039876,
    "trackingState" : "Normal",
    "transform" : [
      -0.01791062,
      -0.998391,
      0.05380262,
      0,
      -0.08125497,
      -0.052179806,
      -0.9953266,
      0,
      0.9965325,
      -0.022198647,
      -0.08018963,
      0,
      -1.6192173,
      0.086233,
      1.9949583,
      1
    ]
  },
  {
    "timestamp" : 235246056536,
    "trackingState" : "Normal",
    "transform" : [
      -0.013152917,
      -0.9985447,
      0.052301444,
      0,
      -0.074742794,
      -0.051177807,
      -0.99588865,
      0,
      0.9971161,
      -0.017008,
      -0.07396087,
      0,
      -1.6240151,
      0.0842338,
      1.9944705,
      0.9999999
    ]
  },
  {
    "timestamp" : 235246073197,
    "trackingState" : "Normal",
    "transform" : [
      -0.008855345,
      -0.99866426,
      0.050903678,
      0,
      -0.06781954,
      -0.05018864,
      -0.99643445,
      0,
      0.9976583,
      -0.012276034,
      -0.06728451,
      0,
      -1.6287324,
      0.08224656,
      1.993956,
      0.9999999
    ]
  },
  {
    "timestamp" : 235246089857,
    "trackingState" : "Normal",
    "transform" : [
      -0.004564739,
      -0.9987626,
      0.04952203,
      0,
      -0.061473653,
      -0.049148604,
      -0.9968979,
      0,
      0.9980984,
      -0.007594878,
      -0.06117322,
      0,
      -1.6334338,
      0.080250934,
      1.9934253,
      0.99999994
    ]
  },
  {
    "timestamp" : 235246106518,
    "trackingState" : "Normal",
    "transform" : [
      0.00019499002,
      -0.9988355,
      0.048244346,
      0,
      -0.055703502,
      -0.048180282,
      -0.9972842,
      0,
      0.99844736,
      -0.0024929184,
      -0.05564802,
      0,
      -1.6386133,
      0.07840965,
      1.9927787,
      0.9999999
    ]
  },
  {
    "timestamp" : 235246123179,
    "trackingState" : "Normal",
    "transform" : [
      0.0056241592,
      -0.99887,
      0.04719099,
      0,
      -0.050267916,
      -0.04741447,
      -0.9976096,
      0,
      0.99872,
      0.0032385222,
      -0.05047777,
      0,
      -1.6441969,
      0.07669764,
      1.9920365,
      0.99999994
    ]
  },
  {
    "timestamp" : 235246139839,
    "trackingState" : "Normal",
    "transform" : [
      0.011307726,
      -0.99884623,
      0.0466735,
      0,
      -0.045085844,
      -0.047138307,
      -0.99787045,
      0,
      0.99891925,
      0.0091793295,
      -0.04556684,
      0,
      -1.6492337,
      0.07475607,
      1.9913871,
      1
    ]
  },
  {
    "timestamp" : 235246156500,
    "trackingState" : "Normal",
    "transform" : [
      0.016902491,
      -0.99877995,
      0.04639875,
      0,
      -0.039996743,
      -0.047043648,
      -0.99809176,
      0,
      0.99905694,
      0.015014434,
      -0.04074309,
      0,
      -1.6541044,
      0.07274062,
      1.9907439,
      0.99999994
    ]
  },
  {
    "timestamp" : 235246173160,
    "trackingState" : "Normal",
    "transform" : [
      0.022415629,
      -0.99868166,
      0.046179164,
      0,
      -0.03483479,
      -0.046942923,
      -0.99829006,
      0,
      0.9991418,
      0.020768655,
      -0.035841107,
      0,
      -1.6589282,
      0.07068892,
      1.9901016,
      1
    ]
  },
  {
    "timestamp" : 235246189821,
    "trackingState" : "Normal",
    "transform" : [
      0.027694982,
      -0.9985641,
      0.045856144,
      0,
      -0.029236251,
      -0.046663262,
      -0.9984828,
      0,
      0.9991889,
      0.026312295,
      -0.030486597,
      0,
      -1.6637316,
      0.06861032,
      1.9894655,
      1
    ]
  },
  {
    "timestamp" : 235246206481,
    "trackingState" : "Normal",
    "transform" : [
      0.03277949,
      -0.9984239,
      0.04555618,
      0,
      -0.023458164,
      -0.046336666,
      -0.9986505,
      0,
      0.9991874,
      0.031666584,
      -0.024940068,
      0,
      -1.6701536,
      0.06708135,
      1.9879849,
      0.99999994
    ]
  },
  {
    "timestamp" : 235246223142,
    "trackingState" : "Normal",
    "transform" : [
      0.0379896,
      -0.9982367,
      0.045611113,
      0,
      -0.017631529,
      -0.04630655,
      -0.9987717,
      0,
      0.99912274,
      0.03713874,
      -0.01935959,
      0,
      -1.6755219,
      0.06515502,
      1.987048,
      1
    ]
  },
  {
    "timestamp" : 235246239802,
    "trackingState" : "Normal",
    "transform" : [
      0.043598335,
      -0.9979903,
      0.045983877,
      0,
      -0.0124408845,
      -0.046566408,
      -0.99883777,
      0,
      0.9989718,
      0.04297558,
      -0.014446086,
      0,
      -1.680576,
      0.06310262,
      1.9862802,
      0.99999994
    ]
  },
  {
    "timestamp" : 235246256463,
    "trackingState" : "Normal",
    "transform" : [
      0.048934568,
      -0.99772227,
      0.046430185,
      0,
      -0.008590077,
      -0.046904553,
      -0.99886245,
      0,
      0.99876523,
      0.048480056,
      -0.010865751,
      0,
      -1.6855389,
      0.061002582,
      1.9855736,
      1
    ]
  },
  {
    "timestamp" : 235246273124,
    "trackingState" : "Normal",
    "transform" : [
      0.053545948,
      -0.9974789,
      0.04656869,
      0,
      -0.005440904,
      -0.046926335,
      -0.99888355,
      0,
      0.9985506,
      0.053232785,
      -0.007939886,
      0,
      -1.6904814,
      0.058877237,
      1.9849331,
      0.9999999
    ]
  },
  {
    "timestamp" : 235246289784,
    "trackingState" : "Normal",
    "transform" : [
      0.05771504,
      -0.99726427,
      0.046184767,
      0,
      -0.0021267375,
      -0.046384588,
      -0.99892145,
      0,
      0.998331,
      0.05755456,
      -0.0047979914,
      0,
      -1.695463,
      0.056729257,
      1.9843749,
      0.99999994
    ]
  },
  {
    "timestamp" : 235246306445,
    "trackingState" : "Normal",
    "transform" : [
      0.062126566,
      -0.9970391,
      0.04531506,
      0,
      0.0022970233,
      -0.045259804,
      -0.9989726,
      0,
      0.99806577,
      0.062166825,
      -0.000521596,
      0,
      -1.7009878,
      0.054719526,
      1.9835746,
      0.99999994
    ]
  },
  {
    "timestamp" : 235246323105,
    "trackingState" : "Normal",
    "transform" : [
      0.067137316,
      -0.9967625,
      0.044239633,
      0,
      0.0075932,
      -0.04382794,
      -0.99901026,
      0,
      0.99771494,
      0.067406796,
      0.0046261447,
      0,
      -1.7069646,
      0.052845534,
      1.982592,
      0.99999994
    ]
  },
  {
    "timestamp" : 235246339766,
    "trackingState" : "Normal",
    "transform" : [
      0.07231671,
      -0.99643666,
      0.043409348,
      0,
      0.012567772,
      -0.04260946,
      -0.9990128,
      0,
      0.99730265,
      0.07279087,
      0.009441628,
      0,
      -1.7124531,
      0.05084538,
      1.9820168,
      1
    ]
  },
  {
    "timestamp" : 235246356426,
    "trackingState" : "Normal",
    "transform" : [
      0.077053145,
      -0.9960881,
      0.043258537,
      0,
      0.016410664,
      -0.042114574,
      -0.9989779,
      0,
      0.9968919,
      0.07768428,
      0.013101422,
      0,
      -1.7178025,
      0.048828963,
      1.9815235,
      0.9999999
    ]
  },
  {
    "timestamp" : 235246373087,
    "trackingState" : "Normal",
    "transform" : [
      0.08162899,
      -0.9957008,
      0.043780785,
      0,
      0.018978959,
      -0.04236649,
      -0.9989219,
      0,
      0.9964822,
      0.08237189,
      0.015439052,
      0,
      -1.7231556,
      0.04681255,
      1.9810432,
      1
    ]
  },
  {
    "timestamp" : 235246389747,
    "trackingState" : "Normal",
    "transform" : [
      0.08639727,
      -0.995265,
      0.04453273,
      0,
      0.021160085,
      -0.042856585,
      -0.9988572,
      0,
      0.9960362,
      0.08724084,
      0.017357215,
      0,
      -1.7285634,
      0.04480984,
      1.9805853,
      0.99999994
    ]
  },
  {
    "timestamp" : 235246406408,
    "trackingState" : "Normal",
    "transform" : [
      0.09129942,
      -0.99480957,
      0.04492539,
      0,
      0.023404296,
      -0.04295777,
      -0.99880266,
      0,
      0.9955484,
      0.09224155,
      0.01936082,
      0,
      -1.7341313,
      0.043018706,
      1.9802035,
      0.9999999
    ]
  },
  {
    "timestamp" : 235246423069,
    "trackingState" : "Normal",
    "transform" : [
      0.0953138,
      -0.99443257,
      0.044937015,
      0,
      0.026407965,
      -0.042600665,
      -0.99874324,
      0,
      0.99509704,
      0.09638068,
      0.022200529,
      0,
      -1.7397935,
      0.041442152,
      1.9798714,
      1
    ]
  },
  {
    "timestamp" : 235246439729,
    "trackingState" : "Normal",
    "transform" : [
      0.09850003,
      -0.994126,
      0.044848062,
      0,
      0.029696248,
      -0.042110756,
      -0.9986716,
      0,
      0.99469405,
      0.09970098,
      0.025373919,
      0,
      -1.7453725,
      0.039706916,
      1.979545,
      1
    ]
  },
  {
    "timestamp" : 235246456390,
    "trackingState" : "Normal",
    "transform" : [
      0.10140868,
      -0.9938298,
      0.044928033,
      0,
      0.03227617,
      -0.041850373,
      -0.99860245,
      0,
      0.99432117,
      0.10271705,
      0.027833046,
      0,
      -1.7509894,
      0.03794713,
      1.9791993,
      0.99999994
    ]
  },
  {
    "timestamp" : 235246473050,
    "trackingState" : "Normal",
    "transform" : [
      0.10430179,
      -0.9934992,
      0.045613136,
      0,
      0.034346905,
      -0.042237625,
      -0.9985171,
      0,
      0.9939526,
      0.10571377,
      0.029718174,
      0,
      -1.7566886,
      0.036196586,
      1.9788281,
      1
    ]
  },
  {
    "timestamp" : 235246489711,
    "trackingState" : "Normal",
    "transform" : [
      0.10721499,
      -0.9931447,
      0.04656925,
      0,
      0.036431234,
      -0.04288346,
      -0.9984157,
      0,
      0.9935683,
      0.10874169,
      0.031583752,
      0,
      -1.762471,
      0.03448196,
      1.9784367,
      1
    ]
  },
  {
    "timestamp" : 235246506371,
    "trackingState" : "Normal",
    "transform" : [
      0.10975688,
      -0.9928207,
      0.047546204,
      0,
      0.038686674,
      -0.043531895,
      -0.9983028,
      0,
      0.9932054,
      0.11140999,
      0.03363102,
      0,
      -1.7686818,
      0.03278922,
      1.9782952,
      1
    ]
  },
  {
    "timestamp" : 235246523032,
    "trackingState" : "Normal",
    "transform" : [
      0.11174674,
      -0.99255735,
      0.048401248,
      0,
      0.04090366,
      -0.044070818,
      -0.99819076,
      0,
      0.9928946,
      0.11352434,
      0.035674475,
      0,
      -1.7752215,
      0.031124119,
      1.9783752,
      0.99999994
    ]
  },
  {
    "timestamp" : 235246539692,
    "trackingState" : "Normal",
    "transform" : [
      0.11331539,
      -0.9923401,
      0.04920049,
      0,
      0.042913232,
      -0.04458497,
      -0.9980835,
      0,
      0.992632,
      0.11520957,
      0.037532378,
      0,
      -1.7814057,
      0.029531434,
      1.9781871,
      0.99999994
    ]
  },
  {
    "timestamp" : 235246556353,
    "trackingState" : "Normal",
    "transform" : [
      0.114903055,
      -0.99211556,
      0.050041635,
      0,
      0.04485474,
      -0.04514217,
      -0.9979732,
      0,
      0.9923637,
      0.11691476,
      0.039314132,
      0,
      -1.7875401,
      0.027983602,
      1.9779232,
      1
    ]
  },
  {
    "timestamp" : 235246573014,
    "trackingState" : "Normal",
    "transform" : [
      0.11672416,
      -0.9918514,
      0.051053822,
      0,
      0.046828635,
      -0.045851644,
      -0.9978501,
      0,
      0.9920599,
      0.118863985,
      0.041095063,
      0,
      -1.7937206,
      0.026459016,
      1.9776139,
      1
    ]
  },
  {
    "timestamp" : 235246589674,
    "trackingState" : "Normal",
    "transform" : [
      0.11846983,
      -0.99157834,
      0.052318785,
      0,
      0.049193744,
      -0.04676398,
      -0.99769384,
      0,
      0.99173826,
      0.12077037,
      0.043239344,
      0,
      -1.7999516,
      0.024958834,
      1.9772524,
      0.9999998
    ]
  },
  {
    "timestamp" : 235246606335,
    "trackingState" : "Normal",
    "transform" : [
      0.120230585,
      -0.9912799,
      0.05393196,
      0,
      0.0516262,
      -0.048009355,
      -0.9975118,
      0,
      0.9914027,
      0.12271573,
      0.045403842,
      0,
      -1.8062513,
      0.023463095,
      1.976826,
      0.99999994
    ]
  },
  {
    "timestamp" : 235246622995,
    "trackingState" : "Normal",
    "transform" : [
      0.12282129,
      -0.99084157,
      0.05610715,
      0,
      0.05397452,
      -0.049782395,
      -0.9973006,
      0,
      0.9909601,
      0.1255181,
      0.047365874,
      0,
      -1.8136423,
      0.021466924,
      1.9771043,
      0.99999994
    ]
  },
  {
    "timestamp" : 235246639656,
    "trackingState" : "Normal",
    "transform" : [
      0.12670921,
      -0.9902226,
      0.058344506,
      0,
      0.0563924,
      -0.05153243,
      -0.997078,
      0,
      0.9903358,
      0.12962912,
      0.049311407,
      0,
      -1.8205352,
      0.019767165,
      1.9769064,
      1
    ]
  },
  {
    "timestamp" : 235246656316,
    "trackingState" : "Normal",
    "transform" : [
      0.13118142,
      -0.9895544,
      0.059779886,
      0,
      0.05897178,
      -0.05240496,
      -0.9968832,
      0,
      0.989603,
      0.13429786,
      0.051481247,
      0,
      -1.8273178,
      0.018171411,
      1.9766215,
      1
    ]
  },
  {
    "timestamp" : 235246672977,
    "trackingState" : "Normal",
    "transform" : [
      0.13492118,
      -0.98903775,
      0.060004756,
      0,
      0.061693717,
      -0.052055787,
      -0.99673665,
      0,
      0.9889339,
      0.1381828,
      0.053994007,
      0,
      -1.834067,
      0.016639259,
      1.9763678,
      0.9999999
    ]
  },
  {
    "timestamp" : 235246689637,
    "trackingState" : "Normal",
    "transform" : [
      0.1381251,
      -0.9886324,
      0.059393883,
      0,
      0.06474243,
      -0.05082757,
      -0.99660677,
      0,
      0.9882966,
      0.14150171,
      0.05698591,
      0,
      -1.8408406,
      0.015159347,
      1.9761556,
      1
    ]
  },
  {
    "timestamp" : 235246706298,
    "trackingState" : "Normal",
    "transform" : [
      0.14207445,
      -0.98810595,
      0.058833864,
      0,
      0.069216825,
      -0.049374133,
      -0.996379,
      0,
      0.9874331,
      0.14563228,
      0.061378777,
      0,
      -1.8479054,
      0.013785779,
      1.9761715,
      0.99999994
    ]
  },
  {
    "timestamp" : 235246722958,
    "trackingState" : "Normal",
    "transform" : [
      0.14752686,
      -0.9872758,
      0.05935032,
      0,
      0.07465496,
      -0.048720326,
      -0.99601865,
      0,
      0.98623663,
      0.15137029,
      0.066517495,
      0,
      -1.855224,
      0.012505823,
      1.9762723,
      1
    ]
  },
  {
    "timestamp" : 235246739619,
    "trackingState" : "Normal",
    "transform" : [
      0.15360422,
      -0.9862258,
      0.061355967,
      0,
      0.07937722,
      -0.04957688,
      -0.99561113,
      0,
      0.9849392,
      0.15780032,
      0.07066865,
      0,
      -1.8623246,
      0.011217189,
      1.9759814,
      1
    ]
  },
  {
    "timestamp" : 235246756279,
    "trackingState" : "Normal",
    "transform" : [
      0.15958005,
      -0.9850769,
      0.064480454,
      0,
      0.08294788,
      -0.051706478,
      -0.99521166,
      0,
      0.98369414,
      0.16416441,
      0.07345873,
      0,
      -1.8693091,
      0.009935568,
      1.9754984,
      0.99999994
    ]
  },
  {
    "timestamp" : 235246772940,
    "trackingState" : "Normal",
    "transform" : [
      0.16491374,
      -0.98397756,
      0.06776221,
      0,
      0.084962994,
      -0.054274995,
      -0.9949048,
      0,
      0.9826419,
      0.16983072,
      0.074650995,
      0,
      -1.8762037,
      0.0086459825,
      1.9749786,
      1
    ]
  },
  {
    "timestamp" : 235246789601,
    "trackingState" : "Normal",
    "transform" : [
      0.16915566,
      -0.98308754,
      0.070180506,
      0,
      0.08613305,
      -0.056188785,
      -0.994698,
      0,
      0.98181856,
      0.17430362,
      0.07517169,
      0,
      -1.8830014,
      0.0073333587,
      1.9745255,
      1
    ]
  },
  {
    "timestamp" : 235246806261,
    "trackingState" : "Normal",
    "transform" : [
      0.1723679,
      -0.9824941,
      0.070673585,
      0,
      0.08831784,
      -0.056043833,
      -0.9945146,
      0,
      0.9810655,
      0.17766409,
      0.07711161,
      0,
      -1.8904899,
      0.006715212,
      1.975101,
      1
    ]
  },
  {
    "timestamp" : 235246822922,
    "trackingState" : "Normal",
    "transform" : [
      0.17404361,
      -0.98227334,
      0.069627985,
      0,
      0.091849975,
      -0.05420584,
      -0.99429643,
      0,
      0.98044515,
      0.17944624,
      0.08078762,
      0,
      -1.8973194,
      0.0056503974,
      1.9751726,
      1
    ]
  },
  {
    "timestamp" : 235246839582,
    "trackingState" : "Normal",
    "transform" : [
      0.1749917,
      -0.98218393,
      0.068502925,
      0,
      0.09585096,
      -0.05225129,
      -0.9940234,
      0,
      0.9798932,
      0.18051188,
      0.084999755,
      0,
      -1.9038856,
      0.0044362717,
      1.975013,
      0.99999994
    ]
  },
  {
    "timestamp" : 235246856243,
    "trackingState" : "Normal",
    "transform" : [
      0.17656384,
      -0.98186916,
      0.06898006,
      0,
      0.09910323,
      -0.05199133,
      -0.993718,
      0,
      0.9792875,
      0.18229079,
      0.08812664,
      0,
      -1.910368,
      0.0031376346,
      1.974624,
      0.99999994
    ]
  },
  {
    "timestamp" : 235246872903,
    "trackingState" : "Normal",
    "transform" : [
      0.17993599,
      -0.98106706,
      0.07162714,
      0,
      0.100577705,
      -0.054084994,
      -0.993458,
      0,
      0.978523,
      0.18596293,
      0.088941656,
      0,
      -1.9168588,
      0.0017398484,
      1.9740074,
      0.9999999
    ]
  },
  {
    "timestamp" : 235246889564,
    "trackingState" : "Normal",
    "transform" : [
      0.18464528,
      -0.9799138,
      0.07533381,
      0,
      0.100823894,
      -0.05736077,
      -0.9932495,
      0,
      0.97762007,
      0.19099425,
      0.08820736,
      0,
      -1.9233445,
      0.00023887679,
      1.9732412,
      1
    ]
  },
  {
    "timestamp" : 235246906224,
    "trackingState" : "Normal",
    "transform" : [
      0.18909678,
      -0.9788161,
      0.0784956,
      0,
      0.10236269,
      -0.059853267,
      -0.99294496,
      0,
      0.97660863,
      0.19579767,
      0.08887622,
      0,
      -1.9294991,
      -0.0011511627,
      1.9725885,
      1
    ]
  },
  {
    "timestamp" : 235246922885,
    "trackingState" : "Normal",
    "transform" : [
      0.19286515,
      -0.97792757,
      0.08037926,
      0,
      0.10658701,
      -0.06055265,
      -0.9924579,
      0,
      0.9754191,
      0.1999779,
      0.0925559,
      0,
      -1.9353406,
      -0.0024645925,
      1.9720813,
      1
    ]
  },
  {
    "timestamp" : 235246939546,
    "trackingState" : "Normal",
    "transform" : [
      0.19680995,
      -0.97704756,
      0.08151085,
      0,
      0.112644926,
      -0.060052715,
      -0.991819,
      0,
      0.9739494,
      0.20438159,
      0.09824051,
      0,
      -1.9412888,
      -0.0040149637,
      1.971427,
      1
    ]
  },
  {
    "timestamp" : 235246956206,
    "trackingState" : "Normal",
    "transform" : [
      0.2015822,
      -0.97595525,
      0.082920834,
      0,
      0.11902582,
      -0.0596229,
      -0.9910993,
      0,
      0.97221273,
      0.20965768,
      0.10414498,
      0,
      -1.947167,
      -0.0056641046,
      1.9706664,
      0.9999999
    ]
  },
  {
    "timestamp" : 235246972867,
    "trackingState" : "Normal",
    "transform" : [
      0.20653293,
      -0.97475576,
      0.08482532,
      0,
      0.12440894,
      -0.059828956,
      -0.9904255,
      0,
      0.97049814,
      0.2151085,
      0.1089117,
      0,
      -1.9528694,
      -0.0073426464,
      1.9697894,
      0.9999999
    ]
  },
  {
    "timestamp" : 235246989527,
    "trackingState" : "Normal",
    "transform" : [
      0.21049613,
      -0.9737495,
      0.08662154,
      0,
      0.12854676,
      -0.06026754,
      -0.9898704,
      0,
      0.96910644,
      0.2194988,
      0.112486295,
      0,
      -1.9583219,
      -0.008998708,
      1.9688188,
      0.99999994
    ]
  },
  {
    "timestamp" : 235247006188,
    "trackingState" : "Normal",
    "transform" : [
      0.21297412,
      -0.97309875,
      0.08786956,
      0,
      0.13162713,
      -0.060537826,
      -0.98944914,
      0,
      0.96815115,
      0.22229303,
      0.115193225,
      0,
      -1.9635221,
      -0.010613522,
      1.9677694,
      1
    ]
  },
  {
    "timestamp" : 235247022848,
    "trackingState" : "Normal",
    "transform" : [
      0.21444876,
      -0.97268075,
      0.08890366,
      0,
      0.13452432,
      -0.060740683,
      -0.98904693,
      0,
      0.967427,
      0.22405958,
      0.117823474,
      0,
      -1.9677255,
      -0.013417885,
      1.9668759,
      0.99999994
    ]
  },
  {
    "timestamp" : 235247039509,
    "trackingState" : "Normal",
    "transform" : [
      0.21682669,
      -0.97203904,
      0.0901463,
      0,
      0.13869701,
      -0.060731903,
      -0.9884711,
      0,
      0.9663072,
      0.22682986,
      0.12165064,
      0,
      -1.9723784,
      -0.015413843,
      1.9657458,
      1
    ]
  },
  {
    "timestamp" : 235247056169,
    "trackingState" : "Normal",
    "transform" : [
      0.22065364,
      -0.9710536,
      0.091470204,
      0,
      0.14489345,
      -0.06010638,
      -0.9876199,
      0,
      0.96452993,
      0.23117535,
      0.12743664,
      0,
      -1.9771395,
      -0.017137364,
      1.9645405,
      0.9999999
    ]
  },
  {
    "timestamp" : 235247072830,
    "trackingState" : "Normal",
    "transform" : [
      0.22478876,
      -0.9700253,
      0.09230852,
      0,
      0.1524847,
      -0.0585469,
      -0.9865701,
      0,
      0.9624025,
      0.2358455,
      0.13475336,
      0,
      -1.9817907,
      -0.018720118,
      1.963323,
      0.99999994
    ]
  },
  {
    "timestamp" : 235247089491,
    "trackingState" : "Normal",
    "transform" : [
      0.22770436,
      -0.9693295,
      0.092473365,
      0,
      0.15986383,
      -0.056464724,
      -0.985523,
      0,
      0.96051794,
      0.23919098,
      0.14210346,
      0,
      -1.9861977,
      -0.020167515,
      1.9620814,
      1
    ]
  },
  {
    "timestamp" : 235247106151,
    "trackingState" : "Normal",
    "transform" : [
      0.22921,
      -0.96895313,
      0.09269705,
      0,
      0.16533034,
      -0.055093724,
      -0.98469824,
      0,
      0.9592335,
      0.24102828,
      0.14756934,
      0,
      -1.9902248,
      -0.021663167,
      1.9600027,
      1
    ]
  },
  {
    "timestamp" : 235247122812,
    "trackingState" : "Normal",
    "transform" : [
      0.23059867,
      -0.9685264,
      0.09370563,
      0,
      0.16896382,
      -0.054982185,
      -0.9840874,
      0,
      0.958267,
      0.24276212,
      0.15096712,
      0,
      -1.9940203,
      -0.02321281,
      1.9572965,
      0.9999999
    ]
  },
  {
    "timestamp" : 235247139472,
    "trackingState" : "Normal",
    "transform" : [
      0.23322433,
      -0.9677095,
      0.09562865,
      0,
      0.17354989,
      -0.055339567,
      -0.98326916,
      0,
      0.95681095,
      0.24591857,
      0.15503936,
      0,
      -1.9979002,
      -0.024552949,
      1.955286,
      1
    ]
  },
  {
    "timestamp" : 235247156133,
    "trackingState" : "Normal",
    "transform" : [
      0.2372817,
      -0.9664778,
      0.09807198,
      0,
      0.18090339,
      -0.055227984,
      -0.9819491,
      0,
      0.9544484,
      0.25074005,
      0.16173452,
      0,
      -2.001763,
      -0.025777549,
      1.9534831,
      1
    ]
  },
  {
    "timestamp" : 235247172793,
    "trackingState" : "Normal",
    "transform" : [
      0.24185885,
      -0.96512115,
      0.100227825,
      0,
      0.19027317,
      -0.05411541,
      -0.9802386,
      0,
      0.9514729,
      0.25615,
      0.17054838,
      0,
      -2.0054963,
      -0.026882788,
      1.9517604,
      0.99999994
    ]
  },
  {
    "timestamp" : 235247189454,
    "trackingState" : "Normal",
    "transform" : [
      0.24532269,
      -0.9640692,
      0.10191821,
      0,
      0.19962598,
      -0.052641243,
      -0.97845715,
      0,
      0.94866556,
      0.26038322,
      0.17953922,
      0,
      -2.0089903,
      -0.02784694,
      1.9500349,
      0.9999999
    ]
  },
  {
    "timestamp" : 235247206114,
    "trackingState" : "Normal",
    "transform" : [
      0.24711157,
      -0.96343553,
      0.10357565,
      0,
      0.2077095,
      -0.051739287,
      -0.9768214,
      0,
      0.9464634,
      0.26289746,
      0.18732937,
      0,
      -2.0122225,
      -0.028672356,
      1.9482414,
      1
    ]
  },
  {
    "timestamp" : 235247222775,
    "trackingState" : "Normal",
    "transform" : [
      0.24838933,
      -0.96290123,
      0.10547092,
      0,
      0.21370986,
      -0.051725406,
      -0.9755269,
      0,
      0.9447916,
      0.26485062,
      0.19293346,
      0,
      -2.0155165,
      -0.029651534,
      1.9465027,
      1
    ]
  },
  {
    "timestamp" : 235247239435,
    "trackingState" : "Normal",
    "transform" : [
      0.25000396,
      -0.9622192,
      0.10785339,
      0,
      0.21899295,
      -0.0523113,
      -0.9743232,
      0,
      0.94315445,
      0.26720375,
      0.19764121,
      0,
      -2.0185835,
      -0.030380322,
      1.9446441,
      0.9999999
    ]
  },
  {
    "timestamp" : 235247256096,
    "trackingState" : "Normal",
    "transform" : [
      0.2520176,
      -0.9614575,
      0.10993905,
      0,
      0.22538106,
      -0.052167404,
      -0.9728731,
      0,
      0.9411114,
