[
  {
    "transform" : [
      -0.1084691,
      -0.8830381,
      0.45659426,
      0,
      0.96390486,
      0.018918594,
      0.2655743,
      0,
      -0.24315038,
      0.46891996,
      0.84911263,
      0,
      -3.2013412,
      -0.13310872,
      0.67616343,
      0.99999994
    ],
    "trackingState" : "Normal",
    "timestamp" : 235262067319
  },
  {
    "transform" : [
      -0.106602535,
      -0.8830243,
      0.45706034,
      0,
      0.96472836,
      0.019421624,
      0.26253045,
      0,
      -0.2406976,
      0.4689254,
      0.8498082,
      0,
      -3.203426,
      -0.1326159,
      0.6714763,
      1
    ],
    "trackingState" : "Normal",
    "timestamp" : 235262083980
  },
  {
    "transform" : [
      -0.10531574,
      -0.8832793,
      0.45686594,
      0,
      0.9652843,
      0.019628359,
      0.2604636,
      0,
      -0.23902963,
      0.4684363,
      0.85054845,
      0,
      -3.2052546,
      -0.13212685,
      0.66681594,
      1.0000001
    ],
    "trackingState" : "Normal",
    "timestamp" : 235262100640
  },
  {
    "transform" : [
      -0.10385618,
      -0.88425815,
      0.45530388,
      0,
      0.9656891,
      0.019906294,
      0.25893712,
      0,
      -0.2380307,
      0.46657413,
      0.85185117,
      0,
      -3.207192,
      -0.13153243,
      0.6621671,
      1
    ],
    "trackingState" : "Normal",
    "timestamp" : 235262117301
  },
  {
    "transform" : [
      -0.10205487,
      -0.88552815,
      0.45323816,
      0,
      0.9662978,
      0.019996887,
      0.25664917,
      0,
      -0.23633344,
      0.4641553,
      0.8536432,
      0,
      -3.2092748,
      -0.1308905,
      0.65746784,
      0.99999994
    ],
    "trackingState" : "Normal",
    "timestamp" : 235262133961
  },
  {
    "transform" : [
      -0.1000968,
      -0.88666576,
      0.45144713,
      0,
      0.9672323,
      0.019688724,
      0.25312862,
      0,
      -0.23332886,
      0.46199158,
      0.855641,
      0,
      -3.2114518,
      -0.13025735,
      0.65267444,
      0.9999999
    ],
    "trackingState" : "Normal",
    "timestamp" : 235262150622
  },
  {
    "transform" : [
      -0.09793985,
      -0.887846,
      0.44959685,
      0,
      0.9683116,
      0.019275233,
      0.2490003,
      0,
      -0.22973998,
      0.45973688,
      0.8578238,
      0,
      -3.2136955,
      -0.12963086,
      0.64779,
      0.9999999
    ],
    "trackingState" : "Normal",
    "timestamp" : 235262167282
  },
  {
    "transform" : [
      -0.095363624,
      -0.8893817,
      0.4471084,
      0,
      0.96925336,
      0.01938878,
      0.24529973,
      0,
      -0.22683397,
      0.45675397,
      0.86018735,
      0,
      -3.215963,
      -0.12900567,
      0.6428334,
      0.99999994
    ],
    "trackingState" : "Normal",
    "timestamp" : 235262183943
  },
  {
    "transform" : [
      -0.09260537,
      -0.8911407,
      0.4441763,
      0,
      0.9698858,
      0.02019299,
      0.24272218,
      0,
      -0.22526886,
      0.4532776,
      0.86243474,
      0,
      -3.218145,
      -0.1277086,
      0.6381471,
      1
    ],
    "trackingState" : "Normal",
    "timestamp" : 235262200603
  },
  {
    "transform" : [
      -0.09007407,
      -0.8926538,
      0.44165137,
      0,
      0.97020715,
      0.0214971,
      0.24132152,
      0,
      -0.22491078,
      0.4502301,
      0.8641228,
      0,
      -3.220297,
      -0.1267203,
      0.63315797,
      0.99999994
    ],
    "trackingState" : "Normal",
    "timestamp" : 235262217264
  },
  {
    "transform" : [
      -0.08858008,
      -0.89357305,
      0.4400918,
      0,
      0.9704503,
      0.022140406,
      0.24028313,
      0,
      -0.22445436,
      0.4483715,
      0.8652071,
      0,
      -3.2223854,
      -0.1260157,
      0.6278681,
      0.9999999
    ],
    "trackingState" : "Normal",
    "timestamp" : 235262233924
  },
  {
    "transform" : [
      -0.08842775,
      -0.89401025,
      0.43923387,
      0,
      0.97071123,
      0.021546477,
      0.23928161,
      0,
      -0.22338413,
      0.4475283,
      0.8659205,
      0,
      -3.2243621,
      -0.12538666,
      0.6224019,
      1
    ],
    "trackingState" : "Normal",
    "timestamp" : 235262250585
  },
  {
    "transform" : [
      -0.08889227,
      -0.89440304,
      0.43833956,
      0,
      0.97096455,
      0.02031641,
      0.23835935,
      0,
      -0.22209477,
      0.4468004,
      0.86662775,
      0,
      -3.2262444,
      -0.124741256,
      0.6168437,
      1
    ],
    "trackingState" : "Normal",
    "timestamp" : 235262267246
  },
  {
    "transform" : [
      -0.088651076,
      -0.89530194,
      0.43654943,
      0,
      0.97103566,
      0.019947723,
      0.2381004,
      0,
      -0.22187993,
      0.4450129,
      0.8676018,
      0,
      -3.22811,
      -0.124017864,
      0.6112677,
      0.9999999
    ],
    "trackingState" : "Normal",
    "timestamp" : 235262283906
  },
  {
    "transform" : [
      -0.08715086,
      -0.8967096,
      0.43395483,
      0,
      0.9709323,
      0.02102138,
      0.23842959,
      0,
      -0.22292438,
      0.44212008,
      0.86881226,
      0,
      -3.229816,
      -0.12272214,
      0.6059437,
      0.99999994
    ],
    "trackingState" : "Normal",
    "timestamp" : 235262300567
  },
  {
    "transform" : [
      -0.085281804,
      -0.8982247,
      0.43118387,
      0,
      0.97073066,
      0.022613745,
      0.23910426,
      0,
      -0.22452003,
      0.4389546,
      0.87000567,
      0,
      -3.2315934,
      -0.12153673,
      0.6004512,
      1
    ],
    "trackingState" : "Normal",
    "timestamp" : 235262317227
  },
  {
    "transform" : [
      -0.084385596,
      -0.89935267,
      0.4290035,
      0,
      0.97066844,
      0.023078188,
      0.23931247,
      0,
      -0.2251269,
      0.4366146,
      0.8710258,
      0,
      -3.2333808,
      -0.120489545,
      0.5947604,
      1
    ],
    "trackingState" : "Normal",
    "timestamp" : 235262333888
  },
  {
    "transform" : [
      -0.084592655,
      -0.9001311,
      0.42732677,
      0,
      0.9708072,
      0.022150284,
      0.23883675,
      0,
      -0.22444978,
      0.43505567,
      0.8719801,
      0,
      -3.235111,
      -0.119456135,
      0.5889624,
      0.99999994
    ],
    "trackingState" : "Normal",
    "timestamp" : 235262350548
  },
  {
    "transform" : [
      -0.08551233,
      -0.9006873,
      0.42596984,
      0,
      0.97114205,
      0.020190591,
      0.23764606,
      0,
      -0.22264533,
      0.43399882,
      0.87296873,
      0,
      -3.2368877,
      -0.1184102,
      0.5830999,
      1
    ],
    "trackingState" : "Normal",
    "timestamp" : 235262367209
  },
  {
    "transform" : [
      -0.08496349,
      -0.9016178,
      0.42410693,
      0,
      0.97132504,
      0.0199115,
      0.2369208,
      0,
      -0.22205661,
      0.4320752,
      0.8740722,
      0,
      -3.2387753,
      -0.117272094,
      0.5772423,
      1
    ],
    "trackingState" : "Normal",
    "timestamp" : 235262383869
  },
  {
    "transform" : [
      -0.08311757,
      -0.90298826,
      0.42154935,
      0,
      0.9712199,
      0.021348275,
      0.2372265,
      0,
      -0.2232121,
      0.42913476,
      0.8752257,
      0,
      -3.2403028,
      -0.11602815,
      0.5715601,
      1
    ],
    "trackingState" : "Normal",
    "timestamp" : 235262400530
  },
  {
    "transform" : [
      -0.0807988,
      -0.904569,
      0.41860086,
      0,
      0.97091204,
      0.023540746,
      0.23827657,
      0,
      -0.22539175,
      0.42567703,
      0.8763548,
      0,
      -3.2421215,
      -0.114726365,
      0.56581783,
      0.99999994
    ],
    "trackingState" : "Normal",
    "timestamp" : 235262417190
  },
  {
    "transform" : [
      -0.07884778,
      -0.90595675,
      0.4159632,
      0,
      0.97056603,
      0.025485827,
      0.23948286,
      0,
      -0.22756228,
      0.42260242,
      0.8772815,
      0,
      -3.2441463,
      -0.11337616,
      0.5600073,
      0.99999994
    ],
    "trackingState" : "Normal",
    "timestamp" : 235262433851
  },
  {
    "transform" : [
      -0.077594794,
      -0.9071027,
      0.41369513,
      0,
      0.970378,
      0.02650809,
      0.24013299,
      0,
      -0.22879156,
      0.42007372,
      0.8781757,
      0,
      -3.2462313,
      -0.1119833,
      0.5541727,
      0.99999994
    ],
    "trackingState" : "Normal",
    "timestamp" : 235262450511
  },
  {
    "transform" : [
      -0.077224515,
      -0.90798664,
      0.41182134,
      0,
      0.9709675,
      0.02530586,
      0.23786986,
      0,
      -0.22640413,
      0.41823444,
      0.8796713,
      0,
      -3.2483408,
      -0.110680394,
      0.5482975,
      1
    ],
    "trackingState" : "Normal",
    "timestamp" : 235262467172
  },
  {
    "transform" : [
      -0.07629956,
      -0.9089481,
      0.409868,
      0,
      0.97172344,
      0.024337428,
      0.23486471,
      0,
      -0.22345498,
      0.41619837,
      0.8813893,
      0,
      -3.250514,
      -0.10940962,
      0.5424271,
      1
    ],
    "trackingState" : "Normal",
    "timestamp" : 235262483832
  },
  {
    "transform" : [
      -0.07435542,
      -0.9102404,
      0.4073496,
      0,
      0.9721603,
      0.024856195,
      0.2329952,
      0,
      -0.22220683,
      0.4133335,
      0.88305146,
      0,
      -3.2521813,
      -0.10806039,
      0.5369686,
      0.99999994
    ],
    "trackingState" : "Normal",
    "timestamp" : 235262500493
  },
  {
    "transform" : [
      -0.07151609,
      -0.9116441,
      0.4047106,
      0,
      0.97210765,
      0.027158715,
      0.23295765,
      0,
      -0.22336589,
      0.41008246,
      0.884274,
      0,
      -3.254139,
      -0.1067437,
      0.5313815,
      1
    ],
    "trackingState" : "Normal",
    "timestamp" : 235262517154
  },
  {
    "transform" : [
      -0.06889386,
      -0.91254085,
      0.40314108,
      0,
      0.97169006,
      0.030160842,
      0.23432611,
      0,
      -0.22599123,
      0.4078718,
      0.8846291,
      0,
      -3.256293,
      -0.10545219,
      0.5256501,
      0.9999999
    ],
    "trackingState" : "Normal",
    "timestamp" : 235262533814
  },
  {
    "transform" : [
      -0.06759994,
      -0.9128313,
      0.40270254,
      0,
      0.9711305,
      0.032348454,
      0.2363458,
      0,
      -0.22877063,
      0.40705362,
      0.8842917,
      0,
      -3.2584245,
      -0.10411462,
      0.51990026,
      1
    ],
    "trackingState" : "Normal",
    "timestamp" : 235262550475
  },
  {
    "transform" : [
      -0.06789931,
      -0.91302544,
      0.40221187,
      0,
      0.97068566,
      0.032709353,
      0.23811677,
      0,
      -0.23056273,
      0.40658918,
      0.8840398,
      0,
      -3.2604444,
      -0.10268498,
      0.5142545,
      1
    ],
    "trackingState" : "Normal",
    "timestamp" : 235262567135
  },
  {
    "transform" : [
      -0.0694298,
      -0.91335607,
      0.40119854,
      0,
      0.97054374,
      0.031162258,
      0.23890144,
      0,
      -0.23070434,
      0.40596756,
      0.8842885,
      0,
      -3.2623649,
      -0.10116089,
      0.5087559,
      0.99999994
    ],
    "trackingState" : "Normal",
    "timestamp" : 235262583796
  },
  {
    "transform" : [
      -0.07139027,
      -0.9137714,
      0.39990684,
      0,
      0.97057396,
      0.028801749,
      0.23907512,
      0,
      -0.22997801,
      0.4052067,
      0.8848265,
      0,
      -3.2646425,
      -0.09926633,
      0.5025386,
      0.99999994
    ],
    "trackingState" : "Normal",
    "timestamp" : 235262600456
  },
  {
    "transform" : [
      -0.07239788,
      -0.9144975,
      0.3980617,
      0,
      0.970648,
      0.027173273,
      0.23896486,
      0,
      -0.22934939,
      0.4036783,
      0.8856878,
      0,
      -3.2668629,
      -0.0974259,
      0.49682578,
      1
    ],
    "trackingState" : "Normal",
    "timestamp" : 235262617117
  },
  {
    "transform" : [
      -0.071745776,
      -0.91584456,
      0.39507142,
      0,
      0.97069746,
      0.026963895,
      0.23878768,
      0,
      -0.22934504,
      0.40062678,
      0.88707346,
      0,
      -3.2691054,
      -0.09561904,
      0.4916035,
      1
    ],
    "trackingState" : "Normal",
    "timestamp" : 235262633777
  },
  {
    "transform" : [
      -0.069967344,
      -0.91782004,
      0.39078277,
      0,
      0.97079664,
      0.027467163,
      0.23832676,
      0,
      -0.22947475,
      0.39604566,
      0.8890947,
      0,
      -3.2714188,
      -0.0938014,
      0.4866391,
      1
    ],
    "trackingState" : "Normal",
    "timestamp" : 235262650438
  },
  {
    "transform" : [
      -0.06834016,
      -0.91979873,
      0.3863934,
      0,
      0.9709631,
      0.027679892,
      0.23762232,
      0,
      -0.22926009,
      0.39141288,
      0.8911991,
      0,
      -3.273737,
      -0.09201019,
      0.4817837,
      0.99999994
    ],
    "trackingState" : "Normal",
    "timestamp" : 235262667098
  },
  {
    "transform" : [
      -0.06759171,
      -0.9213659,
      0.3827746,
      0,
      0.9710474,
      0.02735477,
      0.23731595,
      0,
      -0.22912556,
      0.3877328,
      0.892841,
      0,
      -3.2760012,
      -0.090254426,
      0.47696865,
      0.99999994
    ],
    "trackingState" : "Normal",
    "timestamp" : 235262683759
  },
  {
    "transform" : [
      -0.06718602,
      -0.9228137,
      0.37934297,
      0,
      0.9709591,
      0.02702654,
      0.23771457,
      0,
      -0.22961858,
      0.38429755,
      0.8941986,
      0,
      -3.278807,
      -0.088468745,
      0.47128823,
      1
    ],
    "trackingState" : "Normal",
    "timestamp" : 235262700419
  },
  {
    "transform" : [
      -0.06667128,
      -0.9243919,
      0.37557244,
      0,
      0.97078264,
      0.026864056,
      0.23845269,
      0,
      -0.2305131,
      0.3804971,
      0.8955926,
      0,
      -3.2813644,
      -0.08667783,
      0.46610454,
      1
    ],
    "trackingState" : "Normal",
    "timestamp" : 235262717080
  },
  {
    "transform" : [
      -0.06609058,
      -0.9261233,
      0.37138623,
      0,
      0.9707559,
      0.026410647,
      0.23861237,
      0,
      -0.230793,
      0.3762953,
      0.8972942,
      0,
      -3.283692,
      -0.0848917,
      0.46137702,
      1
    ],
    "trackingState" : "Normal",
    "timestamp" : 235262733741
  },
  {
    "transform" : [
      -0.065768026,
      -0.9279806,
      0.36677858,
      0,
      0.97107327,
      0.025034754,
      0.23746574,
      0,
      -0.22954582,
      0.37178648,
      0.8994908,
      0,
      -3.285879,
      -0.08314896,
      0.4568586,
      0.99999994
    ],
    "trackingState" : "Normal",
    "timestamp" : 235262750401
  },
  {
    "transform" : [
      -0.065685205,
      -0.92980385,
      0.36214688,
      0,
      0.971384,
      0.023435049,
      0.23635592,
      0,
      -0.22825159,
      0.36730877,
      0.9016573,
      0,
      -3.287982,
      -0.08147952,
      0.45244086,
      1
    ],
    "trackingState" : "Normal",
    "timestamp" : 235262767062
  },
  {
    "transform" : [
      -0.06534413,
      -0.93128717,
      0.35837775,
      0,
      0.9713422,
      0.022886606,
      0.23658144,
      0,
      -0.22852731,
      0.36356658,
      0.9031031,
      0,
      -3.290075,
      -0.07988345,
      0.4480495,
      1
    ],
    "trackingState" : "Normal",
    "timestamp" : 235262783722
  },
  {
    "transform" : [
      -0.0643303,
      -0.93252087,
      0.35534027,
      0,
      0.9708256,
      0.023942493,
      0.23858932,
      0,
      -0.23099722,
      0.36032185,
      0.90377486,
      0,
      -3.292621,
      -0.07844696,
      0.44342917,
      1
    ],
    "trackingState" : "Normal",
    "timestamp" : 235262800383
  },
  {
    "transform" : [
      -0.06282242,
      -0.93388754,
      0.35200503,
      0,
      0.97026503,
      0.025457313,
      0.24070299,
      0,
      -0.23375061,
      0.35665968,
      0.90451914,
      0,
      -3.294962,
      -0.07693023,
      0.43908706,
      1
    ],
    "trackingState" : "Normal",
    "timestamp" : 235262817043
  },
  {
    "transform" : [
      -0.061264507,
      -0.93563247,
      0.34761873,
      0,
      0.97013575,
      0.026074339,
      0.24115756,
      0,
      -0.23469873,
      0.3520117,
      0.906093,
      0,
      -3.297043,
      -0.07531866,
      0.4350516,
      1
    ],
    "trackingState" : "Normal",
    "timestamp" : 235262833704
  },
  {
    "transform" : [
      -0.060421467,
      -0.93758786,
      0.34245917,
      0,
      0.97067696,
      0.024781402,
      0.23910727,
      0,
      -0.23267068,
      0.34686437,
      0.90859765,
      0,
      -3.298912,
      -0.07368352,
      0.43120247,
      1
    ],
    "trackingState" : "Normal",
    "timestamp" : 235262850364
  },
  {
    "transform" : [
      -0.060612816,
      -0.9392621,
      0.33780584,
      0,
      0.97177464,
      0.021772355,
      0.23490404,
      0,
      -0.2279913,
      0.34250933,
      0.9114315,
      0,
      -3.3006275,
      -0.072095625,
      0.42738616,
      0.9999998
    ],
    "trackingState" : "Normal",
    "timestamp" : 235262867025
  },
  {
    "transform" : [
      -0.061593167,
      -0.94036293,
      0.33455005,
      0,
      0.9729285,
      0.018237349,
      0.2303855,
      0,
      -0.2227473,
      0.33968347,
      0.91378266,
      0,
      -3.3022745,
      -0.07060538,
      0.42351,
      0.9999998
    ],
    "trackingState" : "Normal",
    "timestamp" : 235262883685
  },
  {
    "transform" : [
      -0.062236886,
      -0.9411534,
      0.3322,
      0,
      0.9737148,
      0.01581223,
      0.2272207,
      0,
      -0.21910237,
      0.3376096,
      0.9154311,
      0,
      -3.3040195,
      -0.06937086,
      0.41939935,
      0.9999999
    ],
    "trackingState" : "Normal",
    "timestamp" : 235262900346
  },
  {
    "transform" : [
      -0.061460752,
      -0.94207406,
      0.32972583,
      0,
      0.974068,
      0.015456549,
      0.22572744,
      0,
      -0.21774837,
      0.3350487,
      0.9166942,
      0,
      -3.305849,
      -0.06812799,
      0.41541326,
      1
    ],
    "trackingState" : "Normal",
    "timestamp" : 235262917006
  },
  {
    "transform" : [
      -0.05892031,
      -0.9433641,
      0.32648525,
      0,
      0.9742778,
      0.016919555,
      0.22471474,
      0,
      -0.21751179,
      0.33132756,
      0.9181018,
      0,
      -3.3077657,
      -0.06685962,
      0.41158107,
      0.99999994
    ],
    "trackingState" : "Normal",
    "timestamp" : 235262933667
  },
  {
    "transform" : [
      -0.05560375,
      -0.94497705,
      0.32237646,
      0,
      0.9746313,
      0.01873768,
      0.22303067,
      0,
      -0.21679948,
      0.3265995,
      0.91996235,
      0,
      -3.30967,
      -0.065621406,
      0.40785542,
      0.9999999
    ],
    "trackingState" : "Normal",
    "timestamp" : 235262950327
  },
  {
    "transform" : [
      -0.05290903,
      -0.9466045,
      0.3180262,
      0,
      0.97504276,
      0.019794501,
      0.22113314,
      0,
      -0.2156208,
      0.3217891,
      0.9219326,
      0,
      -3.3114612,
      -0.06442949,
      0.40417445,
      0.99999994
    ],
    "trackingState" : "Normal",
    "timestamp" : 235262966988
  },
  {
    "transform" : [
      -0.05168957,
      -0.9478053,
      0.31463227,
      0,
      0.97543365,
      0.01964085,
      0.21941634,
      0,
      -0.21414357,
      0.3182444,
      0.923506,
      0,
      -3.3131187,
      -0.063286535,
      0.40045768,
      1
    ],
    "trackingState" : "Normal",
    "timestamp" : 235262983649
  },
  {
    "transform" : [
      -0.05209902,
      -0.948288,
      0.31310642,
      0,
      0.9760428,
      0.017971018,
      0.21683547,
      0,
      -0.21124934,
      0.31690213,
      0.92463344,
      0,
      -3.3142943,
      -0.062552914,
      0.3966521,
      0.99999994
    ],
    "trackingState" : "Normal",
    "timestamp" : 235263000309
  },
  {
    "transform" : [
      -0.05320769,
      -0.94847536,
      0.31235164,
      0,
      0.97685176,
      0.015463433,
      0.213358,
      0,
      -0.20719483,
      0.31647348,
      0.92569715,
      0,
      -3.315656,
      -0.06173485,
      0.392869,
      1
    ],
    "trackingState" : "Normal",
    "timestamp" : 235263016970
  },
  {
    "transform" : [
      -0.053515617,
      -0.9488721,
      0.3110914,
      0,
      0.9777919,
      0.013423261,
      0.20914783,
      0,
      -0.20263042,
      0.31537533,
      0.92708117,
      0,
      -3.317293,
      -0.060857214,
      0.38918886,
      0.9999999
    ],
    "trackingState" : "Normal",
    "timestamp" : 235263033630
  },
  {
    "transform" : [
      -0.052095864,
      -0.9497303,
      0.3087044,
      0,
      0.97875273,
      0.012829942,
      0.20464224,
      0,
      -0.19831559,
      0.31280628,
      0.9288828,
      0,
      -3.3191576,
      -0.060004592,
      0.38564155,
      0.9999998
    ],
    "trackingState" : "Normal",
    "timestamp" : 235263050291
  },
  {
    "transform" : [
      -0.049471237,
      -0.9509141,
      0.30547518,
      0,
      0.979655,
      0.013360777,
      0.20024441,
      0,
      -0.19449663,
      0.30916655,
      0.9309068,
      0,
      -3.3211777,
      -0.05922933,
      0.38219914,
      1
    ],
    "trackingState" : "Normal",
    "timestamp" : 235263066951
  },
  {
    "transform" : [
      -0.04658256,
      -0.95195717,
      0.30266738,
      0,
      0.98059016,
      0.01419124,
      0.19555415,
      0,
      -0.19045442,
      0.30590206,
      0.9328189,
      0,
      -3.3232784,
      -0.05858252,
      0.37878153,
      0.9999999
    ],
    "trackingState" : "Normal",
    "timestamp" : 235263083612
  },
  {
    "transform" : [
      -0.0444325,
      -0.95231336,
      0.30186927,
      0,
      0.98171955,
      0.014356551,
      0.18979138,
      0,
      -0.18507467,
      0.30478385,
      0.9342668,
      0,
      -3.3252652,
      -0.057742465,
      0.37381688,
      1
    ],
    "trackingState" : "Normal",
    "timestamp" : 235263100272
  },
  {
    "transform" : [
      -0.04262394,
      -0.95269996,
      0.30090865,
      0,
      0.982646,
      0.01444542,
      0.18492791,
      0,
      -0.18052757,
      0.303569,
      0.9355511,
      0,
      -3.3273106,
      -0.057180066,
      0.36952457,
      0.99999994
    ],
    "trackingState" : "Normal",
    "timestamp" : 235263116933
  },
  {
    "transform" : [
      -0.041256413,
      -0.9530914,
      0.29985815,
      0,
      0.983558,
      0.014069726,
      0.18004449,
      0,
      -0.17581779,
      0.3023558,
      0.9368401,
      0,
      -3.3293948,
      -0.0568694,
      0.36578515,
      0.99999994
    ],
    "trackingState" : "Normal",
    "timestamp" : 235263133593
  },
  {
    "transform" : [
      -0.040429737,
      -0.95313984,
      0.2998164,
      0,
      0.9845609,
      0.013142648,
      0.17454793,
      0,
      -0.17030898,
      0.30224442,
      0.937893,
      0,
      -3.3315105,
      -0.056741208,
      0.362175,
      0.9999999
    ],
    "trackingState" : "Normal",
    "timestamp" : 235263150254
  },
  {
    "transform" : [
      -0.03977618,
      -0.95287377,
      0.3007482,
      0,
      0.9855795,
      0.012128761,
      0.1687783,
      0,
      -0.16447213,
      0.30312455,
      0.9386505,
      0,
      -3.333682,
      -0.05674175,
      0.35858545,
      0.99999994
    ],
    "trackingState" : "Normal",
    "timestamp" : 235263166914
  },
  {
    "transform" : [
      -0.038743448,
      -0.9526135,
      0.30170637,
      0,
      0.9865984,
      0.011425124,
      0.1627674,
      0,
      -0.15850143,
      0.30396914,
      0.9394043,
      0,
      -3.335939,
      -0.05684012,
      0.35503185,
      1
    ],
    "trackingState" : "Normal",
    "timestamp" : 235263183575
  },
  {
    "transform" : [
      -0.036331713,
      -0.9527755,
      0.30149433,
      0,
      0.9877454,
      0.011586082,
      0.15564281,
      0,
      -0.15178579,
      0.3034544,
      0.94067883,
      0,
      -3.3388083,
      -0.056930326,
      0.35099795,
      0.9999999
    ],
    "trackingState" : "Normal",
    "timestamp" : 235263200235
  },
  {
    "transform" : [
      -0.033815857,
      -0.9530295,
      0.30098403,
      0,
      0.98887974,
      0.0117333615,
      0.14825393,
      0,
      -0.14482191,
      0.3026503,
      0.9420349,
      0,
      -3.3414989,
      -0.05713768,
      0.34722358,
      0.99999994
    ],
    "trackingState" : "Normal",
    "timestamp" : 235263216896
  },
  {
    "transform" : [
      -0.03164826,
      -0.9529993,
      0.30131534,
      0,
      0.98998153,
      0.011615525,
      0.14071897,
      0,
      -0.13760501,
      0.30275008,
      0.943084,
      0,
      -3.344,
      -0.057465423,
      0.3435853,
      1
    ],
    "trackingState" : "Normal",
    "timestamp" : 235263233556
  },
  {
    "transform" : [
      -0.030089185,
      -0.9526994,
      0.3024211,
      0,
      0.9908931,
      0.011296901,
      0.13417624,
      0,
      -0.13124602,
      0.30370423,
      0.94368345,
      0,
      -3.3464184,
      -0.05786704,
      0.33993933,
      1
    ],
    "trackingState" : "Normal",
    "timestamp" : 235263250217
  },
  {
    "transform" : [
      -0.028589819,
      -0.9522288,
      0.30404449,
      0,
      0.9916579,
      0.011226778,
      0.12840816,
      0,
      -0.12568738,
      0.30517924,
      0.94396436,
      0,
      -3.3488026,
      -0.058296956,
      0.33627734,
      1
    ],
    "trackingState" : "Normal",
    "timestamp" : 235263266878
  },
  {
    "transform" : [
      -0.026763,
      -0.9517415,
      0.30573183,
      0,
      0.9924798,
      0.011247327,
      0.12189206,
      0,
      -0.11944839,
      0.30669484,
      0.9442832,
      0,
      -3.3511355,
      -0.05871761,
      0.3326152,
      1
    ],
    "trackingState" : "Normal",
    "timestamp" : 235263283538
  },
  {
    "transform" : [
      -0.024953432,
      -0.9514844,
      0.3066836,
      0,
      0.99331003,
      0.011001666,
      0.1149537,
      0,
      -0.112750664,
      0.30750036,
      0.94484454,
      0,
      -3.3537855,
      -0.05938233,
      0.32843497,
      1
    ],
    "trackingState" : "Normal",
    "timestamp" : 235263300199
  },
  {
    "transform" : [
      -0.023651449,
      -0.95133954,
      0.30723542,
      0,
      0.9940912,
      0.010186331,
      0.10806815,
      0,
      -0.10593911,
      0.307976,
      0.9454775,
      0,
      -3.356129,
      -0.059913695,
      0.32449326,
      0.9999999
    ],
    "trackingState" : "Normal",
    "timestamp" : 235263316859
  },
  {
    "transform" : [
      -0.022734221,
      -0.9509278,
      0.30857685,
      0,
      0.9948213,
      0.009067229,
      0.101234965,
      0,
      -0.09906507,
      0.3092803,
      0.9457971,
      0,
      -3.3582244,
      -0.060349822,
      0.32069108,
      1
    ],
    "trackingState" : "Normal",
    "timestamp" : 235263333520
  },
  {
    "transform" : [
      -0.02220759,
      -0.9503773,
      0.3103062,
      0,
      0.99547005,
      0.007680308,
      0.09476506,
      0,
      -0.0924458,
      0.311005,
      0.94590163,
      0,
      -3.3601854,
      -0.06073464,
      0.31692046,
      1
    ],
    "trackingState" : "Normal",
    "timestamp" : 235263350180
  },
  {
    "transform" : [
      -0.021712163,
      -0.94988084,
      0.3118576,
      0,
      0.9961506,
      0.005943563,
      0.087457426,
      0,
      -0.08492766,
      0.312556,
      0.9460953,
      0,
      -3.362051,
      -0.061092403,
      0.31316587,
      1
    ],
    "trackingState" : "Normal",
    "timestamp" : 235263366841
  },
  {
    "transform" : [
      -0.020817734,
      -0.9495963,
      0.3127837,
      0,
      0.99686456,
      0.0041734194,
      0.07901795,
      0,
      -0.07634051,
      0.31344792,
      0.946532,
      0,
      -3.3638716,
      -0.061449766,
      0.30942017,
      1
    ],
    "trackingState" : "Normal",
    "timestamp" : 235263383501
  },
  {
    "transform" : [
      -0.019174883,
      -0.9493457,
      0.31364822,
      0,
      0.99753565,
      0.0030111156,
      0.07009835,
      0,
      -0.067491986,
      0.3142194,
      0.9469484,
      0,
      -3.3661149,
      -0.061594237,
      0.30478984,
      1
    ],
    "trackingState" : "Normal",
    "timestamp" : 235263400162
  },
  {
    "transform" : [
      -0.01682972,
      -0.94884264,
      0.31530076,
      0,
      0.9980743,
      0.0028879088,
      0.0619646,
      0,
      -0.0597052,
      0.31573635,
      0.9469667,
      0,
      -3.3681924,
      -0.06191067,
      0.30042943,
      1
    ],
    "trackingState" : "Normal",
    "timestamp" : 235263416822
  },
  {
    "transform" : [
      -0.014130904,
      -0.94835365,
      0.31690034,
      0,
      0.99844265,
      0.0037234572,
      0.055664357,
      0,
      -0.053969454,
      0.3171934,
      0.9468242,
      0,
      -3.370112,
      -0.0623059,
      0.2963409,
      0.99999994
    ],
    "trackingState" : "Normal",
    "timestamp" : 235263433483
  },
  {
    "transform" : [
      -0.01178689,
      -0.9483172,
      0.31710514,
      0,
      0.99872875,
      0.0043789917,
      0.050218627,
      0,
      -0.04901177,
      0.31729388,
      0.94706005,
      0,
      -3.3719094,
      -0.06265126,
      0.2924054,
      1
    ],
    "trackingState" : "Normal",
    "timestamp" : 235263450143
  },
  {
    "transform" : [
      -0.01008783,
      -0.9484356,
      0.31680933,
      0,
      0.9990706,
      0.0037178837,
      0.042942658,
      0,
      -0.041906197,
      0.31694803,
      0.9475167,
      0,
      -3.3736026,
      -0.06295724,
      0.28851673,
      0.9999999
    ],
    "trackingState" : "Normal",
    "timestamp" : 235263466804
  },
  {
    "transform" : [
      -0.009284567,
      -0.94826484,
      0.31734473,
      0,
      0.99945545,
      0.0012492232,
      0.03297395,
      0,
      -0.031664453,
      0.31747803,
      0.9477369,
      0,
      -3.3752303,
      -0.063272886,
      0.28458387,
      1
    ],
    "trackingState" : "Normal",
    "timestamp" : 235263483464
  },
  {
    "transform" : [
      -0.009132706,
      -0.94766295,
      0.31914178,
      0,
      0.99976623,
      -0.0023995137,
      0.021484641,
      0,
      -0.019594401,
      0.31926337,
      0.9474635,
      0,
      -3.3768113,
      -0.06335703,
      0.2806574,
      0.9999999
    ],
    "trackingState" : "Normal",
    "timestamp" : 235263500125
  },
  {
    "transform" : [
      -0.008667474,
      -0.94700205,
      0.3211107,
      0,
      0.99992603,
      -0.005464536,
      0.010874473,
      0,
      -0.00854341,
      0.32118115,
      0.94697934,
      0,
      -3.378434,
      -0.06355137,
      0.27664906,
      1
    ],
    "trackingState" : "Normal",
    "timestamp" : 235263516786
  },
  {
    "transform" : [
      -0.0074665137,
      -0.9466515,
      0.3221727,
      0,
      0.9999721,
      -0.007216782,
      0.0019695414,
      0,
      0.00046059475,
      0.32217836,
      0.946679,
      0,
      -3.380118,
      -0.0637708,
      0.27265176,
      0.99999994
    ],
    "trackingState" : "Normal",
    "timestamp" : 235263533446
  },
  {
    "transform" : [
      -0.005005303,
      -0.9467537,
      0.32192007,
      0,
      0.99994886,
      -0.0075693997,
      -0.0067137945,
      0,
      0.008793067,
      0.32186997,
      0.9467432,
      0,
      -3.381857,
      -0.06393665,
      0.26873633,
      1
    ],
    "trackingState" : "Normal",
    "timestamp" : 235263550107
  },
  {
    "transform" : [
      -0.001951743,
      -0.9473684,
      0.32013974,
      0,
      0.99983263,
      -0.0076738195,
      -0.016613103,
      0,
      0.01819544,
      0.32005367,
      0.94722474,
      0,
      -3.3836102,
      -0.06406472,
      0.2649217,
      0.99999994
    ],
    "trackingState" : "Normal",
    "timestamp" : 235263566767
  },
  {
    "transform" : [
      0.000911052,
      -0.947986,
      0.3183111,
      0,
      0.99955827,
      -0.008593138,
      -0.028452735,
      0,
      0.029708099,
      0.31819633,
      0.9475594,
      0,
      -3.3853185,
      -0.06420301,
      0.26112437,
      1
    ],
    "trackingState" : "Normal",
    "timestamp" : 235263583428
  },
  {
    "transform" : [
      0.0030825217,
      -0.9482996,
      0.31736174,
      0,
      0.999074,
      -0.010699694,
      -0.041675404,
      0,
      0.04291645,
      0.3171963,
      0.9473885,
      0,
      -3.3863242,
      -0.064505115,
      0.25732636,
      0.9999999
    ],
    "trackingState" : "Normal",
    "timestamp" : 235263600088
  },
  {
    "transform" : [
      0.0049846885,
      -0.9482318,
      0.31754005,
      0,
      0.99845225,
      -0.012870454,
      -0.054107018,
      0,
      0.055392895,
      0.31731823,
      0.94670004,
      0,
      -3.3875818,
      -0.064804375,
      0.25342643,
      1
    ],
    "trackingState" : "Normal",
    "timestamp" : 235263616749
  },
  {
    "transform" : [
      0.007202716,
      -0.9481647,
      0.31769758,
      0,
      0.99777514,
      -0.014242875,
      -0.065128855,
      0,
      0.06627783,
      0.31745985,
      0.9459527,
      0,
      -3.3890576,
      -0.06506704,
      0.2495223,
      0.99999994
    ],
    "trackingState" : "Normal",
    "timestamp" : 235263633409
  },
  {
    "transform" : [
      0.010028711,
      -0.9480165,
      0.31806305,
      0,
      0.9970131,
      -0.01487932,
      -0.075785585,
      0,
      0.076578565,
      0.31787303,
      0.94503576,
      0,
      -3.3906481,
      -0.06534015,
      0.24563384,
      0.9999999
    ],
    "trackingState" : "Normal",
    "timestamp" : 235263650070
  },
  {
    "transform" : [
      0.013515734,
      -0.9475879,
      0.3192093,
      0,
      0.9961695,
      -0.014821826,
      -0.08617837,
      0,
      0.086392865,
      0.3191513,
      0.94375783,
      0,
      -3.3923259,
      -0.065630935,
      0.24177158,
      0.99999994
    ],
    "trackingState" : "Normal",
    "timestamp" : 235263666730
  },
  {
    "transform" : [
      0.017583791,
      -0.9469059,
      0.32102966,
      0,
      0.9952576,
      -0.014146795,
      -0.09624057,
      0,
      0.09567234,
      0.32119942,
      0.9421667,
      0,
      -3.394067,
      -0.065893285,
      0.23799554,
      1
    ],
    "trackingState" : "Normal",
    "timestamp" : 235263683391
  },
  {
    "transform" : [
      0.022446932,
      -0.9462161,
      0.32275552,
      0,
      0.99412423,
      -0.013068859,
      -0.10745285,
      0,
      0.10589168,
      0.32327107,
      0.94036305,
      0,
      -3.396318,
      -0.06548153,
      0.23411189,
      0.9999998
    ],
    "trackingState" : "Normal",
    "timestamp" : 235263700051
  },
  {
    "transform" : [
      0.02720688,
      -0.94615495,
      0.3225691,
      0,
      0.99265325,
      -0.012486028,
      -0.12034851,
      0,
      0.11789594,
      0.32347354,
      0.9388641,
      0,
      -3.3982217,
      -0.06517124,
      0.23054974,
      1
    ],
    "trackingState" : "Normal",
    "timestamp" : 235263716712
  },
  {
    "transform" : [
      0.031170527,
      -0.9466601,
      0.3207228,
      0,
      0.9908777,
      -0.012823705,
      -0.13415281,
      0,
      0.13111,
      0.32197863,
      0.93762475,
      0,
      -3.399772,
      -0.0649224,
      0.22723271,
      0.99999994
    ],
    "trackingState" : "Normal",
    "timestamp" : 235263733373
  },
  {
    "transform" : [
      0.03431631,
      -0.9470552,
      0.31923172,
      0,
      0.98890346,
      -0.014020325,
      -0.14789735,
      0,
      0.14454272,
      0.3207646,
      0.93606496,
      0,
      -3.4011304,
      -0.06467849,
      0.22394794,
      1
    ],
    "trackingState" : "Normal",
    "timestamp" : 235263750033
  },
  {
    "transform" : [
      0.036889587,
      -0.9468436,
      0.3195723,
      0,
      0.9869831,
      -0.015571753,
      -0.16006835,
      0,
      0.15653603,
      0.32131732,
      0.93394434,
      0,
      -3.4023979,
      -0.06444249,
      0.22059214,
      1
    ],
    "trackingState" : "Normal",
    "timestamp" : 235263766694
  },
  {
    "transform" : [
      0.039356284,
      -0.94615495,
      0.32131296,
      0,
      0.9852321,
      -0.016882565,
      -0.17039023,
      0,
      0.16664013,
      0.32327372,
      0.9315177,
      0,
      -3.4036243,
      -0.06418878,
      0.2172068,
      0.99999994
    ],
    "trackingState" : "Normal",
    "timestamp" : 235263783354
  },
  {
    "transform" : [
      0.042161833,
      -0.94549453,
      0.32289717,
      0,
      0.98354656,
      -0.017545434,
      -0.17980099,
      0,
      0.17566624,
      0.3251651,
      0.9291982,
      0,
      -3.4053035,
      -0.063473545,
      0.214366,
      0.9999999
    ],
    "trackingState" : "Normal",
    "timestamp" : 235263800015
  },
  {
    "transform" : [
      0.0458127,
      -0.9452962,
      0.32298043,
      0,
      0.98166573,
      -0.01728261,
      -0.18982558,
      0,
      0.18502337,
      0.3257552,
      0.9271732,
      0,
      -3.406808,
      -0.06287921,
      0.2115287,
      1
    ],
    "trackingState" : "Normal",
    "timestamp" : 235263816675
  },
  {
    "transform" : [
      0.05012766,
      -0.9455566,
      0.3215744,
      0,
      0.9792505,
      -0.016770253,
      -0.20195875,
      0,
      0.1963563,
      0.32502556,
      0.92509615,
      0,
      -3.4081726,
      -0.0623826,
      0.2087438,
      0.99999994
    ],
    "trackingState" : "Normal",
    "timestamp" : 235263833336
  },
  {
    "transform" : [
      0.05422676,
      -0.9459177,
      0.31984225,
      0,
      0.9762966,
      -0.016989514,
      -0.21576911,
      0,
      0.20953383,
      0.32396138,
      0.922575,
      0,
      -3.4094548,
      -0.061905302,
      0.20604484,
      0.9999999
    ],
    "trackingState" : "Normal",
    "timestamp" : 235263849996
  },
  {
    "transform" : [
      0.05738373,
      -0.9460051,
      0.31903198,
      0,
      0.9729692,
      -0.018608192,
      -0.23018396,
      0,
      0.22369185,
      0.3236171,
      0.91936606,
      0,
      -3.4106624,
      -0.061449878,
      0.20332547,
      0.99999994
    ],
    "trackingState" : "Normal",
    "timestamp" : 235263866657
  },
  {
    "transform" : [
      0.060369987,
      -0.94585264,
      0.3189331,
      0,
      0.96962553,
      -0.020303166,
      -0.24375044,
      0,
      0.23702738,
      0.32396084,
      0.91589725,
      0,
      -3.411829,
      -0.061005957,
      0.20062545,
      1
    ],
    "trackingState" : "Normal",
    "timestamp" : 235263883317
  },
  {
    "transform" : [
      0.06369622,
      -0.9456529,
      0.31887835,
      0,
      0.9664847,
      -0.021174124,
      -0.25584927,
      0,
      0.24869661,
      0.32448766,
      0.9126104,
      0,
      -3.413484,
      -0.0607115,
      0.19821873,
      0.9999999
    ],
    "trackingState" : "Normal",
    "timestamp" : 235263899978
  },
  {
    "transform" : [
      0.06732647,
      -0.94560254,
      0.3182812,
      0,
      0.963594,
      -0.021105945,
      -0.26653543,
      0,
      0.25875422,
      0.32463872,
      0.90975606,
      0,
      -3.4149153,
      -0.06036052,
      0.19579342,
      0.9999999
    ],
    "trackingState" : "Normal",
    "timestamp" : 235263916638
  },
  {
    "transform" : [
      0.07092441,
      -0.94562304,
      0.31743777,
      0,
