[
  {
    "transform" : [
      -0.062225845,
      -0.9934006,
      -0.0963501,
      0,
      0.9017774,
      -0.014591296,
      -0.43195444,
      0,
      0.42769796,
      -0.11376507,
      0.89673424,
      0,
      0.44089785,
      0.1480648,
      5.10131,
      1
    ],
    "timestamp" : 235228746216,
    "trackingState" : "Normal"
  },
  {
    "transform" : [
      -0.063663475,
      -0.9926812,
      -0.10262046,
      0,
      0.9040584,
      -0.013818671,
      -0.42718542,
      0,
      0.42264092,
      -0.11997099,
      0.8983216,
      0,
      0.43925974,
      0.15015897,
      5.0973883,
      0.9999999
    ],
    "timestamp" : 235228762877,
    "trackingState" : "Normal"
  },
  {
    "transform" : [
      -0.06507232,
      -0.9920365,
      -0.1078388,
      0,
      0.9064748,
      -0.0135821095,
      -0.4220416,
      0,
      0.41721603,
      -0.12521636,
      0.9001399,
      0,
      0.4376707,
      0.15230845,
      5.0934234,
      0.99999994
    ],
    "timestamp" : 235228779537,
    "trackingState" : "Normal"
  },
  {
    "transform" : [
      -0.06645392,
      -0.99144596,
      -0.11233355,
      0,
      0.9091615,
      -0.01378019,
      -0.416216,
      0,
      0.41110775,
      -0.1297885,
      0.90230024,
      0,
      0.43715832,
      0.1543533,
      5.0905967,
      0.99999994
    ],
    "timestamp" : 235228796198,
    "trackingState" : "Normal"
  },
  {
    "transform" : [
      -0.067865774,
      -0.9907596,
      -0.117428765,
      0,
      0.91217774,
      -0.013940644,
      -0.4095574,
      0,
      0.40413597,
      -0.13491084,
      0.9046951,
      0,
      0.43613812,
      0.15659462,
      5.0872755,
      0.9999998
    ],
    "timestamp" : 235228812859,
    "trackingState" : "Normal"
  },
  {
    "transform" : [
      -0.06947271,
      -0.9898753,
      -0.12377585,
      0,
      0.9147951,
      -0.013725778,
      -0.4036852,
      0,
      0.39789918,
      -0.1412746,
      0.9064867,
      0,
      0.43493265,
      0.1589726,
      5.083828,
      1
    ],
    "timestamp" : 235228829519,
    "trackingState" : "Normal"
  },
  {
    "transform" : [
      -0.071422495,
      -0.9888141,
      -0.13094068,
      0,
      0.91673887,
      -0.013345158,
      -0.39926395,
      0,
      0.39305046,
      -0.14855483,
      0.90743756,
      0,
      0.43374765,
      0.16143605,
      5.0804133,
      0.9999999
    ],
    "timestamp" : 235228846180,
    "trackingState" : "Normal"
  },
  {
    "transform" : [
      -0.07393208,
      -0.98753154,
      -0.13898082,
      0,
      0.91844964,
      -0.013124556,
      -0.3953205,
      0,
      0.38856745,
      -0.15687372,
      0.9079683,
      0,
      0.4326461,
      0.16398689,
      5.077115,
      1
    ],
    "timestamp" : 235228862840,
    "trackingState" : "Normal"
  },
  {
    "transform" : [
      -0.07692751,
      -0.9859483,
      -0.14828362,
      0,
      0.9199188,
      -0.012835267,
      -0.39189866,
      0,
      0.3844886,
      -0.16655667,
      0.90797985,
      0,
      0.43163764,
      0.16659664,
      5.073942,
      0.9999999
    ],
    "timestamp" : 235228879501,
    "trackingState" : "Normal"
  },
  {
    "transform" : [
      -0.07990221,
      -0.9841161,
      -0.1585288,
      0,
      0.921184,
      -0.012139561,
      -0.38893816,
      0,
      0.3808358,
      -0.17711116,
      0.9075219,
      0,
      0.4315283,
      0.16871727,
      5.0715084,
      1
    ],
    "timestamp" : 235228896161,
    "trackingState" : "Normal"
  },
  {
    "transform" : [
      -0.08234205,
      -0.9822951,
      -0.16827431,
      0,
      0.92244726,
      -0.011207362,
      -0.3859606,
      0,
      0.3772413,
      -0.18700494,
      0.90703833,
      0,
      0.4309132,
      0.17117588,
      5.0687575,
      0.99999994
    ],
    "timestamp" : 235228912822,
    "trackingState" : "Normal"
  },
  {
    "transform" : [
      -0.084170945,
      -0.9806956,
      -0.17649733,
      0,
      0.9235684,
      -0.010285486,
      -0.3832958,
      0,
      0.37408122,
      -0.1952697,
      0.9066053,
      0,
      0.4300434,
      0.17382976,
      5.0658226,
      0.99999994
    ],
    "timestamp" : 235228929483,
    "trackingState" : "Normal"
  },
  {
    "transform" : [
      -0.08619608,
      -0.9791922,
      -0.1837193,
      0,
      0.92490286,
      -0.01010728,
      -0.3800691,
      0,
      0.37030384,
      -0.20268297,
      0.906529,
      0,
      0.42914233,
      0.17659499,
      5.0628505,
      0.99999994
    ],
    "timestamp" : 235228946143,
    "trackingState" : "Normal"
  },
  {
    "transform" : [
      -0.08874211,
      -0.97760123,
      -0.1908425,
      0,
      0.92676866,
      -0.010829025,
      -0.3754768,
      0,
      0.36499998,
      -0.21018739,
      0.9069712,
      0,
      0.4282682,
      0.179429,
      5.059932,
      1
    ],
    "timestamp" : 235228962804,
    "trackingState" : "Normal"
  },
  {
    "transform" : [
      -0.091118775,
      -0.97593474,
      -0.19811326,
      0,
      0.9291149,
      -0.011718008,
      -0.36960575,
      0,
      0.35838962,
      -0.21774794,
      0.9078232,
      0,
      0.42738503,
      0.1823,
      5.057114,
      0.99999994
    ],
    "timestamp" : 235228979464,
    "trackingState" : "Normal"
  },
  {
    "transform" : [
      -0.09282598,
      -0.97413063,
      -0.20604122,
      0,
      0.9316096,
      -0.01193898,
      -0.3632644,
      0,
      0.35140714,
      -0.22567032,
      0.90861785,
      0,
      0.42647603,
      0.18518268,
      5.054442,
      1
    ],
    "timestamp" : 235228996125,
    "trackingState" : "Normal"
  },
  {
    "transform" : [
      -0.0941131,
      -0.9721046,
      -0.21483845,
      0,
      0.9333055,
      -0.011035612,
      -0.3589138,
      0,
      0.34653088,
      -0.23428838,
      0.9083092,
      0,
      0.42679486,
      0.18707716,
      5.0525174,
      1
    ],
    "timestamp" : 235229012785,
    "trackingState" : "Normal"
  },
  {
    "transform" : [
      -0.09519664,
      -0.9697565,
      -0.22474453,
      0,
      0.93462336,
      -0.009355604,
      -0.35551634,
      0,
      0.34266165,
      -0.24389541,
      0.90724766,
      0,
      0.4263424,
      0.18964748,
      5.050228,
      1
    ],
    "timestamp" : 235229029446,
    "trackingState" : "Normal"
  },
  {
    "transform" : [
      -0.09595982,
      -0.9673371,
      -0.23462899,
      0,
      0.9366977,
      -0.00801585,
      -0.3500476,
      0,
      0.33673334,
      -0.2533669,
      0.9068716,
      0,
      0.4256475,
      0.19252327,
      5.047895,
      1
    ],
    "timestamp" : 235229046107,
    "trackingState" : "Normal"
  },
  {
    "transform" : [
      -0.09644629,
      -0.96502036,
      -0.2437909,
      0,
      0.9396786,
      -0.0075209327,
      -0.34197614,
      0,
      0.32818037,
      -0.26206738,
      0.90753436,
      0,
      0.42490026,
      0.19560118,
      5.045627,
      1
    ],
    "timestamp" : 235229062767,
    "trackingState" : "Normal"
  },
  {
    "transform" : [
      -0.09745739,
      -0.9629391,
      -0.2514964,
      0,
      0.94241506,
      -0.008056417,
      -0.33434856,
      0,
      0.31993118,
      -0.26959872,
      0.90827346,
      0,
      0.4242258,
      0.19883469,
      5.0434,
      0.99999994
    ],
    "timestamp" : 235229079428,
    "trackingState" : "Normal"
  },
  {
    "transform" : [
      -0.09978474,
      -0.96107817,
      -0.2576275,
      0,
      0.94393545,
      -0.009546912,
      -0.32999203,
      0,
      0.3146886,
      -0.27611184,
      0.90814835,
      0,
      0.4238038,
      0.20166539,
      5.040688,
      1
    ],
    "timestamp" : 235229096088,
    "trackingState" : "Normal"
  },
  {
    "transform" : [
      -0.10305229,
      -0.95910615,
      -0.26362038,
      0,
      0.944753,
      -0.01147066,
      -0.3275823,
      0,
      0.3111623,
      -0.28281423,
      0.90730053,
      0,
      0.42341515,
      0.20484434,
      5.038316,
      0.9999999
    ],
    "timestamp" : 235229112749,
    "trackingState" : "Normal"
  },
  {
    "transform" : [
      -0.1066915,
      -0.95677394,
      -0.2705561,
      0,
      0.94552845,
      -0.013460256,
      -0.32526127,
      0,
      0.30755982,
      -0.29052106,
      0.9060931,
      0,
      0.423075,
      0.20817268,
      5.03619,
      0.99999994
    ],
    "timestamp" : 235229129409,
    "trackingState" : "Normal"
  },
  {
    "transform" : [
      -0.10981263,
      -0.95439726,
      -0.27760994,
      0,
      0.94629806,
      -0.014942746,
      -0.32295015,
      0,
      0.30407447,
      -0.2981657,
      0.90478516,
      0,
      0.4227475,
      0.21150792,
      5.034166,
      1
    ],
    "timestamp" : 235229146070,
    "trackingState" : "Normal"
  },
  {
    "transform" : [
      -0.11201793,
      -0.95229936,
      -0.28386277,
      0,
      0.94704163,
      -0.015798202,
      -0.32072195,
      0,
      0.3009388,
      -0.30475643,
      0.90363693,
      0,
      0.42239183,
      0.21480243,
      5.0321794,
      1
    ],
    "timestamp" : 235229162730,
    "trackingState" : "Normal"
  },
  {
    "transform" : [
      -0.11406857,
      -0.9502115,
      -0.28997645,
      0,
      0.9477639,
      -0.016565077,
      -0.31854218,
      0,
      0.297879,
      -0.31116486,
      0.9024658,
      0,
      0.4220442,
      0.21801654,
      5.0302463,
      0.9999999
    ],
    "timestamp" : 235229179391,
    "trackingState" : "Normal"
  },
  {
    "transform" : [
      -0.11596735,
      -0.94789284,
      -0.2967336,
      0,
      0.94855505,
      -0.017078543,
      -0.3161515,
      0,
      0.29461,
      -0.31813133,
      0.90110916,
      0,
      0.42173034,
      0.22111578,
      5.02838,
      1
    ],
    "timestamp" : 235229196052,
    "trackingState" : "Normal"
  },
  {
    "transform" : [
      -0.11743175,
      -0.94541895,
      -0.30396205,
      0,
      0.9494916,
      -0.017201843,
      -0.31332043,
      0,
      0.29099035,
      -0.32540315,
      0.89968747,
      0,
      0.4218568,
      0.22306193,
      5.0270042,
      1
    ],
    "timestamp" : 235229212712,
    "trackingState" : "Normal"
  },
  {
    "transform" : [
      -0.11852812,
      -0.942844,
      -0.31144273,
      0,
      0.950886,
      -0.017453177,
      -0.30904907,
      0,
      0.2859494,
      -0.3327775,
      0.8986057,
      0,
      0.42181155,
      0.22550553,
      5.0253634,
      1
    ],
    "timestamp" : 235229229373,
    "trackingState" : "Normal"
  },
  {
    "transform" : [
      -0.11918958,
      -0.9405602,
      -0.31802574,
      0,
      0.95261276,
      -0.01804559,
      -0.30365008,
      0,
      0.27986225,
      -0.33914727,
      0.8981406,
      0,
      0.4216941,
      0.22815719,
      5.023547,
      1
    ],
    "timestamp" : 235229246033,
    "trackingState" : "Normal"
  },
  {
    "transform" : [
      -0.12000628,
      -0.93880075,
      -0.3228804,
      0,
      0.95454735,
      -0.019732859,
      -0.29740563,
      0,
      0.27283335,
      -0.34389508,
      0.8984979,
      0,
      0.42160177,
      0.23079637,
      5.0216312,
      1
    ],
    "timestamp" : 235229262694,
    "trackingState" : "Normal"
  },
  {
    "transform" : [
      -0.12070856,
      -0.9374899,
      -0.3264081,
      0,
      0.95634806,
      -0.021670315,
      -0.29142565,
      0,
      0.26613525,
      -0.34733728,
      0.89918244,
      0,
      0.42151076,
      0.23336026,
      5.0196695,
      1
    ],
    "timestamp" : 235229279354,
    "trackingState" : "Normal"
  },
  {
    "transform" : [
      -0.12100368,
      -0.936262,
      -0.3298055,
      0,
      0.9578662,
      -0.02294547,
      -0.28629702,
      0,
      0.2604815,
      -0.35055253,
      0.89959013,
      0,
      0.42227307,
      0.23585796,
      5.01759,
      1
    ],
    "timestamp" : 235229296015,
    "trackingState" : "Normal"
  },
  {
    "transform" : [
      -0.12128232,
      -0.934454,
      -0.33479273,
      0,
      0.9598232,
      -0.024422359,
      -0.27954015,
      0,
      0.25304103,
      -0.35524517,
      0.8998728,
      0,
      0.4226346,
      0.23815322,
      5.015698,
      0.9999998
    ],
    "timestamp" : 235229312675,
    "trackingState" : "Normal"
  },
  {
    "transform" : [
      -0.121226646,
      -0.9323654,
      -0.34058616,
      0,
      0.9624858,
      -0.026501117,
      -0.270035,
      0,
      0.24274541,
      -0.3605447,
      0.90060115,
      0,
      0.42281163,
      0.24033266,
      5.013926,
      1
    ],
    "timestamp" : 235229329336,
    "trackingState" : "Normal"
  },
  {
    "transform" : [
      -0.12033731,
      -0.93089837,
      -0.34488708,
      0,
      0.9654162,
      -0.028799202,
      -0.259118,
      0,
      0.23128006,
      -0.36414114,
      0.90217006,
      0,
      0.42288303,
      0.24242592,
      5.0121202,
      0.9999999
    ],
    "timestamp" : 235229345997,
    "trackingState" : "Normal"
  },
  {
    "transform" : [
      -0.118978485,
      -0.93045056,
      -0.34656295,
      0,
      0.9680791,
      -0.031157205,
      -0.24870043,
      0,
      0.22060554,
      -0.36509034,
      0.9044569,
      0,
      0.42291668,
      0.24443784,
      5.0102444,
      0.9999999
    ],
    "timestamp" : 235229362657,
    "trackingState" : "Normal"
  },
  {
    "transform" : [
      -0.11834762,
      -0.93031806,
      -0.34713408,
      0,
      0.9701439,
      -0.03380077,
      -0.24016297,
      0,
      0.21169461,
      -0.3651927,
      0.9065427,
      0,
      0.42302334,
      0.24633706,
      5.008401,
      0.99999994
    ],
    "timestamp" : 235229379318,
    "trackingState" : "Normal"
  },
  {
    "transform" : [
      -0.118925914,
      -0.92984635,
      -0.3481988,
      0,
      0.97169304,
      -0.036896475,
      -0.23334783,
      0,
      0.20413034,
      -0.36609343,
      0.9079132,
      0,
      0.42380598,
      0.24867854,
      5.0051217,
      0.9999999
    ],
    "timestamp" : 235229395978,
    "trackingState" : "Normal"
  },
  {
    "transform" : [
      -0.12014008,
      -0.92920744,
      -0.34948534,
      0,
      0.97290134,
      -0.04014556,
      -0.22770877,
      0,
      0.19755842,
      -0.36737168,
      0.9088504,
      0,
      0.4243426,
      0.25054607,
      5.002816,
      0.99999994
    ],
    "timestamp" : 235229412639,
    "trackingState" : "Normal"
  },
  {
    "transform" : [
      -0.12083868,
      -0.9287849,
      -0.3503666,
      0,
      0.9739819,
      -0.042764477,
      -0.22255453,
      0,
      0.19172207,
      -0.3681439,
      0.90978736,
      0,
      0.424679,
      0.2521229,
      5.000943,
      0.99999994
    ],
    "timestamp" : 235229429299,
    "trackingState" : "Normal"
  },
  {
    "transform" : [
      -0.12024523,
      -0.9283675,
      -0.3516743,
      0,
      0.9752244,
      -0.04420484,
      -0.2167566,
      0,
      0.18568408,
      -0.36902526,
      0.9106821,
      0,
      0.4248113,
      0.25348386,
      4.9992676,
      1
    ],
    "timestamp" : 235229445960,
    "trackingState" : "Normal"
  },
  {
    "transform" : [
      -0.117340125,
      -0.92743015,
      -0.3551124,
      0,
      0.97684485,
      -0.04337224,
      -0.20950653,
      0,
      0.17890064,
      -0.37147322,
      0.9110447,
      0,
      0.4247416,
      0.25468844,
      4.997767,
      0.99999994
    ],
    "timestamp" : 235229462621,
    "trackingState" : "Normal"
  },
  {
    "transform" : [
      -0.113102585,
      -0.92617726,
      -0.35972705,
      0,
      0.97854954,
      -0.041091148,
      -0.20187192,
      0,
      0.1721876,
      -0.37484294,
      0.910958,
      0,
      0.4244786,
      0.25572205,
      4.9963093,
      1
    ],
    "timestamp" : 235229479281,
    "trackingState" : "Normal"
  },
  {
    "transform" : [
      -0.10798759,
      -0.9246729,
      -0.3651288,
      0,
      0.9804505,
      -0.038288713,
      -0.19300574,
      0,
      0.16448684,
      -0.3788328,
      0.9107307,
      0,
      0.4243199,
      0.2557039,
      4.9942594,
      1.0000001
    ],
    "timestamp" : 235229495942,
    "trackingState" : "Normal"
  },
  {
    "transform" : [
      -0.10240644,
      -0.9233201,
      -0.3701257,
      0,
      0.9824866,
      -0.035654403,
      -0.18289062,
      0,
      0.15567,
      -0.38237268,
      0.9108009,
      0,
      0.4238973,
      0.25612304,
      4.992373,
      1
    ],
    "timestamp" : 235229512602,
    "trackingState" : "Normal"
  },
  {
    "transform" : [
      -0.09647898,
      -0.9224955,
      -0.3737566,
      0,
      0.98466295,
      -0.03361854,
      -0.17119786,
      0,
      0.14536414,
      -0.3845412,
      0.91159075,
      0,
      0.4232729,
      0.25673798,
      4.9904327,
      1
    ],
    "timestamp" : 235229529263,
    "trackingState" : "Normal"
  },
  {
    "transform" : [
      -0.09047815,
      -0.92225915,
      -0.37583482,
      0,
      0.98668087,
      -0.031786293,
      -0.15953249,
      0,
      0.13518392,
      -0.38526317,
      0.9128515,
      0,
      0.42249817,
      0.25737613,
      4.988347,
      0.99999994
    ],
    "timestamp" : 235229545923,
    "trackingState" : "Normal"
  },
  {
    "transform" : [
      -0.084797814,
      -0.9222341,
      -0.3772187,
      0,
      0.9882927,
      -0.029656427,
      -0.14966089,
      0,
      0.1268354,
      -0.38549328,
      0.913952,
      0,
      0.4216325,
      0.2579358,
      4.9861336,
      1.0000001
    ],
    "timestamp" : 235229562584,
    "trackingState" : "Normal"
  },
  {
    "transform" : [
      -0.07976217,
      -0.922009,
      -0.3788635,
      0,
      0.9895877,
      -0.027559927,
      -0.14126766,
      0,
      0.11980861,
      -0.38618648,
      0.91460705,
      0,
      0.42071864,
      0.25838602,
      4.9838395,
      0.99999994
    ],
    "timestamp" : 235229579245,
    "trackingState" : "Normal"
  },
  {
    "transform" : [
      -0.075152114,
      -0.92168665,
      -0.38058656,
      0,
      0.9907331,
      -0.025711415,
      -0.13336734,
      0,
      0.1131375,
      -0.3870825,
      0.9150778,
      0,
      0.41974565,
      0.25872934,
      4.981457,
      1
    ],
    "timestamp" : 235229595905,
    "trackingState" : "Normal"
  },
  {
    "transform" : [
      -0.07044744,
      -0.9215708,
      -0.3817652,
      0,
      0.9918497,
      -0.02398142,
      -0.12513632,
      0,
      0.106166705,
      -0.3874692,
      0.9157492,
      0,
      0.4189837,
      0.2592055,
      4.976917,
      1
    ],
    "timestamp" : 235229612566,
    "trackingState" : "Normal"
  },
  {
    "transform" : [
      -0.0659101,
      -0.9215145,
      -0.3827101,
      0,
      0.9929286,
      -0.022618657,
      -0.11653885,
      0,
      0.09873586,
      -0.38768485,
      0.91648895,
      0,
      0.41795978,
      0.2594916,
      4.973451,
      0.99999994
    ],
    "timestamp" : 235229629226,
    "trackingState" : "Normal"
  },
  {
    "transform" : [
      -0.061615974,
      -0.92156756,
      -0.38329762,
      0,
      0.9939377,
      -0.021618696,
      -0.10779963,
      0,
      0.091058254,
      -0.38761604,
      0.91731274,
      0,
      0.41680223,
      0.25965106,
      4.970405,
      1
    ],
    "timestamp" : 235229645887,
    "trackingState" : "Normal"
  },
  {
    "transform" : [
      -0.057837084,
      -0.9215864,
      -0.38384056,
      0,
      0.9949177,
      -0.021464836,
      -0.09837788,
      0,
      0.082424656,
      -0.38757962,
      0.9181441,
      0,
      0.4156065,
      0.2597378,
      4.9674582,
      1
    ],
    "timestamp" : 235229662547,
    "trackingState" : "Normal"
  },
  {
    "transform" : [
      -0.054535534,
      -0.9216039,
      -0.38428125,
      0,
      0.9958423,
      -0.022077968,
      -0.08837706,
      0,
      0.07296451,
      -0.3875032,
      0.91897637,
      0,
      0.41438127,
      0.25977638,
      4.9645214,
      0.9999999
    ],
    "timestamp" : 235229679208,
    "trackingState" : "Normal"
  },
  {
    "transform" : [
      -0.051341724,
      -0.9217519,
      -0.3843665,
      0,
      0.9966322,
      -0.022647807,
      -0.07881318,
      0,
      0.06394116,
      -0.38711837,
      0.9198105,
      0,
      0.41308007,
      0.25977138,
      4.961542,
      1
    ],
    "timestamp" : 235229695869,
    "trackingState" : "Normal"
  },
  {
    "transform" : [
      -0.047915377,
      -0.9217631,
      -0.3847817,
      0,
      0.9973108,
      -0.022761771,
      -0.069664314,
      0,
      0.055455696,
      -0.38708493,
      0.92037505,
      0,
      0.41176966,
      0.2595157,
      4.958402,
      1
    ],
    "timestamp" : 235229712529,
    "trackingState" : "Normal"
  },
  {
    "transform" : [
      -0.043914832,
      -0.9214884,
      -0.38591555,
      0,
      0.9979224,
      -0.02223242,
      -0.06047092,
      0,
      0.047143426,
      -0.3877693,
      0.9205503,
      0,
      0.41027427,
      0.2593751,
      4.9553742,
      1.0000001
    ],
    "timestamp" : 235229729190,
    "trackingState" : "Normal"
  },
  {
    "transform" : [
      -0.03924269,
      -0.9211169,
      -0.38730344,
      0,
      0.99849063,
      -0.021243101,
      -0.050647803,
      0,
      0.03842504,
      -0.38870636,
      0.92056024,
      0,
      0.40863135,
      0.25927556,
      4.9523387,
      1
    ],
    "timestamp" : 235229745850,
    "trackingState" : "Normal"
  },
  {
    "transform" : [
      -0.033898056,
      -0.92087364,
      -0.38838494,
      0,
      0.9990047,
      -0.019946612,
      -0.039898556,
      0,
      0.028994577,
      -0.38935083,
      0.92063326,
      0,
      0.40684974,
      0.2591963,
      4.9492435,
      1
    ],
    "timestamp" : 235229762511,
    "trackingState" : "Normal"
  },
  {
    "transform" : [
      -0.0283129,
      -0.9207924,
      -0.38902405,
      0,
      0.9994026,
      -0.018359464,
      -0.029280253,
      0,
      0.019818777,
      -0.3896206,
      0.9207623,
      0,
      0.40497133,
      0.25912356,
      4.94606,
      0.99999994
    ],
    "timestamp" : 235229779171,
    "trackingState" : "Normal"
  },
  {
    "transform" : [
      -0.022855721,
      -0.9207968,
      -0.38937256,
      0,
      0.9996738,
      -0.016606111,
      -0.019409174,
      0,
      0.011405955,
      -0.3896891,
      0.920876,
      0,
      0.40304616,
      0.25906214,
      4.9427834,
      0.99999994
    ],
    "timestamp" : 235229795832,
    "trackingState" : "Normal"
  },
  {
    "transform" : [
      -0.01722505,
      -0.92070544,
      -0.3898778,
      0,
      0.99984896,
      -0.014966973,
      -0.008829092,
      0,
      0.0022937162,
      -0.38997102,
      0.9208243,
      0,
      0.40130746,
      0.25881127,
      4.9389086,
      0.99999994
    ],
    "timestamp" : 235229812492,
    "trackingState" : "Normal"
  },
  {
    "transform" : [
      -0.0114071835,
      -0.9207773,
      -0.3899218,
      0,
      0.99990356,
      -0.013597584,
      0.0028576788,
      0,
      -0.007933268,
      -0.38985157,
      0.92084366,
      0,
      0.39932397,
      0.25872785,
      4.9353347,
      1
    ],
    "timestamp" : 235229829153,
    "trackingState" : "Normal"
  },
  {
    "transform" : [
      -0.005363288,
      -0.92110974,
      -0.3892664,
      0,
      0.9998245,
      -0.011927386,
      0.014447922,
      0,
      -0.017951036,
      -0.38912058,
      0.92101204,
      0,
      0.3972035,
      0.2587032,
      4.931799,
      0.99999994
    ],
    "timestamp" : 235229845814,
    "trackingState" : "Normal"
  },
  {
    "transform" : [
      0.0007614303,
      -0.9214133,
      -0.38858363,
      0,
      0.99963564,
      -0.009785893,
      0.025163207,
      0,
      -0.026988337,
      -0.38846117,
      0.92107004,
      0,
      0.3950543,
      0.258702,
      4.9282784,
      1.0000001
    ],
    "timestamp" : 235229862474,
    "trackingState" : "Normal"
  },
  {
    "transform" : [
      0.0066368403,
      -0.9214281,
      -0.3884925,
      0,
      0.9993119,
      -0.008067324,
      0.03620595,
      0,
      -0.036495253,
      -0.38846543,
      0.9207405,
      0,
      0.39294317,
      0.25874764,
      4.924822,
      0.99999994
    ],
    "timestamp" : 235229879135,
    "trackingState" : "Normal"
  },
  {
    "transform" : [
      0.011668702,
      -0.92145324,
      -0.38831425,
      0,
      0.9988733,
      -0.0071242694,
      0.04692139,
      0,
      -0.04600231,
      -0.3884242,
      0.9203319,
      0,
      0.39090323,
      0.2589412,
      4.9209986,
      1
    ],
    "timestamp" : 235229895795,
    "trackingState" : "Normal"
  },
  {
    "transform" : [
      0.015813282,
      -0.9219576,
      -0.38696793,
      0,
      0.99839824,
      -0.0064670024,
      0.05620689,
      0,
      -0.05432288,
      -0.3872369,
      0.9203787,
      0,
      0.38894856,
      0.25912508,
      4.917329,
      1
    ],
    "timestamp" : 235229912456,
    "trackingState" : "Normal"
  },
  {
    "transform" : [
      0.019728346,
      -0.92268866,
      -0.385041,
      0,
      0.9978385,
      -0.0059739836,
      0.06544197,
      0,
      -0.06268278,
      -0.38549978,
      0.92057645,
      0,
      0.38701403,
      0.25930807,
      4.9136896,
      0.99999994
    ],
    "timestamp" : 235229929116,
    "trackingState" : "Normal"
  },
  {
    "transform" : [
      0.024181584,
      -0.9230648,
      -0.38388383,
      0,
      0.996988,
      -0.0060380213,
      0.07732089,
      0,
      -0.07369007,
      -0.3845973,
      0.9201386,
      0,
      0.3850877,
      0.25950646,
      4.910133,
      1
    ],
    "timestamp" : 235229945777,
    "trackingState" : "Normal"
  },
  {
    "transform" : [
      0.028936569,
      -0.923184,
      -0.38326773,
      0,
      0.99577844,
      -0.0067910994,
      0.09153876,
      0,
      -0.0871099,
      -0.38429853,
      0.9190902,
      0,
      0.3831919,
      0.2597236,
      4.9066706,
      1
    ],
    "timestamp" : 235229962437,
    "trackingState" : "Normal"
  },
  {
    "transform" : [
      0.03377833,
      -0.9233715,
      -0.38241905,
      0,
      0.99440205,
      -0.007280493,
      0.10541275,
      0,
      -0.10011931,
      -0.3838389,
      0.9179565,
      0,
      0.38133335,
      0.25993815,
      4.9032636,
      0.99999994
    ],
    "timestamp" : 235229979098,
    "trackingState" : "Normal"
  },
  {
    "transform" : [
      0.03845893,
      -0.923333,
      -0.38206977,
      0,
      0.9929131,
      -0.007715718,
      0.11859237,
      0,
      -0.11244817,
      -0.383923,
      0.91649264,
      0,
      0.37935248,
      0.26064253,
      4.899247,
      0.99999994
    ],
    "timestamp" : 235229995759,
    "trackingState" : "Normal"
  },
  {
    "transform" : [
      0.04274032,
      -0.9231054,
      -0.3821646,
      0,
      0.9913984,
      -0.008175545,
      0.13062325,
      0,
      -0.12370343,
      -0.38446024,
      0.9148158,
      0,
      0.3775999,
      0.2610074,
      4.895827,
      0.99999994
    ],
    "timestamp" : 235230012419,
    "trackingState" : "Normal"
  },
  {
    "transform" : [
      0.046040736,
      -0.92287916,
      -0.38232768,
      0,
      0.9899039,
      -0.009211411,
      0.14144129,
      0,
      -0.134055,
      -0.38497967,
      0.9131375,
      0,
      0.37605986,
      0.26121375,
      4.892709,
      1
    ],
    "timestamp" : 235230029080,
    "trackingState" : "Normal"
  },
  {
    "transform" : [
      0.048678685,
      -0.92309934,
      -0.38146842,
      0,
      0.98849154,
      -0.010244166,
      0.15092953,
      0,
      -0.14323078,
      -0.38442528,
      0.9119772,
      0,
      0.3746625,
      0.2613668,
      4.8896546,
      0.99999994
    ],
    "timestamp" : 235230045740,
    "trackingState" : "Normal"
  },
  {
    "transform" : [
      0.05137982,
      -0.9234316,
      -0.38030836,
      0,
      0.9869268,
      -0.011300438,
      0.160773,
      0,
      -0.1527605,
      -0.38359693,
      0.9107788,
      0,
      0.37333572,
      0.26148906,
      4.886632,
      0.99999994
    ],
    "timestamp" : 235230062401,
    "trackingState" : "Normal"
  },
  {
    "transform" : [
      0.054803684,
      -0.923556,
      -0.37952745,
      0,
      0.984819,
      -0.012703192,
      0.17312007,
      0,
      -0.16470729,
      -0.38325337,
      0.9088393,
      0,
      0.37201956,
      0.26158282,
      4.883678,
      1
    ],
    "timestamp" : 235230079061,
    "trackingState" : "Normal"
  },
  {
    "transform" : [
      0.059026714,
      -0.92373914,
      -0.3784468,
      0,
      0.98223895,
      -0.0138960695,
      0.18711928,
      0,
      -0.1781083,
      -0.3827702,
      0.9065124,
      0,
      0.37036175,
      0.26180908,
      4.8813057,
      0.99999994
    ],
    "timestamp" : 235230095722,
    "trackingState" : "Normal"
  },
  {
    "transform" : [
      0.06375011,
      -0.9242196,
      -0.3765027,
      0,
      0.9795964,
      -0.014100548,
      0.20048033,
      0,
      -0.19059674,
      -0.38160124,
      0.9044633,
      0,
      0.36890543,
      0.2619089,
      4.8786635,
      1
    ],
    "timestamp" : 235230112383,
    "trackingState" : "Normal"
  },
  {
    "transform" : [
      0.06895357,
      -0.92465544,
      -0.37451014,
      0,
      0.9769908,
      -0.01335882,
      0.2128629,
      0,
      -0.20182784,
      -0.38057062,
      0.9024587,
      0,
      0.3675311,
      0.26194254,
      4.875973,
      0.9999999
    ],
    "timestamp" : 235230129043,
    "trackingState" : "Normal"
  },
  {
    "transform" : [
      0.074997246,
      -0.92468107,
      -0.3732834,
      0,
      0.97428083,
      -0.011820875,
      0.22502722,
      0,
      -0.21249095,
      -0.3805592,
      0.9000125,
      0,
      0.3661702,
      0.26192722,
      4.87339,
      1
    ],
    "timestamp" : 235230145704,
    "trackingState" : "Normal"
  },
  {
    "transform" : [
      0.08205123,
      -0.92422915,
      -0.37291843,
      0,
      0.971388,
      -0.009513815,
      0.23730803,
      0,
      -0.22287484,
      -0.38171986,
      0.89700454,
      0,
      0.36480471,
      0.26185527,
      4.8709264,
      0.99999994
    ],
    "timestamp" : 235230162364,
    "trackingState" : "Normal"
  },
  {
    "transform" : [
      0.08894908,
      -0.9238184,
      -0.37235448,
      0,
      0.96855193,
      -0.006990448,
      0.24871385,
      0,
      -0.23236933,
      -0.38276744,
      0.89414424,
      0,
      0.36351874,
      0.26175997,
      4.868516,
      1
    ],
    "timestamp" : 235230179025,
    "trackingState" : "Normal"
  },
  {
    "transform" : [
      0.094640516,
      -0.923842,
      -0.37088972,
      0,
      0.9660728,
      -0.0047024526,
      0.25822753,
      0,
      -0.24030556,
      -0.38274527,
      0.89205366,
      0,
      0.36246324,
      0.2617075,
      4.8660235,
      0.99999994
    ],
    "timestamp" : 235230195685,
    "trackingState" : "Normal"
  },
  {
    "transform" : [
      0.100183874,
      -0.92406315,
      -0.3688775,
      0,
      0.9628872,
      -0.0033420133,
      0.26988363,
      0,
      -0.2506223,
      -0.3822254,
      0.88943374,
      0,
      0.36007643,
      0.2621075,
      4.863244,
      0.99999994
    ],
    "timestamp" : 235230212346,
    "trackingState" : "Normal"
  },
  {
    "transform" : [
      0.10563634,
      -0.92467695,
      -0.36580548,
      0,
      0.9588937,
      -0.0027083126,
      0.28375283,
      0,
      -0.26337042,
      -0.38074318,
      0.88638085,
      0,
      0.35868597,
      0.26227307,
      4.8606577,
      0.99999994
    ],
    "timestamp" : 235230229007,
    "trackingState" : "Normal"
  },
  {
    "transform" : [
      0.11145046,
      -0.9251578,
      -0.36285266,
      0,
      0.9544536,
      -0.002036222,
      0.29835287,
      0,
      -0.2767623,
      -0.37957752,
      0.88279325,
      0,
      0.35776484,
      0.26231846,
      4.8582735,
      1
    ],
    "timestamp" : 235230245667,
    "trackingState" : "Normal"
  },
  {
    "transform" : [
      0.11777982,
      -0.9253334,
      -0.360397,
      0,
      0.95029026,
      -0.00031346254,
      0.31136522,
      0,
      -0.2882296,
      -0.3791543,
      0.8792985,
      0,
      0.35704672,
      0.2623009,
      4.856077,
      0.99999994
    ],
    "timestamp" : 235230262328,
    "trackingState" : "Normal"
  },
  {
    "transform" : [
      0.1240603,
      -0.92540383,
      -0.3581017,
      0,
      0.9465381,
      0.002063173,
      0.32258582,
      0,
      -0.29778334,
      -0.37897694,
      0.87618595,
      0,
      0.35645613,
      0.26222816,
      4.8540497,
      1
    ],
    "timestamp" : 235230278988,
    "trackingState" : "Normal"
  },
  {
    "transform" : [
      0.12982738,
      -0.9253946,
      -0.35607558,
      0,
      0.94318163,
      0.0044796993,
      0.33224767,
      0,
      -0.30586514,
      -0.37897876,
      0.87339675,
      0,
      0.3561589,
      0.26290342,
      4.8512926,
      1
    ],
    "timestamp" : 235230295649,
    "trackingState" : "Normal"
  },
  {
    "transform" : [
      0.13530691,
      -0.92547655,
      -0.35381514,
      0,
      0.9391971,
      0.006057635,
      0.3433252,
      0,
      -0.31559616,
      -0.37875637,
      0.87002444,
      0,
      0.35595986,
      0.26312646,
      4.84913,
      0.99999994
    ],
    "timestamp" : 235230312309,
    "trackingState" : "Normal"
  },
  {
    "transform" : [
      0.14099348,
      -0.92577744,
      -0.35079494,
      0,
      0.9344877,
      0.0074560023,
      0.3559175,
      0,
      -0.32688487,
      -0.37799555,
      0.8661789,
      0,
      0.35585627,
      0.26317522,
      4.8472104,
      0.99999994
    ],
    "timestamp" : 235230328970,
    "trackingState" : "Normal"
  },
  {
    "transform" : [
      0.1470706,
      -0.92608434,
      -0.34747395,
      0,
      0.92921543,
      0.008954821,
      0.36943018,
      0,
      -0.33901194,
      -0.37721044,
      0.8618488,
      0,
      0.35580736,
      0.263141,
      4.845439,
      0.99999994
    ],
    "timestamp" : 235230345630,
    "trackingState" : "Normal"
  },
  {
    "transform" : [
      0.15270296,
      -0.9264497,
      -0.3440534,
      0,
      0.92424864,
      0.010610129,
      0.3816436,
      0,
      -0.34992316,
      -0.37626895,
      0.8578901,
      0,
      0.3558638,
      0.26303804,
      4.8438106,
      0.99999994
    ],
    "timestamp" : 235230362291,
    "trackingState" : "Normal"
  },
  {
    "transform" : [
      0.15765105,
      -0.9267588,
      -0.3409755,
      0,
      0.9202072,
      0.012594507,
      0.39122915,
      0,
      -0.35828063,
      -0.37544578,
      0.8547957,
      0,
      0.35603333,
      0.2628648,
      4.8423195,
      1
    ],
    "timestamp" : 235230378952,
    "trackingState" : "Normal"
  },
  {
    "transform" : [
      0.16238776,
      -0.9269305,
      -0.33827528,
      0,
      0.91671944,
      0.014894575,
      0.39925402,
      0,
      -0.3650423,
      -0.37493744,
      0.8521539,
      0,
      0.35624486,
      0.2626454,
      4.840944,
      0.99999994
    ],
    "timestamp" : 235230395612,
    "trackingState" : "Normal"
  },
  {
    "transform" : [
      0.16725798,
      -0.9269253,
      -0.3359083,
      0,
      0.913549,
      0.017587887,
      0.4063482,
      0,
      -0.37074652,
      -0.3748336,
      0.84973353,
      0,
      0.35686108,
      0.26337993,
      4.8391256,
      0.99999994
    ],
    "timestamp" : 235230412273,
    "trackingState" : "Normal"
  },
  {
    "transform" : [
      0.17293726,
      -0.92669725,
      -0.33365408,
      0,
      0.9103489,
      0.021077523,
      0.4133046,
      0,
      -0.37597567,
      -0.37521738,
      0.8472629,
      0,
      0.35722145,
      0.2634846,
      4.8376665,
      0.99999994
    ],
    "timestamp" : 235230428933,
    "trackingState" : "Normal"
  },
  {
    "transform" : [
      0.17898159,
      -0.92620987,
      -0.3318147,
      0,
      0.90675884,
      0.0244204,
      0.4209419,
      0,
      -0.38177755,
      -0.37621677,
      0.8442198,
      0,
      0.35751712,
      0.26334995,
      4.836391,
      1
    ],
    "timestamp" : 235230445594,
    "trackingState" : "Normal"
  },
  {
    "transform" : [
      0.18459813,
      -0.9256122,
      -0.33040214,
      0,
      0.90269023,
      0.02672876,
      0.42945987,
      0,
      -0.3886821,
      -0.37752828,
      0.8404752,
      0,
      0.3578905,
      0.2632043,
      4.8352184,
      0.9999999
    ],
    "timestamp" : 235230462254,
    "trackingState" : "Normal"
  },
  {
    "transform" : [
      0.1890179,
      -0.92521554,
      -0.32901156,
      0,
      0.89851665,
      0.0277873,
      0.4380591,
      0,
      -0.3961568,
      -0.37842336,
      0.8365739,
      0,
      0.35841945,
      0.2631087,
      4.834079,
      1
    ],
    "timestamp" : 235230478915,
    "trackingState" : "Normal"
  },
  {
    "transform" : [
      0.19245814,
      -0.9251974,
      -0.3270622,
      0,
      0.8943942,
      0.02825049,
      0.44638646,
      0,
      -0.403756,
      -0.37843326,
      0.83292836,
      0,
      0.35907802,
      0.2630438,
      4.8329124,
      1
    ],
    "timestamp" : 235230495576,
    "trackingState" : "Normal"
  },
  {
    "transform" : [
      0.19579564,
      -0.9253606,
      -0.32461056,
      0,
      0.8906303,
      0.029261922,
      0.45378584,
      0,
      -0.4104168,
      -0.37795725,
      0.8298835,
      0,
      0.35972443,
      0.26366463,
      4.8317084,
      1
    ],
    "timestamp" : 235230512236,
    "trackingState" : "Normal"
  },
  {
    "transform" : [
      0.19939582,
      -0.9253524,
      -0.32243517,
      0,
      0.8871083,
      0.030681588,
      0.4605404,
      0,
      -0.41626936,
      -0.37786472,
      0.82700574,
      0,
      0.36049804,
      0.26380736,
      4.8305483,
      1
    ],
    "timestamp" : 235230528897,
    "trackingState" : "Normal"
  },
  {
    "transform" : [
      0.20379253,
      -0.92495364,
      -0.320826,
      0,
      0.8834079,
      0.03249151,
      0.46747702,
      0,
      -0.42197052,
      -0.3786885,
      0.8237329,
      0,
      0.36136606,
      0.263737,
      4.8294244,
      0.9999999
    ],
    "timestamp" : 235230545557,
    "trackingState" : "Normal"
  },
  {
    "transform" : [
      0.20844316,
      -0.924436,
      -0.31932685,
      0,
      0.8791616,
      0.034050304,
      0.4753057,
      0,
      -0.4285166,
      -0.37981412,
      0.81982625,
      0,
      0.36233264,
      0.2635986,
      4.828285,
      0.99999994
    ],
    "timestamp" : 235230562218,
    "trackingState" : "Normal"
  },
  {
    "transform" : [
      0.2121518,
      -0.9244148,
      -0.31693685,
      0,
      0.87478244,
      0.03508029,
      0.48324427,
      0,
      -0.43559998,
      -0.37977192,
      0.8161043,
      0,
      0.363446,
      0.26345462,
      4.8270497,
      0.99999994
    ],
    "timestamp" : 235230578878,
    "trackingState" : "Normal"
  },
  {
    "transform" : [
      0.21445195,
      -0.92497766,
      -0.31373018,
      0,
      0.87073886,
      0.03552442,
      0.49046078,
      0,
      -0.4425202,
      -0.37835732,
      0.8130324,
      0,
      0.36472905,
      0.26332256,
      4.825738,
      0.9999999
    ],
    "timestamp" : 235230595539,
    "trackingState" : "Normal"
  },
  {
    "transform" : [
      0.21613865,
      -0.92568064,
      -0.31048244,
      0,
      0.86685765,
      0.03561058,
