[
  {
    "transform" : [
      0.13547474,
      -0.9629212,
      0.2333013,
      0,
      0.7354671,
      -0.06004295,
      -0.67489487,
      0,
      0.66387874,
      0.26301658,
      0.7000626,
      0,
      -2.9024827,
      -0.017168485,
      -1.7977022,
      1
    ],
    "timestamp" : 235278727845,
    "trackingState" : "Normal"
  },
  {
    "transform" : [
      0.14033541,
      -0.9616851,
      0.23551603,
      0,
      0.73391575,
      -0.058626942,
      -0.67670566,
      0,
      0.66458535,
      0.26781464,
      0.6975684,
      0,
      -2.9045181,
      -0.018667726,
      -1.8048784,
      0.9999999
    ],
    "timestamp" : 235278744505,
    "trackingState" : "Normal"
  },
  {
    "transform" : [
      0.14470316,
      -0.96011865,
      0.23923443,
      0,
      0.73175794,
      -0.0589051,
      -0.67901427,
      0,
      0.6660265,
      0.27331722,
      0.6940508,
      0,
      -2.9065473,
      -0.020221666,
      -1.8121235,
      0.9999998
    ],
    "timestamp" : 235278761166,
    "trackingState" : "Normal"
  },
  {
    "transform" : [
      0.14879234,
      -0.95829225,
      0.2440018,
      0,
      0.7298451,
      -0.06006747,
      -0.6809686,
      0,
      0.66722345,
      0.2794064,
      0.6904673,
      0,
      -2.9085839,
      -0.02184001,
      -1.8194144,
      1
    ],
    "timestamp" : 235278777826,
    "trackingState" : "Normal"
  },
  {
    "transform" : [
      0.15292683,
      -0.9563864,
      0.24887422,
      0,
      0.7283772,
      -0.061120156,
      -0.68244475,
      0,
      0.6678922,
      0.28563842,
      0.68726325,
      0,
      -2.910675,
      -0.023532098,
      -1.8266782,
      0.9999999
    ],
    "timestamp" : 235278794487,
    "trackingState" : "Normal"
  },
  {
    "transform" : [
      0.15761502,
      -0.95442134,
      0.25345138,
      0,
      0.7271228,
      -0.061494168,
      -0.68374777,
      0,
      0.66816926,
      0.29205918,
      0.684289,
      0,
      -2.9129725,
      -0.025292523,
      -1.8330057,
      1
    ],
    "timestamp" : 235278811147,
    "trackingState" : "Normal"
  },
  {
    "transform" : [
      0.16322038,
      -0.9523941,
      0.25749665,
      0,
      0.7262863,
      -0.060653582,
      -0.6847112,
      0,
      0.667733,
      0.29877508,
      0.681811,
      0,
      -2.9152923,
      -0.027141623,
      -1.8397725,
      1
    ],
    "timestamp" : 235278827808,
    "trackingState" : "Normal"
  },
  {
    "transform" : [
      0.16940394,
      -0.95054895,
      0.26030558,
      0,
      0.72597146,
      -0.058274057,
      -0.6852514,
      0,
      0.6665341,
      0.30505872,
      0.6801996,
      0,
      -2.9176354,
      -0.029041056,
      -1.8465422,
      0.9999999
    ],
    "timestamp" : 235278844468,
    "trackingState" : "Normal"
  },
  {
    "transform" : [
      0.17637002,
      -0.9488737,
      0.2617871,
      0,
      0.7259299,
      -0.054228656,
      -0.6856275,
      0,
      0.6647703,
      0.31096318,
      0.6792516,
      0,
      -2.919971,
      -0.03095451,
      -1.8531706,
      1
    ],
    "timestamp" : 235278861129,
    "trackingState" : "Normal"
  },
  {
    "transform" : [
      0.1833838,
      -0.9475219,
      0.2618636,
      0,
      0.7258978,
      -0.04911005,
      -0.686047,
      0,
      0.6629048,
      0.31589606,
      0.6787982,
      0,
      -2.9222374,
      -0.032833796,
      -1.8595867,
      1
    ],
    "timestamp" : 235278877789,
    "trackingState" : "Normal"
  },
  {
    "transform" : [
      0.18986456,
      -0.9466945,
      0.26023293,
      0,
      0.7249687,
      -0.04356107,
      -0.687403,
      0,
      0.66209674,
      0.31917414,
      0.67805326,
      0,
      -2.9244153,
      -0.034676638,
      -1.8657717,
      1
    ],
    "timestamp" : 235278894450,
    "trackingState" : "Normal"
  },
  {
    "transform" : [
      0.19567066,
      -0.94597733,
      0.25853452,
      0,
      0.72299755,
      -0.03895977,
      -0.68975115,
      0,
      0.6625614,
      0.32188386,
      0.676316,
      0,
      -2.9253995,
      -0.036208674,
      -1.8698313,
      1
    ],
    "timestamp" : 235278911111,
    "trackingState" : "Normal"
  },
  {
    "transform" : [
      0.20134507,
      -0.9443341,
      0.26017958,
      0,
      0.720477,
      -0.037174467,
      -0.69248176,
      0,
      0.6636062,
      0.3268811,
      0.6728861,
      0,
      -2.9270434,
      -0.03801601,
      -1.8752329,
      0.99999994
    ],
    "timestamp" : 235278927771,
    "trackingState" : "Normal"
  },
  {
    "transform" : [
      0.20678127,
      -0.9419609,
      0.2644832,
      0,
      0.71800554,
      -0.037530567,
      -0.69502485,
      0,
      0.6646125,
      0.3336185,
      0.66857255,
      0,
      -2.9288642,
      -0.039942704,
      -1.8810724,
      1
    ],
    "timestamp" : 235278944432,
    "trackingState" : "Normal"
  },
  {
    "transform" : [
      0.21176232,
      -0.93955505,
      0.26905954,
      0,
      0.7162511,
      -0.038109586,
      -0.69680125,
      0,
      0.66493696,
      0.34027043,
      0.66488725,
      0,
      -2.9306839,
      -0.041901547,
      -1.886927,
      0.99999994
    ],
    "timestamp" : 235278961092,
    "trackingState" : "Normal"
  },
  {
    "transform" : [
      0.21674438,
      -0.9374064,
      0.2725642,
      0,
      0.715023,
      -0.03765298,
      -0.6980864,
      0,
      0.6646535,
      0.34619588,
      0.66210604,
      0,
      -2.9324896,
      -0.043890048,
      -1.8926169,
      1
    ],
    "timestamp" : 235278977752,
    "trackingState" : "Normal"
  },
  {
    "transform" : [
      0.22222994,
      -0.93541074,
      0.27499226,
      0,
      0.7144468,
      -0.03569263,
      -0.6987788,
      0,
      0.66346043,
      0.35175687,
      0.6603693,
      0,
      -2.934301,
      -0.045890532,
      -1.8980876,
      1
    ],
    "timestamp" : 235278994413,
    "trackingState" : "Normal"
  },
  {
    "transform" : [
      0.22764464,
      -0.9335092,
      0.2770171,
      0,
      0.71462214,
      -0.03307914,
      -0.6987281,
      0,
      0.6614326,
      0.35702422,
      0.6595762,
      0,
      -2.9363132,
      -0.048048083,
      -1.9031667,
      0.99999994
    ],
    "timestamp" : 235279011074,
    "trackingState" : "Normal"
  },
  {
    "transform" : [
      0.23324369,
      -0.9314114,
      0.27941057,
      0,
      0.7142804,
      -0.030874016,
      -0.69917834,
      0,
      0.6598492,
      0.36265635,
      0.6580878,
      0,
      -2.9381182,
      -0.050134074,
      -1.9082439,
      1
    ],
    "timestamp" : 235279027734,
    "trackingState" : "Normal"
  },
  {
    "transform" : [
      0.23889369,
      -0.9291351,
      0.28220186,
      0,
      0.71328145,
      -0.029293628,
      -0.70026535,
      0,
      0.6589079,
      0.36857826,
      0.65573674,
      0,
      -2.9397874,
      -0.052247133,
      -1.9132401,
      1
    ],
    "timestamp" : 235279044395,
    "trackingState" : "Normal"
  },
  {
    "transform" : [
      0.24389715,
      -0.9270246,
      0.2848504,
      0,
      0.71242523,
      -0.028020138,
      -0.70118856,
      0,
      0.6580006,
      0.37395242,
      0.65360165,
      0,
      -2.9413154,
      -0.0543733,
      -1.9181049,
      1
    ],
    "timestamp" : 235279061055,
    "trackingState" : "Normal"
  },
  {
    "transform" : [
      0.24838848,
      -0.92499876,
      0.28754237,
      0,
      0.7117374,
      -0.027076166,
      -0.7019236,
      0,
      0.6570641,
      0.3790044,
      0.6516308,
      0,
      -2.9427369,
      -0.056527756,
      -1.9228474,
      0.99999994
    ],
    "timestamp" : 235279077716,
    "trackingState" : "Normal"
  },
  {
    "transform" : [
      0.25333092,
      -0.9225543,
      0.2910621,
      0,
      0.7105075,
      -0.026747316,
      -0.70318115,
      0,
      0.65650797,
      0.3849393,
      0.64870584,
      0,
      -2.9441042,
      -0.058755144,
      -1.927526,
      0.99999994
    ],
    "timestamp" : 235279094376,
    "trackingState" : "Normal"
  },
  {
    "transform" : [
      0.25773734,
      -0.9200369,
      0.29513296,
      0,
      0.70945156,
      -0.027161373,
      -0.70423055,
      0,
      0.65593433,
      0.39088905,
      0.6457212,
      0,
      -2.9456844,
      -0.06128448,
      -1.9323084,
      0.9999999
    ],
    "timestamp" : 235279111037,
    "trackingState" : "Normal"
  },
  {
    "transform" : [
      0.26155412,
      -0.91747713,
      0.29970843,
      0,
      0.70904845,
      -0.028034097,
      -0.70460224,
      0,
      0.6548585,
      0.39679936,
      0.6432034,
      0,
      -2.946964,
      -0.06364659,
      -1.9369658,
      0.9999999
    ],
    "timestamp" : 235279127697,
    "trackingState" : "Normal"
  },
  {
    "transform" : [
      0.2659832,
      -0.91445935,
      0.30498707,
      0,
      0.7089823,
      -0.028791055,
      -0.70463836,
      0,
      0.6531442,
      0.4036524,
      0.64067763,
      0,
      -2.9481754,
      -0.06601215,
      -1.9415556,
      1
    ],
    "timestamp" : 235279144358,
    "trackingState" : "Normal"
  },
  {
    "transform" : [
      0.27139723,
      -0.91102463,
      0.31044737,
      0,
      0.7095636,
      -0.028540358,
      -0.70406306,
      0,
      0.6502792,
      0.41136292,
      0.6386843,
      0,
      -2.949385,
      -0.06839867,
      -1.9460299,
      0.9999998
    ],
    "timestamp" : 235279161018,
    "trackingState" : "Normal"
  },
  {
    "transform" : [
      0.27749372,
      -0.9075264,
      0.315267,
      0,
      0.70971674,
      -0.027536305,
      -0.70394874,
      0,
      0.6475335,
      0.4190916,
      0.6364456,
      0,
      -2.9505792,
      -0.07080852,
      -1.9503436,
      0.99999994
    ],
    "timestamp" : 235279177679,
    "trackingState" : "Normal"
  },
  {
    "transform" : [
      0.2841623,
      -0.9039547,
      0.31955883,
      0,
      0.7078206,
      -0.02702863,
      -0.705875,
      0,
      0.64671624,
      0.42677337,
      0.63215715,
      0,
      -2.9517307,
      -0.07327649,
      -1.9545287,
      0.99999994
    ],
    "timestamp" : 235279194339,
    "trackingState" : "Normal"
  },
  {
    "transform" : [
      0.29093382,
      -0.9003829,
      0.32352468,
      0,
      0.70483196,
      -0.026960498,
      -0.7088617,
      0,
      0.6469694,
      0.4342624,
      0.62677497,
      0,
      -2.953144,
      -0.0754651,
      -1.959334,
      0.99999994
    ],
    "timestamp" : 235279211000,
    "trackingState" : "Normal"
  },
  {
    "transform" : [
      0.2964631,
      -0.897438,
      0.32667235,
      0,
      0.7029889,
      -0.026473487,
      -0.71070784,
      0,
      0.6464644,
      0.44034567,
      0.6230406,
      0,
      -2.9542089,
      -0.077835865,
      -1.9636183,
      1
    ],
    "timestamp" : 235279227660,
    "trackingState" : "Normal"
  },
  {
    "transform" : [
      0.3013791,
      -0.89486533,
      0.32922125,
      0,
      0.7030469,
      -0.024694972,
      -0.7107145,
      0,
      0.6441239,
      0.44565248,
      0.62168986,
      0,
      -2.9551136,
      -0.080218054,
      -1.9677095,
      0.9999999
    ],
    "timestamp" : 235279244321,
    "trackingState" : "Normal"
  },
  {
    "transform" : [
      0.30650696,
      -0.89200366,
      0.33223945,
      0,
      0.7041803,
      -0.022358561,
      -0.7096691,
      0,
      0.6404559,
      0.451475,
      0.6212784,
      0,
      -2.9559615,
      -0.08259547,
      -1.9717152,
      1
    ],
    "timestamp" : 235279260981,
    "trackingState" : "Normal"
  },
  {
    "transform" : [
      0.31221342,
      -0.888577,
      0.33608615,
      0,
      0.7042381,
      -0.020968746,
      -0.70965415,
      0,
      0.6376297,
      0.4582482,
      0.61922306,
      0,
      -2.9567707,
      -0.08499792,
      -1.9756612,
      1
    ],
    "timestamp" : 235279277642,
    "trackingState" : "Normal"
  },
  {
    "transform" : [
      0.31785387,
      -0.8852217,
      0.33963448,
      0,
      0.7026125,
      -0.02061075,
      -0.71127415,
      0,
      0.6366354,
      0.46471262,
      0.61541665,
      0,
      -2.9574966,
      -0.08741299,
      -1.9795142,
      0.99999994
    ],
    "timestamp" : 235279294302,
    "trackingState" : "Normal"
  },
  {
    "transform" : [
      0.3232097,
      -0.88231057,
      0.34214568,
      0,
      0.70019025,
      -0.020254172,
      -0.713669,
      0,
      0.6366076,
      0.47023177,
      0.611239,
      0,
      -2.9584508,
      -0.08862997,
      -1.9841346,
      1
    ],
    "timestamp" : 235279310963,
    "trackingState" : "Normal"
  },
  {
    "transform" : [
      0.32828456,
      -0.87985945,
      0.34362292,
      0,
      0.69797003,
      -0.019158466,
      -0.7158707,
      0,
      0.6364489,
      0.4748478,
      0.6078262,
      0,
      -2.9592037,
      -0.09063373,
      -1.9881732,
      1
    ],
    "timestamp" : 235279327623,
    "trackingState" : "Normal"
  },
  {
    "transform" : [
      0.3336584,
      -0.8770392,
      0.34565082,
      0,
      0.6964837,
      -0.01774848,
      -0.7173532,
      0,
      0.6352816,
      0.480091,
      0.60492146,
      0,
      -2.959939,
      -0.092913456,
      -1.9920782,
      1
    ],
    "timestamp" : 235279344284,
    "trackingState" : "Normal"
  },
  {
    "transform" : [
      0.3390443,
      -0.8737578,
      0.34870687,
      0,
      0.6954736,
      -0.016822618,
      -0.71835476,
      0,
      0.63353425,
      0.48607048,
      0.6019718,
      0,
      -2.9606643,
      -0.09529014,
      -1.9960138,
      1
    ],
    "timestamp" : 235279360944,
    "trackingState" : "Normal"
  },
  {
    "transform" : [
      0.34367454,
      -0.8704305,
      0.352475,
      0,
      0.69505656,
      -0.01662702,
      -0.7187628,
      0,
      0.63149375,
      0.4920105,
      0.5992842,
      0,
      -2.9613352,
      -0.09765928,
      -1.999986,
      1
    ],
    "timestamp" : 235279377605,
    "trackingState" : "Normal"
  },
  {
    "transform" : [
      0.3478333,
      -0.8671175,
      0.35653794,
      0,
      0.6940371,
      -0.01752973,
      -0.7197259,
      0,
      0.630337,
      0.4977951,
      0.59571433,
      0,
      -2.9619627,
      -0.09999396,
      -2.0039873,
      0.99999994
    ],
    "timestamp" : 235279394265,
    "trackingState" : "Normal"
  },
  {
    "transform" : [
      0.3519531,
      -0.86402345,
      0.3599898,
      0,
      0.6915934,
      -0.019115783,
      -0.72203404,
      0,
      0.6307358,
      0.50308865,
      0.590825,
      0,
      -2.962422,
      -0.10195328,
      -2.0086784,
      0.99999994
    ],
    "timestamp" : 235279410926,
    "trackingState" : "Normal"
  },
  {
    "transform" : [
      0.35598153,
      -0.8613772,
      0.36236265,
      0,
      0.6892662,
      -0.019817585,
      -0.724237,
      0,
      0.63102245,
      0.5075793,
      0.58666354,
      0,
      -2.9630182,
      -0.10409977,
      -2.0129058,
      1
    ],
    "timestamp" : 235279427586,
    "trackingState" : "Normal"
  },
  {
    "transform" : [
      0.36041078,
      -0.8589251,
      0.36380196,
      0,
      0.6880632,
      -0.018536678,
      -0.72541404,
      0,
      0.62982005,
      0.5117657,
      0.584314,
      0,
      -2.9636908,
      -0.1062681,
      -2.016994,
      1
    ],
    "timestamp" : 235279444247,
    "trackingState" : "Normal"
  },
  {
    "transform" : [
      0.36534292,
      -0.85642916,
      0.3647654,
      0,
      0.6876942,
      -0.01577849,
      -0.72582906,
      0,
      0.6273767,
      0.5160235,
      0.58319676,
      0,
      -2.9643903,
      -0.10842375,
      -2.021057,
      1
    ],
    "timestamp" : 235279460907,
    "trackingState" : "Normal"
  },
  {
    "transform" : [
      0.36988837,
      -0.8541439,
      0.36554193,
      0,
      0.6877646,
      -0.012787064,
      -0.7258212,
      0,
      0.62463,
      0.51987964,
      0.5827201,
      0,
      -2.9650042,
      -0.11050835,
      -2.025153,
      0.99999994
    ],
    "timestamp" : 235279477568,
    "trackingState" : "Normal"
  },
  {
    "transform" : [
      0.37302092,
      -0.85234636,
      0.36655295,
      0,
      0.6875618,
      -0.011329,
      -0.7260375,
      0,
      0.6229881,
      0.5228549,
      0.58181494,
      0,
      -2.9654346,
      -0.11250029,
      -2.0293434,
      0.9999999
    ],
    "timestamp" : 235279494228,
    "trackingState" : "Normal"
  },
  {
    "transform" : [
      0.3751145,
      -0.8505162,
      0.36866164,
      0,
      0.6858755,
      -0.012884132,
      -0.7276048,
      0,
      0.62358963,
      0.5257911,
      0.57851523,
      0,
      -2.965748,
      -0.11390523,
      -2.0340722,
      0.99999994
    ],
    "timestamp" : 235279510889,
    "trackingState" : "Normal"
  },
  {
    "transform" : [
      0.3767895,
      -0.84864676,
      0.37125263,
      0,
      0.6836646,
      -0.015647095,
      -0.7296286,
      0,
      0.6250061,
      0.5287286,
      0.57429415,
      0,
      -2.965972,
      -0.115672275,
      -2.038761,
      1
    ],
    "timestamp" : 235279527549,
    "trackingState" : "Normal"
  },
  {
    "transform" : [
      0.37906894,
      -0.84640557,
      0.37403828,
      0,
      0.6825937,
      -0.017156128,
      -0.7305967,
      0,
      0.6247982,
      0.5322627,
      0.57124776,
      0,
      -2.9662147,
      -0.117523275,
      -2.043509,
      1
    ],
    "timestamp" : 235279544210,
    "trackingState" : "Normal"
  },
  {
    "transform" : [
      0.38203436,
      -0.8439488,
      0.37656412,
      0,
      0.68249357,
      -0.017082216,
      -0.73069215,
      0,
      0.62309927,
      0.53615195,
      0.56946355,
      0,
      -2.9664817,
      -0.11936714,
      -2.0483246,
      1
    ],
    "timestamp" : 235279560871,
    "trackingState" : "Normal"
  },
  {
    "transform" : [
      0.38485438,
      -0.84181285,
      0.3784686,
      0,
      0.6826263,
      -0.01638302,
      -0.730584,
      0,
      0.6212156,
      0.539521,
      0.5683385,
      0,
      -2.9666955,
      -0.12114099,
      -2.0532103,
      1
    ],
    "timestamp" : 235279577531,
    "trackingState" : "Normal"
  },
  {
    "transform" : [
      0.3867615,
      -0.8403919,
      0.37968042,
      0,
      0.6826586,
      -0.015891492,
      -0.73056465,
      0,
      0.61999434,
      0.5417463,
      0.5675546,
      0,
      -2.9667857,
      -0.12279103,
      -2.0581846,
      1
    ],
    "timestamp" : 235279594191,
    "trackingState" : "Normal"
  },
  {
    "transform" : [
      0.38764015,
      -0.83947873,
      0.38080287,
      0,
      0.6822195,
      -0.016553156,
      -0.73096013,
      0,
      0.61992896,
      0.54314053,
      0.5662921,
      0,
      -2.9667552,
      -0.12434758,
      -2.0632849,
      1
    ],
    "timestamp" : 235279610852,
    "trackingState" : "Normal"
  },
  {
    "transform" : [
      0.38840777,
      -0.83836657,
      0.38246712,
      0,
      0.6810375,
      -0.018431095,
      -0.7320165,
      0,
      0.6207475,
      0.5447953,
      0.56380033,
      0,
      -2.9671597,
      -0.12589498,
      -2.0683794,
      1
    ],
    "timestamp" : 235279627512,
    "trackingState" : "Normal"
  },
  {
    "transform" : [
      0.38933384,
      -0.8371216,
      0.38424847,
      0,
      0.67976797,
      -0.020370863,
      -0.7331443,
      0,
      0.6215584,
      0.5466376,
      0.56111735,
      0,
      -2.967204,
      -0.12740505,
      -2.0737507,
      1
    ],
    "timestamp" : 235279644173,
    "trackingState" : "Normal"
  },
  {
    "transform" : [
      0.39027312,
      -0.83629614,
      0.385092,
      0,
      0.6795624,
      -0.020548433,
      -0.7333299,
      0,
      0.62119406,
      0.5478929,
      0.5602959,
      0,
      -2.9670875,
      -0.12884445,
      -2.0792718,
      0.99999994
    ],
    "timestamp" : 235279660834,
    "trackingState" : "Normal"
  },
  {
    "transform" : [
      0.39146364,
      -0.8359621,
      0.38460857,
      0,
      0.68018156,
      -0.01863415,
      -0.73280686,
      0,
      0.6197656,
      0.5484708,
      0.5613114,
      0,
      -2.9668603,
      -0.1302176,
      -2.0849168,
      0.99999994
    ],
    "timestamp" : 235279677494,
    "trackingState" : "Normal"
  },
  {
    "transform" : [
      0.39249617,
      -0.8362062,
      0.38302243,
      0,
      0.68140924,
      -0.015334778,
      -0.73174196,
      0,
      0.6177608,
      0.54820085,
      0.5637799,
      0,
      -2.9664848,
      -0.13149309,
      -2.0907269,
      1
    ],
    "timestamp" : 235279694155,
    "trackingState" : "Normal"
  },
  {
    "transform" : [
      0.39245626,
      -0.8369344,
      0.3814698,
      0,
      0.6832498,
      -0.012375843,
      -0.7300799,
      0,
      0.6157499,
      0.5471635,
      0.5669783,
      0,
      -2.9660378,
      -0.13263443,
      -2.0967412,
      1
    ],
    "timestamp" : 235279710815,
    "trackingState" : "Normal"
  },
  {
    "transform" : [
      0.39141572,
      -0.8374629,
      0.38137856,
      0,
      0.68554527,
      -0.011092535,
      -0.7279454,
      0,
      0.61385787,
      0.54638153,
      0.569777,
      0,
      -2.9658635,
      -0.13364886,
      -2.102914,
      0.9999999
    ],
    "timestamp" : 235279727476,
    "trackingState" : "Normal"
  },
  {
    "transform" : [
      0.38932526,
      -0.8377194,
      0.3829518,
      0,
      0.68860537,
      -0.011419516,
      -0.7250464,
      0,
      0.61175865,
      0.54598147,
      0.57241225,
      0,
      -2.9651563,
      -0.13449661,
      -2.1096296,
      0.99999994
    ],
    "timestamp" : 235279744136,
    "trackingState" : "Normal"
  },
  {
    "transform" : [
      0.38694516,
      -0.8375298,
      0.38576868,
      0,
      0.69207317,
      -0.012681398,
      -0.721716,
      0,
      0.60935074,
      0.54624456,
      0.574725,
      0,
      -2.9642115,
      -0.13520476,
      -2.1167004,
      1
    ],
    "timestamp" : 235279760797,
    "trackingState" : "Normal"
  },
  {
    "transform" : [
      0.3849015,
      -0.8371038,
      0.3887265,
      0,
      0.69570184,
      -0.013627081,
      -0.71820146,
      0,
      0.6065064,
      0.54687446,
      0.57712954,
      0,
      -2.9631267,
      -0.1357695,
      -2.1239815,
      1
    ],
    "timestamp" : 235279777457,
    "trackingState" : "Normal"
  },
  {
    "transform" : [
      0.38233125,
      -0.8374237,
      0.39056957,
      0,
      0.69977987,
      -0.01362306,
      -0.7142287,
      0,
      0.60343283,
      0.54638463,
      0.5808037,
      0,
      -2.961862,
      -0.13610409,
      -2.131369,
      1
    ],
    "timestamp" : 235279794118,
    "trackingState" : "Normal"
  },
  {
    "transform" : [
      0.37867254,
      -0.83867687,
      0.3914438,
      0,
      0.7037717,
      -0.013760669,
      -0.710293,
      0,
      0.6010929,
      0.5444554,
      0.58502626,
      0,
      -2.9604433,
      -0.13581531,
      -2.139454,
      0.9999999
    ],
    "timestamp" : 235279810778,
    "trackingState" : "Normal"
  },
  {
    "transform" : [
      0.37423396,
      -0.84032696,
      0.39217305,
      0,
      0.70736104,
      -0.014790943,
      -0.7066977,
      0,
      0.5996578,
      0.5418782,
      0.5888793,
      0,
      -2.9588583,
      -0.13561195,
      -2.147276,
      1
    ],
    "timestamp" : 235279827439,
    "trackingState" : "Normal"
  },
  {
    "transform" : [
      0.36954468,
      -0.84187096,
      0.39330664,
      0,
      0.7109044,
      -0.016417872,
      -0.703097,
      0,
      0.59837425,
      0.5394291,
      0.59242266,
      0,
      -2.957167,
      -0.13535514,
      -2.1550903,
      1
    ],
    "timestamp" : 235279844099,
    "trackingState" : "Normal"
  },
  {
    "transform" : [
      0.365237,
      -0.84320605,
      0.3944689,
      0,
      0.7149503,
      -0.01730554,
      -0.6989612,
      0,
      0.59619474,
      0.5373121,
      0.5965298,
      0,
      -2.9554014,
      -0.13501753,
      -2.1629317,
      1
    ],
    "timestamp" : 235279860760,
    "trackingState" : "Normal"
  },
  {
    "transform" : [
      0.3612458,
      -0.8446297,
      0.3950978,
      0,
      0.71948624,
      -0.017053569,
      -0.6942973,
      0,
      0.59316206,
      0.5350794,
      0.60153896,
      0,
      -2.9535627,
      -0.1345834,
      -2.170779,
      1
    ],
    "timestamp" : 235279877420,
    "trackingState" : "Normal"
  },
  {
    "transform" : [
      0.35755253,
      -0.84628373,
      0.3949179,
      0,
      0.72380894,
      -0.01609355,
      -0.6898128,
      0,
      0.5901331,
      0.5324894,
      0.6067934,
      0,
      -2.9516618,
      -0.134052,
      -2.1786463,
      1
    ],
    "timestamp" : 235279894081,
    "trackingState" : "Normal"
  },
  {
    "transform" : [
      0.35396004,
      -0.8479145,
      0.39465606,
      0,
      0.72810924,
      -0.015019045,
      -0.6852966,
      0,
      0.5870003,
      0.52992034,
      0.6120583,
      0,
      -2.9496999,
      -0.1334328,
      -2.186561,
      1
    ],
    "timestamp" : 235279910741,
    "trackingState" : "Normal"
  },
  {
    "transform" : [
      0.3506515,
      -0.8494135,
      0.39438605,
      0,
      0.73247844,
      -0.01365122,
      -0.6806534,
      0,
      0.5835401,
      0.52755135,
      0.6173903,
      0,
      -2.9481962,
      -0.13259155,
      -2.1939805,
      1
    ],
    "timestamp" : 235279927402,
    "trackingState" : "Normal"
  },
  {
    "transform" : [
      0.34760258,
      -0.8504351,
      0.39488328,
      0,
      0.73727995,
      -0.012292058,
      -0.67547566,
      0,
      0.579302,
      0.52593654,
      0.622736,
      0,
      -2.9463353,
      -0.13175538,
      -2.2018201,
      1
    ],
    "timestamp" : 235279944062,
    "trackingState" : "Normal"
  },
  {
    "transform" : [
      0.34450823,
      -0.8511035,
      0.3961527,
      0,
      0.74261904,
      -0.011084808,
      -0.6696222,
      0,
      0.57430923,
      0.5248809,
      0.6282269,
      0,
      -2.9443276,
      -0.13082592,
      -2.2098367,
      0.9999998
    ],
    "timestamp" : 235279960723,
    "trackingState" : "Normal"
  },
  {
    "transform" : [
      0.34104666,
      -0.85173136,
      0.39779505,
      0,
      0.74860907,
      -0.009865661,
      -0.6629382,
      0,
      0.5685698,
      0.52388585,
      0.63424927,
      0,
      -2.9422107,
      -0.12974127,
      -2.217914,
      0.99999994
    ],
    "timestamp" : 235279977383,
    "trackingState" : "Normal"
  },
  {
    "transform" : [
      0.33685315,
      -0.85279727,
      0.39908272,
      0,
      0.7551738,
      -0.008447775,
      -0.65547043,
      0,
      0.56235474,
      0.52217394,
      0.6411644,
      0,
      -2.939969,
      -0.12846388,
      -2.2259681,
      1
    ],
    "timestamp" : 235279994044,
    "trackingState" : "Normal"
  },
  {
    "transform" : [
      0.33209834,
      -0.8542945,
      0.3998647,
      0,
      0.76188755,
      -0.0069759977,
      -0.6476719,
      0,
      0.556092,
      0.5197426,
      0.6485595,
      0,
      -2.9375336,
      -0.12682553,
      -2.2336268,
      0.99999994
    ],
    "timestamp" : 235280010704,
    "trackingState" : "Normal"
  },
  {
    "transform" : [
      0.32675534,
      -0.8553714,
      0.40195858,
      0,
      0.7680857,
      -0.0074813343,
      -0.6403033,
      0,
      0.5507045,
      0.5179611,
      0.654554,
      0,
      -2.9350116,
      -0.12517542,
      -2.2414966,
      0.9999999
    ],
    "timestamp" : 235280027365,
    "trackingState" : "Normal"
  },
  {
    "transform" : [
      0.3206871,
      -0.85604316,
      0.40540117,
      0,
      0.7735741,
      -0.010275347,
      -0.63362265,
      0,
      0.54657394,
      0.5168024,
      0.65891767,
      0,
      -2.9323437,
      -0.12343034,
      -2.2494278,
      1
    ],
    "timestamp" : 235280044025,
    "trackingState" : "Normal"
  },
  {
    "transform" : [
      0.3134917,
      -0.85720325,
      0.40856558,
      0,
      0.7783764,
      -0.014481816,
      -0.6276309,
      0,
      0.54392403,
      0.5147748,
      0.6626868,
      0,
      -2.9294991,
      -0.12153919,
      -2.2572713,
      0.99999994
    ],
    "timestamp" : 235280060686,
    "trackingState" : "Normal"
  },
  {
    "transform" : [
      0.305424,
      -0.85952085,
      0.40980518,
      0,
      0.78242296,
      -0.018753015,
      -0.622465,
      0,
      0.5427068,
      0.5107567,
      0.6667812,
      0,
      -2.9265091,
      -0.11952148,
      -2.2649274,
      1
    ],
    "timestamp" : 235280077346,
    "trackingState" : "Normal"
  },
  {
    "transform" : [
      0.2973296,
      -0.86271465,
      0.4090462,
      0,
      0.7861562,
      -0.021902625,
      -0.6176398,
      0,
      0.5418061,
      0.50521666,
      0.6717161,
      0,
      -2.923461,
      -0.11745936,
      -2.2723994,
      1
    ],
    "timestamp" : 235280094007,
    "trackingState" : "Normal"
  },
  {
    "transform" : [
      0.2897636,
      -0.8659324,
      0.4076743,
      0,
      0.79037917,
      -0.023718165,
      -0.61215883,
      0,
      0.5397575,
      0.4995985,
      0.6775422,
      0,
      -2.920423,
      -0.115421094,
      -2.27977,
      1
    ],
    "timestamp" : 235280110667,
    "trackingState" : "Normal"
  },
  {
    "transform" : [
      0.28302035,
      -0.8684588,
      0.4070365,
      0,
      0.79507333,
      -0.024920713,
      -0.606001,
      0,
      0.53643066,
      0.49513447,
      0.6834355,
      0,
      -2.917533,
      -0.11313633,
      -2.2871954,
      0.9999999
    ],
    "timestamp" : 235280127328,
    "trackingState" : "Normal"
  },
  {
    "transform" : [
      0.27653047,
      -0.8704593,
      0.40722433,
      0,
      0.8000883,
      -0.026198618,
      -0.59931,
      0,
      0.5323437,
      0.49154282,
      0.6891996,
      0,
      -2.9145486,
      -0.11116347,
      -2.2945502,
      1
    ],
    "timestamp" : 235280143988,
    "trackingState" : "Normal"
  },
  {
    "transform" : [
      0.27005744,
      -0.872462,
      0.40728283,
      0,
      0.805071,
      -0.027414272,
      -0.5925448,
      0,
      0.5281382,
      0.48791265,
      0.69499034,
      0,
      -2.9114985,
      -0.10933926,
      -2.3018005,
      1
    ],
    "timestamp" : 235280160649,
    "trackingState" : "Normal"
  },
  {
    "transform" : [
      0.26346087,
      -0.87487686,
      0.40642223,
      0,
      0.80998665,
      -0.028198527,
      -0.5857702,
      0,
      0.52393734,
      0.48352396,
      0.70120937,
      0,
      -2.9084063,
      -0.107615314,
      -2.3088934,
      1
    ],
    "timestamp" : 235280177309,
    "trackingState" : "Normal"
  },
  {
    "transform" : [
      0.25728524,
      -0.87739,
      0.4049583,
      0,
      0.8149183,
      -0.028219312,
      -0.57888865,
      0,
      0.5193388,
      0.47894737,
      0.70774066,
      0,
      -2.9053185,
      -0.105995454,
      -2.3158498,
      0.99999994
    ],
    "timestamp" : 235280193970,
    "trackingState" : "Normal"
  },
  {
    "transform" : [
      0.25164533,
      -0.87970436,
      0.4034788,
      0,
      0.8202809,
      -0.027383791,
      -0.5713051,
      0,
      0.51362836,
      0.47473216,
      0.7147137,
      0,
      -2.9025776,
      -0.10439869,
      -2.3233998,
      1
    ],
    "timestamp" : 235280210630,
    "trackingState" : "Normal"
  },
  {
    "transform" : [
      0.24612139,
      -0.8820467,
      0.40176836,
      0,
      0.82653797,
      -0.025494153,
      -0.56230336,
      0,
      0.50622064,
      0.47047168,
      0.72277045,
      0,
      -2.8996334,
      -0.10294401,
      -2.3303578,
      0.99999994
    ],
    "timestamp" : 235280227291,
    "trackingState" : "Normal"
  },
  {
    "transform" : [
      0.2398674,
      -0.8843337,
      0.40052179,
      0,
      0.8332203,
      -0.024188483,
      -0.5524121,
      0,
      0.49820468,
      0.46622843,
      0.7310427,
      0,
      -2.8965528,
      -0.10158043,
      -2.3370728,
      1
    ],
    "timestamp" : 235280243951,
    "trackingState" : "Normal"
  },
  {
    "transform" : [
      0.23212564,
      -0.8861438,
      0.40108225,
      0,
      0.8394403,
      -0.025805693,
      -0.54283917,
      0,
      0.49138376,
      0.4626914,
      0.73787457,
      0,
      -2.89331,
      -0.100317575,
      -2.3437316,
      0.99999994
    ],
    "timestamp" : 235280260612,
    "trackingState" : "Normal"
  },
  {
    "transform" : [
      0.2229412,
      -0.88693774,
      0.40452293,
      0,
      0.8449926,
      -0.031096086,
      -0.5338732,
      0,
      0.4860914,
      0.46084118,
      0.7425232,
      0,
      -2.8899307,
      -0.09915963,
      -2.350419,
      0.9999999
    ],
    "timestamp" : 235280277273,
    "trackingState" : "Normal"
  },
  {
    "transform" : [
      0.21352214,
      -0.8867246,
      0.4100341,
      0,
      0.85009444,
      -0.038179044,
      -0.52524465,
      0,
      0.4814021,
      0.460719,
      0.74564755,
      0,
      -2.886516,
      -0.09808917,
      -2.3570738,
      0.99999994
    ],
    "timestamp" : 235280293933,
    "trackingState" : "Normal"
  },
  {
    "transform" : [
      0.20479642,
      -0.8862648,
      0.4154435,
      0,
      0.8554276,
      -0.044222977,
      -0.51603115,
      0,
      0.47571236,
      0.4610631,
      0.74907875,
      0,
      -2.8833404,
      -0.09705657,
      -2.363856,
      1
    ],
    "timestamp" : 235280310594,
    "trackingState" : "Normal"
  },
  {
    "transform" : [
      0.19695592,
      -0.8863828,
      0.41896772,
      0,
      0.86137015,
      -0.047649972,
      -0.5057383,
      0,
      0.46824157,
      0.46049437,
      0.75411874,
      0,
      -2.880091,
      -0.09595771,
      -2.37011,
      0.99999994
    ],
    "timestamp" : 235280327254,
    "trackingState" : "Normal"
  },
  {
    "transform" : [
      0.18935508,
      -0.88724864,
      0.42063597,
      0,
      0.8672191,
      -0.049798403,
      -0.4954305,
      0,
      0.46051705,
      0.45859578,
      0.7600094,
      0,
      -2.8767753,
      -0.0947911,
      -2.3759942,
      1
    ],
    "timestamp" : 235280343915,
    "trackingState" : "Normal"
  },
  {
    "transform" : [
      0.18154678,
      -0.88825303,
      0.42195678,
      0,
      0.8722606,
      -0.052684736,
      -0.4861955,
      0,
      0.45409527,
      0.4563234,
      0.7652233,
      0,
      -2.8733718,
      -0.09361293,
      -2.3816442,
      1
    ],
    "timestamp" : 235280360575,
    "trackingState" : "Normal"
  },
  {
    "transform" : [
      0.17360598,
      -0.888864,
      0.424007,
      0,
      0.87631345,
      -0.05703025,
      -0.47835386,
      0,
      0.44937274,
      0.45460808,
      0.7690227,
      0,
      -2.8699014,
      -0.092481315,
      -2.3871374,
      1
    ],
    "timestamp" : 235280377236,
    "trackingState" : "Normal"
  },
  {
    "transform" : [
      0.16556206,
      -0.8893139,
      0.42627472,
      0,
      0.8802124,
      -0.061683204,
      -0.47055456,
      0,
      0.4447647,
      0.4531182,
      0.77257276,
      0,
      -2.8663924,
      -0.09137854,
      -2.3924353,
      1
    ],
    "timestamp" : 235280393896,
    "trackingState" : "Normal"
  },
  {
    "transform" : [
      0.15719108,
      -0.88979167,
      0.42844135,
      0,
      0.8839088,
      -0.06672583,
      -0.4628747,
      0,
      0.44045022,
      0.45146275,
      0.776006,
      0,
      -2.8626118,
      -0.09040523,
      -2.3982983,
      1
    ],
    "timestamp" : 235280410557,
    "trackingState" : "Normal"
  },
  {
    "transform" : [
      0.14810619,
      -0.89064777,
      0.42989674,
      0,
      0.8877853,
      -0.07180627,
      -0.45462218,
      0,
      0.43577752,
      0.4489883,
      0.7800691,
      0,
      -2.8588927,
      -0.08936055,
      -2.4034476,
      1
    ],
    "timestamp" : 235280427217,
    "trackingState" : "Normal"
  },
  {
    "transform" : [
      0.13849325,
      -0.89172256,
      0.43087173,
      0,
      0.8916593,
      -0.07706717,
      -0.44609877,
      0,
      0.43100247,
      0.44597247,
      0.7844396,
      0,
      -2.8551617,
      -0.08832058,
      -2.4082584,
      0.9999998
    ],
    "timestamp" : 235280443878,
    "trackingState" : "Normal"
  },
  {
    "transform" : [
      0.12948942,
      -0.8925926,
      0.4318692,
      0,
      0.8953957,
      -0.08186986,
      -0.43768045,
      0,
      0.42602745,
      0.4433687,
      0.7886223,
      0,
      -2.8514783,
      -0.087350585,
      -2.412864,
      1
    ],
    "timestamp" : 235280460538,
    "trackingState" : "Normal"
  },
  {
    "transform" : [
      0.12121442,
      -0.89309263,
      0.43323523,
      0,
      0.8991418,
      -0.08611946,
      -0.42910096,
      0,
      0.4205369,
      0.44155303,
      0.7925781,
      0,
      -2.8478599,
      -0.08648651,
      -2.4173093,
      1
    ],
    "timestamp" : 235280477199,
    "trackingState" : "Normal"
  },
  {
    "transform" : [
      0.1133448,
      -0.89326084,
      0.43501523,
      0,
      0.90282375,
      -0.09019715,
      -0.420445,
      0,
      0.4148042,
      0.44039726,
      0.7962338,
      0,
      -2.8442833,
      -0.08573456,
      -2.4216287,
      1
    ],
    "timestamp" : 235280493859,
    "trackingState" : "Normal"
  },
  {
    "transform" : [
      0.10509539,
      -0.89325625,
      0.43709084,
      0,
      0.9066897,
      -0.09447591,
      -0.41108185,
      0,
      0.40849593,
      0.4395085,
      0.7999773,
      0,
      -2.8406742,
      -0.08529385,
      -2.426294,
      1
    ],
    "timestamp" : 235280510520,
    "trackingState" : "Normal"
  },
  {
    "transform" : [
      0.09654919,
      -0.89291877,
      0.43974367,
      0,
      0.9109769,
      -0.09872075,
      -0.40046903,
      0,
      0.40099815,
      0.43926123,
      0.8038971,
      0,
      -2.837066,
      -0.08479328,
      -2.4305787,
      0.99999994
    ],
    "timestamp" : 235280527180,
    "trackingState" : "Normal"
  },
  {
    "transform" : [
      0.08794757,
      -0.8921146,
      0.44316703,
      0,
      0.9152489,
      -0.103229925,
      -0.38943967,
      0,
      0.39317292,
      0.43985835,
      0.807428,
      0,
      -2.8334882,
      -0.08437027,
      -2.434682,
      0.99999994
    ],
    "timestamp" : 235280543841,
    "trackingState" : "Normal"
  },
  {
    "transform" : [
      0.08003617,
      -0.89115906,
      0.44657588,
      0,
      0.9189552,
      -0.10759232,
      -0.37940145,
      0,
      0.38615516,
      0.44074896,
      0.81032395,
      0,
      -2.8299794,
      -0.08407937,
      -2.4386342,
      1
    ],
    "timestamp" : 235280560501,
    "trackingState" : "Normal"
  },
  {
    "transform" : [
      0.07277456,
      -0.8903971,
      0.44932964,
      0,
      0.92214924,
      -0.11154971,
      -0.37040186,
      0,
      0.3799273,
      0.44130477,
      0.81296104,
      0,
      -2.8265119,
      -0.083924845,
      -2.4424484,
      1
    ],
    "timestamp" : 235280577162,
    "trackingState" : "Normal"
  },
  {
    "transform" : [
      0.065523624,
      -0.8900473,
      0.45113477,
      0,
      0.9254629,
      -0.1148524,
      -0.36100912,
      0,
      0.37312907,
      0.44116303,
      0.8161803,
      0,
      -2.823006,
      -0.08386195,
      -2.446155,
      0.99999994
    ],
    "timestamp" : 235280593822,
    "trackingState" : "Normal"
  },
  {
    "transform" : [
      0.057358712,
      -0.8899406,
