[
  {
    "timestamp" : 235212085648,
    "trackingState" : "Normal",
    "transform" : [
      -0.20086744,
      -0.9035472,
      -0.37849036,
      0,
      -0.89078873,
      0.007705487,
      0.45435286,
      0,
      -0.40761274,
      0.42841953,
      -0.80641735,
      0,
      0.77819824,
      0.07252687,
      6.6143904,
      1
    ]
  },
  {
    "timestamp" : 235212102309,
    "trackingState" : "Normal",
    "transform" : [
      -0.20512259,
      -0.90206486,
      -0.37974176,
      0,
      -0.88882416,
      0.009242219,
      0.45815554,
      0,
      -0.40977636,
      0.4315016,
      -0.8036729,
      0,
      0.7794909,
      0.07068053,
      6.616871,
      1
    ]
  },
  {
    "timestamp" : 235212118969,
    "trackingState" : "Normal",
    "transform" : [
      -0.20934029,
      -0.9006094,
      -0.3808934,
      0,
      -0.8848221,
      0.008649686,
      0.46584928,
      0,
      -0.41625354,
      0.4345438,
      -0.79868966,
      0,
      0.7807848,
      0.06877746,
      6.6195126,
      1.0000001
    ]
  },
  {
    "timestamp" : 235212135630,
    "trackingState" : "Normal",
    "transform" : [
      -0.21287476,
      -0.89928913,
      -0.38205191,
      0,
      -0.8812738,
      0.007857042,
      0.47254094,
      0,
      -0.42194915,
      0.4372843,
      -0.7941925,
      0,
      0.78202283,
      0.066985354,
      6.6224246,
      1
    ]
  },
  {
    "timestamp" : 235212152291,
    "trackingState" : "Normal",
    "transform" : [
      -0.21610132,
      -0.8977449,
      -0.38386792,
      0,
      -0.8793191,
      0.008061864,
      0.47616512,
      0,
      -0.42438006,
      0.44044217,
      -0.7911464,
      0,
      0.78324515,
      0.065238625,
      6.6255713,
      1
    ]
  },
  {
    "timestamp" : 235212168951,
    "trackingState" : "Normal",
    "transform" : [
      -0.21973786,
      -0.89565593,
      -0.38667277,
      0,
      -0.87852,
      0.009337938,
      0.47761452,
      0,
      -0.4241675,
      0.44464967,
      -0.78890365,
      0,
      0.7844759,
      0.06349948,
      6.6289034,
      1
    ]
  },
  {
    "timestamp" : 235212185612,
    "trackingState" : "Normal",
    "transform" : [
      -0.22313336,
      -0.89362216,
      -0.3894241,
      0,
      -0.8777476,
      0.010425766,
      0.47901008,
      0,
      -0.42399397,
      0.44869912,
      -0.78670114,
      0,
      0.78567314,
      0.06171725,
      6.6323247,
      1
    ]
  },
  {
    "timestamp" : 235212202272,
    "trackingState" : "Normal",
    "transform" : [
      -0.22647794,
      -0.8917932,
      -0.39167938,
      0,
      -0.8762651,
      0.01096768,
      0.48170468,
      0,
      -0.42528513,
      0.45231038,
      -0.7839313,
      0,
      0.7868627,
      0.05984991,
      6.6357827,
      1
    ]
  },
  {
    "timestamp" : 235212218933,
    "trackingState" : "Normal",
    "transform" : [
      -0.23013613,
      -0.8902115,
      -0.39314237,
      0,
      -0.8748118,
      0.012271208,
      0.48430756,
      0,
      -0.42631188,
      0.4553822,
      -0.7815918,
      0,
      0.78785115,
      0.057963468,
      6.6392617,
      1
    ]
  },
  {
    "timestamp" : 235212235593,
    "trackingState" : "Normal",
    "transform" : [
      -0.23410171,
      -0.8889753,
      -0.39359802,
      0,
      -0.87335604,
      0.014425025,
      0.4868689,
      0,
      -0.42713678,
      0.457728,
      -0.779769,
      0,
      0.7890178,
      0.056051888,
      6.642652,
      1
    ]
  },
  {
    "timestamp" : 235212252254,
    "trackingState" : "Normal",
    "transform" : [
      -0.23887478,
      -0.88792163,
      -0.3931084,
      0,
      -0.87110734,
      0.017061634,
      0.49079636,
      0,
      -0.42908165,
      0.45967838,
      -0.77755064,
      0,
      0.79024255,
      0.054084882,
      6.6460514,
      0.99999994
    ]
  },
  {
    "timestamp" : 235212268915,
    "trackingState" : "Normal",
    "transform" : [
      -0.24438673,
      -0.8866479,
      -0.39259514,
      0,
      -0.86825395,
      0.019817153,
      0.49572423,
      0,
      -0.43175268,
      0.46202064,
      -0.7746786,
      0,
      0.79148316,
      0.051998552,
      6.649556,
      1
    ]
  },
  {
    "timestamp" : 235212285575,
    "trackingState" : "Normal",
    "transform" : [
      -0.2505886,
      -0.8847367,
      -0.39299652,
      0,
      -0.8653317,
      0.02268976,
      0.50068575,
      0,
      -0.43405816,
      0.46553844,
      -0.77127665,
      0,
      0.79274535,
      0.0497711,
      6.6532316,
      0.99999994
    ]
  },
  {
    "timestamp" : 235212302236,
    "trackingState" : "Normal",
    "transform" : [
      -0.2569072,
      -0.8822362,
      -0.39453536,
      0,
      -0.8629906,
      0.025660394,
      0.5045681,
      0,
      -0.4350243,
      0.47010738,
      -0.76795393,
      0,
      0.7940258,
      0.04744946,
      6.6570935,
      0.99999994
    ]
  },
  {
    "timestamp" : 235212318896,
    "trackingState" : "Normal",
    "transform" : [
      -0.26294193,
      -0.8795369,
      -0.39658108,
      0,
      -0.86166465,
      0.029156081,
      0.50664014,
      0,
      -0.4340459,
      0.47493672,
      -0.76553226,
      0,
      0.7954687,
      0.04503916,
      6.661197,
      1
    ]
  },
  {
    "timestamp" : 235212335557,
    "trackingState" : "Normal",
    "transform" : [
      -0.26819536,
      -0.87703073,
      -0.39860836,
      0,
      -0.86088425,
      0.032480594,
      0.5077632,
      0,
      -0.4323769,
      0.47933534,
      -0.7637331,
      0,
      0.7968895,
      0.042652514,
      6.6654463,
      1
    ]
  },
  {
    "timestamp" : 235212352217,
    "trackingState" : "Normal",
    "transform" : [
      -0.27231497,
      -0.874704,
      -0.40092102,
      0,
      -0.859788,
      0.034137536,
      0.509509,
      0,
      -0.43198317,
      0.48345393,
      -0.7613561,
      0,
      0.79816085,
      0.040324867,
      6.669808,
      1
    ]
  },
  {
    "timestamp" : 235212368878,
    "trackingState" : "Normal",
    "transform" : [
      -0.27610463,
      -0.8720381,
      -0.40412346,
      0,
      -0.8581682,
      0.034338426,
      0.5122191,
      0,
      -0.43279764,
      0.4882319,
      -0.75783646,
      0,
      0.79942924,
      0.03796001,
      6.674325,
      0.9999999
    ]
  },
  {
    "timestamp" : 235212385539,
    "trackingState" : "Normal",
    "transform" : [
      -0.28027293,
      -0.86886567,
      -0.4080683,
      0,
      -0.8567775,
      0.03472799,
      0.51451576,
      0,
      -0.4328737,
      0.4938285,
      -0.7541579,
      0,
      0.80080634,
      0.035588745,
      6.6789374,
      0.99999994
    ]
  },
  {
    "timestamp" : 235212402199,
    "trackingState" : "Normal",
    "transform" : [
      -0.28469092,
      -0.86544514,
      -0.41225728,
      0,
      -0.8554447,
      0.035273667,
      0.51669174,
      0,
      -0.4326265,
      0.49976066,
      -0.75038254,
      0,
      0.8022803,
      0.03320698,
      6.6835938,
      1
    ]
  },
  {
    "timestamp" : 235212418860,
    "trackingState" : "Normal",
    "transform" : [
      -0.2888272,
      -0.86208075,
      -0.41640818,
      0,
      -0.8542378,
      0.035674132,
      0.5186572,
      0,
      -0.43226945,
      0.50551385,
      -0.7467256,
      0,
      0.80386007,
      0.030812923,
      6.688184,
      0.99999994
    ]
  },
  {
    "timestamp" : 235212435520,
    "trackingState" : "Normal",
    "transform" : [
      -0.29278865,
      -0.8587643,
      -0.4204743,
      0,
      -0.85338056,
      0.036337066,
      0.5200203,
      0,
      -0.4312961,
      0.5110806,
      -0.74349195,
      0,
      0.8053972,
      0.028413113,
      6.6928043,
      0.9999999
    ]
  },
  {
    "timestamp" : 235212452181,
    "trackingState" : "Normal",
    "transform" : [
      -0.2972338,
      -0.8551767,
      -0.42464706,
      0,
      -0.85197395,
      0.03677114,
      0.5222916,
      0,
      -0.43103686,
      0.51703084,
      -0.7395178,
      0,
      0.8069666,
      0.025944892,
      6.697425,
      1
    ]
  },
  {
    "timestamp" : 235212468841,
    "trackingState" : "Normal",
    "transform" : [
      -0.30255938,
      -0.8510576,
      -0.42913747,
      0,
      -0.84990835,
      0.037110843,
      0.5256223,
      0,
      -0.43140924,
      0.5237593,
      -0.7345491,
      0,
      0.80859905,
      0.023343327,
      6.702013,
      0.99999994
    ]
  },
  {
    "timestamp" : 235212485502,
    "trackingState" : "Normal",
    "transform" : [
      -0.31068826,
      -0.8458445,
      -0.43361282,
      0,
      -0.847317,
      0.039736032,
      0.5295991,
      0,
      -0.4307284,
      0.5319476,
      -0.72904396,
      0,
      0.8103806,
      0.020658296,
      6.70656,
      1
    ]
  },
  {
    "timestamp" : 235212502163,
    "trackingState" : "Normal",
    "transform" : [
      -0.31929538,
      -0.8409777,
      -0.4368147,
      0,
      -0.8455411,
      0.04468073,
      0.5320377,
      0,
      -0.42791465,
      0.5392218,
      -0.7253476,
      0,
      0.8121879,
      0.01797007,
      6.710971,
      0.99999994
    ]
  },
  {
    "timestamp" : 235212518823,
    "trackingState" : "Normal",
    "transform" : [
      -0.32835215,
      -0.8364635,
      -0.438764,
      0,
      -0.8438063,
      0.051012356,
      0.53421795,
      0,
      -0.4244715,
      0.5456434,
      -0.7225631,
      0,
      0.8138535,
      0.0153551465,
      6.7152405,
      0.99999994
    ]
  },
  {
    "timestamp" : 235212535484,
    "trackingState" : "Normal",
    "transform" : [
      -0.337308,
      -0.8318527,
      -0.44073194,
      0,
      -0.84133697,
      0.05634024,
      0.53756684,
      0,
      -0.4223455,
      0.55212957,
      -0.71887237,
      0,
      0.81540376,
      0.012688014,
      6.7194757,
      0.99999994
    ]
  },
  {
    "timestamp" : 235212552144,
    "trackingState" : "Normal",
    "transform" : [
      -0.346372,
      -0.8266305,
      -0.44351858,
      0,
      -0.838132,
      0.060322385,
      0.5421218,
      0,
      -0.4213804,
      0.55950284,
      -0.7137194,
      0,
      0.81696093,
      0.009894486,
      6.7237015,
      1
    ]
  },
  {
    "timestamp" : 235212568805,
    "trackingState" : "Normal",
    "transform" : [
      -0.35567638,
      -0.82088906,
      -0.44680607,
      0,
      -0.83435017,
      0.063469805,
      0.5475687,
      0,
      -0.42113447,
      0.5675499,
      -0.70748365,
      0,
      0.8184944,
      0.0070717433,
      6.7278533,
      0.99999994
    ]
  },
  {
    "timestamp" : 235212585465,
    "trackingState" : "Normal",
    "transform" : [
      -0.36502552,
      -0.81531066,
      -0.44947198,
      0,
      -0.83025634,
      0.06664252,
      0.5533835,
      0,
      -0.4212256,
      0.575176,
      -0.701243,
      0,
      0.8199572,
      0.0043331687,
      6.7318807,
      0.99999994
    ]
  },
  {
    "timestamp" : 235212602126,
    "trackingState" : "Normal",
    "transform" : [
      -0.3739298,
      -0.8105154,
      -0.4508231,
      0,
      -0.825849,
      0.069767244,
      0.5595589,
      0,
      -0.42207843,
      0.58154744,
      -0.6954513,
      0,
      0.8213173,
      0.0017023324,
      6.7357736,
      0.99999994
    ]
  },
  {
    "timestamp" : 235212618786,
    "trackingState" : "Normal",
    "transform" : [
      -0.38270408,
      -0.80591244,
      -0.45171115,
      0,
      -0.82084155,
      0.07223284,
      0.56657016,
      0,
      -0.42397758,
      0.58761185,
      -0.6891702,
      0,
      0.82277447,
      -0.0010117991,
      6.7393727,
      1
    ]
  },
  {
    "timestamp" : 235212635447,
    "trackingState" : "Normal",
    "transform" : [
      -0.39279658,
      -0.8002351,
      -0.4531388,
      0,
      -0.81486475,
      0.074465625,
      0.5748483,
      0,
      -0.42627054,
      0.59504515,
      -0.6813332,
      0,
      0.82419753,
      -0.0037775696,
      6.7430415,
      1
    ]
  },
  {
    "timestamp" : 235212652108,
    "trackingState" : "Normal",
    "transform" : [
      -0.40426064,
      -0.7938055,
      -0.4543637,
      0,
      -0.8083706,
      0.07767494,
      0.58352715,
      0,
      -0.4279144,
      0.60319114,
      -0.6730899,
      0,
      0.8257039,
      -0.0066099847,
      6.7466483,
      1
    ]
  },
  {
    "timestamp" : 235212668768,
    "trackingState" : "Normal",
    "transform" : [
      -0.41610712,
      -0.7877897,
      -0.45413908,
      0,
      -0.80243635,
      0.083200626,
      0.59090906,
      0,
      -0.42772746,
      0.6102991,
      -0.66677153,
      0,
      0.82723707,
      -0.009393345,
      6.750123,
      0.99999994
    ]
  },
  {
    "timestamp" : 235212685429,
    "trackingState" : "Normal",
    "transform" : [
      -0.4273665,
      -0.782443,
      -0.4529248,
      0,
      -0.7968299,
      0.08931788,
      0.5975654,
      0,
      -0.42710662,
      0.6162834,
      -0.6616455,
      0,
      0.8286943,
      -0.012118268,
      6.75354,
      0.9999999
    ]
  },
  {
    "timestamp" : 235212702089,
    "trackingState" : "Normal",
    "transform" : [
      -0.43761775,
      -0.7772378,
      -0.45209792,
      0,
      -0.7911477,
      0.09390173,
      0.6043741,
      0,
      -0.42728955,
      0.6221609,
      -0.65600294,
      0,
      0.8302422,
      -0.014773701,
      6.757044,
      1.0000001
    ]
  },
  {
    "timestamp" : 235212718750,
    "trackingState" : "Normal",
    "transform" : [
      -0.44711235,
      -0.77174556,
      -0.45221612,
      0,
      -0.7855527,
      0.09700214,
      0.6111444,
      0,
      -0.4277821,
      0.62848973,
      -0.6496177,
      0,
      0.83172065,
      -0.01742676,
      6.760588,
      0.9999999
    ]
  },
  {
    "timestamp" : 235212735411,
    "trackingState" : "Normal",
    "transform" : [
      -0.4567215,
      -0.7658118,
      -0.4527007,
      0,
      -0.7795871,
      0.0994034,
      0.6183552,
      0,
      -0.4285438,
      0.6353356,
      -0.6424166,
      0,
      0.83302665,
      -0.020122167,
      6.7640905,
      1
    ]
  },
  {
    "timestamp" : 235212752071,
    "trackingState" : "Normal",
    "transform" : [
      -0.46612972,
      -0.7598887,
      -0.45309213,
      0,
      -0.7730882,
      0.10082763,
      0.6262337,
      0,
      -0.43018377,
      0.64218616,
      -0.63445973,
      0,
      0.83423716,
      -0.022864176,
      6.7675123,
      1
    ]
  },
  {
    "timestamp" : 235212768732,
    "trackingState" : "Normal",
    "transform" : [
      -0.47517133,
      -0.75409627,
      -0.4533776,
      0,
      -0.76658547,
      0.10186049,
      0.634012,
      0,
      -0.43192485,
      0.64881694,
      -0.6264804,
      0,
      0.8354058,
      -0.025663104,
      6.770825,
      1
    ]
  },
  {
    "timestamp" : 235212785392,
    "trackingState" : "Normal",
    "transform" : [
      -0.48427382,
      -0.7486613,
      -0.4527529,
      0,
      -0.760732,
      0.10469935,
      0.6405662,
      0,
      -0.43216425,
      0.6546329,
      -0.6202337,
      0,
      0.8366063,
      -0.028438622,
      6.7739863,
      0.99999994
    ]
  },
  {
    "timestamp" : 235212802053,
    "trackingState" : "Normal",
    "transform" : [
      -0.4936225,
      -0.74378306,
      -0.45069245,
      0,
      -0.7552367,
      0.109652266,
      0.64621514,
      0,
      -0.43122455,
      0.6593657,
      -0.6158591,
      0,
      0.83783764,
      -0.03113005,
      6.7769876,
      0.99999994
    ]
  },
  {
    "timestamp" : 235212818713,
    "trackingState" : "Normal",
    "transform" : [
      -0.50288296,
      -0.7390933,
      -0.44816285,
      0,
      -0.74959385,
      0.114750884,
      0.6518753,
      0,
      -0.43036968,
      0.66375697,
      -0.611726,
      0,
      0.8393075,
      -0.033832442,
      6.7798243,
      0.99999994
    ]
  },
  {
    "timestamp" : 235212835374,
    "trackingState" : "Normal",
    "transform" : [
      -0.51197755,
      -0.73418057,
      -0.44593504,
      0,
      -0.7435544,
      0.118831195,
      0.6580321,
      0,
      -0.43012345,
      0.6684745,
      -0.6067421,
      0,
      0.8405162,
      -0.036434513,
      6.7825956,
      1
    ]
  },
  {
    "timestamp" : 235212852034,
    "trackingState" : "Normal",
    "transform" : [
      -0.52071166,
      -0.7293372,
      -0.4437642,
      0,
      -0.737417,
      0.12230442,
      0.6642725,
      0,
      -0.4302044,
      0.6731336,
      -0.601511,
      0,
      0.8415562,
      -0.03894287,
      6.785285,
      1
    ]
  },
  {
    "timestamp" : 235212868695,
    "trackingState" : "Normal",
    "transform" : [
      -0.52901804,
      -0.7248864,
      -0.4412252,
      0,
      -0.7312535,
      0.12557586,
      0.6704469,
      0,
      -0.4305907,
      0.6773259,
      -0.59650767,
      0,
      0.84242487,
      -0.04136393,
      6.7878704,
      0.99999994
    ]
  },
  {
    "timestamp" : 235212885356,
    "trackingState" : "Normal",
    "transform" : [
      -0.5371361,
      -0.72098607,
      -0.43779445,
      0,
      -0.7251422,
      0.12957297,
      0.67629844,
      0,
      -0.43087548,
      0.6807275,
      -0.5924158,
      0,
      0.84311265,
      -0.043682303,
      6.7903533,
      0.9999999
    ]
  },
  {
    "timestamp" : 235212902016,
    "trackingState" : "Normal",
    "transform" : [
      -0.5445777,
      -0.7178407,
      -0.43375126,
      0,
      -0.719554,
      0.13417493,
      0.68135095,
      0,
      -0.4309029,
      0.6831559,
      -0.5895939,
      0,
      0.8435867,
      -0.045878723,
      6.792765,
      1
    ]
  },
  {
    "timestamp" : 235212918677,
    "trackingState" : "Normal",
    "transform" : [
      -0.55109805,
      -0.7152107,
      -0.42984265,
      0,
      -0.7139636,
      0.1375228,
      0.6865446,
      0,
      -0.43191093,
      0.68524534,
      -0.58642304,
      0,
      0.84397584,
      -0.048000343,
      6.7952123,
      0.99999994
    ]
  },
  {
    "timestamp" : 235212935337,
    "trackingState" : "Normal",
    "transform" : [
      -0.5565828,
      -0.7127426,
      -0.4268648,
      0,
      -0.70813286,
      0.13830002,
      0.6924024,
      0,
      -0.43446937,
      0.68765616,
      -0.5816919,
      0,
      0.84413695,
      -0.050072003,
      6.7976756,
      0.99999994
    ]
  },
  {
    "timestamp" : 235212951998,
    "trackingState" : "Normal",
    "transform" : [
      -0.5613784,
      -0.70996886,
      -0.42520413,
      0,
      -0.70209455,
      0.13660203,
      0.69885844,
      0,
      -0.438084,
      0.6908575,
      -0.5751506,
      0,
      0.8439892,
      -0.052172776,
      6.800134,
      0.9999999
    ]
  },
  {
    "timestamp" : 235212968658,
    "trackingState" : "Normal",
    "transform" : [
      -0.56622696,
      -0.7064895,
      -0.42457002,
      0,
      -0.6964297,
      0.13455059,
      0.7048985,
      0,
      -0.44087726,
      0.69481564,
      -0.5682065,
      0,
      0.8437114,
      -0.05436338,
      6.8025827,
      1
    ]
  },
  {
    "timestamp" : 235212985319,
    "trackingState" : "Normal",
    "transform" : [
      -0.57168883,
      -0.7024764,
      -0.4239091,
      0,
      -0.6918815,
      0.13505994,
      0.7092664,
      0,
      -0.44098982,
      0.69877446,
      -0.5632427,
      0,
      0.84343034,
      -0.056613393,
      6.804965,
      0.99999994
    ]
  },
  {
    "timestamp" : 235213001980,
    "trackingState" : "Normal",
    "transform" : [
      -0.5772599,
      -0.69858086,
      -0.42279541,
      0,
      -0.6885732,
      0.13814123,
      0.7118877,
      0,
      -0.4389057,
      0.7020697,
      -0.5607675,
      0,
      0.84312034,
      -0.058876187,
      6.807252,
      1
    ]
  },
  {
    "timestamp" : 235213018640,
    "trackingState" : "Normal",
    "transform" : [
      -0.58296365,
      -0.6945243,
      -0.42165098,
      0,
      -0.6852634,
      0.14145704,
      0.7144256,
      0,
      -0.4365405,
      0.7054261,
      -0.55839646,
      0,
      0.84293044,
      -0.061071496,
      6.809692,
      1
    ]
  },
  {
    "timestamp" : 235213035301,
    "trackingState" : "Normal",
    "transform" : [
      -0.5889928,
      -0.69000417,
      -0.42069212,
      0,
      -0.68136185,
      0.14408311,
      0.7176253,
      0,
      -0.4345499,
      0.70931965,
      -0.5550065,
      0,
      0.8427197,
      -0.0633296,
      6.8120337,
      1
    ]
  },
  {
    "timestamp" : 235213051961,
    "trackingState" : "Normal",
    "transform" : [
      -0.59535027,
      -0.6853338,
      -0.41937533,
      0,
      -0.6769156,
      0.146651,
      0.7213036,
      0,
      -0.4328319,
      0.71330994,
      -0.55122185,
      0,
      0.84238565,
      -0.0656835,
      6.8140492,
      0.99999994
    ]
  },
  {
    "timestamp" : 235213068622,
    "trackingState" : "Normal",
    "transform" : [
      -0.60150945,
      -0.68117666,
      -0.41735443,
      0,
      -0.67200565,
      0.14895439,
      0.7254109,
      0,
      -0.43196625,
      0.716806,
      -0.5473521,
      0,
      0.8419714,
      -0.06801,
      6.8158326,
      0.9999999
    ]
  },
  {
    "timestamp" : 235213085283,
    "trackingState" : "Normal",
    "transform" : [
      -0.606624,
      -0.6778751,
      -0.4153224,
      0,
      -0.66696054,
      0.14965396,
      0.72990906,
      0,
      -0.43263263,
      0.719784,
      -0.5428997,
      0,
      0.84143543,
      -0.070295356,
      6.817465,
      0.99999994
    ]
  },
  {
    "timestamp" : 235213101943,
    "trackingState" : "Normal",
    "transform" : [
      -0.6106945,
      -0.67463094,
      -0.41463897,
      0,
      -0.6621376,
      0.14785694,
      0.734651,
      0,
      -0.43431115,
      0.7231953,
      -0.5369939,
      0,
      0.84106463,
      -0.07257935,
      6.819393,
      1
    ]
  },
  {
    "timestamp" : 235213118604,
    "trackingState" : "Normal",
    "transform" : [
      -0.6148318,
      -0.6707064,
      -0.41489133,
      0,
      -0.65712,
      0.14477478,
      0.73975235,
      0,
      -0.43609092,
      0.7274566,
      -0.5297467,
      0,
      0.84064454,
      -0.07496613,
      6.821257,
      0.9999999
    ]
  },
  {
    "timestamp" : 235213135264,
    "trackingState" : "Normal",
    "transform" : [
      -0.61985815,
      -0.66615164,
      -0.41475037,
      0,
      -0.6517041,
      0.14260606,
      0.7449465,
      0,
      -0.43710145,
      0.73205566,
      -0.52252936,
      0,
      0.84000975,
      -0.077470556,
      6.822732,
      0.99999994
    ]
  },
  {
    "timestamp" : 235213151925,
    "trackingState" : "Normal",
    "transform" : [
      -0.62520576,
      -0.6617941,
      -0.4136985,
      0,
      -0.6459984,
      0.14136115,
      0.7501355,
      0,
      -0.43795437,
      0.7362375,
      -0.5158977,
      0,
      0.8392807,
      -0.080019146,
      6.823995,
      1
    ]
  },
  {
    "timestamp" : 235213168585,
    "trackingState" : "Normal",
    "transform" : [
      -0.6302966,
      -0.6577149,
      -0.41247728,
      0,
      -0.64018863,
      0.13976353,
      0.755397,
      0,
      -0.43918666,
      0.74018735,
      -0.50915414,
      0,
      0.838519,
      -0.08260114,
      6.8251767,
      0.99999994
    ]
  },
  {
    "timestamp" : 235213185246,
    "trackingState" : "Normal",
    "transform" : [
      -0.63518643,
      -0.65315694,
      -0.41221866,
      0,
      -0.6348434,
      0.13753773,
      0.76030064,
      0,
      -0.43990007,
      0.74462694,
      -0.5020145,
      0,
      0.8378056,
      -0.085228704,
      6.826362,
      0.9999999
    ]
  },
  {
    "timestamp" : 235213201907,
    "trackingState" : "Normal",
    "transform" : [
      -0.6405093,
      -0.6474275,
      -0.41302046,
      0,
      -0.62983984,
      0.135165,
      0.7648741,
      0,
      -0.4393746,
      0.7500456,
      -0.49435002,
      0,
      0.8372327,
      -0.08791986,
      6.827552,
      1
    ]
  },
  {
    "timestamp" : 235213218567,
    "trackingState" : "Normal",
    "transform" : [
      -0.6468544,
      -0.6403595,
      -0.41414866,
      0,
      -0.6250195,
      0.13399833,
      0.7690221,
      0,
      -0.43695548,
      0.7562963,
      -0.48691463,
      0,
      0.83778244,
      -0.09076001,
      6.8295665,
      0.99999994
    ]
  },
  {
    "timestamp" : 235213235228,
    "trackingState" : "Normal",
    "transform" : [
      -0.6541992,
      -0.63309515,
      -0.41378024,
      0,
      -0.6197229,
      0.13509178,
      0.7731067,
      0,
      -0.43355176,
      0.7621948,
      -0.48072055,
      0,
      0.83784187,
      -0.09351774,
      6.8308344,
      1
    ]
  },
  {
    "timestamp" : 235213251888,
    "trackingState" : "Normal",
    "transform" : [
      -0.6618465,
      -0.62714976,
      -0.4106612,
      0,
      -0.61318916,
      0.13778847,
      0.7778262,
      0,
      -0.43122914,
      0.76661444,
      -0.4757563,
      0,
      0.83770937,
      -0.09609332,
      6.8317494,
      1
    ]
  },
  {
    "timestamp" : 235213268549,
    "trackingState" : "Normal",
    "transform" : [
      -0.6689592,
      -0.6221158,
      -0.4067748,
      0,
      -0.60608387,
      0.13972954,
      0.78303134,
      0,
      -0.4302977,
      0.77035564,
      -0.4705278,
      0,
      0.8375137,
      -0.09859809,
      6.8325095,
      1
    ]
  },
  {
    "timestamp" : 235213285209,
    "trackingState" : "Normal",
    "transform" : [
      -0.675782,
      -0.6171041,
      -0.40311435,
      0,
      -0.5991669,
      0.14135967,
      0.78804594,
      0,
      -0.42932233,
      0.7740801,
      -0.46527672,
      0,
      0.83731323,
      -0.10103596,
      6.8332167,
      0.99999994
    ]
  },
  {
    "timestamp" : 235213301870,
    "trackingState" : "Normal",
    "transform" : [
      -0.6825861,
      -0.61152846,
      -0.40013662,
      0,
      -0.59242046,
      0.14241917,
      0.7929407,
      0,
      -0.42791867,
      0.77829933,
      -0.45949534,
      0,
      0.83742696,
      -0.10352574,
      6.834457,
      0.99999994
    ]
  },
  {
    "timestamp" : 235213318530,
    "trackingState" : "Normal",
    "transform" : [
      -0.68884724,
      -0.6059848,
      -0.3978341,
      0,
      -0.5861067,
      0.14263259,
      0.79758084,
      0,
      -0.42657778,
      0.7825845,
      -0.45342386,
      0,
      0.837547,
      -0.10594479,
      6.8357315,
      1
    ]
  },
  {
    "timestamp" : 235213335191,
    "trackingState" : "Normal",
    "transform" : [
      -0.6942428,
      -0.60111696,
      -0.39583528,
      0,
      -0.5802645,
      0.14208366,
      0.80193853,
      0,
      -0.4258172,
      0.78642917,
      -0.44744742,
      0,
      0.83746254,
      -0.10819127,
      6.8366556,
      1
    ]
  },
  {
    "timestamp" : 235213351852,
    "trackingState" : "Normal",
    "transform" : [
      -0.6987098,
      -0.5972852,
      -0.39377025,
      0,
      -0.5742643,
      0.14000936,
      0.8066088,
      0,
      -0.4266441,
      0.7897137,
      -0.44082552,
      0,
      0.83730084,
      -0.11030055,
      6.837442,
      0.99999994
    ]
  },
  {
    "timestamp" : 235213368512,
    "trackingState" : "Normal",
    "transform" : [
      -0.7024685,
      -0.5940346,
      -0.39199626,
      0,
      -0.56794035,
      0.1359361,
      0.8117667,
      0,
      -0.42893106,
      0.79287106,
      -0.43286708,
      0,
      0.83712,
      -0.11234828,
      6.8381753,
      0.99999994
    ]
  },
  {
    "timestamp" : 235213385173,
    "trackingState" : "Normal",
    "transform" : [
      -0.70643663,
      -0.5903284,
      -0.39046085,
      0,
      -0.56156504,
      0.1317048,
      0.8168834,
      0,
      -0.43080392,
      0.7963455,
      -0.42454892,
      0,
      0.8369991,
      -0.11440649,
      6.838845,
      0.99999994
    ]
  },
  {
    "timestamp" : 235213401833,
    "trackingState" : "Normal",
    "transform" : [
      -0.7112627,
      -0.5859674,
      -0.38826248,
      0,
      -0.5550514,
      0.12927033,
      0.82170993,
      0,
      -0.43130448,
      0.7999572,
      -0.41718724,
      0,
      0.8371707,
      -0.11656474,
      6.839849,
      1
    ]
  },
  {
    "timestamp" : 235213418494,
    "trackingState" : "Normal",
    "transform" : [
      -0.7168335,
      -0.5814661,
      -0.38476893,
      0,
      -0.5486773,
      0.12990859,
      0.8258796,
      0,
      -0.4302362,
      0.80313206,
      -0.4121601,
      0,
      0.8373977,
      -0.118778944,
      6.840744,
      1
    ]
  },
  {
    "timestamp" : 235213435154,
    "trackingState" : "Normal",
    "transform" : [
      -0.7227831,
      -0.57701343,
      -0.38031587,
      0,
      -0.54264385,
      0.13309643,
      0.82935095,
      0,
      -0.427928,
      0.8058168,
      -0.40931267,
      0,
      0.8375141,
      -0.12102473,
      6.841274,
      0.99999994
    ]
  },
  {
    "timestamp" : 235213451815,
    "trackingState" : "Normal",
    "transform" : [
      -0.7289103,
      -0.572208,
      -0.3758563,
      0,
      -0.5366435,
      0.13666606,
      0.8326681,
      0,
      -0.4250926,
      0.8086412,
      -0.40668902,
      0,
      0.83758104,
      -0.12334346,
      6.8416862,
      0.99999994
    ]
  },
  {
    "timestamp" : 235213468476,
    "trackingState" : "Normal",
    "transform" : [
      -0.7347049,
      -0.5673291,
      -0.37194964,
      0,
      -0.5311095,
      0.13992146,
      0.83567023,
      0,
      -0.42205635,
      0.811517,
      -0.4041149,
      0,
      0.83761406,
      -0.12569422,
      6.8420916,
      1
    ]
  },
  {
    "timestamp" : 235213485136,
    "trackingState" : "Normal",
    "transform" : [
      -0.73983216,
      -0.5627297,
      -0.36875978,
      0,
      -0.5267667,
      0.14353362,
      0.8378036,
      0,
      -0.41852766,
      0.8140844,
      -0.4026181,
      0,
      0.83761495,
      -0.12801497,
      6.8425164,
      0.99999994
    ]
  },
  {
    "timestamp" : 235213501797,
    "trackingState" : "Normal",
    "transform" : [
      -0.7446761,
      -0.5579821,
      -0.36621514,
      0,
      -0.52297145,
      0.14690806,
      0.8395945,
      0,
      -0.41467878,
      0.816746,
      -0.40120757,
      0,
      0.83773524,
      -0.1301204,
      6.8431377,
      0.9999999
    ]
  },
  {
    "timestamp" : 235213518457,
    "trackingState" : "Normal",
    "transform" : [
      -0.7493553,
      -0.5530871,
      -0.3640901,
      0,
      -0.51947016,
      0.15005067,
      0.8412109,
      0,
      -0.41063097,
      0.8194997,
      -0.39975345,
      0,
      0.8378178,
      -0.13221985,
      6.8437495,
      1
    ]
  },
  {
    "timestamp" : 235213535118,
    "trackingState" : "Normal",
    "transform" : [
      -0.75403315,
      -0.5481386,
      -0.36190918,
      0,
      -0.5158051,
      0.15300767,
      0.8429317,
      0,
      -0.40666848,
      0.822273,
      -0.39810553,
      0,
      0.8377784,
      -0.13443021,
      6.8441577,
      0.99999994
    ]
  },
  {
    "timestamp" : 235213551778,
    "trackingState" : "Normal",
    "transform" : [
      -0.7586309,
      -0.54364413,
      -0.35906884,
      0,
      -0.5111905,
      0.15498331,
      0.8453783,
      0,
      -0.40393534,
      0.8248826,
      -0.3954808,
      0,
      0.8376696,
      -0.13663836,
      6.8444033,
      0.99999994
    ]
  },
  {
    "timestamp" : 235213568439,
    "trackingState" : "Normal",
    "transform" : [
      -0.7630826,
      -0.54000807,
      -0.3551007,
      0,
      -0.50570756,
      0.15675503,
      0.8483442,
      0,
      -0.4024489,
      0.8269337,
      -0.39270318,
      0,
      0.83748823,
      -0.13878387,
      6.8444896,
      1
    ]
  },
  {
    "timestamp" : 235213585100,
    "trackingState" : "Normal",
    "transform" : [
      -0.7675417,
      -0.53718746,
      -0.34972793,
      0,
      -0.4995621,
      0.15943898,
      0.8514793,
      0,
      -0.4016438,
      0.8282566,
      -0.39073458,
      0,
      0.83726096,
      -0.14083283,
      6.8444347,
      1
    ]
  },
  {
    "timestamp" : 235213601760,
    "trackingState" : "Normal",
    "transform" : [
      -0.77188414,
      -0.53482103,
      -0.34374648,
      0,
      -0.49298263,
      0.16208862,
      0.8548073,
      0,
      -0.4014516,
      0.82927316,
      -0.38877112,
      0,
      0.8369904,
      -0.14280576,
      6.844295,
      1
    ]
  },
  {
    "timestamp" : 235213618421,
    "trackingState" : "Normal",
    "transform" : [
      -0.775796,
      -0.5327346,
      -0.33813423,
      0,
      -0.48644015,
      0.1636334,
      0.85825413,
      0,
      -0.4018916,
      0.83031213,
      -0.38608956,
      0,
      0.83673793,
      -0.1448144,
      6.8445287,
      1
    ]
  },
  {
    "timestamp" : 235213635081,
    "trackingState" : "Normal",
    "transform" : [
      -0.7794151,
      -0.53075767,
      -0.3328794,
      0,
      -0.47993734,
      0.16429557,
      0.86178136,
      0,
      -0.40270653,
      0.8314466,
      -0.38278493,
      0,
      0.8363933,
      -0.14675564,
      6.844487,
      1
    ]
  },
  {
    "timestamp" : 235213651742,
    "trackingState" : "Normal",
    "transform" : [
      -0.7831081,
      -0.5287663,
      -0.32733494,
      0,
      -0.47343758,
      0.1656105,
      0.86511856,
      0,
      -0.40323544,
      0.83245397,
      -0.3800288,
      0,
      0.83601743,
      -0.14866944,
      6.8443055,
      1
    ]
  },
  {
    "timestamp" : 235213668402,
    "trackingState" : "Normal",
    "transform" : [
      -0.7867216,
      -0.5270662,
      -0.32135722,
      0,
      -0.4668999,
      0.16750334,
      0.8683013,
      0,
      -0.40382385,
      0.83315295,
      -0.37786573,
      0,
      0.8355867,
      -0.15058325,
      6.844032,
      0.99999994
    ]
  },
  {
    "timestamp" : 235213685063,
    "trackingState" : "Normal",
    "transform" : [
      -0.79042655,
      -0.5253948,
      -0.31493872,
      0,
      -0.4595317,
      0.16863051,
      0.87200594,
      0,
      -0.40503916,
      0.8339809,
      -0.37472564,
      0,
      0.8351156,
      -0.15254137,
      6.8437147,
      0.99999994
    ]
  },
  {
    "timestamp" : 235213701724,
    "trackingState" : "Normal",
    "transform" : [
      -0.79399765,
      -0.5238333,
      -0.30849108,
      0,
      -0.451643,
      0.1686189,
      0.87612003,
      0,
      -0.40692344,
      0.834965,
      -0.37046868,
      0,
      0.83470815,
      -0.15482134,
      6.8437133,
      0.99999994
    ]
  },
  {
    "timestamp" : 235213718384,
    "trackingState" : "Normal",
    "transform" : [
      -0.79768026,
      -0.5218445,
      -0.3022993,
      0,
      -0.44362363,
      0.16816801,
      0.8802941,
      0,
      -0.40853965,
      0.8363002,
      -0.36564684,
      0,
      0.8343315,
      -0.15716918,
      6.843729,
      1
    ]
  },
  {
    "timestamp" : 235213735045,
    "trackingState" : "Normal",
    "transform" : [
      -0.80170906,
      -0.5190745,
      -0.2963521,
      0,
      -0.43576798,
      0.1682331,
      0.88419676,
      0,
      -0.40910783,
      0.83800924,
      -0.36107,
      0,
      0.83393425,
      -0.15942535,
      6.8435526,
      1
    ]
  },
  {
    "timestamp" : 235213751705,
    "trackingState" : "Normal",
    "transform" : [
      -0.8059319,
      -0.5158328,
      -0.2905006,
      0,
      -0.42782497,
      0.16830586,
      0.8880535,
      0,
      -0.40919417,
      0.83999395,
      -0.35632923,
      0,
      0.8334996,
      -0.16170006,
      6.843327,
      1
    ]
  },
  {
    "timestamp" : 235213768366,
    "trackingState" : "Normal",
    "transform" : [
      -0.81004655,
      -0.5127622,
      -0.28442898,
      0,
      -0.41968578,
      0.1682486,
      0.89193964,
      0,
      -0.40949813,
      0.84188336,
      -0.35148817,
      0,
      0.8330494,
      -0.16400303,
      6.8430853,
      1
    ]
  },
  {
    "timestamp" : 235213785026,
    "trackingState" : "Normal",
    "transform" : [
      -0.8140174,
      -0.51011145,
      -0.2777807,
      0,
      -0.4116975,
      0.1693578,
      0.8954458,
      0,
      -0.40973288,
      0.84327006,
      -0.34787184,
      0,
      0.83263785,
      -0.16629182,
      6.8428288,
      1
    ]
  },
  {
    "timestamp" : 235213801687,
    "trackingState" : "Normal",
    "transform" : [
      -0.8179607,
      -0.50744754,
      -0.27099356,
      0,
      -0.4037692,
      0.17087205,
      0.89876205,
      0,
      -0.40976942,
      0.8445709,
      -0.34465832,
      0,
      0.8324845,
      -0.16807172,
      6.842695,
      1
    ]
  },
  {
    "timestamp" : 235213818348,
    "trackingState" : "Normal",
    "transform" : [
      -0.822262,
      -0.5039987,
      -0.2643309,
      0,
      -0.39531982,
      0.17170003,
      0.9023533,
      0,
      -0.40939927,
      0.84646595,
      -0.3404231,
      0,
      0.8322316,
      -0.1702343,
      6.842573,
      1
    ]
  },
  {
    "timestamp" : 235213835008,
    "trackingState" : "Normal",
    "transform" : [
      -0.8272223,
      -0.4992395,
      -0.2578046,
      0,
      -0.38622585,
      0.17199157,
      0.9062276,
      0,
      -0.40808442,
      0.8492225,
      -0.33509454,
      0,
      0.83196986,
      -0.1725676,
      6.842499,
      0.9999999
    ]
  },
  {
    "timestamp" : 235213851669,
    "trackingState" : "Normal",
    "transform" : [
      -0.83190733,
      -0.49474716,
      -0.2513078,
      0,
      -0.37783745,
      0.17334357,
      0.9095005,
      0,
      -0.4064102,
      0.85157347,
      -0.3311398,
      0,
      0.8316951,
      -0.17487839,
      6.8424997,
      1
    ]
  },
  {
    "timestamp" : 235213868329,
    "trackingState" : "Normal",
    "transform" : [
      -0.83581746,
      -0.49129543,
      -0.2450269,
      0,
      -0.3705543,
      0.17552097,
      0.9120757,
      0,
      -0.40509126,
      0.8531245,
      -0.32875514,
      0,
      0.8313889,
      -0.17709208,
      6.842624,
      1
    ]
  },
  {
    "timestamp" : 235213884990,
    "trackingState" : "Normal",
    "transform" : [
      -0.83936,
      -0.48789555,
      -0.2396519,
      0,
      -0.36400104,
      0.17706008,
      0.91441405,
      0,
      -0.4037058,
      0.85475606,
      -0.32621157,
      0,
      0.83106506,
      -0.17926449,
      6.8429146,
      1
    ]
  },
  {
    "timestamp" : 235213901650,
    "trackingState" : "Normal",
    "transform" : [
      -0.8428623,
      -0.48381585,
      -0.23559582,
      0,
      -0.35804096,
      0.17735437,
      0.9167072,
      0,
      -0.40173358,
      0.8570109,
      -0.3227113,
      0,
      0.8308555,
      -0.18137866,
      6.8433185,
      0.9999999
    ]
  },
  {
    "timestamp" : 235213918311,
    "trackingState" : "Normal",
    "transform" : [
      -0.8462112,
      -0.47931978,
      -0.23276429,
      0,
      -0.35236013,
      0.17568214,
      0.9192268,
      0,
      -0.3997111,
      0.8598769,
      -0.31755742,
      0,
      0.83066845,
      -0.18345223,
      6.843853,
      0.9999999
    ]
  },
  {
    "timestamp" : 235213934971,
    "trackingState" : "Normal",
    "transform" : [
      -0.8493496,
      -0.47501308,
      -0.23014817,
      0,
      -0.3469488,
      0.1738228,
      0.9216356,
      0,
      -0.397784,
      0.8626403,
      -0.31244153,
      0,
      0.83045304,
      -0.18544997,
      6.8444567,
      1
    ]
  },
  {
    "timestamp" : 235213951632,
    "trackingState" : "Normal",
    "transform" : [
      -0.852009,
      -0.47185647,
      -0.226787,
      0,
      -0.34159967,
      0.17279539,
      0.9238245,
      0,
      -0.3967248,
