[
  {
    "timestamp" : 235328709234,
    "transform" : [
      0.28226325,
      -0.84239066,
      0.4590266,
      0,
      -0.8818147,
      -0.0393943,
      0.46994767,
      0,
      -0.37779653,
      -0.53742534,
      -0.75395215,
      0,
      0.40456647,
      0.36899793,
      -3.6721172,
      0.9999999
    ],
    "trackingState" : "Normal"
  },
  {
    "trackingState" : "Normal",
    "timestamp" : 235328725895,
    "transform" : [
      0.2858728,
      -0.84140605,
      0.4585986,
      0,
      -0.8794354,
      -0.040275555,
      0.47431138,
      0,
      -0.38061816,
      -0.5389005,
      -0.751476,
      0,
      0.40393168,
      0.36914384,
      -3.6728675,
      0.99999994
    ]
  },
  {
    "trackingState" : "Normal",
    "timestamp" : 235328742555,
    "transform" : [
      0.2892797,
      -0.84065175,
      0.45784494,
      0,
      -0.87700635,
      -0.041063532,
      0.478721,
      0,
      -0.3836369,
      -0.5400171,
      -0.7491359,
      0,
      0.40340742,
      0.36931208,
      -3.6737323,
      1
    ]
  },
  {
    "trackingState" : "Normal",
    "timestamp" : 235328759216,
    "transform" : [
      0.29355702,
      -0.84117204,
      0.454152,
      0,
      -0.87216574,
      -0.041184306,
      0.48747402,
      0,
      -0.39134562,
      -0.5391972,
      -0.7457314,
      0,
      0.4029132,
      0.36955214,
      -3.6745238,
      1
    ]
  },
  {
    "trackingState" : "Normal",
    "timestamp" : 235328775876,
    "transform" : [
      0.29992816,
      -0.84319717,
      0.4461632,
      0,
      -0.8633869,
      -0.04102371,
      0.5028718,
      0,
      -0.4057169,
      -0.53603685,
      -0.7403096,
      0,
      0.40194118,
      0.37015405,
      -3.6744564,
      0.9999999
    ]
  },
  {
    "trackingState" : "Normal",
    "timestamp" : 235328792537,
    "transform" : [
      0.307566,
      -0.8461038,
      0.4353295,
      0,
      -0.85155296,
      -0.040615555,
      0.52269304,
      0,
      -0.42457148,
      -0.53146863,
      -0.73299414,
      0,
      0.40081057,
      0.37089026,
      -3.6740043,
      1
    ]
  },
  {
    "trackingState" : "Normal",
    "timestamp" : 235328809197,
    "transform" : [
      0.3153858,
      -0.84836656,
      0.42521277,
      0,
      -0.83952266,
      -0.040535305,
      0.54181033,
      0,
      -0.44241777,
      -0.5278551,
      -0.72500736,
      0,
      0.40022105,
      0.37125373,
      -3.6743171,
      0.9999998
    ]
  },
  {
    "trackingState" : "Normal",
    "timestamp" : 235328825858,
    "transform" : [
      0.32303908,
      -0.84897804,
      0.4181892,
      0,
      -0.83032435,
      -0.042225465,
      0.5556784,
      0,
      -0.45410064,
      -0.52673846,
      -0.7185676,
      0,
      0.39986798,
      0.37138224,
      -3.6750753,
      1
    ]
  },
  {
    "trackingState" : "Normal",
    "timestamp" : 235328842518,
    "transform" : [
      0.3289822,
      -0.84881103,
      0.4138728,
      0,
      -0.82418144,
      -0.044140697,
      0.5646032,
      0,
      -0.46097285,
      -0.5268506,
      -0.7140958,
      0,
      0.39976105,
      0.37134907,
      -3.6760802,
      1
    ]
  },
  {
    "trackingState" : "Normal",
    "timestamp" : 235328859178,
    "transform" : [
      0.33295083,
      -0.84855527,
      0.41121516,
      0,
      -0.819492,
      -0.04466866,
      0.57134736,
      0,
      -0.46645138,
      -0.527218,
      -0.71025664,
      0,
      0.3999042,
      0.37118182,
      -3.6771812,
      1
    ]
  },
  {
    "trackingState" : "Normal",
    "timestamp" : 235328875839,
    "transform" : [
      0.3361895,
      -0.84833014,
      0.40903887,
      0,
      -0.8150236,
      -0.044430427,
      0.5777219,
      0,
      -0.47192517,
      -0.52760035,
      -0.7063461,
      0,
      0.40184915,
      0.37026677,
      -3.6787832,
      1
    ]
  },
  {
    "trackingState" : "Normal",
    "timestamp" : 235328892499,
    "transform" : [
      0.33999914,
      -0.84846663,
      0.40559208,
      0,
      -0.80908066,
      -0.04407049,
      0.58604294,
      0,
      -0.4793633,
      -0.52741075,
      -0.7014619,
      0,
      0.40277147,
      0.369711,
      -3.6799576,
      0.99999994
    ]
  },
  {
    "trackingState" : "Normal",
    "timestamp" : 235328909160,
    "transform" : [
      0.34440422,
      -0.84933746,
      0.40001467,
      0,
      -0.80188835,
      -0.044553205,
      0.5958106,
      0,
      -0.48822245,
      -0.5259667,
      -0.6964181,
      0,
      0.4033894,
      0.36925137,
      -3.680886,
      1
    ]
  },
  {
    "trackingState" : "Normal",
    "timestamp" : 235328925820,
    "transform" : [
      0.34903157,
      -0.8505389,
      0.39339626,
      0,
      -0.7946235,
      -0.046095658,
      0.60535026,
      0,
      -0.49674013,
      -0.5238882,
      -0.69194704,
      0,
      0.40390396,
      0.36876804,
      -3.681706,
      1
    ]
  },
  {
    "trackingState" : "Normal",
    "timestamp" : 235328942481,
    "transform" : [
      0.35345328,
      -0.8514893,
      0.3873461,
      0,
      -0.7881224,
      -0.0480002,
      0.61364436,
      0,
      -0.503919,
      -0.5221706,
      -0.6880436,
      0,
      0.40434676,
      0.3681947,
      -3.6825206,
      1
    ]
  },
  {
    "trackingState" : "Normal",
    "timestamp" : 235328959141,
    "transform" : [
      0.35730127,
      -0.8522692,
      0.3820644,
      0,
      -0.7823232,
      -0.049637303,
      0.62089187,
      0,
      -0.5102024,
      -0.52074325,
      -0.68448544,
      0,
      0.4047324,
      0.3675364,
      -3.6833446,
      1
    ]
  },
  {
    "trackingState" : "Normal",
    "timestamp" : 235328975802,
    "transform" : [
      0.3605797,
      -0.85282564,
      0.37771776,
      0,
      -0.77699846,
      -0.05061458,
      0.6274643,
      0,
      -0.5159997,
      -0.519737,
      -0.6808948,
      0,
      0.40598902,
      0.36688617,
      -3.6834202,
      0.9999999
    ]
  },
  {
    "trackingState" : "Normal",
    "timestamp" : 235328992462,
    "transform" : [
      0.36276293,
      -0.85387117,
      0.3732389,
      0,
      -0.7716867,
      -0.050727192,
      0.63397676,
      0,
      -0.5224012,
      -0.5180067,
      -0.6773229,
      0,
      0.40665832,
      0.36616752,
      -3.6840103,
      0.9999999
    ]
  },
  {
    "trackingState" : "Normal",
    "timestamp" : 235329009122,
    "transform" : [
      0.36394498,
      -0.8556182,
      0.36805114,
      0,
      -0.766009,
      -0.050153166,
      0.6408705,
      0,
      -0.52988154,
      -0.51517206,
      -0.67366415,
      0,
      0.40714043,
      0.36539134,
      -3.6847548,
      0.99999994
    ]
  },
  {
    "trackingState" : "Normal",
    "timestamp" : 235329025783,
    "transform" : [
      0.3649951,
      -0.8572807,
      0.36310977,
      0,
      -0.7597656,
      -0.04885831,
      0.6483589,
      0,
      -0.53808457,
      -0.51252604,
      -0.6691654,
      0,
      0.4074365,
      0.36452517,
      -3.685601,
      1
    ]
  },
  {
    "trackingState" : "Normal",
    "timestamp" : 235329042443,
    "transform" : [
      0.366206,
      -0.85812664,
      0.35987782,
      0,
      -0.7538799,
      -0.046885844,
      0.65533715,
      0,
      -0.54548913,
      -0.51129305,
      -0.66409427,
      0,
      0.40750626,
      0.36356717,
      -3.686582,
      0.99999994
    ]
  },
  {
    "trackingState" : "Normal",
    "timestamp" : 235329059104,
    "transform" : [
      0.367043,
      -0.85829073,
      0.35863146,
      0,
      -0.74977255,
      -0.044784274,
      0.6601785,
      0,
      -0.55056417,
      -0.51120585,
      -0.65996057,
      0,
      0.40738264,
      0.3625733,
      -3.6876965,
      0.99999994
    ]
  },
  {
    "timestamp" : 235329075764,
    "transform" : [
      0.36694133,
      -0.858401,
      0.35847142,
      0,
      -0.74723136,
      -0.04246224,
      0.6632061,
      0,
      -0.5540753,
      -0.5112188,
      -0.65700537,
      0,
      0.40768355,
      0.36155984,
      -3.6891801,
      0.99999994
    ],
    "trackingState" : "Normal"
  },
  {
    "timestamp" : 235329092425,
    "transform" : [
      0.36641786,
      -0.85837835,
      0.359061,
      0,
      -0.74558175,
      -0.040008776,
      0.6652123,
      0,
      -0.55663824,
      -0.5114549,
      -0.6546511,
      0,
      0.4080371,
      0.3605803,
      -3.6907701,
      1
    ],
    "trackingState" : "Normal"
  },
  {
    "timestamp" : 235329109085,
    "transform" : [
      0.36556384,
      -0.85848486,
      0.3596764,
      0,
      -0.7443681,
      -0.037641846,
      0.666708,
      0,
      -0.5588198,
      -0.5114559,
      -0.65278924,
      0,
      0.40766478,
      0.3597407,
      -3.6919737,
      1
    ],
    "trackingState" : "Normal"
  },
  {
    "timestamp" : 235329125746,
    "transform" : [
      0.3642259,
      -0.859002,
      0.35979888,
      0,
      -0.7436162,
      -0.035648894,
      0.6676557,
      0,
      -0.5606913,
      -0.51072973,
      -0.65175205,
      0,
      0.40693998,
      0.35902116,
      -3.6929715,
      1
    ],
    "trackingState" : "Normal"
  },
  {
    "timestamp" : 235329142406,
    "transform" : [
      0.3629082,
      -0.859452,
      0.3600556,
      0,
      -0.7437929,
      -0.034420773,
      0.66752344,
      0,
      -0.5613109,
      -0.51005644,
      -0.65174586,
      0,
      0.40590405,
      0.35839936,
      -3.6938636,
      0.99999994
    ],
    "trackingState" : "Normal"
  },
  {
    "timestamp" : 235329159066,
    "transform" : [
      0.3615859,
      -0.85968727,
      0.36082354,
      0,
      -0.74510837,
      -0.03382794,
      0.66608506,
      0,
      -0.560419,
      -0.5096996,
      -0.6527918,
      0,
      0.40456644,
      0.35789254,
      -3.6946847,
      1
    ],
    "trackingState" : "Normal"
  },
  {
    "trackingState" : "Normal",
    "timestamp" : 235329175727,
    "transform" : [
      0.35973087,
      -0.8599492,
      0.36205134,
      0,
      -0.7472628,
      -0.033164453,
      0.6637007,
      0,
      -0.5587417,
      -0.50930107,
      -0.65453833,
      0,
      0.40352347,
      0.35753253,
      -3.6953893,
      1
    ]
  },
  {
    "trackingState" : "Normal",
    "timestamp" : 235329192387,
    "transform" : [
      0.3572554,
      -0.8601681,
      0.3639775,
      0,
      -0.750237,
      -0.03215684,
      0.6603867,
      0,
      -0.5563392,
      -0.508996,
      -0.65681815,
      0,
      0.40246797,
      0.35733017,
      -3.6960423,
      1
    ]
  },
  {
    "trackingState" : "Normal",
    "timestamp" : 235329209048,
    "transform" : [
      0.35370186,
      -0.86030567,
      0.3671093,
      0,
      -0.7545726,
      -0.030513605,
      0.6555069,
      0,
      -0.55273455,
      -0.50886464,
      -0.6599558,
      0,
      0.40070266,
      0.35727358,
      -3.6967735,
      1
    ]
  },
  {
    "trackingState" : "Normal",
    "timestamp" : 235329225708,
    "transform" : [
      0.34900206,
      -0.8601271,
      0.37199342,
      0,
      -0.76055044,
      -0.028056037,
      0.64867246,
      0,
      -0.54750407,
      -0.50930774,
      -0.6639617,
      0,
      0.39858225,
      0.3573234,
      -3.697589,
      1
    ]
  },
  {
    "trackingState" : "Normal",
    "timestamp" : 235329242369,
    "transform" : [
      0.3433275,
      -0.8591658,
      0.3794214,
      0,
      -0.7688468,
      -0.025068674,
      0.6389415,
      0,
      -0.5394451,
      -0.51108307,
      -0.6691736,
      0,
      0.39616114,
      0.35748526,
      -3.698518,
      1
    ]
  },
  {
    "trackingState" : "Normal",
    "timestamp" : 235329259029,
    "transform" : [
      0.33723244,
      -0.8577,
      0.38810474,
      0,
      -0.7788099,
      -0.02256603,
      0.6268542,
      0,
      -0.5288948,
      -0.51365525,
      -0.6755952,
      0,
      0.3934823,
      0.3577827,
      -3.699517,
      1
    ]
  },
  {
    "trackingState" : "Normal",
    "timestamp" : 235329275690,
    "transform" : [
      0.33067355,
      -0.85595036,
      0.3974974,
      0,
      -0.789668,
      -0.02030194,
      0.6131986,
      0,
      -0.5167976,
      -0.51665944,
      -0.6826298,
      0,
      0.39043224,
      0.35839438,
      -3.6999693,
      1
    ]
  },
  {
    "trackingState" : "Normal",
    "timestamp" : 235329292350,
    "transform" : [
      0.32329857,
      -0.8539681,
      0.407697,
      0,
      -0.80073225,
      -0.017281035,
      0.5987734,
      0,
      -0.50428796,
      -0.5200386,
      -0.6893866,
      0,
      0.38715836,
      0.3591702,
      -3.7002413,
      1
    ]
  },
  {
    "trackingState" : "Normal",
    "timestamp" : 235329309011,
    "transform" : [
      0.315301,
      -0.85189956,
      0.41815382,
      0,
      -0.811412,
      -0.013503828,
      0.5843188,
      0,
      -0.49213424,
      -0.5235312,
      -0.6954992,
      0,
      0.3838757,
      0.35985804,
      -3.7011023,
      1
    ]
  },
  {
    "trackingState" : "Normal",
    "timestamp" : 235329325671,
    "transform" : [
      0.3073861,
      -0.8496578,
      0.4284805,
      0,
      -0.8213238,
      -0.009492493,
      0.5703834,
      0,
      -0.4805634,
      -0.5272491,
      -0.70076203,
      0,
      0.38045862,
      0.36057228,
      -3.7021654,
      1
    ]
  },
  {
    "trackingState" : "Normal",
    "timestamp" : 235329342331,
    "transform" : [
      0.29950002,
      -0.8471115,
      0.4389782,
      0,
      -0.83081824,
      -0.0053483793,
      0.55651826,
      0,
      -0.46908528,
      -0.5313883,
      -0.70539755,
      0,
      0.3769357,
      0.36134192,
      -3.7033002,
      1
    ]
  },
  {
    "trackingState" : "Normal",
    "timestamp" : 235329358992,
    "transform" : [
      0.29064146,
      -0.84472835,
      0.4494015,
      0,
      -0.8410575,
      -0.0015926723,
      0.5409435,
      0,
      -0.45623457,
      -0.535193,
      -0.71092796,
      0,
      0.3734275,
      0.36219633,
      -3.7044528,
      1
    ]
  },
  {
    "trackingState" : "Normal",
    "timestamp" : 235329375652,
    "transform" : [
      0.28082708,
      -0.84236693,
      0.4599504,
      0,
      -0.85253584,
      0.0011706217,
      0.5226677,
      0,
      -0.44081646,
      -0.5389033,
      -0.7178193,
      0,
      0.37005615,
      0.36335647,
      -3.7052093,
      1
    ]
  },
  {
    "trackingState" : "Normal",
    "timestamp" : 235329392313,
    "transform" : [
      0.27069464,
      -0.839964,
      0.47030318,
      0,
      -0.86375386,
      0.0037766297,
      0.5039,
      0,
      -0.42503396,
      -0.5426291,
      -0.72449976,
      0,
      0.3667038,
      0.3646405,
      -3.7058225,
      1
    ]
  },
  {
    "trackingState" : "Normal",
    "timestamp" : 235329408973,
    "transform" : [
      0.26054007,
      -0.8376635,
      0.48004043,
      0,
      -0.873356,
      0.007458384,
      0.48702523,
      0,
      -0.41154364,
      -0.5461357,
      -0.72963524,
      0,
      0.36319548,
      0.3657282,
      -3.706818,
      0.9999998
    ]
  },
  {
    "trackingState" : "Normal",
    "timestamp" : 235329425634,
    "transform" : [
      0.25088012,
      -0.83523184,
      0.48933327,
      0,
      -0.881838,
      0.011307584,
      0.47141704,
      0,
      -0.39927578,
      -0.54978174,
      -0.7337023,
      0,
      0.35957658,
      0.3667338,
      -3.7079537,
      0.99999994
    ]
  },
  {
    "trackingState" : "Normal",
    "timestamp" : 235329442294,
    "transform" : [
      0.24119535,
      -0.83318883,
      0.49761575,
      0,
      -0.88967544,
      0.015002564,
      0.45634717,
      0,
      -0.38768888,
      -0.5527852,
      -0.737649,
      0,
      0.35590142,
      0.36769852,
      -3.7090724,
      1
    ]
  },
  {
    "trackingState" : "Normal",
    "timestamp" : 235329458955,
    "transform" : [
      0.2315167,
      -0.8316539,
      0.5047297,
      0,
      -0.89731395,
      0.017866097,
      0.4410313,
      0,
      -0.37580293,
      -0.555007,
      -0.7421183,
      0,
      0.3521867,
      0.3686186,
      -3.7101097,
      0.99999994
    ]
  },
  {
    "trackingState" : "Normal",
    "timestamp" : 235329475615,
    "transform" : [
      0.22179966,
      -0.8303913,
      0.5111315,
      0,
      -0.9049122,
      0.01997601,
      0.4251295,
      0,
      -0.36323422,
      -0.55682266,
      -0.7470006,
      0,
      0.34875032,
      0.36983535,
      -3.7108727,
      1
    ]
  },
  {
    "trackingState" : "Normal",
    "timestamp" : 235329492275,
    "transform" : [
      0.21181999,
      -0.8290878,
      0.51744163,
      0,
      -0.9130449,
      0.020943219,
      0.40732113,
      0,
      -0.3485418,
      -0.5587262,
      -0.7525583,
      0,
      0.34542572,
      0.3710956,
      -3.7114987,
      0.99999994
    ]
  },
  {
    "trackingState" : "Normal",
    "timestamp" : 235329508936,
    "transform" : [
      0.20100419,
      -0.8281332,
      0.5232523,
      0,
      -0.92137975,
      0.021560324,
      0.38806525,
      0,
      -0.33265117,
      -0.56011665,
      -0.75869155,
      0,
      0.34186497,
      0.37193862,
      -3.7121956,
      1
    ]
  },
  {
    "trackingState" : "Normal",
    "timestamp" : 235329525596,
    "transform" : [
      0.18925391,
      -0.827505,
      0.52860063,
      0,
      -0.92942476,
      0.022710182,
      0.36831227,
      0,
      -0.31678483,
      -0.560999,
      -0.76480573,
      0,
      0.33827573,
      0.3725514,
      -3.7128637,
      1
    ]
  },
  {
    "trackingState" : "Normal",
    "timestamp" : 235329542257,
    "transform" : [
      0.1769066,
      -0.82710695,
      0.5334776,
      0,
      -0.93698573,
      0.02438196,
      0.34851593,
      0,
      -0.3012672,
      -0.5615155,
      -0.77067405,
      0,
      0.33471468,
      0.37299806,
      -3.7135072,
      1
    ]
  },
  {
    "trackingState" : "Normal",
    "timestamp" : 235329558917,
    "transform" : [
      0.16402468,
      -0.82678235,
      0.5380772,
      0,
      -0.9441356,
      0.026479157,
      0.328492,
      0,
      -0.28583917,
      -0.5618985,
      -0.7762514,
      0,
      0.33119017,
      0.37330413,
      -3.7141628,
      1
    ]
  },
  {
    "trackingState" : "Normal",
    "timestamp" : 235329575578,
    "transform" : [
      0.15110652,
      -0.8262373,
      0.54267734,
      0,
      -0.95115167,
      0.027985243,
      0.30745283,
      0,
      -0.26921597,
      -0.56262654,
      -0.78164834,
      0,
      0.32750934,
      0.3730538,
      -3.7141259,
      0.9999999
    ]
  },
  {
    "trackingState" : "Normal",
    "timestamp" : 235329592238,
    "transform" : [
      0.13821,
      -0.82642424,
      0.54582155,
      0,
      -0.957402,
      0.029595086,
      0.2872379,
      0,
      -0.253534,
      -0.56226975,
      -0.78712994,
      0,
      0.32393155,
      0.37298533,
      -3.714546,
      1
    ]
  },
  {
    "trackingState" : "Normal",
    "timestamp" : 235329608899,
    "transform" : [
      0.12575084,
      -0.8270453,
      0.5478896,
      0,
      -0.96278256,
      0.031444203,
      0.2684419,
      0,
      -0.23924154,
      -0.5612553,
      -0.7923107,
      0,
      0.32038268,
      0.37291563,
      -3.715111,
      1
    ]
  },
  {
    "trackingState" : "Normal",
    "timestamp" : 235329625559,
    "transform" : [
      0.11323855,
      -0.8274267,
      0.5500385,
      0,
      -0.96770215,
      0.033647954,
      0.24984142,
      0,
      -0.22523314,
      -0.560565,
      -0.7968923,
      0,
      0.3168907,
      0.37276328,
      -3.7157907,
      1
    ]
  },
  {
    "trackingState" : "Normal",
    "timestamp" : 235329642219,
    "transform" : [
      0.10016449,
      -0.82721114,
      0.55289143,
      0,
      -0.972396,
      0.03631307,
      0.23049395,
      0,
      -0.21074438,
      -0.5607167,
      -0.8007396,
      0,
      0.31350493,
      0.37249655,
      -3.716566,
      1
    ]
  },
  {
    "trackingState" : "Normal",
    "timestamp" : 235329658880,
    "transform" : [
      0.08641413,
      -0.8266575,
      0.5560307,
      0,
      -0.97676855,
      0.039558344,
      0.2106139,
      0,
      -0.19610125,
      -0.5613132,
      -0.80403465,
      0,
      0.31022927,
      0.37214577,
      -3.717363,
      1
    ]
  },
  {
    "trackingState" : "Normal",
    "timestamp" : 235329675540,
    "transform" : [
      0.07248188,
      -0.82615876,
      0.55875593,
      0,
      -0.98076046,
      0.042775705,
      0.19047113,
      0,
      -0.1812606,
      -0.5618113,
      -0.8071634,
      0,
      0.30720693,
      0.3720479,
      -3.7176979,
      1
    ]
  },
  {
    "trackingState" : "Normal",
    "timestamp" : 235329692201,
    "transform" : [
      0.058287058,
      -0.82574594,
      0.56102264,
      0,
      -0.98438495,
      0.045963086,
      0.16992311,
      0,
      -0.16609965,
      -0.5621666,
      -0.8101728,
      0,
      0.30432007,
      0.37205052,
      -3.7178335,
      1
    ]
  },
  {
    "trackingState" : "Normal",
    "timestamp" : 235329708861,
    "transform" : [
      0.043609478,
      -0.8251437,
      0.5632373,
      0,
      -0.9876095,
      0.049464352,
      0.14893247,
      0,
      -0.15075086,
      -0.5627533,
      -0.8127626,
      0,
      0.30138293,
      0.37180883,
      -3.7182987,
      0.99999994
    ]
  },
  {
    "trackingState" : "Normal",
    "timestamp" : 235329725522,
    "transform" : [
      0.028996889,
      -0.82437503,
      0.56530094,
      0,
      -0.99033844,
      0.0530298,
      0.12813206,
      0,
      -0.13560668,
      -0.5635546,
      -0.8148725,
      0,
      0.29844397,
      0.3715241,
      -3.71884,
      0.9999999
    ]
  },
  {
    "trackingState" : "Normal",
    "timestamp" : 235329742182,
    "transform" : [
      0.015208991,
      -0.8236203,
      0.56693774,
      0,
      -0.9925534,
      0.056098554,
      0.10812414,
      0,
      -0.120857626,
      -0.5643603,
      -0.81663394,
      0,
      0.2954594,
      0.37128565,
      -3.719352,
      0.99999994
    ]
  },
  {
    "trackingState" : "Normal",
    "timestamp" : 235329758843,
    "transform" : [
      0.0018640136,
      -0.82288,
      0.5682123,
      0,
      -0.99441624,
      0.058428857,
      0.08787832,
      0,
      -0.10551332,
      -0.5652032,
      -0.8181763,
      0,
      0.29245844,
      0.37110868,
      -3.719803,
      0.99999994
    ]
  },
  {
    "trackingState" : "Normal",
    "timestamp" : 235329775503,
    "transform" : [
      -0.011392198,
      -0.8222854,
      0.5689613,
      0,
      -0.99599564,
      0.059790056,
      0.06646832,
      0,
      -0.08867418,
      -0.5659257,
      -0.81967384,
      0,
      0.28961876,
      0.37158653,
      -3.719731,
      1
    ]
  },
  {
    "trackingState" : "Normal",
    "timestamp" : 235329792163,
    "transform" : [
      -0.024363765,
      -0.8221258,
      0.56878453,
      0,
      -0.99712515,
      0.06081841,
      0.045195762,
      0,
      -0.07174918,
      -0.56604815,
      -0.821244,
      0,
      0.28685063,
      0.37230128,
      -3.7194066,
      0.99999994
    ]
  },
  {
    "trackingState" : "Normal",
    "timestamp" : 235329808824,
    "transform" : [
      -0.03679325,
      -0.8221659,
      0.56805766,
      0,
      -0.9977735,
      0.061865028,
      0.024912933,
      0,
      -0.05562548,
      -0.5658762,
      -0.82261163,
      0,
      0.28397155,
      0.37249717,
      -3.7194026,
      0.9999999
    ]
  },
  {
    "trackingState" : "Normal",
    "timestamp" : 235329825484,
    "transform" : [
      -0.04880564,
      -0.82211274,
      0.5672289,
      0,
      -0.9979842,
      0.06320357,
      0.0057352786,
      0,
      -0.04056596,
      -0.5658055,
      -0.8235402,
      0,
      0.28104123,
      0.37250483,
      -3.7195027,
      0.9999999
    ]
  },
  {
    "trackingState" : "Normal",
    "timestamp" : 235329842145,
    "transform" : [
      -0.06045618,
      -0.82189935,
      0.5664155,
      0,
      -0.99782157,
      0.06477162,
      -0.01251507,
      0,
      -0.02640154,
      -0.56593823,
      -0.82402486,
      0,
      0.27808088,
      0.3724409,
      -3.7196379,
      0.9999999
    ]
  },
  {
    "trackingState" : "Normal",
    "timestamp" : 235329858805,
    "transform" : [
      -0.07195034,
      -0.82164556,
      0.56543964,
      0,
      -0.9973291,
      0.06640822,
      -0.030408472,
      0,
      -0.012564866,
      -0.5661172,
      -0.8242292,
      0,
      0.27512506,
      0.37236542,
      -3.7197607,
      1
    ]
  },
  {
    "trackingState" : "Normal",
    "timestamp" : 235329875466,
    "transform" : [
      -0.08317961,
      -0.82157385,
      0.5640014,
      0,
      -0.9965337,
      0.0678441,
      -0.04814233,
      0,
      0.0012883081,
      -0.56605077,
      -0.82436943,
      0,
      0.27158716,
      0.37297907,
      -3.718985,
      0.99999994
    ]
  },
  {
    "trackingState" : "Normal",
    "timestamp" : 235329892126,
    "transform" : [
      -0.09379844,
      -0.8216164,
      0.56227064,
      0,
      -0.9954674,
      0.068494156,
      -0.06597779,
      0,
      0.015696172,
      -0.5659107,
      -0.8243171,
      0,
      0.26783723,
      0.37382928,
      -3.7178984,
      0.9999999
    ]
  },
  {
    "trackingState" : "Normal",
    "timestamp" : 235329908786,
    "transform" : [
      -0.10371993,
      -0.8217024,
      0.5603994,
      0,
      -0.9941315,
      0.06823488,
      -0.08394455,
      0,
      0.03073863,
      -0.56581736,
      -0.8239576,
      0,
      0.2645631,
      0.3741324,
      -3.7175167,
      1
    ]
  },
  {
    "trackingState" : "Normal",
    "timestamp" : 235329925447,
    "transform" : [
      -0.11340453,
      -0.8217897,
      0.5583917,
      0,
      -0.9924879,
      0.06773227,
      -0.10188356,
      0,
      0.0459057,
      -0.565751,
      -0.82329744,
      0,
      0.26149264,
      0.37427518,
      -3.717335,
      1
    ]
  },
  {
    "trackingState" : "Normal",
    "timestamp" : 235329942107,
    "transform" : [
      -0.12325298,
      -0.82181215,
      0.5562676,
      0,
      -0.9904947,
      0.06738266,
      -0.119916245,
      0,
      0.061065815,
      -0.56576014,
      -0.82230574,
      0,
      0.25856745,
      0.37434387,
      -3.717194,
      1
    ]
  },
  {
    "trackingState" : "Normal",
    "timestamp" : 235329958768,
    "transform" : [
      -0.13314359,
      -0.82187176,
      0.55389494,
      0,
      -0.9882109,
      0.06747114,
      -0.13742913,
      0,
      0.0755772,
      -0.5656628,
      -0.82116604,
      0,
      0.25574324,
      0.37434295,
      -3.7170153,
      0.9999999
    ]
  },
  {
    "trackingState" : "Normal",
    "timestamp" : 235329975428,
    "transform" : [
      -0.14256378,
      -0.8221321,
      0.5511573,
      0,
      -0.98577964,
      0.06788843,
      -0.15371877,
      0,
      0.08895995,
      -0.56523436,
      -0.8201197,
      0,
      0.25293377,
      0.37430578,
      -3.7167716,
      0.9999999
    ]
  },
  {
    "trackingState" : "Normal",
    "timestamp" : 235329992089,
    "transform" : [
      -0.15116128,
      -0.8223905,
      0.5484746,
      0,
      -0.98327625,
      0.068076834,
      -0.16891862,
      0,
      0.10157863,
      -0.5648359,
      -0.8189277,
      0,
      0.25071776,
      0.37438005,
      -3.7170613,
      1
    ]
  },
  {
    "trackingState" : "Normal",
    "timestamp" : 235330008749,
    "transform" : [
      -0.15909198,
      -0.82302606,
      0.54526883,
      0,
      -0.9806606,
      0.06796764,
      -0.18353537,
      0,
      0.113993764,
      -0.5639226,
      -0.8179224,
      0,
      0.24814147,
      0.37435794,
      -3.7168527,
      1
    ]
  },
  {
    "trackingState" : "Normal",
    "timestamp" : 235330025410,
    "transform" : [
      -0.1672019,
      -0.82388014,
      0.5415397,
      0,
      -0.97775066,
      0.06798885,
      -0.19844732,
      0,
      0.12667811,
      -0.5626714,
      -0.8169172,
      0,
      0.24549061,
      0.37426716,
      -3.7163649,
      0.99999994
    ]
  },
  {
    "trackingState" : "Normal",
    "timestamp" : 235330042070,
    "transform" : [
      -0.17572553,
      -0.8246717,
      0.5376217,
      0,
      -0.9743857,
      0.067853756,
      -0.21440235,
      0,
      0.14033191,
      -0.56152683,
      -0.815472,
      0,
      0.24282749,
      0.37411845,
      -3.7157063,
      0.9999999
    ]
  },
  {
    "trackingState" : "Normal",
    "timestamp" : 235330058731,
    "transform" : [
      -0.18416579,
      -0.82554287,
      0.5334436,
      0,
      -0.9706112,
      0.06721255,
      -0.23107696,
      0,
      0.1549098,
      -0.5603227,
      -0.8136594,
      0,
      0.24013042,
      0.37392318,
      -3.7148917,
      1
    ]
  },
  {
    "trackingState" : "Normal",
    "timestamp" : 235330075391,
    "transform" : [
      -0.19254425,
      -0.8268212,
      0.5284824,
      0,
      -0.9664244,
      0.06639501,
      -0.24822518,
      0,
      0.17014924,
      -0.5585325,
      -0.8118442,
      0,
      0.23817715,
      0.37386703,
      -3.7138417,
      1
    ]
  },
  {
    "trackingState" : "Normal",
    "timestamp" : 235330092051,
    "transform" : [
      -0.20068645,
      -0.8282769,
      0.52314687,
      0,
      -0.96210855,
      0.066017956,
      -0.26455468,
      0,
      0.18458748,
      -0.5564164,
      -0.8101412,
      0,
      0.236456,
      0.37380624,
      -3.7126765,
      1.0000001
    ]
  },
  {
    "trackingState" : "Normal",
    "timestamp" : 235330108712,
    "transform" : [
      -0.20878275,
      -0.8294795,
      0.518048,
      0,
      -0.9577995,
      0.0664218,
      -0.27965835,
      0,
      0.1975612,
      -0.5545738,
      -0.80834275,
      0,
      0.2340805,
      0.3735203,
      -3.711559,
      1
    ]
  },
  {
    "trackingState" : "Normal",
    "timestamp" : 235330125372,
    "transform" : [
      -0.21719295,
      -0.83033335,
      0.5131997,
      0,
      -0.9532436,
      0.06724451,
      -0.2946268,
      0,
      0.21012865,
      -0.5531951,
      -0.80611503,
      0,
      0.23149043,
      0.3731002,
      -3.7104406,
      1
    ]
  },
  {
    "trackingState" : "Normal",
    "timestamp" : 235330142033,
    "transform" : [
      -0.22592741,
      -0.8312852,
      0.5078601,
      0,
      -0.94814306,
      0.06800162,
      -0.3104846,
      0,
      0.22356594,
      -0.551671,
      -0.80354077,
      0,
      0.22883186,
      0.37259984,
      -3.70927,
      1
    ]
  },
  {
    "trackingState" : "Normal",
    "timestamp" : 235330158693,
    "transform" : [
      -0.2347184,
      -0.8324323,
      0.50196004,
      0,
      -0.9424613,
      0.06841561,
      -0.32724047,
      0,
      0.2380636,
      -0.5498872,
      -0.8005937,
      0,
      0.22615498,
      0.37204456,
      -3.7080631,
      1
    ]
  },
  {
    "trackingState" : "Normal",
    "timestamp" : 235330175354,
    "transform" : [
      -0.24334665,
      -0.8333197,
      0.49634746,
      0,
      -0.9365741,
      0.068813324,
      -0.34364766,
      0,
      0.2522131,
      -0.5484916,
      -0.79721117,
      0,
      0.22354262,
      0.3713815,
      -3.7072177,
      0.9999999
    ]
  },
  {
    "trackingState" : "Normal",
    "timestamp" : 235330192014,
    "transform" : [
      -0.25132072,
      -0.83387595,
      0.4914153,
      0,
      -0.9309326,
      0.06926661,
      -0.35856205,
      0,
      0.2649576,
      -0.54758847,
      -0.7936905,
      0,
      0.22085148,
      0.37074465,
      -3.7062776,
      0.99999994
    ]
  },
  {
    "trackingState" : "Normal",
    "timestamp" : 235330208675,
    "transform" : [
      -0.2585564,
      -0.8343039,
      0.48691446,
      0,
      -0.92559946,
      0.06972822,
      -0.37202662,
      0,
      0.2764316,
      -0.5468775,
      -0.79025996,
      0,
      0.21812168,
      0.37013578,
      -3.7053564,
      1
    ]
  },
  {
    "trackingState" : "Normal",
    "timestamp" : 235330225335,
    "transform" : [
      -0.26538733,
      -0.8345221,
      0.48284838,
      0,
      -0.9202914,
      0.06994489,
      -0.38493064,
      0,
      0.28746036,
      -0.54651684,
      -0.786566,
      0,
      0.21539474,
      0.3695533,
      -3.7044766,
      1
    ]
  },
  {
    "trackingState" : "Normal",
    "timestamp" : 235330241995,
    "transform" : [
      -0.2724352,
      -0.83437675,
      0.47916043,
      0,
      -0.91465425,
      0.07001232,
      -0.39812827,
      0,
      0.29864183,
      -0.5467302,
      -0.78224003,
      0,
      0.21271276,
      0.36898056,
      -3.7036138,
      1
    ]
  },
  {
    "trackingState" : "Normal",
    "timestamp" : 235330258656,
    "transform" : [
      -0.2799455,
      -0.8340959,
      0.47530484,
      0,
      -0.9086344,
      0.070406236,
      -0.41161484,
      0,
      0.30986184,
      -0.54710793,
      -0.7775981,
      0,
      0.21006644,
      0.368424,
      -3.7027025,
      1
    ]
  },
  {
    "trackingState" : "Normal",
    "timestamp" : 235330275316,
    "transform" : [
      -0.28742358,
      -0.83373886,
      0.47145233,
      0,
      -0.902159,
      0.0703293,
      -0.42563266,
      0,
      0.32170957,
      -0.5476617,
      -0.7723793,
      0,
      0.20745239,
      0.36801827,
      -3.7015564,
      1
    ]
  },
  {
    "trackingState" : "Normal",
    "timestamp" : 235330291977,
    "transform" : [
      -0.29432178,
      -0.8333827,
      0.46781212,
      0,
      -0.8953625,
      0.06926651,
      -0.43991843,
      0,
      0.33421665,
      -0.54833895,
      -0.7665663,
      0,
      0.20480303,
      0.36772975,
      -3.70036,
      1
    ]
  },
  {
    "trackingState" : "Normal",
    "timestamp" : 235330308637,
    "transform" : [
      -0.3001013,
      -0.8334571,
      0.46399185,
      0,
      -0.8887398,
      0.067595266,
      -0.45340073,
      0,
      0.3465264,
      -0.5484342,
      -0.761012,
      0,
      0.20205142,
      0.36744842,
      -3.699315,
      0.99999994
    ]
  },
  {
    "trackingState" : "Normal",
    "timestamp" : 235330325298,
    "transform" : [
      -0.3053184,
      -0.8338766,
      0.4598157,
      0,
      -0.8823579,
      0.06616065,
      -0.46590462,
      0,
      0.35808533,
      -0.5479713,
      -0.75597775,
      0,
      0.19923802,
      0.36721689,
      -3.698295,
      0.9999999
    ]
  },
  {
    "trackingState" : "Normal",
    "timestamp" : 235330341958,
    "transform" : [
      -0.3106744,
      -0.8341052,
      0.4557962,
      0,
      -0.87596756,
      0.06508639,
      -0.47795886,
      0,
      0.36900184,
      -0.5477522,
      -0.75086975,
      0,
      0.19644175,
      0.36699286,
      -3.6972785,
      1
    ]
  },
  {
    "trackingState" : "Normal",
    "timestamp" : 235330358619,
    "transform" : [
      -0.31662837,
      -0.83396083,
      0.4519469,
      0,
      -0.8691347,
      0.06422809,
      -0.49038726,
      0,
      0.37993616,
      -0.5480732,
      -0.7451607,
      0,
      0.1936695,
      0.3667944,
      -3.6962998,
      0.99999994
    ]
  },
  {
    "trackingState" : "Normal",
    "timestamp" : 235330375279,
    "transform" : [
      -0.32278603,
      -0.8336024,
      0.44823673,
      0,
      -0.86234,
      0.06382689,
      -0.5022905,
      0,
      0.39010102,
      -0.5486648,
      -0.73945117,
      0,
      0.19105767,
      0.366424,
      -3.6954236,
      0.9999998
    ]
  },
  {
    "trackingState" : "Normal",
    "timestamp" : 235330391939,
    "transform" : [
      -0.3289712,
      -0.83333236,
      0.44422433,
      0,
      -0.85515165,
      0.0633225,
      -0.51449585,
      0,
      0.4006167,
      -0.5491334,
      -0.7334568,
      0,
      0.18844874,
      0.36606634,
      -3.6945379,
      1
    ]
  },
  {
    "trackingState" : "Normal",
    "timestamp" : 235330408600,
    "transform" : [
      -0.3350468,
      -0.8332915,
      0.43973762,
      0,
      -0.8469089,
      0.061820615,
      -0.52813214,
      0,
      0.41290316,
      -0.54936665,
      -0.72643477,
      0,
      0.1856575,
      0.3659525,
      -3.6935139,
      1
    ]
  },
  {
    "trackingState" : "Normal",
    "timestamp" : 235330425260,
    "transform" : [
      -0.34039864,
      -0.8337508,
      0.43472815,
      0,
      -0.8386576,
      0.0601468,
      -0.5413279,
      0,
      0.42518505,
      -0.54885525,
      -0.7197054,
      0,
      0.18274827,
      0.36597463,
      -3.692415,
      1
    ]
  },
  {
    "trackingState" : "Normal",
    "timestamp" : 235330441921,
    "transform" : [
      -0.34470108,
      -0.8344323,
      0.43000478,
      0,
      -0.8312389,
      0.058494445,
      -0.55282944,
      0,
      0.43614584,
      -0.54799753,
      -0.71377563,
      0,
      0.17971277,
      0.36609218,
      -3.6913433,
      1
    ]
  },
  {
    "trackingState" : "Normal",
    "timestamp" : 235330458581,
    "transform" : [
      -0.3480734,
      -0.8353395,
      0.4255031,
      0,
      -0.8241603,
      0.05635775,
      -0.5635455,
      0,
      0.44677147,
      -0.546838,
      -0.7080703,
      0,
      0.17660862,
      0.3663077,
      -3.6903262,
      0.99999994
    ]
  },
  {
    "timestamp" : 235330475242,
    "transform" : [
      -0.35117003,
      -0.83643365,
      0.42078334,
      0,
      -0.8169195,
      0.05411139,
      -0.57420784,
      0,
      0.45751756,
      -0.5453906,
      -0.70230114,
      0,
      0.1739898,
      0.3664772,
      -3.6896224,
      1
    ],
    "trackingState" : "Normal"
  },
  {
    "timestamp" : 235330491902,
    "transform" : [
      -0.35481456,
      -0.8374162,
      0.41574115,
      0,
      -0.80913925,
      0.05226322,
      -0.58528805,
      0,
      0.46840173,
      -0.5440612,
      -0.69613016,
      0,
      0.17159238,
      0.36665738,
      -3.689051,
      0.9999998
    ],
    "trackingState" : "Normal"
  },
  {
    "timestamp" : 235330508563,
    "transform" : [
      -0.35924003,
      -0.8379167,
      0.4109044,
      0,
      -0.80107826,
      0.050986513,
      -0.5963842,
      0,
      0.4787697,
      -0.54341155,
      -0.68955314,
      0,
      0.1689042,
      0.36692807,
      -3.6883545,
      1
    ],
    "trackingState" : "Normal"
  },
  {
    "trackingState" : "Normal",
    "timestamp" : 235330525223,
    "transform" : [
      -0.36424875,
      -0.8378988,
      0.4065077,
      0,
      -0.792987,
      0.05015526,
      -0.6071706,
      0,
      0.48835903,
      -0.5435164,
      -0.6827119,
      0,
      0.16617908,
      0.36721256,
      -3.6877167,
      1
    ]
  },
  {
    "trackingState" : "Normal",
    "timestamp" : 235330541883,
    "transform" : [
      -0.36954215,
      -0.8375837,
      0.40235844,
      0,
      -0.78448963,
      0.04915031,
      -0.61819124,
      0,
      0.49801093,
      -0.5440936,
      -0.67523885,
      0,
      0.16349845,
      0.3675248,
      -3.6871786,
      1
    ]
  },
  {
    "trackingState" : "Normal",
    "timestamp" : 235330558544,
    "transform" : [
      -0.3747706,
      -0.83716947,
      0.39836448,
      0,
      -0.77576333,
      0.04787595,
      -0.62920517,
      0,
      0.50767934,
      -0.5448441,
      -0.66738796,
      0,
      0.1608541,
      0.36788127,
      -3.6867464,
      0.9999999
    ]
  },
  {
    "trackingState" : "Normal",
    "timestamp" : 235330575204,
    "transform" : [
      -0.37940755,
      -0.8369495,
      0.39441806,
      0,
      -0.7675093,
      0.046635807,
      -0.6393393,
      0,
      0.51670074,
      -0.5452896,
      -0.6600604,
      0,
