[
  {
    "trackingState" : "Normal",
    "timestamp" : 235345369664,
    "transform" : [
      0.15048723,
      -0.97422636,
      -0.16803792,
      0,
      -0.88438183,
      -0.056696087,
      -0.46330822,
      0,
      0.44183993,
      0.21833163,
      -0.87012017,
      0,
      -3.0564942,
      0.026489176,
      -1.1808796,
      1
    ]
  },
  {
    "trackingState" : "Normal",
    "timestamp" : 235345386325,
    "transform" : [
      0.15044224,
      -0.9739018,
      -0.16994873,
      0,
      -0.88162005,
      -0.054377194,
      -0.46881694,
      0,
      0.44734034,
      0.22036004,
      -0.866792,
      0,
      -3.0584528,
      0.024638243,
      -1.1753354,
      1
    ]
  },
  {
    "trackingState" : "Normal",
    "timestamp" : 235345402985,
    "transform" : [
      0.15015236,
      -0.973616,
      -0.17183155,
      0,
      -0.8783017,
      -0.051564947,
      -0.47531796,
      0,
      0.45391676,
      0.22229004,
      -0.8628713,
      0,
      -3.0594451,
      0.02289139,
      -1.1714913,
      0.9999999
    ]
  },
  {
    "trackingState" : "Normal",
    "timestamp" : 235345419645,
    "transform" : [
      0.15007828,
      -0.97323745,
      -0.17402707,
      0,
      -0.87469244,
      -0.048653282,
      -0.48223037,
      0,
      0.46085772,
      0.22459243,
      -0.8585853,
      0,
      -3.0608718,
      0.021198673,
      -1.1665653,
      0.99999994
    ]
  },
  {
    "trackingState" : "Normal",
    "timestamp" : 235345436306,
    "transform" : [
      0.15078078,
      -0.97260827,
      -0.17691344,
      0,
      -0.87159544,
      -0.046350427,
      -0.48802987,
      0,
      0.4664619,
      0.22778246,
      -0.85470974,
      0,
      -3.0626068,
      0.019558422,
      -1.1609278,
      1
    ]
  },
  {
    "trackingState" : "Normal",
    "timestamp" : 235345452966,
    "transform" : [
      0.15195037,
      -0.97200584,
      -0.17920883,
      0,
      -0.8692045,
      -0.04509743,
      -0.4923919,
      0,
      0.47052592,
      0.23058824,
      -0.85172445,
      0,
      -3.0644712,
      0.018024117,
      -1.1549834,
      0.99999994
    ]
  },
  {
    "trackingState" : "Normal",
    "timestamp" : 235345469627,
    "transform" : [
      0.1531691,
      -0.9715974,
      -0.1803827,
      0,
      -0.8671418,
      -0.044605564,
      -0.4960602,
      0,
      0.47392473,
      0.2323984,
      -0.84934485,
      0,
      -3.0663874,
      0.016618367,
      -1.148911,
      1
    ]
  },
  {
    "trackingState" : "Normal",
    "timestamp" : 235345486287,
    "transform" : [
      0.15393448,
      -0.97146916,
      -0.18042165,
      0,
      -0.8647409,
      -0.04411108,
      -0.50027746,
      0,
      0.47804555,
      0.23302789,
      -0.8468594,
      0,
      -3.0682962,
      0.015351911,
      -1.1427441,
      1
    ]
  },
  {
    "trackingState" : "Normal",
    "timestamp" : 235345502947,
    "transform" : [
      0.15422663,
      -0.9714994,
      -0.1800088,
      0,
      -0.8620384,
      -0.043279797,
      -0.5049918,
      0,
      0.4828086,
      0.23305766,
      -0.84414476,
      0,
      -3.0704584,
      0.014599665,
      -1.1376117,
      1
    ]
  },
  {
    "trackingState" : "Normal",
    "timestamp" : 235345519608,
    "transform" : [
      0.15380114,
      -0.97167414,
      -0.17942888,
      0,
      -0.85937804,
      -0.041920226,
      -0.5096198,
      0,
      0.48766267,
      0.23257731,
      -0.84148276,
      0,
      -3.0723977,
      0.013788027,
      -1.1316932,
      1
    ]
  },
  {
    "trackingState" : "Normal",
    "timestamp" : 235345536268,
    "transform" : [
      0.15352856,
      -0.9718814,
      -0.17853698,
      0,
      -0.8569543,
      -0.040994618,
      -0.5137594,
      0,
      0.49199417,
      0.23187478,
      -0.83915186,
      0,
      -3.074202,
      0.01296998,
      -1.1251906,
      0.9999999
    ]
  },
  {
    "trackingState" : "Normal",
    "timestamp" : 235345552929,
    "transform" : [
      0.15388276,
      -0.97196054,
      -0.17779993,
      0,
      -0.85470235,
      -0.040647857,
      -0.5175246,
      0,
      0.49578637,
      0.23160411,
      -0.836992,
      0,
      -3.0759723,
      0.012246477,
      -1.1183599,
      0.99999994
    ]
  },
  {
    "trackingState" : "Normal",
    "timestamp" : 235345569589,
    "transform" : [
      0.15458643,
      -0.97205174,
      -0.17668718,
      0,
      -0.8522179,
      -0.040719315,
      -0.52159995,
      0,
      0.4998276,
      0.23120824,
      -0.8346947,
      0,
      -3.0777028,
      0.011680997,
      -1.1113279,
      0.99999994
    ]
  },
  {
    "trackingState" : "Normal",
    "timestamp" : 235345586249,
    "transform" : [
      0.15516035,
      -0.97223336,
      -0.17517918,
      0,
      -0.8497054,
      -0.040889524,
      -0.52567,
      0,
      0.5039109,
      0.23041381,
      -0.8324564,
      0,
      -3.0793695,
      0.0112979235,
      -1.10414,
      1
    ]
  },
  {
    "trackingState" : "Normal",
    "timestamp" : 235345602910,
    "transform" : [
      0.15565087,
      -0.9724401,
      -0.17358881,
      0,
      -0.84756553,
      -0.041216455,
      -0.52908796,
      0,
      0.5073517,
      0.22948086,
      -0.8306221,
      0,
      -3.081516,
      0.011405273,
      -1.0962682,
      1
    ]
  },
  {
    "trackingState" : "Normal",
    "timestamp" : 235345619570,
    "transform" : [
      0.15586555,
      -0.9727537,
      -0.17162797,
      0,
      -0.84632784,
      -0.041919276,
      -0.5310103,
      0,
      0.50934774,
      0.22801973,
      -0.8298023,
      0,
      -3.0833259,
      0.011556951,
      -1.0884688,
      0.9999999
    ]
  },
  {
    "trackingState" : "Normal",
    "timestamp" : 235345636231,
    "transform" : [
      0.15569648,
      -0.97316414,
      -0.16944082,
      0,
      -0.8457623,
      -0.042711698,
      -0.53184766,
      0,
      0.51033795,
      0.22611345,
      -0.82971567,
      0,
      -3.0849054,
      0.01178654,
      -1.0806408,
      1
    ]
  },
  {
    "trackingState" : "Normal",
    "timestamp" : 235345652891,
    "transform" : [
      0.15497077,
      -0.9736677,
      -0.16719858,
      0,
      -0.8449623,
      -0.042941775,
      -0.5330993,
      0,
      0.5118817,
      0.22389129,
      -0.8293673,
      0,
      -3.0863695,
      0.012170854,
      -1.0726473,
      1
    ]
  },
  {
    "trackingState" : "Normal",
    "timestamp" : 235345669552,
    "transform" : [
      0.15401112,
      -0.9741654,
      -0.1651742,
      0,
      -0.84363747,
      -0.042626467,
      -0.53521866,
      0,
      0.5143507,
      0.22177671,
      -0.82840735,
      0,
      -3.0877774,
      0.012749868,
      -1.0644268,
      1
    ]
  },
  {
    "trackingState" : "Normal",
    "timestamp" : 235345686212,
    "transform" : [
      0.15392303,
      -0.9743711,
      -0.16403876,
      0,
      -0.8421203,
      -0.042522524,
      -0.5376107,
      0,
      0.51685697,
      0.22089101,
      -0.8270829,
      0,
      -3.089205,
      0.013536978,
      -1.0559397,
      0.99999994
    ]
  },
  {
    "trackingState" : "Normal",
    "timestamp" : 235345702872,
    "transform" : [
      0.15558904,
      -0.9740828,
      -0.16417912,
      0,
      -0.8407679,
      -0.043336783,
      -0.5396584,
      0,
      0.51855713,
      0.22200148,
      -0.82572037,
      0,
      -3.091572,
      0.013790588,
      -1.0471526,
      0.99999994
    ]
  },
  {
    "trackingState" : "Normal",
    "timestamp" : 235345719533,
    "transform" : [
      0.15837397,
      -0.9734545,
      -0.1652399,
      0,
      -0.83959883,
      -0.04470219,
      -0.5413647,
      0,
      0.5196073,
      0.22447325,
      -0.8243909,
      0,
      -3.0934868,
      0.014668929,
      -1.0382016,
      1
    ]
  },
  {
    "trackingState" : "Normal",
    "timestamp" : 235345736193,
    "transform" : [
      0.16104716,
      -0.9728855,
      -0.16600473,
      0,
      -0.83892983,
      -0.046345774,
      -0.54226243,
      0,
      0.51986575,
      0.22659613,
      -0.8236467,
      0,
      -3.09503,
      0.016059235,
      -1.0291914,
      1
    ]
  },
  {
    "trackingState" : "Normal",
    "timestamp" : 235345752854,
    "transform" : [
      0.16251127,
      -0.97262836,
      -0.1660845,
      0,
      -0.8392177,
      -0.047721002,
      -0.5416974,
      0,
      0.5189446,
      0.227413,
      -0.8240023,
      0,
      -3.0963638,
      0.017760418,
      -1.0201898,
      0.9999998
    ]
  },
  {
    "trackingState" : "Normal",
    "timestamp" : 235345769514,
    "transform" : [
      0.16255416,
      -0.97275794,
      -0.16528231,
      0,
      -0.8399655,
      -0.048532706,
      -0.5404651,
      0,
      0.5177201,
      0.22668627,
      -0.8249724,
      0,
      -3.0975404,
      0.019679021,
      -1.0112624,
      1
    ]
  },
  {
    "trackingState" : "Normal",
    "timestamp" : 235345786174,
    "transform" : [
      0.16017316,
      -0.9735776,
      -0.16276143,
      0,
      -0.8412171,
      -0.048366435,
      -0.53853,
      0,
      0.51642865,
      0.22317575,
      -0.82673717,
      0,
      -3.098625,
      0.02178222,
      -1.0024103,
      1
    ]
  },
  {
    "trackingState" : "Normal",
    "timestamp" : 235345802835,
    "transform" : [
      0.15765882,
      -0.9744477,
      -0.1599857,
      0,
      -0.84253705,
      -0.04823776,
      -0.5364741,
      0,
      0.51504874,
      0.21937375,
      -0.82861346,
      0,
      -3.1004455,
      0.023409147,
      -0.9923015,
      1
    ]
  },
  {
    "trackingState" : "Normal",
    "timestamp" : 235345819495,
    "transform" : [
      0.15519683,
      -0.9753108,
      -0.15710784,
      0,
      -0.8427682,
      -0.047739338,
      -0.53615564,
      0,
      0.5154181,
      0.21561515,
      -0.82936996,
      0,
      -3.1018643,
      0.025339697,
      -0.98290616,
      1
    ]
  },
  {
    "trackingState" : "Normal",
    "timestamp" : 235345836155,
    "transform" : [
      0.15269177,
      -0.9761909,
      -0.15406698,
      0,
      -0.84219325,
      -0.04696053,
      -0.5371269,
      0,
      0.51710343,
      0.21176901,
      -0.82931185,
      0,
      -3.1030126,
      0.027459245,
      -0.97403336,
      1
    ]
  },
  {
    "trackingState" : "Normal",
    "timestamp" : 235345852816,
    "transform" : [
      0.14929588,
      -0.97734284,
      -0.15003839,
      0,
      -0.8418064,
      -0.04602841,
      -0.5378135,
      0,
      0.5187221,
      0.2065966,
      -0.82960546,
      0,
      -3.1040375,
      0.029647369,
      -0.96549267,
      0.9999999
    ]
  },
  {
    "trackingState" : "Normal",
    "timestamp" : 235345869476,
    "transform" : [
      0.14509311,
      -0.9788722,
      -0.14407443,
      0,
      -0.8420506,
      -0.045707382,
      -0.53745866,
      0,
      0.519518,
      0.19929948,
      -0.8308917,
      0,
      -3.104999,
      0.03184216,
      -0.95725304,
      1
    ]
  },
  {
    "trackingState" : "Normal",
    "timestamp" : 235345886137,
    "transform" : [
      0.14134927,
      -0.98041546,
      -0.13713467,
      0,
      -0.84327507,
      -0.046681594,
      -0.53545135,
      0,
      0.5185631,
      0.19132791,
      -0.83335835,
      0,
      -3.1059844,
      0.033980604,
      -0.949215,
      0.9999999
    ]
  },
  {
    "trackingState" : "Normal",
    "timestamp" : 235345902797,
    "transform" : [
      0.13933532,
      -0.98166686,
      -0.13006058,
      0,
      -0.8451436,
      -0.04944029,
      -0.5322479,
      0,
      0.51606,
      0.1840808,
      -0.8365384,
      0,
      -3.1082222,
      0.034846976,
      -0.94053394,
      0.99999994
    ]
  },
  {
    "trackingState" : "Normal",
    "timestamp" : 235345919458,
    "transform" : [
      0.13910958,
      -0.98256564,
      -0.123341374,
      0,
      -0.84661424,
      -0.05339101,
      -0.529522,
      0,
      0.5137049,
      0.17808415,
      -0.83928144,
      0,
      -3.109914,
      0.036195885,
      -0.9323368,
      0.9999999
    ]
  },
  {
    "trackingState" : "Normal",
    "timestamp" : 235345936118,
    "transform" : [
      0.14047346,
      -0.9831503,
      -0.11697349,
      0,
      -0.84750867,
      -0.05832378,
      -0.5275676,
      0,
      0.51185584,
      0.17324525,
      -0.8414214,
      0,
      -3.1112742,
      0.037823018,
      -0.9244562,
      1
    ]
  },
  {
    "trackingState" : "Normal",
    "timestamp" : 235345952778,
    "transform" : [
      0.1426959,
      -0.9834963,
      -0.1112333,
      0,
      -0.8485052,
      -0.063694134,
      -0.5253397,
      0,
      0.50958484,
      0.16934586,
      -0.8435907,
      0,
      -3.112521,
      0.039474767,
      -0.91670394,
      0.99999994
    ]
  },
  {
    "trackingState" : "Normal",
    "timestamp" : 235345969439,
    "transform" : [
      0.145038,
      -0.9837022,
      -0.10627381,
      0,
      -0.8498836,
      -0.06886484,
      -0.52245164,
      0,
      0.50661826,
      0.16609567,
      -0.8460204,
      0,
      -3.11369,
      0.041057196,
      -0.9090245,
      1
    ]
  },
  {
    "trackingState" : "Normal",
    "timestamp" : 235345986099,
    "transform" : [
      0.14667812,
      -0.9838957,
      -0.10215065,
      0,
      -0.8509101,
      -0.072840445,
      -0.52023655,
      0,
      0.50441784,
      0.16322835,
      -0.84789103,
      0,
      -3.1147237,
      0.042609215,
      -0.9014201,
      0.9999999
    ]
  },
  {
    "trackingState" : "Normal",
    "timestamp" : 235346002760,
    "transform" : [
      0.14726064,
      -0.98423755,
      -0.09793349,
      0,
      -0.85126436,
      -0.07569913,
      -0.5192483,
      0,
      0.5036501,
      0.15983208,
      -0.84899384,
      0,
      -3.115632,
      0.0440501,
      -0.8925726,
      1
    ]
  },
  {
    "trackingState" : "Normal",
    "timestamp" : 235346019420,
    "transform" : [
      0.14675441,
      -0.98477465,
      -0.09317697,
      0,
      -0.8518741,
      -0.07794536,
      -0.517914,
      0,
      0.50276595,
      0.1553812,
      -0.85034287,
      0,
      -3.1164184,
      0.045607835,
      -0.8846451,
      0.9999998
    ]
  },
  {
    "trackingState" : "Normal",
    "timestamp" : 235346036080,
    "transform" : [
      0.14589556,
      -0.98540837,
      -0.08766381,
      0,
      -0.853265,
      -0.080495305,
      -0.5152275,
      0,
      0.50065297,
      0.14996985,
      -0.85255843,
      0,
      -3.1171396,
      0.04725465,
      -0.8773944,
      0.99999994
    ]
  },
  {
    "trackingState" : "Normal",
    "timestamp" : 235346052741,
    "transform" : [
      0.1454578,
      -0.9859753,
      -0.08182129,
      0,
      -0.8552944,
      -0.083746076,
      -0.51132977,
      0,
      0.49730638,
      0.14435817,
      -0.8554808,
      0,
      -3.1178415,
      0.04895965,
      -0.87048966,
      1
    ]
  },
  {
    "trackingState" : "Normal",
    "timestamp" : 235346069401,
    "transform" : [
      0.14605972,
      -0.9863475,
      -0.07606154,
      0,
      -0.85782164,
      -0.08797972,
      -0.5063612,
      0,
      0.49275625,
      0.1392062,
      -0.85896045,
      0,
      -3.118573,
      0.050699756,
      -0.86380315,
      1
    ]
  },
  {
    "trackingState" : "Normal",
    "timestamp" : 235346086062,
    "transform" : [
      0.14756773,
      -0.98653173,
      -0.070562094,
      0,
      -0.8607469,
      -0.09295592,
      -0.5004738,
      0,
      0.48717412,
      0.13458988,
      -0.86287147,
      0,
      -3.1193392,
      0.052461393,
      -0.85727733,
      0.99999994
    ]
  },
  {
    "trackingState" : "Normal",
    "timestamp" : 235346102722,
    "transform" : [
      0.14920984,
      -0.98667854,
      -0.06482256,
      0,
      -0.8635132,
      -0.09808377,
      -0.49469656,
      0,
      0.48174846,
      0.12978873,
      -0.866645,
      0,
      -3.1202507,
      0.054179143,
      -0.850793,
      0.99999994
    ]
  },
  {
    "trackingState" : "Normal",
    "timestamp" : 235346119383,
    "transform" : [
      0.15033095,
      -0.9868688,
      -0.059080634,
      0,
      -0.865986,
      -0.10261635,
      -0.48942623,
      0,
      0.47693694,
      0.12473891,
      -0.8700411,
      0,
      -3.121055,
      0.05593755,
      -0.844492,
      0.99999994
    ]
  },
  {
    "trackingState" : "Normal",
    "timestamp" : 235346136043,
    "transform" : [
      0.15096848,
      -0.98706985,
      -0.053867973,
      0,
      -0.86823905,
      -0.10634656,
      -0.4846149,
      0,
      0.47262004,
      0.11993182,
      -0.8730675,
      0,
      -3.121804,
      0.057712406,
      -0.8383186,
      1
    ]
  },
  {
    "trackingState" : "Normal",
    "timestamp" : 235346152703,
    "transform" : [
      0.15123758,
      -0.9872622,
      -0.04940228,
      0,
      -0.8704525,
      -0.109326646,
      -0.47995856,
      0,
      0.46844402,
      0.11559009,
      -0.87589914,
      0,
      -3.1225233,
      0.05945182,
      -0.83220655,
      1
    ]
  },
  {
    "trackingState" : "Normal",
    "timestamp" : 235346169364,
    "transform" : [
      0.1511912,
      -0.9874296,
      -0.046087585,
      0,
      -0.8731046,
      -0.1115344,
      -0.47460365,
      0,
      0.46349737,
      0.11199516,
      -0.8789923,
      0,
      -3.1232398,
      0.061091952,
      -0.82609105,
      0.99999994
    ]
  },
  {
    "trackingState" : "Normal",
    "timestamp" : 235346186024,
    "transform" : [
      0.15088262,
      -0.9875842,
      -0.043726612,
      0,
      -0.8757369,
      -0.113012396,
      -0.46937534,
      0,
      0.458606,
      0.109113574,
      -0.88191557,
      0,
      -3.1239514,
      0.06263855,
      -0.8199632,
      0.9999999
    ]
  },
  {
    "trackingState" : "Normal",
    "timestamp" : 235346202685,
    "transform" : [
      0.15023962,
      -0.9877733,
      -0.041618027,
      0,
      -0.87737906,
      -0.11381026,
      -0.46610436,
      0,
      0.4556689,
      0.10654212,
      -0.8837505,
      0,
      -3.1253152,
      0.06404075,
      -0.8137949,
      0.99999994
    ]
  },
  {
    "trackingState" : "Normal",
    "timestamp" : 235346219345,
    "transform" : [
      0.15010881,
      -0.98793036,
      -0.038222477,
      0,
      -0.8781573,
      -0.1154689,
      -0.46422702,
      0,
      0.4542105,
      0.1032499,
      -0.8848913,
      0,
      -3.1264095,
      0.06555189,
      -0.80781233,
      0.99999994
    ]
  },
  {
    "trackingState" : "Normal",
    "timestamp" : 235346236005,
    "transform" : [
      0.15103959,
      -0.98791766,
      -0.034726027,
      0,
      -0.8791573,
      -0.118184425,
      -0.46164396,
      0,
      0.45196208,
      0.10025613,
      -0.8863855,
      0,
      -3.1273656,
      0.06710608,
      -0.80192757,
      1
    ]
  },
  {
    "trackingState" : "Normal",
    "timestamp" : 235346252666,
    "transform" : [
      0.15272567,
      -0.9877404,
      -0.032306444,
      0,
      -0.8812991,
      -0.12132951,
      -0.45671767,
      0,
      0.4471988,
      0.09822414,
      -0.889025,
      0,
      -3.1282735,
      0.06863226,
      -0.79603064,
      0.99999994
    ]
  },
  {
    "trackingState" : "Normal",
    "timestamp" : 235346269326,
    "transform" : [
      0.15387128,
      -0.9876234,
      -0.030393023,
      0,
      -0.8841704,
      -0.12389163,
      -0.45043725,
      0,
      0.44109693,
      0.09618196,
      -0.8922908,
      0,
      -3.1291063,
      0.070142254,
      -0.7901494,
      0.99999994
    ]
  },
  {
    "trackingState" : "Normal",
    "timestamp" : 235346285987,
    "transform" : [
      0.15314375,
      -0.9878136,
      -0.02777222,
      0,
      -0.88697827,
      -0.12501194,
      -0.44456884,
      0,
      0.43567932,
      0.092716284,
      -0.8953141,
      0,
      -3.1298501,
      0.07168602,
      -0.78436625,
      0.99999994
    ]
  },
  {
    "trackingState" : "Normal",
    "timestamp" : 235346302647,
    "transform" : [
      0.15042053,
      -0.9883394,
      -0.023642112,
      0,
      -0.88943493,
      -0.12485011,
      -0.4396796,
      0,
      0.431601,
      0.08716494,
      -0.89784354,
      0,
      -3.131187,
      0.07354475,
      -0.77684563,
      1
    ]
  },
  {
    "trackingState" : "Normal",
    "timestamp" : 235346319307,
    "transform" : [
      0.14732137,
      -0.98890907,
      -0.018848728,
      0,
      -0.891562,
      -0.12451959,
      -0.43544465,
      0,
      0.4282681,
      0.080955096,
      -0.90001816,
      0,
      -3.1322532,
      0.075340584,
      -0.77028614,
      0.99999994
    ]
  },
  {
    "trackingState" : "Normal",
    "timestamp" : 235346335968,
    "transform" : [
      0.14543436,
      -0.98926,
      -0.014611051,
      0,
      -0.8935764,
      -0.12499955,
      -0.43115687,
      0,
      0.4246999,
      0.07576112,
      -0.9021587,
      0,
      -3.13326,
      0.07710064,
      -0.7642529,
      1
    ]
  },
  {
    "trackingState" : "Normal",
    "timestamp" : 235346352628,
    "transform" : [
      0.14555758,
      -0.98928726,
      -0.011124827,
      0,
      -0.89569527,
      -0.12699485,
      -0.4261485,
      0,
      0.42017046,
      0.07199359,
      -0.904585,
      0,
      -3.1343951,
      0.07885942,
      -0.75834596,
      1
    ]
  },
  {
    "trackingState" : "Normal",
    "timestamp" : 235346369289,
    "transform" : [
      0.14719619,
      -0.9890761,
      -0.007861637,
      0,
      -0.8982037,
      -0.13033552,
      -0.41981262,
      0,
      0.414202,
      0.06885617,
      -0.9075767,
      0,
      -3.1357045,
      0.08061879,
      -0.75248665,
      0.99999994
    ]
  },
  {
    "trackingState" : "Normal",
    "timestamp" : 235346385949,
    "transform" : [
      0.14892752,
      -0.9888399,
      -0.0040245145,
      0,
      -0.9012081,
      -0.13405204,
      -0.41213375,
      0,
      0.40699482,
      0.065004975,
      -0.91111463,
      0,
      -3.1371367,
      0.08236242,
      -0.74667126,
      1
    ]
  },
  {
    "trackingState" : "Normal",
    "timestamp" : 235346402609,
    "transform" : [
      0.14945205,
      -0.9887689,
      0.00053350156,
      0,
      -0.9041719,
      -0.13688356,
      -0.40464336,
      0,
      0.40017173,
      0.05999238,
      -0.9144746,
      0,
      -3.1380613,
      0.08429493,
      -0.7400604,
      1
    ]
  },
  {
    "trackingState" : "Normal",
    "timestamp" : 235346419270,
    "transform" : [
      0.14864431,
      -0.9888713,
      0.0061959317,
      0,
      -0.90683746,
      -0.13880675,
      -0.39796782,
      0,
      0.39439902,
      0.053536944,
      -0.9173785,
      0,
      -3.1392987,
      0.08615389,
      -0.73391867,
      0.99999994
    ]
  },
  {
    "trackingState" : "Normal",
    "timestamp" : 235346435930,
    "transform" : [
      0.1472235,
      -0.98902404,
      0.012520939,
      0,
      -0.90961665,
      -0.14035341,
      -0.39102247,
      0,
      0.388488,
      0.046178438,
      -0.92029613,
      0,
      -3.1408012,
      0.087952815,
      -0.72805846,
      1
    ]
  },
  {
    "trackingState" : "Normal",
    "timestamp" : 235346452591,
    "transform" : [
      0.1459592,
      -0.9891086,
      0.018981079,
      0,
      -0.9130081,
      -0.14206767,
      -0.38240463,
      0,
      0.38093626,
      0.03848558,
      -0.92380023,
      0,
      -3.1425326,
      0.089696705,
      -0.7222573,
      1
    ]
  },
  {
    "trackingState" : "Normal",
    "timestamp" : 235346469251,
    "transform" : [
      0.14501609,
      -0.9891021,
      0.025443904,
      0,
      -0.91677463,
      -0.14399527,
      -0.37254497,
      0,
      0.37214884,
      0.030698676,
      -0.92766535,
      0,
      -3.1444745,
      0.09139665,
      -0.7164321,
      1
    ]
  },
  {
    "trackingState" : "Normal",
    "timestamp" : 235346485911,
    "transform" : [
      0.14415622,
      -0.98904055,
      0.03190303,
      0,
      -0.92044723,
      -0.14585577,
      -0.36263356,
      0,
      0.36331248,
      0.022910817,
      -0.93138576,
      0,
      -3.1465929,
      0.09308066,
      -0.7105688,
      1
    ]
  },
  {
    "trackingState" : "Normal",
    "timestamp" : 235346502572,
    "transform" : [
      0.1422415,
      -0.9890812,
      0.038548134,
      0,
      -0.923103,
      -0.14660855,
      -0.3555095,
      0,
      0.3572792,
      0.014984302,
      -0.9338775,
      0,
      -3.1484773,
      0.095093034,
      -0.70421535,
      1
    ]
  },
  {
    "trackingState" : "Normal",
    "timestamp" : 235346519232,
    "transform" : [
      0.14010918,
      -0.9890699,
      0.045938443,
      0,
      -0.9251623,
      -0.1473041,
      -0.34982324,
      0,
      0.35276654,
      0.0065129246,
      -0.93568885,
      0,
      -3.1507356,
      0.09695845,
      -0.69811773,
      1
    ]
  },
  {
    "trackingState" : "Normal",
    "timestamp" : 235346535893,
    "transform" : [
      0.13845022,
      -0.9888676,
      0.054522067,
      0,
      -0.9269495,
      -0.14877154,
      -0.34442964,
      0,
      0.34870663,
      -0.0028528392,
      -0.93722767,
      0,
      -3.153368,
      0.09872966,
      -0.69220734,
      1
    ]
  },
  {
    "trackingState" : "Normal",
    "timestamp" : 235346552553,
    "transform" : [
      0.13856031,
      -0.98833716,
      0.063172705,
      0,
      -0.9291777,
      -0.15180816,
      -0.33702102,
      0,
      0.3426805,
      -0.01200094,
      -0.9393754,
      0,
      -3.1563764,
      0.10041997,
      -0.6863109,
      0.99999994
    ]
  },
  {
    "trackingState" : "Normal",
    "timestamp" : 235346569213,
    "transform" : [
      0.14060138,
      -0.9875576,
      0.07043754,
      0,
      -0.93203974,
      -0.15602365,
      -0.32704517,
      0,
      0.33396584,
      -0.019667577,
      -0.94238013,
      0,
      -3.1597247,
      0.10201778,
      -0.6803116,
      0.99999994
    ]
  },
  {
    "trackingState" : "Normal",
    "timestamp" : 235346585874,
    "transform" : [
      0.14328538,
      -0.98672694,
      0.076415256,
      0,
      -0.93514764,
      -0.16026239,
      -0.31593525,
      0,
      0.32398832,
      -0.026190637,
      -0.9456987,
      0,
      -3.1633043,
      0.10354953,
      -0.67421156,
      1
    ]
  },
  {
    "trackingState" : "Normal",
    "timestamp" : 235346602534,
    "transform" : [
      0.1447099,
      -0.98606014,
      0.082124844,
      0,
      -0.9379938,
      -0.16313048,
      -0.30586988,
      0,
      0.31500316,
      -0.032770194,
      -0.94852495,
      0,
      -3.16712,
      0.10533505,
      -0.6682342,
      1
    ]
  },
  {
    "trackingState" : "Normal",
    "timestamp" : 235346619195,
    "transform" : [
      0.14424287,
      -0.9855867,
      0.088391244,
      0,
      -0.94047475,
      -0.1643215,
      -0.2974997,
      0,
      0.3077363,
      -0.04021752,
      -0.95062155,
      0,
      -3.1709738,
      0.106943004,
      -0.6622042,
      1
    ]
  },
  {
    "trackingState" : "Normal",
    "timestamp" : 235346635855,
    "transform" : [
      0.14221881,
      -0.98528177,
      0.09483533,
      0,
      -0.94278175,
      -0.16402365,
      -0.2902742,
      0,
      0.3015571,
      -0.04812655,
      -0.9522329,
      0,
      -3.174907,
      0.10841875,
      -0.6561219,
      1
    ]
  },
  {
    "trackingState" : "Normal",
    "timestamp" : 235346652515,
    "transform" : [
      0.13961805,
      -0.98506695,
      0.10074678,
      0,
      -0.94494206,
      -0.16295414,
      -0.28377864,
      0,
      0.29595807,
      -0.055579253,
      -0.9535827,
      0,
      -3.178979,
      0.10981798,
      -0.6499555,
      0.99999994
    ]
  },
  {
    "trackingState" : "Normal",
    "timestamp" : 235346669176,
    "transform" : [
      0.13769867,
      -0.98483765,
      0.105518125,
      0,
      -0.9467501,
      -0.16217434,
      -0.2781436,
      0,
      0.29103863,
      -0.061599277,
      -0.9547263,
      0,
      -3.1832426,
      0.111191586,
      -0.6437058,
      0.9999999
    ]
  },
  {
    "trackingState" : "Normal",
    "timestamp" : 235346685836,
    "transform" : [
      0.1368539,
      -0.9844772,
      0.10988972,
      0,
      -0.9481908,
      -0.16229592,
      -0.27312,
      0,
      0.28671506,
      -0.06681886,
      -0.95568305,
      0,
      -3.1876938,
      0.11257821,
      -0.6374547,
      1
    ]
  },
  {
    "trackingState" : "Normal",
    "timestamp" : 235346702497,
    "transform" : [
      0.1368398,
      -0.9839849,
      0.11423099,
      0,
      -0.94971406,
      -0.1631029,
      -0.26728407,
      0,
      0.28163487,
      -0.07191166,
      -0.95682335,
      0,
      -3.1917875,
      0.11383613,
      -0.63214016,
      1
    ]
  },
  {
    "trackingState" : "Normal",
    "timestamp" : 235346719157,
    "transform" : [
      0.13712111,
      -0.9835041,
      0.117973134,
      0,
      -0.9518594,
      -0.1637896,
      -0.25910768,
      0,
      0.2741562,
      -0.07676469,
      -0.9586167,
      0,
      -3.19621,
      0.115167625,
      -0.62640923,
      1
    ]
  },
  {
    "trackingState" : "Normal",
    "timestamp" : 235346735817,
    "transform" : [
      0.13700385,
      -0.9830944,
      0.121471934,
      0,
      -0.9545921,
      -0.16378073,
      -0.24885729,
      0,
      0.26454496,
      -0.081861734,
      -0.9608928,
      0,
      -3.2008076,
      0.11656392,
      -0.6204663,
      0.9999999
    ]
  },
  {
    "trackingState" : "Normal",
    "timestamp" : 235346752478,
    "transform" : [
      0.13619736,
      -0.9827677,
      0.12497217,
      0,
      -0.9572967,
      -0.16302857,
      -0.2387567,
      0,
      0.25501642,
      -0.0871174,
      -0.9630044,
      0,
      -3.2054334,
      0.11802375,
      -0.6145104,
      0.99999994
    ]
  },
  {
    "trackingState" : "Normal",
    "timestamp" : 235346769138,
    "transform" : [
      0.13459451,
      -0.9826276,
      0.12777945,
      0,
      -0.95959485,
      -0.16141179,
      -0.23048694,
      0,
      0.2471079,
      -0.0915942,
      -0.9646494,
      0,
      -3.2100265,
      0.119539306,
      -0.60857654,
      0.99999994
    ]
  },
  {
    "trackingState" : "Normal",
    "timestamp" : 235346785799,
    "transform" : [
      0.1319256,
      -0.98270977,
      0.12991256,
      0,
      -0.96160835,
      -0.15869069,
      -0.22389022,
      0,
      0.24063501,
      -0.09538815,
      -0.9659173,
      0,
      -3.2145708,
      0.121106714,
      -0.6027021,
      1
    ]
  },
  {
    "trackingState" : "Normal",
    "timestamp" : 235346802459,
    "transform" : [
      0.12846312,
      -0.98287684,
      0.13210003,
      0,
      -0.9635711,
      -0.15521333,
      -0.2178066,
      0,
      0.23458073,
      -0.099307634,
      -0.9670109,
      0,
      -3.2177758,
      0.122732684,
      -0.5957962,
      0.99999994
    ]
  },
  {
    "trackingState" : "Normal",
    "timestamp" : 235346819120,
    "transform" : [
      0.12577894,
      -0.98291576,
      0.13437448,
      0,
      -0.96548355,
      -0.15242256,
      -0.2112087,
      0,
      0.22808206,
      -0.10317073,
      -0.96816045,
      0,
      -3.2217093,
      0.12439732,
      -0.58959645,
      1
    ]
  },
  {
    "trackingState" : "Normal",
    "timestamp" : 235346835780,
    "transform" : [
      0.1253053,
      -0.9827394,
      0.13609487,
      0,
      -0.96746236,
      -0.1514279,
      -0.20269684,
      0,
      0.21980672,
      -0.106267676,
      -0.9697383,
      0,
      -3.2261436,
      0.12609634,
      -0.58379906,
      0.9999999
    ]
  },
  {
    "trackingState" : "Normal",
    "timestamp" : 235346852440,
    "transform" : [
      0.12744012,
      -0.9824438,
      0.13624671,
      0,
      -0.9696393,
      -0.15231085,
      -0.1913142,
      0,
      0.20870732,
      -0.10772906,
      -0.9720268,
      0,
      -3.2307823,
      0.12780562,
      -0.57807684,
      0.99999994
    ]
  },
  {
    "trackingState" : "Normal",
    "timestamp" : 235346869101,
    "transform" : [
      0.1310347,
      -0.98214674,
      0.13497274,
      0,
      -0.9718064,
      -0.15417078,
      -0.17839144,
      0,
      0.19601543,
      -0.10779189,
      -0.97465837,
      0,
      -3.2354207,
      0.12949859,
      -0.5723473,
      0.9999999
    ]
  },
  {
    "trackingState" : "Normal",
    "timestamp" : 235346885761,
    "transform" : [
      0.13394482,
      -0.9819,
      0.13390794,
      0,
      -0.9736847,
      -0.15554027,
      -0.16656937,
      0,
      0.18438253,
      -0.108073,
      -0.9768949,
      0,
      -3.239895,
      0.13120624,
      -0.5667161,
      1
    ]
  },
  {
    "trackingState" : "Normal",
    "timestamp" : 235346902422,
    "transform" : [
      0.13464071,
      -0.9817342,
      0.13442357,
      0,
      -0.9754204,
      -0.15519372,
      -0.15642877,
      0,
      0.17443319,
      -0.11005781,
      -0.97849905,
      0,
      -3.244285,
      0.1330799,
      -0.5599723,
      0.9999999
    ]
  },
  {
    "trackingState" : "Normal",
    "timestamp" : 235346919082,
    "transform" : [
      0.13313812,
      -0.98165506,
      0.13648322,
      0,
      -0.97721535,
      -0.15299058,
      -0.14711991,
      0,
      0.16530167,
      -0.11378621,
      -0.97965723,
      0,
      -3.2483306,
      0.13484709,
      -0.5540685,
      1
    ]
  },
  {
    "trackingState" : "Normal",
    "timestamp" : 235346935742,
    "transform" : [
      0.13096096,
      -0.9816581,
      0.13855214,
      0,
      -0.9790284,
      -0.15005797,
      -0.13779028,
      0,
      0.15605375,
      -0.117601335,
      -0.9807229,
      0,
      -3.2521439,
      0.13654077,
      -0.5486229,
      0.99999994
    ]
  },
  {
    "trackingState" : "Normal",
    "timestamp" : 235346952403,
    "transform" : [
      0.12969893,
      -0.98167497,
      0.1396157,
      0,
      -0.98056537,
      -0.14788786,
      -0.12892205,
      0,
      0.14720699,
      -0.12018125,
      -0.9817774,
      0,
      -3.25586,
      0.13821904,
      -0.5433382,
      0.99999994
    ]
  },
  {
    "trackingState" : "Normal",
    "timestamp" : 235346969063,
    "transform" : [
      0.12991315,
      -0.9815069,
      0.14059487,
      0,
      -0.98160833,
      -0.14731893,
      -0.12141778,
      0,
      0.13988465,
      -0.12223533,
      -0.982594,
      0,
      -3.2595315,
      0.13990015,
      -0.5382379,
      1
    ]
  },
  {
    "trackingState" : "Normal",
    "timestamp" : 235346985724,
    "transform" : [
      0.13134468,
      -0.9809958,
      0.14281453,
      0,
      -0.98239726,
      -0.14810582,
      -0.11384367,
      0,
      0.1328318,
      -0.12534784,
      -0.98318046,
      0,
      -3.263145,
      0.1415484,
      -0.53339833,
      1
    ]
  },
  {
    "trackingState" : "Normal",
    "timestamp" : 235347002384,
    "transform" : [
      0.13362879,
      -0.9802736,
      0.14562604,
      0,
      -0.98345965,
      -0.14929812,
      -0.10255388,
      0,
      0.12227254,
      -0.12951316,
      -0.9840101,
      0,
      -3.2665977,
      0.1436177,
      -0.5270519,
      1
    ]
  },
  {
    "trackingState" : "Normal",
    "timestamp" : 235347019044,
    "transform" : [
      0.13637048,
      -0.97957474,
      0.1477717,
      0,
      -0.9846875,
      -0.15038411,
      -0.08817794,
      0,
      0.10859939,
      -0.13348408,
      -0.9850829,
      0,
      -3.2699628,
      0.14531866,
      -0.52165055,
      0.99999994
    ]
  },
  {
    "trackingState" : "Normal",
    "timestamp" : 235347035705,
    "transform" : [
      0.13898785,
      -0.9790555,
      0.14877066,
      0,
      -0.985696,
      -0.15123266,
      -0.07437915,
      0,
      0.09532031,
      -0.13630483,
      -0.9860707,
      0,
      -3.273154,
      0.14679833,
      -0.51679116,
      1
    ]
  },
  {
    "trackingState" : "Normal",
    "timestamp" : 235347052365,
    "transform" : [
      0.14068007,
      -0.9787372,
      0.14927426,
      0,
      -0.9864178,
      -0.15147342,
      -0.063529894,
      0,
      0.08479014,
      -0.13830936,
      -0.9867529,
      0,
      -3.2761018,
      0.1481768,
      -0.5121896,
      1
    ]
  },
  {
    "trackingState" : "Normal",
    "timestamp" : 235347069026,
    "transform" : [
      0.14117791,
      -0.9784442,
      0.15071705,
      0,
      -0.98697835,
      -0.15096323,
      -0.05553177,
      0,
      0.07708746,
      -0.1409146,
      -0.987016,
      0,
      -3.2787776,
      0.14949144,
      -0.50782996,
      0.99999994
    ]
  },
  {
    "trackingState" : "Normal",
    "timestamp" : 235347085686,
    "transform" : [
      0.14037146,
      -0.97823954,
      0.15278506,
      0,
      -0.98764455,
      -0.14920513,
      -0.047918737,
      0,
      0.06967231,
      -0.1441709,
      -0.98709714,
      0,
      -3.2811875,
      0.15073557,
      -0.5036448,
      0.99999994
    ]
  },
  {
    "trackingState" : "Normal",
    "timestamp" : 235347102346,
    "transform" : [
      0.13873908,
      -0.9781886,
      0.15459189,
      0,
      -0.9884421,
      -0.14640881,
      -0.039328773,
      0,
      0.061104562,
      -0.14734869,
      -0.9871955,
      0,
      -3.283508,
      0.15172079,
      -0.49796122,
      1
    ]
  },
  {
    "trackingState" : "Normal",
    "timestamp" : 235347119007,
    "transform" : [
      0.13730648,
      -0.978154,
      0.15608293,
      0,
      -0.98918927,
      -0.14359967,
      -0.029731005,
      0,
      0.051494952,
      -0.15031329,
      -0.9872966,
      0,
      -3.2856214,
      0.15276188,
      -0.493257,
      1
    ]
  },
  {
    "trackingState" : "Normal",
    "timestamp" : 235347135667,
    "transform" : [
      0.13661705,
      -0.9779895,
      0.15771027,
      0,
      -0.9897462,
      -0.14145619,
      -0.019824278,
      0,
      0.041697018,
      -0.15338476,
      -0.9872866,
      0,
      -3.2876222,
      0.1538368,
      -0.4891829,
      1
    ]
  },
  {
    "trackingState" : "Normal",
    "timestamp" : 235347152328,
    "transform" : [
      0.13667624,
      -0.9776511,
      0.15974289,
      0,
      -0.9901089,
      -0.13997638,
      -0.009538819,
      0,
      0.031685863,
      -0.15685911,
      -0.98711264,
      0,
      -3.2895663,
      0.15490784,
      -0.48538932,
      0.9999999
    ]
  },
  {
    "trackingState" : "Normal",
    "timestamp" : 235347168988,
    "transform" : [
      0.1374593,
      -0.9772268,
      0.1616569,
      0,
      -0.99026513,
      -0.13919333,
      0.0006041182,
      0,
      0.021911193,
      -0.16016622,
      -0.9868469,
      0,
      -3.2914553,
      0.15597558,
      -0.4817283,
      0.9999999
    ]
  },
  {
    "trackingState" : "Normal",
    "timestamp" : 235347185648,
    "transform" : [
      0.13906272,
      -0.9767379,
      0.16323212,
      0,
      -0.990201,
      -0.13927878,
      0.01017661,
      0,
      0.012794873,
      -0.16304776,
      -0.9865353,
      0,
      -3.2932844,
      0.15705113,
      -0.47813976,
      1
    ]
  },
  {
    "trackingState" : "Normal",
    "timestamp" : 235347202309,
    "transform" : [
      0.14124298,
      -0.9762921,
      0.16402553,
      0,
      -0.98996705,
      -0.13995595,
      0.019435847,
      0,
      0.0039812685,
      -0.16512501,
      -0.98626477,
      0,
      -3.294905,
      0.15878502,
      -0.4734919,
      0.99999994
    ]
  },
  {
    "trackingState" : "Normal",
    "timestamp" : 235347218969,
    "transform" : [
      0.14424339,
      -0.9757736,
      0.16449916,
      0,
      -0.9895325,
      -0.1414926,
      0.028381592,
      0,
      -0.0044186045,
