[
  {
    "timestamp" : 235362046730,
    "trackingState" : "Normal",
    "transform" : [
      -0.02988338,
      -0.9801035,
      0.1962246,
      0,
      -0.9536303,
      -0.030864762,
      -0.29939353,
      0,
      0.29949304,
      -0.1960726,
      -0.9337342,
      0,
      -3.6793163,
      0.16424088,
      4.3817806,
      0.99999994
    ]
  },
  {
    "timestamp" : 235362063391,
    "trackingState" : "Normal",
    "transform" : [
      -0.026781932,
      -0.98136127,
      0.19029693,
      0,
      -0.95560193,
      -0.030747173,
      -0.29305235,
      0,
      0.2934413,
      -0.1896966,
      -0.9369673,
      0,
      -3.6813905,
      0.16285942,
      4.389289,
      0.99999994
    ]
  },
  {
    "timestamp" : 235362080051,
    "trackingState" : "Normal",
    "transform" : [
      -0.024060547,
      -0.9822904,
      0.18581337,
      0,
      -0.95824724,
      -0.030313157,
      -0.28432986,
      0,
      0.2849271,
      -0.18489623,
      -0.94054776,
      0,
      -3.6834402,
      0.16149487,
      4.3966064,
      0.99999994
    ]
  },
  {
    "timestamp" : 235362096712,
    "trackingState" : "Normal",
    "transform" : [
      -0.020866888,
      -0.983011,
      0.18235712,
      0,
      -0.961385,
      -0.030334506,
      -0.27353075,
      0,
      0.27441537,
      -0.18102309,
      -0.944419,
      0,
      -3.6854887,
      0.16012532,
      4.4038363,
      1
    ]
  },
  {
    "timestamp" : 235362113372,
    "trackingState" : "Normal",
    "transform" : [
      -0.016814217,
      -0.9838396,
      0.17826125,
      0,
      -0.96435946,
      -0.031127702,
      -0.2627583,
      0,
      0.26406085,
      -0.17632598,
      -0.94825166,
      0,
      -3.68747,
      0.15873486,
      4.411133,
      0.99999994
    ]
  },
  {
    "timestamp" : 235362130032,
    "trackingState" : "Normal",
    "transform" : [
      -0.012274273,
      -0.9848518,
      0.17296343,
      0,
      -0.9664986,
      -0.03266568,
      -0.25458518,
      0,
      0.25637865,
      -0.17029372,
      -0.951457,
      0,
      -3.6894462,
      0.15740997,
      4.41837,
      1
    ]
  },
  {
    "timestamp" : 235362146693,
    "trackingState" : "Normal",
    "transform" : [
      -0.00845975,
      -0.9858667,
      0.16731809,
      0,
      -0.96780926,
      -0.034018397,
      -0.24937555,
      0,
      0.25154293,
      -0.16404164,
      -0.95384324,
      0,
      -3.6912751,
      0.15609655,
      4.4255238,
      1
    ]
  },
  {
    "timestamp" : 235362163353,
    "trackingState" : "Normal",
    "transform" : [
      -0.0059313984,
      -0.98674804,
      0.16215158,
      0,
      -0.9688736,
      -0.034460634,
      -0.24514556,
      0,
      0.24748477,
      -0.15855844,
      -0.95582986,
      0,
      -3.6929414,
      0.15474644,
      4.4325147,
      0.99999994
    ]
  },
  {
    "timestamp" : 235362180014,
    "trackingState" : "Normal",
    "transform" : [
      -0.003879013,
      -0.9875185,
      0.15745556,
      0,
      -0.9703086,
      -0.034362614,
      -0.23941712,
      0,
      0.24183942,
      -0.15370917,
      -0.95806444,
      0,
      -3.694486,
      0.15337011,
      4.4393835,
      0.9999999
    ]
  },
  {
    "timestamp" : 235362196674,
    "trackingState" : "Normal",
    "transform" : [
      -0.0014754287,
      -0.9882193,
      0.15303771,
      0,
      -0.9721544,
      -0.034445006,
      -0.23179626,
      0,
      0.23433691,
      -0.14911827,
      -0.960651,
      0,
      -3.6959407,
      0.15197271,
      4.4461365,
      1
    ]
  },
  {
    "timestamp" : 235362213334,
    "trackingState" : "Normal",
    "transform" : [
      0.0012562184,
      -0.9889399,
      0.14831178,
      0,
      -0.9743503,
      -0.03458568,
      -0.22236381,
      0,
      0.22503391,
      -0.14422825,
      -0.96361727,
      0,
      -3.6973555,
      0.1504803,
      4.4530535,
      1
    ]
  },
  {
    "timestamp" : 235362229995,
    "trackingState" : "Normal",
    "transform" : [
      0.0036206457,
      -0.98966044,
      0.14338405,
      0,
      -0.97643596,
      -0.0344382,
      -0.2130418,
      0,
      0.21577694,
      -0.13923402,
      -0.9664649,
      0,
      -3.698715,
      0.14883156,
      4.4603767,
      1
    ]
  },
  {
    "timestamp" : 235362246655,
    "trackingState" : "Normal",
    "transform" : [
      0.0049202787,
      -0.99035835,
      0.13844137,
      0,
      -0.9780663,
      -0.033595152,
      -0.20556636,
      0,
      0.20823532,
      -0.1343934,
      -0.9688016,
      0,
      -3.6998112,
      0.14729424,
      4.4671626,
      0.9999999
    ]
  },
  {
    "timestamp" : 235362263316,
    "trackingState" : "Normal",
    "transform" : [
      0.005118214,
      -0.9909826,
      0.13389263,
      0,
      -0.9793297,
      -0.032041863,
      -0.19971614,
      0,
      0.20220539,
      -0.13010284,
      -0.9706629,
      0,
      -3.7007062,
      0.14580193,
      4.473693,
      0.9999999
    ]
  },
  {
    "timestamp" : 235362279976,
    "trackingState" : "Normal",
    "transform" : [
      0.004670782,
      -0.99154335,
      0.12969206,
      0,
      -0.9804976,
      -0.030022962,
      -0.19422458,
      0,
      0.1964758,
      -0.12625557,
      -0.9723461,
      0,
      -3.7014687,
      0.14433521,
      4.480076,
      1
    ]
  },
  {
    "timestamp" : 235362296637,
    "trackingState" : "Normal",
    "transform" : [
      0.0041834493,
      -0.9920852,
      0.12549719,
      0,
      -0.981626,
      -0.028015671,
      -0.18874812,
      0,
      0.1907701,
      -0.122401655,
      -0.97397375,
      0,
      -3.7021604,
      0.14286433,
      4.486403,
      0.99999994
    ]
  },
  {
    "timestamp" : 235362313297,
    "trackingState" : "Normal",
    "transform" : [
      0.0043082894,
      -0.992639,
      0.12103432,
      0,
      -0.98272103,
      -0.026599756,
      -0.18317212,
      0,
      0.18504326,
      -0.1181538,
      -0.97560185,
      0,
      -3.7028418,
      0.14136183,
      4.4927273,
      1
    ]
  },
  {
    "timestamp" : 235362329957,
    "trackingState" : "Normal",
    "transform" : [
      0.0055051157,
      -0.99320275,
      0.11626772,
      0,
      -0.9839379,
      -0.026125902,
      -0.17658927,
      0,
      0.1784265,
      -0.11342807,
      -0.9773936,
      0,
      -3.703457,
      0.13994052,
      4.4988747,
      1
    ]
  },
  {
    "timestamp" : 235362346618,
    "trackingState" : "Normal",
    "transform" : [
      0.008590413,
      -0.9937809,
      0.1110214,
      0,
      -0.9854158,
      -0.027282305,
      -0.16796324,
      0,
      0.16994755,
      -0.107959345,
      -0.9795218,
      0,
      -3.7041,
      0.13853732,
      4.504952,
      1
    ]
  },
  {
    "timestamp" : 235362363278,
    "trackingState" : "Normal",
    "transform" : [
      0.012239285,
      -0.99430573,
      0.10586048,
      0,
      -0.9867176,
      -0.029159974,
      -0.15980671,
      0,
      0.16198361,
      -0.10249847,
      -0.98145586,
      0,
      -3.7047222,
      0.13714974,
      4.510936,
      1
    ]
  },
  {
    "timestamp" : 235362379939,
    "trackingState" : "Normal",
    "transform" : [
      0.015581438,
      -0.99477327,
      0.10091321,
      0,
      -0.9875987,
      -0.031080473,
      -0.15389286,
      0,
      0.15622489,
      -0.09726388,
      -0.982921,
      0,
      -3.7052605,
      0.13575186,
      4.5168266,
      1
    ]
  },
  {
    "timestamp" : 235362396599,
    "trackingState" : "Normal",
    "transform" : [
      0.018048128,
      -0.99525476,
      0.0956155,
      0,
      -0.9881825,
      -0.032314956,
      -0.14983742,
      0,
      0.1522162,
      -0.09178126,
      -0.98407656,
      0,
      -3.7057426,
      0.13431865,
      4.5227914,
      1
    ]
  },
  {
    "timestamp" : 235362413259,
    "trackingState" : "Normal",
    "transform" : [
      0.019966576,
      -0.9957899,
      0.08946481,
      0,
      -0.98880005,
      -0.03290527,
      -0.1455744,
      0,
      0.14790538,
      -0.08555618,
      -0.9852941,
      0,
      -3.7062721,
      0.13281476,
      4.5289974,
      1
    ]
  },
  {
    "timestamp" : 235362429920,
    "trackingState" : "Normal",
    "transform" : [
      0.02177469,
      -0.99630946,
      0.083026804,
      0,
      -0.98955715,
      -0.033313867,
      -0.14023934,
      0,
      0.14248773,
      -0.07910609,
      -0.98663056,
      0,
      -3.7065306,
      0.13121352,
      4.534909,
      1
    ]
  },
  {
    "timestamp" : 235362446580,
    "trackingState" : "Normal",
    "transform" : [
      0.023654087,
      -0.9967569,
      0.07691738,
      0,
      -0.99036294,
      -0.03386541,
      -0.13429293,
      0,
      0.13646221,
      -0.07299954,
      -0.9879522,
      0,
      -3.7066581,
      0.12950918,
      4.5406327,
      1
    ]
  },
  {
    "timestamp" : 235362463241,
    "trackingState" : "Normal",
    "transform" : [
      0.025925802,
      -0.9971333,
      0.071084194,
      0,
      -0.9912878,
      -0.03482922,
      -0.1270247,
      0,
      0.12913635,
      -0.06717169,
      -0.98934925,
      0,
      -3.706701,
      0.12767367,
      4.5463066,
      0.99999994
    ]
  },
  {
    "timestamp" : 235362479901,
    "trackingState" : "Normal",
    "transform" : [
      0.028226681,
      -0.997522,
      0.06444554,
      0,
      -0.99211556,
      -0.035832494,
      -0.12009493,
      0,
      0.12210657,
      -0.060547534,
      -0.99066865,
      0,
      -3.7066443,
      0.12575518,
      4.551915,
      0.99999994
    ]
  },
  {
    "timestamp" : 235362496561,
    "trackingState" : "Normal",
    "transform" : [
      0.030977685,
      -0.9978721,
      0.05737187,
      0,
      -0.9929207,
      -0.037307493,
      -0.112768345,
      0,
      0.11466878,
      -0.053472407,
      -0.9919637,
      0,
      -3.7066057,
      0.12382285,
      4.5576296,
      0.99999994
    ]
  },
  {
    "timestamp" : 235362513222,
    "trackingState" : "Normal",
    "transform" : [
      0.03450482,
      -0.9981799,
      0.049459767,
      0,
      -0.9937903,
      -0.039507203,
      -0.1040189,
      0,
      0.1057836,
      -0.045563485,
      -0.9933448,
      0,
      -3.7067451,
      0.121923804,
      4.5636325,
      0.9999999
    ]
  },
  {
    "timestamp" : 235362529882,
    "trackingState" : "Normal",
    "transform" : [
      0.03892463,
      -0.9984227,
      0.040459048,
      0,
      -0.99457204,
      -0.042620964,
      -0.09492055,
      0,
      0.09649524,
      -0.036544688,
      -0.9946624,
      0,
      -3.7067654,
      0.11977053,
      4.569347,
      0.9999999
    ]
  },
  {
    "timestamp" : 235362546543,
    "trackingState" : "Normal",
    "transform" : [
      0.04423776,
      -0.9985471,
      0.030772338,
      0,
      -0.99511695,
      -0.046764486,
      -0.08692232,
      0,
      0.08823507,
      -0.026776824,
      -0.9957399,
      0,
      -3.7068267,
      0.11753647,
      4.574892,
      1
    ]
  },
  {
    "timestamp" : 235362563203,
    "trackingState" : "Normal",
    "transform" : [
      0.04998841,
      -0.99851984,
      0.021433905,
      0,
      -0.9954759,
      -0.05154933,
      -0.07981663,
      0,
      0.08080338,
      -0.017347025,
      -0.9965792,
      0,
      -3.7069674,
      0.11528838,
      4.580264,
      1
    ]
  },
  {
    "timestamp" : 235362579864,
    "trackingState" : "Normal",
    "transform" : [
      0.05506803,
      -0.998393,
      0.013378405,
      0,
      -0.99570614,
      -0.055908486,
      -0.073781304,
      0,
      0.07441069,
      -0.009257967,
      -0.9971849,
      0,
      -3.7071567,
      0.11303998,
      4.5854344,
      1
    ]
  },
  {
    "timestamp" : 235362596524,
    "trackingState" : "Normal",
    "transform" : [
      0.058667455,
      -0.9982556,
      0.0066262563,
      0,
      -0.9958576,
      -0.058985844,
      -0.069199406,
      0,
      0.06946954,
      -0.0025390536,
      -0.997581,
      0,
      -3.7073598,
      0.110810846,
      4.5904665,
      1
    ]
  },
  {
    "timestamp" : 235362613184,
    "trackingState" : "Normal",
    "transform" : [
      0.06045059,
      -0.9981712,
      0.00023362771,
      0,
      -0.9959678,
      -0.060332682,
      -0.066394515,
      0,
      0.066287175,
      0.003780901,
      -0.99779356,
      0,
      -3.7075684,
      0.10862693,
      4.595446,
      1
    ]
  },
  {
    "timestamp" : 235362629845,
    "trackingState" : "Normal",
    "transform" : [
      0.061160292,
      -0.99810964,
      -0.006056518,
      0,
      -0.99605924,
      -0.060641926,
      -0.064719774,
      0,
      0.06423014,
      0.009990929,
      -0.9978852,
      0,
      -3.7075944,
      0.106375754,
      4.6003127,
      1
    ]
  },
  {
    "timestamp" : 235362646505,
    "trackingState" : "Normal",
    "transform" : [
      0.061666287,
      -0.9980226,
      -0.012174586,
      0,
      -0.9961567,
      -0.06078164,
      -0.063068055,
      0,
      0.062203337,
      0.016016964,
      -0.9979351,
      0,
      -3.707586,
      0.104119346,
      4.6050916,
      1
    ]
  },
  {
    "timestamp" : 235362663166,
    "trackingState" : "Normal",
    "transform" : [
      0.062800124,
      -0.9978648,
      -0.017946564,
      0,
      -0.9962547,
      -0.061607543,
      -0.060674727,
      0,
      0.059439514,
      0.021689722,
      -0.99799645,
      0,
      -3.7075944,
      0.10186458,
      4.609802,
      1
    ]
  },
  {
    "timestamp" : 235362679826,
    "trackingState" : "Normal",
    "transform" : [
      0.0644035,
      -0.9976463,
      -0.023541447,
      0,
      -0.99643075,
      -0.06299919,
      -0.056186616,
      0,
      0.054571263,
      0.027076036,
      -0.9981428,
      0,
      -3.7076352,
      0.09958669,
      4.614481,
      0.99999994
    ]
  },
  {
    "timestamp" : 235362696486,
    "trackingState" : "Normal",
    "transform" : [
      0.06580033,
      -0.9974151,
      -0.028871864,
      0,
      -0.99668884,
      -0.06431221,
      -0.049753673,
      0,
      0.04776824,
      0.03205007,
      -0.9983443,
      0,
      -3.7075686,
      0.097190626,
      4.6191435,
      1
    ]
  },
  {
    "timestamp" : 235362713147,
    "trackingState" : "Normal",
    "transform" : [
      0.066528045,
      -0.99721426,
      -0.033731192,
      0,
      -0.99693656,
      -0.06503991,
      -0.04344647,
      0,
      0.041131552,
      0.036518257,
      -0.99848634,
      0,
      -3.707272,
      0.0946273,
      4.623792,
      1
    ]
  },
  {
    "timestamp" : 235362729807,
    "trackingState" : "Normal",
    "transform" : [
      0.06635409,
      -0.9970391,
      -0.03886116,
      0,
      -0.9971579,
      -0.06486856,
      -0.038316045,
      0,
      0.035681717,
      0.041293137,
      -0.9985097,
      0,
      -3.707026,
      0.09214903,
      4.6286097,
      0.9999999
    ]
  },
  {
    "timestamp" : 235362746468,
    "trackingState" : "Normal",
    "transform" : [
      0.06525768,
      -0.99688363,
      -0.044323187,
      0,
      -0.9973475,
      -0.06372401,
      -0.035176948,
      0,
      0.032242853,
      0.04650118,
      -0.99839777,
      0,
      -3.7067266,
      0.08968335,
      4.6335793,
      0.99999994
    ]
  },
  {
    "timestamp" : 235362763128,
    "trackingState" : "Normal",
    "transform" : [
      0.06326714,
      -0.99676144,
      -0.049638737,
      0,
      -0.9974867,
      -0.061566714,
      -0.0350694,
      0,
      0.031899706,
      0.051732715,
      -0.99815154,
      0,
      -3.7063165,
      0.08724219,
      4.6386275,
      1
    ]
  },
  {
    "timestamp" : 235362779788,
    "trackingState" : "Normal",
    "transform" : [
      0.06031651,
      -0.996681,
      -0.054670554,
      0,
      -0.9976177,
      -0.058355127,
      -0.036790665,
      0,
      0.033478234,
      0.056759395,
      -0.99782646,
      0,
      -3.7057567,
      0.08484452,
      4.6437106,
      0.9999999
    ]
  },
  {
    "timestamp" : 235362796449,
    "trackingState" : "Normal",
    "transform" : [
      0.057389498,
      -0.99656826,
      -0.059650283,
      0,
      -0.99778426,
      -0.055239923,
      -0.03708247,
      0,
      0.033660125,
      0.061646253,
      -0.99753034,
      0,
      -3.7051282,
      0.08248002,
      4.6488323,
      0.99999994
    ]
  },
  {
    "timestamp" : 235362813109,
    "trackingState" : "Normal",
    "transform" : [
      0.055686295,
      -0.9963383,
      -0.06487791,
      0,
      -0.9979926,
      -0.053580005,
      -0.03376634,
      0,
      0.030166516,
      0.06662799,
      -0.9973219,
      0,
      -3.7046826,
      0.08007193,
      4.6542664,
      1
    ]
  },
  {
    "timestamp" : 235362829770,
    "trackingState" : "Normal",
    "transform" : [
      0.05546181,
      -0.99600863,
      -0.06993637,
      0,
      -0.99818075,
      -0.053650655,
      -0.027516177,
      0,
      0.023654198,
      0.07133522,
      -0.9971721,
      0,
      -3.7045796,
      0.07758021,
      4.6602063,
      1.0000001
    ]
  },
  {
    "timestamp" : 235362846430,
    "trackingState" : "Normal",
    "transform" : [
      0.0556305,
      -0.99568635,
      -0.074255385,
      0,
      -0.9983121,
      -0.05422636,
      -0.020795058,
      0,
      0.016678741,
      0.07528688,
      -0.99702245,
      0,
      -3.7042599,
      0.07521884,
      4.665735,
      0.99999994
    ]
  },
  {
    "timestamp" : 235362863090,
    "trackingState" : "Normal",
    "transform" : [
      0.055099048,
      -0.99544644,
      -0.077785015,
      0,
      -0.9984017,
      -0.053945653,
      -0.016853742,
      0,
      0.012580822,
      0.078589305,
      -0.9968279,
      0,
      -3.7038171,
      0.07291625,
      4.6711645,
      1
    ]
  },
  {
    "timestamp" : 235362879751,
    "trackingState" : "Normal",
    "transform" : [
      0.053317636,
      -0.995296,
      -0.08088961,
      0,
      -0.9984986,
      -0.052118726,
      -0.016862681,
      0,
      0.012567482,
      0.08166724,
      -0.99658054,
      0,
      -3.7032351,
      0.07064138,
      4.6765985,
      0.9999999
    ]
  },
  {
    "timestamp" : 235362896411,
    "trackingState" : "Normal",
    "transform" : [
      0.050399583,
      -0.9952392,
      -0.08341998,
      0,
      -0.99862045,
      -0.048985645,
      -0.018911699,
      0,
      0.014735269,
      0.08425804,
      -0.99633515,
      0,
      -3.7024913,
      0.068337545,
      4.682066,
      1
    ]
  },
  {
    "timestamp" : 235362913072,
    "trackingState" : "Normal",
    "transform" : [
      0.04763384,
      -0.99515927,
      -0.085960016,
      0,
      -0.99874574,
      -0.04612222,
      -0.019487381,
      0,
      0.015428367,
      0.08678045,
      -0.9961082,
      0,
      -3.7018607,
      0.06575114,
      4.688854,
      1
    ]
  },
  {
    "timestamp" : 235362929732,
    "trackingState" : "Normal",
    "transform" : [
      0.046078734,
      -0.9948888,
      -0.08985098,
      0,
      -0.99885756,
      -0.044747777,
      -0.016772477,
      0,
      0.0126661,
      0.09052118,
      -0.9958141,
      0,
      -3.701048,
      0.06313497,
      4.6950192,
      1
    ]
  },
  {
    "timestamp" : 235362946392,
    "trackingState" : "Normal",
    "transform" : [
      0.04582409,
      -0.99439347,
      -0.09529969,
      0,
      -0.99892914,
      -0.045002304,
      -0.010755718,
      0,
      0.0064066923,
      0.09569049,
      -0.99539083,
      0,
      -3.7001452,
      0.06041716,
      4.701113,
      1.0000001
    ]
  },
  {
    "timestamp" : 235362963053,
    "trackingState" : "Normal",
    "transform" : [
      0.045821484,
      -0.9938082,
      -0.10122123,
      0,
      -0.99894804,
      -0.045771062,
      -0.0028217013,
      0,
      -0.0018287915,
      0.10124405,
      -0.99486005,
      0,
      -3.6991367,
      0.057583272,
      4.7072525,
      0.99999994
    ]
  },
  {
    "timestamp" : 235362979713,
    "trackingState" : "Normal",
    "transform" : [
      0.044698026,
      -0.9932453,
      -0.107078955,
      0,
      -0.99895215,
      -0.045494504,
      0.005005847,
      0,
      -0.009843553,
      0.106742986,
      -0.9942381,
      0,
      -3.6979556,
      0.05463371,
      4.7134614,
      1
    ]
  },
  {
    "timestamp" : 235362996374,
    "trackingState" : "Normal",
    "transform" : [
      0.041464914,
      -0.99278885,
      -0.11247702,
      0,
      -0.9990106,
      -0.043007575,
      0.011322841,
      0,
      -0.01607857,
      0.111896224,
      -0.99358994,
      0,
      -3.6965568,
      0.05159455,
      4.719748,
      0.99999994
    ]
  },
  {
    "timestamp" : 235363013034,
    "trackingState" : "Normal",
    "transform" : [
      0.036659647,
      -0.99243927,
      -0.11713453,
      0,
      -0.9991207,
      -0.038786042,
      0.015925149,
      0,
      -0.020347942,
      0.116447695,
      -0.9929885,
      0,
      -3.6951432,
      0.048629675,
      4.7262807,
      1
    ]
  },
  {
    "timestamp" : 235363029695,
    "trackingState" : "Normal",
    "transform" : [
      0.031287033,
      -0.99200916,
      -0.122225456,
      0,
      -0.99922085,
      -0.033986732,
      0.020065337,
      0,
      -0.024059057,
      0.12150244,
      -0.9922996,
      0,
      -3.6938927,
      0.04585075,
      4.7332683,
      1
    ]
  },
  {
    "timestamp" : 235363046355,
    "trackingState" : "Normal",
    "transform" : [
      0.026571047,
      -0.9913277,
      -0.12869887,
      0,
      -0.9992489,
      -0.029972205,
      0.02456269,
      0,
      -0.028207082,
      0.12794954,
      -0.9913796,
      0,
      -3.6923862,
      0.042765066,
      4.7402205,
      1
    ]
  },
  {
    "timestamp" : 235363063015,
    "trackingState" : "Normal",
    "transform" : [
      0.023345156,
      -0.99035364,
      -0.13658245,
      0,
      -0.9991815,
      -0.027628316,
      0.029548135,
      0,
      -0.033036664,
      0.13578086,
      -0.9901881,
      0,
      -3.6908493,
      0.039561797,
      4.7473044,
      1
    ]
  },
  {
    "timestamp" : 235363079676,
    "trackingState" : "Normal",
    "transform" : [
      0.021516832,
      -0.98911923,
      -0.14553475,
      0,
      -0.9990466,
      -0.026803372,
      0.034461986,
      0,
      -0.03798785,
      0.14465445,
      -0.9887529,
      0,
      -3.6893122,
      0.03632783,
      4.754522,
      0.99999994
    ]
  },
  {
    "timestamp" : 235363096336,
    "trackingState" : "Normal",
    "transform" : [
      0.019754736,
      -0.9877096,
      -0.15504713,
      0,
      -0.9988671,
      -0.026212443,
      0.039716452,
      0,
      -0.043292504,
      0.1540869,
      -0.9871086,
      0,
      -3.687734,
      0.033082742,
      4.761856,
      0.9999999
    ]
  },
  {
    "timestamp" : 235363112997,
    "trackingState" : "Normal",
    "transform" : [
      0.017266396,
      -0.98630816,
      -0.16400656,
      0,
      -0.99865305,
      -0.025039254,
      0.04544501,
      0,
      -0.04892941,
      0.16300097,
      -0.9854121,
      0,
      -3.6861045,
      0.029868983,
      4.769398,
      1
    ]
  },
  {
    "timestamp" : 235363129657,
    "trackingState" : "Normal",
    "transform" : [
      0.013782918,
      -0.984919,
      -0.17246614,
      0,
      -0.9984518,
      -0.022852484,
      0.050712965,
      0,
      -0.053889465,
      0.17150015,
      -0.98370916,
      0,
      -3.684408,
      0.026731547,
      4.7772593,
      1
    ]
  },
  {
    "timestamp" : 235363146317,
    "trackingState" : "Normal",
    "transform" : [
      0.010048945,
      -0.9834202,
      -0.18106315,
      0,
      -0.99830085,
      -0.020260263,
      0.054635532,
      0,
      -0.057398092,
      0.18020643,
      -0.9819529,
      0,
      -3.6825576,
      0.023570377,
      4.7850084,
      1
    ]
  },
  {
    "timestamp" : 235363162978,
    "trackingState" : "Normal",
    "transform" : [
      0.0069109085,
      -0.9816681,
      -0.19047342,
      0,
      -0.99815387,
      -0.018266292,
      0.0579256,
      0,
      -0.06034298,
      0.18972144,
      -0.9799821,
      0,
      -3.680626,
      0.020469299,
      4.7928247,
      1.0000001
    ]
  },
  {
    "timestamp" : 235363179638,
    "trackingState" : "Normal",
    "transform" : [
      0.0043851463,
      -0.9795246,
      -0.20127666,
      0,
      -0.9979445,
      -0.01715529,
      0.061745342,
      0,
      -0.063934065,
      0.20059215,
      -0.9775865,
      0,
      -3.6786292,
      0.017453928,
      4.800754,
      1
    ]
  },
  {
    "timestamp" : 235363196299,
    "trackingState" : "Normal",
    "transform" : [
      0.0019615428,
      -0.9770262,
      -0.21311042,
      0,
      -0.99768007,
      -0.01641403,
      0.066068776,
      0,
      -0.06804895,
      0.2124864,
      -0.9747919,
      0,
      -3.6765912,
      0.014679478,
      4.808587,
      0.99999994
    ]
  },
  {
    "timestamp" : 235363212959,
    "trackingState" : "Normal",
    "transform" : [
      -0.0007963875,
      -0.9745935,
      -0.22397932,
      0,
      -0.9974056,
      -0.015348409,
      0.07033141,
      0,
      -0.071982294,
      0.2234542,
      -0.97205293,
      0,
      -3.6745284,
      0.012271307,
      4.8161025,
      0.9999999
    ]
  },
  {
    "timestamp" : 235363229620,
    "trackingState" : "Normal",
    "transform" : [
      -0.0038654557,
      -0.97268987,
      -0.23207667,
      0,
      -0.99713224,
      -0.013791616,
      0.07441218,
      0,
      -0.075580716,
      0.23169877,
      -0.96984714,
      0,
      -3.6724362,
      0.00992893,
      4.8235826,
      1
    ]
  },
  {
    "timestamp" : 235363246280,
    "trackingState" : "Normal",
    "transform" : [
      -0.007001651,
      -0.97140115,
      -0.23734108,
      0,
      -0.9967653,
      -0.012222939,
      0.079431586,
      0,
      -0.08006096,
      0.2371295,
      -0.96817344,
      0,
      -3.6703742,
      0.0077500055,
      4.830899,
      0.9999999
    ]
  },
  {
    "timestamp" : 235363262940,
    "trackingState" : "Normal",
    "transform" : [
      -0.009914186,
      -0.9701673,
      -0.24223366,
      0,
      -0.9961451,
      -0.011532412,
      0.08695874,
      0,
      -0.08715807,
      0.242162,
      -0.9663131,
      0,
      -3.6683612,
      0.005661134,
      4.83817,
      0.9999998
    ]
  },
  {
    "timestamp" : 235363279601,
    "trackingState" : "Normal",
    "transform" : [
      -0.012591699,
      -0.96857667,
      -0.24839675,
      0,
      -0.99536633,
      -0.011541824,
      0.095462166,
      0,
      -0.09532938,
      0.24844775,
      -0.9639432,
      0,
      -3.6663797,
      0.0036166776,
      4.8454733,
      1
    ]
  },
  {
    "timestamp" : 235363296261,
    "trackingState" : "Normal",
    "transform" : [
      -0.015075134,
      -0.9668735,
      -0.2548105,
      0,
      -0.9947412,
      -0.01131735,
      0.10179447,
      0,
      -0.10130617,
      0.25500503,
      -0.96161824,
      0,
      -3.6643872,
      0.0016707764,
      4.8527203,
      0.99999994
    ]
  },
  {
    "timestamp" : 235363312922,
    "trackingState" : "Normal",
    "transform" : [
      -0.017777247,
      -0.9653563,
      -0.26032922,
      0,
      -0.9942834,
      -0.010348309,
      0.10627092,
      0,
      -0.10528328,
      0.26073018,
      -0.9596538,
      0,
      -3.6624656,
      -1.1283032e-06,
      4.859885,
      0.99999994
    ]
  },
  {
    "timestamp" : 235363329582,
    "trackingState" : "Normal",
    "transform" : [
      -0.020616928,
      -0.9640576,
      -0.26489228,
      0,
      -0.9938061,
      -0.0091772415,
      0.110749245,
      0,
      -0.109199636,
      0.26553482,
      -0.9578972,
      0,
      -3.6607072,
      -0.001337498,
      4.8669844,
      1
    ]
  },
  {
    "timestamp" : 235363346242,
    "trackingState" : "Normal",
    "transform" : [
      -0.023394074,
      -0.9629563,
      -0.26864064,
      0,
      -0.99318147,
      -0.0083112875,
      0.11628159,
      0,
      -0.11420687,
      0.26952922,
      -0.956196,
      0,
      -3.6587734,
      -0.002889539,
      4.873812,
      0.9999999
    ]
  },
  {
    "timestamp" : 235363362903,
    "trackingState" : "Normal",
    "transform" : [
      -0.02592714,
      -0.96193814,
      -0.2720347,
      0,
      -0.9923558,
      -0.008077948,
      0.12314397,
      0,
      -0.12065438,
      0.273148,
      -0.95437557,
      0,
      -3.6567793,
      -0.0045364695,
      4.88046,
      0.9999999
    ]
  },
  {
    "timestamp" : 235363379563,
    "trackingState" : "Normal",
    "transform" : [
      -0.028372526,
      -0.9608141,
      -0.275738,
      0,
      -0.9913802,
      -0.0082499245,
      0.13075674,
      0,
      -0.12790774,
      0.27707106,
      -0.952298,
      0,
      -3.6547692,
      -0.006260954,
      4.8869586,
      1
    ]
  },
  {
    "timestamp" : 235363396223,
    "trackingState" : "Normal",
    "transform" : [
      -0.030797657,
      -0.95902604,
      -0.28163907,
      0,
      -0.9903043,
      -0.008909352,
      0.13862903,
      0,
      -0.1354581,
      0.2831778,
      -0.9494533,
      0,
      -3.6526923,
      -0.008148759,
      4.893441,
      0.99999994
    ]
  },
  {
    "timestamp" : 235363412884,
    "trackingState" : "Normal",
    "transform" : [
      -0.032873772,
      -0.957272,
      -0.2873148,
      0,
      -0.9893593,
      -0.009597413,
      0.1451763,
      0,
      -0.14173073,
      0.28903005,
      -0.9467705,
      0,
      -3.6506436,
      -0.010167891,
      4.8998084,
      1
    ]
  },
  {
    "timestamp" : 235363429544,
    "trackingState" : "Normal",
    "transform" : [
      -0.03441505,
      -0.9554016,
      -0.2932976,
      0,
      -0.9883555,
      -0.010988146,
      0.15176529,
      0,
      -0.14821962,
      0.2951053,
      -0.9438983,
      0,
      -3.6486268,
      -0.0124089895,
      4.9061522,
      0.99999994
    ]
  },
  {
    "timestamp" : 235363446205,
    "trackingState" : "Normal",
    "transform" : [
      -0.0356396,
      -0.9532008,
      -0.30022997,
      0,
      -0.98729587,
      -0.012965065,
      0.1583624,
      0,
      -0.1548437,
      0.30205977,
      -0.94062924,
      0,
      -3.64657,
      -0.014630142,
      4.9121804,
      0.9999999
    ]
  },
  {
    "timestamp" : 235363462865,
    "trackingState" : "Normal",
    "transform" : [
      -0.037315182,
      -0.95066893,
      -0.30795506,
      0,
      -0.9862403,
      -0.014630898,
      0.16466972,
      0,
      -0.16105206,
      0.30986232,
      -0.93704206,
      0,
      -3.6444118,
      -0.016893338,
      4.9179473,
      1
    ]
  },
  {
    "timestamp" : 235363479526,
    "trackingState" : "Normal",
    "transform" : [
      -0.04040636,
      -0.94824,
      -0.3149734,
      0,
      -0.98514795,
      -0.014842753,
      0.1710644,
      0,
      -0.1668852,
      0.3172075,
      -0.9335571,
      0,
      -3.6421006,
      -0.019179182,
      4.9233785,
      0.9999999
    ]
  },
  {
    "timestamp" : 235363496186,
    "trackingState" : "Normal",
    "transform" : [
      -0.04543794,
      -0.9466364,
      -0.31908488,
      0,
      -0.9840258,
      -0.012624103,
      0.17757824,
      0,
      -0.17213017,
      0.3220565,
      -0.9309409,
      0,
      -3.639665,
      -0.021383632,
      4.9283743,
      0.9999999
    ]
  },
  {
    "timestamp" : 235363512846,
    "trackingState" : "Normal",
    "transform" : [
      -0.051273145,
      -0.945846,
      -0.3205408,
      0,
      -0.9827702,
      -0.009284562,
      0.18459892,
      0,
      -0.17757826,
      0.3244828,
      -0.9290732,
      0,
      -3.6371014,
      -0.023448095,
      4.932853,
      1
    ]
  },
  {
    "timestamp" : 235363529507,
    "trackingState" : "Normal",
    "transform" : [
      -0.056808136,
      -0.9452281,
      -0.32142904,
      0,
      -0.9813378,
      -0.006375452,
      0.19218619,
      0,
      -0.18370908,
      0.3263482,
      -0.92722595,
      0,
      -3.634448,
      -0.025352899,
      4.936891,
      0.99999994
    ]
  },
  {
    "timestamp" : 235363546167,
    "trackingState" : "Normal",
    "transform" : [
      -0.061244912,
      -0.9441454,
      -0.32378784,
      0,
      -0.9798135,
      -0.004978911,
      0.19985126,
      0,
      -0.19030076,
      0.3294916,
      -0.9247815,
      0,
      -3.6319463,
      -0.027306922,
      4.94103,
      0.9999999
    ]
  },
  {
    "timestamp" : 235363562828,
    "trackingState" : "Normal",
    "transform" : [
      -0.06449926,
      -0.94251007,
      -0.32789445,
      0,
      -0.9783099,
      -0.005094414,
      0.20708431,
      0,
      -0.1968495,
      0.3341391,
      -0.9217383,
      0,
      -3.6295538,
      -0.029229982,
      4.9451556,
      1.0000001
    ]
  },
  {
    "timestamp" : 235363579488,
    "trackingState" : "Normal",
    "transform" : [
      -0.0667038,
      -0.9406552,
      -0.33274406,
      0,
      -0.97680354,
      -0.0064468705,
      0.21404073,
      0,
      -0.20348367,
      0.3393029,
      -0.91840523,
      0,
      -3.6272697,
      -0.03107582,
      4.949181,
      0.99999994
    ]
  },
  {
    "timestamp" : 235363596148,
    "trackingState" : "Normal",
    "transform" : [
      -0.06813069,
      -0.9388213,
      -0.33759865,
      0,
      -0.9752003,
      -0.0087548075,
      0.22115095,
      0,
      -0.21057686,
      0.34429345,
      -0.91494244,
      0,
      -3.6250558,
      -0.032847177,
      4.9530816,
      1
    ]
  },
  {
    "timestamp" : 235363612809,
    "trackingState" : "Normal",
    "transform" : [
      -0.069805376,
      -0.936709,
      -0.34307945,
      0,
      -0.9734857,
      -0.011135999,
      0.2284769,
      0,
      -0.2178369,
      0.3499318,
      -0.9110955,
      0,
      -3.6228411,
      -0.034683518,
      4.9571185,
      0.99999994
    ]
  },
  {
    "timestamp" : 235363629469,
    "trackingState" : "Normal",
    "transform" : [
      -0.072608136,
      -0.9343573,
      -0.34886184,
      0,
      -0.9718096,
      -0.012388507,
      0.23544155,
      0,
      -0.22430842,
      0.35612223,
      -0.90711796,
      0,
      -3.620551,
      -0.0366222,
      4.9613905,
      1
    ]
  },
  {
    "timestamp" : 235363646130,
    "trackingState" : "Normal",
    "transform" : [
      -0.07624272,
      -0.93227434,
      -0.35362667,
      0,
      -0.97028536,
      -0.012310589,
      0.24165046,
      0,
      -0.22963786,
      0.36154282,
      -0.9036336,
      0,
      -3.6180935,
      -0.038325906,
      4.965075,
      1
    ]
  },
  {
    "timestamp" : 235363662790,
    "trackingState" : "Normal",
    "transform" : [
      -0.07994828,
      -0.93054265,
      -0.35734943,
      0,
      -0.9685847,
      -0.012169143,
      0.24838597,
      0,
      -0.2354824,
      0.36598116,
      -0.90033656,
      0,
      -3.6156154,
      -0.03987095,
      4.968475,
      0.99999994
    ]
  },
  {
    "timestamp" : 235363679450,
    "trackingState" : "Normal",
    "transform" : [
      -0.08323925,
      -0.928897,
      -0.3608624,
      0,
      -0.9664863,
      -0.012995743,
      0.25638938,
      0,
      -0.242849,
      0.3701102,
      -0.8966845,
      0,
      -3.6131935,
      -0.04130005,
      4.9717565,
      1
    ]
  },
  {
    "timestamp" : 235363696111,
    "trackingState" : "Normal",
    "transform" : [
      -0.08597885,
      -0.9271833,
      -0.36460793,
      0,
      -0.96420866,
      -0.014693704,
      0.26473725,
      0,
      -0.2508174,
      0.3743199,
      -0.8927349,
      0,
      -3.610827,
      -0.042623132,
      4.974982,
      1
    ]
  },
  {
    "timestamp" : 235363712771,
    "trackingState" : "Normal",
    "transform" : [
      -0.08860078,
      -0.9253541,
      -0.36860546,
      0,
      -0.9619179,
      -0.01657971,
      0.2728358,
      0,
      -0.25858107,
      0.37874162,
      -0.88864565,
      0,
      -3.608435,
      -0.043866158,
      4.9783854,
      1
    ]
  },
  {
    "timestamp" : 235363729432,
    "trackingState" : "Normal",
    "transform" : [
      -0.09146668,
      -0.92350924,
      -0.3725116,
      0,
      -0.9597283,
      -0.018030055,
      0.28035122,
      0,
      -0.26562333,
      0.38315263,
      -0.88466877,
      0,
      -3.6059756,
      -0.04502278,
      4.9820514,
      1
    ]
  },
  {
    "timestamp" : 235363746092,
    "trackingState" : "Normal",
    "transform" : [
      -0.094722755,
      -0.9220128,
      -0.3753933,
      0,
      -0.95755196,
      -0.018741842,
      0.2876508,
      0,
      -0.2722533,
      0.38670564,
      -0.8811,
      0,
      -3.6035507,
      -0.046001595,
      4.9852157,
      0.99999994
    ]
  },
  {
    "timestamp" : 235363762752,
    "trackingState" : "Normal",
    "transform" : [
      -0.098434955,
      -0.92113835,
      -0.3765831,
      0,
      -0.9549697,
      -0.019000199,
      0.2960945,
      0,
      -0.2798992,
      0.38877147,
      -0.87778896,
      0,
      -3.6011548,
      -0.046818476,
      4.988107,
      1
    ]
  },
  {
    "timestamp" : 235363779413,
    "trackingState" : "Normal",
    "transform" : [
      -0.102208845,
      -0.92102325,
      -0.37585866,
      0,
      -0.95185363,
      -0.019224238,
      0.3059496,
      0,
      -0.28901237,
      0.38903314,
      -0.8747145,
      0,
      -3.5988193,
      -0.04749644,
      4.990844,
      1
    ]
  },
  {
    "timestamp" : 235363796073,
    "trackingState" : "Normal",
    "transform" : [
      -0.1057035,
      -0.9211899,
      -0.37448102,
      0,
      -0.94843495,
      -0.019774321,
      0.31635463,
      0,
      -0.29882783,
      0.3886106,
      -0.87159854,
      0,
      -3.5965085,
      -0.048016425,
      4.9934855,
      1
    ]
  },
  {
    "timestamp" : 235363812734,
    "trackingState" : "Normal",
    "transform" : [
      -0.108610526,
      -0.92090446,
      -0.37435135,
      0,
      -0.94494706,
      -0.021289784,
      0.32653025,
      0,
      -0.30867305,
      0.38920677,
      -0.86789364,
      0,
      -3.5941775,
      -0.048412994,
      4.9961452,
      1
    ]
  },
  {
    "timestamp" : 235363829394,
    "trackingState" : "Normal",
    "transform" : [
      -0.1109848,
      -0.92002463,
      -0.37581533,
      0,
      -0.94174975,
      -0.023439497,
      0.33549672,
      0,
      -0.31747422,
      0.391159,
      -0.8638315,
      0,
      -3.5919175,
      -0.048897862,
      4.999049,
      1
    ]
  },
  {
    "timestamp" : 235363846055,
    "trackingState" : "Normal",
    "transform" : [
      -0.11313129,
      -0.9189974,
      -0.37768397,
      0,
      -0.93903655,
      -0.02531823,
      0.34288403,
      0,
      -0.32467186,
      0.3934499,
      -0.86010784,
      0,
      -3.589694,
      -0.049351085,
      5.0020375,
      1
    ]
  },
  {
    "timestamp" : 235363862715,
    "trackingState" : "Normal",
    "transform" : [
      -0.11550944,
      -0.91837156,
      -0.37848565,
      0,
      -0.9363648,
      -0.02648349,
      0.35002822,
      0,
      -0.33147958,
      0.3948321,
      -0.85687166,
      0,
      -3.5875065,
      -0.04972127,
      5.0049996,
      1
    ]
  },
  {
    "timestamp" : 235363879375,
    "trackingState" : "Normal",
    "transform" : [
      -0.11832361,
      -0.91834646,
      -0.37767643,
      0,
      -0.93317425,
      -0.027159085,
      0.3583967,
      0,
      -0.33938974,
      0.39484465,
      -0.8537638,
      0,
      -3.5853698,
      -0.050020512,
      5.00791,
      1
    ]
  },
  {
    "timestamp" : 235363896036,
    "trackingState" : "Normal",
    "transform" : [
      -0.12143182,
