[
  {
    "transform" : [
      -0.46384987,
      -0.8397828,
      0.28214937,
      0,
      0.57979995,
      -0.0469628,
      0.81340444,
      0,
      -0.66983247,
      0.54088765,
      0.50868964,
      0,
      0.4538565,
      -0.10325271,
      -3.813009,
      1
    ],
    "trackingState" : "Normal",
    "timestamp" : 235312048780
  },
  {
    "transform" : [
      -0.4604306,
      -0.84054655,
      0.2854565,
      0,
      0.5823253,
      -0.043288443,
      0.8118028,
      0,
      -0.67000103,
      0.54000723,
      0.5094028,
      0,
      0.4578046,
      -0.1024512,
      -3.8164916,
      1.0000001
    ],
    "trackingState" : "Normal",
    "timestamp" : 235312065440
  },
  {
    "transform" : [
      -0.45478663,
      -0.8420438,
      0.29005435,
      0,
      0.5844116,
      -0.036402803,
      0.8106406,
      0,
      -0.6720361,
      0.5381795,
      0.50865567,
      0,
      0.46144402,
      -0.10164669,
      -3.8199487,
      1
    ],
    "trackingState" : "Normal",
    "timestamp" : 235312082100
  },
  {
    "transform" : [
      -0.4475614,
      -0.844218,
      0.29493222,
      0,
      0.5878472,
      -0.029212067,
      0.80844444,
      0,
      -0.6738877,
      0.5352035,
      0.50934535,
      0,
      0.46492356,
      -0.10095201,
      -3.8234043,
      1
    ],
    "trackingState" : "Normal",
    "timestamp" : 235312098761
  },
  {
    "transform" : [
      -0.4403326,
      -0.84648716,
      0.29927742,
      0,
      0.5932611,
      -0.024122052,
      0.80464876,
      0,
      -0.6739057,
      0.5318626,
      0.51280963,
      0,
      0.46830875,
      -0.10027399,
      -3.8265889,
      1
    ],
    "trackingState" : "Normal",
    "timestamp" : 235312115421
  },
  {
    "transform" : [
      -0.43458846,
      -0.8481612,
      0.30291146,
      0,
      0.5990401,
      -0.021072615,
      0.8004417,
      0,
      -0.6725206,
      0.52931887,
      0.5172405,
      0,
      0.4717313,
      -0.09966184,
      -3.829558,
      0.99999994
    ],
    "trackingState" : "Normal",
    "timestamp" : 235312132082
  },
  {
    "transform" : [
      -0.43267968,
      -0.8481429,
      0.30568272,
      0,
      0.60385853,
      -0.020873535,
      0.79681826,
      0,
      -0.6694351,
      0.5293562,
      0.5211899,
      0,
      0.47530395,
      -0.09923895,
      -3.8323686,
      0.99999994
    ],
    "trackingState" : "Normal",
    "timestamp" : 235312148742
  },
  {
    "transform" : [
      -0.4330867,
      -0.8471023,
      0.3079834,
      0,
      0.60708916,
      -0.021577658,
      0.7943408,
      0,
      -0.6662423,
      0.53099173,
      0.52361166,
      0,
      0.47895217,
      -0.0989223,
      -3.8350258,
      0.99999994
    ],
    "trackingState" : "Normal",
    "timestamp" : 235312165403
  },
  {
    "transform" : [
      -0.43450966,
      -0.8457883,
      0.30958623,
      0,
      0.60865366,
      -0.022377634,
      0.79312044,
      0,
      -0.66388416,
      0.5330493,
      0.52451545,
      0,
      0.48259437,
      -0.098673984,
      -3.837523,
      0.9999999
    ],
    "trackingState" : "Normal",
    "timestamp" : 235312182063
  },
  {
    "transform" : [
      -0.4356693,
      -0.84480083,
      0.31065097,
      0,
      0.6091988,
      -0.022677796,
      0.79269344,
      0,
      -0.66262305,
      0.53460026,
      0.52453166,
      0,
      0.48611963,
      -0.098731995,
      -3.8399303,
      1
    ],
    "trackingState" : "Normal",
    "timestamp" : 235312198724
  },
  {
    "transform" : [
      -0.43655258,
      -0.8438468,
      0.31200096,
      0,
      0.6103365,
      -0.022988658,
      0.7918088,
      0,
      -0.66099274,
      0.5360917,
      0.52506626,
      0,
      0.48954314,
      -0.09872638,
      -3.842269,
      1
    ],
    "trackingState" : "Normal",
    "timestamp" : 235312215384
  },
  {
    "transform" : [
      -0.4376576,
      -0.8425397,
      0.31397894,
      0,
      0.61247283,
      -0.02369875,
      0.7901365,
      0,
      -0.65828043,
      0.5381127,
      0.5264046,
      0,
      0.49287754,
      -0.09880184,
      -3.8446083,
      1
    ],
    "trackingState" : "Normal",
    "timestamp" : 235312232044
  },
  {
    "transform" : [
      -0.43947777,
      -0.8406319,
      0.31653982,
      0,
      0.61551636,
      -0.025171937,
      0.7877221,
      0,
      -0.65421647,
      0.54102176,
      0.5284852,
      0,
      0.49616665,
      -0.099013895,
      -3.8469837,
      1
    ],
    "trackingState" : "Normal",
    "timestamp" : 235312248705
  },
  {
    "transform" : [
      -0.44025648,
      -0.8391018,
      0.3195039,
      0,
      0.61851925,
      -0.025482798,
      0.7853565,
      0,
      -0.6508522,
      0.54337746,
      0.5302196,
      0,
      0.49932277,
      -0.09928904,
      -3.8493726,
      1.0000001
    ],
    "trackingState" : "Normal",
    "timestamp" : 235312265365
  },
  {
    "transform" : [
      -0.4391446,
      -0.838677,
      0.32213825,
      0,
      0.6213138,
      -0.024508676,
      0.7831785,
      0,
      -0.6489386,
      0.5440775,
      0.53184444,
      0,
      0.5023462,
      -0.0995727,
      -3.851721,
      0.9999999
    ],
    "trackingState" : "Normal",
    "timestamp" : 235312282026
  },
  {
    "transform" : [
      -0.43691638,
      -0.83894557,
      0.3244603,
      0,
      0.62409544,
      -0.022970032,
      0.7810104,
      0,
      -0.6477724,
      0.5437304,
      0.5336181,
      0,
      0.50561833,
      -0.09989269,
      -3.854181,
      0.99999994
    ],
    "trackingState" : "Normal",
    "timestamp" : 235312298686
  },
  {
    "transform" : [
      -0.43529695,
      -0.83877224,
      0.32707444,
      0,
      0.6269495,
      -0.021695366,
      0.7787578,
      0,
      -0.64610445,
      0.54405,
      0.53531176,
      0,
      0.5087508,
      -0.1002902,
      -3.8565495,
      0.9999999
    ],
    "trackingState" : "Normal",
    "timestamp" : 235312315347
  },
  {
    "transform" : [
      -0.43491375,
      -0.83771914,
      0.33026794,
      0,
      0.62972796,
      -0.020784834,
      0.7765378,
      0,
      -0.6436561,
      0.5457058,
      0.5365748,
      0,
      0.51191264,
      -0.10079167,
      -3.8589332,
      1.0000001
    ],
    "trackingState" : "Normal",
    "timestamp" : 235312332007
  },
  {
    "transform" : [
      -0.4350667,
      -0.83620226,
      0.33389056,
      0,
      0.63231355,
      -0.01974797,
      0.7744611,
      0,
      -0.64101225,
      0.5480656,
      0.53733367,
      0,
      0.5151006,
      -0.10136591,
      -3.861341,
      1
    ],
    "trackingState" : "Normal",
    "timestamp" : 235312348668
  },
  {
    "transform" : [
      -0.43461946,
      -0.83499134,
      0.33748424,
      0,
      0.6349487,
      -0.018335016,
      0.77233684,
      0,
      -0.6387067,
      0.5499577,
      0.5381455,
      0,
      0.51827365,
      -0.101944126,
      -3.863731,
      1
    ],
    "trackingState" : "Normal",
    "timestamp" : 235312365328
  },
  {
    "transform" : [
      -0.4333022,
      -0.8344715,
      0.3404506,
      0,
      0.63808924,
      -0.017277095,
      0.7697687,
      0,
      -0.636468,
      0.55078024,
      0.53995353,
      0,
      0.52144295,
      -0.10248303,
      -3.8660445,
      1
    ],
    "trackingState" : "Normal",
    "timestamp" : 235312381989
  },
  {
    "transform" : [
      -0.4318088,
      -0.8343371,
      0.3426702,
      0,
      0.64195937,
      -0.017418606,
      0.7665409,
      0,
      -0.6335846,
      0.5509794,
      0.543132,
      0,
      0.5246587,
      -0.103011645,
      -3.8682773,
      0.99999994
    ],
    "trackingState" : "Normal",
    "timestamp" : 235312398649
  },
  {
    "transform" : [
      -0.43111354,
      -0.8339812,
      0.34440762,
      0,
      0.64593667,
      -0.01874579,
      0.7631609,
      0,
      -0.6300056,
      0.5514744,
      0.54678065,
      0,
      0.5278673,
      -0.10378785,
      -3.8702807,
      0.99999994
    ],
    "trackingState" : "Normal",
    "timestamp" : 235312415309
  },
  {
    "transform" : [
      -0.43124962,
      -0.8330724,
      0.3464309,
      0,
      0.6498395,
      -0.020437615,
      0.7597967,
      0,
      -0.6258853,
      0.55278647,
      0.55017716,
      0,
      0.5312383,
      -0.104488485,
      -3.872403,
      1
    ],
    "trackingState" : "Normal",
    "timestamp" : 235312431970
  },
  {
    "transform" : [
      -0.43163627,
      -0.83196247,
      0.34860975,
      0,
      0.65343314,
      -0.021953344,
      0.75666595,
      0,
      -0.62186444,
      0.5543975,
      0.55310774,
      0,
      0.53468287,
      -0.105185226,
      -3.87457,
      1
    ],
    "trackingState" : "Normal",
    "timestamp" : 235312448630
  },
  {
    "transform" : [
      -0.43188018,
      -0.8307781,
      0.351123,
      0,
      0.6573094,
      -0.023342315,
      0.75325936,
      0,
      -0.61759526,
      0.55611414,
      0.5561593,
      0,
      0.53817576,
      -0.1059044,
      -3.8767467,
      0.99999994
    ],
    "trackingState" : "Normal",
    "timestamp" : 235312465291
  },
  {
    "transform" : [
      -0.43155155,
      -0.8298597,
      0.35368937,
      0,
      0.661548,
      -0.024584936,
      0.7494997,
      0,
      -0.6132841,
      0.55743015,
      0.55960184,
      0,
      0.5416914,
      -0.106633864,
      -3.8788958,
      0.99999994
    ],
    "trackingState" : "Normal",
    "timestamp" : 235312481951
  },
  {
    "transform" : [
      -0.4306753,
      -0.8291822,
      0.3563368,
      0,
      0.66631544,
      -0.025827033,
      0.74522275,
      0,
      -0.60872227,
      0.5583816,
      0.56362003,
      0,
      0.5452421,
      -0.10737937,
      -3.8809962,
      1
    ],
    "trackingState" : "Normal",
    "timestamp" : 235312498612
  },
  {
    "transform" : [
      -0.4295044,
      -0.8286113,
      0.35906735,
      0,
      0.671356,
      -0.02704551,
      0.7406415,
      0,
      -0.6039927,
      0.5591707,
      0.5679094,
      0,
      0.54886204,
      -0.10835085,
      -3.8827522,
      1
    ],
    "trackingState" : "Normal",
    "timestamp" : 235312515272
  },
  {
    "transform" : [
      -0.42841837,
      -0.8277087,
      0.36243087,
      0,
      0.6764522,
      -0.0278725,
      0.73595893,
      0,
      -0.59905785,
      0.5604654,
      0.5718465,
      0,
      0.55255646,
      -0.10924675,
      -3.8846674,
      0.99999994
    ],
    "trackingState" : "Normal",
    "timestamp" : 235312531933
  },
  {
    "transform" : [
      -0.4273826,
      -0.8265485,
      0.36628103,
      0,
      0.68154085,
      -0.028362373,
      0.7312303,
      0,
      -0.59400874,
      0.56215054,
      0.5754481,
      0,
      0.5563351,
      -0.11014424,
      -3.886609,
      1
    ],
    "trackingState" : "Normal",
    "timestamp" : 235312548593
  },
  {
    "transform" : [
      -0.4261153,
      -0.8255175,
      0.3700632,
      0,
      0.6867531,
      -0.028894663,
      0.72631633,
      0,
      -0.58889395,
      0.5636365,
      0.57923913,
      0,
      0.5602133,
      -0.111040205,
      -3.8884866,
      0.99999994
    ],
    "trackingState" : "Normal",
    "timestamp" : 235312565254
  },
  {
    "transform" : [
      -0.424329,
      -0.82487386,
      0.3735347,
      0,
      0.69224906,
      -0.029584328,
      0.7210521,
      0,
      -0.5837262,
      0.5645423,
      0.5835717,
      0,
      0.564205,
      -0.111924775,
      -3.8902733,
      1
    ],
    "trackingState" : "Normal",
    "timestamp" : 235312581914
  },
  {
    "transform" : [
      -0.4212629,
      -0.8248002,
      0.37715033,
      0,
      0.69761693,
      -0.028956829,
      0.7158856,
      0,
      -0.57954156,
      0.5646824,
      0.587593,
      0,
      0.56824154,
      -0.11280567,
      -3.8920557,
      1
    ],
    "trackingState" : "Normal",
    "timestamp" : 235312598574
  },
  {
    "transform" : [
      -0.41769722,
      -0.8246636,
      0.38139087,
      0,
      0.70291287,
      -0.027321283,
      0.71075094,
      0,
      -0.57571036,
      0.5649633,
      0.5910787,
      0,
      0.57264936,
      -0.11339909,
      -3.8935885,
      0.9999998
    ],
    "trackingState" : "Normal",
    "timestamp" : 235312615235
  },
  {
    "transform" : [
      -0.41384077,
      -0.8243407,
      0.38626182,
      0,
      0.70862514,
      -0.02534543,
      0.70512974,
      0,
      -0.5714773,
      0.56552625,
      0.59463763,
      0,
      0.57692116,
      -0.11423316,
      -3.895269,
      0.9999999
    ],
    "trackingState" : "Normal",
    "timestamp" : 235312631895
  },
  {
    "transform" : [
      -0.41018686,
      -0.82382506,
      0.39122772,
      0,
      0.71494883,
      -0.02414144,
      0.6987599,
      0,
      -0.56621116,
      0.5663299,
      0.5988953,
      0,
      0.5812116,
      -0.11516681,
      -3.8969414,
      1
    ],
    "trackingState" : "Normal",
    "timestamp" : 235312648556
  },
  {
    "transform" : [
      -0.40709707,
      -0.82313746,
      0.39587495,
      0,
      0.7220765,
      -0.024609521,
      0.6913755,
      0,
      -0.5593547,
      0.5673088,
      0.6043867,
      0,
      0.585622,
      -0.11614236,
      -3.8985102,
      1
    ],
    "trackingState" : "Normal",
    "timestamp" : 235312665216
  },
  {
    "transform" : [
      -0.40359926,
      -0.8226619,
      0.40041882,
      0,
      0.72932935,
      -0.025026575,
      0.683705,
      0,
      -0.55243695,
      0.56797993,
      0.61009216,
      0,
      0.5901193,
      -0.11710602,
      -3.8999848,
      1
    ],
    "trackingState" : "Normal",
    "timestamp" : 235312681877
  },
  {
    "transform" : [
      -0.3994747,
      -0.8225588,
      0.4047432,
      0,
      0.7353323,
      -0.023851728,
      0.67728686,
      0,
      -0.54745454,
      0.56817967,
      0.6143823,
      0,
      0.594625,
      -0.11795382,
      -3.9012208,
      1
    ],
    "trackingState" : "Normal",
    "timestamp" : 235312698537
  },
  {
    "transform" : [
      -0.39401707,
      -0.82246673,
      0.41024286,
      0,
      0.7406538,
      -0.019834943,
      0.67159396,
      0,
      -0.5442265,
      0.5684674,
      0.6169784,
      0,
      0.5991323,
      -0.11885071,
      -3.9025416,
      0.99999994
    ],
    "trackingState" : "Normal",
    "timestamp" : 235312715198
  },
  {
    "transform" : [
      -0.38744792,
      -0.8222847,
      0.41681176,
      0,
      0.7458338,
      -0.013839518,
      0.66598827,
      0,
      -0.5418635,
      0.5689081,
      0.6186499,
      0,
      0.60361356,
      -0.11975456,
      -3.90386,
      0.99999994
    ],
    "trackingState" : "Normal",
    "timestamp" : 235312731858
  },
  {
    "transform" : [
      -0.38028756,
      -0.82208526,
      0.42374218,
      0,
      0.7516555,
      -0.007764295,
      0.6595103,
      0,
      -0.5388836,
      0.5693116,
      0.6208775,
      0,
      0.6081067,
      -0.12063064,
      -3.9051085,
      1
    ],
    "trackingState" : "Normal",
    "timestamp" : 235312748519
  },
  {
    "transform" : [
      -0.3732482,
      -0.82198894,
      0.4301397,
      0,
      0.75815266,
      -0.0030388671,
      0.6520701,
      0,
      -0.5346872,
      0.56949544,
      0.6243273,
      0,
      0.6126636,
      -0.12144748,
      -3.9062316,
      1
    ],
    "trackingState" : "Normal",
    "timestamp" : 235312765179
  },
  {
    "transform" : [
      -0.3668322,
      -0.82189083,
      0.43580937,
      0,
      0.7645728,
      0.0005176819,
      0.64453727,
      0,
      -0.52996486,
      0.569645,
      0.6282054,
      0,
      0.61731184,
      -0.12218131,
      -3.9072437,
      1
    ],
    "trackingState" : "Normal",
    "timestamp" : 235312781839
  },
  {
    "transform" : [
      -0.36184782,
      -0.8212607,
      0.44113177,
      0,
      0.7702432,
      0.0031872094,
      0.6377424,
      0,
      -0.5251587,
      0.57054436,
      0.6314172,
      0,
      0.6220652,
      -0.12277125,
      -3.9079044,
      1
    ],
    "trackingState" : "Normal",
    "timestamp" : 235312798500
  },
  {
    "transform" : [
      -0.35821593,
      -0.81989974,
      0.44659343,
      0,
      0.7757718,
      0.004762312,
      0.6309955,
      0,
      -0.5194799,
      0.57248724,
      0.6343493,
      0,
      0.6269059,
      -0.12332547,
      -3.9087086,
      0.9999999
    ],
    "trackingState" : "Normal",
    "timestamp" : 235312815160
  },
  {
    "transform" : [
      -0.35535878,
      -0.8182589,
      0.4518546,
      0,
      0.7814165,
      0.005216752,
      0.62398815,
      0,
      -0.512941,
      0.5748262,
      0.6375472,
      0,
      0.63178,
      -0.123804,
      -3.9095502,
      0.99999994
    ],
    "trackingState" : "Normal",
    "timestamp" : 235312831821
  },
  {
    "transform" : [
      -0.3521973,
      -0.8166666,
      0.4571793,
      0,
      0.7871785,
      0.0057546045,
      0.6166983,
      0,
      -0.50626785,
      0.57708114,
      0.64083564,
      0,
      0.63659734,
      -0.124189936,
      -3.9104023,
      1
    ],
    "trackingState" : "Normal",
    "timestamp" : 235312848481
  },
  {
    "transform" : [
      -0.34759253,
      -0.8153259,
      0.46305853,
      0,
      0.79343665,
      0.00739381,
      0.6086079,
      0,
      -0.4996375,
      0.5789551,
      0.64433944,
      0,
      0.6412862,
      -0.12450055,
      -3.9112504,
      0.99999994
    ],
    "trackingState" : "Normal",
    "timestamp" : 235312865142
  },
  {
    "transform" : [
      -0.3413241,
      -0.81448,
      0.4691699,
      0,
      0.8002757,
      0.0099904025,
      0.59954906,
      0,
      -0.493008,
      0.5801057,
      0.64839864,
      0,
      0.6458519,
      -0.12475244,
      -3.9120374,
      1
    ],
    "trackingState" : "Normal",
    "timestamp" : 235312881802
  },
  {
    "transform" : [
      -0.3341384,
      -0.8138907,
      0.47532463,
      0,
      0.80741584,
      0.012995153,
      0.5898396,
      0,
      -0.48624185,
      0.58087265,
      0.65280604,
      0,
      0.6503543,
      -0.124975316,
      -3.9127264,
      0.99999994
    ],
    "trackingState" : "Normal",
    "timestamp" : 235312898463
  },
  {
    "transform" : [
      -0.32742292,
      -0.81277436,
      0.48186338,
      0,
      0.8143138,
      0.015939279,
      0.5802061,
      0,
      -0.47925717,
      0.5823607,
      0.6566344,
      0,
      0.654887,
      -0.12521689,
      -3.9130714,
      0.99999994
    ],
    "trackingState" : "Normal",
    "timestamp" : 235312915123
  },
  {
    "transform" : [
      -0.3216224,
      -0.8109629,
      0.48877245,
      0,
      0.8201942,
      0.0193194,
      0.5717591,
      0,
      -0.47311822,
      0.5847787,
      0.65893346,
      0,
      0.6594329,
      -0.1255142,
      -3.9135082,
      1
    ],
    "trackingState" : "Normal",
    "timestamp" : 235312931784
  },
  {
    "transform" : [
      -0.31692234,
      -0.8089118,
      0.49519902,
      0,
      0.8248587,
      0.02264109,
      0.5648855,
      0,
      -0.46815443,
      0.58749396,
      0.6600625,
      0,
      0.66396195,
      -0.1258516,
      -3.9138563,
      1
    ],
    "trackingState" : "Normal",
    "timestamp" : 235312948444
  },
  {
    "transform" : [
      -0.31305638,
      -0.80636436,
      0.5017692,
      0,
      0.82972425,
      0.024859656,
      0.5576198,
      0,
      -0.4621185,
      0.5908964,
      0.66127753,
      0,
      0.66847426,
      -0.12630951,
      -3.9141238,
      1
    ],
    "trackingState" : "Normal",
    "timestamp" : 235312965105
  },
  {
    "transform" : [
      -0.30972627,
      -0.8031301,
      0.5089715,
      0,
      0.8351259,
      0.02613246,
      0.5494378,
      0,
      -0.45457074,
      0.5952305,
      0.6626208,
      0,
      0.6729149,
      -0.1269166,
      -3.9143102,
      1
    ],
    "trackingState" : "Normal",
    "timestamp" : 235312981765
  },
  {
    "transform" : [
      -0.30603546,
      -0.7997196,
      0.5165182,
      0,
      0.8408349,
      0.02738899,
      0.54059833,
      0,
      -0.44647393,
      0.59974873,
      0.6640502,
      0,
      0.6769884,
      -0.12761219,
      -3.9141126,
      1
    ],
    "trackingState" : "Normal",
    "timestamp" : 235312998425
  },
  {
    "transform" : [
      -0.3010808,
      -0.7966512,
      0.5241159,
      0,
      0.84659773,
      0.029654507,
      0.5314065,
      0,
      -0.43888807,
      0.6037116,
      0.66551465,
      0,
      0.68108,
      -0.12842432,
      -3.9139905,
      1
    ],
    "trackingState" : "Normal",
    "timestamp" : 235313015086
  },
  {
    "transform" : [
      -0.29482758,
      -0.79411894,
      0.53146213,
      0,
      0.85221297,
      0.033051867,
      0.5221501,
      0,
      -0.4322151,
      0.6068631,
      0.66701376,
      0,
      0.68510514,
      -0.12933375,
      -3.9138412,
      0.99999994
    ],
    "trackingState" : "Normal",
    "timestamp" : 235313031746
  },
  {
    "transform" : [
      -0.2879544,
      -0.79150677,
      0.5390726,
      0,
      0.8578176,
      0.03705019,
      0.512617,
      0,
      -0.42571265,
      0.61003625,
      0.6682997,
      0,
      0.6890843,
      -0.13037463,
      -3.9136765,
      0.9999998
    ],
    "trackingState" : "Normal",
    "timestamp" : 235313048407
  },
  {
    "transform" : [
      -0.28177857,
      -0.78830236,
      0.5469739,
      0,
      0.86315244,
      0.040688623,
      0.50330156,
      0,
      -0.41900945,
      0.61394125,
      0.6689598,
      0,
      0.69303787,
      -0.13156013,
      -3.9135027,
      0.9999999
    ],
    "trackingState" : "Normal",
    "timestamp" : 235313065067
  },
  {
    "transform" : [
      -0.27642715,
      -0.7847381,
      0.55477405,
      0,
      0.8681788,
      0.043648172,
      0.49432847,
      0,
      -0.41213328,
      0.61828876,
      0.66922736,
      0,
      0.6969569,
      -0.13285406,
      -3.9132998,
      1
    ],
    "trackingState" : "Normal",
    "timestamp" : 235313081728
  },
  {
    "transform" : [
      -0.2712465,
      -0.78079164,
      0.5628409,
      0,
      0.87351024,
      0.045898374,
      0.48463723,
      0,
      -0.40423417,
      0.6231034,
      0.6695797,
      0,
      0.7007765,
      -0.13426848,
      -3.9130785,
      0.99999994
    ],
    "trackingState" : "Normal",
    "timestamp" : 235313098388
  },
  {
    "transform" : [
      -0.26526394,
      -0.77677095,
      0.5711935,
      0,
      0.87946415,
      0.047888663,
      0.47354996,
      0,
      -0.39519355,
      0.6279599,
      0.67043906,
      0,
      0.7043428,
      -0.13573828,
      -3.9127035,
      0.9999999
    ],
    "trackingState" : "Normal",
    "timestamp" : 235313115049
  },
  {
    "transform" : [
      -0.2592187,
      -0.77310884,
      0.5788856,
      0,
      0.88556165,
      0.04896212,
      0.4619344,
      0,
      -0.38546905,
      0.63238084,
      0.67194366,
      0,
      0.7078186,
      -0.13726525,
      -3.9123495,
      1
    ],
    "trackingState" : "Normal",
    "timestamp" : 235313131709
  },
  {
    "transform" : [
      -0.2540767,
      -0.76933205,
      0.5861514,
      0,
      0.8918207,
      0.048183896,
      0.4498159,
      0,
      -0.37430084,
      0.63702965,
      0.6738637,
      0,
      0.7112489,
      -0.13884981,
      -3.91197,
      0.99999994
    ],
    "trackingState" : "Normal",
    "timestamp" : 235313148369
  },
  {
    "transform" : [
      -0.24947238,
      -0.7652829,
      0.593385,
      0,
      0.89762723,
      0.04717489,
      0.4382237,
      0,
      -0.36335796,
      0.6419632,
      0.67516994,
      0,
      0.71455926,
      -0.14047904,
      -3.9115736,
      1
    ],
    "trackingState" : "Normal",
    "timestamp" : 235313165030
  },
  {
    "transform" : [
      -0.24408574,
      -0.7612735,
      0.60073704,
      0,
      0.9030168,
      0.047407597,
      0.42698163,
      0,
      -0.35352927,
      0.6466957,
      0.6758712,
      0,
      0.7176369,
      -0.14214064,
      -3.9111722,
      1
    ],
    "trackingState" : "Normal",
    "timestamp" : 235313181690
  },
  {
    "transform" : [
      -0.23612748,
      -0.7579165,
      0.60811716,
      0,
      0.90819025,
      0.05043912,
      0.4155076,
      0,
      -0.34559298,
      0.65039873,
      0.67642224,
      0,
      0.7203892,
      -0.14381173,
      -3.910827,
      1
    ],
    "trackingState" : "Normal",
    "timestamp" : 235313198351
  },
  {
    "transform" : [
      -0.22542731,
      -0.7556472,
      0.6149635,
      0,
      0.9133191,
      0.05583167,
      0.40339974,
      0,
      -0.33916235,
      0.65259516,
      0.677561,
      0,
      0.7227848,
      -0.14546306,
      -3.9103615,
      1
    ],
    "trackingState" : "Normal",
    "timestamp" : 235313215011
  },
  {
    "transform" : [
      -0.2130335,
      -0.7539318,
      0.62145287,
      0,
      0.9185989,
      0.062135383,
      0.39027607,
      0,
      -0.33285576,
      0.65400773,
      0.679324,
      0,
      0.7249518,
      -0.1471185,
      -3.909804,
      1
    ],
    "trackingState" : "Normal",
    "timestamp" : 235313231672
  },
  {
    "transform" : [
      -0.20051092,
      -0.7520351,
      0.6278842,
      0,
      0.9239215,
      0.06799733,
      0.37649098,
      0,
      -0.3258289,
      0.6556062,
      0.6811871,
      0,
      0.72701514,
      -0.14879628,
      -3.9091856,
      0.99999994
    ],
    "trackingState" : "Normal",
    "timestamp" : 235313248332
  },
  {
    "transform" : [
      -0.18903992,
      -0.74969196,
      0.6342128,
      0,
      0.9291922,
      0.072319835,
      0.3624525,
      0,
      -0.3175939,
      0.65782356,
      0.68293667,
      0,
      0.72907424,
      -0.15047298,
      -3.9085379,
      1
    ],
    "trackingState" : "Normal",
    "timestamp" : 235313264993
  },
  {
    "transform" : [
      -0.17932336,
      -0.7469561,
      0.6402341,
      0,
      0.93416965,
      0.07478595,
      0.34890404,
      0,
      -0.30849653,
      0.66065395,
      0.6843729,
      0,
      0.7311738,
      -0.15211405,
      -3.9078815,
      0.9999999
    ],
    "trackingState" : "Normal",
    "timestamp" : 235313281653
  },
  {
    "transform" : [
      -0.17143488,
      -0.7438046,
      0.6460379,
      0,
      0.9387588,
      0.07561925,
      0.33617526,
      0,
      -0.29890162,
      0.66410583,
      0.68528926,
      0,
      0.7333144,
      -0.15371023,
      -3.907236,
      1
    ],
    "trackingState" : "Normal",
    "timestamp" : 235313298314
  },
  {
    "transform" : [
      -0.16438578,
      -0.7404793,
      0.65166545,
      0,
      0.94304305,
      0.07572883,
      0.32393694,
      0,
      -0.2892185,
      0.6677991,
      0.6858551,
      0,
      0.73584354,
      -0.15521201,
      -3.9066832,
      1
    ],
    "trackingState" : "Normal",
    "timestamp" : 235313314974
  },
  {
    "transform" : [
      -0.15714,
      -0.73740387,
      0.6569192,
      0,
      0.94708914,
      0.075986445,
      0.31184703,
      0,
      -0.27987412,
      0.67116445,
      0.6864466,
      0,
      0.7380154,
      -0.15669386,
      -3.906092,
      1
    ],
    "trackingState" : "Normal",
    "timestamp" : 235313331634
  },
  {
    "transform" : [
      -0.14901692,
      -0.73482764,
      0.6616815,
      0,
      0.9509288,
      0.07700409,
      0.29967472,
      0,
      -0.27116147,
      0.6738685,
      0.6872938,
      0,
      0.7399494,
      -0.15813063,
      -3.9054983,
      0.99999994
    ],
    "trackingState" : "Normal",
    "timestamp" : 235313348295
  },
  {
    "transform" : [
      -0.14023337,
      -0.7326469,
      0.6660055,
      0,
      0.9544436,
      0.0789072,
      0.28776935,
      0,
      -0.26338595,
      0.67601943,
      0.68820477,
      0,
      0.7417066,
      -0.15951139,
      -3.9049256,
      1
    ],
    "trackingState" : "Normal",
    "timestamp" : 235313364955
  },
  {
    "transform" : [
      -0.13126327,
      -0.73043036,
      0.6702549,
      0,
      0.9576214,
      0.08142824,
      0.27628028,
      0,
      -0.25638115,
      0.6781158,
      0.6887872,
      0,
      0.74331796,
      -0.16083764,
      -3.904394,
      1
    ],
    "trackingState" : "Normal",
    "timestamp" : 235313381616
  },
  {
    "transform" : [
      -0.122329935,
      -0.72806436,
      0.6745056,
      0,
      0.9605722,
      0.08411208,
      0.26500264,
      0,
      -0.24967305,
      0.68032897,
      0.6890689,
      0,
      0.7454782,
      -0.16229899,
      -3.9040875,
      0.99999994
    ],
    "trackingState" : "Normal",
    "timestamp" : 235313398276
  },
  {
    "transform" : [
      -0.11330486,
      -0.7260647,
      0.6782271,
      0,
      0.96340436,
      0.0866163,
      0.2536723,
      0,
      -0.24292806,
      0.68214923,
      0.68968,
      0,
      0.74708396,
      -0.16351506,
      -3.9036155,
      0.99999994
    ],
    "trackingState" : "Normal",
    "timestamp" : 235313414937
  },
  {
    "transform" : [
      -0.10383581,
      -0.7242521,
      0.68167233,
      0,
      0.9664427,
      0.088440485,
      0.24117832,
      0,
      -0.23496135,
      0.68384004,
      0.69076484,
      0,
      0.7483934,
      -0.1646103,
      -3.9030812,
      1
    ],
    "trackingState" : "Normal",
    "timestamp" : 235313431597
  },
  {
    "transform" : [
      -0.093660936,
      -0.7226809,
      0.6848066,
      0,
      0.9698344,
      0.08925601,
      0.22683664,
      0,
      -0.22505362,
      0.6853946,
      0.69252104,
      0,
      0.7495279,
      -0.16561306,
      -3.9025018,
      0.99999994
    ],
    "trackingState" : "Normal",
    "timestamp" : 235313448258
  },
  {
    "transform" : [
      -0.082801096,
      -0.72156835,
      0.6873741,
      0,
      0.973248,
      0.08978417,
      0.21148808,
      0,
      -0.21431842,
      0.6864969,
      0.69483083,
      0,
      0.75054646,
      -0.16652127,
      -3.901891,
      1
    ],
    "trackingState" : "Normal",
    "timestamp" : 235313464918
  },
  {
    "transform" : [
      -0.07153719,
      -0.7209897,
      0.6892434,
      0,
      0.97619337,
      0.091250814,
      0.19677384,
      0,
      -0.20476595,
      0.6869113,
      0.6972976,
      0,
      0.7514834,
      -0.1673253,
      -3.9012682,
      1
    ],
    "trackingState" : "Normal",
    "timestamp" : 235313481579
  },
  {
    "transform" : [
      -0.06035841,
      -0.7207181,
      0.6905957,
      0,
      0.97845113,
      0.09414383,
      0.18376735,
      0,
      -0.19745977,
      0.686806,
      0.6995051,
      0,
      0.7523551,
      -0.1680445,
      -3.9006584,
      1
    ],
    "trackingState" : "Normal",
    "timestamp" : 235313498239
  },
  {
    "transform" : [
      -0.049850464,
      -0.7203017,
      0.6918674,
      0,
      0.9803234,
      0.09718731,
      0.17181583,
      0,
      -0.19099997,
      0.6868189,
      0.70128375,
      0,
      0.75352615,
      -0.16870601,
      -3.9000316,
      0.99999994
    ],
    "trackingState" : "Normal",
    "timestamp" : 235313514899
  },
  {
    "transform" : [
      -0.040460683,
      -0.71944386,
      0.6933712,
      0,
      0.9821077,
      0.09910033,
      0.16013628,
      0,
      -0.1839224,
      0.6874443,
      0.70256174,
      0,
      0.75449514,
      -0.16938004,
      -3.8994994,
      1
    ],
    "trackingState" : "Normal",
    "timestamp" : 235313531560
  },
  {
    "transform" : [
      -0.032254007,
      -0.71844244,
      0.6948383,
      0,
      0.98380816,
      0.09980573,
      0.14886405,
      0,
      -0.17629911,
      0.68838894,
      0.7035904,
      0,
      0.75540423,
      -0.17005232,
      -3.8990352,
      1
    ],
    "trackingState" : "Normal",
    "timestamp" : 235313548220
  },
  {
    "transform" : [
      -0.024674287,
      -0.7175122,
      0.6961089,
      0,
      0.9852531,
      0.100480065,
      0.13849288,
      0,
      -0.16931537,
      0.6892605,
      0.7044519,
      0,
      0.75626934,
      -0.17070954,
      -3.8986228,
      0.99999994
    ],
    "trackingState" : "Normal",
    "timestamp" : 235313564881
  },
  {
    "transform" : [
      -0.016869828,
      -0.71707606,
      0.6967908,
      0,
      0.98632497,
      0.10233441,
      0.12919332,
      0,
      -0.1639471,
      0.6894415,
      0.7055437,
      0,
      0.75708055,
      -0.17131658,
      -3.8982503,
      1
    ],
    "trackingState" : "Normal",
    "timestamp" : 235313581541
  },
  {
    "transform" : [
      -0.008932202,
      -0.71728784,
      0.6967198,
      0,
      0.98696774,
      0.105627425,
      0.121398985,
      0,
      -0.16067073,
      0.6887242,
      0.70699644,
      0,
      0.75835747,
      -0.17178021,
      -3.8978066,
      1
    ],
    "trackingState" : "Normal",
    "timestamp" : 235313598202
  },
  {
    "transform" : [
      -0.0011346485,
      -0.7175727,
      0.6964827,
      0,
      0.9874739,
      0.10908607,
      0.11399802,
      0,
      -0.15777844,
      0.6878878,
      0.7084606,
      0,
      0.75931257,
      -0.17225903,
      -3.897519,
      0.99999994
    ],
    "trackingState" : "Normal",
    "timestamp" : 235313614862
  },
  {
    "transform" : [
      0.005935295,
      -0.7176536,
      0.6963751,
      0,
      0.9879173,
      0.112058625,
      0.107062586,
      0,
      -0.15486868,
      0.6873255,
      0.70964754,
      0,
      0.7601693,
      -0.17270063,
      -3.8973777,
      1
    ],
    "trackingState" : "Normal",
    "timestamp" : 235313631523
  },
  {
    "transform" : [
      0.011966796,
      -0.71797776,
      0.69596326,
      0,
      0.9882378,
      0.11461163,
      0.1012447,
      0,
      -0.15245692,
      0.6865655,
      0.7109043,
      0,
      0.7610134,
      -0.17301314,
      -3.8973675,
      1
    ],
    "trackingState" : "Normal",
    "timestamp" : 235313648183
  },
  {
    "transform" : [
      0.016407015,
      -0.7191275,
      0.6946845,
      0,
      0.9884906,
      0.11616823,
      0.09690961,
      0,
      -0.15039062,
      0.685099,
      0.71275675,
      0,
      0.7619061,
      -0.17309964,
      -3.8974786,
      1
    ],
    "trackingState" : "Normal",
    "timestamp" : 235313664844
  },
  {
    "transform" : [
      0.018603321,
      -0.72105074,
      0.69263256,
      0,
      0.9888356,
      0.11570683,
      0.093895234,
      0,
      -0.14784554,
      0.68315285,
      0.71515316,
      0,
      0.76289296,
      -0.17291903,
      -3.8977468,
      1
    ],
    "trackingState" : "Normal",
    "timestamp" : 235313681504
  },
  {
    "transform" : [
      0.018563455,
      -0.72305954,
      0.69053626,
      0,
      0.9893702,
      0.112913944,
      0.09163516,
      0,
      -0.14422886,
      0.6814949,
      0.71746975,
      0,
      0.76395935,
      -0.17251001,
      -3.8981988,
      0.99999994
    ],
    "trackingState" : "Normal",
    "timestamp" : 235313698165
  },
  {
    "transform" : [
      0.017413609,
      -0.72492397,
      0.6886088,
      0,
      0.9898929,
      0.109446764,
      0.090186164,
      0,
      -0.14074412,
      0.68007845,
      0.719503,
      0,
      0.7654892,
      -0.17168471,
      -3.8987124,
      0.99999994
    ],
    "trackingState" : "Normal",
    "timestamp" : 235313714825
  },
  {
    "transform" : [
      0.016690716,
      -0.7274905,
      0.6859148,
      0,
      0.9901372,
      0.10746605,
      0.08988646,
      0,
      -0.13910408,
      0.6776494,
      0.72210914,
      0,
      0.7666014,
      -0.17067522,
      -3.899419,
      1
    ],
    "trackingState" : "Normal",
    "timestamp" : 235313731485
  },
  {
    "transform" : [
      0.016580198,
      -0.7313405,
      0.68181103,
      0,
      0.990194,
      0.10661167,
      0.090276964,
      0,
      -0.13871221,
      0.67362833,
      0.72593665,
      0,
      0.76749355,
      -0.16934618,
      -3.900204,
      0.99999994
    ],
    "trackingState" : "Normal",
    "timestamp" : 235313748146
  },
  {
    "transform" : [
      0.016559744,
      -0.7363124,
      0.6764391,
      0,
      0.9903229,
      0.10531082,
      0.09038831,
      0,
      -0.1377904,
      0.6683963,
      0.73093104,
      0,
      0.76827353,
      -0.16768348,
      -3.9010508,
      0.99999994
    ],
    "trackingState" : "Normal",
    "timestamp" : 235313764806
  },
  {
    "transform" : [
      0.01573603,
      -0.7420702,
      0.6701375,
      0,
      0.99064356,
      0.102440245,
      0.09017416,
      0,
      -0.1355646,
      0.66244835,
      0.73673916,
      0,
      0.7690072,
      -0.16570953,
      -3.9019742,
      1
    ],
    "trackingState" : "Normal",
    "timestamp" : 235313781467
  },
  {
    "transform" : [
      0.01370304,
      -0.74824774,
      0.663278,
      0,
      0.9910655,
      0.098177746,
      0.09027993,
      0,
      -0.13267088,
      0.6561147,
      0.7429078,
      0,
      0.7699705,
      -0.16336413,
      -3.9031878,
      0.9999999
    ],
    "trackingState" : "Normal",
    "timestamp" : 235313798127
  },
  {
    "transform" : [
      0.010842246,
      -0.75494945,
      0.6556935,
      0,
      0.9914891,
      0.09319511,
      0.090907805,
      0,
      -0.12973821,
      0.6491271,
      0.74953455,
      0,
      0.7707602,
      -0.16077575,
      -3.9043455,
      0.99999994
    ],
    "trackingState" : "Normal",
    "timestamp" : 235313814788
  },
  {
    "transform" : [
      0.007347266,
      -0.76208484,
      0.64743567,
      0,
      0.99192905,
      0.087512225,
      0.09175244,
      0,
      -0.12658165,
      0.641536,
      0.7565771,
      0,
      0.7714921,
      -0.1579664,
      -3.9055178,
      1
    ],
    "trackingState" : "Normal",
    "timestamp" : 235313831448
  },
  {
    "transform" : [
      0.003517892,
      -0.76912993,
      0.639083,
      0,
      0.9924058,
      0.08126692,
      0.09234116,
      0,
      -0.12295864,
      0.63390464,
      0.76357484,
      0,
      0.77219665,
      -0.15501048,
      -3.9067433,
      1.0000001
    ],
    "trackingState" : "Normal",
    "timestamp" : 235313848109
  },
  {
    "transform" : [
      -0.00029040026,
      -0.77574724,
      0.63104385,
      0,
      0.99283886,
      0.075161755,
      0.092853844,
      0,
      -0.11946147,
      0.62655175,
      0.77017015,
      0,
      0.77283996,
      -0.15196227,
      -3.9080274,
      0.99999994
    ],
    "trackingState" : "Normal",
    "timestamp" : 235313864769
  },
  {
    "transform" : [
      -0.0036858995,
      -0.78199214,
      0.6232774,
      0,
      0.99321663,
      0.0695759,
      0.09316674,
      0,
      -0.11622074,
      0.61939275,
      0.7764312,
      0,
      0.77338296,
      -0.14884928,
      -3.9093595,
      0.99999994
    ],
    "trackingState" : "Normal",
    "timestamp" : 235313881429
  },
  {
    "transform" : [
      -0.006897248,
      -0.7882564,
      0.6153084,
      0,
      0.9935265,
      0.064372405,
      0.093602784,
      0,
      -0.11339186,
      0.6119707,
      0.7827096,
      0,
      0.7741156,
      -0.14577524,
      -3.9109793,
      0.99999994
    ],
    "trackingState" : "Normal",
    "timestamp" : 235313898090
  },
  {
    "transform" : [
      -0.00992055,
      -0.7943164,
      0.60742337,
      0,
      0.9938713,
      0.059050296,
      0.09345109,
      0,
      -0.11009826,
      0.6046277,
      0.7888625,
      0,
      0.77454823,
      -0.1426063,
      -3.9124107,
      1
    ],
    "trackingState" : "Normal",
