[
  {
    "transform" : [
      0.017429415,
      -0.85881245,
      0.51199365,
      0,
      0.99702615,
      -0.023517461,
      -0.073388934,
      0,
      0.07506813,
      0.5117501,
      0.8558486,
      0,
      -3.1989794,
      -0.12939657,
      5.2029667,
      0.99999994
    ],
    "trackingState" : "Normal",
    "timestamp" : 235378707134
  },
  {
    "transform" : [
      0.014715085,
      -0.8560264,
      0.51672274,
      0,
      0.99750453,
      -0.023121318,
      -0.066710465,
      0,
      0.06905325,
      0.5164149,
      0.85354996,
      0,
      -3.19818,
      -0.13237582,
      5.2007003,
      1
    ],
    "trackingState" : "Normal",
    "timestamp" : 235378723795
  },
  {
    "transform" : [
      0.011171066,
      -0.8527662,
      0.5221734,
      0,
      0.997945,
      -0.023442203,
      -0.059633106,
      0,
      0.06309401,
      0.5217665,
      0.850752,
      0,
      -3.1973553,
      -0.13526794,
      5.1981773,
      0.99999994
    ],
    "trackingState" : "Normal",
    "timestamp" : 235378740455
  },
  {
    "transform" : [
      0.0072578383,
      -0.84916484,
      0.5280782,
      0,
      0.9982915,
      -0.024466356,
      -0.05306297,
      0,
      0.05797937,
      0.527561,
      0.84753644,
      0,
      -3.1964707,
      -0.13816679,
      5.195575,
      1
    ],
    "trackingState" : "Normal",
    "timestamp" : 235378757115
  },
  {
    "transform" : [
      0.003413842,
      -0.84547794,
      0.53399956,
      0,
      0.99859345,
      -0.025372282,
      -0.046555724,
      0,
      0.052910645,
      0.53340745,
      0.84420216,
      0,
      -3.19554,
      -0.1410829,
      5.192985,
      1
    ],
    "trackingState" : "Normal",
    "timestamp" : 235378773776
  },
  {
    "transform" : [
      -9.945681e-05,
      -0.8420091,
      0.5394632,
      0,
      0.9989148,
      -0.025208373,
      -0.03916175,
      0,
      0.04657356,
      0.5388739,
      0.841098,
      0,
      -3.1945746,
      -0.14398128,
      5.190454,
      0.9999999
    ],
    "trackingState" : "Normal",
    "timestamp" : 235378790436
  },
  {
    "transform" : [
      -0.003165314,
      -0.83879846,
      0.54443306,
      0,
      0.99922967,
      -0.02394961,
      -0.031089243,
      0,
      0.039116584,
      0.5439153,
      0.83822817,
      0,
      -3.193559,
      -0.1467708,
      5.18827,
      1
    ],
    "trackingState" : "Normal",
    "timestamp" : 235378807097
  },
  {
    "transform" : [
      -0.005972653,
      -0.8351358,
      0.5500115,
      0,
      0.99950534,
      -0.021970036,
      -0.022505455,
      0,
      0.030878898,
      0.54960495,
      0.83485395,
      0,
      -3.1924982,
      -0.14958027,
      5.186038,
      1
    ],
    "trackingState" : "Normal",
    "timestamp" : 235378823757
  },
  {
    "transform" : [
      -0.0089708045,
      -0.83096427,
      0.55625343,
      0,
      0.99973375,
      -0.01927979,
      -0.012678382,
      0,
      0.021259746,
      0.5559916,
      0.8309161,
      0,
      -3.1913886,
      -0.15236787,
      5.18372,
      0.9999999
    ],
    "trackingState" : "Normal",
    "timestamp" : 235378840417
  },
  {
    "transform" : [
      -0.012352645,
      -0.8267917,
      0.5623728,
      0,
      0.9998629,
      -0.016423754,
      -0.002183722,
      0,
      0.011041767,
      0.5622687,
      0.8268811,
      0,
      -3.1901908,
      -0.15501203,
      5.1814847,
      1.0000001
    ],
    "trackingState" : "Normal",
    "timestamp" : 235378857078
  },
  {
    "transform" : [
      -0.016179165,
      -0.8231232,
      0.5676324,
      0,
      0.9998671,
      -0.014451604,
      0.0075428654,
      0,
      0.001994505,
      0.5676789,
      0.82324773,
      0,
      -3.1888847,
      -0.1574546,
      5.1793914,
      1
    ],
    "trackingState" : "Normal",
    "timestamp" : 235378873738
  },
  {
    "transform" : [
      -0.02027707,
      -0.8199004,
      0.57214713,
      0,
      0.999781,
      -0.013656294,
      0.015862757,
      0,
      -0.0051924605,
      0.5723434,
      0.8199978,
      0,
      -3.1874595,
      -0.15969378,
      5.1774435,
      1
    ],
    "trackingState" : "Normal",
    "timestamp" : 235378890399
  },
  {
    "transform" : [
      -0.024818374,
      -0.81710696,
      0.5759516,
      0,
      0.9996259,
      -0.013666817,
      0.023685755,
      0,
      -0.011482355,
      0.57632405,
      0.81714064,
      0,
      -3.1856024,
      -0.16194679,
      5.175834,
      0.9999998
    ],
    "trackingState" : "Normal",
    "timestamp" : 235378907059
  },
  {
    "transform" : [
      -0.029503379,
      -0.81500924,
      0.5786966,
      0,
      0.99939704,
      -0.0134425545,
      0.032019865,
      0,
      -0.018317316,
      0.57929224,
      0.8149143,
      0,
      -3.1837363,
      -0.16394532,
      5.17432,
      1
    ],
    "trackingState" : "Normal",
    "timestamp" : 235378923719
  },
  {
    "transform" : [
      -0.034128867,
      -0.8132041,
      0.5809772,
      0,
      0.9991019,
      -0.013152554,
      0.0402813,
      0,
      -0.02511557,
      0.58183,
      0.8129227,
      0,
      -3.181939,
      -0.1656854,
      5.172817,
      1
    ],
    "trackingState" : "Normal",
    "timestamp" : 235378940380
  },
  {
    "transform" : [
      -0.038851373,
      -0.8114023,
      0.58319557,
      0,
      0.9987418,
      -0.013008955,
      0.048434865,
      0,
      -0.031713374,
      0.58434343,
      0.8108868,
      0,
      -3.1801019,
      -0.16728249,
      5.1713443,
      1
    ],
    "trackingState" : "Normal",
    "timestamp" : 235378957040
  },
  {
    "transform" : [
      -0.044015825,
      -0.80967146,
      0.58523047,
      0,
      0.99829376,
      -0.013147894,
      0.056892533,
      0,
      -0.038369715,
      0.586736,
      0.80886877,
      0,
      -3.1781735,
      -0.16877083,
      5.1699047,
      0.99999994
    ],
    "trackingState" : "Normal",
    "timestamp" : 235378973701
  },
  {
    "transform" : [
      -0.04958073,
      -0.80799806,
      0.5870955,
      0,
      0.9977529,
      -0.0135441115,
      0.065620854,
      0,
      -0.045069817,
      0.5890296,
      0.80685395,
      0,
      -3.1761599,
      -0.17018393,
      5.168499,
      1.0000001
    ],
    "trackingState" : "Normal",
    "timestamp" : 235378990361
  },
  {
    "transform" : [
      -0.055186678,
      -0.80664,
      0.58846116,
      0,
      0.9971223,
      -0.013842092,
      0.074537255,
      0,
      -0.0519792,
      0.59088105,
      0.8050827,
      0,
      -3.1739635,
      -0.17192872,
      5.1673374,
      1
    ],
    "trackingState" : "Normal",
    "timestamp" : 235379007022
  },
  {
    "transform" : [
      -0.06073297,
      -0.80602163,
      0.5887621,
      0,
      0.9963859,
      -0.013861471,
      0.08380437,
      0,
      -0.05938701,
      0.59172386,
      0.8039505,
      0,
      -3.171768,
      -0.17346935,
      5.166207,
      1
    ],
    "trackingState" : "Normal",
    "timestamp" : 235379023682
  },
  {
    "transform" : [
      -0.06612556,
      -0.8056139,
      0.58873916,
      0,
      0.99558306,
      -0.013859086,
      0.09285678,
      0,
      -0.06664731,
      0.5922789,
      0.80297196,
      0,
      -3.1696165,
      -0.17476484,
      5.165029,
      0.99999994
    ],
    "trackingState" : "Normal",
    "timestamp" : 235379040342
  },
  {
    "transform" : [
      -0.07138444,
      -0.8045955,
      0.58951724,
      0,
      0.9947338,
      -0.0138469385,
      0.10155316,
      0,
      -0.073546186,
      0.59366196,
      0.8013468,
      0,
      -3.1674714,
      -0.17600064,
      5.163802,
      0.99999994
    ],
    "trackingState" : "Normal",
    "timestamp" : 235379057003
  },
  {
    "transform" : [
      -0.07667963,
      -0.80258846,
      0.59158444,
      0,
      0.99372953,
      -0.013092806,
      0.111041956,
      0,
      -0.08137548,
      0.59638953,
      0.79855984,
      0,
      -3.165313,
      -0.1771903,
      5.162539,
      1
    ],
    "trackingState" : "Normal",
    "timestamp" : 235379073663
  },
  {
    "transform" : [
      -0.081925094,
      -0.8003128,
      0.5939595,
      0,
      0.9924644,
      -0.011023998,
      0.12203712,
      0,
      -0.091120064,
      0.5994814,
      0.7951851,
      0,
      -3.163144,
      -0.17824352,
      5.1613274,
      0.99999994
    ],
    "trackingState" : "Normal",
    "timestamp" : 235379090324
  },
  {
    "transform" : [
      -0.08659861,
      -0.7986556,
      0.595525,
      0,
      0.9909927,
      -0.0077658277,
      0.13369106,
      0,
      -0.102148354,
      0.60173833,
      0.79213446,
      0,
      -3.1609898,
      -0.1792331,
      5.16053,
      0.99999994
    ],
    "trackingState" : "Normal",
    "timestamp" : 235379106984
  },
  {
    "transform" : [
      -0.090348236,
      -0.7977096,
      0.5962354,
      0,
      0.98949474,
      -0.00405697,
      0.14451146,
      0,
      -0.11285927,
      0.6030281,
      0.7896961,
      0,
      -3.1588697,
      -0.17996237,
      5.1598554,
      0.9999999
    ],
    "trackingState" : "Normal",
    "timestamp" : 235379123644
  },
  {
    "transform" : [
      -0.09382904,
      -0.79719883,
      0.59638107,
      0,
      0.9880568,
      -0.0010205918,
      0.1540874,
      0,
      -0.12222963,
      0.6037161,
      0.78777355,
      0,
      -3.1567428,
      -0.18044451,
      5.159246,
      1
    ],
    "trackingState" : "Normal",
    "timestamp" : 235379140305
  },
  {
    "transform" : [
      -0.09802307,
      -0.7966568,
      0.5964308,
      0,
      0.98661053,
      0.000706946,
      0.1630932,
      0,
      -0.13035093,
      0.6044316,
      0.7859207,
      0,
      -3.1545246,
      -0.18076749,
      5.1587505,
      1
    ],
    "trackingState" : "Normal",
    "timestamp" : 235379156965
  },
  {
    "transform" : [
      -0.10343155,
      -0.79602957,
      0.5963548,
      0,
      0.9850146,
      0.0012186465,
      0.17246722,
      0,
      -0.13801572,
      0.60525674,
      0.78397465,
      0,
      -3.15217,
      -0.18096052,
      5.158382,
      1
    ],
    "trackingState" : "Normal",
    "timestamp" : 235379173626
  },
  {
    "transform" : [
      -0.109792314,
      -0.7953989,
      0.59605896,
      0,
      0.9831553,
      0.0012538757,
      0.18276756,
      0,
      -0.14612049,
      0.606085,
      0.78186303,
      0,
      -3.1497326,
      -0.18104206,
      5.1581426,
      0.99999994
    ],
    "trackingState" : "Normal",
    "timestamp" : 235379190286
  },
  {
    "transform" : [
      -0.116275124,
      -0.7948519,
      0.5955591,
      0,
      0.98118496,
      0.0011267394,
      0.1930673,
      0,
      -0.15413094,
      0.6068026,
      0.7797658,
      0,
      -3.147036,
      -0.1812084,
      5.1583495,
      1
    ],
    "trackingState" : "Normal",
    "timestamp" : 235379206946
  },
  {
    "transform" : [
      -0.1224381,
      -0.7940965,
      0.59533143,
      0,
      0.9792468,
      0.00095472095,
      0.20266907,
      0,
      -0.16150719,
      0.6077908,
      0.7774997,
      0,
      -3.144435,
      -0.18133251,
      5.1585593,
      0.9999999
    ],
    "trackingState" : "Normal",
    "timestamp" : 235379223607
  },
  {
    "transform" : [
      -0.12867638,
      -0.793102,
      0.59534174,
      0,
      0.9772265,
      0.0007369485,
      0.21219823,
      0,
      -0.16873355,
      0.60908854,
      0.77494556,
      0,
      -3.1419654,
      -0.18140575,
      5.1586967,
      1
    ],
    "trackingState" : "Normal",
    "timestamp" : 235379240267
  },
  {
    "transform" : [
      -0.13516852,
      -0.7918892,
      0.5955175,
      0,
      0.97497016,
      0.0007817885,
      0.222335,
      0,
      -0.17653021,
      0.6106644,
      0.77196264,
      0,
      -3.1395357,
      -0.18147926,
      5.158847,
      1
    ],
    "trackingState" : "Normal",
    "timestamp" : 235379256928
  },
  {
    "transform" : [
      -0.1419026,
      -0.7906732,
      0.5955668,
      0,
      0.97231543,
      0.0015060726,
      0.23366795,
      0,
      -0.18565196,
      0.61223674,
      0.76856995,
      0,
      -3.1371374,
      -0.18154587,
      5.159063,
      1
    ],
    "trackingState" : "Normal",
    "timestamp" : 235379273588
  },
  {
    "transform" : [
      -0.14830753,
      -0.78986907,
      0.5950729,
      0,
      0.9693359,
      0.0031163276,
      0.24571994,
      0,
      -0.19594105,
      0.61326766,
      0.76518637,
      0,
      -3.134797,
      -0.18156068,
      5.1593947,
      0.99999994
    ],
    "trackingState" : "Normal",
    "timestamp" : 235379290249
  },
  {
    "transform" : [
      -0.15438981,
      -0.789527,
      0.593979,
      0,
      0.96636796,
      0.004470441,
      0.25712502,
      0,
      -0.20566252,
      0.6136997,
      0.7622834,
      0,
      -3.1322346,
      -0.1817678,
      5.159769,
      1
    ],
    "trackingState" : "Normal",
    "timestamp" : 235379306909
  },
  {
    "transform" : [
      -0.16052958,
      -0.78916895,
      0.59282607,
      0,
      0.9636023,
      0.004782472,
      0.26729736,
      0,
      -0.21377796,
      0.6141576,
      0.75967735,
      0,
      -3.129763,
      -0.18192363,
      5.160249,
      1
    ],
    "trackingState" : "Normal",
    "timestamp" : 235379323569
  },
  {
    "transform" : [
      -0.16737828,
      -0.78836745,
      0.59199786,
      0,
      0.96076995,
      0.004258659,
      0.27731416,
      0,
      -0.22114657,
      0.61519,
      0.7567269,
      0,
      -3.1274004,
      -0.1820168,
      5.1608114,
      0.99999994
    ],
    "trackingState" : "Normal",
    "timestamp" : 235379340230
  },
  {
    "transform" : [
      -0.17485578,
      -0.78726834,
      0.5912987,
      0,
      0.95745856,
      0.004061736,
      0.2885426,
      0,
      -0.22956215,
      0.61659724,
      0.75306654,
      0,
      -3.125067,
      -0.18207456,
      5.161423,
      1
    ],
    "trackingState" : "Normal",
    "timestamp" : 235379356890
  },
  {
    "transform" : [
      -0.18236649,
      -0.78635526,
      0.59024394,
      0,
      0.95363265,
      0.0047243284,
      0.30093598,
      0,
      -0.23943114,
      0.6177564,
      0.7490326,
      0,
      -3.1227655,
      -0.18206666,
      5.1621017,
      0.9999999
    ],
    "trackingState" : "Normal",
    "timestamp" : 235379373551
  },
  {
    "transform" : [
      -0.18936895,
      -0.78594315,
      0.5885855,
      0,
      0.94967353,
      0.0057258187,
      0.3131895,
      0,
      -0.24951932,
      0.61827236,
      0.7453051,
      0,
      -3.1201549,
      -0.18232359,
      5.1625376,
      1
    ],
    "trackingState" : "Normal",
    "timestamp" : 235379390211
  },
  {
    "transform" : [
      -0.19589834,
      -0.78586715,
      0.58654654,
      0,
      0.9457874,
      0.0065980977,
      0.32471997,
      0,
      -0.25905687,
      0.6183603,
      0.74197054,
      0,
      -3.117702,
      -0.18245985,
      5.1631374,
      0.99999994
    ],
    "trackingState" : "Normal",
    "timestamp" : 235379406871
  },
  {
    "transform" : [
      -0.20258881,
      -0.7857203,
      0.58446693,
      0,
      0.9418008,
      0.0071757706,
      0.33609506,
      0,
      -0.2682707,
      0.6185404,
      0.7385382,
      0,
      -3.1154337,
      -0.18244791,
      5.163933,
      0.9999999
    ],
    "trackingState" : "Normal",
    "timestamp" : 235379423532
  },
  {
    "transform" : [
      -0.21022946,
      -0.7852999,
      0.5823294,
      0,
      0.9374568,
      0.00711377,
      0.3480289,
      0,
      -0.2774497,
      0.6190746,
      0.73468935,
      0,
      -3.113186,
      -0.18240342,
      5.164815,
      0.99999994
    ],
    "trackingState" : "Normal",
    "timestamp" : 235379440192
  },
  {
    "transform" : [
      -0.2187914,
      -0.78465325,
      0.5800429,
      0,
      0.932614,
      0.0066777095,
      0.36081395,
      0,
      -0.28698725,
      0.61989903,
      0.7303175,
      0,
      -3.1109252,
      -0.18235421,
      5.165757,
      1
    ],
    "trackingState" : "Normal",
    "timestamp" : 235379456853
  },
  {
    "transform" : [
      -0.22773127,
      -0.78391814,
      0.57759064,
      0,
      0.92731786,
      0.006336715,
      0.37422132,
      0,
      -0.2970189,
      0.62083197,
      0.7254982,
      0,
      -3.10873,
      -0.18231742,
      5.166765,
      1
    ],
    "trackingState" : "Normal",
    "timestamp" : 235379473513
  },
  {
    "transform" : [
      -0.2362245,
      -0.7830547,
      0.5753464,
      0,
      0.92196965,
      0.0063700173,
      0.38721,
      0,
      -0.3068716,
      0.62192035,
      0.72044784,
      0,
      -3.1066594,
      -0.1823192,
      5.1678047,
      1
    ],
    "trackingState" : "Normal",
    "timestamp" : 235379490174
  },
  {
    "transform" : [
      -0.2440492,
      -0.7820808,
      0.5734018,
      0,
      0.91661716,
      0.0070218816,
      0.3997047,
      0,
      -0.3166277,
      0.62313753,
      0.71515507,
      0,
      -3.1043105,
      -0.18216299,
      5.169045,
      1
    ],
    "trackingState" : "Normal",
    "timestamp" : 235379506834
  },
  {
    "transform" : [
      -0.25087312,
      -0.78151315,
      0.57122666,
      0,
      0.91119856,
      0.008548557,
      0.41187862,
      0,
      -0.32677177,
      0.62383014,
      0.7099691,
      0,
      -3.1022623,
      -0.18202971,
      5.170328,
      0.9999999
    ],
    "trackingState" : "Normal",
    "timestamp" : 235379523494
  },
  {
    "transform" : [
      -0.25687587,
      -0.78173655,
      0.5682455,
      0,
      0.90570277,
      0.010439046,
      0.42378482,
      0,
      -0.33722,
      0.6235215,
      0.7053395,
      0,
      -3.1005635,
      -0.18191394,
      5.1716595,
      0.99999994
    ],
    "trackingState" : "Normal",
    "timestamp" : 235379540155
  },
  {
    "transform" : [
      -0.262916,
      -0.78223836,
      0.56478184,
      0,
      0.90017736,
      0.011780146,
      0.43536443,
      0,
      -0.34721196,
      0.62286794,
      0.701056,
      0,
      -3.0990543,
      -0.18180828,
      5.1730566,
      1
    ],
    "trackingState" : "Normal",
    "timestamp" : 235379556815
  },
  {
    "transform" : [
      -0.26924953,
      -0.7824018,
      0.56156236,
      0,
      0.89471394,
      0.012545684,
      0.4464635,
      0,
      -0.356359,
      0.62264776,
      0.6966478,
      0,
      -3.0977035,
      -0.18175834,
      5.1744714,
      0.99999994
    ],
    "trackingState" : "Normal",
    "timestamp" : 235379573476
  },
  {
    "transform" : [
      -0.27590176,
      -0.7823141,
      0.55844694,
      0,
      0.88915247,
      0.0129493615,
      0.4574279,
      0,
      -0.36508384,
      0.62274957,
      0.69202375,
      0,
      -3.0965025,
      -0.1817551,
      5.175917,
      1
    ],
    "trackingState" : "Normal",
    "timestamp" : 235379590136
  },
  {
    "transform" : [
      -0.28269625,
      -0.7821427,
      0.55527985,
      0,
      0.8833124,
      0.013413526,
      0.46859315,
      0,
      -0.37395498,
      0.622955,
      0.6870843,
      0,
      -3.095142,
      -0.18152562,
      5.177424,
      1
    ],
    "trackingState" : "Normal",
    "timestamp" : 235379606796
  },
  {
    "transform" : [
      -0.28896117,
      -0.7823141,
      0.5518025,
      0,
      0.8769419,
      0.014910179,
      0.480365,
      0,
      -0.38402387,
      0.6227056,
      0.68173563,
      0,
      -3.0940804,
      -0.18134598,
      5.178979,
      0.99999994
    ],
    "trackingState" : "Normal",
    "timestamp" : 235379623457
  },
  {
    "transform" : [
      -0.29438022,
      -0.7830133,
      0.547933,
      0,
      0.8702559,
      0.01731615,
      0.49229544,
      0,
      -0.394962,
      0.6217639,
      0.6763244,
      0,
      -3.0934052,
      -0.18123744,
      5.1805873,
      0.99999994
    ],
    "trackingState" : "Normal",
    "timestamp" : 235379640117
  },
  {
    "transform" : [
      -0.2992176,
      -0.78412545,
      0.54370606,
      0,
      0.8635196,
      0.019901777,
      0.5039226,
      0,
      -0.40595928,
      0.62028325,
      0.6711527,
      0,
      -3.0929866,
      -0.18112612,
      5.182268,
      1
    ],
    "trackingState" : "Normal",
    "timestamp" : 235379656778
  },
  {
    "transform" : [
      -0.30435094,
      -0.7853143,
      0.5391216,
      0,
      0.8567962,
      0.021633878,
      0.5152012,
      0,
      -0.4162582,
      0.6187193,
      0.66627,
      0,
      -3.092715,
      -0.18102035,
      5.184024,
      1
    ],
    "trackingState" : "Normal",
    "timestamp" : 235379673438
  },
  {
    "transform" : [
      -0.31059253,
      -0.78598714,
      0.5345622,
      0,
      0.8499248,
      0.022179723,
      0.5264369,
      0,
      -0.42562914,
      0.61784506,
      0.6611411,
      0,
      -3.0920439,
      -0.1806326,
      5.185559,
      1
    ],
    "trackingState" : "Normal",
    "timestamp" : 235379690098
  },
  {
    "transform" : [
      -0.31830704,
      -0.7860959,
      0.52984333,
      0,
      0.8422953,
      0.021942629,
      0.5385696,
      0,
      -0.43499357,
      0.617715,
      0.65514046,
      0,
      -3.0915432,
      -0.18040106,
      5.1872334,
      1
    ],
    "trackingState" : "Normal",
    "timestamp" : 235379706759
  },
  {
    "transform" : [
      -0.32689217,
      -0.7859008,
      0.52488256,
      0,
      0.83346534,
      0.022077167,
      0.55213064,
      0,
      -0.44550782,
      0.61795855,
      0.64780426,
      0,
      -3.0913265,
      -0.18034598,
      5.1890945,
      1
    ],
    "trackingState" : "Normal",
    "timestamp" : 235379723419
  },
  {
    "transform" : [
      -0.33558545,
      -0.7856582,
      0.51973426,
      0,
      0.8237771,
      0.022856534,
      0.56645304,
      0,
      -0.4569178,
      0.6182385,
      0.6395369,
      0,
      -3.0913243,
      -0.18033865,
      5.1910696,
      0.9999999
    ],
    "trackingState" : "Normal",
    "timestamp" : 235379740080
  },
  {
    "transform" : [
      -0.34397414,
      -0.7855397,
      0.51440185,
      0,
      0.81426543,
      0.023270858,
      0.580026,
      0,
      -0.46760404,
      0.61837363,
      0.6316333,
      0,
      -3.0915208,
      -0.18035501,
      5.193143,
      0.99999994
    ],
    "trackingState" : "Normal",
    "timestamp" : 235379756740
  },
  {
    "transform" : [
      -0.35216716,
      -0.78554374,
      0.5088217,
      0,
      0.8053809,
      0.022608407,
      0.5923266,
      0,
      -0.476802,
      0.6183931,
      0.62469983,
      0,
      -3.0919058,
      -0.18040912,
      5.1953087,
      0.99999994
    ],
    "trackingState" : "Normal",
    "timestamp" : 235379773401
  },
  {
    "transform" : [
      -0.360349,
      -0.7856135,
      0.5029515,
      0,
      0.7967056,
      0.021241697,
      0.6039943,
      0,
      -0.48518956,
      0.61835295,
      0.6182482,
      0,
      -3.0917668,
      -0.18060435,
      5.1973696,
      0.99999994
    ],
    "trackingState" : "Normal",
    "timestamp" : 235379790061
  },
  {
    "transform" : [
      -0.36872935,
      -0.78559804,
      0.4968647,
      0,
      0.7876881,
      0.019736344,
      0.6157582,
      0,
      -0.4935448,
      0.6184224,
      0.6115288,
      0,
      -3.0919507,
      -0.18084703,
      5.199543,
      0.99999994
    ],
    "trackingState" : "Normal",
    "timestamp" : 235379806721
  },
  {
    "transform" : [
      -0.37731457,
      -0.78512216,
      0.49113867,
      0,
      0.7779646,
      0.018988362,
      0.62802124,
      0,
      -0.5023993,
      0.6190499,
      0.60363257,
      0,
      -3.0925207,
      -0.18115461,
      5.2018137,
      0.99999994
    ],
    "trackingState" : "Normal",
    "timestamp" : 235379823382
  },
  {
    "transform" : [
      -0.38578928,
      -0.78431565,
      0.48581463,
      0,
      0.7671053,
      0.019851921,
      0.64121413,
      0,
      -0.5125586,
      0.62004435,
      0.59399396,
      0,
      -3.093289,
      -0.18151909,
      5.204121,
      1
    ],
    "trackingState" : "Normal",
    "timestamp" : 235379840042
  },
  {
    "transform" : [
      -0.39397076,
      -0.78337365,
      0.4807421,
      0,
      0.7554503,
      0.02193486,
      0.6548387,
      0,
      -0.5235284,
      0.62116396,
      0.58315814,
      0,
      -3.094213,
      -0.18191013,
      5.20647,
      1
    ],
    "trackingState" : "Normal",
    "timestamp" : 235379856703
  },
  {
    "transform" : [
      -0.40212917,
      -0.7824179,
      0.4755148,
      0,
      0.74374276,
      0.023752064,
      0.6680438,
      0,
      -0.5339839,
      0.62230057,
      0.57236636,
      0,
      -3.0952604,
      -0.1822963,
      5.208899,
      0.99999994
    ],
    "trackingState" : "Normal",
    "timestamp" : 235379873363
  },
  {
    "transform" : [
      -0.4108478,
      -0.78135514,
      0.46977484,
      0,
      0.7324923,
      0.023895914,
      0.6803557,
      0,
      -0.54282516,
      0.6236291,
      0.5625191,
      0,
      -3.0962613,
      -0.18285425,
      5.21121,
      0.99999994
    ],
    "trackingState" : "Normal",
    "timestamp" : 235379890023
  },
  {
    "transform" : [
      -0.41977862,
      -0.7803475,
      0.46351257,
      0,
      0.7219232,
      0.022453433,
      0.69160885,
      0,
      -0.5501028,
      0.624943,
      0.55392545,
      0,
      -3.0973864,
      -0.18328063,
      5.213732,
      1
    ],
    "trackingState" : "Normal",
    "timestamp" : 235379906684
  },
  {
    "transform" : [
      -0.4282429,
      -0.7798626,
      0.45653322,
      0,
      0.7120138,
      0.019898828,
      0.70188355,
      0,
      -0.5564572,
      0.6256345,
      0.5467514,
      0,
      -3.0986876,
      -0.18357717,
      5.2164493,
      1
    ],
    "trackingState" : "Normal",
    "timestamp" : 235379923344
  },
  {
    "transform" : [
      -0.43587947,
      -0.77978873,
      0.44937602,
      0,
      0.7022391,
      0.017619668,
      0.71172315,
      0,
      -0.56291145,
      0.6257948,
      0.5399182,
      0,
      -3.1001406,
      -0.18384127,
      5.2192383,
      1
    ],
    "trackingState" : "Normal",
    "timestamp" : 235379940005
  },
  {
    "transform" : [
      -0.44273242,
      -0.77999353,
      0.44226488,
      0,
      0.69175947,
      0.01669514,
      0.72193503,
      0,
      -0.57048833,
      0.6255649,
      0.53217655,
      0,
      -3.101722,
      -0.18411298,
      5.2220283,
      0.99999994
    ],
    "trackingState" : "Normal",
    "timestamp" : 235379956665
  },
  {
    "transform" : [
      -0.44891265,
      -0.78028804,
      0.43546325,
      0,
      0.6809823,
      0.016794205,
      0.73210734,
      0,
      -0.5785679,
      0.6251949,
      0.52382314,
      0,
      -3.103377,
      -0.18439865,
      5.2247934,
      1
    ],
    "trackingState" : "Normal",
    "timestamp" : 235379973326
  },
  {
    "transform" : [
      -0.45479113,
      -0.78040457,
      0.4291082,
      0,
      0.67053634,
      0.01705178,
      0.7416808,
      0,
      -0.5861282,
      0.6250424,
      0.5155347,
      0,
      -3.1050222,
      -0.1847292,
      5.2275543,
      0.99999994
    ],
    "trackingState" : "Normal",
    "timestamp" : 235379989986
  },
  {
    "transform" : [
      -0.46072447,
      -0.7804185,
      0.42270544,
      0,
      0.65896314,
      0.018264955,
      0.75195336,
      0,
      -0.59455913,
      0.6249906,
      0.50585204,
      0,
      -3.1066232,
      -0.18533024,
      5.2301617,
      0.99999994
    ],
    "trackingState" : "Normal",
    "timestamp" : 235380006646
  },
  {
    "transform" : [
      -0.46658456,
      -0.78052104,
      0.416036,
      0,
      0.6462844,
      0.020265207,
      0.76282763,
      0,
      -0.6038341,
      0.62480104,
      0.4949831,
      0,
      -3.1081624,
      -0.18578632,
      5.2328773,
      1
    ],
    "trackingState" : "Normal",
    "timestamp" : 235380023307
  },
  {
    "transform" : [
      -0.47300485,
      -0.78064924,
      0.408477,
      0,
      0.63266337,
      0.021723231,
      0.77412224,
      0,
      -0.61319137,
      0.6245919,
      0.48361304,
      0,
      -3.109678,
      -0.18600973,
      5.235854,
      1
    ],
    "trackingState" : "Normal",
    "timestamp" : 235380039967
  },
  {
    "transform" : [
      -0.48038295,
      -0.780386,
      0.40028733,
      0,
      0.6195456,
      0.02111385,
      0.7846767,
      0,
      -0.6208023,
      0.62494147,
      0.47334206,
      0,
      -3.1110985,
      -0.18614565,
      5.238973,
      0.99999994
    ],
    "trackingState" : "Normal",
    "timestamp" : 235380056628
  },
  {
    "transform" : [
      -0.48845828,
      -0.779692,
      0.39177698,
      0,
      0.6070254,
      0.01890946,
      0.79445755,
      0,
      -0.6268404,
      0.6258778,
      0.46405637,
      0,
      -3.1124532,
      -0.18619773,
      5.2422323,
      1
    ],
    "trackingState" : "Normal",
    "timestamp" : 235380073288
  },
  {
    "transform" : [
      -0.4960093,
      -0.7792983,
      0.38297418,
      0,
      0.5944653,
      0.016721178,
      0.8039475,
      0,
      -0.6329186,
      0.62643015,
      0.454972,
      0,
      -3.1138492,
      -0.18657778,
      5.245553,
      1
    ],
    "trackingState" : "Normal",
    "timestamp" : 235380089948
  },
  {
    "transform" : [
      -0.50194126,
      -0.7798005,
      0.37412068,
      0,
      0.58097744,
      0.016447162,
      0.8137536,
      0,
      -0.64071864,
      0.6258121,
      0.444791,
      0,
      -3.1152577,
      -0.1866657,
      5.248977,
      1
    ],
    "trackingState" : "Normal",
    "timestamp" : 235380106609
  },
  {
    "transform" : [
      -0.5069647,
      -0.78055066,
      0.36568812,
      0,
      0.5670408,
      0.017520638,
      0.82350343,
      0,
      -0.64919317,
      0.6248471,
      0.43372175,
      0,
      -3.116643,
      -0.18648782,
      5.2524614,
      1
    ],
    "trackingState" : "Normal",
    "timestamp" : 235380123269
  },
  {
    "transform" : [
      -0.5123294,
      -0.78073454,
      0.35773227,
      0,
      0.55313325,
      0.018653043,
      0.8328841,
      0,
      -0.65693414,
      0.6245845,
      0.42229375,
      0,
      -3.1179636,
      -0.18624008,
      5.2559776,
      1
    ],
    "trackingState" : "Normal",
    "timestamp" : 235380139930
  },
  {
    "transform" : [
      -0.5182256,
      -0.78046405,
      0.34974033,
      0,
      0.53926367,
      0.019209577,
      0.84191805,
      0,
      -0.663805,
      0.6249056,
      0.41092107,
      0,
      -3.1192322,
      -0.18593383,
      5.259536,
      1
    ],
    "trackingState" : "Normal",
    "timestamp" : 235380156590
  },
  {
    "transform" : [
      -0.5247823,
      -0.77984893,
      0.34123206,
      0,
      0.52580565,
      0.018276805,
      0.8504085,
      0,
      -0.66942674,
      0.625701,
      0.40045762,
      0,
      -3.1204596,
      -0.18555222,
      5.263143,
      0.99999994
    ],
    "trackingState" : "Normal",
    "timestamp" : 235380173251
  },
  {
    "transform" : [
      -0.5321845,
      -0.77849096,
      0.3327638,
      0,
      0.5133556,
      0.015827386,
      0.8580302,
      0,
      -0.6732354,
      0.62745637,
      0.3912196,
      0,
      -3.1216474,
      -0.18509868,
      5.2667637,
      0.99999994
    ],
    "trackingState" : "Normal",
    "timestamp" : 235380189911
  },
  {
    "transform" : [
      -0.5392342,
      -0.7770688,
      0.32463944,
      0,
      0.50146836,
      0.013419096,
      0.865072,
      0,
      -0.67657685,
      0.6292727,
      0.38243932,
      0,
      -3.1230488,
      -0.1846306,
      5.2700925,
      1
    ],
    "trackingState" : "Normal",
    "timestamp" : 235380206571
  },
  {
    "transform" : [
      -0.5444241,
      -0.7767542,
      0.3166314,
      0,
      0.48972103,
      0.012129617,
      0.87179494,
      0,
      -0.6810109,
      0.6296872,
      0.37378916,
      0,
      -3.1244395,
      -0.18388413,
      5.2735257,
      1
    ],
    "trackingState" : "Normal",
    "timestamp" : 235380223232
  },
  {
    "transform" : [
      -0.5471819,
      -0.77783674,
      0.30913126,
      0,
      0.47800165,
      0.01278621,
      0.87826604,
      0,
      -0.6871001,
      0.6283364,
      0.36481082,
      0,
      -3.1258357,
      -0.18287073,
      5.2770634,
      1
    ],
    "trackingState" : "Normal",
    "timestamp" : 235380239892
  },
  {
    "transform" : [
      -0.5480141,
      -0.77992284,
      0.30232614,
      0,
      0.46613958,
      0.015360466,
      0.884578,
      0,
      -0.6945464,
      0.62568724,
      0.3551351,
      0,
      -3.1272626,
      -0.1816885,
      5.280585,
      0.99999994
    ],
    "trackingState" : "Normal",
    "timestamp" : 235380256553
  },
  {
    "transform" : [
      -0.5487108,
      -0.7819887,
      0.29565233,
      0,
      0.45417252,
      0.018078407,
      0.8907303,
      0,
      -0.70188606,
      0.6230305,
      0.3452379,
      0,
      -3.128617,
      -0.18044387,
      5.284089,
      1
    ],
    "trackingState" : "Normal",
    "timestamp" : 235380273213
  },
  {
    "transform" : [
      -0.5506695,
      -0.783393,
      0.28819904,
      0,
      0.44220963,
      0.019044677,
      0.89670956,
      0,
      -0.70796466,
      0.62123495,
      0.33593658,
      0,
      -3.1297984,
      -0.17920832,
      5.28763,
      1
    ],
    "trackingState" : "Normal",
    "timestamp" : 235380289873
  },
  {
    "transform" : [
      -0.5544458,
      -0.78385586,
      0.2795707,
      0,
      0.4296787,
      0.018068539,
      0.902801,
      0,
      -0.7127174,
      0.6206798,
      0.3267882,
      0,
      -3.130892,
      -0.17851622,
      5.2909174,
      0.99999994
    ],
    "trackingState" : "Normal",
    "timestamp" : 235380306534
  },
  {
    "transform" : [
      -0.559101,
      -0.7838916,
      0.2700376,
      0,
      0.41628218,
      0.016258324,
      0.90909016,
      0,
      -0.7170185,
      0.620685,
      0.31723002,
      0,
      -3.131793,
      -0.17764957,
      5.294348,
      0.99999994
    ],
    "trackingState" : "Normal",
    "timestamp" : 235380323194
  },
  {
    "transform" : [
      -0.5629694,
      -0.7842862,
      0.2606929,
      0,
      0.40277353,
      0.015084535,
      0.9151754,
      0,
      -0.72169197,
      0.62021583,
      0.3073976,
      0,
      -3.1326022,
      -0.17649947,
      5.297885,
      1
    ],
    "trackingState" : "Normal",
    "timestamp" : 235380339855
  },
  {
    "transform" : [
      -0.56570935,
      -0.78521687,
      0.25180882,
      0,
      0.38954565,
      0.01466945,
      0.92089033,
      0,
      -0.7267925,
      0.6190473,
      0.2975791,
      0,
      -3.1334066,
      -0.17521709,
      5.3014064,
      1
    ],
    "trackingState" : "Normal",
    "timestamp" : 235380356515
  },
  {
    "transform" : [
      -0.56752,
      -0.78651977,
      0.2435321,
      0,
      0.376789,
      0.014899963,
      0.9261794,
      0,
      -0.73208696,
      0.61738545,
      0.28789595,
      0,
      -3.1342046,
      -0.17385305,
      5.3048925,
      1
    ],
    "trackingState" : "Normal",
    "timestamp" : 235380373176
  },
  {
    "transform" : [
      -0.5682593,
      -0.788495,
      0.23528096,
      0,
      0.36430955,
      0.015295116,
      0.93115234,
      0,
      -0.73780763,
      0.614851,
      0.27856466,
      0,
      -3.134998,
      -0.17241715,
      5.308341,
      0.99999994
    ],
    "trackingState" : "Normal",
    "timestamp" : 235380389836
  },
  {
    "transform" : [
      -0.5691503,
      -0.7902985,
      0.2269284,
      0,
      0.3525439,
      0.014781252,
      0.9356787,
      0,
      -0.7428197,
      0.6125439,
      0.2702021,
      0,
      -3.135777,
      -0.17181477,
      5.3124967,
      1
    ],
    "trackingState" : "Normal",
    "timestamp" : 235380406496
  },
  {
    "transform" : [
      -0.57039756,
      -0.7917925,
      0.21842952,
      0,
      0.3406692,
      0.013923347,
      0.9400802,
      0,
      -0.7473897,
      0.6106315,
      0.26179743,
      0,
      -3.1364045,
      -0.17094614,
      5.3163757,
      0.99999994
    ],
    "trackingState" : "Normal",
    "timestamp" : 235380423157
  },
  {
    "transform" : [
      -0.5717124,
      -0.79313225,
      0.20996763,
      0,
      0.32792982,
      0.013685634,
      0.944603,
      0,
      -0.75206864,
      0.6088958,
      0.25226742,
      0,
      -3.136888,
      -0.16973315,
      5.3198924,
      1
    ],
    "trackingState" : "Normal",
    "timestamp" : 235380439817
  },
  {
    "transform" : [
      -0.5727132,
      -0.7944925,
      0.20194376,
      0,
      0.31487656,
      0.014242878,
      0.94902575,
      0,
      -0.75687015,
      0.6071069,
      0.24200995,
      0,
      -3.137271,
      -0.16843036,
      5.323241,
      0.99999994
    ],
    "trackingState" : "Normal",
    "timestamp" : 235380456478
  },
  {
    "transform" : [
      -0.57328635,
      -0.79596055,
      0.19439563,
      0,
      0.3020338,
      0.015253595,
      0.9531753,
      0,
      -0.76165515,
      0.6051564,
      0.23166229,
      0,
      -3.1375768,
      -0.16711745,
      5.32649,
      0.99999994
    ],
    "trackingState" : "Normal",
    "timestamp" : 235380473138
  },
  {
    "transform" : [
      -0.57366145,
      -0.7974026,
      0.18724789,
      0,
      0.2895645,
      0.016412782,
      0.9570179,
      0,
      -0.7662018,
      0.6032245,
      0.22148408,
      0,
      -3.1378071,
      -0.16580495,
      5.3296423,
      1
    ],
    "trackingState" : "Normal",
    "timestamp" : 235380489798
  },
  {
    "transform" : [
      -0.5739379,
      -0.7988281,
      0.180192,
      0,
      0.27739114,
      0.017384363,
      0.9605999,
      0,
      -0.7704867,
      0.6013082,
      0.21161027,
      0,
      -3.138582,
      -0.16505575,
      5.333496,
      1
    ],
    "trackingState" : "Normal",
    "timestamp" : 235380506459
  },
  {
    "transform" : [
      -0.5737285,
      -0.80050015,
      0.17330691,
      0,
      0.26598176,
      0.018030642,
      0.9638095,
      0,
      -0.77465445,
      0.5990614,
      0.20257373,
      0,
      -3.1390781,
      -0.16408302,
      5.336987,
      1
    ],
    "trackingState" : "Normal",
    "timestamp" : 235380523119
  },
  {
    "transform" : [
      -0.57334304,
      -0.80218136,
      0.16668227,
      0,
      0.25543305,
      0.018291721,
      0.96665376,
      0,
      -0.7784805,
      0.59680027,
      0.1944162,
      0,
      -3.1392365,
      -0.16287999,
      5.340035,
      1
    ],
    "trackingState" : "Normal",
    "timestamp" : 235380539780
  },
  {
    "transform" : [
      -0.5729201,
      -0.80374855,
      0.16047111,
      0,
      0.24530333,
      0.018662682,
      0.9692667,
      0,
      -0.78204155,
      0.59467643,
      0.18646996,
      0,
      -3.1392088,
      -0.1616252,
      5.342871,
      0.99999994
    ],
    "trackingState" : "Normal",
    "timestamp" : 235380556440
  },
  {
    "transform" : [
      -0.572304,
      -0.80535275,
      0.15451592,
      0,
      0.23493858,
      0.019500244,
      0.9718147,
      0,
      -0.78566676,
      0.5924751,
      0.17804833,
      0,
      -3.1390398,
      -0.16035317,
      5.345599,
      1
    ],
    "trackingState" : "Normal",
    "timestamp" : 235380573100
  },
  {
    "transform" : [
      -0.5715786,
      -0.80695015,
