[
  {
    "trackingState" : "Normal",
    "transform" : [
      -0.0753909,
      -0.9877446,
      -0.13666317,
      0,
      -0.73213756,
      -0.038214285,
      0.6800841,
      0,
      -0.676972,
      0.15132837,
      -0.7202839,
      0,
      -1.5840827,
      0.015157583,
      -4.0051184,
      1
    ],
    "timestamp" : 235295388335
  },
  {
    "trackingState" : "Normal",
    "transform" : [
      -0.06926255,
      -0.9892655,
      -0.12867221,
      0,
      -0.7330809,
      -0.037007842,
      0.67913383,
      0,
      -0.6766056,
      0.14136566,
      -0.7226485,
      0,
      -1.5841545,
      0.018541796,
      -4.0045767,
      0.99999994
    ],
    "timestamp" : 235295404996
  },
  {
    "trackingState" : "Normal",
    "transform" : [
      -0.06288518,
      -0.99036366,
      -0.12339107,
      0,
      -0.73338586,
      -0.037998706,
      0.67874974,
      0,
      -0.6768978,
      0.13317655,
      -0.7239292,
      0,
      -1.5844603,
      0.02198816,
      -4.0039563,
      1
    ],
    "timestamp" : 235295421656
  },
  {
    "trackingState" : "Normal",
    "transform" : [
      -0.05640898,
      -0.9912985,
      -0.118933834,
      0,
      -0.7341239,
      -0.039553776,
      0.6778625,
      0,
      -0.6766684,
      0.12554969,
      -0.7255048,
      0,
      -1.5848324,
      0.025451828,
      -4.003312,
      0.9999999
    ],
    "timestamp" : 235295438317
  },
  {
    "trackingState" : "Normal",
    "transform" : [
      -0.050080147,
      -0.992277,
      -0.11348239,
      0,
      -0.73575276,
      -0.040184297,
      0.676057,
      0,
      -0.6753961,
      0.11735201,
      -0.72805816,
      0,
      -1.5852003,
      0.028916758,
      -4.002757,
      0.9999999
    ],
    "timestamp" : 235295454977
  },
  {
    "trackingState" : "Normal",
    "transform" : [
      -0.0437431,
      -0.993359,
      -0.10641575,
      0,
      -0.73754483,
      -0.03973921,
      0.6741279,
      0,
      -0.6738799,
      0.10797482,
      -0.73090863,
      0,
      -1.585566,
      0.03237258,
      -4.0023036,
      0.9999999
    ],
    "timestamp" : 235295471638
  },
  {
    "trackingState" : "Normal",
    "transform" : [
      -0.03726478,
      -0.9944426,
      -0.0984656,
      0,
      -0.73856395,
      -0.03896703,
      0.6730565,
      0,
      -0.6731528,
      0.09780442,
      -0.73300725,
      0,
      -1.5859579,
      0.03621112,
      -4.002036,
      1
    ],
    "timestamp" : 235295488298
  },
  {
    "trackingState" : "Normal",
    "transform" : [
      -0.031060038,
      -0.9954151,
      -0.09046525,
      0,
      -0.739349,
      -0.038025185,
      0.6722477,
      0,
      -0.6726056,
      0.087765425,
      -0.73477817,
      0,
      -1.5862765,
      0.039960846,
      -4.001717,
      0.9999999
    ],
    "timestamp" : 235295504958
  },
  {
    "trackingState" : "Normal",
    "transform" : [
      -0.025367266,
      -0.99625415,
      -0.082669795,
      0,
      -0.74036777,
      -0.036844183,
      0.6711915,
      0,
      -0.6717233,
      0.07823235,
      -0.7366599,
      0,
      -1.5864686,
      0.043407377,
      -4.001271,
      1
    ],
    "timestamp" : 235295521619
  },
  {
    "trackingState" : "Normal",
    "transform" : [
      -0.020249322,
      -0.99697065,
      -0.07509775,
      0,
      -0.7414034,
      -0.035419207,
      0.6701243,
      0,
      -0.6707542,
      0.069247276,
      -0.7384401,
      0,
      -1.5865427,
      0.046705768,
      -4.000755,
      1
    ],
    "timestamp" : 235295538279
  },
  {
    "trackingState" : "Normal",
    "transform" : [
      -0.015396844,
      -0.9976047,
      -0.06743753,
      0,
      -0.7420692,
      -0.033802874,
      0.6694704,
      0,
      -0.6701465,
      0.060351036,
      -0.73977137,
      0,
      -1.5865277,
      0.049913853,
      -4.0001554,
      1
    ],
    "timestamp" : 235295554940
  },
  {
    "trackingState" : "Normal",
    "transform" : [
      -0.010556136,
      -0.998156,
      -0.059775565,
      0,
      -0.7431233,
      -0.032167647,
      0.6683808,
      0,
      -0.6690713,
      0.051476136,
      -0.7414135,
      0,
      -1.5864401,
      0.05306079,
      -3.9994411,
      0.9999999
    ],
    "timestamp" : 235295571600
  },
  {
    "trackingState" : "Normal",
    "transform" : [
      -0.005599131,
      -0.9986227,
      -0.05216736,
      0,
      -0.74523264,
      -0.03061826,
      0.66610134,
      0,
      -0.66678125,
      0.042606402,
      -0.7440349,
      0,
      -1.5861342,
      0.05635369,
      -3.998654,
      1
    ],
    "timestamp" : 235295588261
  },
  {
    "trackingState" : "Normal",
    "transform" : [
      -0.0010947345,
      -0.99897856,
      -0.045171555,
      0,
      -0.74825865,
      -0.029148819,
      0.66276646,
      0,
      -0.6634063,
      0.03452556,
      -0.74746245,
      0,
      -1.5857201,
      0.059555925,
      -3.9976912,
      0.99999994
    ],
    "timestamp" : 235295604921
  },
  {
    "trackingState" : "Normal",
    "transform" : [
      0.0026196137,
      -0.99923474,
      -0.03902691,
      0,
      -0.75240415,
      -0.02767658,
      0.65812016,
      0,
      -0.6586967,
      0.027639981,
      -0.7519009,
      0,
      -1.585254,
      0.062599204,
      -3.996532,
      0.99999994
    ],
    "timestamp" : 235295621582
  },
  {
    "trackingState" : "Normal",
    "transform" : [
      0.005811472,
      -0.9994234,
      -0.03345534,
      0,
      -0.7574595,
      -0.02624183,
      0.65235466,
      0,
      -0.6528564,
      0.021549918,
      -0.7571753,
      0,
      -1.5847528,
      0.0656029,
      -3.995224,
      1
    ],
    "timestamp" : 235295638242
  },
  {
    "trackingState" : "Normal",
    "transform" : [
      0.009524656,
      -0.9995403,
      -0.028779741,
      0,
      -0.7624049,
      -0.025882011,
      0.6465824,
      0,
      -0.6470301,
      0.015783342,
      -0.76230115,
      0,
      -1.5842888,
      0.068598524,
      -3.9937634,
      0.99999994
    ],
    "timestamp" : 235295654903
  },
  {
    "trackingState" : "Normal",
    "transform" : [
      0.014101219,
      -0.9996004,
      -0.024497744,
      0,
      -0.7669956,
      -0.026531763,
      0.64110345,
      0,
      -0.6414974,
      0.0097493185,
      -0.76706326,
      0,
      -1.583938,
      0.07163665,
      -3.9921823,
      0.9999998
    ],
    "timestamp" : 235295671563
  },
  {
    "trackingState" : "Normal",
    "transform" : [
      0.020329861,
      -0.9995686,
      -0.02119888,
      0,
      -0.77030635,
      -0.029176623,
      0.6370064,
      0,
      -0.6373501,
      0.0033793785,
      -0.77056724,
      0,
      -1.5835468,
      0.07441538,
      -3.9903917,
      1
    ],
    "timestamp" : 235295688223
  },
  {
    "trackingState" : "Normal",
    "transform" : [
      0.025922028,
      -0.9995058,
      -0.017781409,
      0,
      -0.77309006,
      -0.031320456,
      0.6335226,
      0,
      -0.63376653,
      -0.0026755598,
      -0.77352,
      0,
      -1.5831733,
      0.077243894,
      -3.9886072,
      0.99999994
    ],
    "timestamp" : 235295704884
  },
  {
    "trackingState" : "Normal",
    "transform" : [
      0.031324647,
      -0.99941814,
      -0.013496447,
      0,
      -0.7755742,
      -0.032821875,
      0.6304026,
      0,
      -0.6304789,
      -0.009279646,
      -0.7761512,
      0,
      -1.5828186,
      0.08017867,
      -3.9869666,
      0.99999994
    ],
    "timestamp" : 235295721544
  },
  {
    "trackingState" : "Normal",
    "transform" : [
      0.036913626,
      -0.9992887,
      -0.007725522,
      0,
      -0.77752024,
      -0.03357629,
      0.62796104,
      0,
      -0.6277738,
      -0.01717357,
      -0.77820665,
      0,
      -1.5824814,
      0.08313414,
      -3.9854403,
      1
    ],
    "timestamp" : 235295738205
  },
  {
    "trackingState" : "Normal",
    "transform" : [
      0.042672515,
      -0.99908876,
      -0.00088344916,
      0,
      -0.7789922,
      -0.03382552,
      0.62612075,
      0,
      -0.62558,
      -0.026029943,
      -0.7797258,
      0,
      -1.5821469,
      0.086055465,
      -3.9839554,
      1
    ],
    "timestamp" : 235295754865
  },
  {
    "trackingState" : "Normal",
    "transform" : [
      0.048089765,
      -0.9988259,
      0.0058548707,
      0,
      -0.7808256,
      -0.033937138,
      0.6238266,
      0,
      -0.6228956,
      -0.034571305,
      -0.78154093,
      0,
      -1.5817628,
      0.08893273,
      -3.9824483,
      1
    ],
    "timestamp" : 235295771526
  },
  {
    "trackingState" : "Normal",
    "transform" : [
      0.05311931,
      -0.9985135,
      0.012217781,
      0,
      -0.78315556,
      -0.034065396,
      0.6208921,
      0,
      -0.6195529,
      -0.042549774,
      -0.78380096,
      0,
      -1.5813075,
      0.09178444,
      -3.980893,
      0.99999994
    ],
    "timestamp" : 235295788186
  },
  {
    "trackingState" : "Normal",
    "transform" : [
      0.05815395,
      -0.9981354,
      0.018549465,
      0,
      -0.78533596,
      -0.034268472,
      0.61812073,
      0,
      -0.61633253,
      -0.050513722,
      -0.78586453,
      0,
      -1.5807033,
      0.09438509,
      -3.9788504,
      1
    ],
    "timestamp" : 235295804847
  },
  {
    "trackingState" : "Normal",
    "transform" : [
      0.06299951,
      -0.9977061,
      0.024772855,
      0,
      -0.7873579,
      -0.03443361,
      0.6155339,
      0,
      -0.61326885,
      -0.058283426,
      -0.7877211,
      0,
      -1.5800862,
      0.09707021,
      -3.977015,
      1
    ],
    "timestamp" : 235295821507
  },
  {
    "trackingState" : "Normal",
    "transform" : [
      0.06696315,
      -0.9972699,
      0.031123472,
      0,
      -0.79037607,
      -0.033981267,
      0.61167896,
      0,
      -0.6089515,
      -0.0655592,
      -0.7904938,
      0,
      -1.5793732,
      0.099766284,
      -3.975233,
      1
    ],
    "timestamp" : 235295838167
  },
  {
    "trackingState" : "Normal",
    "transform" : [
      0.06982447,
      -0.99684274,
      0.037804358,
      0,
      -0.7949156,
      -0.032704506,
      0.60583806,
      0,
      -0.60268885,
      -0.072353594,
      -0.79468954,
      0,
      -1.5785624,
      0.102473706,
      -3.9735036,
      0.99999994
    ],
    "timestamp" : 235295854828
  },
  {
    "trackingState" : "Normal",
    "transform" : [
      0.072278164,
      -0.9963705,
      0.044965085,
      0,
      -0.7995087,
      -0.030926598,
      0.5998579,
      0,
      -0.5962901,
      -0.0793066,
      -0.7988422,
      0,
      -1.5777458,
      0.10520793,
      -3.9718041,
      1
    ],
    "timestamp" : 235295871488
  },
  {
    "trackingState" : "Normal",
    "transform" : [
      0.07543958,
      -0.99576885,
      0.05247281,
      0,
      -0.80306,
      -0.02947703,
      0.5951688,
      0,
      -0.5911039,
      -0.087038085,
      -0.8018859,
      0,
      -1.5768894,
      0.10788947,
      -3.9699347,
      1
    ],
    "timestamp" : 235295888149
  },
  {
    "trackingState" : "Normal",
    "transform" : [
      0.079597205,
      -0.9950615,
      0.05930335,
      0,
      -0.805534,
      -0.029164685,
      0.5918315,
      0,
      -0.5871792,
      -0.094878994,
      -0.8038774,
      0,
      -1.5761218,
      0.11061518,
      -3.9680061,
      1
    ],
    "timestamp" : 235295904809
  },
  {
    "trackingState" : "Normal",
    "transform" : [
      0.08409758,
      -0.9943146,
      0.06531703,
      0,
      -0.80808467,
      -0.029699652,
      0.5883175,
      0,
      -0.58303285,
      -0.10225774,
      -0.80598795,
      0,
      -1.5754366,
      0.11342487,
      -3.9660707,
      1.0000001
    ],
    "timestamp" : 235295921470
  },
  {
    "trackingState" : "Normal",
    "transform" : [
      0.08819963,
      -0.99357194,
      0.070962526,
      0,
      -0.8116778,
      -0.03039157,
      0.5833144,
      0,
      -0.57740813,
      -0.109046824,
      -0.8091408,
      0,
      -1.5747683,
      0.11629641,
      -3.9641101,
      1
    ],
    "timestamp" : 235295938130
  },
  {
    "trackingState" : "Normal",
    "transform" : [
      0.09201265,
      -0.992802,
      0.076666966,
      0,
      -0.8161782,
      -0.031088445,
      0.5769635,
      0,
      -0.5704271,
      -0.11566183,
      -0.81316394,
      0,
      -1.5740942,
      0.11921722,
      -3.9621775,
      1
    ],
    "timestamp" : 235295954790
  },
  {
    "trackingState" : "Normal",
    "transform" : [
      0.09546794,
      -0.9919921,
      0.082688905,
      0,
      -0.82014084,
      -0.031307314,
      0.57130444,
      0,
      -0.5641408,
      -0.12235779,
      -0.81656224,
      0,
      -1.5733912,
      0.12216525,
      -3.960293,
      0.9999999
    ],
    "timestamp" : 235295971451
  },
  {
    "trackingState" : "Normal",
    "transform" : [
      0.09901489,
      -0.9910471,
      0.08956479,
      0,
      -0.82259613,
      -0.030871883,
      0.5677875,
      0,
      -0.5599392,
      -0.12989505,
      -0.8182883,
      0,
      -1.5726703,
      0.12513007,
      -3.9584613,
      1
    ],
    "timestamp" : 235295988111
  },
  {
    "trackingState" : "Normal",
    "transform" : [
      0.10303719,
      -0.9899392,
      0.096973516,
      0,
      -0.82391626,
      -0.030321771,
      0.56589997,
      0,
      -0.5572662,
      -0.13820678,
      -0.8187513,
      0,
      -1.5721158,
      0.12830897,
      -3.9564452,
      1
    ],
    "timestamp" : 235296004772
  },
  {
    "trackingState" : "Normal",
    "transform" : [
      0.1073285,
      -0.98873687,
      0.10430818,
      0,
      -0.82518494,
      -0.030068235,
      0.56406194,
      0,
      -0.55457246,
      -0.14661343,
      -0.8191179,
      0,
      -1.5714158,
      0.13142464,
      -3.9545124,
      1
    ],
    "timestamp" : 235296021432
  },
  {
    "trackingState" : "Normal",
    "transform" : [
      0.11123113,
      -0.9875173,
      0.111522816,
      0,
      -0.8275443,
      -0.02990181,
      0.56060374,
      0,
      -0.5502712,
      -0.15464664,
      -0.8205403,
      0,
      -1.5706145,
      0.13455144,
      -3.952575,
      0.99999994
    ],
    "timestamp" : 235296038093
  },
  {
    "trackingState" : "Normal",
    "transform" : [
      0.11449824,
      -0.98625904,
      0.1190941,
      0,
      -0.8311163,
      -0.029430486,
      0.5553195,
      0,
      -0.54418385,
      -0.16256411,
      -0.82306576,
      0,
      -1.569735,
      0.13770626,
      -3.950647,
      1
    ],
    "timestamp" : 235296054753
  },
  {
    "trackingState" : "Normal",
    "transform" : [
      0.117699176,
      -0.9848783,
      0.12712906,
      0,
      -0.83514625,
      -0.028905172,
      0.5492681,
      0,
      -0.5372876,
      -0.17081973,
      -0.82591957,
      0,
      -1.5688423,
      0.14087817,
      -3.9487295,
      1
    ],
    "timestamp" : 235296071414
  },
  {
    "trackingState" : "Normal",
    "transform" : [
      0.12145393,
      -0.9833525,
      0.1351546,
      0,
      -0.8385132,
      -0.028779399,
      0.54412067,
      0,
      -0.5311728,
      -0.17941451,
      -0.82804954,
      0,
      -1.5682092,
      0.14369348,
      -3.9468858,
      0.99999994
    ],
    "timestamp" : 235296088074
  },
  {
    "trackingState" : "Normal",
    "transform" : [
      0.125578,
      -0.9818148,
      0.14237271,
      0,
      -0.84054565,
      -0.029064536,
      0.5409606,
      0,
      -0.5269852,
      -0.18760352,
      -0.82891005,
      0,
      -1.5675583,
      0.14657807,
      -3.944953,
      1
    ],
    "timestamp" : 235296104734
  },
  {
    "trackingState" : "Normal",
    "transform" : [
      0.1296982,
      -0.98025656,
      0.14924943,
      0,
      -0.8419113,
      -0.029355861,
      0.53881675,
      0,
      -0.5237974,
      -0.19553831,
      -0.8290966,
      0,
      -1.56677,
      0.14967214,
      -3.942914,
      0.9999999
    ],
    "timestamp" : 235296121395
  },
  {
    "trackingState" : "Normal",
    "transform" : [
      0.13381627,
      -0.978527,
      0.15677375,
      0,
      -0.8437465,
      -0.029521246,
      0.53592944,
      0,
      -0.51979333,
      -0.20399337,
      -0.8295793,
      0,
      -1.5659063,
      0.15282783,
      -3.9408743,
      0.99999994
    ],
    "timestamp" : 235296138055
  },
  {
    "trackingState" : "Normal",
    "transform" : [
      0.13762194,
      -0.9765087,
      0.16580465,
      0,
      -0.84661335,
      -0.029084979,
      0.5314134,
      0,
      -0.51410735,
      -0.21350652,
      -0.830728,
      0,
      -1.5649694,
      0.15595336,
      -3.9388728,
      1
    ],
    "timestamp" : 235296154716
  },
  {
    "trackingState" : "Normal",
    "transform" : [
      0.14090237,
      -0.9744071,
      0.17514987,
      0,
      -0.8498969,
      -0.028315423,
      0.5261878,
      0,
      -0.5077617,
      -0.22300042,
      -0.8321353,
      0,
      -1.5639527,
      0.1590338,
      -3.9368486,
      1
    ],
    "timestamp" : 235296171376
  },
  {
    "trackingState" : "Normal",
    "transform" : [
      0.14352193,
      -0.97232056,
      0.18437554,
      0,
      -0.8533934,
      -0.02725765,
      0.5205545,
      0,
      -0.5011201,
      -0.2320558,
      -0.833684,
      0,
      -1.562877,
      0.16205767,
      -3.9347837,
      1
    ],
    "timestamp" : 235296188037
  },
  {
    "trackingState" : "Normal",
    "transform" : [
      0.14590372,
      -0.97024316,
      0.19323617,
      0,
      -0.85645604,
      -0.02611248,
      0.5155591,
      0,
      -0.49517182,
      -0.24072026,
      -0.8347807,
      0,
      -1.5622785,
      0.16563295,
      -3.9327812,
      0.9999999
    ],
    "timestamp" : 235296204697
  },
  {
    "trackingState" : "Normal",
    "transform" : [
      0.1483345,
      -0.96816736,
      0.20161584,
      0,
      -0.85865307,
      -0.024944693,
      0.51195,
      0,
      -0.49062407,
      -0.24905789,
      -0.83502007,
      0,
      -1.5613344,
      0.1687732,
      -3.9306233,
      1
    ],
    "timestamp" : 235296221358
  },
  {
    "trackingState" : "Normal",
    "transform" : [
      0.15115727,
      -0.96586174,
      0.21038656,
      0,
      -0.8608508,
      -0.024005774,
      0.508291,
      0,
      -0.48588833,
      -0.25794327,
      -0.83509153,
      0,
      -1.5602537,
      0.17175299,
      -3.9284046,
      0.9999999
    ],
    "timestamp" : 235296238018
  },
  {
    "trackingState" : "Normal",
    "transform" : [
      0.15389608,
      -0.9634711,
      0.21917924,
      0,
      -0.8637427,
      -0.023451233,
      0.5033872,
      0,
      -0.479859,
      -0.26678374,
      -0.83580023,
      0,
      -1.5590736,
      0.17467667,
      -3.9261296,
      0.99999994
    ],
    "timestamp" : 235296254678
  },
  {
    "trackingState" : "Normal",
    "transform" : [
      0.15595748,
      -0.96125203,
      0.22731444,
      0,
      -0.8672904,
      -0.023120651,
      0.49726555,
      0,
      -0.47274187,
      -0.27469987,
      -0.8372905,
      0,
      -1.5578221,
      0.17757533,
      -3.9237454,
      1
    ],
    "timestamp" : 235296271339
  },
  {
    "trackingState" : "Normal",
    "transform" : [
      0.1582496,
      -0.9589449,
      0.23533352,
      0,
      -0.87171394,
      -0.023741499,
      0.48943985,
      0,
      -0.46375865,
      -0.28259712,
      -0.83968276,
      0,
      -1.5571046,
      0.18048204,
      -3.9210875,
      0.99999994
    ],
    "timestamp" : 235296287999
  },
  {
    "trackingState" : "Normal",
    "transform" : [
      0.16029955,
      -0.9567029,
      0.24294801,
      0,
      -0.87661326,
      -0.024846919,
      0.4805538,
      0,
      -0.4537107,
      -0.29000396,
      -0.8426414,
      0,
      -1.5563289,
      0.18338558,
      -3.918452,
      1
    ],
    "timestamp" : 235296304660
  },
  {
    "trackingState" : "Normal",
    "transform" : [
      0.16207981,
      -0.9547458,
      0.24938066,
      0,
      -0.8809578,
      -0.026143054,
      0.47247246,
      0,
      -0.4445715,
      -0.29627204,
      -0.845328,
      0,
      -1.5553142,
      0.18625718,
      -3.9159117,
      1
    ],
    "timestamp" : 235296321320
  },
  {
    "trackingState" : "Normal",
    "transform" : [
      0.16411085,
      -0.9529372,
      0.25490883,
      0,
      -0.8841296,
      -0.02749128,
      0.46643257,
      0,
      -0.43747318,
      -0.30191904,
      -0.84703153,
      0,
      -1.5543311,
      0.18909118,
      -3.9134088,
      1
    ],
    "timestamp" : 235296337981
  },
  {
    "trackingState" : "Normal",
    "transform" : [
      0.16731505,
      -0.9508932,
      0.260399,
      0,
      -0.8859053,
      -0.029102098,
      0.46295214,
      0,
      -0.43263996,
      -0.30814776,
      -0.8472707,
      0,
      -1.5534736,
      0.19188237,
      -3.91094,
      0.9999999
    ],
    "timestamp" : 235296354641
  },
  {
    "trackingState" : "Normal",
    "transform" : [
      0.1705438,
      -0.9486914,
      0.26626974,
      0,
      -0.8877738,
      -0.030693186,
      0.4592559,
      0,
      -0.42751947,
      -0.31471047,
      -0.8474578,
      0,
      -1.5527023,
      0.194637,
      -3.908569,
      1
    ],
    "timestamp" : 235296371302
  },
  {
    "trackingState" : "Normal",
    "transform" : [
      0.17305282,
      -0.94642746,
      0.27263123,
      0,
      -0.889759,
      -0.03152407,
      0.4553406,
      0,
      -0.42235243,
      -0.32137406,
      -0.8475477,
      0,
      -1.5521162,
      0.19729291,
      -3.9064412,
      0.9999999
    ],
    "timestamp" : 235296387962
  },
  {
    "trackingState" : "Normal",
    "transform" : [
      0.17488924,
      -0.9440214,
      0.27970952,
      0,
      -0.8918274,
      -0.031508256,
      0.45127732,
      0,
      -0.41720232,
      -0.32837608,
      -0.8474146,
      0,
      -1.5514832,
      0.19987495,
      -3.9043405,
      0.9999999
    ],
    "timestamp" : 235296404623
  },
  {
    "trackingState" : "Normal",
    "transform" : [
      0.17617866,
      -0.9415306,
      0.28719565,
      0,
      -0.89426935,
      -0.031156251,
      0.44644344,
      0,
      -0.41139227,
      -0.33548403,
      -0.84747106,
      0,
      -1.5507549,
      0.20240854,
      -3.9021444,
      1
    ],
    "timestamp" : 235296421283
  },
  {
    "trackingState" : "Normal",
    "transform" : [
      0.17672808,
      -0.93923676,
      0.29428154,
      0,
      -0.8974168,
      -0.030968454,
      0.44009566,
      0,
      -0.40424058,
      -0.34187043,
      -0.8483599,
      0,
      -1.5499847,
      0.20489632,
      -3.8998706,
      1
    ],
    "timestamp" : 235296437943
  },
  {
    "trackingState" : "Normal",
    "transform" : [
      0.17633657,
      -0.9372342,
      0.30082798,
      0,
      -0.9011558,
      -0.030758522,
      0.43240258,
      0,
      -0.39600947,
      -0.34734127,
      -0.850018,
      0,
      -1.5491667,
      0.20734075,
      -3.897546,
      0.9999999
    ],
    "timestamp" : 235296454604
  },
  {
    "trackingState" : "Normal",
    "transform" : [
      0.17501265,
      -0.9353766,
      0.30731294,
      0,
      -0.90520537,
      -0.030094996,
      0.42390743,
      0,
      -0.3872645,
      -0.35237044,
      -0.85197496,
      0,
      -1.548329,
      0.20973505,
      -3.895237,
      0.99999994
    ],
    "timestamp" : 235296471264
  },
  {
    "trackingState" : "Normal",
    "transform" : [
      0.17361484,
      -0.93323874,
      0.31452107,
      0,
      -0.9093468,
      -0.029304454,
      0.41500574,
      0,
      -0.3780825,
      -0.35805982,
      -0.85372543,
      0,
      -1.5479728,
      0.2123587,
      -3.8932464,
      0.99999994
    ],
    "timestamp" : 235296487925
  },
  {
    "trackingState" : "Normal",
    "transform" : [
      0.17262976,
      -0.93089664,
      0.3219166,
      0,
      -0.9131136,
      -0.02869158,
      0.40669432,
      0,
      -0.3693542,
      -0.364154,
      -0.85496753,
      0,
      -1.5476996,
      0.21487477,
      -3.8912647,
      0.9999999
    ],
    "timestamp" : 235296504585
  },
  {
    "trackingState" : "Normal",
    "transform" : [
      0.17151622,
      -0.92867386,
      0.32885757,
      0,
      -0.9166333,
      -0.028092086,
      0.39874128,
      0,
      -0.36106232,
      -0.3698323,
      -0.8560716,
      0,
      -1.5473534,
      0.21719107,
      -3.8891768,
      1
    ],
    "timestamp" : 235296521246
  },
  {
    "trackingState" : "Normal",
    "transform" : [
      0.1700785,
      -0.9267316,
      0.3350251,
      0,
      -0.91996425,
      -0.02747114,
      0.39103857,
      0,
      -0.35318428,
      -0.37471834,
      -0.8572322,
      0,
      -1.5470449,
      0.21941502,
      -3.8870583,
      0.9999999
    ],
    "timestamp" : 235296537906
  },
  {
    "trackingState" : "Normal",
    "transform" : [
      0.16862433,
      -0.9249166,
      0.3407273,
      0,
      -0.9231495,
      -0.027029522,
      0.3834897,
      0,
      -0.3454863,
      -0.37920794,
      -0.85839427,
      0,
      -1.5468055,
      0.2215694,
      -3.884988,
      0.99999994
    ],
    "timestamp" : 235296554567
  },
  {
    "trackingState" : "Normal",
    "transform" : [
      0.16712971,
      -0.92317206,
      0.34615186,
      0,
      -0.9260393,
      -0.026477614,
      0.3764974,
      0,
      -0.33840662,
      -0.3834741,
      -0.8593189,
      0,
      -1.546642,
      0.22365077,
      -3.8829699,
      1
    ],
    "timestamp" : 235296571227
  },
  {
    "trackingState" : "Normal",
    "transform" : [
      0.16553047,
      -0.9213857,
      0.3516364,
      0,
      -0.92864597,
      -0.025596756,
      0.3700831,
      0,
      -0.33198854,
      -0.38780576,
      -0.85987824,
      0,
      -1.5469934,
      0.225902,
      -3.8811114,
      1
    ],
    "timestamp" : 235296587887
  },
  {
    "trackingState" : "Normal",
    "transform" : [
      0.16361038,
      -0.91934025,
      0.35783413,
      0,
      -0.93162036,
      -0.024663134,
      0.36259514,
      0,
      -0.32452303,
      -0.3926899,
      -0.86051136,
      0,
      -1.5473497,
      0.22800708,
      -3.8792977,
      1
    ],
    "timestamp" : 235296604548
  },
  {
    "trackingState" : "Normal",
    "transform" : [
      0.16117316,
      -0.9173171,
      0.36407763,
      0,
      -0.93532926,
      -0.024255848,
      0.35294574,
      0,
      -0.31493223,
      -0.39741784,
      -0.861903,
      0,
      -1.5475239,
      0.2298803,
      -3.877444,
      0.99999994
    ],
    "timestamp" : 235296621208
  },
  {
    "trackingState" : "Normal",
    "transform" : [
      0.15843803,
      -0.9157923,
      0.36908266,
      0,
      -0.9391941,
      -0.02444603,
      0.34251556,
      0,
      -0.30465052,
      -0.40090775,
      -0.8639799,
      0,
      -1.5476748,
      0.2316163,
      -3.8755164,
      0.99999994
    ],
    "timestamp" : 235296637869
  },
  {
    "trackingState" : "Normal",
    "transform" : [
      0.15620331,
      -0.91469127,
      0.3727473,
      0,
      -0.9424993,
      -0.025144318,
      0.33326116,
      0,
      -0.2954586,
      -0.40337053,
      -0.8660235,
      0,
      -1.5479048,
      0.23321807,
      -3.8735147,
      1
    ],
    "timestamp" : 235296654529
  },
  {
    "trackingState" : "Normal",
    "transform" : [
      0.15465371,
      -0.9138482,
      0.37545148,
      0,
      -0.945004,
      -0.025979837,
      0.32602552,
      0,
      -0.2881837,
      -0.40522414,
      -0.8676081,
      0,
      -1.5482457,
      0.2346667,
      -3.8714602,
      1
    ],
    "timestamp" : 235296671190
  },
  {
    "trackingState" : "Normal",
    "transform" : [
      0.15314654,
      -0.9130369,
      0.37803438,
      0,
      -0.9471337,
      -0.026478294,
      0.3197449,
      0,
      -0.2819292,
      -0.40701687,
      -0.86882305,
      0,
      -1.548729,
      0.23585121,
      -3.869574,
      1
    ],
    "timestamp" : 235296687850
  },
  {
    "trackingState" : "Normal",
    "transform" : [
      0.15073521,
      -0.91216344,
      0.38109967,
      0,
      -0.94969004,
      -0.026557177,
      0.3120634,
      0,
      -0.27453193,
      -0.40896544,
      -0.8702757,
      0,
      -1.549169,
      0.23686986,
      -3.8676713,
      1
    ],
    "timestamp" : 235296704511
  },
  {
    "trackingState" : "Normal",
    "transform" : [
      0.14701365,
      -0.9114353,
      0.38428226,
      0,
      -0.9529745,
      -0.02642744,
      0.3018962,
      0,
      -0.2650033,
      -0.410594,
      -0.87245977,
      0,
      -1.5494823,
      0.23776898,
      -3.8656776,
      0.99999994
    ],
    "timestamp" : 235296721171
  },
  {
    "trackingState" : "Normal",
    "transform" : [
      0.14246757,
      -0.9109479,
      0.38713932,
      0,
      -0.9566248,
      -0.026309403,
      0.29013205,
      0,
      -0.25410983,
      -0.41168147,
      -0.8751838,
      0,
      -1.5497419,
      0.23853603,
      -3.8636506,
      0.9999999
    ],
    "timestamp" : 235296737831
  },
  {
    "trackingState" : "Normal",
    "transform" : [
      0.13805649,
      -0.91082865,
      0.3890138,
      0,
      -0.9599523,
      -0.02637612,
      0.27891946,
      0,
      -0.24378715,
      -0.4119413,
      -0.8779934,
      0,
      -1.5500449,
      0.23918082,
      -3.8615892,
      0.99999994
    ],
    "timestamp" : 235296754492
  },
  {
    "trackingState" : "Normal",
    "transform" : [
      0.13441466,
      -0.91096157,
      0.38997674,
      0,
      -0.96273416,
      -0.026848136,
      0.26911342,
      0,
      -0.23468186,
      -0.41161668,
      -0.8806227,
      0,
      -1.5504409,
      0.23971198,
      -3.8595383,
      0.99999994
    ],
    "timestamp" : 235296771152
  },
  {
    "trackingState" : "Normal",
    "transform" : [
      0.13135804,
      -0.91118926,
      0.39048603,
      0,
      -0.9651268,
      -0.027571762,
      0.260327,
      0,
      -0.22644079,
      -0.41106457,
      -0.88303494,
      0,
      -1.5511675,
      0.23999394,
      -3.8575888,
      1
    ],
    "timestamp" : 235296787813
  },
  {
    "trackingState" : "Normal",
    "transform" : [
      0.12821929,
      -0.91145194,
      0.3909161,
      0,
      -0.9673391,
      -0.02802949,
      0.2519313,
      0,
      -0.21866608,
      -0.41045088,
      -0.88527703,
      0,
      -1.5518913,
      0.24016376,
      -3.8557103,
      1
    ],
    "timestamp" : 235296804473
  },
  {
    "trackingState" : "Normal",
    "transform" : [
      0.1244502,
      -0.91123086,
      0.39264572,
      0,
      -0.96959305,
      -0.027645614,
      0.24315687,
      0,
      -0.21071711,
      -0.4109674,
      -0.8869636,
      0,
      -1.5525192,
      0.24031758,
      -3.853911,
      1
    ],
    "timestamp" : 235296821134
  },
  {
    "trackingState" : "Normal",
    "transform" : [
      0.120441444,
      -0.91123056,
      0.39389434,
      0,
      -0.97191036,
      -0.027419997,
      0.23374884,
      0,
      -0.20219852,
      -0.410983,
      -0.888937,
      0,
      -1.5531085,
      0.24042758,
      -3.8521466,
      0.99999994
    ],
    "timestamp" : 235296837794
  },
  {
    "trackingState" : "Normal",
    "transform" : [
      0.11661047,
      -0.9114698,
      0.39449328,
      0,
      -0.9743518,
      -0.028017752,
      0.22327954,
      0,
      -0.19245973,
      -0.4104119,
      -0.8913593,
      0,
      -1.5537103,
      0.24050765,
      -3.8504133,
      0.99999994
    ],
    "timestamp" : 235296854455
  },
  {
    "trackingState" : "Normal",
    "transform" : [
      0.113656744,
      -0.91156095,
      0.39514416,
      0,
      -0.9767996,
      -0.029865878,
      0.21206261,
      0,
      -0.18150666,
      -0.41007897,
      -0.8938069,
      0,
      -1.5544094,
      0.24055257,
      -3.8487554,
      0.99999994
    ],
    "timestamp" : 235296871115
  },
  {
    "trackingState" : "Normal",
    "transform" : [
      0.111562096,
      -0.9117892,
      0.39521468,
      0,
      -0.97889566,
      -0.032306664,
      0.20179106,
      0,
      -0.17122284,
      -0.40938613,
      -0.89615065,
      0,
      -1.555477,
      0.24028172,
      -3.847352,
      1
    ],
    "timestamp" : 235296887775
  },
  {
    "trackingState" : "Normal",
    "transform" : [
      0.109744586,
      -0.9124949,
      0.39409307,
      0,
      -0.9806683,
      -0.03477891,
      0.19256224,
      0,
      -0.16200595,
      -0.4076072,
      -0.8986716,
      0,
      -1.5565012,
      0.2400427,
      -3.8458743,
      0.99999994
    ],
    "timestamp" : 235296904436
  },
  {
    "trackingState" : "Normal",
    "transform" : [
      0.10759562,
      -0.9133862,
      0.3926178,
      0,
      -0.9823463,
      -0.036885183,
      0.18339905,
      0,
      -0.15303242,
      -0.40541953,
      -0.90123034,
      0,
      -1.5573192,
      0.23989703,
      -3.8443182,
      0.9999998
    ],
    "timestamp" : 235296921096
  },
  {
    "trackingState" : "Normal",
    "transform" : [
      0.104556404,
      -0.9139513,
      0.39212388,
      0,
      -0.9840115,
      -0.037907537,
      0.17402421,
      0,
      -0.14418522,
      -0.40404972,
      -0.90330213,
      0,
      -1.5580124,
      0.23969519,
      -3.8428473,
      0.99999994
    ],
    "timestamp" : 235296937757
  },
  {
    "trackingState" : "Normal",
    "transform" : [
      0.10033086,
      -0.91420615,
      0.3926335,
      0,
      -0.98567057,
      -0.037545696,
      0.16445021,
      0,
      -0.13559969,
      -0.4035067,
      -0.90487313,
      0,
      -1.5586286,
      0.23940277,
      -3.8414726,
      1
    ],
    "timestamp" : 235296954417
  },
  {
    "trackingState" : "Normal",
    "transform" : [
      0.09571585,
      -0.9143275,
      0.39350203,
      0,
      -0.9872528,
      -0.036697257,
      0.15487196,
      0,
      -0.12716325,
      -0.40330964,
      -0.906185,
      0,
      -1.5592396,
      0.23903264,
      -3.8401644,
      1
    ],
    "timestamp" : 235296971078
  },
  {
    "trackingState" : "Normal",
    "transform" : [
      0.091475114,
      -0.9145348,
      0.39402875,
      0,
      -0.98868555,
      -0.036169786,
      0.14557718,
      0,
      -0.118883476,
      -0.40288717,
      -0.907496,
      0,
      -1.5599892,
      0.23874676,
      -3.8389204,
      1
    ],
    "timestamp" : 235296987738
  },
  {
    "trackingState" : "Normal",
    "transform" : [
      0.087790675,
      -0.91505605,
      0.3936565,
      0,
      -0.98992693,
      -0.036076963,
      0.13690594,
      0,
      -0.111074686,
      -0.40171015,
      -0.9090059,
      0,
      -1.5607523,
      0.23841298,
      -3.8376205,
      1
    ],
    "timestamp" : 235297004399
  },
  {
    "trackingState" : "Normal",
    "transform" : [
      0.08443551,
      -0.9159464,
      0.39231718,
      0,
      -0.9910563,
      -0.03636615,
      0.12839328,
      0,
      -0.10333431,
      -0.39964932,
      -0.9108252,
      0,
      -1.5614768,
      0.23799181,
      -3.836257,
      0.9999999
    ],
    "timestamp" : 235297021059
  },
  {
    "trackingState" : "Normal",
    "transform" : [
      0.08110565,
      -0.9168173,
      0.39098346,
      0,
      -0.992153,
      -0.03681368,
      0.119487874,
      0,
      -0.09515502,
      -0.39760652,
      -0.91260886,
      0,
      -1.5621896,
      0.23751016,
      -3.834921,
      1
    ],
    "timestamp" : 235297037719
  },
  {
    "trackingState" : "Normal",
    "transform" : [
      0.077362284,
      -0.9174574,
      0.3902399,
      0,
      -0.99323356,
      -0.03691609,
      0.110111445,
      0,
      -0.086616434,
      -0.39611775,
      -0.91410536,
      0,
      -1.5628767,
      0.23695254,
      -3.8336458,
      1
    ],
    "timestamp" : 235297054380
  },
  {
    "trackingState" : "Normal",
    "transform" : [
      0.07278015,
      -0.9180631,
      0.38969648,
      0,
      -0.99429274,
      -0.036227986,
      0.10034779,
      0,
      -0.078007706,
      -0.39477563,
      -0.9154601,
      0,
      -1.5634975,
      0.23632756,
      -3.8324103,
      0.99999994
    ],
    "timestamp" : 235297071040
  },
  {
    "trackingState" : "Normal",
    "transform" : [
      0.067754425,
      -0.91866213,
      0.38919038,
      0,
      -0.99525535,
      -0.034931757,
      0.0908102,
      0,
      -0.06982882,
      -0.3934966,
      -0.9166703,
      0,
      -1.5637864,
      0.23623282,
      -3.8310704,
      0.9999999
    ],
    "timestamp" : 235297087701
  },
  {
    "trackingState" : "Normal",
    "transform" : [
      0.06274357,
      -0.9195198,
      0.38800365,
      0,
      -0.99604684,
      -0.03319796,
      0.08239441,
      0,
      -0.062882386,
      -0.39163944,
      -0.9179676,
      0,
      -1.5641106,
      0.23597288,
      -3.8297017,
      1
    ],
    "timestamp" : 235297104361
  },
  {
    "trackingState" : "Normal",
    "transform" : [
      0.058300614,
      -0.92099595,
      0.38518497,
      0,
      -0.9966697,
      -0.031662647,
      0.07514644,
      0,
      -0.057013612,
      -0.38828322,
      -0.9197748,
      0,
      -1.5645832,
      0.23537558,
      -3.8282752,
      0.9999999
    ],
    "timestamp" : 235297121022
  },
  {
    "trackingState" : "Normal",
    "transform" : [
      0.054695357,
      -0.9225078,
      0.38208368,
      0,
      -0.99720484,
      -0.030959189,
      0.06800178,
      0,
      -0.05090319,
      -0.384735,
      -0.9216226,
      0,
      -1.5651402,
      0.2346378,
      -3.8268352,
      1
    ],
    "timestamp" : 235297137682
  },
  {
    "trackingState" : "Normal",
    "transform" : [
      0.05168895,
      -0.92375124,
      0.37948924,
      0,
      -0.9976426,
      -0.03058605,
      0.06143307,
      0,
      -0.04514181,
      -0.38176996,
      -0.92315453,
      0,
      -1.5657607,
      0.23381187,
      -3.8253782,
      1
    ],
    "timestamp" : 235297154343
  },
  {
    "trackingState" : "Normal",
    "transform" : [
      0.04879898,
      -0.92516816,
      0.37640762,
      0,
      -0.99803317,
      -0.030318916,
      0.054868437,
      0,
      -0.03935028,
      -0.37834474,
      -0.9248281,
      0,
      -1.5663787,
      0.23294914,
      -3.8238444,
      1
    ],
    "timestamp" : 235297171003
  },
  {
    "trackingState" : "Normal",
    "transform" : [
      0.045939244,
      -0.926791,
      0.37275738,
      0,
      -0.9983879,
      -0.030143967,
      0.048095666,
      0,
      -0.03333826,
      -0.3743659,
      -0.92668176,
      0,
      -1.5663587,
      0.23249146,
      -3.8222568,
      0.99999994
    ],
    "timestamp" : 235297187663
  },
  {
    "trackingState" : "Normal",
    "transform" : [
      0.043619245,
      -0.9289318,
      0.36767274,
      0,
      -0.9986987,
      -0.030809514,
      0.040640865,
      0,
      -0.026424786,
      -0.368967,
      -0.9290669,
      0,
      -1.5664274,
      0.23189357,
      -3.8206985,
      0.99999994
    ],
    "timestamp" : 235297204324
  },
  {
    "trackingState" : "Normal",
    "transform" : [
      0.041319296,
      -0.9308267,
      0.36311758,
      0,
      -0.9989303,
      -0.030932553,
      0.03437519,
      0,
      -0.020765208,
      -0.36414942,
      -0.93110913,
      0,
      -1.5667726,
      0.2310395,
      -3.8190925,
      0.99999994
    ],
    "timestamp" : 235297220984
  },
  {
    "trackingState" : "Normal",
    "transform" : [
      0.038851768,
      -0.9325303,
      0.3589957,
      0,
      -0.9991123,
      -0.030397255,
      0.029167224,
      0,
      -0.016286848,
      -0.3598102,
      -0.93288344,
      0,
