[
  {
    "timestamp" : 235412027968,
    "transform" : [
      0.06368949,
      -0.96945155,
      0.23687012,
      0,
      0.9062815,
      -0.043193772,
      -0.42046198,
      0,
      0.41784889,
      0.24144997,
      0.8758451,
      0,
      -3.4902394,
      0.012621063,
      3.8294446,
      1
    ],
    "trackingState" : "Normal"
  },
  {
    "timestamp" : 235412044628,
    "transform" : [
      0.06714315,
      -0.96918803,
      0.23699468,
      0,
      0.90481865,
      -0.04095336,
      -0.4238234,
      0,
      0.4204703,
      0.24289398,
      0.8741896,
      0,
      -3.4907656,
      0.011586291,
      3.8239644,
      1
    ],
    "trackingState" : "Normal"
  },
  {
    "timestamp" : 235412061288,
    "transform" : [
      0.070838325,
      -0.9690856,
      0.23633727,
      0,
      0.9025878,
      -0.038590267,
      -0.4287731,
      0,
      0.42463812,
      0.24368866,
      0.87195104,
      0,
      -3.4912753,
      0.010501628,
      3.8187416,
      1
    ],
    "trackingState" : "Normal"
  },
  {
    "timestamp" : 235412077949,
    "transform" : [
      0.07464351,
      -0.96867734,
      0.236839,
      0,
      0.9006323,
      -0.03647902,
      -0.43304843,
      0,
      0.4281239,
      0.24562904,
      0.86969924,
      0,
      -3.4917889,
      0.009356777,
      3.813555,
      1
    ],
    "trackingState" : "Normal"
  },
  {
    "timestamp" : 235412094609,
    "transform" : [
      0.078134224,
      -0.96782655,
      0.23917946,
      0,
      0.89951515,
      -0.03500236,
      -0.43548527,
      0,
      0.4298461,
      0.24917182,
      0.8678399,
      0,
      -3.4922988,
      0.008148807,
      3.808332,
      0.99999994
    ],
    "trackingState" : "Normal"
  },
  {
    "timestamp" : 235412111270,
    "transform" : [
      0.08118645,
      -0.96668345,
      0.24275915,
      0,
      0.89917266,
      -0.034041606,
      -0.43626818,
      0,
      0.42999715,
      0.25370142,
      0.86645156,
      0,
      -3.4927025,
      0.0069329184,
      3.8028445,
      0.99999994
    ],
    "trackingState" : "Normal"
  },
  {
    "timestamp" : 235412127930,
    "transform" : [
      0.08439548,
      -0.965434,
      0.24660622,
      0,
      0.89903367,
      -0.032942142,
      -0.43663883,
      0,
      0.42966977,
      0.25855762,
      0.86517763,
      0,
      -3.4931154,
      0.005705178,
      3.797446,
      1
    ],
    "trackingState" : "Normal"
  },
  {
    "timestamp" : 235412144591,
    "transform" : [
      0.08768023,
      -0.96441346,
      0.24943733,
      0,
      0.89854693,
      -0.03152679,
      -0.4377439,
      0,
      0.43003008,
      0.26251256,
      0.8638065,
      0,
      -3.4936044,
      0.004463765,
      3.792454,
      1
    ],
    "trackingState" : "Normal"
  },
  {
    "timestamp" : 235412161251,
    "transform" : [
      0.09060782,
      -0.9637363,
      0.25100338,
      0,
      0.8975865,
      -0.030158006,
      -0.43980572,
      0,
      0.4314265,
      0.26514706,
      0.86230415,
      0,
      -3.4940875,
      0.003226121,
      3.7877157,
      1
    ],
    "trackingState" : "Normal"
  },
  {
    "timestamp" : 235412177911,
    "transform" : [
      0.09320611,
      -0.9630921,
      0.25252005,
      0,
      0.89650816,
      -0.029146666,
      -0.44206768,
      0,
      0.433112,
      0.26758966,
      0.86070323,
      0,
      -3.4945488,
      0.0019849893,
      3.7830856,
      1
    ],
    "trackingState" : "Normal"
  },
  {
    "timestamp" : 235412194572,
    "transform" : [
      0.09531693,
      -0.96215343,
      0.25529504,
      0,
      0.896055,
      -0.028778067,
      -0.44300953,
      0,
      0.43359002,
      0.27098468,
      0.8593994,
      0,
      -3.494995,
      0.0007491391,
      3.778462,
      1
    ],
    "trackingState" : "Normal"
  },
  {
    "timestamp" : 235412211232,
    "transform" : [
      0.09713271,
      -0.9606984,
      0.26004577,
      0,
      0.89653456,
      -0.029003333,
      -0.44202325,
      0,
      0.43219325,
      0.27607492,
      0.8584822,
      0,
      -3.4957092,
      -0.0005928795,
      3.772237,
      0.9999999
    ],
    "trackingState" : "Normal"
  },
  {
    "timestamp" : 235412227893,
    "transform" : [
      0.09898049,
      -0.9588735,
      0.26601613,
      0,
      0.8971259,
      -0.029676402,
      -0.4407773,
      0,
      0.43054414,
      0.28227827,
      0.8572929,
      0,
      -3.4965105,
      -0.0019256487,
      3.7658527,
      1
    ],
    "trackingState" : "Normal"
  },
  {
    "timestamp" : 235412244553,
    "transform" : [
      0.100909725,
      -0.9570631,
      0.27174878,
      0,
      0.89690375,
      -0.030696169,
      -0.4411592,
      0,
      0.4305589,
      0.28824973,
      0.855296,
      0,
      -3.4971914,
      -0.0031294278,
      3.7608004,
      0.99999994
    ],
    "trackingState" : "Normal"
  },
  {
    "timestamp" : 235412261213,
    "transform" : [
      0.10293281,
      -0.9555284,
      0.2763523,
      0,
      0.89594424,
      -0.03161918,
      -0.44303983,
      0,
      0.4320752,
      0.2931995,
      0.85284543,
      0,
      -3.4978511,
      -0.004250737,
      3.7563257,
      1
    ],
    "trackingState" : "Normal"
  },
  {
    "timestamp" : 235412277874,
    "transform" : [
      0.10427123,
      -0.9546636,
      0.27882802,
      0,
      0.8952968,
      -0.03198543,
      -0.4443205,
      0,
      0.4330951,
      0.29596364,
      0.8513721,
      0,
      -3.4984624,
      -0.005247761,
      3.7522023,
      0.99999994
    ],
    "trackingState" : "Normal"
  },
  {
    "timestamp" : 235412294534,
    "transform" : [
      0.10483016,
      -0.9543922,
      0.27954647,
      0,
      0.89487016,
      -0.03210062,
      -0.44517097,
      0,
      0.43384132,
      0.29682505,
      0.85069203,
      0,
      -3.499068,
      -0.006171692,
      3.7482877,
      0.99999994
    ],
    "trackingState" : "Normal"
  },
  {
    "timestamp" : 235412311195,
    "transform" : [
      0.10603573,
      -0.9538703,
      0.28086975,
      0,
      0.8940267,
      -0.03219454,
      -0.44685546,
      0,
      0.4352847,
      0.29848766,
      0.8493718,
      0,
      -3.499798,
      -0.00684778,
      3.743205,
      0.9999998
    ],
    "trackingState" : "Normal"
  },
  {
    "timestamp" : 235412327855,
    "transform" : [
      0.10749168,
      -0.9528885,
      0.28363565,
      0,
      0.8933925,
      -0.03259868,
      -0.44809303,
      0,
      0.43622887,
      0.30156413,
      0.84779936,
      0,
      -3.5006378,
      -0.0075073913,
      3.737911,
      0.99999994
    ],
    "trackingState" : "Normal"
  },
  {
    "timestamp" : 235412344516,
    "transform" : [
      0.10852607,
      -0.9516446,
      0.28739315,
      0,
      0.89311975,
      -0.033612102,
      -0.44856167,
      0,
      0.43653113,
      0.30535707,
      0.84628487,
      0,
      -3.5015013,
      -0.008348865,
      3.7334588,
      1
    ],
    "trackingState" : "Normal"
  },
  {
    "timestamp" : 235412361176,
    "transform" : [
      0.10961559,
      -0.9504521,
      0.29090425,
      0,
      0.8929098,
      -0.034420796,
      -0.448918,
      0,
      0.43668824,
      0.30895963,
      0.84489506,
      0,
      -3.5024087,
      -0.0092114685,
      3.729339,
      1
    ],
    "trackingState" : "Normal"
  },
  {
    "timestamp" : 235412377836,
    "transform" : [
      0.11054492,
      -0.9497671,
      0.29278356,
      0,
      0.8928324,
      -0.034514382,
      -0.4490646,
      0,
      0.4366121,
      0.31104842,
      0.8441676,
      0,
      -3.503341,
      -0.010006769,
      3.7254634,
      0.99999994
    ],
    "trackingState" : "Normal"
  },
  {
    "timestamp" : 235412394497,
    "transform" : [
      0.110892355,
      -0.9495576,
      0.29333147,
      0,
      0.89235634,
      -0.03479545,
      -0.44998842,
      0,
      0.43749654,
      0.31165642,
      0.84348524,
      0,
      -3.5042777,
      -0.010762871,
      3.7217278,
      0.99999994
    ],
    "trackingState" : "Normal"
  },
  {
    "timestamp" : 235412411157,
    "transform" : [
      0.11075327,
      -0.94919205,
      0.2945646,
      0,
      0.89146477,
      -0.036142744,
      -0.4516464,
      0,
      0.4393455,
      0.31261522,
      0.8421684,
      0,
      -3.5052297,
      -0.011605028,
      3.717594,
      1
    ],
    "trackingState" : "Normal"
  },
  {
    "timestamp" : 235412427818,
    "transform" : [
      0.110213906,
      -0.9484205,
      0.29723954,
      0,
      0.8908962,
      -0.038314197,
      -0.45258817,
      0,
      0.44063246,
      0.31469107,
      0.84072155,
      0,
      -3.5062017,
      -0.012440476,
      3.7133405,
      0.9999999
    ],
    "trackingState" : "Normal"
  },
  {
    "timestamp" : 235412444478,
    "transform" : [
      0.109562635,
      -0.9475103,
      0.300367,
      0,
      0.89086676,
      -0.04042095,
      -0.45246312,
      0,
      0.4408546,
      0.31715995,
      0.8396768,
      0,
      -3.5072074,
      -0.013165057,
      3.7093384,
      1
    ],
    "trackingState" : "Normal"
  },
  {
    "timestamp" : 235412461139,
    "transform" : [
      0.10906773,
      -0.9468509,
      0.30261827,
      0,
      0.89112616,
      -0.04175844,
      -0.45183036,
      0,
      0.44045287,
      0.3189511,
      0.8392091,
      0,
      -3.508236,
      -0.013798317,
      3.7054691,
      1
    ],
    "trackingState" : "Normal"
  },
  {
    "timestamp" : 235412477799,
    "transform" : [
      0.10872611,
      -0.94665784,
      0.30334422,
      0,
      0.8915236,
      -0.042126924,
      -0.4510113,
      0,
      0.43973234,
      0.31947517,
      0.8393876,
      0,
      -3.509297,
      -0.014331125,
      3.7017043,
      1
    ],
    "trackingState" : "Normal"
  },
  {
    "timestamp" : 235412494459,
    "transform" : [
      0.10829019,
      -0.9467633,
      0.30317092,
      0,
      0.8919656,
      -0.04211972,
      -0.45013732,
      0,
      0.4389429,
      0.3191634,
      0.8399192,
      0,
      -3.5103848,
      -0.014767032,
      3.6979764,
      1
    ],
    "trackingState" : "Normal"
  },
  {
    "timestamp" : 235412511120,
    "transform" : [
      0.10739645,
      -0.94678324,
      0.3034264,
      0,
      0.89255965,
      -0.04262177,
      -0.44891056,
      0,
      0.4379536,
      0.31903753,
      0.8404832,
      0,
      -3.511423,
      -0.015375679,
      3.693318,
      1
    ],
    "trackingState" : "Normal"
  },
  {
    "timestamp" : 235412527780,
    "transform" : [
      0.10598837,
      -0.9464721,
      0.30488878,
      0,
      0.89350295,
      -0.043905858,
      -0.44690594,
      0,
      0.43637037,
      0.3197858,
      0.84102213,
      0,
      -3.5124366,
      -0.015922122,
      3.6884491,
      1
    ],
    "trackingState" : "Normal"
  },
  {
    "timestamp" : 235412544441,
    "transform" : [
      0.10423607,
      -0.9459243,
      0.3071843,
      0,
      0.8944331,
      -0.045897804,
      -0.4448406,
      0,
      0.43488458,
      0.32112417,
      0.84128183,
      0,
      -3.513467,
      -0.016186072,
      3.6841214,
      1
    ],
    "trackingState" : "Normal"
  },
  {
    "timestamp" : 235412561101,
    "transform" : [
      0.102387756,
      -0.945417,
      0.30935982,
      0,
      0.89485896,
      -0.04828514,
      -0.44372985,
      0,
      0.43444723,
      0.32226583,
      0.84107107,
      0,
      -3.5145185,
      -0.016301716,
      3.6799636,
      0.99999994
    ],
    "trackingState" : "Normal"
  },
  {
    "timestamp" : 235412577761,
    "transform" : [
      0.100648955,
      -0.94517666,
      0.31066218,
      0,
      0.894883,
      -0.05045717,
      -0.44343975,
      0,
      0.43480405,
      0.322638,
      0.8407441,
      0,
      -3.5156164,
      -0.016313799,
      3.6758807,
      1
    ],
    "trackingState" : "Normal"
  },
  {
    "timestamp" : 235412594422,
    "transform" : [
      0.09901026,
      -0.94527215,
      0.31089813,
      0,
      0.89499253,
      -0.051972315,
      -0.44304353,
      0,
      0.43495482,
      0.32211727,
      0.8408657,
      0,
      -3.5167725,
      -0.016239654,
      3.6718326,
      1
    ],
    "trackingState" : "Normal"
  },
  {
    "timestamp" : 235412611082,
    "transform" : [
      0.09777471,
      -0.9455172,
      0.31054395,
      0,
      0.8952922,
      -0.05270391,
      -0.44235086,
      0,
      0.4346172,
      0.3212783,
      0.8413611,
      0,
      -3.5180175,
      -0.016127085,
      3.6677594,
      0.99999994
    ],
    "trackingState" : "Normal"
  },
  {
    "timestamp" : 235412627743,
    "transform" : [
      0.09770723,
      -0.9455818,
      0.3103687,
      0,
      0.8958243,
      -0.052289423,
      -0.44132176,
      0,
      0.43353477,
      0.32115605,
      0.8419661,
      0,
      -3.5199127,
      -0.01580247,
      3.663356,
      1.0000001
    ],
    "trackingState" : "Normal"
  },
  {
    "timestamp" : 235412644403,
    "transform" : [
      0.09812177,
      -0.94574755,
      0.3097319,
      0,
      0.8962296,
      -0.05131615,
      -0.44061252,
      0,
      0.43260247,
      0.3208245,
      0.8425718,
      0,
      -3.5215545,
      -0.015583693,
      3.6590657,
      1
    ],
    "trackingState" : "Normal"
  },
  {
    "timestamp" : 235412661064,
    "transform" : [
      0.09815479,
      -0.94621533,
      0.30828926,
      0,
      0.89651364,
      -0.050404202,
      -0.4401397,
      0,
      0.43200603,
      0.31958726,
      0.8433476,
      0,
      -3.5231054,
      -0.015363222,
      3.6547604,
      0.99999994
    ],
    "trackingState" : "Normal"
  },
  {
    "timestamp" : 235412677724,
    "transform" : [
      0.09732703,
      -0.94687605,
      0.30651805,
      0,
      0.89681274,
      -0.050112087,
      -0.43956324,
      0,
      0.43157214,
      0.31767064,
      0.84429336,
      0,
      -3.5246162,
      -0.015121859,
      3.6503532,
      1
    ],
    "trackingState" : "Normal"
  },
  {
    "timestamp" : 235412694384,
    "transform" : [
      0.09599018,
      -0.9473479,
      0.30547985,
      0,
      0.8970689,
      -0.05065623,
      -0.4389778,
      0,
      0.43133914,
      0.316174,
      0.8449739,
      0,
      -3.5261521,
      -0.014905088,
      3.6457713,
      1
    ],
    "trackingState" : "Normal"
  },
  {
    "timestamp" : 235412711045,
    "transform" : [
      0.09479862,
      -0.94744426,
      0.3055531,
      0,
      0.897526,
      -0.051436502,
      -0.4379515,
      0,
      0.4306512,
      0.315759,
      0.8454798,
      0,
      -3.5273356,
      -0.0140117165,
      3.6414433,
      1
    ],
    "trackingState" : "Normal"
  },
  {
    "timestamp" : 235412727705,
    "transform" : [
      0.09354473,
      -0.94761455,
      0.3054116,
      0,
      0.898695,
      -0.051651128,
      -0.4355222,
      0,
      0.42848203,
      0.31521264,
      0.8467848,
      0,
      -3.5285637,
      -0.013038026,
      3.6370468,
      0.99999994
    ],
    "trackingState" : "Normal"
  },
  {
    "timestamp" : 235412744366,
    "transform" : [
      0.09200289,
      -0.94815314,
      0.3042059,
      0,
      0.9002778,
      -0.051335126,
      -0.43227866,
      0,
      0.4254828,
      0.31364065,
      0.8488782,
      0,
      -3.5301454,
      -0.012522194,
      3.6322896,
      1
    ],
    "trackingState" : "Normal"
  },
  {
    "timestamp" : 235412761026,
    "transform" : [
      0.090490766,
      -0.9489334,
      0.3022197,
      0,
      0.9016157,
      -0.050823458,
      -0.42954177,
      0,
      0.42296648,
      0.3113555,
      0.8509744,
      0,
      -3.5318847,
      -0.012148266,
      3.627377,
      1
    ],
    "trackingState" : "Normal"
  },
  {
    "timestamp" : 235412777686,
    "transform" : [
      0.089471035,
      -0.9497168,
      0.30005473,
      0,
      0.90237504,
      -0.05021677,
      -0.42801574,
      0,
      0.4215616,
      0.30905685,
      0.8525079,
      0,
      -3.5337553,
      -0.01185077,
      3.6223412,
      0.99999994
    ],
    "trackingState" : "Normal"
  },
  {
    "timestamp" : 235412794347,
    "transform" : [
      0.08882634,
      -0.9505088,
      0.29772958,
      0,
      0.90296364,
      -0.04932802,
      -0.42687625,
      0,
      0.42043605,
      0.30675682,
      0.8538934,
      0,
      -3.5357256,
      -0.011591855,
      3.61718,
      0.99999994
    ],
    "trackingState" : "Normal"
  },
  {
    "timestamp" : 235412811007,
    "transform" : [
      0.08785996,
      -0.95141715,
      0.29510352,
      0,
      0.9040782,
      -0.04822272,
      -0.42463803,
      0,
      0.41823864,
      0.30410528,
      0.8559187,
      0,
      -3.538004,
      -0.0113684125,
      3.611067,
      1
    ],
    "trackingState" : "Normal"
  },
  {
    "timestamp" : 235412827668,
    "transform" : [
      0.08657524,
      -0.9522099,
      0.29291838,
      0,
      0.9057784,
      -0.04718985,
      -0.42111605,
      0,
      0.41481367,
      0.30177727,
      0.85840577,
      0,
      -3.540352,
      -0.011161588,
      3.6047044,
      1
    ],
    "trackingState" : "Normal"
  },
  {
    "timestamp" : 235412844328,
    "transform" : [
      0.085185364,
      -0.95258176,
      0.29211563,
      0,
      0.90770996,
      -0.046700556,
      -0.41699135,
      0,
      0.41086042,
      0.30067778,
      0.86068976,
      0,
      -3.5425644,
      -0.010968242,
      3.598697,
      1
    ],
    "trackingState" : "Normal"
  },
  {
    "timestamp" : 235412860989,
    "transform" : [
      0.08377972,
      -0.95253444,
      0.29267606,
      0,
      0.9098257,
      -0.046677798,
      -0.41235742,
      0,
      0.40644616,
      0.30083135,
      0.86272967,
      0,
      -3.5447512,
      -0.010796128,
      3.5926712,
      1.0000001
    ],
    "trackingState" : "Normal"
  },
  {
    "timestamp" : 235412877649,
    "transform" : [
      0.08240719,
      -0.9524239,
      0.29342443,
      0,
      0.91207737,
      -0.046584982,
      -0.40736344,
      0,
      0.4016519,
      0.30119538,
      0.8648454,
      0,
      -3.5469303,
      -0.010605222,
      3.5865963,
      0.99999994
    ],
    "trackingState" : "Normal"
  },
  {
    "timestamp" : 235412894309,
    "transform" : [
      0.08095533,
      -0.95265055,
      0.2930927,
      0,
      0.9139203,
      -0.046394948,
      -0.4032338,
      0,
      0.3977389,
      0.30050722,
      0.8668907,
      0,
      -3.549115,
      -0.010355837,
      3.5805254,
      1
    ],
    "trackingState" : "Normal"
  },
  {
    "timestamp" : 235412910970,
    "transform" : [
      0.0795818,
      -0.9534026,
      0.29101622,
      0,
      0.9148411,
      -0.046091486,
      -0.40117508,
      0,
      0.39589474,
      0.29815978,
      0.86854386,
      0,
      -3.5517592,
      -0.010653382,
      3.573932,
      1
    ],
    "trackingState" : "Normal"
  },
  {
    "timestamp" : 235412927630,
    "transform" : [
      0.07844995,
      -0.95455956,
      0.2875094,
      0,
      0.9147881,
      -0.04570079,
      -0.4013406,
      0,
      0.39624298,
      0.2944953,
      0.86963457,
      0,
      -3.5544918,
      -0.010968522,
      3.5673115,
      0.99999994
    ],
    "trackingState" : "Normal"
  },
  {
    "timestamp" : 235412944291,
    "transform" : [
      0.07763365,
      -0.955827,
      0.2834924,
      0,
      0.91454595,
      -0.044943355,
      -0.4019777,
      0,
      0.39696226,
      0.29047373,
      0.8706586,
      0,
      -3.5569992,
      -0.010856903,
      3.5610068,
      1
    ],
    "trackingState" : "Normal"
  },
  {
    "timestamp" : 235412960951,
    "transform" : [
      0.07701233,
      -0.95677644,
      0.28044257,
      0,
      0.915138,
      -0.043805018,
      -0.40075415,
      0,
      0.39571694,
      0.28750658,
      0.8722089,
      0,
      -3.5594769,
      -0.01062266,
      3.5546389,
      1
    ],
    "trackingState" : "Normal"
  },
  {
    "timestamp" : 235412977611,
    "transform" : [
      0.07653071,
      -0.9571289,
      0.2793698,
      0,
      0.9169984,
      -0.042446576,
      -0.39662617,
      0,
      0.3914807,
      0.2865357,
      0.8744373,
      0,
      -3.5619705,
      -0.010337573,
      3.5480683,
      1
    ],
    "trackingState" : "Normal"
  },
  {
    "timestamp" : 235412994272,
    "transform" : [
      0.07582297,
      -0.9569966,
      0.28001535,
      0,
      0.9197513,
      -0.04133473,
      -0.39031962,
      0,
      0.38510892,
      0.28713956,
      0.87706476,
      0,
      -3.5644727,
      -0.01001586,
      3.541333,
      1
    ],
    "trackingState" : "Normal"
  },
  {
    "timestamp" : 235413010932,
    "transform" : [
      0.074928075,
      -0.95672697,
      0.28117493,
      0,
      0.92240864,
      -0.040635563,
      -0.38407207,
      0,
      0.37887782,
      0.2881359,
      0.8794485,
      0,
      -3.566968,
      -0.009662417,
      3.5345407,
      1
    ],
    "trackingState" : "Normal"
  },
  {
    "timestamp" : 235413027593,
    "transform" : [
      0.07362502,
      -0.95670694,
      0.281587,
      0,
      0.92421883,
      -0.04063084,
      -0.3796959,
      0,
      0.37469882,
      0.28820306,
      0.8812151,
      0,
      -3.5691962,
      -0.009815239,
      3.5309596,
      1
    ],
    "trackingState" : "Normal"
  },
  {
    "timestamp" : 235413044253,
    "transform" : [
      0.07188176,
      -0.95711344,
      0.28065413,
      0,
      0.92484117,
      -0.041409962,
      -0.37809256,
      0,
      0.37349942,
      0.28673846,
      0.8822015,
      0,
      -3.5715287,
      -0.009627602,
      3.5252867,
      0.9999998
    ],
    "trackingState" : "Normal"
  },
  {
    "timestamp" : 235413060914,
    "transform" : [
      0.06990099,
      -0.9577264,
      0.27905887,
      0,
      0.925016,
      -0.042493906,
      -0.37754425,
      0,
      0.37344247,
      0.28452462,
      0.882942,
      0,
      -3.573902,
      -0.009367766,
      3.5189202,
      0.9999999
    ],
    "trackingState" : "Normal"
  },
  {
    "timestamp" : 235413077574,
    "transform" : [
      0.06841442,
      -0.9581585,
      0.27794227,
      0,
      0.92597294,
      -0.042711902,
      -0.37516668,
      0,
      0.3713406,
      0.28303376,
      0.88430667,
      0,
      -3.5763695,
      -0.009101139,
      3.5122628,
      0.99999994
    ],
    "trackingState" : "Normal"
  },
  {
    "timestamp" : 235413094234,
    "transform" : [
      0.06775788,
      -0.95823544,
      0.27783772,
      0,
      0.9281975,
      -0.041576438,
      -0.36975798,
      0,
      0.36586672,
      0.2829422,
      0.8866147,
      0,
      -3.578957,
      -0.008834533,
      3.505443,
      1
    ],
    "trackingState" : "Normal"
  },
  {
    "timestamp" : 235413110895,
    "transform" : [
      0.06760636,
      -0.95808166,
      0.2784044,
      0,
      0.9313712,
      -0.039449263,
      -0.36192757,
      0,
      0.3577391,
      0.2837664,
      0.8896627,
      0,
      -3.5820835,
      -0.008760293,
      3.498847,
      1
    ],
    "trackingState" : "Normal"
  },
  {
    "timestamp" : 235413127555,
    "transform" : [
      0.06734864,
      -0.95791316,
      0.27904585,
      0,
      0.9345449,
      -0.03738068,
      -0.35387647,
      0,
      0.3494139,
      0.28461397,
      0.8926955,
      0,
      -3.5851972,
      -0.008610325,
      3.492304,
      1
    ],
    "trackingState" : "Normal"
  },
  {
    "timestamp" : 235413144216,
    "transform" : [
      0.06615332,
      -0.957901,
      0.2793734,
      0,
      0.9368935,
      -0.036699917,
      -0.34768337,
      0,
      0.34329927,
      0.28474352,
      0.89502347,
      0,
      -3.5878294,
      -0.008202226,
      3.485614,
      1
    ],
    "trackingState" : "Normal"
  },
  {
    "timestamp" : 235413160876,
    "transform" : [
      0.063765265,
      -0.95803857,
      0.27945706,
      0,
      0.93839914,
      -0.037736025,
      -0.34348685,
      0,
      0.33961928,
      0.28414476,
      0.8966163,
      0,
      -3.5901763,
      -0.007659462,
      3.4788985,
      1
    ],
    "trackingState" : "Normal"
  },
  {
    "timestamp" : 235413177536,
    "transform" : [
      0.060449064,
      -0.95831853,
      0.279234,
      0,
      0.9396106,
      -0.039778348,
      -0.33992606,
      0,
      0.33686492,
      0.28291938,
      0.89804167,
      0,
      -3.5923479,
      -0.007014806,
      3.472199,
      0.99999994
    ],
    "trackingState" : "Normal"
  },
  {
    "timestamp" : 235413194197,
    "transform" : [
      0.056607734,
      -0.95871747,
      0.27866885,
      0,
      0.9411374,
      -0.04192457,
      -0.3354141,
      0,
      0.33325052,
      0.28125268,
      0.8999117,
      0,
      -3.594444,
      -0.006296956,
      3.4655318,
      0.99999994
    ],
    "trackingState" : "Normal"
  },
  {
    "timestamp" : 235413210857,
    "transform" : [
      0.053093843,
      -0.9590128,
      0.2783442,
      0,
      0.94305074,
      -0.043508604,
      -0.3297913,
      0,
      0.32838452,
      0.28000256,
      0.9020878,
      0,
      -3.596714,
      -0.0050493744,
      3.458731,
      0.99999994
    ],
    "trackingState" : "Normal"
  },
  {
    "timestamp" : 235413227518,
    "transform" : [
      0.049980156,
      -0.9590909,
      0.27865168,
      0,
      0.9454085,
      -0.044527378,
      -0.32283124,
      0,
      0.3220322,
      0.27957478,
      0.9045073,
      0,
      -3.5990071,
      -0.0037838356,
      3.4519153,
      1
    ],
    "trackingState" : "Normal"
  },
  {
    "timestamp" : 235413244178,
    "transform" : [
      0.04717504,
      -0.95899004,
      0.27948648,
      0,
      0.94794905,
      -0.045227665,
      -0.31519383,
      0,
      0.31490827,
      0.27980822,
      0.9069401,
      0,
      -3.6011608,
      -0.0028656125,
      3.4452405,
      1
    ],
    "trackingState" : "Normal"
  },
  {
    "timestamp" : 235413260838,
    "transform" : [
      0.04464672,
      -0.9589902,
      0.27990094,
      0,
      0.9502486,
      -0.04569229,
      -0.3081231,
      0,
      0.3082764,
      0.27973214,
      0.9092391,
      0,
      -3.603215,
      -0.0020384905,
      3.4387188,
      0.9999999
    ],
    "trackingState" : "Normal"
  },
  {
    "timestamp" : 235413277499,
    "transform" : [
      0.042146236,
      -0.9593867,
      0.27892825,
      0,
      0.95217824,
      -0.04599078,
      -0.30206215,
      0,
      0.30262256,
      0.27832016,
      0.91156876,
      0,
      -3.6051629,
      -0.0012199399,
      3.4323921,
      1
    ],
    "trackingState" : "Normal"
  },
  {
    "timestamp" : 235413294159,
    "transform" : [
      0.039610688,
      -0.96009076,
      0.2768699,
      0,
      0.9539185,
      -0.046147164,
      -0.2964961,
      0,
      0.2974399,
      0.2758557,
      0.9140204,
      0,
      -3.6070065,
      -0.00039177714,
      3.4262314,
      0.99999994
    ],
    "trackingState" : "Normal"
  },
  {
    "timestamp" : 235413310820,
    "transform" : [
      0.03681872,
      -0.9607265,
      0.27504393,
      0,
      0.9555227,
      -0.046744674,
      -0.2911898,
      0,
      0.29261062,
      0.27353188,
      0.91627485,
      0,
      -3.608664,
      0.0006022155,
      3.4192753,
      1
    ],
    "trackingState" : "Normal"
  },
  {
    "timestamp" : 235413327480,
    "transform" : [
      0.033827923,
      -0.96098936,
      0.27450913,
      0,
      0.95729226,
      -0.047756344,
      -0.28515095,
      0,
      0.28713658,
      0.27243146,
      0.91833216,
      0,
      -3.610292,
      0.0014542751,
      3.4128783,
      1
    ],
    "trackingState" : "Normal"
  },
  {
    "timestamp" : 235413344141,
    "transform" : [
      0.030628463,
      -0.96099263,
      0.27487287,
      0,
      0.95921195,
      -0.049058564,
      -0.2783982,
      0,
      0.2810235,
      0.27218825,
      0.92029315,
      0,
      -3.6118765,
      0.0022424157,
      3.4066875,
      0.99999994
    ],
    "trackingState" : "Normal"
  },
  {
    "timestamp" : 235413360801,
    "transform" : [
      0.02772245,
      -0.9609996,
      0.2751568,
      0,
      0.9612768,
      -0.049873006,
      -0.27103415,
      0,
      0.2741866,
      0.27201557,
      0.92240417,
      0,
      -3.6134472,
      0.002997954,
      3.4007258,
      0.99999994
    ],
    "trackingState" : "Normal"
  },
  {
    "timestamp" : 235413377461,
    "transform" : [
      0.02528782,
      -0.9613685,
      0.2741008,
      0,
      0.963336,
      -0.049825564,
      -0.26363075,
      0,
      0.2671035,
      0.2707178,
      0.924861,
      0,
      -3.6149957,
      0.0037501454,
      3.3949878,
      1
    ],
    "trackingState" : "Normal"
  },
  {
    "timestamp" : 235413394122,
    "transform" : [
      0.02316776,
      -0.9620663,
      0.27183044,
      0,
      0.9652711,
      -0.049247574,
      -0.2565666,
      0,
      0.26022106,
      0.2683341,
      0.92751396,
      0,
      -3.6165004,
      0.004509433,
      3.3894618,
      1
    ],
    "trackingState" : "Normal"
  },
  {
    "timestamp" : 235413410782,
    "transform" : [
      0.021043317,
      -0.96282184,
      0.26931664,
      0,
      0.9670101,
      -0.0487998,
      -0.2500203,
      0,
      0.25386763,
      0.2656931,
      0.93003154,
      0,
      -3.6179345,
      0.0052800914,
      3.3840754,
      1
    ],
    "trackingState" : "Normal"
  },
  {
    "timestamp" : 235413427443,
    "transform" : [
      0.018814292,
      -0.9635234,
      0.26696217,
      0,
      0.96853817,
      -0.048707034,
      -0.24405228,
      0,
      0.24815303,
      0.2631547,
      0.93229276,
      0,
      -3.6199725,
      0.005110456,
      3.3792546,
      0.99999994
    ],
    "trackingState" : "Normal"
  },
  {
    "timestamp" : 235413444103,
    "transform" : [
      0.016413402,
      -0.9641508,
      0.26484698,
      0,
      0.9697239,
      -0.049197868,
      -0.23919708,
      0,
      0.24365197,
      0.2607545,
      0.93415266,
      0,
      -3.621449,
      0.005554801,
      3.3742287,
      1
    ],
    "trackingState" : "Normal"
  },
  {
    "timestamp" : 235413460764,
    "transform" : [
      0.013914472,
      -0.9648227,
      0.26253322,
      0,
      0.97048813,
      -0.050185107,
      -0.23586945,
      0,
      0.24074747,
      0.2580673,
      0.93565065,
      0,
      -3.622677,
      0.006159403,
      3.3692036,
      0.99999994
    ],
    "trackingState" : "Normal"
  },
  {
    "timestamp" : 235413477424,
    "transform" : [
      0.011391294,
      -0.96552336,
      0.26006734,
      0,
      0.9709557,
      -0.05148052,
      -0.23365521,
      0,
      0.238988,
      0.25517547,
      0.9368941,
      0,
      -3.6237497,
      0.0067647602,
      3.364206,
      1
    ],
    "trackingState" : "Normal"
  },
  {
    "timestamp" : 235413494084,
    "transform" : [
      0.00878609,
      -0.9660724,
      0.25812232,
      0,
      0.9715104,
      -0.05289009,
      -0.23102008,
      0,
      0.23683426,
      0.25279823,
      0.9380847,
      0,
      -3.6246917,
      0.007324814,
      3.3591845,
      1
    ],
    "trackingState" : "Normal"
  },
  {
    "timestamp" : 235413510745,
    "transform" : [
      0.006131898,
      -0.966274,
      0.25744346,
      0,
      0.97239727,
      -0.054289438,
      -0.22692792,
      0,
      0.23325104,
      0.2517288,
      0.93926924,
      0,
      -3.6259336,
      0.0077423938,
      3.3543847,
      1
    ],
    "trackingState" : "Normal"
  },
  {
    "timestamp" : 235413527405,
    "transform" : [
      0.003571436,
      -0.96613485,
      0.25801298,
      0,
      0.973665,
      -0.055456415,
      -0.22113524,
      0,
      0.22795497,
      0.25200796,
      0.9404937,
      0,
      -3.62709,
      0.008078206,
      3.3495302,
      0.9999999
    ],
    "trackingState" : "Normal"
  },
  {
    "timestamp" : 235413544066,
    "transform" : [
      0.0011956292,
      -0.9657614,
      0.25942916,
      0,
      0.9750836,
      -0.056424532,
      -0.21454212,
      0,
      0.22183469,
      0.2532216,
      0.9416307,
      0,
      -3.6278744,
      0.008382968,
      3.344453,
      0.99999994
    ],
    "trackingState" : "Normal"
  },
  {
    "timestamp" : 235413560726,
    "transform" : [
      -0.0010392687,
      -0.9652787,
      0.2612206,
      0,
      0.976338,
      -0.057467863,
      -0.20847446,
      0,
      0.21624775,
      0.2548229,
      0.942498,
      0,
      -3.6284606,
      0.008631074,
      3.3393111,
      0.99999994
    ],
    "trackingState" : "Normal"
  },
  {
    "timestamp" : 235413577386,
    "transform" : [
      -0.003492918,
      -0.9648375,
      0.2628241,
      0,
      0.97731996,
      -0.058944512,
      -0.20339912,
      0,
      0.21173912,
      0.25615275,
      0.9431609,
      0,
      -3.6288989,
      0.008822664,
      3.334177,
      0.99999994
    ],
    "trackingState" : "Normal"
  },
  {
    "timestamp" : 235413594047,
    "transform" : [
      -0.0059387307,
      -0.96449643,
      0.26402906,
      0,
      0.9782325,
      -0.060372036,
      -0.19853555,
      0,
      0.20742685,
      0.25710276,
      0.9438605,
      0,
      -3.6292622,
      0.00896835,
      3.3290827,
      0.9999999
    ],
    "trackingState" : "Normal"
  },
  {
    "timestamp" : 235413610707,
    "transform" : [
      -0.0075323996,
      -0.96429914,
      0.26470828,
      0,
      0.97932196,
      -0.06063223,
      -0.19300856,
      0,
      0.2021679,
      0.25778076,
      0.9448161,
      0,
      -3.6294765,
      0.00907573,
      3.324823,
      1
    ],
    "trackingState" : "Normal"
  },
  {
    "timestamp" : 235413627368,
    "transform" : [
      -0.008267029,
      -0.9643282,
      0.26458052,
      0,
      0.98064554,
      -0.059578374,
      -0.18650687,
      0,
      0.19561714,
      0.25791782,
      0.9461568,
      0,
      -3.6296825,
      0.009172871,
      3.320693,
      1
    ],
    "trackingState" : "Normal"
  },
  {
    "timestamp" : 235413644028,
    "transform" : [
      -0.008715897,
      -0.9645455,
      0.26377293,
      0,
      0.9819531,
      -0.058092576,
      -0.1799818,
      0,
      0.18892391,
      0.2574439,
      0.94764477,
      0,
      -3.6299133,
      0.009291637,
      3.3161366,
      0.99999994
    ],
    "trackingState" : "Normal"
  },
  {
    "timestamp" : 235413660688,
    "transform" : [
      -0.009668629,
      -0.9647728,
      0.26290697,
      0,
      0.9830296,
      -0.057337575,
      -0.17425628,
      0,
      0.18319218,
      0.25676045,
      0.94895464,
      0,
      -3.6300397,
      0.009431233,
      3.3114462,
      1
    ],
    "trackingState" : "Normal"
  },
  {
    "timestamp" : 235413677349,
    "transform" : [
      -0.011340355,
      -0.96485066,
      0.2625542,
      0,
      0.98395455,
      -0.057523627,
      -0.16889203,
      0,
      0.1780587,
      0.2564261,
      0.9500215,
      0,
      -3.6300485,
      0.009593033,
      3.3066902,
      1
    ],
    "trackingState" : "Normal"
  },
  {
    "timestamp" : 235413694009,
    "transform" : [
      -0.013233482,
      -0.96477014,
      0.2627615,
      0,
      0.98485017,
      -0.058016066,
      -0.16341498,
      0,
      0.17290229,
      0.25661814,
      0.9509217,
      0,
      -3.6299863,
      0.009763169,
      3.3019087,
      1
    ],
    "trackingState" : "Normal"
  },
  {
    "timestamp" : 235413710670,
    "transform" : [
      -0.014520129,
      -0.96478444,
      0.26264107,
      0,
      0.98575807,
      -0.05782489,
      -0.157916,
      0,
      0.16754211,
      0.25660756,
      0.95188373,
      0,
      -3.6300225,
      0.009372652,
      3.2989657,
      1.0000001
    ],
    "trackingState" : "Normal"
  },
  {
    "timestamp" : 235413727330,
    "transform" : [
      -0.016086694,
      -0.9649928,
      0.26178238,
      0,
      0.98667765,
      -0.057711646,
      -0.15210706,
      0,
      0.16189016,
      0.25584787,
      0.9530654,
      0,
      -3.6298413,
      0.009418398,
      3.2948837,
      0.9999999
    ],
    "trackingState" : "Normal"
  },
  {
    "timestamp" : 235413743991,
    "transform" : [
      -0.018151708,
      -0.965258,
      0.26066774,
      0,
      0.9875353,
      -0.058076628,
      -0.14629152,
      0,
      0.15634778,
      0.2547631,
      0.95428056,
      0,
      -3.6295056,
      0.009634912,
      3.2904413,
      0.9999999
    ],
    "trackingState" : "Normal"
  },
  {
    "timestamp" : 235413760651,
    "transform" : [
      -0.020757314,
      -0.96533823,
      0.26017582,
      0,
      0.9882419,
      -0.05923983,
      -0.14095558,
      0,
      0.15148257,
      0.25419074,
      0.9552174,
      0,
      -3.6290588,
      0.009899524,
      3.2858443,
      0.99999994
    ],
    "trackingState" : "Normal"
  },
  {
    "timestamp" : 235413777311,
    "transform" : [
      -0.023875477,
      -0.9651835,
      0.26048195,
      0,
      0.9887896,
      -0.06121444,
      -0.13619119,
      0,
      0.14739476,
      0.2543102,
      0.955825,
      0,
      -3.6285222,
      0.010155021,
      3.2811549,
      0.99999994
    ],
    "trackingState" : "Normal"
  },
  {
    "timestamp" : 235413793972,
    "transform" : [
      -0.027342565,
      -0.9649601,
      0.26096803,
      0,
      0.9892006,
      -0.063725196,
      -0.13198932,
      0,
      0.1439947,
      0.25454077,
      0.9562816,
      0,
      -3.6278787,
      0.010376168,
      3.2764034,
      0.9999998
    ],
    "trackingState" : "Normal"
  },
  {
    "timestamp" : 235413810632,
    "transform" : [
      -0.030679572,
      -0.9648429,
      0.26103047,
      0,
      0.9896434,
      -0.06596092,
      -0.12749507,
      0,
      0.14023055,
      0.25441557,
      0.9568742,
      0,
      -3.62693,
      0.010252017,
      3.272805,
      1
    ],
    "trackingState" : "Normal"
  },
  {
    "timestamp" : 235413827293,
    "transform" : [
      -0.033105966,
      -0.96490514,
      0.2605034,
      0,
      0.9902155,
      -0.06701962,
      -0.1223997,
      0,
      0.13556297,
      0.25390238,
      0.9576829,
      0,
      -3.6259735,
      0.010100006,
      3.269217,
      0.99999994
    ],
    "trackingState" : "Normal"
  },
  {
    "timestamp" : 235413843953,
    "transform" : [
      -0.034669835,
      -0.9651077,
      0.2595482,
      0,
      0.9909009,
      -0.0669909,
      -0.11673774,
      0,
      0.13005185,
      0.2531392,
      0.95864874,
      0,
      -3.6251957,
      0.010121026,
      3.2648273,
      1
    ],
    "trackingState" : "Normal"
  },
  {
    "timestamp" : 235413860614,
    "transform" : [
      -0.035802778,
      -0.96533024,
      0.25856495,
      0,
      0.99161506,
      -0.06646252,
      -0.11082596,
      0,
      0.12416853,
      0.25242898,
      0.9596155,
      0,
      -3.6244774,
      0.01020049,
      3.2601485,
      1
    ],
    "trackingState" : "Normal"
  },
  {
    "timestamp" : 235413877274,
    "transform" : [
      -0.037098013,
      -0.96554935,
      0.2575619,
      0,
      0.9920873,
      -0.06652107,
      -0.10647894,
      0,
      0.119943984,
      0.2515737,
      0.9603771,
      0,
      -3.6237273,
      0.010283368,
      3.2553113,
      0.9999999
    ],
    "trackingState" : "Normal"
  },
  {
    "timestamp" : 235413893934,
    "transform" : [
      -0.03860051,
      -0.96570176,
      0.25676888,
      0,
      0.99234813,
      -0.067206085,
      -0.103579134,
      0,
      0.117283,
      0.25080585,
      0.96090657,
