[
  {
    "timestamp" : 235428738363,
    "trackingState" : "Normal",
    "transform" : [
      0.13300195,
      -0.96290123,
      0.23480175,
      0,
      -0.9320831,
      -0.04097938,
      0.35991958,
      0,
      -0.33694497,
      -0.26672468,
      -0.9029542,
      0,
      -0.96031696,
      0.69879615,
      3.5847726,
      1
    ]
  },
  {
    "timestamp" : 235428755024,
    "trackingState" : "Normal",
    "transform" : [
      0.13613804,
      -0.96269214,
      0.2338595,
      0,
      -0.9297085,
      -0.042607043,
      0.3658232,
      0,
      -0.3422111,
      -0.2672236,
      -0.90082365,
      0,
      -0.96177703,
      0.7034663,
      3.586916,
      0.9999999
    ]
  },
  {
    "timestamp" : 235428771684,
    "trackingState" : "Normal",
    "transform" : [
      0.13881822,
      -0.96224594,
      0.23412022,
      0,
      -0.92839825,
      -0.0441668,
      0.36895257,
      0,
      -0.34468284,
      -0.2685741,
      -0.8994788,
      0,
      -0.9631928,
      0.7080388,
      3.5888958,
      1
    ]
  },
  {
    "timestamp" : 235428788344,
    "trackingState" : "Normal",
    "transform" : [
      0.14133634,
      -0.96135753,
      0.23625396,
      0,
      -0.9279578,
      -0.04552422,
      0.36989465,
      0,
      -0.34484577,
      -0.27151322,
      -0.89853334,
      0,
      -0.96459717,
      0.7125262,
      3.590702,
      0.99999994
    ]
  },
  {
    "timestamp" : 235428805005,
    "trackingState" : "Normal",
    "transform" : [
      0.14335437,
      -0.960365,
      0.23905763,
      0,
      -0.92796,
      -0.046472494,
      0.36977085,
      0,
      -0.34400544,
      -0.27484417,
      -0.89784247,
      0,
      -0.96591216,
      0.7169451,
      3.5924087,
      0.9999999
    ]
  },
  {
    "timestamp" : 235428821665,
    "trackingState" : "Normal",
    "transform" : [
      0.14507642,
      -0.95958114,
      0.24115717,
      0,
      -0.92795163,
      -0.047389463,
      0.3696754,
      0,
      -0.3433053,
      -0.2774134,
      -0.89732015,
      0,
      -0.9677262,
      0.72139615,
      3.5940506,
      0.99999994
    ]
  },
  {
    "timestamp" : 235428838326,
    "trackingState" : "Normal",
    "transform" : [
      0.14683448,
      -0.9589864,
      0.24245581,
      0,
      -0.92744344,
      -0.048247635,
      0.37083802,
      0,
      -0.34393072,
      -0.27931583,
      -0.8964901,
      0,
      -0.9690116,
      0.72572917,
      3.595682,
      0.99999994
    ]
  },
  {
    "timestamp" : 235428854986,
    "trackingState" : "Normal",
    "transform" : [
      0.14885423,
      -0.9585022,
      0.24313776,
      0,
      -0.9263356,
      -0.049119473,
      0.373483,
      0,
      -0.3460415,
      -0.28082168,
      -0.89520633,
      0,
      -0.9700951,
      0.72998726,
      3.5972786,
      0.9999998
    ]
  },
  {
    "timestamp" : 235428871647,
    "trackingState" : "Normal",
    "transform" : [
      0.15167847,
      -0.95808953,
      0.24301893,
      0,
      -0.9248736,
      -0.050829004,
      0.37686232,
      0,
      -0.34871545,
      -0.2819237,
      -0.8938215,
      0,
      -0.9711368,
      0.7342198,
      3.598827,
      0.99999994
    ]
  },
  {
    "timestamp" : 235428888307,
    "trackingState" : "Normal",
    "transform" : [
      0.15490778,
      -0.957608,
      0.24287982,
      0,
      -0.92346716,
      -0.05300523,
      0.3799986,
      0,
      -0.35101584,
      -0.28315625,
      -0.8925306,
      0,
      -0.97217727,
      0.738465,
      3.6002648,
      1
    ]
  },
  {
    "timestamp" : 235428904967,
    "trackingState" : "Normal",
    "transform" : [
      0.1576278,
      -0.9568398,
      0.24415411,
      0,
      -0.922607,
      -0.05454901,
      0.3818648,
      0,
      -0.35206506,
      -0.2854508,
      -0.8913857,
      0,
      -0.9731029,
      0.7426775,
      3.6014805,
      1
    ]
  },
  {
    "timestamp" : 235428921628,
    "trackingState" : "Normal",
    "transform" : [
      0.15895422,
      -0.9559721,
      0.24667995,
      0,
      -0.922042,
      -0.0544194,
      0.38324565,
      0,
      -0.35294804,
      -0.28836775,
      -0.89009666,
      0,
      -0.9738161,
      0.74681634,
      3.602485,
      1
    ]
  },
  {
    "timestamp" : 235428938288,
    "trackingState" : "Normal",
    "transform" : [
      0.15916197,
      -0.9549901,
      0.25032264,
      0,
      -0.92151326,
      -0.052731555,
      0.3847503,
      0,
      -0.3542329,
      -0.29191327,
      -0.888429,
      0,
      -0.974342,
      0.7508629,
      3.6033013,
      0.99999994
    ]
  },
  {
    "timestamp" : 235428954949,
    "trackingState" : "Normal",
    "transform" : [
      0.15978009,
      -0.9537562,
      0.25459677,
      0,
      -0.92080164,
      -0.051039133,
      0.38667756,
      0,
      -0.35580176,
      -0.29621643,
      -0.8863753,
      0,
      -0.97472554,
      0.75563425,
      3.6046777,
      0.99999994
    ]
  },
  {
    "timestamp" : 235428971609,
    "trackingState" : "Normal",
    "transform" : [
      0.16153254,
      -0.9522481,
      0.25909638,
      0,
      -0.91973907,
      -0.050087705,
      0.38932174,
      0,
      -0.35775337,
      -0.30118915,
      -0.8839106,
      0,
      -0.9751608,
      0.75985414,
      3.6055372,
      0.99999994
    ]
  },
  {
    "timestamp" : 235428988269,
    "trackingState" : "Normal",
    "transform" : [
      0.16428569,
      -0.95063657,
      0.26324964,
      0,
      -0.9180109,
      -0.049699467,
      0.39342847,
      0,
      -0.36092415,
      -0.3063007,
      -0.88085973,
      0,
      -0.97562,
      0.76375604,
      3.6061678,
      0.99999994
    ]
  },
  {
    "timestamp" : 235429004930,
    "trackingState" : "Normal",
    "transform" : [
      0.16727333,
      -0.9491464,
      0.2667224,
      0,
      -0.91611487,
      -0.049656935,
      0.39782885,
      0,
      -0.3643532,
      -0.31089452,
      -0.8778334,
      0,
      -0.9760219,
      0.7675146,
      3.6067426,
      0.9999999
    ]
  },
  {
    "timestamp" : 235429021590,
    "trackingState" : "Normal",
    "transform" : [
      0.17023817,
      -0.94767743,
      0.27004936,
      0,
      -0.9139587,
      -0.04940257,
      0.40278912,
      0,
      -0.36837307,
      -0.31538394,
      -0.87454826,
      0,
      -0.97583044,
      0.7726345,
      3.6088796,
      1
    ]
  },
  {
    "timestamp" : 235429038251,
    "trackingState" : "Normal",
    "transform" : [
      0.17276312,
      -0.9461257,
      0.2738599,
      0,
      -0.91183054,
      -0.048492353,
      0.40769315,
      0,
      -0.37244886,
      -0.32014814,
      -0.8710841,
      0,
      -0.97581273,
      0.77680564,
      3.610186,
      0.99999994
    ]
  },
  {
    "timestamp" : 235429054911,
    "trackingState" : "Normal",
    "transform" : [
      0.17500219,
      -0.94447553,
      0.278101,
      0,
      -0.91019905,
      -0.047503058,
      0.41143805,
      0,
      -0.37538254,
      -0.32512978,
      -0.8679739,
      0,
      -0.9758277,
      0.78043586,
      3.611097,
      1
    ]
  },
  {
    "timestamp" : 235429071572,
    "trackingState" : "Normal",
    "transform" : [
      0.17710607,
      -0.9429076,
      0.2820619,
      0,
      -0.90894276,
      -0.04679648,
      0.4142867,
      0,
      -0.37743452,
      -0.32975075,
      -0.86533695,
      0,
      -0.97581303,
      0.78380764,
      3.6119661,
      1
    ]
  },
  {
    "timestamp" : 235429088232,
    "trackingState" : "Normal",
    "transform" : [
      0.17937742,
      -0.9415372,
      0.2851869,
      0,
      -0.90781665,
      -0.04671959,
      0.41675687,
      0,
      -0.3790683,
      -0.3336541,
      -0.86312366,
      0,
      -0.9758076,
      0.7870317,
      3.6129193,
      0.99999994
    ]
  },
  {
    "timestamp" : 235429104892,
    "trackingState" : "Normal",
    "transform" : [
      0.18168217,
      -0.940207,
      0.2881012,
      0,
      -0.9067702,
      -0.0468244,
      0.41901705,
      0,
      -0.3804727,
      -0.3373695,
      -0.86105895,
      0,
      -0.97603106,
      0.7913329,
      3.6142974,
      0.99999994
    ]
  },
  {
    "timestamp" : 235429121553,
    "trackingState" : "Normal",
    "transform" : [
      0.18323141,
      -0.9389649,
      0.29115483,
      0,
      -0.90625536,
      -0.046565533,
      0.42015806,
      0,
      -0.38095593,
      -0.34084678,
      -0.8594743,
      0,
      -0.9760644,
      0.79477304,
      3.615542,
      0.9999998
    ]
  },
  {
    "timestamp" : 235429138213,
    "trackingState" : "Normal",
    "transform" : [
      0.18412149,
      -0.93771315,
      0.29460722,
      0,
      -0.90633065,
      -0.045986667,
      0.4200597,
      0,
      -0.38034752,
      -0.34435353,
      -0.8583454,
      0,
      -0.97596943,
      0.7976921,
      3.6167178,
      1
    ]
  },
  {
    "timestamp" : 235429154874,
    "trackingState" : "Normal",
    "transform" : [
      0.18472259,
      -0.9365032,
      0.29805952,
      0,
      -0.9065488,
      -0.045246698,
      0.41966906,
      0,
      -0.37953517,
      -0.3477278,
      -0.85734403,
      0,
      -0.97586495,
      0.80035585,
      3.617894,
      0.99999994
    ]
  },
  {
    "timestamp" : 235429171534,
    "trackingState" : "Normal",
    "transform" : [
      0.18560685,
      -0.9353784,
      0.3010274,
      0,
      -0.9065124,
      -0.044777825,
      0.419798,
      0,
      -0.3791906,
      -0.3508024,
      -0.8562432,
      0,
      -0.97580713,
      0.80282605,
      3.6191473,
      0.99999994
    ]
  },
  {
    "timestamp" : 235429188194,
    "trackingState" : "Normal",
    "transform" : [
      0.18676071,
      -0.93430305,
      0.30364174,
      0,
      -0.90642244,
      -0.04469003,
      0.42000166,
      0,
      -0.37883905,
      -0.35366744,
      -0.85521966,
      0,
      -0.9758136,
      0.80513567,
      3.620473,
      1
    ]
  },
  {
    "timestamp" : 235429204855,
    "trackingState" : "Normal",
    "transform" : [
      0.18791094,
      -0.9334912,
      0.30542397,
      0,
      -0.906052,
      -0.0447087,
      0.42079827,
      0,
      -0.37915638,
      -0.35580254,
      -0.8541928,
      0,
      -0.9754506,
      0.8078359,
      3.6224737,
      1
    ]
  },
  {
    "timestamp" : 235429221515,
    "trackingState" : "Normal",
    "transform" : [
      0.18904132,
      -0.9327594,
      0.30695838,
      0,
      -0.90576816,
      -0.044897746,
      0.42138875,
      0,
      -0.37927255,
      -0.35769293,
      -0.85335135,
      0,
      -0.9753797,
      0.81010616,
      3.624147,
      1
    ]
  },
  {
    "timestamp" : 235429238176,
    "trackingState" : "Normal",
    "transform" : [
      0.19039309,
      -0.9320597,
      0.3082456,
      0,
      -0.90560824,
      -0.04553958,
      0.42166346,
      0,
      -0.37897813,
      -0.3594315,
      -0.85275143,
      0,
      -0.9754428,
      0.8121809,
      3.6257324,
      1
    ]
  },
  {
    "timestamp" : 235429254836,
    "trackingState" : "Normal",
    "transform" : [
      0.19169338,
      -0.93151474,
      0.30908602,
      0,
      -0.9053903,
      -0.046276484,
      0.42205104,
      0,
      -0.37884334,
      -0.3607478,
      -0.85225534,
      0,
      -0.9755672,
      0.81411827,
      3.6273425,
      1
    ]
  },
  {
    "timestamp" : 235429271497,
    "trackingState" : "Normal",
    "transform" : [
      0.19274211,
      -0.9310716,
      0.30976808,
      0,
      -0.90553,
      -0.047170684,
      0.4216523,
      0,
      -0.37797648,
      -0.36177438,
      -0.8522051,
      0,
      -0.9757273,
      0.8159538,
      3.6289675,
      1
    ]
  },
  {
    "timestamp" : 235429288157,
    "trackingState" : "Normal",
    "transform" : [
      0.19390501,
      -0.93047565,
      0.31083125,
      0,
      -0.90607333,
      -0.048401322,
      0.42034346,
      0,
      -0.3760747,
      -0.36314252,
      -0.85246444,
      0,
      -0.97592354,
      0.8177038,
      3.6305635,
      1
    ]
  },
  {
    "timestamp" : 235429304817,
    "trackingState" : "Normal",
    "transform" : [
      0.19479312,
      -0.9298951,
      0.3120113,
      0,
      -0.90642565,
      -0.04912034,
      0.4194998,
      0,
      -0.3747647,
      -0.36453062,
      -0.852449,
      0,
      -0.9761696,
      0.8197646,
      3.6326542,
      1.0000001
    ]
  },
  {
    "timestamp" : 235429321478,
    "trackingState" : "Normal",
    "transform" : [
      0.19551751,
      -0.9295166,
      0.3126847,
      0,
      -0.9061415,
      -0.04928334,
      0.4200936,
      0,
      -0.37507394,
      -0.36547226,
      -0.85190946,
      0,
      -0.97636795,
      0.8214949,
      3.6345832,
      0.99999994
    ]
  },
  {
    "timestamp" : 235429338138,
    "trackingState" : "Normal",
    "transform" : [
      0.19601758,
      -0.9292705,
      0.3131031,
      0,
      -0.9056382,
      -0.049116794,
      0.42119732,
      0,
      -0.3760276,
      -0.36612013,
      -0.8512106,
      0,
      -0.97654474,
      0.8230449,
      3.6364608,
      0.9999999
    ]
  },
  {
    "timestamp" : 235429354799,
    "trackingState" : "Normal",
    "transform" : [
      0.1962044,
      -0.92870134,
      0.31467092,
      0,
      -0.90575516,
      -0.048712052,
      0.42099273,
      0,
      -0.37564823,
      -0.36761537,
      -0.8507336,
      0,
      -0.97672117,
      0.8245028,
      3.6382775,
      0.99999994
    ]
  },
  {
    "timestamp" : 235429371459,
    "trackingState" : "Normal",
    "transform" : [
      0.19583063,
      -0.9278091,
      0.3175226,
      0,
      -0.9064549,
      -0.0477254,
      0.41959712,
      0,
      -0.37415215,
      -0.36998987,
      -0.85036325,
      0,
      -0.9768798,
      0.825911,
      3.6400447,
      0.9999999
    ]
  },
  {
    "timestamp" : 235429388119,
    "trackingState" : "Normal",
    "transform" : [
      0.19506443,
      -0.927213,
      0.31972784,
      0,
      -0.90688413,
      -0.046366874,
      0.4188213,
      0,
      -0.3735118,
      -0.37165323,
      -0.8499193,
      0,
      -0.9769907,
      0.82729965,
      3.6418543,
      0.9999999
    ]
  },
  {
    "timestamp" : 235429404780,
    "trackingState" : "Normal",
    "transform" : [
      0.19397928,
      -0.92700994,
      0.32097465,
      0,
      -0.9066945,
      -0.044500217,
      0.4194342,
      0,
      -0.37453622,
      -0.37238744,
      -0.84914696,
      0,
      -0.9770686,
      0.82867557,
      3.643692,
      0.99999994
    ]
  },
  {
    "timestamp" : 235429421440,
    "trackingState" : "Normal",
    "transform" : [
      0.19280559,
      -0.9265724,
      0.3229392,
      0,
      -0.9064114,
      -0.042126182,
      0.42029032,
      0,
      -0.3758252,
      -0.37375,
      -0.847978,
      0,
      -0.9772674,
      0.8296463,
      3.645243,
      1
    ]
  },
  {
    "timestamp" : 235429438101,
    "trackingState" : "Normal",
    "transform" : [
      0.19221802,
      -0.92537904,
      0.32668918,
      0,
      -0.9066246,
      -0.040036414,
      0.42003444,
      0,
      -0.3756116,
      -0.3769226,
      -0.8466673,
      0,
      -0.9774554,
      0.8307826,
      3.6468065,
      0.9999999
    ]
  },
  {
    "timestamp" : 235429454761,
    "trackingState" : "Normal",
    "transform" : [
      0.19225596,
      -0.9239594,
      0.3306611,
      0,
      -0.90693194,
      -0.03858222,
      0.41950697,
      0,
      -0.37484974,
      -0.38053977,
      -0.84538597,
      0,
      -0.9776508,
      0.8320225,
      3.6484308,
      0.99999994
    ]
  },
  {
    "timestamp" : 235429471422,
    "trackingState" : "Normal",
    "transform" : [
      0.19214143,
      -0.92308813,
      0.33315176,
      0,
      -0.9069591,
      -0.03736117,
      0.41955876,
      0,
      -0.37484276,
      -0.38276958,
      -0.8443818,
      0,
      -0.9778164,
      0.83331776,
      3.6502042,
      1
    ]
  },
  {
    "timestamp" : 235429488082,
    "trackingState" : "Normal",
    "transform" : [
      0.19169475,
      -0.92271024,
      0.3344534,
      0,
      -0.9070422,
      -0.036397308,
      0.41946375,
      0,
      -0.37487024,
      -0.3837723,
      -0.8439144,
      0,
      -0.97793907,
      0.8346181,
      3.6520767,
      1
    ]
  },
  {
    "timestamp" : 235429504742,
    "trackingState" : "Normal",
    "transform" : [
      0.19099289,
      -0.92236453,
      0.33580574,
      0,
      -0.9072056,
      -0.03523197,
      0.41920993,
      0,
      -0.37483323,
      -0.38471097,
      -0.84350336,
      0,
      -0.97803074,
      0.835834,
      3.6539674,
      1
    ]
  },
  {
    "timestamp" : 235429521403,
    "trackingState" : "Normal",
    "transform" : [
      0.1902255,
      -0.92174166,
      0.33794484,
      0,
      -0.9074319,
      -0.033707984,
      0.41884533,
      0,
      -0.3746757,
      -0.38633692,
      -0.8428299,
      0,
      -0.9775077,
      0.83660287,
      3.6559465,
      0.99999994
    ]
  },
  {
    "timestamp" : 235429538063,
    "trackingState" : "Normal",
    "transform" : [
      0.18957333,
      -0.9209423,
      0.3404809,
      0,
      -0.9077048,
      -0.032171506,
      0.41837448,
      0,
      -0.37434492,
      -0.38836876,
      -0.84204274,
      0,
      -0.9773674,
      0.83743703,
      3.657954,
      0.99999994
    ]
  },
  {
    "timestamp" : 235429554724,
    "trackingState" : "Normal",
    "transform" : [
      0.18947244,
      -0.9201706,
      0.34261698,
      0,
      -0.90850085,
      -0.03192947,
      0.41666156,
      0,
      -0.3724601,
      -0.39021367,
      -0.84202564,
      0,
      -0.9773557,
      0.8382782,
      3.660111,
      1
    ]
  },
  {
    "timestamp" : 235429571384,
    "trackingState" : "Normal",
    "transform" : [
      0.18977766,
      -0.91991276,
      0.34314016,
      0,
      -0.9103623,
      -0.033970743,
      0.41241553,
      0,
      -0.36772957,
      -0.39064908,
      -0.84390086,
      0,
      -0.9774156,
      0.83915275,
      3.66245,
      1
    ]
  },
  {
    "timestamp" : 235429588045,
    "trackingState" : "Normal",
    "transform" : [
      0.19047603,
      -0.9205444,
      0.34105286,
      0,
      -0.9119195,
      -0.037282217,
      0.40867227,
      0,
      -0.36348578,
      -0.38885498,
      -0.84656376,
      0,
      -0.9774763,
      0.84006625,
      3.6650517,
      0.99999994
    ]
  },
  {
    "timestamp" : 235429604705,
    "trackingState" : "Normal",
    "transform" : [
      0.19101341,
      -0.92160565,
      0.33787125,
      0,
      -0.91261464,
      -0.039990123,
      0.40686053,
      0,
      -0.36145347,
      -0.38606203,
      -0.8487096,
      0,
      -0.9774908,
      0.84098214,
      3.6678498,
      1
    ]
  },
  {
    "timestamp" : 235429621365,
    "trackingState" : "Normal",
    "transform" : [
      0.19135873,
      -0.9224523,
      0.3353562,
      0,
      -0.91307014,
      -0.04194255,
      0.4056401,
      0,
      -0.3601179,
      -0.3838265,
      -0.85028976,
      0,
      -0.9769645,
      0.8412361,
      3.6705308,
      1
    ]
  },
  {
    "timestamp" : 235429638026,
    "trackingState" : "Normal",
    "transform" : [
      0.19149505,
      -0.9230919,
      0.3335134,
      0,
      -0.91327363,
      -0.043110177,
      0.40505928,
      0,
      -0.35952908,
      -0.38215584,
      -0.8512908,
      0,
      -0.97663563,
      0.8418717,
      3.6734016,
      0.99999994
    ]
  },
  {
    "timestamp" : 235429654686,
    "trackingState" : "Normal",
    "transform" : [
      0.19070968,
      -0.9239843,
      0.33148575,
      0,
      -0.91325104,
      -0.043160297,
      0.40510446,
      0,
      -0.3600032,
      -0.37998703,
      -0.8520608,
      0,
      -0.9763145,
      0.84269536,
      3.6764832,
      0.9999998
    ]
  },
  {
    "timestamp" : 235429671347,
    "trackingState" : "Normal",
    "transform" : [
      0.18887605,
      -0.9251656,
      0.3292335,
      0,
      -0.9139433,
      -0.04297206,
      0.4035607,
      0,
      -0.35921267,
      -0.37712365,
      -0.8536653,
      0,
      -0.97591746,
      0.8435927,
      3.67975,
      1
    ]
  },
  {
    "timestamp" : 235429688007,
    "trackingState" : "Normal",
    "transform" : [
      0.18670504,
      -0.9262077,
      0.32753727,
      0,
      -0.91633445,
      -0.043971706,
      0.39799234,
      0,
      -0.3542212,
      -0.37444076,
      -0.85692585,
      0,
      -0.97546595,
      0.84454304,
      3.6831074,
      0.99999994
    ]
  },
  {
    "timestamp" : 235429704667,
    "trackingState" : "Normal",
    "transform" : [
      0.18458872,
      -0.9269778,
      0.32655653,
      0,
      -0.919849,
      -0.045929544,
      0.38957438,
      0,
      -0.34612823,
      -0.3722937,
      -0.8611578,
      0,
      -0.9750181,
      0.84554857,
      3.6865337,
      0.9999999
    ]
  },
  {
    "timestamp" : 235429721328,
    "trackingState" : "Normal",
    "transform" : [
      0.18331607,
      -0.92779046,
      0.324962,
      0,
      -0.92274034,
      -0.04839083,
      0.3823726,
      0,
      -0.33903643,
      -0.36995056,
      -0.8649804,
      0,
      -0.9753342,
      0.8460363,
      3.689564,
      1
    ]
  },
  {
    "timestamp" : 235429737988,
    "trackingState" : "Normal",
    "transform" : [
      0.182671,
      -0.9287401,
      0.32260394,
      0,
      -0.924235,
      -0.05031222,
      0.37849495,
      0,
      -0.33529252,
      -0.36730188,
      -0.86756474,
      0,
      -0.9751835,
      0.8470004,
      3.6931381,
      0.99999994
    ]
  },
  {
    "timestamp" : 235429754649,
    "trackingState" : "Normal",
    "transform" : [
      0.18211308,
      -0.929413,
      0.3209772,
      0,
      -0.9251595,
      -0.05139761,
      0.3760828,
      0,
      -0.33303884,
      -0.3654447,
      -0.8692155,
      0,
      -0.9748204,
      0.8481622,
      3.696897,
      0.99999994
    ]
  },
  {
    "timestamp" : 235429771309,
    "trackingState" : "Normal",
    "transform" : [
      0.1811035,
      -0.9296277,
      0.3209266,
      0,
      -0.92656475,
      -0.05189912,
      0.37253764,
      0,
      -0.32966554,
      -0.36482713,
      -0.87075955,
      0,
      -0.9742967,
      0.84943813,
      3.700694,
      1
    ]
  },
  {
    "timestamp" : 235429787969,
    "trackingState" : "Normal",
    "transform" : [
      0.17946176,
      -0.92973256,
      0.32154486,
      0,
      -0.9284246,
      -0.051984012,
      0.3678662,
      0,
      -0.32530198,
      -0.364548,
      -0.87251574,
      0,
      -0.9736498,
      0.8508296,
      3.704555,
      1
    ]
  },
  {
    "timestamp" : 235429804630,
    "trackingState" : "Normal",
    "transform" : [
      0.17752202,
      -0.93000484,
      0.32183385,
      0,
      -0.9303548,
      -0.051985417,
      0.36295673,
      0,
      -0.3208209,
      -0.36385247,
      -0.874463,
      0,
      -0.9729228,
      0.8523616,
      3.70851,
      0.9999999
    ]
  },
  {
    "timestamp" : 235429821290,
    "trackingState" : "Normal",
    "transform" : [
      0.17574328,
      -0.93042994,
      0.32158148,
      0,
      -0.93210804,
      -0.052187387,
      0.35840067,
      0,
      -0.31668422,
      -0.36273518,
      -0.8764329,
      0,
      -0.9725017,
      0.853687,
      3.712309,
      0.99999994
    ]
  },
  {
    "timestamp" : 235429837951,
    "trackingState" : "Normal",
    "transform" : [
      0.17395578,
      -0.9311467,
      0.32047686,
      0,
      -0.9339235,
      -0.052790314,
      0.35355386,
      0,
      -0.31229243,
      -0.3608035,
      -0.87880284,
      0,
      -0.97181475,
      0.85539466,
      3.7163506,
      1
    ]
  },
  {
    "timestamp" : 235429854611,
    "trackingState" : "Normal",
    "transform" : [
      0.17155641,
      -0.9324286,
      0.31803358,
      0,
      -0.9357625,
      -0.05327466,
      0.34858337,
      0,
      -0.30808598,
      -0.3574056,
      -0.88167137,
      0,
      -0.97090733,
      0.8574046,
      3.7205484,
      0.99999994
    ]
  },
  {
    "timestamp" : 235429871272,
    "trackingState" : "Normal",
    "transform" : [
      0.16861495,
      -0.9336457,
      0.31602976,
      0,
      -0.93807083,
      -0.05355606,
      0.34227902,
      0,
      -0.30264205,
      -0.35417163,
      -0.8848562,
      0,
      -0.9698768,
      0.859654,
      3.7246687,
      1
    ]
  },
  {
    "timestamp" : 235429887932,
    "trackingState" : "Normal",
    "transform" : [
      0.1655031,
      -0.9339625,
      0.31673768,
      0,
      -0.9409596,
      -0.053376004,
      0.33428457,
      0,
      -0.29530308,
      -0.35336247,
      -0.8876549,
      0,
      -0.96880335,
      0.86210245,
      3.7285144,
      1
    ]
  },
  {
    "timestamp" : 235429904592,
    "trackingState" : "Normal",
    "transform" : [
      0.16193947,
      -0.93352544,
      0.31985286,
      0,
      -0.94383943,
      -0.051929403,
      0.32629818,
      0,
      -0.28799796,
      -0.3547303,
      -0.8895076,
      0,
      -0.9676675,
      0.8647414,
      3.7320838,
      1
    ]
  },
  {
    "timestamp" : 235429921253,
    "trackingState" : "Normal",
    "transform" : [
      0.15771158,
      -0.9328437,
      0.32392895,
      0,
      -0.94610536,
      -0.04877674,
      0.32016498,
      0,
      -0.28286365,
      -0.35696456,
      -0.89026105,
      0,
      -0.96664965,
      0.86713,
      3.735142,
      1
    ]
  },
  {
    "timestamp" : 235429937913,
    "trackingState" : "Normal",
    "transform" : [
      0.15316528,
      -0.9319795,
      0.32856452,
      0,
      -0.9481029,
      -0.044838954,
      0.31478584,
      0,
      -0.2786415,
      -0.35972726,
      -0.89048034,
      0,
      -0.96542436,
      0.8699904,
      3.7382154,
      0.99999994
    ]
  },
  {
    "timestamp" : 235429954574,
    "trackingState" : "Normal",
    "transform" : [
      0.14840703,
      -0.93082833,
      0.33396718,
      0,
      -0.950247,
      -0.040700566,
      0.308827,
      0,
      -0.27387226,
      -0.36318338,
      -0.89055717,
      0,
      -0.9640827,
      0.8731724,
      3.741188,
      1
    ]
  },
  {
    "timestamp" : 235429971234,
    "trackingState" : "Normal",
    "transform" : [
      0.14343838,
      -0.92931,
      0.34030646,
      0,
      -0.95271534,
      -0.036587648,
      0.30165362,
      0,
      -0.26787874,
      -0.36748385,
      -0.89061606,
      0,
      -0.96264744,
      0.87657845,
      3.7439802,
      1
    ]
  },
  {
    "timestamp" : 235429987894,
    "trackingState" : "Normal",
    "transform" : [
      0.13867074,
      -0.92738384,
      0.34746182,
      0,
      -0.95529044,
      -0.032747094,
      0.29385006,
      0,
      -0.26113346,
      -0.37267536,
      -0.89046204,
      0,
      -0.9611286,
      0.88015914,
      3.7465923,
      0.99999994
    ]
  },
  {
    "timestamp" : 235430004555,
    "trackingState" : "Normal",
    "transform" : [
      0.13444938,
      -0.9256237,
      0.3537573,
      0,
      -0.95758617,
      -0.029547766,
      0.286628,
      0,
      -0.25485697,
      -0.37729004,
      -0.89033717,
      0,
      -0.9595506,
      0.88389015,
      3.749161,
      0.99999994
    ]
  },
  {
    "timestamp" : 235430021215,
    "trackingState" : "Normal",
    "transform" : [
      0.13072959,
      -0.9247309,
      0.357467,
      0,
      -0.9593059,
      -0.026962724,
      0.2810788,
      0,
      -0.25028396,
      -0.3796655,
      -0.89062464,
      0,
      -0.95807683,
      0.88755983,
      3.7519038,
      1
    ]
  },
  {
    "timestamp" : 235430037876,
    "trackingState" : "Normal",
    "transform" : [
      0.12712383,
      -0.92453665,
      0.35926518,
      0,
      -0.96082306,
      -0.024844417,
      0.2760466,
      0,
      -0.2462895,
      -0.38028237,
      -0.8914746,
      0,
      -0.95655423,
      0.891463,
      3.7546525,
      0.99999994
    ]
  },
  {
    "timestamp" : 235430054536,
    "trackingState" : "Normal",
    "transform" : [
      0.12327121,
      -0.9242957,
      0.3612226,
      0,
      -0.96257424,
      -0.022836726,
      0.27005452,
      0,
      -0.24136113,
      -0.38099343,
      -0.8925183,
      0,
      -0.9550358,
      0.895483,
      3.757293,
      0.99999994
    ]
  },
  {
    "timestamp" : 235430071197,
    "trackingState" : "Normal",
    "transform" : [
      0.1190167,
      -0.92380106,
      0.36390468,
      0,
      -0.96446574,
      -0.020492174,
      0.26341188,
      0,
      -0.23588303,
      -0.38232404,
      -0.8934134,
      0,
      -0.9535546,
      0.8995505,
      3.759809,
      0.9999999
    ]
  },
  {
    "timestamp" : 235430087857,
    "trackingState" : "Normal",
    "transform" : [
      0.11530834,
      -0.92334616,
      0.36624572,
      0,
      -0.9659262,
      -0.01822022,
      0.25817576,
      0,
      -0.23171254,
      -0.38353613,
      -0.8939852,
      0,
      -0.9521485,
      0.90367186,
      3.7622976,
      1
    ]
  },
  {
    "timestamp" : 235430104517,
    "trackingState" : "Normal",
    "transform" : [
      0.11265673,
      -0.9240233,
      0.36536214,
      0,
      -0.9664024,
      -0.016398558,
      0.25651017,
      0,
      -0.23102994,
      -0.3819844,
      -0.8948259,
      0,
      -0.95082444,
      0.9079253,
      3.7649775,
      1
    ]
  },
  {
    "timestamp" : 235430121178,
    "trackingState" : "Normal",
    "transform" : [
      0.11057296,
      -0.92541057,
      0.36247614,
      0,
      -0.9666346,
      -0.015343034,
      0.25569966,
      0,
      -0.2310657,
      -0.37865543,
      -0.8962304,
      0,
      -0.9496308,
      0.9125096,
      3.7679303,
      1
    ]
  },
  {
    "timestamp" : 235430137838,
    "trackingState" : "Normal",
    "transform" : [
      0.108457215,
      -0.92664397,
      0.3599557,
      0,
      -0.9673302,
      -0.014909698,
      0.253081,
      0,
      -0.22914915,
      -0.37564448,
      -0.89798784,
      0,
      -0.9484071,
      0.9170425,
      3.7707074,
      1
    ]
  },
  {
    "timestamp" : 235430154499,
    "trackingState" : "Normal",
    "transform" : [
      0.10539152,
      -0.9275202,
      0.35860714,
      0,
      -0.9686967,
      -0.014248495,
      0.24783847,
      0,
      -0.22476558,
      -0.37350154,
      -0.89998734,
      0,
      -0.9471831,
      0.92155623,
      3.7733555,
      1
    ]
  },
  {
    "timestamp" : 235430171159,
    "trackingState" : "Normal",
    "transform" : [
      0.10118333,
      -0.92796767,
      0.35866153,
      0,
      -0.9708634,
      -0.0133861005,
      0.23925987,
      0,
      -0.21722437,
      -0.37242037,
      -0.9022842,
      0,
      -0.9459899,
      0.9260208,
      3.7759104,
      1
    ]
  },
  {
    "timestamp" : 235430187819,
    "trackingState" : "Normal",
    "transform" : [
      0.09679771,
      -0.92834,
      0.358908,
      0,
      -0.9736557,
      -0.013521364,
      0.22762161,
      0,
      -0.20645735,
      -0.37148607,
      -0.90519255,
      0,
      -0.9448677,
      0.9304515,
      3.778421,
      0.9999999
    ]
  },
  {
    "timestamp" : 235430204480,
    "trackingState" : "Normal",
    "transform" : [
      0.09313261,
      -0.9292285,
      0.35757646,
      0,
      -0.9762201,
      -0.014612134,
      0.21628915,
      0,
      -0.19575708,
      -0.36921683,
      -0.9084923,
      0,
      -0.94382566,
      0.93484217,
      3.780994,
      1
    ]
  },
  {
    "timestamp" : 235430221140,
    "trackingState" : "Normal",
    "transform" : [
      0.090286456,
      -0.9310926,
      0.35343322,
      0,
      -0.9780633,
      -0.016003128,
      0.20769261,
      0,
      -0.18772502,
      -0.36443183,
      -0.91211236,
      0,
      -0.94272524,
      0.9389985,
      3.7832499,
      1
    ]
  },
  {
    "timestamp" : 235430237801,
    "trackingState" : "Normal",
    "transform" : [
      0.08842362,
      -0.9335608,
      0.3473409,
      0,
      -0.9790551,
      -0.01725544,
      0.20286295,
      0,
      -0.18339136,
      -0.3580037,
      -0.9155333,
      0,
      -0.9417764,
      0.9431486,
      3.7858572,
      1
    ]
  },
  {
    "timestamp" : 235430254461,
    "trackingState" : "Normal",
    "transform" : [
      0.086982906,
      -0.9359794,
      0.3411401,
      0,
      -0.9793429,
      -0.017593106,
      0.20144016,
      0,
      -0.18254215,
      -0.3516149,
      -0.9181751,
      0,
      -0.9409316,
      0.94719505,
      3.7885377,
      1
    ]
  },
  {
    "timestamp" : 235430271121,
    "trackingState" : "Normal",
    "transform" : [
      0.08534932,
      -0.9378706,
      0.33632466,
      0,
      -0.979598,
      -0.017347746,
      0.20021747,
      0,
      -0.18194361,
      -0.34655133,
      -0.9202168,
      0,
      -0.9401257,
      0.951139,
      3.7911444,
      1
    ]
  },
  {
    "timestamp" : 235430287782,
    "trackingState" : "Normal",
    "transform" : [
      0.08280639,
      -0.93939567,
      0.33268455,
      0,
      -0.9803338,
      -0.016778124,
      0.19663249,
      0,
      -0.17913389,
      -0.3424243,
      -0.92231065,
      0,
      -0.9392958,
      0.9550061,
      3.7936711,
      0.99999994
    ]
  },
  {
    "timestamp" : 235430304442,
    "trackingState" : "Normal",
    "transform" : [
      0.07945088,
      -0.9408804,
      0.32928967,
      0,
      -0.9814957,
      -0.016102048,
      0.19080645,
      0,
      -0.17422381,
      -0.3383561,
      -0.9247494,
      0,
      -0.93846095,
      0.95878696,
      3.7962048,
      0.99999994
    ]
  },
  {
    "timestamp" : 235430321103,
    "trackingState" : "Normal",
    "transform" : [
      0.0762372,
      -0.9427032,
      0.32480547,
      0,
      -0.9827891,
      -0.01607173,
      0.18403079,
      0,
      -0.16826622,
      -0.33324528,
      -0.9277036,
      0,
      -0.9376559,
      0.9620044,
      3.7983756,
      0.9999998
    ]
  },
  {
    "timestamp" : 235430337763,
    "trackingState" : "Normal",
    "transform" : [
      0.073392324,
      -0.9451,
      0.3184332,
      0,
      -0.984014,
      -0.016673299,
      0.1773092,
      0,
      -0.16226561,
      -0.3263558,
      -0.93121535,
      0,
      -0.9370337,
      0.96540844,
      3.8009086,
      1
    ]
  },
  {
    "timestamp" : 235430354423,
    "trackingState" : "Normal",
    "transform" : [
      0.07186035,
      -0.94735855,
      0.31200612,
      0,
      -0.98526305,
      -0.018741956,
      0.17001589,
      0,
      -0.15521841,
      -0.31962544,
      -0.93474424,
      0,
      -0.93663,
      0.96883476,
      3.8034947,
      0.9999999
    ]
  },
  {
    "timestamp" : 235430371084,
    "trackingState" : "Normal",
    "transform" : [
      0.07154943,
      -0.94917065,
      0.3065224,
      0,
      -0.98627466,
      -0.021478245,
      0.1637103,
      0,
      -0.14880544,
      -0.31402862,
      -0.9376797,
      0,
      -0.93639416,
      0.9721492,
      3.8060079,
      1
    ]
  },
  {
    "timestamp" : 235430387744,
    "trackingState" : "Normal",
    "transform" : [
      0.07152119,
      -0.95070237,
      0.3017444,
      0,
      -0.98697466,
      -0.023748882,
      0.15911303,
      0,
      -0.1441031,
      -0.309194,
      -0.9400178,
      0,
      -0.9362093,
      0.9752946,
      3.8084397,
      0.9999999
    ]
  },
  {
    "timestamp" : 235430404405,
    "trackingState" : "Normal",
    "transform" : [
      0.07142476,
      -0.9519353,
      0.29785547,
      0,
      -0.9874735,
      -0.025362939,
      0.15573382,
      0,
      -0.14069405,
      -0.30524755,
      -0.94182235,
      0,
      -0.9358279,
      0.9786042,
      3.8110855,
      1
    ]
  },
  {
    "timestamp" : 235430421065,
    "trackingState" : "Normal",
    "transform" : [
      0.07136579,
      -0.95268214,
      0.29547206,
      0,
      -0.98788637,
      -0.026586061,
      0.15288489,
      0,
      -0.1377953,
      -0.30280352,
      -0.94303906,
      0,
      -0.93560404,
      0.98148996,
      3.8134556,
      1
    ]
  },
  {
    "timestamp" : 235430437726,
    "trackingState" : "Normal",
    "transform" : [
      0.07091395,
      -0.9531058,
      0.29421192,
      0,
      -0.9883048,
      -0.027216336,
      0.15004334,
      0,
      -0.13499983,
      -0.30141118,
      -0.943889,
      0,
      -0.93544716,
      0.9841014,
      3.8157454,
      1
    ]
  },
  {
    "timestamp" : 235430454386,
    "trackingState" : "Normal",
    "transform" : [
      0.06976851,
      -0.9534992,
      0.2932093,
      0,
      -0.9888376,
      -0.027312547,
      0.14647292,
      0,
      -0.13165353,
      -0.30015558,
      -0.9447615,
      0,
      -0.93528306,
      0.9864759,
      3.8180523,
      1
    ]
  },
  {
    "timestamp" : 235430471046,
    "trackingState" : "Normal",
    "transform" : [
      0.06826913,
      -0.95394915,
      0.29209673,
      0,
      -0.98940426,
      -0.027133841,
      0.142629,
      0,
      -0.12813514,
      -0.29873887,
      -0.9456938,
      0,
      -0.9351086,
      0.9886199,
      3.8204186,
      1
    ]
  },
  {
    "timestamp" : 235430487707,
    "trackingState" : "Normal",
    "transform" : [
      0.06675173,
      -0.95460445,
      0.29030076,
      0,
      -0.98995453,
      -0.027019778,
      0.1387801,
      0,
      -0.12463626,
      -0.29664838,
      -0.9468187,
      0,
      -0.9349586,
      0.99054307,
      3.8229015,
      0.99999994
    ]
  },
  {
    "timestamp" : 235430504367,
    "trackingState" : "Normal",
    "transform" : [
      0.065670766,
      -0.9554914,
      0.2876171,
      0,
      -0.99072486,
      -0.02807176,
      0.13295221,
      0,
      -0.1189608,
      -0.29368043,
      -0.9484726,
      0,
      -0.93450105,
      0.9928705,
      3.8260717,
      1
    ]
  },
  {
    "timestamp" : 235430521028,
    "trackingState" : "Normal",
    "transform" : [
      0.06546578,
      -0.95632327,
      0.28488642,
      0,
      -0.9914773,
      -0.030113043,
      0.12675236,
      0,
      -0.11263744,
      -0.2907563,
      -0.9501442,
      0,
      -0.9343076,
      0.9946303,
      3.8289275,
      1
    ]
  },
  {
    "timestamp" : 235430537688,
    "trackingState" : "Normal",
    "transform" : [
      0.06540808,
      -0.95717716,
      0.28201717,
      0,
      -0.99200016,
      -0.03179312,
      0.122166924,
      0,
      -0.1079692,
      -0.2877518,
      -0.9515995,
      0,
      -0.93420863,
      0.99597245,
      3.8316832,
      0.9999999
    ]
  },
  {
    "timestamp" : 235430554348,
    "trackingState" : "Normal",
    "transform" : [
      0.06482377,
      -0.95808107,
      0.27906755,
      0,
      -0.99232095,
      -0.032367732,
      0.119379945,
      0,
      -0.10534288,
      -0.2846632,
      -0.95282215,
      0,
      -0.9340671,
      0.9969768,
      3.8344395,
      0.99999994
    ]
  },
  {
    "timestamp" : 235430571009,
    "trackingState" : "Normal",
    "transform" : [
      0.06374151,
      -0.9589849,
      0.27619746,
      0,
      -0.99247825,
      -0.031929247,
      0.118185,
      0,
      -0.10451887,
      -0.28165323,
      -0.95380694,
      0,
      -0.9338595,
      0.99767965,
      3.8372345,
      1
    ]
  },
  {
    "timestamp" : 235430587669,
    "trackingState" : "Normal",
    "transform" : [
      0.062584765,
      -0.9596646,
      0.27409327,
      0,
      -0.99260795,
      -0.031237412,
      0.117276445,
      0,
      -0.1039841,
      -0.27940682,
      -0.95452577,
      0,
      -0.93363905,
      0.9981012,
      3.8400745,
      0.99999994
    ]
  },
  {
    "timestamp" : 235430604330,
    "trackingState" : "Normal",
    "transform" : [
      0.061155386,
