[
  {
    "timestamp" : 235462075835,
    "trackingState" : "Normal",
    "transform" : [
      -0.19014038,
      -0.9810394,
      -0.03752803,
      0,
      -0.124707706,
      -0.013780804,
      0.9920979,
      0,
      -0.9738044,
      0.19331786,
      -0.119722895,
      0,
      -1.3628392,
      2.8156338,
      5.172133,
      0.99999994
    ]
  },
  {
    "timestamp" : 235462092496,
    "trackingState" : "Normal",
    "transform" : [
      -0.18790986,
      -0.9814894,
      -0.036993507,
      0,
      -0.12253415,
      -0.013943844,
      0.99236643,
      0,
      -0.97451293,
      0.19100837,
      -0.11764579,
      0,
      -1.3648903,
      2.8154912,
      5.170413,
      0.99999994
    ]
  },
  {
    "timestamp" : 235462109156,
    "trackingState" : "Normal",
    "transform" : [
      -0.1864504,
      -0.9817762,
      -0.0367682,
      0,
      -0.120549984,
      -0.014279925,
      0.9926046,
      0,
      -0.9750407,
      0.18950391,
      -0.11569061,
      0,
      -1.3669049,
      2.815334,
      5.1685643,
      1
    ]
  },
  {
    "timestamp" : 235462125816,
    "trackingState" : "Normal",
    "transform" : [
      -0.18526642,
      -0.98197925,
      -0.037327267,
      0,
      -0.12149345,
      -0.01480477,
      0.99248195,
      0,
      -0.9751492,
      0.18840857,
      -0.11656122,
      0,
      -1.3690026,
      2.8151698,
      5.1669154,
      1
    ]
  },
  {
    "timestamp" : 235462142477,
    "trackingState" : "Normal",
    "transform" : [
      -0.18294534,
      -0.9823591,
      -0.038753066,
      0,
      -0.12381973,
      -0.016081244,
      0.9921745,
      0,
      -0.9752949,
      0.18631205,
      -0.11869348,
      0,
      -1.3712872,
      2.8150442,
      5.165472,
      1
    ]
  },
  {
    "timestamp" : 235462159137,
    "trackingState" : "Normal",
    "transform" : [
      -0.17921421,
      -0.98299265,
      -0.040097896,
      0,
      -0.12324075,
      -0.0180054,
      0.99221355,
      0,
      -0.97606057,
      0.18276042,
      -0.117917955,
      0,
      -1.373719,
      2.8149393,
      5.164091,
      1
    ]
  },
  {
    "timestamp" : 235462175797,
    "trackingState" : "Normal",
    "transform" : [
      -0.17498395,
      -0.9837242,
      -0.040834945,
      0,
      -0.118831605,
      -0.020070363,
      0.9927116,
      0,
      -0.977374,
      0.17856105,
      -0.11338554,
      0,
      -1.3761827,
      2.8148155,
      5.1626964,
      0.99999994
    ]
  },
  {
    "timestamp" : 235462192458,
    "trackingState" : "Normal",
    "transform" : [
      -0.17075814,
      -0.9844434,
      -0.041387968,
      0,
      -0.11450218,
      -0.02189419,
      0.9931818,
      0,
      -0.9786375,
      0.17433286,
      -0.10898232,
      0,
      -1.3786026,
      2.8146775,
      5.1612935,
      1
    ]
  },
  {
    "timestamp" : 235462209118,
    "trackingState" : "Normal",
    "transform" : [
      -0.16746436,
      -0.9850093,
      -0.04138178,
      0,
      -0.11307472,
      -0.02250724,
      0.99333155,
      0,
      -0.97937226,
      0.17102686,
      -0.1076105,
      0,
      -1.3808281,
      2.8146102,
      5.159675,
      1
    ]
  },
  {
    "timestamp" : 235462225779,
    "trackingState" : "Normal",
    "transform" : [
      -0.16570339,
      -0.98534745,
      -0.040409733,
      0,
      -0.11387563,
      -0.02158407,
      0.99326056,
      0,
      -0.97957903,
      0.16918832,
      -0.10863052,
      0,
      -1.3829396,
      2.8144252,
      5.1581197,
      1
    ]
  },
  {
    "timestamp" : 235462242439,
    "trackingState" : "Normal",
    "transform" : [
      -0.16472755,
      -0.9855619,
      -0.039149538,
      0,
      -0.11567892,
      -0.02011363,
      0.9930831,
      0,
      -0.9795323,
      0.1681169,
      -0.11069548,
      0,
      -1.3849232,
      2.8141932,
      5.1566505,
      1
    ]
  },
  {
    "timestamp" : 235462259099,
    "trackingState" : "Normal",
    "transform" : [
      -0.16285177,
      -0.98589176,
      -0.038688373,
      0,
      -0.11725672,
      -0.019594992,
      0.9929084,
      0,
      -0.97965837,
      0.16623332,
      -0.11241137,
      0,
      -1.3868326,
      2.813961,
      5.155365,
      1
    ]
  },
  {
    "timestamp" : 235462275760,
    "trackingState" : "Normal",
    "transform" : [
      -0.16034648,
      -0.9862472,
      -0.040070795,
      0,
      -0.11611916,
      -0.021466356,
      0.99300337,
      0,
      -0.980207,
      0.16387756,
      -0.11108016,
      0,
      -1.3885913,
      2.8136625,
      5.154315,
      1
    ]
  },
  {
    "timestamp" : 235462292420,
    "trackingState" : "Normal",
    "transform" : [
      -0.16031988,
      -0.98611903,
      -0.043204367,
      0,
      -0.11172083,
      -0.025360866,
      0.9934159,
      0,
      -0.9807222,
      0.16409114,
      -0.10610422,
      0,
      -1.3900021,
      2.8132017,
      5.153466,
      0.99999994
    ]
  },
  {
    "timestamp" : 235462309081,
    "trackingState" : "Normal",
    "transform" : [
      -0.16235696,
      -0.98560536,
      -0.047143567,
      0,
      -0.10869432,
      -0.029622564,
      0.99363387,
      0,
      -0.98072726,
      0.16644758,
      -0.10232029,
      0,
      -1.3907107,
      2.8125148,
      5.153122,
      1
    ]
  },
  {
    "timestamp" : 235462325741,
    "trackingState" : "Normal",
    "transform" : [
      -0.16398089,
      -0.98519677,
      -0.049976327,
      0,
      -0.10995641,
      -0.0320917,
      0.9934183,
      0,
      -0.9803164,
      0.16839679,
      -0.1030663,
      0,
      -1.3914456,
      2.8118834,
      5.1526747,
      1
    ]
  },
  {
    "timestamp" : 235462342401,
    "trackingState" : "Normal",
    "transform" : [
      -0.1635889,
      -0.9852073,
      -0.051042013,
      0,
      -0.11356335,
      -0.03258889,
      0.9929962,
      0,
      -0.97997063,
      0.16823961,
      -0.10655227,
      0,
      -1.3923038,
      2.8113372,
      5.1521297,
      1
    ]
  },
  {
    "timestamp" : 235462359062,
    "trackingState" : "Normal",
    "transform" : [
      -0.16202237,
      -0.98547053,
      -0.050957233,
      0,
      -0.11579567,
      -0.032295424,
      0.992748,
      0,
      -0.97996956,
      0.16674797,
      -0.10888066,
      0,
      -1.393106,
      2.8107653,
      5.151626,
      1
    ]
  },
  {
    "timestamp" : 235462375722,
    "trackingState" : "Normal",
    "transform" : [
      -0.16202214,
      -0.9854755,
      -0.050862923,
      0,
      -0.11615763,
      -0.032138858,
      0.99271077,
      0,
      -0.9799268,
      0.16674921,
      -0.1092633,
      0,
      -1.3936642,
      2.8100867,
      5.151236,
      1
    ]
  },
  {
    "timestamp" : 235462392383,
    "trackingState" : "Normal",
    "transform" : [
      -0.16409191,
      -0.98509365,
      -0.051617853,
      0,
      -0.11764143,
      -0.032411233,
      0.9925272,
      0,
      -0.9794053,
      0.16893804,
      -0.11056943,
      0,
      -1.3939846,
      2.8093812,
      5.151061,
      1
    ]
  },
  {
    "timestamp" : 235462409043,
    "trackingState" : "Normal",
    "transform" : [
      -0.1657624,
      -0.9847105,
      -0.053553373,
      0,
      -0.12134103,
      -0.033526137,
      0.9920445,
      0,
      -0.9786722,
      0.17094189,
      -0.11392844,
      0,
      -1.3944978,
      2.8086135,
      5.1506815,
      0.99999994
    ]
  },
  {
    "timestamp" : 235462425703,
    "trackingState" : "Normal",
    "transform" : [
      -0.16692242,
      -0.9843621,
      -0.056284413,
      0,
      -0.1259726,
      -0.03532538,
      0.99140453,
      0,
      -0.97788954,
      0.17257792,
      -0.11810611,
      0,
      -1.3946915,
      2.8079183,
      5.1509447,
      0.9999999
    ]
  },
  {
    "timestamp" : 235462442364,
    "trackingState" : "Normal",
    "transform" : [
      -0.1690985,
      -0.9838338,
      -0.058963496,
      0,
      -0.13078772,
      -0.036896992,
      0.99072355,
      0,
      -0.976883,
      0.17524154,
      -0.12243418,
      0,
      -1.3946342,
      2.8071852,
      5.1514034,
      0.9999999
    ]
  },
  {
    "timestamp" : 235462459024,
    "trackingState" : "Normal",
    "transform" : [
      -0.17318141,
      -0.98304266,
      -0.060295273,
      0,
      -0.1344026,
      -0.03705879,
      0.9902337,
      0,
      -0.9756765,
      0.17959388,
      -0.12570558,
      0,
      -1.3943334,
      2.806376,
      5.151773,
      1
    ]
  },
  {
    "timestamp" : 235462475685,
    "trackingState" : "Normal",
    "transform" : [
      -0.17706314,
      -0.9823699,
      -0.059982672,
      0,
      -0.13684115,
      -0.035780933,
      0.98994654,
      0,
      -0.97464,
      0.18349113,
      -0.12809317,
      0,
      -1.3939364,
      2.8055303,
      5.1520176,
      0.9999999
    ]
  },
  {
    "timestamp" : 235462492345,
    "trackingState" : "Normal",
    "transform" : [
      -0.1785599,
      -0.9821701,
      -0.05880774,
      0,
      -0.1389788,
      -0.03399276,
      0.9897119,
      0,
      -0.97406447,
      0.18489584,
      -0.13043107,
      0,
      -1.3935734,
      2.8047123,
      5.1522007,
      1
    ]
  },
  {
    "timestamp" : 235462509005,
    "trackingState" : "Normal",
    "transform" : [
      -0.17884997,
      -0.9822233,
      -0.05701061,
      0,
      -0.14034688,
      -0.031882804,
      0.9895889,
      0,
      -0.973815,
      0.18498918,
      -0.13214976,
      0,
      -1.3934786,
      2.8035564,
      5.1523924,
      1
    ]
  },
  {
    "timestamp" : 235462525666,
    "trackingState" : "Normal",
    "transform" : [
      -0.18082935,
      -0.9819688,
      -0.05511694,
      0,
      -0.14136305,
      -0.029508684,
      0.9895179,
      0,
      -0.97330225,
      0.18672535,
      -0.1334781,
      0,
      -1.3929925,
      2.8025997,
      5.1524324,
      0.9999999
    ]
  },
  {
    "timestamp" : 235462542326,
    "trackingState" : "Normal",
    "transform" : [
      -0.18531637,
      -0.9812129,
      -0.0536579,
      0,
      -0.14280708,
      -0.027133234,
      0.9893786,
      0,
      -0.972247,
      0.19101077,
      -0.13509594,
      0,
      -1.3922377,
      2.801748,
      5.152387,
      0.99999994
    ]
  },
  {
    "timestamp" : 235462558987,
    "trackingState" : "Normal",
    "transform" : [
      -0.18997203,
      -0.9803611,
      -0.05294144,
      0,
      -0.14405052,
      -0.025507238,
      0.98924166,
      0,
      -0.97116446,
      0.19555445,
      -0.13637587,
      0,
      -1.391416,
      2.801034,
      5.1523323,
      1
    ]
  },
  {
    "timestamp" : 235462575647,
    "trackingState" : "Normal",
    "transform" : [
      -0.19298093,
      -0.9798059,
      -0.052333318,
      0,
      -0.14434056,
      -0.024407435,
      0.989227,
      0,
      -0.9705278,
      0.19845575,
      -0.13671558,
      0,
      -1.3906723,
      2.800503,
      5.152214,
      0.9999999
    ]
  },
  {
    "timestamp" : 235462592307,
    "trackingState" : "Normal",
    "transform" : [
      -0.19399948,
      -0.9796778,
      -0.050947707,
      0,
      -0.14297725,
      -0.023143284,
      0.9894554,
      0,
      -0.97052675,
      0.19923818,
      -0.13558188,
      0,
      -1.3900303,
      2.8001525,
      5.1519065,
      1
    ]
  },
  {
    "timestamp" : 235462608968,
    "trackingState" : "Normal",
    "transform" : [
      -0.19307621,
      -0.97998446,
      -0.04849894,
      0,
      -0.13994984,
      -0.02141811,
      0.98992693,
      0,
      -0.9711518,
      0.19791874,
      -0.13301337,
      0,
      -1.3908485,
      2.7999218,
      5.1511087,
      0.99999994
    ]
  },
  {
    "timestamp" : 235462625628,
    "trackingState" : "Normal",
    "transform" : [
      -0.19161755,
      -0.9804306,
      -0.045152728,
      0,
      -0.13610402,
      -0.019016542,
      0.9905121,
      0,
      -0.971987,
      0.19594494,
      -0.12979667,
      0,
      -1.3907676,
      2.799816,
      5.150261,
      1
    ]
  },
  {
    "timestamp" : 235462642289,
    "trackingState" : "Normal",
    "transform" : [
      -0.19004168,
      -0.9808958,
      -0.041565906,
      0,
      -0.1324188,
      -0.016341373,
      0.99105924,
      0,
      -0.9728051,
      0.19384663,
      -0.12678352,
      0,
      -1.3903751,
      2.7998245,
      5.1493173,
      1
    ]
  },
  {
    "timestamp" : 235462658949,
    "trackingState" : "Normal",
    "transform" : [
      -0.1881966,
      -0.9813854,
      -0.038273823,
      0,
      -0.12869965,
      -0.013991354,
      0.99158496,
      0,
      -0.9736625,
      0.19153872,
      -0.123670846,
      0,
      -1.3898805,
      2.7999473,
      5.148298,
      1
    ]
  },
  {
    "timestamp" : 235462675609,
    "trackingState" : "Normal",
    "transform" : [
      -0.18642332,
      -0.98182595,
      -0.035555243,
      0,
      -0.12351948,
      -0.012480073,
      0.99226373,
      0,
      -0.9746741,
      0.18937284,
      -0.118948095,
      0,
      -1.3893205,
      2.8001504,
      5.147194,
      0.99999994
    ]
  },
  {
    "timestamp" : 235462692270,
    "trackingState" : "Normal",
    "transform" : [
      -0.1855213,
      -0.9820644,
      -0.03363744,
      0,
      -0.11618066,
      -0.012069675,
      0.9931548,
      0,
      -0.97574806,
      0.18815939,
      -0.11185771,
      0,
      -1.3886871,
      2.8003945,
      5.146005,
      1
    ]
  },
  {
    "timestamp" : 235462708930,
    "trackingState" : "Normal",
    "transform" : [
      -0.18513097,
      -0.9821672,
      -0.0327768,
      0,
      -0.10785077,
      -0.012845447,
      0.9940842,
      0,
      -0.976778,
      0.18757075,
      -0.10354942,
      0,
      -1.3890123,
      2.800402,
      5.1441526,
      1
    ]
  },
  {
    "timestamp" : 235462725591,
    "trackingState" : "Normal",
    "transform" : [
      -0.18449052,
      -0.982293,
      -0.032616045,
      0,
      -0.09899238,
      -0.014445042,
      0.99498343,
      0,
      -0.9778364,
      0.18679371,
      -0.09457457,
      0,
      -1.3887544,
      2.8006358,
      5.142589,
      1
    ]
  },
  {
    "timestamp" : 235462742251,
    "trackingState" : "Normal",
    "transform" : [
      -0.18325183,
      -0.98255193,
      -0.031788837,
      0,
      -0.09046551,
      -0.015344491,
      0.9957814,
      0,
      -0.9788948,
      0.18535452,
      -0.08607518,
      0,
      -1.3883926,
      2.8009846,
      5.140947,
      1
    ]
  },
  {
    "timestamp" : 235462758911,
    "trackingState" : "Normal",
    "transform" : [
      -0.18048081,
      -0.9831263,
      -0.029823644,
      0,
      -0.081745416,
      -0.015223763,
      0.9965371,
      0,
      -0.9801758,
      0.18229371,
      -0.07761849,
      0,
      -1.388133,
      2.8014264,
      5.1390924,
      1
    ]
  },
  {
    "timestamp" : 235462775572,
    "trackingState" : "Normal",
    "transform" : [
      -0.1757841,
      -0.9840579,
      -0.027020086,
      0,
      -0.07056302,
      -0.014781563,
      0.9973978,
      0,
      -0.9818967,
      0.17723328,
      -0.066839755,
      0,
      -1.3880235,
      2.8019264,
      5.1370373,
      0.99999994
    ]
  },
  {
    "timestamp" : 235462792232,
    "trackingState" : "Normal",
    "transform" : [
      -0.1695811,
      -0.98522294,
      -0.024043763,
      0,
      -0.056735393,
      -0.014596915,
      0.9982826,
      0,
      -0.9838819,
      0.17065397,
      -0.053421672,
      0,
      -1.3880415,
      2.802463,
      5.1348653,
      1
    ]
  },
  {
    "timestamp" : 235462808893,
    "trackingState" : "Normal",
    "transform" : [
      -0.16264005,
      -0.98644125,
      -0.021954998,
      0,
      -0.041735772,
      -0.01535354,
      0.9990108,
      0,
      -0.98580253,
      0.16339545,
      -0.0386728,
      0,
      -1.3889245,
      2.8027034,
      5.132441,
      1
    ]
  },
  {
    "timestamp" : 235462825553,
    "trackingState" : "Normal",
    "transform" : [
      -0.15616734,
      -0.9875188,
      -0.020458002,
      0,
      -0.026367588,
      -0.016536733,
      0.99951565,
      0,
      -0.9873788,
      0.1566311,
      -0.023456004,
      0,
      -1.3893279,
      2.803176,
      5.130083,
      1
    ]
  },
  {
    "timestamp" : 235462842213,
    "trackingState" : "Normal",
    "transform" : [
      -0.14980751,
      -0.9885365,
      -0.018801194,
      0,
      -0.010364487,
      -0.01744462,
      0.9997942,
      0,
      -0.988661,
      0.14997151,
      -0.0076323533,
      0,
      -1.389597,
      2.8037243,
      5.1276546,
      1
    ]
  },
  {
    "timestamp" : 235462858874,
    "trackingState" : "Normal",
    "transform" : [
      -0.14248016,
      -0.98965836,
      -0.016611464,
      0,
      0.0065424056,
      -0.017723955,
      0.99982166,
      0,
      -0.98977625,
      0.14234604,
      0.009000042,
      0,
      -1.3898668,
      2.804303,
      5.1251583,
      1
    ]
  },
  {
    "timestamp" : 235462875534,
    "trackingState" : "Normal",
    "transform" : [
      -0.13400078,
      -0.99087954,
      -0.0142008085,
      0,
      0.024059368,
      -0.0175788,
      0.99955606,
      0,
      -0.9906893,
      0.13359958,
      0.02619549,
      0,
      -1.3901455,
      2.8048966,
      5.122632,
      1
    ]
  },
  {
    "timestamp" : 235462892195,
    "trackingState" : "Normal",
    "transform" : [
      -0.12623268,
      -0.9919301,
      -0.0118241375,
      0,
      0.042479947,
      -0.017313762,
      0.99894726,
      0,
      -0.9910907,
      0.12559749,
      0.044322696,
      0,
      -1.3903168,
      2.8054638,
      5.120078,
      0.99999994
    ]
  },
  {
    "timestamp" : 235462908855,
    "trackingState" : "Normal",
    "transform" : [
      -0.120549105,
      -0.99265724,
      -0.009969861,
      0,
      0.06096136,
      -0.017426593,
      0.9979879,
      0,
      -0.9908339,
      0.11969877,
      0.062614486,
      0,
      -1.3907795,
      2.8062732,
      5.1176367,
      0.9999998
    ]
  },
  {
    "timestamp" : 235462925515,
    "trackingState" : "Normal",
    "transform" : [
      -0.116369024,
      -0.99316925,
      -0.008555349,
      0,
      0.07869243,
      -0.017806448,
      0.9967399,
      0,
      -0.9900838,
      0.11531639,
      0.080227,
      0,
      -1.3909316,
      2.806945,
      5.1151056,
      0.99999994
    ]
  },
  {
    "timestamp" : 235462942176,
    "trackingState" : "Normal",
    "transform" : [
      -0.11232121,
      -0.99364275,
      -0.007624864,
      0,
      0.09536216,
      -0.018417088,
      0.9952723,
      0,
      -0.9890856,
      0.111063056,
      0.09682454,
      0,
      -1.3908606,
      2.8074872,
      5.11253,
      0.99999994
    ]
  },
  {
    "timestamp" : 235462958836,
    "trackingState" : "Normal",
    "transform" : [
      -0.10823498,
      -0.9940979,
      -0.0074005853,
      0,
      0.11104477,
      -0.019487344,
      0.9936244,
      0,
      -0.98790413,
      0.10672311,
      0.11249857,
      0,
      -1.3906796,
      2.807942,
      5.1099844,
      0.99999994
    ]
  },
  {
    "timestamp" : 235462975496,
    "trackingState" : "Normal",
    "transform" : [
      -0.10513347,
      -0.99442995,
      -0.0074936287,
      0,
      0.12589547,
      -0.02078396,
      0.9918258,
      0,
      -0.98645705,
      0.103330664,
      0.1273793,
      0,
      -1.3903567,
      2.8082755,
      5.107418,
      1
    ]
  },
  {
    "timestamp" : 235462992157,
    "trackingState" : "Normal",
    "transform" : [
      -0.10331542,
      -0.99462193,
      -0.007290089,
      0,
      0.13933589,
      -0.02172964,
      0.9900068,
      0,
      -0.9848409,
      0.10126719,
      0.14083153,
      0,
      -1.3899088,
      2.8084874,
      5.10476,
      1
    ]
  },
  {
    "timestamp" : 235463008817,
    "trackingState" : "Normal",
    "transform" : [
      -0.102052994,
      -0.99475634,
      -0.0067045474,
      0,
      0.15202433,
      -0.022256173,
      0.9881261,
      0,
      -0.98309404,
      0.09982197,
      0.15349846,
      0,
      -1.3895466,
      2.8091848,
      5.1016026,
      0.99999994
    ]
  },
  {
    "timestamp" : 235463025478,
    "trackingState" : "Normal",
    "transform" : [
      -0.10050316,
      -0.99491864,
      -0.006012042,
      0,
      0.16621493,
      -0.02274754,
      0.9858272,
      0,
      -0.98095465,
      0.09807945,
      0.16765651,
      0,
      -1.3890605,
      2.8093617,
      5.0986857,
      1
    ]
  },
  {
    "timestamp" : 235463042138,
    "trackingState" : "Normal",
    "transform" : [
      -0.099290065,
      -0.99504185,
      -0.0057758642,
      0,
      0.18101865,
      -0.02376999,
      0.98319244,
      0,
      -0.97845495,
      0.09657569,
      0.18248124,
      0,
      -1.3884695,
      2.8092732,
      5.095828,
      1
    ]
  },
  {
    "timestamp" : 235463058798,
    "trackingState" : "Normal",
    "transform" : [
      -0.09907815,
      -0.99506515,
      -0.0053652176,
      0,
      0.19454083,
      -0.02465747,
      0.98058444,
      0,
      -0.97587776,
      0.09611073,
      0.19602384,
      0,
      -1.3878185,
      2.8090177,
      5.092932,
      0.99999994
    ]
  },
  {
    "timestamp" : 235463075459,
    "trackingState" : "Normal",
    "transform" : [
      -0.09834385,
      -0.99514306,
      -0.0043454855,
      0,
      0.20607953,
      -0.024637174,
      0.97822505,
      0,
      -0.97358096,
      0.09530688,
      0.20750153,
      0,
      -1.3872176,
      2.8086624,
      5.0899777,
      0.99999994
    ]
  },
  {
    "timestamp" : 235463092119,
    "trackingState" : "Normal",
    "transform" : [
      -0.09635296,
      -0.99534374,
      -0.0026569257,
      0,
      0.21739386,
      -0.023649275,
      0.9757975,
      0,
      -0.9713168,
      0.09344335,
      0.2186603,
      0,
      -1.3866861,
      2.808233,
      5.087016,
      1
    ]
  },
  {
    "timestamp" : 235463108780,
    "trackingState" : "Normal",
    "transform" : [
      -0.09413458,
      -0.99555904,
      -0.0009745132,
      0,
      0.22975421,
      -0.022676703,
      0.9729845,
      0,
      -0.9686857,
      0.091367565,
      0.23086855,
      0,
      -1.3861552,
      2.808019,
      5.084131,
      0.99999994
    ]
  },
  {
    "timestamp" : 235463125440,
    "trackingState" : "Normal",
    "transform" : [
      -0.09311199,
      -0.9956556,
      -0.00016910823,
      0,
      0.24271521,
      -0.022863023,
      0.96982807,
      0,
      -0.9656187,
      0.09026158,
      0.2437896,
      0,
      -1.3855433,
      2.8075428,
      5.0813227,
      0.9999999
    ]
  },
  {
    "timestamp" : 235463142100,
    "trackingState" : "Normal",
    "transform" : [
      -0.09392765,
      -0.9955789,
      -0.0006075765,
      0,
      0.25480947,
      -0.024629874,
      0.9666776,
      0,
      -0.9624188,
      0.09064293,
      0.25599638,
      0,
      -1.384814,
      2.806923,
      5.0786057,
      1
    ]
  },
  {
    "timestamp" : 235463158761,
    "trackingState" : "Normal",
    "transform" : [
      -0.09588442,
      -0.995391,
      -0.0017529604,
      0,
      0.2652937,
      -0.027252605,
      0.9637825,
      0,
      -0.95938826,
      0.09194666,
      0.26668403,
      0,
      -1.3840289,
      2.8062239,
      5.0759444,
      1
    ]
  },
  {
    "timestamp" : 235463175421,
    "trackingState" : "Normal",
    "transform" : [
      -0.09864976,
      -0.99511653,
      -0.00337816,
      0,
      0.27563855,
      -0.030586692,
      0.9607746,
      0,
      -0.95618606,
      0.09384903,
      0.27730983,
      0,
      -1.3832077,
      2.8054235,
      5.073321,
      0.99999994
    ]
  },
  {
    "timestamp" : 235463192082,
    "trackingState" : "Normal",
    "transform" : [
      -0.102241024,
      -0.9947463,
      -0.005152776,
      0,
      0.28745982,
      -0.034503542,
      0.957171,
      0,
      -0.9523203,
      0.09638093,
      0.28947726,
      0,
      -1.3818507,
      2.8048072,
      5.071715,
      1
    ]
  },
  {
    "timestamp" : 235463208742,
    "trackingState" : "Normal",
    "transform" : [
      -0.10631777,
      -0.9943093,
      -0.0067548854,
      0,
      0.3002564,
      -0.038580067,
      0.9530781,
      0,
      -0.94791496,
      0.09930093,
      0.30264953,
      0,
      -1.380697,
      2.8039682,
      5.069645,
      1
    ]
  },
  {
    "timestamp" : 235463225402,
    "trackingState" : "Normal",
    "transform" : [
      -0.10969069,
      -0.9939379,
      -0.007447802,
      0,
      0.31227714,
      -0.04157449,
      0.949081,
      0,
      -0.94363713,
      0.10177955,
      0.3149444,
      0,
      -1.3797942,
      2.8029459,
      5.0671086,
      1
    ]
  },
  {
    "timestamp" : 235463242063,
    "trackingState" : "Normal",
    "transform" : [
      -0.11138317,
      -0.99375397,
      -0.006839344,
      0,
      0.32185242,
      -0.042583786,
      0.94583166,
      0,
      -0.9402153,
      0.10314847,
      0.32458523,
      0,
      -1.3790909,
      2.8018684,
      5.064356,
      0.99999994
    ]
  },
  {
    "timestamp" : 235463258723,
    "trackingState" : "Normal",
    "transform" : [
      -0.1122275,
      -0.99367005,
      -0.0049840687,
      0,
      0.33015224,
      -0.04201806,
      0.9429921,
      0,
      -0.93723243,
      0.104184136,
      0.33277795,
      0,
      -1.3784974,
      2.8007827,
      5.061514,
      1
    ]
  },
  {
    "timestamp" : 235463275384,
    "trackingState" : "Normal",
    "transform" : [
      -0.11340479,
      -0.99354446,
      -0.0029684734,
      0,
      0.33850083,
      -0.041445695,
      0.9400529,
      0,
      -0.9341074,
      0.10560166,
      0.3410158,
      0,
      -1.3779327,
      2.7997081,
      5.058733,
      1
    ]
  },
  {
    "timestamp" : 235463292044,
    "trackingState" : "Normal",
    "transform" : [
      -0.11562717,
      -0.99329144,
      -0.0015966237,
      0,
      0.34798053,
      -0.042013172,
      0.9365599,
      0,
      -0.93034405,
      0.10773616,
      0.35050392,
      0,
      -1.3773429,
      2.7986565,
      5.0560946,
      0.9999999
    ]
  },
  {
    "timestamp" : 235463308704,
    "trackingState" : "Normal",
    "transform" : [
      -0.119413696,
      -0.99284434,
      -0.00063367636,
      0,
      0.35876885,
      -0.04374578,
      0.9324008,
      0,
      -0.92575663,
      0.11111408,
      0.3614255,
      0,
      -1.3766518,
      2.7979698,
      5.0533314,
      0.9999999
    ]
  },
  {
    "timestamp" : 235463325365,
    "trackingState" : "Normal",
    "transform" : [
      -0.12424068,
      -0.9922522,
      0.000119670236,
      0,
      0.36934474,
      -0.046133995,
      0.9281467,
      0,
      -0.92095006,
      0.11535777,
      0.37221482,
      0,
      -1.376041,
      2.7970576,
      5.0507364,
      1
    ]
  },
  {
    "timestamp" : 235463342025,
    "trackingState" : "Normal",
    "transform" : [
      -0.12884764,
      -0.9916637,
      0.0012202634,
      0,
      0.3800346,
      -0.048241537,
      0.9237135,
      0,
      -0.91595435,
      0.119482026,
      0.38308233,
      0,
      -1.3755476,
      2.7960868,
      5.048137,
      1
    ]
  },
  {
    "timestamp" : 235463358686,
    "trackingState" : "Normal",
    "transform" : [
      -0.13239226,
      -0.9911933,
      0.0028744591,
      0,
      0.39124846,
      -0.049593534,
      0.91894794,
      0,
      -0.9107125,
      0.122786194,
      0.39436862,
      0,
      -1.3751856,
      2.795098,
      5.045485,
      1
    ]
  },
  {
    "timestamp" : 235463375346,
    "trackingState" : "Normal",
    "transform" : [
      -0.13546771,
      -0.990769,
      0.005032573,
      0,
      0.40237913,
      -0.05037417,
      0.9140862,
      0,
      -0.9053948,
      0.12585415,
      0.40548888,
      0,
      -1.3749183,
      2.7940998,
      5.0427585,
      1
    ]
  },
  {
    "timestamp" : 235463392006,
    "trackingState" : "Normal",
    "transform" : [
      -0.13903344,
      -0.9902538,
      0.0081954,
      0,
      0.41295516,
      -0.05045379,
      0.9093529,
      0,
      -0.90007675,
      0.12981477,
      0.4159452,
      0,
      -1.3750097,
      2.793419,
      5.0396457,
      1
    ]
  },
  {
    "timestamp" : 235463408667,
    "trackingState" : "Normal",
    "transform" : [
      -0.14288355,
      -0.98966736,
      0.01195078,
      0,
      0.42279863,
      -0.05011528,
      0.90483695,
      0,
      -0.89488876,
      0.13433906,
      0.42559066,
      0,
      -1.3750619,
      2.7925637,
      5.0365334,
      0.99999994
    ]
  },
  {
    "timestamp" : 235463425327,
    "trackingState" : "Normal",
    "transform" : [
      -0.1464676,
      -0.989081,
      0.016311867,
      0,
      0.43216515,
      -0.049146716,
      0.90045434,
      0,
      -0.8898207,
      0.13893677,
      0.43464473,
      0,
      -1.3751554,
      2.7915738,
      5.033498,
      1
    ]
  },
  {
    "timestamp" : 235463441988,
    "trackingState" : "Normal",
    "transform" : [
      -0.14955792,
      -0.9885466,
      0.02020183,
      0,
      0.44191048,
      -0.048551623,
      0.8957444,
      0,
      -0.8845043,
      0.14289305,
      0.4441104,
      0,
      -1.3753401,
      2.790539,
      5.030534,
      1
    ]
  },
  {
    "timestamp" : 235463458648,
    "trackingState" : "Normal",
    "transform" : [
      -0.15239844,
      -0.98805356,
      0.022908945,
      0,
      0.4530993,
      -0.04924875,
      0.89009863,
      0,
      -0.87833697,
      0.14602965,
      0.45519188,
      0,
      -1.375617,
      2.7894633,
      5.0276475,
      0.99999994
    ]
  },
  {
    "timestamp" : 235463475308,
    "trackingState" : "Normal",
    "transform" : [
      -0.15573649,
      -0.9874742,
      0.025316224,
      0,
      0.4654219,
      -0.050748564,
      0.88363296,
      0,
      -0.8712801,
      0.14939658,
      0.4674955,
      0,
      -1.3759623,
      2.7883263,
      5.024737,
      1
    ]
  },
  {
    "timestamp" : 235463491969,
    "trackingState" : "Normal",
    "transform" : [
      -0.15912275,
      -0.9868581,
      0.028122645,
      0,
      0.47752142,
      -0.05200212,
      0.87707984,
      0,
      -0.86409104,
      0.15299253,
      0.47952068,
      0,
      -1.3761541,
      2.7871358,
      5.0222697,
      0.9999999
    ]
  },
  {
    "timestamp" : 235463508629,
    "trackingState" : "Normal",
    "transform" : [
      -0.16135024,
      -0.98639613,
      0.03144309,
      0,
      0.48851871,
      -0.052145235,
      0.87099385,
      0,
      -0.85750544,
      0.15589558,
      0.49028665,
      0,
      -1.3766233,
      2.7859986,
      5.0194845,
      0.9999999
    ]
  },
  {
    "timestamp" : 235463525290,
    "trackingState" : "Normal",
    "transform" : [
      -0.16217878,
      -0.98614293,
      0.03492975,
      0,
      0.49906787,
      -0.051435504,
      0.865035,
      0,
      -0.85125166,
      0.1577226,
      0.50049406,
      0,
      -1.377348,
      2.784911,
      5.016447,
      0.99999994
    ]
  },
  {
    "timestamp" : 235463541950,
    "trackingState" : "Normal",
    "transform" : [
      -0.1627434,
      -0.9859314,
      0.03813221,
      0,
      0.5099158,
      -0.050957683,
      0.8587138,
      0,
      -0.84468967,
      0.15919417,
      0.511035,
      0,
      -1.3781912,
      2.7838497,
      5.013318,
      1
    ]
  },
  {
    "timestamp" : 235463558610,
    "trackingState" : "Normal",
    "transform" : [
      -0.16443586,
      -0.98553014,
      0.04112535,
      0,
      0.5212777,
      -0.051428862,
      0.8518361,
      0,
      -0.83739513,
      0.1615101,
      0.5221917,
      0,
      -1.379063,
      2.782784,
      5.0101295,
      0.99999994
    ]
  },
  {
    "timestamp" : 235463575271,
    "trackingState" : "Normal",
    "transform" : [
      -0.16739772,
      -0.9849019,
      0.044116855,
      0,
      0.53257954,
      -0.052680742,
      0.84473896,
      0,
      -0.829661,
      0.16490309,
      0.5333573,
      0,
      -1.3799646,
      2.7817092,
      5.0068936,
      1
    ]
  },
  {
    "timestamp" : 235463591931,
    "trackingState" : "Normal",
    "transform" : [
      -0.17117125,
      -0.9841047,
      0.04731326,
      0,
      0.5434852,
      -0.054258917,
      0.8376634,
      0,
      -0.8217813,
      0.16909795,
      0.54413384,
      0,
      -1.3810908,
      2.7806482,
      5.004257,
      0.99999994
    ]
  },
  {
    "timestamp" : 235463608592,
    "trackingState" : "Normal",
    "transform" : [
      -0.17481093,
      -0.9832936,
      0.050744392,
      0,
      0.5540362,
      -0.055631064,
      0.8306318,
      0,
      -0.813932,
      0.17331772,
      0.5545051,
      0,
      -1.38228,
      2.7796023,
      5.0013404,
      1
    ]
  },
  {
    "timestamp" : 235463625252,
    "trackingState" : "Normal",
    "transform" : [
      -0.17743476,
      -0.98263735,
      0.05423054,
      0,
      0.5650204,
      -0.056597967,
      0.8231335,
      0,
      -0.80577236,
      0.17669383,
      0.56525254,
      0,
      -1.3835713,
      2.7785826,
      4.9982023,
      1
    ]
  },
  {
    "timestamp" : 235463641912,
    "trackingState" : "Normal",
    "transform" : [
      -0.17897286,
      -0.98216784,
      0.057575513,
      0,
      0.57615006,
      -0.057191398,
      0.8153405,
      0,
      -0.7975086,
      0.17909594,
      0.5761118,
      0,
      -1.3849977,
      2.7775943,
      4.9950166,
      0.99999994
    ]
  },
  {
    "timestamp" : 235463658573,
    "trackingState" : "Normal",
    "transform" : [
      -0.1801823,
      -0.9817589,
      0.060695726,
      0,
      0.5865205,
      -0.057698414,
      0.80787677,
      0,
      -0.7896381,
      0.18116432,
      0.58621794,
      0,
      -1.3865343,
      2.7766504,
      4.9918394,
      1
    ]
  },
  {
    "timestamp" : 235463675233,
    "trackingState" : "Normal",
    "transform" : [
      -0.1817923,
      -0.98127264,
      0.06368443,
      0,
      0.5962168,
      -0.05849153,
      0.80069,
      0,
      -0.7819702,
      0.18352897,
      0.59568465,
      0,
      -1.388143,
      2.775744,
      4.9886894,
      1
    ]
  },
  {
    "timestamp" : 235463691894,
    "trackingState" : "Normal",
    "transform" : [
      -0.18407947,
      -0.980641,
      0.06676873,
      0,
      0.60604835,
      -0.059758287,
      0.79318,
      0,
      -0.7738349,
      0.18647319,
      0.60531616,
      0,
      -1.389625,
      2.7748802,
      4.9860077,
      0.99999994
    ]
  },
  {
    "timestamp" : 235463708554,
    "trackingState" : "Normal",
    "transform" : [
      -0.18669477,
      -0.9799557,
      0.06951273,
      0,
      0.6162551,
      -0.06171239,
      0.7851251,
      0,
      -0.76509804,
      0.18941629,
      0.61542404,
      0,
      -1.3912379,
      2.7740562,
      4.983209,
      1
    ]
  },
  {
    "timestamp" : 235463725214,
    "trackingState" : "Normal",
    "transform" : [
      -0.18946178,
      -0.9792648,
      0.07172743,
      0,
      0.62694854,
      -0.064430125,
      0.77639204,
      0,
      -0.755672,
      0.19206598,
      0.62615556,
      0,
      -1.3929883,
      2.77325,
      4.9802976,
      1
    ]
  },
  {
    "timestamp" : 235463741875,
    "trackingState" : "Normal",
    "transform" : [
      -0.1927403,
      -0.9784318,
      0.074312225,
      0,
      0.63782054,
      -0.06737207,
      0.7672326,
      0,
      -0.7456783,
      0.1952745,
      0.6370493,
      0,
      -1.3948845,
      2.7724235,
      4.977266,
      0.99999994
    ]
  },
  {
    "timestamp" : 235463758535,
    "trackingState" : "Normal",
    "transform" : [
      -0.19581212,
      -0.97749555,
      0.07848597,
      0,
      0.64881456,
      -0.069124654,
      0.75780034,
      0,
      -0.7353212,
      0.19930933,
      0.64774877,
      0,
      -1.3970002,
      2.771585,
      4.9740605,
      0.9999999
    ]
  },
  {
    "timestamp" : 235463775196,
    "trackingState" : "Normal",
    "transform" : [
      -0.19695972,
      -0.97684234,
      0.08358218,
      0,
      0.659841,
      -0.06902189,
      0.7482286,
      0,
      -0.72513235,
      0.2025218,
      0.65815514,
      0,
      -1.3993953,
      2.7707975,
      4.9707756,
      1
    ]
  },
  {
    "timestamp" : 235463791856,
    "trackingState" : "Normal",
    "transform" : [
      -0.19561066,
      -0.9767247,
      0.08800731,
      0,
      0.6712282,
      -0.06791915,
      0.73813254,
      0,
      -0.71497494,
      0.20345956,
      0.668891,
      0,
      -1.4007248,
      2.7689521,
      4.967523,
      0.9999999
    ]
  },
  {
    "timestamp" : 235463808516,
    "trackingState" : "Normal",
    "transform" : [
      -0.19283138,
      -0.9769684,
      0.09137252,
      0,
      0.6828008,
      -0.06672397,
      0.72755146,
      0,
      -0.704698,
      0.20268396,
      0.67994136,
      0,
      -1.4027455,
      2.7676246,
      4.9643874,
      1
    ]
  },
  {
    "timestamp" : 235463825177,
    "trackingState" : "Normal",
    "transform" : [
      -0.19067559,
      -0.9771591,
      0.093824655,
      0,
      0.694086,
      -0.06661291,
      0.71680355,
      0,
      -0.69418114,
      0.20179929,
      0.690934,
      0,
      -1.405223,
      2.7667067,
      4.9613338,
      0.99999994
    ]
  },
  {
    "timestamp" : 235463841837,
    "trackingState" : "Normal",
    "transform" : [
      -0.19084664,
      -0.9768495,
      0.09665829,
      0,
      0.70488405,
      -0.06784792,
      0.7060703,
      0,
      -0.6831663,
      0.20288399,
      0.7015141,
      0,
      -1.4077461,
      2.7658958,
      4.9582667,
      1
    ]
  },
  {
    "timestamp" : 235463858498,
    "trackingState" : "Normal",
    "transform" : [
      -0.19267203,
      -0.9760962,
      0.10056649,
      0,
      0.7152086,
      -0.06952416,
      0.69544446,
      0,
      -0.671829,
      0.2059187,
      0.7115078,
      0,
      -1.4102492,
      2.7651107,
      4.9551473,
      0.9999999
    ]
  },
  {
    "timestamp" : 235463875158,
    "trackingState" : "Normal",
    "transform" : [
      -0.19421598,
      -0.97535205,
      0.104730584,
      0,
      0.7245543,
      -0.070659816,
      0.68558604,
      0,
      -0.66128755,
      0.20903476,
      0.7204188,
      0,
      -1.412812,
      2.7643661,
      4.9520445,
      0.99999994
    ]
  },
  {
    "timestamp" : 235463891818,
    "trackingState" : "Normal",
    "transform" : [
      -0.19472425,
      -0.97485673,
      0.10833775,
      0,
      0.7332943,
      -0.071330026,
      0.6761597,
      0,
      -0.65143096,
      0.21110807,
      0.7287465,
      0,
      -1.4146624,
      2.7634077,
      4.948931,
      1
    ]
  },
  {
    "timestamp" : 235463908479,
    "trackingState" : "Normal",
    "transform" : [
      -0.19493891,
      -0.9744728,
      0.111361906,
      0,
      0.74182314,
      -0.07220887,
      0.66669655,
      0,
      -0.64163643,
      0.21257593,
      0.73696285,
      0,
      -1.4169604,
      2.7625911,
      4.945925,
      0.9999999
    ]
  },
  {
    "timestamp" : 235463925139,
    "trackingState" : "Normal",
    "transform" : [
      -0.19551742,
      -0.9740121,
      0.114339635,
      0,
      0.75030875,
      -0.0734882,
      0.6569903,
      0,
      -0.63151395,
      0.21424305,
      0.7451781,
      0,
      -1.4196305,
      2.7618878,
      4.942986,
      1
    ]
  },
  {
    "timestamp" : 235463941800,
    "trackingState" : "Normal",
    "transform" : [
      -0.19681647,
      -0.97333896,
      0.11779047,
      0,
      0.7592235,
      -0.07528798,
      0.64646083,
      0,
