[
  {
    "timestamp" : 235478736225,
    "transform" : [
      -0.07383419,
      -0.84729016,
      -0.5259735,
      0,
      -0.9858514,
      -0.017573116,
      0.1666986,
      0,
      -0.1504851,
      0.5308397,
      -0.8340047,
      0,
      -2.1213372,
      2.5162683,
      3.1727502,
      1
    ],
    "trackingState" : "Normal"
  },
  {
    "timestamp" : 235478752885,
    "transform" : [
      -0.07185468,
      -0.8475365,
      -0.5258508,
      0,
      -0.98664147,
      -0.016882738,
      0.1620299,
      0,
      -0.14620408,
      0.53046864,
      -0.8350015,
      0,
      -2.1209278,
      2.5167289,
      3.1737773,
      1
    ],
    "trackingState" : "Normal"
  },
  {
    "timestamp" : 235478769546,
    "transform" : [
      -0.06989735,
      -0.8482789,
      -0.5249167,
      0,
      -0.9871705,
      -0.016907275,
      0.15877314,
      0,
      -0.14355883,
      0.52928,
      -0.836214,
      0,
      -2.1204689,
      2.5173132,
      3.1748602,
      1
    ],
    "trackingState" : "Normal"
  },
  {
    "timestamp" : 235478786206,
    "transform" : [
      -0.0679542,
      -0.8501712,
      -0.5221026,
      0,
      -0.9875086,
      -0.01724978,
      0.15661791,
      0,
      -0.14215823,
      0.5262236,
      -0.83837926,
      0,
      -2.1199539,
      2.5180604,
      3.175928,
      0.99999994
    ],
    "trackingState" : "Normal"
  },
  {
    "timestamp" : 235478802866,
    "transform" : [
      -0.06611794,
      -0.85296255,
      -0.51776797,
      0,
      -0.98792684,
      -0.016900394,
      0.1539977,
      0,
      -0.14010479,
      0.5216987,
      -0.8415471,
      0,
      -2.1191168,
      2.518625,
      3.1772265,
      1
    ],
    "trackingState" : "Normal"
  },
  {
    "timestamp" : 235478819527,
    "transform" : [
      -0.06479942,
      -0.8561588,
      -0.51263374,
      0,
      -0.9887737,
      -0.014224666,
      0.14874269,
      0,
      -0.13463943,
      0.5165171,
      -0.8456255,
      0,
      -2.118406,
      2.5195365,
      3.1784768,
      0.99999994
    ],
    "trackingState" : "Normal"
  },
  {
    "timestamp" : 235478836187,
    "transform" : [
      -0.06417929,
      -0.86019784,
      -0.505906,
      0,
      -0.9901192,
      -0.008449576,
      0.13997352,
      0,
      -0.124679625,
      0.5098906,
      -0.85115623,
      0,
      -2.117645,
      2.5207055,
      3.179687,
      0.99999994
    ],
    "trackingState" : "Normal"
  },
  {
    "timestamp" : 235478852848,
    "transform" : [
      -0.06370089,
      -0.865067,
      -0.49759576,
      0,
      -0.9913475,
      -0.0024909673,
      0.1312402,
      0,
      -0.11477107,
      0.5016504,
      -0.8574233,
      0,
      -2.1167784,
      2.5220892,
      3.1808426,
      1
    ],
    "trackingState" : "Normal"
  },
  {
    "timestamp" : 235478869508,
    "transform" : [
      -0.06323684,
      -0.87013793,
      -0.48873445,
      0,
      -0.99188435,
      0.00067222124,
      0.12714207,
      0,
      -0.1103026,
      0.49280804,
      -0.86311865,
      0,
      -2.1158168,
      2.5236216,
      3.1819944,
      1
    ],
    "trackingState" : "Normal"
  },
  {
    "timestamp" : 235478886168,
    "transform" : [
      -0.062170118,
      -0.87499917,
      -0.4801162,
      0,
      -0.9917537,
      0.0001445576,
      0.12815845,
      0,
      -0.11206913,
      0.48412463,
      -0.86779267,
      0,
      -2.1148138,
      2.5252354,
      3.1832495,
      1
    ],
    "trackingState" : "Normal"
  },
  {
    "timestamp" : 235478902829,
    "transform" : [
      -0.060628485,
      -0.8793699,
      -0.47226337,
      0,
      -0.991503,
      -0.0014968746,
      0.13007492,
      0,
      -0.115090914,
      0.4761368,
      -0.8718073,
      0,
      -2.1140308,
      2.5272756,
      3.184835,
      0.99999994
    ],
    "trackingState" : "Normal"
  },
  {
    "timestamp" : 235478919489,
    "transform" : [
      -0.059264325,
      -0.88406205,
      -0.46359682,
      0,
      -0.9914594,
      -0.0019173584,
      0.13040045,
      0,
      -0.116170995,
      0.4673656,
      -0.87639815,
      0,
      -2.1129417,
      2.5292547,
      3.1862762,
      0.99999994
    ],
    "trackingState" : "Normal"
  },
  {
    "timestamp" : 235478936149,
    "transform" : [
      -0.058720134,
      -0.8895314,
      -0.45308506,
      0,
      -0.9915512,
      -0.00061588024,
      0.12971486,
      0,
      -0.11566449,
      0.45687383,
      -0.88197976,
      0,
      -2.1116378,
      2.5313144,
      3.1876252,
      1
    ],
    "trackingState" : "Normal"
  },
  {
    "timestamp" : 235478952810,
    "transform" : [
      -0.059046414,
      -0.89526564,
      -0.44160283,
      0,
      -0.99155295,
      0.0014229795,
      0.12969504,
      0,
      -0.115483135,
      0.44553056,
      -0.8877874,
      0,
      -2.1101522,
      2.5334358,
      3.1889684,
      1
    ],
    "trackingState" : "Normal"
  },
  {
    "timestamp" : 235478969470,
    "transform" : [
      -0.05937756,
      -0.9003638,
      -0.43106797,
      0,
      -0.99135727,
      0.0025803621,
      0.13116518,
      0,
      -0.11698406,
      0.43513057,
      -0.8927353,
      0,
      -2.1085515,
      2.5355697,
      3.1904378,
      1
    ],
    "trackingState" : "Normal"
  },
  {
    "timestamp" : 235478986131,
    "transform" : [
      -0.059047982,
      -0.9043987,
      -0.4225831,
      0,
      -0.9910065,
      0.0021856653,
      0.13379668,
      0,
      -0.12008193,
      0.42668295,
      -0.8963941,
      0,
      -2.1069005,
      2.537733,
      3.1921082,
      1
    ],
    "trackingState" : "Normal"
  },
  {
    "timestamp" : 235479002791,
    "transform" : [
      -0.057431776,
      -0.90756136,
      -0.41597372,
      0,
      -0.990636,
      0.00011152625,
      0.1365297,
      0,
      -0.12386269,
      0.41991964,
      -0.8990694,
      0,
      -2.1052663,
      2.540059,
      3.1938334,
      1
    ],
    "trackingState" : "Normal"
  },
  {
    "timestamp" : 235479019451,
    "transform" : [
      -0.054817192,
      -0.91015106,
      -0.410634,
      0,
      -0.9904313,
      -0.002601417,
      0.13798256,
      0,
      -0.12665322,
      0.4142685,
      -0.9012996,
      0,
      -2.1037195,
      2.5424063,
      3.1958084,
      1
    ],
    "trackingState" : "Normal"
  },
  {
    "timestamp" : 235479036112,
    "transform" : [
      -0.05177704,
      -0.91290545,
      -0.40487403,
      0,
      -0.9905679,
      -0.0045542363,
      0.13694696,
      0,
      -0.12686352,
      0.40814587,
      -0.9040591,
      0,
      -2.1022022,
      2.5448537,
      3.1978457,
      1
    ],
    "trackingState" : "Normal"
  },
  {
    "timestamp" : 235479052772,
    "transform" : [
      -0.049230944,
      -0.9162564,
      -0.39755577,
      0,
      -0.990869,
      -0.0052171336,
      0.13472737,
      0,
      -0.12551893,
      0.4005584,
      -0.9076332,
      0,
      -2.1006033,
      2.5474253,
      3.199827,
      0.9999999
    ],
    "trackingState" : "Normal"
  },
  {
    "timestamp" : 235479069433,
    "transform" : [
      -0.04808828,
      -0.9202422,
      -0.3883838,
      0,
      -0.9909506,
      -0.004830237,
      0.13414076,
      0,
      -0.12531798,
      0.3913197,
      -0.9116823,
      0,
      -2.0988557,
      2.550107,
      3.2017045,
      1
    ],
    "trackingState" : "Normal"
  },
  {
    "timestamp" : 235479086093,
    "transform" : [
      -0.04768503,
      -0.9247668,
      -0.37753505,
      0,
      -0.99068034,
      -0.004492544,
      0.13613354,
      0,
      -0.12758788,
      0.38050804,
      -0.91593415,
      0,
      -2.096993,
      2.55287,
      3.2034872,
      1
    ],
    "trackingState" : "Normal"
  },
  {
    "timestamp" : 235479102753,
    "transform" : [
      -0.04691625,
      -0.9290816,
      -0.3668874,
      0,
      -0.9902179,
      -0.005059687,
      0.13943833,
      0,
      -0.13140592,
      0.36984032,
      -0.9197558,
      0,
      -2.0950906,
      2.5556796,
      3.2052643,
      1
    ],
    "trackingState" : "Normal"
  },
  {
    "timestamp" : 235479119414,
    "transform" : [
      -0.045428768,
      -0.93289775,
      -0.35726473,
      0,
      -0.9896302,
      -0.0067558573,
      0.14347963,
      0,
      -0.13626546,
      0.360078,
      -0.922917,
      0,
      -2.0928516,
      2.5583246,
      3.2064688,
      1
    ],
    "trackingState" : "Normal"
  },
  {
    "timestamp" : 235479136074,
    "transform" : [
      -0.043677375,
      -0.9364082,
      -0.3481839,
      0,
      -0.9890739,
      -0.008588492,
      0.14717074,
      0,
      -0.14080228,
      0.35080758,
      -0.9258019,
      0,
      -2.0908098,
      2.561066,
      3.2080956,
      1
    ],
    "trackingState" : "Normal"
  },
  {
    "timestamp" : 235479152735,
    "transform" : [
      -0.042667378,
      -0.9401573,
      -0.3380592,
      0,
      -0.9885895,
      -0.009198462,
      0.15035394,
      0,
      -0.14446598,
      0.3406169,
      -0.9290372,
      0,
      -2.0887315,
      2.5638394,
      3.2097757,
      1
    ],
    "trackingState" : "Normal"
  },
  {
    "timestamp" : 235479169395,
    "transform" : [
      -0.042501774,
      -0.94417804,
      -0.3266825,
      0,
      -0.9880402,
      -0.008788622,
      0.15394606,
      0,
      -0.14822356,
      0.32931843,
      -0.93251246,
      0,
      -2.0865555,
      2.5665965,
      3.2114303,
      1
    ],
    "trackingState" : "Normal"
  },
  {
    "timestamp" : 235479186055,
    "transform" : [
      -0.041993678,
      -0.94750535,
      -0.3169701,
      0,
      -0.9871807,
      -0.009545749,
      0.15932098,
      0,
      -0.15398324,
      0.3195972,
      -0.93495816,
      0,
      -2.08434,
      2.5692527,
      3.21324,
      0.99999994
    ],
    "trackingState" : "Normal"
  },
  {
    "timestamp" : 235479202716,
    "transform" : [
      -0.040404323,
      -0.9497474,
      -0.310399,
      0,
      -0.9861784,
      -0.012052701,
      0.16524822,
      0,
      -0.16068526,
      0.3127855,
      -0.93613344,
      0,
      -2.0821567,
      2.571698,
      3.2150533,
      1
    ],
    "trackingState" : "Normal"
  },
  {
    "timestamp" : 235479219376,
    "transform" : [
      -0.037881184,
      -0.9516791,
      -0.3047488,
      0,
      -0.9855565,
      -0.014791621,
      0.16869935,
      0,
      -0.1650554,
      0.3067377,
      -0.9373733,
      0,
      -2.0800524,
      2.5741713,
      3.2171137,
      0.9999999
    ],
    "trackingState" : "Normal"
  },
  {
    "timestamp" : 235479236036,
    "transform" : [
      -0.0350279,
      -0.9537515,
      -0.2985486,
      0,
      -0.9852106,
      -0.017182717,
      0.17048442,
      0,
      -0.16772968,
      0.30010492,
      -0.9390442,
      0,
      -2.0779703,
      2.5766718,
      3.2192225,
      1
    ],
    "trackingState" : "Normal"
  },
  {
    "timestamp" : 235479252697,
    "transform" : [
      -0.03280604,
      -0.95610434,
      -0.2911843,
      0,
      -0.98476404,
      -0.018858807,
      0.17287056,
      0,
      -0.17077368,
      0.29241896,
      -0.9409185,
      0,
      -2.0758266,
      2.5791652,
      3.221273,
      1
    ],
    "trackingState" : "Normal"
  },
  {
    "timestamp" : 235479269357,
    "transform" : [
      -0.030721989,
      -0.9581976,
      -0.28445324,
      0,
      -0.9839763,
      -0.021013133,
      0.177057,
      0,
      -0.17563286,
      0.28533477,
      -0.9421982,
      0,
      -2.0736353,
      2.581607,
      3.2233999,
      1
    ],
    "trackingState" : "Normal"
  },
  {
    "timestamp" : 235479286018,
    "transform" : [
      -0.028238628,
      -0.9598638,
      -0.27904162,
      0,
      -0.9829895,
      -0.024014918,
      0.1820851,
      0,
      -0.18147807,
      0.2794368,
      -0.94285786,
      0,
      -2.0714366,
      2.584015,
      3.2256145,
      1
    ],
    "trackingState" : "Normal"
  },
  {
    "timestamp" : 235479302678,
    "transform" : [
      -0.024883479,
      -0.9613724,
      -0.2741243,
      0,
      -0.98192644,
      -0.027958669,
      0.18718676,
      0,
      -0.18762033,
      0.2738277,
      -0.94330126,
      0,
      -2.0693233,
      2.5864875,
      3.22756,
      0.99999994
    ],
    "trackingState" : "Normal"
  },
  {
    "timestamp" : 235479319338,
    "transform" : [
      -0.021121616,
      -0.96287316,
      -0.26912674,
      0,
      -0.9809068,
      -0.032094996,
      0.19181201,
      0,
      -0.1933283,
      0.2680396,
      -0.943811,
      0,
      -2.067222,
      2.5889761,
      3.2297509,
      1
    ],
    "trackingState" : "Normal"
  },
  {
    "timestamp" : 235479335999,
    "transform" : [
      -0.017489001,
      -0.96444994,
      -0.2636863,
      0,
      -0.9800273,
      -0.03571473,
      0.19562933,
      0,
      -0.19809219,
      0.2618411,
      -0.9445628,
      0,
      -2.0650818,
      2.5915189,
      3.2320015,
      0.99999994
    ],
    "trackingState" : "Normal"
  },
  {
    "timestamp" : 235479352659,
    "transform" : [
      -0.015398883,
      -0.96637565,
      -0.25667316,
      0,
      -0.97956157,
      -0.036908783,
      0.19772968,
      0,
      -0.20055465,
      0.25447193,
      -0.94605607,
      0,
      -2.0628111,
      2.5941603,
      3.2341657,
      1
    ],
    "trackingState" : "Normal"
  },
  {
    "timestamp" : 235479369319,
    "transform" : [
      -0.013788301,
      -0.9684559,
      -0.24880308,
      0,
      -0.9790877,
      -0.03743278,
      0.1999652,
      0,
      -0.2029709,
      0.2463572,
      -0.9476872,
      0,
      -2.060451,
      2.5968492,
      3.2362785,
      0.9999999
    ],
    "trackingState" : "Normal"
  },
  {
    "timestamp" : 235479385980,
    "transform" : [
      -0.012499751,
      -0.97016525,
      -0.2421223,
      0,
      -0.97822964,
      -0.038298473,
      0.2039609,
      0,
      -0.20714872,
      0.23940064,
      -0.9485658,
      0,
      -2.0580463,
      2.5995376,
      3.2384412,
      1
    ],
    "trackingState" : "Normal"
  },
  {
    "timestamp" : 235479402640,
    "transform" : [
      -0.011516462,
      -0.97180873,
      -0.23548931,
      0,
      -0.9773015,
      -0.038882967,
      0.20825513,
      0,
      -0.21154071,
      0.23254238,
      -0.9493023,
      0,
      -2.055439,
      2.602322,
      3.2408473,
      1
    ],
    "trackingState" : "Normal"
  },
  {
    "timestamp" : 235479419301,
    "transform" : [
      -0.010639985,
      -0.97384316,
      -0.22697191,
      0,
      -0.9765689,
      -0.038671155,
      0.21170159,
      0,
      -0.21494146,
      0.2239062,
      -0.9506136,
      0,
      -2.0529664,
      2.605151,
      3.2429113,
      0.99999994
    ],
    "trackingState" : "Normal"
  },
  {
    "timestamp" : 235479435961,
    "transform" : [
      -0.010164197,
      -0.9761003,
      -0.21708313,
      0,
      -0.97576463,
      -0.037774656,
      0.21553826,
      0,
      -0.21858722,
      0.21401277,
      -0.9520602,
      0,
      -2.050515,
      2.6080117,
      3.2447996,
      1.0000001
    ],
    "trackingState" : "Normal"
  },
  {
    "timestamp" : 235479452621,
    "transform" : [
      -0.00980989,
      -0.9780318,
      -0.2082243,
      0,
      -0.974695,
      -0.03715334,
      0.22042961,
      0,
      -0.22332346,
      0.20511757,
      -0.9529184,
      0,
      -2.0480454,
      2.6108394,
      3.246705,
      0.9999998
    ],
    "trackingState" : "Normal"
  },
  {
    "timestamp" : 235479469282,
    "transform" : [
      -0.009119826,
      -0.9793728,
      -0.20185587,
      0,
      -0.973302,
      -0.03760497,
      0.22642711,
      0,
      -0.22934735,
      0.19853166,
      -0.95288265,
      0,
      -2.0455556,
      2.6135948,
      3.2487338,
      1
    ],
    "trackingState" : "Normal"
  },
  {
    "timestamp" : 235479485942,
    "transform" : [
      -0.008398538,
      -0.98018676,
      -0.19789773,
      0,
      -0.97158325,
      -0.03881708,
      0.2334937,
      0,
      -0.23654924,
      0.19423512,
      -0.9520071,
      0,
      -2.0430381,
      2.6162596,
      3.2508745,
      1
    ],
    "trackingState" : "Normal"
  },
  {
    "timestamp" : 235479502603,
    "transform" : [
      -0.008084578,
      -0.980962,
      -0.1940316,
      0,
      -0.96996284,
      -0.039482877,
      0.24002765,
      0,
      -0.24311896,
      0.19014394,
      -0.95117754,
      0,
      -2.0405009,
      2.6188912,
      3.2529547,
      1
    ],
    "trackingState" : "Normal"
  },
  {
    "timestamp" : 235479519263,
    "transform" : [
      -0.007883106,
      -0.9821674,
      -0.1878431,
      0,
      -0.9686951,
      -0.03911151,
      0.24515341,
      0,
      -0.24812856,
      0.18389523,
      -0.95111245,
      0,
      -2.037986,
      2.6216025,
      3.2556581,
      0.99999994
    ],
    "trackingState" : "Normal"
  },
  {
    "timestamp" : 235479535923,
    "transform" : [
      -0.007831521,
      -0.9835627,
      -0.1803967,
      0,
      -0.9672749,
      -0.038301975,
      0.2508229,
      0,
      -0.25360966,
      0.17645752,
      -0.9510757,
      0,
      -2.035476,
      2.624265,
      3.2576525,
      0.9999999
    ],
    "trackingState" : "Normal"
  },
  {
    "timestamp" : 235479552584,
    "transform" : [
      -0.0076161497,
      -0.98476577,
      -0.17371918,
      0,
      -0.9652608,
      -0.03813409,
      0.2584903,
      0,
      -0.26117706,
      0.169653,
      -0.95026547,
      0,
      -2.032998,
      2.6268692,
      3.2594686,
      0.9999999
    ],
    "trackingState" : "Normal"
  },
  {
    "timestamp" : 235479569244,
    "transform" : [
      -0.006591845,
      -0.985754,
      -0.1680645,
      0,
      -0.96292895,
      -0.039067384,
      0.26691127,
      0,
      -0.26967472,
      0.16359359,
      -0.94895357,
      0,
      -2.0305996,
      2.6294177,
      3.2612522,
      1
    ],
    "trackingState" : "Normal"
  },
  {
    "timestamp" : 235479585904,
    "transform" : [
      -0.005276267,
      -0.986633,
      -0.162873,
      0,
      -0.96057856,
      -0.040272553,
      0.2750763,
      0,
      -0.2779587,
      0.15790367,
      -0.94752604,
      0,
      -2.0282469,
      2.6319103,
      3.2630117,
      1
    ],
    "trackingState" : "Normal"
  },
  {
    "timestamp" : 235479602565,
    "transform" : [
      -0.0042082416,
      -0.9875185,
      -0.15744683,
      0,
      -0.95838493,
      -0.040960822,
      0.2825252,
      0,
      -0.28544804,
      0.15208358,
      -0.9462505,
      0,
      -2.0258226,
      2.634209,
      3.2652512,
      0.9999999
    ],
    "trackingState" : "Normal"
  },
  {
    "timestamp" : 235479619225,
    "transform" : [
      -0.004030617,
      -0.98833877,
      -0.15221849,
      0,
      -0.95642877,
      -0.040629026,
      0.28912544,
      0,
      -0.29193836,
      0.14675146,
      -0.9451118,
      0,
      -2.023414,
      2.6365592,
      3.267065,
      1
    ],
    "trackingState" : "Normal"
  },
  {
    "timestamp" : 235479635886,
    "transform" : [
      -0.003573832,
      -0.98912764,
      -0.14701596,
      0,
      -0.9546073,
      -0.04041409,
      0.29511285,
      0,
      -0.29784584,
      0.14139718,
      -0.9440841,
      0,
      -2.021075,
      2.638923,
      3.2686994,
      0.99999994
    ],
    "trackingState" : "Normal"
  },
  {
    "timestamp" : 235479652546,
    "transform" : [
      -0.002411817,
      -0.9899097,
      -0.1416798,
      0,
      -0.95268625,
      -0.040788744,
      0.30120653,
      0,
      -0.3039462,
      0.13570283,
      -0.94297487,
      0,
      -2.0188522,
      2.6412985,
      3.2702434,
      1
    ],
    "trackingState" : "Normal"
  },
  {
    "timestamp" : 235479669206,
    "transform" : [
      -0.0011331127,
      -0.9907219,
      -0.13590084,
      0,
      -0.9506845,
      -0.041083507,
      0.30742687,
      0,
      -0.31015784,
      0.12954713,
      -0.94181734,
      0,
      -2.0166934,
      2.643675,
      3.2716806,
      1
    ],
    "trackingState" : "Normal"
  },
  {
    "timestamp" : 235479685867,
    "transform" : [
      -8.047704e-05,
      -0.9916282,
      -0.1291257,
      0,
      -0.9486024,
      -0.040788773,
      0.313831,
      0,
      -0.31647062,
      0.12251417,
      -0.9406576,
      0,
      -2.0145013,
      2.6460507,
      3.2729533,
      0.9999999
    ],
    "trackingState" : "Normal"
  },
  {
    "timestamp" : 235479702527,
    "transform" : [
      0.00036702235,
      -0.9925392,
      -0.1219248,
      0,
      -0.94607645,
      -0.039841328,
      0.32148385,
      0,
      -0.32394302,
      0.11523219,
      -0.9390327,
      0,
      -2.0122588,
      2.6484935,
      3.2745304,
      0.9999999
    ],
    "trackingState" : "Normal"
  },
  {
    "timestamp" : 235479719188,
    "transform" : [
      0.0008618864,
      -0.9932868,
      -0.1156749,
      0,
      -0.9428679,
      -0.03934613,
      0.3308354,
      0,
      -0.33316585,
      0.10878099,
      -0.93657213,
      0,
      -2.010002,
      2.6508193,
      3.2758336,
      0.99999994
    ],
    "trackingState" : "Normal"
  },
  {
    "timestamp" : 235479735848,
    "transform" : [
      0.00196409,
      -0.99390084,
      -0.1102607,
      0,
      -0.93947846,
      -0.03960972,
      0.34031087,
      0,
      -0.34260267,
      0.10291913,
      -0.9338262,
      0,
      -2.007796,
      2.653085,
      3.277032,
      1
    ],
    "trackingState" : "Normal"
  },
  {
    "timestamp" : 235479752508,
    "transform" : [
      0.0035374034,
      -0.9944911,
      -0.10476191,
      0,
      -0.93629825,
      -0.040085465,
      0.34891093,
      0,
      -0.35118824,
      0.09685415,
      -0.9312821,
      0,
      -2.0056386,
      2.6553082,
      3.278145,
      1
    ],
    "trackingState" : "Normal"
  },
  {
    "timestamp" : 235479769169,
    "transform" : [
      0.005059574,
      -0.99505365,
      -0.09921089,
      0,
      -0.9330833,
      -0.0403774,
      0.357387,
      0,
      -0.35962513,
      0.09076376,
      -0.9286723,
      0,
      -2.0034587,
      2.6574638,
      3.2791977,
      1
    ],
    "trackingState" : "Normal"
  },
  {
    "timestamp" : 235479785829,
    "transform" : [
      0.0062970524,
      -0.9955031,
      -0.0945193,
      0,
      -0.9295242,
      -0.04067855,
      0.366511,
      0,
      -0.3687078,
      0.08555002,
      -0.92560035,
      0,
      -2.0012279,
      2.6595106,
      3.2802489,
      0.99999994
    ],
    "trackingState" : "Normal"
  },
  {
    "timestamp" : 235479802489,
    "transform" : [
      0.0071478337,
      -0.99582946,
      -0.090953894,
      0,
      -0.9257794,
      -0.040972088,
      0.37583765,
      0,
      -0.37799683,
      0.0815168,
      -0.92221135,
      0,
      -1.999073,
      2.6618252,
      3.280487,
      0.99999994
    ],
    "trackingState" : "Normal"
  },
  {
    "timestamp" : 235479819150,
    "transform" : [
      0.007598171,
      -0.9961816,
      -0.08697447,
      0,
      -0.92221785,
      -0.04060676,
      0.3845328,
      0,
      -0.38659632,
      0.07728765,
      -0.919005,
      0,
      -1.9968591,
      2.6638799,
      3.2811816,
      1
    ],
    "trackingState" : "Normal"
  },
  {
    "timestamp" : 235479835810,
    "transform" : [
      0.007971963,
      -0.99668205,
      -0.08100211,
      0,
      -0.9190964,
      -0.039216146,
      0.3920766,
      0,
      -0.39395234,
      0.07132311,
      -0.9163596,
      0,
      -1.9946699,
      2.6658444,
      3.281891,
      0.99999994
    ],
    "trackingState" : "Normal"
  },
  {
    "timestamp" : 235479852471,
    "transform" : [
      0.008312244,
      -0.99724895,
      -0.073658735,
      0,
      -0.9164968,
      -0.03705998,
      0.39832193,
      0,
      -0.39995596,
      0.06419703,
      -0.9142836,
      0,
      -1.9925216,
      2.6677532,
      3.2825568,
      0.99999994
    ],
    "trackingState" : "Normal"
  },
  {
    "timestamp" : 235479869131,
    "transform" : [
      0.008616684,
      -0.9976784,
      -0.06755502,
      0,
      -0.91413164,
      -0.035242926,
      0.40388298,
      0,
      -0.4053262,
      0.058274046,
      -0.91231316,
      0,
      -1.990414,
      2.6696005,
      3.2832947,
      0.99999994
    ],
    "trackingState" : "Normal"
  },
  {
    "timestamp" : 235479885791,
    "transform" : [
      0.009541295,
      -0.9978985,
      -0.06408934,
      0,
      -0.9117235,
      -0.03500501,
      0.40931034,
      0,
      -0.41069368,
      0.054526404,
      -0.9101416,
      0,
      -1.9883938,
      2.6713848,
      3.2841573,
      0.9999999
    ],
    "trackingState" : "Normal"
  },
  {
    "timestamp" : 235479902452,
    "transform" : [
      0.011474255,
      -0.99797004,
      -0.06264219,
      0,
      -0.90896016,
      -0.03651784,
      0.41528043,
      0,
      -0.41672504,
      0.052174214,
      -0.9075341,
      0,
      -1.9872229,
      2.6731663,
      3.285699,
      0.99999994
    ],
    "trackingState" : "Normal"
  },
  {
    "timestamp" : 235479919112,
    "transform" : [
      0.013717967,
      -0.9980328,
      -0.06117524,
      0,
      -0.9062444,
      -0.038263053,
      0.4210193,
      0,
      -0.42253184,
      0.04966418,
      -0.9049865,
      0,
      -1.985675,
      2.674853,
      3.286831,
      1
    ],
    "trackingState" : "Normal"
  },
  {
    "timestamp" : 235479935773,
    "transform" : [
      0.015910367,
      -0.9981818,
      -0.058138005,
      0,
      -0.90365815,
      -0.039242003,
      0.42645308,
      0,
      -0.4279592,
      0.045751844,
      -0.9026395,
      0,
      -1.9839708,
      2.6764472,
      3.2877092,
      1
    ],
    "trackingState" : "Normal"
  },
  {
    "timestamp" : 235479952433,
    "transform" : [
      0.017590145,
      -0.99829066,
      -0.055735,
      0,
      -0.9007787,
      -0.040014766,
      0.43243113,
      0,
      -0.43392223,
      0.042598363,
      -0.89994293,
      0,
      -1.9822165,
      2.677944,
      3.288572,
      1
    ],
    "trackingState" : "Normal"
  },
  {
    "timestamp" : 235479969093,
    "transform" : [
      0.01874767,
      -0.9983217,
      -0.054794934,
      0,
      -0.89785767,
      -0.04092242,
      0.43838003,
      0,
      -0.43988663,
      0.040979445,
      -0.897118,
      0,
      -1.9804361,
      2.679333,
      3.2894666,
      1
    ],
    "trackingState" : "Normal"
  },
  {
    "timestamp" : 235479985754,
    "transform" : [
      0.019420905,
      -0.9983354,
      -0.054307174,
      0,
      -0.89536947,
      -0.04153689,
      0.44338292,
      0,
      -0.44490063,
      0.040014073,
      -0.89468575,
      0,
      -1.9786599,
      2.6806695,
      3.2903018,
      1
    ],
    "trackingState" : "Normal"
  },
  {
    "timestamp" : 235480002414,
    "transform" : [
      0.020176606,
      -0.998395,
      -0.05291699,
      0,
      -0.89326286,
      -0.041775133,
      0.44758934,
      0,
      -0.44908166,
      0.038237944,
      -0.89267224,
      0,
      -1.9769189,
      2.6819928,
      3.2909796,
      0.99999994
    ],
    "trackingState" : "Normal"
  },
  {
    "timestamp" : 235480019074,
    "transform" : [
      0.020915247,
      -0.99850965,
      -0.050410043,
      0,
      -0.8911426,
      -0.04147673,
      0.45182377,
      0,
      -0.45324126,
      0.03547252,
      -0.89068204,
      0,
      -1.9750664,
      2.6828258,
      3.2917035,
      1
    ],
    "trackingState" : "Normal"
  },
  {
    "timestamp" : 235480035735,
    "transform" : [
      0.021994343,
      -0.9986034,
      -0.04803591,
      0,
      -0.88858414,
      -0.041546006,
      0.45682827,
      0,
      -0.45818603,
      0.032636307,
      -0.888257,
      0,
      -1.9733504,
      2.6839626,
      3.2921948,
      0.9999999
    ],
    "trackingState" : "Normal"
  },
  {
    "timestamp" : 235480052395,
    "transform" : [
      0.023226356,
      -0.9986422,
      -0.0466312,
      0,
      -0.8855474,
      -0.042198256,
      0.46262854,
      0,
      -0.46396816,
      0.030548962,
      -0.88532525,
      0,
      -1.9717033,
      2.6851604,
      3.292617,
      1
    ],
    "trackingState" : "Normal"
  },
  {
    "timestamp" : 235480069056,
    "transform" : [
      0.02488919,
      -0.99864537,
      -0.045695193,
      0,
      -0.882708,
      -0.043410048,
      0.4679127,
      0,
      -0.4692625,
      0.02868954,
      -0.88259274,
      0,
      -1.9701399,
      2.6863525,
      3.2929826,
      0.99999994
    ],
    "trackingState" : "Normal"
  },
  {
    "timestamp" : 235480085716,
    "transform" : [
      0.02692534,
      -0.998657,
      -0.044263728,
      0,
      -0.8808201,
      -0.04463968,
      0.4713422,
      0,
      -0.47268513,
      0.026297325,
      -0.88083917,
      0,
      -1.9686632,
      2.6875517,
      3.2932234,
      0.99999994
    ],
    "trackingState" : "Normal"
  },
  {
    "timestamp" : 235480102376,
    "transform" : [
      0.029176753,
      -0.9986601,
      -0.04274214,
      0,
      -0.87929565,
      -0.045978587,
      0.474052,
      0,
      -0.4753821,
      0.023751676,
      -0.879459,
      0,
      -1.9682273,
      2.6889374,
      3.293584,
      1
    ],
    "trackingState" : "Normal"
  },
  {
    "timestamp" : 235480119037,
    "transform" : [
      0.030684605,
      -0.9986543,
      -0.041811492,
      0,
      -0.877049,
      -0.046965167,
      0.47809982,
      0,
      -0.47942013,
      0.02200042,
      -0.8773099,
      0,
      -1.9670758,
      2.6901617,
      3.293716,
      1
    ],
    "trackingState" : "Normal"
  },
  {
    "timestamp" : 235480135697,
    "transform" : [
      0.031773645,
      -0.99864316,
      -0.04125921,
      0,
      -0.87391406,
      -0.04779041,
      0.48372558,
      0,
      -0.48504105,
      0.020687275,
      -0.8742469,
      0,
      -1.9656959,
      2.6912954,
      3.293735,
      1
    ],
    "trackingState" : "Normal"
  },
  {
    "timestamp" : 235480152357,
    "transform" : [
      0.03270905,
      -0.9986476,
      -0.040412016,
      0,
      -0.8707462,
      -0.048322354,
      0.48935252,
      0,
      -0.49064362,
      0.019182352,
      -0.87114924,
      0,
      -1.9642843,
      2.6923807,
      3.29364,
      0.9999998
    ],
    "trackingState" : "Normal"
  },
  {
    "timestamp" : 235480169018,
    "transform" : [
      0.033850662,
      -0.9986979,
      -0.038167417,
      0,
      -0.8682344,
      -0.04830018,
      0.49379772,
      0,
      -0.49499828,
      0.016422885,
      -0.86873895,
      0,
      -1.9629022,
      2.693438,
      3.293383,
      0.99999994
    ],
    "trackingState" : "Normal"
  },
  {
    "timestamp" : 235480185678,
    "transform" : [
      0.0346658,
      -0.9987878,
      -0.034943372,
      0,
      -0.86648715,
      -0.047459688,
      0.4969382,
      0,
      -0.4979943,
      0.0130512165,
      -0.8670821,
      0,
      -1.9615372,
      2.6944509,
      3.293009,
      0.9999999
    ],
    "trackingState" : "Normal"
  },
  {
    "timestamp" : 235480202339,
    "transform" : [
      0.035316028,
      -0.99884933,
      -0.03244789,
      0,
      -0.86552644,
      -0.046801653,
      0.49867192,
      0,
      -0.49961674,
      0.010473391,
      -0.86618346,
      0,
      -1.9604951,
      2.6956267,
      3.2930722,
      1
    ],
    "trackingState" : "Normal"
  },
  {
    "timestamp" : 235480218999,
    "transform" : [
      0.03624277,
      -0.99883616,
      -0.03182303,
      0,
      -0.86425537,
      -0.04731578,
      0.50082326,
      0,
      -0.5017461,
      0.009352003,
      -0.86496437,
      0,
      -1.9593439,
      2.696611,
      3.2928758,
      0.99999994
    ],
    "trackingState" : "Normal"
  },
  {
    "timestamp" : 235480235659,
    "transform" : [
      0.03737121,
      -0.9987627,
      -0.03280958,
      0,
      -0.8619345,
      -0.048829727,
      0.5046631,
      0,
      -0.5056408,
      0.009419831,
      -0.8626929,
      0,
      -1.9582195,
      2.6974857,
      3.2926128,
      0.99999994
    ],
    "trackingState" : "Normal"
  },
  {
    "timestamp" : 235480252320,
    "transform" : [
      0.038551204,
      -0.998687,
      -0.03373536,
      0,
      -0.8591204,
      -0.050367307,
      0.50928915,
      0,
      -0.51031965,
      0.009349028,
      -0.85993415,
      0,
      -1.9571435,
      2.698289,
      3.2922268,
      1
    ],
    "trackingState" : "Normal"
  },
  {
    "timestamp" : 235480268980,
    "transform" : [
      0.03946347,
      -0.9986632,
      -0.033384144,
      0,
      -0.856353,
      -0.051017784,
      0.5138646,
      0,
      -0.51488084,
      0.00830973,
      -0.85722154,
      0,
      -1.9560915,
      2.6990368,
      3.2916627,
      0.9999999
    ],
    "trackingState" : "Normal"
  },
  {
    "timestamp" : 235480285641,
    "transform" : [
      0.039835587,
      -0.998684,
      -0.032303236,
      0,
      -0.85340065,
      -0.050820615,
      0.5187723,
      0,
      -0.5197313,
      0.0069020055,
      -0.8543021,
      0,
      -1.9550382,
      2.6997147,
      3.2910016,
      1
    ],
    "trackingState" : "Normal"
  },
  {
    "timestamp" : 235480302301,
    "transform" : [
      0.039630823,
      -0.9987256,
      -0.031250294,
      0,
      -0.85064894,
      -0.05013029,
      0.5233388,
      0,
      -0.5242385,
      0.005842682,
      -0.8515516,
      0,
      -1.9544632,
      2.7008138,
      3.2907186,
      0.99999994
    ],
    "trackingState" : "Normal"
  },
  {
    "timestamp" : 235480318961,
    "transform" : [
      0.039776318,
      -0.99875396,
      -0.030140063,
      0,
      -0.84882635,
      -0.04968876,
      0.52633166,
      0,
      -0.5271734,
      0.004648147,
      -0.8497451,
      0,
      -1.9536347,
      2.7015018,
      3.2901669,
      0.99999994
    ],
    "trackingState" : "Normal"
  },
  {
    "timestamp" : 235480335622,
    "transform" : [
      0.04028739,
      -0.99874353,
      -0.02980781,
      0,
      -0.8473779,
      -0.04995886,
      0.52863514,
      0,
      -0.52946013,
      0.0039611454,
      -0.8483259,
      0,
      -1.9527833,
      2.7020257,
      3.289552,
      1
    ],
    "trackingState" : "Normal"
  },
  {
    "timestamp" : 235480352282,
    "transform" : [
      0.041027065,
      -0.9986913,
      -0.030533895,
      0,
      -0.84512824,
      -0.050987743,
      0.5321263,
      0,
      -0.5329868,
      0.003973477,
      -0.8461143,
      0,
      -1.9519506,
      2.7024558,
      3.2889519,
      0.9999999
    ],
    "trackingState" : "Normal"
  },
  {
    "timestamp" : 235480368943,
    "transform" : [
      0.041424025,
      -0.99863535,
      -0.031806055,
      0,
      -0.8418843,
      -0.052029677,
      0.5371443,
      0,
      -0.53806615,
      0.0045263395,
      -0.84289074,
      0,
      -1.9511395,
      2.7028155,
      3.2883825,
      1
    ],
    "trackingState" : "Normal"
  },
  {
    "timestamp" : 235480385603,
    "transform" : [
      0.04169267,
      -0.99861014,
      -0.032243144,
      0,
      -0.8390048,
      -0.052515704,
      0.54158396,
      0,
      -0.5425245,
      0.0044720666,
      -0.8400283,
      0,
      -1.9503739,
      2.7031295,
      3.287784,
      0.99999994
    ],
    "trackingState" : "Normal"
  },
  {
    "timestamp" : 235480402263,
    "transform" : [
      0.041653745,
      -0.9986286,
      -0.031713497,
      0,
      -0.83733195,
      -0.052207958,
      0.54419595,
      0,
      -0.5451055,
      0.003886924,
      -0.83835846,
      0,
      -1.9496245,
      2.7034123,
      3.2871459,
      0.9999999
    ],
    "trackingState" : "Normal"
  },
  {
    "timestamp" : 235480418924,
    "transform" : [
      0.040681444,
      -0.9986633,
      -0.031884998,
      0,
      -0.8364353,
      -0.051493995,
      0.5456415,
      0,
      -0.546554,
      0.004472247,
      -0.8374121,
      0,
      -1.9485471,
      2.7041035,
      3.2869606,
      0.9999999
    ],
    "trackingState" : "Normal"
  },
  {
    "timestamp" : 235480435584,
    "transform" : [
      0.03954276,
      -0.998693,
      -0.032383237,
      0,
      -0.8354787,
      -0.05082261,
      0.54716754,
      0,
      -0.5480982,
      0.005418987,
      -0.8363965,
      0,
      -1.9476651,
      2.7044628,
      3.2864733,
      0.99999994
    ],
    "trackingState" : "Normal"
  },
  {
    "timestamp" : 235480452244,
    "transform" : [
      0.038801763,
      -0.9987021,
      -0.0329935,
      0,
      -0.83316326,
      -0.050563697,
      0.55071074,
      0,
      -0.55166435,
      0.006120424,
      -0.83404404,
      0,
      -1.9468902,
      2.7046854,
      3.285876,
      1
    ],
    "trackingState" : "Normal"
  },
  {
    "timestamp" : 235480468905,
    "transform" : [
      0.03847438,
      -0.99868006,
      -0.034030095,
      0,
      -0.82929426,
      -0.05091113,
      0.5564885,
      0,
      -0.5574865,
      0.0068104086,
      -0.8301584,
      0,
      -1.9461726,
      2.7048311,
      3.285272,
      1
    ],
    "trackingState" : "Normal"
  },
  {
    "timestamp" : 235480485565,
    "transform" : [
      0.038382072,
      -0.998595,
      -0.036534593,
      0,
      -0.82469714,
      -0.052301556,
      0.56315106,
      0,
      -0.56427073,
      0.008515071,
      -0.825546,
      0,
      -1.9454597,
      2.7049196,
      3.2847478,
      0.99999994
    ],
    "trackingState" : "Normal"
  },
  {
    "timestamp" : 235480502226,
    "transform" : [
      0.037950076,
      -0.99850684,
      -0.039293025,
      0,
      -0.8211661,
      -0.0535684,
      0.56816965,
      0,
      -0.5694262,
      0.01070402,
      -0.82197297,
      0,
      -1.944915,
      2.705426,
      3.2848759,
      0.9999999
    ],
    "trackingState" : "Normal"
  },
  {
    "timestamp" : 235480518886,
    "transform" : [
      0.037911467,
      -0.99848044,
      -0.039995447,
      0,
      -0.8200625,
      -0.05395815,
      0.5697246,
      0,
      -0.5710171,
      0.011199665,
      -0.82086205,
      0,
      -1.9442436,
      2.705674,
      3.2844539,
      0.99999994
    ],
    "trackingState" : "Normal"
  },
  {
    "timestamp" : 235480535546,
    "transform" : [
      0.03762035,
      -0.9985118,
      -0.039483458,
      0,
      -0.82017964,
      -0.05342497,
      0.56960607,
      0,
      -0.5708678,
      0.010954749,
      -0.820969,
      0,
      -1.9434947,
      2.7058804,
      3.2837641,
      0.99999994
    ],
    "trackingState" : "Normal"
  },
  {
    "timestamp" : 235480552207,
    "transform" : [
      0.036802,
      -0.99856025,
      -0.03902577,
      0,
      -0.81923103,
      -0.052510783,
      0.57105446,
      0,
      -0.57228166,
      0.010955171,
      -0.81998414,
      0,
      -1.9426619,
      2.7060788,
      3.282953,
      0.99999994
    ],
    "trackingState" : "Normal"
  },
  {
    "timestamp" : 235480568867,
    "transform" : [
      0.035724323,
      -0.9986004,
      -0.0389992,
      0,
      -0.81638336,
      -0.051669173,
      0.5751945,
      0,
      -0.57640463,
      0.011289858,
      -0.8170867,
      0,
      -1.9417797,
      2.7062826,
      3.2820764,
      0.99999994
    ],
    "trackingState" : "Normal"
  },
  {
    "timestamp" : 235480585528,
    "transform" : [
      0.03498409,
      -0.9986307,
      -0.038897526,
      0,
      -0.8125105,
      -0.05108284,
      0.58070415,
      0,
      -0.58189595,
      0.011289242,
      -0.81318504,
      0,
      -1.9409106,
      2.7064998,
      3.281146,
      0.99999994
    ],
    "trackingState" : "Normal"
  },
  {
