[
  {
    "transform" : [
      -0.06542608,
      -0.9973862,
      0.03066356,
      0,
      0.86824304,
      -0.04175545,
      0.49437904,
      0,
      -0.49180648,
      0.0589687,
      0.8687056,
      0,
      -0.7862089,
      2.8425264,
      5.733427,
      1
    ],
    "trackingState" : "Normal",
    "timestamp" : 235445415435
  },
  {
    "transform" : [
      -0.0647575,
      -0.997404,
      0.03149227,
      0,
      0.8716848,
      -0.041176267,
      0.48833412,
      0,
      -0.4857697,
      0.05907463,
      0.8720885,
      0,
      -0.7845302,
      2.8421476,
      5.7322536,
      1
    ],
    "trackingState" : "Normal",
    "timestamp" : 235445432096
  },
  {
    "transform" : [
      -0.06498302,
      -0.9973628,
      0.032321643,
      0,
      0.8753749,
      -0.041425493,
      0.4816665,
      0,
      -0.4790573,
      0.059593692,
      0.8757584,
      0,
      -0.7825876,
      2.8418882,
      5.7312336,
      0.99999994
    ],
    "trackingState" : "Normal",
    "timestamp" : 235445448756
  },
  {
    "transform" : [
      -0.065177195,
      -0.9973174,
      0.03331551,
      0,
      0.87921554,
      -0.041604735,
      0.47460416,
      0,
      -0.47194496,
      0.060224876,
      0.8795687,
      0,
      -0.78050315,
      2.8417282,
      5.7303367,
      0.99999994
    ],
    "trackingState" : "Normal",
    "timestamp" : 235445465417
  },
  {
    "transform" : [
      -0.06418659,
      -0.9973649,
      0.033814,
      0,
      0.88305056,
      -0.040980443,
      0.46748522,
      0,
      -0.46486765,
      0.059865747,
      0.88335407,
      0,
      -0.7783777,
      2.8416672,
      5.7295923,
      0.99999994
    ],
    "trackingState" : "Normal",
    "timestamp" : 235445482077
  },
  {
    "transform" : [
      -0.062155064,
      -0.997502,
      0.033561666,
      0,
      0.88704515,
      -0.03979659,
      0.45996422,
      0,
      -0.45747963,
      0.058359817,
      0.88730294,
      0,
      -0.7761781,
      2.8417544,
      5.7288785,
      0.99999994
    ],
    "trackingState" : "Normal",
    "timestamp" : 235445498737
  },
  {
    "transform" : [
      -0.06046544,
      -0.997614,
      0.033319835,
      0,
      0.8913211,
      -0.03893652,
      0.4516977,
      0,
      -0.4493226,
      0.057010762,
      0.8915488,
      0,
      -0.7738219,
      2.8419647,
      5.728088,
      1
    ],
    "trackingState" : "Normal",
    "timestamp" : 235445515398
  },
  {
    "transform" : [
      -0.05985307,
      -0.99762946,
      0.03395832,
      0,
      0.8958186,
      -0.038674656,
      0.4427341,
      0,
      -0.44037125,
      0.05691948,
      0.89600986,
      0,
      -0.77132493,
      2.8420985,
      5.727457,
      0.99999994
    ],
    "trackingState" : "Normal",
    "timestamp" : 235445532058
  },
  {
    "transform" : [
      -0.05977341,
      -0.9975881,
      0.035286967,
      0,
      0.8999652,
      -0.03856352,
      0.43425304,
      0,
      -0.43184486,
      0.05771382,
      0.9000997,
      0,
      -0.7687106,
      2.8422146,
      5.7268834,
      1
    ],
    "trackingState" : "Normal",
    "timestamp" : 235445548719
  },
  {
    "transform" : [
      -0.0591368,
      -0.9975714,
      0.036798686,
      0,
      0.90337056,
      -0.037794113,
      0.42719236,
      0,
      -0.42476413,
      0.05850564,
      0.9034117,
      0,
      -0.7660539,
      2.8423433,
      5.726374,
      1
    ],
    "trackingState" : "Normal",
    "timestamp" : 235445565379
  },
  {
    "transform" : [
      -0.057956982,
      -0.9975951,
      0.03801375,
      0,
      0.9063295,
      -0.036613055,
      0.42098236,
      0,
      -0.41857818,
      0.058851853,
      0.90627193,
      0,
      -0.76337916,
      2.8424878,
      5.7259474,
      0.9999999
    ],
    "trackingState" : "Normal",
    "timestamp" : 235445582039
  },
  {
    "transform" : [
      -0.057108514,
      -0.9975824,
      0.039600693,
      0,
      0.90973336,
      -0.035658542,
      0.41365904,
      0,
      -0.41124684,
      0.059649516,
      0.90957034,
      0,
      -0.7606296,
      2.8426247,
      5.7255673,
      1
    ],
    "trackingState" : "Normal",
    "timestamp" : 235445598700
  },
  {
    "transform" : [
      -0.056946542,
      -0.9975108,
      0.041585267,
      0,
      0.9136295,
      -0.035273187,
      0.4050149,
      0,
      -0.4025399,
      0.061057713,
      0.91336405,
      0,
      -0.757895,
      2.843267,
      5.7245636,
      1
    ],
    "trackingState" : "Normal",
    "timestamp" : 235445615360
  },
  {
    "transform" : [
      -0.057097305,
      -0.9974349,
      0.043169238,
      0,
      0.9177752,
      -0.035419136,
      0.3955179,
      0,
      -0.39297432,
      0.06220265,
      0.91744334,
      0,
      -0.75509274,
      2.8435564,
      5.7240157,
      0.99999994
    ],
    "trackingState" : "Normal",
    "timestamp" : 235445632021
  },
  {
    "transform" : [
      -0.05655011,
      -0.99738985,
      0.04489648,
      0,
      0.92182773,
      -0.0348893,
      0.3860265,
      0,
      -0.3834525,
      0.06321665,
      0.9213947,
      0,
      -0.7523291,
      2.843718,
      5.7236066,
      1
    ],
    "trackingState" : "Normal",
    "timestamp" : 235445648681
  },
  {
    "transform" : [
      -0.054487027,
      -0.9974145,
      0.046855867,
      0,
      0.9253611,
      -0.032809183,
      0.3776647,
      0,
      -0.37515095,
      0.063936405,
      0.9247563,
      0,
      -0.7496486,
      2.8438513,
      5.7232747,
      1
    ],
    "trackingState" : "Normal",
    "timestamp" : 235445665342
  },
  {
    "transform" : [
      -0.05101906,
      -0.9975415,
      0.048042547,
      0,
      0.92849153,
      -0.02965989,
      0.37016752,
      0,
      -0.3678325,
      0.06349268,
      0.92772204,
      0,
      -0.74699366,
      2.8439856,
      5.723055,
      0.99999994
    ],
    "trackingState" : "Normal",
    "timestamp" : 235445682002
  },
  {
    "transform" : [
      -0.047054075,
      -0.99768883,
      0.049018603,
      0,
      0.93111616,
      -0.02604044,
      0.36379167,
      0,
      -0.36167443,
      0.06275989,
      0.9301896,
      0,
      -0.74432296,
      2.844132,
      5.722889,
      0.9999998
    ],
    "trackingState" : "Normal",
    "timestamp" : 235445698662
  },
  {
    "transform" : [
      -0.04393651,
      -0.99773645,
      0.05090747,
      0,
      0.93338543,
      -0.022828916,
      0.3581489,
      0,
      -0.35617602,
      0.06325209,
      0.9322757,
      0,
      -0.74154055,
      2.8444893,
      5.721603,
      0.9999999
    ],
    "trackingState" : "Normal",
    "timestamp" : 235445715323
  },
  {
    "transform" : [
      -0.042432908,
      -0.99765444,
      0.053714335,
      0,
      0.93598825,
      -0.020889895,
      0.35141104,
      0,
      -0.3494647,
      0.06518737,
      0.9346793,
      0,
      -0.7387643,
      2.844733,
      5.7210546,
      1.0000001
    ],
    "trackingState" : "Normal",
    "timestamp" : 235445731983
  },
  {
    "transform" : [
      -0.04141161,
      -0.9975748,
      0.05594361,
      0,
      0.9391923,
      -0.019762661,
      0.34282258,
      0,
      -0.34088558,
      0.06673863,
      0.9377331,
      0,
      -0.7360165,
      2.8449566,
      5.7208495,
      1
    ],
    "trackingState" : "Normal",
    "timestamp" : 235445748643
  },
  {
    "transform" : [
      -0.03970122,
      -0.9976044,
      0.056649383,
      0,
      0.94307685,
      -0.018675609,
      0.33205,
      0,
      -0.33019656,
      0.066607505,
      0.9415592,
      0,
      -0.7333453,
      2.8451805,
      5.720849,
      0.9999999
    ],
    "trackingState" : "Normal",
    "timestamp" : 235445765304
  },
  {
    "transform" : [
      -0.037353314,
      -0.9976869,
      0.05679406,
      0,
      0.9472503,
      -0.017246993,
      0.3200306,
      0,
      -0.31831086,
      0.06575238,
      0.9457035,
      0,
      -0.7307157,
      2.8453972,
      5.7209187,
      0.99999994
    ],
    "trackingState" : "Normal",
    "timestamp" : 235445781964
  },
  {
    "transform" : [
      -0.03518976,
      -0.9977467,
      0.057123758,
      0,
      0.950924,
      -0.015846184,
      0.30901858,
      0,
      -0.30741712,
      0.06519462,
      0.949339,
      0,
      -0.728071,
      2.8456135,
      5.7209578,
      0.9999999
    ],
    "trackingState" : "Normal",
    "timestamp" : 235445798625
  },
  {
    "transform" : [
      -0.033614855,
      -0.99775404,
      0.057939056,
      0,
      0.9535295,
      -0.014649253,
      0.30094382,
      0,
      -0.29941913,
      0.06536277,
      0.95188034,
      0,
      -0.72541714,
      2.8458402,
      5.7209363,
      0.99999994
    ],
    "trackingState" : "Normal",
    "timestamp" : 235445815285
  },
  {
    "transform" : [
      -0.031994496,
      -0.99773365,
      0.059194207,
      0,
      0.9554132,
      -0.013136615,
      0.29498017,
      0,
      -0.29353404,
      0.06599265,
      0.95366824,
      0,
      -0.72280186,
      2.8460617,
      5.7208695,
      0.99999994
    ],
    "trackingState" : "Normal",
    "timestamp" : 235445831945
  },
  {
    "transform" : [
      -0.02976342,
      -0.9977247,
      0.06049466,
      0,
      0.9574463,
      -0.011075473,
      0.28839904,
      0,
      -0.28707284,
      0.06650412,
      0.9555975,
      0,
      -0.7202372,
      2.8462512,
      5.720804,
      1
    ],
    "trackingState" : "Normal",
    "timestamp" : 235445848606
  },
  {
    "transform" : [
      -0.02742207,
      -0.99774164,
      0.061315574,
      0,
      0.96002257,
      -0.00919221,
      0.27977157,
      0,
      -0.27857614,
      0.06653625,
      0.9581066,
      0,
      -0.7176553,
      2.846426,
      5.7207727,
      0.9999999
    ],
    "trackingState" : "Normal",
    "timestamp" : 235445865266
  },
  {
    "transform" : [
      -0.025755191,
      -0.99775785,
      0.06177415,
      0,
      0.9626907,
      -0.008103596,
      0.27048296,
      0,
      -0.2693759,
      0.06643573,
      0.960741,
      0,
      -0.7150028,
      2.8466165,
      5.720772,
      1
    ],
    "trackingState" : "Normal",
    "timestamp" : 235445881927
  },
  {
    "transform" : [
      -0.025077196,
      -0.9977317,
      0.06247228,
      0,
      0.96482795,
      -0.0077972007,
      0.26276714,
      0,
      -0.261684,
      0.06686445,
      0.9628349,
      0,
      -0.71230394,
      2.846845,
      5.720767,
      1
    ],
    "trackingState" : "Normal",
    "timestamp" : 235445898587
  },
  {
    "transform" : [
      -0.024957677,
      -0.99766934,
      0.06350695,
      0,
      0.96649575,
      -0.007846226,
      0.25656325,
      0,
      -0.25546697,
      0.06778241,
      0.96443903,
      0,
      -0.70915794,
      2.8472667,
      5.7206216,
      1
    ],
    "trackingState" : "Normal",
    "timestamp" : 235445915248
  },
  {
    "transform" : [
      -0.024617145,
      -0.9976201,
      0.06440744,
      0,
      0.96812004,
      -0.0077251694,
      0.25036803,
      0,
      -0.24927466,
      0.06851746,
      0.96600616,
      0,
      -0.7064236,
      2.8475575,
      5.720597,
      1
    ],
    "trackingState" : "Normal",
    "timestamp" : 235445931908
  },
  {
    "transform" : [
      -0.023726234,
      -0.9976237,
      0.06468424,
      0,
      0.9700765,
      -0.0073355404,
      0.24268898,
      0,
      -0.24163777,
      0.06850675,
      0.96794546,
      0,
      -0.7038815,
      2.8477764,
      5.7206554,
      1
    ],
    "trackingState" : "Normal",
    "timestamp" : 235445948568
  },
  {
    "transform" : [
      -0.022744156,
      -0.9976583,
      0.06450319,
      0,
      0.9722467,
      -0.007045203,
      0.23385234,
      0,
      -0.2328503,
      0.06803177,
      0.9701302,
      0,
      -0.70141596,
      2.8479764,
      5.7207475,
      0.99999994
    ],
    "trackingState" : "Normal",
    "timestamp" : 235445965229
  },
  {
    "transform" : [
      -0.02244108,
      -0.9976893,
      0.06412769,
      0,
      0.9741047,
      -0.0073856707,
      0.22597663,
      0,
      -0.22498083,
      0.06753824,
      0.97201973,
      0,
      -0.6989654,
      2.8482063,
      5.7208347,
      0.9999999
    ],
    "trackingState" : "Normal",
    "timestamp" : 235445981889
  },
  {
    "transform" : [
      -0.02310279,
      -0.997674,
      0.0641313,
      0,
      0.97553915,
      -0.008470134,
      0.21966255,
      0,
      -0.21860841,
      0.0676374,
      0.9734658,
      0,
      -0.69530433,
      2.848793,
      5.7200375,
      0.99999994
    ],
    "trackingState" : "Normal",
    "timestamp" : 235445998550
  },
  {
    "transform" : [
      -0.023877721,
      -0.99762774,
      0.06456739,
      0,
      0.9768669,
      -0.009554172,
      0.21363492,
      0,
      -0.2125112,
      0.068174854,
      0.97477764,
      0,
      -0.69254726,
      2.8491337,
      5.7197547,
      0.99999994
    ],
    "trackingState" : "Normal",
    "timestamp" : 235446015210
  },
  {
    "transform" : [
      -0.024285695,
      -0.997597,
      0.06488758,
      0,
      0.9783803,
      -0.010382865,
      0.20655309,
      0,
      -0.20538303,
      0.06850102,
      0.9762815,
      0,
      -0.69017,
      2.8493557,
      5.719637,
      0.9999999
    ],
    "trackingState" : "Normal",
    "timestamp" : 235446031870
  },
  {
    "transform" : [
      -0.024357151,
      -0.9976077,
      0.064695604,
      0,
      0.98011625,
      -0.011082217,
      0.19811447,
      0,
      -0.19692355,
      0.06823471,
      0.9780416,
      0,
      -0.687966,
      2.849513,
      5.7195864,
      0.99999994
    ],
    "trackingState" : "Normal",
    "timestamp" : 235446048531
  },
  {
    "transform" : [
      -0.024549074,
      -0.99762267,
      0.06439227,
      0,
      0.98174477,
      -0.01190566,
      0.1898298,
      0,
      -0.1886119,
      0.06787691,
      0.97970325,
      0,
      -0.685828,
      2.8496287,
      5.71955,
      1
    ],
    "trackingState" : "Normal",
    "timestamp" : 235446065191
  },
  {
    "transform" : [
      -0.024870222,
      -0.9976273,
      0.064196855,
      0,
      0.9829276,
      -0.012692096,
      0.18355489,
      0,
      -0.18230456,
      0.06766589,
      0.98091114,
      0,
      -0.6837341,
      2.8497248,
      5.719522,
      0.99999994
    ],
    "trackingState" : "Normal",
    "timestamp" : 235446081852
  },
  {
    "transform" : [
      -0.024925781,
      -0.99765587,
      0.06372896,
      0,
      0.9838799,
      -0.013189278,
      0.17834303,
      0,
      -0.17708446,
      0.06714698,
      0.9819025,
      0,
      -0.68166,
      2.8499124,
      5.7195044,
      0.9999998
    ],
    "trackingState" : "Normal",
    "timestamp" : 235446098512
  },
  {
    "transform" : [
      -0.024794202,
      -0.9976911,
      0.063228816,
      0,
      0.98488975,
      -0.013534126,
      0.17265353,
      0,
      -0.17139913,
      0.0665542,
      0.98295134,
      0,
      -0.6796106,
      2.8501792,
      5.7194743,
      1
    ],
    "trackingState" : "Normal",
    "timestamp" : 235446115172
  },
  {
    "transform" : [
      -0.025090247,
      -0.99770534,
      0.06288644,
      0,
      0.9860068,
      -0.014327298,
      0.16608879,
      0,
      -0.16480666,
      0.06617365,
      0.98410374,
      0,
      -0.6776387,
      2.8502607,
      5.7193947,
      1
    ],
    "trackingState" : "Normal",
    "timestamp" : 235446131833
  },
  {
    "transform" : [
      -0.026136173,
      -0.99768376,
      0.06280101,
      0,
      0.98708445,
      -0.015823731,
      0.15941674,
      0,
      -0.15805374,
      0.06615644,
      0.9852118,
      0,
      -0.6756956,
      2.8502712,
      5.719259,
      0.9999998
    ],
    "trackingState" : "Normal",
    "timestamp" : 235446148493
  },
  {
    "transform" : [
      -0.027480254,
      -0.9976355,
      0.06299535,
      0,
      0.98801905,
      -0.017533163,
      0.15333359,
      0,
      -0.15186651,
      0.06645424,
      0.9861647,
      0,
      -0.6738176,
      2.850244,
      5.7190576,
      1
    ],
    "trackingState" : "Normal",
    "timestamp" : 235446165154
  },
  {
    "transform" : [
      -0.028385054,
      -0.9975914,
      0.0632912,
      0,
      0.9888544,
      -0.018765803,
      0.14769942,
      0,
      -0.14615594,
      0.06677823,
      0.98700523,
      0,
      -0.67205936,
      2.8501651,
      5.7187786,
      1
    ],
    "trackingState" : "Normal",
    "timestamp" : 235446181814
  },
  {
    "transform" : [
      -0.028810134,
      -0.99755293,
      0.06370435,
      0,
      0.98951536,
      -0.019438652,
      0.14311396,
      0,
      -0.14152542,
      0.067159556,
      0.98765403,
      0,
      -0.6704409,
      2.8500438,
      5.7184305,
      1
    ],
    "trackingState" : "Normal",
    "timestamp" : 235446198474
  },
  {
    "transform" : [
      -0.029107697,
      -0.99749035,
      0.06454343,
      0,
      0.99005073,
      -0.019877046,
      0.13930051,
      0,
      -0.13766795,
      0.06795597,
      0.98814464,
      0,
      -0.6688499,
      2.8495908,
      5.7175565,
      1
    ],
    "trackingState" : "Normal",
    "timestamp" : 235446215135
  },
  {
    "transform" : [
      -0.029720403,
      -0.997409,
      0.0655143,
      0,
      0.99071765,
      -0.020696202,
      0.13435155,
      0,
      -0.13264754,
      0.06889915,
      0.9887658,
      0,
      -0.6673966,
      2.8493547,
      5.7169623,
      0.99999994
    ],
    "trackingState" : "Normal",
    "timestamp" : 235446231795
  },
  {
    "transform" : [
      -0.03024606,
      -0.9973819,
      0.06568406,
      0,
      0.9914617,
      -0.021597553,
      0.12859741,
      0,
      -0.12684211,
      0.06901278,
      0.9895193,
      0,
      -0.666067,
      2.8492022,
      5.7164903,
      0.9999998
    ],
    "trackingState" : "Normal",
    "timestamp" : 235446248456
  },
  {
    "transform" : [
      -0.030180382,
      -0.9974156,
      0.065202735,
      0,
      0.9922044,
      -0.022003992,
      0.122663274,
      0,
      -0.120911516,
      0.06839646,
      0.99030435,
      0,
      -0.6649005,
      2.849076,
      5.7160597,
      1.0000001
    ],
    "trackingState" : "Normal",
    "timestamp" : 235446265116
  },
  {
    "transform" : [
      -0.029491046,
      -0.99747163,
      0.0646587,
      0,
      0.99292874,
      -0.021792224,
      0.11669551,
      0,
      -0.11499139,
      0.06764294,
      0.9910609,
      0,
      -0.6638867,
      2.8489432,
      5.7155905,
      1
    ],
    "trackingState" : "Normal",
    "timestamp" : 235446281776
  },
  {
    "transform" : [
      -0.028875364,
      -0.997512,
      0.06431231,
      0,
      0.99356425,
      -0.02159212,
      0.11119376,
      0,
      -0.10952846,
      0.06710916,
      0.9917157,
      0,
      -0.66295177,
      2.848827,
      5.715053,
      1
    ],
    "trackingState" : "Normal",
    "timestamp" : 235446298437
  },
  {
    "transform" : [
      -0.02866748,
      -0.99754244,
      0.06393257,
      0,
      0.9940933,
      -0.021753876,
      0.10632658,
      0,
      -0.10467448,
      0.06660306,
      0.9922739,
      0,
      -0.6620229,
      2.8487706,
      5.714445,
      0.99999994
    ],
    "trackingState" : "Normal",
    "timestamp" : 235446315097
  },
  {
    "transform" : [
      -0.029234977,
      -0.9975434,
      0.06366047,
      0,
      0.9945233,
      -0.022634866,
      0.10203514,
      0,
      -0.100343525,
      0.066294804,
      0.99274194,
      0,
      -0.6611074,
      2.8487315,
      5.7138023,
      1
    ],
    "trackingState" : "Normal",
    "timestamp" : 235446331758
  },
  {
    "transform" : [
      -0.029645339,
      -0.9975328,
      0.06363513,
      0,
      0.9950438,
      -0.023406275,
      0.09664289,
      0,
      -0.09491499,
      0.06618475,
      0.99328285,
      0,
      -0.66021585,
      2.8486993,
      5.713058,
      0.99999994
    ],
    "trackingState" : "Normal",
    "timestamp" : 235446348418
  },
  {
    "transform" : [
      -0.030171288,
      -0.9975252,
      0.063508265,
      0,
      0.99559426,
      -0.024347901,
      0.09055063,
      0,
      -0.08878023,
      0.065960474,
      0.993865,
      0,
      -0.6593236,
      2.8486571,
      5.712235,
      1
    ],
    "trackingState" : "Normal",
    "timestamp" : 235446365078
  },
  {
    "transform" : [
      -0.030909603,
      -0.9975212,
      0.06321558,
      0,
      0.996066,
      -0.025485942,
      0.084871955,
      0,
      -0.08305045,
      0.06559024,
      0.9943846,
      0,
      -0.658401,
      2.8486145,
      5.7113233,
      1
    ],
    "trackingState" : "Normal",
    "timestamp" : 235446381739
  },
  {
    "transform" : [
      -0.03184809,
      -0.99750155,
      0.063058995,
      0,
      0.9963686,
      -0.026700763,
      0.08085097,
      0,
      -0.07896522,
      0.06540494,
      0.9947296,
      0,
      -0.6574692,
      2.8485765,
      5.71032,
      0.9999999
    ],
    "trackingState" : "Normal",
    "timestamp" : 235446398399
  },
  {
    "transform" : [
      -0.03269821,
      -0.99746335,
      0.06322858,
      0,
      0.9965919,
      -0.027745211,
      0.077685416,
      0,
      -0.07573405,
      0.06555324,
      0.9949711,
      0,
      -0.6559432,
      2.8484137,
      5.7080503,
      1.0000001
    ],
    "trackingState" : "Normal",
    "timestamp" : 235446415060
  },
  {
    "transform" : [
      -0.032696594,
      -0.9974596,
      0.06328811,
      0,
      0.9967979,
      -0.027920613,
      0.07493049,
      0,
      -0.07297308,
      0.06553542,
      0.9951785,
      0,
      -0.65490043,
      2.8482804,
      5.706552,
      0.99999994
    ],
    "trackingState" : "Normal",
    "timestamp" : 235446431720
  },
  {
    "transform" : [
      -0.03268926,
      -0.99751985,
      0.062336013,
      0,
      0.9970706,
      -0.028232286,
      0.07108623,
      0,
      -0.06915001,
      0.06447715,
      0.9955206,
      0,
      -0.6539776,
      2.8481615,
      5.70526,
      1
    ],
    "trackingState" : "Normal",
    "timestamp" : 235446448381
  },
  {
    "transform" : [
      -0.033261266,
      -0.9975655,
      0.061293762,
      0,
      0.99737674,
      -0.029184755,
      0.0662434,
      0,
      -0.06429327,
      0.06333629,
      0.9959192,
      0,
      -0.65304184,
      2.8480492,
      5.703977,
      0.99999994
    ],
    "trackingState" : "Normal",
    "timestamp" : 235446465041
  },
  {
    "transform" : [
      -0.03466977,
      -0.9975288,
      0.061110638,
      0,
      0.9976393,
      -0.030916993,
      0.06132052,
      0,
      -0.059279602,
      0.06309232,
      0.99624574,
      0,
      -0.65208036,
      2.847937,
      5.7025795,
      1
    ],
    "trackingState" : "Normal",
    "timestamp" : 235446481701
  },
  {
    "transform" : [
      -0.036323324,
      -0.9974154,
      0.06199378,
      0,
      0.9978504,
      -0.03281334,
      0.05672679,
      0,
      -0.05454594,
      0.06392101,
      0.9964633,
      0,
      -0.6511269,
      2.84836,
      5.700458,
      1
    ],
    "trackingState" : "Normal",
    "timestamp" : 235446498362
  },
  {
    "transform" : [
      -0.037417606,
      -0.9973083,
      0.063056566,
      0,
      0.998015,
      -0.034096334,
      0.05294883,
      0,
      -0.050656296,
      0.06491261,
      0.9966045,
      0,
      -0.6502279,
      2.84837,
      5.6986365,
      0.99999994
    ],
    "trackingState" : "Normal",
    "timestamp" : 235446515022
  },
  {
    "transform" : [
      -0.037667178,
      -0.9972665,
      0.06356819,
      0,
      0.9981683,
      -0.03453483,
      0.049674995,
      0,
      -0.04734387,
      0.065322846,
      0.9967406,
      0,
      -0.64937407,
      2.8482401,
      5.696912,
      1
    ],
    "trackingState" : "Normal",
    "timestamp" : 235446531683
  },
  {
    "transform" : [
      -0.0375381,
      -0.99727744,
      0.06347077,
      0,
      0.9983322,
      -0.03463835,
      0.046185598,
      0,
      -0.043861326,
      0.06509862,
      0.9969145,
      0,
      -0.6484999,
      2.848065,
      5.695196,
      0.99999994
    ],
    "trackingState" : "Normal",
    "timestamp" : 235446548343
  },
  {
    "transform" : [
      -0.037714258,
      -0.9972615,
      0.06361751,
      0,
      0.9984664,
      -0.035024624,
      0.042876594,
      0,
      -0.040530983,
      0.06513699,
      0.997053,
      0,
      -0.6475649,
      2.8478782,
      5.693408,
      1
    ],
    "trackingState" : "Normal",
    "timestamp" : 235446565003
  },
  {
    "transform" : [
      -0.038492844,
      -0.99716586,
      0.064641036,
      0,
      0.9985684,
      -0.035981312,
      0.03957845,
      0,
      -0.037140395,
      0.066071965,
      0.9971235,
      0,
      -0.6465789,
      2.8476593,
      5.6914744,
      1
    ],
    "trackingState" : "Normal",
    "timestamp" : 235446581664
  },
  {
    "transform" : [
      -0.039714403,
      -0.99695647,
      0.06708649,
      0,
      0.9986409,
      -0.037334066,
      0.03637058,
      0,
      -0.033755258,
      0.06843972,
      0.9970842,
      0,
      -0.6455687,
      2.8473837,
      5.689376,
      0.99999994
    ],
    "trackingState" : "Normal",
    "timestamp" : 235446598324
  },
  {
    "transform" : [
      -0.040827002,
      -0.99667645,
      0.070493296,
      0,
      0.9986774,
      -0.03849848,
      0.03408081,
      0,
      -0.031253636,
      0.07179147,
      0.99693,
      0,
      -0.64450556,
      2.8471498,
      5.686939,
      0.99999994
    ],
    "trackingState" : "Normal",
    "timestamp" : 235446614985
  },
  {
    "transform" : [
      -0.041461952,
      -0.99645334,
      0.07322376,
      0,
      0.99871707,
      -0.039200354,
      0.032058347,
      0,
      -0.029074233,
      0.074459,
      0.99680024,
      0,
      -0.643503,
      2.8468378,
      5.684715,
      0.9999999
    ],
    "trackingState" : "Normal",
    "timestamp" : 235446631645
  },
  {
    "transform" : [
      -0.041277543,
      -0.9963475,
      0.074752465,
      0,
      0.9988047,
      -0.039187286,
      0.02921697,
      0,
      -0.026180897,
      0.075869106,
      0.99677414,
      0,
      -0.6425463,
      2.8464782,
      5.6826053,
      0.99999994
    ],
    "trackingState" : "Normal",
    "timestamp" : 235446648305
  },
  {
    "transform" : [
      -0.040543403,
      -0.99628896,
      0.075925335,
      0,
      0.9989243,
      -0.03870429,
      0.025539994,
      0,
      -0.02250656,
      0.07687913,
      0.9967865,
      0,
      -0.6416343,
      2.8460877,
      5.680496,
      0.99999994
    ],
    "trackingState" : "Normal",
    "timestamp" : 235446664966
  },
  {
    "transform" : [
      -0.040076297,
      -0.996177,
      0.077622324,
      0,
      0.9990241,
      -0.038505107,
      0.021633979,
      0,
      -0.018562404,
      0.078413576,
      0.99674815,
      0,
      -0.64071167,
      2.845672,
      5.6783104,
      0.99999994
    ],
    "trackingState" : "Normal",
    "timestamp" : 235446681626
  },
  {
    "transform" : [
      -0.04019468,
      -0.99596256,
      0.0802687,
      0,
      0.99908847,
      -0.038904354,
      0.01757536,
      0,
      -0.014381589,
      0.08090195,
      0.99661845,
      0,
      -0.63974196,
      2.8452144,
      5.676006,
      1
    ],
    "trackingState" : "Normal",
    "timestamp" : 235446698287
  },
  {
    "transform" : [
      -0.040475756,
      -0.99569523,
      0.08338251,
      0,
      0.9991229,
      -0.03943632,
      0.014075992,
      0,
      -0.010727087,
      0.083879106,
      0.99641824,
      0,
      -0.63890207,
      2.8451962,
      5.6734605,
      0.99999994
    ],
    "trackingState" : "Normal",
    "timestamp" : 235446714947
  },
  {
    "transform" : [
      -0.04010633,
      -0.99549913,
      0.08586646,
      0,
      0.99916124,
      -0.039245624,
      0.011689077,
      0,
      -0.008266565,
      0.08626323,
      0.99623823,
      0,
      -0.6379805,
      2.844826,
      5.6710014,
      1
    ],
    "trackingState" : "Normal",
    "timestamp" : 235446731607
  },
  {
    "transform" : [
      -0.038551297,
      -0.9954042,
      0.08766081,
      0,
      0.9992401,
      -0.037895862,
      0.009129414,
      0,
      -0.0057654562,
      0.08794613,
      0.9961088,
      0,
      -0.63709015,
      2.844314,
      5.6685615,
      0.99999994
    ],
    "trackingState" : "Normal",
    "timestamp" : 235446748268
  },
  {
    "transform" : [
      -0.036245614,
      -0.9953713,
      0.08900817,
      0,
      0.9993412,
      -0.03592961,
      0.0051504015,
      0,
      -0.0019285177,
      0.08913618,
      0.99601775,
      0,
      -0.6362372,
      2.8437088,
      5.6660604,
      1
    ],
    "trackingState" : "Normal",
    "timestamp" : 235446764928
  },
  {
    "transform" : [
      -0.033944234,
      -0.9951991,
      0.091796935,
      0,
      0.9994192,
      -0.03407728,
      0.00011808461,
      0,
      0.0030106893,
      0.09174762,
      0.9957779,
      0,
      -0.63538235,
      2.8430033,
      5.6633596,
      1
    ],
    "trackingState" : "Normal",
    "timestamp" : 235446781588
  },
  {
    "transform" : [
      -0.032642134,
      -0.9948472,
      0.09598866,
      0,
      0.99944955,
      -0.03306302,
      -0.0027971114,
      0,
      0.0059563876,
      0.09584449,
      0.99537873,
      0,
      -0.63449055,
      2.8422656,
      5.6604776,
      1.0000001
    ],
    "trackingState" : "Normal",
    "timestamp" : 235446798249
  },
  {
    "transform" : [
      -0.03198444,
      -0.9944014,
      0.10071177,
      0,
      0.9994655,
      -0.03250159,
      -0.0034979002,
      0,
      0.006751625,
      0.100546055,
      0.9949095,
      0,
      -0.63328165,
      2.8414388,
      5.6572065,
      0.99999994
    ],
    "trackingState" : "Normal",
    "timestamp" : 235446814909
  },
  {
    "transform" : [
      -0.031464707,
      -0.9939647,
      0.105091676,
      0,
      0.99948496,
      -0.03195511,
      -0.0029855426,
      0,
      0.0063257543,
      0.10494359,
      0.9944582,
      0,
      -0.6322449,
      2.8407114,
      5.6540914,
      1
    ],
    "trackingState" : "Normal",
    "timestamp" : 235446831570
  },
  {
    "transform" : [
      -0.030688144,
      -0.9936026,
      0.10868329,
      0,
      0.99950767,
      -0.031215435,
      -0.0031532093,
      0,
      0.0065256483,
      0.108533,
      0.9940715,
      0,
      -0.6312962,
      2.8400154,
      5.6510215,
      0.9999998
    ],
    "trackingState" : "Normal",
    "timestamp" : 235446848230
  },
  {
    "transform" : [
      -0.02959889,
      -0.9932865,
      0.11183012,
      0,
      0.99952185,
      -0.030413544,
      -0.005585493,
      0,
      0.008949161,
      0.111611314,
      0.9937118,
      0,
      -0.6304165,
      2.8393087,
      5.6479206,
      1
    ],
    "trackingState" : "Normal",
    "timestamp" : 235446864891
  },
  {
    "transform" : [
      -0.028400466,
      -0.99291587,
      0.115375884,
      0,
      0.9995115,
      -0.02971565,
      -0.009694855,
      0,
      0.01305466,
      0.11504416,
      0.99327475,
      0,
      -0.6296252,
      2.8385818,
      5.644711,
      1
    ],
    "trackingState" : "Normal",
    "timestamp" : 235446881551
  },
  {
    "transform" : [
      -0.026995197,
      -0.9924934,
      0.11928217,
      0,
      0.9995073,
      -0.028711142,
      -0.012690312,
      0,
      0.016019793,
      0.1188808,
      0.99277943,
      0,
      -0.62893945,
      2.8378823,
      5.641401,
      1
    ],
    "trackingState" : "Normal",
    "timestamp" : 235446898211
  },
  {
    "transform" : [
      -0.025107628,
      -0.99216497,
      0.12238618,
      0,
      0.99956244,
      -0.02683143,
      -0.012456992,
      0,
      0.015643202,
      0.12201984,
      0.99240446,
      0,
      -0.62841004,
      2.8372726,
      5.6379423,
      0.99999994
    ],
    "trackingState" : "Normal",
    "timestamp" : 235446914872
  },
  {
    "transform" : [
      -0.022217324,
      -0.9920033,
      0.12424146,
      0,
      0.9996607,
      -0.02373463,
      -0.010745591,
      0,
      0.0136085,
      0.123960525,
      0.9921939,
      0,
      -0.6279236,
      2.8367646,
      5.634617,
      1
    ],
    "trackingState" : "Normal",
    "timestamp" : 235446931532
  },
  {
    "transform" : [
      -0.018831234,
      -0.9918646,
      0.12589712,
      0,
      0.9997255,
      -0.020435855,
      -0.011466018,
      0,
      0.013945569,
      0.12564664,
      0.9919773,
      0,
      -0.6274326,
      2.8363028,
      5.631267,
      1
    ],
    "trackingState" : "Normal",
    "timestamp" : 235446948193
  },
  {
    "transform" : [
      -0.016087,
      -0.9916163,
      0.1282124,
      0,
      0.9997195,
      -0.0181812,
      -0.01518018,
      0,
      0.017383985,
      0.12793222,
      0.9916307,
      0,
      -0.62687165,
      2.8358512,
      5.627798,
      1
    ],
    "trackingState" : "Normal",
    "timestamp" : 235446964853
  },
  {
    "transform" : [
      -0.014418528,
      -0.9912128,
      0.13148947,
      0,
      0.9996651,
      -0.017116493,
      -0.019411325,
      0,
      0.021491408,
      0.13116555,
      0.99112767,
      0,
      -0.6262395,
      2.8354294,
      5.6241946,
      1
    ],
    "trackingState" : "Normal",
    "timestamp" : 235446981513
  },
  {
    "transform" : [
      -0.013462885,
      -0.9907418,
      0.13509098,
      0,
      0.9996151,
      -0.016613467,
      -0.022221709,
      0,
      0.02426032,
      0.13473979,
      0.99058414,
      0,
      -0.6256017,
      2.83506,
      5.6205053,
      1
    ],
    "trackingState" : "Normal",
    "timestamp" : 235446998174
  },
  {
    "transform" : [
      -0.012721737,
      -0.9902278,
      0.13887832,
      0,
      0.9995729,
      -0.016249014,
      -0.024294103,
      0,
      0.026313348,
      0.13850988,
      0.99001163,
      0,
      -0.6246205,
      2.8348393,
      5.6159782,
      1.0000001
    ],
    "trackingState" : "Normal",
    "timestamp" : 235447014834
  },
  {
    "transform" : [
      -0.011669616,
      -0.98969686,
      0.14270267,
      0,
      0.9995125,
      -0.015678618,
      -0.027001264,
      0,
      0.02896046,
      0.142318,
      0.98939735,
      0,
      -0.6239995,
      2.834523,
      5.6119013,
      0.99999994
    ],
    "trackingState" : "Normal",
    "timestamp" : 235447031495
  },
  {
    "transform" : [
      -0.0102465935,
      -0.9890717,
      0.14707842,
      0,
      0.99942,
      -0.014906919,
      -0.030618783,
      0,
      0.032476675,
      0.14667934,
      0.98865086,
      0,
      -0.6235803,
      2.8341284,
      5.607911,
      0.99999976
    ],
    "trackingState" : "Normal",
    "timestamp" : 235447048155
  },
  {
    "transform" : [
      -0.008720508,
      -0.9883958,
      0.15165009,
      0,
      0.99932414,
      -0.014030319,
      -0.03397884,
      0,
      0.035712253,
      0.15125126,
      0.9878502,
      0,
      -0.62327206,
      2.833688,
      5.6039453,
      0.99999994
    ],
    "trackingState" : "Normal",
    "timestamp" : 235447064815
  },
  {
    "transform" : [
      -0.007556645,
      -0.98779535,
      0.15557417,
      0,
      0.9992204,
      -0.013487981,
      -0.037105195,
      0,
      0.038750738,
      0.15517247,
      0.9871272,
      0,
      -0.6229705,
      2.8332427,
      5.6000333,
      0.9999999
    ],
    "trackingState" : "Normal",
    "timestamp" : 235447081476
  },
  {
    "transform" : [
      -0.006970101,
      -0.9875192,
      0.15734501,
      0,
      0.9991231,
      -0.013373852,
      -0.03967678,
      0,
      0.041285906,
      0.15693046,
      0.98674643,
      0,
      -0.6225483,
      2.8326607,
      5.59622,
      0.99999994
    ],
    "trackingState" : "Normal",
    "timestamp" : 235447098136
  },
  {
    "transform" : [
      -0.0063244603,
      -0.9872783,
      0.15887645,
      0,
      0.9990082,
      -0.0132410815,
      -0.042513814,
      0,
      0.044076674,
      0.15844996,
      0.98638284,
      0,
      -0.62209195,
      2.8319376,
      5.5924315,
      1
    ],
    "trackingState" : "Normal",
    "timestamp" : 235447114797
  },
  {
    "transform" : [
      -0.0048368336,
      -0.986879,
      0.16138954,
      0,
      0.9988092,
      -0.012603125,
      -0.047132455,
      0,
      0.048548058,
      0.16096936,
      0.98576486,
      0,
      -0.62186736,
      2.8313105,
      5.58865,
      1
    ],
    "trackingState" : "Normal",
    "timestamp" : 235447131457
  },
  {
    "transform" : [
      -0.0024500526,
      -0.98639596,
      0.16436863,
      0,
      0.9985744,
      -0.011177871,
      -0.05219515,
      0,
      0.053322393,
      0.16400643,
      0.9850172,
      0,
      -0.6217377,
      2.8306682,
      5.584871,
      0.99999994
    ],
    "trackingState" : "Normal",
    "timestamp" : 235447148117
  },
  {
    "transform" : [
      0.00012421994,
      -0.9859037,
      0.16731425,
      0,
      0.9983931,
      -0.009359368,
      -0.055891562,
      0,
      0.05666967,
      0.1670523,
      0.9843182,
      0,
      -0.62161094,
      2.8300223,
      5.5811048,
      1
    ],
    "trackingState" : "Normal",
    "timestamp" : 235447164778
  },
  {
    "transform" : [
      0.0024627259,
      -0.9854149,
      0.17015107,
      0,
      0.9982489,
      -0.0076340423,
      -0.058660287,
      0,
      0.059103683,
      0.16999756,
      0.9836706,
      0,
      -0.6214514,
      2.8293886,
      5.5772867,
      0.99999994
    ],
    "trackingState" : "Normal",
    "timestamp" : 235447181438
  },
  {
    "transform" : [
      0.0012809335,
      -0.9847568,
      0.17393255,
      0,
      0.99825543,
      -0.00900817,
      -0.05835339,
      0,
      0.059030734,
      0.17370382,
      0.98302734,
      0,
      -0.6210975,
      2.8287451,
      5.5735464,
      1
    ],
    "trackingState" : "Normal",
    "timestamp" : 235447198099
  },
  {
    "transform" : [
      -0.0005005811,
      -0.9837399,
      0.17959869,
      0,
      0.9981037,
      -0.0115467375,
      -0.06046455,
      0,
      0.061555192,
      0.17922781,
      0.9818801,
      0,
      -0.62126034,
      2.8277223,
      5.569917,
      0.99999994
    ],
    "trackingState" : "Normal",
    "timestamp" : 235447214759
  },
  {
    "transform" : [
      -0.0028540513,
      -0.9824231,
      0.18664615,
      0,
      0.997861,
      -0.014987723,
      -0.06363023,
      0,
      0.065309234,
      0.18606529,
      0.98036456,
      0,
      -0.6211022,
      2.8267372,
      5.566047,
      0.99999994
    ],
    "trackingState" : "Normal",
    "timestamp" : 235447231419
  },
  {
    "transform" : [
      -0.0045828796,
      -0.98107046,
      0.19359697,
      0,
      0.9975687,
      -0.017948253,
      -0.06733972,
      0,
      0.069539756,
      0.19281764,
      0.9787676,
      0,
      -0.6209359,
      2.8256965,
      5.5621314,
      1
    ],
    "trackingState" : "Normal",
    "timestamp" : 235447248080
  },
  {
    "transform" : [
      -0.0054985206,
      -0.9798967,
      0.1994298,
      0,
      0.9973045,
      -0.019966263,
      -0.070607185,
      0,
      0.073169634,
      0.19850394,
      0.9773652,
      0,
      -0.6208438,
      2.824584,
      5.558261,
      1
    ],
    "trackingState" : "Normal",
    "timestamp" : 235447264740
  },
  {
    "transform" : [
      -0.006078737,
      -0.97890574,
