[
  {
    "trackingState" : "Normal",
    "transform" : [
      0.057810552,
      -0.75997275,
      -0.64737904,
      0,
      -0.995938,
      -0.088743165,
      0.015240939,
      0,
      -0.06903318,
      0.64386815,
      -0.76201606,
      0,
      -1.4860129,
      -0.13859837,
      6.913506,
      1
    ],
    "timestamp" : 235395367548
  },
  {
    "trackingState" : "Normal",
    "transform" : [
      0.064143986,
      -0.76019204,
      -0.6465244,
      0,
      -0.99613756,
      -0.08770203,
      0.0042908583,
      0,
      -0.059963398,
      0.643752,
      -0.76288146,
      0,
      -1.4872916,
      -0.13785473,
      6.9124846,
      0.99999994
    ],
    "timestamp" : 235395384208
  },
  {
    "trackingState" : "Normal",
    "transform" : [
      0.06883225,
      -0.7617963,
      -0.64414954,
      0,
      -0.9963618,
      -0.085019514,
      -0.005921401,
      0,
      -0.0502544,
      0.6422135,
      -0.7648769,
      0,
      -1.4884354,
      -0.13697322,
      6.91132,
      1
    ],
    "timestamp" : 235395400869
  },
  {
    "trackingState" : "Normal",
    "transform" : [
      0.07301807,
      -0.7643554,
      -0.64064765,
      0,
      -0.9964912,
      -0.082265854,
      -0.015424244,
      0,
      -0.04091384,
      0.63952583,
      -0.76768035,
      0,
      -1.4897187,
      -0.13620172,
      6.9098244,
      1
    ],
    "timestamp" : 235395417529
  },
  {
    "trackingState" : "Normal",
    "transform" : [
      0.07744605,
      -0.766777,
      -0.6372247,
      0,
      -0.9964527,
      -0.080639854,
      -0.024070855,
      0,
      -0.032928742,
      0.63682836,
      -0.7703023,
      0,
      -1.4908779,
      -0.13519524,
      6.9084215,
      0.99999994
    ],
    "timestamp" : 235395434190
  },
  {
    "trackingState" : "Normal",
    "transform" : [
      0.08229671,
      -0.7685445,
      -0.63448155,
      0,
      -0.9962783,
      -0.079816535,
      -0.03254288,
      0,
      -0.02563148,
      0.6347982,
      -0.7722529,
      0,
      -1.4920053,
      -0.13409941,
      6.9070544,
      1
    ],
    "timestamp" : 235395450850
  },
  {
    "trackingState" : "Normal",
    "transform" : [
      0.08736003,
      -0.7700499,
      -0.63197416,
      0,
      -0.9960164,
      -0.07890184,
      -0.041542333,
      0,
      -0.017874269,
      0.6330858,
      -0.77387524,
      0,
      -1.4931121,
      -0.13290906,
      6.9056764,
      0.99999994
    ],
    "timestamp" : 235395467510
  },
  {
    "trackingState" : "Normal",
    "transform" : [
      0.09234147,
      -0.77171576,
      -0.62922794,
      0,
      -0.995674,
      -0.07810989,
      -0.050320953,
      0,
      -0.010315468,
      0.6311526,
      -0.7755901,
      0,
      -1.4942069,
      -0.13161586,
      6.9042544,
      0.99999994
    ],
    "timestamp" : 235395484171
  },
  {
    "trackingState" : "Normal",
    "transform" : [
      0.09733354,
      -0.77339816,
      -0.6264035,
      0,
      -0.9952454,
      -0.077891976,
      -0.05847549,
      0,
      -0.0035669794,
      0.62911683,
      -0.7773026,
      0,
      -1.4953196,
      -0.13023728,
      6.9027834,
      0.99999994
    ],
    "timestamp" : 235395500831
  },
  {
    "trackingState" : "Normal",
    "transform" : [
      0.102625966,
      -0.77517676,
      -0.62335294,
      0,
      -0.99471515,
      -0.078030914,
      -0.06672923,
      0,
      0.0030861376,
      0.6269068,
      -0.77908814,
      0,
      -1.4964007,
      -0.1294668,
      6.901212,
      0.9999998
    ],
    "timestamp" : 235395517492
  },
  {
    "trackingState" : "Normal",
    "transform" : [
      0.10801165,
      -0.77737427,
      -0.6196958,
      0,
      -0.99409705,
      -0.078040734,
      -0.07537116,
      0,
      0.01023007,
      0.62417865,
      -0.7812148,
      0,
      -1.4975584,
      -0.12810624,
      6.899582,
      1
    ],
    "timestamp" : 235395534152
  },
  {
    "trackingState" : "Normal",
    "transform" : [
      0.11340082,
      -0.7800305,
      -0.61538017,
      0,
      -0.9933959,
      -0.07813081,
      -0.08402528,
      0,
      0.017462118,
      0.6208446,
      -0.78373927,
      0,
      -1.4987409,
      -0.126489,
      6.8978906,
      0.9999999
    ],
    "timestamp" : 235395550813
  },
  {
    "trackingState" : "Normal",
    "transform" : [
      0.11844753,
      -0.78272635,
      -0.61099094,
      0,
      -0.992672,
      -0.07851142,
      -0.09186155,
      0,
      0.023932675,
      0.6173943,
      -0.78629,
      0,
      -1.4998794,
      -0.12477069,
      6.8962135,
      1.0000001
    ],
    "timestamp" : 235395567473
  },
  {
    "trackingState" : "Normal",
    "transform" : [
      0.12295442,
      -0.7851495,
      -0.60697836,
      0,
      -0.9919647,
      -0.07886249,
      -0.09892875,
      0,
      0.029806016,
      0.6142647,
      -0.7885372,
      0,
      -1.5009406,
      -0.12300252,
      6.894575,
      1
    ],
    "timestamp" : 235395584133
  },
  {
    "trackingState" : "Normal",
    "transform" : [
      0.12666649,
      -0.7875906,
      -0.60303974,
      0,
      -0.9913026,
      -0.07862072,
      -0.10553841,
      0,
      0.035709627,
      0.6111629,
      -0.7906991,
      0,
      -1.5018682,
      -0.12133093,
      6.8925114,
      1.0000001
    ],
    "timestamp" : 235395600794
  },
  {
    "trackingState" : "Normal",
    "transform" : [
      0.129148,
      -0.7904715,
      -0.59872836,
      0,
      -0.990728,
      -0.07717698,
      -0.11181087,
      0,
      0.042175252,
      0.607617,
      -0.79310966,
      0,
      -1.5026978,
      -0.11947449,
      6.890749,
      0.99999994
    ],
    "timestamp" : 235395617454
  },
  {
    "trackingState" : "Normal",
    "transform" : [
      0.13064834,
      -0.7941851,
      -0.59346545,
      0,
      -0.9902256,
      -0.07504595,
      -0.117565304,
      0,
      0.04883143,
      0.60302424,
      -0.79622704,
      0,
      -1.5034496,
      -0.11747328,
      6.889061,
      1
    ],
    "timestamp" : 235395634115
  },
  {
    "trackingState" : "Normal",
    "transform" : [
      0.13192464,
      -0.79812974,
      -0.58786476,
      0,
      -0.9897332,
      -0.07315664,
      -0.12278622,
      0,
      0.054993108,
      0.59802777,
      -0.79958665,
      0,
      -1.5041804,
      -0.115379296,
      6.8874187,
      1
    ],
    "timestamp" : 235395650775
  },
  {
    "trackingState" : "Normal",
    "transform" : [
      0.1338075,
      -0.8015354,
      -0.5827837,
      0,
      -0.9891618,
      -0.072148815,
      -0.12788178,
      0,
      0.060454626,
      0.59357876,
      -0.8025023,
      0,
      -1.5049822,
      -0.113226876,
      6.8858504,
      1
    ],
    "timestamp" : 235395667436
  },
  {
    "trackingState" : "Normal",
    "transform" : [
      0.13620086,
      -0.8045837,
      -0.5780091,
      0,
      -0.98845124,
      -0.071241684,
      -0.1337488,
      0,
      0.06643376,
      0.58955044,
      -0.80499506,
      0,
      -1.505856,
      -0.110991575,
      6.884319,
      0.99999994
    ],
    "timestamp" : 235395684096
  },
  {
    "trackingState" : "Normal",
    "transform" : [
      0.1382952,
      -0.8076182,
      -0.5732602,
      0,
      -0.9876798,
      -0.06966484,
      -0.14012623,
      0,
      0.073232405,
      0.5855763,
      -0.80730253,
      0,
      -1.5072695,
      -0.108700685,
      6.8823586,
      0.9999998
    ],
    "timestamp" : 235395700756
  },
  {
    "trackingState" : "Normal",
    "transform" : [
      0.13929681,
      -0.81119025,
      -0.56794983,
      0,
      -0.9869656,
      -0.06704989,
      -0.14629978,
      0,
      0.08059596,
      0.5809259,
      -0.8099567,
      0,
      -1.5082585,
      -0.10623373,
      6.8806396,
      1.0000001
    ],
    "timestamp" : 235395717417
  },
  {
    "trackingState" : "Normal",
    "transform" : [
      0.1402846,
      -0.8151286,
      -0.5620371,
      0,
      -0.98629344,
      -0.06524512,
      -0.15155332,
      0,
      0.086865254,
      0.575594,
      -0.813109,
      0,
      -1.5091473,
      -0.10364668,
      6.8789687,
      1
    ],
    "timestamp" : 235395734077
  },
  {
    "trackingState" : "Normal",
    "transform" : [
      0.14196038,
      -0.8189909,
      -0.55596876,
      0,
      -0.9855836,
      -0.06471807,
      -0.15632232,
      0,
      0.09204532,
      0.5701452,
      -0.8163715,
      0,
      -1.5100834,
      -0.100984156,
      6.877326,
      1
    ],
    "timestamp" : 235395750738
  },
  {
    "trackingState" : "Normal",
    "transform" : [
      0.14396706,
      -0.8228095,
      -0.54978013,
      0,
      -0.9847035,
      -0.06401368,
      -0.16205353,
      0,
      0.0981457,
      0.5647008,
      -0.8194393,
      0,
      -1.511042,
      -0.098227926,
      6.875702,
      0.9999999
    ],
    "timestamp" : 235395767398
  },
  {
    "trackingState" : "Normal",
    "transform" : [
      0.14499705,
      -0.8267888,
      -0.54350394,
      0,
      -0.9838739,
      -0.06233854,
      -0.16764927,
      0,
      0.10472926,
      0.5590478,
      -0.8224948,
      0,
      -1.5119108,
      -0.095371015,
      6.874098,
      1
    ],
    "timestamp" : 235395784058
  },
  {
    "trackingState" : "Normal",
    "transform" : [
      0.14484993,
      -0.8308744,
      -0.53727686,
      0,
      -0.9833846,
      -0.06083875,
      -0.17103629,
      0,
      0.10942243,
      0.5531243,
      -0.8258817,
      0,
      -1.5126655,
      -0.09247186,
      6.8725142,
      1
    ],
    "timestamp" : 235395800719
  },
  {
    "trackingState" : "Normal",
    "transform" : [
      0.14464599,
      -0.8350655,
      -0.530795,
      0,
      -0.9830404,
      -0.06015976,
      -0.1732411,
      0,
      0.11273517,
      0.5468515,
      -0.829605,
      0,
      -1.5131887,
      -0.09001175,
      6.87071,
      0.99999994
    ],
    "timestamp" : 235395817379
  },
  {
    "trackingState" : "Normal",
    "transform" : [
      0.14501917,
      -0.8393028,
      -0.52396595,
      0,
      -0.9825435,
      -0.0597932,
      -0.17616226,
      0,
      0.11652386,
      0.5403663,
      -0.83332276,
      0,
      -1.5138979,
      -0.087095186,
      6.869062,
      0.99999994
    ],
    "timestamp" : 235395834040
  },
  {
    "trackingState" : "Normal",
    "transform" : [
      0.14553274,
      -0.84328437,
      -0.5173895,
      0,
      -0.981885,
      -0.058973964,
      -0.18006667,
      0,
      0.121334895,
      0.5342225,
      -0.83659095,
      0,
      -1.5146382,
      -0.08396885,
      6.867504,
      1
    ],
    "timestamp" : 235395850700
  },
  {
    "trackingState" : "Normal",
    "transform" : [
      0.14503433,
      -0.84761626,
      -0.51040363,
      0,
      -0.9811956,
      -0.056812305,
      -0.18446583,
      0,
      0.127359,
      0.5275597,
      -0.8399172,
      0,
      -1.5152742,
      -0.0806647,
      6.8659587,
      1
    ],
    "timestamp" : 235395867361
  },
  {
    "trackingState" : "Normal",
    "transform" : [
      0.1433883,
      -0.8526866,
      -0.5023599,
      0,
      -0.98072314,
      -0.054338362,
      -0.18769538,
      0,
      0.13274787,
      0.5195893,
      -0.844041,
      0,
      -1.5157828,
      -0.07720199,
      6.8643813,
      1
    ],
    "timestamp" : 235395884021
  },
  {
    "trackingState" : "Normal",
    "transform" : [
      0.14189814,
      -0.85765237,
      -0.49426448,
      0,
      -0.9805634,
      -0.053436518,
      -0.1887859,
      0,
      0.13550088,
      0.511446,
      -0.8485651,
      0,
      -1.516283,
      -0.07364023,
      6.8628283,
      0.99999994
    ],
    "timestamp" : 235395900681
  },
  {
    "trackingState" : "Normal",
    "transform" : [
      0.14129601,
      -0.8623548,
      -0.48618898,
      0,
      -0.9803692,
      -0.053665984,
      -0.18972693,
      0,
      0.13752012,
      0.50345236,
      -0.8530089,
      0,
      -1.5165172,
      -0.069795765,
      6.86102,
      0.99999994
    ],
    "timestamp" : 235395917342
  },
  {
    "trackingState" : "Normal",
    "transform" : [
      0.14081156,
      -0.8670423,
      -0.47792253,
      0,
      -0.9799377,
      -0.053286813,
      -0.19204924,
      0,
      0.14104784,
      0.49537694,
      -0.85715085,
      0,
      -1.516968,
      -0.06589386,
      6.8594017,
      1
    ],
    "timestamp" : 235395934002
  },
  {
    "trackingState" : "Normal",
    "transform" : [
      0.13906953,
      -0.87216204,
      -0.46903443,
      0,
      -0.97938645,
      -0.051065363,
      -0.19543453,
      0,
      0.14649914,
      0.48654488,
      -0.8612853,
      0,
      -1.5174036,
      -0.061834943,
      6.857789,
      0.99999994
    ],
    "timestamp" : 235395950663
  },
  {
    "trackingState" : "Normal",
    "transform" : [
      0.13591197,
      -0.8780296,
      -0.45890296,
      0,
      -0.97888106,
      -0.047615778,
      -0.19880803,
      0,
      0.15270832,
      0.47623175,
      -0.86595815,
      0,
      -1.5177623,
      -0.057556216,
      6.85607,
      0.9999999
    ],
    "timestamp" : 235395967323
  },
  {
    "trackingState" : "Normal",
    "transform" : [
      0.13275687,
      -0.8842994,
      -0.4476497,
      0,
      -0.978702,
      -0.045606107,
      -0.20015644,
      0,
      0.15658265,
      0.46468773,
      -0.8715202,
      0,
      -1.51823,
      -0.053111143,
      6.8542933,
      0.99999994
    ],
    "timestamp" : 235395983984
  },
  {
    "trackingState" : "Normal",
    "transform" : [
      0.1302085,
      -0.8903962,
      -0.43616563,
      0,
      -0.97856575,
      -0.04462021,
      -0.2010427,
      0,
      0.15954585,
      0.45299417,
      -0.8771212,
      0,
      -1.5187582,
      -0.048541743,
      6.8524556,
      1
    ],
    "timestamp" : 235396000644
  },
  {
    "trackingState" : "Normal",
    "transform" : [
      0.1277927,
      -0.89646024,
      -0.42429745,
      0,
      -0.97828114,
      -0.043537237,
      -0.20265923,
      0,
      0.16320318,
      0.4409805,
      -0.8825538,
      0,
      -1.5193262,
      -0.04386834,
      6.8505735,
      1
    ],
    "timestamp" : 235396017304
  },
  {
    "trackingState" : "Normal",
    "transform" : [
      0.1259501,
      -0.90226406,
      -0.4123788,
      0,
      -0.97782564,
      -0.042802867,
      -0.2050002,
      0,
      0.16731331,
      0.42905432,
      -0.887648,
      0,
      -1.5196507,
      -0.039245926,
      6.8477926,
      0.99999994
    ],
    "timestamp" : 235396033965
  },
  {
    "trackingState" : "Normal",
    "transform" : [
      0.1256411,
      -0.9070824,
      -0.40176612,
      0,
      -0.97736555,
      -0.043692768,
      -0.20699686,
      0,
      0.17020893,
      0.41867962,
      -0.89204067,
      0,
      -1.5202569,
      -0.034540165,
      6.845627,
      1
    ],
    "timestamp" : 235396050625
  },
  {
    "trackingState" : "Normal",
    "transform" : [
      0.1268232,
      -0.91116583,
      -0.39203683,
      0,
      -0.97695935,
      -0.046343636,
      -0.20833342,
      0,
      0.17165786,
      0.40942547,
      -0.8960495,
      0,
      -1.5210192,
      -0.029796112,
      6.8436594,
      1
    ],
    "timestamp" : 235396067286
  },
  {
    "trackingState" : "Normal",
    "transform" : [
      0.12774155,
      -0.9152848,
      -0.38201544,
      0,
      -0.97646254,
      -0.048570134,
      -0.21014683,
      0,
      0.17378967,
      0.39986825,
      -0.89994586,
      0,
      -1.5217699,
      -0.024975052,
      6.8416743,
      0.9999998
    ],
    "timestamp" : 235396083946
  },
  {
    "trackingState" : "Normal",
    "transform" : [
      0.1261961,
      -0.9200765,
      -0.37085578,
      0,
      -0.97583777,
      -0.047918644,
      -0.21317752,
      0,
      0.17836872,
      0.38879722,
      -0.9038925,
      0,
      -1.5223436,
      -0.020036487,
      6.83954,
      0.99999994
    ],
    "timestamp" : 235396100606
  },
  {
    "trackingState" : "Normal",
    "transform" : [
      0.12174508,
      -0.9257811,
      -0.3579213,
      0,
      -0.97524536,
      -0.04450887,
      -0.21660025,
      0,
      0.18459374,
      0.3754311,
      -0.9082824,
      0,
      -1.5226376,
      -0.0150058465,
      6.8366036,
      0.99999994
    ],
    "timestamp" : 235396117267
  },
  {
    "trackingState" : "Normal",
    "transform" : [
      0.11688816,
      -0.9315177,
      -0.34440112,
      0,
      -0.9748393,
      -0.04133971,
      -0.21904254,
      0,
      0.18980457,
      0.36133915,
      -0.91291225,
      0,
      -1.5228859,
      -0.009905931,
      6.833971,
      1
    ],
    "timestamp" : 235396133927
  },
  {
    "trackingState" : "Normal",
    "transform" : [
      0.11358548,
      -0.9366024,
      -0.33147308,
      0,
      -0.9747691,
      -0.04052877,
      -0.21950579,
      0,
      0.19215545,
      0.34804234,
      -0.9175746,
      0,
      -1.5232131,
      -0.0048077228,
      6.8314404,
      1
    ],
    "timestamp" : 235396150588
  },
  {
    "trackingState" : "Normal",
    "transform" : [
      0.112063676,
      -0.9408577,
      -0.31973177,
      0,
      -0.97476524,
      -0.041568045,
      -0.21932803,
      0,
      0.19306588,
      0.33624214,
      -0.9217738,
      0,
      -1.5236031,
      0.0002646437,
      6.8289747,
      0.9999999
    ],
    "timestamp" : 235396167248
  },
  {
    "trackingState" : "Normal",
    "transform" : [
      0.11120445,
      -0.94457054,
      -0.30890125,
      0,
      -0.9746059,
      -0.04286423,
      -0.21978614,
      0,
      0.19436271,
      0.32549816,
      -0.9253508,
      0,
      -1.5239875,
      0.005323656,
      6.8265114,
      0.9999999
    ],
    "timestamp" : 235396183909
  },
  {
    "trackingState" : "Normal",
    "transform" : [
      0.10973803,
      -0.9482769,
      -0.2978737,
      0,
      -0.9742546,
      -0.043240245,
      -0.22126514,
      0,
      0.19694047,
      0.31448603,
      -0.92860824,
      0,
      -1.524335,
      0.010489269,
      6.8236737,
      1
    ],
    "timestamp" : 235396200569
  },
  {
    "trackingState" : "Normal",
    "transform" : [
      0.10757799,
      -0.9520259,
      -0.28648537,
      0,
      -0.9738305,
      -0.042877875,
      -0.22319421,
      0,
      0.20020278,
      0.302999,
      -0.93172455,
      0,
      -1.5245829,
      0.015574873,
      6.820958,
      1
    ],
    "timestamp" : 235396217229
  },
  {
    "trackingState" : "Normal",
    "transform" : [
      0.10501551,
      -0.9556923,
      -0.27499804,
      0,
      -0.97334695,
      -0.04208485,
      -0.22544293,
      0,
      0.20388085,
      0.29134348,
      -0.9346398,
      0,
      -1.5247678,
      0.020605154,
      6.818238,
      0.9999999
    ],
    "timestamp" : 235396233890
  },
  {
    "trackingState" : "Normal",
    "transform" : [
      0.10149541,
      -0.95935166,
      -0.2633309,
      0,
      -0.97263527,
      -0.040083025,
      -0.22885384,
      0,
      0.20899622,
      0.2793525,
      -0.9371675,
      0,
      -1.5248423,
      0.02559653,
      6.81547,
      0.99999994
    ],
    "timestamp" : 235396250550
  },
  {
    "trackingState" : "Normal",
    "transform" : [
      0.097391054,
      -0.96291256,
      -0.2516239,
      0,
      -0.9717905,
      -0.03744028,
      -0.23285538,
      0,
      0.2147985,
      0.2672037,
      -0.93939555,
      0,
      -1.5247769,
      0.030553367,
      6.812638,
      0.99999994
    ],
    "timestamp" : 235396267211
  },
  {
    "trackingState" : "Normal",
    "transform" : [
      0.093975164,
      -0.9662418,
      -0.2398864,
      0,
      -0.97119063,
      -0.035971295,
      -0.2355733,
      0,
      0.21899173,
      0.25511348,
      -0.9417854,
      0,
      -1.5246705,
      0.035465527,
      6.8097234,
      0.99999994
    ],
    "timestamp" : 235396283871
  },
  {
    "trackingState" : "Normal",
    "transform" : [
      0.09214285,
      -0.96918845,
      -0.22843723,
      0,
      -0.97118914,
      -0.036838625,
      -0.23544574,
      0,
      0.21977596,
      0.24355036,
      -0.94465977,
      0,
      -1.5251511,
      0.03984508,
      6.806664,
      0.99999994
    ],
    "timestamp" : 235396300531
  },
  {
    "trackingState" : "Normal",
    "transform" : [
      0.09109969,
      -0.9717505,
      -0.21771981,
      0,
      -0.9715337,
      -0.038715325,
      -0.23371679,
      0,
      0.2186853,
      0.23281363,
      -0.9476153,
      0,
      -1.5252656,
      0.044463668,
      6.803606,
      0.99999994
    ],
    "timestamp" : 235396317192
  },
  {
    "trackingState" : "Normal",
    "transform" : [
      0.08888744,
      -0.9742269,
      -0.20731872,
      0,
      -0.971933,
      -0.03931856,
      -0.23194937,
      0,
      0.21781984,
      0.22211723,
      -0.95037824,
      0,
      -1.5251193,
      0.049098138,
      6.8005238,
      1
    ],
    "timestamp" : 235396333852
  },
  {
    "trackingState" : "Normal",
    "transform" : [
      0.08461558,
      -0.9767652,
      -0.19690141,
      0,
      -0.97196317,
      -0.03740362,
      -0.23213983,
      0,
      0.21938127,
      0.21102351,
      -0.9525447,
      0,
      -1.5247205,
      0.053700417,
      6.797412,
      1
    ],
    "timestamp" : 235396350513
  },
  {
    "trackingState" : "Normal",
    "transform" : [
      0.07915655,
      -0.9794123,
      -0.18570347,
      0,
      -0.9714654,
      -0.034007642,
      -0.23473087,
      0,
      0.22358295,
      0.19898498,
      -0.9541572,
      0,
      -1.5241661,
      0.058281906,
      6.794225,
      0.99999994
    ],
    "timestamp" : 235396367173
  },
  {
    "trackingState" : "Normal",
    "transform" : [
      0.07345216,
      -0.982065,
      -0.17364624,
      0,
      -0.97076994,
      -0.030513385,
      -0.23806457,
      0,
      0.22849636,
      0.18605688,
      -0.95560056,
      0,
      -1.5235474,
      0.062818214,
      6.79097,
      1
    ],
    "timestamp" : 235396383834
  },
  {
    "trackingState" : "Normal",
    "transform" : [
      0.06787263,
      -0.98445624,
      -0.16198519,
      0,
      -0.9703539,
      -0.02738848,
      -0.24013129,
      0,
      0.23196222,
      0.1734813,
      -0.95713,
      0,
      -1.523197,
      0.06728612,
      6.7876983,
      0.9999999
    ],
    "timestamp" : 235396400494
  },
  {
    "trackingState" : "Normal",
    "transform" : [
      0.06340533,
      -0.98640233,
      -0.15162528,
      0,
      -0.97030306,
      -0.025393233,
      -0.24055637,
      0,
      0.2334351,
      0.16237502,
      -0.9587193,
      0,
      -1.5225246,
      0.07161651,
      6.7844996,
      1
    ],
    "timestamp" : 235396417154
  },
  {
    "trackingState" : "Normal",
    "transform" : [
      0.060518626,
      -0.9880302,
      -0.14189334,
      0,
      -0.970628,
      -0.02509011,
      -0.23927332,
      0,
      0.23284912,
      0.15220612,
      -0.9605283,
      0,
      -1.5217968,
      0.075846456,
      6.7813044,
      0.9999998
    ],
    "timestamp" : 235396433815
  },
  {
    "trackingState" : "Normal",
    "transform" : [
      0.058354445,
      -0.9896494,
      -0.13110687,
      0,
      -0.9709794,
      -0.025753887,
      -0.23777278,
      0,
      0.23193513,
      0.14117715,
      -0.9624321,
      0,
      -1.5210633,
      0.08001438,
      6.7780313,
      1
    ],
    "timestamp" : 235396450475
  },
  {
    "trackingState" : "Normal",
    "transform" : [
      0.055500884,
      -0.9912967,
      -0.11937572,
      0,
      -0.97106504,
      -0.025777066,
      -0.23742048,
      0,
      0.23227698,
      0.12909861,
      -0.9640442,
      0,
      -1.5202392,
      0.08410118,
      6.774716,
      1
    ],
    "timestamp" : 235396467136
  },
  {
    "trackingState" : "Normal",
    "transform" : [
      0.05118402,
      -0.99280214,
      -0.108277924,
      0,
      -0.9709362,
      -0.024086311,
      -0.23812318,
      0,
      0.23380117,
      0.11731905,
      -0.9651805,
      0,
      -1.5192502,
      0.088097826,
      6.7714696,
      1
    ],
    "timestamp" : 235396483796
  },
  {
    "trackingState" : "Normal",
    "transform" : [
      0.046899404,
      -0.99403536,
      -0.098458834,
      0,
      -0.9704616,
      -0.021990335,
      -0.24025163,
      0,
      0.23665349,
      0.106818154,
      -0.9657046,
      0,
      -1.5180258,
      0.09258692,
      6.768174,
      1
    ],
    "timestamp" : 235396500456
  },
  {
    "trackingState" : "Normal",
    "transform" : [
      0.04406579,
      -0.99494874,
      -0.09019493,
      0,
      -0.969837,
      -0.02093825,
      -0.24285336,
      0,
      0.23973814,
      0.0981759,
      -0.9658609,
      0,
      -1.5169662,
      0.09656807,
      6.765143,
      0.9999999
    ],
    "timestamp" : 235396517117
  },
  {
    "trackingState" : "Normal",
    "transform" : [
      0.043843396,
      -0.9955665,
      -0.083217956,
      0,
      -0.9691743,
      -0.022170404,
      -0.24537706,
      0,
      0.24244423,
      0.091410846,
      -0.9658494,
      0,
      -1.5160309,
      0.10036529,
      6.76217,
      1
    ],
    "timestamp" : 235396533777
  },
  {
    "trackingState" : "Normal",
    "transform" : [
      0.04364713,
      -0.99618495,
      -0.07556846,
      0,
      -0.96844095,
      -0.02360948,
      -0.24812275,
      0,
      0.24539201,
      0.08401342,
      -0.9657768,
      0,
      -1.5150375,
      0.104108825,
      6.759149,
      1
    ],
    "timestamp" : 235396550438
  },
  {
    "trackingState" : "Normal",
    "transform" : [
      0.042094085,
      -0.9968576,
      -0.06710512,
      0,
      -0.9679834,
      -0.024055136,
      -0.24985923,
      0,
      0.24745984,
      0.07547422,
      -0.96595424,
      0,
      -1.5138769,
      0.10780781,
      6.7560277,
      1
    ],
    "timestamp" : 235396567098
  },
  {
    "trackingState" : "Normal",
    "transform" : [
      0.039632432,
      -0.9975419,
      -0.057788666,
      0,
      -0.96809655,
      -0.024013119,
      -0.2494247,
      0,
      0.24742389,
      0.0658303,
      -0.96666855,
      0,
      -1.5126239,
      0.11146702,
      6.7528167,
      1
    ],
    "timestamp" : 235396583758
  },
  {
    "trackingState" : "Normal",
    "transform" : [
      0.03754159,
      -0.9981444,
      -0.0479429,
      0,
      -0.9684365,
      -0.02450975,
      -0.24805291,
      0,
      0.24641754,
      0.055741947,
      -0.9675596,
      0,
      -1.5113866,
      0.11510914,
      6.7495537,
      0.99999994
    ],
    "timestamp" : 235396600419
  },
  {
    "trackingState" : "Normal",
    "transform" : [
      0.035862498,
      -0.99861914,
      -0.038388662,
      0,
      -0.9687465,
      -0.025303869,
      -0.2467588,
      0,
      0.24544668,
      0.04603827,
      -0.9683163,
      0,
      -1.5106611,
      0.11966483,
      6.745916,
      0.9999999
    ],
    "timestamp" : 235396617079
  },
  {
    "trackingState" : "Normal",
    "transform" : [
      0.03382205,
      -0.9989991,
      -0.029273843,
      0,
      -0.96859753,
      -0.025545552,
      -0.24731848,
      0,
      0.24632312,
      0.036719386,
      -0.9684921,
      0,
      -1.5096523,
      0.12356983,
      6.7426486,
      0.99999994
    ],
    "timestamp" : 235396633740
  },
  {
    "trackingState" : "Normal",
    "transform" : [
      0.031678874,
      -0.99928176,
      -0.020794477,
      0,
      -0.9677332,
      -0.02546207,
      -0.2506872,
      0,
      0.2499777,
      0.028064994,
      -0.96784484,
      0,
      -1.5085402,
      0.12728772,
      6.7395597,
      0.99999994
    ],
    "timestamp" : 235396650400
  },
  {
    "trackingState" : "Normal",
    "transform" : [
      0.02999286,
      -0.99946207,
      -0.013268722,
      0,
      -0.96659917,
      -0.025621198,
      -0.25500953,
      0,
      0.25453237,
      0.020473994,
      -0.9668477,
      0,
      -1.5073948,
      0.13098916,
      6.736589,
      1
    ],
    "timestamp" : 235396667061
  },
  {
    "trackingState" : "Normal",
    "transform" : [
      0.028492833,
      -0.99957335,
      -0.0064326962,
      0,
      -0.96580637,
      -0.02587014,
      -0.25797096,
      0,
      0.2576945,
      0.013563059,
      -0.9661314,
      0,
      -1.5062563,
      0.13474926,
      6.733627,
      1
    ],
    "timestamp" : 235396683721
  },
  {
    "trackingState" : "Normal",
    "transform" : [
      0.02642928,
      -0.9996498,
      0.0013662617,
      0,
      -0.9654756,
      -0.025880028,
      -0.2592049,
      0,
      0.25914952,
      0.0055315057,
      -0.9658216,
      0,
      -1.5051928,
      0.13881157,
      6.7301464,
      1
    ],
    "timestamp" : 235396700381
  },
  {
    "trackingState" : "Normal",
    "transform" : [
      0.023150973,
      -0.9996678,
      0.011334337,
      0,
      -0.96551526,
      -0.025297914,
      -0.25911474,
      0,
      0.2593154,
      -0.004944718,
      -0.9657802,
      0,
      -1.5040828,
      0.1427712,
      6.7268043,
      1
    ],
    "timestamp" : 235396717042
  },
  {
    "trackingState" : "Normal",
    "transform" : [
      0.019406995,
      -0.99954605,
      0.023047883,
      0,
      -0.9657315,
      -0.024707926,
      -0.2583649,
      0,
      0.25881702,
      -0.01724398,
      -0.9657727,
      0,
      -1.5030451,
      0.14673465,
      6.723469,
      1
    ],
    "timestamp" : 235396733702
  },
  {
    "trackingState" : "Normal",
    "transform" : [
      0.016668465,
      -0.9992728,
      0.034294255,
      0,
      -0.9657017,
      -0.024978278,
      -0.25845018,
      0,
      0.25911883,
      -0.028810048,
      -0.9654158,
      0,
      -1.5021623,
      0.15073778,
      6.720241,
      0.99999994
    ],
    "timestamp" : 235396750363
  },
  {
    "trackingState" : "Normal",
    "transform" : [
      0.015173038,
      -0.9989133,
      0.044067513,
      0,
      -0.96506673,
      -0.026159598,
      -0.260695,
      0,
      0.2615645,
      -0.038572554,
      -0.964415,
      0,
      -1.5014368,
      0.15477921,
      6.717178,
      0.9999999
    ],
    "timestamp" : 235396767023
  },
  {
    "trackingState" : "Normal",
    "transform" : [
      0.0142107345,
      -0.99850285,
      0.052822538,
      0,
      -0.9638078,
      -0.027743883,
      -0.2651507,
      0,
      0.26621923,
      -0.047142785,
      -0.9627592,
      0,
      -1.5008129,
      0.15887557,
      6.7142315,
      0.99999994
    ],
    "timestamp" : 235396783684
  },
  {
    "trackingState" : "Normal",
    "transform" : [
      0.012988136,
      -0.99803317,
      0.0613294,
      0,
      -0.96261835,
      -0.029075606,
      -0.2692967,
      0,
      0.2705502,
      -0.05553913,
      -0.96110266,
      0,
      -1.5006491,
      0.16379823,
      6.710599,
      1
    ],
    "timestamp" : 235396800344
  },
  {
    "trackingState" : "Normal",
    "transform" : [
      0.0106686205,
      -0.9974203,
      0.0709845,
      0,
      -0.9619229,
      -0.029626044,
      -0.27171052,
      0,
      0.27311262,
      -0.06538284,
      -0.9597577,
      0,
      -1.5002058,
      0.16815414,
      6.7074537,
      0.9999999
    ],
    "timestamp" : 235396817004
  },
  {
    "trackingState" : "Normal",
    "transform" : [
      0.007735142,
      -0.9966588,
      0.08131051,
      0,
      -0.9614949,
      -0.029751385,
      -0.27320805,
      0,
      0.2747143,
      -0.07606633,
      -0.9585125,
      0,
      -1.4997013,
      0.17229834,
      6.704479,
      0.99999994
    ],
    "timestamp" : 235396833665
  },
  {
    "trackingState" : "Normal",
    "transform" : [
      0.0044602687,
      -0.9958258,
      0.09116547,
      0,
      -0.9609044,
      -0.029507257,
      -0.2753038,
      0,
      0.27684468,
      -0.08637337,
      -0.9570251,
      0,
      -1.4992163,
      0.17632698,
      6.701612,
      1
    ],
    "timestamp" : 235396850325
  },
  {
    "trackingState" : "Normal",
    "transform" : [
      -0.00013759249,
      -0.9949291,
      0.100579746,
      0,
      -0.9596564,
      -0.028149199,
      -0.27976313,
      0,
      0.28117567,
      -0.09656048,
      -0.9547862,
      0,
      -1.4986907,
      0.18026875,
      6.6987796,
      1
    ],
    "timestamp" : 235396866986
  },
  {
    "trackingState" : "Normal",
    "transform" : [
      -0.0063097053,
      -0.9939319,
      0.10981704,
      0,
      -0.9579224,
      -0.02550642,
      -0.28589243,
      0,
      0.2869586,
      -0.10700007,
      -0.9519487,
      0,
      -1.4980657,
      0.18411215,
      6.695886,
      1
    ],
    "timestamp" : 235396883646
  },
  {
    "trackingState" : "Normal",
    "transform" : [
      -0.012699125,
      -0.9929161,
      0.11813702,
      0,
      -0.9565106,
      -0.022370467,
      -0.29083896,
      0,
      0.29142153,
      -0.11669269,
      -0.94945073,
      0,
      -1.4969623,
      0.18761125,
      6.6923866,
      1
    ],
    "timestamp" : 235396900306
  },
  {
    "trackingState" : "Normal",
    "transform" : [
      -0.017699225,
      -0.99193496,
      0.12550674,
      0,
      -0.9556833,
      -0.02010986,
      -0.29370958,
      0,
      0.2938647,
      -0.1251431,
      -0.94761974,
      0,
      -1.4962937,
      0.19125058,
      6.6893144,
      1
    ],
    "timestamp" : 235396916967
  },
  {
    "trackingState" : "Normal",
    "transform" : [
      -0.02165682,
      -0.9908568,
      0.13316882,
      0,
      -0.9552363,
      -0.018802093,
      -0.295246,
      0,
      0.29505035,
      -0.13360177,
      -0.94609517,
      0,
      -1.4958147,
      0.19489211,
      6.6862755,
      1
    ],
    "timestamp" : 235396933627
  },
  {
    "trackingState" : "Normal",
    "transform" : [
      -0.025679054,
      -0.98955476,
      0.14185221,
      0,
      -0.9549181,
      -0.017700212,
      -0.2963417,
      0,
      0.2957571,
      -0.143067,
      -0.9444893,
      0,
      -1.4954437,
      0.19846687,
      6.6831164,
      0.99999994
    ],
    "timestamp" : 235396950288
  },
  {
    "trackingState" : "Normal",
    "transform" : [
      -0.031015808,
      -0.9879867,
      0.15139501,
      0,
      -0.95440274,
      -0.015719347,
      -0.29810813,
      0,
      0.29690668,
      -0.15373786,
      -0.94244975,
      0,
      -1.4950922,
      0.2019257,
      6.6798344,
      1
    ],
    "timestamp" : 235396966948
  },
  {
    "trackingState" : "Normal",
    "transform" : [
      -0.03757553,
      -0.98628557,
      0.16071387,
      0,
      -0.95353556,
      -0.012721665,
      -0.301012,
      0,
      0.29892832,
      -0.16455705,
      -0.9399804,
      0,
      -1.4947147,
      0.20527054,
      6.67649,
      0.99999994
    ],
    "timestamp" : 235396983609
  },
  {
    "trackingState" : "Normal",
    "transform" : [
      -0.044121698,
      -0.98464257,
      0.16891514,
      0,
      -0.9523814,
      -0.009605159,
      -0.30475858,
      0,
      0.3017007,
      -0.17431806,
      -0.93733144,
      0,
      -1.4945153,
      0.20844239,
      6.672637,
      1
    ],
    "timestamp" : 235397000269
  },
  {
    "trackingState" : "Normal",
    "transform" : [
      -0.050237913,
      -0.9831199,
      0.17593026,
      0,
      -0.95134073,
      -0.0065158554,
      -0.30807227,
      0,
      0.30401835,
      -0.1828465,
      -0.93495476,
      0,
      -1.4942548,
      0.21155189,
      6.6692142,
      0.99999994
    ],
    "timestamp" : 235397016929
  },
  {
    "trackingState" : "Normal",
    "transform" : [
      -0.055991363,
      -0.9816712,
      0.18217193,
      0,
      -0.9507403,
      -0.0032952034,
      -0.30997118,
      0,
      0.30489013,
      -0.19055389,
      -0.9331299,
      0,
      -1.4940399,
      0.2145269,
      6.6659675,
      0.99999994
    ],
    "timestamp" : 235397033590
  },
  {
    "trackingState" : "Normal",
    "transform" : [
      -0.06176188,
      -0.98017955,
      0.18823817,
      0,
      -0.9501009,
      -4.0367944e-05,
      -0.31194302,
      0,
      0.30576777,
      -0.19811141,
      -0.93126696,
      0,
      -1.49387,
      0.21737397,
      6.662796,
      0.99999994
    ],
    "timestamp" : 235397050250
  },
  {
    "trackingState" : "Normal",
    "transform" : [
      -0.06805008,
      -0.9785381,
      0.19450527,
      0,
      -0.9486332,
      0.0030865339,
      -0.31636295,
      0,
      0.30897287,
      -0.20604266,
      -0.92848396,
      0,
      -1.4937043,
      0.22013375,
      6.6596103,
      0.9999999
    ],
    "timestamp" : 235397066911
  },
  {
    "trackingState" : "Normal",
    "transform" : [
      -0.074398816,
      -0.9768266,
      0.20068546,
      0,
      -0.9465159,
      0.0058121798,
      -0.32260522,
      0,
      0.31396294,
      -0.21395338,
      -0.9250144,
      0,
      -1.4935658,
      0.22283936,
      6.6564007,
      1
    ],
    "timestamp" : 235397083571
  },
  {
    "trackingState" : "Normal",
    "transform" : [
      -0.07981019,
      -0.9752161,
      0.20635925,
      0,
      -0.9446207,
      0.007885565,
      -0.3280697,
      0,
      0.31831157,
      -0.22111449,
      -0.9218385,
      0,
      -1.4941521,
      0.22530134,
      6.6530304,
      0.99999994
    ],
    "timestamp" : 235397100232
  },
  {
    "trackingState" : "Normal",
    "transform" : [
      -0.08438036,
      -0.97386646,
      0.2108654,
      0,
      -0.9433293,
      0.00991124,
      -0.3317104,
      0,
      0.32095173,
      -0.22690529,
      -0.91951305,
      0,
      -1.4943906,
      0.22780697,
      6.649826,
      1
    ],
    "timestamp" : 235397116892
  },
  {
    "trackingState" : "Normal",
    "transform" : [
      -0.08937295,
      -0.972617,
      0.2145435,
      0,
      -0.9420363,
      0.012606838,
      -0.33527428,
      0,
      0.32338876,
      -0.23207217,
      -0.91736716,
      0,
      -1.4944853,
      0.2302463,
      6.646676,
      1
    ],
    "timestamp" : 235397133552
  },
  {
    "trackingState" : "Normal",
    "transform" : [
      -0.095823966,
      -0.9711218,
      0.21849553,
      0,
      -0.9397974,
      0.01592927,
      -0.34136096,
      0,
      0.32802263,
      -0.23805204,
      -0.91418415,
      0,
      -1.4944577,
      0.23260038,
      6.6434355,
      0.99999994
    ],
    "timestamp" : 235397150213
  },
  {
    "trackingState" : "Normal",
    "transform" : [
      -0.10309936,
      -0.96926755,
      0.22336304,
      0,
      -0.9368051,
      0.019145591,
      -0.34932736,
      0,
      0.3343152,
      -0.24526304,
      -0.9099888,
      0,
      -1.494395,
      0.2348893,
      6.6400137,
      1
    ],
    "timestamp" : 235397166873
  },
  {
    "trackingState" : "Normal",
    "transform" : [
      -0.10923983,
      -0.9674827,
      0.2281316,
      0,
      -0.9342893,
      0.021579895,
      -0.35586226,
      0,
      0.3393675,
      -0.25201523,
      -0.9062661,
      0,
      -1.49445,
      0.23712245,
      6.63646,
      1
    ],
    "timestamp" : 235397183534
  },
  {
    "trackingState" : "Normal",
    "transform" : [
      -0.113407746,
      -0.96590734,
      0.23272716,
      0,
      -0.9328881,
      0.022927895,
      -0.35943598,
      0,
      0.3418459,
      -0.25787118,
      -0.9036836,
      0,
      -1.4951905,
      0.23868015,
      6.6326547,
      0.99999994
    ],
    "timestamp" : 235397200194
  },
  {
    "trackingState" : "Normal",
    "transform" : [
      -0.1168298,
      -0.96441275,
      0.23718931,
      0,
      -0.93201774,
      0.023968263,
      -0.36161897,
      0,
      0.34306493,
      -0.26331252,
      -0.9016501,
      0,
      -1.4956658,
