[
  {
    "transform" : [
      -0.0015312982,
      -0.9793203,
      0.20231058,
      0,
      0.91397583,
      -0.08346154,
      -0.39709252,
      0,
      0.4057659,
      0.18429887,
      0.895203,
      0,
      -1.4444944,
      2.7329013,
      -1.4520279,
      1
    ],
    "timestamp" : 235512056988,
    "trackingState" : "Normal"
  },
  {
    "transform" : [
      -0.0010858355,
      -0.97897106,
      0.2039965,
      0,
      0.9135886,
      -0.08392408,
      -0.39788547,
      0,
      0.40663862,
      0.18593678,
      0.8944679,
      0,
      -1.4475765,
      2.7337704,
      -1.4583789,
      0.99999994
    ],
    "timestamp" : 235512073648,
    "trackingState" : "Normal"
  },
  {
    "transform" : [
      -0.0006604764,
      -0.97898287,
      0.20394178,
      0,
      0.9136003,
      -0.08351614,
      -0.39794436,
      0,
      0.40661317,
      0.18605839,
      0.89445424,
      0,
      -1.4506475,
      2.734647,
      -1.464507,
      1
    ],
    "timestamp" : 235512090309,
    "trackingState" : "Normal"
  },
  {
    "transform" : [
      0.0005788211,
      -0.9792029,
      0.20288283,
      0,
      0.91284347,
      -0.0823216,
      -0.39992514,
      0,
      0.40830955,
      0.1854317,
      0.89381135,
      0,
      -1.4537348,
      2.7354932,
      -1.4704195,
      0.99999994
    ],
    "timestamp" : 235512106969,
    "trackingState" : "Normal"
  },
  {
    "transform" : [
      0.0021130017,
      -0.9795987,
      0.20095296,
      0,
      0.91069186,
      -0.08112523,
      -0.40504235,
      0,
      0.41308132,
      0.18386205,
      0.89194113,
      0,
      -1.4565985,
      2.7366416,
      -1.4767344,
      1.0000001
    ],
    "timestamp" : 235512123629,
    "trackingState" : "Normal"
  },
  {
    "transform" : [
      0.003303277,
      -0.980036,
      0.19879279,
      0,
      0.90751487,
      -0.08055733,
      -0.4122226,
      0,
      0.42000723,
      0.18176904,
      0.8891311,
      0,
      -1.459451,
      2.7375386,
      -1.4825877,
      0.99999994
    ],
    "timestamp" : 235512140290,
    "trackingState" : "Normal"
  },
  {
    "transform" : [
      0.003945618,
      -0.98048145,
      0.19657262,
      0,
      0.90494424,
      -0.08014444,
      -0.41791534,
      0,
      0.4255124,
      0.17953612,
      0.88696474,
      0,
      -1.4622192,
      2.7383568,
      -1.4881757,
      1
    ],
    "timestamp" : 235512156950,
    "trackingState" : "Normal"
  },
  {
    "transform" : [
      0.0033485722,
      -0.98108625,
      0.19354188,
      0,
      0.9038368,
      -0.07984121,
      -0.42036223,
      0,
      0.42786425,
      0.17633787,
      0.8864746,
      0,
      -1.4648355,
      2.7391913,
      -1.4935274,
      0.99999994
    ],
    "timestamp" : 235512173610,
    "trackingState" : "Normal"
  },
  {
    "transform" : [
      0.0020470833,
      -0.981734,
      0.19024774,
      0,
      0.9030878,
      -0.0798875,
      -0.4219602,
      0,
      0.42945114,
      0.17267418,
      0.8864286,
      0,
      -1.4673119,
      2.7400143,
      -1.498702,
      0.9999998
    ],
    "timestamp" : 235512190271,
    "trackingState" : "Normal"
  },
  {
    "transform" : [
      0.00091625,
      -0.9822072,
      0.18779881,
      0,
      0.9010952,
      -0.08062257,
      -0.42606074,
      0,
      0.43362075,
      0.16961494,
      0.8849883,
      0,
      -1.4696951,
      2.7407548,
      -1.5037911,
      1.0000001
    ],
    "timestamp" : 235512206931,
    "trackingState" : "Normal"
  },
  {
    "transform" : [
      5.1084942e-05,
      -0.9825307,
      0.18610027,
      0,
      0.89778405,
      -0.081920184,
      -0.4327504,
      0,
      0.440436,
      0.16709994,
      0.8820963,
      0,
      -1.4718539,
      2.7419205,
      -1.5090712,
      1
    ],
    "timestamp" : 235512223592,
    "trackingState" : "Normal"
  },
  {
    "transform" : [
      -0.00087368226,
      -0.9828757,
      0.18426804,
      0,
      0.8941235,
      -0.08328674,
      -0.44000766,
      0,
      0.44781998,
      0.1643739,
      0.878885,
      0,
      -1.474065,
      2.7426891,
      -1.5141296,
      1
    ],
    "timestamp" : 235512240252,
    "trackingState" : "Normal"
  },
  {
    "transform" : [
      -0.0016971121,
      -0.9832374,
      0.18232214,
      0,
      0.89080375,
      -0.08433112,
      -0.44649383,
      0,
      0.45438492,
      0.1616555,
      0.8760148,
      0,
      -1.4763259,
      2.743267,
      -1.5190814,
      0.9999998
    ],
    "timestamp" : 235512256912,
    "trackingState" : "Normal"
  },
  {
    "transform" : [
      -0.0021057858,
      -0.9835188,
      0.18079384,
      0,
      0.8880254,
      -0.0849667,
      -0.4518758,
      0,
      0.45978984,
      0.15959793,
      0.8735687,
      0,
      -1.4786499,
      2.7437313,
      -1.5240316,
      1
    ],
    "timestamp" : 235512273573,
    "trackingState" : "Normal"
  },
  {
    "transform" : [
      -0.0024556846,
      -0.9835965,
      0.1803663,
      0,
      0.88604474,
      -0.08575728,
      -0.4555991,
      0,
      0.46359342,
      0.15869379,
      0.87172115,
      0,
      -1.4810147,
      2.7441046,
      -1.5290306,
      1
    ],
    "timestamp" : 235512290233,
    "trackingState" : "Normal"
  },
  {
    "transform" : [
      -0.0027979242,
      -0.9833979,
      0.18144166,
      0,
      0.8845982,
      -0.08704919,
      -0.45815808,
      0,
      0.46634606,
      0.15922105,
      0.8701555,
      0,
      -1.483401,
      2.744412,
      -1.5341302,
      1.0000001
    ],
    "timestamp" : 235512306894,
    "trackingState" : "Normal"
  },
  {
    "transform" : [
      -0.0031609049,
      -0.9826703,
      0.18533498,
      0,
      0.8833267,
      -0.08961985,
      -0.46011096,
      0,
      0.46874714,
      0.16225699,
      0.8683023,
      0,
      -1.485736,
      2.744686,
      -1.5391754,
      1
    ],
    "timestamp" : 235512323554,
    "trackingState" : "Normal"
  },
  {
    "transform" : [
      -0.0033642761,
      -0.9816818,
      0.19049807,
      0,
      0.8815993,
      -0.09282521,
      -0.46278104,
      0,
      0.47198683,
      0.166386,
      0.8657624,
      0,
      -1.4880645,
      2.7448642,
      -1.544348,
      1
    ],
    "timestamp" : 235512340214,
    "trackingState" : "Normal"
  },
  {
    "transform" : [
      -0.002978945,
      -0.9806064,
      0.19596505,
      0,
      0.87979645,
      -0.095721215,
      -0.46561348,
      0,
      0.47534162,
      0.17102228,
      0.86301917,
      0,
      -1.4903992,
      2.7450132,
      -1.5494717,
      1
    ],
    "timestamp" : 235512356875,
    "trackingState" : "Normal"
  },
  {
    "transform" : [
      -0.0023421398,
      -0.97979116,
      0.2000097,
      0,
      0.87811565,
      -0.09770884,
      -0.46836525,
      0,
      0.47844288,
      0.17453465,
      0.8605988,
      0,
      -1.4927315,
      2.7451885,
      -1.5543971,
      0.99999994
    ],
    "timestamp" : 235512373535,
    "trackingState" : "Normal"
  },
  {
    "transform" : [
      -0.001579995,
      -0.9793042,
      0.20238772,
      0,
      0.87616277,
      -0.09890938,
      -0.47175807,
      0,
      0.48201275,
      0.17657919,
      0.85818624,
      0,
      -1.4950278,
      2.7453935,
      -1.5591016,
      0.99999976
    ],
    "timestamp" : 235512390195,
    "trackingState" : "Normal"
  },
  {
    "transform" : [
      -0.0010174452,
      -0.97908944,
      0.20342793,
      0,
      0.8737369,
      -0.09981739,
      -0.47604662,
      0,
      0.4863979,
      0.1772581,
      0.85556823,
      0,
      -1.4972132,
      2.7456424,
      -1.5636246,
      0.99999994
    ],
    "timestamp" : 235512406856,
    "trackingState" : "Normal"
  },
  {
    "transform" : [
      -0.00092716055,
      -0.97898114,
      0.20394906,
      0,
      0.87060744,
      -0.10112867,
      -0.48147255,
      0,
      0.4919777,
      0.17711313,
      0.85240203,
      0,
      -1.4993302,
      2.746107,
      -1.5679705,
      0.99999994
    ],
    "timestamp" : 235512423516,
    "trackingState" : "Normal"
  },
  {
    "transform" : [
      -0.0010887076,
      -0.9789005,
      0.20433521,
      0,
      0.8671926,
      -0.102677494,
      -0.48727253,
      0,
      0.49797195,
      0.17666747,
      0.84900707,
      0,
      -1.5013174,
      2.7465277,
      -1.5722896,
      1
    ],
    "timestamp" : 235512440177,
    "trackingState" : "Normal"
  },
  {
    "transform" : [
      -0.0013107241,
      -0.9789081,
      0.20429705,
      0,
      0.8637385,
      -0.10406163,
      -0.4930794,
      0,
      0.5039389,
      0.1758129,
      0.84565705,
      0,
      -1.5032717,
      2.7469394,
      -1.5765305,
      1
    ],
    "timestamp" : 235512456837,
    "trackingState" : "Normal"
  },
  {
    "transform" : [
      -0.0014646621,
      -0.9788904,
      0.20438096,
      0,
      0.8597553,
      -0.10561114,
      -0.4996674,
      0,
      0.5107045,
      0.1749857,
      0.8417608,
      0,
      -1.5052229,
      2.7473223,
      -1.5807338,
      1
    ],
    "timestamp" : 235512473497,
    "trackingState" : "Normal"
  },
  {
    "transform" : [
      -0.0015332571,
      -0.97884774,
      0.20458466,
      0,
      0.85498273,
      -0.10739214,
      -0.50741667,
      0,
      0.5186544,
      0.17413832,
      0.8370626,
      0,
      -1.5071737,
      2.7476676,
      -1.5849464,
      1
    ],
    "timestamp" : 235512490158,
    "trackingState" : "Normal"
  },
  {
    "transform" : [
      -0.0013917513,
      -0.97890735,
      0.20430037,
      0,
      0.8500902,
      -0.10875019,
      -0.5152866,
      0,
      0.5266356,
      0.17295656,
      0.8323109,
      0,
      -1.509154,
      2.7479646,
      -1.5891601,
      1
    ],
    "timestamp" : 235512506818,
    "trackingState" : "Normal"
  },
  {
    "transform" : [
      -0.00049887126,
      -0.97911865,
      0.20328937,
      0,
      0.8458687,
      -0.10884591,
      -0.5221675,
      0,
      0.5333912,
      0.17169558,
      0.8282602,
      0,
      -1.5111026,
      2.7482104,
      -1.593324,
      0.99999994
    ],
    "timestamp" : 235512523478,
    "trackingState" : "Normal"
  },
  {
    "transform" : [
      0.00068486726,
      -0.9794177,
      0.20184335,
      0,
      0.8424986,
      -0.10816755,
      -0.5277272,
      0,
      0.5386982,
      0.17041413,
      0.82508403,
      0,
      -1.5131845,
      2.748382,
      -1.597603,
      0.9999999
    ],
    "timestamp" : 235512540139,
    "trackingState" : "Normal"
  },
  {
    "transform" : [
      0.0021957762,
      -0.9794757,
      0.20155095,
      0,
      0.8398558,
      -0.10759713,
      -0.5320388,
      0,
      0.5428054,
      0.17044191,
      0.82238203,
      0,
      -1.5153563,
      2.7484765,
      -1.6020422,
      1
    ],
    "timestamp" : 235512556799,
    "trackingState" : "Normal"
  },
  {
    "transform" : [
      0.003430753,
      -0.97916824,
      0.20302178,
      0,
      0.8371899,
      -0.10822184,
      -0.53609806,
      0,
      0.54690176,
      0.17180698,
      0.81937855,
      0,
      -1.5175544,
      2.7485154,
      -1.6066517,
      1
    ],
    "timestamp" : 235512573460,
    "trackingState" : "Normal"
  },
  {
    "transform" : [
      0.0039561493,
      -0.97859144,
      0.2057747,
      0,
      0.8332848,
      -0.110534094,
      -0.54168135,
      0,
      0.55283,
      0.17361188,
      0.8150081,
      0,
      -1.519701,
      2.7484958,
      -1.6114177,
      1
    ],
    "timestamp" : 235512590120,
    "trackingState" : "Normal"
  },
  {
    "transform" : [
      0.0038645905,
      -0.9778102,
      0.20945738,
      0,
      0.82748395,
      -0.1144801,
      -0.54969513,
      0,
      0.56147623,
      0.17544694,
      0.8086798,
      0,
      -1.5217617,
      2.7484033,
      -1.6163336,
      1
    ],
    "timestamp" : 235512606780,
    "trackingState" : "Normal"
  },
  {
    "transform" : [
      0.0038899523,
      -0.97696704,
      0.21335486,
      0,
      0.8203484,
      -0.118891366,
      -0.55936897,
      0,
      0.57185113,
      0.1772012,
      0.8009908,
      0,
      -1.5242223,
      2.747957,
      -1.6216103,
      0.99999994
    ],
    "timestamp" : 235512623441,
    "trackingState" : "Normal"
  },
  {
    "transform" : [
      0.004104233,
      -0.97645646,
      0.21567586,
      0,
      0.81406784,
      -0.12199452,
      -0.5678127,
      0,
      0.5807556,
      0.17790517,
      0.7944011,
      0,
      -1.5263237,
      2.7477055,
      -1.6267871,
      1
    ],
    "timestamp" : 235512640101,
    "trackingState" : "Normal"
  },
  {
    "transform" : [
      0.0046839775,
      -0.9765166,
      0.21539158,
      0,
      0.81047136,
      -0.12246328,
      -0.5728343,
      0,
      0.5857598,
      0.1772518,
      0.7908651,
      0,
      -1.5282916,
      2.7475991,
      -1.6319028,
      1
    ],
    "timestamp" : 235512656762,
    "trackingState" : "Normal"
  },
  {
    "transform" : [
      0.0059459517,
      -0.97706103,
      0.21287677,
      0,
      0.8092059,
      -0.12036721,
      -0.5750633,
      0,
      0.5874953,
      0.17568038,
      0.7899279,
      0,
      -1.5302222,
      2.7476268,
      -1.636996,
      1
    ],
    "timestamp" : 235512673422,
    "trackingState" : "Normal"
  },
  {
    "transform" : [
      0.007908045,
      -0.97773576,
      0.20969108,
      0,
      0.8081408,
      -0.11725347,
      -0.57720023,
      0,
      0.5889363,
      0.17402443,
      0.7892209,
      0,
      -1.5321339,
      2.7477431,
      -1.6421646,
      0.99999994
    ],
    "timestamp" : 235512690082,
    "trackingState" : "Normal"
  },
  {
    "transform" : [
      0.009605853,
      -0.9782634,
      0.2071437,
      0,
      0.80551356,
      -0.11517371,
      -0.58127713,
      0,
      0.59249973,
      0.17244066,
      0.78689814,
      0,
      -1.5339502,
      2.7479036,
      -1.6475104,
      1
    ],
    "timestamp" : 235512706743,
    "trackingState" : "Normal"
  },
  {
    "transform" : [
      0.010221018,
      -0.97844034,
      0.20627646,
      0,
      0.80097914,
      -0.11547984,
      -0.5874495,
      0,
      0.5986051,
      0.17122744,
      0.78253,
      0,
      -1.5353453,
      2.7476993,
      -1.6527903,
      0.99999994
    ],
    "timestamp" : 235512723403,
    "trackingState" : "Normal"
  },
  {
    "transform" : [
      0.009692993,
      -0.9782323,
      0.20728612,
      0,
      0.7955059,
      -0.11805618,
      -0.5943342,
      0,
      0.60586834,
      0.17065819,
      0.7770453,
      0,
      -1.5367378,
      2.747758,
      -1.6585442,
      0.99999994
    ],
    "timestamp" : 235512740063,
    "trackingState" : "Normal"
  },
  {
    "transform" : [
      0.008575096,
      -0.9779084,
      0.20885818,
      0,
      0.7902689,
      -0.121349454,
      -0.6006243,
      0,
      0.61270034,
      0.1702045,
      0.77177006,
      0,
      -1.5380921,
      2.747936,
      -1.6645617,
      1
    ],
    "timestamp" : 235512756724,
    "trackingState" : "Normal"
  },
  {
    "transform" : [
      0.007858863,
      -0.9776998,
      0.20986058,
      0,
      0.78574157,
      -0.123770125,
      -0.6060456,
      0,
      0.6185052,
      0.16965899,
      0.7672468,
      0,
      -1.5394359,
      2.7481546,
      -1.6707133,
      1
    ],
    "timestamp" : 235512773384,
    "trackingState" : "Normal"
  },
  {
    "transform" : [
      0.007693822,
      -0.97776324,
      0.20957044,
      0,
      0.7815478,
      -0.12485759,
      -0.611223,
      0,
      0.6237979,
      0.16849194,
      0.7632082,
      0,
      -1.5407887,
      2.748371,
      -1.6769418,
      0.9999999
    ],
    "timestamp" : 235512790045,
    "trackingState" : "Normal"
  },
  {
    "transform" : [
      0.007977636,
      -0.97808504,
      0.20805295,
      0,
      0.7771986,
      -0.12485151,
      -0.61674505,
      0,
      0.62920487,
      0.16661863,
      0.7591704,
      0,
      -1.5421681,
      2.748545,
      -1.6832455,
      0.99999994
    ],
    "timestamp" : 235512806705,
    "trackingState" : "Normal"
  },
  {
    "transform" : [
      0.0086978795,
      -0.97860354,
      0.20557138,
      0,
      0.7726101,
      -0.12393416,
      -0.62266684,
      0,
      0.6348214,
      0.16424239,
      0.7550011,
      0,
      -1.5438071,
      2.7487748,
      -1.6901913,
      1
    ],
    "timestamp" : 235512823365,
    "trackingState" : "Normal"
  },
  {
    "transform" : [
      0.009557156,
      -0.9791185,
      0.20306563,
      0,
      0.76826876,
      -0.12279548,
      -0.6282392,
      0,
      0.6400562,
      0.16201314,
      0.7510526,
      0,
      -1.5452995,
      2.7489185,
      -1.696964,
      1
    ],
    "timestamp" : 235512840026,
    "trackingState" : "Normal"
  },
  {
    "transform" : [
      0.010403365,
      -0.9795927,
      0.20072378,
      0,
      0.7643097,
      -0.121643774,
      -0.63327205,
      0,
      0.6447655,
      0.16000329,
      0.7474468,
      0,
      -1.5466751,
      2.7490587,
      -1.7037776,
      0.99999994
    ],
    "timestamp" : 235512856686,
    "trackingState" : "Normal"
  },
  {
    "transform" : [
      0.010638496,
      -0.9801506,
      0.19796889,
      0,
      0.76071364,
      -0.120563306,
      -0.6377926,
      0,
      0.6490006,
      0.15738276,
      0.7443314,
      0,
      -1.5478947,
      2.7492633,
      -1.7106758,
      0.99999994
    ],
    "timestamp" : 235512873346,
    "trackingState" : "Normal"
  },
  {
    "transform" : [
      0.010311223,
      -0.98084027,
      0.19454095,
      0,
      0.7570094,
      -0.11945457,
      -0.64239204,
      0,
      0.6533228,
      0.15389314,
      0.7412736,
      0,
      -1.5489756,
      2.7495646,
      -1.7176461,
      1
    ],
    "timestamp" : 235512890007,
    "trackingState" : "Normal"
  },
  {
    "transform" : [
      0.010053547,
      -0.98157984,
      0.19078748,
      0,
      0.75266546,
      -0.11818478,
      -0.6477091,
      0,
      0.6583264,
      0.15011092,
      0.73761314,
      0,
      -1.5499737,
      2.7499533,
      -1.7246902,
      0.99999994
    ],
    "timestamp" : 235512906667,
    "trackingState" : "Normal"
  },
  {
    "transform" : [
      0.009886649,
      -0.9823004,
      0.18705119,
      0,
      0.7479736,
      -0.116884746,
      -0.6533553,
      0,
      0.6636548,
      0.14636886,
      0.73357934,
      0,
      -1.551243,
      2.7501173,
      -1.7323569,
      0.9999998
    ],
    "timestamp" : 235512923328,
    "trackingState" : "Normal"
  },
  {
    "transform" : [
      0.009806578,
      -0.9829081,
      0.1838355,
      0,
      0.74339265,
      -0.11579174,
      -0.6587563,
      0,
      0.66878355,
      0.14312209,
      0.7295512,
      0,
      -1.5522015,
      2.750595,
      -1.7397332,
      1
    ],
    "timestamp" : 235512939988,
    "trackingState" : "Normal"
  },
  {
    "transform" : [
      0.009623231,
      -0.9834981,
      0.18066274,
      0,
      0.7390464,
      -0.11470781,
      -0.6638167,
      0,
      0.6735859,
      0.13990621,
      0.7257469,
      0,
      -1.5529959,
      2.7512755,
      -1.7470181,
      1
    ],
    "timestamp" : 235512956648,
    "trackingState" : "Normal"
  },
  {
    "transform" : [
      0.0095297,
      -0.98415124,
      0.17707467,
      0,
      0.7343802,
      -0.113298275,
      -0.6692154,
      0,
      0.6786714,
      0.13641757,
      0.7216616,
      0,
      -1.5537043,
      2.7521045,
      -1.754248,
      1
    ],
    "timestamp" : 235512973309,
    "trackingState" : "Normal"
  },
  {
    "transform" : [
      0.009786502,
      -0.9848434,
      0.17316985,
      0,
      0.729281,
      -0.1114549,
      -0.67507565,
      0,
      0.68414444,
      0.13289611,
      0.71713686,
      0,
      -1.5543603,
      2.753072,
      -1.7614533,
      0.99999994
    ],
    "timestamp" : 235512989969,
    "trackingState" : "Normal"
  },
  {
    "transform" : [
      0.010113256,
      -0.98539937,
      0.1699583,
      0,
      0.72370183,
      -0.110076904,
      -0.6812772,
      0,
      0.6900388,
      0.12988907,
      0.7120221,
      0,
      -1.5549641,
      2.7541623,
      -1.7687057,
      0.99999994
    ],
    "timestamp" : 235513006629,
    "trackingState" : "Normal"
  },
  {
    "transform" : [
      0.01091624,
      -0.98557276,
      0.16890012,
      0,
      0.7176851,
      -0.10989384,
      -0.687642,
      0,
      0.6962823,
      0.12872355,
      0.7061312,
      0,
      -1.5560349,
      2.7558777,
      -1.776847,
      0.99999994
    ],
    "timestamp" : 235513023290,
    "trackingState" : "Normal"
  },
  {
    "transform" : [
      0.012068222,
      -0.9854781,
      0.16937372,
      0,
      0.7115802,
      -0.11053853,
      -0.69385505,
      0,
      0.7025013,
      0.1288966,
      0.6999127,
      0,
      -1.5567498,
      2.7573488,
      -1.7846056,
      0.99999994
    ],
    "timestamp" : 235513039950,
    "trackingState" : "Normal"
  },
  {
    "transform" : [
      0.013058243,
      -0.9854184,
      0.16964725,
      0,
      0.70635396,
      -0.11099553,
      -0.69910234,
      0,
      0.7077384,
      0.12896004,
      0.6946048,
      0,
      -1.5572772,
      2.758779,
      -1.7921293,
      0.99999994
    ],
    "timestamp" : 235513056611,
    "trackingState" : "Normal"
  },
  {
    "transform" : [
      0.013936092,
      -0.9856479,
      0.16823767,
      0,
      0.70184577,
      -0.11019841,
      -0.7037534,
      0,
      0.71219265,
      0.12788446,
      0.6902371,
      0,
      -1.5577074,
      2.7602177,
      -1.7994348,
      0.9999999
    ],
    "timestamp" : 235513073271,
    "trackingState" : "Normal"
  },
  {
    "transform" : [
      0.015204629,
      -0.9861519,
      0.1651466,
      0,
      0.69730455,
      -0.10791583,
      -0.7086047,
      0,
      0.71661377,
      0.12593156,
      0.68600744,
      0,
      -1.558115,
      2.761624,
      -1.8065603,
      1
    ],
    "timestamp" : 235513089931,
    "trackingState" : "Normal"
  },
  {
    "transform" : [
      0.016805165,
      -0.98669326,
      0.1617217,
      0,
      0.69252545,
      -0.10517988,
      -0.7136846,
      0,
      0.7211977,
      0.12398996,
      0.6815427,
      0,
      -1.5585307,
      2.7629542,
      -1.8136139,
      0.9999999
    ],
    "timestamp" : 235513106592,
    "trackingState" : "Normal"
  },
  {
    "transform" : [
      0.018798623,
      -0.98694706,
      0.15994391,
      0,
      0.6877462,
      -0.10334911,
      -0.71855694,
      0,
      0.7257078,
      0.12350869,
      0.67682636,
      0,
      -1.559064,
      2.7641244,
      -1.8199002,
      1
    ],
    "timestamp" : 235513123252,
    "trackingState" : "Normal"
  },
  {
    "transform" : [
      0.022006111,
      -0.9867793,
      0.16056934,
      0,
      0.6835788,
      -0.102348074,
      -0.72266525,
      0,
      0.729545,
      0.12566483,
      0.6722891,
      0,
      -1.5596354,
      2.7651958,
      -1.8267621,
      1
    ],
    "timestamp" : 235513139913,
    "trackingState" : "Normal"
  },
  {
    "transform" : [
      0.025551734,
      -0.9863714,
      0.16253844,
      0,
      0.680294,
      -0.101979196,
      -0.7258102,
      0,
      0.732494,
      0.12911962,
      0.66841674,
      0,
      -1.5601944,
      2.7661784,
      -1.8337791,
      1
    ],
    "timestamp" : 235513156573,
    "trackingState" : "Normal"
  },
  {
    "transform" : [
      0.027800944,
      -0.9859928,
      0.16445445,
      0,
      0.6766001,
      -0.1025424,
      -0.7291758,
      0,
      0.7358257,
      0.13154167,
      0.66427207,
      0,
      -1.560655,
      2.7670448,
      -1.8407543,
      0.99999994
    ],
    "timestamp" : 235513173233,
    "trackingState" : "Normal"
  },
  {
    "transform" : [
      0.029538263,
      -0.98560184,
      0.16648315,
      0,
      0.67140585,
      -0.1038249,
      -0.7337811,
      0,
      0.7405011,
      0.13345236,
      0.65867203,
      0,
      -1.561079,
      2.7677486,
      -1.8476492,
      1
    ],
    "timestamp" : 235513189894,
    "trackingState" : "Normal"
  },
  {
    "transform" : [
      0.03204348,
      -0.98509103,
      0.1690236,
      0,
      0.66539586,
      -0.10516252,
      -0.7390462,
      0,
      0.7458027,
      0.13614921,
      0.6521057,
      0,
      -1.5615605,
      2.767842,
      -1.8550686,
      0.99999994
    ],
    "timestamp" : 235513206554,
    "trackingState" : "Normal"
  },
  {
    "transform" : [
      0.035746556,
      -0.9846487,
      0.17084824,
      0,
      0.66096604,
      -0.104931206,
      -0.74304336,
      0,
      0.749564,
      0.13948612,
      0.64706844,
      0,
      -1.5621505,
      2.7680562,
      -1.8618456,
      0.99999994
    ],
    "timestamp" : 235513223214,
    "trackingState" : "Normal"
  },
  {
    "transform" : [
      0.039614934,
      -0.9845595,
      0.1705093,
      0,
      0.6582179,
      -0.10267473,
      -0.7457929,
      0,
      0.7517845,
      0.14177682,
      0.6439873,
      0,
      -1.5628021,
      2.768264,
      -1.8681387,
      1
    ],
    "timestamp" : 235513239875,
    "trackingState" : "Normal"
  },
  {
    "transform" : [
      0.042995643,
      -0.98480326,
      0.16826774,
      0,
      0.6560231,
      -0.099198185,
      -0.74819344,
      0,
      0.7535153,
      0.1425566,
      0.6417886,
      0,
      -1.5634655,
      2.768406,
      -1.8740851,
      1
    ],
    "timestamp" : 235513256535,
    "trackingState" : "Normal"
  },
  {
    "transform" : [
      0.045766775,
      -0.98501074,
      0.1663109,
      0,
      0.6531522,
      -0.09646224,
      -0.7510573,
      0,
      0.7558423,
      0.1429998,
      0.6389473,
      0,
      -1.5641346,
      2.7684436,
      -1.8798466,
      0.99999994
    ],
    "timestamp" : 235513273196,
    "trackingState" : "Normal"
  },
  {
    "transform" : [
      0.048613634,
      -0.9848398,
      0.16651489,
      0,
      0.649154,
      -0.09554826,
      -0.754632,
      0,
      0.759102,
      0.1447792,
      0.6346679,
      0,
      -1.5648474,
      2.76835,
      -1.8855356,
      0.9999999
    ],
    "timestamp" : 235513289856,
    "trackingState" : "Normal"
  },
  {
    "transform" : [
      0.051883984,
      -0.98429006,
      0.16876411,
      0,
      0.64437926,
      -0.096108526,
      -0.7586425,
      0,
      0.76294404,
      0.14810948,
      0.62926966,
      0,
      -1.5656253,
      2.7681293,
      -1.891137,
      1
    ],
    "timestamp" : 235513306516,
    "trackingState" : "Normal"
  },
  {
    "transform" : [
      0.055193186,
      -0.98366,
      0.17136765,
      0,
      0.63936985,
      -0.097007856,
      -0.7627554,
      0,
      0.76691604,
      0.1516662,
      0.62356836,
      0,
      -1.5664726,
      2.7674894,
      -1.8972617,
      1
    ],
    "timestamp" : 235513323177,
    "trackingState" : "Normal"
  },
  {
    "transform" : [
      0.058672063,
      -0.9831315,
      0.17323446,
      0,
      0.6347856,
      -0.09718844,
      -0.7665519,
      0,
      0.77045774,
      0.1549419,
      0.6183755,
      0,
      -1.5673994,
      2.766904,
      -1.9026399,
      1
    ],
    "timestamp" : 235513339837,
    "trackingState" : "Normal"
  },
  {
    "transform" : [
      0.06215681,
      -0.9828159,
      0.17380856,
      0,
      0.6308273,
      -0.0962642,
      -0.76992875,
      0,
      0.7734298,
      0.15749948,
      0.6140036,
      0,
      -1.5683951,
      2.7662675,
      -1.9075412,
      1
    ],
    "timestamp" : 235513356497,
    "trackingState" : "Normal"
  },
  {
    "transform" : [
      0.06549791,
      -0.9825866,
      0.17387828,
      0,
      0.62743396,
      -0.094941236,
      -0.77286017,
      0,
      0.7759103,
      0.15971786,
      0.6102898,
      0,
      -1.5694343,
      2.7655408,
      -1.912158,
      0.99999994
    ],
    "timestamp" : 235513373158,
    "trackingState" : "Normal"
  },
  {
    "transform" : [
      0.06866503,
      -0.9822548,
      0.17453007,
      0,
      0.62404203,
      -0.09420328,
      -0.77569157,
      0,
      0.77836806,
      0.16217697,
      0.6064999,
      0,
      -1.5705166,
      2.7646983,
      -1.9166278,
      1
    ],
    "timestamp" : 235513389818,
    "trackingState" : "Normal"
  },
  {
    "transform" : [
      0.07234929,
      -0.9816215,
      0.17659229,
      0,
      0.6199204,
      -0.09444332,
      -0.7789604,
      0,
      0.7813223,
      0.16583037,
      0.6016943,
      0,
      -1.5716996,
      2.7636983,
      -1.9210426,
      1
    ],
    "timestamp" : 235513406478,
    "trackingState" : "Normal"
  },
  {
    "transform" : [
      0.077567264,
      -0.980601,
      0.1800142,
      0,
      0.615677,
      -0.09490307,
      -0.782263,
      0,
      0.7841718,
      0.1715086,
      0.5963722,
      0,
      -1.5735846,
      2.7626045,
      -1.9258846,
      1
    ],
    "timestamp" : 235513423139,
    "trackingState" : "Normal"
  },
  {
    "transform" : [
      0.083918594,
      -0.9792076,
      0.18468997,
      0,
      0.61283714,
      -0.09543139,
      -0.7844257,
      0,
      0.7857408,
      0.17901276,
      0.59208626,
      0,
      -1.5752769,
      2.761359,
      -1.9303423,
      0.99999994
    ],
    "timestamp" : 235513439799,
    "trackingState" : "Normal"
  },
  {
    "transform" : [
      0.090665214,
      -0.9775389,
      0.19025698,
      0,
      0.6111267,
      -0.096231066,
      -0.7856614,
      0,
      0.78632325,
      0.18750326,
      0.5886754,
      0,
      -1.5769317,
      2.7600124,
      -1.9345978,
      1
    ],
    "timestamp" : 235513456460,
    "trackingState" : "Normal"
  },
  {
    "transform" : [
      0.09757265,
      -0.9756535,
      0.19641753,
      0,
      0.60874933,
      -0.09762558,
      -0.78733325,
      0,
      0.78733987,
      0.19639121,
      0.58440286,
      0,
      -1.5785893,
      2.7585573,
      -1.9387441,
      0.99999994
    ],
    "timestamp" : 235513473120,
    "trackingState" : "Normal"
  },
  {
    "transform" : [
      0.104513064,
      -0.97358966,
      0.20297861,
      0,
      0.6047846,
      -0.09980353,
      -0.79011077,
      0,
      0.78950167,
      0.20533521,
      0.57838124,
      0,
      -1.5802505,
      2.7569854,
      -1.9428144,
      0.99999994
    ],
    "timestamp" : 235513489780,
    "trackingState" : "Normal"
  },
  {
    "transform" : [
      0.111562915,
      -0.971406,
      0.20958109,
      0,
      0.5993658,
      -0.102447234,
      -0.7938925,
      0,
      0.79266304,
      0.21418467,
      0.5707983,
      0,
      -1.5819359,
      2.7552986,
      -1.9467961,
      1
    ],
    "timestamp" : 235513506441,
    "trackingState" : "Normal"
  },
  {
    "transform" : [
      0.11925084,
      -0.96915317,
      0.21568821,
      0,
      0.59328246,
      -0.10463298,
      -0.79816526,
      0,
      0.79611254,
      0.2231459,
      0.5625041,
      0,
      -1.5839702,
      2.7535915,
      -1.9522772,
      0.99999994
    ],
    "timestamp" : 235513523101,
    "trackingState" : "Normal"
  },
  {
    "transform" : [
      0.12720174,
      -0.96704096,
      0.22057128,
      0,
      0.5882281,
      -0.10550408,
      -0.8017835,
      0,
      0.7986287,
      0.23173442,
      0.55542034,
      0,
      -1.585807,
      2.7517922,
      -1.9566312,
      1
    ],
    "timestamp" : 235513539762,
    "trackingState" : "Normal"
  },
  {
    "transform" : [
      0.13403776,
      -0.9653791,
      0.2237795,
      0,
      0.58489513,
      -0.10522059,
      -0.8042552,
      0,
      0.79995733,
      0.2386881,
      0.55054206,
      0,
      -1.5874921,
      2.749986,
      -1.9605161,
      0.99999994
    ],
    "timestamp" : 235513556422,
    "trackingState" : "Normal"
  },
  {
    "transform" : [
      0.14079012,
      -0.9639696,
      0.22570078,
      0,
      0.5828814,
      -0.10356664,
      -0.8059301,
      0,
      0.8002673,
      0.24502377,
      0.5472988,
      0,
      -1.5891428,
      2.7481604,
      -1.9642129,
      1
    ],
    "timestamp" : 235513573082,
    "trackingState" : "Normal"
  },
  {
    "transform" : [
      0.14781302,
      -0.96263194,
      0.22691643,
      0,
      0.58231837,
      -0.100742556,
      -0.80669457,
      0,
      0.79941016,
      0.25137755,
      0.54566723,
      0,
      -1.590793,
      2.7462997,
      -1.9678152,
      0.9999999
    ],
    "timestamp" : 235513589743,
    "trackingState" : "Normal"
  },
  {
    "transform" : [
      0.15423371,
      -0.96136844,
      0.22799698,
      0,
      0.58274305,
      -0.09783649,
      -0.80674565,
      0,
      0.79788625,
      0.257291,
      0.5451412,
      0,
      -1.5923831,
      2.7444167,
      -1.9713948,
      0.99999994
    ],
    "timestamp" : 235513606403,
    "trackingState" : "Normal"
  },
  {
    "transform" : [
      0.15939358,
      -0.9601619,
      0.22952752,
      0,
      0.5825502,
      -0.096225396,
      -0.80707866,
      0,
      0.79701257,
      0.26235443,
      0.5440049,
      0,
      -1.5942916,
      2.7426364,
      -1.9755977,
      1
    ],
    "timestamp" : 235513623063,
    "trackingState" : "Normal"
  },
  {
    "transform" : [
      0.16365044,
      -0.9588477,
      0.23201244,
      0,
      0.58018714,
      -0.09666474,
      -0.8087267,
      0,
      0.7978732,
      0.26695907,
      0.5404919,
      0,
      -1.5958848,
      2.740689,
      -1.9794829,
      0.99999994
    ],
    "timestamp" : 235513639724,
    "trackingState" : "Normal"
  },
  {
    "transform" : [
      0.16830647,
      -0.9570895,
      0.23590834,
      0,
      0.57562494,
      -0.09885114,
      -0.81171703,
      0,
      0.80020565,
      0.2724119,
      0.53428733,
      0,
      -1.5974829,
      2.7385726,
      -1.9832877,
      0.99999994
    ],
    "timestamp" : 235513656384,
    "trackingState" : "Normal"
  },
  {
    "transform" : [
      0.17423585,
      -0.95477873,
      0.24091387,
      0,
      0.5707435,
      -0.101449296,
      -0.8148374,
      0,
      0.80243003,
      0.27947387,
      0.5272577,
      0,
      -1.5992296,
      2.7362967,
      -1.9870209,
      0.99999994
    ],
    "timestamp" : 235513673045,
    "trackingState" : "Normal"
  },
  {
    "transform" : [
      0.18068612,
      -0.9523324,
      0.24579604,
      0,
      0.56796765,
      -0.10299812,
      -0.81658083,
      0,
      0.80297285,
      0.287149,
      0.52228373,
      0,
      -1.6010875,
      2.7339506,
      -1.9906167,
      1
    ],
    "timestamp" : 235513689705,
    "trackingState" : "Normal"
  },
  {
    "transform" : [
      0.1866865,
      -0.9502272,
      0.2494325,
      0,
      0.5670158,
      -0.10312129,
      -0.8172266,
      0,
      0.8022726,
      0.2939973,
      0.5195425,
      0,
      -1.602983,
      2.731593,
      -1.9940313,
      1
    ],
    "timestamp" : 235513706365,
    "trackingState" : "Normal"
  },
  {
    "transform" : [
      0.19238853,
      -0.94850665,
      0.25163838,
      0,
      0.5654022,
      -0.10244644,
      -0.8184285,
      0,
      0.8020643,
      0.29973313,
      0.51657826,
      0,
      -1.6052349,
      2.7292438,
      -1.9984721,
      1
    ],
    "timestamp" : 235513723026,
    "trackingState" : "Normal"
  },
  {
    "transform" : [
      0.19788395,
      -0.94715273,
      0.2524753,
      0,
      0.56159186,
      -0.10155917,
      -0.82115793,
      0,
      0.80340326,
      0.30428198,
      0.51181644,
      0,
      -1.6073165,
      2.7267756,
      -2.002005,
      1
    ],
    "timestamp" : 235513739686,
    "trackingState" : "Normal"
  },
  {
    "transform" : [
      0.20347111,
      -0.9459236,
      0.2526421,
      0,
      0.5556139,
      -0.100909464,
      -0.82529414,
      0,
      0.8061593,
      0.30829492,
      0.5050362,
      0,
      -1.6094015,
      2.724174,
      -2.0051794,
      0.99999994
    ],
    "timestamp" : 235513756346,
    "trackingState" : "Normal"
  },
  {
    "transform" : [
      0.21010815,
      -0.94433063,
      0.2531687,
      0,
      0.5489744,
      -0.1003194,
      -0.82979715,
      0,
      0.8090007,
      0.3133302,
      0.49733543,
      0,
      -1.6115791,
      2.721444,
      -2.008272,
      1
    ],
    "timestamp" : 235513773007,
    "trackingState" : "Normal"
  },
  {
    "transform" : [
      0.21764243,
      -0.9423733,
      0.25409535,
      0,
      0.5441356,
      -0.09897327,
      -0.8331392,
      0,
      0.8102768,
      0.3195887,
      0.49123815,
      0,
      -1.6138157,
      2.7186568,
      -2.0113823,
      0.99999994
    ],
    "timestamp" : 235513789667,
    "trackingState" : "Normal"
  },
  {
    "transform" : [
      0.22452277,
      -0.9405024,
      0.25503883,
      0,
      0.54256046,
      -0.09675036,
      -0.8344265,
      0,
      0.80945534,
      0.32572168,
      0.4885569,
      0,
      -1.6163317,
      2.7160606,
      -2.0151916,
      0.99999994
    ],
    "timestamp" : 235513806328,
    "trackingState" : "Normal"
  },
  {
    "transform" : [
      0.23066403,
      -0.9388728,
      0.25556204,
      0,
      0.5424768,
      -0.09395657,
      -0.83479995,
      0,
      0.80778277,
      0.3311948,
      0.48764437,
      0,
      -1.618589,
      2.7134366,
      -2.0185547,
      0.99999994
    ],
    "timestamp" : 235513822988,
    "trackingState" : "Normal"
  },
  {
    "transform" : [
      0.23700327,
      -0.93714625,
      0.2560982,
      0,
      0.5408904,
      -0.09168891,
      -0.83608043,
      0,
      0.8070112,
      0.33667484,
      0.48516285,
      0,
      -1.6207799,
      2.7108011,
      -2.0217707,
      0.9999998
    ],
    "timestamp" : 235513839648,
    "trackingState" : "Normal"
  },
  {
    "transform" : [
      0.24333733,
      -0.93523383,
      0.2571474,
      0,
      0.53622633,
      -0.09120371,
      -0.8391324,
      0,
      0.80823785,
      0.34208143,
      0.4793038,
      0,
      -1.6229594,
      2.7081437,
      -2.024979,
      1
    ],
    "timestamp" : 235513856309,
    "trackingState" : "Normal"
  },
  {
    "transform" : [
      0.24982719,
      -0.93309844,
      0.2586773,
      0,
      0.5288029,
      -0.09231514,
      -0.84370935,
      0,
      0.8111437,
      0.3475708,
      0.47036237,
      0,
      -1.6251508,
      2.7054663,
      -2.0282533,
      1
    ],
    "timestamp" : 235513872969,
    "trackingState" : "Normal"
  },
  {
    "transform" : [
      0.25628978,
      -0.9309202,
      0.26019844,
      0,
      0.52138454,
      -0.0935308,
      -0.84818053,
      0,
      0.81392497,
      0.35304338,
      0.4613965,
      0,
      -1.627342,
      2.702816,
      -2.0316176,
      0.99999994
    ],
    "timestamp" : 235513889630,
    "trackingState" : "Normal"
  },
  {
    "transform" : [
      0.26177576,
      -0.92915577,
      0.26104242,
      0,
      0.5167488,
      -0.09350303,
      -0.85101575,
      0,
      0.8151345,
      0.35766858,
      0.45566335,
      0,
      -1.6294852,
      2.7002716,
      -2.0350628,
      0.99999994
    ],
    "timestamp" : 235513906290,
    "trackingState" : "Normal"
  },
  {
    "transform" : [
      0.26631224,
      -0.92770785,
      0.26160288,
      0,
      0.5148109,
      -0.09255273,
      -0.8522932,
      0,
      0.8148912,
      0.36165208,
      0.45294625,
      0,
      -1.6321293,
      2.6980064,
      -2.0385005,
      0.99999994
    ],
    "timestamp" : 235513922950,
    "trackingState" : "Normal"
  },
  {
    "transform" : [
