[
  {
    "trackingState" : "Normal",
    "timestamp" : 235545444384,
    "transform" : [
      -0.101374626,
      -0.9170952,
      -0.38556433,
      0,
      -0.858127,
      -0.11547269,
      0.5002842,
      0,
      -0.50333035,
      0.3815792,
      -0.7752781,
      0,
      -0.7881573,
      2.6471329,
      -3.0653071,
      1
    ]
  },
  {
    "trackingState" : "Normal",
    "timestamp" : 235545461044,
    "transform" : [
      -0.099935845,
      -0.91556525,
      -0.38955492,
      0,
      -0.8619411,
      -0.11592483,
      0.49357763,
      0,
      -0.49706167,
      0.38509944,
      -0.7775784,
      0,
      -0.7863713,
      2.6473503,
      -3.0650582,
      0.9999998
    ]
  },
  {
    "trackingState" : "Normal",
    "timestamp" : 235545477705,
    "transform" : [
      -0.09845234,
      -0.9148757,
      -0.3915479,
      0,
      -0.8648847,
      -0.11595049,
      0.48839545,
      0,
      -0.49222136,
      0.38672736,
      -0.77984643,
      0,
      -0.78469354,
      2.647626,
      -3.0649898,
      1
    ]
  },
  {
    "trackingState" : "Normal",
    "timestamp" : 235545494365,
    "transform" : [
      -0.09639881,
      -0.91519725,
      -0.39130726,
      0,
      -0.8673248,
      -0.11563837,
      0.48412347,
      0,
      -0.4883186,
      0.38605937,
      -0.7826259,
      0,
      -0.7832058,
      2.647976,
      -3.065062,
      0.99999994
    ]
  },
  {
    "trackingState" : "Normal",
    "timestamp" : 235545511025,
    "transform" : [
      -0.093783736,
      -0.9160058,
      -0.39004862,
      0,
      -0.8698259,
      -0.11521485,
      0.4797171,
      0,
      -0.4843631,
      0.38426402,
      -0.7859603,
      0,
      -0.78193444,
      2.648495,
      -3.0646207,
      0.99999994
    ]
  },
  {
    "trackingState" : "Normal",
    "timestamp" : 235545527686,
    "transform" : [
      -0.09135954,
      -0.91660255,
      -0.38922152,
      0,
      -0.87250173,
      -0.1147179,
      0.47495344,
      0,
      -0.47999418,
      0.38298792,
      -0.78925675,
      0,
      -0.7808118,
      2.6489384,
      -3.0643911,
      1
    ]
  },
  {
    "trackingState" : "Normal",
    "timestamp" : 235545544346,
    "transform" : [
      -0.08995777,
      -0.91659015,
      -0.3895769,
      0,
      -0.87492186,
      -0.11415719,
      0.47061667,
      0,
      -0.4758356,
      0.38318494,
      -0.7916755,
      0,
      -0.7797644,
      2.649293,
      -3.064297,
      1
    ]
  },
  {
    "trackingState" : "Normal",
    "timestamp" : 235545561006,
    "transform" : [
      -0.0890324,
      -0.91638166,
      -0.39027926,
      0,
      -0.87698025,
      -0.11364238,
      0.4668951,
      0,
      -0.47220638,
      0.38383594,
      -0.7935308,
      0,
      -0.77883786,
      2.6496172,
      -3.0642533,
      0.9999998
    ]
  },
  {
    "trackingState" : "Normal",
    "timestamp" : 235545577667,
    "transform" : [
      -0.087580346,
      -0.91664463,
      -0.38999048,
      0,
      -0.8786716,
      -0.113362044,
      0.46377307,
      0,
      -0.46932518,
      0.3832909,
      -0.7955013,
      0,
      -0.77812296,
      2.649948,
      -3.0642471,
      0.99999994
    ]
  },
  {
    "trackingState" : "Normal",
    "timestamp" : 235545594327,
    "transform" : [
      -0.08568009,
      -0.917392,
      -0.3886528,
      0,
      -0.8803119,
      -0.11297802,
      0.4607463,
      0,
      -0.46659416,
      0.3816124,
      -0.79791117,
      0,
      -0.777647,
      2.6502826,
      -3.0642161,
      1.0000001
    ]
  },
  {
    "trackingState" : "Normal",
    "timestamp" : 235545610988,
    "transform" : [
      -0.08330937,
      -0.9186042,
      -0.38629776,
      0,
      -0.8827983,
      -0.1118046,
      0.4562532,
      0,
      -0.46230593,
      0.37903312,
      -0.801628,
      0,
      -0.77735525,
      2.6502311,
      -3.063842,
      1
    ]
  },
  {
    "trackingState" : "Normal",
    "timestamp" : 235545627648,
    "transform" : [
      -0.08114756,
      -0.92009443,
      -0.38319892,
      0,
      -0.88675135,
      -0.108890876,
      0.44923824,
      0,
      -0.4550685,
      0.37625667,
      -0.8070588,
      0,
      -0.7772988,
      2.6503685,
      -3.0635006,
      1
    ]
  },
  {
    "trackingState" : "Normal",
    "timestamp" : 235545644308,
    "transform" : [
      -0.07931098,
      -0.9216111,
      -0.37992495,
      0,
      -0.89207196,
      -0.10447292,
      0.4396513,
      0,
      -0.4448794,
      0.3737895,
      -0.81385756,
      0,
      -0.7774508,
      2.6506305,
      -3.063106,
      1
    ]
  },
  {
    "trackingState" : "Normal",
    "timestamp" : 235545660969,
    "transform" : [
      -0.07815355,
      -0.92237216,
      -0.3783145,
      0,
      -0.8976421,
      -0.09999308,
      0.4292322,
      0,
      -0.43374062,
      0.37313697,
      -0.8201452,
      0,
      -0.77777326,
      2.6508467,
      -3.0624602,
      1
    ]
  },
  {
    "trackingState" : "Normal",
    "timestamp" : 235545677629,
    "transform" : [
      -0.07800704,
      -0.9218603,
      -0.37958992,
      0,
      -0.9029048,
      -0.0961093,
      0.41895816,
      0,
      -0.42270306,
      0.37541518,
      -0.82485497,
      0,
      -0.7782487,
      2.6509542,
      -3.0614831,
      0.99999994
    ]
  },
  {
    "trackingState" : "Normal",
    "timestamp" : 235545694289,
    "transform" : [
      -0.07794741,
      -0.9206245,
      -0.38258973,
      0,
      -0.9075687,
      -0.093298174,
      0.40940785,
      0,
      -0.41260576,
      0.37913865,
      -0.82825756,
      0,
      -0.77893883,
      2.650994,
      -3.0602622,
      1
    ]
  },
  {
    "trackingState" : "Normal",
    "timestamp" : 235545710950,
    "transform" : [
      -0.07688717,
      -0.91945106,
      -0.38561428,
      0,
      -0.9113731,
      -0.09203323,
      0.4011598,
      0,
      -0.40433612,
      0.38228247,
      -0.8308867,
      0,
      -0.7798959,
      2.651121,
      -3.0584567,
      1
    ]
  },
  {
    "trackingState" : "Normal",
    "timestamp" : 235545727610,
    "transform" : [
      -0.074755885,
      -0.91875976,
      -0.38767543,
      0,
      -0.9145832,
      -0.09177002,
      0.3938478,
      0,
      -0.39742845,
      0.38400382,
      -0.83342195,
      0,
      -0.7811434,
      2.6511672,
      -3.0568225,
      1
    ]
  },
  {
    "trackingState" : "Normal",
    "timestamp" : 235545744270,
    "transform" : [
      -0.071883366,
      -0.9186203,
      -0.3885483,
      0,
      -0.91750515,
      -0.091878764,
      0.3869662,
      0,
      -0.39117435,
      0.38431147,
      -0.8362342,
      0,
      -0.782664,
      2.651162,
      -3.0553303,
      1
    ]
  },
  {
    "trackingState" : "Normal",
    "timestamp" : 235545760931,
    "transform" : [
      -0.06905132,
      -0.91863346,
      -0.38903052,
      0,
      -0.92035663,
      -0.09180878,
      0.38015136,
      0,
      -0.38493615,
      0.38429666,
      -0.8391308,
      0,
      -0.7843989,
      2.6511405,
      -3.053835,
      1
    ]
  },
  {
    "trackingState" : "Normal",
    "timestamp" : 235545777591,
    "transform" : [
      -0.06644824,
      -0.91862583,
      -0.38950142,
      0,
      -0.92324376,
      -0.09144519,
      0.3731741,
      0,
      -0.37842542,
      0.38440147,
      -0.8420392,
      0,
      -0.78628457,
      2.6511164,
      -3.0522704,
      1
    ]
  },
  {
    "trackingState" : "Normal",
    "timestamp" : 235545794252,
    "transform" : [
      -0.064342625,
      -0.91886306,
      -0.3892953,
      0,
      -0.92616224,
      -0.090277754,
      0.36616063,
      0,
      -0.3715962,
      0.3841103,
      -0.8452076,
      0,
      -0.78823876,
      2.6511006,
      -3.0506704,
      1
    ]
  },
  {
    "trackingState" : "Normal",
    "timestamp" : 235545810912,
    "transform" : [
      -0.06303261,
      -0.91931725,
      -0.3884364,
      0,
      -0.9288848,
      -0.088290736,
      0.35969138,
      0,
      -0.36496586,
      0.3834849,
      -0.84837466,
      0,
      -0.7899991,
      2.6511722,
      -3.0488536,
      0.99999994
    ]
  },
  {
    "trackingState" : "Normal",
    "timestamp" : 235545827572,
    "transform" : [
      -0.062530205,
      -0.9195073,
      -0.3880677,
      0,
      -0.93097806,
      -0.08638969,
      0.3547067,
      0,
      -0.35968044,
      0.38346228,
      -0.85063916,
      0,
      -0.7918291,
      2.6511257,
      -3.0471146,
      0.99999994
    ]
  },
  {
    "trackingState" : "Normal",
    "timestamp" : 235545844233,
    "transform" : [
      -0.0624804,
      -0.9192802,
      -0.38861337,
      0,
      -0.9329256,
      -0.0845507,
      0.35000172,
      0,
      -0.3546072,
      0.38441557,
      -0.85233724,
      0,
      -0.793718,
      2.6510236,
      -3.0453353,
      1
    ]
  },
  {
    "trackingState" : "Normal",
    "timestamp" : 235545860893,
    "transform" : [
      -0.06207496,
      -0.9190968,
      -0.38911167,
      0,
      -0.93541276,
      -0.08238586,
      0.3438249,
      0,
      -0.3480657,
      0.3853229,
      -0.8546208,
      0,
      -0.7957187,
      2.6509683,
      -3.0435493,
      1
    ]
  },
  {
    "trackingState" : "Normal",
    "timestamp" : 235545877553,
    "transform" : [
      -0.061325558,
      -0.9191557,
      -0.3890913,
      0,
      -0.9379342,
      -0.08024823,
      0.33740148,
      0,
      -0.34134838,
      0.38563332,
      -0.8571864,
      0,
      -0.79784214,
      2.6509604,
      -3.0417693,
      1
    ]
  },
  {
    "trackingState" : "Normal",
    "timestamp" : 235545894214,
    "transform" : [
      -0.06078522,
      -0.9192087,
      -0.38905066,
      0,
      -0.9402877,
      -0.07804698,
      0.3313118,
      0,
      -0.33490896,
      0.38595843,
      -0.85957676,
      0,
      -0.80005634,
      2.6509829,
      -3.039984,
      0.99999994
    ]
  },
  {
    "trackingState" : "Normal",
    "timestamp" : 235545910874,
    "transform" : [
      -0.060363274,
      -0.9190507,
      -0.38948962,
      0,
      -0.9428236,
      -0.07563771,
      0.3245961,
      0,
      -0.32778043,
      0.38681367,
      -0.86193705,
      0,
      -0.80197805,
      2.6511714,
      -3.0374622,
      1
    ]
  },
  {
    "trackingState" : "Normal",
    "timestamp" : 235545927534,
    "transform" : [
      -0.059453573,
      -0.9188027,
      -0.39021406,
      0,
      -0.9455314,
      -0.07349929,
      0.31712484,
      0,
      -0.32005566,
      0.38781384,
      -0.86438704,
      0,
      -0.80424386,
      2.65133,
      -3.03545,
      1
    ]
  },
  {
    "trackingState" : "Normal",
    "timestamp" : 235545944195,
    "transform" : [
      -0.058162395,
      -0.9183993,
      -0.39135677,
      0,
      -0.9479965,
      -0.07206928,
      0.31001413,
      0,
      -0.31292152,
      0.38903594,
      -0.86644757,
      0,
      -0.80668885,
      2.6514976,
      -3.0336413,
      1
    ]
  },
  {
    "trackingState" : "Normal",
    "timestamp" : 235545960855,
    "transform" : [
      -0.05614976,
      -0.9181212,
      -0.39230198,
      0,
      -0.95018,
      -0.07152251,
      0.30338544,
      0,
      -0.306603,
      0.38979244,
      -0.8683643,
      0,
      -0.80931926,
      2.6517363,
      -3.0319624,
      1
    ]
  },
  {
    "trackingState" : "Normal",
    "timestamp" : 235545977515,
    "transform" : [
      -0.053146534,
      -0.91828716,
      -0.39233184,
      0,
      -0.9518745,
      -0.07217227,
      0.2978695,
      0,
      -0.30184528,
      0.3892813,
      -0.87025833,
      0,
      -0.8121459,
      2.65208,
      -3.0304043,
      1
    ]
  },
  {
    "trackingState" : "Normal",
    "timestamp" : 235545994176,
    "transform" : [
      -0.049768075,
      -0.9188193,
      -0.391528,
      0,
      -0.95299155,
      -0.073624514,
      0.2939156,
      0,
      -0.2988814,
      0.38775048,
      -0.871963,
      0,
      -0.8151092,
      2.6524954,
      -3.0289378,
      0.9999999
    ]
  },
  {
    "trackingState" : "Normal",
    "timestamp" : 235546010836,
    "transform" : [
      -0.04661444,
      -0.9195483,
      -0.39020282,
      0,
      -0.9540131,
      -0.07481585,
      0.2902788,
      0,
      -0.29611868,
      0.38578972,
      -0.8737736,
      0,
      -0.81781363,
      2.6530542,
      -3.027163,
      1
    ]
  },
  {
    "trackingState" : "Normal",
    "timestamp" : 235546027497,
    "transform" : [
      -0.044071633,
      -0.92055434,
      -0.38812056,
      0,
      -0.9551993,
      -0.07498172,
      0.28630784,
      0,
      -0.2926639,
      0.3833505,
      -0.8760083,
      0,
      -0.82067806,
      2.6535597,
      -3.0257041,
      0.99999994
    ]
  },
  {
    "trackingState" : "Normal",
    "timestamp" : 235546044157,
    "transform" : [
      -0.042619176,
      -0.921688,
      -0.3855838,
      0,
      -0.95636517,
      -0.07401948,
      0.28264248,
      0,
      -0.2890489,
      0.38080484,
      -0.87831575,
      0,
      -0.8234914,
      2.6539853,
      -3.024368,
      0.99999994
    ]
  },
  {
    "trackingState" : "Normal",
    "timestamp" : 235546060817,
    "transform" : [
      -0.04279887,
      -0.9227056,
      -0.3831224,
      0,
      -0.9575193,
      -0.07157511,
      0.27934545,
      0,
      -0.28517565,
      0.37880272,
      -0.88044506,
      0,
      -0.826179,
      2.6543467,
      -3.0230653,
      0.99999994
    ]
  },
  {
    "trackingState" : "Normal",
    "timestamp" : 235546077478,
    "transform" : [
      -0.043421194,
      -0.92373866,
      -0.38055408,
      0,
      -0.9586976,
      -0.06864747,
      0.2760189,
      0,
      -0.28109342,
      0.37682134,
      -0.8826053,
      0,
      -0.8288462,
      2.6546943,
      -3.0217621,
      0.99999994
    ]
  },
  {
    "trackingState" : "Normal",
    "timestamp" : 235546094138,
    "transform" : [
      -0.043496065,
      -0.92502904,
      -0.3773983,
      0,
      -0.95986944,
      -0.06606414,
      0.27255496,
      0,
      -0.27705374,
      0.37410814,
      -0.88503355,
      0,
      -0.8315941,
      2.6551027,
      -3.0204637,
      0.99999994
    ]
  },
  {
    "trackingState" : "Normal",
    "timestamp" : 235546110798,
    "transform" : [
      -0.043081332,
      -0.92624843,
      -0.3744435,
      0,
      -0.9607107,
      -0.0644513,
      0.26996496,
      0,
      -0.274188,
      0.37136224,
      -0.8870802,
      0,
      -0.834344,
      2.6554244,
      -3.0191762,
      1
    ]
  },
  {
    "trackingState" : "Normal",
    "timestamp" : 235546127459,
    "transform" : [
      -0.042427026,
      -0.92682475,
      -0.37308982,
      0,
      -0.96107745,
      -0.0641779,
      0.2687217,
      0,
      -0.27300206,
      0.36996922,
      -0.88802755,
      0,
      -0.8371387,
      2.655848,
      -3.017785,
      0.99999994
    ]
  },
  {
    "trackingState" : "Normal",
    "timestamp" : 235546144119,
    "transform" : [
      -0.04167433,
      -0.9272241,
      -0.37218112,
      0,
      -0.9613693,
      -0.06422923,
      0.2676635,
      0,
      -0.27208897,
      0.36895818,
      -0.88872814,
      0,
      -0.8399395,
      2.6563811,
      -3.0163612,
      0.99999994
    ]
  },
  {
    "trackingState" : "Normal",
    "timestamp" : 235546160779,
    "transform" : [
      -0.040746417,
      -0.92795396,
      -0.3704608,
      0,
      -0.9616829,
      -0.06418368,
      0.26654544,
      0,
      -0.27111948,
      0.36712652,
      -0.8897823,
      0,
      -0.84272933,
      2.6570413,
      -3.0149913,
      1
    ]
  },
  {
    "trackingState" : "Normal",
    "timestamp" : 235546177440,
    "transform" : [
      -0.040025555,
      -0.9290341,
      -0.3678227,
      0,
      -0.9616007,
      -0.064216,
      0.26683357,
      0,
      -0.2715177,
      0.36437875,
      -0.8907897,
      0,
      -0.84545815,
      2.6577768,
      -3.0136838,
      0.9999999
    ]
  },
  {
    "trackingState" : "Normal",
    "timestamp" : 235546194100,
    "transform" : [
      -0.03979096,
      -0.9302012,
      -0.36488682,
      0,
      -0.9612006,
      -0.064125426,
      0.26829317,
      0,
      -0.27296516,
      0.36140504,
      -0.8915584,
      0,
      -0.84808254,
      2.658508,
      -3.0123963,
      0.9999999
    ]
  },
  {
    "trackingState" : "Normal",
    "timestamp" : 235546210760,
    "transform" : [
      -0.04085241,
      -0.9312515,
      -0.36207986,
      0,
      -0.96131855,
      -0.062159374,
      0.26833358,
      0,
      -0.27239272,
      0.35903615,
      -0.89269006,
      0,
      -0.8505864,
      2.6594696,
      -3.0109222,
      1
    ]
  },
  {
    "trackingState" : "Normal",
    "timestamp" : 235546227421,
    "transform" : [
      -0.042969067,
      -0.9325338,
      -0.35851717,
      0,
      -0.96241444,
      -0.05768407,
      0.2653887,
      0,
      -0.26816466,
      0.35644552,
      -0.89500535,
      0,
      -0.85292464,
      2.6603336,
      -3.0097191,
      1
    ]
  },
  {
    "trackingState" : "Normal",
    "timestamp" : 235546244081,
    "transform" : [
      -0.04617505,
      -0.9343428,
      -0.35337153,
      0,
      -0.9636062,
      -0.05158234,
      0.26230228,
      0,
      -0.26330802,
      0.35262278,
      -0.8979567,
      0,
      -0.85518825,
      2.6612418,
      -3.008733,
      0.99999994
    ]
  },
  {
    "trackingState" : "Normal",
    "timestamp" : 235546260742,
    "transform" : [
      -0.04922044,
      -0.9365928,
      -0.3469458,
      0,
      -0.964221,
      -0.046037424,
      0.26107162,
      0,
      -0.26049033,
      0.34738246,
      -0.90081656,
      0,
      -0.8575015,
      2.6622458,
      -3.0079021,
      1
    ]
  },
  {
    "trackingState" : "Normal",
    "timestamp" : 235546277402,
    "transform" : [
      -0.050707225,
      -0.93867844,
      -0.34104514,
      0,
      -0.9641019,
      -0.043113884,
      0.2620093,
      0,
      -0.26064625,
      0.34208798,
      -0.9027954,
      0,
      -0.8599589,
      2.6633575,
      -3.0071013,
      1
    ]
  },
  {
    "trackingState" : "Normal",
    "timestamp" : 235546294062,
    "transform" : [
      -0.050264295,
      -0.94019663,
      -0.33690324,
      0,
      -0.96340126,
      -0.043290198,
      0.26454476,
      0,
      -0.26330873,
      0.33787015,
      -0.9036108,
      0,
      -0.86260504,
      2.6645446,
      -3.0062344,
      0.99999994
    ]
  },
  {
    "trackingState" : "Normal",
    "timestamp" : 235546310723,
    "transform" : [
      -0.048167706,
      -0.941351,
      -0.33397362,
      0,
      -0.9627781,
      -0.045275938,
      0.2664742,
      0,
      -0.26596674,
      0.3343779,
      -0.90413123,
      0,
      -0.86561763,
      2.6658583,
      -3.0057914,
      1
    ]
  },
  {
    "trackingState" : "Normal",
    "timestamp" : 235546327383,
    "transform" : [
      -0.045509346,
      -0.9425293,
      -0.3310098,
      0,
      -0.9625666,
      -0.04725463,
      0.26689437,
      0,
      -0.26719755,
      0.3307651,
      -0.9050967,
      0,
      -0.86868405,
      2.6672802,
      -3.0051343,
      0.99999994
    ]
  },
  {
    "trackingState" : "Normal",
    "timestamp" : 235546344043,
    "transform" : [
      -0.042694382,
      -0.9440173,
      -0.3271218,
      0,
      -0.9625269,
      -0.04889988,
      0.26674107,
      0,
      -0.2678044,
      0.32625186,
      -0.90655434,
      0,
      -0.8718168,
      2.668828,
      -3.0043974,
      1
    ]
  },
  {
    "trackingState" : "Normal",
    "timestamp" : 235546360704,
    "transform" : [
      -0.039672058,
      -0.9458978,
      -0.3220301,
      0,
      -0.9623242,
      -0.05059213,
      0.26715627,
      0,
      -0.26899478,
      0.32049602,
      -0.9082534,
      0,
      -0.8750325,
      2.670486,
      -3.003709,
      0.99999994
    ]
  },
  {
    "trackingState" : "Normal",
    "timestamp" : 235546377364,
    "transform" : [
      -0.036445558,
      -0.9479404,
      -0.3163556,
      0,
      -0.9618137,
      -0.052658077,
      0.26859194,
      0,
      -0.27126783,
      0.31406406,
      -0.909823,
      0,
      -0.8783001,
      2.6722014,
      -3.0030916,
      1
    ]
  },
  {
    "trackingState" : "Normal",
    "timestamp" : 235546394024,
    "transform" : [
      -0.03284564,
      -0.9497344,
      -0.31132904,
      0,
      -0.9610785,
      -0.05548186,
      0.27064702,
      0,
      -0.27431592,
      0.30810118,
      -0.9109471,
      0,
      -0.8815961,
      2.6738565,
      -3.0025933,
      0.99999994
    ]
  },
  {
    "trackingState" : "Normal",
    "timestamp" : 235546410685,
    "transform" : [
      -0.029288331,
      -0.95119816,
      -0.30718774,
      0,
      -0.9603979,
      -0.058412652,
      0.27244076,
      0,
      -0.27708882,
      0.30300173,
      -0.9118179,
      0,
      -0.8849498,
      2.6755192,
      -3.0020502,
      0.99999994
    ]
  },
  {
    "trackingState" : "Normal",
    "timestamp" : 235546427345,
    "transform" : [
      -0.02596925,
      -0.9526689,
      -0.30289856,
      0,
      -0.9599647,
      -0.06077415,
      0.2734487,
      0,
      -0.27891454,
      0.2978731,
      -0.91295034,
      0,
      -0.8883314,
      2.6771917,
      -3.0015562,
      0.9999999
    ]
  },
  {
    "trackingState" : "Normal",
    "timestamp" : 235546444006,
    "transform" : [
      -0.023695786,
      -0.95439553,
      -0.29760346,
      0,
      -0.9597024,
      -0.06166505,
      0.27416933,
      0,
      -0.28001773,
      0.29210737,
      -0.9144745,
      0,
      -0.89167035,
      2.6788769,
      -3.001214,
      1
    ]
  },
  {
    "trackingState" : "Normal",
    "timestamp" : 235546460666,
    "transform" : [
      -0.022863377,
      -0.95655996,
      -0.2906377,
      0,
      -0.9595392,
      -0.0606125,
      0.27497393,
      0,
      -0.28064537,
      0.28516507,
      -0.916471,
      0,
      -0.8949345,
      2.6806018,
      -3.0010862,
      0.9999999
    ]
  },
  {
    "trackingState" : "Normal",
    "timestamp" : 235546477326,
    "transform" : [
      -0.023018781,
      -0.9591859,
      -0.28183782,
      0,
      -0.95936817,
      -0.058106113,
      0.27610928,
      0,
      -0.28121665,
      0.27674195,
      -0.918875,
      0,
      -0.8981603,
      2.6823974,
      -3.0011916,
      0.99999994
    ]
  },
  {
    "trackingState" : "Normal",
    "timestamp" : 235546493987,
    "transform" : [
      -0.023145264,
      -0.9621908,
      -0.2713914,
      0,
      -0.9590803,
      -0.055253804,
      0.2776907,
      0,
      -0.2821869,
      0.26671332,
      -0.92153937,
      0,
      -0.90142715,
      2.6842797,
      -3.0015163,
      1
    ]
  },
  {
    "trackingState" : "Normal",
    "timestamp" : 235546510647,
    "transform" : [
      -0.022552688,
      -0.9654406,
      -0.25964597,
      0,
      -0.95869243,
      -0.052775472,
      0.27950627,
      0,
      -0.28354964,
      0.2552242,
      -0.9243703,
      0,
      -0.9049812,
      2.6861691,
      -3.0022337,
      1
    ]
  },
  {
    "trackingState" : "Normal",
    "timestamp" : 235546527307,
    "transform" : [
      -0.02060241,
      -0.9687728,
      -0.24709284,
      0,
      -0.9582814,
      -0.051337354,
      0.2811783,
      0,
      -0.285083,
      0.2425774,
      -0.9272994,
      0,
      -0.9084872,
      2.6882608,
      -3.0030077,
      1
    ]
  },
  {
    "trackingState" : "Normal",
    "timestamp" : 235546543968,
    "transform" : [
      -0.01703257,
      -0.9720005,
      -0.23436102,
      0,
      -0.95744306,
      -0.05168782,
      0.28395635,
      0,
      -0.28811935,
      0.22922382,
      -0.92975473,
      0,
      -0.9119657,
      2.6904948,
      -3.0038862,
      1
    ]
  },
  {
    "trackingState" : "Normal",
    "timestamp" : 235546560628,
    "transform" : [
      -0.011815661,
      -0.9745063,
      -0.22404881,
      0,
      -0.9554204,
      -0.055103756,
      0.29006127,
      0,
      -0.29501247,
      0.21748805,
      -0.9304122,
      0,
      -0.9154132,
      2.6927817,
      -3.0047174,
      1
    ]
  },
  {
    "trackingState" : "Normal",
    "timestamp" : 235546577288,
    "transform" : [
      -0.0057512023,
      -0.9759239,
      -0.21803574,
      0,
      -0.95216966,
      -0.061271127,
      0.29936415,
      0,
      -0.30551594,
      0.20932868,
      -0.92889273,
      0,
      -0.91881365,
      2.6950786,
      -3.005379,
      0.99999994
    ]
  },
  {
    "trackingState" : "Normal",
    "timestamp" : 235546593949,
    "transform" : [
      0.000830417,
      -0.9768354,
      -0.21399012,
      0,
      -0.9491903,
      -0.06811302,
      0.30724308,
      0,
      -0.3147015,
      0.20286219,
      -0.92725945,
      0,
      -0.92218417,
      2.6974535,
      -3.0060186,
      0.99999994
    ]
  },
  {
    "trackingState" : "Normal",
    "timestamp" : 235546610609,
    "transform" : [
      0.007138064,
      -0.9780747,
      -0.2081321,
      0,
      -0.94783366,
      -0.07294977,
      0.31030592,
      0,
      -0.31868562,
      0.19505961,
      -0.92757285,
      0,
      -0.9243951,
      2.7000656,
      -3.0069435,
      1
    ]
  },
  {
    "trackingState" : "Normal",
    "timestamp" : 235546627269,
    "transform" : [
      0.012041618,
      -0.97988814,
      -0.19918431,
      0,
      -0.94757485,
      -0.07479264,
      0.3106574,
      0,
      -0.31930706,
      0.1850012,
      -0.92941797,
      0,
      -0.92687654,
      2.7027476,
      -3.00819,
      0.99999994
    ]
  },
  {
    "trackingState" : "Normal",
    "timestamp" : 235546643930,
    "transform" : [
      0.015222111,
      -0.981918,
      -0.18869413,
      0,
      -0.94713986,
      -0.074642934,
      0.31201696,
      0,
      -0.32045978,
      0.17397013,
      -0.9311499,
      0,
      -0.9293989,
      2.7054315,
      -3.0096855,
      0.99999994
    ]
  },
  {
    "trackingState" : "Normal",
    "timestamp" : 235546660590,
    "transform" : [
      0.017853258,
      -0.98367506,
      -0.17906615,
      0,
      -0.94556993,
      -0.07481355,
      0.3167027,
      0,
      -0.32492912,
      0.16366537,
      -0.93146926,
      0,
      -0.9318901,
      2.7081058,
      -3.0112224,
      1
    ]
  },
  {
    "trackingState" : "Normal",
    "timestamp" : 235546677251,
    "transform" : [
      0.02185818,
      -0.9852565,
      -0.1696818,
      0,
      -0.94328773,
      -0.07655924,
      0.32302782,
      0,
      -0.33125597,
      0.15299793,
      -0.9310538,
      0,
      -0.9344563,
      2.71077,
      -3.0127952,
      0.9999999
    ]
  },
  {
    "trackingState" : "Normal",
    "timestamp" : 235546693911,
    "transform" : [
      0.027412469,
      -0.9869264,
      -0.1588233,
      0,
      -0.9410803,
      -0.079054065,
      0.3288133,
      0,
      -0.3370702,
      0.14045188,
      -0.9309441,
      0,
      -0.93756473,
      2.71342,
      -3.0139437,
      0.99999994
    ]
  },
  {
    "trackingState" : "Normal",
    "timestamp" : 235546710571,
    "transform" : [
      0.032833423,
      -0.9885628,
      -0.14719217,
      0,
      -0.93991727,
      -0.080613464,
      0.3317485,
      0,
      -0.3398199,
      0.12745602,
      -0.9318142,
      0,
      -0.94039774,
      2.716015,
      -3.015303,
      1
    ]
  },
  {
    "trackingState" : "Normal",
    "timestamp" : 235546727232,
    "transform" : [
      0.03691432,
      -0.98982596,
      -0.13741153,
      0,
      -0.9395815,
      -0.08120694,
      0.33255383,
      0,
      -0.34032923,
      0.11683334,
      -0.93301994,
      0,
      -0.9428643,
      2.7184916,
      -3.0166755,
      1
    ]
  },
  {
    "trackingState" : "Normal",
    "timestamp" : 235546743892,
    "transform" : [
      0.039150424,
      -0.9905794,
      -0.13122381,
      0,
      -0.9390947,
      -0.081346884,
      0.33389214,
      0,
      -0.3414214,
      0.11015957,
      -0.9334327,
      0,
      -0.9450083,
      2.720834,
      -3.017883,
      1
    ]
  },
  {
    "trackingState" : "Normal",
    "timestamp" : 235546760552,
    "transform" : [
      0.04020455,
      -0.9910594,
      -0.12721965,
      0,
      -0.9379337,
      -0.08132767,
      0.3371442,
      0,
      -0.34447643,
      0.10576885,
      -0.9328178,
      0,
      -0.94694734,
      2.7230806,
      -3.01896,
      1
    ]
  },
  {
    "trackingState" : "Normal",
    "timestamp" : 235546777213,
    "transform" : [
      0.040011495,
      -0.9916364,
      -0.12270479,
      0,
      -0.93611395,
      -0.08014507,
      0.34244353,
      0,
      -0.34941363,
      0.101163976,
      -0.9314914,
      0,
      -0.9487036,
      2.7252557,
      -3.0200372,
      1
    ]
  },
  {
    "trackingState" : "Normal",
    "timestamp" : 235546793873,
    "transform" : [
      0.038539704,
      -0.99247754,
      -0.11620297,
      0,
      -0.9343782,
      -0.07701236,
      0.34786016,
      0,
      -0.3541925,
      0.09517107,
      -0.93031734,
      0,
      -0.95054716,
      2.7275567,
      -3.0208442,
      1
    ]
  },
  {
    "trackingState" : "Normal",
    "timestamp" : 235546810533,
    "transform" : [
      0.03733712,
      -0.9935147,
      -0.10739887,
      0,
      -0.9334347,
      -0.07304739,
      0.35123193,
      0,
      -0.3567993,
      0.08713582,
      -0.9301085,
      0,
      -0.9521434,
      2.7297707,
      -3.0219152,
      0.9999999
    ]
  },
  {
    "trackingState" : "Normal",
    "timestamp" : 235546827194,
    "transform" : [
      0.036822733,
      -0.99453545,
      -0.09769037,
      0,
      -0.9330826,
      -0.06921564,
      0.35293922,
      0,
      -0.35777232,
      0.078157,
      -0.9305325,
      0,
      -0.95363116,
      2.7319524,
      -3.023058,
      0.99999994
    ]
  },
  {
    "trackingState" : "Normal",
    "timestamp" : 235546843854,
    "transform" : [
      0.036961507,
      -0.99545735,
      -0.08774161,
      0,
      -0.93310237,
      -0.065807834,
      0.35353854,
      0,
      -0.35770664,
      0.068804584,
      -0.93129593,
      0,
      -0.95507973,
      2.7341366,
      -3.0241318,
      1
    ]
  },
  {
    "trackingState" : "Normal",
    "timestamp" : 235546877175,
    "transform" : [
      0.037286412,
      -0.99683964,
      -0.07014674,
      0,
      -0.93370014,
      -0.05976729,
      0.35303256,
      0,
      -0.35610935,
      0.0523327,
      -0.93297786,
      0,
      -0.9575787,
      2.7384136,
      -3.026023,
      1
    ]
  },
  {
    "trackingState" : "Normal",
    "timestamp" : 235546893835,
    "transform" : [
      0.0368161,
      -0.9972713,
      -0.06398908,
      0,
      -0.9327769,
      -0.057269633,
      0.35587573,
      0,
      -0.3585693,
      0.046585567,
      -0.93234015,
      0,
      -0.95856893,
      2.7404776,
      -3.0268009,
      0.9999999
    ]
  },
  {
    "trackingState" : "Normal",
    "timestamp" : 235546943816,
    "transform" : [
      0.0390973,
      -0.9982222,
      -0.044989143,
      0,
      -0.9287513,
      -0.052912608,
      0.36690798,
      0,
      -0.36863613,
      0.027438609,
      -0.92916894,
      0,
      -0.9601844,
      2.7461874,
      -3.028924,
      0.99999994
    ]
  },
  {
    "trackingState" : "Normal",
    "timestamp" : 235546960477,
    "transform" : [
      0.03937874,
      -0.9985807,
      -0.03586064,
      0,
      -0.9294301,
      -0.049781978,
      0.3656248,
      0,
      -0.36689112,
      0.018932112,
      -0.93007135,
      0,
      -0.9609441,
      2.748196,
      -3.0297089,
      0.99999994
    ]
  },
  {
    "trackingState" : "Normal",
    "timestamp" : 235546977137,
    "transform" : [
      0.03877544,
      -0.99887294,
      -0.027379325,
      0,
      -0.9302992,
      -0.046087902,
      0.36389524,
      0,
      -0.36474693,
      0.011360765,
      -0.9310377,
      0,
      -0.96155506,
      2.7501676,
      -3.030509,
      1
    ]
  },
  {
    "trackingState" : "Normal",
    "timestamp" : 235546993798,
    "transform" : [
      0.039034985,
      -0.9990213,
      -0.020804768,
      0,
      -0.9299126,
      -0.043938912,
      0.36514667,
      0,
      -0.36570346,
      0.0050931196,
      -0.9307177,
      0,
      -0.9621488,
      2.7521062,
      -3.0312388,
      1
    ]
  },
  {
    "trackingState" : "Normal",
    "timestamp" : 235547010458,
    "transform" : [
      0.040811084,
      -0.99901354,
      -0.017505104,
      0,
      -0.92730147,
      -0.044394154,
      0.37167367,
      0,
      -0.3720842,
      0.0010641002,
      -0.9281986,
      0,
      -0.96261305,
      2.7537172,
      -3.0318286,
      0.99999994
    ]
  },
  {
    "trackingState" : "Normal",
    "timestamp" : 235547027118,
    "transform" : [
      0.04367434,
      -0.9989076,
      -0.016618928,
      0,
      -0.92332685,
      -0.04671124,
      0.38116357,
      0,
      -0.38152358,
      -0.0013023701,
      -0.92435837,
      0,
      -0.96321535,
      2.7554252,
      -3.0322642,
      1
    ]
  },
  {
    "trackingState" : "Normal",
    "timestamp" : 235547043779,
    "transform" : [
      0.047090434,
      -0.998784,
      -0.014597248,
      0,
      -0.92004293,
      -0.049059313,
      0.38873425,
      0,
      -0.3889777,
      -0.004875566,
      -0.9212344,
      0,
      -0.963921,
      2.7572315,
      -3.032767,
      1
    ]
  },
  {
    "trackingState" : "Normal",
    "timestamp" : 235547060439,
    "transform" : [
      0.05039665,
      -0.9986832,
      -0.009601973,
      0,
      -0.91802144,
      -0.05010814,
      0.3933522,
      0,
      -0.39331537,
      -0.011008816,
      -0.9193379,
      0,
      -0.9646205,
      2.7590666,
      -3.0334501,
      0.99999994
    ]
  },
  {
    "trackingState" : "Normal",
    "timestamp" : 235547077099,
    "transform" : [
      0.05250833,
      -0.9986153,
      -0.003215024,
      0,
      -0.9164541,
      -0.049466547,
      0.39707085,
      0,
      -0.39668012,
      -0.017903104,
      -0.9177825,
      0,
      -0.9651899,
      2.7608683,
      -3.0342517,
      1
    ]
  },
  {
    "trackingState" : "Normal",
    "timestamp" : 235547093760,
    "transform" : [
      0.053948633,
      -0.9985417,
      0.0020165383,
      0,
      -0.9143519,
      -0.048588246,
      0.40199494,
      0,
      -0.40131077,
      -0.023530904,
      -0.9156398,
      0,
      -0.96563405,
      2.762608,
      -3.0350516,
      0.99999994
    ]
  },
  {
    "trackingState" : "Normal",
    "timestamp" : 235547110420,
    "transform" : [
      0.055695176,
      -0.9984375,
      0.0045438595,
      0,
      -0.91072553,
      -0.048936024,
      0.4101029,
      0,
      -0.40923983,
      -0.026978958,
      -0.9120281,
      0,
      -0.9665114,
      2.7637775,
      -3.0358715,
      0.99999994
    ]
  },
  {
    "trackingState" : "Normal",
    "timestamp" : 235547127080,
    "transform" : [
      0.05744678,
      -0.99833715,
      0.004789242,
      0,
      -0.9058729,
      -0.05010856,
      0.42057547,
      0,
      -0.41963613,
      -0.028499149,
      -0.90724516,
      0,
      -0.96713805,
      2.7651074,
      -3.0365558,
      1
    ]
  },
  {
    "trackingState" : "Normal",
    "timestamp" : 235547143741,
    "transform" : [
      0.059023146,
      -0.99824405,
      0.004990821,
      0,
      -0.900799,
      -0.05110559,
      0.43121845,
      0,
      -0.43020627,
      -0.029947596,
      -0.9022338,
      0,
      -0.9675972,
      2.766516,
      -3.037294,
      0.99999994
    ]
  },
  {
    "trackingState" : "Normal",
    "timestamp" : 235547160401,
    "transform" : [
      0.06064386,
      -0.998136,
      0.0068534818,
      0,
      -0.89624286,
      -0.05142803,
      0.44057232,
      0,
      -0.43939865,
      -0.032860387,
      -0.8976911,
      0,
      -0.96799225,
      2.7678926,
      -3.0382528,
      0.99999994
    ]
  },
  {
    "trackingState" : "Normal",
    "timestamp" : 235547177062,
    "transform" : [
      0.062447328,
      -0.9980067,
      0.009114989,
      0,
      -0.89166266,
      -0.05168559,
      0.44974047,
      0,
      -0.4483729,
      -0.03621258,
      -0.893113,
      0,
      -0.96833843,
      2.7691886,
      -3.0393844,
      1
    ]
  },
  {
    "trackingState" : "Normal",
    "timestamp" : 235547193722,
    "transform" : [
      0.06428445,
      -0.99789333,
      0.008751359,
      0,
      -0.885728,
      -0.05301437,
      0.46116763,
      0,
      -0.45973215,
      -0.037397224,
      -0.8872701,
      0,
      -0.96864337,
      2.7703757,
      -3.0404975,
      1
    ]
  },
  {
    "trackingState" : "Normal",
    "timestamp" : 235547210382,
    "transform" : [
      0.066540524,
      -0.9977721,
      0.004810669,
      0,
      -0.87818295,
      -0.056275036,
      0.475003,
      0,
      -0.47367406,
      -0.035831593,
      -0.87997115,
      0,
      -0.9692084,
      2.7712665,
      -3.0418315,
      0.99999994
    ]
  },
  {
    "trackingState" : "Normal",
    "timestamp" : 235547227043,
    "transform" : [
      0.069142066,
      -0.9976066,
      -0.0007914348,
      0,
      -0.8705205,
      -0.060721423,
      0.488372,
      0,
      -0.48725116,
      -0.03307809,
      -0.87263536,
      0,
      -0.96969527,
      2.7721834,
      -3.0429423,
      1
    ]
  },
  {
    "trackingState" : "Normal",
    "timestamp" : 235547243703,
    "transform" : [
      0.07148126,
      -0.99742836,
      -0.005202574,
      0,
      -0.86513835,
      -0.06459482,
      0.4973561,
      0,
      -0.4964132,
      -0.031050693,
      -0.8675309,
      0,
      -0.9700461,
      2.77311,
      -3.0442197,
      0.99999994
    ]
  },
  {
    "trackingState" : "Normal",
    "timestamp" : 235547260363,
    "transform" : [
      0.07323844,
      -0.9972801,
      -0.008290324,
      0,
      -0.8602273,
      -0.06737521,
      0.50544006,
      0,
      -0.50462395,
      -0.029886073,
      -0.86282206,
      0,
      -0.97027373,
      2.7739944,
      -3.045748,
      1
    ]
  },
  {
    "trackingState" : "Normal",
    "timestamp" : 235547277024,
    "transform" : [
      0.07389974,
      -0.99719477,
      -0.01190124,
      0,
      -0.85292554,
      -0.069383316,
      0.5174013,
      0,
      -0.5167756,
      -0.028084941,
      -0.8556603,
      0,
      -0.9703852,
      2.7747734,
      -3.0474348,
      1
    ]
  },
  {
    "trackingState" : "Normal",
    "timestamp" : 235547293684,
    "transform" : [
      0.07441412,
      -0.9970893,
      -0.016600423,
      0,
      -0.8425171,
      -0.07176648,
      0.5338678,
      0,
      -0.5335052,
      -0.025741156,
      -0.8454053,
      0,
      -0.97048336,
      2.775441,
      -3.0491798,
      1
    ]
  },
  {
    "trackingState" : "Normal",
    "timestamp" : 235547310344,
    "transform" : [
      0.07566692,
      -0.99690115,
      -0.021509307,
      0,
      -0.8308095,
      -0.07495914,
      0.5514862,
      0,
      -0.55138963,
      -0.02385912,
      -0.8339068,
      0,
      -0.9707268,
      2.7758439,
      -3.051279,
      1
    ]
  },
  {
    "trackingState" : "Normal",
    "timestamp" : 235547327005,
    "transform" : [
      0.077909164,
      -0.9966395,
      -0.025299769,
      0,
      -0.8197737,
      -0.078483775,
      0.56728435,
      0,
      -0.56736356,
      -0.02345656,
      -0.82313347,
      0,
      -0.9710285,
      2.776365,
      -3.053294,
      0.99999994
    ]
  },
  {
    "trackingState" : "Normal",
    "timestamp" : 235547343665,
    "transform" : [
      0.08052635,
      -0.9963798,
      -0.027253442,
      0,
      -0.8100317,
      -0.081349894,
      0.58071584,
      0,
      -0.5808307,
      -0.02468678,
      -0.8136501,
      0,
      -0.97135603,
