[
  {
    "timestamp" : 235528717365,
    "transform" : [
      -0.56743443,
      -0.8229135,
      0.02883921,
      0,
      0.117257,
      -0.046087764,
      0.9920317,
      0,
      -0.8150271,
      0.56629443,
      0.12264414,
      0,
      -2.0893834,
      2.5680964,
      -3.7940254,
      1
    ],
    "trackingState" : "Normal"
  },
  {
    "timestamp" : 235528734025,
    "transform" : [
      -0.5620873,
      -0.82630193,
      0.035822064,
      0,
      0.12730893,
      -0.043643307,
      0.9909026,
      0,
      -0.8172213,
      0.56153417,
      0.12972695,
      0,
      -2.0878437,
      2.5695057,
      -3.7958333,
      1
    ],
    "trackingState" : "Normal"
  },
  {
    "timestamp" : 235528750686,
    "transform" : [
      -0.5570052,
      -0.8294419,
      0.042090245,
      0,
      0.1373649,
      -0.042027343,
      0.9896286,
      0,
      -0.81907046,
      0.55701,
      0.13734563,
      0,
      -2.0865269,
      2.5710077,
      -3.7974782,
      1
    ],
    "trackingState" : "Normal"
  },
  {
    "timestamp" : 235528767346,
    "transform" : [
      -0.55300653,
      -0.83184415,
      0.047108673,
      0,
      0.14786874,
      -0.04234481,
      0.9881001,
      0,
      -0.8199505,
      0.55339164,
      0.1464207,
      0,
      -2.085223,
      2.572536,
      -3.7990289,
      0.99999994
    ],
    "trackingState" : "Normal"
  },
  {
    "timestamp" : 235528784007,
    "transform" : [
      -0.5487316,
      -0.83437836,
      0.05202411,
      0,
      0.15787695,
      -0.04231604,
      0.98655176,
      0,
      -0.82095605,
      0.54956543,
      0.15494928,
      0,
      -2.0839548,
      2.574168,
      -3.8005586,
      1
    ],
    "trackingState" : "Normal"
  },
  {
    "timestamp" : 235528800667,
    "transform" : [
      -0.54430485,
      -0.8369465,
      0.05703397,
      0,
      0.16744621,
      -0.04177515,
      0.9849958,
      0,
      -0.8220062,
      0.54568803,
      0.16288194,
      0,
      -2.082718,
      2.5758927,
      -3.802103,
      0.99999994
    ],
    "trackingState" : "Normal"
  },
  {
    "timestamp" : 235528817327,
    "transform" : [
      -0.5399115,
      -0.83945733,
      0.06170153,
      0,
      0.17685379,
      -0.0414677,
      0.9833632,
      0,
      -0.82293284,
      0.5418412,
      0.17085008,
      0,
      -2.0813954,
      2.5777297,
      -3.8036022,
      0.99999994
    ],
    "trackingState" : "Normal"
  },
  {
    "timestamp" : 235528833988,
    "transform" : [
      -0.53562695,
      -0.841887,
      0.06580454,
      0,
      0.18605736,
      -0.041644428,
      0.981656,
      0,
      -0.823703,
      0.5380448,
      0.17894514,
      0,
      -2.08003,
      2.579648,
      -3.80504,
      1
    ],
    "trackingState" : "Normal"
  },
  {
    "timestamp" : 235528850648,
    "transform" : [
      -0.53084946,
      -0.8445978,
      0.06966805,
      0,
      0.19481389,
      -0.041611668,
      0.9799571,
      0,
      -0.8247706,
      0.53378195,
      0.18662891,
      0,
      -2.0788538,
      2.5816045,
      -3.8064842,
      0.99999994
    ],
    "trackingState" : "Normal"
  },
  {
    "timestamp" : 235528867308,
    "transform" : [
      -0.52502483,
      -0.8478885,
      0.073717505,
      0,
      0.20362133,
      -0.041039076,
      0.9781893,
      0,
      -0.8263701,
      0.528584,
      0.19419467,
      0,
      -2.0778437,
      2.583605,
      -3.8079753,
      1
    ],
    "trackingState" : "Normal"
  },
  {
    "timestamp" : 235528883969,
    "transform" : [
      -0.5186301,
      -0.85144347,
      0.07789126,
      0,
      0.21327521,
      -0.04061049,
      0.97614795,
      0,
      -0.8279715,
      0.52287185,
      0.20265359,
      0,
      -2.0769422,
      2.585588,
      -3.8095002,
      1
    ],
    "trackingState" : "Normal"
  },
  {
    "timestamp" : 235528900629,
    "transform" : [
      -0.51318526,
      -0.8543602,
      0.081911296,
      0,
      0.22383618,
      -0.04109209,
      0.9737601,
      0,
      -0.828576,
      0.518054,
      0.21232457,
      0,
      -2.0760403,
      2.5874712,
      -3.8110282,
      0.9999999
    ],
    "trackingState" : "Normal"
  },
  {
    "timestamp" : 235528917289,
    "transform" : [
      -0.5089593,
      -0.8565166,
      0.085673526,
      0,
      0.23443638,
      -0.04216029,
      0.97121686,
      0,
      -0.8282514,
      0.51439476,
      0.2222565,
      0,
      -2.0750127,
      2.5893707,
      -3.8124137,
      1
    ],
    "trackingState" : "Normal"
  },
  {
    "timestamp" : 235528933950,
    "transform" : [
      -0.50476456,
      -0.8586382,
      0.089180395,
      0,
      0.24335898,
      -0.042418838,
      0.9690082,
      0,
      -0.82824475,
      0.51082385,
      0.23036887,
      0,
      -2.0739655,
      2.5912676,
      -3.813712,
      0.99999994
    ],
    "trackingState" : "Normal"
  },
  {
    "timestamp" : 235528950610,
    "transform" : [
      -0.50010127,
      -0.86099786,
      0.092635565,
      0,
      0.25102666,
      -0.04175717,
      0.967079,
      0,
      -0.8287849,
      0.5068914,
      0.23701626,
      0,
      -2.073097,
      2.5929422,
      -3.8151388,
      0.9999999
    ],
    "trackingState" : "Normal"
  },
  {
    "timestamp" : 235528967271,
    "transform" : [
      -0.49564263,
      -0.8632048,
      0.095999435,
      0,
      0.25850803,
      -0.041097082,
      0.96513444,
      0,
      -0.8291635,
      0.50317836,
      0.2435148,
      0,
      -2.07231,
      2.5944865,
      -3.8166103,
      0.99999994
    ],
    "trackingState" : "Normal"
  },
  {
    "timestamp" : 235528983931,
    "transform" : [
      -0.49218205,
      -0.86482406,
      0.099178575,
      0,
      0.26663578,
      -0.041318398,
      0.9629114,
      0,
      -0.82865095,
      0.5003722,
      0.25092918,
      0,
      -2.071546,
      2.595898,
      -3.8180833,
      1
    ],
    "trackingState" : "Normal"
  },
  {
    "timestamp" : 235529000591,
    "transform" : [
      -0.4895616,
      -0.8659627,
      0.10216751,
      0,
      0.2752068,
      -0.042268932,
      0.9604555,
      0,
      -0.82740015,
      0.49831924,
      0.25901207,
      0,
      -2.070804,
      2.5971818,
      -3.819509,
      1
    ],
    "trackingState" : "Normal"
  },
  {
    "timestamp" : 235529017252,
    "transform" : [
      -0.48653933,
      -0.867363,
      0.104694314,
      0,
      0.2823943,
      -0.04273011,
      0.9583462,
      0,
      -0.82676053,
      0.49583822,
      0.2657283,
      0,
      -2.070291,
      2.5982745,
      -3.820175,
      0.9999999
    ],
    "trackingState" : "Normal"
  },
  {
    "timestamp" : 235529033912,
    "transform" : [
      -0.48269504,
      -0.8691631,
      0.10752263,
      0,
      0.28965613,
      -0.04257451,
      0.9561835,
      0,
      -0.8265017,
      0.49268958,
      0.27230892,
      0,
      -2.0698268,
      2.5994425,
      -3.821298,
      1
    ],
    "trackingState" : "Normal"
  },
  {
    "timestamp" : 235529050573,
    "transform" : [
      -0.4788048,
      -0.87089014,
      0.11088955,
      0,
      0.29795563,
      -0.042386614,
      0.95363826,
      0,
      -0.8258139,
      0.4896467,
      0.27978155,
      0,
      -2.0694344,
      2.6005807,
      -3.8225899,
      0.99999994
    ],
    "trackingState" : "Normal"
  },
  {
    "timestamp" : 235529067233,
    "transform" : [
      -0.47533712,
      -0.8723522,
      0.114265114,
      0,
      0.3070118,
      -0.042754635,
      0.9507449,
      0,
      -0.8244991,
      0.487005,
      0.2881452,
      0,
      -2.0690784,
      2.6016426,
      -3.82391,
      1
    ],
    "trackingState" : "Normal"
  },
  {
    "timestamp" : 235529083893,
    "transform" : [
      -0.47210345,
      -0.873692,
      0.11739096,
      0,
      0.31607568,
      -0.04345293,
      0.9477384,
      0,
      -0.82293046,
      0.48453495,
      0.29666707,
      0,
      -2.0687404,
      2.602606,
      -3.8252027,
      0.99999994
    ],
    "trackingState" : "Normal"
  },
  {
    "timestamp" : 235529100554,
    "transform" : [
      -0.46894372,
      -0.8749601,
      0.1205689,
      0,
      0.32421762,
      -0.04355016,
      0.9449796,
      0,
      -0.8215686,
      0.4822327,
      0.30410004,
      0,
      -2.0684266,
      2.6034532,
      -3.8264952,
      1
    ],
    "trackingState" : "Normal"
  },
  {
    "timestamp" : 235529117214,
    "transform" : [
      -0.466267,
      -0.8759021,
      0.12405952,
      0,
      0.33152276,
      -0.04299116,
      0.9424673,
      0,
      -0.82017565,
      0.48056987,
      0.3104268,
      0,
      -2.0680494,
      2.604117,
      -3.8277173,
      1
    ],
    "trackingState" : "Normal"
  },
  {
    "timestamp" : 235529133874,
    "transform" : [
      -0.46452418,
      -0.87628174,
      0.12785843,
      0,
      0.33831626,
      -0.04217599,
      0.9400869,
      0,
      -0.8183884,
      0.47994962,
      0.31605208,
      0,
      -2.0676343,
      2.6046233,
      -3.828922,
      1
    ],
    "trackingState" : "Normal"
  },
  {
    "timestamp" : 235529150535,
    "transform" : [
      -0.4631334,
      -0.87646925,
      0.13156466,
      0,
      0.34545344,
      -0.04181392,
      0.93750393,
      0,
      -0.8161921,
      0.4796388,
      0.3221447,
      0,
      -2.0673409,
      2.605094,
      -3.8302233,
      1
    ],
    "trackingState" : "Normal"
  },
  {
    "timestamp" : 235529167195,
    "transform" : [
      -0.46167305,
      -0.87667257,
      0.13528986,
      0,
      0.3538552,
      -0.04215641,
      0.9343498,
      0,
      -0.8134155,
      0.47923708,
      0.32967758,
      0,
      -2.0671437,
      2.605523,
      -3.8315256,
      1
    ],
    "trackingState" : "Normal"
  },
  {
    "timestamp" : 235529183855,
    "transform" : [
      -0.45924526,
      -0.8773309,
      0.13922732,
      0,
      0.36243144,
      -0.041962728,
      0.93106526,
      0,
      -0.8110101,
      0.47804764,
      0.33724356,
      0,
      -2.0670898,
      2.6059487,
      -3.8328292,
      0.99999994
    ],
    "trackingState" : "Normal"
  },
  {
    "timestamp" : 235529200516,
    "transform" : [
      -0.4558096,
      -0.87843525,
      0.14348976,
      0,
      0.37072936,
      -0.04080646,
      0.92784417,
      0,
      -0.8091957,
      0.47611603,
      0.34426168,
      0,
      -2.0671759,
      2.606364,
      -3.8341746,
      1
    ],
    "trackingState" : "Normal"
  },
  {
    "timestamp" : 235529217176,
    "transform" : [
      -0.45255467,
      -0.8793414,
      0.14816596,
      0,
      0.3793463,
      -0.03947094,
      0.9244126,
      0,
      -0.807026,
      0.47455338,
      0.35143763,
      0,
      -2.0670903,
      2.6067097,
      -3.8358886,
      1
    ],
    "trackingState" : "Normal"
  },
  {
    "timestamp" : 235529233837,
    "transform" : [
      -0.450246,
      -0.87975067,
      0.15270068,
      0,
      0.38773233,
      -0.038582575,
      0.9209643,
      0,
      -0.80432737,
      0.4738674,
      0.35847935,
      0,
      -2.0671158,
      2.6069622,
      -3.837399,
      1
    ],
    "trackingState" : "Normal"
  },
  {
    "timestamp" : 235529250497,
    "transform" : [
      -0.44858095,
      -0.8798443,
      0.15700087,
      0,
      0.39528883,
      -0.037764266,
      0.9177804,
      0,
      -0.8015748,
      0.4737594,
      0.36473286,
      0,
      -2.0671623,
      2.6071556,
      -3.838835,
      1
    ],
    "trackingState" : "Normal"
  },
  {
    "timestamp" : 235529267157,
    "transform" : [
      -0.4468632,
      -0.879964,
      0.16117327,
      0,
      0.40204486,
      -0.03659635,
      0.91488844,
      0,
      -0.79917055,
      0.47362876,
      0.37013856,
      0,
      -2.0672607,
      2.607313,
      -3.8402545,
      0.99999994
    ],
    "trackingState" : "Normal"
  },
  {
    "timestamp" : 235529283818,
    "transform" : [
      -0.4445822,
      -0.88032985,
      0.16542716,
      0,
      0.40899155,
      -0.03519595,
      0.91185933,
      0,
      -0.7969147,
      0.47305462,
      0.37569496,
      0,
      -2.0674536,
      2.6074357,
      -3.8416944,
      1
    ],
    "trackingState" : "Normal"
  },
  {
    "timestamp" : 235529300478,
    "transform" : [
      -0.4420184,
      -0.88081765,
      0.16964683,
      0,
      0.41674832,
      -0.034180477,
      0.9083791,
      0,
      -0.7943177,
      0.47222024,
      0.38218766,
      0,
      -2.0677207,
      2.6075091,
      -3.8431318,
      1
    ],
    "trackingState" : "Normal"
  },
  {
    "timestamp" : 235529317139,
    "transform" : [
      -0.43985248,
      -0.8812004,
      0.17325066,
      0,
      0.42447284,
      -0.033985175,
      0.90480274,
      0,
      -0.7914246,
      0.4715199,
      0.38899413,
      0,
      -2.0678837,
      2.607727,
      -3.844821,
      1
    ],
    "trackingState" : "Normal"
  },
  {
    "timestamp" : 235529333799,
    "transform" : [
      -0.43895945,
      -0.8810821,
      0.17609404,
      0,
      0.4313499,
      -0.034722563,
      0.90151644,
      0,
      -0.78819555,
      0.47168717,
      0.39529645,
      0,
      -2.0679255,
      2.6080134,
      -3.8466222,
      1
    ],
    "trackingState" : "Normal"
  },
  {
    "timestamp" : 235529350459,
    "transform" : [
      -0.43934518,
      -0.88037425,
      0.1786538,
      0,
      0.43734127,
      -0.03590432,
      0.89857876,
      0,
      -0.7846712,
      0.47291887,
      0.40079832,
      0,
      -2.067998,
      2.60813,
      -3.8481452,
      1
    ],
    "trackingState" : "Normal"
  },
  {
    "timestamp" : 235529367120,
    "transform" : [
      -0.4400007,
      -0.87948024,
      0.18142225,
      0,
      0.44260442,
      -0.036609653,
      0.89596945,
      0,
      -0.78134567,
      0.4745254,
      0.40537012,
      0,
      -2.0681262,
      2.608215,
      -3.849635,
      1
    ],
    "trackingState" : "Normal"
  },
  {
    "timestamp" : 235529383780,
    "transform" : [
      -0.4402484,
      -0.8787326,
      0.18441944,
      0,
      0.44776046,
      -0.03683309,
      0.89339477,
      0,
      -0.7782624,
      0.47589123,
      0.40967736,
      0,
      -2.0683584,
      2.608333,
      -3.8511462,
      1
    ],
    "trackingState" : "Normal"
  },
  {
    "timestamp" : 235529400440,
    "transform" : [
      -0.43980265,
      -0.87832385,
      0.18740593,
      0,
      0.45337233,
      -0.03700164,
      0.890553,
      0,
      -0.7752596,
      0.47663215,
      0.41448113,
      0,
      -2.068703,
      2.6085253,
      -3.8526392,
      1
    ],
    "trackingState" : "Normal"
  },
  {
    "timestamp" : 235529417101,
    "transform" : [
      -0.43827888,
      -0.8785613,
      0.1898469,
      0,
      0.45949665,
      -0.037469927,
      0.8873889,
      0,
      -0.772512,
      0.4761577,
      0.4201182,
      0,
      -2.0690155,
      2.6088462,
      -3.8542397,
      1
    ],
    "trackingState" : "Normal"
  },
  {
    "timestamp" : 235529433761,
    "transform" : [
      -0.43595958,
      -0.8792701,
      0.19189467,
      0,
      0.4663804,
      -0.03836781,
      0.8837519,
      0,
      -0.7696941,
      0.47477594,
      0.4268011,
      0,
      -2.069499,
      2.6092362,
      -3.855694,
      1
    ],
    "trackingState" : "Normal"
  },
  {
    "timestamp" : 235529450421,
    "transform" : [
      -0.4337774,
      -0.8798484,
      0.19417542,
      0,
      0.47415692,
      -0.039656997,
      0.879547,
      0,
      -0.7661676,
      0.47359708,
      0.43438846,
      0,
      -2.070027,
      2.6096199,
      -3.8571486,
      1
    ],
    "trackingState" : "Normal"
  },
  {
    "timestamp" : 235529467082,
    "transform" : [
      -0.43230322,
      -0.88010204,
      0.19630209,
      0,
      0.4817045,
      -0.041367974,
      0.87535685,
      0,
      -0.7622827,
      0.47297913,
      0.4418326,
      0,
      -2.0705254,
      2.6099582,
      -3.8585906,
      1
    ],
    "trackingState" : "Normal"
  },
  {
    "timestamp" : 235529483742,
    "transform" : [
      -0.43155006,
      -0.88015896,
      0.19769937,
      0,
      0.48820072,
      -0.04358288,
      0.87164253,
      0,
      -0.7585677,
      0.47267425,
      0.4485024,
      0,
      -2.0709617,
      2.6102386,
      -3.8599815,
      1
    ],
    "trackingState" : "Normal"
  },
  {
    "timestamp" : 235529500403,
    "transform" : [
      -0.4312948,
      -0.88002187,
      0.19886242,
      0,
      0.49369365,
      -0.045713272,
      0.8684336,
      0,
      -0.75514996,
      0.47272795,
      0.4541771,
      0,
      -2.071348,
      2.610447,
      -3.861348,
      0.99999994
    ],
    "trackingState" : "Normal"
  },
  {
    "timestamp" : 235529517063,
    "transform" : [
      -0.43122515,
      -0.8797511,
      0.20020781,
      0,
      0.4980272,
      -0.04706469,
      0.86588335,
      0,
      -0.7523391,
      0.47309956,
      0.4584354,
      0,
      -2.071538,
      2.610481,
      -3.862771,
      1
    ],
    "trackingState" : "Normal"
  },
  {
    "timestamp" : 235529533723,
    "transform" : [
      -0.4312162,
      -0.87936527,
      0.20191428,
      0,
      0.5024131,
      -0.04814707,
      0.8632862,
      0,
      -0.7494224,
      0.47370732,
      0.46256644,
      0,
      -2.0716891,
      2.6104255,
      -3.8642378,
      0.99999994
    ],
    "trackingState" : "Normal"
  },
  {
    "timestamp" : 235529550384,
    "transform" : [
      -0.4310505,
      -0.8790622,
      0.20358069,
      0,
      0.5080653,
      -0.04999602,
      0.8598663,
      0,
      -0.7456978,
      0.47407806,
      0.4681718,
      0,
      -2.0721,
      2.6104493,
      -3.8656774,
      0.99999994
    ],
    "trackingState" : "Normal"
  },
  {
    "timestamp" : 235529567044,
    "transform" : [
      -0.4307082,
      -0.8789058,
      0.20497572,
      0,
      0.5147214,
      -0.05266679,
      0.85573834,
      0,
      -0.74131805,
      0.47407886,
      0.47507566,
      0,
      -2.0726404,
      2.6104746,
      -3.8670926,
      0.9999999
    ],
    "trackingState" : "Normal"
  },
  {
    "timestamp" : 235529583704,
    "transform" : [
      -0.43006214,
      -0.8788793,
      0.20644096,
      0,
      0.52094513,
      -0.054827392,
      0.8518276,
      0,
      -0.737335,
      0.47388315,
      0.481427,
      0,
      -2.0732796,
      2.6104858,
      -3.8685002,
      0.99999994
    ],
    "trackingState" : "Normal"
  },
  {
    "timestamp" : 235529600365,
    "transform" : [
      -0.42828476,
      -0.8794705,
      0.20761499,
      0,
      0.52519494,
      -0.055294313,
      0.84918374,
      0,
      -0.7353521,
      0.47273073,
      0.48557517,
      0,
      -2.0740442,
      2.6105356,
      -3.8698788,
      1
    ],
    "trackingState" : "Normal"
  },
  {
    "timestamp" : 235529617025,
    "transform" : [
      -0.426125,
      -0.8802546,
      0.20873283,
      0,
      0.52827024,
      -0.054812238,
      0.8473053,
      0,
      -0.7344033,
      0.47132522,
      0.48836923,
      0,
      -2.0749798,
      2.610672,
      -3.8708096,
      1
    ],
    "trackingState" : "Normal"
  },
  {
    "timestamp" : 235529633686,
    "transform" : [
      -0.42496473,
      -0.88061464,
      0.20957774,
      0,
      0.5320701,
      -0.055694968,
      0.8448665,
      0,
      -0.7323295,
      0.47054848,
      0.49221715,
      0,
      -2.0757577,
      2.6108139,
      -3.8719847,
      0.9999999
    ],
    "trackingState" : "Normal"
  },
  {
    "timestamp" : 235529650346,
    "transform" : [
      -0.42481825,
      -0.8807141,
      0.20945708,
      0,
      0.53652084,
      -0.05857983,
      0.84185153,
      0,
      -0.7291605,
      0.4700119,
      0.49740726,
      0,
      -2.0764008,
      2.6110256,
      -3.8731508,
      1
    ],
    "trackingState" : "Normal"
  },
  {
    "timestamp" : 235529667006,
    "transform" : [
      -0.42452145,
      -0.88111955,
      0.20835029,
      0,
      0.540755,
      -0.062172413,
      0.83887935,
      0,
      -0.72619945,
      0.4687887,
      0.50286335,
      0,
      -2.0769875,
      2.6113837,
      -3.8742611,
      0.9999999
    ],
    "trackingState" : "Normal"
  },
  {
    "timestamp" : 235529683667,
    "transform" : [
      -0.42304075,
      -0.8821525,
      0.2069866,
      0,
      0.5442015,
      -0.06471035,
      0.83645517,
      0,
      -0.72448695,
      0.46649703,
      0.5074439,
      0,
      -2.0775795,
      2.6119382,
      -3.8753588,
      0.9999999
    ],
    "trackingState" : "Normal"
  },
  {
    "timestamp" : 235529700327,
    "transform" : [
      -0.4204544,
      -0.88364184,
      0.20590101,
      0,
      0.54705626,
      -0.06584958,
      0.8345019,
      0,
      -0.72384226,
      0.4635094,
      0.51108867,
      0,
      -2.0781507,
      2.6126955,
      -3.8764985,
      0.99999994
    ],
    "trackingState" : "Normal"
  },
  {
    "timestamp" : 235529716987,
    "transform" : [
      -0.41712335,
      -0.8854572,
      0.20487487,
      0,
      0.54951453,
      -0.066161424,
      0.8328605,
      0,
      -0.72390753,
      0.4599872,
      0.51416916,
      0,
      -2.0786572,
      2.6135619,
      -3.8775613,
      0.99999994
    ],
    "trackingState" : "Normal"
  },
  {
    "timestamp" : 235529733648,
    "transform" : [
      -0.41310102,
      -0.887705,
      0.2032917,
      0,
      0.5511363,
      -0.06598642,
      0.8318022,
      0,
      -0.7249804,
      0.45565966,
      0.5165054,
      0,
      -2.079083,
      2.6147163,
      -3.8786883,
      1
    ],
    "trackingState" : "Normal"
  },
  {
    "timestamp" : 235529750308,
    "transform" : [
      -0.409116,
      -0.89010525,
      0.20084001,
      0,
      0.55281824,
      -0.06666955,
      0.83063054,
      0,
      -0.72595876,
      0.45085225,
      0.51934206,
      0,
      -2.0793684,
      2.6160686,
      -3.8797977,
      0.99999994
    ],
    "trackingState" : "Normal"
  },
  {
    "timestamp" : 235529766969,
    "transform" : [
      -0.406035,
      -0.89224756,
      0.19756004,
      0,
      0.5547185,
      -0.068838686,
      0.8291857,
      0,
      -0.72623914,
      0.44626853,
      0.5228972,
      0,
      -2.0794683,
      2.6175754,
      -3.8808556,
      0.99999994
    ],
    "trackingState" : "Normal"
  },
  {
    "timestamp" : 235529783629,
    "transform" : [
      -0.40328595,
      -0.89438915,
      0.19346485,
      0,
      0.5568755,
      -0.072111405,
      0.8274599,
      0,
      -0.72612005,
      0.44143867,
      0.52714497,
      0,
      -2.0794363,
      2.6192455,
      -3.8818853,
      1
    ],
    "trackingState" : "Normal"
  },
  {
    "timestamp" : 235529800289,
    "transform" : [
      -0.40043017,
      -0.89655524,
      0.18932633,
      0,
      0.5600103,
      -0.075902164,
      0.8250015,
      0,
      -0.7252891,
      0.43638012,
      0.53247374,
      0,
      -2.0792994,
      2.6210327,
      -3.8829463,
      1
    ],
    "trackingState" : "Normal"
  },
  {
    "timestamp" : 235529816950,
    "transform" : [
      -0.3971476,
      -0.89886004,
      0.18526903,
      0,
      0.5629711,
      -0.07917395,
      0.8226757,
      0,
      -0.7248018,
      0.43102467,
      0.537476,
      0,
      -2.0788636,
      2.6228523,
      -3.8840768,
      1
    ],
    "trackingState" : "Normal"
  },
  {
    "timestamp" : 235529833610,
    "transform" : [
      -0.3928685,
      -0.9015784,
      0.18113747,
      0,
      0.5644283,
      -0.08090274,
      0.82150817,
      0,
      -0.7259995,
      0.42498374,
      0.5406605,
      0,
      -2.0782914,
      2.6247573,
      -3.8852594,
      0.99999994
    ],
    "trackingState" : "Normal"
  },
  {
    "timestamp" : 235529850270,
    "transform" : [
      -0.3873894,
      -0.9046898,
      0.17738657,
      0,
      0.5646438,
      -0.08073014,
      0.82137704,
      0,
      -0.7287709,
      0.4183529,
      0.54210144,
      0,
      -2.0779202,
      2.62687,
      -3.8865025,
      0.99999994
    ],
    "trackingState" : "Normal"
  },
  {
    "timestamp" : 235529866931,
    "transform" : [
      -0.38105926,
      -0.9080224,
      0.17403856,
      0,
      0.564994,
      -0.07969988,
      0.8212368,
      0,
      -0.7318305,
      0.41127053,
      0.54339755,
      0,
      -2.077599,
      2.6291368,
      -3.887823,
      1
    ],
    "trackingState" : "Normal"
  },
  {
    "timestamp" : 235529883591,
    "transform" : [
      -0.37488392,
      -0.9112436,
      0.17057887,
      0,
      0.5662389,
      -0.07937412,
      0.8204105,
      0,
      -0.73405427,
      0.40414703,
      0.5457377,
      0,
      -2.077203,
      2.6315308,
      -3.8891563,
      0.99999994
    ],
    "trackingState" : "Normal"
  },
  {
    "timestamp" : 235529900252,
    "transform" : [
      -0.3687809,
      -0.9145635,
      0.16605537,
      0,
      0.5674887,
      -0.08003776,
      0.81948197,
      0,
      -0.7361775,
      0.3964438,
      0.5485208,
      0,
      -2.0767193,
      2.6341023,
      -3.8904526,
      0.9999999
    ],
    "trackingState" : "Normal"
  },
  {
    "timestamp" : 235529916912,
    "transform" : [
      -0.36313957,
      -0.9177485,
      0.16083336,
      0,
      0.5691473,
      -0.081823505,
      0.8181542,
      0,
      -0.73769987,
      0.38864198,
      0.5520475,
      0,
      -2.0759852,
      2.6369653,
      -3.8921978,
      0.9999999
    ],
    "trackingState" : "Normal"
  },
  {
    "timestamp" : 235529933572,
    "transform" : [
      -0.35812202,
      -0.9206784,
      0.1552418,
      0,
      0.5705896,
      -0.0842015,
      0.8169075,
      0,
      -0.73903745,
      0.38113186,
      0.55548394,
      0,
      -2.0750422,
      2.6400251,
      -3.8941486,
      1
    ],
    "trackingState" : "Normal"
  },
  {
    "timestamp" : 235529950233,
    "transform" : [
      -0.3528789,
      -0.9237228,
      0.14903937,
      0,
      0.5704513,
      -0.08613465,
      0.81680256,
      0,
      -0.7416616,
      0.373252,
      0.55733407,
      0,
      -2.07414,
      2.6431572,
      -3.8957076,
      1
    ],
    "trackingState" : "Normal"
  },
  {
    "timestamp" : 235529966893,
    "transform" : [
      -0.3466024,
      -0.9271085,
      0.14260633,
      0,
      0.569843,
      -0.08735296,
      0.81709754,
      0,
      -0.745081,
      0.3644712,
      0.558583,
      0,
      -2.073277,
      2.6464465,
      -3.8972034,
      0.99999994
    ],
    "trackingState" : "Normal"
  },
  {
    "timestamp" : 235529983553,
    "transform" : [
      -0.33882886,
      -0.93092483,
      0.13628668,
      0,
      0.57028,
      -0.08799722,
      0.81672347,
      0,
      -0.7483154,
      0.354451,
      0.5607039,
      0,
      -2.072457,
      2.6498885,
      -3.8987455,
      0.99999994
    ],
    "trackingState" : "Normal"
  },
  {
    "timestamp" : 235530000214,
    "transform" : [
      -0.33033863,
      -0.93490005,
      0.12976319,
      0,
      0.5717483,
      -0.08881668,
      0.81560755,
      0,
      -0.7509864,
      0.34361845,
      0.5638671,
      0,
      -2.0717227,
      2.653478,
      -3.9004269,
      1
    ],
    "trackingState" : "Normal"
  },
  {
    "timestamp" : 235530016874,
    "transform" : [
      -0.32254922,
      -0.9385612,
      0.12273964,
      0,
      0.57360923,
      -0.0906657,
      0.81409603,
      0,
      -0.75295067,
      0.33299053,
      0.5676116,
      0,
      -2.0708885,
      2.6571538,
      -3.9021878,
      1
    ],
    "trackingState" : "Normal"
  },
  {
    "timestamp" : 235530033535,
    "transform" : [
      -0.3156957,
      -0.9418364,
      0.11524107,
      0,
      0.57490426,
      -0.093239516,
      0.8128908,
      0,
      -0.7548653,
      0.32287872,
      0.57090116,
      0,
      -2.0697932,
      2.6608691,
      -3.9038754,
      0.99999994
    ],
    "trackingState" : "Normal"
  },
  {
    "timestamp" : 235530050195,
    "transform" : [
      -0.30890888,
      -0.94498104,
      0.10763922,
      0,
      0.57465446,
      -0.09526452,
      0.8128327,
      0,
      -0.75785744,
      0.31294656,
      0.57246566,
      0,
      -2.0686233,
      2.664629,
      -3.9056096,
      1
    ],
    "trackingState" : "Normal"
  },
  {
    "timestamp" : 235530066855,
    "transform" : [
      -0.30170053,
      -0.94811445,
      0.100279294,
      0,
      0.57349646,
      -0.096450284,
      0.81351054,
      0,
      -0.7616291,
      0.3029463,
      0.5728394,
      0,
      -2.067478,
      2.6684122,
      -3.9074793,
      1
    ],
    "trackingState" : "Normal"
  },
  {
    "timestamp" : 235530083516,
    "transform" : [
      -0.29397875,
      -0.95116484,
      0.09413887,
      0,
      0.57344985,
      -0.096722536,
      0.81351095,
      0,
      -0.7646777,
      0.29313886,
      0.5738798,
      0,
      -2.0664403,
      2.6721566,
      -3.9094377,
      1
    ],
    "trackingState" : "Normal"
  },
  {
    "timestamp" : 235530100176,
    "transform" : [
      -0.28642935,
      -0.954069,
      0.08781077,
      0,
      0.5751527,
      -0.09792142,
      0.81216437,
      0,
      -0.76626235,
      0.28313226,
      0.5767828,
      0,
      -2.065386,
      2.6758242,
      -3.9114506,
      1
    ],
    "trackingState" : "Normal"
  },
  {
    "timestamp" : 235530116836,
    "transform" : [
      -0.27846128,
      -0.95702296,
      0.081033975,
      0,
      0.5772521,
      -0.099333204,
      0.8105018,
      0,
      -0.76761943,
      0.27247033,
      0.5801039,
      0,
      -2.0640454,
      2.6789672,
      -3.9129689,
      1
    ],
    "trackingState" : "Normal"
  },
  {
    "timestamp" : 235530133497,
    "transform" : [
      -0.2702024,
      -0.9599462,
      0.07412047,
      0,
      0.57852733,
      -0.10034032,
      0.8094677,
      0,
      -0.76960826,
      0.2616008,
      0.5824673,
      0,
      -2.0628648,
      2.682305,
      -3.9148335,
      0.9999999
    ],
    "trackingState" : "Normal"
  },
  {
    "timestamp" : 235530150157,
    "transform" : [
      -0.2628285,
      -0.9624363,
      0.068100385,
      0,
      0.57763886,
      -0.10042473,
      0.81009156,
      0,
      -0.7728226,
      0.25225255,
      0.5823352,
      0,
      -2.0616946,
      2.6856444,
      -3.9168894,
      1
    ],
    "trackingState" : "Normal"
  },
  {
    "timestamp" : 235530166818,
    "transform" : [
      -0.2568656,
      -0.9644148,
      0.06264507,
      0,
      0.57530147,
      -0.10049969,
      0.8117439,
      0,
      -0.776562,
      0.24454886,
      0.58064413,
      0,
      -2.0604572,
      2.6889443,
      -3.9190302,
      0.99999994
    ],
    "trackingState" : "Normal"
  },
  {
    "timestamp" : 235530183478,
    "transform" : [
      -0.25182503,
      -0.9661026,
      0.056833267,
      0,
      0.5727571,
      -0.1014437,
      0.81342405,
      0,
      -0.78008574,
      0.23739216,
      0.5788881,
      0,
      -2.0591385,
      2.6921976,
      -3.9211204,
      0.99999994
    ],
    "trackingState" : "Normal"
  },
  {
    "timestamp" : 235530200138,
    "transform" : [
      -0.24663366,
      -0.9678006,
      0.05033812,
      0,
      0.5697359,
      -0.10278103,
      0.81537557,
      0,
      -0.78394717,
      0.22977845,
      0.57673997,
      0,
      -2.057792,
      2.695426,
      -3.9231205,
      1
    ],
    "trackingState" : "Normal"
  },
  {
    "timestamp" : 235530216799,
    "transform" : [
      -0.24041139,
      -0.96967906,
      0.043872874,
      0,
      0.5657449,
      -0.10325014,
      0.81809056,
      0,
      -0.7887555,
      0.22149913,
      0.57341355,
      0,
      -2.0564692,
      2.6982918,
      -3.9247744,
      0.99999994
    ],
    "trackingState" : "Normal"
  },
  {
    "timestamp" : 235530233459,
    "transform" : [
      -0.23244393,
      -0.9718609,
      0.038160786,
      0,
      0.5617998,
      -0.10213298,
      0.8209445,
      0,
      -0.7939464,
      0.21226229,
      0.5697314,
      0,
      -2.0553358,
      2.701453,
      -3.9266639,
      0.99999994
    ],
    "trackingState" : "Normal"
  },
  {
    "timestamp" : 235530250119,
    "transform" : [
      -0.22346203,
      -0.9741635,
      0.032716714,
      0,
      0.5587419,
      -0.10052141,
      0.8232273,
      0,
      -0.7986692,
      0.20224021,
      0.5667686,
      0,
      -2.054307,
      2.7047215,
      -3.9286067,
      1
    ],
    "trackingState" : "Normal"
  },
  {
    "timestamp" : 235530266780,
    "transform" : [
      -0.21553,
      -0.97612745,
      0.026872894,
      0,
      0.55686057,
      -0.10025592,
      0.8245334,
      0,
      -0.8021555,
      0.1926761,
      0.56517506,
      0,
      -2.0532093,
      2.7080197,
      -3.9304993,
      1
    ],
    "trackingState" : "Normal"
  },
  {
    "timestamp" : 235530283440,
    "transform" : [
      -0.20911993,
      -0.9776785,
      0.02034202,
      0,
      0.5554846,
      -0.10164364,
      0.8252912,
      0,
      -0.8048018,
      0.18388447,
      0.564341,
      0,
      -2.051999,
      2.7113323,
      -3.9323392,
      1
    ],
    "trackingState" : "Normal"
  },
  {
    "timestamp" : 235530300101,
    "transform" : [
      -0.20334621,
      -0.979009,
      0.013850337,
      0,
      0.5538464,
      -0.10334909,
      0.8261799,
      0,
      -0.8074062,
      0.1756715,
      0.56323624,
      0,
      -2.0507424,
      2.7146626,
      -3.9342108,
      1
    ],
    "trackingState" : "Normal"
  },
  {
    "timestamp" : 235530316761,
    "transform" : [
      -0.19662604,
      -0.9804414,
      0.008545363,
      0,
      0.55179894,
      -0.10344977,
      0.8275363,
      0,
      -0.81046677,
      0.16743048,
      0.5613474,
      0,
      -2.0495794,
      2.7180812,
      -3.935968,
      1
    ],
    "trackingState" : "Normal"
  },
  {
    "timestamp" : 235530333421,
    "transform" : [
      -0.18809323,
      -0.98214453,
      0.0035987492,
      0,
      0.54952973,
      -0.1022036,
      0.8291993,
      0,
      -0.8140259,
      0.15794441,
      0.5589415,
      0,
      -2.0484786,
      2.721497,
      -3.9379418,
      0.99999994
    ],
    "trackingState" : "Normal"
  },
  {
    "timestamp" : 235530350082,
    "transform" : [
      -0.17813921,
      -0.9840047,
      -0.0011862755,
      0,
      0.54766136,
      -0.10014727,
      0.8306851,
      0,
      -0.81751674,
      0.14732789,
      0.55674154,
      0,
      -2.047397,
      2.7249162,
      -3.939985,
      0.99999994
    ],
    "trackingState" : "Normal"
  },
  {
    "timestamp" : 235530366742,
    "transform" : [
      -0.16758914,
      -0.9858412,
      -0.0055685453,
      0,
      0.54570013,
      -0.097468086,
      0.832293,
      0,
      -0.8210515,
      0.13644448,
      0.5543083,
      0,
      -2.0463014,
      2.7283251,
      -3.9420807,
      1
    ],
    "trackingState" : "Normal"
  },
  {
    "timestamp" : 235530383402,
    "transform" : [
      -0.15672371,
      -0.9875945,
      -0.009733745,
      0,
      0.5423355,
      -0.09429283,
      0.8348539,
      0,
      -0.8254151,
      0.12556246,
      0.55038553,
      0,
      -2.0452166,
      2.73171,
      -3.9442413,
      0.99999994
    ],
    "trackingState" : "Normal"
  },
  {
    "timestamp" : 235530400063,
    "transform" : [
      -0.14699233,
      -0.98904103,
      -0.013828466,
      0,
      0.5384664,
      -0.09173902,
      0.8376384,
      0,
      -0.82972735,
      0.115680225,
      0.5460503,
      0,
      -2.0443702,
      2.7351377,
      -3.9461591,
      0.99999994
    ],
    "trackingState" : "Normal"
  },
  {
    "timestamp" : 235530416723,
    "transform" : [
      -0.13903396,
      -0.99012214,
      -0.018103736,
      0,
      0.5355242,
      -0.09055131,
      0.8396514,
      0,
      -0.8329969,
      0.10704506,
      0.5428241,
      0,
      -2.0431771,
      2.7384117,
      -3.9482784,
      1
    ],
    "trackingState" : "Normal"
  },
  {
    "timestamp" : 235530433384,
    "transform" : [
      -0.13146307,
      -0.99107194,
      -0.022227906,
      0,
      0.5328123,
      -0.08954901,
      0.84148216,
      0,
      -0.83595985,
      0.0987805,
      0.5398277,
      0,
      -2.041813,
      2.741563,
      -3.9504893,
      1
    ],
    "trackingState" : "Normal"
  },
  {
    "timestamp" : 235530450044,
    "transform" : [
      -0.1237891,
      -0.99199176,
      -0.025075156,
      0,
      0.5286281,
      -0.08730982,
      0.8443516,
      0,
      -0.8397791,
      0.09126606,
      0.53520274,
      0,
      -2.0403793,
      2.744597,
      -3.952862,
      1
    ],
    "trackingState" : "Normal"
  },
  {
    "timestamp" : 235530466704,
    "transform" : [
      -0.11656847,
      -0.99283844,
      -0.026147632,
      0,
      0.5222731,
      -0.08367031,
      0.8486638,
      0,
      -0.8447738,
      0.08527122,
      0.5282861,
      0,
      -2.0389218,
      2.7475226,
      -3.955409,
      0.99999994
    ],
    "trackingState" : "Normal"
  },
  {
    "timestamp" : 235530483365,
    "transform" : [
      -0.10944641,
      -0.9936318,
      -0.026785826,
      0,
      0.51443535,
      -0.07968076,
      0.85381925,
      0,
      -0.8505163,
      0.079667866,
      0.5198802,
      0,
      -2.037492,
      2.750364,
      -3.9579892,
      1
    ],
    "trackingState" : "Normal"
  },
  {
    "timestamp" : 235530500025,
    "transform" : [
      -0.10193248,
      -0.99439794,
      -0.02797215,
      0,
      0.5068341,
      -0.076108254,
      0.8586773,
      0,
      -0.85599595,
      0.07334987,
      0.5117527,
      0,
      -2.0363472,
      2.7527297,
      -3.9603639,
      0.99999994
    ],
    "trackingState" : "Normal"
  },
  {
    "timestamp" : 235530516685,
    "transform" : [
      -0.0940403,
      -0.99511576,
      -0.030019853,
      0,
      0.5016343,
      -0.07340827,
      0.8619597,
      0,
      -0.8599533,
      0.06599994,
      0.50608754,
      0,
      -2.0353546,
      2.7548792,
      -3.962617,
      1
    ],
    "trackingState" : "Normal"
  },
  {
    "timestamp" : 235530533346,
    "transform" : [
      -0.086542726,
      -0.9957078,
      -0.032808397,
      0,
      0.49980563,
      -0.07188162,
      0.86314976,
      0,
      -0.8618033,
      0.05830151,
      0.5038812,
      0,
      -2.0341887,
      2.7572744,
      -3.9649248,
      0.99999994
    ],
    "trackingState" : "Normal"
  },
  {
    "timestamp" : 235530550006,
    "transform" : [
      -0.078628294,
      -0.9962516,
      -0.036060963,
      0,
      0.4994222,
      -0.07067122,
      0.8634715,
      0,
      -0.8627833,
      0.049883645,
      0.50310695,
      0,
      -2.0329785,
      2.7596326,
      -3.967236,
      0.99999994
    ],
    "trackingState" : "Normal"
  },
  {
    "timestamp" : 235530566667,
    "transform" : [
      -0.069233716,
      -0.99683696,
      -0.039021894,
      0,
      0.49820387,
      -0.06843772,
      0.8643548,
      0,
      -0.8642915,
      0.040401634,
      0.50136626,
      0,
      -2.0317872,
      2.761857,
      -3.96964,
      0.99999994
    ],
    "trackingState" : "Normal"
  },
  {
    "timestamp" : 235530583327,
    "transform" : [
      -0.05949676,
      -0.9974313,
      -0.039885674,
      0,
      0.49482432,
      -0.06417101,
      0.8666204,
      0,
      -0.8669539,
      0.031824704,
      0.49737126,
      0,
      -2.0305572,
      2.7639124,
      -3.9722953,
      0.9999999
    ],
    "trackingState" : "Normal"
  },
  {
    "timestamp" : 235530599987,
    "transform" : [
      -0.05078614,
      -0.99796414,
      -0.03857822,
