[
  {
    "trackingState" : "Normal",
    "transform" : [
      -0.47319755,
      -0.87855643,
      0.06498266,
      0,
      0.192701,
      -0.031248122,
      0.98075986,
      0,
      -0.85962236,
      0.47661534,
      0.1840852,
      0,
      -1.6788433,
      2.5643222,
      -0.0664533,
      0.99999994
    ],
    "timestamp" : 235495396610
  },
  {
    "trackingState" : "Normal",
    "transform" : [
      -0.47108385,
      -0.879746,
      0.064243585,
      0,
      0.19117834,
      -0.03072851,
      0.9810743,
      0,
      -0.8611221,
      0.47445017,
      0.18266404,
      0,
      -1.6768132,
      2.5647564,
      -0.06713615,
      1
    ],
    "timestamp" : 235495413270
  },
  {
    "trackingState" : "Normal",
    "transform" : [
      -0.47040582,
      -0.88021606,
      0.06275528,
      0,
      0.19083779,
      -0.032039948,
      0.9810986,
      0,
      -0.8615681,
      0.4734905,
      0.18305025,
      0,
      -1.674074,
      2.5654678,
      -0.06816362,
      1
    ],
    "timestamp" : 235495429931
  },
  {
    "trackingState" : "Normal",
    "transform" : [
      -0.47036028,
      -0.8803396,
      0.06134766,
      0,
      0.19044548,
      -0.033382505,
      0.9811301,
      0,
      -0.8616798,
      0.47316793,
      0.18335848,
      0,
      -1.6711265,
      2.5662222,
      -0.069402084,
      1
    ],
    "timestamp" : 235495446591
  },
  {
    "trackingState" : "Normal",
    "transform" : [
      -0.46979472,
      -0.88066775,
      0.060970083,
      0,
      0.18882534,
      -0.032781076,
      0.98146343,
      0,
      -0.86234456,
      0.472599,
      0.18169276,
      0,
      -1.6681777,
      2.5670016,
      -0.07083959,
      0.99999994
    ],
    "timestamp" : 235495463251
  },
  {
    "trackingState" : "Normal",
    "transform" : [
      -0.4674949,
      -0.8818771,
      0.06116726,
      0,
      0.18535063,
      -0.03013043,
      0.9822105,
      0,
      -0.86434597,
      0.47051573,
      0.17754228,
      0,
      -1.6653397,
      2.5678582,
      -0.072396845,
      1
    ],
    "timestamp" : 235495479912
  },
  {
    "trackingState" : "Normal",
    "transform" : [
      -0.46429238,
      -0.8835781,
      0.061012104,
      0,
      0.18135107,
      -0.027414426,
      0.9830363,
      0,
      -0.8669168,
      0.46748078,
      0.17296611,
      0,
      -1.662577,
      2.5687716,
      -0.07400185,
      1
    ],
    "timestamp" : 235495496572
  },
  {
    "trackingState" : "Normal",
    "transform" : [
      -0.46246764,
      -0.88461274,
      0.059867624,
      0,
      0.17899819,
      -0.027020132,
      0.9834783,
      0,
      -0.86837983,
      0.46554303,
      0.17084,
      0,
      -1.6601195,
      2.5696406,
      -0.07506249,
      0.99999994
    ],
    "timestamp" : 235495513233
  },
  {
    "trackingState" : "Normal",
    "transform" : [
      -0.46301398,
      -0.8844618,
      0.057840426,
      0,
      0.17863633,
      -0.029199796,
      0.9834819,
      0,
      -0.8681632,
      0.46569818,
      0.1715169,
      0,
      -1.6575328,
      2.5704327,
      -0.07625471,
      1
    ],
    "timestamp" : 235495529893
  },
  {
    "trackingState" : "Normal",
    "transform" : [
      -0.4649749,
      -0.88357675,
      0.055592872,
      0,
      0.17880245,
      -0.032222424,
      0.9833573,
      0,
      -0.8670804,
      0.46717653,
      0.17296828,
      0,
      -1.6547078,
      2.5711865,
      -0.07795197,
      1
    ],
    "timestamp" : 235495546553
  },
  {
    "trackingState" : "Normal",
    "transform" : [
      -0.4663183,
      -0.8829789,
      0.053812183,
      0,
      0.17840104,
      -0.034287214,
      0.98336047,
      0,
      -0.86644137,
      0.46815905,
      0.17351308,
      0,
      -1.6519244,
      2.571968,
      -0.07996762,
      1
    ],
    "timestamp" : 235495563214
  },
  {
    "trackingState" : "Normal",
    "transform" : [
      -0.46609405,
      -0.883141,
      0.053089228,
      0,
      0.1782557,
      -0.034963753,
      0.98336285,
      0,
      -0.8665919,
      0.46780297,
      0.1737213,
      0,
      -1.6493068,
      2.5727832,
      -0.08226492,
      0.99999994
    ],
    "timestamp" : 235495579874
  },
  {
    "trackingState" : "Normal",
    "transform" : [
      -0.46428826,
      -0.88407534,
      0.05336038,
      0,
      0.17882,
      -0.034562793,
      0.9832746,
      0,
      -0.8674446,
      0.46606475,
      0.17413741,
      0,
      -1.6468825,
      2.5736184,
      -0.084831834,
      1
    ],
    "timestamp" : 235495596534
  },
  {
    "trackingState" : "Normal",
    "transform" : [
      -0.4615675,
      -0.8854551,
      0.054081757,
      0,
      0.18017943,
      -0.033880748,
      0.98305005,
      0,
      -0.8686145,
      0.46348834,
      0.17517905,
      0,
      -1.6458024,
      2.5740416,
      -0.0873209,
      0.99999994
    ],
    "timestamp" : 235495613195
  },
  {
    "trackingState" : "Normal",
    "transform" : [
      -0.4587695,
      -0.8868378,
      0.055222444,
      0,
      0.18281874,
      -0.033389658,
      0.9825796,
      0,
      -0.8695448,
      0.46087316,
      0.17744869,
      0,
      -1.6440234,
      2.5746858,
      -0.09020142,
      1
    ],
    "timestamp" : 235495629855
  },
  {
    "trackingState" : "Normal",
    "transform" : [
      -0.45663875,
      -0.8878815,
      0.056103498,
      0,
      0.185751,
      -0.03347968,
      0.9820264,
      0,
      -0.8700447,
      0.45885256,
      0.18021297,
      0,
      -1.642013,
      2.5753489,
      -0.09329404,
      0.99999994
    ],
    "timestamp" : 235495646516
  },
  {
    "trackingState" : "Normal",
    "transform" : [
      -0.4554189,
      -0.88846624,
      0.056759376,
      0,
      0.18893534,
      -0.03415022,
      0.9813956,
      0,
      -0.86999846,
      0.4576699,
      0.1834153,
      0,
      -1.6399063,
      2.5759647,
      -0.09654769,
      1
    ],
    "timestamp" : 235495663176
  },
  {
    "trackingState" : "Normal",
    "transform" : [
      -0.4542782,
      -0.8889837,
      0.057788134,
      0,
      0.19235504,
      -0.034543782,
      0.9807173,
      0,
      -0.8698455,
      0.45663425,
      0.18669294,
      0,
      -1.6377945,
      2.5765402,
      -0.09996724,
      1
    ],
    "timestamp" : 235495679836
  },
  {
    "trackingState" : "Normal",
    "transform" : [
      -0.4519511,
      -0.8900769,
      0.05918868,
      0,
      0.19505435,
      -0.03385978,
      0.98020774,
      0,
      -0.8704562,
      0.45455095,
      0.18891636,
      0,
      -1.6357719,
      2.5771446,
      -0.10352787,
      0.9999999
    ],
    "timestamp" : 235495696497
  },
  {
    "trackingState" : "Normal",
    "transform" : [
      -0.4486942,
      -0.89164424,
      0.06036727,
      0,
      0.19752653,
      -0.03306787,
      0.97973967,
      0,
      -0.87158304,
      0.4515276,
      0.19096072,
      0,
      -1.6341702,
      2.5777543,
      -0.106951825,
      0.99999994
    ],
    "timestamp" : 235495713157
  },
  {
    "trackingState" : "Normal",
    "transform" : [
      -0.4460352,
      -0.8929334,
      0.061013523,
      0,
      0.20062752,
      -0.033315495,
      0.979101,
      0,
      -0.87223935,
      0.44895443,
      0.19400688,
      0,
      -1.632519,
      2.578365,
      -0.11045954,
      0.99999994
    ],
    "timestamp" : 235495729817
  },
  {
    "trackingState" : "Normal",
    "transform" : [
      -0.44440344,
      -0.89375985,
      0.060820177,
      0,
      0.20421061,
      -0.034966182,
      0.9783023,
      0,
      -0.8722407,
      0.447181,
      0.19805431,
      0,
      -1.6306021,
      2.5789504,
      -0.11417096,
      0.99999994
    ],
    "timestamp" : 235495746478
  },
  {
    "trackingState" : "Normal",
    "transform" : [
      -0.443754,
      -0.89411926,
      0.060277328,
      0,
      0.20782465,
      -0.037248414,
      0.97745675,
      0,
      -0.87171763,
      0.44627738,
      0.20234911,
      0,
      -1.6285579,
      2.5794687,
      -0.11805333,
      1
    ],
    "timestamp" : 235495763138
  },
  {
    "trackingState" : "Normal",
    "transform" : [
      -0.44352806,
      -0.89422804,
      0.060325965,
      0,
      0.21087229,
      -0.038697656,
      0.97674745,
      0,
      -0.8711005,
      0.4459359,
      0.20573139,
      0,
      -1.6264801,
      2.5799236,
      -0.122152075,
      1
    ],
    "timestamp" : 235495779799
  },
  {
    "trackingState" : "Normal",
    "transform" : [
      -0.44247335,
      -0.8946877,
      0.06124866,
      0,
      0.2131146,
      -0.03856379,
      0.97626585,
      0,
      -0.8710911,
      0.44502458,
      0.20773445,
      0,
      -1.6244568,
      2.5803747,
      -0.12644397,
      0.99999994
    ],
    "timestamp" : 235495796459
  },
  {
    "trackingState" : "Normal",
    "transform" : [
      -0.4399708,
      -0.8958267,
      0.062612586,
      0,
      0.21501644,
      -0.037393022,
      0.9758944,
      0,
      -0.87189096,
      0.44282773,
      0.20906928,
      0,
      -1.6224599,
      2.581138,
      -0.13072616,
      0.99999994
    ],
    "timestamp" : 235495813119
  },
  {
    "trackingState" : "Normal",
    "transform" : [
      -0.4370985,
      -0.89712775,
      0.06408488,
      0,
      0.2169674,
      -0.036026552,
      0.97551394,
      0,
      -0.87285185,
      0.44029996,
      0.21039459,
      0,
      -1.6204964,
      2.5817235,
      -0.13519602,
      0.99999994
    ],
    "timestamp" : 235495829780
  },
  {
    "trackingState" : "Normal",
    "transform" : [
      -0.4349289,
      -0.89810884,
      0.065094665,
      0,
      0.2191547,
      -0.035459444,
      0.97504556,
      0,
      -0.8733888,
      0.43834126,
      0.2122471,
      0,
      -1.6184698,
      2.5822117,
      -0.13977471,
      0.99999994
    ],
    "timestamp" : 235495846440
  },
  {
    "trackingState" : "Normal",
    "transform" : [
      -0.43421903,
      -0.89843804,
      0.065292254,
      0,
      0.22160271,
      -0.036284406,
      0.9744618,
      0,
      -0.8731244,
      0.43759874,
      0.21485163,
      0,
      -1.6163197,
      2.582594,
      -0.1444386,
      1
    ],
    "timestamp" : 235495863100
  },
  {
    "trackingState" : "Normal",
    "transform" : [
      -0.43484563,
      -0.89815986,
      0.06494693,
      0,
      0.22372207,
      -0.03789046,
      0.97391623,
      0,
      -0.87227166,
      0.43803322,
      0.21741466,
      0,
      -1.6140573,
      2.5828886,
      -0.14920506,
      0.99999994
    ],
    "timestamp" : 235495879761
  },
  {
    "trackingState" : "Normal",
    "transform" : [
      -0.43549526,
      -0.8978802,
      0.064460225,
      0,
      0.22488216,
      -0.03917754,
      0.97359806,
      0,
      -0.87164915,
      0.43849328,
      0.21897885,
      0,
      -1.6117882,
      2.5831416,
      -0.15411219,
      1
    ],
    "timestamp" : 235495896421
  },
  {
    "trackingState" : "Normal",
    "transform" : [
      -0.43524,
      -0.897989,
      0.064668976,
      0,
      0.22506596,
      -0.03897411,
      0.9735638,
      0,
      -0.87172914,
      0.43828863,
      0.21906982,
      0,
      -1.6093628,
      2.5835216,
      -0.15900071,
      0.99999994
    ],
    "timestamp" : 235495913082
  },
  {
    "trackingState" : "Normal",
    "transform" : [
      -0.43306366,
      -0.8989694,
      0.06565088,
      0,
      0.22458917,
      -0.037080225,
      0.9737478,
      0,
      -0.8729352,
      0.43643925,
      0.21795689,
      0,
      -1.6070888,
      2.5839722,
      -0.1640925,
      1
    ],
    "timestamp" : 235495929742
  },
  {
    "trackingState" : "Normal",
    "transform" : [
      -0.42986217,
      -0.9004175,
      0.06683507,
      0,
      0.22477764,
      -0.03502899,
      0.9737803,
      0,
      -0.8744677,
      0.43361434,
      0.21745133,
      0,
      -1.6050143,
      2.5844169,
      -0.16943802,
      0.99999994
    ],
    "timestamp" : 235495946402
  },
  {
    "trackingState" : "Normal",
    "transform" : [
      -0.4276857,
      -0.9013974,
      0.06758427,
      0,
      0.22636618,
      -0.03441849,
      0.973434,
      0,
      -0.8751248,
      0.43162253,
      0.21876618,
      0,
      -1.602908,
      2.584834,
      -0.1749009,
      0.9999999
    ],
    "timestamp" : 235495963063
  },
  {
    "trackingState" : "Normal",
    "transform" : [
      -0.42709157,
      -0.9016875,
      0.067472376,
      0,
      0.22802071,
      -0.035193726,
      0.97302,
      0,
      -0.8749855,
      0.4309537,
      0.22063439,
      0,
      -1.6007115,
      2.5852306,
      -0.18042283,
      0.99999994
    ],
    "timestamp" : 235495979723
  },
  {
    "trackingState" : "Normal",
    "transform" : [
      -0.4270865,
      -0.90176594,
      0.06644966,
      0,
      0.22821839,
      -0.036393184,
      0.97292954,
      0,
      -0.87493646,
      0.4306901,
      0.22134256,
      0,
      -1.5984789,
      2.5856714,
      -0.18595615,
      1
    ],
    "timestamp" : 235495996383
  },
  {
    "trackingState" : "Normal",
    "transform" : [
      -0.42654243,
      -0.9021441,
      0.06479098,
      0,
      0.22647943,
      -0.037179895,
      0.9733061,
      0,
      -0.87565345,
      0.42983016,
      0.22017586,
      0,
      -1.5960711,
      2.586089,
      -0.19166282,
      1
    ],
    "timestamp" : 235496013044
  },
  {
    "trackingState" : "Normal",
    "transform" : [
      -0.42616668,
      -0.90241224,
      0.06351474,
      0,
      0.22411896,
      -0.03729818,
      0.9738477,
      0,
      -0.8764432,
      0.4292563,
      0.21814293,
      0,
      -1.5937268,
      2.5865831,
      -0.19748141,
      0.99999994
    ],
    "timestamp" : 235496029704
  },
  {
    "trackingState" : "Normal",
    "transform" : [
      -0.42637455,
      -0.9023301,
      0.06328854,
      0,
      0.22303885,
      -0.03706895,
      0.9741047,
      0,
      -0.8766179,
      0.42944914,
      0.2170599,
      0,
      -1.591543,
      2.5871634,
      -0.20339689,
      1
    ],
    "timestamp" : 235496046365
  },
  {
    "trackingState" : "Normal",
    "transform" : [
      -0.42608938,
      -0.9024344,
      0.06371748,
      0,
      0.22304626,
      -0.036533374,
      0.97412306,
      0,
      -0.8767544,
      0.4292754,
      0.21685112,
      0,
      -1.5894929,
      2.587819,
      -0.20939118,
      0.99999994
    ],
    "timestamp" : 235496063025
  },
  {
    "trackingState" : "Normal",
    "transform" : [
      -0.42457935,
      -0.90314716,
      0.063699946,
      0,
      0.22323552,
      -0.036241774,
      0.97409064,
      0,
      -0.87743866,
      0.42779884,
      0.21700202,
      0,
      -1.587563,
      2.5885825,
      -0.215369,
      0.99999994
    ],
    "timestamp" : 235496079685
  },
  {
    "trackingState" : "Normal",
    "transform" : [
      -0.42332283,
      -0.9037957,
      0.06285669,
      0,
      0.22372958,
      -0.037055686,
      0.9739466,
      0,
      -0.8779196,
      0.42635667,
      0.21789238,
      0,
      -1.585623,
      2.5893803,
      -0.22133188,
      0.9999999
    ],
    "timestamp" : 235496096346
  },
  {
    "trackingState" : "Normal",
    "transform" : [
      -0.42427456,
      -0.9034269,
      0.061735105,
      0,
      0.22453086,
      -0.03890947,
      0.97368985,
      0,
      -0.8772555,
      0.42697322,
      0.21935548,
      0,
      -1.5835285,
      2.5902767,
      -0.22727455,
      1
    ],
    "timestamp" : 235496113006
  },
  {
    "trackingState" : "Normal",
    "transform" : [
      -0.4267954,
      -0.9023178,
      0.060567323,
      0,
      0.22415288,
      -0.040664904,
      0.97370523,
      0,
      -0.8761287,
      0.42914918,
      0.2196127,
      0,
      -1.5813386,
      2.5911145,
      -0.23334141,
      0.99999994
    ],
    "timestamp" : 235496129666
  },
  {
    "trackingState" : "Normal",
    "transform" : [
      -0.42873415,
      -0.9014735,
      0.059436634,
      0,
      0.22230543,
      -0.04150214,
      0.97409344,
      0,
      -0.8756527,
      0.43084013,
      0.21819583,
      0,
      -1.5792037,
      2.5919087,
      -0.23954912,
      1
    ],
    "timestamp" : 235496146327
  },
  {
    "trackingState" : "Normal",
    "transform" : [
      -0.42930916,
      -0.9012543,
      0.058604397,
      0,
      0.22065167,
      -0.041742004,
      0.9744591,
      0,
      -0.87578917,
      0.4312753,
      0.21678346,
      0,
      -1.5771651,
      2.5927575,
      -0.24584,
      0.99999994
    ],
    "timestamp" : 235496162987
  },
  {
    "trackingState" : "Normal",
    "transform" : [
      -0.4287339,
      -0.9015681,
      0.057985682,
      0,
      0.22019394,
      -0.042031914,
      0.9745502,
      0,
      -0.8761862,
      0.43059072,
      0.2165403,
      0,
      -1.5751977,
      2.5936725,
      -0.2521789,
      1
    ],
    "timestamp" : 235496179648
  },
  {
    "trackingState" : "Normal",
    "transform" : [
      -0.42777756,
      -0.90205705,
      0.05744219,
      0,
      0.2206764,
      -0.04260018,
      0.9744163,
      0,
      -0.8765321,
      0.4295095,
      0.21728611,
      0,
      -1.5732476,
      2.5946198,
      -0.25857118,
      0.99999994
    ],
    "timestamp" : 235496196308
  },
  {
    "trackingState" : "Normal",
    "transform" : [
      -0.42766023,
      -0.90212905,
      0.05718426,
      0,
      0.22213735,
      -0.043562982,
      0.9740418,
      0,
      -0.8762202,
      0.42926162,
      0.2190267,
      0,
      -1.5706937,
      2.5951874,
      -0.264801,
      0.99999994
    ],
    "timestamp" : 235496212968
  },
  {
    "trackingState" : "Normal",
    "transform" : [
      -0.4282374,
      -0.9018264,
      0.05763658,
      0,
      0.22236991,
      -0.043344434,
      0.97399855,
      0,
      -0.8758793,
      0.42991915,
      0.21910074,
      0,
      -1.5684791,
      2.5959234,
      -0.27127153,
      1
    ],
    "timestamp" : 235496229629
  },
  {
    "trackingState" : "Normal",
    "transform" : [
      -0.42782855,
      -0.9020003,
      0.05795036,
      0,
      0.21997865,
      -0.041722838,
      0.97461206,
      0,
      -0.8766826,
      0.42971468,
      0.216271,
      0,
      -1.5664996,
      2.5967736,
      -0.27778476,
      0.99999994
    ],
    "timestamp" : 235496246289
  },
  {
    "trackingState" : "Normal",
    "transform" : [
      -0.42641482,
      -0.9027038,
      0.057414252,
      0,
      0.21712084,
      -0.04053073,
      0.97530293,
      0,
      -0.8780827,
      0.42834944,
      0.21327868,
      0,
      -1.564694,
      2.597682,
      -0.284216,
      1
    ],
    "timestamp" : 235496262949
  },
  {
    "trackingState" : "Normal",
    "transform" : [
      -0.42539927,
      -0.9032712,
      0.056006536,
      0,
      0.21652238,
      -0.041493557,
      0.97539556,
      0,
      -0.8787227,
      0.42705917,
      0.21322976,
      0,
      -1.5629401,
      2.598557,
      -0.29053485,
      0.99999994
    ],
    "timestamp" : 235496279610
  },
  {
    "trackingState" : "Normal",
    "transform" : [
      -0.42524052,
      -0.90347457,
      0.053892266,
      0,
      0.21768917,
      -0.044300772,
      0.9750123,
      0,
      -0.8785113,
      0.42634645,
      0.2155151,
      0,
      -1.5611807,
      2.5993571,
      -0.29677096,
      0.99999994
    ],
    "timestamp" : 235496296270
  },
  {
    "trackingState" : "Normal",
    "transform" : [
      -0.42571577,
      -0.90338117,
      0.051659673,
      0,
      0.21886693,
      -0.04740794,
      0.9746024,
      0,
      -0.8779884,
      0.42621017,
      0.21790256,
      0,
      -1.559144,
      2.5993788,
      -0.3020956,
      1
    ],
    "timestamp" : 235496312931
  },
  {
    "trackingState" : "Normal",
    "transform" : [
      -0.4263566,
      -0.9031551,
      0.050310645,
      0,
      0.21877022,
      -0.04898834,
      0.97454596,
      0,
      -0.8777015,
      0.42651048,
      0.21846993,
      0,
      -1.5573155,
      2.5997622,
      -0.30807057,
      1
    ],
    "timestamp" : 235496329591
  },
  {
    "trackingState" : "Normal",
    "transform" : [
      -0.42647707,
      -0.9031241,
      0.049843397,
      0,
      0.21721946,
      -0.04877136,
      0.9749037,
      0,
      -0.8780281,
      0.42660096,
      0.21697599,
      0,
      -1.5556233,
      2.6002328,
      -0.3143006,
      1
    ],
    "timestamp" : 235496346251
  },
  {
    "trackingState" : "Normal",
    "transform" : [
      -0.42560723,
      -0.90352196,
      0.05006565,
      0,
      0.21563812,
      -0.04753323,
      0.9753157,
      0,
      -0.87883943,
      0.42589748,
      0.21506424,
      0,
      -1.554079,
      2.6007268,
      -0.32058647,
      0.99999994
    ],
    "timestamp" : 235496362912
  },
  {
    "trackingState" : "Normal",
    "transform" : [
      -0.42380735,
      -0.90434986,
      0.05038696,
      0,
      0.21542698,
      -0.046609975,
      0.97540706,
      0,
      -0.8797607,
      0.42423934,
      0.21457501,
      0,
      -1.5526568,
      2.6012058,
      -0.3268547,
      1
    ],
    "timestamp" : 235496379572
  },
  {
    "trackingState" : "Normal",
    "transform" : [
      -0.42205614,
      -0.9051573,
      0.05058716,
      0,
      0.2168355,
      -0.046610076,
      0.9750948,
      0,
      -0.8802563,
      0.4225138,
      0.21594228,
      0,
      -1.551171,
      2.601717,
      -0.3331596,
      0.99999994
    ],
    "timestamp" : 235496396232
  },
  {
    "trackingState" : "Normal",
    "transform" : [
      -0.4211658,
      -0.9055871,
      0.05031347,
      0,
      0.21885903,
      -0.047638454,
      0.97459286,
      0,
      -0.88018185,
      0.42147672,
      0.21825959,
      0,
      -1.5496792,
      2.60214,
      -0.33938366,
      0.99999994
    ],
    "timestamp" : 235496412893
  },
  {
    "trackingState" : "Normal",
    "transform" : [
      -0.4212115,
      -0.9056058,
      0.049590133,
      0,
      0.22024472,
      -0.049092505,
      0.97420853,
      0,
      -0.8798144,
      0.42126977,
      0.2201332,
      0,
      -1.5482012,
      2.6024392,
      -0.34548736,
      1
    ],
    "timestamp" : 235496429553
  },
  {
    "trackingState" : "Normal",
    "transform" : [
      -0.4218285,
      -0.90534383,
      0.049127754,
      0,
      0.22009465,
      -0.04968422,
      0.9742125,
      0,
      -0.87955636,
      0.42176327,
      0.22021951,
      0,
      -1.5467285,
      2.6026726,
      -0.35152856,
      1
    ],
    "timestamp" : 235496446214
  },
  {
    "trackingState" : "Normal",
    "transform" : [
      -0.42233786,
      -0.90510434,
      0.04916118,
      0,
      0.21889254,
      -0.049208313,
      0.97450733,
      0,
      -0.87961173,
      0.42233232,
      0.21890312,
      0,
      -1.5453254,
      2.6028805,
      -0.35753968,
      0.99999994
    ],
    "timestamp" : 235496462874
  },
  {
    "trackingState" : "Normal",
    "transform" : [
      -0.42271176,
      -0.90489167,
      0.049859703,
      0,
      0.21912408,
      -0.048667595,
      0.9744825,
      0,
      -0.8793746,
      0.42285067,
      0.21885592,
      0,
      -1.5440022,
      2.6030378,
      -0.36352834,
      1
    ],
    "timestamp" : 235496479534
  },
  {
    "trackingState" : "Normal",
    "transform" : [
      -0.42343667,
      -0.9044862,
      0.051052444,
      0,
      0.22101101,
      -0.04848689,
      0.97406536,
      0,
      -0.87855333,
      0.42373806,
      0.2204325,
      0,
      -1.5427392,
      2.6031272,
      -0.36947444,
      1
    ],
    "timestamp" : 235496496195
  },
  {
    "trackingState" : "Normal",
    "transform" : [
      -0.42365366,
      -0.90434515,
      0.051746055,
      0,
      0.22175652,
      -0.048158407,
      0.97391224,
      0,
      -0.8782608,
      0.4240764,
      0.2209469,
      0,
      -1.541486,
      2.6031396,
      -0.3752202,
      1
    ],
    "timestamp" : 235496512855
  },
  {
    "trackingState" : "Normal",
    "transform" : [
      -0.42256254,
      -0.9048721,
      0.05145397,
      0,
      0.2215526,
      -0.04807925,
      0.9739625,
      0,
      -0.8788376,
      0.42295977,
      0.22079325,
      0,
      -1.540409,
      2.6032221,
      -0.38075587,
      0.99999994
    ],
    "timestamp" : 235496529515
  },
  {
    "trackingState" : "Normal",
    "transform" : [
      -0.42179808,
      -0.905249,
      0.05109688,
      0,
      0.22223906,
      -0.048586443,
      0.97378093,
      0,
      -0.87903154,
      0.4220946,
      0.22167534,
      0,
      -1.5394524,
      2.603344,
      -0.38615462,
      1
    ],
    "timestamp" : 235496546176
  },
  {
    "trackingState" : "Normal",
    "transform" : [
      -0.42196536,
      -0.90516716,
      0.051165506,
      0,
      0.2236445,
      -0.049233276,
      0.97342664,
      0,
      -0.8785947,
      0.4221951,
      0.22321036,
      0,
      -1.5385364,
      2.6034558,
      -0.3914376,
      1
    ],
    "timestamp" : 235496562836
  },
  {
    "trackingState" : "Normal",
    "transform" : [
      -0.4222461,
      -0.90502226,
      0.05141022,
      0,
      0.225206,
      -0.04979795,
      0.97303784,
      0,
      -0.87806076,
      0.42243925,
      0.22484343,
      0,
      -1.5376772,
      2.6036057,
      -0.39656883,
      1
    ],
    "timestamp" : 235496579497
  },
  {
    "trackingState" : "Normal",
    "transform" : [
      -0.4225197,
      -0.90490586,
      0.05121167,
      0,
      0.22782373,
      -0.05134729,
      0.9723476,
      0,
      -0.87725353,
      0.42250323,
      0.22785427,
      0,
      -1.5368361,
      2.6037896,
      -0.40150324,
      1
    ],
    "timestamp" : 235496596157
  },
  {
    "trackingState" : "Normal",
    "transform" : [
      -0.42317113,
      -0.90459394,
      0.05134316,
      0,
      0.23154646,
      -0.05318476,
      0.97136897,
      0,
      -0.87596387,
      0.42294362,
      0.23196177,
      0,
      -1.5351126,
      2.6029425,
      -0.40647733,
      0.99999994
    ],
    "timestamp" : 235496612817
  },
  {
    "trackingState" : "Normal",
    "transform" : [
      -0.4223512,
      -0.9049692,
      0.05147942,
      0,
      0.23348854,
      -0.05374123,
      0.97087324,
      0,
      -0.87584394,
      0.42206934,
      0.23399763,
      0,
      -1.5340343,
      2.602898,
      -0.41114685,
      0.99999994
    ],
    "timestamp" : 235496629478
  },
  {
    "trackingState" : "Normal",
    "transform" : [
      -0.419829,
      -0.9061202,
      0.051862776,
      0,
      0.23306534,
      -0.052406225,
      0.9710479,
      0,
      -0.8771683,
      0.4197615,
      0.23318687,
      0,
      -1.5332164,
      2.603226,
      -0.41562727,
      0.9999999
    ],
    "timestamp" : 235496646138
  },
  {
    "trackingState" : "Normal",
    "transform" : [
      -0.41754815,
      -0.9071486,
      0.05229871,
      0,
      0.23308347,
      -0.051299352,
      0.9711028,
      0,
      -0.8782517,
      0.4176721,
      0.23286127,
      0,
      -1.5323961,
      2.603719,
      -0.4199225,
      1
    ],
    "timestamp" : 235496662798
  },
  {
    "trackingState" : "Normal",
    "transform" : [
      -0.4163747,
      -0.9077,
      0.052086215,
      0,
      0.23535784,
      -0.052271955,
      0.97050214,
      0,
      -0.8782022,
      0.4163514,
      0.23539901,
      0,
      -1.5314552,
      2.6042955,
      -0.4239777,
      1
    ],
    "timestamp" : 235496679459
  },
  {
    "trackingState" : "Normal",
    "transform" : [
      -0.4157442,
      -0.9080418,
      0.051157217,
      0,
      0.23962247,
      -0.055101953,
      0.9693012,
      0,
      -0.87734723,
      0.41523972,
      0.24049552,
      0,
      -1.5299197,
      2.6045403,
      -0.42787516,
      0.99999994
    ],
    "timestamp" : 235496696119
  },
  {
    "trackingState" : "Normal",
    "transform" : [
      -0.4150244,
      -0.9084212,
      0.050257586,
      0,
      0.24346949,
      -0.05766787,
      0.96819276,
      0,
      -0.8766286,
      0.41405973,
      0.24510638,
      0,
      -1.5283417,
      2.6049168,
      -0.43159527,
      1
    ],
    "timestamp" : 235496712780
  },
  {
    "trackingState" : "Normal",
    "transform" : [
      -0.41337913,
      -0.9091791,
      0.05011021,
      0,
      0.2448052,
      -0.057963025,
      0.9678381,
      0,
      -0.87703377,
      0.41235128,
      0.2465325,
      0,
      -1.526946,
      2.6056309,
      -0.43517068,
      0.99999994
    ],
    "timestamp" : 235496729440
  },
  {
    "trackingState" : "Normal",
    "transform" : [
      -0.41064265,
      -0.9103904,
      0.050616853,
      0,
      0.24365117,
      -0.056068506,
      0.968241,
      0,
      -0.8786393,
      0.40993384,
      0.24484177,
      0,
      -1.5255893,
      2.6065817,
      -0.43866277,
      0.99999994
    ],
    "timestamp" : 235496746100
  },
  {
    "trackingState" : "Normal",
    "transform" : [
      -0.40777838,
      -0.9116283,
      0.051483717,
      0,
      0.24280696,
      -0.053909626,
      0.9685755,
      0,
      -0.88020545,
      0.40746474,
      0.2433329,
      0,
      -1.5241685,
      2.607719,
      -0.44205555,
      0.99999994
    ],
    "timestamp" : 235496762761
  },
  {
    "trackingState" : "Normal",
    "transform" : [
      -0.40495056,
      -0.91286856,
      0.05182845,
      0,
      0.24382067,
      -0.053180307,
      0.96836114,
      0,
      -0.8812303,
      0.40477523,
      0.24411158,
      0,
      -1.522657,
      2.6090362,
      -0.44526064,
      0.99999994
    ],
    "timestamp" : 235496779421
  },
  {
    "trackingState" : "Normal",
    "transform" : [
      -0.40120363,
      -0.9145734,
      0.050905596,
      0,
      0.24528056,
      -0.05372201,
      0.9679625,
      0,
      -0.8825381,
      0.40083617,
      0.24588051,
      0,
      -1.5210932,
      2.6105847,
      -0.4481864,
      1
    ],
    "timestamp" : 235496796081
  },
  {
    "trackingState" : "Normal",
    "transform" : [
      -0.39624318,
      -0.91685265,
      0.04871062,
      0,
      0.24567845,
      -0.05475916,
      0.9678034,
      0,
      -0.88466585,
      0.3954526,
      0.24694885,
      0,
      -1.5193088,
      2.6124213,
      -0.45173323,
      0.99999994
    ],
    "timestamp" : 235496812742
  },
  {
    "trackingState" : "Normal",
    "transform" : [
      -0.39167735,
      -0.9189472,
      0.04609762,
      0,
      0.24539915,
      -0.056046702,
      0.96780056,
      0,
      -0.8867741,
      0.39037785,
      0.24746107,
      0,
      -1.5174922,
      2.6144192,
      -0.45453686,
      0.99999994
    ],
    "timestamp" : 235496829402
  },
  {
    "trackingState" : "Normal",
    "transform" : [
      -0.3879925,
      -0.92063457,
      0.043519624,
      0,
      0.24465539,
      -0.057353105,
      0.9679124,
      0,
      -0.88859767,
      0.38619003,
      0.24749076,
      0,
      -1.5155431,
      2.616572,
      -0.4570684,
      0.99999994
    ],
    "timestamp" : 235496846063
  },
  {
    "trackingState" : "Normal",
    "transform" : [
      -0.38408756,
      -0.92238677,
      0.04098229,
      0,
      0.2433294,
      -0.058306497,
      0.9681897,
      0,
      -0.8906558,
      0.38184175,
      0.2468386,
      0,
      -1.5135152,
      2.6189277,
      -0.45943907,
      1
    ],
    "timestamp" : 235496862723
  },
  {
    "trackingState" : "Normal",
    "transform" : [
      -0.37893045,
      -0.9246333,
      0.038276114,
      0,
      0.2421514,
      -0.059148446,
      0.9684339,
      0,
      -0.89318234,
      0.37623766,
      0.24631438,
      0,
      -1.5114607,
      2.6215105,
      -0.46164763,
      0.99999994
    ],
    "timestamp" : 235496879383
  },
  {
    "trackingState" : "Normal",
    "transform" : [
      -0.37296507,
      -0.9271611,
      0.035629783,
      0,
      0.2419801,
      -0.06012508,
      0.9684165,
      0,
      -0.895736,
      0.36980718,
      0.24677907,
      0,
      -1.5091493,
      2.6243048,
      -0.4642198,
      0.99999994
    ],
    "timestamp" : 235496896044
  },
  {
    "trackingState" : "Normal",
    "transform" : [
      -0.36679557,
      -0.9297193,
      0.032909032,
      0,
      0.2422535,
      -0.061300777,
      0.96827453,
      0,
      -0.89820623,
      0.36313108,
      0.24771261,
      0,
      -1.5067935,
      2.627264,
      -0.46659976,
      0.99999994
    ],
    "timestamp" : 235496912704
  },
  {
    "trackingState" : "Normal",
    "transform" : [
      -0.36060035,
      -0.9322434,
      0.029828472,
      0,
      0.24265523,
      -0.0628864,
      0.96807224,
      0,
      -0.9006032,
      0.35632515,
      0.24889058,
      0,
      -1.5044576,
      2.630374,
      -0.46859264,
      1
    ],
    "timestamp" : 235496929364
  },
  {
    "trackingState" : "Normal",
    "transform" : [
      -0.35417265,
      -0.9348129,
      0.026205499,
      0,
      0.24352929,
      -0.06513842,
      0.9677039,
      0,
      -0.902915,
      0.34911597,
      0.25072455,
      0,
      -1.5020604,
      2.6336112,
      -0.47037095,
      1
    ],
    "timestamp" : 235496946025
  },
  {
    "trackingState" : "Normal",
    "transform" : [
      -0.34709063,
      -0.93756545,
      0.022345174,
      0,
      0.24425411,
      -0.067368396,
      0.96736836,
      0,
      -0.90546584,
      0.34122238,
      0.2523871,
      0,
      -1.4995985,
      2.6369636,
      -0.47198662,
      1
    ],
    "timestamp" : 235496962685
  },
  {
    "trackingState" : "Normal",
    "transform" : [
      -0.33857712,
      -0.9407573,
      0.018479194,
      0,
      0.24387814,
      -0.068769515,
      0.9673646,
      0,
      -0.9087845,
      0.33203417,
      0.2527139,
      0,
      -1.4971133,
      2.640435,
      -0.4734879,
      1
    ],
    "timestamp" : 235496979345
  },
  {
    "trackingState" : "Normal",
    "transform" : [
      -0.32918954,
      -0.9441473,
      0.014841188,
      0,
      0.243218,
      -0.06959336,
      0.96747184,
      0,
      -0.91240317,
      0.32209125,
      0.252543,
      0,
      -1.4945663,
      2.643977,
      -0.4749059,
      0.99999994
    ],
    "timestamp" : 235496996006
  },
  {
    "trackingState" : "Normal",
    "transform" : [
      -0.31956813,
      -0.94749653,
      0.011246695,
      0,
      0.24265726,
      -0.07035772,
      0.9675573,
      0,
      -0.91596603,
      0.31192955,
      0.252401,
      0,
      -1.491846,
      2.6478963,
      -0.4767801,
      0.99999994
    ],
    "timestamp" : 235497012666
  },
  {
    "trackingState" : "Normal",
    "transform" : [
      -0.3102078,
      -0.95064485,
      0.0067523387,
      0,
      0.2423232,
      -0.0722011,
      0.96750534,
      0,
      -0.9192665,
      0.30176395,
      0.25276062,
      0,
      -1.4889963,
      2.6515896,
      -0.47817224,
      1
    ],
    "timestamp" : 235497029327
  },
  {
    "trackingState" : "Normal",
    "transform" : [
      -0.30148092,
      -0.9534703,
      0.0019503379,
      0,
      0.2412911,
      -0.07431536,
      0.9676032,
      0,
      -0.922436,
      0.29218444,
      0.25246856,
      0,
      -1.4860109,
      2.655213,
      -0.47936007,
      1
    ],
    "timestamp" : 235497045987
  },
  {
    "trackingState" : "Normal",
    "transform" : [
      -0.29245573,
      -0.9562748,
      -0.0028774722,
      0,
      0.23967752,
      -0.07621244,
      0.9678566,
      0,
      -0.9257562,
      0.28236553,
      0.2514863,
      0,
      -1.4829322,
      2.6588156,
      -0.4804482,
      0.99999994
    ],
    "timestamp" : 235497062647
  },
  {
    "trackingState" : "Normal",
    "transform" : [
      -0.2828557,
      -0.959131,
      -0.007780939,
      0,
      0.2384541,
      -0.07817497,
      0.9680023,
      0,
      -0.92904925,
      0.2719495,
      0.25082093,
      0,
      -1.479752,
      2.662379,
      -0.48143834,
      1
    ],
    "timestamp" : 235497079308
  },
  {
    "trackingState" : "Normal",
    "transform" : [
      -0.27349663,
      -0.96178824,
      -0.01276432,
      0,
      0.23749177,
      -0.080381304,
      0.96805805,
      0,
      -0.932093,
      0.26172918,
      0.25040078,
      0,
      -1.4762582,
      2.665767,
      -0.4824395,
      1
    ],
    "timestamp" : 235497095968
  },
  {
    "trackingState" : "Normal",
    "transform" : [
      -0.26444292,
      -0.964236,
      -0.017857455,
      0,
      0.23562792,
      -0.08255452,
      0.9683308,
      0,
      -0.93517363,
      0.25186044,
      0.24903189,
      0,
      -1.4726534,
      2.6691117,
      -0.48332167,
      1
    ],
    "timestamp" : 235497112628
  },
  {
    "trackingState" : "Normal",
    "transform" : [
      -0.25548518,
      -0.9665535,
      -0.022398455,
      0,
      0.2330004,
      -0.084039435,
      0.96883863,
      0,
      -0.93831676,
      0.24230501,
      0.24667819,
      0,
      -1.4690176,
      2.6724443,
      -0.4840813,
      1
    ],
    "timestamp" : 235497129289
  },
  {
    "trackingState" : "Normal",
    "transform" : [
      -0.24611862,
      -0.9688827,
      -0.026308095,
      0,
      0.22982883,
      -0.0847077,
      0.96953773,
      0,
      -0.9415968,
      0.2325749,
      0.2435253,
      0,
      -1.4653311,
      2.675737,
      -0.48475313,
      1
    ],
    "timestamp" : 235497145949
  },
  {
    "trackingState" : "Normal",
    "transform" : [
      -0.23585586,
      -0.9713137,
      -0.030359551,
      0,
      0.22614282,
      -0.08524197,
      0.9703573,
      0,
      -0.9451093,
      0.22199886,
      0.23976044,
      0,
      -1.461603,
      2.6790135,
      -0.48527554,
      0.99999994
    ],
    "timestamp" : 235497162610
  },
  {
    "trackingState" : "Normal",
    "transform" : [
      -0.22557867,
      -0.9736142,
      -0.034491993,
      0,
      0.22284871,
      -0.08603338,
      0.9710494,
      0,
      -0.948395,
      0.2113615,
      0.23637597,
      0,
      -1.4577675,
      2.6822584,
      -0.48564133,
      1
    ],
    "timestamp" : 235497179270
  },
  {
    "trackingState" : "Normal",
    "transform" : [
      -0.21564822,
      -0.97571796,
      -0.03834557,
      0,
      0.21952309,
      -0.08670736,
      0.9717467,
      0,
      -0.95147556,
      0.20113768,
      0.2328909,
      0,
      -1.4535977,
      2.685337,
      -0.48623538,
      0.99999994
    ],
    "timestamp" : 235497195930
  },
  {
    "trackingState" : "Normal",
    "transform" : [
      -0.20527147,
      -0.9778124,
      -0.041791767,
      0,
      0.215391,
      -0.08678858,
      0.9726636,
      0,
      -0.9547097,
      0.19065852,
      0.2284272,
      0,
      -1.4493634,
      2.6883874,
      -0.4866378,
      0.99999994
    ],
    "timestamp" : 235497212591
  },
  {
    "trackingState" : "Normal",
    "transform" : [
      -0.19432469,
      -0.9799019,
      -0.045058485,
      0,
      0.21007758,
      -0.08644102,
      0.973856,
      0,
      -0.9581782,
      0.17977847,
      0.22265306,
      0,
      -1.4451398,
      2.6914563,
      -0.48667946,
      1
    ],
    "timestamp" : 235497229251
  },
  {
    "trackingState" : "Normal",
    "transform" : [
      -0.18385193,
      -0.981768,
      -0.04827059,
      0,
      0.20377816,
      -0.08610953,
      0.9752228,
      0,
      -0.9615992,
      0.16946012,
      0.21589431,
      0,
      -1.4408121,
      2.694472,
      -0.4864862,
      0.99999994
    ],
    "timestamp" : 235497245912
  },
  {
    "trackingState" : "Normal",
    "transform" : [
      -0.17400196,
      -0.9833969,
      -0.05151582,
      0,
