[
  {
    "timestamp" : 235562321335,
    "trackingState" : "Normal",
    "transform" : [
      -0.02823253,
      -0.99642503,
      0.07962407,
      0,
      -0.8946501,
      -0.0103426445,
      -0.44664773,
      0,
      0.44587454,
      -0.083845675,
      -0.8911598,
      0,
      -1.386654,
      2.8117836,
      -0.4609949,
      0.9999998
    ]
  },
  {
    "timestamp" : 235562337995,
    "trackingState" : "Normal",
    "transform" : [
      -0.026280867,
      -0.99692655,
      0.07380257,
      0,
      -0.89173746,
      -0.009986522,
      -0.4524431,
      0,
      0.45178956,
      -0.0777031,
      -0.8887344,
      0,
      -1.3885679,
      2.8093143,
      -0.46034408,
      1
    ]
  },
  {
    "timestamp" : 235562354656,
    "trackingState" : "Normal",
    "transform" : [
      -0.023467155,
      -0.9974272,
      0.06773635,
      0,
      -0.8886151,
      -0.010232853,
      -0.45853963,
      0,
      0.45805305,
      -0.07095215,
      -0.88608885,
      0,
      -1.3903989,
      2.8069472,
      -0.45942834,
      0.99999994
    ]
  },
  {
    "timestamp" : 235562371316,
    "trackingState" : "Normal",
    "transform" : [
      -0.020180762,
      -0.99791706,
      0.061273303,
      0,
      -0.88529444,
      -0.010642774,
      -0.46490926,
      0,
      0.464593,
      -0.06362713,
      -0.8832357,
      0,
      -1.3921902,
      2.8046072,
      -0.4583959,
      0.99999994
    ]
  },
  {
    "timestamp" : 235562387976,
    "trackingState" : "Normal",
    "transform" : [
      -0.017133933,
      -0.99835193,
      0.054772783,
      0,
      -0.8817499,
      -0.010740422,
      -0.47159496,
      0,
      0.47140598,
      -0.05637617,
      -0.8801127,
      0,
      -1.3939114,
      2.8022668,
      -0.45733827,
      0.99999994
    ]
  },
  {
    "timestamp" : 235562404636,
    "trackingState" : "Normal",
    "transform" : [
      -0.01430111,
      -0.9987002,
      0.048923068,
      0,
      -0.87848604,
      -0.010818622,
      -0.47764564,
      0,
      0.47755408,
      -0.04980909,
      -0.8771895,
      0,
      -1.3957977,
      2.7995124,
      -0.45745078,
      0.99999994
    ]
  },
  {
    "timestamp" : 235562421297,
    "trackingState" : "Normal",
    "transform" : [
      -0.011707877,
      -0.9989788,
      0.043639746,
      0,
      -0.87631243,
      -0.010769139,
      -0.48162293,
      0,
      0.48160103,
      -0.043880828,
      -0.8752915,
      0,
      -1.3975456,
      2.797002,
      -0.45684204,
      1
    ]
  },
  {
    "timestamp" : 235562437957,
    "trackingState" : "Normal",
    "transform" : [
      -0.008889811,
      -0.9992074,
      0.038801063,
      0,
      -0.87471795,
      -0.011032044,
      -0.4845068,
      0,
      0.48455086,
      -0.03824716,
      -0.8739266,
      0,
      -1.3992839,
      2.7945511,
      -0.4559692,
      0.9999999
    ]
  },
  {
    "timestamp" : 235562454618,
    "trackingState" : "Normal",
    "transform" : [
      -0.005668912,
      -0.999425,
      0.033428818,
      0,
      -0.8721387,
      -0.011413372,
      -0.48912558,
      0,
      0.48922586,
      -0.031927373,
      -0.8715726,
      0,
      -1.4009941,
      2.7921405,
      -0.4549359,
      1
    ]
  },
  {
    "timestamp" : 235562471278,
    "trackingState" : "Normal",
    "transform" : [
      -0.0023126313,
      -0.9996277,
      0.027189102,
      0,
      -0.8685486,
      -0.01146706,
      -0.49547157,
      0,
      0.4955988,
      -0.024760894,
      -0.8681987,
      0,
      -1.4026448,
      2.789768,
      -0.45377862,
      1
    ]
  },
  {
    "timestamp" : 235562487938,
    "trackingState" : "Normal",
    "transform" : [
      0.0010111065,
      -0.9997834,
      0.020785427,
      0,
      -0.86506504,
      -0.011301684,
      -0.50153244,
      0,
      0.5016587,
      -0.017473638,
      -0.86488914,
      0,
      -1.4042383,
      2.7874076,
      -0.45254114,
      0.99999994
    ]
  },
  {
    "timestamp" : 235562504599,
    "trackingState" : "Normal",
    "transform" : [
      0.0044573876,
      -0.9998823,
      0.014683704,
      0,
      -0.86245924,
      -0.011275611,
      -0.5060011,
      0,
      0.50610715,
      -0.010408651,
      -0.86240804,
      0,
      -1.4058036,
      2.7850354,
      -0.451245,
      0.99999994
    ]
  },
  {
    "timestamp" : 235562521259,
    "trackingState" : "Normal",
    "transform" : [
      0.0080100205,
      -0.9999289,
      0.008840651,
      0,
      -0.8607293,
      -0.011394589,
      -0.50893563,
      0,
      0.5090001,
      -0.003532823,
      -0.8607594,
      0,
      -1.4066211,
      2.7828214,
      -0.45018125,
      1
    ]
  },
  {
    "timestamp" : 235562537920,
    "trackingState" : "Normal",
    "transform" : [
      0.011828899,
      -0.9999266,
      0.0026355719,
      0,
      -0.85928917,
      -0.011513015,
      -0.51136065,
      0,
      0.5113535,
      0.0037841133,
      -0.85936236,
      0,
      -1.4078662,
      2.7804337,
      -0.4487487,
      1
    ]
  },
  {
    "timestamp" : 235562554580,
    "trackingState" : "Normal",
    "transform" : [
      0.014835346,
      -0.9998817,
      -0.0040566656,
      0,
      -0.8574774,
      -0.010635436,
      -0.5144115,
      0,
      0.51430756,
      0.011109971,
      -0.8575339,
      0,
      -1.4091463,
      2.7779589,
      -0.4470934,
      0.9999999
    ]
  },
  {
    "timestamp" : 235562571240,
    "trackingState" : "Normal",
    "transform" : [
      0.01617629,
      -0.99981105,
      -0.010776241,
      0,
      -0.8551079,
      -0.008247796,
      -0.51838434,
      0,
      0.51819754,
      0.017600385,
      -0.8550799,
      0,
      -1.4103489,
      2.7754338,
      -0.44531363,
      0.9999999
    ]
  },
  {
    "timestamp" : 235562587901,
    "trackingState" : "Normal",
    "transform" : [
      0.016202532,
      -0.9997275,
      -0.01680953,
      0,
      -0.85213816,
      -0.0050118538,
      -0.5232929,
      0,
      0.5230661,
      0.02280271,
      -0.85198724,
      0,
      -1.4115055,
      2.7728972,
      -0.44348386,
      1
    ]
  },
  {
    "timestamp" : 235562604561,
    "trackingState" : "Normal",
    "transform" : [
      0.016514618,
      -0.9996071,
      -0.022650063,
      0,
      -0.8490424,
      -0.002055921,
      -0.5283207,
      0,
      0.5280666,
      0.027955879,
      -0.8487427,
      0,
      -1.412621,
      2.7705486,
      -0.44162396,
      0.99999994
    ]
  },
  {
    "timestamp" : 235562621221,
    "trackingState" : "Normal",
    "transform" : [
      0.018419245,
      -0.9994084,
      -0.029044446,
      0,
      -0.8465095,
      -0.00012964809,
      -0.53237367,
      0,
      0.53205496,
      0.034392316,
      -0.8460113,
      0,
      -1.4136319,
      2.768617,
      -0.439726,
      0.99999994
    ]
  },
  {
    "timestamp" : 235562637882,
    "trackingState" : "Normal",
    "transform" : [
      0.02159555,
      -0.9991234,
      -0.035862926,
      0,
      -0.84452856,
      0.00096773094,
      -0.53550965,
      0,
      0.53507495,
      0.041851886,
      -0.84376734,
      0,
      -1.4148861,
      2.7663283,
      -0.43761715,
      0.99999994
    ]
  },
  {
    "timestamp" : 235562654542,
    "trackingState" : "Normal",
    "transform" : [
      0.024760995,
      -0.9987966,
      -0.042338956,
      0,
      -0.8426509,
      0.0019351592,
      -0.538457,
      0,
      0.53789085,
      0.04900968,
      -0.84158885,
      0,
      -1.4161892,
      2.7639275,
      -0.43541643,
      1.0000001
    ]
  },
  {
    "timestamp" : 235562671202,
    "trackingState" : "Normal",
    "transform" : [
      0.027527943,
      -0.9984356,
      -0.048668906,
      0,
      -0.8406416,
      0.003222123,
      -0.5415823,
      0,
      0.5408918,
      0.055821747,
      -0.8392379,
      0,
      -1.417486,
      2.7614992,
      -0.43315923,
      0.99999994
    ]
  },
  {
    "timestamp" : 235562687863,
    "trackingState" : "Normal",
    "transform" : [
      0.02990292,
      -0.99804944,
      -0.054800153,
      0,
      -0.8384776,
      0.004797846,
      -0.54491484,
      0,
      0.54411495,
      0.062243246,
      -0.8366988,
      0,
      -1.4187689,
      2.7590857,
      -0.43086788,
      0.99999994
    ]
  },
  {
    "timestamp" : 235562704523,
    "trackingState" : "Normal",
    "transform" : [
      0.03238419,
      -0.9976298,
      -0.060711704,
      0,
      -0.8365024,
      0.0061908746,
      -0.5479282,
      0,
      0.5470055,
      0.068529695,
      -0.83431935,
      0,
      -1.4200746,
      2.7566876,
      -0.4285442,
      0.99999994
    ]
  },
  {
    "timestamp" : 235562721184,
    "trackingState" : "Normal",
    "transform" : [
      0.036016032,
      -0.9971276,
      -0.06663052,
      0,
      -0.8357392,
      0.0065047066,
      -0.54908824,
      0,
      0.5479444,
      0.0754617,
      -0.8331043,
      0,
      -1.421458,
      2.7546105,
      -0.42610773,
      1
    ]
  },
  {
    "timestamp" : 235562737844,
    "trackingState" : "Normal",
    "transform" : [
      0.04057718,
      -0.99652016,
      -0.07280909,
      0,
      -0.83537114,
      0.006144038,
      -0.5496521,
      0,
      0.5481868,
      0.08312593,
      -0.8322149,
      0,
      -1.4229004,
      2.7522783,
      -0.42355108,
      1
    ]
  },
  {
    "timestamp" : 235562754504,
    "trackingState" : "Normal",
    "transform" : [
      0.04540358,
      -0.9958236,
      -0.07920782,
      0,
      -0.8349156,
      0.0057075922,
      -0.5503485,
      0,
      0.54850215,
      0.09111963,
      -0.8311696,
      0,
      -1.4243615,
      2.7498577,
      -0.42087314,
      1
    ]
  },
  {
    "timestamp" : 235562771165,
    "trackingState" : "Normal",
    "transform" : [
      0.049325537,
      -0.9951392,
      -0.08523585,
      0,
      -0.83375406,
      0.0059626624,
      -0.552104,
      0,
      0.5499285,
      0.09829855,
      -0.8294073,
      0,
      -1.4258045,
      2.7474062,
      -0.4181311,
      1
    ]
  },
  {
    "timestamp" : 235562787825,
    "trackingState" : "Normal",
    "transform" : [
      0.05243327,
      -0.9944738,
      -0.090954706,
      0,
      -0.83163583,
      0.006938133,
      -0.55527836,
      0,
      0.55284077,
      0.10475623,
      -0.8266762,
      0,
      -1.4272387,
      2.7449489,
      -0.41535667,
      1
    ]
  },
  {
    "timestamp" : 235562804485,
    "trackingState" : "Normal",
    "transform" : [
      0.056178298,
      -0.993717,
      -0.09680164,
      0,
      -0.8295597,
      0.0074947574,
      -0.5583678,
      0,
      0.55558515,
      0.111670874,
      -0.8239267,
      0,
      -1.4286351,
      2.7426772,
      -0.41274032,
      1
    ]
  },
  {
    "timestamp" : 235562821146,
    "trackingState" : "Normal",
    "transform" : [
      0.061753005,
      -0.9927672,
      -0.10295594,
      0,
      -0.8282504,
      0.006588936,
      -0.5603196,
      0,
      0.5569454,
      0.11987469,
      -0.82185286,
      0,
      -1.4299215,
      2.740827,
      -0.41052255,
      0.99999994
    ]
  },
  {
    "timestamp" : 235562837806,
    "trackingState" : "Normal",
    "transform" : [
      0.0688485,
      -0.99163234,
      -0.1092026,
      0,
      -0.82756823,
      0.004360344,
      -0.5613483,
      0,
      0.5571273,
      0.12902057,
      -0.82034326,
      0,
      -1.4316217,
      2.7385259,
      -0.40782684,
      0.99999994
    ]
  },
  {
    "timestamp" : 235562854467,
    "trackingState" : "Normal",
    "transform" : [
      0.07624621,
      -0.99040407,
      -0.11526629,
      0,
      -0.82688713,
      0.0017919342,
      -0.5623652,
      0,
      0.55717534,
      0.1381904,
      -0.8188158,
      0,
      -1.4334544,
      2.7360647,
      -0.40496996,
      1
    ]
  },
  {
    "timestamp" : 235562871127,
    "trackingState" : "Normal",
    "transform" : [
      0.082149826,
      -0.9892503,
      -0.12097661,
      0,
      -0.8258056,
      0.00038974918,
      -0.5639549,
      0,
      0.5579397,
      0.14623195,
      -0.81689644,
      0,
      -1.4352511,
      2.7335284,
      -0.40205145,
      1
    ]
  },
  {
    "timestamp" : 235562887787,
    "trackingState" : "Normal",
    "transform" : [
      0.086007744,
      -0.98827446,
      -0.12616019,
      0,
      -0.8241336,
      0.0005814889,
      -0.5663953,
      0,
      0.5598274,
      0.1526872,
      -0.81442016,
      0,
      -1.436969,
      2.7309318,
      -0.39910558,
      1
    ]
  },
  {
    "timestamp" : 235562904448,
    "trackingState" : "Normal",
    "transform" : [
      0.08876369,
      -0.98735267,
      -0.13136119,
      0,
      -0.82225305,
      0.0017966889,
      -0.5691194,
      0,
      0.5621575,
      0.15852924,
      -0.81169426,
      0,
      -1.4385343,
      2.7284453,
      -0.39613613,
      0.99999994
    ]
  },
  {
    "timestamp" : 235562921108,
    "trackingState" : "Normal",
    "transform" : [
      0.09186043,
      -0.9862636,
      -0.13728006,
      0,
      -0.8205678,
      0.0031263835,
      -0.5715407,
      0,
      0.564119,
      0.16514955,
      -0.8090091,
      0,
      -1.4398738,
      2.7262864,
      -0.39313984,
      1
    ]
  },
  {
    "timestamp" : 235562937768,
    "trackingState" : "Normal",
    "transform" : [
      0.0959361,
      -0.9849827,
      -0.14354584,
      0,
      -0.8188243,
      0.003903607,
      -0.5740311,
      0,
      0.56597114,
      0.1726091,
      -0.80615324,
      0,
      -1.4415882,
      2.7236962,
      -0.3900155,
      1
    ]
  },
  {
    "timestamp" : 235562954429,
    "trackingState" : "Normal",
    "transform" : [
      0.100136474,
      -0.9836015,
      -0.15000267,
      0,
      -0.81683636,
      0.0048128087,
      -0.5768496,
      0,
      0.5681121,
      0.18029128,
      -0.80295956,
      0,
      -1.4434114,
      2.7209783,
      -0.38683438,
      1
    ]
  },
  {
    "timestamp" : 235562971089,
    "trackingState" : "Normal",
    "transform" : [
      0.10353881,
      -0.98232406,
      -0.15594569,
      0,
      -0.814801,
      0.0061481358,
      -0.57970816,
      0,
      0.57042,
      0.18708698,
      -0.7997622,
      0,
      -1.445228,
      2.7182376,
      -0.3836718,
      0.9999999
    ]
  },
  {
    "timestamp" : 235562987750,
    "trackingState" : "Normal",
    "transform" : [
      0.106685355,
      -0.9811888,
      -0.16089448,
      0,
      -0.81342846,
      0.006929523,
      -0.58162385,
      0,
      0.5717977,
      0.19292687,
      -0.7973876,
      0,
      -1.447079,
      2.7154934,
      -0.3805721,
      1
    ]
  },
  {
    "timestamp" : 235563004410,
    "trackingState" : "Normal",
    "transform" : [
      0.11081838,
      -0.9799786,
      -0.16541253,
      0,
      -0.8131671,
      0.0062814346,
      -0.58199656,
      0,
      0.57138324,
      0.19900393,
      -0.79619026,
      0,
      -1.4486307,
      2.7130709,
      -0.37775433,
      1
    ]
  },
  {
    "timestamp" : 235563021070,
    "trackingState" : "Normal",
    "transform" : [
      0.11626978,
      -0.9786119,
      -0.16970578,
      0,
      -0.81327575,
      0.0042775385,
      -0.5818626,
      0,
      0.5701437,
      0.20567062,
      -0.79538405,
      0,
      -1.4505818,
      2.7103763,
      -0.3748088,
      0.99999994
    ]
  },
  {
    "timestamp" : 235563037731,
    "trackingState" : "Normal",
    "transform" : [
      0.12196142,
      -0.9771548,
      -0.17405125,
      0,
      -0.81272244,
      0.0023430444,
      -0.5826462,
      0,
      0.56974345,
      0.21251573,
      -0.79387003,
      0,
      -1.4526367,
      2.70757,
      -0.37181368,
      0.99999994
    ]
  },
  {
    "timestamp" : 235563054391,
    "trackingState" : "Normal",
    "transform" : [
      0.12648383,
      -0.97573024,
      -0.17875254,
      0,
      -0.81115896,
      0.0019882738,
      -0.5848225,
      0,
      0.5709844,
      0.21896729,
      -0.79122084,
      0,
      -1.454627,
      2.7047184,
      -0.36879027,
      0.99999994
    ]
  },
  {
    "timestamp" : 235563071051,
    "trackingState" : "Normal",
    "transform" : [
      0.1296855,
      -0.9744652,
      -0.18330084,
      0,
      -0.80905044,
      0.0028833055,
      -0.58773214,
      0,
      0.5732531,
      0.22451995,
      -0.78801763,
      0,
      -1.4565302,
      2.7018523,
      -0.36579555,
      0.99999994
    ]
  },
  {
    "timestamp" : 235563087712,
    "trackingState" : "Normal",
    "transform" : [
      0.13273917,
      -0.973267,
      -0.18743488,
      0,
      -0.8076243,
      0.0034159804,
      -0.58968765,
      0,
      0.57456374,
      0.22965159,
      -0.78558064,
      0,
      -1.4584247,
      2.6989698,
      -0.3628472,
      1
    ]
  },
  {
    "timestamp" : 235563104372,
    "trackingState" : "Normal",
    "transform" : [
      0.13598974,
      -0.9720228,
      -0.19151665,
      0,
      -0.8067559,
      0.0035510943,
      -0.59087425,
      0,
      0.57502335,
      0.23486002,
      -0.78370225,
      0,
      -1.4602379,
      2.6961083,
      -0.3600885,
      1
    ]
  },
  {
    "timestamp" : 235563121032,
    "trackingState" : "Normal",
    "transform" : [
      0.14110383,
      -0.9705078,
      -0.19545981,
      0,
      -0.8086946,
      0.0008913508,
      -0.5882282,
      0,
      0.5710543,
      0.24106853,
      -0.78471863,
      0,
      -1.4619807,
      2.6932282,
      -0.35745293,
      1.0000001
    ]
  },
  {
    "timestamp" : 235563137693,
    "trackingState" : "Normal",
    "transform" : [
      0.14604098,
      -0.9689532,
      -0.19950409,
      0,
      -0.80969536,
      -0.0012073382,
      -0.58684933,
      0,
      0.56838864,
      0.24724154,
      -0.78473324,
      0,
      -1.4638726,
      2.6903868,
      -0.35463107,
      1
    ]
  },
  {
    "timestamp" : 235563154353,
    "trackingState" : "Normal",
    "transform" : [
      0.15101191,
      -0.9672796,
      -0.20387667,
      0,
      -0.8101678,
      -0.0029302032,
      -0.5861909,
      0,
      0.56641316,
      0.25369608,
      -0.7841013,
      0,
      -1.465842,
      2.6875694,
      -0.35171703,
      1
    ]
  },
  {
    "timestamp" : 235563171014,
    "trackingState" : "Normal",
    "transform" : [
      0.15581983,
      -0.9654977,
      -0.20864919,
      0,
      -0.80967396,
      -0.00384657,
      -0.58686745,
      0,
      0.56581664,
      0.26038337,
      -0.78233784,
      0,
      -1.467833,
      2.6847627,
      -0.34876412,
      1
    ]
  },
  {
    "timestamp" : 235563187674,
    "trackingState" : "Normal",
    "transform" : [
      0.16017245,
      -0.9636141,
      -0.21399237,
      0,
      -0.80820644,
      -0.0035644234,
      -0.5888886,
      0,
      0.5666986,
      0.2672737,
      -0.77937007,
      0,
      -1.4697889,
      2.6819696,
      -0.3457886,
      0.99999994
    ]
  },
  {
    "timestamp" : 235563204334,
    "trackingState" : "Normal",
    "transform" : [
      0.16372414,
      -0.9616971,
      -0.21984819,
      0,
      -0.8069448,
      -0.0023594545,
      -0.59062237,
      0,
      0.56748116,
      0.27410445,
      -0.77642274,
      0,
      -1.4716127,
      2.6795661,
      -0.34328318,
      1
    ]
  },
  {
    "timestamp" : 235563220995,
    "trackingState" : "Normal",
    "transform" : [
      0.16693339,
      -0.95987755,
      -0.22531852,
      0,
      -0.8067073,
      -0.0015778849,
      -0.5909491,
      0,
      0.5668834,
      0.28041524,
      -0.7746036,
      0,
      -1.4735072,
      2.6768913,
      -0.34052956,
      1
    ]
  },
  {
    "timestamp" : 235563237655,
    "trackingState" : "Normal",
    "transform" : [
      0.17060895,
      -0.957995,
      -0.2305174,
      0,
      -0.80700874,
      -0.0016218857,
      -0.5905374,
      0,
      0.56535804,
      0.28678048,
      -0.7733871,
      0,
      -1.475468,
      2.6741264,
      -0.33772936,
      1
    ]
  },
  {
    "timestamp" : 235563254315,
    "trackingState" : "Normal",
    "transform" : [
      0.17531762,
      -0.95586324,
      -0.23577389,
      0,
      -0.8067993,
      -0.0022449263,
      -0.5908215,
      0,
      0.56421524,
      0.29380357,
      -0.7715833,
      0,
      -1.4774925,
      2.671332,
      -0.33493042,
      1
    ]
  },
  {
    "timestamp" : 235563270976,
    "trackingState" : "Normal",
    "transform" : [
      0.18095393,
      -0.9534212,
      -0.2413376,
      0,
      -0.8054957,
      -0.0028762082,
      -0.59259474,
      0,
      0.5642982,
      0.30162874,
      -0.76849717,
      0,
      -1.4795588,
      2.668547,
      -0.3321567,
      1
    ]
  },
  {
    "timestamp" : 235563287636,
    "trackingState" : "Normal",
    "transform" : [
      0.18685566,
      -0.9508071,
      -0.2470849,
      0,
      -0.8038393,
      -0.003393649,
      -0.5948369,
      0,
      0.5647366,
      0.30976516,
      -0.76493025,
      0,
      -1.4816452,
      2.6657896,
      -0.3294404,
      1
    ]
  },
  {
    "timestamp" : 235563304297,
    "trackingState" : "Normal",
    "transform" : [
      0.19339918,
      -0.94804615,
      -0.25259727,
      0,
      -0.80285835,
      -0.00494318,
      -0.5961495,
      0,
      0.5639286,
      0.31809458,
      -0.7621027,
      0,
      -1.4838089,
      2.6630514,
      -0.3268258,
      0.99999994
    ]
  },
  {
    "timestamp" : 235563320957,
    "trackingState" : "Normal",
    "transform" : [
      0.20076711,
      -0.94501483,
      -0.2581462,
      0,
      -0.8031594,
      -0.007901781,
      -0.59571165,
      0,
      0.56091666,
      0.32693186,
      -0.760584,
      0,
      -1.4863509,
      2.6604712,
      -0.32489708,
      0.9999998
    ]
  },
  {
    "timestamp" : 235563337617,
    "trackingState" : "Normal",
    "transform" : [
      0.20811519,
      -0.9418543,
      -0.26381555,
      0,
      -0.8037423,
      -0.010971244,
      -0.59487647,
      0,
      0.55739266,
      0.3358425,
      -0.75929135,
      0,
      -1.4887311,
      2.6577497,
      -0.32260785,
      0.9999999
    ]
  },
  {
    "timestamp" : 235563354278,
    "trackingState" : "Normal",
    "transform" : [
      0.21490586,
      -0.93858284,
      -0.26995894,
      0,
      -0.8034416,
      -0.01275544,
      -0.59524703,
      0,
      0.55524516,
      0.34481826,
      -0.75683767,
      0,
      -1.4909977,
      2.6549768,
      -0.32020736,
      0.99999994
    ]
  },
  {
    "timestamp" : 235563370938,
    "trackingState" : "Normal",
    "transform" : [
      0.22002132,
      -0.9356308,
      -0.2760175,
      0,
      -0.8017145,
      -0.01223904,
      -0.59758186,
      0,
      0.5557379,
      0.35276794,
      -0.75280166,
      0,
      -1.4931424,
      2.6522248,
      -0.31783542,
      0.99999994
    ]
  },
  {
    "timestamp" : 235563387598,
    "trackingState" : "Normal",
    "transform" : [
      0.22356045,
      -0.9332372,
      -0.2812278,
      0,
      -0.7986992,
      -0.010027139,
      -0.6016469,
      0,
      0.5586594,
      0.35912085,
      -0.74761754,
      0,
      -1.4951895,
      2.6495197,
      -0.3155881,
      0.9999999
    ]
  },
  {
    "timestamp" : 235563404259,
    "trackingState" : "Normal",
    "transform" : [
      0.22659348,
      -0.9309003,
      -0.2864961,
      0,
      -0.7958861,
      -0.0074095675,
      -0.60540104,
      0,
      0.56144524,
      0.36519817,
      -0.74256957,
      0,
      -1.4972925,
      2.6465824,
      -0.31382546,
      0.99999994
    ]
  },
  {
    "timestamp" : 235563420919,
    "trackingState" : "Normal",
    "transform" : [
      0.23055926,
      -0.9281074,
      -0.29233384,
      0,
      -0.79428357,
      -0.0059598046,
      -0.6075181,
      0,
      0.56209975,
      0.3722648,
      -0.7385546,
      0,
      -1.499362,
      2.6437128,
      -0.3118458,
      0.99999994
    ]
  },
  {
    "timestamp" : 235563437579,
    "trackingState" : "Normal",
    "transform" : [
      0.2356718,
      -0.9247636,
      -0.29878235,
      0,
      -0.7938164,
      -0.0058196024,
      -0.6081296,
      0,
      0.5606375,
      0.3804973,
      -0.7354642,
      0,
      -1.5014391,
      2.640845,
      -0.309824,
      0.9999999
    ]
  },
  {
    "timestamp" : 235563454240,
    "trackingState" : "Normal",
    "transform" : [
      0.24055171,
      -0.9214308,
      -0.30512297,
      0,
      -0.7940216,
      -0.006002907,
      -0.60785985,
      0,
      0.55826926,
      0.38849595,
      -0.7330801,
      0,
      -1.5034565,
      2.638028,
      -0.3078399,
      0.99999994
    ]
  },
  {
    "timestamp" : 235563470900,
    "trackingState" : "Normal",
    "transform" : [
      0.24389507,
      -0.9187477,
      -0.31051245,
      0,
      -0.7941231,
      -0.0054139104,
      -0.607733,
      0,
      0.5566722,
      0.39480814,
      -0.7309191,
      0,
      -1.5053363,
      2.635303,
      -0.30593717,
      1
    ]
  },
  {
    "timestamp" : 235563487561,
    "trackingState" : "Normal",
    "transform" : [
      0.24565321,
      -0.9167187,
      -0.31508955,
      0,
      -0.7938612,
      -0.0037224977,
      -0.6080878,
      0,
      0.5562725,
      0.39951602,
      -0.72866184,
      0,
      -1.5070518,
      2.6326628,
      -0.30408686,
      0.99999994
    ]
  },
  {
    "timestamp" : 235563504221,
    "trackingState" : "Normal",
    "transform" : [
      0.24683104,
      -0.91485494,
      -0.31955445,
      0,
      -0.79354423,
      -0.0015510885,
      -0.60851073,
      0,
      0.5562034,
      0.4037799,
      -0.7263607,
      0,
      -1.5086392,
      2.6300664,
      -0.3022213,
      1
    ]
  },
  {
    "timestamp" : 235563520881,
    "trackingState" : "Normal",
    "transform" : [
      0.24868818,
      -0.91257584,
      -0.3245917,
      0,
      -0.7936502,
      0.000111686466,
      -0.6083745,
      0,
      0.55522406,
      0.40890777,
      -0.7242381,
      0,
      -1.5103514,
      2.6276486,
      -0.30059725,
      1
    ]
  },
  {
    "timestamp" : 235563537542,
    "trackingState" : "Normal",
    "transform" : [
      0.2513755,
      -0.90991485,
      -0.3299477,
      0,
      -0.79405063,
      0.001048627,
      -0.6078509,
      0,
      0.55343854,
      0.414794,
      -0.7222548,
      0,
      -1.5118847,
      2.6251612,
      -0.29873422,
      1
    ]
  },
  {
    "timestamp" : 235563554202,
    "trackingState" : "Normal",
    "transform" : [
      0.25419682,
      -0.9073897,
      -0.33470625,
      0,
      -0.79488915,
      0.0011306864,
      -0.60675377,
      0,
      0.5509405,
      0.4202892,
      -0.72098684,
      0,
      -1.5132807,
      2.6227198,
      -0.2968391,
      1
    ]
  },
  {
    "timestamp" : 235563570862,
    "trackingState" : "Normal",
    "transform" : [
      0.25610825,
      -0.90535367,
      -0.33873793,
      0,
      -0.79616725,
      0.0011675336,
      -0.60507566,
      0,
      0.5482029,
      0.42465687,
      -0.7205139,
      0,
      -1.514484,
      2.6203723,
      -0.29496282,
      1
    ]
  },
  {
    "timestamp" : 235563587523,
    "trackingState" : "Normal",
    "transform" : [
      0.25643614,
      -0.9039384,
      -0.34225118,
      0,
      -0.79770684,
      0.0020256832,
      -0.6030422,
      0,
      0.54580635,
      0.4276579,
      -0.7205583,
      0,
      -1.5154712,
      2.6181512,
      -0.2930809,
      0.99999994
    ]
  },
  {
    "timestamp" : 235563604183,
    "trackingState" : "Normal",
    "transform" : [
      0.25578585,
      -0.90278727,
      -0.34575838,
      0,
      -0.7994031,
      0.0036002279,
      -0.60078436,
      0,
      0.5436253,
      0.43007243,
      -0.72077,
      0,
      -1.5164616,
      2.615915,
      -0.29108122,
      0.99999994
    ]
  },
  {
    "timestamp" : 235563620844,
    "trackingState" : "Normal",
    "transform" : [
      0.25515127,
      -0.9014248,
      -0.3497588,
      0,
      -0.8011085,
      0.0054633617,
      -0.5984943,
      0,
      0.5414085,
      0.43290132,
      -0.72074515,
      0,
      -1.5173099,
      2.613846,
      -0.28905493,
      1
    ]
  },
  {
    "timestamp" : 235563637504,
    "trackingState" : "Normal",
    "transform" : [
      0.255117,
      -0.89976555,
      -0.35403022,
      0,
      -0.80230093,
      0.007369666,
      -0.5968744,
      0,
      0.53965604,
      0.43631154,
      -0.72000265,
      0,
      -1.5181422,
      2.6118894,
      -0.28698957,
      1
    ]
  },
  {
    "timestamp" : 235563654164,
    "trackingState" : "Normal",
    "transform" : [
      0.25557703,
      -0.89798105,
      -0.3582046,
      0,
      -0.802967,
      0.009190693,
      -0.59595263,
      0,
      0.53844637,
      0.43993828,
      -0.71870023,
      0,
      -1.5189685,
      2.610035,
      -0.28490308,
      1
    ]
  },
  {
    "timestamp" : 235563670825,
    "trackingState" : "Normal",
    "transform" : [
      0.25624946,
      -0.8961305,
      -0.36233458,
      0,
      -0.8036585,
      0.010768212,
      -0.5949936,
      0,
      0.5370936,
      0.44366,
      -0.7174235,
      0,
      -1.519757,
      2.608274,
      -0.28280565,
      1
    ]
  },
  {
    "timestamp" : 235563687485,
    "trackingState" : "Normal",
    "transform" : [
      0.25684693,
      -0.89439815,
      -0.36617193,
      0,
      -0.8047683,
      0.011862722,
      -0.5934707,
      0,
      0.53514284,
      0.44711468,
      -0.71673644,
      0,
      -1.5204756,
      2.6066182,
      -0.2807192,
      1.0000001
    ]
  },
  {
    "timestamp" : 235563704145,
    "trackingState" : "Normal",
    "transform" : [
      0.25740603,
      -0.892789,
      -0.36968914,
      0,
      -0.8064093,
      0.012317108,
      -0.59122956,
      0,
      0.5323968,
      0.45030683,
      -0.7167828,
      0,
      -1.52118,
      2.6053963,
      -0.27878952,
      0.99999994
    ]
  },
  {
    "timestamp" : 235563720806,
    "trackingState" : "Normal",
    "transform" : [
      0.2577717,
      -0.89132,
      -0.37296486,
      0,
      -0.80856586,
      0.0123202065,
      -0.588277,
      0,
      0.52893794,
      0.45320773,
      -0.717515,
      0,
      -1.5217636,
      2.604087,
      -0.27674127,
      1
    ]
  },
  {
    "timestamp" : 235563737466,
    "trackingState" : "Normal",
    "transform" : [
      0.25784883,
      -0.88994175,
      -0.3761885,
      0,
      -0.81083053,
      0.012421919,
      -0.5851493,
      0,
      0.52542186,
      0.45590514,
      -0.71838886,
      0,
      -1.52222,
      2.6028237,
      -0.27461174,
      0.99999994
    ]
  },
  {
    "timestamp" : 235563754126,
    "trackingState" : "Normal",
    "transform" : [
      0.2577164,
      -0.8886283,
      -0.3793708,
      0,
      -0.81304836,
      0.012693592,
      -0.5820579,
      0,
      0.5220487,
      0.45845258,
      -0.71922636,
      0,
      -1.5225354,
      2.6016312,
      -0.2724033,
      1
    ]
  },
  {
    "timestamp" : 235563770787,
    "trackingState" : "Normal",
    "transform" : [
      0.2574923,
      -0.8872482,
      -0.38273808,
      0,
      -0.8152676,
      0.013136657,
      -0.5789354,
      0,
      0.5186873,
      0.46110532,
      -0.7199622,
      0,
      -1.522689,
      2.600502,
      -0.27011183,
      0.9999999
    ]
  },
  {
    "timestamp" : 235563787447,
    "trackingState" : "Normal",
    "transform" : [
      0.25729838,
      -0.8857349,
      -0.38635623,
      0,
      -0.8175081,
      0.013664359,
      -0.575755,
      0,
      0.5152456,
      0.46399015,
      -0.7205797,
      0,
      -1.5226564,
      2.599463,
      -0.26776215,
      0.99999994
    ]
  },
  {
    "timestamp" : 235563804108,
    "trackingState" : "Normal",
    "transform" : [
      0.25678754,
      -0.884303,
      -0.3899595,
      0,
      -0.82008713,
      0.014128365,
      -0.5720643,
      0,
      0.5113876,
      0.46669975,
      -0.7215775,
      0,
      -1.5223885,
      2.5986214,
      -0.26542845,
      0.9999999
    ]
  },
  {
    "timestamp" : 235563820768,
    "trackingState" : "Normal",
    "transform" : [
      0.25521296,
      -0.8834375,
      -0.39294356,
      0,
      -0.8232534,
      0.014585456,
      -0.5674868,
      0,
      0.5070703,
      0.46832204,
      -0.72357047,
      0,
      -1.5218436,
      2.5980794,
      -0.2631793,
      0.9999999
    ]
  },
  {
    "timestamp" : 235563837428,
    "trackingState" : "Normal",
    "transform" : [
      0.2521997,
      -0.8833516,
      -0.39507654,
      0,
      -0.82701766,
      0.015223359,
      -0.56197006,
      0,
      0.5024316,
      0.4684638,
      -0.726708,
      0,
      -1.5211163,
      2.5976422,
      -0.26091233,
      1
    ]
  },
  {
    "timestamp" : 235563854089,
    "trackingState" : "Normal",
    "transform" : [
      0.2480401,
      -0.8838117,
      -0.39667735,
      0,
      -0.831037,
      0.016308183,
      -0.555978,
      0,
      0.49784902,
      0.46755835,
      -0.73043513,
      0,
      -1.5201867,
      2.5973563,
      -0.25862294,
      0.99999994
    ]
  },
  {
    "timestamp" : 235563870749,
    "trackingState" : "Normal",
    "transform" : [
      0.24374734,
      -0.884387,
      -0.39805403,
      0,
      -0.83510965,
      0.017298935,
      -0.54981154,
      0,
      0.49313208,
      0.4664338,
      -0.7343435,
      0,
      -1.5191002,
      2.597201,
      -0.256292,
      0.99999994
    ]
  },
  {
    "timestamp" : 235563887409,
    "trackingState" : "Normal",
    "transform" : [
      0.24031657,
      -0.8847003,
      -0.39944163,
      0,
      -0.83945286,
      0.01721063,
      -0.5431599,
      0,
      0.48740837,
      0.46584272,
      -0.73852813,
      0,
      -1.5179282,
      2.5971305,
      -0.2539138,
      1
    ]
  },
  {
    "timestamp" : 235563904070,
    "trackingState" : "Normal",
    "transform" : [
      0.23792934,
      -0.8847582,
      -0.4007403,
      0,
      -0.8438632,
      0.015987825,
      -0.5363203,
      0,
      0.48092073,
      0.46577623,
      -0.74281085,
      0,
      -1.5168966,
      2.5968764,
      -0.25185284,
      1
    ]
  },
  {
    "timestamp" : 235563920730,
    "trackingState" : "Normal",
    "transform" : [
      0.23595281,
      -0.8846083,
      -0.40223688,
      0,
      -0.84823173,
      0.014483842,
      -0.5294273,
      0,
      0.4741617,
      0.46610993,
      -0.7469353,
      0,
      -1.5155358,
      2.596859,
      -0.2495191,
      1
    ]
  },
  {
    "timestamp" : 235563937391,
    "trackingState" : "Normal",
    "transform" : [
      0.23356338,
      -0.88431644,
      -0.40426806,
      0,
      -0.85295683,
      0.013267647,
      -0.52181286,
      0,
      0.46681142,
      0.46669954,
      -0.75118494,
      0,
      -1.5138577,
      2.5969574,
      -0.24703984,
      1
    ]
  },
  {
    "timestamp" : 235563954051,
    "trackingState" : "Normal",
    "transform" : [
      0.23033822,
      -0.8841786,
      -0.4064144,
      0,
      -0.8582461,
      0.012261249,
      -0.5130921,
      0,
      0.4586482,
      0.4669882,
      -0.7560185,
      0,
      -1.5118679,
      2.5971437,
      -0.24448942,
      1
    ]
  },
  {
    "timestamp" : 235563970711,
    "trackingState" : "Normal",
    "transform" : [
      0.22638513,
      -0.8842953,
      -0.4083772,
      0,
      -0.86384755,
      0.011428636,
      -0.50362396,
      0,
      0.45001945,
      0.46678856,
      -0.76130897,
      0,
      -1.5095847,
      2.5974233,
      -0.24190588,
      1.0000001
    ]
  },
  {
    "timestamp" : 235563987372,
    "trackingState" : "Normal",
    "transform" : [
      0.2221419,
      -0.8845469,
      -0.41015837,
      0,
      -0.86964434,
      0.0104647465,
      -0.49356794,
      0,
      0.4408762,
      0.466334,
      -0.76691663,
      0,
      -1.5070484,
      2.5977807,
      -0.23928876,
      0.99999994
    ]
  },
  {
    "timestamp" : 235564004032,
    "trackingState" : "Normal",
    "transform" : [
      0.21797405,
      -0.8847311,
      -0.41199312,
      0,
      -0.8756818,
      0.009082577,
      -0.48280314,
      0,
      0.43089294,
      0.4660134,
      -0.77276325,
      0,
      -1.504332,
      2.5983593,
      -0.2369205,
      1
    ]
  },
  {
    "timestamp" : 235564020692,
    "trackingState" : "Normal",
    "transform" : [
      0.21390946,
      -0.88479525,
      -0.4139811,
      0,
      -0.88167936,
      0.0075857537,
      -0.47178823,
      0,
      0.42057636,
      0.46591848,
      -0.77848303,
      0,
      -1.5015013,
      2.5992765,
      -0.23501945,
      1
    ]
  },
  {
    "timestamp" : 235564037353,
    "trackingState" : "Normal",
    "transform" : [
      0.20981178,
      -0.8846739,
      -0.41633072,
      0,
      -0.8873745,
      0.006497614,
      -0.4610035,
      0,
      0.41054294,
      0.46616518,
      -0.7836739,
      0,
      -1.49847,
      2.5999038,
      -0.23248458,
      0.99999994
    ]
  },
  {
    "timestamp" : 235564054013,
    "trackingState" : "Normal",
    "transform" : [
      0.20618191,
      -0.88414854,
      -0.4192497,
      0,
      -0.89308345,
      0.005052385,
      -0.4498625,
      0,
      0.39986357,
      0.46717852,
      -0.7885768,
      0,
      -1.4953015,
      2.6004155,
      -0.22967993,
      0.99999994
    ]
  },
  {
    "timestamp" : 235564070674,
    "trackingState" : "Normal",
    "transform" : [
      0.20310758,
      -0.88330543,
      -0.42251512,
      0,
      -0.89913666,
      0.0026000745,
      -0.4376604,
      0,
      0.3876864,
      0.46879092,
      -0.7936842,
      0,
      -1.4920517,
      2.6008642,
      -0.22674714,
      1
    ]
  },
  {
    "timestamp" : 235564087334,
    "trackingState" : "Normal",
    "transform" : [
      0.19963805,
      -0.8827963,
      -0.425224,
      0,
      -0.9050209,
      0.00022623106,
      -0.42536718,
      0,
      0.3756088,
      0.46975604,
      -0.798904,
      0,
      -1.4887208,
      2.601325,
      -0.2238009,
      1
    ]
  },
  {
    "timestamp" : 235564103994,
    "trackingState" : "Normal",
    "transform" : [
      0.19414924,
      -0.88360393,
      -0.4260873,
      0,
      -0.9100565,
      -9.0811904e-05,
      -0.41448444,
      0,
      0.36620134,
      0.46823528,
      -0.8041471,
      0,
      -1.4852136,
      2.6018567,
      -0.22091216,
      1
    ]
  },
  {
    "timestamp" : 235564120655,
    "trackingState" : "Normal",
    "transform" : [
      0.18680257,
      -0.8852932,
      -0.4258649,
      0,
      -0.9143985,
      0.0017880765,
      -0.40481138,
      0,
      0.35913822,
      0.46503,
      -0.8091768,
      0,
      -1.4821274,
      2.6022499,
      -0.21802053,
      1
    ]
  },
  {
    "timestamp" : 235564137315,
    "trackingState" : "Normal",
    "transform" : [
      0.17917843,
      -0.8869866,
      -0.42561695,
      0,
      -0.91849357,
      0.004194384,
      -0.39541334,
      0,
      0.35251158,
      0.46177602,
      -0.8139401,
      0,
      -1.4786276,
      2.6027055,
      -0.21507403,
      0.9999999
    ]
  },
  {
    "timestamp" : 235564153975,
    "trackingState" : "Normal",
    "transform" : [
      0.17298815,
      -0.8883337,
      -0.42536867,
      0,
      -0.9226125,
      0.005022587,
      -0.3856955,
      0,
      0.34476274,
      0.45917118,
      -0.8187189,
      0,
      -1.475107,
      2.6030774,
      -0.21204084,
      0.99999994
    ]
  },
  {
    "timestamp" : 235564170636,
    "trackingState" : "Normal",
    "transform" : [
      0.16835263,
      -0.88928187,
      -0.4252474,
      0,
      -0.9267827,
      0.004144907,
      -0.3755751,
      0,
      0.33575475,
      0.45734096,
      -0.82347333,
      0,
      -1.47169,
      2.6032884,
