[
  {
    "timestamp" : 235579331557,
    "transform" : [
      0.31731945,
      -0.8871506,
      -0.33507058,
      0,
      -0.69080013,
      0.02582697,
      -0.72258437,
      0,
      0.649695,
      0.46075687,
      -0.6046484,
      0,
      -0.27059668,
      2.6374278,
      2.1766276,
      1
    ],
    "trackingState" : "Normal"
  },
  {
    "timestamp" : 235579348218,
    "transform" : [
      0.31591538,
      -0.8855118,
      -0.3406852,
      0,
      -0.69321525,
      0.029740714,
      -0.72011673,
      0,
      0.6478041,
      0.46366414,
      -0.60445476,
      0,
      -0.26629138,
      2.634874,
      2.179931,
      0.99999994
    ],
    "trackingState" : "Normal"
  },
  {
    "timestamp" : 235579364878,
    "transform" : [
      0.31461364,
      -0.88357145,
      -0.34687164,
      0,
      -0.69637287,
      0.033481717,
      -0.7168988,
      0,
      0.64504516,
      0.4670981,
      -0.60476136,
      0,
      -0.26182595,
      2.6321447,
      2.1833827,
      1
    ],
    "trackingState" : "Normal"
  },
  {
    "timestamp" : 235579381538,
    "transform" : [
      0.31439355,
      -0.8810327,
      -0.35346594,
      0,
      -0.7015518,
      0.035203584,
      -0.71174854,
      0,
      0.6395169,
      0.47174376,
      -0.6070223,
      0,
      -0.25726035,
      2.6292713,
      2.1869094,
      0.99999994
    ],
    "trackingState" : "Normal"
  },
  {
    "timestamp" : 235579398199,
    "transform" : [
      0.31567836,
      -0.87776095,
      -0.36039263,
      0,
      -0.7081843,
      0.034837157,
      -0.70516753,
      0,
      0.6315236,
      0.47783053,
      -0.61061925,
      0,
      -0.2526221,
      2.6262863,
      2.190466,
      0.9999998
    ],
    "trackingState" : "Normal"
  },
  {
    "timestamp" : 235579414859,
    "transform" : [
      0.31741402,
      -0.8740043,
      -0.3679197,
      0,
      -0.7146149,
      0.03457999,
      -0.69866276,
      0,
      0.62335706,
      0.48468632,
      -0.6136003,
      0,
      -0.24784607,
      2.6236463,
      2.1936095,
      0.99999994
    ],
    "trackingState" : "Normal"
  },
  {
    "timestamp" : 235579431519,
    "transform" : [
      0.3175128,
      -0.87103283,
      -0.37481678,
      0,
      -0.719759,
      0.035962753,
      -0.693292,
      0,
      0.61735946,
      0.48990676,
      -0.61551505,
      0,
      -0.2428632,
      2.6210535,
      2.1967793,
      1
    ],
    "trackingState" : "Normal"
  },
  {
    "timestamp" : 235579448180,
    "transform" : [
      0.315273,
      -0.8693045,
      -0.38067418,
      0,
      -0.724139,
      0.038897898,
      -0.6885563,
      0,
      0.6133725,
      0.49274415,
      -0.61723375,
      0,
      -0.23768876,
      2.6185057,
      2.2000246,
      1
    ],
    "trackingState" : "Normal"
  },
  {
    "timestamp" : 235579464840,
    "transform" : [
      0.31216553,
      -0.86804914,
      -0.38606173,
      0,
      -0.7289731,
      0.04173014,
      -0.68326926,
      0,
      0.60922164,
      0.49472168,
      -0.6197577,
      0,
      -0.23242347,
      2.6160908,
      2.2032435,
      1
    ],
    "trackingState" : "Normal"
  },
  {
    "timestamp" : 235579481500,
    "transform" : [
      0.31115168,
      -0.86599666,
      -0.39145193,
      0,
      -0.73560375,
      0.04133477,
      -0.67614985,
      0,
      0.6017241,
      0.49833864,
      -0.62416905,
      0,
      -0.2272735,
      2.6137831,
      2.2064633,
      1
    ],
    "trackingState" : "Normal"
  },
  {
    "timestamp" : 235579498161,
    "transform" : [
      0.31372473,
      -0.8624426,
      -0.39720234,
      0,
      -0.7440994,
      0.036546033,
      -0.66706866,
      0,
      0.5898246,
      0.5048339,
      -0.6302775,
      0,
      -0.22234648,
      2.6115534,
      2.2096758,
      0.99999994
    ],
    "trackingState" : "Normal"
  },
  {
    "timestamp" : 235579514821,
    "transform" : [
      0.31856254,
      -0.8579952,
      -0.402942,
      0,
      -0.7532038,
      0.02896344,
      -0.65714926,
      0,
      0.5755015,
      0.51284057,
      -0.63701856,
      0,
      -0.21760958,
      2.6094387,
      2.2128623,
      1
    ],
    "trackingState" : "Normal"
  },
  {
    "timestamp" : 235579531481,
    "transform" : [
      0.32291943,
      -0.85427207,
      -0.40736037,
      0,
      -0.76110786,
      0.02142604,
      -0.64827156,
      0,
      0.56252843,
      0.5193846,
      -0.64327425,
      0,
      -0.21298732,
      2.6077394,
      2.2152576,
      1
    ],
    "trackingState" : "Normal"
  },
  {
    "timestamp" : 235579548142,
    "transform" : [
      0.32420772,
      -0.85201013,
      -0.41105756,
      0,
      -0.76808125,
      0.016567636,
      -0.6401382,
      0,
      0.55221444,
      0.5232633,
      -0.6490415,
      0,
      -0.20813929,
      2.6061077,
      2.2181163,
      0.99999994
    ],
    "trackingState" : "Normal"
  },
  {
    "timestamp" : 235579564802,
    "transform" : [
      0.32165384,
      -0.8511958,
      -0.41473454,
      0,
      -0.77493274,
      0.015033178,
      -0.6318651,
      0,
      0.5440756,
      0.5246331,
      -0.65478396,
      0,
      -0.20306268,
      2.6046212,
      2.2211776,
      1
    ],
    "trackingState" : "Normal"
  },
  {
    "timestamp" : 235579581462,
    "transform" : [
      0.31653693,
      -0.85109305,
      -0.41886166,
      0,
      -0.782025,
      0.01578079,
      -0.6230474,
      0,
      0.53688127,
      0.5247777,
      -0.66058075,
      0,
      -0.19785939,
      2.6032746,
      2.2243667,
      0.99999994
    ],
    "trackingState" : "Normal"
  },
  {
    "timestamp" : 235579598123,
    "transform" : [
      0.31157362,
      -0.8506231,
      -0.42351186,
      0,
      -0.78947234,
      0.016311686,
      -0.61356926,
      0,
      0.5288244,
      0.5255229,
      -0.6664611,
      0,
      -0.19243272,
      2.6018214,
      2.2281377,
      0.99999994
    ],
    "trackingState" : "Normal"
  },
  {
    "timestamp" : 235579614783,
    "transform" : [
      0.30963346,
      -0.84854865,
      -0.42906,
      0,
      -0.7981645,
      0.013294904,
      -0.602293,
      0,
      0.5167792,
      0.5289504,
      -0.6731647,
      0,
      -0.18745725,
      2.6004663,
      2.2317657,
      1
    ],
    "trackingState" : "Normal"
  },
  {
    "timestamp" : 235579631444,
    "transform" : [
      0.30839542,
      -0.8464988,
      -0.4339727,
      0,
      -0.80631787,
      0.009438719,
      -0.59140724,
      0,
      0.5047217,
      0.53230715,
      -0.6796362,
      0,
      -0.1828424,
      2.5993567,
      2.2350662,
      0.99999994
    ],
    "trackingState" : "Normal"
  },
  {
    "timestamp" : 235579648104,
    "transform" : [
      0.30629689,
      -0.84547216,
      -0.43744627,
      0,
      -0.81299555,
      0.0067145103,
      -0.5822314,
      0,
      0.49519768,
      0.53397745,
      -0.68530834,
      0,
      -0.17836271,
      2.5984662,
      2.2381637,
      0.99999994
    ],
    "trackingState" : "Normal"
  },
  {
    "timestamp" : 235579664764,
    "transform" : [
      0.30271825,
      -0.84535575,
      -0.44015372,
      0,
      -0.81878793,
      0.0056969454,
      -0.5740677,
      0,
      0.487799,
      0.5341733,
      -0.6904426,
      0,
      -0.17389983,
      2.5977128,
      2.241186,
      0.9999999
    ],
    "trackingState" : "Normal"
  },
  {
    "timestamp" : 235579681424,
    "transform" : [
      0.29864746,
      -0.8453025,
      -0.44302756,
      0,
      -0.8245811,
      0.0051704054,
      -0.5657201,
      0,
      0.48049527,
      0.53426296,
      -0.69547635,
      0,
      -0.16947569,
      2.5969732,
      2.2442245,
      0.99999994
    ],
    "trackingState" : "Normal"
  },
  {
    "timestamp" : 235579698085,
    "transform" : [
      0.29538232,
      -0.8445502,
      -0.44663674,
      0,
      -0.8308526,
      0.003700635,
      -0.5564803,
      0,
      0.4716284,
      0.53546375,
      -0.7006036,
      0,
      -0.16517824,
      2.5961635,
      2.2473247,
      1
    ],
    "trackingState" : "Normal"
  },
  {
    "timestamp" : 235579714745,
    "transform" : [
      0.2934265,
      -0.84289956,
      -0.4510226,
      0,
      -0.8375735,
      0.0007572394,
      -0.54632425,
      0,
      0.46083802,
      0.5380705,
      -0.7057681,
      0,
      -0.16061042,
      2.5951698,
      2.250536,
      0.99999994
    ],
    "trackingState" : "Normal"
  },
  {
    "timestamp" : 235579731406,
    "transform" : [
      0.29131743,
      -0.84098804,
      -0.45593122,
      0,
      -0.84393895,
      -0.0015169409,
      -0.536437,
      0,
      0.45044556,
      0.54105157,
      -0.71018445,
      0,
      -0.15622297,
      2.5940888,
      2.2537706,
      0.9999999
    ],
    "trackingState" : "Normal"
  },
  {
    "timestamp" : 235579748066,
    "transform" : [
      0.2872535,
      -0.83970565,
      -0.46084687,
      0,
      -0.84911853,
      -0.0005860399,
      -0.52820194,
      0,
      0.44326407,
      0.54304147,
      -0.71317804,
      0,
      -0.15198727,
      2.5930247,
      2.2569947,
      0.9999999
    ],
    "trackingState" : "Normal"
  },
  {
    "timestamp" : 235579764726,
    "transform" : [
      0.2811116,
      -0.8390755,
      -0.46575588,
      0,
      -0.8534637,
      0.0033442522,
      -0.5211413,
      0,
      0.43883455,
      0.5440047,
      -0.7151805,
      0,
      -0.14773476,
      2.5919733,
      2.2602239,
      0.9999999
    ],
    "trackingState" : "Normal"
  },
  {
    "timestamp" : 235579781387,
    "transform" : [
      0.27361116,
      -0.8390386,
      -0.4702671,
      0,
      -0.85778826,
      0.008326848,
      -0.51393574,
      0,
      0.43512774,
      0.5440081,
      -0.71743923,
      0,
      -0.14347202,
      2.5909226,
      2.2634506,
      0.99999994
    ],
    "trackingState" : "Normal"
  },
  {
    "timestamp" : 235579798047,
    "transform" : [
      0.26624858,
      -0.83920544,
      -0.47417942,
      0,
      -0.86288756,
      0.011726875,
      -0.50526,
      0,
      0.4295776,
      0.5436882,
      -0.7210176,
      0,
      -0.13929662,
      2.589821,
      2.2666903,
      1
    ],
    "trackingState" : "Normal"
  },
  {
    "timestamp" : 235579814707,
    "transform" : [
      0.26053602,
      -0.8386352,
      -0.47834292,
      0,
      -0.8689458,
      0.012247483,
      -0.4947557,
      0,
      0.42077804,
      0.5445557,
      -0.7255376,
      0,
      -0.13562272,
      2.5886528,
      2.2696865,
      0.9999998
    ],
    "trackingState" : "Normal"
  },
  {
    "timestamp" : 235579831368,
    "transform" : [
      0.25663692,
      -0.8367669,
      -0.48369274,
      0,
      -0.87578213,
      0.010361082,
      -0.4825953,
      0,
      0.4088314,
      0.5474612,
      -0.73016644,
      0,
      -0.1320742,
      2.587305,
      2.2728465,
      0.9999999
    ],
    "trackingState" : "Normal"
  },
  {
    "timestamp" : 235579848028,
    "transform" : [
      0.253344,
      -0.83427763,
      -0.4896914,
      0,
      -0.88229054,
      0.008319958,
      -0.47063148,
      0,
      0.39671156,
      0.55128175,
      -0.73396754,
      0,
      -0.12851438,
      2.5858326,
      2.2761822,
      0.99999994
    ],
    "trackingState" : "Normal"
  },
  {
    "timestamp" : 235579864688,
    "transform" : [
      0.24951734,
      -0.8323385,
      -0.49492824,
      0,
      -0.8876811,
      0.007653982,
      -0.46039516,
      0,
      0.38699278,
      0.55421495,
      -0.7369413,
      0,
      -0.12498447,
      2.584361,
      2.2795177,
      1
    ],
    "trackingState" : "Normal"
  },
  {
    "timestamp" : 235579881349,
    "transform" : [
      0.24505953,
      -0.83129096,
      -0.4989001,
      0,
      -0.8918934,
      0.008443752,
      -0.45216712,
      0,
      0.38009503,
      0.55577344,
      -0.7393536,
      0,
      -0.12152283,
      2.582949,
      2.2828047,
      1
    ],
    "trackingState" : "Normal"
  },
  {
    "timestamp" : 235579898009,
    "transform" : [
      0.2407684,
      -0.8306083,
      -0.50211614,
      0,
      -0.8954496,
      0.009483348,
      -0.4450622,
      0,
      0.3744341,
      0.5567765,
      -0.7414845,
      0,
      -0.11817546,
      2.5815554,
      2.2860835,
      1
    ],
    "trackingState" : "Normal"
  },
  {
    "timestamp" : 235579914669,
    "transform" : [
      0.23739097,
      -0.82935804,
      -0.5057774,
      0,
      -0.89890987,
      0.009825896,
      -0.43802327,
      0,
      0.3682479,
      0.55863106,
      -0.7431856,
      0,
      -0.11474544,
      2.5799375,
      2.2892532,
      0.9999999
    ],
    "trackingState" : "Normal"
  },
  {
    "timestamp" : 235579931330,
    "transform" : [
      0.23482473,
      -0.8271911,
      -0.51050186,
      0,
      -0.90243465,
      0.0096336305,
      -0.43071893,
      0,
      0.36120492,
      0.5618381,
      -0.74422383,
      0,
      -0.11143887,
      2.5782743,
      2.2925684,
      1
    ],
    "trackingState" : "Normal"
  },
  {
    "timestamp" : 235579947990,
    "transform" : [
      0.23177762,
      -0.8247925,
      -0.5157487,
      0,
      -0.90614855,
      0.009769429,
      -0.42284688,
      0,
      0.3537995,
      0.5653513,
      -0.74512017,
      0,
      -0.108218506,
      2.576655,
      2.2960298,
      1
    ],
    "trackingState" : "Normal"
  },
  {
    "timestamp" : 235579964650,
    "transform" : [
      0.22729503,
      -0.82321703,
      -0.52024114,
      0,
      -0.9099107,
      0.010819397,
      -0.41466323,
      0,
      0.34698656,
      0.5676238,
      -0.7465947,
      0,
      -0.105016954,
      2.5751183,
      2.29951,
      0.99999994
    ],
    "trackingState" : "Normal"
  },
  {
    "timestamp" : 235579981311,
    "transform" : [
      0.22160488,
      -0.8227108,
      -0.5234868,
      0,
      -0.91344047,
      0.0127830645,
      -0.4067718,
      0,
      0.34134728,
      0.5683165,
      -0.7486645,
      0,
      -0.101851895,
      2.573683,
      2.3029644,
      1
    ],
    "trackingState" : "Normal"
  },
  {
    "timestamp" : 235579997971,
    "transform" : [
      0.21539144,
      -0.82243294,
      -0.5265081,
      0,
      -0.9168381,
      0.015295922,
      -0.3989662,
      0,
      0.3361764,
      0.56865656,
      -0.7507432,
      0,
      -0.09877226,
      2.572289,
      2.306449,
      1
    ],
    "trackingState" : "Normal"
  },
  {
    "timestamp" : 235580014631,
    "transform" : [
      0.20925273,
      -0.8217222,
      -0.5300811,
      0,
      -0.9200225,
      0.018228212,
      -0.3914415,
      0,
      0.33131856,
      0.5695967,
      -0.7521886,
      0,
      -0.09599829,
      2.5707798,
      2.309541,
      0.99999994
    ],
    "trackingState" : "Normal"
  },
  {
    "timestamp" : 235580031292,
    "transform" : [
      0.20358276,
      -0.8204586,
      -0.53423,
      0,
      -0.9229047,
      0.021318214,
      -0.38443777,
      0,
      0.32680413,
      0.5713083,
      -0.75286514,
      0,
      -0.09325625,
      2.5693882,
      2.3129833,
      0.99999994
    ],
    "trackingState" : "Normal"
  },
  {
    "timestamp" : 235580047952,
    "transform" : [
      0.19841167,
      -0.819266,
      -0.5379928,
      0,
      -0.9256367,
      0.023829535,
      -0.37766278,
      0,
      0.3222264,
      0.5729184,
      -0.7536145,
      0,
      -0.090647876,
      2.5681314,
      2.3165312,
      1
    ],
    "trackingState" : "Normal"
  },
  {
    "timestamp" : 235580064612,
    "transform" : [
      0.19396278,
      -0.8185866,
      -0.5406428,
      0,
      -0.9284806,
      0.024735397,
      -0.37055653,
      0,
      0.3167056,
      0.57385045,
      -0.75524396,
      0,
      -0.088216126,
      2.567015,
      2.3201127,
      1
    ],
    "trackingState" : "Normal"
  },
  {
    "timestamp" : 235580081273,
    "transform" : [
      0.19040695,
      -0.8179164,
      -0.5429163,
      0,
      -0.93162954,
      0.023826318,
      -0.36262795,
      0,
      0.30953503,
      0.5748437,
      -0.75745827,
      0,
      -0.08596021,
      2.5659673,
      2.3237686,
      1
    ],
    "trackingState" : "Normal"
  },
  {
    "timestamp" : 235580097933,
    "transform" : [
      0.18720157,
      -0.8168056,
      -0.5456962,
      0,
      -0.9349036,
      0.022365449,
      -0.35419646,
      0,
      0.30151436,
      0.57647943,
      -0.7594477,
      0,
      -0.083815,
      2.5649197,
      2.3275466,
      0.99999994
    ],
    "trackingState" : "Normal"
  },
  {
    "timestamp" : 235580114594,
    "transform" : [
      0.18314947,
      -0.8156224,
      -0.54883206,
      0,
      -0.9379107,
      0.022320276,
      -0.34615827,
      0,
      0.29458448,
      0.5781541,
      -0.760893,
      0,
      -0.081150755,
      2.5638676,
      2.3307002,
      1
    ],
    "trackingState" : "Normal"
  },
  {
    "timestamp" : 235580131254,
    "transform" : [
      0.17745876,
      -0.8149308,
      -0.55172133,
      0,
      -0.9403273,
      0.02498269,
      -0.33935332,
      0,
      0.290333,
      0.5790197,
      -0.7618682,
      0,
      -0.07875101,
      2.562863,
      2.334404,
      1
    ],
    "trackingState" : "Normal"
  },
  {
    "timestamp" : 235580147914,
    "transform" : [
      0.17070359,
      -0.81473076,
      -0.55414265,
      0,
      -0.9423628,
      0.029257791,
      -0.3333112,
      0,
      0.28777188,
      0.5791008,
      -0.7627775,
      0,
      -0.076392226,
      2.561899,
      2.338303,
      0.9999999
    ],
    "trackingState" : "Normal"
  },
  {
    "timestamp" : 235580164575,
    "transform" : [
      0.16439544,
      -0.81423014,
      -0.5567796,
      0,
      -0.94456816,
      0.032679833,
      -0.32668504,
      0,
      0.2841923,
      0.5796218,
      -0.7637235,
      0,
      -0.07411261,
      2.5609417,
      2.3423176,
      1
    ],
    "trackingState" : "Normal"
  },
  {
    "timestamp" : 235580181235,
    "transform" : [
      0.15918091,
      -0.8133204,
      -0.55961734,
      0,
      -0.9472034,
      0.033989474,
      -0.31882688,
      0,
      0.2783295,
      0.58082247,
      -0.7649694,
      0,
      -0.071972184,
      2.5599995,
      2.3464046,
      1
    ],
    "trackingState" : "Normal"
  },
  {
    "timestamp" : 235580197895,
    "transform" : [
      0.15556023,
      -0.81193566,
      -0.56263816,
      0,
      -0.9506752,
      0.031682163,
      -0.30856624,
      0,
      0.26836154,
      0.58288664,
      -0.76695865,
      0,
      -0.069984436,
      2.5589435,
      2.3506129,
      1
    ],
    "trackingState" : "Normal"
  },
  {
    "timestamp" : 235580214556,
    "transform" : [
      0.15090942,
      -0.81096137,
      -0.56530344,
      0,
      -0.95373476,
      0.030982394,
      -0.29904845,
      0,
      0.26003122,
      0.58427876,
      -0.7687667,
      0,
      -0.067729525,
      2.5576997,
      2.3549082,
      0.99999994
    ],
    "trackingState" : "Normal"
  },
  {
    "timestamp" : 235580231216,
    "transform" : [
      0.1449429,
      -0.81068814,
      -0.5672534,
      0,
      -0.9562545,
      0.032460377,
      -0.29072988,
      0,
      0.25410455,
      0.58457774,
      -0.7705193,
      0,
      -0.06547745,
      2.5565388,
      2.3592415,
      1
    ],
    "trackingState" : "Normal"
  },
  {
    "timestamp" : 235580247876,
    "transform" : [
      0.13777311,
      -0.8109781,
      -0.56862396,
      0,
      -0.95864064,
      0.035174757,
      -0.2824377,
      0,
      0.24905205,
      0.5840183,
      -0.7725905,
      0,
      -0.06330426,
      2.5554972,
      2.363612,
      1
    ],
    "trackingState" : "Normal"
  },
  {
    "timestamp" : 235580264537,
    "transform" : [
      0.13049215,
      -0.8115079,
      -0.56958485,
      0,
      -0.9612858,
      0.0370717,
      -0.2730484,
      0,
      0.24269643,
      0.58316445,
      -0.77525353,
      0,
      -0.061212357,
      2.5544965,
      2.3680437,
      1
    ],
    "trackingState" : "Normal"
  },
  {
    "timestamp" : 235580281197,
    "transform" : [
      0.124293186,
      -0.81176746,
      -0.57060045,
      0,
      -0.9642929,
      0.036713686,
      -0.26228157,
      0,
      0.23386054,
      0.58282566,
      -0.7782183,
      0,
      -0.05926405,
      2.5535,
      2.3725617,
      1
    ],
    "trackingState" : "Normal"
  },
  {
    "timestamp" : 235580297857,
    "transform" : [
      0.11950472,
      -0.8115927,
      -0.5718706,
      0,
      -0.96741664,
      0.034309715,
      -0.25085458,
      0,
      0.22321248,
      0.58321536,
      -0.7810482,
      0,
      -0.05749058,
      2.552503,
      2.3771734,
      0.99999994
    ],
    "trackingState" : "Normal"
  },
  {
    "timestamp" : 235580314518,
    "transform" : [
      0.11569154,
      -0.81124926,
      -0.5731408,
      0,
      -0.97028494,
      0.031152787,
      -0.23995227,
      0,
      0.21251601,
      0.5838702,
      -0.78353876,
      0,
      -0.056137644,
      2.5513556,
      2.3815725,
      1.0000001
    ],
    "trackingState" : "Normal"
  },
  {
    "timestamp" : 235580331178,
    "transform" : [
      0.111973986,
      -0.8107332,
      -0.57460725,
      0,
      -0.97290915,
      0.028253669,
      -0.22945532,
      0,
      0.20226184,
      0.58473366,
      -0.7856061,
      0,
      -0.054713883,
      2.5504045,
      2.3862386,
      1
    ],
    "trackingState" : "Normal"
  },
  {
    "timestamp" : 235580347838,
    "transform" : [
      0.108208664,
      -0.8102334,
      -0.5760319,
      0,
      -0.9753019,
      0.025709791,
      -0.21937507,
      0,
      0.19255468,
      0.5855432,
      -0.78744024,
      0,
      -0.05333296,
      2.5495849,
      2.3910232,
      1
    ],
    "trackingState" : "Normal"
  },
  {
    "timestamp" : 235580364499,
    "transform" : [
      0.104747064,
      -0.81001264,
      -0.57698166,
      0,
      -0.977496,
      0.02296659,
      -0.20970008,
      0,
      0.183111,
      0.58596265,
      -0.7893786,
      0,
      -0.052060027,
      2.5488877,
      2.3958697,
      1
    ],
    "trackingState" : "Normal"
  },
  {
    "timestamp" : 235580381159,
    "transform" : [
      0.10188004,
      -0.8098033,
      -0.5777882,
      0,
      -0.9795781,
      0.019539868,
      -0.20011297,
      0,
      0.17334203,
      0.586376,
      -0.7912749,
      0,
      -0.050911896,
      2.5482824,
      2.4007916,
      0.99999994
    ],
    "trackingState" : "Normal"
  },
  {
    "timestamp" : 235580397819,
    "transform" : [
      0.09973297,
      -0.80920124,
      -0.579005,
      0,
      -0.98164266,
      0.015059918,
      -0.1901342,
      0,
      0.16257659,
      0.58733857,
      -0.79284453,
      0,
      -0.049856987,
      2.5477312,
      2.4058206,
      1
    ],
    "trackingState" : "Normal"
  },
  {
    "timestamp" : 235580414480,
    "transform" : [
      0.098135136,
      -0.8080586,
      -0.5808708,
      0,
      -0.9836884,
      0.009656158,
      -0.17962192,
      0,
      0.15075403,
      0.589023,
      -0.7939304,
      0,
      -0.047982175,
      2.5472393,
      2.4112318,
      1
    ],
    "trackingState" : "Normal"
  },
  {
    "timestamp" : 235580431140,
    "transform" : [
      0.09671872,
      -0.80661047,
      -0.58311677,
      0,
      -0.9856619,
      0.003762044,
      -0.16869083,
      0,
      0.13826148,
      0.59107155,
      -0.7946813,
      0,
      -0.046722397,
      2.5468245,
      2.4165423,
      0.99999994
    ],
    "trackingState" : "Normal"
  },
  {
    "timestamp" : 235580447800,
    "transform" : [
      0.094612375,
      -0.80521244,
      -0.5853901,
      0,
      -0.987484,
      -0.0013713451,
      -0.1577136,
      0,
      0.1261902,
      0.59298486,
      -0.7952642,
      0,
      -0.045659162,
      2.5464983,
      2.4218228,
      0.99999994
    ],
    "trackingState" : "Normal"
  },
  {
    "timestamp" : 235580464461,
    "transform" : [
      0.09108748,
      -0.80432445,
      -0.58716714,
      0,
      -0.9890798,
      -0.0044701523,
      -0.147313,
      0,
      0.11586271,
      0.59417343,
      -0.7959484,
      0,
      -0.044640213,
      2.546275,
      2.4270458,
      0.9999999
    ],
    "trackingState" : "Normal"
  },
  {
    "timestamp" : 235580481121,
    "transform" : [
      0.08613412,
      -0.8039742,
      -0.5883932,
      0,
      -0.9904779,
      -0.0054377182,
      -0.13756476,
      0,
      0.107398994,
      0.5946394,
      -0.7967871,
      0,
      -0.043624293,
      2.5461378,
      2.4322023,
      0.99999994
    ],
    "trackingState" : "Normal"
  },
  {
    "timestamp" : 235580497781,
    "transform" : [
      0.08056039,
      -0.8035141,
      -0.58980954,
      0,
      -0.9917356,
      -0.0053368574,
      -0.1281878,
      0,
      0.09985297,
      0.59526193,
      -0.79730356,
      0,
      -0.04262927,
      2.5460248,
      2.4373155,
      1
    ],
    "trackingState" : "Normal"
  },
  {
    "timestamp" : 235580514442,
    "transform" : [
      0.0751364,
      -0.8025222,
      -0.59187233,
      0,
      -0.99286497,
      -0.005093,
      -0.11913561,
      0,
      0.092594564,
      0.59660065,
      -0.79717886,
      0,
      -0.041111324,
      2.545848,
      2.4427364,
      0.99999994
    ],
    "trackingState" : "Normal"
  },
  {
    "timestamp" : 235580531102,
    "transform" : [
      0.07034133,
      -0.80120367,
      -0.59424317,
      0,
      -0.9939025,
      -0.005583635,
      -0.11012125,
      0,
      0.08491151,
      0.5983658,
      -0.7967112,
      0,
      -0.04005334,
      2.5457451,
      2.4478726,
      1
    ],
    "trackingState" : "Normal"
  },
  {
    "timestamp" : 235580547762,
    "transform" : [
      0.066136844,
      -0.7995057,
      -0.5970066,
      0,
      -0.99483776,
      -0.006682403,
      -0.10125988,
      0,
      0.07696841,
      0.6006215,
      -0.7958203,
      0,
      -0.03918951,
      2.5456824,
      2.4528651,
      1
    ],
    "trackingState" : "Normal"
  },
  {
    "timestamp" : 235580564423,
    "transform" : [
      0.062072534,
      -0.7975838,
      -0.6000061,
      0,
      -0.9956783,
      -0.007876585,
      -0.09253581,
      0,
      0.069079064,
      0.6031568,
      -0.7946258,
      0,
      -0.03842156,
      2.5456688,
      2.4577625,
      1
    ],
    "trackingState" : "Normal"
  },
  {
    "timestamp" : 235580581083,
    "transform" : [
      0.058126695,
      -0.7957123,
      -0.60287917,
      0,
      -0.9964048,
      -0.00895754,
      -0.084245905,
      0,
      0.061635185,
      0.6056086,
      -0.79337233,
      0,
      -0.037744947,
      2.5457327,
      2.4625692,
      1
    ],
    "trackingState" : "Normal"
  },
  {
    "timestamp" : 235580597744,
    "transform" : [
      0.054545082,
      -0.79394585,
      -0.60553694,
      0,
      -0.99702126,
      -0.010187781,
      -0.076451264,
      0,
      0.054529086,
      0.60790324,
      -0.79213667,
      0,
      -0.037208505,
      2.5458927,
      2.4673047,
      0.99999994
    ],
    "trackingState" : "Normal"
  },
  {
    "timestamp" : 235580614404,
    "transform" : [
      0.051174648,
      -0.7926691,
      -0.60750055,
      0,
      -0.99753183,
      -0.011286365,
      -0.069303624,
      0,
      0.04807836,
      0.6095477,
      -0.7912903,
      0,
      -0.036487073,
      2.5461,
      2.4725707,
      0.99999994
    ],
    "trackingState" : "Normal"
  },
  {
    "timestamp" : 235580631064,
    "transform" : [
      0.047809005,
      -0.7921239,
      -0.60848516,
      0,
      -0.9979497,
      -0.011927468,
      -0.06288232,
      0,
      0.042552885,
      0.6102438,
      -0.7910701,
      0,
      -0.036012724,
      2.5464542,
      2.4773517,
      0.99999994
    ],
    "trackingState" : "Normal"
  },
  {
    "timestamp" : 235580647725,
    "transform" : [
      0.0443236,
      -0.7916727,
      -0.60933566,
      0,
      -0.9983358,
      -0.012573124,
      -0.05628431,
      0,
      0.036897488,
      0.6108162,
      -0.79091233,
      0,
      -0.03559897,
      2.5468655,
      2.4819746,
      1
    ],
    "trackingState" : "Normal"
  },
  {
    "timestamp" : 235580664385,
    "transform" : [
      0.040968988,
      -0.7911202,
      -0.61028737,
      0,
      -0.99869865,
      -0.013853938,
      -0.049084324,
      0,
      0.0303767,
      0.611504,
      -0.7906581,
      0,
      -0.03520683,
      2.547271,
      2.486547,
      1
    ],
    "trackingState" : "Normal"
  },
  {
    "timestamp" : 235580681045,
    "transform" : [
      0.037819177,
      -0.79047275,
      -0.6113286,
      0,
      -0.9990225,
      -0.015896413,
      -0.04124874,
      0,
      0.022888053,
      0.6122909,
      -0.7903012,
      0,
      -0.034840252,
      2.5476363,
      2.4911058,
      0.99999994
    ],
    "trackingState" : "Normal"
  },
  {
    "timestamp" : 235580697706,
    "transform" : [
      0.034966078,
      -0.7896426,
      -0.61257017,
      0,
      -0.99927014,
      -0.01818752,
      -0.033594396,
      0,
      0.015386418,
      0.61329764,
      -0.7897022,
      0,
      -0.034525268,
      2.547954,
      2.4956617,
      1
    ],
    "trackingState" : "Normal"
  },
  {
    "timestamp" : 235580714366,
    "transform" : [
      0.032136664,
      -0.78877294,
      -0.6138443,
      0,
      -0.9994372,
      -0.019446442,
      -0.02733553,
      0,
      0.009624427,
      0.61437714,
      -0.7889539,
      0,
      -0.033682123,
      2.5481856,
      2.5001893,
      1
    ],
    "trackingState" : "Normal"
  },
  {
    "timestamp" : 235580731026,
    "transform" : [
      0.028920876,
      -0.78827035,
      -0.6146491,
      0,
      -0.999562,
      -0.018932704,
      -0.022751387,
      0,
      0.006297259,
      0.61503786,
      -0.7884726,
      0,
      -0.032957375,
      2.5484886,
      2.504643,
      1
    ],
    "trackingState" : "Normal"
  },
  {
    "timestamp" : 235580747687,
    "transform" : [
      0.025134142,
      -0.7883476,
      -0.61471653,
      0,
      -0.99967724,
      -0.017531697,
      -0.018390533,
      0,
      0.0037210952,
      0.6149803,
      -0.78853387,
      0,
      -0.032420028,
      2.5489113,
      2.5089922,
      0.99999994
    ],
    "trackingState" : "Normal"
  },
  {
    "timestamp" : 235580764347,
    "transform" : [
      0.021170298,
      -0.78850776,
      -0.6146604,
      0,
      -0.9997758,
      -0.016973684,
      -0.012660123,
      0,
      -0.00045046187,
      0.6147906,
      -0.7886904,
      0,
      -0.031936374,
      2.5494063,
      2.5132494,
      1
    ],
    "trackingState" : "Normal"
  },
  {
    "timestamp" : 235580781007,
    "transform" : [
      0.017808536,
      -0.78842837,
      -0.61486894,
      0,
      -0.9998191,
      -0.01816229,
      -0.005668944,
      0,
      -0.0066978834,
      0.61485857,
      -0.78860915,
      0,
      -0.03151712,
      2.549955,
      2.517431,
      1
    ],
    "trackingState" : "Normal"
  },
  {
    "timestamp" : 235580797668,
    "transform" : [
      0.015494757,
      -0.78832954,
      -0.61505824,
      0,
      -0.9997805,
      -0.020893134,
      0.0015922267,
      0,
      -0.014105708,
      0.6148985,
      -0.78848016,
      0,
      -0.031194106,
      2.5505695,
      2.5215278,
      1
    ],
    "trackingState" : "Normal"
  },
  {
    "timestamp" : 235580814328,
    "transform" : [
      0.014113308,
      -0.78835714,
      -0.61505616,
      0,
      -0.9996625,
      -0.024544204,
      0.008521245,
      0,
      -0.02181386,
      0.6147282,
      -0.78843755,
      0,
      -0.029732607,
      2.5514278,
      2.5278072,
      1
    ],
    "trackingState" : "Normal"
  },
  {
    "timestamp" : 235580830988,
    "transform" : [
      0.01341343,
      -0.7883221,
      -0.61511666,
      0,
      -0.9994867,
      -0.028470257,
      0.01469181,
      0,
      -0.029094422,
      0.6146038,
      -0.7882994,
      0,
      -0.029149925,
      2.552153,
      2.532549,
      1
    ],
    "trackingState" : "Normal"
  },
  {
    "timestamp" : 235580847649,
    "transform" : [
      0.012963179,
      -0.78777826,
      -0.6158226,
      0,
      -0.9992884,
      -0.032023486,
      0.01993016,
      0,
      -0.035421345,
      0.615126,
      -0.7876329,
      0,
      -0.02880257,
      2.5528092,
      2.53679,
      1
    ],
    "trackingState" : "Normal"
  },
  {
    "timestamp" : 235580864309,
    "transform" : [
      0.012533089,
      -0.7865836,
      -0.61735666,
      0,
      -0.9991109,
      -0.034707762,
      0.02393852,
      0,
      -0.040256727,
      0.61650765,
      -0.7863193,
      0,
      -0.028473075,
      2.553462,
      2.5408099,
      1
    ],
    "trackingState" : "Normal"
  },
  {
    "timestamp" : 235580880969,
    "transform" : [
      0.011948785,
      -0.7856242,
      -0.61858875,
      0,
      -0.9989272,
      -0.03705901,
      0.027770441,
      0,
      -0.04474143,
      0.61759317,
      -0.78522426,
      0,
      -0.02808955,
      2.55416,
      2.5446372,
      1
    ],
    "trackingState" : "Normal"
  },
  {
    "timestamp" : 235580897630,
    "transform" : [
      0.0107680615,
      -0.78546864,
      -0.618808,
      0,
      -0.9986776,
      -0.039559744,
      0.032835882,
      0,
      -0.050271455,
      0.61763597,
      -0.78485596,
      0,
      -0.027608847,
      2.5549004,
      2.5482376,
      0.99999994
    ],
    "trackingState" : "Normal"
  },
  {
    "timestamp" : 235580914290,
    "transform" : [
      0.008734715,
      -0.7861698,
      -0.61794883,
      0,
      -0.9983739,
      -0.0416687,
      0.038899913,
      0,
      -0.05633108,
      0.61660415,
      -0.78525543,
      0,
      -0.0270137,
      2.5556607,
      2.5516052,
      0.99999994
    ],
    "trackingState" : "Normal"
  },
  {
    "timestamp" : 235580930950,
    "transform" : [
      0.0057373308,
      -0.78754014,
      -0.6162368,
      0,
      -0.9981264,
      -0.04205074,
      0.044447295,
      0,
      -0.060917262,
      0.61482716,
      -0.78630584,
      0,
      -0.025734967,
      2.5569217,
      2.5553417,
      1
    ],
    "trackingState" : "Normal"
  },
  {
    "timestamp" : 235580947611,
    "transform" : [
      0.0021971306,
      -0.7890299,
      -0.6143509,
      0,
      -0.9979309,
      -0.041207746,
      0.049355425,
      0,
      -0.06425894,
      0.61297137,
      -0.7874878,
      0,
      -0.02471566,
      2.5578606,
      2.5585067,
      0.99999994
    ],
    "trackingState" : "Normal"
  },
  {
    "timestamp" : 235580964271,
    "transform" : [
      -0.0011494684,
      -0.79007375,
      -0.6130107,
      0,
      -0.9977248,
      -0.040415913,
      0.05396056,
      0,
      -0.067408234,
      0.61167794,
      -0.7882298,
      0,
      -0.023826985,
      2.5586836,
      2.5614247,
      0.9999999
    ],
    "trackingState" : "Normal"
  },
  {
    "timestamp" : 235580980931,
    "transform" : [
      -0.0034133124,
      -0.7910824,
      -0.61170024,
      0,
      -0.99751043,
      -0.040393062,
      0.05780453,
      0,
      -0.07043661,
      0.6103746,
      -0.7889752,
      0,
      -0.023079477,
      2.5595117,
      2.56417,
      1
    ],
    "trackingState" : "Normal"
  },
  {
    "timestamp" : 235580997592,
    "transform" : [
      -0.004555722,
      -0.792215,
      -0.6102251,
      0,
      -0.9972575,
      -0.04147875,
      0.061294287,
      0,
      -0.073869646,
      0.60883075,
      -0.78985345,
      0,
      -0.02241048,
      2.5603595,
      2.5667694,
      0.9999999
    ],
    "trackingState" : "Normal"
  },
  {
    "timestamp" : 235581014252,
    "transform" : [
      -0.005308491,
      -0.79298687,
      -0.6092157,
      0,
      -0.9968703,
      -0.04385787,
      0.06577406,
      0,
      -0.07887688,
      0.6076581,
      -0.7902723,
      0,
      -0.021472635,
      2.5613725,
      2.5705385,
      1
    ],
    "trackingState" : "Normal"
  },
  {
    "timestamp" : 235581030912,
    "transform" : [
      -0.0056248223,
      -0.79320663,
      -0.6089268,
      0,
      -0.9963226,
      -0.04761783,
      0.07123173,
      0,
      -0.08549726,
      0.607088,
      -0.79002184,
      0,
      -0.02067625,
      2.5621483,
      2.5734794,
      1
    ],
    "trackingState" : "Normal"
  },
  {
    "timestamp" : 235581047573,
    "transform" : [
      -0.005746424,
      -0.7931047,
      -0.60905826,
      0,
      -0.99575,
      -0.05144673,
      0.07638784,
      0,
      -0.09191763,
      0.6069086,
      -0.7894385,
      0,
      -0.019890558,
      2.5628152,
      2.5761616,
      1
    ],
    "trackingState" : "Normal"
  },
  {
    "timestamp" : 235581064233,
    "transform" : [
      -0.006121017,
      -0.79328084,
      -0.6088253,
      0,
      -0.99531496,
      -0.053916108,
      0.08025774,
      0,
      -0.09649243,
      0.6064641,
      -0.78923434,
      0,
      -0.019037725,
      2.5634623,
      2.5787323,
      1
    ],
    "trackingState" : "Normal"
  },
  {
    "timestamp" : 235581080893,
    "transform" : [
      -0.0071082707,
      -0.7940749,
      -0.6077786,
      0,
      -0.9950237,
      -0.05479063,
      0.08322234,
      0,
      -0.09938534,
      0.6053456,
      -0.7897338,
      0,
      -0.01805164,
      2.5641296,
      2.581231,
      0.99999994
    ],
    "trackingState" : "Normal"
  },
  {
    "timestamp" : 235581097554,
    "transform" : [
      -0.008636405,
      -0.79511255,
      -0.6064005,
      0,
      -0.9947072,
      -0.055260412,
      0.086624175,
      0,
      -0.10238592,
      0.603939,
      -0.7904271,
      0,
      -0.016902512,
      2.564777,
      2.5837011,
      0.99999994
    ],
    "trackingState" : "Normal"
  },
  {
    "timestamp" : 235581114214,
    "transform" : [
      -0.010697221,
      -0.79579383,
      -0.60547316,
      0,
      -0.9941767,
      -0.056467835,
      0.091782235,
      0,
      -0.10722952,
      0.60292906,
      -0.7905557,
      0,
      -0.015155563,
      2.564854,
      2.5860918,
      1
    ],
    "trackingState" : "Normal"
  },
  {
    "timestamp" : 235581130874,
    "transform" : [
      -0.012987258,
      -0.7961203,
      -0.6049992,
      0,
      -0.9934292,
      -0.058532722,
      0.0983489,
      0,
      -0.11370982,
      0.60230106,
      -0.790129,
      0,
      -0.013575802,
      2.5651786,
      2.588573,
      1
    ],
    "trackingState" : "Normal"
  },
  {
    "timestamp" : 235581147535,
    "transform" : [
      -0.015146422,
      -0.7965938,
      -0.60432535,
      0,
      -0.9925722,
      -0.060986966,
      0.105267376,
      0,
      -0.12071131,
      0.60143083,
      -0.7897531,
      0,
      -0.012020234,
      2.5655487,
      2.591085,
      1
    ],
    "trackingState" : "Normal"
  },
  {
    "timestamp" : 235581164195,
    "transform" : [
      -0.017061332,
      -0.7971112,
      -0.60359156,
      0,
      -0.99171376,
      -0.063386165,
      0.11174076,
      0,
      -0.12732917,
      0.6004965,
      -0.78942484,
      0,
      -0.010463618,
      2.565876,
      2.5936282,
      1
    ],
    "trackingState" : "Normal"
  },
  {
    "timestamp" : 235581180856,
    "transform" : [
      -0.018469252,
      -0.7970017,
      -0.6036948,
      0,
      -0.9908327,
      -0.06622811,
      0.11774801,
      0,
      -0.13382693,
      0.6003351,
      -0.7884722,
      0,
      -0.008921657,
      2.5660877,
      2.5962453,
      1
    ],
    "trackingState" : "Normal"
  },
  {
    "timestamp" : 235581197516,
    "transform" : [
      -0.019706817,
      -0.79568166,
