[
  {
    "timestamp" : 235595991898,
    "transform" : [
      0.11720338,
      -0.94991195,
      -0.28970793,
      0,
      -0.99309283,
      -0.113716766,
      -0.028901167,
      0,
      -0.005491101,
      0.29109418,
      -0.9566788,
      0,
      0.19349778,
      2.6668198,
      5.0383797,
      0.99999994
    ],
    "trackingState" : "Normal"
  },
  {
    "timestamp" : 235596008559,
    "transform" : [
      0.12075766,
      -0.9518097,
      -0.28191474,
      0,
      -0.9926722,
      -0.11705306,
      -0.030010896,
      0,
      -0.004434331,
      0.2834729,
      -0.9589701,
      0,
      0.1921297,
      2.6694727,
      5.042354,
      1
    ],
    "trackingState" : "Normal"
  },
  {
    "timestamp" : 235596025219,
    "transform" : [
      0.12284355,
      -0.95418924,
      -0.27282318,
      0,
      -0.9924261,
      -0.11815446,
      -0.033616755,
      0,
      -0.00015854447,
      0.27488637,
      -0.9614768,
      0,
      0.19056717,
      2.672508,
      5.046814,
      0.99999994
    ],
    "trackingState" : "Normal"
  },
  {
    "timestamp" : 235596041879,
    "transform" : [
      0.12434665,
      -0.9566473,
      -0.2633701,
      0,
      -0.99222153,
      -0.118318975,
      -0.038690366,
      0,
      0.0058513274,
      0.26613253,
      -0.96391875,
      0,
      0.18915306,
      2.6752374,
      5.050798,
      1
    ],
    "trackingState" : "Normal"
  },
  {
    "timestamp" : 235596058540,
    "transform" : [
      0.12624098,
      -0.9587714,
      -0.25459906,
      0,
      -0.99194247,
      -0.119249605,
      -0.04277576,
      0,
      0.01065133,
      0.25794762,
      -0.9661004,
      0,
      0.18771139,
      2.677807,
      5.054673,
      1
    ],
    "trackingState" : "Normal"
  },
  {
    "timestamp" : 235596075200,
    "transform" : [
      0.12886976,
      -0.9604997,
      -0.24664351,
      0,
      -0.991577,
      -0.12156194,
      -0.044696372,
      0,
      0.012948375,
      0.250326,
      -0.96807516,
      0,
      0.18620537,
      2.6802769,
      5.058562,
      1
    ],
    "trackingState" : "Normal"
  },
  {
    "timestamp" : 235596091860,
    "transform" : [
      0.13139735,
      -0.9620285,
      -0.23924015,
      0,
      -0.9912359,
      -0.12418143,
      -0.04505801,
      0,
      0.01363789,
      0.24306391,
      -0.9699145,
      0,
      0.18469551,
      2.6826956,
      5.0624833,
      0.99999994
    ],
    "trackingState" : "Normal"
  },
  {
    "timestamp" : 235596108521,
    "transform" : [
      0.13290668,
      -0.963739,
      -0.23139343,
      0,
      -0.99101824,
      -0.12573674,
      -0.045530796,
      0,
      0.014785131,
      0.23536646,
      -0.9717943,
      0,
      0.18323123,
      2.685101,
      5.066397,
      0.9999999
    ],
    "trackingState" : "Normal"
  },
  {
    "timestamp" : 235596125181,
    "transform" : [
      0.13359852,
      -0.96575254,
      -0.22242656,
      0,
      -0.9908686,
      -0.12604892,
      -0.04786531,
      0,
      0.0181894,
      0.22679023,
      -0.9737739,
      0,
      0.18171367,
      2.6877394,
      5.071162,
      0.99999994
    ],
    "trackingState" : "Normal"
  },
  {
    "timestamp" : 235596141841,
    "transform" : [
      0.13426575,
      -0.96785706,
      -0.21266288,
      0,
      -0.9906637,
      -0.12598276,
      -0.05209589,
      0,
      0.023629513,
      0.21767206,
      -0.97573596,
      0,
      0.18013012,
      2.6902075,
      5.0753303,
      0.99999994
    ],
    "trackingState" : "Normal"
  },
  {
    "timestamp" : 235596158502,
    "transform" : [
      0.13584465,
      -0.9696969,
      -0.20306183,
      0,
      -0.9902739,
      -0.12668025,
      -0.057529114,
      0,
      0.030061854,
      0.20890188,
      -0.97747445,
      0,
      0.17843519,
      2.6925561,
      5.079392,
      0.9999999
    ],
    "trackingState" : "Normal"
  },
  {
    "timestamp" : 235596175162,
    "transform" : [
      0.13793431,
      -0.9710243,
      -0.19515648,
      0,
      -0.9897731,
      -0.1279014,
      -0.06317133,
      0,
      0.036380105,
      0.2018741,
      -0.9787357,
      0,
      0.1766965,
      2.6948006,
      5.083542,
      0.99999994
    ],
    "trackingState" : "Normal"
  },
  {
    "timestamp" : 235596191822,
    "transform" : [
      0.14001833,
      -0.9720287,
      -0.18856089,
      0,
      -0.98927116,
      -0.12931687,
      -0.06796947,
      0,
      0.041684162,
      0.19605482,
      -0.9797067,
      0,
      0.17500345,
      2.6969495,
      5.087777,
      1
    ],
    "trackingState" : "Normal"
  },
  {
    "timestamp" : 235596208483,
    "transform" : [
      0.14176343,
      -0.9730446,
      -0.18189974,
      0,
      -0.98888665,
      -0.13089171,
      -0.070503026,
      0,
      0.04479341,
      0.18987297,
      -0.9807865,
      0,
      0.1730449,
      2.6985397,
      5.0917506,
      1
    ],
    "trackingState" : "Normal"
  },
  {
    "timestamp" : 235596225143,
    "transform" : [
      0.14248016,
      -0.97438765,
      -0.17397721,
      0,
      -0.9887372,
      -0.13197778,
      -0.070571996,
      0,
      0.04580334,
      0.18207288,
      -0.9822177,
      0,
      0.171383,
      2.7003803,
      5.095901,
      0.9999999
    ],
    "trackingState" : "Normal"
  },
  {
    "timestamp" : 235596241803,
    "transform" : [
      0.14186539,
      -0.9762377,
      -0.16381103,
      0,
      -0.98872524,
      -0.13173407,
      -0.07119242,
      0,
      0.047921214,
      0.17206386,
      -0.98391956,
      0,
      0.16986264,
      2.7023182,
      5.1000834,
      0.99999994
    ],
    "trackingState" : "Normal"
  },
  {
    "timestamp" : 235596258464,
    "transform" : [
      0.1400649,
      -0.9784579,
      -0.15166359,
      0,
      -0.9886808,
      -0.12988815,
      -0.07509618,
      0,
      0.053779136,
      0.1604652,
      -0.98557526,
      0,
      0.16845177,
      2.704347,
      5.104279,
      0.9999999
    ],
    "trackingState" : "Normal"
  },
  {
    "timestamp" : 235596275124,
    "transform" : [
      0.13738489,
      -0.98065585,
      -0.13942528,
      0,
      -0.9885454,
      -0.12686768,
      -0.08174733,
      0,
      0.06247743,
      0.14905906,
      -0.9868526,
      0,
      0.1671719,
      2.7064466,
      5.108577,
      0.9999999
    ],
    "trackingState" : "Normal"
  },
  {
    "timestamp" : 235596291784,
    "transform" : [
      0.13449351,
      -0.98244065,
      -0.12931275,
      0,
      -0.9883652,
      -0.123645484,
      -0.088578396,
      0,
      0.07103407,
      0.13972144,
      -0.9876397,
      0,
      0.16602378,
      2.7085586,
      5.1130896,
      0.99999994
    ],
    "trackingState" : "Normal"
  },
  {
    "timestamp" : 235596308445,
    "transform" : [
      0.13194413,
      -0.9837218,
      -0.12199245,
      0,
      -0.98820764,
      -0.120892264,
      -0.093971774,
      0,
      0.07769414,
      0.13295288,
      -0.98807245,
      0,
      0.1649982,
      2.710661,
      5.117849,
      0.9999999
    ],
    "trackingState" : "Normal"
  },
  {
    "timestamp" : 235596325105,
    "transform" : [
      0.1295059,
      -0.9846846,
      -0.116724156,
      0,
      -0.9880748,
      -0.11826369,
      -0.0986006,
      0,
      0.08328625,
      0.12810154,
      -0.9882579,
      0,
      0.16326308,
      2.7129056,
      5.122627,
      1
    ],
    "trackingState" : "Normal"
  },
  {
    "timestamp" : 235596341765,
    "transform" : [
      0.12645364,
      -0.9857772,
      -0.11069286,
      0,
      -0.9879119,
      -0.11506295,
      -0.103878625,
      0,
      0.08966452,
      0.1224906,
      -0.9884112,
      0,
      0.16215764,
      2.7151358,
      5.1274977,
      1
    ],
    "trackingState" : "Normal"
  },
  {
    "timestamp" : 235596358426,
    "transform" : [
      0.122138985,
      -0.9872471,
      -0.10210401,
      0,
      -0.9877487,
      -0.11083991,
      -0.10985094,
      0,
      0.09713282,
      0.11427016,
      -0.98868996,
      0,
      0.1613161,
      2.7173924,
      5.1322904,
      1
    ],
    "trackingState" : "Normal"
  },
  {
    "timestamp" : 235596375086,
    "transform" : [
      0.11688541,
      -0.98885065,
      -0.09226079,
      0,
      -0.9876267,
      -0.10595355,
      -0.115616895,
      0,
      0.10455248,
      0.104633145,
      -0.9889998,
      0,
      0.16060127,
      2.7196221,
      5.137069,
      0.9999998
    ],
    "trackingState" : "Normal"
  },
  {
    "timestamp" : 235596391746,
    "transform" : [
      0.11182678,
      -0.9902562,
      -0.08299133,
      0,
      -0.98748374,
      -0.10138832,
      -0.12081607,
      0,
      0.11122449,
      0.095463045,
      -0.9891998,
      0,
      0.15990959,
      2.7217946,
      5.1419287,
      1
    ],
    "trackingState" : "Normal"
  },
  {
    "timestamp" : 235596408407,
    "transform" : [
      0.10834289,
      -0.991278,
      -0.07503241,
      0,
      -0.98725116,
      -0.098434865,
      -0.1250836,
      0,
      0.11660681,
      0.08762774,
      -0.98930514,
      0,
      0.15851094,
      2.723926,
      5.146869,
      1
    ],
    "trackingState" : "Normal"
  },
  {
    "timestamp" : 235596425067,
    "transform" : [
      0.10571137,
      -0.9920793,
      -0.067850776,
      0,
      -0.986786,
      -0.096231885,
      -0.13035709,
      0,
      0.12279516,
      0.08073442,
      -0.98914284,
      0,
      0.15746072,
      2.7260938,
      5.151909,
      0.99999994
    ],
    "trackingState" : "Normal"
  },
  {
    "timestamp" : 235596441727,
    "transform" : [
      0.10328752,
      -0.9928748,
      -0.059425786,
      0,
      -0.9858131,
      -0.094239764,
      -0.13889393,
      0,
      0.132304,
      0.07292871,
      -0.9885228,
      0,
      0.15652226,
      2.7283561,
      5.1568546,
      1
    ],
    "trackingState" : "Normal"
  },
  {
    "timestamp" : 235596458388,
    "transform" : [
      0.10075638,
      -0.9936749,
      -0.049584452,
      0,
      -0.98457175,
      -0.09241895,
      -0.14858444,
      0,
      0.14306208,
      0.06379027,
      -0.98765594,
      0,
      0.15563613,
      2.7306857,
      5.161707,
      0.99999994
    ],
    "trackingState" : "Normal"
  },
  {
    "timestamp" : 235596475048,
    "transform" : [
      0.097743705,
      -0.9943973,
      -0.040252447,
      0,
      -0.9834308,
      -0.0903027,
      -0.15719257,
      0,
      0.15267694,
      0.05495007,
      -0.9867475,
      0,
      0.15480053,
      2.7330275,
      5.166597,
      1
    ],
    "trackingState" : "Normal"
  },
  {
    "timestamp" : 235596491708,
    "transform" : [
      0.09436124,
      -0.9950198,
      -0.032116883,
      0,
      -0.98236525,
      -0.087833494,
      -0.16505706,
      0,
      0.1614141,
      0.047125492,
      -0.98576105,
      0,
      0.15403903,
      2.7353396,
      5.17157,
      0.99999994
    ],
    "trackingState" : "Normal"
  },
  {
    "timestamp" : 235596508369,
    "transform" : [
      0.09078927,
      -0.995552,
      -0.025170421,
      0,
      -0.98122907,
      -0.0851079,
      -0.17304975,
      0,
      0.17013781,
      0.040409006,
      -0.98459154,
      0,
      0.1525612,
      2.7376764,
      5.1769767,
      0.99999994
    ],
    "trackingState" : "Normal"
  },
  {
    "timestamp" : 235596525029,
    "transform" : [
      0.08681635,
      -0.9960466,
      -0.018817471,
      0,
      -0.9800193,
      -0.08199585,
      -0.18121491,
      0,
      0.17895554,
      0.034173902,
      -0.9832636,
      0,
      0.15161183,
      2.7398765,
      5.182193,
      0.99999994
    ],
    "trackingState" : "Normal"
  },
  {
    "timestamp" : 235596541689,
    "transform" : [
      0.08296578,
      -0.99647236,
      -0.012633687,
      0,
      -0.9786657,
      -0.07907897,
      -0.18963134,
      0,
      0.18796332,
      0.028097061,
      -0.9817743,
      0,
      0.15079542,
      2.7419646,
      5.187343,
      0.99999994
    ],
    "trackingState" : "Normal"
  },
  {
    "timestamp" : 235596558350,
    "transform" : [
      0.079114094,
      -0.9968417,
      -0.0069105644,
      0,
      -0.97701466,
      -0.07616024,
      -0.19910342,
      0,
      0.19794826,
      0.022503607,
      -0.9799543,
      0,
      0.14998871,
      2.743963,
      5.192468,
      1
    ],
    "trackingState" : "Normal"
  },
  {
    "timestamp" : 235596575010,
    "transform" : [
      0.07549605,
      -0.9971448,
      -0.001623268,
      0,
      -0.9751049,
      -0.07348677,
      -0.20921342,
      0,
      0.2084968,
      0.017377641,
      -0.97786885,
      0,
      0.14915,
      2.7458684,
      5.197604,
      1
    ],
    "trackingState" : "Normal"
  },
  {
    "timestamp" : 235596591670,
    "transform" : [
      0.07256611,
      -0.99736005,
      0.0026767473,
      0,
      -0.97300875,
      -0.07138332,
      -0.21945049,
      0,
      0.21906221,
      0.013320169,
      -0.97562003,
      0,
      0.14825869,
      2.7476373,
      5.2028008,
      0.99999994
    ],
    "trackingState" : "Normal"
  },
  {
    "timestamp" : 235596608331,
    "transform" : [
      0.070820384,
      -0.9974715,
      0.0059324657,
      0,
      -0.9705375,
      -0.0702788,
      -0.23047373,
      0,
      0.23030789,
      0.010564555,
      -0.9730606,
      0,
      0.1467203,
      2.7488053,
      5.206773,
      1
    ],
    "trackingState" : "Normal"
  },
  {
    "timestamp" : 235596624991,
    "transform" : [
      0.07062119,
      -0.9974636,
      0.008901705,
      0,
      -0.96737474,
      -0.07066213,
      -0.24329652,
      0,
      0.24330842,
      0.008570609,
      -0.9699113,
      0,
      0.14532934,
      2.7501678,
      5.21145,
      1
    ],
    "trackingState" : "Normal"
  },
  {
    "timestamp" : 235596641651,
    "transform" : [
      0.07194263,
      -0.99732876,
      0.012639759,
      0,
      -0.9640115,
      -0.07277997,
      -0.25570488,
      0,
      0.25594172,
      0.006211204,
      -0.9666724,
      0,
      0.1438523,
      2.7515059,
      5.216249,
      1
    ],
    "trackingState" : "Normal"
  },
  {
    "timestamp" : 235596658312,
    "transform" : [
      0.074185565,
      -0.9971132,
      0.016179066,
      0,
      -0.96121365,
      -0.075817384,
      -0.2651797,
      0,
      0.26564083,
      0.004120964,
      -0.9640635,
      0,
      0.14225803,
      2.7527418,
      5.221101,
      1
    ],
    "trackingState" : "Normal"
  },
  {
    "timestamp" : 235596674972,
    "transform" : [
      0.076724276,
      -0.9968778,
      0.01865692,
      0,
      -0.95887303,
      -0.07890195,
      -0.2726481,
      0,
      0.2732689,
      0.0030291101,
      -0.961933,
      0,
      0.14057891,
      2.753866,
      5.226021,
      0.99999994
    ],
    "trackingState" : "Normal"
  },
  {
    "timestamp" : 235596691632,
    "transform" : [
      0.07919182,
      -0.9966618,
      0.01985106,
      0,
      -0.95630217,
      -0.08157719,
      -0.28076965,
      0,
      0.28145176,
      0.00325105,
      -0.95957005,
      0,
      0.13885312,
      2.7548838,
      5.2309933,
      0.99999994
    ],
    "trackingState" : "Normal"
  },
  {
    "timestamp" : 235596708293,
    "transform" : [
      0.08125766,
      -0.99648976,
      0.02013108,
      0,
      -0.95318335,
      -0.08359713,
      -0.2906081,
      0,
      0.29127094,
      0.004425526,
      -0.9566304,
      0,
      0.13643934,
      2.7559803,
      5.2365704,
      0.9999999
    ],
    "trackingState" : "Normal"
  },
  {
    "timestamp" : 235596724953,
    "transform" : [
      0.08208501,
      -0.9964418,
      0.019129217,
      0,
      -0.949212,
      -0.084015235,
      -0.30321303,
      0,
      0.30374128,
      0.0067315632,
      -0.95273095,
      0,
      0.13453169,
      2.7568262,
      5.2417464,
      1
    ],
    "trackingState" : "Normal"
  },
  {
    "timestamp" : 235596741613,
    "transform" : [
      0.081523895,
      -0.99652696,
      0.016971903,
      0,
      -0.9441553,
      -0.08267172,
      -0.31896147,
      0,
      0.3192568,
      0.009978872,
      -0.94761586,
      0,
      0.13287209,
      2.757583,
      5.246652,
      1
    ],
    "trackingState" : "Normal"
  },
  {
    "timestamp" : 235596758274,
    "transform" : [
      0.079822384,
      -0.9966827,
      0.015875818,
      0,
      -0.93868834,
      -0.08051754,
      -0.33523294,
      0,
      0.33539918,
      0.011856649,
      -0.94200164,
      0,
      0.13132349,
      2.7583034,
      5.251214,
      0.99999994
    ],
    "trackingState" : "Normal"
  },
  {
    "timestamp" : 235596774934,
    "transform" : [
      0.07688529,
      -0.9968858,
      0.017527735,
      0,
      -0.9337955,
      -0.07815862,
      -0.3491663,
      0,
      0.34944892,
      0.01047843,
      -0.93689686,
      0,
      0.12983927,
      2.7589731,
      5.255381,
      0.99999994
    ],
    "trackingState" : "Normal"
  },
  {
    "timestamp" : 235596791594,
    "transform" : [
      0.07293868,
      -0.9971075,
      0.02137016,
      0,
      -0.9304729,
      -0.07574658,
      -0.35844496,
      0,
      0.35902688,
      0.006260151,
      -0.93330634,
      0,
      0.12835626,
      2.7595417,
      5.259258,
      0.99999994
    ],
    "trackingState" : "Normal"
  },
  {
    "timestamp" : 235596808255,
    "transform" : [
      0.069339484,
      -0.99726635,
      0.025534393,
      0,
      -0.92859423,
      -0.07387626,
      -0.36366922,
      0,
      0.36456147,
      0.0015055449,
      -0.93117833,
      0,
      0.12677263,
      2.759989,
      5.263009,
      1
    ],
    "trackingState" : "Normal"
  },
  {
    "timestamp" : 235596824915,
    "transform" : [
      0.06695268,
      -0.9973517,
      0.028408092,
      0,
      -0.9268647,
      -0.072710946,
      -0.36828658,
      0,
      0.36937687,
      -0.0016726821,
      -0.9292784,
      0,
      0.12465961,
      2.7610672,
      5.2672296,
      1
    ],
    "trackingState" : "Normal"
  },
  {
    "timestamp" : 235596841575,
    "transform" : [
      0.0655198,
      -0.9974095,
      0.029685374,
      0,
      -0.92409384,
      -0.0718749,
      -0.37534568,
      0,
      0.376507,
      -0.0028395038,
      -0.92640936,
      0,
      0.12262631,
      2.7616556,
      5.2711535,
      0.9999999
    ],
    "trackingState" : "Normal"
  },
  {
    "timestamp" : 235596858236,
    "transform" : [
      0.064112134,
      -0.9975127,
      0.02929443,
      0,
      -0.9189499,
      -0.07045818,
      -0.38802955,
      0,
      0.38912842,
      -0.002042712,
      -0.9211813,
      0,
      0.12068053,
      2.7620804,
      5.274835,
      0.99999994
    ],
    "trackingState" : "Normal"
  },
  {
    "timestamp" : 235596874896,
    "transform" : [
      0.06117604,
      -0.99768645,
      0.029651063,
      0,
      -0.91306585,
      -0.06793801,
      -0.40211332,
      0,
      0.4031975,
      -0.002473673,
      -0.9151097,
      0,
      0.11875992,
      2.7624373,
      5.278366,
      0.9999999
    ],
    "trackingState" : "Normal"
  },
  {
    "timestamp" : 235596891556,
    "transform" : [
      0.05757534,
      -0.99785197,
      0.031252723,
      0,
      -0.9074776,
      -0.06535814,
      -0.41498536,
      0,
      0.41613656,
      -0.0044682273,
      -0.9092913,
      0,
      0.1168063,
      2.7627106,
      5.281725,
      1
    ],
    "trackingState" : "Normal"
  },
  {
    "timestamp" : 235596908217,
    "transform" : [
      0.05512424,
      -0.9979374,
      0.03289895,
      0,
      -0.9032125,
      -0.063883394,
      -0.42441285,
      0,
      0.42563918,
      -0.0063193114,
      -0.9048711,
      0,
      0.114763096,
      2.762584,
      5.2839055,
      1
    ],
    "trackingState" : "Normal"
  },
  {
    "timestamp" : 235596924877,
    "transform" : [
      0.05538389,
      -0.9979304,
      0.032674197,
      0,
      -0.9003375,
      -0.064061426,
      -0.4304516,
      0,
      0.43165392,
      -0.0055777193,
      -0.9020222,
      0,
      0.11245103,
      2.7625706,
      5.286926,
      1
    ],
    "trackingState" : "Normal"
  },
  {
    "timestamp" : 235596941537,
    "transform" : [
      0.057618245,
      -0.9978779,
      0.030329268,
      0,
      -0.8974016,
      -0.06508015,
      -0.4363888,
      0,
      0.4374366,
      -0.0020735771,
      -0.899247,
      0,
      0.10996985,
      2.7625756,
      5.2902246,
      0.99999994
    ],
    "trackingState" : "Normal"
  },
  {
    "timestamp" : 235596958198,
    "transform" : [
      0.059652265,
      -0.9978279,
      0.02794689,
      0,
      -0.89334154,
      -0.06585602,
      -0.44452646,
      0,
      0.44540143,
      0.0015508916,
      -0.89532965,
      0,
      0.10749859,
      2.7626069,
      5.293532,
      0.9999999
    ],
    "trackingState" : "Normal"
  },
  {
    "timestamp" : 235596974858,
    "transform" : [
      0.05974135,
      -0.9978606,
      0.026556965,
      0,
      -0.88835615,
      -0.065281145,
      -0.45449093,
      0,
      0.45525223,
      0.003559859,
      -0.89035547,
      0,
      0.10517077,
      2.762655,
      5.296772,
      1
    ],
    "trackingState" : "Normal"
  },
  {
    "timestamp" : 235596991518,
    "transform" : [
      0.057641033,
      -0.99801403,
      0.025410756,
      0,
      -0.8832035,
      -0.06284349,
      -0.46476057,
      0,
      0.46543446,
      0.0043464107,
      -0.8850719,
      0,
      0.10299894,
      2.7627127,
      5.2999887,
      1
    ],
    "trackingState" : "Normal"
  },
  {
    "timestamp" : 235597008179,
    "transform" : [
      0.054660395,
      -0.9982196,
      0.023872815,
      0,
      -0.87808394,
      -0.05943706,
      -0.47480094,
      0,
      0.47537455,
      0.0049904706,
      -0.8797695,
      0,
      0.10103433,
      2.7630792,
      5.3027706,
      1
    ],
    "trackingState" : "Normal"
  },
  {
    "timestamp" : 235597024839,
    "transform" : [
      0.051661514,
      -0.9984159,
      0.02228732,
      0,
      -0.87313217,
      -0.05598882,
      -0.48425752,
      0,
      0.48473826,
      0.0055576977,
      -0.8746416,
      0,
      0.09896793,
      2.7632937,
      5.3057675,
      0.99999994
    ],
    "trackingState" : "Normal"
  },
  {
    "timestamp" : 235597041499,
    "transform" : [
      0.048481125,
      -0.9985794,
      0.022110587,
      0,
      -0.86864305,
      -0.05307958,
      -0.492587,
      0,
      0.4930608,
      0.004674964,
      -0.8699823,
      0,
      0.09681233,
      2.763462,
      5.3087077,
      0.99999994
    ],
    "trackingState" : "Normal"
  },
  {
    "timestamp" : 235597058160,
    "transform" : [
      0.04474772,
      -0.9987313,
      0.023096763,
      0,
      -0.8646515,
      -0.05029986,
      -0.49984792,
      0,
      0.50037557,
      0.0023964094,
      -0.8658053,
      0,
      0.09460713,
      2.7635922,
      5.311571,
      1
    ],
    "trackingState" : "Normal"
  },
  {
    "timestamp" : 235597074820,
    "transform" : [
      0.041176714,
      -0.99886405,
      0.023981865,
      0,
      -0.8610391,
      -0.047650937,
      -0.50630146,
      0,
      0.50686914,
      0.00019851331,
      -0.8620231,
      0,
      0.09234654,
      2.7636678,
      5.314436,
      0.99999994
    ],
    "trackingState" : "Normal"
  },
  {
    "timestamp" : 235597091480,
    "transform" : [
      0.03790078,
      -0.9989957,
      0.023897663,
      0,
      -0.8573954,
      -0.04479339,
      -0.5127052,
      0,
      0.51326084,
      -0.0010578124,
      -0.8582322,
      0,
      0.09000401,
      2.7636964,
      5.3173437,
      1
    ],
    "trackingState" : "Normal"
  },
  {
    "timestamp" : 235597108141,
    "transform" : [
      0.03420169,
      -0.99913394,
      0.023699638,
      0,
      -0.8530571,
      -0.041539602,
      -0.52016157,
      0,
      0.52069557,
      -0.0024267389,
      -0.8537391,
      0,
      0.08783768,
      2.7634454,
      5.318907,
      1
    ],
    "trackingState" : "Normal"
  },
  {
    "timestamp" : 235597124801,
    "transform" : [
      0.028840745,
      -0.9993072,
      0.0235243,
      0,
      -0.84755105,
      -0.036923997,
      -0.529428,
      0,
      0.5299298,
      -0.0046689487,
      -0.8480288,
      0,
      0.08549865,
      2.7632701,
      5.3213687,
      0.99999994
    ],
    "trackingState" : "Normal"
  },
  {
    "timestamp" : 235597141461,
    "transform" : [
      0.022102294,
      -0.9994853,
      0.023250625,
      0,
      -0.8414599,
      -0.03115609,
      -0.53942055,
      0,
      0.53986734,
      -0.007642036,
      -0.84171546,
      0,
      0.08310732,
      2.763047,
      5.3241544,
      0.9999998
    ],
    "trackingState" : "Normal"
  },
  {
    "timestamp" : 235597158122,
    "transform" : [
      0.015845414,
      -0.99962884,
      0.022164136,
      0,
      -0.836007,
      -0.025405142,
      -0.5481305,
      0,
      0.5484901,
      -0.009844015,
      -0.83609927,
      0,
      0.08058554,
      2.7627277,
      5.3271737,
      1
    ],
    "trackingState" : "Normal"
  },
  {
    "timestamp" : 235597174782,
    "transform" : [
      0.012346713,
      -0.9997383,
      0.019257654,
      0,
      -0.8318758,
      -0.020956052,
      -0.554566,
      0,
      0.5548245,
      -0.009172908,
      -0.8319169,
      0,
      0.07779197,
      2.7623203,
      5.3304276,
      0.9999999
    ],
    "trackingState" : "Normal"
  },
  {
    "timestamp" : 235597191442,
    "transform" : [
      0.012249663,
      -0.9998116,
      0.015054406,
      0,
      -0.828393,
      -0.018579075,
      -0.55983907,
      0,
      0.5600133,
      -0.0056131254,
      -0.82846457,
      0,
      0.07467559,
      2.7618544,
      5.333825,
      0.9999999
    ],
    "trackingState" : "Normal"
  },
  {
    "timestamp" : 235597208103,
    "transform" : [
      0.013731941,
      -0.9998378,
      0.011653661,
      0,
      -0.8244284,
      -0.017916178,
      -0.5656828,
      0,
      0.5657999,
      -0.0018396849,
      -0.8245407,
      0,
      0.0718354,
      2.761241,
      5.336398,
      1
    ],
    "trackingState" : "Normal"
  },
  {
    "timestamp" : 235597224763,
    "transform" : [
      0.014878867,
      -0.9998403,
      0.009905794,
      0,
      -0.81929934,
      -0.017869985,
      -0.5730877,
      0,
      0.57317317,
      0.00041108628,
      -0.8194343,
      0,
      0.06861864,
      2.7606595,
      5.339476,
      1
    ],
    "trackingState" : "Normal"
  },
  {
    "timestamp" : 235597241423,
    "transform" : [
      0.015130547,
      -0.99984884,
      0.008568771,
      0,
      -0.81355655,
      -0.01729258,
      -0.5812286,
      0,
      0.58128893,
      0.0018231274,
      -0.8136953,
      0,
      0.06530823,
      2.760049,
      5.342799,
      0.99999994
    ],
    "trackingState" : "Normal"
  },
  {
    "timestamp" : 235597258084,
    "transform" : [
      0.015371242,
      -0.9998596,
      0.006686657,
      0,
      -0.8084819,
      -0.016363382,
      -0.58829373,
      0,
      0.58832055,
      0.0036367648,
      -0.80861986,
      0,
      0.06192669,
      2.7593734,
      5.346356,
      1
    ],
    "trackingState" : "Normal"
  },
  {
    "timestamp" : 235597274744,
    "transform" : [
      0.016519843,
      -0.99985486,
      0.0041701817,
      0,
      -0.8046703,
      -0.015770368,
      -0.5935126,
      0,
      0.59349227,
      0.0064491127,
      -0.804814,
      0,
      0.058431763,
      2.7585971,
      5.3501344,
      1
    ],
    "trackingState" : "Normal"
  },
  {
    "timestamp" : 235597291404,
    "transform" : [
      0.018544417,
      -0.9998272,
      0.0012447317,
      0,
      -0.8017958,
      -0.015615129,
      -0.5973939,
      0,
      0.5973102,
      0.010080301,
      -0.801947,
      0,
      0.054812264,
      2.7577007,
      5.354119,
      0.9999998
    ],
    "trackingState" : "Normal"
  },
  {
    "timestamp" : 235597308065,
    "transform" : [
      0.020570274,
      -0.99978745,
      -0.0013464756,
      0,
      -0.79838353,
      -0.015615778,
      -0.6019467,
      0,
      0.6017978,
      0.013457212,
      -0.79853517,
      0,
      0.05147147,
      2.7565882,
      5.3578415,
      0.99999994
    ],
    "trackingState" : "Normal"
  },
  {
    "timestamp" : 235597324725,
    "transform" : [
      0.022305746,
      -0.9997462,
      -0.003175036,
      0,
      -0.79363185,
      -0.015775515,
      -0.6081939,
      0,
      0.60798943,
      0.016086027,
      -0.7937823,
      0,
      0.047841396,
      2.7554636,
      5.361915,
      1
    ],
    "trackingState" : "Normal"
  },
  {
    "timestamp" : 235597341385,
    "transform" : [
      0.024369925,
      -0.99969405,
      -0.0042371824,
      0,
      -0.788543,
      -0.016616981,
      -0.6147553,
      0,
      0.6144968,
      0.018322738,
      -0.78870666,
      0,
      0.044027552,
      2.7542996,
      5.3661833,
      0.99999994
    ],
    "trackingState" : "Normal"
  },
  {
    "timestamp" : 235597358046,
    "transform" : [
      0.028050305,
      -0.9995887,
      -0.0059558693,
      0,
      -0.7842131,
      -0.018310988,
      -0.62022126,
      0,
      0.6198572,
      0.022068067,
      -0.78440434,
      0,
      0.040020317,
      2.7530704,
      5.370699,
      0.99999994
    ],
    "trackingState" : "Normal"
  },
  {
    "timestamp" : 235597374706,
    "transform" : [
      0.03323179,
      -0.9994077,
      -0.008943147,
      0,
      -0.7806916,
      -0.020370087,
      -0.62458456,
      0,
      0.62403244,
      0.027737897,
      -0.78090614,
      0,
      0.035864677,
      2.7517872,
      5.3754797,
      1
    ],
    "trackingState" : "Normal"
  },
  {
    "timestamp" : 235597391366,
    "transform" : [
      0.038534585,
      -0.9991799,
      -0.01243842,
      0,
      -0.77756107,
      -0.022164654,
      -0.6284168,
      0,
      0.6276257,
      0.03388741,
      -0.7777775,
      0,
      0.031649034,
      2.7504675,
      5.3804584,
      1
    ],
    "trackingState" : "Normal"
  },
  {
    "timestamp" : 235597408027,
    "transform" : [
      0.04239026,
      -0.99898463,
      -0.01525578,
      0,
      -0.7739431,
      -0.02317685,
      -0.632831,
      0,
      0.6318348,
      0.03863297,
      -0.7741398,
      0,
      0.027716083,
      2.74978,
      5.3851533,
      0.99999994
    ],
    "trackingState" : "Normal"
  },
  {
    "timestamp" : 235597424687,
    "transform" : [
      0.044307306,
      -0.9988814,
      -0.01652256,
      0,
      -0.7695568,
      -0.023579609,
      -0.63814294,
      0,
      0.63703954,
      0.04098944,
      -0.76974064,
      0,
      0.023596546,
      2.748668,
      5.390069,
      0.99999994
    ],
    "trackingState" : "Normal"
  },
  {
    "timestamp" : 235597441347,
    "transform" : [
      0.045234397,
      -0.9988311,
      -0.0170403,
      0,
      -0.76517993,
      -0.02367672,
      -0.6433811,
      0,
      0.64222556,
      0.042141847,
      -0.7653564,
      0,
      0.0193495,
      2.7474513,
      5.395121,
      1
    ],
    "trackingState" : "Normal"
  },
  {
    "timestamp" : 235597458008,
    "transform" : [
      0.04701435,
      -0.99872404,
      -0.018438393,
      0,
      -0.76134044,
      -0.023877915,
      -0.6479127,
      0,
      0.64664567,
      0.044499073,
      -0.76149166,
      0,
      0.014928043,
      2.7462785,
      5.4004703,
      1
    ],
    "trackingState" : "Normal"
  },
  {
    "timestamp" : 235597474668,
    "transform" : [
      0.049997438,
      -0.99852633,
      -0.021109657,
      0,
      -0.7573102,
      -0.024122752,
      -0.65260965,
      0,
      0.6511387,
      0.048615366,
      -0.7574002,
      0,
      0.010386597,
      2.7451785,
      5.406073,
      1
    ],
    "trackingState" : "Normal"
  },
  {
    "timestamp" : 235597491328,
    "transform" : [
      0.05346752,
      -0.9982716,
      -0.024395686,
      0,
      -0.75272375,
      -0.024238484,
      -0.6578902,
      0,
      0.6561617,
      0.053538963,
      -0.75271875,
      0,
      0.005754138,
      2.7441916,
      5.411818,
      0.99999994
    ],
    "trackingState" : "Normal"
  },
  {
    "timestamp" : 235597507989,
    "transform" : [
      0.055813078,
      -0.9980883,
      -0.026546,
      0,
      -0.74736786,
      -0.024133231,
      -0.66397214,
      0,
      0.6620621,
      0.05689795,
      -0.7472862,
      0,
      0.0010925183,
      2.7433805,
      5.417505,
      1.0000001
    ],
    "trackingState" : "Normal"
  },
  {
    "timestamp" : 235597524649,
    "transform" : [
      0.05599284,
      -0.9980805,
      -0.026462078,
      0,
      -0.7421376,
      -0.02387533,
      -0.6698222,
      0,
      0.6679047,
      0.057143748,
      -0.7420499,
      0,
      -0.0035558913,
      2.7432272,
      5.423431,
      0.99999994
    ],
    "trackingState" : "Normal"
  },
  {
    "timestamp" : 235597541309,
    "transform" : [
      0.055185415,
      -0.9981362,
      -0.026054824,
      0,
      -0.7372917,
      -0.023139225,
      -0.6751782,
      0,
      0.67331684,
      0.05646999,
      -0.7371945,
      0,
      -0.008184608,
      2.7429755,
      5.429207,
      1
    ],
    "trackingState" : "Normal"
  },
  {
    "timestamp" : 235597557970,
    "transform" : [
      0.054175593,
      -0.9981606,
      -0.027213162,
      0,
      -0.73174894,
      -0.021142952,
      -0.68124634,
      0,
      0.6794179,
      0.05682012,
      -0.7315484,
      0,
      -0.012810232,
      2.7428136,
      5.4350615,
      1
    ],
    "trackingState" : "Normal"
  },
  {
    "timestamp" : 235597574630,
    "transform" : [
      0.05365143,
      -0.9981299,
      -0.029296061,
      0,
      -0.7246968,
      -0.018736541,
      -0.68881303,
      0,
      0.686976,
      0.058186565,
      -0.7243468,
      0,
      -0.01747796,
      2.7427843,
      5.440949,
      0.99999994
    ],
    "trackingState" : "Normal"
  },
  {
    "timestamp" : 235597591290,
    "transform" : [
      0.053388394,
      -0.9980883,
      -0.031137973,
      0,
      -0.7161527,
      -0.016539413,
      -0.69774777,
      0,
      0.6958987,
      0.059551165,
      -0.71566665,
      0,
      -0.02221293,
      2.7429113,
      5.4467115,
      1
    ],
    "trackingState" : "Normal"
  },
  {
    "timestamp" : 235597607951,
    "transform" : [
      0.052615732,
      -0.9981026,
      -0.031982236,
      0,
      -0.7069797,
      -0.0146118775,
      -0.707083,
      0,
      0.705274,
      0.059814468,
      -0.7064071,
      0,
      -0.026872827,
      2.7436924,
      5.4526386,
      1
    ],
    "trackingState" : "Normal"
  },
  {
    "timestamp" : 235597624611,
    "transform" : [
      0.05147584,
      -0.99814576,
      -0.032485854,
      0,
      -0.69869965,
      -0.012752616,
      -0.71530145,
      0,
      0.71356094,
      0.059518594,
      -0.6980606,
      0,
      -0.03157267,
      2.7441838,
      5.458234,
      1
    ],
    "trackingState" : "Normal"
  },
  {
    "timestamp" : 235597641271,
    "transform" : [
      0.05119821,
      -0.99811685,
      -0.033787016,
      0,
      -0.69211483,
      -0.0110717155,
      -0.7217025,
      0,
      0.7199694,
      0.060334362,
      -0.69137836,
      0,
      -0.036296487,
      2.7445638,
      5.4637375,
      0.99999994
    ],
    "trackingState" : "Normal"
  },
  {
    "timestamp" : 235597657932,
    "transform" : [
      0.051829938,
      -0.9980013,
      -0.036154576,
      0,
      -0.68689394,
      -0.009346906,
      -0.7266976,
      0,
      0.7249072,
      0.062499043,
      -0.68600553,
      0,
      -0.041055087,
      2.7449021,
      5.4691315,
      1
    ],
    "trackingState" : "Normal"
  },
  {
    "timestamp" : 235597674592,
    "transform" : [
      0.05149196,
      -0.9979588,
      -0.03777614,
      0,
      -0.682121,
      -0.0075171445,
      -0.7312008,
      0,
      0.7294242,
      0.06341885,
      -0.6811156,
      0,
      -0.045788154,
      2.7452736,
      5.4742513,
      1
    ],
    "trackingState" : "Normal"
  },
  {
    "timestamp" : 235597691252,
    "transform" : [
      0.049123097,
      -0.9981048,
      -0.03706455,
      0,
      -0.67638427,
      -0.005938376,
      -0.736525,
      0,
      0.73490906,
      0.06125026,
      -0.6753941,
      0,
      -0.050430194,
      2.7456856,
      5.4790554,
      0.99999994
    ],
    "trackingState" : "Normal"
  },
  {
    "timestamp" : 235597707913,
    "transform" : [
      0.046452105,
      -0.9982951,
      -0.0353406,
      0,
      -0.6697158,
      -0.0048740422,
      -0.7426015,
      0,
      0.7411632,
      0.058163553,
      -0.66880053,
      0,
      -0.055662666,
      2.7472115,
      5.483442,
      0.99999994
    ],
    "trackingState" : "Normal"
  },
  {
    "timestamp" : 235597724573,
    "transform" : [
      0.04597633,
      -0.9983219,
      -0.0352094,
      0,
      -0.6636354,
      -0.0041803345,
      -0.74804467,
      0,
      0.7466421,
      0.057758544,
      -0.6627139,
      0,
      -0.06062159,
      2.7479196,
      5.4880443,
      1
    ],
    "trackingState" : "Normal"
  },
  {
    "timestamp" : 235597741233,
    "transform" : [
      0.04937231,
      -0.998096,
      -0.036971,
      0,
      -0.6588882,
      -0.0047292877,
      -0.75222605,
      0,
      0.750619,
      0.061498888,
      -0.65786725,
      0,
      -0.0656705,
      2.7483006,
      5.4927516,
      0.99999994
    ],
    "trackingState" : "Normal"
  },
  {
    "timestamp" : 235597757894,
    "transform" : [
      0.055305935,
      -0.9976926,
      -0.039382577,
      0,
      -0.65468603,
      -0.006454655,
      -0.75587374,
      0,
      0.7538753,
      0.0675875,
      -0.65353227,
      0,
      -0.07082815,
      2.7485518,
      5.497416,
      1
    ],
    "trackingState" : "Normal"
  },
  {
    "timestamp" : 235597774554,
    "transform" : [
      0.06191096,
      -0.99721694,
      -0.041537248,
      0,
      -0.64992344,
      -0.0086953575,
      -0.75995,
      0,
      0.7574738,
      0.07404526,
      -0.6486531,
      0,
      -0.07596476,
      2.7487369,
      5.501959,
      0.99999994
    ],
    "trackingState" : "Normal"
  },
  {
    "timestamp" : 235597791214,
    "transform" : [
      0.06771653,
      -0.9967749,
      -0.043062046,
      0,
      -0.6431214,
      -0.010611967,
      -0.76569074,
      0,
      0.7627644,
      0.07954403,
      -0.6417659,
      0,
      -0.080852985,
      2.7488406,
      5.5063577,
      1
    ],
    "trackingState" : "Normal"
  },
  {
    "timestamp" : 235597807875,
    "transform" : [
      0.07231546,
      -0.996366,
      -0.045000967,
      0,
      -0.6355451,
      -0.0112607395,
      -0.7719816,
      0,
      0.76866955,
      0.08442635,
      -0.63404995,
      0,
      -0.08553883,
      2.7490766,
      5.5099177,
      0.9999999
    ],
    "trackingState" : "Normal"
  },
  {
    "timestamp" : 235597824535,
    "transform" : [
      0.075103596,
      -0.996058,
      -0.04720098,
      0,
      -0.6276432,
      -0.010436685,
      -0.77843124,
      0,
      0.77487016,
      0.08808835,
      -0.6259529,
      0,
      -0.08995691,
      2.749092,
      5.5138917,
      0.99999994
    ],
    "trackingState" : "Normal"
  },
  {
    "timestamp" : 235597841195,
    "transform" : [
      0.077223696,
      -0.9957826,
      -0.04953578,
      0,
      -0.62083995,
      -0.009151849,
      -0.7838841,
      0,
      0.7801247,
      0.0912882,
      -0.6189284,
      0,
      -0.0942385,
      2.7489831,
      5.51789,
      1
    ],
