[
  {
    "timestamp" : 306284321958,
    "userAcceleration" : [
      0.0001934189349412918,
      -0.006833553314208984,
      -0.02142012119293213
    ],
    "rotationMatrix" : [
      0.999647855758667,
      0.009069543331861496,
      0.02493780292570591,
      0.009069543331861496,
      0.7664075493812561,
      -0.6422907114028931,
      -0.02493780292570591,
      0.6422907114028931,
      0.7660554051399231
    ],
    "gravity" : [
      0.02493780292570591,
      -0.6422907114028931,
      -0.7660554051399231
    ]
  },
  {
    "timestamp" : 306284331974,
    "userAcceleration" : [
      0.009662490338087082,
      -0.0010145902633666992,
      -0.017117559909820557
    ],
    "rotationMatrix" : [
      0.9996329545974731,
      0.009130074642598629,
      0.025506019592285156,
      0.009373783133924007,
      0.7667729258537292,
      -0.6418500542640686,
      -0.025417465716600418,
      0.6418535113334656,
      0.7664059400558472
    ],
    "gravity" : [
      0.02541746385395527,
      -0.6418535113334656,
      -0.7664059400558472
    ]
  },
  {
    "timestamp" : 306284341990,
    "userAcceleration" : [
      0.01263406127691269,
      -0.00238800048828125,
      -0.01125490665435791
    ],
    "rotationMatrix" : [
      0.9996230006217957,
      0.009152308106422424,
      0.02588728442788124,
      0.009594893082976341,
      0.7669388055801392,
      -0.6416486501693726,
      -0.025726526975631714,
      0.6416550874710083,
      0.7665618062019348
    ],
    "gravity" : [
      0.025726528838276863,
      -0.6416550874710083,
      -0.7665618062019348
    ]
  },
  {
    "timestamp" : 306284352006,
    "userAcceleration" : [
      0.011180048808455467,
      -0.010010838508605957,
      -0.0036389827728271484
    ],
    "rotationMatrix" : [
      0.9996224045753479,
      0.009121855720877647,
      0.025919398292899132,
      0.009640602394938469,
      0.7668952941894531,
      -0.6416998505592346,
      -0.025730958208441734,
      0.6417074799537659,
      0.7665178179740906
    ],
    "gravity" : [
      0.025730958208441734,
      -0.6417074203491211,
      -0.7665178179740906
    ]
  },
  {
    "timestamp" : 306284362023,
    "userAcceleration" : [
      -0.008482955396175385,
      -0.012680232524871826,
      0.015538334846496582
    ],
    "rotationMatrix" : [
      0.9996280670166016,
      0.00907194335013628,
      0.025718849152326584,
      0.009557764045894146,
      0.7667036056518555,
      -0.641930103302002,
      -0.02554228901863098,
      0.6419371366500854,
      0.7663317322731018
    ],
    "gravity" : [
      0.025542287155985832,
      -0.6419371366500854,
      -0.7663317322731018
    ]
  },
  {
    "timestamp" : 306284372039,
    "userAcceleration" : [
      -0.008223259821534157,
      -0.012471139430999756,
      0.015371739864349365
    ],
    "rotationMatrix" : [
      0.999636709690094,
      0.00907866470515728,
      0.025377800688147545,
      0.009340500459074974,
      0.7665284276008606,
      -0.6421424746513367,
      -0.02528260089457035,
      0.6421462893486023,
      0.7661651372909546
    ],
    "gravity" : [
      0.02528260089457035,
      -0.6421462297439575,
      -0.7661651372909546
    ]
  },
  {
    "timestamp" : 306284382055,
    "userAcceleration" : [
      -0.011044912040233612,
      -0.019177675247192383,
      0.03219825029373169
    ],
    "rotationMatrix" : [
      0.9996517896652222,
      0.009297970682382584,
      0.024695320054888725,
      0.008735336363315582,
      0.76649409532547,
      -0.642192006111145,
      -0.02489989809691906,
      0.6421841382980347,
      0.7661459445953369
    ],
    "gravity" : [
      0.02489989995956421,
      -0.6421840786933899,
      -0.7661460041999817
    ]
  },
  {
    "timestamp" : 306284392071,
    "userAcceleration" : [
      -0.0007468666881322861,
      -0.023005664348602295,
      0.031021475791931152
    ],
    "rotationMatrix" : [
      0.9996697306632996,
      0.009661147370934486,
      0.02381334826350212,
      0.007884785532951355,
      0.7666413187980652,
      -0.6420273184776306,
      -0.02445901557803154,
      0.6420029997825623,
      0.7663119435310364
    ],
    "gravity" : [
      0.02445901557803154,
      -0.6420029997825623,
      -0.7663119435310364
    ]
  },
  {
    "timestamp" : 306284402087,
    "userAcceleration" : [
      0.006705004721879959,
      -0.013199031352996826,
      0.021099328994750977
    ],
    "rotationMatrix" : [
      0.9996849298477173,
      0.010145649313926697,
      0.02295767143368721,
      0.006951421499252319,
      0.7669711112976074,
      -0.6416440606117249,
      -0.024117764085531235,
      0.6416015028953552,
      0.7666589617729187
    ],
    "gravity" : [
      0.024117765948176384,
      -0.6416015028953552,
      -0.7666589617729187
    ]
  },
  {
    "timestamp" : 306284412103,
    "userAcceleration" : [
      0.009517194703221321,
      -0.006944179534912109,
      0.007529616355895996
    ],
    "rotationMatrix" : [
      0.9996942281723022,
      0.010617008432745934,
      0.022332847118377686,
      0.006172396242618561,
      0.7674122452735901,
      -0.6411243677139282,
      -0.02394532412290573,
      0.6410661935806274,
      0.7671120166778564
    ],
    "gravity" : [
      0.023945322260260582,
      -0.6410661339759827,
      -0.7671120166778564
    ]
  },
  {
    "timestamp" : 306284422119,
    "userAcceleration" : [
      0.008962368592619896,
      -0.006992995738983154,
      -0.014807164669036865
    ],
    "rotationMatrix" : [
      0.9996912479400635,
      0.010978825390338898,
      0.022291069850325584,
      0.0058517116121947765,
      0.7678427696228027,
      -0.6406116485595703,
      -0.024149199947714806,
      0.6405442953109741,
      0.7675414681434631
    ],
    "gravity" : [
      0.024149201810359955,
      -0.6405442953109741,
      -0.7675414681434631
    ]
  },
  {
    "timestamp" : 306284432135,
    "userAcceleration" : [
      0.008967231959104538,
      -0.004248380661010742,
      -0.028180480003356934
    ],
    "rotationMatrix" : [
      0.9996749758720398,
      0.011111290194094181,
      0.022945156320929527,
      0.0061563765630126,
      0.768173336982727,
      -0.6402124762535095,
      -0.024739442393183708,
      0.6401455998420715,
      0.7678552269935608
    ],
    "gravity" : [
      0.024739442393183708,
      -0.6401455998420715,
      -0.7678552269935608
    ]
  },
  {
    "timestamp" : 306284442151,
    "userAcceleration" : [
      0.0005633588880300522,
      -0.0051743388175964355,
      -0.02443033456802368
    ],
    "rotationMatrix" : [
      0.9996583461761475,
      0.011045975610613823,
      0.02368924207985401,
      0.00668069114908576,
      0.7682337760925293,
      -0.6401345729827881,
      -0.02526978589594364,
      0.6400741338729858,
      0.7678974866867065
    ],
    "gravity" : [
      0.02526978775858879,
      -0.6400741934776306,
      -0.7678974866867065
    ]
  },
  {
    "timestamp" : 306284452167,
    "userAcceleration" : [
      -0.0018674153834581375,
      -0.010035872459411621,
      -0.009598612785339355
    ],
    "rotationMatrix" : [
      0.9996551275253296,
      0.01092472393065691,
      0.02388063073158264,
      0.0069101182743906975,
      0.7678870558738708,
      -0.6405481100082397,
      -0.025335438549518585,
      0.6404922008514404,
      0.7675467133522034
    ],
    "gravity" : [
      0.025335438549518585,
      -0.6404922008514404,
      -0.7675467133522034
    ]
  },
  {
    "timestamp" : 306284462183,
    "userAcceleration" : [
      -0.003974448889493942,
      -0.011299729347229004,
      0.0029792189598083496
    ],
    "rotationMatrix" : [
      0.9996665716171265,
      0.010809221304953098,
      0.02345120534300804,
      0.006749440915882587,
      0.7672239542007446,
      -0.6413438320159912,
      -0.024924755096435547,
      0.6412882804870605,
      0.7668951749801636
    ],
    "gravity" : [
      0.024924755096435547,
      -0.6412882804870605,
      -0.7668951749801636
    ]
  },
  {
    "timestamp" : 306284472199,
    "userAcceleration" : [
      -0.0011760909110307693,
      -0.006815731525421143,
      0.012720465660095215
    ],
    "rotationMatrix" : [
      0.9996822476387024,
      0.010709785856306553,
      0.022819794714450836,
      0.0064476849511265755,
      0.7665120363235474,
      -0.6421976089477539,
      -0.02436944469809532,
      0.6421406269073486,
      0.7661994099617004
    ],
    "gravity" : [
      0.02436944469809532,
      -0.6421406865119934,
      -0.7661994099617004
    ]
  },
  {
    "timestamp" : 306284482215,
    "userAcceleration" : [
      0.0017172861844301224,
      -0.004946768283843994,
      0.013684451580047607
    ],
    "rotationMatrix" : [
      0.9996901750564575,
      0.01056789793074131,
      0.022535357624292374,
      0.006394479423761368,
      0.7659576535224915,
      -0.6428592205047607,
      -0.02405479922890663,
      0.6428041458129883,
      0.7656527757644653
    ],
    "gravity" : [
      0.02405479922890663,
      -0.6428042054176331,
      -0.7656527757644653
    ]
  },
  {
    "timestamp" : 306284492231,
    "userAcceleration" : [
      0.006258675828576088,
      -0.009004950523376465,
      0.014969885349273682
    ],
    "rotationMatrix" : [
      0.9996877908706665,
      0.010372936725616455,
      0.022731099277734756,
      0.006682556588202715,
      0.765613853931427,
      -0.6432657241821289,
      -0.02407579869031906,
      0.6432168483734131,
      0.7653055191040039
    ],
    "gravity" : [
      0.02407579869031906,
      -0.6432167887687683,
      -0.7653055191040039
    ]
  },
  {
    "timestamp" : 306284502247,
    "userAcceleration" : [
      0.00808837078511715,
      -0.010021030902862549,
      0.021442174911499023
    ],
    "rotationMatrix" : [
      0.9996829032897949,
      0.010143387131392956,
      0.0230485238134861,
      0.007070823572576046,
      0.7653936743736267,
      -0.6435235738754272,
      -0.024168703705072403,
      0.6434824466705322,
      0.7650792002677917
    ],
    "gravity" : [
      0.024168701842427254,
      -0.643482506275177,
      -0.7650792002677917
    ]
  },
  {
    "timestamp" : 306284512263,
    "userAcceleration" : [
      -0.0016953516751527786,
      -0.010589003562927246,
      0.024778127670288086
    ],
    "rotationMatrix" : [
      0.9996795654296875,
      0.009956871159374714,
      0.02327190339565277,
      0.007364899851381779,
      0.7651936411857605,
      -0.6437581181526184,
      -0.024217329919338226,
      0.64372318983078,
      0.7648751139640808
    ],
    "gravity" : [
      0.024217329919338226,
      -0.6437232494354248,
      -0.7648751139640808
    ]
  },
  {
    "timestamp" : 306284522279,
    "userAcceleration" : [
      -0.008185826241970062,
      -0.018076837062835693,
      0.016478300094604492
    ],
    "rotationMatrix" : [
      0.9996750354766846,
      0.009848449379205704,
      0.02351313643157482,
      0.0076110512018203735,
      0.764985978603363,
      -0.6440019607543945,
      -0.024329641833901405,
      0.6439716815948486,
      0.7646624445915222
    ],
    "gravity" : [
      0.024329641833901405,
      -0.6439716219902039,
      -0.7646624445915222
    ]
  },
  {
    "timestamp" : 306284532295,
    "userAcceleration" : [
      -0.006048483774065971,
      -0.02027672529220581,
      0.009252071380615234
    ],
    "rotationMatrix" : [
      0.9996713399887085,
      0.009769833646714687,
      0.0237019881606102,
      0.007803444750607014,
      0.764706552028656,
      -0.6443315148353577,
      -0.024420075118541718,
      0.6443046927452087,
      0.7643789649009705
    ],
    "gravity" : [
      0.024420075118541718,
      -0.6443046927452087,
      -0.7643789649009705
    ]
  },
  {
    "timestamp" : 306284542311,
    "userAcceleration" : [
      0.002220621332526207,
      -0.012959957122802734,
      0.031199276447296143
    ],
    "rotationMatrix" : [
      0.9996739625930786,
      0.009721215814352036,
      0.02361077256500721,
      0.007796125020831823,
      0.7643275260925293,
      -0.6447811126708984,
      -0.02431442029774189,
      0.6447550058364868,
      0.7640025615692139
    ],
    "gravity" : [
      0.02431442216038704,
      -0.6447550058364868,
      -0.7640025615692139
    ]
  },
  {
    "timestamp" : 306284552327,
    "userAcceleration" : [
      0.002524282783269882,
      -0.012489080429077148,
      0.03081125020980835
    ],
    "rotationMatrix" : [
      0.9996832013130188,
      0.009726451709866524,
      0.02321511134505272,
      0.007551727816462517,
      0.7639300227165222,
      -0.6452549695968628,
      -0.024010762572288513,
      0.6452258825302124,
      0.7636145353317261
    ],
    "gravity" : [
      0.024010760709643364,
      -0.6452258825302124,
      -0.7636145353317261
    ]
  },
  {
    "timestamp" : 306284562343,
    "userAcceleration" : [
      0.0029635634273290634,
      -0.012125253677368164,
      0.0305173397064209
    ],
    "rotationMatrix" : [
      0.9996964335441589,
      0.009745676070451736,
      0.022628236562013626,
      0.007169478107243776,
      0.7636223435401917,
      -0.6456234455108643,
      -0.02357146143913269,
      0.6455897092819214,
      0.7633206844329834
    ],
    "gravity" : [
      0.02357146330177784,
      -0.6455897092819214,
      -0.7633206844329834
    ]
  },
  {
    "timestamp" : 306284572359,
    "userAcceleration" : [
      0.007703354582190514,
      -0.013517796993255615,
      0.04062312841415405
    ],
    "rotationMatrix" : [
      0.9997129440307617,
      0.009722699411213398,
      0.021896740421652794,
      0.006717237643897533,
      0.7635485529899597,
      -0.6457155346870422,
      -0.02299732156097889,
      0.6456772685050964,
      0.7632640600204468
    ],
    "gravity" : [
      0.02299732156097889,
      -0.6456772685050964,
      -0.7632640600204468
    ]
  },
  {
    "timestamp" : 306284582376,
    "userAcceleration" : [
      0.013004729524254799,
      -0.017495453357696533,
      0.04388320446014404
    ],
    "rotationMatrix" : [
      0.9997303485870361,
      0.009669563733041286,
      0.021111276000738144,
      0.006243893411010504,
      0.7637386322021484,
      -0.6454954147338867,
      -0.022365156561136246,
      0.6454532146453857,
      0.7634723782539368
    ],
    "gravity" : [
      0.022365156561136246,
      -0.6454532146453857,
      -0.7634723782539368
    ]
  },
  {
    "timestamp" : 306284592392,
    "userAcceleration" : [
      0.014497419819235802,
      -0.012433409690856934,
      0.04009348154067993
    ],
    "rotationMatrix" : [
      0.9997475147247314,
      0.009584222920238972,
      0.020322995260357857,
      0.005786519031971693,
      0.7641424536705017,
      -0.6450215578079224,
      -0.021711694076657295,
      0.6449762582778931,
      0.7638940811157227
    ],
    "gravity" : [
      0.021711694076657295,
      -0.6449763178825378,
      -0.7638940811157227
    ]
  },
  {
    "timestamp" : 306284602408,
    "userAcceleration" : [
      0.014110852032899857,
      -0.01097637414932251,
      0.01941812038421631
    ],
    "rotationMatrix" : [
      0.9997609257698059,
      0.009450746700167656,
      0.019717460498213768,
      0.005480240099132061,
      0.7646783590316772,
      -0.6443889141082764,
      -0.021167470142245293,
      0.6443428993225098,
      0.7644437551498413
    ],
    "gravity" : [
      0.021167470142245293,
      -0.6443428993225098,
      -0.7644436955451965
    ]
  },
  {
    "timestamp" : 306284612424,
    "userAcceleration" : [
      0.011500053107738495,
      -0.017886459827423096,
      0.006170153617858887
    ],
    "rotationMatrix" : [
      0.9997692108154297,
      0.009237204678356647,
      0.019394464790821075,
      0.005417492240667343,
      0.7652315497398376,
      -0.6437324285507202,
      -0.020787544548511505,
      0.6436889171600342,
      0.7650049328804016
    ],
    "gravity" : [
      0.020787544548511505,
      -0.6436889171600342,
      -0.7650049328804016
    ]
  },
  {
    "timestamp" : 306284622440,
    "userAcceleration" : [
      0.010507244616746902,
      -0.021007537841796875,
      0.0024538040161132812
    ],
    "rotationMatrix" : [
      0.9997751116752625,
      0.00891804974526167,
      0.01924034208059311,
      0.005547863896936178,
      0.7656912207603455,
      -0.6431844830513,
      -0.02046811208128929,
      0.6431465744972229,
      0.7654695510864258
    ],
    "gravity" : [
      0.020468110218644142,
      -0.6431465744972229,
      -0.765469491481781
    ]
  },
  {
    "timestamp" : 306284632456,
    "userAcceleration" : [
      0.0013213716447353363,
      -0.019143760204315186,
      0.006319165229797363
    ],
    "rotationMatrix" : [
      0.9997813105583191,
      0.00855983980000019,
      0.019079115241765976,
      0.005707927979528904,
      0.7660264372825623,
      -0.6427838206291199,
      -0.02011723443865776,
      0.6427521109580994,
      0.7658100724220276
    ],
    "gravity" : [
      0.02011723257601261,
      -0.6427521109580994,
      -0.7658100724220276
    ]
  },
  {
    "timestamp" : 306284642472,
    "userAcceleration" : [
      -0.0028479397296905518,
      -0.02255147695541382,
      0.014665722846984863
    ],
    "rotationMatrix" : [
      0.9997882843017578,
      0.008278544060885906,
      0.018839074298739433,
      0.005761768668889999,
      0.7662641406059265,
      -0.6424998641014099,
      -0.019754672423005104,
      0.6424723267555237,
      0.7660542130470276
    ],
    "gravity" : [
      0.019754670560359955,
      -0.6424723863601685,
      -0.7660542130470276
    ]
  },
  {
    "timestamp" : 306284652488,
    "userAcceleration" : [
      -6.050616502761841e-05,
      -0.02120816707611084,
      0.02786099910736084
    ],
    "rotationMatrix" : [
      0.9997971653938293,
      0.008087207563221455,
      0.01844569481909275,
      0.005648604594171047,
      0.7664960026741028,
      -0.6422243714332581,
      -0.01933235116302967,
      0.6421982645988464,
      0.7662948369979858
    ],
    "gravity" : [
      0.01933235116302967,
      -0.6421982645988464,
      -0.7662948369979858
    ]
  },
  {
    "timestamp" : 306284662504,
    "userAcceleration" : [
      0.0040391236543655396,
      -0.017544865608215332,
      0.030861616134643555
    ],
    "rotationMatrix" : [
      0.9998100399971008,
      0.007927751168608665,
      0.017806634306907654,
      0.005352845415472984,
      0.7667522430419922,
      -0.6419208645820618,
      -0.018742267042398453,
      0.6418942809104919,
      0.766564130783081
    ],
    "gravity" : [
      0.018742265179753304,
      -0.6418942809104919,
      -0.7665640711784363
    ]
  },
  {
    "timestamp" : 306284672520,
    "userAcceleration" : [
      0.006673349067568779,
      -0.01439899206161499,
      0.032000720500946045
    ],
    "rotationMatrix" : [
      0.9998286366462708,
      0.00773216038942337,
      0.01682055927813053,
      0.004861901514232159,
      0.7670329809188843,
      -0.6415892839431763,
      -0.017862794920802116,
      0.6415611505508423,
      0.7668639421463013
    ],
    "gravity" : [
      0.017862794920802116,
      -0.6415610909461975,
      -0.7668639421463013
    ]
  },
  {
    "timestamp" : 306284682536,
    "userAcceleration" : [
      0.007539892569184303,
      -0.013173460960388184,
      0.026183903217315674
    ],
    "rotationMatrix" : [
      0.9998533129692078,
      0.007461787201464176,
      0.015417749993503094,
      0.004163529723882675,
      0.7672485113143921,
      -0.6413365006446838,
      -0.01661476120352745,
      0.6413065791130066,
      0.7671048641204834
    ],
    "gravity" : [
      0.01661476120352745,
      -0.6413065791130066,
      -0.7671048641204834
    ]
  },
  {
    "timestamp" : 306284692552,
    "userAcceleration" : [
      0.010609929449856281,
      -0.012736141681671143,
      0.012357592582702637
    ],
    "rotationMatrix" : [
      0.9998809695243835,
      0.007135577034205198,
      0.01367749460041523,
      0.0032965014688670635,
      0.76729416847229,
      -0.6412868499755859,
      -0.015070613473653793,
      0.6412556171417236,
      0.7671793699264526
    ],
    "gravity" : [
      0.015070613473653793,
      -0.6412556171417236,
      -0.7671793699264526
    ]
  },
  {
    "timestamp" : 306284702568,
    "userAcceleration" : [
      0.004646622575819492,
      -0.01262211799621582,
      -0.001084744930267334
    ],
    "rotationMatrix" : [
      0.9999062418937683,
      0.006722288206219673,
      0.011931640096008778,
      0.002496364526450634,
      0.7671771049499512,
      -0.6414305567741394,
      -0.013465561904013157,
      0.641400158405304,
      0.7670884132385254
    ],
    "gravity" : [
      0.013465560972690582,
      -0.641400158405304,
      -0.7670884132385254
    ]
  },
  {
    "timestamp" : 306284712584,
    "userAcceleration" : [
      -0.003322215750813484,
      -0.016488969326019287,
      -0.011605262756347656
    ],
    "rotationMatrix" : [
      0.999923586845398,
      0.006233132444322109,
      0.010675659403204918,
      0.0020698930602520704,
      0.766969621181488,
      -0.641680121421814,
      -0.01218758337199688,
      0.6416531801223755,
      0.7668980956077576
    ],
    "gravity" : [
      0.01218758337199688,
      -0.6416531801223755,
      -0.7668980956077576
    ]
  },
  {
    "timestamp" : 306284722601,
    "userAcceleration" : [
      -0.0050056250765919685,
      -0.020180344581604004,
      -0.012728989124298096
    ],
    "rotationMatrix" : [
      0.9999334812164307,
      0.005719383247196674,
      0.010018848814070225,
      0.0020473571494221687,
      0.7666915655136108,
      -0.642012357711792,
      -0.011353281326591969,
      0.6419901847839355,
      0.7666288614273071
    ],
    "gravity" : [
      0.011353282257914543,
      -0.6419901251792908,
      -0.7666288614273071
    ]
  },
  {
    "timestamp" : 306284732617,
    "userAcceleration" : [
      -0.014380688779056072,
      -0.014359354972839355,
      0.0036562681198120117
    ],
    "rotationMatrix" : [
      0.9999393820762634,
      0.005265421234071255,
      0.009672291576862335,
      0.002179184230044484,
      0.7663179039955139,
      -0.642457902431488,
      -0.010794861242175102,
      0.6424400210380554,
      0.7662599682807922
    ],
    "gravity" : [
      0.010794861242175102,
      -0.6424400210380554,
      -0.7662599682807922
    ]
  },
  {
    "timestamp" : 306284742633,
    "userAcceleration" : [
      -0.019654173403978348,
      -0.01679408550262451,
      0.020194053649902344
    ],
    "rotationMatrix" : [
      0.9999443888664246,
      0.004951687064021826,
      0.009312590584158897,
      0.0021971887908875942,
      0.7657766342163086,
      -0.6431029438972473,
      -0.010315809398889542,
      0.6430876851081848,
      0.7657231688499451
    ],
    "gravity" : [
      0.010315808467566967,
      -0.64308762550354,
      -0.7657231688499451
    ]
  },
  {
    "timestamp" : 306284752649,
    "userAcceleration" : [
      -0.010704678483307362,
      -0.01864933967590332,
      0.029794931411743164
    ],
    "rotationMatrix" : [
      0.99994957447052,
      0.004703429061919451,
      0.00887600239366293,
      0.0021165572106838226,
      0.7651186585426331,
      -0.6438858509063721,
      -0.009819666855037212,
      0.6438721418380737,
      0.7650701403617859
    ],
    "gravity" : [
      0.009819666855037212,
      -0.6438721418380737,
      -0.7650701403617859
    ]
  },
  {
    "timestamp" : 306284762665,
    "userAcceleration" : [
      -0.006160476244986057,
      -0.016883671283721924,
      0.037034809589385986
    ],
    "rotationMatrix" : [
      0.9999545216560364,
      0.0044532413594424725,
      0.008435165509581566,
      0.0020344574004411697,
      0.7644039988517761,
      -0.6447343230247498,
      -0.009319031611084938,
      0.6447221636772156,
      0.7643601894378662
    ],
    "gravity" : [
      0.009319031611084938,
      -0.6447222232818604,
      -0.7643601894378662
    ]
  },
  {
    "timestamp" : 306284772681,
    "userAcceleration" : [
      -0.0016898894682526588,
      -0.009894907474517822,
      0.03275483846664429
    ],
    "rotationMatrix" : [
      0.9999576210975647,
      0.004196541849523783,
      0.00819577369838953,
      0.002085807267576456,
      0.7637223601341248,
      -0.6455414295196533,
      -0.008968337439000607,
      0.645531177520752,
      0.7636812329292297
    ],
    "gravity" : [
      0.008968337439000607,
      -0.645531177520752,
      -0.7636812329292297
    ]
  },
  {
    "timestamp" : 306284782697,
    "userAcceleration" : [
      -0.005720032379031181,
      -0.009199321269989014,
      0.026089131832122803
    ],
    "rotationMatrix" : [
      0.9999574422836304,
      0.003986535593867302,
      0.008318395353853703,
      0.0023331139236688614,
      0.7631608843803406,
      -0.64620441198349,
      -0.008924390189349651,
      0.6461963057518005,
      0.763119101524353
    ],
    "gravity" : [
      0.008924390189349651,
      -0.6461963057518005,
      -0.763119101524353
    ]
  },
  {
    "timestamp" : 306284792713,
    "userAcceleration" : [
      -0.004722533747553825,
      -0.016790151596069336,
      0.027879416942596436
    ],
    "rotationMatrix" : [
      0.9999553561210632,
      0.003850275883451104,
      0.008628524839878082,
      0.0026434084866195917,
      0.7627410888671875,
      -0.6466986536979675,
      -0.009071297943592072,
      0.6466925740242004,
      0.7626968622207642
    ],
    "gravity" : [
      0.009071297943592072,
      -0.6466925740242004,
      -0.7626968622207642
    ]
  },
  {
    "timestamp" : 306284802729,
    "userAcceleration" : [
      -0.010462609119713306,
      -0.017552733421325684,
      0.0318489670753479
    ],
    "rotationMatrix" : [
      0.9999527335166931,
      0.0038220789283514023,
      0.008937789127230644,
      0.0028690160252153873,
      0.7624561786651611,
      -0.6470335125923157,
      -0.00928768515586853,
      0.6470286250114441,
      0.7624091506004333
    ],
    "gravity" : [
      0.00928768515586853,
      -0.6470285654067993,
      -0.7624092102050781
    ]
  },
  {
    "timestamp" : 306284812745,
    "userAcceleration" : [
      -0.012309928424656391,
      -0.019605934619903564,
      0.034316956996917725
    ],
    "rotationMatrix" : [
      0.99994957447052,
      0.0039031314663589,
      0.009251298382878304,
      0.003011896274983883,
      0.7623333930969238,
      -0.647177517414093,
      -0.009578593075275421,
      0.647172749042511,
      0.762283205986023
    ],
    "gravity" : [
      0.009578593075275421,
      -0.6471726894378662,
      -0.7622832655906677
    ]
  },
  {
    "timestamp" : 306284822761,
    "userAcceleration" : [
      -0.007209001109004021,
      -0.01923525333404541,
      0.0388188362121582
    ],
    "rotationMatrix" : [
      0.999946117401123,
      0.004010618198662996,
      0.00957427453249693,
      0.003138462547212839,
      0.7623679041862488,
      -0.6471362709999084,
      -0.00989453587681055,
      0.6471315026283264,
      0.7623142600059509
    ],
    "gravity" : [
      0.00989453587681055,
      -0.6471314430236816,
      -0.7623142600059509
    ]
  },
  {
    "timestamp" : 306284832777,
    "userAcceleration" : [
      0.00036873482167720795,
      -0.02333122491836548,
      0.0370447039604187
    ],
    "rotationMatrix" : [
      0.9999421238899231,
      0.00405846256762743,
      0.009960873983800411,
      0.003350257407873869,
      0.7624898552894592,
      -0.646991491317749,
      -0.01022085640579462,
      0.6469874382019043,
      0.7624321579933167
    ],
    "gravity" : [
      0.01022085640579462,
      -0.6469874382019043,
      -0.7624321579933167
    ]
  },
  {
    "timestamp" : 306284842794,
    "userAcceleration" : [
      0.008783126249909401,
      -0.018685340881347656,
      0.040234386920928955
    ],
    "rotationMatrix" : [
      0.9999379515647888,
      0.004054721910506487,
      0.010374024510383606,
      0.0036173679400235415,
      0.7626779079437256,
      -0.6467684507369995,
      -0.010534504428505898,
      0.6467658281326294,
      0.7626159191131592
    ],
    "gravity" : [
      0.010534504428505898,
      -0.6467658281326294,
      -0.7626159191131592
    ]
  },
  {
    "timestamp" : 306284852810,
    "userAcceleration" : [
      0.014410938136279583,
      -0.015490353107452393,
      0.043951570987701416
    ],
    "rotationMatrix" : [
      0.9999351501464844,
      0.003995093982666731,
      0.010666308924555779,
      0.0038478996139019728,
      0.762919008731842,
      -0.6464826464653015,
      -0.010720288380980492,
      0.6464818120002747,
      0.7628541588783264
    ],
    "gravity" : [
      0.010720288380980492,
      -0.6464818120002747,
      -0.7628540992736816
    ]
  },
  {
    "timestamp" : 306284862826,
    "userAcceleration" : [
      0.01732783392071724,
      -0.01751089096069336,
      0.03904891014099121
    ],
    "rotationMatrix" : [
      0.9999323487281799,
      0.0038701826706528664,
      0.010966396890580654,
      0.004132106900215149,
      0.763222336769104,
      -0.6461228132247925,
      -0.010870412923395634,
      0.6461244821548462,
      0.7631547451019287
    ],
    "gravity" : [
      0.010870411992073059,
      -0.6461244225502014,
      -0.7631547451019287
    ]
  },
  {
    "timestamp" : 306284872842,
    "userAcceleration" : [
      0.013707881793379784,
      -0.015766024589538574,
      0.027726352214813232
    ],
    "rotationMatrix" : [
      0.9999271035194397,
      0.0036976446863263845,
      0.011493630707263947,
      0.004598062485456467,
      0.7635930180549622,
      -0.6456815004348755,
      -0.011163957417011261,
      0.6456873416900635,
      0.763520359992981
    ],
    "gravity" : [
      0.011163957417011261,
      -0.6456873416900635,
      -0.763520359992981
    ]
  },
  {
    "timestamp" : 306284882858,
    "userAcceleration" : [
      0.009071684442460537,
      -0.016366183757781982,
      0.02664947509765625
    ],
    "rotationMatrix" : [
      0.9999194145202637,
      0.003552918555215001,
      0.012187489308416843,
      0.005148414056748152,
      0.764049232006073,
      -0.6451374292373657,
      -0.011603963561356068,
      0.6451481580734253,
      0.7639694213867188
    ],
    "gravity" : [
      0.011603963561356068,
      -0.6451482176780701,
      -0.7639694213867188
    ]
  },
  {
    "timestamp" : 306284892874,
    "userAcceleration" : [
      0.010747269727289677,
      -0.018362104892730713,
      0.02680295705795288
    ],
    "rotationMatrix" : [
      0.9999127984046936,
      0.0034583357628434896,
      0.012744499370455742,
      0.005570294335484505,
      0.7645750045776367,
      -0.644510805606842,
      -0.011973060667514801,
      0.6445255875587463,
      0.7644890546798706
    ],
    "gravity" : [
      0.011973060667514801,
      -0.6445255875587463,
      -0.7644890546798706
    ]
  },
  {
    "timestamp" : 306284902890,
    "userAcceleration" : [
      0.01090160384774208,
      -0.018675565719604492,
      0.013732671737670898
    ],
    "rotationMatrix" : [
      0.9999092221260071,
      0.003411971963942051,
      0.013035097159445286,
      0.005783933214843273,
      0.7650577425956726,
      -0.6439357995986938,
      -0.01216969359666109,
      0.6439527273178101,
      0.7649685740470886
    ],
    "gravity" : [
      0.012169692665338516,
      -0.6439527273178101,
      -0.7649685740470886
    ]
  },
  {
    "timestamp" : 306284912906,
    "userAcceleration" : [
      0.007066451944410801,
      -0.02109616994857788,
      0.008249044418334961
    ],
    "rotationMatrix" : [
      0.9999086856842041,
      0.0033151954412460327,
      0.01309851836413145,
      0.005891134031116962,
      0.7654642462730408,
      -0.6434515118598938,
      -0.012159614823758602,
      0.6434699892997742,
      0.7653748393058777
    ],
    "gravity" : [
      0.012159614823758602,
      -0.6434699892997742,
      -0.7653748393058777
    ]
  },
  {
    "timestamp" : 306284922922,
    "userAcceleration" : [
      0.006990796886384487,
      -0.029353797435760498,
      0.0077248215675354
    ],
    "rotationMatrix" : [
      0.9999109506607056,
      0.0032274601981043816,
      0.012948629446327686,
      0.0058562904596328735,
      0.76576167345047,
      -0.6430978178977966,
      -0.011991136707365513,
      0.6431164145469666,
      0.7656745910644531
    ],
    "gravity" : [
      0.011991135776042938,
      -0.6431164145469666,
      -0.7656745910644531
    ]
  },
  {
    "timestamp" : 306284932939,
    "userAcceleration" : [
      0.005606253631412983,
      -0.020842015743255615,
      0.010553836822509766
    ],
    "rotationMatrix" : [
      0.9999158978462219,
      0.003126665949821472,
      0.012587713077664375,
      0.005698281340301037,
      0.7659308314323425,
      -0.6428977847099304,
      -0.01165144331753254,
      0.6429154276847839,
      0.7658485770225525
    ],
    "gravity" : [
      0.011651444248855114,
      -0.6429154276847839,
      -0.7658485770225525
    ]
  },
  {
    "timestamp" : 306284942955,
    "userAcceleration" : [
      0.004728695377707481,
      -0.02263510227203369,
      0.009354770183563232
    ],
    "rotationMatrix" : [
      0.9999205470085144,
      0.0030686198733747005,
      0.01222789566963911,
      0.005510821472853422,
      0.7659632563591003,
      -0.6428607702255249,
      -0.011338814161717892,
      0.6428771018981934,
      0.7658854722976685
    ],
    "gravity" : [
      0.011338814161717892,
      -0.6428770422935486,
      -0.7658854722976685
    ]
  },
  {
    "timestamp" : 306284952971,
    "userAcceleration" : [
      0.014841709285974503,
      -0.019298553466796875,
      0.017026543617248535
    ],
    "rotationMatrix" : [
      0.9999229907989502,
      0.003016805276274681,
      0.012037189677357674,
      0.00542826671153307,
      0.7659421563148499,
      -0.6428865790367126,
      -0.011159254238009453,
      0.6429024338722229,
      0.7658668160438538
    ],
    "gravity" : [
      0.011159255169332027,
      -0.6429024338722229,
      -0.7658668160438538
    ]
  },
  {
    "timestamp" : 306284962987,
    "userAcceleration" : [
      0.01937468908727169,
      -0.008596718311309814,
      0.027526140213012695
    ],
    "rotationMatrix" : [
      0.9999228715896606,
      0.0028948835097253323,
      0.01207777764648199,
      0.00554692791774869,
      0.7659893035888672,
      -0.642829418182373,
      -0.011112364940345287,
      0.6428468227386475,
      0.7659141421318054
    ],
    "gravity" : [
      0.011112364940345287,
      -0.6428468227386475,
      -0.7659141421318054
    ]
  },
  {
    "timestamp" : 306284973003,
    "userAcceleration" : [
      0.015410738997161388,
      -0.008916795253753662,
      0.03042525053024292
    ],
    "rotationMatrix" : [
      0.9999207854270935,
      0.002738126553595066,
      0.012282848358154297,
      0.005796156823635101,
      0.7661432027816772,
      -0.6426437497138977,
      -0.01117006130516529,
      0.6426640152931213,
      0.7660666704177856
    ],
    "gravity" : [
      0.011170060373842716,
      -0.6426640748977661,
      -0.7660666704177856
    ]
  },
  {
    "timestamp" : 306284983019,
    "userAcceleration" : [
      0.008793321438133717,
      -0.011121928691864014,
      0.024428844451904297
    ],
    "rotationMatrix" : [
      0.9999166131019592,
      0.0026012761518359184,
      0.012646898627281189,
      0.006130320951342583,
      0.7664061784744263,
      -0.6423271298408508,
      -0.011363532394170761,
      0.6423510909080505,
      0.766326367855072
    ],
    "gravity" : [
      0.011363531462848186,
      -0.6423510909080505,
      -0.766326367855072
    ]
  },
  {
    "timestamp" : 306284993035,
    "userAcceleration" : [
      0.005807334557175636,
      -0.013853073120117188,
      0.022801637649536133
    ],
    "rotationMatrix" : [
      0.9999117851257324,
      0.0025212985929101706,
      0.013041730970144272,
      0.006438998505473137,
      0.7667514085769653,
      -0.6419119238853455,
      -0.011618217453360558,
      0.6419392228126526,
      0.7666675448417664
    ],
    "gravity" : [
      0.011618217453360558,
      -0.6419392824172974,
      -0.7666675448417664
    ]
  },
  {
    "timestamp" : 306285003051,
    "userAcceleration" : [
      0.002136053517460823,
      -0.016368746757507324,
      0.014267504215240479
    ],
    "rotationMatrix" : [
      0.9999071359634399,
      0.002542064292356372,
      0.013389365747570992,
      0.006639178842306137,
      0.7671326398849487,
      -0.6414542198181152,
      -0.011902038007974625,
      0.6414835453033447,
      0.7670445442199707
    ],
    "gravity" : [
      0.0119020389392972,
      -0.6414835453033447,
      -0.7670445442199707
    ]
  },
  {
    "timestamp" : 306285013067,
    "userAcceleration" : [
      0.006698552519083023,
      -0.016398131847381592,
      0.006533682346343994
    ],
    "rotationMatrix" : [
      0.9999018907546997,
      0.0026142438873648643,
      0.01376168429851532,
      0.00681611243635416,
      0.7674757838249207,
      -0.6410418152809143,
      -0.01223759911954403,
      0.641072690486908,
      0.7673826217651367
    ],
    "gravity" : [
      0.01223759911954403,
      -0.641072690486908,
      -0.7673826217651367
    ]
  },
  {
    "timestamp" : 306285023084,
    "userAcceleration" : [
      0.01681608147919178,
      -0.01702713966369629,
      0.010116159915924072
    ],
    "rotationMatrix" : [
      0.9998977780342102,
      0.002675828291103244,
      0.014043542556464672,
      0.006944782100617886,
      0.7677204608917236,
      -0.6407473087310791,
      -0.012496045790612698,
      0.6407793760299683,
      0.7676234245300293
    ],
    "gravity" : [
      0.012496045790612698,
      -0.6407793164253235,
      -0.7676234245300293
    ]
  },
  {
    "timestamp" : 306285033100,
    "userAcceleration" : [
      0.02527458220720291,
      -0.01209115982055664,
      0.013331234455108643
    ],
    "rotationMatrix" : [
      0.9998960494995117,
      0.0026224483735859394,
      0.014178874902427197,
      0.007069853600114584,
      0.7678545713424683,
      -0.6405852437019348,
      -0.012567215599119663,
      0.6406188607215881,
      0.7677561640739441
    ],
    "gravity" : [
      0.012567215599119663,
      -0.6406188607215881,
      -0.7677561640739441
    ]
  },
  {
    "timestamp" : 306285043116,
    "userAcceleration" : [
      0.021043049171566963,
      -0.004072904586791992,
      0.017232835292816162
    ],
    "rotationMatrix" : [
      0.9998958706855774,
      0.0024313549511134624,
      0.01422432903200388,
      0.0072443136014044285,
      0.7679254412651062,
      -0.6404982805252075,
      -0.012480502016842365,
      0.6405346393585205,
      0.7678278088569641
    ],
    "gravity" : [
      0.012480502016842365,
      -0.6405346393585205,
      -0.7678278684616089
    ]
  },
  {
    "timestamp" : 306285053132,
    "userAcceleration" : [
      0.013335216790437698,
      -0.006024658679962158,
      0.025504887104034424
    ],
    "rotationMatrix" : [
      0.9998968243598938,
      0.0021790931932628155,
      0.014197953045368195,
      0.0074196611531078815,
      0.76800137758255,
      -0.6404052972793579,
      -0.01229955069720745,
      0.6404445171356201,
      0.7679059505462646
    ],
    "gravity" : [
      0.01229955069720745,
      -0.6404445171356201,
      -0.7679059505462646
    ]
  },
  {
    "timestamp" : 306285063148,
    "userAcceleration" : [
      0.0005939910188317299,
      -0.010078668594360352,
      0.018089711666107178
    ],
    "rotationMatrix" : [
      0.9998970031738281,
