[
  {
    "gravity" : [
      0.09531160444021225,
      -0.9679144620895386,
      -0.23250238597393036
    ],
    "timestamp" : 306294347268,
    "rotationMatrix" : [
      -0.665713369846344,
      -0.2356288731098175,
      0.7080287933349609,
      0.7400956153869629,
      -0.08729662001132965,
      0.6668116450309753,
      -0.09531161189079285,
      0.9679144024848938,
      0.23250238597393036
    ],
    "userAcceleration" : [
      0.03698206692934036,
      0.015308201313018799,
      0.004551425576210022
    ]
  },
  {
    "gravity" : [
      0.09416678547859192,
      -0.9682515263557434,
      -0.23156361281871796
    ],
    "timestamp" : 306294357285,
    "rotationMatrix" : [
      -0.6673658490180969,
      -0.23399168252944946,
      0.7070155143737793,
      0.7387527823448181,
      -0.08796036243438721,
      0.6682121157646179,
      -0.09416678547859192,
      0.9682515263557434,
      0.23156362771987915
    ],
    "userAcceleration" : [
      0.04931158572435379,
      0.014226198196411133,
      -0.00741945207118988
    ]
  },
  {
    "gravity" : [
      0.09292922168970108,
      -0.9686356782913208,
      -0.23045404255390167
    ],
    "timestamp" : 306294367302,
    "rotationMatrix" : [
      -0.6693782806396484,
      -0.23212292790412903,
      0.7057276368141174,
      0.7370866537094116,
      -0.08867815136909485,
      0.6699547171592712,
      -0.09292924404144287,
      0.968635618686676,
      0.23045405745506287
    ],
    "userAcceleration" : [
      0.04752790927886963,
      0.0132371187210083,
      -0.004546493291854858
    ]
  },
  {
    "gravity" : [
      0.09171409159898758,
      -0.9690282344818115,
      -0.22928760945796967
    ],
    "timestamp" : 306294377319,
    "rotationMatrix" : [
      -0.6714816689491272,
      -0.23021402955055237,
      0.7043536305427551,
      0.7353237867355347,
      -0.08936332166194916,
      0.6717984676361084,
      -0.09171408414840698,
      0.9690282344818115,
      0.22928757965564728
    ],
    "userAcceleration" : [
      0.03108862042427063,
      0.011417150497436523,
      0.010522454977035522
    ]
  },
  {
    "gravity" : [
      0.09066373109817505,
      -0.9693756103515625,
      -0.22823527455329895
    ],
    "timestamp" : 306294387336,
    "rotationMatrix" : [
      -0.6735013127326965,
      -0.22850510478019714,
      0.7029807567596436,
      0.7336052656173706,
      -0.08998215943574905,
      0.6735925674438477,
      -0.09066370129585266,
      0.9693756103515625,
      0.22823530435562134
    ],
    "userAcceleration" : [
      0.01599518209695816,
      0.011428654193878174,
      0.02486613392829895
    ]
  },
  {
    "gravity" : [
      0.08983759582042694,
      -0.9696465730667114,
      -0.22740930318832397
    ],
    "timestamp" : 306294397353,
    "rotationMatrix" : [
      -0.6753796339035034,
      -0.2271246314048767,
      0.701624870300293,
      0.7319782972335815,
      -0.0905556008219719,
      0.6752835512161255,
      -0.08983758091926575,
      0.9696465730667114,
      0.22740930318832397
    ],
    "userAcceleration" : [
      0.011694371700286865,
      0.0182761549949646,
      0.025566071271896362
    ]
  },
  {
    "gravity" : [
      0.08921259641647339,
      -0.9698575139045715,
      -0.22675475478172302
    ],
    "timestamp" : 306294407370,
    "rotationMatrix" : [
      -0.6770903468132019,
      -0.22602128982543945,
      0.7003309726715088,
      0.7304725646972656,
      -0.09105531871318817,
      0.6768448948860168,
      -0.08921259641647339,
      0.9698575139045715,
      0.2267547994852066
    ],
    "userAcceleration" : [
      0.01187685877084732,
      0.023858308792114258,
      0.014093101024627686
    ]
  },
  {
    "gravity" : [
      0.08883074671030045,
      -0.9700275659561157,
      -0.2261764109134674
    ],
    "timestamp" : 306294417387,
    "rotationMatrix" : [
      -0.6786982417106628,
      -0.22514724731445312,
      0.6990549564361572,
      0.7290254831314087,
      -0.09140808135271072,
      0.6783558130264282,
      -0.08883076906204224,
      0.9700275659561157,
      0.22617638111114502
    ],
    "userAcceleration" : [
      0.012228190898895264,
      0.028209269046783447,
      -0.0013168305158615112
    ]
  },
  {
    "gravity" : [
      0.08869195729494095,
      -0.9702023863792419,
      -0.22548015415668488
    ],
    "timestamp" : 306294427404,
    "rotationMatrix" : [
      -0.6803465485572815,
      -0.224345862865448,
      0.6977090835571289,
      0.7275044322013855,
      -0.09152363240718842,
      0.6799712777137756,
      -0.08869197964668274,
      0.9702023863792419,
      0.22548015415668488
    ],
    "userAcceleration" : [
      0.025321699678897858,
      0.03166466951370239,
      -0.03340041637420654
    ]
  },
  {
    "gravity" : [
      0.0886785238981247,
      -0.9704753160476685,
      -0.2243081033229828
    ],
    "timestamp" : 306294437421,
    "rotationMatrix" : [
      -0.6819956302642822,
      -0.22328755259513855,
      0.6964374780654907,
      0.7259604930877686,
      -0.09121835231781006,
      0.6816604137420654,
      -0.0886785089969635,
      0.9704753160476685,
      0.22430813312530518
    ],
    "userAcceleration" : [
      0.03874761611223221,
      0.030976295471191406,
      -0.06615817546844482
    ]
  },
  {
    "gravity" : [
      0.08873321861028671,
      -0.9709019660949707,
      -0.22243204712867737
    ],
    "timestamp" : 306294447438,
    "rotationMatrix" : [
      -0.6835078597068787,
      -0.22179007530212402,
      0.6954326629638672,
      0.724530041217804,
      -0.0903262197971344,
      0.6832990646362305,
      -0.08873322606086731,
      0.9709019660949707,
      0.22243204712867737
    ],
    "userAcceleration" : [
      0.0479549840092659,
      0.03286778926849365,
      -0.07491594552993774
    ]
  },
  {
    "gravity" : [
      0.08874274045228958,
      -0.9714781045913696,
      -0.21989800035953522
    ],
    "timestamp" : 306294457455,
    "rotationMatrix" : [
      -0.6851068735122681,
      -0.21978506445884705,
      0.6944951415061951,
      0.7230170965194702,
      -0.08902238309383392,
      0.6850705146789551,
      -0.08874273300170898,
      0.9714781045913696,
      0.21989800035953522
    ],
    "userAcceleration" : [
      0.05885550379753113,
      0.032574236392974854,
      -0.0531427264213562
    ]
  },
  {
    "gravity" : [
      0.08867741376161575,
      -0.9721477031707764,
      -0.21694554388523102
    ],
    "timestamp" : 306294467472,
    "rotationMatrix" : [
      -0.6870259046554565,
      -0.21739795804023743,
      0.6933497786521912,
      0.7212018966674805,
      -0.08756296336650848,
      0.6871687173843384,
      -0.08867740631103516,
      0.9721477031707764,
      0.2169456034898758
    ],
    "userAcceleration" : [
      0.05100151151418686,
      0.024393737316131592,
      -0.0211372971534729
    ]
  },
  {
    "gravity" : [
      0.08858556300401688,
      -0.9728217720985413,
      -0.21394085884094238
    ],
    "timestamp" : 306294477489,
    "rotationMatrix" : [
      -0.6893386840820312,
      -0.21491652727127075,
      0.691826343536377,
      0.7190030217170715,
      -0.08619212359189987,
      0.6896418929100037,
      -0.08858558535575867,
      0.9728217720985413,
      0.21394085884094238
    ],
    "userAcceleration" : [
      0.03168420493602753,
      0.015027463436126709,
      0.027051270008087158
    ]
  },
  {
    "gravity" : [
      0.0885787084698677,
      -0.9733906984329224,
      -0.21134038269519806
    ],
    "timestamp" : 306294487506,
    "rotationMatrix" : [
      -0.6916205286979675,
      -0.21279317140579224,
      0.6902035474777222,
      0.7168093919754028,
      -0.08503032475709915,
      0.6920655965805054,
      -0.08857870101928711,
      0.9733906984329224,
      0.21134036779403687
    ],
    "userAcceleration" : [
      0.0126786008477211,
      0.0017566680908203125,
      0.06476449966430664
    ]
  },
  {
    "gravity" : [
      0.08875932544469833,
      -0.9737890362739563,
      -0.2094208300113678
    ],
    "timestamp" : 306294497523,
    "rotationMatrix" : [
      -0.6934652924537659,
      -0.21133968234062195,
      0.6887977123260498,
      0.7150024175643921,
      -0.08408919721841812,
      0.6940467953681946,
      -0.08875933289527893,
      0.9737890362739563,
      0.2094208300113678
    ],
    "userAcceleration" : [
      0.0009928643703460693,
      -0.0037960410118103027,
      0.07421275973320007
    ]
  },
  {
    "gravity" : [
      0.08912433683872223,
      -0.9740309119224548,
      -0.20813673734664917
    ],
    "timestamp" : 306294507540,
    "rotationMatrix" : [
      -0.6950797438621521,
      -0.21049389243125916,
      0.6874277591705322,
      0.7133872509002686,
      -0.0834052562713623,
      0.695789098739624,
      -0.08912435173988342,
      0.9740308523178101,
      0.20813673734664917
    ],
    "userAcceleration" : [
      0.005602218210697174,
      -0.009031891822814941,
      0.056555986404418945
    ]
  },
  {
    "gravity" : [
      0.08964727818965912,
      -0.9741830825805664,
      -0.20719768106937408
    ],
    "timestamp" : 306294517557,
    "rotationMatrix" : [
      -0.6966081857681274,
      -0.2100139856338501,
      0.686025857925415,
      0.7118291258811951,
      -0.08283539861440659,
      0.6974508762359619,
      -0.08964729309082031,
      0.9741830825805664,
      0.20719769597053528
    ],
    "userAcceleration" : [
      0.017591476440429688,
      -0.004973471164703369,
      0.02711351215839386
    ]
  },
  {
    "gravity" : [
      0.09015607088804245,
      -0.9743261337280273,
      -0.206302672624588
    ],
    "timestamp" : 306294527574,
    "rotationMatrix" : [
      -0.6981958150863647,
      -0.2095516324043274,
      0.684552013874054,
      0.7102078795433044,
      -0.08232342451810837,
      0.699162483215332,
      -0.09015607833862305,
      0.9743261337280273,
      0.20630264282226562
    ],
    "userAcceleration" : [
      0.04036760330200195,
      0.002798914909362793,
      0.0018807053565979004
    ]
  },
  {
    "gravity" : [
      0.09054526686668396,
      -0.9745112657546997,
      -0.20525498688220978
    ],
    "timestamp" : 306294537591,
    "rotationMatrix" : [
      -0.6999223828315735,
      -0.20888619124889374,
      0.682990312576294,
      0.7084566354751587,
      -0.08182128518819809,
      0.7009956240653992,
      -0.09054526686668396,
      0.9745113253593445,
      0.20525500178337097
    ],
    "userAcceleration" : [
      0.05059852451086044,
      0.008416235446929932,
      -0.01480722427368164
    ]
  },
  {
    "gravity" : [
      0.09088921546936035,
      -0.9747385382652283,
      -0.20401981472969055
    ],
    "timestamp" : 306294547608,
    "rotationMatrix" : [
      -0.7015721797943115,
      -0.20807024836540222,
      0.6815450191497803,
      0.7067786455154419,
      -0.08118971437215805,
      0.7027605772018433,
      -0.09088921546936035,
      0.974738597869873,
      0.20401981472969055
    ],
    "userAcceleration" : [
      0.037223562598228455,
      0.005866408348083496,
      -0.01672905683517456
    ]
  },
  {
    "gravity" : [
      0.0912623181939125,
      -0.9749940633773804,
      -0.20262771844863892
    ],
    "timestamp" : 306294557625,
    "rotationMatrix" : [
      -0.7030652761459351,
      -0.20718681812286377,
      0.6802743673324585,
      0.7052452564239502,
      -0.08037727326154709,
      0.7043925523757935,
      -0.09126231074333191,
      0.9749940633773804,
      0.20262771844863892
    ],
    "userAcceleration" : [
      0.031982891261577606,
      0.007327377796173096,
      -0.01729714870452881
    ]
  },
  {
    "gravity" : [
      0.0916450172662735,
      -0.9752788543701172,
      -0.20107834041118622
    ],
    "timestamp" : 306294567642,
    "rotationMatrix" : [
      -0.7043848037719727,
      -0.20622415840625763,
      0.6792011260986328,
      0.7038776278495789,
      -0.07939132302999496,
      0.7058708071708679,
      -0.09164503216743469,
      0.975278913974762,
      0.20107832551002502
    ],
    "userAcceleration" : [
      0.026213839650154114,
      0.002057969570159912,
      -0.018541336059570312
    ]
  },
  {
    "gravity" : [
      0.09206518530845642,
      -0.975594699382782,
      -0.19934657216072083
    ],
    "timestamp" : 306294577659,
    "rotationMatrix" : [
      -0.7056500315666199,
      -0.20517104864120483,
      0.6782056093215942,
      0.702553927898407,
      -0.07822979986667633,
      0.7073175311088562,
      -0.09206515550613403,
      0.975594699382782,
      0.19934658706188202
    ],
    "userAcceleration" : [
      0.026404045522212982,
      -6.759166717529297e-05,
      -0.022455140948295593
    ]
  },
  {
    "gravity" : [
      0.09240973740816116,
      -0.9759672284126282,
      -0.19735392928123474
    ],
    "timestamp" : 306294587676,
    "rotationMatrix" : [
      -0.7070773243904114,
      -0.20387090742588043,
      0.6771105527877808,
      0.7010723948478699,
      -0.07697304338216782,
      0.7089237570762634,
      -0.09240972995758057,
      0.9759672284126282,
      0.19735392928123474
    ],
    "userAcceleration" : [
      0.03416190296411514,
      -0.0046999454498291016,
      -0.022128447890281677
    ]
  },
  {
    "gravity" : [
      0.09265444427728653,
      -0.9763895869255066,
      -0.1951376497745514
    ],
    "timestamp" : 306294597692,
    "rotationMatrix" : [
      -0.7086766958236694,
      -0.20233261585235596,
      0.6758988499641418,
      0.6994232535362244,
      -0.07566468417644501,
      0.7106913924217224,
      -0.09265440702438354,
      0.9763895869255066,
      0.19513769447803497
    ],
    "userAcceleration" : [
      0.032910123467445374,
      -0.008015990257263184,
      -0.01140528917312622
    ]
  },
  {
    "gravity" : [
      0.09289528429508209,
      -0.9768282771110535,
      -0.19281430542469025
    ],
    "timestamp" : 306294607709,
    "rotationMatrix" : [
      -0.7104514837265015,
      -0.20070545375347137,
      0.6745196580886841,
      0.6975886225700378,
      -0.07432583719491959,
      0.7126333117485046,
      -0.0928952693939209,
      0.9768282771110535,
      0.19281432032585144
    ],
    "userAcceleration" : [
      0.02412436157464981,
      -0.013909757137298584,
      -0.003779888153076172
    ]
  },
  {
    "gravity" : [
      0.09318648278713226,
      -0.9772466421127319,
      -0.1905401051044464
    ],
    "timestamp" : 306294617726,
    "rotationMatrix" : [
      -0.712112545967102,
      -0.19916699826717377,
      0.6732227802276611,
      0.6958538889884949,
      -0.07295097410678864,
      0.7144689559936523,
      -0.09318649768829346,
      0.9772466421127319,
      0.19054006040096283
    ],
    "userAcceleration" : [
      0.017393946647644043,
      -0.015536129474639893,
      0.008457034826278687
    ]
  },
  {
    "gravity" : [
      0.09363871812820435,
      -0.97762531042099,
      -0.18836365640163422
    ],
    "timestamp" : 306294627743,
    "rotationMatrix" : [
      -0.7134404182434082,
      -0.19785140454769135,
      0.6722040176391602,
      0.6944316029548645,
      -0.07144218683242798,
      0.7160035967826843,
      -0.09363874793052673,
      0.97762531042099,
      0.18836361169815063
    ],
    "userAcceleration" : [
      0.0029646530747413635,
      -0.01903313398361206,
      -3.653764724731445e-05
    ]
  },
  {
    "gravity" : [
      0.09428068995475769,
      -0.9779863357543945,
      -0.18615597486495972
    ],
    "timestamp" : 306294637760,
    "rotationMatrix" : [
      -0.7145888209342957,
      -0.19667336344718933,
      0.6713290214538574,
      0.6931624412536621,
      -0.06973171979188919,
      0.7174004316329956,
      -0.09428071975708008,
      0.9779863357543945,
      0.18615597486495972
    ],
    "userAcceleration" : [
      0.0037875398993492126,
      -0.015742361545562744,
      -0.022431612014770508
    ]
  },
  {
    "gravity" : [
      0.09504399448633194,
      -0.9783871173858643,
      -0.18364551663398743
    ],
    "timestamp" : 306294647777,
    "rotationMatrix" : [
      -0.7158438563346863,
      -0.19537018239498138,
      0.6703722476959229,
      0.6917622685432434,
      -0.06774702668190002,
      0.7189407348632812,
      -0.09504398703575134,
      0.9783871173858643,
      0.18364551663398743
    ],
    "userAcceleration" : [
      0.021350041031837463,
      -0.011664390563964844,
      -0.04332895576953888
    ]
  },
  {
    "gravity" : [
      0.09575201570987701,
      -0.9788720011711121,
      -0.18066950142383575
    ],
    "timestamp" : 306294657794,
    "rotationMatrix" : [
      -0.7174118757247925,
      -0.19368699193000793,
      0.6691833138465881,
      0.6900380849838257,
      -0.06553915143013,
      0.7207999229431152,
      -0.09575200080871582,
      0.9788720607757568,
      0.18066951632499695
    ],
    "userAcceleration" : [
      0.039013609290122986,
      -0.014292240142822266,
      -0.04049135744571686
    ]
  },
  {
    "gravity" : [
      0.0964166447520256,
      -0.9794001579284668,
      -0.17742350697517395
    ],
    "timestamp" : 306294667811,
    "rotationMatrix" : [
      -0.7189906239509583,
      -0.1917981505393982,
      0.6680314540863037,
      0.6882995963096619,
      -0.06315650790929794,
      0.7226721048355103,
      -0.09641662240028381,
      0.9794001579284668,
      0.17742350697517395
    ],
    "userAcceleration" : [
      0.04016474634408951,
      -0.014313220977783203,
      -0.018529817461967468
    ]
  },
  {
    "gravity" : [
      0.09706639498472214,
      -0.9799162149429321,
      -0.1741909235715866
    ],
    "timestamp" : 306294677828,
    "rotationMatrix" : [
      -0.7205197811126709,
      -0.18992388248443604,
      0.6669186353683472,
      0.6866073608398438,
      -0.06077274680137634,
      0.7244840860366821,
      -0.09706640243530273,
      0.9799162149429321,
      0.17419090867042542
    ],
    "userAcceleration" : [
      0.041895367205142975,
      -0.017077863216400146,
      0.008755221962928772
    ]
  },
  {
    "gravity" : [
      0.09760109335184097,
      -0.9803769588470459,
      -0.17127516865730286
    ],
    "timestamp" : 306294687845,
    "rotationMatrix" : [
      -0.7220252156257629,
      -0.18819493055343628,
      0.6657794713973999,
      0.6849479675292969,
      -0.05868423730134964,
      0.7262248396873474,
      -0.09760108590126038,
      0.9803768992424011,
      0.17127519845962524
    ],
    "userAcceleration" : [
      0.04853229969739914,
      -0.020447075366973877,
      0.03193195164203644
    ]
  },
  {
    "gravity" : [
      0.09800507873296738,
      -0.9807655811309814,
      -0.16880173981189728
    ],
    "timestamp" : 306294697862,
    "rotationMatrix" : [
      -0.7233666181564331,
      -0.18669475615024567,
      0.6647450923919678,
      0.6834734678268433,
      -0.05695727467536926,
      0.7277499437332153,
      -0.09800505638122559,
      0.9807655811309814,
      0.16880175471305847
    ],
    "userAcceleration" : [
      0.04344388097524643,
      -0.02013474702835083,
      0.03710319101810455
    ]
  },
  {
    "gravity" : [
      0.09835632890462875,
      -0.9810672402381897,
      -0.16683290898799896
    ],
    "timestamp" : 306294707879,
    "rotationMatrix" : [
      -0.7245076298713684,
      -0.18552111089229584,
      0.6638302803039551,
      0.6822131276130676,
      -0.05557984113693237,
      0.7290378212928772,
      -0.09835630655288696,
      0.9810672402381897,
      0.16683292388916016
    ],
    "userAcceleration" : [
      0.03006161004304886,
      -0.014324665069580078,
      0.036355093121528625
    ]
  },
  {
    "gravity" : [
      0.0987846702337265,
      -0.9813128709793091,
      -0.1651262789964676
    ],
    "timestamp" : 306294717896,
    "rotationMatrix" : [
      -0.7253261804580688,
      -0.18461109697818756,
      0.6631900072097778,
      0.6812810301780701,
      -0.05425754189491272,
      0.7300085425376892,
      -0.0987846851348877,
      0.9813129305839539,
      0.16512629389762878
    ],
    "userAcceleration" : [
      0.02023385465145111,
      -0.012583613395690918,
      0.014079585671424866
    ]
  },
  {
    "gravity" : [
      0.09930116683244705,
      -0.9815569519996643,
      -0.1633567065000534
    ],
    "timestamp" : 306294727913,
    "rotationMatrix" : [
      -0.7258038520812988,
      -0.18375231325626373,
      0.6629058122634888,
      0.680696964263916,
      -0.052737750113010406,
      0.7306644916534424,
      -0.09930115938186646,
      0.9815568923950195,
      0.163356751203537
    ],
    "userAcceleration" : [
      0.03450312465429306,
      -0.0005751252174377441,
      -0.008350372314453125
    ]
  },
  {
    "gravity" : [
      0.09971117973327637,
      -0.9818636178970337,
      -0.16125048696994781
    ],
    "timestamp" : 306294737930,
    "rotationMatrix" : [
      -0.7263015508651733,
      -0.18258976936340332,
      0.6626819372177124,
      0.6801059246063232,
      -0.05103987455368042,
      0.7313351631164551,
      -0.09971117973327637,
      0.9818636178970337,
      0.1612505316734314
    ],
    "userAcceleration" : [
      0.057454317808151245,
      -0.0016264915466308594,
      -0.018360674381256104
    ]
  },
  {
    "gravity" : [
      0.09988098591566086,
      -0.9822602868080139,
      -0.15870952606201172
    ],
    "timestamp" : 306294747947,
    "rotationMatrix" : [
      -0.7271161675453186,
      -0.1809389442205429,
      0.6622413396835327,
      0.6792100071907043,
      -0.049255095422267914,
      0.7322894930839539,
      -0.09988099336624146,
      0.9822602868080139,
      0.15870949625968933
    ],
    "userAcceleration" : [
      0.05800170451402664,
      -0.01007986068725586,
      -0.013668954372406006
    ]
  },
  {
    "gravity" : [
      0.09992124140262604,
      -0.9827002882957458,
      -0.15593574941158295
    ],
    "timestamp" : 306294757964,
    "rotationMatrix" : [
      -0.7283350825309753,
      -0.17901280522346497,
      0.6614248752593994,
      0.6778968572616577,
      -0.04748322069644928,
      0.7336220741271973,
      -0.09992125630378723,
      0.9827003479003906,
      0.15593568980693817
    ],
    "userAcceleration" : [
      0.03154847025871277,
      -0.02082449197769165,
      0.01367814838886261
    ]
  },
  {
    "gravity" : [
      0.10012629628181458,
      -0.9830948114395142,
      -0.15329550206661224
    ],
    "timestamp" : 306294767981,
    "rotationMatrix" : [
      -0.7297232747077942,
      -0.17729157209396362,
      0.6603574752807617,
      0.6763719916343689,
      -0.04574435204267502,
      0.7351385354995728,
      -0.10012629628181458,
      0.9830948114395142,
      0.15329551696777344
    ],
    "userAcceleration" : [
      0.005815453827381134,
      -0.02372598648071289,
      0.03851896524429321
    ]
  },
  {
    "gravity" : [
      0.10062616318464279,
      -0.983384907245636,
      -0.15109091997146606
    ],
    "timestamp" : 306294777998,
    "rotationMatrix" : [
      -0.7310685515403748,
      -0.17608802020549774,
      0.6591901779174805,
      0.6748430132865906,
      -0.04412602633237839,
      0.7366408705711365,
      -0.100626140832901,
      0.983384907245636,
      0.15109091997146606
    ],
    "userAcceleration" : [
      0.0034387484192848206,
      -0.020933330059051514,
      0.045057669281959534
    ]
  },
  {
    "gravity" : [
      0.10129110515117645,
      -0.983589768409729,
      -0.1493035852909088
    ],
    "timestamp" : 306294788015,
    "rotationMatrix" : [
      -0.7322283983230591,
      -0.17530351877212524,
      0.658111572265625,
      0.6734851598739624,
      -0.042663753032684326,
      0.7379688024520874,
      -0.10129109025001526,
      0.983589768409729,
      0.1493036150932312
    ],
    "userAcceleration" : [
      0.02340371161699295,
      -0.014136731624603271,
      0.0231897234916687
    ]
  },
  {
    "gravity" : [
      0.10191603749990463,
      -0.9837754964828491,
      -0.14764530956745148
    ],
    "timestamp" : 306294798032,
    "rotationMatrix" : [
      -0.7332706451416016,
      -0.17458844184875488,
      0.6571404337882996,
      0.6722557544708252,
      -0.041291043162345886,
      0.7391668558120728,
      -0.10191601514816284,
      0.9837754964828491,
      0.14764530956745148
    ],
    "userAcceleration" : [
      0.047467492520809174,
      -0.01186060905456543,
      -0.013548493385314941
    ]
  },
  {
    "gravity" : [
      0.10234126448631287,
      -0.9840185046195984,
      -0.14571921527385712
    ],
    "timestamp" : 306294808049,
    "rotationMatrix" : [
      -0.7343896627426147,
      -0.1735479235649109,
      0.6561656594276428,
      0.6709683537483215,
      -0.03986202925443649,
      0.7404139041900635,
      -0.10234129428863525,
      0.9840184450149536,
      0.14571917057037354
    ],
    "userAcceleration" : [
      0.06881654262542725,
      -0.0015468001365661621,
      -0.051103830337524414
    ]
  },
  {
    "gravity" : [
      0.10254991054534912,
      -0.9843635559082031,
      -0.1432211548089981
    ],
    "timestamp" : 306294818066,
    "rotationMatrix" : [
      -0.7355818748474121,
      -0.17196804285049438,
      0.655245840549469,
      0.6696294546127319,
      -0.03815586864948273,
      0.7417148947715759,
      -0.10254991054534912,
      0.9843634963035583,
      0.1432211846113205
    ],
    "userAcceleration" : [
      0.07405532151460648,
      0.0004919171333312988,
      -0.07137836515903473
    ]
  },
  {
    "gravity" : [
      0.10262130200862885,
      -0.9848024845123291,
      -0.14011789858341217
    ],
    "timestamp" : 306294828083,
    "rotationMatrix" : [
      -0.7367303967475891,
      -0.1698928326368332,
      0.6544960737228394,
      0.668354332447052,
      -0.036063991487026215,
      0.7429683804512024,
      -0.10262131690979004,
      0.9848025441169739,
      0.1401178538799286
    ],
    "userAcceleration" : [
      0.057809583842754364,
      -0.010024845600128174,
      -0.031131431460380554
    ]
  },
  {
    "gravity" : [
      0.10254567861557007,
      -0.985296368598938,
      -0.1366589516401291
    ],
    "timestamp" : 306294838100,
    "rotationMatrix" : [
      -0.7379137277603149,
      -0.1674780249595642,
      0.653784990310669,
      0.6670593023300171,
      -0.033799849450588226,
      0.7442376613616943,
      -0.10254567861557007,
      0.985296368598938,
      0.1366589367389679
    ],
    "userAcceleration" : [
      0.05788521468639374,
      -0.009531021118164062,
      -0.03459036350250244
    ]
  },
  {
    "gravity" : [
      0.10242249816656113,
      -0.9857959151268005,
      -0.13310204446315765
    ],
    "timestamp" : 306294848117,
    "rotationMatrix" : [
      -0.7388291358947754,
      -0.1649831235408783,
      0.6533852815628052,
      0.6660641431808472,
      -0.03141838312149048,
      0.7452326416969299,
      -0.10242250561714172,
      0.9857959151268005,
      0.13310199975967407
    ],
    "userAcceleration" : [
      0.037744730710983276,
      -0.012632489204406738,
      -0.010513588786125183
    ]
  },
  {
    "gravity" : [
      0.1023969054222107,
      -0.986264705657959,
      -0.1296030730009079
    ],
    "timestamp" : 306294858134,
    "rotationMatrix" : [
      -0.7399894595146179,
      -0.16259410977363586,
      0.6526706218719482,
      0.6647787094116211,
      -0.02907358855009079,
      0.7464745044708252,
      -0.1023968756198883,
      0.986264705657959,
      0.1296030879020691
    ],
    "userAcceleration" : [
      0.02238944172859192,
      -0.009401857852935791,
      0.008524671196937561
    ]
  },
  {
    "gravity" : [
      0.10259329527616501,
      -0.9866822361946106,
      -0.12622638046741486
    ],
    "timestamp" : 306294868151,
    "rotationMatrix" : [
      -0.7410898208618164,
      -0.1604611873626709,
      0.651949942111969,
      0.6635217666625977,
      -0.026659667491912842,
      0.7476820945739746,
      -0.1025933027267456,
      0.9866822957992554,
      0.12622636556625366
    ],
    "userAcceleration" : [
      0.011695019900798798,
      -0.004635632038116455,
      0.019063949584960938
    ]
  },
  {
    "gravity" : [
      0.1030481830239296,
      -0.9870448708534241,
      -0.1229780837893486
    ],
    "timestamp" : 306294878168,
    "rotationMatrix" : [
      -0.7423532605171204,
      -0.15860742330551147,
      0.6509652137756348,
      0.6620370745658875,
      -0.024212561547756195,
      0.7490800619125366,
      -0.10304820537567139,
      0.9870449304580688,
      0.12297806888818741
    ],
    "userAcceleration" : [
      0.008096814155578613,
      -0.0007023811340332031,
      0.018318116664886475
    ]
  },
  {
    "gravity" : [
      0.10375069081783295,
      -0.9873533248901367,
      -0.11987210065126419
    ],
    "timestamp" : 306294888185,
    "rotationMatrix" : [
      -0.743506669998169,
      -0.15704554319381714,
      0.6500266790390015,
      0.6606313586235046,
      -0.02168508619070053,
      0.7503973245620728,
      -0.10375067591667175,
      0.9873533248901367,
      0.11987213045358658
    ],
    "userAcceleration" : [
      0.009561046957969666,
      0.005434989929199219,
      0.015059538185596466
    ]
  },
  {
    "gravity" : [
      0.1045767143368721,
      -0.9876282811164856,
      -0.11685150861740112
    ],
    "timestamp" : 306294898202,
    "rotationMatrix" : [
      -0.7444477677345276,
      -0.15564757585525513,
      0.649285614490509,
      0.6594404578208923,
      -0.01908986270427704,
      0.7515145540237427,
      -0.1045767068862915,
      0.9876283407211304,
      0.11685146391391754
    ],
    "userAcceleration" : [
      0.022620536386966705,
      0.011157214641571045,
      0.0043027400970458984
    ]
  },
  {
    "gravity" : [
      0.10532991588115692,
      -0.9879006147384644,
      -0.11383424699306488
    ],
    "timestamp" : 306294908219,
    "rotationMatrix" : [
      -0.7455663681030273,
      -0.15420034527778625,
      0.6483467817306519,
      0.6580554246902466,
      -0.016580931842327118,
      0.752787172794342,
      -0.10532990097999573,
      0.9879006743431091,
      0.11383426934480667
    ],
    "userAcceleration" : [
      0.03187711536884308,
      0.01051408052444458,
      -0.0030785202980041504
    ]
  },
  {
    "gravity" : [
      0.10588091611862183,
      -0.9881856441497803,
      -0.1108081117272377
    ],
    "timestamp" : 306294918236,
    "rotationMatrix" : [
      -0.7466570138931274,
      -0.15260440111160278,
      0.6474682688713074,
      0.6567286252975464,
      -0.01418112963438034,
      0.753993570804596,
      -0.10588091611862183,
      0.9881855845451355,
      0.11080814152956009
    ],
    "userAcceleration" : [
      0.04792765527963638,
      0.012492835521697998,
      -0.0022746846079826355
    ]
  },
  {
    "gravity" : [
      0.10608574748039246,
      -0.9884968400001526,
      -0.10779646039009094
    ],
    "timestamp" : 306294928253,
    "rotationMatrix" : [
      -0.7476584911346436,
      -0.15076687932014465,
      0.6467429995536804,
      0.6555554866790771,
      -0.011984899640083313,
      0.7550520896911621,
      -0.10608571767807007,
      0.9884967803955078,
      0.10779647529125214
    ],
    "userAcceleration" : [
      0.05536749213933945,
      0.009736955165863037,
      0.0031212568283081055
    ]
  },
  {
    "gravity" : [
      0.10605359077453613,
      -0.9888141751289368,
      -0.10487771034240723
    ],
    "timestamp" : 306294938270,
    "rotationMatrix" : [
      -0.7484896183013916,
      -0.14882010221481323,
      0.6462323069572449,
      0.6546115279197693,
      -0.00996474176645279,
      0.7558998465538025,
      -0.10605359077453613,
      0.9888141751289368,
      0.10487767308950424
    ],
    "userAcceleration" : [
      0.03570054471492767,
      0.010176420211791992,
      0.012012787163257599
    ]
  },
  {
    "gravity" : [
      0.10601987689733505,
      -0.9891124367713928,
      -0.10206131637096405
    ],
    "timestamp" : 306294948287,
    "rotationMatrix" : [
      -0.749085009098053,
      -0.146946519613266,
      0.6459711194038391,
      0.6539355516433716,
      -0.007966987788677216,
      0.7565084099769592,
      -0.10601985454559326,
      0.9891124367713928,
      0.10206133872270584
    ],
    "userAcceleration" : [
      0.01070985198020935,
      0.013877391815185547,
      0.017771847546100616
    ]
  },
  {
    "gravity" : [
      0.10611096024513245,
      -0.9893819093704224,
      -0.09931828826665878
    ],
    "timestamp" : 306294958304,
    "rotationMatrix" : [
      -0.7499363422393799,
      -0.1452159583568573,
      0.6453745365142822,
      0.6529444456100464,
      -0.006001308560371399,
      0.7573822736740112,
      -0.10611096024513245,
      0.9893819093704224,
      0.09931831061840057
    ],
    "userAcceleration" : [
      -0.006410054862499237,
      0.016313552856445312,
      0.017210781574249268
    ]
  },
  {
    "gravity" : [
      0.106390580534935,
      -0.9896213412284851,
      -0.09659716486930847
    ],
    "timestamp" : 306294968321,
    "rotationMatrix" : [
      -0.7509825825691223,
      -0.14364615082740784,
      0.6445087194442749,
      0.6516952514648438,
      -0.003973416984081268,
      0.7584707140922546,
      -0.1063905656337738,
      0.9896213412284851,
      0.09659720212221146
    ],
    "userAcceleration" : [
      -0.019552811980247498,
      0.020443975925445557,
      0.017510950565338135
    ]
  },
  {
    "gravity" : [
      0.10693245381116867,
      -0.9898223280906677,
      -0.09390044212341309
    ],
    "timestamp" : 306294978338,
    "rotationMatrix" : [
      -0.7521680593490601,
      -0.14229726791381836,
      0.643424391746521,
      0.6502375602722168,
      -0.001826062798500061,
      0.7597288489341736,
      -0.10693246126174927,
      0.9898223280906677,
      0.09390042722225189
    ],
    "userAcceleration" : [
      -0.020888157188892365,
      0.02256762981414795,
      0.012662716209888458
    ]
  },
  {
    "gravity" : [
      0.10772402584552765,
      -0.989982008934021,
      -0.09127504378557205
    ],
    "timestamp" : 306294988355,
    "rotationMatrix" : [
      -0.7533860206604004,
      -0.14119282364845276,
      0.6422414183616638,
      0.6486948728561401,
      0.00041953474283218384,
      0.761048436164856,
      -0.10772401094436646,
      0.989982008934021,
      0.09127501398324966
    ],
    "userAcceleration" : [
      -0.009854182600975037,
      0.023017287254333496,
      0.006893999874591827
    ]
  },
  {
    "gravity" : [
      0.10853453725576401,
      -0.9901230335235596,
      -0.08875055611133575
    ],
    "timestamp" : 306294998372,
    "rotationMatrix" : [
      -0.754443347454071,
      -0.14017647504806519,
      0.6412220001220703,
      0.6473294496536255,
      0.002637520432472229,
      0.7622057199478149,
      -0.1085345447063446,
      0.9901230335235596,
      0.08875055611133575
    ],
    "userAcceleration" : [
      0.0257427841424942,
      0.02891087532043457,
      -0.003092043101787567
    ]
  },
  {
    "gravity" : [
      0.10905764997005463,
      -0.990286111831665,
      -0.08625724166631699
    ],
    "timestamp" : 306295008389,
    "rotationMatrix" : [
      -0.7553282976150513,
      -0.13896727561950684,
      0.6404436826705933,
      0.6462092399597168,
      0.004692345857620239,
      0.763146162033081,
      -0.10905763506889343,
      0.990286111831665,
      0.08625724911689758
    ],
    "userAcceleration" : [
      0.05311277508735657,
      0.030508100986480713,
      -0.015289969742298126
    ]
  },
  {
    "gravity" : [
      0.10916853696107864,
      -0.9904866814613342,
      -0.08377616852521896
    ],
    "timestamp" : 306295018405,
    "rotationMatrix" : [
      -0.756121814250946,
      -0.13745513558387756,
      0.6398327350616455,
      0.6452611684799194,
      0.006504565477371216,
      0.763934314250946,
      -0.10916852951049805,
      0.9904866814613342,
      0.08377620577812195
    ],
    "userAcceleration" : [
      0.055656880140304565,
      0.03006798028945923,
      -0.017633669078350067
    ]
  },
  {
    "gravity" : [
      0.10894392430782318,
      -0.9907126426696777,
      -0.08136261254549026
    ],
    "timestamp" : 306295028422,
    "rotationMatrix" : [
      -0.7568022012710571,
      -0.13573256134986877,
      0.639396071434021,
      0.6445012092590332,
      0.008082784712314606,
      0.7645606398582458,
      -0.10894390940666199,
      0.990712583065033,
      0.08136264234781265
    ],
    "userAcceleration" : [
      0.031620025634765625,
      0.02815765142440796,
      -0.006100714206695557
    ]
  },
  {
    "gravity" : [
      0.10873202979564667,
      -0.9909166693687439,
      -0.07913282513618469
    ],
    "timestamp" : 306295038439,
    "rotationMatrix" : [
      -0.7572928667068481,
      -0.13413846492767334,
      0.6391520500183105,
      0.6439610123634338,
      0.009569108486175537,
      0.7649987936019897,
      -0.10873201489448547,
      0.9909166097640991,
      0.07913285493850708
    ],
    "userAcceleration" : [
      -0.009992390871047974,
      0.02659153938293457,
      0.0058907195925712585
    ]
  },
  {
    "gravity" : [
      0.10882943868637085,
      -0.9910586476325989,
      -0.07719682157039642
    ],
    "timestamp" : 306295048456,
    "rotationMatrix" : [
      -0.7576481699943542,
      -0.13297033309936523,
      0.6389750242233276,
      0.6435264945030212,
      0.01105085015296936,
      0.7653444409370422,
      -0.10882943868637085,
      0.9910586476325989,
      0.07719680666923523
    ],
    "userAcceleration" : [
      -0.03963083773851395,
      0.02566540241241455,
      0.009096913039684296
    ]
  },
  {
    "gravity" : [
      0.1093112975358963,
      -0.9911383986473083,
      -0.07547134160995483
    ],
    "timestamp" : 306295058473,
    "rotationMatrix" : [
      -0.7579570412635803,
      -0.13223329186439514,
      0.6387612819671631,
      0.6430805921554565,
      0.012619592249393463,
      0.7656946778297424,
      -0.1093113124370575,
      0.9911383986473083,
      0.07547131925821304
    ],
    "userAcceleration" : [
      -0.039609163999557495,
      0.024494051933288574,
      0.0016646385192871094
    ]
  },
  {
    "gravity" : [
      0.11001834273338318,
      -0.9911877512931824,
      -0.07377742230892181
    ],
    "timestamp" : 306295068490,
    "rotationMatrix" : [
      -0.7583259344100952,
      -0.13169243931770325,
      0.6384351253509521,
      0.6425249576568604,
      0.014291979372501373,
      0.7661316394805908,
      -0.11001834273338318,
      0.9911876916885376,
      0.07377741485834122
    ],
    "userAcceleration" : [
      -0.021441087126731873,
      0.024039804935455322,
      -0.013533294200897217
    ]
  },
  {
    "gravity" : [
      0.11080693453550339,
      -0.991229772567749,
      -0.07201072573661804
    ],
    "timestamp" : 306295078507,
    "rotationMatrix" : [
      -0.7588601112365723,
      -0.13117358088493347,
      0.6379069089889526,
      0.6417582035064697,
      0.01603824645280838,
      0.7667394876480103,
      -0.1108069121837616,
      0.991229772567749,
      0.07201070338487625
    ],
    "userAcceleration" : [
      -0.004483699798583984,
      0.022098243236541748,
      -0.019358813762664795
    ]
  },
  {
    "gravity" : [
      0.11163367331027985,
      -0.9912651181221008,
      -0.07022605836391449
    ],
    "timestamp" : 306295088524,
    "rotationMatrix" : [
      -0.7595143914222717,
      -0.13067904114723206,
      0.6372295618057251,
      0.6408404111862183,
      0.01779831200838089,
      0.7674680352210999,
      -0.11163365840911865,
      0.9912651181221008,
      0.0702260211110115
    ],
