[
  {
    "rotationMatrix" : [
      -0.9698072671890259,
      0.09526054561138153,
      0.22449973225593567,
      0.2432633489370346,
      0.3127475380897522,
      0.9181569218635559,
      0.017252348363399506,
      0.9450474381446838,
      -0.3264785408973694
    ],
    "gravity" : [
      -0.017252344638109207,
      -0.9450474381446838,
      0.3264784514904022
    ],
    "userAcceleration" : [
      -0.015874484553933144,
      0.02552211284637451,
      -0.09025704860687256
    ],
    "timestamp" : 306314392057
  },
  {
    "rotationMatrix" : [
      -0.969415545463562,
      0.09596261382102966,
      0.22588767111301422,
      0.24487042427062988,
      0.3162762224674225,
      0.9165195226669312,
      0.016508668661117554,
      0.9438011646270752,
      -0.33010169863700867
    ],
    "gravity" : [
      -0.016508670523762703,
      -0.9438011646270752,
      0.3301016688346863
    ],
    "userAcceleration" : [
      -0.036134153604507446,
      0.02787703275680542,
      -0.0847402811050415
    ],
    "timestamp" : 306314402075
  },
  {
    "rotationMatrix" : [
      -0.9689999222755432,
      0.0965195745229721,
      0.22742749750614166,
      0.24657012522220612,
      0.31978920102119446,
      0.9148432612419128,
      0.015571415424346924,
      0.9425597786903381,
      -0.3336745798587799
    ],
    "gravity" : [
      -0.015571420080959797,
      -0.9425597786903381,
      0.3336746096611023
    ],
    "userAcceleration" : [
      -0.027626236900687218,
      0.03101491928100586,
      -0.06598964333534241
    ],
    "timestamp" : 306314412092
  },
  {
    "rotationMatrix" : [
      -0.9684661626815796,
      0.09725665301084518,
      0.22937875986099243,
      0.24871113896369934,
      0.3230537176132202,
      0.9131150245666504,
      0.01470484584569931,
      0.9413700103759766,
      -0.3370554447174072
    ],
    "gravity" : [
      -0.014704848639667034,
      -0.9413700103759766,
      0.33705541491508484
    ],
    "userAcceleration" : [
      0.006266727112233639,
      0.03931617736816406,
      -0.053348690271377563
    ],
    "timestamp" : 306314422110
  },
  {
    "rotationMatrix" : [
      -0.9677402973175049,
      0.09822660684585571,
      0.23201406002044678,
      0.2515677809715271,
      0.3259858787059784,
      0.9112886190414429,
      0.013879463076591492,
      0.9402579069137573,
      -0.3401804268360138
    ],
    "gravity" : [
      -0.013879460282623768,
      -0.9402578473091125,
      0.34018048644065857
    ],
    "userAcceleration" : [
      0.03275458142161369,
      0.04769492149353027,
      -0.040299445390701294
    ],
    "timestamp" : 306314432128
  },
  {
    "rotationMatrix" : [
      -0.9668362140655518,
      0.09921792894601822,
      0.2353382110595703,
      0.2550732493400574,
      0.32864895462989807,
      0.909355640411377,
      0.012880675494670868,
      0.9392261505126953,
      -0.3430577218532562
    ],
    "gravity" : [
      -0.01288068387657404,
      -0.9392262101173401,
      0.343057781457901
    ],
    "userAcceleration" : [
      0.017000557854771614,
      0.04843324422836304,
      -0.028345108032226562
    ],
    "timestamp" : 306314442146
  },
  {
    "rotationMatrix" : [
      -0.9654490351676941,
      0.10028430819511414,
      0.24052387475967407,
      0.26036161184310913,
      0.33232390880584717,
      0.9065169095993042,
      0.010977543890476227,
      0.9378187656402588,
      -0.3469521403312683
    ],
    "gravity" : [
      -0.0109775485470891,
      -0.9378188252449036,
      0.3469521701335907
    ],
    "userAcceleration" : [
      -0.09516259282827377,
      0.029005229473114014,
      -0.015180230140686035
    ],
    "timestamp" : 306314457172
  },
  {
    "rotationMatrix" : [
      -0.9647844433784485,
      0.10046753287315369,
      0.243100106716156,
      0.2628687024116516,
      0.33465319871902466,
      0.9049350619316101,
      0.009562335908412933,
      0.9369705319404602,
      -0.3492780923843384
    ],
    "gravity" : [
      -0.009562337771058083,
      -0.9369704723358154,
      0.34927812218666077
    ],
    "userAcceleration" : [
      -0.09657780826091766,
      0.028156936168670654,
      -0.017506152391433716
    ],
    "timestamp" : 306314467190
  },
  {
    "rotationMatrix" : [
      -0.9642333388328552,
      0.10050353407859802,
      0.2452627569437027,
      0.2649286091327667,
      0.3367345631122589,
      0.9035612344741821,
      0.008222594857215881,
      0.936220645904541,
      -0.3513171970844269
    ],
    "gravity" : [
      -0.008222599513828754,
      -0.9362205862998962,
      0.3513171374797821
    ],
    "userAcceleration" : [
      -0.10641668736934662,
      0.01904517412185669,
      -0.006468415260314941
    ],
    "timestamp" : 306314477208
  },
  {
    "rotationMatrix" : [
      -0.9639109373092651,
      0.10010413825511932,
      0.2466888129711151,
      0.2661392092704773,
      0.33868247270584106,
      0.9024767279624939,
      0.006792448461055756,
      0.9355605244636536,
      -0.35310155153274536
    ],
    "gravity" : [
      -0.006792453117668629,
      -0.9355605244636536,
      0.3531014919281006
    ],
    "userAcceleration" : [
      -0.09860001504421234,
      0.016248881816864014,
      -0.0019050836563110352
    ],
    "timestamp" : 306314487225
  },
  {
    "rotationMatrix" : [
      -0.9636417627334595,
      0.0994534119963646,
      0.24799969792366028,
      0.2671467959880829,
      0.3404175043106079,
      0.9015257358551025,
      0.005236349999904633,
      0.9350000619888306,
      -0.35460925102233887
    ],
    "gravity" : [
      -0.005236349999904633,
      -0.9350000619888306,
      0.35460934042930603
    ],
    "userAcceleration" : [
      -0.07597093284130096,
      0.012758731842041016,
      -0.007776975631713867
    ],
    "timestamp" : 306314497243
  },
  {
    "rotationMatrix" : [
      -0.9633345603942871,
      0.09889622032642365,
      0.24941176176071167,
      0.26827675104141235,
      0.3419544994831085,
      0.9006080031394958,
      0.0037792399525642395,
      0.934498131275177,
      -0.35594817996025085
    ],
    "gravity" : [
      -0.003779240418225527,
      -0.9344980716705322,
      0.35594820976257324
    ],
    "userAcceleration" : [
      -0.04126470908522606,
      0.010624170303344727,
      -0.02362695336341858
    ],
    "timestamp" : 306314507261
  },
  {
    "rotationMatrix" : [
      -0.9629055261611938,
      0.09867444634437561,
      0.25115126371383667,
      0.269828200340271,
      0.34340542554855347,
      0.8995919227600098,
      0.0025199800729751587,
      0.933989405632019,
      -0.3572923541069031
    ],
    "gravity" : [
      -0.002519985195249319,
      -0.933989405632019,
      0.3572922646999359
    ],
    "userAcceleration" : [
      -0.026944734156131744,
      0.010344266891479492,
      -0.03446197509765625
    ],
    "timestamp" : 306314517279
  },
  {
    "rotationMatrix" : [
      -0.9623752236366272,
      0.0987449511885643,
      0.25314921140670776,
      0.2717222273349762,
      0.344751238822937,
      0.8985065221786499,
      0.0014494210481643677,
      0.9334861040115356,
      -0.3586116433143616
    ],
    "gravity" : [
      -0.0014494159258902073,
      -0.9334861040115356,
      0.3586115837097168
    ],
    "userAcceleration" : [
      -0.04133623465895653,
      0.002638697624206543,
      -0.02017149329185486
    ],
    "timestamp" : 306314527296
  },
  {
    "rotationMatrix" : [
      -0.9617589712142944,
      0.09891713410615921,
      0.25541284680366516,
      0.27389800548553467,
      0.3458132743835449,
      0.8974370360374451,
      0.00044670701026916504,
      0.9330748915672302,
      -0.35968244075775146
    ],
    "gravity" : [
      -0.00044670351780951023,
      -0.9330748915672302,
      0.35968244075775146
    ],
    "userAcceleration" : [
      -0.07699166983366013,
      -0.0008546710014343262,
      -0.009111642837524414
    ],
    "timestamp" : 306314537314
  },
  {
    "rotationMatrix" : [
      -0.9610773921012878,
      0.09890367090702057,
      0.25797101855278015,
      0.2762795090675354,
      0.3466578423976898,
      0.896380603313446,
      -0.0007723867893218994,
      0.9327629208564758,
      -0.3604902923107147
    ],
    "gravity" : [
      0.0007723834132775664,
      -0.932762861251831,
      0.36049023270606995
    ],
    "userAcceleration" : [
      -0.1402529776096344,
      0.003502488136291504,
      -0.05445981025695801
    ],
    "timestamp" : 306314547332
  },
  {
    "rotationMatrix" : [
      -0.9605364799499512,
      0.09851288050413132,
      0.2601262927055359,
      0.2781466543674469,
      0.3476310074329376,
      0.8954257965087891,
      -0.002217039465904236,
      0.9324420690536499,
      -0.3613135516643524
    ],
    "gravity" : [
      0.0022170390002429485,
      -0.9324420094490051,
      0.3613135516643524
    ],
    "userAcceleration" : [
      -0.14169763028621674,
      0.0031815767288208008,
      -0.055283159017562866
    ],
    "timestamp" : 306314557350
  },
  {
    "rotationMatrix" : [
      -0.9602441191673279,
      0.09810091555118561,
      0.2613568902015686,
      0.2791403532028198,
      0.348981112241745,
      0.8945909142494202,
      -0.0034484416246414185,
      0.9319809079170227,
      -0.3624909818172455
    ],
    "gravity" : [
      0.003448447212576866,
      -0.9319809079170227,
      0.36249104142189026
    ],
    "userAcceleration" : [
      -0.1487121284008026,
      0.004811108112335205,
      -0.08500984311103821
    ],
    "timestamp" : 306314567368
  },
  {
    "rotationMatrix" : [
      -0.9603963494300842,
      0.09756115078926086,
      0.26100027561187744,
      0.2786048352718353,
      0.35075175762176514,
      0.894065260887146,
      -0.004320293664932251,
      0.9313727617263794,
      -0.36404186487197876
    ],
    "gravity" : [
      0.004320288542658091,
      -0.9313727617263794,
      0.36404183506965637
    ],
    "userAcceleration" : [
      -0.14358727633953094,
      -0.012108802795410156,
      -0.08442437648773193
    ],
    "timestamp" : 306314577385
  },
  {
    "rotationMatrix" : [
      -0.9607780575752258,
      0.09689619392156601,
      0.2598413825035095,
      0.2772749066352844,
      0.3525521159172058,
      0.8937705755233765,
      -0.005004718899726868,
      0.9307622909545898,
      -0.36559152603149414
    ],
    "gravity" : [
      0.005004724022001028,
      -0.9307622909545898,
      0.36559146642684937
    ],
    "userAcceleration" : [
      -0.10430892556905746,
      -0.004266023635864258,
      -0.0527099072933197
    ],
    "timestamp" : 306314587403
  },
  {
    "rotationMatrix" : [
      -0.9610093832015991,
      0.09628084301948547,
      0.2592129409313202,
      0.276457279920578,
      0.3539353609085083,
      0.8934770822525024,
      -0.005719929933547974,
      0.9303009510040283,
      -0.36675286293029785
    ],
    "gravity" : [
      0.005719921085983515,
      -0.9303009510040283,
      0.36675286293029785
    ],
    "userAcceleration" : [
      -0.047406941652297974,
      -0.005490124225616455,
      -0.03449264168739319
    ],
    "timestamp" : 306314597421
  },
  {
    "rotationMatrix" : [
      -0.9608463644981384,
      0.09614405035972595,
      0.2598666846752167,
      0.2770097851753235,
      0.3547106087207794,
      0.8929983377456665,
      -0.0063210129737854,
      0.930019736289978,
      -0.36745527386665344
    ],
    "gravity" : [
      0.006321017164736986,
      -0.930019736289978,
      0.36745527386665344
    ],
    "userAcceleration" : [
      -0.010898672975599766,
      -0.023501932621002197,
      -0.04212254285812378
    ],
    "timestamp" : 306314607439
  },
  {
    "rotationMatrix" : [
      -0.9606328010559082,
      0.09609948843717575,
      0.2606719434261322,
      0.27773910760879517,
      0.3550814986228943,
      0.8926243782043457,
      -0.006779074668884277,
      0.9298828840255737,
      -0.36779361963272095
    ],
    "gravity" : [
      0.006779066752642393,
      -0.9298828840255737,
      0.36779361963272095
    ],
    "userAcceleration" : [
      -0.01465261448174715,
      -0.024218738079071045,
      -0.05265370011329651
    ],
    "timestamp" : 306314617456
  },
  {
    "rotationMatrix" : [
      -0.9596312642097473,
      0.09696685522794724,
      0.26401811838150024,
      0.2811674475669861,
      0.355023056268692,
      0.8915736079216003,
      -0.007279440760612488,
      0.9298151135444641,
      -0.3679552376270294
    ],
    "gravity" : [
      0.007279439363628626,
      -0.9298151731491089,
      0.3679552376270294
    ],
    "userAcceleration" : [
      -0.05125526711344719,
      -0.02097529172897339,
      -0.06409159302711487
    ],
    "timestamp" : 306314627474
  },
  {
    "rotationMatrix" : [
      -0.9583889842033386,
      0.09810373187065125,
      0.2680789828300476,
      0.28535956144332886,
      0.3548496663570404,
      0.8903098106384277,
      -0.007785022258758545,
      0.9297620058059692,
      -0.36807891726493835
    ],
    "gravity" : [
      0.007785023655742407,
      -0.9297620058059692,
      0.36807888746261597
    ],
    "userAcceleration" : [
      -0.09663695096969604,
      -0.02536189556121826,
      -0.07607141137123108
    ],
    "timestamp" : 306314637492
  },
  {
    "rotationMatrix" : [
      -0.957295298576355,
      0.0992935448884964,
      0.27152758836746216,
      0.2890006899833679,
      0.3548424541950226,
      0.8891375660896301,
      -0.00806395709514618,
      0.9296385645866394,
      -0.3683851659297943
    ],
    "gravity" : [
      0.00806394498795271,
      -0.9296385049819946,
      0.36838510632514954
    ],
    "userAcceleration" : [
      -0.12615172564983368,
      -0.03193998336791992,
      -0.0821605920791626
    ],
    "timestamp" : 306314647510
  },
  {
    "rotationMatrix" : [
      -0.9566439390182495,
      0.10037095844745636,
      0.27342110872268677,
      0.2911533713340759,
      0.3551555871963501,
      0.8883099555969238,
      -0.007946565747261047,
      0.9294033050537109,
      -0.36898112297058105
    ],
    "gravity" : [
      0.007946568541228771,
      -0.9294033050537109,
      0.3689810335636139
    ],
    "userAcceleration" : [
      -0.12603434920310974,
      -0.032175302505493164,
      -0.08275648951530457
    ],
    "timestamp" : 306314657527
  },
  {
    "rotationMatrix" : [
      -0.9559872150421143,
      0.10164637118577957,
      0.27524012327194214,
      0.2933101952075958,
      0.35547399520874023,
      0.8874725699424744,
      -0.007632389664649963,
      0.9291428923606873,
      -0.3696427345275879
    ],
    "gravity" : [
      0.007632389198988676,
      -0.9291428923606873,
      0.3696427345275879
    ],
    "userAcceleration" : [
      -0.13211362063884735,
      -0.036921799182891846,
      -0.06230005621910095
    ],
    "timestamp" : 306314667545
  },
  {
    "rotationMatrix" : [
      -0.9553883075714111,
      0.10267040133476257,
      0.2769346237182617,
      0.2952597141265869,
      0.35569876432418823,
      0.8867357969284058,
      -0.007463857531547546,
      0.9289442300796509,
      -0.37014514207839966
    ],
    "gravity" : [
      0.0074638486839830875,
      -0.9289442300796509,
      0.3701450824737549
    ],
    "userAcceleration" : [
      -0.12373583018779755,
      -0.030650734901428223,
      -0.043973058462142944
    ],
    "timestamp" : 306314677563
  },
  {
    "rotationMatrix" : [
      -0.9546254277229309,
      0.103643037378788,
      0.2791934907436371,
      0.29771485924720764,
      0.35583385825157166,
      0.8858602046966553,
      -0.00753331184387207,
      0.9287844896316528,
      -0.37054428458213806
    ],
    "gravity" : [
      0.007533298805356026,
      -0.9287844896316528,
      0.37054434418678284
    ],
    "userAcceleration" : [
      -0.11555027216672897,
      -0.03358745574951172,
      -0.0500943660736084
    ],
    "timestamp" : 306314687581
  },
  {
    "rotationMatrix" : [
      -0.9538359045982361,
      0.10463058203458786,
      0.281514048576355,
      0.30023193359375,
      0.356067419052124,
      0.884916365146637,
      -0.0076487064361572266,
      0.9285841584205627,
      -0.37104350328445435
    ],
    "gravity" : [
      0.007648712955415249,
      -0.9285842180252075,
      0.37104353308677673
    ],
    "userAcceleration" : [
      -0.11594033986330032,
      -0.03687012195587158,
      -0.06277009844779968
    ],
    "timestamp" : 306314697598
  },
  {
    "rotationMatrix" : [
      -0.9530586004257202,
      0.105738565325737,
      0.28372326493263245,
      0.3026893734931946,
      0.35642722249031067,
      0.8839337229728699,
      -0.0076608359813690186,
      0.928320586681366,
      -0.37170204520225525
    ],
    "gravity" : [
      0.007660828065127134,
      -0.928320586681366,
      0.37170201539993286
    ],
    "userAcceleration" : [
      -0.11822601407766342,
      -0.03603494167327881,
      -0.05315938591957092
    ],
    "timestamp" : 306314707616
  },
  {
    "rotationMatrix" : [
      -0.9524203538894653,
      0.10700295865535736,
      0.28538817167282104,
      0.3047006130218506,
      0.35675910115242004,
      0.8831084966659546,
      -0.007319644093513489,
      0.9280482530593872,
      -0.37238869071006775
    ],
    "gravity" : [
      0.007319651078432798,
      -0.9280481934547424,
      0.37238866090774536
    ],
    "userAcceleration" : [
      -0.10764619708061218,
      -0.03545290231704712,
      -0.038038015365600586
    ],
    "timestamp" : 306314717634
  },
  {
    "rotationMatrix" : [
      -0.9518023729324341,
      0.108510822057724,
      0.28687673807144165,
      0.30664247274398804,
      0.3567146062850952,
      0.8824541568756104,
      -0.006577357649803162,
      0.9278903007507324,
      -0.37279605865478516
    ],
    "gravity" : [
      0.006577351596206427,
      -0.9278902411460876,
      0.37279608845710754
    ],
    "userAcceleration" : [
      -0.08505331724882126,
      -0.032543957233428955,
      -0.015862315893173218
    ],
    "timestamp" : 306314727652
  },
  {
    "rotationMatrix" : [
      -0.9510217905044556,
      0.11013942211866379,
      0.28883713483810425,
      0.3090708553791046,
      0.3560953140258789,
      0.8818567395210266,
      -0.005726367235183716,
      0.9279361367225647,
      -0.37269532680511475
    ],
    "gravity" : [
      0.005726363975554705,
      -0.9279361367225647,
      0.37269529700279236
    ],
    "userAcceleration" : [
      -0.07614567875862122,
      -0.018703877925872803,
      -0.004760086536407471
    ],
    "timestamp" : 306314737670
  },
  {
    "rotationMatrix" : [
      -0.950007975101471,
      0.11177355796098709,
      0.2915337085723877,
      0.3121866285800934,
      0.3549220561981201,
      0.8812320828437805,
      -0.004973322153091431,
      0.928190290927887,
      -0.37207311391830444
    ],
    "gravity" : [
      0.004973319359123707,
      -0.928190290927887,
      0.37207314372062683
    ],
    "userAcceleration" : [
      -0.08573811501264572,
      -0.024431288242340088,
      -0.024004817008972168
    ],
    "timestamp" : 306314747687
  },
  {
    "rotationMatrix" : [
      -0.9488841891288757,
      0.11351723968982697,
      0.2945055663585663,
      0.3155977129936218,
      0.35370364785194397,
      0.880506694316864,
      -0.004215061664581299,
      0.9284437298774719,
      -0.37144985795021057
    ],
    "gravity" : [
      0.0042150625959038734,
      -0.9284437894821167,
      0.3714498281478882
    ],
    "userAcceleration" : [
      -0.1025732159614563,
      -0.015571951866149902,
      -0.07860299944877625
    ],
    "timestamp" : 306314757705
  },
  {
    "rotationMatrix" : [
      -0.9479413628578186,
      0.11544013768434525,
      0.2967853248119354,
      0.318430095911026,
      0.3529825806617737,
      0.8797760009765625,
      -0.00319865345954895,
      0.9284811019897461,
      -0.37136662006378174
    ],
    "gravity" : [
      0.003198649501428008,
      -0.9284811019897461,
      0.3713666498661041
    ],
    "userAcceleration" : [
      -0.12897685170173645,
      -0.016160190105438232,
      -0.1184825599193573
    ],
    "timestamp" : 306314767723
  },
  {
    "rotationMatrix" : [
      -0.9474366903305054,
      0.1172708049416542,
      0.29767799377441406,
      0.3199384808540344,
      0.3530815839767456,
      0.8791888356208801,
      -0.0020015090703964233,
      0.9282140135765076,
      -0.372042179107666
    ],
    "gravity" : [
      0.0020015069749206305,
      -0.9282139539718628,
      0.37204208970069885
    ],
    "userAcceleration" : [
      -0.14625811576843262,
      -0.009347200393676758,
      -0.11604523658752441
    ],
    "timestamp" : 306314777741
  },
  {
    "rotationMatrix" : [
      -0.9475234150886536,
      0.1186399981379509,
      0.29685765504837036,
      0.3196862041950226,
      0.3539683520793915,
      0.8789239525794983,
      -0.0008027255535125732,
      0.9277021288871765,
      -0.3733210265636444
    ],
    "gravity" : [
      0.0008027271251194179,
      -0.9277020692825317,
      0.3733210563659668
    ],
    "userAcceleration" : [
      -0.16193553805351257,
      -0.026536941528320312,
      -0.09509217739105225
    ],
    "timestamp" : 306314787758
  },
  {
    "rotationMatrix" : [
      -0.9478506445884705,
      0.11947406828403473,
      0.29547441005706787,
      0.3187149167060852,
      0.35552316904067993,
      0.8786490559577942,
      -7.225573062896729e-05,
      0.927000105381012,
      -0.37506103515625
    ],
    "gravity" : [
      7.224323053378612e-05,
      -0.9270001649856567,
      0.37506103515625
    ],
    "userAcceleration" : [
      -0.15862633287906647,
      -0.04078853130340576,
      -0.06526178121566772
    ],
    "timestamp" : 306314797776
  },
  {
    "rotationMatrix" : [
      -0.9482809901237488,
      0.11996763944625854,
      0.2938899099826813,
      0.3174324333667755,
      0.35720548033714294,
      0.878430962562561,
      0.00040417909622192383,
      0.926289439201355,
      -0.3768129050731659
    ],
    "gravity" : [
      -0.0004041918436996639,
      -0.926289439201355,
      0.37681281566619873
    ],
    "userAcceleration" : [
      -0.11681383103132248,
      -0.020732104778289795,
      -0.04375913739204407
    ],
    "timestamp" : 306314807794
  },
  {
    "rotationMatrix" : [
      -0.9487452507019043,
      0.12035534530878067,
      0.2922288775444031,
      0.3160416781902313,
      0.35871076583862305,
      0.8783190846443176,
      0.0008846968412399292,
      0.9256572127342224,
      -0.37836265563964844
    ],
    "gravity" : [
      -0.0008847064455039799,
      -0.9256572723388672,
      0.37836262583732605
    ],
    "userAcceleration" : [
      -0.07238800078630447,
      -0.015260815620422363,
      -0.04135692119598389
    ],
    "timestamp" : 306314817812
  },
  {
    "rotationMatrix" : [
      -0.9490658044815063,
      0.1209174171090126,
      0.2909524738788605,
      0.3150750696659088,
      0.3599918484687805,
      0.8781421780586243,
      0.0014421343803405762,
      0.9250864386558533,
      -0.37975412607192993
    ],
    "gravity" : [
      -0.001442127046175301,
      -0.9250863790512085,
      0.37975409626960754
    ],
    "userAcceleration" : [
      -0.04849990829825401,
      -0.024239182472229004,
      -0.04517450928688049
    ],
    "timestamp" : 306314827830
  },
  {
    "rotationMatrix" : [
      -0.9491694569587708,
      0.12183733284473419,
      0.2902306914329529,
      0.31475961208343506,
      0.3611147999763489,
      0.8777942657470703,
      0.0021414607763290405,
      0.9245280027389526,
      -0.3811088800430298
    ],
    "gravity" : [
      -0.002141455886885524,
      -0.9245280027389526,
      0.381108820438385
    ],
    "userAcceleration" : [
      -0.039606619626283646,
      -0.020708441734313965,
      -0.05681365728378296
    ],
    "timestamp" : 306314837847
  },
  {
    "rotationMatrix" : [
      -0.9491482973098755,
      0.12306510657072067,
      0.2897801399230957,
      0.31481486558914185,
      0.3621566593647003,
      0.8773449659347534,
      0.0030247271060943604,
      0.9239575862884521,
      -0.3824830949306488
    ],
    "gravity" : [
      -0.0030247324611991644,
      -0.9239575266838074,
      0.3824831545352936
    ],
    "userAcceleration" : [
      -0.03377949073910713,
      -0.02172112464904785,
      -0.058950960636138916
    ],
    "timestamp" : 306314847865
  },
  {
    "rotationMatrix" : [
      -0.9489331841468811,
      0.12472642213106155,
      0.28977465629577637,
      0.3154503405094147,
      0.36308878660202026,
      0.876731276512146,
      0.004137605428695679,
      0.9233688116073608,
      -0.3838920593261719
    ],
    "gravity" : [
      -0.004137607757002115,
      -0.9233687520027161,
      0.3838919997215271
    ],
    "userAcceleration" : [
      -0.03938046470284462,
      -0.028962790966033936,
      -0.0495719313621521
    ],
    "timestamp" : 306314857883
  },
  {
    "rotationMatrix" : [
      -0.9486769437789917,
      0.1267480105161667,
      0.28973615169525146,
      0.3161974549293518,
      0.36395981907844543,
      0.8761007189750671,
      0.0055917054414749146,
      0.9227504134178162,
      -0.38535770773887634
    ],
    "gravity" : [
      -0.0055917054414749146,
      -0.9227503538131714,
      0.38535770773887634
    ],
    "userAcceleration" : [
      -0.05243748798966408,
      -0.03277027606964111,
      -0.049710094928741455
    ],
    "timestamp" : 306314867901
  },
  {
    "rotationMatrix" : [
      -0.9485545754432678,
      0.1290452480316162,
      0.28912222385406494,
      0.3165244162082672,
      0.36479824781417847,
      0.8756337761878967,
      0.00752510130405426,
      0.9221006035804749,
      -0.38687705993652344
    ],
    "gravity" : [
      -0.007525098510086536,
      -0.9221006631851196,
      0.38687700033187866
    ],
    "userAcceleration" : [
      -0.05828607827425003,
      -0.03786027431488037,
      -0.05017656087875366
    ],
    "timestamp" : 306314877918
  },
  {
    "rotationMatrix" : [
      -0.948429524898529,
      0.13138312101364136,
      0.28847986459732056,
      0.3168458044528961,
      0.36554813385009766,
      0.875204861164093,
      0.009533822536468506,
      0.9214734435081482,
      -0.388325035572052
    ],
    "gravity" : [
      -0.009533804841339588,
      -0.9214733839035034,
      0.3883250951766968
    ],
    "userAcceleration" : [
      -0.062411390244960785,
      -0.03960162401199341,
      -0.02902621030807495
    ],
    "timestamp" : 306314887936
  },
  {
    "rotationMatrix" : [
      -0.9481938481330872,
      0.13320596516132355,
      0.2884185314178467,
      0.3175075650215149,
      0.3662905693054199,
      0.8746544718742371,
      0.010864168405532837,
      0.920916736125946,
      -0.38960856199264526
    ],
    "gravity" : [
      -0.010864157229661942,
      -0.920916736125946,
      0.38960856199264526
    ],
    "userAcceleration" : [
      -0.08981335163116455,
      -0.03950214385986328,
      -0.023183882236480713
    ],
    "timestamp" : 306314897954
  },
  {
    "rotationMatrix" : [
      -0.9476944804191589,
      0.13473591208457947,
      0.28934794664382935,
      0.31897178292274475,
      0.3670327961444855,
      0.8738101124763489,
      0.011533364653587341,
      0.9203984141349792,
      -0.3908121883869171
    ],
    "gravity" : [
      -0.011533365584909916,
      -0.920398473739624,
      0.39081209897994995
    ],
    "userAcceleration" : [
      -0.05867232754826546,
      -0.0370754599571228,
      -0.0198555588722229
    ],
    "timestamp" : 306314907972
  },
  {
    "rotationMatrix" : [
      -0.9468966126441956,
      0.13632693886756897,
      0.2912087142467499,
      0.32132020592689514,
      0.3677622377872467,
      0.8726422786712646,
      0.01186901330947876,
      0.9198728799819946,
      -0.39203765988349915
    ],
    "gravity" : [
      -0.011869018897414207,
      -0.9198728799819946,
      0.3920377194881439
    ],
    "userAcceleration" : [
      -0.04495472088456154,
      -0.021884500980377197,
      -0.026436984539031982
    ],
    "timestamp" : 306314917990
  },
  {
    "rotationMatrix" : [
      -0.9458755254745483,
      0.1379985213279724,
      0.29372841119766235,
      0.3243101239204407,
      0.36859673261642456,
      0.8711828589439392,
      0.011954590678215027,
      0.9192894101142883,
      -0.3934010863304138
    ],
    "gravity" : [
      -0.01195458136498928,
      -0.9192893505096436,
      0.39340102672576904
    ],
    "userAcceleration" : [
      -0.05873939394950867,
      -0.01602870225906372,
      -0.03776434063911438
    ],
    "timestamp" : 306314928007
  },
  {
    "rotationMatrix" : [
      -0.9447389245033264,
      0.13960543274879456,
      0.2966129779815674,
      0.32761383056640625,
      0.36962631344795227,
      0.8695089221000671,
      0.0117521733045578,
      0.9186331629753113,
      -0.3949371874332428
    ],
    "gravity" : [
      -0.01175217516720295,
      -0.9186331033706665,
      0.3949371576309204
    ],
    "userAcceleration" : [
      -0.0855226218700409,
      -0.02016395330429077,
      -0.03609612584114075
    ],
    "timestamp" : 306314938025
  },
  {
    "rotationMatrix" : [
      -0.9436550736427307,
      0.14090298116207123,
      0.299436092376709,
      0.3307420015335083,
      0.37094271183013916,
      0.8677623867988586,
      0.011196613311767578,
      0.9179041981697083,
      -0.396644651889801
    ],
    "gravity" : [
      -0.011196608655154705,
      -0.9179041385650635,
      0.3966447114944458
    ],
    "userAcceleration" : [
      -0.11095002293586731,
      -0.01247018575668335,
      -0.041419923305511475
    ],
    "timestamp" : 306314948043
  },
  {
    "rotationMatrix" : [
      -0.9427531957626343,
      0.14187128841876984,
      0.3018093705177307,
      0.33333057165145874,
      0.37278318405151367,
      0.8659811615943909,
      0.010348424315452576,
      0.9170088171958923,
      -0.3987325429916382
    ],
    "gravity" : [
      -0.010348432697355747,
      -0.9170088768005371,
      0.3987325429916382
    ],
    "userAcceleration" : [
      -0.11709297448396683,
      -0.005522251129150391,
      -0.06905108690261841
    ],
    "timestamp" : 306314958061
  },
  {
    "rotationMatrix" : [
      -0.9421026110649109,
      0.1427702009677887,
      0.303413987159729,
      0.3351927399635315,
      0.37547147274017334,
      0.8640990257263184,
      0.009444251656532288,
      0.9157718420028687,
      -0.4015883803367615
    ],
    "gravity" : [
      -0.009444242343306541,
      -0.9157718420028687,
      0.40158841013908386
    ],
    "userAcceleration" : [
      -0.0911417007446289,
      -0.0002592802047729492,
      -0.09583264589309692
    ],
    "timestamp" : 306314968079
  },
  {
    "rotationMatrix" : [
      -0.9417845010757446,
      0.14381304383277893,
      0.3039076030254364,
      0.3361014723777771,
      0.3789827823638916,
      0.8622110486030579,
      0.008821427822113037,
      0.9141607880592346,
      -0.40525591373443604
    ],
    "gravity" : [
      -0.008821435272693634,
      -0.9141607284545898,
      0.40525591373443604
    ],
    "userAcceleration" : [
      -0.058851320296525955,
      0.006369650363922119,
      -0.07169872522354126
    ],
    "timestamp" : 306314978096
  },
  {
    "rotationMatrix" : [
      -0.9416154623031616,
      0.14503604173660278,
      0.30385130643844604,
      0.3365851044654846,
      0.3828192949295044,
      0.8603255748748779,
      0.008458003401756287,
      0.9123673439025879,
      -0.4092857837677002
    ],
    "gravity" : [
      -0.008457987569272518,
      -0.9123673439025879,
      0.4092857837677002
    ],
    "userAcceleration" : [
      -0.0448867566883564,
      0.009138345718383789,
      -0.00901705026626587
    ],
    "timestamp" : 306314988114
  },
  {
    "rotationMatrix" : [
      -0.9413909316062927,
      0.14614200592041016,
      0.30401724576950073,
      0.33722391724586487,
      0.3863629698753357,
      0.8584893345832825,
      0.008000299334526062,
      0.9106956124305725,
      -0.4130014181137085
    ],
    "gravity" : [
      -0.008000297471880913,
      -0.9106955528259277,
      0.4130013883113861
    ],
    "userAcceleration" : [
      -0.052287183701992035,
      0.0014698505401611328,
      0.06147080659866333
    ],
    "timestamp" : 306314998132
  },
  {
    "rotationMatrix" : [
      -0.9409462213516235,
      0.14685645699501038,
      0.30504751205444336,
      0.33848199248313904,
      0.3891075849533081,
      0.856752872467041,
      0.0071233659982681274,
      0.9094111919403076,
      -0.41583776473999023
    ],
    "gravity" : [
      -0.007123351097106934,
      -0.9094111323356628,
      0.41583773493766785
    ],
    "userAcceleration" : [
      -0.05877937003970146,
      -0.0015234947204589844,
      0.10521954298019409
    ],
    "timestamp" : 306315008150
  },
  {
    "rotationMatrix" : [
      -0.9402521252632141,
      0.1471133530139923,
      0.3070566952228546,
      0.3404306173324585,
      0.3909509778022766,
      0.8551400303840637,
      0.005758404731750488,
      0.9085785746574402,
      -0.4176744222640991
    ],
    "gravity" : [
      -0.005758387036621571,
      -0.9085785746574402,
      0.4176744520664215
    ],
    "userAcceleration" : [
      -0.0649813711643219,
      0.0033509135246276855,
      0.10477134585380554
    ],
    "timestamp" : 306315018167
  },
  {
    "rotationMatrix" : [
      -0.9394641518592834,
      0.14679422974586487,
      0.30961117148399353,
      0.3426259160041809,
      0.39219868183135986,
      0.8536906838417053,
      0.003887742757797241,
      0.9080923199653625,
      -0.4187522530555725
    ],
    "gravity" : [
      -0.003887742990627885,
      -0.9080923795700073,
      0.4187522530555725
    ],
    "userAcceleration" : [
      -0.06914082914590836,
      0.009456396102905273,
      0.07673132419586182
    ],
    "timestamp" : 306315028185
  },
  {
    "rotationMatrix" : [
      -0.9386199712753296,
      0.14614669978618622,
      0.31246447563171387,
      0.3449493646621704,
      0.3932194411754608,
      0.85228431224823,
      0.001691386103630066,
      0.9077553749084473,
      -0.41949692368507385
    ],
    "gravity" : [
      -0.0016913932049646974,
      -0.9077553749084473,
      0.41949698328971863
    ],
    "userAcceleration" : [
      -0.06021352484822273,
      0.02266913652420044,
      0.038144707679748535
    ],
    "timestamp" : 306315038203
  },
  {
    "rotationMatrix" : [
      -0.9379348158836365,
      0.1454681158065796,
      0.31482934951782227,
      0.3468117117881775,
      0.39431899785995483,
      0.8510195016860962,
      -0.00034700334072113037,
      0.9073872566223145,
      -0.4202955961227417
    ],
    "gravity" : [
      0.00034699984826147556,
      -0.9073872566223145,
      0.4202956259250641
    ],
    "userAcceleration" : [
      -0.04800020158290863,
      0.022255420684814453,
      0.007332056760787964
    ],
    "timestamp" : 306315048221
  },
  {
    "rotationMatrix" : [
      -0.9376672506332397,
      0.1450919806957245,
      0.31579846143722534,
      0.347531259059906,
      0.3955073356628418,
      0.8501741290092468,
      -0.001547202467918396,
      0.906930148601532,
      -0.42127835750579834
    ],
    "gravity" : [
      0.0015471860533580184,
      -0.906930148601532,
      0.42127835750579834
    ],
    "userAcceleration" : [
      -0.03676449507474899,
      0.013314425945281982,
      0.0030228495597839355
    ],
    "timestamp" : 306315058239
  },
  {
    "rotationMatrix" : [
      -0.93764728307724,
      0.1448541283607483,
      0.31596627831459045,
      0.34758099913597107,
      0.3965151906013489,
      0.8496841192245483,
      -0.0022051632404327393,
      0.9065279960632324,
      -0.42213988304138184
    ],
    "gravity" : [
      0.0022051690611988306,
      -0.9065279960632324,
      0.4221399426460266
    ],
    "userAcceleration" : [
      -0.03751401603221893,
      0.0009952187538146973,
      0.04796817898750305
    ],
    "timestamp" : 306315068256
  },
  {
    "rotationMatrix" : [
      -0.9375492334365845,
      0.14429882168769836,
      0.316510945558548,
      0.3478386402130127,
      0.39701834321022034,
      0.8493436574935913,
      -0.003101348876953125,
      0.9063962697982788,
      -0.42241689562797546
    ],
    "gravity" : [
      0.003101352835074067,
      -0.9063963294029236,
      0.4224169850349426
    ],
    "userAcceleration" : [
      -0.047809623181819916,
      -0.006567478179931641,
      0.08805051445960999
    ],
    "timestamp" : 306315078274
  },
  {
    "rotationMatrix" : [
      -0.9372282028198242,
      0.14329779148101807,
      0.31791481375694275,
      0.3486884832382202,
      0.39691171050071716,
      0.8490452170372009,
      -0.004517883062362671,
      0.9066019654273987,
      -0.4219633638858795
    ],
    "gravity" : [
      0.004517885856330395,
      -0.9066019058227539,
      0.4219634234905243
    ],
    "userAcceleration" : [
      -0.05499396473169327,
      -0.01823347806930542,
      0.07872337102890015
    ],
    "timestamp" : 306315088292
  },
  {
    "rotationMatrix" : [
      -0.9368007183074951,
      0.1419515311717987,
      0.3197723925113678,
      0.34980660676956177,
      0.3965415060520172,
      0.8487581014633179,
      -0.006320536136627197,
      0.9069756269454956,
      -0.4211359918117523
    ],
    "gravity" : [
      0.006320531480014324,
      -0.9069755673408508,
      0.4211359918117523
    ],
    "userAcceleration" : [
      -0.056094713509082794,
      -0.026450395584106445,
      0.034583061933517456
    ],
    "timestamp" : 306315098310
  },
  {
    "rotationMatrix" : [
      -0.9363395571708679,
      0.14047706127166748,
      0.321768194437027,
      0.3509955406188965,
      0.39648017287254333,
      0.8482958078384399,
      -0.00840863585472107,
      0.9072319269180298,
      -0.4205469787120819
    ],
    "gravity" : [
      0.00840864609926939,
      -0.9072319269180298,
      0.4205470085144043
    ],
    "userAcceleration" : [
      -0.03361617028713226,
      -0.01958698034286499,
      -0.019362837076187134
    ],
    "timestamp" : 306315108328
  },
  {
    "rotationMatrix" : [
      -0.9358208775520325,
      0.1391567885875702,
      0.3238442540168762,
      0.35231441259384155,
      0.39715296030044556,
      0.847433865070343,
      -0.01068955659866333,
      0.9071411490440369,
      -0.4206911325454712
    ],
    "gravity" : [
      0.0106895687058568,
      -0.9071410894393921,
      0.4206911027431488
    ],
    "userAcceleration" : [
      0.0028296969830989838,
      -0.013284385204315186,
      -0.04530957341194153
    ],
    "timestamp" : 306315118345
  },
  {
    "rotationMatrix" : [
      -0.9352768659591675,
      0.13817369937896729,
      0.32583045959472656,
      0.35368093848228455,
      0.39854001998901367,
      0.84621262550354,
      -0.012932181358337402,
      0.9066829681396484,
      -0.42161476612091064
    ],
    "gravity" : [
      0.012932183220982552,
      -0.9066829085350037,
      0.42161473631858826
    ],
    "userAcceleration" : [
      0.0368724949657917,
      -0.022928357124328613,
      -0.035506248474121094
    ],
    "timestamp" : 306315128363
  },
  {
    "rotationMatrix" : [
      -0.9345591068267822,
      0.1377061903476715,
      0.32808077335357666,
      0.35549408197402954,
      0.40015745162963867,
      0.8446882367134094,
      -0.014965206384658813,
      0.9060415625572205,
      -0.4229247570037842
    ],
    "gravity" : [
      0.014965214766561985,
      -0.9060415029525757,
      0.4229247570037842
    ],
    "userAcceleration" : [
