[
  {
    "timestamp" : 306304364462,
    "gravity" : [
      0.05789552256464958,
      -0.9805436730384827,
      0.18756988644599915
    ],
    "rotationMatrix" : [
      -0.9949213862419128,
      -0.07216716557741165,
      -0.07016891986131668,
      -0.0823400542140007,
      0.18255457282066345,
      0.9797418713569641,
      -0.05789551883935928,
      0.9805436730384827,
      -0.18756982684135437
    ],
    "userAcceleration" : [
      -0.054294414818286896,
      -0.02159261703491211,
      -0.0562526136636734
    ]
  },
  {
    "timestamp" : 306304374480,
    "gravity" : [
      0.05800500512123108,
      -0.9809598922729492,
      0.18534614145755768
    ],
    "rotationMatrix" : [
      -0.9948486089706421,
      -0.07225992530584335,
      -0.07109885662794113,
      -0.08313822001218796,
      0.18026714026927948,
      0.9800978899002075,
      -0.05800499767065048,
      0.9809598922729492,
      -0.18534620106220245
    ],
    "userAcceleration" : [
      -0.06532920897006989,
      -0.01600360870361328,
      -0.08093024790287018
    ]
  },
  {
    "timestamp" : 306304384497,
    "gravity" : [
      0.05816967412829399,
      -0.9813125729560852,
      0.18341794610023499
    ],
    "rotationMatrix" : [
      -0.9947649836540222,
      -0.07243942469358444,
      -0.07207896560430527,
      -0.08401867002248764,
      0.178264781832695,
      0.9803890585899353,
      -0.05816967412829399,
      0.9813125729560852,
      -0.1834179311990738
    ],
    "userAcceleration" : [
      -0.059420861303806305,
      -0.00483250617980957,
      -0.09899105131626129
    ]
  },
  {
    "timestamp" : 306304394515,
    "gravity" : [
      0.05825445055961609,
      -0.9815809726715088,
      0.18194997310638428
    ],
    "rotationMatrix" : [
      -0.9946726560592651,
      -0.07259833067655563,
      -0.07319081574678421,
      -0.08505193144083023,
      0.17671632766723633,
      0.9805803894996643,
      -0.05825445428490639,
      0.9815810322761536,
      -0.18194997310638428
    ],
    "userAcceleration" : [
      -0.051388002932071686,
      -0.0031604766845703125,
      -0.11110328137874603
    ]
  },
  {
    "timestamp" : 306304404532,
    "gravity" : [
      0.05817620828747749,
      -0.9817591905593872,
      0.1810111403465271
    ],
    "rotationMatrix" : [
      -0.9945595860481262,
      -0.07269269227981567,
      -0.07461999356746674,
      -0.08641700446605682,
      0.1756846308708191,
      0.9806464910507202,
      -0.05817620828747749,
      0.9817591905593872,
      -0.18101119995117188
    ],
    "userAcceleration" : [
      -0.0455876886844635,
      -0.0028296709060668945,
      -0.11347566545009613
    ]
  },
  {
    "timestamp" : 306304414549,
    "gravity" : [
      0.057887002825737,
      -0.9818658828735352,
      0.18052305281162262
    ],
    "rotationMatrix" : [
      -0.9944303035736084,
      -0.07266420871019363,
      -0.07634443044662476,
      -0.08807753771543503,
      0.17509809136390686,
      0.9806034564971924,
      -0.0578870065510273,
      0.9818658828735352,
      -0.18052300810813904
    ],
    "userAcceleration" : [
      -0.04488653317093849,
      -0.009314537048339844,
      -0.09869016706943512
    ]
  },
  {
    "timestamp" : 306304424567,
    "gravity" : [
      0.05748531594872475,
      -0.9819368124008179,
      0.18026679754257202
    ],
    "rotationMatrix" : [
      -0.9943047165870667,
      -0.07254339009523392,
      -0.0780794769525528,
      -0.08974622935056686,
      0.1747511327266693,
      0.9805141687393188,
      -0.05748531222343445,
      0.9819368124008179,
      -0.18026670813560486
    ],
    "userAcceleration" : [
      -0.048391085118055344,
      -0.0068634748458862305,
      -0.06370483338832855
    ]
  },
  {
    "timestamp" : 306304434584,
    "gravity" : [
      0.05706125870347023,
      -0.9820328950881958,
      0.17987750470638275
    ],
    "rotationMatrix" : [
      -0.9941965937614441,
      -0.07235142588615417,
      -0.07961748540401459,
      -0.09120135009288788,
      0.17429012060165405,
      0.9804618954658508,
      -0.05706125870347023,
      0.982032835483551,
      -0.1798774003982544
    ],
    "userAcceleration" : [
      -0.05304819345474243,
      -0.006218075752258301,
      -0.0227728933095932
    ]
  },
  {
    "timestamp" : 306304444602,
    "gravity" : [
      0.056620050221681595,
      -0.9821997284889221,
      0.17910350859165192
    ],
    "rotationMatrix" : [
      -0.9941002726554871,
      -0.07208515703678131,
      -0.08104825019836426,
      -0.09251625835895538,
      0.17345771193504333,
      0.9804862141609192,
      -0.056620050221681595,
      0.9821997284889221,
      -0.17910358309745789
    ],
    "userAcceleration" : [
      -0.055002618581056595,
      -0.006447851657867432,
      -0.009151101112365723
    ]
  },
  {
    "timestamp" : 306304454619,
    "gravity" : [
      0.05614147335290909,
      -0.9824426770210266,
      0.17791756987571716
    ],
    "rotationMatrix" : [
      -0.9940066337585449,
      -0.07174061238765717,
      -0.08248793333768845,
      -0.09380356967449188,
      0.1722201406955719,
      0.980582058429718,
      -0.05614147335290909,
      0.9824426770210266,
      -0.17791756987571716
    ],
    "userAcceleration" : [
      -0.05519542843103409,
      -0.003107309341430664,
      -0.011795058846473694
    ]
  },
  {
    "timestamp" : 306304464636,
    "gravity" : [
      0.05568350479006767,
      -0.9827248454093933,
      0.176497220993042
    ],
    "rotationMatrix" : [
      -0.9939331412315369,
      -0.07135121524333954,
      -0.08370058238506317,
      -0.09484793245792389,
      0.1707657277584076,
      0.9807358980178833,
      -0.05568350851535797,
      0.9827247858047485,
      -0.1764971911907196
    ],
    "userAcceleration" : [
      -0.058506403118371964,
      -7.849931716918945e-05,
      -0.028303757309913635
    ]
  },
  {
    "timestamp" : 306304474654,
    "gravity" : [
      0.055199094116687775,
      -0.9830064177513123,
      0.17507725954055786
    ],
    "rotationMatrix" : [
      -0.993877112865448,
      -0.0709032416343689,
      -0.08474692702293396,
      -0.09572027623653412,
      0.1693267524242401,
      0.9809008240699768,
      -0.05519908666610718,
      0.9830064177513123,
      -0.17507728934288025
    ],
    "userAcceleration" : [
      -0.05579419434070587,
      0.0033614039421081543,
      -0.04553006589412689
    ]
  },
  {
    "timestamp" : 306304484671,
    "gravity" : [
      0.05466068536043167,
      -0.9832655191421509,
      0.17378470301628113
    ],
    "rotationMatrix" : [
      -0.9938244223594666,
      -0.07040625065565109,
      -0.0857665091753006,
      -0.09656677395105362,
      0.16802345216274261,
      0.9810417890548706,
      -0.05466069281101227,
      0.9832655191421509,
      -0.17378468811511993
    ],
    "userAcceleration" : [
      -0.05766665190458298,
      0.005894362926483154,
      -0.04641953110694885
    ]
  },
  {
    "timestamp" : 306304494689,
    "gravity" : [
      0.054032668471336365,
      -0.9835124015808105,
      0.172581747174263
    ],
    "rotationMatrix" : [
      -0.9937629699707031,
      -0.06985019892454147,
      -0.08693216741085052,
      -0.09755369275808334,
      0.16680756211280823,
      0.9811518788337708,
      -0.054032664746046066,
      0.9835124611854553,
      -0.1725817620754242
    ],
    "userAcceleration" : [
      -0.05728277191519737,
      0.009360551834106445,
      -0.03671739995479584
    ]
  },
  {
    "gravity" : [
      0.053257741034030914,
      -0.9837600588798523,
      0.17140690982341766
    ],
    "rotationMatrix" : [
      -0.9936681389808655,
      -0.06921540200710297,
      -0.08850786089897156,
      -0.09893445670604706,
      0.16560731828212738,
      0.9812168478965759,
      -0.053257737308740616,
      0.9837600588798523,
      -0.1714068204164505
    ],
    "userAcceleration" : [
      -0.055836454033851624,
      0.004359185695648193,
      -0.026692494750022888
    ],
    "timestamp" : 306304504706
  },
  {
    "gravity" : [
      0.05234856531023979,
      -0.9840313196182251,
      0.17012415826320648
    ],
    "rotationMatrix" : [
      -0.9935520887374878,
      -0.06847744435071945,
      -0.0903630256652832,
      -0.1005697026848793,
      0.16429662704467773,
      0.9812708497047424,
      -0.05234856531023979,
      0.9840312600135803,
      -0.17012417316436768
    ],
    "userAcceleration" : [
      -0.058421533554792404,
      0.0016551613807678223,
      -0.013462081551551819
    ],
    "timestamp" : 306304514723
  },
  {
    "gravity" : [
      0.05151010677218437,
      -0.9843353033065796,
      0.16861525177955627
    ],
    "rotationMatrix" : [
      -0.993428647518158,
      -0.06778398901224136,
      -0.09222522377967834,
      -0.10220993310213089,
      0.16275633871555328,
      0.9813581705093384,
      -0.05151011049747467,
      0.9843353033065796,
      -0.16861526668071747
    ],
    "timestamp" : 306304524741,
    "userAcceleration" : [
      -0.07230781018733978,
      -0.003991842269897461,
      -0.008062243461608887
    ]
  },
  {
    "gravity" : [
      0.050935328006744385,
      -0.9846475720405579,
      0.1669585257768631
    ],
    "rotationMatrix" : [
      -0.9933254718780518,
      -0.06727219372987747,
      -0.0937003493309021,
      -0.10349345952272415,
      0.1610710769891739,
      0.9815016984939575,
      -0.050935328006744385,
      0.9846476316452026,
      -0.16695855557918549
    ],
    "timestamp" : 306304534758,
    "userAcceleration" : [
      -0.08134610950946808,
      -0.00863867998123169,
      -0.02357161045074463
    ]
  },
  {
    "gravity" : [
      0.050632111728191376,
      -0.9849402904510498,
      0.16531580686569214
    ],
    "rotationMatrix" : [
      -0.9932217001914978,
      -0.06700043380260468,
      -0.09498503804206848,
      -0.10463079810142517,
      0.1593855917453766,
      0.9816561937332153,
      -0.050632115453481674,
      0.9849402904510498,
      -0.16531577706336975
    ],
    "timestamp" : 306304544776,
    "userAcceleration" : [
      -0.07095680385828018,
      -0.01129084825515747,
      -0.03914082050323486
    ]
  },
  {
    "gravity" : [
      0.05038972571492195,
      -0.9852127432823181,
      0.16375857591629028
    ],
    "rotationMatrix" : [
      -0.9931184649467468,
      -0.06678523868322372,
      -0.09620694816112518,
      -0.10572095960378647,
      0.15778368711471558,
      0.9817981123924255,
      -0.05038972198963165,
      0.9852127432823181,
      -0.16375863552093506
    ],
    "timestamp" : 306304554793,
    "userAcceleration" : [
      -0.047551609575748444,
      -0.01197969913482666,
      -0.04794430732727051
    ]
  },
  {
    "gravity" : [
      0.0500408299267292,
      -0.9854680299758911,
      0.1623239368200302
    ],
    "rotationMatrix" : [
      -0.9930166602134705,
      -0.06647810339927673,
      -0.09746374189853668,
      -0.10683836042881012,
      0.15631282329559326,
      0.9819124937057495,
      -0.050040826201438904,
      0.9854680299758911,
      -0.16232389211654663
    ],
    "timestamp" : 306304564811,
    "userAcceleration" : [
      -0.03079947456717491,
      -0.011648178100585938,
      -0.051743388175964355
    ]
  },
  {
    "gravity" : [
      0.04951230809092522,
      -0.9857175350189209,
      0.16096486151218414
    ],
    "rotationMatrix" : [
      -0.9929322004318237,
      -0.06598418951034546,
      -0.0986514762043953,
      -0.10786360502243042,
      0.15494249761104584,
      0.9820175170898438,
      -0.04951230436563492,
      0.9857175350189209,
      -0.16096486151218414
    ],
    "timestamp" : 306304574828,
    "userAcceleration" : [
      -0.025388140231370926,
      -0.009598076343536377,
      -0.0470578670501709
    ]
  },
  {
    "gravity" : [
      0.048901285976171494,
      -0.985967755317688,
      0.1596129685640335
    ],
    "rotationMatrix" : [
      -0.9928727149963379,
      -0.06537545472383499,
      -0.09964943677186966,
      -0.10868590325117111,
      0.15360227227210999,
      0.9821373224258423,
      -0.048901282250881195,
      0.985967755317688,
      -0.1596129834651947
    ],
    "timestamp" : 306304584845,
    "userAcceleration" : [
      -0.03405449166893959,
      -0.006051898002624512,
      -0.03798510134220123
    ]
  },
  {
    "gravity" : [
      0.04833604767918587,
      -0.9862246513366699,
      0.15819324553012848
    ],
    "rotationMatrix" : [
      -0.9928368926048279,
      -0.06476543843746185,
      -0.10040562599897385,
      -0.10926792025566101,
      0.15220634639263153,
      0.9822902679443359,
      -0.048336051404476166,
      0.9862246513366699,
      -0.15819324553012848
    ],
    "timestamp" : 306304594863,
    "userAcceleration" : [
      -0.05062485858798027,
      -0.0022246837615966797,
      -0.03023289144039154
    ]
  },
  {
    "gravity" : [
      0.047892212867736816,
      -0.9864888787269592,
      0.15667206048965454
    ],
    "rotationMatrix" : [
      -0.9927940964698792,
      -0.06426212191581726,
      -0.1011461466550827,
      -0.10984760522842407,
      0.15069879591464996,
      0.9824578762054443,
      -0.047892216593027115,
      0.986488938331604,
      -0.15667204558849335
    ],
    "timestamp" : 306304604880,
    "userAcceleration" : [
      -0.06295265257358551,
      0.00023698806762695312,
      -0.03357936441898346
    ]
  },
  {
    "gravity" : [
      0.04758447781205177,
      -0.9867464303970337,
      0.15513625741004944
    ],
    "rotationMatrix" : [
      -0.9927470088005066,
      -0.06388569623231888,
      -0.10184365510940552,
      -0.1104048416018486,
      0.1491648107767105,
      0.9826294183731079,
      -0.047584474086761475,
      0.9867464303970337,
      -0.15513627231121063
    ],
    "timestamp" : 306304614898,
    "userAcceleration" : [
      -0.06044764816761017,
      0.0032869577407836914,
      -0.045745983719825745
    ]
  },
  {
    "gravity" : [
      0.047304052859544754,
      -0.9869896173477173,
      0.1536683440208435
    ],
    "rotationMatrix" : [
      -0.9926803112030029,
      -0.0635652095079422,
      -0.10269138216972351,
      -0.11112327873706818,
      0.14768563210964203,
      0.9827719330787659,
      -0.04730406031012535,
      0.9869896769523621,
      -0.15366829931735992
    ],
    "timestamp" : 306304624915,
    "userAcceleration" : [
      -0.04796019196510315,
      0.00661236047744751,
      -0.056347742676734924
    ]
  },
  {
    "gravity" : [
      0.04705478250980377,
      -0.987205982208252,
      0.15234875679016113
    ],
    "rotationMatrix" : [
      -0.9926052689552307,
      -0.0632966086268425,
      -0.1035778820514679,
      -0.11189588159322739,
      0.14634835720062256,
      0.9828842878341675,
      -0.047054778784513474,
      0.987205982208252,
      -0.1523488163948059
    ],
    "timestamp" : 306304634932,
    "userAcceleration" : [
      -0.04984714463353157,
      0.0067372918128967285,
      -0.06805911660194397
    ]
  },
  {
    "gravity" : [
      0.04686577245593071,
      -0.9873816967010498,
      0.15126463770866394
    ],
    "rotationMatrix" : [
      -0.9925162196159363,
      -0.06312358379364014,
      -0.10453224927186966,
      -0.11276160180568695,
      0.1452336609363556,
      0.9829506278038025,
      -0.04686576873064041,
      0.987381637096405,
      -0.15126469731330872
    ],
    "timestamp" : 306304644950,
    "userAcceleration" : [
      -0.044988956302404404,
      0.00622636079788208,
      -0.07877007126808167
    ]
  },
  {
    "gravity" : [
      0.04668396711349487,
      -0.9875147938728333,
      0.1504506915807724
    ],
    "rotationMatrix" : [
      -0.9924126863479614,
      -0.06300167739391327,
      -0.1055850237607956,
      -0.11374539136886597,
      0.14437979459762573,
      0.9829632043838501,
      -0.04668396711349487,
      0.9875147342681885,
      -0.15045064687728882
    ],
    "timestamp" : 306304654967,
    "userAcceleration" : [
      -0.038444213569164276,
      0.0015222430229187012,
      -0.08099257946014404
    ]
  },
  {
    "gravity" : [
      0.04654473811388016,
      -0.9876154661178589,
      0.14983074367046356
    ],
    "rotationMatrix" : [
      -0.9923104643821716,
      -0.0629349946975708,
      -0.10657858103513718,
      -0.11468824744224548,
      0.143717959523201,
      0.9829505681991577,
      -0.04654473811388016,
      0.9876154661178589,
      -0.1498306840658188
    ],
    "timestamp" : 306304664985,
    "userAcceleration" : [
      -0.029958456754684448,
      0.004766404628753662,
      -0.06674660742282867
    ]
  },
  {
    "gravity" : [
      0.046439725905656815,
      -0.9877163171768188,
      0.14919883012771606
    ],
    "rotationMatrix" : [
      -0.9922299385070801,
      -0.06287030875682831,
      -0.10736791789531708,
      -0.11542917788028717,
      0.14305298030376434,
      0.9829609394073486,
      -0.046439725905656815,
      0.9877163171768188,
      -0.14919884502887726
    ],
    "timestamp" : 306304675002,
    "userAcceleration" : [
      -0.027198385447263718,
      0.008178114891052246,
      -0.045179590582847595
    ]
  },
  {
    "gravity" : [
      0.046433333307504654,
      -0.9878305792808533,
      0.1484423577785492
    ],
    "rotationMatrix" : [
      -0.9921732544898987,
      -0.06285189092159271,
      -0.10790137946605682,
      -0.1159181296825409,
      0.14226989448070526,
      0.983017086982727,
      -0.046433329582214355,
      0.9878305196762085,
      -0.14844240248203278
    ],
    "timestamp" : 306304685020,
    "userAcceleration" : [
      -0.03062519058585167,
      0.00902479887008667,
      -0.03484056890010834
    ]
  },
  {
    "gravity" : [
      0.0464634895324707,
      -0.9879569411277771,
      0.14758870005607605
    ],
    "rotationMatrix" : [
      -0.9921268224716187,
      -0.06284280121326447,
      -0.10833027958869934,
      -0.11630052328109741,
      0.14139311015605927,
      0.9830983281135559,
      -0.0464634895324707,
      0.9879569411277771,
      -0.14758868515491486
    ],
    "timestamp" : 306304695037,
    "userAcceleration" : [
      -0.0210270993411541,
      0.018108248710632324,
      -0.03636731207370758
    ]
  },
  {
    "gravity" : [
      0.04636219143867493,
      -0.9880935549736023,
      0.14670367538928986
    ],
    "rotationMatrix" : [
      -0.992073655128479,
      -0.0627160295844078,
      -0.1088903397321701,
      -0.11679448932409286,
      0.14049214124679565,
      0.9831690192222595,
      -0.046362195163965225,
      0.9880935549736023,
      -0.14670366048812866
    ],
    "timestamp" : 306304705054,
    "userAcceleration" : [
      -0.014623917639255524,
      0.019114553928375244,
      -0.03558909893035889
    ]
  },
  {
    "gravity" : [
      0.04621049016714096,
      -0.9882457256317139,
      0.14572249352931976
    ],
    "rotationMatrix" : [
      -0.9920386075973511,
      -0.06250863522291183,
      -0.10932638496160507,
      -0.11715023964643478,
      0.13951018452644348,
      0.9832664132118225,
      -0.04621049016714096,
      0.9882457852363586,
      -0.14572247862815857
    ],
    "timestamp" : 306304715072,
    "userAcceleration" : [
      -0.02536695823073387,
      0.022120237350463867,
      -0.0226602703332901
    ]
  },
  {
    "gravity" : [
      0.0461660698056221,
      -0.9884215593338013,
      0.14453840255737305
    ],
    "rotationMatrix" : [
      -0.9919793009757996,
      -0.06240592151880264,
      -0.10991929471492767,
      -0.11766666918992996,
      0.13830475509166718,
      0.9833748936653137,
      -0.0461660735309124,
      0.9884214997291565,
      -0.14453841745853424
    ],
    "timestamp" : 306304725089,
    "userAcceleration" : [
      -0.03513394296169281,
      0.02937626838684082,
      -0.016349345445632935
    ]
  },
  {
    "gravity" : [
      0.046284161508083344,
      -0.988613486289978,
      0.14318278431892395
    ],
    "rotationMatrix" : [
      -0.9919288158416748,
      -0.06242396682500839,
      -0.11036662757396698,
      -0.11804796010255814,
      0.13691873848438263,
      0.9835233092308044,
      -0.04628416523337364,
      0.9886135458946228,
      -0.14318279922008514
    ],
    "timestamp" : 306304735107,
    "userAcceleration" : [
      -0.03691524267196655,
      0.03600722551345825,
      -0.020410552620887756
    ]
  },
  {
    "gravity" : [
      0.046428509056568146,
      -0.9888083934783936,
      0.14178356528282166
    ],
    "rotationMatrix" : [
      -0.9918729066848755,
      -0.06246626004576683,
      -0.11084498465061188,
      -0.11846111714839935,
      0.13548466563224792,
      0.9836722612380981,
      -0.04642851650714874,
      0.9888083934783936,
      -0.14178362488746643
    ],
    "timestamp" : 306304745124,
    "userAcceleration" : [
      -0.015086941421031952,
      0.04811924695968628,
      -0.029036298394203186
    ]
  },
  {
    "gravity" : [
      0.046304814517498016,
      -0.9890080094337463,
      0.14042416214942932
    ],
    "rotationMatrix" : [
      -0.9918414950370789,
      -0.062233779579401016,
      -0.11125337332487106,
      -0.11876961588859558,
      0.13412702083587646,
      0.9838209748268127,
      -0.046304814517498016,
      0.9890080094337463,
      -0.1404241919517517
    ],
    "timestamp" : 306304755141,
    "userAcceleration" : [
      0.01889599859714508,
      0.04480946063995361,
      -0.02883663773536682
    ]
  },
  {
    "gravity" : [
      0.04596811532974243,
      -0.989230215549469,
      0.13896284997463226
    ],
    "rotationMatrix" : [
      -0.991876482963562,
      -0.06171629950404167,
      -0.1112307757139206,
      -0.11860910058021545,
      0.13272078335285187,
      0.984031081199646,
      -0.04596811532974243,
      0.9892301559448242,
      -0.1389627903699875
    ],
    "timestamp" : 306304765159,
    "userAcceleration" : [
      0.013037651777267456,
      0.03987407684326172,
      -0.0063333660364151
    ]
  },
  {
    "gravity" : [
      0.045602623373270035,
      -0.9894987940788269,
      0.1371607929468155
    ],
    "rotationMatrix" : [
      -0.9919601678848267,
      -0.061080045998096466,
      -0.110838383436203,
      -0.11805219203233719,
      0.1310030072927475,
      0.9843283295631409,
      -0.045602623373270035,
      0.9894987940788269,
      -0.1371607929468155
    ],
    "timestamp" : 306304775176,
    "userAcceleration" : [
      -0.00673845037817955,
      0.0334286093711853,
      0.013885989785194397
    ]
  },
  {
    "gravity" : [
      0.045260950922966,
      -0.9898186326026917,
      0.13494783639907837
    ],
    "rotationMatrix" : [
      -0.9920525550842285,
      -0.06041129305958748,
      -0.11037606000900269,
      -0.11740462481975555,
      0.12887924909591675,
      0.9846860766410828,
      -0.045260950922966,
      0.9898186326026917,
      -0.13494783639907837
    ],
    "timestamp" : 306304785194,
    "userAcceleration" : [
      -0.031558554619550705,
      0.0231131911277771,
      0.012391090393066406
    ]
  },
  {
    "gravity" : [
      0.04498503357172012,
      -0.9901816248893738,
      0.13235267996788025
    ],
    "rotationMatrix" : [
      -0.9921591281890869,
      -0.0597483329474926,
      -0.10977810621261597,
      -0.11660806834697723,
      0.12637606263160706,
      0.9851050972938538,
      -0.04498503729701042,
      0.9901816248893738,
      -0.13235267996788025
    ],
    "timestamp" : 306304795211,
    "userAcceleration" : [
      -0.03128264844417572,
      0.023476064205169678,
      0.014986291527748108
    ]
  },
  {
    "gravity" : [
      0.04486388340592384,
      -0.9905698895454407,
      0.12945501506328583
    ],
    "rotationMatrix" : [
      -0.9922211170196533,
      -0.0592469722032547,
      -0.1094849482178688,
      -0.116122305393219,
      0.12353604286909103,
      0.985522449016571,
      -0.04486388713121414,
      0.9905698895454407,
      -0.12945492565631866
    ],
    "timestamp" : 306304805229,
    "userAcceleration" : [
      -0.04242249205708504,
      0.025146305561065674,
      0.004120573401451111
    ]
  },
  {
    "gravity" : [
      0.044897809624671936,
      -0.9909639358520508,
      0.12639154493808746
    ],
    "rotationMatrix" : [
      -0.9922993779182434,
      -0.058858722448349,
      -0.10898521542549133,
      -0.11543965339660645,
      0.12052494287490845,
      0.985975444316864,
      -0.044897809624671936,
      0.9909639954566956,
      -0.12639153003692627
    ],
    "timestamp" : 306304815246,
    "userAcceleration" : [
      -0.04938390851020813,
      0.024380624294281006,
      -0.007083073258399963
    ]
  },
  {
    "gravity" : [
      0.045092348009347916,
      -0.9913421273231506,
      0.12332001328468323
    ],
    "rotationMatrix" : [
      -0.9923542737960815,
      -0.05864797532558441,
      -0.10860075056552887,
      -0.11489294469356537,
      0.11747972667217255,
      0.9864068627357483,
      -0.045092348009347916,
      0.9913421273231506,
      -0.12332005798816681
    ],
    "timestamp" : 306304825263,
    "userAcceleration" : [
      -0.04007221385836601,
      0.031732022762298584,
      -0.01867520809173584
    ]
  },
  {
    "gravity" : [
      0.045315664261579514,
      -0.991689145565033,
      0.12041342258453369
    ],
    "rotationMatrix" : [
      -0.9923856258392334,
      -0.058508291840553284,
      -0.10838867723941803,
      -0.11453303694725037,
      0.1145845502614975,
      0.9867891669273376,
      -0.045315664261579514,
      0.991689145565033,
      -0.12041343748569489
    ],
    "timestamp" : 306304835281,
    "userAcceleration" : [
      -0.017117422074079514,
      0.027119994163513184,
      -0.03804636001586914
    ]
  },
  {
    "gravity" : [
      0.045450109988451004,
      -0.9919970631599426,
      0.11779923737049103
    ],
    "rotationMatrix" : [
      -0.9924072623252869,
      -0.05832816660404205,
      -0.10828922688961029,
      -0.11429356038570404,
      0.11198250204324722,
      0.9871156811714172,
      -0.045450109988451004,
      0.9919970631599426,
      -0.11779918521642685
    ],
    "timestamp" : 306304845298,
    "userAcceleration" : [
      0.007345292717218399,
      0.020713865756988525,
      -0.040299758315086365
    ]
  },
  {
    "gravity" : [
      0.04540751129388809,
      -0.9922822117805481,
      0.11538844555616379
    ],
    "rotationMatrix" : [
      -0.9923950433731079,
      -0.05803617089986801,
      -0.1085558831691742,
      -0.114414744079113,
      0.1095813438296318,
      0.987371027469635,
      -0.04540751874446869,
      0.9922822117805481,
      -0.1153884008526802
    ],
    "timestamp" : 306304855316,
    "userAcceleration" : [
      0.020815663039684296,
      0.012973010540008545,
      -0.02270650863647461
    ]
  },
  {
    "gravity" : [
      0.045192841440439224,
      -0.9925786256790161,
      0.11289594322443008
    ],
    "rotationMatrix" : [
      -0.9924274682998657,
      -0.057530008256435394,
      -0.10852871835231781,
      -0.11421818286180496,
      0.10713610053062439,
      0.9876619577407837,
      -0.045192837715148926,
      0.9925786256790161,
      -0.11289599537849426
    ],
    "timestamp" : 306304865333,
    "userAcceleration" : [
      0.017810702323913574,
      0.0038547515869140625,
      0.008228421211242676
    ]
  },
  {
    "gravity" : [
      0.045018624514341354,
      -0.9929068684577942,
      0.1100429818034172
    ],
    "rotationMatrix" : [
      -0.9925025105476379,
      -0.05698409304022789,
      -0.10812877118587494,
      -0.11363248527050018,
      0.10434992611408234,
      0.988027811050415,
      -0.045018624514341354,
      0.992906928062439,
      -0.11004291474819183
    ],
    "timestamp" : 306304875351,
    "userAcceleration" : [
      -0.00493374839425087,
      -0.001050710678100586,
      0.028369545936584473
    ]
  },
  {
    "gravity" : [
      0.04508848860859871,
      -0.993270754814148,
      0.10668020695447922
    ],
    "rotationMatrix" : [
      -0.9926301836967468,
      -0.05656997114419937,
      -0.10717195272445679,
      -0.1124856248497963,
      0.1010613739490509,
      0.9885008335113525,
      -0.04508848860859871,
      0.993270754814148,
      -0.10668018460273743
    ],
    "timestamp" : 306304885368,
    "userAcceleration" : [
      -0.021895136684179306,
      0.00010651350021362305,
      0.019067540764808655
    ]
  },
  {
    "gravity" : [
      0.04540395364165306,
      -0.9936550259590149,
      0.10289990156888962
    ],
    "rotationMatrix" : [
      -0.9927999973297119,
      -0.056313179433345795,
      -0.10572249442338943,
      -0.11084628850221634,
      0.09735862910747528,
      0.9890574216842651,
      -0.04540394991636276,
      0.9936549663543701,
      -0.10289986431598663
    ],
    "timestamp" : 306304895385,
    "userAcceleration" : [
      -0.02221057191491127,
      0.0004909038543701172,
      0.02284788340330124
    ]
  },
  {
    "gravity" : [
      0.04579652100801468,
      -0.994034469127655,
      0.09898610413074493
    ],
    "rotationMatrix" : [
      -0.9928929209709167,
      -0.05619104206562042,
      -0.10491163283586502,
      -0.10984790325164795,
      0.09347797930240631,
      0.9895430207252502,
      -0.04579652100801468,
      0.994034469127655,
      -0.0989861935377121
    ],
    "timestamp" : 306304905403,
    "userAcceleration" : [
      -0.0004474073648452759,
      0.005356490612030029,
      -0.009737387299537659
    ]
  },
  {
    "gravity" : [
      0.046000465750694275,
      -0.994387149810791,
      0.09528055042028427
    ],
    "rotationMatrix" : [
      -0.992962658405304,
      -0.055936820805072784,
      -0.1043877899646759,
      -0.10913155227899551,
      0.08980792760848999,
      0.989962100982666,
      -0.046000465750694275,
      0.994387149810791,
      -0.09528064727783203
    ],
    "timestamp" : 306304915420,
    "userAcceleration" : [
      0.03595447540283203,
      0.0010093450546264648,
      -0.04216468334197998
    ]
  },
  {
    "gravity" : [
      0.04597245156764984,
      -0.9947097301483154,
      0.09186699986457825
    ],
    "rotationMatrix" : [
      -0.993017852306366,
      -0.05550776794552803,
      -0.10409270226955414,
      -0.10864132642745972,
      0.08643966913223267,
      0.9903159737586975,
      -0.04597245156764984,
      0.9947097897529602,
      -0.09186697006225586
    ],
    "timestamp" : 306304925438,
    "userAcceleration" : [
      0.055910468101501465,
      0.002216815948486328,
      -0.04451894015073776
    ]
  },
  {
    "gravity" : [
      0.04576754570007324,
      -0.9950157999992371,
      0.0885976105928421
    ],
    "rotationMatrix" : [
      -0.993095338344574,
      -0.05491019785404205,
      -0.10367120802402496,
      -0.10801935195922852,
      0.08324047178030014,
      0.9906580448150635,
      -0.04576754570007324,
      0.9950157403945923,
      -0.08859763294458389
    ],
    "timestamp" : 306304935455,
    "userAcceleration" : [
      0.05835846811532974,
      -0.0019480586051940918,
      -0.03806040436029434
    ]
  },
  {
    "gravity" : [
      0.04546767845749855,
      -0.995311975479126,
      0.08536399155855179
    ],
    "rotationMatrix" : [
      -0.9932090044021606,
      -0.05420117825269699,
      -0.10294957458972931,
      -0.10709375888109207,
      0.08010314404964447,
      0.9910169839859009,
      -0.04546767473220825,
      0.995311975479126,
      -0.08536399900913239
    ],
    "timestamp" : 306304945473,
    "userAcceleration" : [
      0.04840438440442085,
      -0.009921908378601074,
      -0.03951132297515869
    ]
  },
  {
    "gravity" : [
      0.04509640857577324,
      -0.9955984950065613,
      0.08215965330600739
    ],
    "rotationMatrix" : [
      -0.9933375120162964,
      -0.053420744836330414,
      -0.10211432725191116,
      -0.10605388134717941,
      0.07700701802968979,
      0.9913741946220398,
      -0.04509640485048294,
      0.9955984950065613,
      -0.08215967565774918
    ],
    "timestamp" : 306304955490,
    "userAcceleration" : [
      0.04296208173036575,
      -0.009940564632415771,
      -0.04102194309234619
    ]
  },
  {
    "gravity" : [
      0.04457655921578407,
      -0.9958791732788086,
      0.07898080348968506
    ],
    "rotationMatrix" : [
      -0.9934631586074829,
      -0.052507296204566956,
      -0.10136359184980392,
      -0.10509292781352997,
      0.07394574582576752,
      0.9917095899581909,
      -0.04457656294107437,
      0.9958791732788086,
      -0.07898081839084625
    ],
    "timestamp" : 306304965507,
    "userAcceleration" : [
      0.046167466789484024,
      -0.011597752571105957,
      -0.03680539131164551
    ]
  },
  {
    "gravity" : [
      0.043861523270606995,
      -0.9961599707603455,
      0.07577545195817947
    ],
    "rotationMatrix" : [
      -0.9935861229896545,
      -0.051409654319286346,
      -0.10071961581707001,
      -0.10422839969396591,
      0.0708712637424469,
      0.9920252561569214,
      -0.04386152699589729,
      0.9961600303649902,
      -0.07577541470527649
    ],
    "timestamp" : 306304975525,
    "userAcceleration" : [
      0.051612745970487595,
      -0.005579769611358643,
      -0.031769029796123505
    ]
  },
  {
    "gravity" : [
      0.04301900044083595,
      -0.9964381456375122,
      0.07252781093120575
    ],
    "rotationMatrix" : [
      -0.9937195777893066,
      -0.05018150806427002,
      -0.10001611709594727,
      -0.10329943895339966,
      0.06776977330446243,
      0.9923388957977295,
      -0.043018996715545654,
      0.9964381456375122,
      -0.07252787798643112
    ],
    "timestamp" : 306304985542,
    "userAcceleration" : [
      0.05004437640309334,
      -0.006888210773468018,
      -0.034640200436115265
    ]
  },
  {
    "gravity" : [
      0.04217376559972763,
      -0.9967035055160522,
      0.06930770725011826
    ],
    "rotationMatrix" : [
      -0.9938719868659973,
      -0.04894578084349632,
      -0.09911037236452103,
      -0.10217596590518951,
      0.06470305472612381,
      0.992659866809845,
      -0.04217376559972763,
      0.9967034459114075,
      -0.06930767744779587
    ],
    "timestamp" : 306304995560,
    "userAcceleration" : [
      0.04684600979089737,
      -0.003281235694885254,
      -0.03807295113801956
    ]
  },
  {
    "gravity" : [
      0.04137751832604408,
      -0.9969457387924194,
      0.06623777002096176
    ],
    "rotationMatrix" : [
      -0.9940245747566223,
      -0.04777730256319046,
      -0.09814835339784622,
      -0.10101322084665298,
      0.061780527234077454,
      0.9929651021957397,
      -0.04137752205133438,
      0.9969457387924194,
      -0.06623779237270355
    ],
    "timestamp" : 306305005577,
    "userAcceleration" : [
      0.04304938390851021,
      -0.002291440963745117,
      -0.050475358963012695
    ]
  },
  {
    "gravity" : [
      0.04052931070327759,
      -0.9971625804901123,
      0.0634361207485199
    ],
    "rotationMatrix" : [
      -0.9941415190696716,
      -0.04661047086119652,
      -0.0975208729505539,
      -0.10020095109939575,
      0.059111978858709335,
      0.993209719657898,
      -0.04052931070327759,
      0.9971625804901123,
      -0.06343618780374527
    ],
    "timestamp" : 306305015595,
    "userAcceleration" : [
      0.05143541097640991,
      -0.004729509353637695,
      -0.06259680539369583
    ]
  },
  {
    "gravity" : [
      0.03949486464262009,
      -0.9973610639572144,
      0.060920897871255875
    ],
    "rotationMatrix" : [
      -0.9942413568496704,
      -0.045303601771593094,
      -0.09712006896734238,
      -0.09962369501590729,
      0.05673401802778244,
      0.9934065937995911,
      -0.03949486464262009,
      0.9973611235618591,
      -0.06092090159654617
    ],
    "timestamp" : 306305025612,
    "userAcceleration" : [
      0.0684763640165329,
      0.0018927454948425293,
      -0.059959523379802704
    ]
  },
  {
    "gravity" : [
      0.03822008892893791,
      -0.9975535273551941,
      0.05853758379817009
    ],
    "rotationMatrix" : [
      -0.9943583607673645,
      -0.04376780986785889,
      -0.09662678837776184,
      -0.09895242750644684,
      0.05451377108693123,
      0.9935980439186096,
      -0.03822008892893791,
      0.9975535273551941,
      -0.05853758379817009
    ],
    "timestamp" : 306305035629,
    "userAcceleration" : [
      0.07280285656452179,
      0.00036090612411499023,
      -0.039311401546001434
    ]
  },
  {
    "gravity" : [
      0.03677093982696533,
      -0.9977554678916931,
      0.05596843734383583
    ],
    "rotationMatrix" : [
      -0.9944906830787659,
      -0.04203742742538452,
      -0.09603174030780792,
      -0.09816892445087433,
      0.052128374576568604,
      0.9938037991523743,
      -0.03677093982696533,
      0.9977554678916931,
      -0.055968403816223145
    ],
    "timestamp" : 306305045647,
    "userAcceleration" : [
      0.05790986120700836,
      -0.007829487323760986,
      -0.013793103396892548
    ]
  },
  {
    "gravity" : [
      0.03528802841901779,
      -0.9979684352874756,
      0.053048521280288696
    ],
    "rotationMatrix" : [
      -0.9946639537811279,
      -0.040221452713012695,
      -0.09500791132450104,
      -0.09694856405258179,
      0.049412522464990616,
      0.9940621256828308,
      -0.035288020968437195,
      0.9979683756828308,
      -0.05304857715964317
    ],
    "timestamp" : 306305055664,
    "userAcceleration" : [
      0.0347345694899559,
      -0.011766791343688965,
      0.011786103248596191
    ]
  },
  {
    "gravity" : [
      0.033998407423496246,
      -0.9981856346130371,
      0.04969679191708565
    ],
    "rotationMatrix" : [
      -0.994866132736206,
      -0.03854414448142052,
      -0.09357476234436035,
      -0.09532047808170319,
      0.04626000300049782,
      0.9943712949752808,
      -0.03399841487407684,
      0.9981856346130371,
      -0.049696799367666245
    ],
    "timestamp" : 306305065682,
    "userAcceleration" : [
      0.007108759135007858,
      -0.010878205299377441,
      0.010224580764770508
    ]
  },
  {
    "gravity" : [
      0.03303755819797516,
      -0.998388946056366,
      0.04613369330763817
    ],
    "rotationMatrix" : [
      -0.9950531125068665,
      -0.03718417137861252,
      -0.09212708473205566,
      -0.09369408339262009,
      0.0428614467382431,
      0.9946781396865845,
      -0.03303755819797516,
      0.9983890056610107,
      -0.04613371193408966
    ],
    "timestamp" : 306305075699,
    "userAcceleration" : [
      -0.007036559283733368,
      -0.007516384124755859,
      -0.015509244054555893
    ]
  },
  {
    "gravity" : [
      0.032294195145368576,
      -0.998564600944519,
      0.04273565858602524
    ],
    "rotationMatrix" : [
      -0.9951964020729065,
      -0.03608027100563049,
      -0.09101168811321259,
      -0.09242293238639832,
      0.039590753614902496,
      0.9949326515197754,
      -0.03229419142007828,
      0.998564600944519,
      -0.04273559898138046
    ],
    "timestamp" : 306305085717,
    "userAcceleration" : [
      -0.00609486922621727,
      -0.0003217458724975586,
      -0.04377317056059837
    ]
  },
  {
    "gravity" : [
      0.03170858696103096,
      -0.9987075328826904,
      0.039727773517370224
    ],
    "rotationMatrix" : [
      -0.9952712655067444,
      -0.035200923681259155,
      -0.09053634107112885,
      -0.09181775152683258,
      0.03666866570711136,
      0.9951006770133972,
      -0.03170859068632126,
      0.9987075924873352,
      -0.03972773998975754
    ],
    "timestamp" : 306305095734,
    "userAcceleration" : [
      -0.002060767263174057,
      0.008884906768798828,
      -0.05190419778227806
    ]
  },
  {
    "gravity" : [
      0.03129751607775688,
      -0.9988237023353577,
      0.03704240545630455
    ],
