[{"name":"235045429680.jpg","transform":[0.0071624936535954475,-0.7228052616119385,0.6910146474838257,0.0,0.9997206330299376,-0.01039022859185934,-0.021230528131127357,0.0,0.02252533845603466,0.6909736394882202,0.7225289344787598,0.0,-0.05686754360795021,-0.0057420250959694386,-0.025537319481372833,1.0],"params":{"w":1024,"h":768,"cx":516.4580760153293,"cy":386.4545856834056,"fx":718.2452894623453,"fy":718.2452894623453}},{"name":"235048045399.jpg","transform":[0.00923848431557417,-0.8723726272583008,0.4887542128562927,0.0,0.9978336691856384,-0.023795299232006073,-0.061333153396844864,0.0,0.0651354193687439,0.48826202750205994,0.8702629208564758,0.0,-0.05387105047702789,0.02973109297454357,-0.005057426635175943,1.0],"params":{"w":1024,"h":768,"cx":516.4580760153293,"cy":386.4545856834056,"fx":718.2452894623453,"fy":718.2452894623453}},{"name":"235049344928.jpg","transform":[-0.001034249784424901,-0.9569610357284546,0.2902146577835083,0.0,0.9954065084457396,-0.028768381103873253,-0.09131420403718948,0.0,0.0957331359386444,0.2887870967388153,0.9525949954986572,0.0,-0.05480232089757919,0.07605444639921188,0.017440341413021088,1.0],"params":{"w":1024,"h":768,"cx":516.4580760153293,"cy":386.4545856834056,"fx":718.2452894623453,"fy":718.2452894623453}},{"name":"235050277922.jpg","transform":[-0.043211862444877625,-0.9864671230316162,0.158162459731102,0.0,0.9988694190979004,-0.045798446983098984,-0.01274421252310276,0.0,0.019815342500805855,0.1574329435825348,0.9873308539390564,0.0,-0.030842581763863564,0.11333785951137544,0.031416863203048706,1.0],"params":{"w":1024,"h":768,"cx":516.4580760153293,"cy":386.4545856834056,"fx":718.2452894623453,"fy":718.2452894623453}},{"name":"235051027650.jpg","transform":[-0.06336969137191772,-0.9891034364700316,0.13288573920726776,0.0,0.989466428756714,-0.044903464615345,0.13762205839157104,0.0,-0.13015542924404144,0.14020705223083496,0.9815301895141602,0.0,-0.00301293283700943,0.12377488613128662,0.031165698543190956,1.0],"params":{"w":1024,"h":768,"cx":516.4580760153293,"cy":386.4545856834056,"fx":718.2452894623453,"fy":718.2452894623453}},{"name":"235051860681.jpg","transform":[-0.08643459528684616,-0.9890591502189636,0.11954542994499208,0.0,0.9450872540473938,-0.0434405691921711,0.3239181935787201,0.0,-0.3151811361312866,0.14097860455513,0.9385019540786744,0.0,0.040699247270822525,0.13101786375045776,0.047585297375917435,1.0],"params":{"w":1024,"h":768,"cx":516.4580760153293,"cy":386.4545856834056,"fx":718.2452894623453,"fy":718.2452894623453}},{"name":"235052443803.jpg","transform":[-0.14111806452274325,-0.9730903506278992,0.182156041264534,0.0,0.8856451511383057,-0.04186510294675827,0.4624716341495514,0.0,-0.4424006938934326,0.22658871114254,0.8677206635475159,0.0,0.0697309747338295,0.12303254753351212,0.05831007659435272,1.0],"params":{"w":1024,"h":768,"cx":516.4580760153293,"cy":386.4545856834056,"fx":718.2452894623453,"fy":718.2452894623453}},{"name":"235053210191.jpg","transform":[-0.2122543305158615,-0.9321389198303224,0.29336854815483093,0.0,0.8484876155853271,-0.02686316892504692,0.5285330414772034,0.0,-0.48478540778160095,0.36110299825668335,0.7966101765632629,0.0,0.0714479461312294,0.08406061679124832,0.05184550955891609,1.0],"params":{"w":1024,"h":768,"cx":516.4580760153293,"cy":386.4545856834056,"fx":718.2452894623453,"fy":718.2452894623453}},{"name":"235053926598.jpg","transform":[-0.3258556127548218,-0.8679921627044678,0.37471017241477966,0.0,0.7893733382225037,-0.03166891634464264,0.6130961179733276,0.0,-0.5202959775924683,0.4955670237541199,0.6954893469810486,0.0,0.07941335439682007,0.03158280998468399,0.04336855933070183,1.0],"params":{"w":1024,"h":768,"cx":516.4580760153293,"cy":386.4545856834056,"fx":718.2452894623453,"fy":718.2452894623453}},{"name":"235054876253.jpg","transform":[-0.21333155035972595,-0.9534569978713988,0.21309484541416168,0.0,0.6987444758415222,0.003540637670084834,0.7153626084327698,0.0,-0.6828219890594482,0.30150824785232544,0.6654674410820007,0.0,0.07293101400136948,0.0857868567109108,0.0005415416089817882,1.0],"params":{"w":1024,"h":768,"cx":516.4580760153293,"cy":386.4545856834056,"fx":718.2452894623453,"fy":718.2452894623453}},{"name":"235055326090.jpg","transform":[-0.1289162635803223,-0.9835214018821716,0.12675288319587708,0.0,0.6601151823997498,0.010273047722876072,0.7510941624641418,0.0,-0.7400192618370056,0.18049974739551544,0.6479130387306213,0.0,0.09724268317222597,0.11944904923439026,-0.09772498905658722,1.0],"params":{"w":1024,"h":768,"cx":516.4580760153293,"cy":386.4545856834056,"fx":718.2452894623453,"fy":718.2452894623453}},{"name":"235055792587.jpg","transform":[-0.07023907452821732,-0.9957870244979858,0.058946508914232254,0.0,0.5954709649085999,0.005553189665079117,0.8033576011657715,0.0,-0.8003004193305969,0.0915280357003212,0.5925722122192383,0.0,0.12317144870758057,0.14488890767097473,-0.2089513838291168,1.0],"params":{"w":1024,"h":768,"cx":516.4580760153293,"cy":386.4545856834056,"fx":718.2452894623453,"fy":718.2452894623453}},{"name":"235056409030.jpg","transform":[-0.06513276696205139,-0.9957605600357056,0.06495137512683868,0.0,0.4567348957061768,0.02812286652624607,0.8891581892967224,0.0,-0.887215256690979,0.0875789001584053,0.4529668688774109,0.0,0.1382843852043152,0.1536459922790527,-0.3148123323917389,1.0],"params":{"w":1024,"h":768,"cx":516.4580760153293,"cy":386.4545856834056,"fx":718.2452894623453,"fy":718.2452894623453}},{"name":"235056892188.jpg","transform":[-0.1029505580663681,-0.9937279224395752,0.04365816339850426,0.0,0.2539064586162567,0.016183212399482727,0.9670934081077576,0.0,-0.9617342352867126,0.11064789444208144,0.2506478726863861,0.0,0.11080553382635117,0.15830491483211517,-0.4257619678974152,1.0],"params":{"w":1024,"h":768,"cx":516.4580760153293,"cy":386.4545856834056,"fx":718.2452894623453,"fy":718.2452894623453}},{"name":"235057392007.jpg","transform":[-0.16722548007965088,-0.9855941534042358,0.025293277576565742,0.0,0.08473686128854752,0.011191781610250471,0.99634051322937,0.0,-0.9822704792022704,0.16875678300857544,0.08164460211992264,0.0,0.09121845662593842,0.14430589973926544,-0.5267365574836731,1.0],"params":{"w":1024,"h":768,"cx":516.4580760153293,"cy":386.4545856834056,"fx":718.2452894623453,"fy":718.2452894623453}},{"name":"235057991789.jpg","transform":[-0.23290853202342987,-0.9724971055984496,0.0017425281694158912,0.0,-0.09023445844650269,0.023394739255309105,0.9956457614898682,0.0,-0.9683033227920532,0.2317371517419815,-0.09320157766342164,0.0,0.15280498564243317,0.123911090195179,-0.6043092012405396,1.0],"params":{"w":1024,"h":768,"cx":516.4580760153293,"cy":386.4545856834056,"fx":718.2452894623453,"fy":718.2452894623453}},{"name":"235058491608.jpg","transform":[-0.2762008607387543,-0.9594278335571288,-0.0566684827208519,0.0,-0.24892926216125488,0.01446272898465395,0.9684136509895324,0.0,-0.9283034801483154,0.28158313035964966,-0.24282428622245789,0.0,0.24133601784706116,0.11178425699472427,-0.6828151345252991,1.0],"params":{"w":1024,"h":768,"cx":516.4580760153293,"cy":386.4545856834056,"fx":718.2452894623453,"fy":718.2452894623453}},{"name":"235058891463.jpg","transform":[-0.34093761444091797,-0.935010313987732,-0.09755668044090272,0.0,-0.3385269343852997,0.025297192856669422,0.9406166076660156,0.0,-0.8770182728767395,0.3537171483039856,-0.3251509368419647,0.0,0.2802650034427643,0.10483860224485396,-0.719933032989502,1.0],"params":{"w":1024,"h":768,"cx":516.4580760153293,"cy":386.4545856834056,"fx":718.2452894623453,"fy":718.2452894623453}},{"name":"235059841118.jpg","transform":[-0.4003840684890747,-0.8758125305175781,-0.2695274353027344,0.0,-0.5441341996192932,-0.009426799602806568,0.8389452695846558,0.0,-0.7372995615005493,0.4825593829154968,-0.4727851748466492,0.0,0.3411481976509094,0.07931524515151978,-0.8480170369148254,1.0],"params":{"w":1024,"h":768,"cx":516.4580760153293,"cy":386.4545856834056,"fx":718.2452894623453,"fy":718.2452894623453}},{"name":"235060974040.jpg","transform":[-0.5083282589912415,-0.762537956237793,-0.4001727402210235,0.0,-0.618765652179718,0.00022310393978841603,0.7855756282806396,0.0,-0.59894198179245,0.6469433903694153,-0.47194573283195496,0.0,0.3528645634651184,0.04128647968173027,-0.9229211211204528,1.0],"params":{"w":1024,"h":768,"cx":516.4580760153293,"cy":386.4545856834056,"fx":718.2452894623453,"fy":718.2452894623453}},{"name":"235062756726.jpg","transform":[-0.37910374999046326,-0.8582343459129333,-0.3459973633289337,0.0,-0.6298592686653137,-0.034595049917697906,0.7759384512901306,0.0,-0.6779068112373352,0.512090802192688,-0.527451753616333,0.0,0.3112344443798065,0.06451761722564697,-0.894900918006897,1.0],"params":{"w":1024,"h":768,"cx":516.4580760153293,"cy":386.4545856834056,"fx":718.2452894623453,"fy":718.2452894623453}},{"name":"235063389830.jpg","transform":[-0.20484507083892825,-0.958339273929596,-0.19905875623226169,0.0,-0.6390507817268372,-0.023095661774277687,0.7688177227973938,0.0,-0.7413855791091919,0.28469717502593994,-0.6076964139938354,0.0,0.26102787256240845,0.13859371840953827,-0.8881793022155762,1.0],"params":{"w":1024,"h":768,"cx":516.4580760153293,"cy":386.4545856834056,"fx":718.2452894623453,"fy":718.2452894623453}},{"name":"235063889648.jpg","transform":[-0.04344574362039566,-0.9965355396270752,-0.07091830670833588,0.0,-0.6515239477157593,-0.025552671402692795,0.7581976056098938,0.0,-0.7573829889297485,0.07914543151855469,-0.6481566429138184,0.0,0.22088560461997983,0.19574467837810516,-0.8987515568733215,1.0],"params":{"w":1024,"h":768,"cx":516.4580760153293,"cy":386.4545856834056,"fx":718.2452894623453,"fy":718.2452894623453}},{"name":"235064522751.jpg","transform":[0.08150073885917664,-0.996045470237732,0.03537025675177574,0.0,-0.7181196212768555,-0.03407670557498932,0.6950848698616028,0.0,-0.6911308765411377,-0.08205001056194305,-0.7180570363998413,0.0,0.15254166722297668,0.24474038183689115,-0.8949583172798157,1.0],"params":{"w":1024,"h":768,"cx":516.4580760153293,"cy":386.4545856834056,"fx":718.2452894623453,"fy":718.2452894623453}},{"name":"235064889285.jpg","transform":[0.0799572765827179,-0.9944127798080444,0.06892062723636627,0.0,-0.8305613994598389,-0.02823275700211525,0.556210994720459,0.0,-0.551157534122467,-0.10171592980623244,-0.8281782865524292,0.0,0.13386620581150055,0.2581084966659546,-0.8893096446990967,1.0],"params":{"w":1024,"h":768,"cx":516.4580760153293,"cy":386.4545856834056,"fx":718.2452894623453,"fy":718.2452894623453}},{"name":"235065389104.jpg","transform":[0.04432575777173042,-0.997990906238556,0.045270126312971115,0.0,-0.9335810542106628,-0.025249440222978592,0.35747578740119934,0.0,-0.3556145131587982,-0.05810871347784996,-0.9328245520591736,0.0,0.13017724454402924,0.2539040148258209,-0.8767256140708923,1.0],"params":{"w":1024,"h":768,"cx":516.4580760153293,"cy":386.4545856834056,"fx":718.2452894623453,"fy":718.2452894623453}},{"name":"235065938904.jpg","transform":[0.014937534928321838,-0.9995876550674438,0.02452370710670948,0.0,-0.9926337599754332,-0.011875568889081478,0.12057024985551834,0.0,-0.12022929638624193,-0.026144081726670265,-0.9924018383026124,0.0,0.10047337412834167,0.2503281533718109,-0.8695462346076965,1.0],"params":{"w":1024,"h":768,"cx":516.4580760153293,"cy":386.4545856834056,"fx":718.2452894623453,"fy":718.2452894623453}},{"name":"235066422062.jpg","transform":[0.027345791459083557,-0.9991114735603333,-0.032069332897663116,0.0,-0.99898499250412,-0.02616545744240284,-0.03666511923074722,0.0,0.03579343110322952,0.03303942084312439,-0.9988129138946532,0.0,0.06717763096094131,0.23807360231876373,-0.8615323305130005,1.0],"params":{"w":1024,"h":768,"cx":516.4580760153293,"cy":386.4545856834056,"fx":718.2452894623453,"fy":718.2452894623453}},{"name":"235067088486.jpg","transform":[0.055842794477939606,-0.9797626733779908,-0.19221508502960205,0.0,-0.992963433265686,-0.034362226724624634,-0.1133263111114502,0.0,0.10442795604467392,0.1971909999847412,-0.974787414073944,0.0,0.04528740793466568,0.18615101277828217,-0.8435676693916321,1.0],"params":{"w":1024,"h":768,"cx":516.4580760153293,"cy":386.4545856834056,"fx":718.2452894623453,"fy":718.2452894623453}},{"name":"235068038141.jpg","transform":[0.08375273644924164,-0.9044474959373474,-0.41828247904777527,0.0,-0.9924222230911256,-0.03783389553427696,-0.11690496653318404,0.0,0.0899091511964798,0.424903929233551,-0.9007624387741088,0.0,0.06331899017095566,0.09549696743488312,-0.8262099027633667,1.0],"params":{"w":1024,"h":768,"cx":516.4580760153293,"cy":386.4545856834056,"fx":718.2452894623453,"fy":718.2452894623453}},{"name":"235068787869.jpg","transform":[0.13797493278980255,-0.7961417436599731,-0.589169979095459,0.0,-0.9819718599319458,-0.032358888536691666,-0.18623697757720947,0.0,0.12920613586902618,0.6042443513870239,-0.7862534523010254,0.0,0.07914216816425323,0.0045073991641402245,-0.7140846848487854,1.0],"params":{"w":1024,"h":768,"cx":516.4580760153293,"cy":386.4545856834056,"fx":718.2452894623453,"fy":718.2452894623453}},{"name":"235069437633.jpg","transform":[0.22037898004055023,-0.7503177523612976,-0.6232626438140869,0.0,-0.9530655741691588,-0.029641756787896156,-0.30130937695503235,0.0,0.20760317146778107,0.6604124307632446,-0.7216344475746155,0.0,0.08695924282073975,-0.025503981858491898,-0.5280582904815674,1.0],"params":{"w":1024,"h":768,"cx":516.4580760153293,"cy":386.4545856834056,"fx":718.2452894623453,"fy":718.2452894623453}},{"name":"235070104058.jpg","transform":[0.4011896550655365,-0.75825035572052,-0.5139097571372986,0.0,-0.8066332340240479,-0.02660502679646015,-0.5904531478881836,0.0,0.4340387284755707,0.6514204144477844,-0.6223036050796509,0.0,0.12025932967662813,-0.035419147461652756,-0.3980409502983093,1.0],"params":{"w":1024,"h":768,"cx":516.4580760153293,"cy":386.4545856834056,"fx":718.2452894623453,"fy":718.2452894623453}},{"name":"235070587216.jpg","transform":[0.4995153248310089,-0.7643366456031799,-0.4077669382095337,0.0,-0.6512497067451477,-0.020916610956192017,-0.7585752010345459,0.0,0.5712777376174927,0.6444780230522156,-0.508222222328186,0.0,0.1927701830863953,-0.01412911992520094,-0.3186182379722595,1.0],"params":{"w":1024,"h":768,"cx":516.4580760153293,"cy":386.4545856834056,"fx":718.2452894623453,"fy":718.2452894623453}},{"name":"235071070373.jpg","transform":[0.6432159543037415,-0.7287883758544922,-0.23482073843479156,0.0,-0.3923068642616272,-0.05030974000692368,-0.918457567691803,0.0,0.6575474143028259,0.6828883290290833,-0.31826871633529663,0.0,0.21869204938411713,-0.030116431415081024,-0.31662431359291077,1.0],"params":{"w":1024,"h":768,"cx":516.4580760153293,"cy":386.4545856834056,"fx":718.2452894623453,"fy":718.2452894623453}},{"name":"235071536871.jpg","transform":[0.7172951102256775,-0.6960508227348328,-0.031637631356716156,0.0,-0.09620289504528046,-0.05396343022584915,-0.9938978552818298,0.0,0.6900961995124817,0.7159616947174072,-0.1056698113679886,0.0,0.178866446018219,-0.06578455865383148,-0.308915376663208,1.0],"params":{"w":1024,"h":768,"cx":516.4580760153293,"cy":386.4545856834056,"fx":718.2452894623453,"fy":718.2452894623453}},{"name":"235072103332.jpg","transform":[0.6819902062416077,-0.6956722140312195,0.22567565739154816,0.0,0.2558348476886749,-0.062151506543159485,-0.9647205471992492,0.0,0.6851553916931152,0.7156656384468079,0.13559049367904663,0.0,0.13207057118415833,-0.06252925843000412,-0.3055514693260193,1.0],"params":{"w":1024,"h":768,"cx":516.4580760153293,"cy":386.4545856834056,"fx":718.2452894623453,"fy":718.2452894623453}},{"name":"235072536508.jpg","transform":[0.5566632747650146,-0.7653177976608276,0.32313257455825806,0.0,0.4592955410480499,-0.04058527573943138,-0.8873558640480042,0.0,0.6922236680984497,0.6423717737197876,0.32891473174095154,0.0,0.15208052098751068,-0.027638491243124008,-0.29681769013404846,1.0],"params":{"w":1024,"h":768,"cx":516.4580760153293,"cy":386.4545856834056,"fx":718.2452894623453,"fy":718.2452894623453}},{"name":"235072953023.jpg","transform":[0.4115152657032013,-0.8405916094779968,0.35222288966178894,0.0,0.605660080909729,-0.03656657040119171,-0.7948828339576721,0.0,0.6810514330863953,0.5404337644577026,0.4940651059150696,0.0,0.19617368280887604,0.012182324193418026,-0.24455924332141876,1.0],"params":{"w":1024,"h":768,"cx":516.4580760153293,"cy":386.4545856834056,"fx":718.2452894623453,"fy":718.2452894623453}},{"name":"235073452842.jpg","transform":[0.2685742974281311,-0.9147701263427734,0.3017672896385193,0.0,0.696743905544281,-0.03183630108833313,-0.7166131138801575,0.0,0.6651434302330017,0.4027183949947357,0.6288101077079773,0.0,0.2643274664878845,0.06617438793182373,-0.17201943695545197,1.0],"params":{"w":1024,"h":768,"cx":516.4580760153293,"cy":386.4545856834056,"fx":718.2452894623453,"fy":718.2452894623453}},{"name":"235073619448.jpg","transform":[0.23847997188568115,-0.9309287071228028,0.276584655046463,0.0,0.7153119444847107,-0.02424979582428932,-0.6983844041824341,0.0,0.656853199005127,0.36439499258995056,0.6601213216781616,0.0,0.28382447361946106,0.08381760120391846,-0.15340809524059296,1.0],"params":{"w":1024,"h":768,"cx":516.4580760153293,"cy":386.4545856834056,"fx":718.2452894623453,"fy":718.2452894623453}},{"name":"235074085945.jpg","transform":[0.12094245851039886,-0.9755932688713074,0.18327774107456207,0.0,0.7328261137008667,-0.03679082542657852,-0.6794205904006958,0.0,0.6695810556411743,0.2164815068244934,0.7104906439781189,0.0,0.3283030390739441,0.13819968700408936,-0.12165948003530502,1.0],"params":{"w":1024,"h":768,"cx":516.4580760153293,"cy":386.4545856834056,"fx":718.2452894623453,"fy":718.2452894623453}},{"name":"235074702388.jpg","transform":[-0.01862681284546852,-0.9974213242530824,0.069308802485466,0.0,0.6935890316963196,-0.06281919032335281,-0.717626690864563,0.0,0.7201300859451294,0.03470472991466522,0.6929706335067749,0.0,0.37519603967666626,0.2000872939825058,-0.13977478444576263,1.0],"params":{"w":1024,"h":768,"cx":516.4580760153293,"cy":386.4545856834056,"fx":718.2452894623453,"fy":718.2452894623453}},{"name":"235075268849.jpg","transform":[-0.15527741611003876,-0.9850606322288512,-0.07446121424436569,0.0,0.6617186069488525,-0.04774916172027588,-0.7482302784919739,0.0,0.7334967255592346,-0.165455624461174,0.6592473387718201,0.0,0.4176104664802551,0.2627051770687103,-0.14174485206604004,1.0],"params":{"w":1024,"h":768,"cx":516.4580760153293,"cy":386.4545856834056,"fx":718.2452894623453,"fy":718.2452894623453}},{"name":"235075935274.jpg","transform":[-0.3029928505420685,-0.92853182554245,-0.21453189849853516,0.0,0.6514386534690857,-0.03749414905905723,-0.757774293422699,0.0,0.6955738663673401,-0.36935457587242126,0.616241991519928,0.0,0.4538067579269409,0.30618706345558167,-0.1408342719078064,1.0],"params":{"w":1024,"h":768,"cx":516.4580760153293,"cy":386.4545856834056,"fx":718.2452894623453,"fy":718.2452894623453}},{"name":"235076468413.jpg","transform":[-0.31416550278663635,-0.8815261721611023,-0.3524366617202759,0.0,0.7883363962173462,-0.03538446128368378,-0.6142260432243347,0.0,0.5289855599403381,-0.470807284116745,0.706055760383606,0.0,0.4617725908756256,0.33251404762268066,-0.13880543410778046,1.0],"params":{"w":1024,"h":768,"cx":516.4580760153293,"cy":386.4545856834056,"fx":718.2452894623453,"fy":718.2452894623453}},{"name":"235076884929.jpg","transform":[-0.19174350798130035,-0.8941027522087097,-0.4047402739524842,0.0,0.9293676614761353,-0.032861240208148956,-0.367689847946167,0.0,0.3154522478580475,-0.44665467739105225,0.8372511267662048,0.0,0.4124579429626465,0.3340342342853546,-0.09679960459470748,1.0],"params":{"w":1024,"h":768,"cx":516.4580760153293,"cy":386.4545856834056,"fx":718.2452894623453,"fy":718.2452894623453}},{"name":"235077468050.jpg","transform":[-0.07193741947412491,-0.9105784893035888,-0.4070280492305755,0.0,0.9946169257164,-0.0349767804145813,-0.09753889590501784,0.0,0.07458028942346573,-0.411853700876236,0.9081928730010986,0.0,0.3697597980499267,0.3398681581020355,-0.023631475865840912,1.0],"params":{"w":1024,"h":768,"cx":516.4580760153293,"cy":386.4545856834056,"fx":718.2452894623453,"fy":718.2452894623453}},{"name":"235078117814.jpg","transform":[0.021055052056908607,-0.9049351811408995,-0.4250282347202301,0.0,0.9848729372024536,-0.05436129122972488,0.16453023254871368,0.0,-0.17199426889419556,-0.4220629930496216,0.8901015520095825,0.0,0.35936033725738525,0.3358086049556732,-0.042893022298812866,1.0],"params":{"w":1024,"h":768,"cx":516.4580760153293,"cy":386.4545856834056,"fx":718.2452894623453,"fy":718.2452894623453}},{"name":"235078584311.jpg","transform":[0.08594124764204025,-0.8988484144210815,-0.4297507107257843,0.0,0.9315472841262816,-0.08047278970479965,0.35460367798805237,0.0,-0.3533181846141815,-0.4308081865310669,0.8304038643836975,0.0,0.33602190017700195,0.33560851216316223,-0.1061386615037918,1.0],"params":{"w":1024,"h":768,"cx":516.4580760153293,"cy":386.4545856834056,"fx":718.2452894623453,"fy":718.2452894623453}},{"name":"235078884202.jpg","transform":[0.1363028883934021,-0.9063619375228882,-0.3999119699001312,0.0,0.8703110814094543,-0.08329393714666367,0.4854077696800232,0.0,-0.4732653498649597,-0.41421031951904297,0.7774636149406433,0.0,0.33219945430755615,0.33617445826530457,-0.12692221999168396,1.0],"params":{"w":1024,"h":768,"cx":516.4580760153293,"cy":386.4545856834056,"fx":718.2452894623453,"fy":718.2452894623453}},{"name":"235079350700.jpg","transform":[0.2526971697807312,-0.9084686636924744,-0.3329096734523773,0.0,0.7470818758010864,-0.03543933853507042,0.6637866497039795,0.0,-0.6148274540901184,-0.416447788476944,0.6697450280189514,0.0,0.3274511694908142,0.34677255153656006,-0.12965349853038788,1.0],"params":{"w":1024,"h":768,"cx":516.4580760153293,"cy":386.4545856834056,"fx":718.2452894623453,"fy":718.2452894623453}},{"name":"235079983803.jpg","transform":[0.3481489419937134,-0.8997262120246887,-0.26322051882743835,0.0,0.5777469277381897,-0.015188636258244514,0.8160746097564697,0.0,-0.7382417321205139,-0.4361903667449951,0.5145261287689209,0.0,0.2877897322177887,0.3472173810005188,-0.1658124029636383,1.0],"params":{"w":1024,"h":768,"cx":516.4580760153293,"cy":386.4545856834056,"fx":718.2452894623453,"fy":718.2452894623453}},{"name":"235080400318.jpg","transform":[0.38600021600723267,-0.8986740708351135,-0.20829953253269196,0.0,0.4100607633590698,-0.03511495143175125,0.9113819599151612,0.0,-0.8263497948646545,-0.4372090995311737,0.35495659708976746,0.0,0.23866626620292664,0.35175248980522156,-0.20309090614318848,1.0],"params":{"w":1024,"h":768,"cx":516.4580760153293,"cy":386.4545856834056,"fx":718.2452894623453,"fy":718.2452894623453}},{"name":"235080950119.jpg","transform":[0.4464567005634308,-0.8837842345237732,-0.14000652730464935,0.0,0.20206233859062195,-0.052848536521196365,0.9779457449913024,0.0,-0.8716921806335449,-0.4649004638195038,0.15498493611812592,0.0,0.15509586036205292,0.35664623975753784,-0.21016129851341248,1.0],"params":{"w":1024,"h":768,"cx":516.4580760153293,"cy":386.4545856834056,"fx":718.2452894623453,"fy":718.2452894623453}},{"name":"235081566561.jpg","transform":[0.5605984926223755,-0.8142806887626648,-0.15058648586273193,0.0,0.13778194785118103,-0.08759330213069916,0.9865817427635192,0.0,-0.8165448307991028,-0.5738243460655212,0.06308849900960922,0.0,0.07621332257986069,0.3687192797660827,-0.17642495036125183,1.0],"params":{"w":1024,"h":768,"cx":516.4580760153293,"cy":386.4545856834056,"fx":718.2452894623453,"fy":718.2452894623453}},{"name":"235082016398.jpg","transform":[0.6264055371284485,-0.7451969981193542,-0.22868643701076508,0.0,0.23589903116226196,-0.0983925461769104,0.96678364276886,0.0,-0.7429453134536743,-0.6595455408096313,0.11415761709213255,0.0,0.05033693090081215,0.3717171251773834,-0.16981203854084015,1.0],"params":{"w":1024,"h":768,"cx":516.4580760153293,"cy":386.4545856834056,"fx":718.2452894623453,"fy":718.2452894623453}},{"name":"235082282968.jpg","transform":[0.6615484952926636,-0.6742109060287476,-0.32831889390945435,0.0,0.3709144294261933,-0.086324542760849,0.9246461987495422,0.0,-0.6517484784126282,-0.733476459980011,0.19296666979789737,0.0,0.0403469018638134,0.36893218755722046,-0.17254242300987244,1.0],"params":{"w":1024,"h":768,"cx":516.4580760153293,"cy":386.4545856834056,"fx":718.2452894623453,"fy":718.2452894623453}},{"name":"235083082677.jpg","transform":[0.5717350840568542,-0.7014783620834351,-0.4254963099956513,0.0,0.5677323937416077,-0.03612961620092392,0.8224199414253235,0.0,-0.5922828316688538,-0.7117743492126465,0.3775953948497772,0.0,0.06899220496416092,0.3663611710071564,-0.195070281624794,1.0],"params":{"w":1024,"h":768,"cx":516.4580760153293,"cy":386.4545856834056,"fx":718.2452894623453,"fy":718.2452894623453}},{"name":"235083582495.jpg","transform":[0.4583808183670044,-0.8005290627479553,-0.3860573470592499,0.0,0.6269822120666504,-0.016597453504800797,0.7788567543029785,0.0,-0.6299049854278564,-0.5990641117095947,0.494309514760971,0.0,0.0980951339006424,0.3541784882545471,-0.2513119876384735,1.0],"params":{"w":1024,"h":768,"cx":516.4580760153293,"cy":386.4545856834056,"fx":718.2452894623453,"fy":718.2452894623453}},{"name":"235084182277.jpg","transform":[0.32574498653411865,-0.85337895154953,-0.40698227286338806,0.0,0.7567713856697083,-0.022687776014208794,0.653285801410675,0.0,-0.5667338967323303,-0.5207971334457397,0.6384223103523254,0.0,0.10096192359924316,0.340774267911911,-0.29995784163475037,1.0],"params":{"w":1024,"h":768,"cx":516.4580760153293,"cy":386.4545856834056,"fx":718.2452894623453,"fy":718.2452894623453}},{"name":"235084715417.jpg","transform":[0.24111483991146088,-0.9166110754013062,-0.31888526678085327,0.0,0.7674804329872131,-0.021020563319325447,0.6407276391983032,0.0,-0.5940011739730835,-0.3992271423339844,0.6984126567840576,0.0,0.10597801953554152,0.31658393144607544,-0.33376243710517883,1.0],"params":{"w":1024,"h":768,"cx":516.4580760153293,"cy":386.4545856834056,"fx":718.2452894623453,"fy":718.2452894623453}},{"name":"235085115272.jpg","transform":[0.29915904998779297,-0.9227867722511292,-0.24283412098884585,0.0,0.6159652471542358,-0.007604969199746847,0.7877366542816162,0.0,-0.7287597060203552,-0.38523590564727783,0.5661295056343079,0.0,0.1179373413324356,0.3108561933040619,-0.3205593228340149,1.0],"params":{"w":1024,"h":768,"cx":516.4580760153293,"cy":386.4545856834056,"fx":718.2452894623453,"fy":718.2452894623453}},{"name":"235085381841.jpg","transform":[0.371599018573761,-0.9029088616371156,-0.21603186428546903,0.0,0.494938850402832,-0.004203207790851593,0.8689176440238953,0.0,-0.7854614853858948,-0.4298115074634552,0.44532275199890137,0.0,0.11599522083997726,0.3173392415046692,-0.300580233335495,1.0],"params":{"w":1024,"h":768,"cx":516.4580760153293,"cy":386.4545856834056,"fx":718.2452894623453,"fy":718.2452894623453}},{"name":"235085781696.jpg","transform":[0.45597025752067566,-0.8770886063575745,-0.15101885795593262,0.0,0.29315149784088135,-0.012203863821923733,0.955988109111786,0.0,-0.8403292894363403,-0.4801735579967499,0.2515552341938019,0.0,0.10645967721939088,0.32489490509033203,-0.26780712604522705,1.0],"params":{"w":1024,"h":768,"cx":516.4580760153293,"cy":386.4545856834056,"fx":718.2452894623453,"fy":718.2452894623453}},{"name":"235085981624.jpg","transform":[0.489905446767807,-0.8667692542076111,-0.0932939201593399,0.0,0.1686892807483673,-0.010740689933300018,0.9856107831001282,0.0,-0.8552991151809692,-0.4985937476158142,0.14095275104045868,0.0,0.10074341297149658,0.3333112299442291,-0.2523353099822998,1.0],"params":{"w":1024,"h":768,"cx":516.4580760153293,"cy":386.4545856834056,"fx":718.2452894623453,"fy":718.2452894623453}},{"name":"235086364818.jpg","transform":[0.5485367774963379,-0.8360766768455505,-0.009120065718889236,0.0,-0.02989966422319412,-0.030514908954501152,0.9990870356559752,0.0,-0.8355916738510132,-0.5477632880210876,-0.04173696413636208,0.0,0.06745747476816177,0.3416174352169037,-0.21600070595741272,1.0],"params":{"w":1024,"h":768,"cx":516.4580760153293,"cy":386.4545856834056,"fx":718.2452894623453,"fy":718.2452894623453}},{"name":"235086997921.jpg","transform":[0.5391455292701721,-0.8419067859649658,0.022694924846291546,0.0,-0.14555861055850983,-0.06660475581884384,0.987105131149292,0.0,-0.829538881778717,-0.5354967713356018,-0.1584564447402954,0.0,0.04727565497159958,0.33848482370376587,-0.16157688200473783,1.0],"params":{"w":1024,"h":768,"cx":516.4580760153293,"cy":386.4545856834056,"fx":718.2452894623453,"fy":718.2452894623453}},{"name":"235087780970.jpg","transform":[0.36984512209892273,-0.92909038066864,-0.002370197558775544,0.0,-0.1427484154701233,-0.059344612061977386,0.9879782795906068,0.0,-0.9180617928504944,-0.36506059765815735,-0.15457449853420258,0.0,0.09652256965637208,0.2982715666294098,-0.15232405066490173,1.0],"params":{"w":1024,"h":768,"cx":516.4580760153293,"cy":386.4545856834056,"fx":718.2452894623453,"fy":718.2452894623453}},{"name":"235088280788.jpg","transform":[0.22424905002117157,-0.9744059443473816,-0.015666551887989044,0.0,-0.12091410905122756,-0.0437716506421566,0.9916974306106568,0.0,-0.9670016169548036,-0.2204929143190384,-0.1276351660490036,0.0,0.14347906410694122,0.26268959045410156,-0.16065602004528046,1.0],"params":{"w":1024,"h":768,"cx":516.4580760153293,"cy":386.4545856834056,"fx":718.2452894623453,"fy":718.2452894623453}},{"name":"235088963873.jpg","transform":[0.0001496106997365132,-0.9992502927780152,-0.03871450573205948,0.0,-0.08148300647735596,-0.0385979525744915,0.9959270358085632,0.0,-0.9966747164726256,0.003005573060363531,-0.0814276933670044,0.0,0.19735349714756012,0.19035515189170835,-0.15460941195487976,1.0],"params":{"w":1024,"h":768,"cx":516.4580760153293,"cy":386.4545856834056,"fx":718.2452894623453,"fy":718.2452894623453}},{"name":"235089713601.jpg","transform":[-0.2512846291065216,-0.9675711989402772,-0.02572956122457981,0.0,-0.03002327121794224,-0.018777985125780106,0.9993727803230286,0.0,-0.9674474596977234,0.25189951062202454,-0.02433103322982788,0.0,0.2077503204345703,0.10404008626937866,-0.15890377759933472,1.0],"params":{"w":1024,"h":768,"cx":516.4580760153293,"cy":386.4545856834056,"fx":718.2452894623453,"fy":718.2452894623453}},{"name":"235090180098.jpg","transform":[-0.350529283285141,-0.9365220069885254,0.007467007264494896,0.0,0.10128873586654664,-0.02998267486691475,0.9944051504135132,0.0,-0.9310584664344788,0.34932443499565125,0.105368934571743,0.0,0.187760666012764,0.06756090372800827,-0.1776217669248581,1.0],"params":{"w":1024,"h":768,"cx":516.4580760153293,"cy":386.4545856834056,"fx":718.2452894623453,"fy":718.2452894623453}},{"name":"235090579953.jpg","transform":[-0.43314051628112793,-0.8931878209114075,0.12085019052028656,0.0,0.26677078008651733,0.001031445455737412,0.963759422302246,0.0,-0.8609429001808167,0.4496825635433197,0.23782967031002045,0.0,0.12822206318378448,0.03129339590668678,-0.18165096640586853,1.0],"params":{"w":1024,"h":768,"cx":516.4580760153293,"cy":386.4545856834056,"fx":718.2452894623453,"fy":718.2452894623453}},{"name":"235091679553.jpg","transform":[-0.576600968837738,-0.7976571321487427,0.17684565484523773,0.0,0.306822806596756,-0.010793299414217472,0.9517054557800292,0.0,-0.7572259306907654,0.6030145883560181,0.2509628236293793,0.0,0.04600336775183678,-0.05960875004529953,-0.19183291494846344,1.0],"params":{"w":1024,"h":768,"cx":516.4580760153293,"cy":386.4545856834056,"fx":718.2452894623453,"fy":718.2452894623453}},{"name":"235092879117.jpg","transform":[-0.6092580556869507,-0.7922701239585876,-0.03335732966661453,0.0,0.015668615698814392,-0.05408588796854019,0.9984133243560792,0.0,-0.7928171753883362,0.607768714427948,0.04536603763699531,0.0,0.06597303599119186,-0.07158412039279938,-0.25846219062805176,1.0],"params":{"w":1024,"h":768,"cx":516.4580760153293,"cy":386.4545856834056,"fx":718.2452894623453,"fy":718.2452894623453}},{"name":"235093328953.jpg","transform":[-0.604932963848114,-0.7803338170051575,-0.15854105353355408,0.0,-0.24806198477745056,-0.004514951258897781,0.9687336683273317,0.0,-0.7566514015197754,0.6253468990325928,-0.19083991646766665,0.0,0.0657476857304573,-0.058358170092105865,-0.21242870390415192,1.0],"params":{"w":1024,"h":768,"cx":516.4580760153293,"cy":386.4545856834056,"fx":718.2452894623453,"fy":718.2452894623453}},{"name":"235093878753.jpg","transform":[-0.5178879499435425,-0.7935371398925781,-0.3195165991783142,0.0,-0.4364805221557617,-0.0761086717247963,0.8964888453483582,0.0,-0.7357151508331299,0.6037435531616211,-0.3069477379322052,0.0,0.04122079908847809,-0.04029437154531479,-0.1245451346039772,1.0],"params":{"w":1024,"h":768,"cx":516.4580760153293,"cy":386.4545856834056,"fx":718.2452894623453,"fy":718.2452894623453}},{"name":"235094395232.jpg","transform":[-0.4765477776527405,-0.7755587697029114,-0.4140179455280304,0.0,-0.6157564520835876,-0.04168064147233963,0.7868333458900452,0.0,-0.6274920105934143,0.6298978924751282,-0.4576924741268158,0.0,-0.003335715504363179,-0.05147194117307663,-0.04058796167373657,1.0],"params":{"w":1024,"h":768,"cx":516.4580760153293,"cy":386.4545856834056,"fx":718.2452894623453,"fy":718.2452894623453}},{"name":"235095028335.jpg","transform":[-0.3603971302509308,-0.7831676006317139,-0.5067172646522522,0.0,-0.7942790985107422,-0.027188707143068314,0.6069444417953491,0.0,-0.48911619186401367,0.6212159395217896,-0.6122549176216125,0.0,-0.05234047770500183,-0.05532194301486015,0.015896212309598923,1.0],"params":{"w":1024,"h":768,"cx":516.4580760153293,"cy":386.4545856834056,"fx":718.2452894623453,"fy":718.2452894623453}},{"name":"235095361547.jpg","transform":[-0.28023478388786316,-0.8048768639564514,-0.5231077075004578,0.0,-0.8678632378578186,-0.020445281639695168,0.49638229608535767,0.0,-0.4102216958999634,0.5930895805358887,-0.6927935481071472,0.0,-0.07923886179924011,-0.04053398221731186,0.0626119002699852,1.0],"params":{"w":1024,"h":768,"cx":516.4580760153293,"cy":386.4545856834056,"fx":718.2452894623453,"fy":718.2452894623453}},{"name":"235096044633.jpg","transform":[-0.1824377477169037,-0.8535531759262085,-0.4880198836326599,0.0,-0.9133132100105286,-0.03669227659702301,0.4056015610694885,0.0,-0.364109069108963,0.5197120308876038,-0.7728673815727234,0.0,-0.12680737674236298,-0.014106654562056065,0.1707293689250946,1.0],"params":{"w":1024,"h":768,"cx":516.4580760153293,"cy":386.4545856834056,"fx":718.2452894623453,"fy":718.2452894623453}},{"name":"235096677736.jpg","transform":[-0.1659177541732788,-0.8447259068489075,-0.5088314414024353,0.0,-0.9353294372558594,-0.028687195852398872,0.35261300206184387,0.0,-0.3124582767486572,0.5344297885894775,-0.7853372693061829,0.0,-0.15829940140247345,-0.0195563156157732,0.2698802649974823,1.0],"params":{"w":1024,"h":768,"cx":516.4580760153293,"cy":386.4545856834056,"fx":718.2452894623453,"fy":718.2452894623453}},{"name":"235097460784.jpg","transform":[-0.11696968972682951,-0.8634721636772156,-0.4906464219093323,0.0,-0.9738588929176332,0.002858844120055437,0.22713594138622284,0.0,-0.19472287595272064,0.5043883919715881,-0.8412344455718994,0.0,-0.1413426697254181,-0.0100506991147995,0.3839428722858429,1.0],"params":{"w":1024,"h":768,"cx":516.4580760153293,"cy":386.4545856834056,"fx":718.2452894623453,"fy":718.2452894623453}},{"name":"235098460421.jpg","transform":[-0.03764503076672554,-0.8606258034706116,-0.5078445076942444,0.0,-0.9947464466094972,-0.016139863058924675,0.10108929127454758,0.0,-0.09519659727811812,0.5089820027351379,-0.855496883392334,0.0,-0.021794963628053665,-0.014005808159708977,0.5539301633834839,1.0],"params":{"w":1024,"h":768,"cx":516.4580760153293,"cy":386.4545856834056,"fx":718.2452894623453,"fy":718.2452894623453}},{"name":"235099543361.jpg","transform":[-0.10766039788722992,-0.8607182502746582,-0.4975674152374267,0.0,-0.970826268196106,-0.016840113326907158,0.2391919642686844,0.0,-0.21425598859786987,0.5088030099868774,-0.8337948322296143,0.0,0.01978813484311104,-0.029247434809803963,0.789861798286438,1.0],"params":{"w":1024,"h":768,"cx":516.4580760153293,"cy":386.4545856834056,"fx":718.2452894623453,"fy":718.2452894623453}},{"name":"235100393052.jpg","transform":[-0.08254391700029373,-0.8597914576530457,-0.5039296746253967,0.0,-0.987581193447113,0.002743388060480356,0.1570855677127838,0.0,-0.1336783617734909,0.5106379389762878,-0.8493403196334839,0.0,0.031420718878507614,-0.039028268307447433,0.9688363671302797,1.0],"params":{"w":1024,"h":768,"cx":516.4580760153293,"cy":386.4545856834056,"fx":718.2452894623453,"fy":718.2452894623453}},{"name":"235101159440.jpg","transform":[0.003809473942965269,-0.8888847827911377,-0.45811498165130615,0.0,-0.9990480542182922,-0.023291533812880516,0.036885157227516174,0.0,-0.04345685616135597,0.45753833651542664,-0.888127326965332,0.0,0.10411065071821211,-0.037225451320409775,1.203954815864563,1.0],"params":{"w":1024,"h":768,"cx":516.4580760153293,"cy":386.4545856834056,"fx":718.2452894623453,"fy":718.2452894623453}},{"name":"235101542634.jpg","transform":[-0.045452263206243515,-0.9096137285232544,-0.4129611849784851,0.0,-0.9836504459381104,-0.03135860338807106,0.1773371398448944,0.0,-0.17425818741321564,0.4142698347568512,-0.8933166265487671,0.0,0.12099164724349976,-0.02486378140747547,1.332025408744812,1.0],"params":{"w":1024,"h":768,"cx":516.4580760153293,"cy":386.4545856834056,"fx":718.2452894623453,"fy":718.2452894623453}},{"name":"235101942488.jpg","transform":[-0.059192851185798645,-0.9582560658454896,-0.2797167897224426,0.0,-0.9686591029167176,-0.012578173540532587,0.2480752319097519,0.0,-0.24123792350292209,0.28563448786735535,-0.9274789690971376,0.0,0.06792067736387253,0.03923145681619644,1.4387295246124268,1.0],"params":{"w":1024,"h":768,"cx":516.4580760153293,"cy":386.4545856834056,"fx":718.2452894623453,"fy":718.2452894623453}},{"name":"235102425646.jpg","transform":[-0.0021835307125002146,-0.9909023642539978,-0.1345649212598801,0.0,-0.95699280500412,-0.03696729615330696,0.2877466678619385,0.0,-0.29010334610939026,0.12940596044063568,-0.9482057690620422,0.0,0.012379833497107027,0.08930070698261261,1.5032349824905396,1.0],"params":{"w":1024,"h":768,"cx":516.4580760153293,"cy":386.4545856834056,"fx":718.2452894623453,"fy":718.2452894623453}},{"name":"235102942125.jpg","transform":[0.07119819521903992,-0.9965453743934632,-0.04275602847337723,0.0,-0.8957726359367371,-0.08273668587207794,0.436744749546051,0.0,-0.4387734532356262,0.007204243913292885,-0.8985688090324402,0.0,-0.0054225134663283825,0.14374257624149325,1.530796766281128,1.0],"params":{"w":1024,"h":768,"cx":516.4580760153293,"cy":386.4545856834056,"fx":718.2452894623453,"fy":718.2452894623453}},{"name":"235103475265.jpg","transform":[0.09912659227848052,-0.9937099814414978,0.05209987610578537,0.0,-0.9302730560302734,-0.07395865023136139,0.3593357801437378,0.0,-0.3532223105430603,-0.0840868428349495,-0.931752860546112,0.0,-0.022534580901265144,0.18750889599323273,1.5377007722854614,1.0],"params":{"w":1024,"h":768,"cx":516.4580760153293,"cy":386.4545856834056,"fx":718.2452894623453,"fy":718.2452894623453}},{"name":"235104075046.jpg","transform":[0.07641289383172989,-0.9919377565383912,0.10109684616327286,0.0,-0.9832523465156556,-0.058139730244874954,0.1727270632982254,0.0,-0.16545675694942474,-0.11260228604078291,-0.9797677397727966,0.0,-0.05423218756914139,0.2050819844007492,1.54569411277771,1.0],"params":{"w":1024,"h":768,"cx":516.4580760153293,"cy":386.4545856834056,"fx":718.2452894623453,"fy":718.2452894623453}},{"name":"235104524883.jpg","transform":[0.0553385317325592,-0.9961931705474854,0.06735589355230331,0.0,-0.9977299571037292,-0.05257900059223175,0.042076028883457184,0.0,-0.03837434947490692,-0.06953141838312149,-0.9968414306640624,0.0,-0.08254560828208923,0.21319416165351868,1.5469346046447754,1.0],"params":{"w":1024,"h":768,"cx":516.4580760153293,"cy":386.4545856834056,"fx":718.2452894623453,"fy":718.2452894623453}},{"name":"235104991380.jpg","transform":[0.020473217591643333,-0.9956552982330322,-0.09083697944879532,0.0,-0.9994709491729736,-0.018085414543747905,-0.027032477781176567,0.0,0.025272205471992493,0.09134236723184586,-0.9954988360404968,0.0,-0.09382683783769608,0.1815526187419891,1.5638586282730105,1.0