{"format_version":1,"windows":[{"identifier":"01E6C878-94AA-4FD6-BA85-A452A00A7A0B","parentIdentifier":"71","wall_thickness":0.1,"dimensions":[1.0043969171653435,0.598073,0.0],"transform":[-0.9932602392149564,0.0,0.11590555290687103,0.0,0.0,1.0,0.0,0.0,-0.11590555290687103,0.0,-0.9932602392149564,0.0,-0.6506310024718653,2.3895018,6.336723819838289,1.0],"category":{"window":{}},"color":[null,null],"story":1},{"identifier":"025FABA8-81CC-4BF4-8357-34ED79B18528","parentIdentifier":"43","wall_thickness":0.1,"dimensions":[0.6790669416502463,0.4303162,0.0],"transform":[-0.9932602392149565,0.0,0.11590555290687014,0.0,0.0,1.0,0.0,0.0,-0.11590555290687014,0.0,-0.9932602392149565,0.0,0.9597237100434732,0.17630965,7.77912174495331,1.0],"category":{"window":{}},"color":[null,null],"story":0},{"identifier":"2894D71F-B9F7-4F9B-B3D6-556AE0686DEA","parentIdentifier":"6","wall_thickness":0.1,"dimensions":[2.6558071333755673,1.5488722,0.0],"transform":[-0.11590555290687085,0.0,-0.9932602392149564,0.0,0.0,1.0,0.0,0.0,0.9932602392149564,0.0,-0.11590555290687085,0.0,-5.749504374515876,-0.023728073,1.8398228241665386,1.0],"category":{"window":{}},"color":[null,null],"story":0},{"identifier":"2E51BE2B-FE2B-46E5-AC2D-A2116AB4342F","parentIdentifier":"53","wall_thickness":0.1,"dimensions":[1.3272508383471633,1.2158458,0.0],"transform":[0.11590555290687031,0.0,0.9932602392149565,0.0,0.0,1.0,0.0,0.0,-0.9932602392149565,0.0,0.11590555290687031,0.0,3.4063665198140813,0.24202687,4.578143293385535,1.0],"category":{"window":{}},"color":[null,null],"story":0},{"identifier":"3904BDD7-D860-43E1-83C2-188C116993B6","parentIdentifier":"38","wall_thickness":0.1,"dimensions":[0.977122377855078,0.5847688,0.0],"transform":[0.11590555290686987,0.0,0.9932602392149565,0.0,0.0,1.0,0.0,0.0,-0.9932602392149565,0.0,0.11590555290686987,0.0,2.4051603417622456,0.45231098,-4.0017587303318525,1.0],"category":{"window":{}},"color":[null,null],"story":0},{"identifier":"3EDE0F3D-28CB-400C-A0E6-934858F63E82","parentIdentifier":"80","wall_thickness":0.1,"dimensions":[0.9873724428306596,0.60617924,0.0],"transform":[0.9932602392149565,0.0,-0.11590555290687002,0.0,0.0,1.0,0.0,0.0,0.11590555290687002,0.0,0.9932602392149565,0.0,-1.9969405918969767,2.3937461,-4.9068400763257145,1.0],"category":{"window":{}},"color":[null,null],"story":1},{"identifier":"5568EB1D-9F0D-435D-8B13-66709473605A","parentIdentifier":"33","wall_thickness":0.1,"dimensions":[1.9385741128004734,1.348812,0.0],"transform":[-0.11590555290686974,0.0,-0.9932602392149567,0.0,0.0,1.0,0.0,0.0,0.9932602392149567,0.0,-0.11590555290686974,0.0,-5.768744930748106,-0.019504666,-2.149345801568982,1.0],"category":{"window":{}},"color":[null,null],"story":0},{"identifier":"6A2CDF61-5BD4-48EF-8582-11E64DBB526A","parentIdentifier":"1","wall_thickness":0.1,"dimensions":[0.5509813691125367,0.9314661,0.0],"transform":[-0.11590555290686842,0.0,-0.9932602392149568,0.0,0.0,1.0,0.0,0.0,0.9932602392149568,0.0,-0.11590555290686842,0.0,-5.065000850209655,0.29012543,4.504392873530989,1.0],"category":{"window":{}},"color":[null,null],"story":0},{"identifier":"6F402AD6-B5DA-48CB-AB4A-410EB1C74DEF","parentIdentifier":"40","wall_thickness":0.1,"dimensions":[0.7462792874935169,0.91800773,0.0],"transform":[0.11590555290687053,0.0,0.9932602392149565,0.0,0.0,1.0,0.0,0.0,-0.9932602392149565,0.0,0.11590555290687053,0.0,3.0782591202888128,0.1447531,1.7664054088122043,1.0],"category":{"window":{}},"color":[null,null],"story":0},{"identifier":"86449C67-7081-4288-8DD8-19BD7DA543C9","parentIdentifier":"18","wall_thickness":0.1,"dimensions":[0.49144068843158367,0.80325675,0.0],"transform":[-0.1159055529068693,0.0,-0.9932602392149567,0.0,0.0,1.0,0.0,0.0,0.9932602392149567,0.0,-0.1159055529068693,0.0,-2.2632820962041187,0.1906535,7.842392097775507,1.0],"category":{"window":{}},"color":[null,null],"story":0},{"identifier":"8D9F1ADB-A41C-48E9-BCF5-5885E0661BC5","parentIdentifier":"5","wall_thickness":0.1,"dimensions":[1.6173751561116776,1.6105983,0.0],"transform":[0.9932602392149565,0.0,-0.11590555290687014,0.0,0.0,1.0,0.0,0.0,0.11590555290687014,0.0,0.9932602392149565,0.0,-4.269444670912031,-0.032141984,-4.540970184374002,1.0],"category":{"window":{}},"color":[null,null],"story":0},{"identifier":"969E3273-DD89-4608-A608-0F2F2D4AF2BF","parentIdentifier":"20","wall_thickness":0.1,"dimensions":[0.6680933817483438,1.2335727,0.0],"transform":[-0.9932602392149563,0.0,0.1159055529068719,0.0,0.0,1.0,0.0,0.0,-0.1159055529068719,0.0,-0.9932602392149563,0.0,-3.3074809437289887,0.084508836,6.546068694015076,1.0],"category":{"window":{}},"color":[null,null],"story":0},{"identifier":"B5F45481-8A4F-470A-AEE3-872CCC42BC68","parentIdentifier":"60","wall_thickness":0.1,"dimensions":[1.6275217362610215,1.5672834,0.0],"transform":[0.9932602392149565,0.0,-0.11590555290686982,0.0,0.0,1.0,0.0,0.0,0.11590555290686982,0.0,0.9932602392149565,0.0,0.6990178680563414,-0.021671474,-5.120750160396554,1.0],"category":{"window":{}},"color":[null,null],"story":0},{"identifier":"C670A077-3D6F-47A0-87FC-C65965116D90","parentIdentifier":"1","wall_thickness":0.1,"dimensions":[0.5862992439381374,0.97976434,0.0],"transform":[-0.11590555290687085,0.0,-0.9932602392149564,0.0,0.0,1.0,0.0,0.0,0.9932602392149564,0.0,-0.11590555290687085,0.0,-4.974530114125971,0.30737484,5.279687781417218,1.0],"category":{"window":{}},"color":[null,null],"story":0},{"identifier":"C84789DD-DFBB-40EF-8905-56A7F3A1E2D6","parentIdentifier":"26","wall_thickness":0.1,"dimensions":[0.9870606854447386,1.5835633,0.0],"transform":[-0.9932602392149565,0.0,0.11590555290687059,0.0,0.0,1.0,0.0,0.0,-0.11590555290687059,0.0,-0.9932602392149565,0.0,1.7830244107711635,0.0070520034,5.952051381479135,1.0],"category":{"window":{}},"color":[null,null],"story":0},{"identifier":"CB117292-BB40-4659-8AA1-BA79C142BBAA","parentIdentifier":"55","wall_thickness":0.1,"dimensions":[2.0898704528223258,0.7860441,0.0],"transform":[-0.9932602392149565,0.0,0.11590555290687059,0.0,0.0,1.0,0.0,0.0,-0.11590555290687059,0.0,-0.9932602392149565,0.0,-1.0167513206785042,0.15909702,8.00976062708909,1.0],"category":{"window":{}},"color":[null,null],"story":0}],"doors":[{"identifier":"03DD3315-9CE9-454A-9E56-D450572EA327","parentIdentifier":"39","wall_thickness":0.1,"dimensions":[0.9643907586599424,2.0983455,0.0],"transform":[0.11590555290687053,0.0,0.9932602392149565,0.0,0.0,1.0,0.0,0.0,-0.9932602392149565,0.0,0.11590555290687053,0.0,-1.0059027259941336,-0.3134522,-1.473475689836894,1.0],"category":{"door":{}},"color":[null,null],"story":0},{"identifier":"49950EDC-8A4B-4B5E-9664-FD464FB38810","parentIdentifier":"3","wall_thickness":0.1,"dimensions":[0.8194077358752018,2.0969923,0.0],"transform":[0.11590555290687074,0.0,0.9932602392149565,0.0,0.0,1.0,0.0,0.0,-0.9932602392149565,0.0,0.11590555290687074,0.0,-1.239368831891995,-0.31412882,5.8216980086064405,1.0],"category":{"door":{}},"color":[null,null],"story":0},{"identifier":"6E217628-827E-4922-8D08-3EE52D0833FD","parentIdentifier":"57","wall_thickness":0.1,"dimensions":[0.9181066641935134,2.1327708,0.0],"transform":[0.9932602392149564,0.0,-0.11590555290687138,0.0,0.0,1.0,0.0,0.0,0.11590555290687138,0.0,0.9932602392149564,0.0,-1.4825913914103397,-0.29623953,-4.866173748835887,1.0],"category":{"door":{}},"color":[null,null],"story":0},{"identifier":"6FC2C4B4-6974-4167-AD62-943361E80DF3","parentIdentifier":"44","wall_thickness":0.1,"dimensions":[0.6361722992156987,1.989332,0.0],"transform":[0.11590555290687053,0.0,0.9932602392149565,0.0,0.0,1.0,0.0,0.0,-0.9932602392149565,0.0,0.11590555290687053,0.0,0.8084383946711686,-0.36795896,1.8120220727742464,1.0],"category":{"door":{}},"color":[null,null],"story":0,"door_swing_dir":"left_p2","door_swing_dir_conf":1.0},{"identifier":"72C47926-0C4D-4E2D-90BA-D4A09AE7CE33","parentIdentifier":"81","wall_thickness":0.1,"dimensions":[0.6294116094053619,2.1306329,0.0],"transform":[0.11590555290687009,0.0,0.9932602392149565,0.0,0.0,1.0,0.0,0.0,-0.9932602392149565,0.0,0.11590555290687009,0.0,-1.2951044540739207,2.331004,-3.345248302278115,1.0],"category":{"door":{}},"color":[null,null],"story":1},{"identifier":"8A8AC15F-54D6-4686-8EA8-01D626C8604A","parentIdentifier":"26","wall_thickness":0.1,"dimensions":[0.61974715704328,2.029495,0.0],"transform":[-0.9932602392149563,0.0,0.1159055529068719,0.0,0.0,1.0,0.0,0.0,-0.1159055529068719,0.0,-0.9932602392149563,0.0,0.6759473537046914,-0.34787744,6.081238449826115,1.0],"category":{"door":{}},"color":[null,null],"story":0,"door_swing_dir":"left_p1","door_swing_dir_conf":0.9626802510142469},{"identifier":"9865D7E3-5BC0-4AC1-B6F7-AD647F838AFA","parentIdentifier":"28","wall_thickness":0.1,"dimensions":[0.7569518393126805,2.0352325000000002,0.0],"transform":[0.11590555290687031,0.0,0.9932602392149565,0.0,0.0,1.0,0.0,0.0,-0.9932602392149565,0.0,0.11590555290687031,0.0,-0.5083256753196352,-0.34500873,-3.6731647078992262,1.0],"category":{"door":{}},"color":[null,null],"story":0,"door_swing_dir":"left_p1","door_swing_dir_conf":0.2},{"identifier":"B5418AF8-8F54-4CAC-8A72-090847A29022","parentIdentifier":"18","wall_thickness":0.1,"dimensions":[0.7536964074686927,2.0753953,0.0],"transform":[-0.11590555290687019,0.0,-0.9932602392149565,0.0,0.0,1.0,0.0,0.0,0.9932602392149565,0.0,-0.11590555290687019,0.0,-2.3434376606165133,-0.32492727,7.155493730217266,1.0],"category":{"door":{}},"color":[null,null],"story":0},{"identifier":"C60E543A-9836-4BC3-A6C1-6FB50FDA7706","parentIdentifier":"58","wall_thickness":0.1,"dimensions":[0.7205781896916543,2.0237572,0.0],"transform":[0.11590555290687031,0.0,0.9932602392149565,0.0,0.0,1.0,0.0,0.0,-0.9932602392149565,0.0,0.11590555290687031,0.0,-0.6096488933528792,-0.3507463,1.9222475238329308,1.0],"category":{"door":{}},"color":[null,null],"story":0}],"openings":[{"identifier":"06D084EF-ADCA-494C-B4D9-6CA8FDE8A973","parentIdentifier":"48","wall_thickness":0.1,"dimensions":[0.7968543912183251,1.9799997,0.0],"transform":[-0.9932602392149565,0.0,0.11590555290687059,0.0,0.0,1.0,0.0,0.0,-0.11590555290687059,0.0,-0.9932602392149565,0.0,-3.612995686962451,-0.3726251,3.4459838256287396,1.0],"category":{"opening":{}},"color":[null,null],"story":0},{"identifier":"2882C08B-B68D-4093-AB17-FAE19A7479A0","parentIdentifier":"42","wall_thickness":0.1,"dimensions":[1.2913054607798207,2.261351,0.0],"transform":[0.9932602392149565,0.0,-0.1159055529068702,0.0,0.0,1.0,0.0,0.0,0.1159055529068702,0.0,0.9932602392149565,0.0,-0.010450969731947979,-0.23194939,0.9258046913667638,1.0],"category":{"opening":{}},"color":[null,null],"story":0},{"identifier":"5E8B5076-F8E5-4DBA-AACA-A39A325D7EE8","parentIdentifier":"27","wall_thickness":0.1,"dimensions":[1.1212219995068091,2.0399997,0.0],"transform":[-0.9932602392149567,0.0,0.1159055529068697,0.0,0.0,0.9999999999999999,0.0,0.0,-0.1159055529068697,0.0,-0.9932602392149567,0.0,-1.7935630471347777,-0.34262508,6.470087314080024,1.0],"category":{"opening":{}},"color":[null,null],"story":0},{"identifier":"6F0BB927-0679-4B9F-AB5C-4DF80D2BA491","parentIdentifier":"65","wall_thickness":0.1,"dimensions":[2.134633840060068,1.9999998,0.0],"transform":[0.9932602392149565,0.0,-0.11590555290687007,0.0,0.0,1.0,0.0,0.0,0.11590555290687007,0.0,0.9932602392149565,0.0,-3.6272826959750644,-0.36262506,-0.18227468442649902,1.0],"category":{"opening":{}},"color":[null,null],"story":0},{"identifier":"70A59DA5-248A-433B-B1E6-C171DC5D8195","parentIdentifier":"37","wall_thickness":0.1,"dimensions":[1.9728757578857024,1.9999998,0.0],"transform":[0.11590555290687031,0.0,0.9932602392149565,0.0,0.0,1.0,0.0,0.0,-0.9932602392149565,0.0,0.11590555290687031,0.0,-2.1804648875327954,-0.36262506,-3.726165070682283,1.0],"category":{"opening":{}},"color":[null,null],"story":0},{"identifier":"D4731653-9798-4669-92E2-D2A0AB079815","parentIdentifier":"84","wall_thickness":0.1,"dimensions":[0.7956128809035694,1.353970011344428,0.0],"transform":[-0.9932602392149565,0.0,0.11590555290687014,0.0,0.0,1.0,0.0,0.0,-0.11590555290687014,0.0,-0.9932602392149565,0.0,-1.574951799125256,2.2689872,-1.7504536216568192,1.0],"category":{"opening":{}},"color":[null,null],"story":1},{"identifier":"D7B44D49-0528-4541-B1F8-CB41CF002DB4","parentIdentifier":"8","wall_thickness":0.1,"dimensions":[1.220825639411149,1.9799997,0.0],"transform":[0.9932602392149567,0.0,-0.1159055529068695,0.0,0.0,1.0,0.0,0.0,0.1159055529068695,0.0,0.9932602392149567,0.0,0.2719672457982367,-0.3726251,3.041966233936809,1.0],"category":{"opening":{}},"color":[null,null],"story":0}],"walls":[{"identifier":"0","wall_thickness":0.1,"dimensions":[2.8319356901308956,2.5613515,0.0],"transform":[0.9932602392149565,0.0,-0.11590555290687045,0.0,0.0,1.0,0.0,0.0,0.11590555290687045,0.0,0.9932602392149565,0.0,1.067112603009427,-0.081949174,-2.3889091014773496,1.0],"category":{"wall":{}},"color":[[0.4666666666666667,0.4823529411764706,0.5058823529411764],[0.7843137254901961,0.796078431372549,0.8156862745098039]],"story":0},{"identifier":"1","wall_thickness":0.1,"dimensions":[3.1146018931957533,2.5613515,0.0],"transform":[-0.11590555290686974,0.0,-0.9932602392149567,0.0,0.0,1.0,0.0,0.0,0.9932602392149567,0.0,-0.11590555290686974,0.0,-4.9868433269312415,-0.081949174,5.17416889651707,1.0],"category":{"wall":{}},"color":[[0.2784313725490196,0.3176470588235294,0.34901960784313724],null],"story":0},{"identifier":"18","wall_thickness":0.1,"dimensions":[1.6193330758517235,2.143333,0.0],"transform":[-0.11590555290687041,0.0,-0.9932602392149565,0.0,0.0,1.0,0.0,0.0,0.9932602392149565,0.0,-0.11590555290687041,0.0,-2.3211127306568633,-0.29095846,7.34680868205565,1.0],"category":{"wall":{}},"color":[[0.8352941176470589,0.8392156862745098,0.8235294117647058],null],"story":0},{"identifier":"20","wall_thickness":0.1,"dimensions":[2.395943194127805,2.5613515,0.0],"transform":[-0.9932602392149564,0.0,0.11590555290687103,0.0,0.0,1.0,0.0,0.0,-0.11590555290687103,0.0,-0.9932602392149564,0.0,-3.6164459446010073,-0.081949174,6.5821224469401365,1.0],"category":{"wall":{}},"color":[[0.6862745098039216,0.6470588235294118,0.5137254901960784],null],"story":0},{"identifier":"25","wall_thickness":0.1,"dimensions":[1.414548465475658,2.5613515,0.0],"transform":[-0.9932602392149565,0.0,0.11590555290687014,0.0,0.0,1.0,0.0,0.0,-0.11590555290687014,0.0,-0.9932602392149565,0.0,-2.2472663551028287,-0.081949174,3.286614098460932,1.0],"category":{"wall":{}},"color":[[0.7490196078431373,0.8196078431372549,0.8980392156862745],[0.6862745098039216,0.6470588235294118,0.5137254901960784]],"story":0},{"identifier":"26","wall_thickness":0.1,"dimensions":[3.681115362340156,2.5613515,0.0],"transform":[-0.9932602392149565,0.0,0.11590555290687059,0.0,0.0,1.0,0.0,0.0,-0.11590555290687059,0.0,-0.9932602392149565,0.0,1.7145759344340317,-0.081949174,5.9600387730833315,1.0],"category":{"wall":{}},"color":[[0.8901960784313725,0.8980392156862745,0.9137254901960784],null],"story":0},{"identifier":"27","wall_thickness":0.1,"dimensions":[1.251221999506812,2.5613515,0.0],"transform":[-0.9932602392149565,0.0,0.11590555290687059,0.0,0.0,1.0,0.0,0.0,-0.11590555290687059,0.0,-0.9932602392149565,0.0,-1.7935630471347754,-0.081949174,6.470087314080024,1.0],"category":{"wall":{}},"color":[[0.6862745098039216,0.6470588235294118,0.5137254901960784],null],"story":0},{"identifier":"28","wall_thickness":0.1,"dimensions":[2.7560933274561745,2.5613515,0.0],"transform":[0.11590555290687031,0.0,0.9932602392149565,0.0,0.0,1.0,0.0,0.0,-0.9932602392149565,0.0,0.11590555290687031,0.0,-0.49903521799183836,-0.081949174,-3.593549524360622,1.0],"category":{"wall":{}},"color":[[0.7647058823529411,0.596078431372549,0.43137254901960786],[0.7843137254901961,0.796078431372549,0.8156862745098039]],"story":0},{"identifier":"29","wall_thickness":0.1,"dimensions":[1.070320938685115,2.143333,0.0],"transform":[0.11590555290686964,0.0,0.9932602392149567,0.0,0.0,1.0,0.0,0.0,-0.9932602392149567,0.0,0.11590555290686964,0.0,1.3753451862611756,-0.29095846,7.191830234316995,1.0],"category":{"wall":{}},"color":[[0.9686274509803922,0.9647058823529412,0.9568627450980393],null],"story":0},{"identifier":"3","wall_thickness":0.1,"dimensions":[3.114605952937203,2.5613515,0.0],"transform":[0.11590555290687031,0.0,0.9932602392149565,0.0,0.0,1.0,0.0,0.0,-0.9932602392149565,0.0,0.11590555290687031,0.0,-1.3642589189719698,-0.081949174,4.751444214396039,1.0],"category":{"wall":{}},"color":[[0.6862745098039216,0.6470588235294118,0.5137254901960784],[1.0,1.0,0.9529411764705882]],"story":0},{"identifier":"31","wall_thickness":0.1,"dimensions":[0.5678737269652248,2.5613515,0.0],"transform":[0.9932602392149565,0.0,-0.11590555290687041,0.0,0.0,1.0,0.0,0.0,0.11590555290687041,0.0,0.9932602392149565,0.0,-2.6090672817010807,-0.081949174,3.838571211382405,1.0],"category":{"wall":{}},"color":[[0.6862745098039216,0.6470588235294118,0.5137254901960784],null],"story":0},{"identifier":"32","wall_thickness":0.1,"dimensions":[3.167477813118569,2.5613515,0.0],"transform":[0.11590555290687031,0.0,0.9932602392149565,0.0,0.0,1.0,0.0,0.0,-0.9932602392149565,0.0,0.11590555290687031,0.0,2.6571012971446972,-0.081949174,-0.9799627522749013,1.0],"category":{"wall":{}},"color":[[0.4666666666666667,0.4823529411764706,0.5058823529411764],null],"story":0},{"identifier":"33","wall_thickness":0.1,"dimensions":[4.403749073703847,2.5613515,0.0],"transform":[-0.11590555290686952,0.0,-0.9932602392149567,0.0,0.0,1.0,0.0,0.0,0.9932602392149567,0.0,-0.11590555290686952,0.0,-5.768727967290721,-0.081949174,-2.1492004321080955,1.0],"category":{"wall":{}},"color":[[0.6784313725490196,0.6784313725490196,0.6784313725490196],null],"story":0},{"identifier":"37","wall_thickness":0.1,"dimensions":[2.7316291535679778,2.5613515,0.0],"transform":[0.11590555290687009,0.0,0.9932602392149565,0.0,0.0,1.0,0.0,0.0,-0.9932602392149565,0.0,0.11590555290687009,0.0,-2.1440268825484825,-0.081949174,-3.413907196580987,1.0],"category":{"wall":{}},"color":[[0.6784313725490196,0.6784313725490196,0.6784313725490196],[0.47058823529411764,0.39215686274509803,0.33725490196078434]],"story":0},{"identifier":"38","wall_thickness":0.1,"dimensions":[2.7560933274561745,2.5613515,0.0],"transform":[0.11590555290687031,0.0,0.9932602392149565,0.0,0.0,1.0,0.0,0.0,-0.9932602392149565,0.0,0.11590555290687031,0.0,2.413139926947693,-0.081949174,-3.9333771516123077,1.0],"category":{"wall":{}},"color":[[0.7843137254901961,0.796078431372549,0.8156862745098039],null],"story":0},{"identifier":"39","wall_thickness":0.1,"dimensions":[1.6721199201358716,2.5613515,0.0],"transform":[0.11590555290687031,0.0,0.9932602392149565,0.0,0.0,1.0,0.0,0.0,-0.9932602392149565,0.0,0.11590555290687031,0.0,-0.9893738796334958,-0.081949174,-1.331830656632095,1.0],"category":{"wall":{}},"color":[[0.4666666666666667,0.4823529411764706,0.5058823529411764],null],"story":0},{"identifier":"4","wall_thickness":0.1,"dimensions":[0.5063023175771891,2.5613515,0.0],"transform":[0.1159055529068681,0.0,0.9932602392149568,0.0,0.0,1.0,0.0,0.0,-0.9932602392149568,0.0,0.1159055529068681,0.0,-2.920432103674173,-0.081949174,3.620036089999095,1.0],"category":{"wall":{}},"color":[[0.6862745098039216,0.6470588235294118,0.5137254901960784],null],"story":0},{"identifier":"40","wall_thickness":0.1,"dimensions":[2.1346329594126123,2.5613515,0.0],"transform":[0.11590555290687031,0.0,0.9932602392149565,0.0,0.0,1.0,0.0,0.0,-0.9932602392149565,0.0,0.11590555290687031,0.0,3.063699361365016,-0.081949174,1.6416345995725248,1.0],"category":{"wall":{}},"color":[[0.8941176470588236,0.8941176470588236,0.8784313725490196],null],"story":0},{"identifier":"41","wall_thickness":0.1,"dimensions":[0.9055466853284088,2.143333,0.0],"transform":[0.9932602392149565,0.0,-0.11590555290686996,0.0,0.0,1.0,0.0,0.0,0.11590555290686996,0.0,0.9932602392149565,0.0,-1.5359996302132686,-0.29095846,-2.1097768279442333,1.0],"category":{"wall":{}},"color":[null,[0.47058823529411764,0.39215686274509803,0.33725490196078434]],"story":0},{"identifier":"42","wall_thickness":0.1,"dimensions":[1.4213054607798201,2.5613515,0.0],"transform":[0.9932602392149565,0.0,-0.11590555290687027,0.0,0.0,1.0,0.0,0.0,0.11590555290687027,0.0,0.9932602392149565,0.0,-0.010450969731948145,-0.081949174,0.9258046913667639,1.0],"category":{"wall":{}},"color":[[0.5294117647058824,0.5450980392156862,0.5686274509803921],[0.4666666666666667,0.4823529411764706,0.5058823529411764]],"story":0},{"identifier":"43","wall_thickness":0.1,"dimensions":[1.3608417967105886,2.143333,0.0],"transform":[-0.9932602392149567,0.0,0.1159055529068697,0.0,0.0,0.9999999999999999,0.0,0.0,-0.1159055529068697,0.0,-0.9932602392149567,0.0,0.7615382320869897,-0.29095846,7.802248410547831,1.0],"category":{"wall":{}},"color":[[0.9686274509803922,0.9647058823529412,0.9568627450980393],null],"story":0},{"identifier":"44","wall_thickness":0.1,"dimensions":[2.134632959412613,2.5613515,0.0],"transform":[0.11590555290687031,0.0,0.9932602392149565,0.0,0.0,1.0,0.0,0.0,-0.9932602392149565,0.0,0.11590555290687031,0.0,0.8191200379608702,-0.081949174,1.9035591156772955,1.0],"category":{"wall":{}},"color":[[0.5294117647058824,0.5450980392156862,0.5686274509803921],[0.8941176470588236,0.8941176470588236,0.8784313725490196]],"story":0},{"identifier":"46","wall_thickness":0.1,"dimensions":[0.09999999999722999,2.5613515,0.0],"transform":[0.9932602392149572,0.0,-0.115905552906865,0.0,0.0,1.0,0.0,0.0,0.115905552906865,0.0,0.9932602392149572,0.0,2.523200175479192,-0.081949174,-2.558822915103193,1.0],"category":{"wall":{}},"color":[[0.4666666666666667,0.4823529411764706,0.5058823529411764],[0.7843137254901961,0.796078431372549,0.8156862745098039]],"story":0},{"identifier":"47","wall_thickness":0.1,"dimensions":[0.10000220725018767,2.143333,0.0],"transform":[-0.1159055529068693,0.0,-0.9932602392149567,0.0,0.0,1.0,0.0,0.0,0.9932602392149567,0.0,-0.1159055529068693,0.0,-2.420752983966972,-0.29095846,6.49293499476339,1.0],"category":{"wall":{}},"color":[[0.8352941176470589,0.8392156862745098,0.8235294117647058],null],"story":0},{"identifier":"48","wall_thickness":0.1,"dimensions":[2.2326167281589577,2.5613515,0.0],"transform":[-0.9932602392149565,0.0,0.11590555290687014,0.0,0.0,1.0,0.0,0.0,-0.11590555290687014,0.0,-0.9932602392149565,0.0,-4.05855844144582,-0.081949174,3.4979774476163876,1.0],"category":{"wall":{}},"color":[[0.7490196078431373,0.8196078431372549,0.8980392156862745],[0.6862745098039216,0.6470588235294118,0.5137254901960784]],"story":0},{"identifier":"49","wall_thickness":0.1,"dimensions":[1.077443741262427,2.143333,0.0],"transform":[-0.9932602392149564,0.0,0.11590555290687103,0.0,0.0,1.0,0.0,0.0,-0.11590555290687103,0.0,-0.9932602392149564,0.0,-0.6486678423473735,-0.29095846,6.235810485054872,1.0],"category":{"wall":{}},"color":[null,null],"story":0},{"identifier":"5","wall_thickness":0.1,"dimensions":[3.746858003315076,2.5613515,0.0],"transform":[0.9932602392149565,0.0,-0.1159055529068702,0.0,0.0,1.0,0.0,0.0,0.1159055529068702,0.0,0.9932602392149565,0.0,-4.163134914577497,-0.081949174,-4.553375685571844,1.0],"category":{"wall":{}},"color":[[0.6784313725490196,0.6784313725490196,0.6784313725490196],null],"story":0},{"identifier":"50","wall_thickness":0.1,"dimensions":[0.09999814750873622,2.5613515,0.0],"transform":[0.11590555290687207,0.0,0.9932602392149563,0.0,0.0,1.0,0.0,0.0,-0.9932602392149563,0.0,0.11590555290687207,0.0,-1.1779636861525304,-0.081949174,6.347913433291195,1.0],"category":{"wall":{}},"color":[[0.6862745098039216,0.6470588235294118,0.5137254901960784],[1.0,1.0,0.9529411764705882]],"story":0},{"identifier":"51","wall_thickness":0.1,"dimensions":[1.672119920135872,2.5613515,0.0],"transform":[0.11590555290687009,0.0,0.9932602392149565,0.0,0.0,1.0,0.0,0.0,-0.9932602392149565,0.0,0.11590555290687009,0.0,-1.888817396923102,-0.081949174,-1.2268727673861226,1.0],"category":{"wall":{}},"color":[[0.6784313725490196,0.6784313725490196,0.6784313725490196],null],"story":0},{"identifier":"52","wall_thickness":0.1,"dimensions":[1.5198220668708937,2.5613515,0.0],"transform":[0.11590555290687031,0.0,0.9932602392149565,0.0,0.0,1.0,0.0,0.0,-0.9932602392149565,0.0,0.11590555290687031,0.0,-0.8043919792081591,-0.081949174,0.2533838741552063,1.0],"category":{"wall":{}},"color":[[0.4666666666666667,0.4823529411764706,0.5058823529411764],[0.8549019607843137,0.9098039215686274,0.9450980392156862]],"story":0},{"identifier":"53","wall_thickness":0.1,"dimensions":[3.0656117859638568,2.5613515,0.0],"transform":[0.11590555290687031,0.0,0.9932602392149565,0.0,0.0,1.0,0.0,0.0,-0.9932602392149565,0.0,0.11590555290687031,0.0,3.365067982596969,-0.081949174,4.224232769457001,1.0],"category":{"wall":{}},"color":[[0.8901960784313725,0.8980392156862745,0.9137254901960784],null],"story":0},{"identifier":"54","wall_thickness":0.1,"dimensions":[2.1598099015935857,2.5613515,0.0],"transform":[0.9932602392149565,0.0,-0.11590555290687002,0.0,0.0,1.0,0.0,0.0,0.11590555290687002,0.0,0.9932602392149565,0.0,1.7680387810117346,-0.081949174,0.7182691133171756,1.0],"category":{"wall":{}},"color":[[0.4666666666666667,0.4823529411764706,0.5058823529411764],[0.8941176470588236,0.8941176470588236,0.8784313725490196]],"story":0},{"identifier":"55","wall_thickness":0.1,"dimensions":[2.32866574076924,2.143333,0.0],"transform":[-0.9932602392149565,0.0,0.11590555290687014,0.0,0.0,1.0,0.0,0.0,-0.11590555290687014,0.0,-0.9932602392149565,0.0,-1.0707823375443104,-0.29095846,8.016065616090664,1.0],"category":{"wall":{}},"color":[[0.8352941176470589,0.8392156862745098,0.8235294117647058],null],"story":0},{"identifier":"56","wall_thickness":0.1,"dimensions":[0.371051669465204,2.5613515,0.0],"transform":[-0.9932602392149567,0.0,0.11590555290686927,0.0,0.0,0.9999999999999999,0.0,0.0,-0.11590555290686927,0.0,-0.9932602392149567,0.0,-5.351618589176118,-0.081949174,3.648867260222774,1.0],"category":{"wall":{}},"color":[null,null],"story":0},{"identifier":"57","wall_thickness":0.1,"dimensions":[1.654726357570918,2.5613515,0.0],"transform":[0.9932602392149565,0.0,-0.11590555290687075,0.0,0.0,1.0,0.0,0.0,0.11590555290687075,0.0,0.9932602392149565,0.0,-1.4805454273608019,-0.081949174,-4.86641249653264,1.0],"category":{"wall":{}},"color":[[0.47058823529411764,0.39215686274509803,0.33725490196078434],null],"story":0},{"identifier":"58","wall_thickness":0.1,"dimensions":[2.1346329594126128,2.5613515,0.0],"transform":[0.11590555290687031,0.0,0.9932602392149565,0.0,0.0,1.0,0.0,0.0,-0.9932602392149565,0.0,0.11590555290687031,0.0,-0.5926061640108186,-0.081949174,2.0682963109585346,1.0],"category":{"wall":{}},"color":[[0.8549019607843137,0.9098039215686274,0.9450980392156862],[0.4745098039215686,0.3411764705882353,0.30980392156862746]],"story":0},{"identifier":"59","wall_thickness":0.1,"dimensions":[0.09999999996674969,2.5613515,0.0],"transform":[0.9932602392149565,0.0,-0.11590555290687002,0.0,0.0,1.0,0.0,0.0,0.11590555290687002,0.0,0.9932602392149565,0.0,2.8903284427138076,-0.081949174,0.5873068552647902,1.0],"category":{"wall":{}},"color":[[0.4666666666666667,0.4823529411764706,0.5058823529411764],[0.8941176470588236,0.8941176470588236,0.8784313725490196]],"story":0},{"identifier":"6","wall_thickness":0.1,"dimensions":[3.605460859310161,2.143333,0.0],"transform":[-0.11590555290687063,0.0,-0.9932602392149565,0.0,0.0,1.0,0.0,0.0,0.9932602392149565,0.0,-0.11590555290687063,0.0,-5.74484049135439,-0.29095846,1.8797902768766783,1.0],"category":{"wall":{}},"color":[[0.06666666666666667,0.054901960784313725,0.07450980392156863],null],"story":0},{"identifier":"60","wall_thickness":0.1,"dimensions":[2.931935690128125,2.5613515,0.0],"transform":[0.9932602392149565,0.0,-0.11590555290686995,0.0,0.0,1.0,0.0,0.0,0.11590555290686995,0.0,0.9932602392149565,0.0,0.7973290939870552,-0.081949174,-5.132222296850397,1.0],"category":{"wall":{}},"color":[[0.7843137254901961,0.796078431372549,0.8156862745098039],null],"story":0},{"identifier":"61","wall_thickness":0.1,"dimensions":[3.0656117859638576,2.5613515,0.0],"transform":[0.11590555290687031,0.0,0.9932602392149565,0.0,0.0,1.0,0.0,0.0,-0.9932602392149565,0.0,0.11590555290687031,0.0,-0.2912375427788652,-0.081949174,4.650894480843011,1.0],"category":{"wall":{}},"color":[[0.8549019607843137,0.9098039215686274,0.9450980392156862],[0.8901960784313725,0.8980392156862745,0.9137254901960784]],"story":0},{"identifier":"62","wall_thickness":0.1,"dimensions":[1.7193312233604596,2.143333,0.0],"transform":[0.11590555290687031,0.0,0.9932602392149565,0.0,0.0,1.0,0.0,0.0,-0.9932602392149565,0.0,0.11590555290687031,0.0,-0.013936810217065748,-0.29095846,7.027241299878714,1.0],"category":{"wall":{}},"color":[[0.8352941176470589,0.8392156862745098,0.8235294117647058],[0.8901960784313725,0.8980392156862745,0.9137254901960784]],"story":0},{"identifier":"63","wall_thickness":0.1,"dimensions":[1.4255565881651018,2.5613515,0.0],"transform":[0.9932602392149565,0.0,-0.11590555290686982,0.0,0.0,1.0,0.0,0.0,0.11590555290686982,0.0,0.9932602392149565,0.0,1.6508022835555074,-0.081949174,2.8810671753527926,1.0],"category":{"wall":{}},"color":[[0.8901960784313725,0.8980392156862745,0.9137254901960784],[0.8941176470588236,0.8941176470588236,0.8784313725490196]],"story":0},{"identifier":"64","wall_thickness":0.1,"dimensions":[0.834253313395233,2.5613515,0.0],"transform":[0.9932602392149567,0.0,-0.11590555290686967,0.0,0.0,1.0,0.0,0.0,0.11590555290686967,0.0,0.9932602392149567,0.0,2.77309194525758,-0.081949174,2.7501049173004075,1.0],"category":{"wall":{}},"color":[[0.8901960784313725,0.8980392156862745,0.9137254901960784],[0.8941176470588236,0.8941176470588236,0.8784313725490196]],"story":0},{"identifier":"65","wall_thickness":0.1,"dimensions":[3.746858003315079,2.5613515,0.0],"transform":[0.9932602392149565,0.0,-0.11590555290687012,0.0,0.0,1.0,0.0,0.0,0.11590555290687012,0.0,0.9932602392149565,0.0,-3.652715943326736,-0.081949174,-0.179306827182115,1.0],"category":{"wall":{}},"color":[[0.8549019607843137,0.9098039215686274,0.9450980392156862],[0.6784313725490196,0.6784313725490196,0.6784313725490196]],"story":0},{"identifier":"66","wall_thickness":0.1,"dimensions":[0.9055466853284081,2.5613515,0.0],"transform":[0.9932602392149565,0.0,-0.11590555290687023,0.0,0.0,1.0,0.0,0.0,0.11590555290687023,0.0,0.9932602392149565,0.0,-1.3421916463433283,-0.081949174,-0.44892659607398416,1.0],"category":{"wall":{}},"color":[[0.8549019607843137,0.9098039215686274,0.9450980392156862],null],"story":0},{"identifier":"67","wall_thickness":0.1,"dimensions":[0.09999895509598138,1.3988926184348736,0.0],"transform":[-0.9932602392149572,0.0,0.11590555290686486,0.0,0.0,1.0,0.0,0.0,-0.11590555290686486,0.0,-0.9932602392149572,0.0,0.0927829635349543,1.9651338092174369,-3.8894859973663376,1.0],"polygonCorners":[[-0.04999947754799056,0.6330780868716691,0.0],[-0.04999947754799073,-0.6994463092174368,0.0],[0.049999477547990646,-0.6994463092174368,0.0],[0.04999947754799048,0.6994463092174368,0.0]],"category":{"wall":{}},"color":[[0.7450980392156863,0.7529411764705882,0.7647058823529411],null],"story":1},{"identifier":"68","wall_thickness":0.1,"dimensions":[1.2527079199483506,1.3503826,0.0],"transform":[0.11590555290687009,0.0,0.9932602392149565,0.0,0.0,1.0,0.0,0.0,-0.9932602392149565,0.0,0.11590555290687009,0.0,-0.02947743154120014,1.9408786,-4.505823264393268,1.0],"category":{"wall":{}},"color":[[0.7450980392156863,0.7529411764705882,0.7647058823529411],null],"story":1},{"identifier":"69","wall_thickness":0.1,"dimensions":[0.39635795979687877,1.3503826,0.0],"transform":[-0.11590555290686974,0.0,-0.9932602392149567,0.0,0.0,1.0,0.0,0.0,0.9932602392149567,0.0,-0.11590555290686974,0.0,-2.8031459074768024,1.9408786,3.762373413904105,1.0],"category":{"wall":{}},"color":[null,null],"story":1},{"identifier":"7","wall_thickness":0.1,"dimensions":[0.7938464190425031,2.5613515,0.0],"transform":[0.11590555290687031,0.0,0.9932602392149565,0.0,0.0,1.0,0.0,0.0,-0.9932602392149565,0.0,0.11590555290687031,0.0,2.3127710183820396,-0.081949174,2.404204171038092,1.0],"category":{"wall":{}},"color":[[0.8941176470588236,0.8941176470588236,0.8784313725490196],null],"story":0},{"identifier":"70","wall_thickness":0.1,"dimensions":[2.6083093503277444,1.3503826,0.0],"transform":[-0.11590555290686974,0.0,-0.9932602392149567,0.0,0.0,1.0,0.0,0.0,0.9932602392149567,0.0,-0.11590555290686974,0.0,-2.7283434197035925,1.9408786,5.266172289955658,1.0],"category":{"wall":{}},"color":[[0.7803921568627451,0.796078431372549,0.807843137254902],null],"story":1},{"identifier":"71","wall_thickness":0.1,"dimensions":[3.9133037798375603,2.1914034,0.0],"transform":[-0.9932602392149565,0.0,0.11590555290687059,0.0,0.0,1.0,0.0,0.0,-0.11590555290687059,0.0,-0.9932602392149565,0.0,-0.6337201267615211,2.3613892,6.334750455434921,1.0],"polygonCorners":[[1.9566518899187801,-1.0957017,0.0],[1.9566518899187797,0.23071064197093932,0.0],[0.5742984589617287,1.0957017,0.0],[-0.5958863034824055,1.0957017,0.0],[-1.9566518899187801,0.224776528132081,0.0],[-1.9566518899187801,-1.0957017,0.0]],"category":{"wall":{}},"color":[[0.7803921568627451,0.796078431372549,0.807843137254902],null],"story":1},{"identifier":"72","wall_thickness":0.1,"dimensions":[0.4658641189627339,1.6979876901892943,0.0],"transform":[-0.9932602392149567,0.0,0.11590555290686927,0.0,0.0,0.9999999999999999,0.0,0.0,-0.11590555290686927,0.0,-0.9932602392149567,0.0,-2.594753798595155,2.1146813050946465,3.538531993778882,1.0],"polygonCorners":[[-0.23293205948136694,0.8489938450946471,0.0],[-0.23293205948136694,-0.8489938450946471,0.0],[0.23293205948136694,-0.8489938450946471,0.0],[0.23293205948136694,0.5403946465156888,0.0]],"category":{"wall":{}},"color":[[0.7803921568627451,0.796078431372549,0.807843137254902],null],"story":1},{"identifier":"74","wall_thickness":0.1,"dimensions":[1.4916130369275715,2.1627315540159864,0.0],"transform":[-0.9932602392149565,0.0,0.11590555290687059,0.0,0.0,1.0,0.0,0.0,-0.11590555290687059,0.0,-0.9932602392149565,0.0,-0.37448424519063417,2.3470532770079933,-1.8905386165978455,1.0],"polygonCorners":[[-0.7458065184637857,0.251885767935467,0.0],[-0.7458065184637858,-1.0813657770079932,0.0],[0.7458065184637858,-1.0813657770079932,0.0],[0.7458065184637858,1.0813657770079932,0.0]],"category":{"wall":{}},"color":[[0.8823529411764706,0.8705882352941177,0.8509803921568627],[0.7803921568627451,0.796078431372549,0.807843137254902]],"story":1},{"identifier":"75","wall_thickness":0.1,"dimensions":[0.1000003032899923,1.388992035875252,0.0],"transform":[0.9932602392149563,0.0,-0.11590555290687184,0.0,0.0,1.0,0.0,0.0,0.11590555290687184,0.0,0.9932602392149563,0.0,-2.8298390258208475,1.9601834779376257,3.965012010107247,1.0],"polygonCorners":[[-0.05000015164499614,0.628056460669088,0.0],[-0.050000151644996084,-0.694496017937626,0.0],[0.05000015164499617,-0.694496017937626,0.0],[0.05000015164499614,0.694496017937626,0.0]],"category":{"wall":{}},"color":[[0.7803921568627451,0.796078431372549,0.807843137254902],null],"story":1},{"identifier":"76","wall_thickness":0.1,"dimensions":[1.9313160894176344,1.3503826,0.0],"transform":[0.11590555290687009,0.0,0.9932602392149565,0.0,0.0,1.0,0.0,0.0,-0.9932602392149565,0.0,0.11590555290687009,0.0,0.25437058615583696,1.9408786,-2.936131473969265,1.0],"category":{"wall":{}},"color":[[0.8823529411764706,0.8705882352941177,0.8509803921568627],null],"story":1},{"identifier":"78","wall_thickness":0.1,"dimensions":[5.135138402988039,1.3503826,0.0],"transform":[-0.11590555290686974,0.0,-0.9932602392149567,0.0,0.0,1.0,0.0,0.0,0.9932602392149567,0.0,-0.11590555290686974,0.0,-3.223037093914357,1.9408786,1.0268562211337673,1.0],"category":{"wall":{}},"color":[[0.7803921568627451,0.796078431372549,0.807843137254902],null],"story":1},{"identifier":"79","wall_thickness":0.1,"dimensions":[0.39635795979687893,1.6969123,0.0],"transform":[-0.11590555290687261,0.0,-0.9932602392149563,0.0,0.0,1.0,0.0,0.0,0.9932602392149563,0.0,-0.11590555290687261,0.0,-2.3404216012342136,2.1141436,3.708377175616257,1.0],"category":{"wall":{}},"color":[null,null],"story":1},{"identifier":"8","wall_thickness":0.1,"dimensions":[1.4213054607798206,2.5613515,0.0],"transform":[0.9932602392149565,0.0,-0.11590555290687002,0.0,0.0,1.0,0.0,0.0,0.11590555290687002,0.0,0.9932602392149565,0.0,0.23696484368199974,-0.081949174,3.046050735269066,1.0],"category":{"wall":{}},"color":[[0.5294117647058824,0.5450980392156862,0.5686274509803921],[0.8901960784313725,0.8980392156862745,0.9137254901960784]],"story":0},{"identifier":"80","wall_thickness":0.1,"dimensions":[3.8133041090225057,2.1914034,0.0],"transform":[0.9932602392149565,0.0,-0.11590555290687037,0.0,0.0,1.0,0.0,0.0,0.11590555290687037,0.0,0.9932602392149565,0.0,-1.9958770093509501,2.3613892,-4.906964187931306,1.0],"category":{"wall":{}},"color":[[0.7450980392156863,0.7529411764705882,0.7647058823529411],null],"story":1},{"identifier":"81","wall_thickness":0.1,"dimensions":[1.931316089417634,2.1914034,0.0],"transform":[0.11590555290686987,0.0,0.9932602392149565,0.0,0.0,1.0,0.0,0.0,-0.9932602392149565,0.0,0.11590555290686987,0.0,-1.2271893357189905,2.3613892,-2.76324524020108,1.0],"category":{"wall":{}},"color":[[0.7450980392156863,0.7529411764705882,0.7647058823529411],null],"story":1},{"identifier":"82","wall_thickness":0.1,"dimensions":[1.39161408183159,2.1914034,0.0],"transform":[-0.9932602392149567,0.0,0.1159055529068697,0.0,0.0,0.9999999999999999,0.0,0.0,-0.1159055529068697,0.0,-0.9932602392149567,0.0,-0.6479969974024595,2.3613892,-3.803042880482245,1.0],"polygonCorners":[[-0.695807040915795,-1.0957017,0.0],[0.6958070409157949,-1.0957017,0.0],[0.695807040915795,1.0957017,0.0],[0.4982922924358069,1.0957017,0.0],[-0.6958070409157949,0.30319091843487345,0.0]],"category":{"wall":{}},"color":[[0.7450980392156863,0.7529411764705882,0.7647058823529411],null],"story":1},{"identifier":"83","wall_thickness":0.1,"dimensions":[0.09999958757092278,1.3893884916103358,0.0],"transform":[-0.9932602392149561,0.0,0.11590555290687411,0.0,0.0,1.0,0.0,0.0,-0.11590555290687411,0.0,-0.9932602392149561,0.0,-2.875778758852496,1.9603817058051674,3.5713253666667395,1.0],"polygonCorners":[[0.049999793785461336,-0.6946942458051679,0.0],[0.04999979378546139,0.6284521994090563,0.0],[-0.04999979378546139,0.6946942458051679,0.0],[-0.04999979378546139,-0.6946942458051679,0.0]],"category":{"wall":{}},"color":[[0.7803921568627451,0.796078431372549,0.807843137254902],null],"story":1},{"identifier":"84","wall_thickness":0.1,"dimensions":[2.4216900271909165,2.1914034,0.0],"transform":[-0.9932602392149565,0.0,0.11590555290687014,0.0,0.0,1.0,0.0,0.0,-0.11590555290687014,0.0,-0.9932602392149565,0.0,-2.31794841398411,2.361389,-1.6637518389284447,1.0],"polygonCorners":[[1.2108450135954583,-1.0957017,0.0],[1.2108450135954583,1.0957017,0.0],[0.1992221333603151,1.0957017,0.0],[-1.2108450135954583,0.22304117306390356,0.0],[-1.2108450135954583,-1.0957017,0.0]],"category":{"wall":{}},"color":[[0.7803921568627451,0.796078431372549,0.807843137254902],[0.7450980392156863,0.7529411764705882,0.7647058823529411]],"story":1},{"identifier":"85","wall_thickness":0.1,"dimensions":[0.4658641189627344,1.6985091552526208,0.0],"transform":[0.9932602392149564,0.0,-0.11590555290687103,0.0,0.0,1.0,0.0,0.0,0.11590555290687103,0.0,0.9932602392149564,0.0,-2.5488137101158594,2.11494203762631,3.932218595741482,1.0],"polygonCorners":[[-0.23293205948136717,-0.8492545776263104,0.0],[0.2329320594813672,-0.8492545776263104,0.0],[0.2329320594813672,0.8492545776263104,0.0],[-0.2329320594813672,0.5397374582489416,0.0]],"category":{"wall":{}},"color":[[0.7803921568627451,0.796078431372549,0.807843137254902],null],"story":1},{"identifier":"86","wall_thickness":0.1,"dimensions":[8.139805713112661,1.3503826,0.0],"transform":[0.11590555290687009,0.0,0.9932602392149565,0.0,0.0,1.0,0.0,0.0,-0.9932602392149565,0.0,0.11590555290687009,0.0,0.8380200566131915,1.9408786,2.065490951402837,1.0],"category":{"wall":{}},"color":[[0.7803921568627451,0.796078431372549,0.807843137254902],null],"story":1},{"identifier":"87","wall_thickness":0.1,"dimensions":[3.1840240093659844,1.3503826,0.0],"transform":[-0.11590555290687019,0.0,-0.9932602392149565,0.0,0.0,1.0,0.0,0.0,0.9932602392149565,0.0,-0.11590555290687019,0.0,-3.70515