{
  "appleRooms" : [
    {
      "walls" : [
        {
          "completedEdges" : [

          ],
          "polygonCorners" : [

          ],
          "dimensions" : [
            2.3985069,
            2.5613515,
            0
          ],
          "category" : {
            "wall" : {

            }
          },
          "transform" : [
            -0.9933475,
            0,
            0.11515607,
            0,
            0,
            1,
            0,
            0,
            -0.11515609,
            0,
            -0.9933475,
            0,
            -3.565104,
            -0.081949174,
            6.59382,
            1
          ],
          "identifier" : "6A2BCBAA-10C1-442F-BEA9-6CE1C3765503",
          "story" : 0,
          "confidence" : {
            "high" : {

            }
          }
        },
        {
          "completedEdges" : [

          ],
          "polygonCorners" : [

          ],
          "dimensions" : [
            1.750779,
            2.143333,
            0
          ],
          "category" : {
            "wall" : {

            }
          },
          "transform" : [
            -0.11515598,
            0,
            -0.99334747,
            0,
            0,
            0.99999994,
            0,
            0,
            0.9933474,
            0,
            -0.11515595,
            0,
            -2.2730224,
            -0.29095846,
            7.325284,
            1
          ],
          "identifier" : "66ADD2FC-385F-4342-B89A-09768BCB1A92",
          "story" : 0,
          "confidence" : {
            "high" : {

            }
          }
        },
        {
          "completedEdges" : [

          ],
          "polygonCorners" : [

          ],
          "dimensions" : [
            3.1502073,
            2.5613515,
            0
          ],
          "category" : {
            "wall" : {

            }
          },
          "transform" : [
            0.11515601,
            0,
            0.9933474,
            0,
            0,
            1,
            0,
            0,
            -0.9933474,
            0,
            0.11515599,
            0,
            -1.3644356,
            -0.081949174,
            4.761293,
            1
          ],
          "identifier" : "1135165A-8630-4E86-B15A-778B8BD229D3",
          "story" : 0,
          "confidence" : {
            "high" : {

            }
          }
        },
        {
          "completedEdges" : [

          ],
          "polygonCorners" : [

          ],
          "dimensions" : [
            3.641144,
            2.143333,
            0
          ],
          "category" : {
            "wall" : {

            }
          },
          "transform" : [
            -0.11515605,
            0,
            -0.9933474,
            0,
            0,
            0.99999994,
            0,
            0,
            0.99334747,
            0,
            -0.11515603,
            0,
            -5.6954007,
            -0.29095846,
            1.8720868,
            1
          ],
          "identifier" : "203E906E-9F5F-4D67-84C0-A0B6C6A64346",
          "story" : 0,
          "confidence" : {
            "high" : {

            }
          }
        },
        {
          "completedEdges" : [

          ],
          "polygonCorners" : [

          ],
          "dimensions" : [
            1.1229469,
            2.143333,
            0
          ],
          "category" : {
            "wall" : {

            }
          },
          "transform" : [
            0.115156084,
            0,
            0.9933474,
            0,
            0,
            0.99999994,
            0,
            0,
            -0.99334747,
            0,
            0.11515607,
            0,
            1.3282001,
            -0.29095846,
            7.2238226,
            1
          ],
          "identifier" : "A1F70BCB-EC54-4409-AB1E-E0A8FE4A30BD",
          "story" : 0,
          "confidence" : {
            "high" : {

            }
          }
        },
        {
          "completedEdges" : [

          ],
          "polygonCorners" : [

          ],
          "dimensions" : [
            0.5182959,
            2.5613515,
            0
          ],
          "category" : {
            "wall" : {

            }
          },
          "transform" : [
            0.99334747,
            0,
            -0.11515604,
            0,
            0,
            1,
            0,
            0,
            0.11515606,
            0,
            0.99334747,
            0,
            -2.5712771,
            -0.081949174,
            3.8906927,
            1
          ],
          "identifier" : "C14BAF87-149A-4A06-BA96-E38BCE7046B5",
          "story" : 0,
          "confidence" : {
            "high" : {

            }
          }
        },
        {
          "completedEdges" : [

          ],
          "polygonCorners" : [

          ],
          "dimensions" : [
            2.8854554,
            2.5613515,
            0
          ],
          "category" : {
            "wall" : {

            }
          },
          "transform" : [
            0.9933474,
            0,
            -0.115155995,
            0,
            0,
            1,
            0,
            0,
            0.11515602,
            0,
            0.9933474,
            0,
            0.7718694,
            -0.081949174,
            -5.160532,
            1
          ],
          "identifier" : "3E8F17DF-864D-47FB-AB78-31D8E7F3C86C",
          "story" : 0,
          "confidence" : {
            "high" : {

            }
          }
        },
        {
          "completedEdges" : [

          ],
          "polygonCorners" : [

          ],
          "dimensions" : [
            1.7451584,
            2.5613515,
            0
          ],
          "category" : {
            "wall" : {

            }
          },
          "transform" : [
            -0.11515609,
            0,
            -0.99334747,
            0,
            0,
            1,
            0,
            0,
            0.99334747,
            0,
            -0.11515607,
            0,
            -0.9260208,
            -0.081949174,
            -1.3474814,
            1
          ],
          "identifier" : "70556196-B2AA-481D-909B-78695B9D1AAB",
          "story" : 0,
          "confidence" : {
            "high" : {

            }
          }
        },
        {
          "completedEdges" : [

          ],
          "polygonCorners" : [

          ],
          "dimensions" : [
            0.97007656,
            2.143333,
            0
          ],
          "category" : {
            "wall" : {

            }
          },
          "identifier" : "E28D4F15-52BE-4B39-A767-DA348C1DE433",
          "transform" : [
            0.99334747,
            0,
            -0.11515588,
            0,
            0,
            0.99999994,
            0,
            0,
            0.11515591,
            0,
            0.9933475,
            0,
            -1.5083152,
            -0.29095846,
            -2.158401,
            1
          ],
          "story" : 0,
          "confidence" : {
            "high" : {

            }
          }
        },
        {
          "completedEdges" : [

          ],
          "polygonCorners" : [

          ],
          "dimensions" : [
            0.5713203,
            2.5613515,
            0
          ],
          "category" : {
            "wall" : {

            }
          },
          "transform" : [
            0.115155995,
            0,
            0.9933476,
            0,
            0,
            1,
            0,
            0,
            -0.99334747,
            0,
            0.11515596,
            0,
            -2.8615966,
            -0.081949174,
            3.6367757,
            1
          ],
          "identifier" : "1875EA4E-A45C-4C1A-9765-035C95AC3272",
          "story" : 0,
          "confidence" : {
            "high" : {

            }
          }
        },
        {
          "completedEdges" : [

          ],
          "polygonCorners" : [

          ],
          "dimensions" : [
            1.3577063,
            2.5613515,
            0
          ],
          "category" : {
            "wall" : {

            }
          },
          "identifier" : "7DDC3A9A-7EF7-490B-9038-48219621B1A6",
          "transform" : [
            -0.99334747,
            0,
            0.115155935,
            0,
            0,
            1,
            0,
            0,
            -0.11515596,
            0,
            -0.99334747,
            0,
            -2.2201552,
            -0.081949174,
            3.2748415,
            1
          ],
          "story" : 0,
          "confidence" : {
            "high" : {

            }
          }
        },
        {
          "completedEdges" : [

          ],
          "polygonCorners" : [

          ],
          "dimensions" : [
            1.7133666,
            2.5613515,
            0
          ],
          "category" : {
            "wall" : {

            }
          },
          "transform" : [
            0.115180545,
            0,
            0.9933447,
            0,
            0,
            1,
            0,
            0,
            -0.99334466,
            0,
            0.11518053,
            0,
            -1.8914534,
            -0.081949174,
            -1.251564,
            1
          ],
          "identifier" : "D8D90569-94A8-49E4-A3E5-DE62FD0B941D",
          "story" : 0,
          "confidence" : {
            "high" : {

            }
          }
        },
        {
          "completedEdges" : [

          ],
          "polygonCorners" : [

          ],
          "dimensions" : [
            0.9705552,
            2.5613515,
            0
          ],
          "category" : {
            "wall" : {

            }
          },
          "transform" : [
            0.9965865,
            0,
            -0.08255558,
            0,
            0,
            1,
            0,
            0,
            0.08255559,
            0,
            0.9965865,
            0,
            -1.3091592,
            -0.081949174,
            -0.44064468,
            1
          ],
          "identifier" : "6DF043A9-2D1E-402A-BFDC-F75254D703D7",
          "story" : 0,
          "confidence" : {
            "high" : {

            }
          }
        },
        {
          "completedEdges" : [

          ],
          "polygonCorners" : [

          ],
          "dimensions" : [
            4.4291143,
            2.5613515,
            0
          ],
          "category" : {
            "wall" : {

            }
          },
          "identifier" : "C4C295A3-DCDF-4E14-A224-F03D85B8099D",
          "transform" : [
            -0.12646443,
            0,
            -0.9919713,
            0,
            0,
            1,
            0,
            0,
            0.99197125,
            0,
            -0.12646441,
            0,
            -5.7222366,
            -0.081949174,
            -2.186811,
            1
          ],
          "story" : 0,
          "confidence" : {
            "high" : {

            }
          }
        },
        {
          "completedEdges" : [

          ],
          "polygonCorners" : [

          ],
          "dimensions" : [
            0.46597606,
            2.143333,
            0
          ],
          "category" : {
            "wall" : {

            }
          },
          "identifier" : "3133F5E7-3BDC-4535-9884-3118B30AA958",
          "transform" : [
            0.9933474,
            0,
            -0.11515602,
            0,
            0,
            0.99999994,
            0,
            0,
            0.11515605,
            0,
            0.99334747,
            0,
            -5.6736126,
            -0.29095846,
            0.03679607,
            1
          ],
          "story" : 0,
          "confidence" : {
            "high" : {

            }
          }
        },
        {
          "completedEdges" : [

          ],
          "polygonCorners" : [

          ],
          "dimensions" : [
            3.1150656,
            2.5613515,
            0
          ],
          "category" : {
            "wall" : {

            }
          },
          "transform" : [
            -0.115156054,
            0,
            -0.9933474,
            0,
            0,
            1,
            0,
            0,
            0.9933474,
            0,
            -0.11515603,
            0,
            -4.9357386,
            -0.081949174,
            5.18475,
            1
          ],
          "identifier" : "059493AF-E7C1-439D-B6C6-27512C712C4D",
          "story" : 0,
          "confidence" : {
            "high" : {

            }
          }
        },
        {
          "completedEdges" : [

          ],
          "polygonCorners" : [

          ],
          "dimensions" : [
            0.37313455,
            2.5613515,
            0
          ],
          "category" : {
            "wall" : {

            }
          },
          "identifier" : "3F4E77B5-F3CE-417F-86BE-28EE79E7DD59",
          "transform" : [
            -0.99334747,
            0,
            0.11515564,
            0,
            0,
            1,
            0,
            0,
            -0.11515566,
            0,
            -0.99334747,
            0,
            -5.3004236,
            -0.081949174,
            3.659063,
            1
          ],
          "story" : 0,
          "confidence" : {
            "high" : {

            }
          }
        },
        {
          "completedEdges" : [

          ],
          "polygonCorners" : [

          ],
          "dimensions" : [
            2.2841086,
            2.5613515,
            0
          ],
          "category" : {
            "wall" : {

            }
          },
          "transform" : [
            -0.9933474,
            0,
            0.115156114,
            0,
            0,
            1,
            0,
            0,
            -0.11515614,
            0,
            -0.9933474,
            0,
            1.7561213,
            -0.081949174,
            0.7187817,
            1
          ],
          "identifier" : "E495E437-9831-44AA-921D-91F2CEF0A2DF",
          "story" : 0,
          "confidence" : {
            "high" : {

            }
          }
        },
        {
          "completedEdges" : [

          ],
          "polygonCorners" : [

          ],
          "dimensions" : [
            2.236955,
            2.143333,
            0
          ],
          "category" : {
            "wall" : {

            }
          },
          "identifier" : "E725D3B3-CA11-438E-8E7F-F2D8FCD08EBC",
          "transform" : [
            -0.99334747,
            0,
            0.11515627,
            0,
            0,
            0.99999994,
            0,
            0,
            -0.115156285,
            0,
            -0.9933474,
            0,
            -1.0611793,
            -0.29095846,
            8.066051,
            1
          ],
          "story" : 0,
          "confidence" : {
            "high" : {

            }
          }
        },
        {
          "completedEdges" : [

          ],
          "polygonCorners" : [

          ],
          "dimensions" : [
            1.3519937,
            2.143333,
            0
          ],
          "category" : {
            "wall" : {

            }
          },
          "transform" : [
            -0.99334747,
            0,
            0.11515608,
            0,
            0,
            0.99999994,
            0,
            0,
            -0.11515609,
            0,
            -0.9933474,
            0,
            0.7213574,
            -0.29095846,
            7.8594055,
            1
          ],
          "identifier" : "53CC426F-BAD8-4B09-9BA4-D7705467F0A3",
          "story" : 0,
          "confidence" : {
            "high" : {

            }
          }
        },
        {
          "completedEdges" : [

          ],
          "polygonCorners" : [

          ],
          "dimensions" : [
            3.7228055,
            2.5613515,
            0
          ],
          "category" : {
            "wall" : {

            }
          },
          "identifier" : "1D187013-1A92-47B9-9124-90E50800FD4A",
          "transform" : [
            0.99334747,
            0,
            -0.115156054,
            0,
            0,
            1,
            0,
            0,
            0.11515608,
            0,
            0.99334747,
            0,
            -4.15328,
            -0.081949174,
            -4.59794,
            1
          ],
          "story" : 0,
          "confidence" : {
            "high" : {

            }
          }
        },
        {
          "completedEdges" : [

          ],
          "polygonCorners" : [

          ],
          "dimensions" : [
            2.8854554,
            2.5613515,
            0
          ],
          "category" : {
            "wall" : {

            }
          },
          "identifier" : "036617A5-3549-4849-A113-61BF8D0F678B",
          "transform" : [
            0.9933474,
            0,
            -0.11515616,
            0,
            0,
            1,
            0,
            0,
            0.11515618,
            0,
            0.9933474,
            0,
            1.0928576,
            -0.081949174,
            -2.3916557,
            1
          ],
          "story" : 0,
          "confidence" : {
            "high" : {

            }
          }
        },
        {
          "completedEdges" : [

          ],
          "polygonCorners" : [

          ],
          "dimensions" : [
            2.7874193,
            2.5613515,
            0
          ],
          "category" : {
            "wall" : {

            }
          },
          "identifier" : "DB19ACCB-0AEE-4A7D-B00E-47BE426ADAD1",
          "transform" : [
            0.11515604,
            0,
            0.99334747,
            0,
            0,
            1,
            0,
            0,
            -0.99334747,
            0,
            0.11515602,
            0,
            2.3654935,
            -0.081949174,
            -3.9422326,
            1
          ],
          "story" : 0,
          "confidence" : {
            "high" : {

            }
          }
        },
        {
          "completedEdges" : [

          ],
          "polygonCorners" : [

          ],
          "dimensions" : [
            3.1661234,
            2.5613515,
            0
          ],
          "category" : {
            "wall" : {

            }
          },
          "identifier" : "C265E2E3-FC32-4294-8E25-2EAF73324E2B",
          "transform" : [
            0.1151536,
            0,
            0.9933479,
            0,
            0,
            1,
            0,
            0,
            -0.99334776,
            0,
            0.115153566,
            0,
            2.7082827,
            -0.081949174,
            -0.9852637,
            1
          ],
          "story" : 0,
          "confidence" : {
            "high" : {

            }
          }
        },
        {
          "completedEdges" : [

          ],
          "polygonCorners" : [

          ],
          "dimensions" : [
            2.1332862,
            2.5613515,
            0
          ],
          "category" : {
            "wall" : {

            }
          },
          "identifier" : "D5FB615E-1D8C-4ED0-8C90-84D5B54C92D3",
          "transform" : [
            0.1151544,
            0,
            0.99334764,
            0,
            0,
            1,
            0,
            0,
            -0.9933476,
            0,
            0.115154386,
            0,
            3.0134068,
            -0.081949174,
            1.6468146,
            1
          ],
          "story" : 0,
          "confidence" : {
            "high" : {

            }
          }
        },
        {
          "completedEdges" : [

          ],
          "polygonCorners" : [

          ],
          "dimensions" : [
            1.0395448,
            2.143333,
            0
          ],
          "category" : {
            "wall" : {

            }
          },
          "identifier" : "9570C381-6383-49FA-9096-E6826F1E927D",
          "transform" : [
            -0.9961214,
            0,
            0.08799009,
            0,
            0,
            0.99999994,
            0,
            0,
            -0.0879901,
            0,
            -0.9961214,
            0,
            -0.6652964,
            -0.29095846,
            6.2801833,
            1
          ],
          "story" : 0,
          "confidence" : {
            "high" : {

            }
          }
        },
        {
          "completedEdges" : [

          ],
          "polygonCorners" : [

          ],
          "dimensions" : [
            0.49444273,
            2.5613515,
            0
          ],
          "category" : {
            "wall" : {

            }
          },
          "transform" : [
            -0.9933474,
            0,
            0.11515585,
            0,
            0,
            1,
            0,
            0,
            -0.11515589,
            0,
            -0.9933475,
            0,
            0.098036766,
            -0.081949174,
            6.2059793,
            1
          ],
          "identifier" : "072DD4C9-11A1-4BF9-A1EE-3D3DDFE5A7FA",
          "story" : 0,
          "confidence" : {
            "high" : {

            }
          }
        },
        {
          "completedEdges" : [

          ],
          "polygonCorners" : [

          ],
          "dimensions" : [
            1.714206,
            2.143333,
            0
          ],
          "category" : {
            "wall" : {

            }
          },
          "transform" : [
            0.115153976,
            0,
            0.9933477,
            0,
            0,
            0.99999994,
            0,
            0,
            -0.99334776,
            0,
            0.11515397,
            0,
            -0.048841145,
            -0.29095846,
            7.08585,
            1
          ],
          "identifier" : "CCE72FCC-3D0C-430E-BA1A-4D25FB8ADBA3",
          "story" : 0,
          "confidence" : {
            "high" : {

            }
          }
        },
        {
          "completedEdges" : [

          ],
          "polygonCorners" : [

          ],
          "dimensions" : [
            3.1340997,
            2.5613515,
            0
          ],
          "category" : {
            "wall" : {

            }
          },
          "identifier" : "D8281CB5-AC6A-4B81-8D34-5C39424488D0",
          "transform" : [
            0.1093597,
            0,
            0.9940022,
            0,
            0,
            1,
            0,
            0,
            -0.99400234,
            0,
            0.1093597,
            0,
            -0.31891206,
            -0.081949174,
            4.6767974,
            1
          ],
          "story" : 0,
          "confidence" : {
            "high" : {

            }
          }
        },
        {
          "completedEdges" : [

          ],
          "polygonCorners" : [

          ],
          "dimensions" : [
            0.82762754,
            2.5613515,
            0
          ],
          "category" : {
            "wall" : {

            }
          },
          "transform" : [
            0.068725765,
            0,
            0.9976358,
            0,
            0,
            1,
            0,
            0,
            -0.9976357,
            0,
            0.06872575,
            0,
            -0.5187238,
            -0.081949174,
            2.7063107,
            1
          ],
          "identifier" : "42C8FE5F-00A5-4E71-A305-28C3EA44034F",
          "story" : 0,
          "confidence" : {
            "high" : {

            }
          }
        },
        {
          "completedEdges" : [

          ],
          "polygonCorners" : [

          ],
          "dimensions" : [
            3.0927444,
            2.5613515,
            0
          ],
          "category" : {
            "wall" : {

            }
          },
          "transform" : [
            0.11515491,
            0,
            0.99334764,
            0,
            0,
            1,
            0,
            0,
            -0.9933476,
            0,
            0.11515489,
            0,
            3.3143077,
            -0.081949174,
            4.2424474,
            1
          ],
          "identifier" : "E03EE14E-1F1D-4D4E-94D3-93C055E4D2E5",
          "story" : 0,
          "confidence" : {
            "high" : {

            }
          }
        },
        {
          "completedEdges" : [

          ],
          "polygonCorners" : [

          ],
          "dimensions" : [
            0.83740354,
            2.5613515,
            0
          ],
          "category" : {
            "wall" : {

            }
          },
          "transform" : [
            0.99298483,
            0,
            -0.118242435,
            0,
            0,
            1,
            0,
            0,
            0.11824245,
            0,
            0.99298483,
            0,
            2.720471,
            -0.081949174,
            2.7558706,
            1
          ],
          "identifier" : "2EBBE8C4-FE2E-45E5-B2D0-5AC7FEB64F35",
          "story" : 0,
          "confidence" : {
            "high" : {

            }
          }
        },
        {
          "completedEdges" : [

          ],
          "polygonCorners" : [

          ],
          "dimensions" : [
            0.79445004,
            2.5613515,
            0
          ],
          "category" : {
            "wall" : {

            }
          },
          "identifier" : "2D20A09C-38FB-492F-9ADA-C7F5EC7B57B6",
          "transform" : [
            0.11514577,
            0,
            0.99334866,
            0,
            0,
            1,
            0,
            0,
            -0.99334866,
            0,
            0.11514575,
            0,
            2.2589676,
            -0.081949174,
            2.410796,
            1
          ],
          "story" : 0,
          "confidence" : {
            "high" : {

            }
          }
        },
        {
          "completedEdges" : [

          ],
          "polygonCorners" : [

          ],
          "dimensions" : [
            0.74681526,
            2.5613515,
            0
          ],
          "category" : {
            "wall" : {

            }
          },
          "transform" : [
            -0.10935969,
            0,
            -0.99400234,
            0,
            0,
            1,
            0,
            0,
            0.99400234,
            0,
            -0.10935967,
            0,
            -0.5879993,
            -0.081949174,
            1.9223075,
            1
          ],
          "identifier" : "DE654629-8232-4B3C-8983-E7C9E263B6FD",
          "story" : 0,
          "confidence" : {
            "high" : {

            }
          }
        },
        {
          "completedEdges" : [

          ],
          "polygonCorners" : [

          ],
          "dimensions" : [
            1.1978294,
            2.5613515,
            0
          ],
          "category" : {
            "wall" : {

            }
          },
          "identifier" : "994DF259-CF79-4050-B943-6FEE8A5887FD",
          "transform" : [
            -0.99411154,
            0,
            0.10836307,
            0,
            0,
            1,
            0,
            0,
            -0.10836307,
            0,
            -0.9941115,
            0,
            -1.7784408,
            -0.081949174,
            6.390818,
            1
          ],
          "story" : 0,
          "confidence" : {
            "high" : {

            }
          }
        },
        {
          "completedEdges" : [

          ],
          "polygonCorners" : [

          ],
          "dimensions" : [
            3.1739428,
            2.5613515,
            0
          ],
          "category" : {
            "wall" : {

            }
          },
          "transform" : [
            -0.9920678,
            0,
            0.12570427,
            0,
            0,
            1,
            0,
            0,
            -0.12570429,
            0,
            -0.9920678,
            0,
            1.9179968,
            -0.081949174,
            5.9780216,
            1
          ],
          "identifier" : "666FEE60-2CFB-4637-AB15-AFC1E0157752",
          "story" : 0,
          "confidence" : {
            "high" : {

            }
          }
        },
        {
          "completedEdges" : [

          ],
          "polygonCorners" : [

          ],
          "dimensions" : [
            1.2843076,
            2.5613515,
            0
          ],
          "category" : {
            "wall" : {

            }
          },
          "identifier" : "BF4BE997-3C46-4565-8351-470C2CA6A43A",
          "transform" : [
            0.9933478,
            0,
            -0.11515323,
            0,
            0,
            1,
            0,
            0,
            0.115153246,
            0,
            0.9933478,
            0,
            -0.016217608,
            -0.081949174,
            0.9242423,
            1
          ],
          "story" : 0,
          "confidence" : {
            "high" : {

            }
          }
        },
        {
          "completedEdges" : [

          ],
          "polygonCorners" : [

          ],
          "dimensions" : [
            1.2206422,
            2.5613515,
            0
          ],
          "category" : {
            "wall" : {

            }
          },
          "identifier" : "FC9E6D24-E0C2-4BCE-8F5B-04C8B01BBA3B",
          "transform" : [
            -0.9933474,
            0,
            0.11515598,
            0,
            0,
            1,
            0,
            0,
            -0.115156,
            0,
            -0.9933474,
            0,
            0.26088086,
            -0.081949174,
            3.0380912,
            1
          ],
          "story" : 0,
          "confidence" : {
            "high" : {

            }
          }
        },
        {
          "completedEdges" : [

          ],
          "polygonCorners" : [

          ],
          "dimensions" : [
            2.7874198,
            2.5613515,
            0
          ],
          "category" : {
            "wall" : {

            }
          },
          "transform" : [
            0.11515604,
            0,
            0.9933475,
            0,
            0,
            1,
            0,
            0,
            -0.9933475,
            0,
            0.11515602,
            0,
            -0.50076646,
            -0.081949174,
            -3.609955,
            1
          ],
          "identifier" : "9F31D271-00B6-4A41-949B-62E75CC153AB",
          "story" : 0,
          "confidence" : {
            "high" : {

            }
          }
        },
        {
          "completedEdges" : [

          ],
          "polygonCorners" : [

          ],
          "dimensions" : [
            2.7278929,
            2.5613515,
            0
          ],
          "category" : {
            "wall" : {

            }
          },
          "identifier" : "5E6C7254-EA7D-431B-B550-2E2D6838DA7B",
          "transform" : [
            0.11515602,
            0,
            0.99334747,
            0,
            0,
            1,
            0,
            0,
            -0.99334747,
            0,
            0.115155995,
            0,
            -2.1471932,
            -0.081949174,
            -3.457419,
            1
          ],
          "story" : 0,
          "confidence" : {
            "high" : {

            }
          }
        },
        {
          "completedEdges" : [

          ],
          "polygonCorners" : [

          ],
          "dimensions" : [
            1.6641082,
            2.5613515,
            0
          ],
          "category" : {
            "wall" : {

            }
          },
          "transform" : [
            0.9931662,
            0,
            -0.11670941,
            0,
            0,
            1,
            0,
            0,
            0.116709426,
            0,
            0.9931662,
            0,
            1.4783381,
            -0.081949174,
            2.9024873,
            1
          ],
          "identifier" : "736BAAB5-A244-4CF3-9449-13BB9B4551F9",
          "story" : 0,
          "confidence" : {
            "high" : {

            }
          }
        },
        {
          "completedEdges" : [

          ],
          "polygonCorners" : [

          ],
          "dimensions" : [
            1.7398987,
            2.5613515,
            0
          ],
          "category" : {
            "wall" : {

            }
          },
          "transform" : [
            0.9933475,
            0,
            -0.11515607,
            0,
            0,
            1,
            0,
            0,
            0.11515609,
            0,
            0.9933475,
            0,
            -1.5254226,
            -0.081949174,
            -4.8942137,
            1
          ],
          "identifier" : "52148061-4B65-44B6-8753-6C79E783533D",
          "story" : 0,
          "confidence" : {
            "high" : {

            }
          }
        },
        {
          "completedEdges" : [

          ],
          "polygonCorners" : [

          ],
          "dimensions" : [
            2.0413456,
            2.5613515,
            0
          ],
          "category" : {
            "wall" : {

            }
          },
          "identifier" : "68060F8D-A2F2-4645-B6D3-125CFDCFACCC",
          "transform" : [
            -0.09635948,
            0,
            -0.9953466,
            0,
            0,
            1,
            0,
            0,
            0.99534667,
            0,
            -0.09635947,
            0,
            -0.72718644,
            -0.081949174,
            0.53521615,
            1
          ],
          "story" : 0,
          "confidence" : {
            "high" : {

            }
          }
        },
        {
          "completedEdges" : [

          ],
          "polygonCorners" : [

          ],
          "dimensions" : [
            3.672414,
            2.5613515,
            0
          ],
          "category" : {
            "wall" : {

            }
          },
          "identifier" : "65859157-69E0-4C17-AD4A-28D6F7C715F8",
          "transform" : [
            0.9937317,
            0,
            -0.11179251,
            0,
            0,
            1,
            0,
            0,
            0.111792535,
            0,
            0.9937316,
            0,
            -3.617477,
            -0.081949174,
            -0.19530807,
            1
          ],
          "story" : 0,
          "confidence" : {
            "high" : {

            }
          }
        },
        {
          "completedEdges" : [

          ],
          "polygonCorners" : [

          ],
          "dimensions" : [
            2.2387645,
            2.5613515,
            0
          ],
          "category" : {
            "wall" : {

            }
          },
          "transform" : [
            -0.99188906,
            0,
            0.12710717,
            0,
            0,
            1,
            0,
            0,
            -0.12710719,
            0,
            -0.99188906,
            0,
            -4.004795,
            -0.081949174,
            3.4952972,
            1
          ],
          "identifier" : "85D49F1B-95B9-4340-8E7E-A34BBC3D22B5",
          "story" : 0,
          "confidence" : {
            "high" : {

            }
          }
        },
        {
          "completedEdges" : [

          ],
          "polygonCorners" : [

          ],
          "dimensions" : [
            2.1316938,
            2.5613515,
            0
          ],
          "category" : {
            "wall" : {

            }
          },
          "transform" : [
            0.11515604,
            0,
            0.9933474,
            0,
            0,
            1,
            0,
            0,
            -0.9933474,
            0,
            0.11515602,
            0,
            0.74440306,
            -0.081949174,
            1.9090527,
            1
          ],
          "identifier" : "FB7BA7A7-9639-4A2E-907C-E2B6974D304F",
          "story" : 0,
          "confidence" : {
            "high" : {

            }
          }
        }
      ],
