[
  {
    "userAcceleration" : [
      0.016444161534309387,
      -0.005205631256103516,
      -0.03276188671588898
    ],
    "rotationMatrix" : [
      -0.7161961197853088,
      -0.11547508835792542,
      0.6882792711257935,
      0.6977554559707642,
      -0.09848275035619736,
      0.7095338702201843,
      -0.014149844646453857,
      0.9884161353111267,
      0.15110650658607483
    ],
    "timestamp" : 239584227976,
    "gravity" : [
      0.014149815775454044,
      -0.9884161353111267,
      -0.15110650658607483
    ]
  },
  {
    "userAcceleration" : [
      0.013645472005009651,
      -0.005672454833984375,
      -0.03613555431365967
    ],
    "rotationMatrix" : [
      -0.7192908525466919,
      -0.11503955721855164,
      0.685117781162262,
      0.6945526599884033,
      -0.09816445410251617,
      0.7127133011817932,
      -0.014735996723175049,
      0.9884986281394958,
      0.15050993859767914
    ],
    "timestamp" : 239584237994,
    "gravity" : [
      0.014735986478626728,
      -0.9884986281394958,
      -0.15050993859767914
    ]
  },
  {
    "userAcceleration" : [
      0.031813934445381165,
      0.00037467479705810547,
      -0.027153387665748596
    ],
    "rotationMatrix" : [
      -0.7223195433616638,
      -0.11442115902900696,
      0.68202805519104,
      0.6913917064666748,
      -0.0977637991309166,
      0.7158349752426147,
      -0.015229016542434692,
      0.9886101484298706,
      0.14972653985023499
    ],
    "timestamp" : 239584248013,
    "gravity" : [
      0.015229007229208946,
      -0.9886101484298706,
      -0.1497265249490738
    ]
  },
  {
    "userAcceleration" : [
      0.04057785123586655,
      -0.0022675395011901855,
      0.018586337566375732
    ],
    "rotationMatrix" : [
      -0.7252256274223328,
      -0.11386588215827942,
      0.679030179977417,
      0.6883335113525391,
      -0.09751012176275253,
      0.718810498714447,
      -0.015635639429092407,
      0.9886991381645203,
      0.14909473061561584
    ],
    "timestamp" : 239584258031,
    "gravity" : [
      0.015635622665286064,
      -0.988699197769165,
      -0.14909476041793823
    ]
  },
  {
    "userAcceleration" : [
      0.040334392338991165,
      -0.0022249817848205566,
      0.018278345465660095
    ],
    "rotationMatrix" : [
      -0.7280319929122925,
      -0.11343130469322205,
      0.6760936975479126,
      0.6853592395782471,
      -0.09758571535348892,
      0.7216368913650513,
      -0.01587909460067749,
      0.9887417554855347,
      0.1487867534160614
    ],
    "timestamp" : 239584268050,
    "gravity" : [
      0.015879100188612938,
      -0.9887418150901794,
      -0.1487867534160614
    ]
  },
  {
    "userAcceleration" : [
      0.040256090462207794,
      -0.002220332622528076,
      0.01823921501636505
    ],
    "rotationMatrix" : [
      -0.7304307222366333,
      -0.11311817169189453,
      0.6735538244247437,
      0.6827999353408813,
      -0.09790141880512238,
      0.7240160703659058,
      -0.015957385301589966,
      0.9887462854385376,
      0.14874760806560516
    ],
    "timestamp" : 239584278068,
    "gravity" : [
      0.015957385301589966,
      -0.9887462854385376,
      -0.14874760806560516
    ]
  },
  {
    "userAcceleration" : [
      0.04300542175769806,
      0.0034831762313842773,
      0.01601751148700714
    ],
    "rotationMatrix" : [
      -0.7329058647155762,
      -0.11281365156173706,
      0.6709109544754028,
      0.6801436543464661,
      -0.09843824058771133,
      0.726439356803894,
      -0.015908867120742798,
      0.9887278079986572,
      0.14887574315071106
    ],
    "timestamp" : 239584288087,
    "gravity" : [
      0.0159088596701622,
      -0.9887278079986572,
      -0.14887578785419464
    ]
  },
  {
    "userAcceleration" : [
      0.04306734353303909,
      0.0061345696449279785,
      0.005969703197479248
    ],
    "rotationMatrix" : [
      -0.7353538274765015,
      -0.11255067586898804,
      0.668271541595459,
      0.6774985790252686,
      -0.09908055514097214,
      0.7288199663162231,
      -0.015816420316696167,
      0.9886937141418457,
      0.14911234378814697
    ],
    "timestamp" : 239584298105,
    "gravity" : [
      0.015816420316696167,
      -0.9886936545372009,
      -0.14911237359046936
    ]
  },
  {
    "userAcceleration" : [
      0.03520290181040764,
      0.006401658058166504,
      -0.00572127103805542
    ],
    "rotationMatrix" : [
      -0.7379469275474548,
      -0.11231374740600586,
      0.6654469966888428,
      0.6746741533279419,
      -0.09972773492336273,
      0.7313474416732788,
      -0.015776783227920532,
      0.9886555671691895,
      0.14936907589435577
    ],
    "timestamp" : 239584308124,
    "gravity" : [
      0.015776801854372025,
      -0.9886556267738342,
      -0.1493690460920334
    ]
  },
  {
    "userAcceleration" : [
      0.03174924477934837,
      0.008916378021240234,
      -0.01600976288318634
    ],
    "rotationMatrix" : [
      -0.7407073974609375,
      -0.11199793219566345,
      0.6624265909194946,
      0.6716419458389282,
      -0.1002616286277771,
      0.7340604066848755,
      -0.01579725742340088,
      0.9886374473571777,
      0.14948707818984985
    ],
    "timestamp" : 239584318142,
    "gravity" : [
      0.015797244384884834,
      -0.9886374473571777,
      -0.14948707818984985
    ]
  },
  {
    "userAcceleration" : [
      0.028578292578458786,
      0.008148729801177979,
      -0.023770853877067566
    ],
    "rotationMatrix" : [
      -0.7432485818862915,
      -0.11157876253128052,
      0.6596447825431824,
      0.6688281297683716,
      -0.10062453150749207,
      0.7365753650665283,
      -0.01580965518951416,
      0.9886478185653687,
      0.14941635727882385
    ],
    "timestamp" : 239584328161,
    "gravity" : [
      0.015809623524546623,
      -0.9886478185653687,
      -0.14941638708114624
    ]
  },
  {
    "userAcceleration" : [
      0.026106039062142372,
      0.008123278617858887,
      -0.024049222469329834
    ],
    "rotationMatrix" : [
      -0.7459752559661865,
      -0.11098995804786682,
      0.6566596031188965,
      0.6657865047454834,
      -0.10092555731534958,
      0.7392849326133728,
      -0.015779435634613037,
      0.9886835217475891,
      0.1491837501525879
    ],
    "timestamp" : 239584338179,
    "gravity" : [
      0.015779418870806694,
      -0.9886835217475891,
      -0.14918377995491028
    ]
  },
  {
    "userAcceleration" : [
      0.022635044530034065,
      0.007021784782409668,
      -0.010649621486663818
    ],
    "rotationMatrix" : [
      -0.7486335635185242,
      -0.11032027006149292,
      0.6537408828735352,
      0.6627988219261169,
      -0.10123948752880096,
      0.7419219613075256,
      -0.015664637088775635,
      0.9887264370918274,
      0.1489114910364151
    ],
    "timestamp" : 239584348198,
    "gravity" : [
      0.015664618462324142,
      -0.9887264370918274,
      -0.1489114910364151
    ]
  },
  {
    "userAcceleration" : [
      0.011132832616567612,
      0.0063515305519104,
      0.003543749451637268
    ],
    "rotationMatrix" : [
      -0.7511292695999146,
      -0.1097044050693512,
      0.6509756445884705,
      0.6599721908569336,
      -0.1015985757112503,
      0.7443883419036865,
      -0.01552438735961914,
      0.9887579679489136,
      0.1487157791852951
    ],
    "timestamp" : 239584358216,
    "gravity" : [
      0.015524364076554775,
      -0.9887579679489136,
      -0.1487158238887787
    ]
  },
  {
    "userAcceleration" : [
      0.0011012563481926918,
      -0.0037061572074890137,
      0.003987789154052734
    ],
    "rotationMatrix" : [
      -0.7535499334335327,
      -0.10919538140296936,
      0.6482585668563843,
      0.6572103500366211,
      -0.10201971232891083,
      0.7467709183692932,
      -0.015408843755722046,
      0.9887712597846985,
      0.14864106476306915
    ],
    "timestamp" : 239584368235,
    "gravity" : [
      0.015408835373818874,
      -0.9887712001800537,
      -0.14864109456539154
    ]
  },
  {
    "userAcceleration" : [
      0.0011705858632922173,
      -0.0037096142768859863,
      0.0040169209241867065
    ],
    "rotationMatrix" : [
      -0.7562659978866577,
      -0.1087389588356018,
      0.645164966583252,
      0.6540846228599548,
      -0.10253777354955673,
      0.7494394183158875,
      -0.015339523553848267,
      0.9887679219245911,
      0.14867016673088074
    ],
    "timestamp" : 239584378253,
    "gravity" : [
      0.015339521691203117,
      -0.9887678623199463,
      -0.14867021143436432
    ]
  },
  {
    "userAcceleration" : [
      -0.0014391951262950897,
      -0.002400517463684082,
      -0.0008501261472702026
    ],
    "rotationMatrix" : [
      -0.758898913860321,
      -0.10840407013893127,
      0.6421214938163757,
      0.6510269641876221,
      -0.10306810587644577,
      0.7520241141319275,
      -0.015340030193328857,
      0.9887492060661316,
      0.1487928032875061
    ],
    "timestamp" : 239584388272,
    "gravity" : [
      0.015340058133006096,
      -0.9887492060661316,
      -0.14879275858402252
    ]
  },
  {
    "userAcceleration" : [
      -1.1227093636989594e-05,
      0.007427573204040527,
      0.0022723227739334106
    ],
    "rotationMatrix" : [
      -0.7617772221565247,
      -0.10807555913925171,
      0.6387602090835571,
      0.6476567983627319,
      -0.10369088500738144,
      0.7548433542251587,
      -0.015346378087997437,
      0.988720178604126,
      0.14898553490638733
    ],
    "timestamp" : 239584398290,
    "gravity" : [
      0.015346390195190907,
      -0.988720178604126,
      -0.14898553490638733
    ]
  },
  {
    "userAcceleration" : [
      0.011674570851027966,
      0.010404527187347412,
      0.0011209994554519653
    ],
    "rotationMatrix" : [
      -0.7645882368087769,
      -0.10778218507766724,
      0.635442316532135,
      0.6443367004394531,
      -0.10441607981920242,
      0.7575796842575073,
      -0.015303075313568115,
      0.9886757135391235,
      0.14928382635116577
    ],
    "timestamp" : 239584408309,
    "gravity" : [
      0.015303049236536026,
      -0.9886757731437683,
      -0.14928381145000458
    ]
  },
  {
    "userAcceleration" : [
      0.022257786244153976,
      0.004260241985321045,
      -0.004049524664878845
    ],
    "rotationMatrix" : [
      -0.7672053575515747,
      -0.10750234127044678,
      0.6323279142379761,
      0.6412215828895569,
      -0.10523166507482529,
      0.7601057887077332,
      -0.01517215371131897,
      0.988619863986969,
      0.14966747164726257
    ],
    "timestamp" : 239584418327,
    "gravity" : [
      0.01517212949693203,
      -0.9886198043823242,
      -0.14966747164726257
    ]
  },
  {
    "userAcceleration" : [
      0.02824542671442032,
      0.0030249357223510742,
      -0.010690674185752869
    ],
    "rotationMatrix" : [
      -0.7696150541305542,
      -0.10716292262077332,
      0.6294504404067993,
      0.6383316516876221,
      -0.10599890351295471,
      0.7624279856681824,
      -0.014982789754867554,
      0.9885746836662292,
      0.14998432993888855
    ],
    "timestamp" : 239584428346,
    "gravity" : [
      0.01498280931264162,
      -0.9885746836662292,
      -0.14998431503772736
    ]
  },
  {
    "userAcceleration" : [
      0.022672977298498154,
      0.00453948974609375,
      -0.01251441240310669
    ],
    "rotationMatrix" : [
      -0.7717229127883911,
      -0.10669070482254028,
      0.6269456148147583,
      0.6357880234718323,
      -0.10658043622970581,
      0.7644698619842529,
      -0.014741688966751099,
      0.9885634183883667,
      0.1500832438468933
    ],
    "timestamp" : 239584438364,
    "gravity" : [
      0.014741677790880203,
      -0.9885634779930115,
      -0.1500832587480545
    ]
  },
  {
    "userAcceleration" : [
      0.013028018176555634,
      0.0007471442222595215,
      -0.017359480261802673
    ],
    "rotationMatrix" : [
      -0.7736284732818604,
      -0.10614892840385437,
      0.6246845722198486,
      0.6334717273712158,
      -0.10691235959529877,
      0.766343891620636,
      -0.014559954404830933,
      0.9885857701301575,
      0.14995314180850983
    ],
    "timestamp" : 239584448383,
    "gravity" : [
      0.014559969305992126,
      -0.9885857701301575,
      -0.14995312690734863
    ]
  },
  {
    "userAcceleration" : [
      -0.0020349808037281036,
      -0.004400849342346191,
      -0.01973073184490204
    ],
    "rotationMatrix" : [
      -0.7755343914031982,
      -0.10567262768745422,
      0.6223979592323303,
      0.6311365365982056,
      -0.10701441764831543,
      0.7682539820671082,
      -0.014577805995941162,
      0.988625705242157,
      0.1496875286102295
    ],
    "timestamp" : 239584458401,
    "gravity" : [
      0.014577789232134819,
      -0.9886257648468018,
      -0.1496875286102295
    ]
  },
  {
    "userAcceleration" : [
      -0.010881933383643627,
      -0.0004189610481262207,
      -0.014811322093009949
    ],
    "rotationMatrix" : [
      -0.7776384353637695,
      -0.1053517758846283,
      0.6198218464851379,
      0.6285350322723389,
      -0.10691408067941666,
      0.7703979015350342,
      -0.014895081520080566,
      0.9886709451675415,
      0.14935800433158875
    ],
    "timestamp" : 239584468420,
    "gravity" : [
      0.014895071275532246,
      -0.9886708855628967,
      -0.14935795962810516
    ]
  },
  {
    "userAcceleration" : [
      -0.016087818890810013,
      -0.0023822784423828125,
      -0.015120387077331543
    ],
    "rotationMatrix" : [
      -0.7800017595291138,
      -0.10518249869346619,
      0.6168744564056396,
      0.6255848407745361,
      -0.10661108046770096,
      0.7728374600410461,
      -0.015523344278335571,
      0.9887217879295349,
      0.14895731210708618
    ],
    "timestamp" : 239584478438,
    "gravity" : [
      0.015523326583206654,
      -0.9887217879295349,
      -0.14895735681056976
    ]
  },
  {
    "userAcceleration" : [
      -0.01100226677954197,
      -0.008616209030151367,
      -0.00838857889175415
    ],
    "rotationMatrix" : [
      -0.7825987935066223,
      -0.10511043667793274,
      0.6135883927345276,
      0.6223112344741821,
      -0.10619236528873444,
      0.7755331993103027,
      -0.01635819673538208,
      0.9887744188308716,
      0.14851753413677216
    ],
    "timestamp" : 239584488457,
    "gravity" : [
      0.01635819487273693,
      -0.9887744188308716,
      -0.14851753413677216
    ]
  },
  {
    "userAcceleration" : [
      0.007034718990325928,
      -0.00043392181396484375,
      0.0007746964693069458
    ],
    "rotationMatrix" : [
      -0.7854209542274475,
      -0.1051100492477417,
      0.6099713444709778,
      0.6187211871147156,
      -0.10587379336357117,
      0.7784435749053955,
      -0.017242133617401123,
      0.9888083934783936,
      0.1481897532939911
    ],
    "timestamp" : 239584498475,
    "gravity" : [
      0.017242111265659332,
      -0.9888084530830383,
      -0.14818979799747467
    ]
  },
  {
    "userAcceleration" : [
      0.021612580865621567,
      -0.00010800361633300781,
      0.007454097270965576
    ],
    "rotationMatrix" : [
      -0.788303554058075,
      -0.10521271824836731,
      0.6062242388725281,
      0.615019679069519,
      -0.1057216003537178,
      0.7813922762870789,
      -0.018121421337127686,
      0.9888140559196472,
      0.14804857969284058
    ],
    "timestamp" : 239584508493,
    "gravity" : [
      0.018121397122740746,
      -0.9888140559196472,
      -0.14804857969284058
    ]
  },
  {
    "userAcceleration" : [
      0.018631383776664734,
      -0.0014078617095947266,
      0.0134810209274292
    ],
    "rotationMatrix" : [
      -0.7912657260894775,
      -0.10537028312683105,
      0.602324903011322,
      0.611177921295166,
      -0.10573351383209229,
      0.7843990325927734,
      -0.018966376781463623,
      0.9887958765029907,
      0.1480635404586792
    ],
    "timestamp" : 239584518512,
    "gravity" : [
      0.01896636188030243,
      -0.9887958765029907,
      -0.1480635404586792
    ]
  },
  {
    "userAcceleration" : [
      0.023639319464564323,
      0.0010143518447875977,
      0.019969463348388672
    ],
    "rotationMatrix" : [
      -0.794174075126648,
      -0.10548597574234009,
      0.5984644889831543,
      0.6073721051216125,
      -0.10593999177217484,
      0.7873218059539795,
      -0.01964995265007019,
      0.9887614250183105,
      0.14820432662963867
    ],
    "timestamp" : 239584528530,
    "gravity" : [
      0.01964995637536049,
      -0.9887614250183105,
      -0.14820432662963867
    ]
  },
  {
    "userAcceleration" : [
      0.027482522651553154,
      0.005424320697784424,
      0.0251275897026062
    ],
    "rotationMatrix" : [
      -0.7966923713684082,
      -0.10554184019565582,
      0.5950983762741089,
      0.6040508151054382,
      -0.10631000250577927,
      0.7898232340812683,
      -0.020094454288482666,
      0.9887158274650574,
      0.14844906330108643
    ],
    "timestamp" : 239584538549,
    "gravity" : [
      0.02009447291493416,
      -0.9887158274650574,
      -0.14844907820224762
    ]
  },
  {
    "userAcceleration" : [
      0.03214535117149353,
      0.0015884041786193848,
      0.029786869883537292
    ],
    "rotationMatrix" : [
      -0.7990422248840332,
      -0.10553795099258423,
      0.59194016456604,
      0.6009321212768555,
      -0.10693468898534775,
      0.7921146154403687,
      -0.020299166440963745,
      0.9886488914489746,
      0.14886650443077087
    ],
    "timestamp" : 239584548567,
    "gravity" : [
      0.020299190655350685,
      -0.9886489510536194,
      -0.1488664746284485
    ]
  },
  {
    "userAcceleration" : [
      0.03159550949931145,
      -0.005454659461975098,
      0.01819545030593872
    ],
    "rotationMatrix" : [
      -0.8011952042579651,
      -0.1056472510099411,
      0.589003324508667,
      0.5980539917945862,
      -0.1077512726187706,
      0.7941794395446777,
      -0.02043706178665161,
      0.9885485172271729,
      0.14951255917549133
    ],
    "timestamp" : 239584558586,
    "gravity" : [
      0.020437033846974373,
      -0.9885485768318176,
      -0.14951258897781372
    ]
  },
  {
    "userAcceleration" : [
      0.017893312498927116,
      -0.01430964469909668,
      -0.0015090107917785645
    ],
    "rotationMatrix" : [
      -0.8033145070075989,
      -0.10583101212978363,
      0.5860764384269714,
      0.5951979160308838,
      -0.10859252512454987,
      0.7962079048156738,
      -0.020619988441467285,
      0.9884368181228638,
      0.15022437274456024
    ],
    "timestamp" : 239584568604,
    "gravity" : [
      0.020619971677660942,
      -0.9884368777275085,
      -0.15022437274456024
    ]
  },
  {
    "userAcceleration" : [
      0.01846080832183361,
      -0.012501835823059082,
      -0.016368329524993896
    ],
    "rotationMatrix" : [
      -0.8054150342941284,
      -0.10596008598804474,
      0.5831625461578369,
      0.5923457145690918,
      -0.10936892032623291,
      0.7982259392738342,
      -0.020800143480300903,
      0.9883372187614441,
      0.15085268020629883
    ],
    "timestamp" : 239584578623,
    "gravity" : [
      0.02080014906823635,
      -0.9883372783660889,
      -0.1508527249097824
    ]
  },
  {
    "userAcceleration" : [
      0.021898608654737473,
      -0.008393943309783936,
      -0.03076012432575226
    ],
    "rotationMatrix" : [
      -0.8075246214866638,
      -0.1059664785861969,
      0.5802373886108398,
      0.5894614458084106,
      -0.11002106219530106,
      0.8002691268920898,
      -0.020963430404663086,
      0.9882644414901733,
      0.15130770206451416
    ],
    "timestamp" : 239584588641,
    "gravity" : [
      0.02096341922879219,
      -0.9882644414901733,
      -0.15130776166915894
    ]
  },
  {
    "userAcceleration" : [
      0.025888526812195778,
      -0.006476998329162598,
      -0.03847835958003998
    ],
    "rotationMatrix" : [
      -0.8096297979354858,
      -0.10581409931182861,
      0.5773236155509949,
      0.5865607857704163,
      -0.11049167811870575,
      0.8023326992988586,
      -0.021108627319335938,
      0.9882280230522156,
      0.15152402222156525
    ],
    "timestamp" : 239584598660,
    "gravity" : [
      0.021108616143465042,
      -0.9882280230522156,
      -0.15152402222156525
    ]
  },
  {
    "userAcceleration" : [
      0.03580696880817413,
      -0.011883914470672607,
      -0.037848055362701416
    ],
    "rotationMatrix" : [
      -0.8117432594299316,
      -0.10551144182682037,
      0.574404239654541,
      0.5836290121078491,
      -0.11082872748374939,
      0.804421603679657,
      -0.021215200424194336,
      0.9882227778434753,
      0.1515440046787262
    ],
    "timestamp" : 239584608678,
    "gravity" : [
      0.021215224638581276,
      -0.9882227778434753,
      -0.151543989777565
    ]
  },
  {
    "userAcceleration" : [
      0.03667566925287247,
      -0.007212460041046143,
      -0.03884690999984741
    ],
    "rotationMatrix" : [
      -0.8138930201530457,
      -0.10501144826412201,
      0.5714461207389832,
      0.5806255340576172,
      -0.11101085692644119,
      0.8065670728683472,
      -0.021262049674987793,
      0.9882556200027466,
      0.1513233184814453
    ],
    "timestamp" : 239584618697,
    "gravity" : [
      0.021262049674987793,
      -0.9882555603981018,
      -0.1513233482837677
    ]
  },
  {
    "userAcceleration" : [
      0.025407398119568825,
      -0.01005411148071289,
      -0.036557793617248535
    ],
    "rotationMatrix" : [
      -0.8160467147827148,
      -0.10430723428726196,
      0.5684959888458252,
      0.5775955319404602,
      -0.11102694272994995,
      0.8087375164031982,
      -0.02123880386352539,
      0.9883283376693726,
      0.1508505940437317
    ],
    "timestamp" : 239584628715,
    "gravity" : [
      0.021238798275589943,
      -0.9883283972740173,
      -0.15085062384605408
    ]
  },
  {
    "userAcceleration" : [
      0.015527239069342613,
      -0.016582787036895752,
      -0.029647231101989746
    ],
    "rotationMatrix" : [
      -0.818125307559967,
      -0.10353724658489227,
      0.5656417608261108,
      0.5746480822563171,
      -0.11091314256191254,
      0.8108499050140381,
      -0.021216005086898804,
      0.9884220361709595,
      0.15023858845233917
    ],
    "timestamp" : 239584638734,
    "gravity" : [
      0.021216003224253654,
      -0.9884219765663147,
      -0.15023861825466156
    ]
  },
  {
    "userAcceleration" : [
      0.010262276977300644,
      -0.007197022438049316,
      -0.01986144483089447
    ],
    "rotationMatrix" : [
      -0.8203250169754028,
      -0.10279503464698792,
      0.5625828504562378,
      0.5715017318725586,
      -0.11077307909727097,
      0.8130895495414734,
      -0.02126246690750122,
      0.9885150790214539,
      0.14961779117584229
    ],
    "timestamp" : 239584648752,
    "gravity" : [
      0.021262461319565773,
      -0.9885150790214539,
      -0.14961785078048706
    ]
  },
  {
    "userAcceleration" : [
      0.004771508276462555,
      -0.0092390775680542,
      -0.024510666728019714
    ],
    "rotationMatrix" : [
      -0.8226144313812256,
      -0.10213983058929443,
      0.5593501925468445,
      0.5681942701339722,
      -0.11053905636072159,
      0.8154361844062805,
      -0.021458446979522705,
      0.988609254360199,
      0.1489664614200592
    ],
    "timestamp" : 239584658771,
    "gravity" : [
      0.021458430215716362,
      -0.988609254360199,
      -0.1489664912223816
    ]
  },
  {
    "userAcceleration" : [
      0.004231024533510208,
      -0.015446484088897705,
      -0.022724047303199768
    ],
    "rotationMatrix" : [
      -0.8249530792236328,
      -0.10161317884922028,
      0.5559920072555542,
      0.5647788643836975,
      -0.1101786270737648,
      0.8178542256355286,
      -0.02184632420539856,
      0.9887039065361023,
      0.14828118681907654
    ],
    "timestamp" : 239584668789,
    "gravity" : [
      0.02184632048010826,
      -0.9887039065361023,
      -0.14828118681907654
    ]
  },
  {
    "userAcceleration" : [
      0.007157469168305397,
      -0.007802844047546387,
      -0.018422186374664307
    ],
    "rotationMatrix" : [
      -0.8273192048072815,
      -0.10121610760688782,
      0.5525377988815308,
      0.561285138130188,
      -0.10973052680492401,
      0.8203157782554626,
      -0.02239888906478882,
      0.9887943863868713,
      0.1475933939218521
    ],
    "timestamp" : 239584678808,
    "gravity" : [
      0.02239888906478882,
      -0.9887943863868713,
      -0.1475934237241745
    ]
  },
  {
    "userAcceleration" : [
      0.016432370990514755,
      -0.000599980354309082,
      -0.0127495676279068
    ],
    "rotationMatrix" : [
      -0.8297761678695679,
      -0.10090683400630951,
      0.5488981008529663,
      0.5576208829879761,
      -0.10932045429944992,
      0.8228656053543091,
      -0.02302694320678711,
      0.9888714551925659,
      0.14697939157485962
    ],
    "timestamp" : 239584688826,
    "gravity" : [
      0.023026933893561363,
      -0.9888714551925659,
      -0.146979421377182
    ]
  },
  {
    "userAcceleration" : [
      0.022863956168293953,
      -0.00045627355575561523,
      -0.003109350800514221
    ],
    "rotationMatrix" : [
      -0.832280158996582,
      -0.10061639547348022,
      0.5451480150222778,
      0.5538510084152222,
      -0.10897820442914963,
      0.8254532217979431,
      -0.02364492416381836,
      0.9889389872550964,
      0.1464267373085022
    ],
    "timestamp" : 239584698845,
    "gravity" : [
      0.023644916713237762,
      -0.9889389276504517,
      -0.1464267522096634
    ]
  },
  {
    "userAcceleration" : [
      0.02978283353149891,
      0.0072686076164245605,
      0.005822762846946716
    ],
    "rotationMatrix" : [
      -0.8347530961036682,
      -0.10028502345085144,
      0.5414150953292847,
      0.5500930547714233,
      -0.1086936965584755,
      0.8279996514320374,
      -0.024187564849853516,
      0.9890038371086121,
      0.14589843153953552
    ],
    "timestamp" : 239584708863,
    "gravity" : [
      0.024187574163079262,
      -0.9890038371086121,
      -0.14589843153953552
    ]
  },
  {
    "userAcceleration" : [
      0.03773704171180725,
      0.015825390815734863,
      0.002787470817565918
    ],
    "rotationMatrix" : [
      -0.8372400403022766,
      -0.09982138872146606,
      0.5376471281051636,
      0.5462818145751953,
      -0.10845666378736496,
      0.8305498957633972,
      -0.024595201015472412,
      0.9890766739845276,
      0.14533507823944092
    ],
    "timestamp" : 239584718882,
    "gravity" : [
      0.02459518052637577,
      -0.9890766143798828,
      -0.14533507823944092
    ]
  },
  {
    "userAcceleration" : [
      0.0388772115111351,
      0.009017705917358398,
      0.0010575801134109497
    ],
    "rotationMatrix" : [
      -0.839686930179596,
      -0.09923213720321655,
      0.5339274406433105,
      0.5424990653991699,
      -0.1081828847527504,
      0.8330612182617188,
      -0.024904578924179077,
      0.9891659021377563,
      0.14467331767082214
    ],
    "timestamp" : 239584728900,
    "gravity" : [
      0.02490459382534027,
      -0.9891659021377563,
      -0.14467328786849976
    ]
  },
  {
    "userAcceleration" : [
      0.03319622948765755,
      0.0017851591110229492,
      -0.002061322331428528
    ],
    "rotationMatrix" : [
      -0.841995120048523,
      -0.09859387576580048,
      0.5303994417190552,
      0.538896381855011,
      -0.10778819769620895,
      0.8354474306106567,
      -0.02519926428794861,
      0.989272952079773,
      0.1438889503479004
    ],
    "timestamp" : 239584738919,
    "gravity" : [
      0.02519923448562622,
      -0.989272952079773,
      -0.14388896524906158
    ]
  },
  {
    "userAcceleration" : [
      0.02527800016105175,
      0.004188716411590576,
      -0.0008280128240585327
    ],
    "rotationMatrix" : [
      -0.8442270159721375,
      -0.09793731570243835,
      0.526961624622345,
      0.5353789329528809,
      -0.10733278095722198,
      0.8377641439437866,
      -0.025488078594207764,
      0.9893875122070312,
      0.14304707944393158
    ],
    "timestamp" : 239584748937,
    "gravity" : [
      0.02548806741833687,
      -0.9893875122070312,
      -0.1430470496416092
    ]
  },
  {
    "userAcceleration" : [
      0.023900598287582397,
      0.005953192710876465,
      0.008990943431854248
    ],
    "rotationMatrix" : [
      -0.8463358879089355,
      -0.09735845029354095,
      0.523676335811615,
      0.5320252180099487,
      -0.10692509263753891,
      0.8399500846862793,
      -0.025782108306884766,
      0.989488959312439,
      0.14229169487953186
    ],
    "timestamp" : 239584758956,
    "gravity" : [
      0.025782104581594467,
      -0.9894888997077942,
      -0.14229170978069305
    ]
  },
  {
    "userAcceleration" : [
      0.015739956870675087,
      0.00652390718460083,
      0.012277305126190186
    ],
    "rotationMatrix" : [
      -0.8484214544296265,
      -0.09688201546669006,
      0.520379364490509,
      0.5286765098571777,
      -0.10659471154212952,
      0.8421037197113037,
      -0.02611498534679413,
      0.9895713329315186,
      0.14165660738945007
    ],
    "timestamp" : 239584768974,
    "gravity" : [
      0.026114989072084427,
      -0.9895712733268738,
      -0.14165657758712769
    ]
  },
  {
    "userAcceleration" : [
      0.007186202332377434,
      0.0057220458984375,
      0.012348413467407227
    ],
    "rotationMatrix" : [
      -0.8503854870796204,
      -0.09649153053760529,
      0.517236590385437,
      0.5254942178726196,
      -0.10631819069385529,
      0.8441280722618103,
      -0.026459485292434692,
      0.9896392226219177,
      0.14111731946468353
    ],
    "timestamp" : 239584778992,
    "gravity" : [
      0.026459502056241035,
      -0.989639163017273,
      -0.14111730456352234
    ]
  },
  {
    "userAcceleration" : [
      0.015338556841015816,
      0.00854945182800293,
      0.021080732345581055
    ],
    "rotationMatrix" : [
      -0.852212131023407,
      -0.09614880383014679,
      0.5142853260040283,
      0.522511899471283,
      -0.10615953058004379,
      0.8459972143173218,
      -0.026745259761810303,
      0.9896894693374634,
      0.14070960879325867
    ],
    "timestamp" : 239584789011,
    "gravity" : [
      0.026745246723294258,
      -0.9896894693374634,
      -0.14070962369441986
    ]
  },
  {
    "userAcceleration" : [
      0.01946028135716915,
      0.015552282333374023,
      0.016239404678344727
    ],
    "rotationMatrix" : [
      -0.8540711402893066,
      -0.09581966698169708,
      0.5112540125846863,
      0.5194568634033203,
      -0.10618183016777039,
      0.8478736877441406,
      -0.026957020163536072,
      0.989719033241272,
      0.14046123623847961
    ],
    "timestamp" : 239584799029,
    "gravity" : [
      0.02695702202618122,
      -0.9897190928459167,
      -0.14046120643615723
    ]
  },
  {
    "userAcceleration" : [
      0.021363453939557076,
      0.017467081546783447,
      0.004458904266357422
    ],
    "rotationMatrix" : [
      -0.8559338450431824,
      -0.09544958174228668,
      0.5081996917724609,
      0.5163758993148804,
      -0.10630452632904053,
      0.8497384786605835,
      -0.027083277702331543,
      0.9897418022155762,
      0.14027732610702515
    ],
    "timestamp" : 239584809048,
    "gravity" : [
      0.02708328329026699,
      -0.9897418022155762,
      -0.14027735590934753
    ]
  },
  {
    "userAcceleration" : [
      0.00991012156009674,
      0.011522650718688965,
      -0.004578158259391785
    ],
    "rotationMatrix" : [
      -0.8578342199325562,
      -0.09498652815818787,
      0.5050715804100037,
      0.513207197189331,
      -0.10637329518795013,
      0.8516470193862915,
      -0.027168795466423035,
      0.9897786378860474,
      0.13999880850315094
    ],
    "timestamp" : 239584819066,
    "gravity" : [
      0.027168795466423035,
      -0.9897786974906921,
      -0.13999880850315094
    ]
  },
  {
    "userAcceleration" : [
      -0.002343062311410904,
      0.013229846954345703,
      -0.011512920260429382
    ],
    "rotationMatrix" : [
      -0.8596928715705872,
      -0.09444420039653778,
      0.5020038485527039,
      0.5100835561752319,
      -0.1063048243522644,
      0.8535301685333252,
      -0.02724546194076538,
      0.9898380041122437,
      0.13956427574157715
    ],
    "timestamp" : 239584829085,
    "gravity" : [
      0.02724546566605568,
      -0.9898379445075989,
      -0.13956429064273834
    ]
  },
  {
    "userAcceleration" : [
      -0.006597941741347313,
      0.012937068939208984,
      -0.008671402931213379
    ],
    "rotationMatrix" : [
      -0.8614452481269836,
      -0.09384678304195404,
      0.49910348653793335,
      0.5071161389350891,
      -0.1061495691537857,
      0.8553158044815063,
      -0.027288928627967834,
      0.9899114370346069,
      0.13903360068798065
    ],
    "timestamp" : 239584839103,
    "gravity" : [
      0.027288932353258133,
      -0.9899114370346069,
      -0.13903361558914185
    ]
  },
  {
    "userAcceleration" : [
      -0.009328750893473625,
      0.009001374244689941,
      0.0028468966484069824
    ],
    "rotationMatrix" : [
      -0.8630908727645874,
      -0.09322403371334076,
      0.4963698387145996,
      0.5043104887008667,
      -0.10597747564315796,
      0.8569943904876709,
      -0.027288421988487244,
      0.9899888038635254,
      0.13848227262496948
    ],
    "timestamp" : 239584849122,
    "gravity" : [
      0.027288412675261497,
      -0.9899888038635254,
      -0.1384822279214859
    ]
  },
  {
    "userAcceleration" : [
      -0.02324768714606762,
      0.012483179569244385,
      0.02263474464416504
    ],
    "rotationMatrix" : [
      -0.8648289442062378,
      -0.09264315664768219,
      0.49344491958618164,
      0.5013232827186584,
      -0.10589069128036499,
      0.8587560653686523,
      -0.027306601405143738,
      0.9900527000427246,
      0.13802164793014526
    ],
    "timestamp" : 239584859140,
    "gravity" : [
      0.027306606993079185,
      -0.9900526404380798,
      -0.13802167773246765
    ]
  },
  {
    "userAcceleration" : [
      -0.0232770387083292,
      0.01252049207687378,
      0.022360682487487793
    ],
    "rotationMatrix" : [
      -0.8667263388633728,
      -0.09212972223758698,
      0.490200936794281,
      0.49803370237350464,
      -0.10598914325237274,
      0.8606557846069336,
      -0.027335956692695618,
      0.9900898933410645,
      0.137747660279274
    ],
    "timestamp" : 239584869159,
    "gravity" : [
      0.027335945516824722,
      -0.9900899529457092,
      -0.1377476155757904
    ]
  },
  {
    "userAcceleration" : [
      -0.023354422301054,
      0.012528181076049805,
      0.02229011058807373
    ],
    "rotationMatrix" : [
      -0.8686206340789795,
      -0.09175626933574677,
      0.4869072139263153,
      0.49471843242645264,
      -0.10624117404222488,
      0.8625348210334778,
      -0.02741333842277527,
      0.99009770154953,
      0.13767701387405396
    ],
    "timestamp" : 239584879177,
    "gravity" : [
      0.02741333097219467,
      -0.9900976419448853,
      -0.13767705857753754
    ]
  },
  {
    "userAcceleration" : [
      -0.006901798769831657,
      0.009825468063354492,
      0.007936730980873108
    ],
    "rotationMatrix" : [
      -0.8700922727584839,
      -0.09160104393959045,
      0.4843016266822815,
      0.49211785197257996,
      -0.10653457045555115,
      0.863985002040863,
      -0.027547001838684082,
      0.9900804162025452,
      0.1377737820148468
    ],
    "timestamp" : 239584889196,
    "gravity" : [
      0.02754700556397438,
      -0.9900804162025452,
      -0.13777372241020203
    ]
  },
  {
    "userAcceleration" : [
      -0.00699303112924099,
      0.009807169437408447,
      0.008049845695495605
    ],
    "rotationMatrix" : [
      -0.8716400265693665,
      -0.09139813482761383,
      0.48154905438423157,
      0.48936617374420166,
      -0.10687832534313202,
      0.8655042052268982,
      -0.027638226747512817,
      0.9900621771812439,
      0.1378868967294693
    ],
    "timestamp" : 239584899214,
    "gravity" : [
      0.027638237923383713,
      -0.9900621771812439,
      -0.1378868669271469
    ]
  },
  {
    "userAcceleration" : [
      0.005951300263404846,
      0.013219475746154785,
      -0.006697162985801697
    ],
    "rotationMatrix" : [
      -0.8730218410491943,
      -0.09105803072452545,
      0.47910386323928833,
      0.486896812915802,
      -0.10707925260066986,
      0.8668708801269531,
      -0.02763335406780243,
      0.9900717735290527,
      0.1378188282251358
    ],
    "timestamp" : 239584909233,
    "gravity" : [
      0.027633367106318474,
      -0.9900717735290527,
      -0.13781878352165222
    ]
  },
  {
    "userAcceleration" : [
      0.006702739745378494,
      0.010664641857147217,
      -0.01834253966808319
    ],
    "rotationMatrix" : [
      -0.8744137287139893,
      -0.09047767519950867,
      0.47666946053504944,
      0.48439911007881165,
      -0.10706834495067596,
      0.8682703971862793,
      -0.027522772550582886,
      0.9901261329650879,
      0.1374496966600418
    ],
    "timestamp" : 239584919251,
    "gravity" : [
      0.027522794902324677,
      -0.9901261329650879,
      -0.13744966685771942
    ]
  },
  {
    "userAcceleration" : [
      -0.003652408719062805,
      0.006056249141693115,
      -0.018735289573669434
    ],
    "rotationMatrix" : [
      -0.8756816983222961,
      -0.08979420363903046,
      0.4744662046432495,
      0.48210978507995605,
      -0.10679896175861359,
      0.8695768713951111,
      -0.027410432696342468,
      0.9902175068855286,
      0.13681279122829437
    ],
    "timestamp" : 239584929270,
    "gravity" : [
      0.027410421520471573,
      -0.9902175068855286,
      -0.13681280612945557
    ]
  },
  {
    "userAcceleration" : [
      -0.01580131985247135,
      0.0035829544067382812,
      -0.005917593836784363
    ],
    "rotationMatrix" : [
      -0.8769485354423523,
      -0.08913818001747131,
      0.4722447395324707,
      0.47980210185050964,
      -0.10637012869119644,
      0.8709046840667725,
      -0.027398064732551575,
      0.9903228282928467,
      0.13605013489723206
    ],
    "timestamp" : 239584939288,
    "gravity" : [
      0.02739807218313217,
      -0.9903228878974915,
      -0.13605013489723206
    ]
  },
  {
    "userAcceleration" : [
      -0.02259928360581398,
      -0.0013563036918640137,
      0.013186469674110413
    ],
    "rotationMatrix" : [
      -0.8782434463500977,
      -0.08864660561084747,
      0.4699251055717468,
      0.47742193937301636,
      -0.10602715611457825,
      0.8722534775733948,
      -0.02749742567539215,
      0.9904037117958069,
      0.13543984293937683
    ],
    "timestamp" : 239584949307,
    "gravity" : [
      0.02749742940068245,
      -0.9904037714004517,
      -0.13543984293937683
    ]
  },
  {
    "userAcceleration" : [
      -0.014853207394480705,
      -0.004732608795166016,
      0.030438601970672607
    ],
    "rotationMatrix" : [
      -0.8796675205230713,
      -0.08833637833595276,
      0.4673128128051758,
      0.4747856557369232,
      -0.10603958368301392,
      0.8736898303031921,
      -0.027624890208244324,
      0.9904301762580872,
      0.1352207064628601
    ],
    "timestamp" : 239584959325,
    "gravity" : [
      0.02762487716972828,
      -0.9904302358627319,
      -0.1352206915616989
    ]
  },
  {
    "userAcceleration" : [
      -0.01497519388794899,
      -0.004761874675750732,
      0.030627429485321045
    ],
    "rotationMatrix" : [
      -0.8810788989067078,
      -0.08821453154087067,
      0.464669406414032,
      0.4721542000770569,
