[
  {
    "rotationMatrix" : [
      0.9999933242797852,
      -0.002010099356994033,
      -0.003045380814000964,
      -0.002010099356994033,
      0.39308565855026245,
      -0.9194995164871216,
      0.003045380814000964,
      0.9194995164871216,
      0.39307901263237
    ],
    "timestamp" : 239564176269,
    "gravity" : [
      -0.003045381046831608,
      -0.9194995164871216,
      -0.39307901263237
    ],
    "userAcceleration" : [
      -0.01138943713158369,
      -0.004419922828674316,
      0.02804282307624817
    ]
  },
  {
    "rotationMatrix" : [
      0.9999930262565613,
      -0.0014754915609955788,
      -0.0034268356394022703,
      -0.0025704829022288322,
      0.3932590186595917,
      -0.9194240570068359,
      0.0027042364235967398,
      0.919426441192627,
      0.39325249195098877
    ],
    "timestamp" : 239564186286,
    "gravity" : [
      -0.0027042364235967398,
      -0.9194265007972717,
      -0.39325249195098877
    ],
    "userAcceleration" : [
      -0.011135492473840714,
      0.00798863172531128,
      0.029528558254241943
    ]
  },
  {
    "rotationMatrix" : [
      0.9999904632568359,
      -0.0010795708512887359,
      -0.004225591197609901,
      -0.003460199572145939,
      0.39339083433151245,
      -0.9193646907806396,
      0.0026548278983682394,
      0.9193705320358276,
      0.39338335394859314
    ],
    "timestamp" : 239564196304,
    "gravity" : [
      -0.002654828131198883,
      -0.9193705916404724,
      -0.39338335394859314
    ],
    "userAcceleration" : [
      -0.001709191594272852,
      0.015974223613739014,
      0.032360225915908813
    ]
  },
  {
    "rotationMatrix" : [
      0.9999851584434509,
      -0.0008714051218703389,
      -0.005373589228838682,
      -0.004597099497914314,
      0.3935258388519287,
      -0.9193021059036255,
      0.0029157311655580997,
      0.9193131923675537,
      0.39351600408554077
    ],
    "timestamp" : 239564206321,
    "gravity" : [
      -0.002915730932727456,
      -0.9193131327629089,
      -0.39351603388786316
    ],
    "userAcceleration" : [
      0.009904257021844387,
      0.011018633842468262,
      0.028296709060668945
    ]
  },
  {
    "rotationMatrix" : [
      0.9999760985374451,
      -0.0009289702866226435,
      -0.006852125748991966,
      -0.005933050997555256,
      0.3936908543109894,
      -0.9192236661911011,
      0.003551550442352891,
      0.9192423820495605,
      0.39367595314979553
    ],
    "timestamp" : 239564216338,
    "gravity" : [
      -0.0035515502095222473,
      -0.9192423224449158,
      -0.39367595314979553
    ],
    "userAcceleration" : [
      0.019420694559812546,
      0.012290596961975098,
      0.02941793203353882
    ]
  },
  {
    "rotationMatrix" : [
      0.9999639391899109,
      -0.001200398663058877,
      -0.008404554799199104,
      -0.00725238211452961,
      0.3938743472099304,
      -0.9191356301307678,
      0.004413667134940624,
      0.9191634058952332,
      0.3938514292240143
    ],
    "timestamp" : 239564226356,
    "gravity" : [
      -0.004413667134940624,
      -0.9191634654998779,
      -0.3938513994216919
    ],
    "userAcceleration" : [
      0.013736791908740997,
      0.013249337673187256,
      0.019644618034362793
    ]
  },
  {
    "rotationMatrix" : [
      0.9999508857727051,
      -0.001580867450684309,
      -0.009783129207789898,
      -0.008368879556655884,
      0.39401283860206604,
      -0.9190667867660522,
      0.005307599902153015,
      0.9191035032272339,
      0.3939802646636963
    ],
    "timestamp" : 239564236373,
    "gravity" : [
      -0.0053076003678143024,
      -0.9191035032272339,
      -0.3939802348613739
    ],
    "userAcceleration" : [
      -0.0011316034942865372,
      -0.0009860396385192871,
      -0.0016193389892578125
    ]
  },
  {
    "rotationMatrix" : [
      0.9999391436576843,
      -0.0019767696503549814,
      -0.010853661224246025,
      -0.009197235107421875,
      0.3939536213874817,
      -0.9190841913223267,
      0.006092655938118696,
      0.9191280603408813,
      0.3939114809036255
    ],
    "timestamp" : 239564246390,
    "gravity" : [
      -0.006092655938118696,
      -0.9191280007362366,
      -0.3939115107059479
    ],
    "userAcceleration" : [
      -0.020137198269367218,
      0.002349674701690674,
      -0.05449870228767395
    ]
  },
  {
    "rotationMatrix" : [
      0.9999316930770874,
      -0.002371740760281682,
      -0.011447077617049217,
      -0.009590488858520985,
      0.39348548650741577,
      -0.9192807078361511,
      0.0066845533438026905,
      0.9193276762962341,
      0.39343586564064026
    ],
    "timestamp" : 239564256408,
    "gravity" : [
      -0.006684552878141403,
      -0.9193276762962341,
      -0.39343586564064026
    ],
    "userAcceleration" : [
      -0.0195453017950058,
      0.002549290657043457,
      -0.054974377155303955
    ]
  },
  {
    "rotationMatrix" : [
      0.9999275207519531,
      -0.0027807625010609627,
      -0.011715720407664776,
      -0.009684260934591293,
      0.3924938142299652,
      -0.9197036623954773,
      0.007155825383961201,
      0.9197503924369812,
      0.3924384117126465
    ],
    "timestamp" : 239564266425,
    "gravity" : [
      -0.007155824452638626,
      -0.9197503924369812,
      -0.39243844151496887
    ],
    "userAcceleration" : [
      -0.019074037671089172,
      0.0029720067977905273,
      -0.05597180128097534
    ]
  },
  {
    "rotationMatrix" : [
      0.9999244213104248,
      -0.003319203620776534,
      -0.011837892234325409,
      -0.009597825817763805,
      0.39099812507629395,
      -0.920341432094574,
      0.007683394476771355,
      0.9203855395317078,
      0.3909367322921753
    ],
    "timestamp" : 239564276442,
    "gravity" : [
      -0.007683394011110067,
      -0.920385479927063,
      -0.3909367024898529
    ],
    "userAcceleration" : [
      -0.009116526693105698,
      0.013387978076934814,
      -0.04300820827484131
    ]
  },
  {
    "rotationMatrix" : [
      0.9999222755432129,
      -0.003928142599761486,
      -0.01183474250137806,
      -0.009373225271701813,
      0.38916847109794617,
      -0.9211187958717346,
      0.008223993703722954,
      0.9211581349372864,
      0.38910138607025146
    ],
    "timestamp" : 239564286460,
    "gravity" : [
      -0.008223993703722954,
      -0.9211580753326416,
      -0.38910138607025146
    ],
    "userAcceleration" : [
      -0.00929308868944645,
      0.014679431915283203,
      -0.02390846610069275
    ]
  },
  {
    "rotationMatrix" : [
      0.9999210834503174,
      -0.004419357515871525,
      -0.01175865437835455,
      -0.00913061760365963,
      0.38718152046203613,
      -0.9219582080841064,
      0.008627195842564106,
      0.9219927787780762,
      0.3871106207370758
    ],
    "timestamp" : 239564296477,
    "gravity" : [
      -0.008627195842564106,
      -0.9219927787780762,
      -0.3871106207370758
    ],
    "userAcceleration" : [
      -0.02541515976190567,
      0.00020956993103027344,
      -0.01483657956123352
    ]
  },
  {
    "rotationMatrix" : [
      0.9999166131019592,
      -0.004810395650565624,
      -0.011985713616013527,
      -0.009207632392644882,
      0.3852441608905792,
      -0.922768771648407,
      0.00905630923807621,
      0.9228021502494812,
      0.3851677477359772
    ],
    "timestamp" : 239564306495,
    "gravity" : [
      -0.00905630923807621,
      -0.922802209854126,
      -0.3851677477359772
    ],
    "userAcceleration" : [
      -0.027107015252113342,
      -0.004550576210021973,
      0.003865659236907959
    ]
  },
  {
    "rotationMatrix" : [
      0.9999068975448608,
      -0.005209083668887615,
      -0.012612381018698215,
      -0.00965044554322958,
      0.38351762294769287,
      -0.9234829545021057,
      0.009647569619119167,
      0.923518717288971,
      0.38343164324760437
    ],
    "timestamp" : 239564316512,
    "gravity" : [
      -0.009647569619119167,
      -0.923518717288971,
      -0.383431613445282
    ],
    "userAcceleration" : [
      -0.022701065987348557,
      -0.002033412456512451,
      0.032097846269607544
    ]
  },
  {
    "rotationMatrix" : [
      0.9998937845230103,
      -0.005572888068854809,
      -0.013468039222061634,
      -0.010316510684788227,
      0.3821456730365753,
      -0.9240443706512451,
      0.010296347551047802,
      0.9240851402282715,
      0.3820475935935974
    ],
    "timestamp" : 239564326529,
    "gravity" : [
      -0.010296347551047802,
      -0.9240851402282715,
      -0.382047563791275
    ],
    "userAcceleration" : [
      -0.024905677884817123,
      -0.002733469009399414,
      0.0463998019695282
    ]
  },
  {
    "rotationMatrix" : [
      0.9998800754547119,
      -0.005879884585738182,
      -0.014327104203402996,
      -0.011004636064171791,
      0.38116902112960815,
      -0.9244397878646851,
      0.010896648280322552,
      0.9244866371154785,
      0.38105860352516174
    ],
    "timestamp" : 239564336547,
    "gravity" : [
      -0.010896648280322552,
      -0.9244866371154785,
      -0.38105860352516174
    ],
    "userAcceleration" : [
      -0.020689040422439575,
      -0.003201782703399658,
      0.04025334119796753
    ]
  },
  {
    "rotationMatrix" : [
      0.999866247177124,
      -0.005940725095570087,
      -0.015236823819577694,
      -0.01183082815259695,
      0.3804902732372284,
      -0.9247090816497803,
      0.011290905065834522,
      0.9247657060623169,
      0.3803690969944
    ],
    "timestamp" : 239564346564,
    "gravity" : [
      -0.011290904134511948,
      -0.9247657060623169,
      -0.38036906719207764
    ],
    "userAcceleration" : [
      -0.049728989601135254,
      -0.008171677589416504,
      0.03872457146644592
    ]
  },
  {
    "rotationMatrix" : [
      0.9998522996902466,
      -0.00565972737967968,
      -0.01622733101248741,
      -0.01285862922668457,
      0.38009634613990784,
      -0.9248573184013367,
      0.011402389034628868,
      0.9249294400215149,
      0.37996742129325867
    ],
    "timestamp" : 239564356582,
    "gravity" : [
      -0.011402389034628868,
      -0.9249294400215149,
      -0.37996745109558105
    ],
    "userAcceleration" : [
      -0.059367869049310684,
      -0.033703744411468506,
      0.04209190607070923
    ]
  },
  {
    "rotationMatrix" : [
      0.9998412132263184,
      -0.005302963312715292,
      -0.017013074830174446,
      -0.013720953837037086,
      0.3801003396511078,
      -0.9248433709144592,
      0.011371084488928318,
      0.9249299168586731,
      0.37996721267700195
    ],
    "timestamp" : 239564366599,
    "gravity" : [
      -0.011371085420250893,
      -0.9249299168586731,
      -0.37996721267700195
    ],
    "userAcceleration" : [
      -0.03263525664806366,
      -0.025158345699310303,
      0.038551658391952515
    ]
  },
  {
    "rotationMatrix" : [
      0.9998300075531006,
      -0.004983453545719385,
      -0.01775188557803631,
      -0.014522245153784752,
      0.3803861439228058,
      -0.924713671207428,
      0.011360837146639824,
      0.9248142838478088,
      0.38024911284446716
    ],
    "timestamp" : 239564376616,
    "gravity" : [
      -0.011360837146639824,
      -0.9248142838478088,
      -0.3802490830421448
    ],
    "userAcceleration" : [
      -0.01445702277123928,
      -0.008016347885131836,
      0.036269962787628174
    ]
  },
  {
    "rotationMatrix" : [
      0.9998161792755127,
      -0.004673351999372244,
      -0.018593549728393555,
      -0.0154139194637537,
      0.3807657063007355,
      -0.9245429635047913,
      0.011400500312447548,
      0.9246596693992615,
      0.3806236982345581
    ],
    "timestamp" : 239564386634,
    "gravity" : [
      -0.011400499381124973,
      -0.9246596693992615,
      -0.3806236684322357
    ],
    "userAcceleration" : [
      -0.0163094624876976,
      -0.0032728910446166992,
      0.035118699073791504
    ]
  },
  {
    "rotationMatrix" : [
      0.9998018741607666,
      -0.004390840884298086,
      -0.019414197653532028,
      -0.01627642847597599,
      0.38107961416244507,
      -0.9243989586830139,
      0.01145724393427372,
      0.9245317578315735,
      0.38093265891075134
    ],
    "timestamp" : 239564396651,
    "gravity" : [
      -0.011457244865596294,
      -0.9245318174362183,
      -0.38093265891075134
    ],
    "userAcceleration" : [
      -0.023576922714710236,
      -0.0001811981201171875,
      0.01748335361480713
    ]
  },
  {
    "rotationMatrix" : [
      0.9997884631156921,
      -0.0041461847722530365,
      -0.02014438807964325,
      -0.01704300381243229,
      0.38122010231018066,
      -0.9243270754814148,
      0.011511873453855515,
      0.9244748950004578,
      0.38106879591941833
    ],
    "timestamp" : 239564406669,
    "gravity" : [
      -0.01151187438517809,
      -0.9244748950004578,
      -0.38106876611709595
    ],
    "userAcceleration" : [
      -0.02863401174545288,
      -0.0009093880653381348,
      0.0006059706211090088
    ]
  },
  {
    "rotationMatrix" : [
      0.9997783303260803,
      -0.0038908510468900204,
      -0.020690688863396645,
      -0.017645467072725296,
      0.3812125623226166,
      -0.9243188500404358,
      0.0114839356392622,
      0.924479067325592,
      0.3810594081878662
    ],
    "timestamp" : 239564416686,
    "gravity" : [
      -0.011483936570584774,
      -0.9244791269302368,
      -0.3810594081878662
    ],
    "userAcceleration" : [
      -0.03471967577934265,
      -0.012440860271453857,
      -0.005384922027587891
    ]
  },
  {
    "rotationMatrix" : [
      0.9997731447219849,
      -0.0035569872707128525,
      -0.020999843254685402,
      -0.01806063763797283,
      0.3810389041900635,
      -0.9243825078010559,
      0.011289773508906364,
      0.9245521426200867,
      0.3808882236480713
    ],
    "timestamp" : 239564426703,
    "gravity" : [
      -0.01128977257758379,
      -0.9245521426200867,
      -0.3808881938457489
    ],
    "userAcceleration" : [
      -0.04071216657757759,
      -0.01808995008468628,
      -0.011812210083007812
    ]
  },
  {
    "rotationMatrix" : [
      0.9997726082801819,
      -0.003134932368993759,
      -0.021092217415571213,
      -0.01831117644906044,
      0.38066941499710083,
      -0.9245299100875854,
      0.010927501134574413,
      0.9247058629989624,
      0.38052546977996826
    ],
    "timestamp" : 239564436721,
    "gravity" : [
      -0.010927501134574413,
      -0.9247058629989624,
      -0.38052546977996826
    ],
    "userAcceleration" : [
      -0.040815066546201706,
      -0.01662391424179077,
      -0.014402687549591064
    ]
  },
  {
    "rotationMatrix" : [
      0.9997774958610535,
      -0.0026733819395303726,
      -0.020922578871250153,
      -0.018336020410060883,
      0.3801308572292328,
      -0.9247509241104126,
      0.01042553037405014,
      0.9249287843704224,
      0.37999725341796875
    ],
    "timestamp" : 239564446738,
    "gravity" : [
      -0.010425529442727566,
      -0.9249287843704224,
      -0.37999728322029114
    ],
    "userAcceleration" : [
      -0.03710561245679855,
      -0.015271902084350586,
      -0.012245357036590576
    ]
  },
  {
    "rotationMatrix" : [
      0.9997873306274414,
      -0.002168683335185051,
      -0.020506910979747772,
      -0.01815016008913517,
      0.37948670983314514,
      -0.9250190854072571,
      0.009788173250854015,
      0.9251945614814758,
      0.3793666362762451
    ],
    "timestamp" : 239564456756,
    "gravity" : [
      -0.00978817231953144,
      -0.9251945614814758,
      -0.3793666362762451
    ],
    "userAcceleration" : [
      -0.03170046582818031,
      -0.016913414001464844,
      -0.009900510311126709
    ]
  },
  {
    "rotationMatrix" : [
      0.9997974634170532,
      -0.001702689565718174,
      -0.020052125677466393,
      -0.017913278192281723,
      0.3787704408168793,
      -0.9253171682357788,
      0.00917067937552929,
      0.9254889488220215,
      0.37866324186325073
    ],
    "timestamp" : 239564466773,
    "gravity" : [
      -0.009170678444206715,
      -0.9254889488220215,
      -0.37866324186325073
    ],
    "userAcceleration" : [
      -0.02766403742134571,
      -0.009828805923461914,
      0.0009317100048065186
    ]
  },
  {
    "rotationMatrix" : [
      0.9998034238815308,
      -0.0012916820123791695,
      -0.019785920158028603,
      -0.017829585820436478,
      0.3780194818973541,
      -0.9256259202957153,
      0.008675077930092812,
      0.9257967472076416,
      0.3779221177101135
    ],
    "timestamp" : 239564476790,
    "gravity" : [
      -0.008675078861415386,
      -0.9257966876029968,
      -0.3779221773147583
    ],
    "userAcceleration" : [
      -0.024405986070632935,
      -0.0012661218643188477,
      0.0145491361618042
    ]
  },
  {
    "rotationMatrix" : [
      0.9998040795326233,
      -0.0009368881583213806,
      -0.019771559163928032,
      -0.017956510186195374,
      0.377338171005249,
      -0.9259012937545776,
      0.008328026160597801,
      0.9260749816894531,
      0.3772474229335785
    ],
    "timestamp" : 239564486808,
    "gravity" : [
      -0.008328027091920376,
      -0.9260749816894531,
      -0.3772473633289337
    ],
    "userAcceleration" : [
      -0.025226041674613953,
      0.002353847026824951,
      0.02571520209312439
    ]
  },
  {
    "rotationMatrix" : [
      0.9998010993003845,
      -0.0005535762757062912,
      -0.019936267286539078,
      -0.0182576235383749,
      0.3768796920776367,
      -0.9260823130607605,
      0.008026232942938805,
      0.9262620806694031,
      0.37679463624954224
    ],
    "timestamp" : 239564496825,
    "gravity" : [
      -0.008026232942938805,
      -0.9262621402740479,
      -0.37679460644721985
    ],
    "userAcceleration" : [
      -0.03132619336247444,
      -0.0044171810150146484,
      0.038629114627838135
    ]
  },
  {
    "rotationMatrix" : [
      0.9997934103012085,
      -9.737163782119751e-05,
      -0.0203242227435112,
      -0.01879016123712063,
      0.3767254054546356,
      -0.9261342287063599,
      0.007746827322989702,
      0.9263248443603516,
      0.3766457438468933
    ],
    "timestamp" : 239564506843,
    "gravity" : [
      -0.007746827322989702,
      -0.9263249039649963,
      -0.3766457438468933
    ],
    "userAcceleration" : [
      -0.031605590134859085,
      -0.004354298114776611,
      0.038480281829833984
    ]
  },
  {
    "rotationMatrix" : [
      0.9997822642326355,
      0.00037365779280662537,
      -0.020862899720668793,
      -0.019466247409582138,
      0.3767642676830292,
      -0.9261045455932617,
      0.007514347787946463,
      0.9263089895248413,
      0.37668952345848083
    ],
    "timestamp" : 239564516860,
    "gravity" : [
      -0.007514347787946463,
      -0.9263089895248413,
      -0.37668949365615845
    ],
    "userAcceleration" : [
      -0.027870789170265198,
      -0.004934728145599365,
      0.03220689296722412
    ]
  },
  {
    "rotationMatrix" : [
      0.9997702836990356,
      0.0008200928568840027,
      -0.0214187391102314,
      -0.02014894038438797,
      0.37680891156196594,
      -0.9260717630386353,
      0.0073113045655190945,
      0.9262905120849609,
      0.37673884630203247
    ],
    "timestamp" : 239564526878,
    "gravity" : [
      -0.0073113045655190945,
      -0.9262905120849609,
      -0.37673887610435486
    ],
    "userAcceleration" : [
      -0.018338721245527267,
      -0.005288839340209961,
      0.014098316431045532
    ]
  },
  {
    "rotationMatrix" : [
      0.9997568726539612,
      0.001269310712814331,
      -0.02201404795050621,
      -0.020870456472039223,
      0.3766973912715912,
      -0.9261011481285095,
      0.007117121480405331,
      0.9263353943824768,
      0.37663230299949646
    ],
    "timestamp" : 239564536895,
    "gravity" : [
      -0.007117121946066618,
      -0.9263353943824768,
      -0.37663230299949646
    ],
    "userAcceleration" : [
      -0.016778139397501945,
      -0.005198240280151367,
      -0.0003820657730102539
    ]
  },
  {
    "rotationMatrix" : [
      0.999739408493042,
      0.0017510922625660896,
      -0.022760694846510887,
      -0.021746419370174408,
      0.3763146996498108,
      -0.926236629486084,
      0.00694325752556324,
      0.9264901876449585,
      0.37625473737716675
    ],
    "timestamp" : 239564546912,
    "gravity" : [
      -0.006943257991224527,
      -0.9264901876449585,
      -0.37625476717948914
    ],
    "userAcceleration" : [
      -0.024718739092350006,
      -0.0013965964317321777,
      -0.007305622100830078
    ]
  },
  {
    "rotationMatrix" : [
      0.9997158646583557,
      0.00229796115309,
      -0.023725375533103943,
      -0.022850483655929565,
      0.3756936490535736,
      -0.9264621138572693,
      0.006784497760236263,
      0.9267410635948181,
      0.375639408826828
    ],
    "timestamp" : 239564556930,
    "gravity" : [
      -0.006784497294574976,
      -0.9267410635948181,
      -0.375639408826828
    ],
    "userAcceleration" : [
      -0.03041643649339676,
      -0.001389920711517334,
      -0.005494832992553711
    ]
  },
  {
    "rotationMatrix" : [
      0.9996863007545471,
      0.002850281074643135,
      -0.024883830919861794,
      -0.0241367369890213,
      0.3749721646308899,
      -0.9267216920852661,
      0.006689323112368584,
      0.9270316362380981,
      0.37492331862449646
    ],
    "timestamp" : 239564566947,
    "gravity" : [
      -0.006689324043691158,
      -0.9270316362380981,
      -0.3749232888221741
    ],
    "userAcceleration" : [
      -0.028787367045879364,
      -0.004944503307342529,
      0.0025323331356048584
    ]
  },
  {
    "rotationMatrix" : [
      0.9996511936187744,
      0.0033767102286219597,
      -0.02619379758834839,
      -0.025553282350301743,
      0.37430259585380554,
      -0.9269545078277588,
      0.006674350239336491,
      0.9273004531860352,
      0.3742583096027374
    ],
    "timestamp" : 239564576965,
    "gravity" : [
      -0.006674349773675203,
      -0.9273005127906799,
      -0.3742583096027374
    ],
    "userAcceleration" : [
      -0.024163657799363136,
      -0.0013034939765930176,
      0.011541426181793213
    ]
  },
  {
    "rotationMatrix" : [
      0.999613344669342,
      0.0038708308711647987,
      -0.027535026893019676,
      -0.026985641568899155,
      0.3737850487232208,
      -0.9271226525306702,
      0.006703445687890053,
      0.927507221698761,
      0.37374499440193176
    ],
    "timestamp" : 239564586982,
    "gravity" : [
      -0.0067034452222287655,
      -0.927507221698761,
      -0.37374502420425415
    ],
    "userAcceleration" : [
      -0.018183642998337746,
      0.0002307891845703125,
      0.018337100744247437
    ]
  },
  {
    "rotationMatrix" : [
      0.999576985836029,
      0.0043794624507427216,
      -0.028752591460943222,
      -0.02830730751156807,
      0.3734648525714874,
      -0.9272122383117676,
      0.0066773900762200356,
      0.9276338815689087,
      0.37343084812164307
    ],
    "timestamp" : 239564597000,
    "gravity" : [
      -0.006677388679236174,
      -0.9276339411735535,
      -0.3734308183193207
    ],
    "userAcceleration" : [
      -0.018820062279701233,
      -0.004983067512512207,
      0.018862158060073853
    ]
  },
  {
    "rotationMatrix" : [
      0.9995495676994324,
      0.004962144419550896,
      -0.029598258435726166,
      -0.02931024320423603,
      0.3733348250389099,
      -0.9272335171699524,
      0.006448994390666485,
      0.927683413028717,
      0.3733121156692505
    ],
    "timestamp" : 239564607017,
    "gravity" : [
      -0.006448994856327772,
      -0.9276833534240723,
      -0.3733121454715729
    ],
    "userAcceleration" : [
      -0.02385496161878109,
      -0.009404480457305908,
      0.008947312831878662
    ]
  },
  {
    "rotationMatrix" : [
      0.9995289444923401,
      0.005601894110441208,
      -0.030174754559993744,
      -0.030084654688835144,
      0.37321189045906067,
      -0.9272581934928894,
      0.006067174486815929,
      0.9277291893959045,
      0.37320461869239807
    ],
    "timestamp" : 239564617035,
    "gravity" : [
      -0.006067172158509493,
      -0.9277291893959045,
      -0.3732045888900757
    ],
    "userAcceleration" : [
      -0.02579319477081299,
      -0.009175539016723633,
      -0.004298090934753418
    ]
  },
  {
    "rotationMatrix" : [
      0.9995080232620239,
      0.0062410468235611916,
      -0.030737783759832382,
      -0.030847657471895218,
      0.37285980582237244,
      -0.9273747205734253,
      0.005673096515238285,
      0.9278666973114014,
      0.3728688955307007
    ],
    "timestamp" : 239564627052,
    "gravity" : [
      -0.005673095118254423,
      -0.9278666973114014,
      -0.37286892533302307
    ],
    "userAcceleration" : [
      -0.023623773828148842,
      -0.008839726448059082,
      -0.016062617301940918
    ]
  },
  {
    "rotationMatrix" : [
      0.9994827508926392,
      0.006782255135476589,
      -0.031436823308467865,
      -0.031702060252428055,
      0.37217146158218384,
      -0.9276224374771118,
      0.0054085152223706245,
      0.9281392097473145,
      0.37219396233558655
    ],
    "timestamp" : 239564637069,
    "gravity" : [
      -0.00540851429104805,
      -0.9281392097473145,
      -0.37219393253326416
    ],
    "userAcceleration" : [
      -0.01557233463972807,
      -0.0066141486167907715,
      -0.017637819051742554
    ]
  },
  {
    "rotationMatrix" : [
      0.9994533061981201,
      0.0071928054094314575,
      -0.03226913884282112,
      -0.032633084803819656,
      0.37116822600364685,
      -0.927992045879364,
      0.005302411504089832,
      0.9285377860069275,
      0.3712000250816345
    ],
    "timestamp" : 239564647087,
    "gravity" : [
      -0.005302412901073694,
      -0.9285378456115723,
      -0.37119999527931213
    ],
    "userAcceleration" : [
      -0.01490022987127304,
      -0.005223631858825684,
      -0.01295548677444458
    ]
  },
  {
    "rotationMatrix" : [
      0.9994252920150757,
      0.00753462128341198,
      -0.033050402998924255,
      -0.033492133021354675,
      0.3699716627597809,
      -0.9284391403198242,
      0.0052322763949632645,
      0.9290125370025635,
      0.3700113892555237
    ],
    "timestamp" : 239564657104,
    "gravity" : [
      -0.005232275929301977,
      -0.9290124773979187,
      -0.3700113892555237
    ],
    "userAcceleration" : [
      -0.025422627106308937,
      -0.006152749061584473,
      -0.00869673490524292
    ]
  },
  {
    "rotationMatrix" : [
      0.99940425157547,
      0.007940324023365974,
      -0.033587489277124405,
      -0.034148335456848145,
      0.36865031719207764,
      -0.9289407134056091,
      0.0050059473142027855,
      0.9295342564582825,
      0.36870184540748596
    ],
    "timestamp" : 239564667122,
    "gravity" : [
      -0.005005949176847935,
      -0.9295341968536377,
      -0.36870187520980835
    ],
    "userAcceleration" : [
      -0.03817642107605934,
      -0.0067754387855529785,
      -0.008648157119750977
    ]
  },
  {
    "rotationMatrix" : [
      0.9993870854377747,
      0.00846166629344225,
      -0.033968884497880936,
      -0.034702055156230927,
      0.36724594235420227,
      -0.9294763207435608,
      0.004610017873346806,
      0.9300853610038757,
      0.36731448769569397
    ],
    "timestamp" : 239564677139,
    "gravity" : [
      -0.004610016942024231,
      -0.9300853610038757,
      -0.36731451749801636
    ],
    "userAcceleration" : [
      -0.045301493257284164,
      -0.008940398693084717,
      -0.00048351287841796875
    ]
  },
  {
    "rotationMatrix" : [
      0.9993717670440674,
      0.009028378874063492,
      -0.03427211195230484,
      -0.035198431462049484,
      0.3658611476421356,
      -0.9300034642219543,
      0.004142405465245247,
      0.9306254982948303,
      0.3659490644931793
    ],
    "timestamp" : 239564687157,
    "gravity" : [
      -0.00414240499958396,
      -0.9306255578994751,
      -0.36594903469085693
    ],
    "userAcceleration" : [
      -0.0369952954351902,
      -0.008735835552215576,
      0.008465945720672607
    ]
  },
  {
    "rotationMatrix" : [
      0.9993516802787781,
      0.009518132545053959,
      -0.03472129628062248,
      -0.03580128401517868,
      0.3644925057888031,
      -0.9305177927017212,
      0.0037988582625985146,
      0.9311575889587402,
      0.364596962928772
    ],
    "timestamp" : 239564697174,
    "gravity" : [
      -0.0037988582625985146,
      -0.9311575889587402,
      -0.36459699273109436
    ],
    "userAcceleration" : [
      -0.019287683069705963,
      -0.00820380449295044,
      0.011737316846847534
    ]
  },
  {
    "rotationMatrix" : [
      0.9993219971656799,
      0.009859922342002392,
      -0.03547273576259613,
      -0.03663070127367973,
      0.3632117807865143,
      -0.9309861660003662,
      0.003704661503434181,
      0.9316543340682983,
      0.36332669854164124
    ],
    "timestamp" : 239564707192,
    "gravity" : [
      -0.003704661503434181,
      -0.9316543936729431,
      -0.3633267283439636
    ],
    "userAcceleration" : [
      -0.009478936903178692,
      -0.004044950008392334,
      0.01858466863632202
    ]
  },
  {
    "rotationMatrix" : [
      0.9992852210998535,
      0.01006193459033966,
      -0.03643873333930969,
      -0.0376085489988327,
      0.3621188998222351,
      -0.9313729405403137,
      0.0038237422704696655,
      0.9320775866508484,
      0.36223846673965454
    ],
    "timestamp" : 239564717209,
    "gravity" : [
      -0.003823742037639022,
      -0.9320775866508484,
      -0.3622385263442993
    ],
    "userAcceleration" : [
      -0.008474832400679588,
      -0.001668691635131836,
      0.023737341165542603
    ]
  },
  {
    "rotationMatrix" : [
      0.9992486238479614,
      0.010216605849564075,
      -0.03738681972026825,
      -0.03855203464627266,
      0.3612324595451355,
      -0.9316784143447876,
      0.00398673489689827,
      0.9324197769165039,
      0.36135491728782654
    ],
    "timestamp" : 239564727227,
    "gravity" : [
      -0.00398673489689827,
      -0.9324197769165039,
      -0.36135488748550415
    ],
    "userAcceleration" : [
      -0.016734696924686432,
      -0.004820644855499268,
      0.02173978090286255
    ]
  },
  {
    "rotationMatrix" : [
      0.9992150068283081,
      0.010460514575242996,
      -0.03820934146642685,
      -0.03941040486097336,
      0.3604622781276703,
      -0.9319409132003784,
      0.0040244460105896,
      0.9327151775360107,
      0.3605915606021881
    ],
    "timestamp" : 239564737244,
    "gravity" : [
      -0.004024446476250887,
      -0.9327151775360107,
      -0.3605915606021881
    ],
    "userAcceleration" : [
      -0.029850058257579803,
      -0.006234347820281982,
      0.02065601944923401
    ]
  },
  {
    "rotationMatrix" : [
      0.9991914629936218,
      0.010916801169514656,
      -0.03869419917464256,
      -0.0400301069021225,
      0.3597269356250763,
      -0.9321984648704529,
      0.003742717206478119,
      0.9329937100410461,
      0.35987308621406555
    ],
    "timestamp" : 239564747262,
    "gravity" : [
      -0.0037427174393087626,
      -0.9329936504364014,
      -0.35987311601638794
    ],
    "userAcceleration" : [
      -0.044002026319503784,
      -0.004719793796539307,
      0.018838942050933838
    ]
  },
  {
    "rotationMatrix" : [
      0.9991825819015503,
      0.01160130649805069,
      -0.038724325597286224,
      -0.04030703753232956,
      0.35897719860076904,
      -0.9324755668640137,
      0.003083212301135063,
      0.9332741498947144,
      0.35915136337280273
    ],
    "timestamp" : 239564757279,
    "gravity" : [
      -0.0030832127667963505,
      -0.9332742094993591,
      -0.35915136337280273
    ],
    "userAcceleration" : [
      -0.04592803120613098,
      -0.003554224967956543,
      0.012502014636993408
    ]
  },
  {
    "rotationMatrix" : [
      0.999174952507019,
      0.012480388395488262,
      -0.03864709287881851,
      -0.04055272042751312,
      0.3581222891807556,
      -0.9327935576438904,
      0.0021987538784742355,
      0.9335911870002747,
      0.35833296179771423
    ],
    "timestamp" : 239564767297,
    "gravity" : [
      -0.0021987531799823046,
      -0.9335911870002747,
      -0.35833290219306946
    ],
    "userAcceleration" : [
      -0.03990023955702782,
      0.0015845298767089844,
      0.01217186450958252
    ]
  },
  {
    "rotationMatrix" : [
      0.9991571307182312,
      0.013432526960968971,
      -0.0387892909348011,
      -0.0410279855132103,
      0.35720527172088623,
      -0.9331242442131042,
      0.0013215132057666779,
      0.9339291453361511,
      0.357455313205719
    ],
    "timestamp" : 239564777314,
    "gravity" : [
      -0.0013215140206739306,
      -0.9339292049407959,
      -0.3574552834033966
    ],
    "userAcceleration" : [
      -0.026235850527882576,
      0.0050506591796875,
      0.01689419150352478
    ]
  },
  {
    "rotationMatrix" : [
      0.9991239905357361,
      0.014352738857269287,
      -0.039310354739427567,
      -0.04184417054057121,
      0.35629555583000183,
      -0.9334359169006348,
      0.0006087422370910645,
      0.9342631101608276,
      0.35658401250839233
    ],
    "timestamp" : 239564787332,
    "gravity" : [
      -0.0006087427027523518,
      -0.9342631101608276,
      -0.35658398270606995
    ],
    "userAcceleration" : [
      -0.011079485528171062,
      0.006467759609222412,
      0.022858768701553345
    ]
  },
  {
    "rotationMatrix" : [
      0.9990713596343994,
      0.015127699822187424,
      -0.04034321755170822,
      -0.043085671961307526,
      0.35550111532211304,
      -0.9336822032928467,
      0.00021759048104286194,
      0.9345533847808838,
      0.35582274198532104
    ],
    "timestamp" : 239564797349,
    "gravity" : [
      -0.00021759173250757158,
      -0.9345534443855286,
      -0.35582277178764343
    ],
    "userAcceleration" : [
      -0.00028596643824130297,
      0.008604466915130615,
      0.03059673309326172
    ]
  },
  {
    "rotationMatrix" : [
      0.9990057945251465,
      0.015679307281970978,
      -0.04173292964696884,
      -0.04458082094788551,
      0.3549020290374756,
      -0.9338398575782776,
      0.0001691281795501709,
      0.9347718358039856,
      0.35524818301200867
    ],
    "timestamp" : 239564807367,
    "gravity" : [
      -0.0001691290526650846,
      -0.9347718954086304,
      -0.3552481234073639
    ],
    "userAcceleration" : [
      0.002274845028296113,
      0.012057900428771973,
      0.034630268812179565
    ]
  },
  {
    "rotationMatrix" : [
      0.9989418387413025,
      0.015979181975126266,
      -0.04312596470117569,
      -0.045989666134119034,
      0.3545105457305908,
      -0.9339203834533691,
      0.0003653261810541153,
      0.9349155426025391,
      0.3548702895641327
    ],
    "timestamp" : 239564817384,
    "gravity" : [
      -0.0003653273161035031,
      -0.9349154829978943,
      -0.3548703193664551
    ],
    "userAcceleration" : [
      -0.004883716814219952,
      0.012384414672851562,
      0.02798101305961609
    ]
  },
  {
    "rotationMatrix" : [
      0.9988856315612793,
      0.01613154634833336,
      -0.04435444623231888,
      -0.04719242826104164,
      0.3542619049549103,
      -0.9339545965194702,
      0.0006469506770372391,
      0.9350069761276245,
      0.35462838411331177
    ],
    "timestamp" : 239564827402,
    "gravity" : [
      -0.0006469503859989345,
      -0.9350069761276245,
      -0.35462841391563416
    ],
    "userAcceleration" : [
      -0.023110991343855858,
      0.013513684272766113,
      0.01841607689857483
    ]
  },
  {
    "rotationMatrix" : [
      0.998840868473053,
      0.016339486464858055,
      -0.04527578502893448,
      -0.04812780022621155,
      0.3540329039096832,
      -0.9339938759803772,
      0.0007681399583816528,
      0.9350902438163757,
      0.3544089198112488
    ],
    "timestamp" : 239564837419,
    "gravity" : [
      -0.0007681404240429401,
      -0.935090184211731,
      -0.35440894961357117
    ],
    "userAcceleration" : [
      -0.04140715301036835,
      0.009537994861602783,
      0.012978076934814453
    ]
  },
  {
    "rotationMatrix" : [
      0.9988077878952026,
      0.016710536554455757,
      -0.04586626589298248,
      -0.04881168156862259,
      0.3536927103996277,
      -0.9340872168540955,
      0.0006134677678346634,
      0.9352124333381653,
      0.3540867269039154
    ],
    "timestamp" : 239564847437,
    "gravity" : [
      -0.000613466720096767,
      -0.9352123737335205,
      -0.3540867567062378
    ],
    "userAcceleration" : [
      -0.046978700906038284,
      0.009034574031829834,
      -0.0033811330795288086
    ]
  },
  {
    "rotationMatrix" : [
      0.9987753033638,
      0.01721182093024254,
      -0.04638613387942314,
      -0.049475546926259995,
      0.353137731552124,
      -0.9342621564865112,
      0.000300336629152298,
      0.9354128837585449,
      0.3535568118095398
    ],
    "timestamp" : 239564857454,
    "gravity" : [
      -0.0003003378806170076,
      -0.9354129433631897,
      -0.3535568416118622
    ],
    "userAcceleration" : [
      -0.037434644997119904,
      0.007312476634979248,
      -0.010228157043457031
    ]
  },
  {
    "rotationMatrix" : [
      0.9987341165542603,
      0.017683537676930428,
      -0.04709044471383095,
      -0.05030122399330139,
      0.35235053300857544,
      -0.9345152378082275,
      6.679818034172058e-05,
      0.9357008934020996,
      0.35279399156570435
    ],
    "timestamp" : 239564867472,
    "gravity" : [
      -6.679958460154012e-05,
      -0.9357009530067444,
      -0.35279396176338196
    ],
    "userAcceleration" : [
      -0.013132045976817608,
      0.003511190414428711,
      -0.006382852792739868
    ]
  },
  {
    "rotationMatrix" : [
      0.9986773729324341,
      0.018011808395385742,
      -0.04815734177827835,
      -0.051415443420410156,
      0.35139620304107666,
      -0.9348138570785522,
      8.461065590381622e-05,
      0.9360533952713013,
      0.3518575131893158
    ],
    "timestamp" : 239564877489,
    "gravity" : [
      -8.461080142296851e-05,
      -0.9360533952713013,
      -0.3518575429916382
    ],
    "userAcceleration" : [
      0.007393555715680122,
      0.0003999471664428711,
      0.00562015175819397
    ]
  },
  {
    "rotationMatrix" : [
      0.9986052513122559,
      0.01817939430475235,
      -0.049568772315979004,
      -0.052796006202697754,
      0.3503778576850891,
      -0.9351192712783813,
      0.0003679022192955017,
      0.9364320039749146,
      0.3508489727973938
    ],
    "timestamp" : 239564887507,
    "gravity" : [
      -0.00036790402373299,
      -0.9364320039749146,
      -0.3508490025997162
    ],
    "userAcceleration" : [
      0.009919889271259308,
      0.0023500919342041016,
      0.019183754920959473
    ]
  },
  {
    "rotationMatrix" : [
      0.9985281229019165,
      0.018309500068426132,
      -0.05105225741863251,
      -0.05423155054450035,
      0.34945592284202576,
      -0.9353820085525513,
      0.0007141362875699997,
      0.9367738962173462,
      0.34993451833724976
    ],
    "timestamp" : 239564897524,
    "gravity" : [
      -0.0007141362875699997,
      -0.9367738962173462,
      -0.34993448853492737
    ],
    "userAcceleration" : [
      -0.00012509804219007492,
      0.006689727306365967,
      0.03175798058509827
    ]
  },
  {
    "rotationMatrix" : [
      0.9984638690948486,
      0.01851140335202217,
      -0.05222282186150551,
      -0.05539940670132637,
      0.34876909852027893,
      -0.9355698823928833,
      0.0008949972689151764,
      0.937025785446167,
      0.3492588698863983
    ],
    "timestamp" : 239564907542,
    "gravity" : [
      -0.000894998200237751,
      -0.937025785446167,
