[
  {
    "gravity" : [
      0.008891950361430645,
      -0.9595168828964233,
      -0.28151047229766846
    ],
    "userAcceleration" : [
      -0.011562323197722435,
      7.492303848266602e-05,
      -0.04447847604751587
    ],
    "timestamp" : 239574199377,
    "rotationMatrix" : [
      0.8601303696632385,
      0.15091994404792786,
      -0.487235963344574,
      -0.5099966526031494,
      0.23780326545238495,
      -0.8266515731811523,
      -0.008891955018043518,
      0.9595168828964233,
      0.28151050209999084
    ]
  },
  {
    "gravity" : [
      0.010899888351559639,
      -0.9595953822135925,
      -0.2811723053455353
    ],
    "userAcceleration" : [
      -0.0003103511407971382,
      0.01432877779006958,
      0.017408668994903564
    ],
    "timestamp" : 239574209395,
    "rotationMatrix" : [
      0.8619409203529358,
      0.1515573114156723,
      -0.4838266968727112,
      -0.5068915486335754,
      0.23708024621009827,
      -0.8287664651870728,
      -0.01089988648891449,
      0.9595954418182373,
      0.2811722755432129
    ]
  },
  {
    "gravity" : [
      0.012968195602297783,
      -0.9597256183624268,
      -0.2806395888328552
    ],
    "userAcceleration" : [
      -0.002378665842115879,
      0.014459013938903809,
      0.016875922679901123
    ],
    "timestamp" : 239574219414,
    "rotationMatrix" : [
      0.8637079000473022,
      0.1521686613559723,
      -0.48047199845314026,
      -0.5038257837295532,
      0.2361597716808319,
      -0.8308960199356079,
      -0.012968182563781738,
      0.9597256183624268,
      0.2806395888328552
    ]
  },
  {
    "gravity" : [
      0.014968513511121273,
      -0.9598041772842407,
      -0.2802712023258209
    ],
    "userAcceleration" : [
      0.0013583172112703323,
      0.025050759315490723,
      0.05683651566505432
    ],
    "timestamp" : 239574229433,
    "rotationMatrix" : [
      0.8650762438774109,
      0.15299545228481293,
      -0.47773995995521545,
      -0.5014169812202454,
      0.23530489206314087,
      -0.8325939178466797,
      -0.014968514442443848,
      0.9598041772842407,
      0.2802712023258209
    ]
  },
  {
    "gravity" : [
      0.016621621325612068,
      -0.9597355723381042,
      -0.28041255474090576
    ],
    "userAcceleration" : [
      0.016627207398414612,
      0.018527865409851074,
      0.08918920159339905
    ],
    "timestamp" : 239574239451,
    "rotationMatrix" : [
      0.866231381893158,
      0.1538895070552826,
      -0.4753536880016327,
      -0.49936643242836,
      0.23500098288059235,
      -0.8339110016822815,
      -0.01662161946296692,
      0.9597355723381042,
      0.280412495136261
    ]
  },
  {
    "gravity" : [
      0.01770368032157421,
      -0.9594652652740479,
      -0.28126999735832214
    ],
    "userAcceleration" : [
      0.025005582720041275,
      0.008263051509857178,
      0.09744715690612793
    ],
    "timestamp" : 239574249470,
    "rotationMatrix" : [
      0.866873562335968,
      0.15490584075450897,
      -0.4738506078720093,
      -0.49821358919143677,
      0.23543663322925568,
      -0.834477424621582,
      -0.01770368218421936,
      0.9594652652740479,
      0.28126999735832214
    ]
  },
  {
    "gravity" : [
      0.018191682174801826,
      -0.9590024948120117,
      -0.2828128933906555
    ],
    "userAcceleration" : [
      0.01925332099199295,
      0.0035735368728637695,
      0.08203756809234619
    ],
    "timestamp" : 239574259488,
    "rotationMatrix" : [
      0.8671810030937195,
      0.15592513978481293,
      -0.4729529023170471,
      -0.49766069650650024,
      0.2366461604833603,
      -0.8344652652740479,
      -0.018191680312156677,
      0.9590024948120117,
      0.2828128933906555
    ]
  },
  {
    "gravity" : [
      0.018251802772283554,
      -0.9584239721298218,
      -0.2847636342048645
    ],
    "userAcceleration" : [
      0.008176347240805626,
      -0.0005297660827636719,
      0.0540199875831604
    ],
    "timestamp" : 239574269507,
    "rotationMatrix" : [
      0.8671985268592834,
      0.15692847967147827,
      -0.47258877754211426,
      -0.49762797355651855,
      0.23832103610038757,
      -0.8340080380439758,
      -0.01825179159641266,
      0.958423912525177,
      0.2847636640071869
    ]
  },
  {
    "gravity" : [
      0.018055768683552742,
      -0.9578180313110352,
      -0.2868075966835022
    ],
    "userAcceleration" : [
      -0.0008134134113788605,
      -0.007498681545257568,
      0.026873856782913208
    ],
    "timestamp" : 239574279525,
    "rotationMatrix" : [
      0.8669939041137695,
      0.15787312388420105,
      -0.47264957427978516,
      -0.4979914724826813,
      0.240126371383667,
      -0.8332729339599609,
      -0.018055781722068787,
      0.9578180313110352,
      0.2868075668811798
    ]
  },
  {
    "gravity" : [
      0.017833290621638298,
      -0.9572435617446899,
      -0.28873276710510254
    ],
    "userAcceleration" : [
      -0.005305897444486618,
      -0.009232699871063232,
      0.0017910599708557129
    ],
    "timestamp" : 239574289544,
    "rotationMatrix" : [
      0.8669820427894592,
      0.15864527225494385,
      -0.47241273522377014,
      -0.4980201721191406,
      0.2419014573097229,
      -0.8327421545982361,
      -0.017833292484283447,
      0.9572436213493347,
      0.28873276710510254
    ]
  },
  {
    "gravity" : [
      0.017802096903324127,
      -0.9567427635192871,
      -0.29038989543914795
    ],
    "userAcceleration" : [
      -0.012217463925480843,
      -0.0017532110214233398,
      -0.008453667163848877
    ],
    "timestamp" : 239574299563,
    "rotationMatrix" : [
      0.867371678352356,
      0.15924672782421112,
      -0.47149422764778137,
      -0.4973423480987549,
      0.24348244071006775,
      -0.8326864838600159,
      -0.01780208945274353,
      0.9567427039146423,
      0.29038992524147034
    ]
  },
  {
    "gravity" : [
      0.018038712441921234,
      -0.956346869468689,
      -0.2916766107082367
    ],
    "userAcceleration" : [
      -0.008959818631410599,
      0.00557178258895874,
      -0.008494466543197632
    ],
    "timestamp" : 239574309581,
    "rotationMatrix" : [
      0.8681313991546631,
      0.1597018539905548,
      -0.46993961930274963,
      -0.496006578207016,
      0.24473652243614197,
      -0.8331155776977539,
      -0.01803871989250183,
      0.956346869468689,
      0.2916766405105591
    ]
  },
  {
    "gravity" : [
      0.018625224009156227,
      -0.956082284450531,
      -0.2925058603286743
    ],
    "userAcceleration" : [
      -0.017068903893232346,
      0.006070196628570557,
      -0.01602703332901001
    ],
    "timestamp" : 239574319600,
    "rotationMatrix" : [
      0.8692609071731567,
      0.16003330051898956,
      -0.4677336812019348,
      -0.4940025806427002,
      0.24555230140686035,
      -0.8340656161308289,
      -0.01862524449825287,
      0.956082284450531,
      0.2925058901309967
    ]
  },
  {
    "gravity" : [
      0.019585248082876205,
      -0.9559415578842163,
      -0.29290300607681274
    ],
    "userAcceleration" : [
      -0.023125356063246727,
      0.004083096981048584,
      -0.01851382851600647
    ],
    "timestamp" : 239574329618,
    "rotationMatrix" : [
      0.8707314133644104,
      0.16028699278831482,
      -0.4649030566215515,
      -0.49136868119239807,
      0.2459346204996109,
      -0.8355076313018799,
      -0.019585266709327698,
      0.9559415578842163,
      0.29290300607681274
    ]
  },
  {
    "gravity" : [
      0.020681269466876984,
      -0.9558965563774109,
      -0.2929743826389313
    ],
    "userAcceleration" : [
      -0.011312449350953102,
      0.004343390464782715,
      -0.00789862871170044
    ],
    "timestamp" : 239574339637,
    "rotationMatrix" : [
      0.8723374009132385,
      0.160422220826149,
      -0.461835652589798,
      -0.488466739654541,
      0.24602118134498596,
      -0.8371820449829102,
      -0.020681262016296387,
      0.9558966159820557,
      0.2929743826389313
    ]
  },
  {
    "gravity" : [
      0.021649247035384178,
      -0.9559189677238464,
      -0.2928312420845032
    ],
    "userAcceleration" : [
      -0.0057496726512908936,
      0.004609882831573486,
      0.007934212684631348
    ],
    "timestamp" : 239574349656,
    "rotationMatrix" : [
      0.8738136291503906,
      0.1604098379611969,
      -0.45904073119163513,
      -0.4857787787914276,
      0.24594205617904663,
      -0.8387678265571594,
      -0.02164924144744873,
      0.9559189677238464,
      0.2928312420845032
    ]
  },
  {
    "gravity" : [
      0.0223991759121418,
      -0.955974817276001,
      -0.2925924062728882
    ],
    "userAcceleration" : [
      -0.006072336807847023,
      0.007976889610290527,
      0.024647891521453857
    ],
    "timestamp" : 239574359674,
    "rotationMatrix" : [
      0.8750771880149841,
      0.1602765917778015,
      -0.4566742181777954,
      -0.483464777469635,
      0.2458118498325348,
      -0.840141773223877,
      -0.0223991721868515,
      0.955974817276001,
      0.29259243607521057
    ]
  },
  {
    "gravity" : [
      0.022932136431336403,
      -0.9560225009918213,
      -0.2923952639102936
    ],
    "userAcceleration" : [
      -0.00697152316570282,
      0.012175023555755615,
      0.039984166622161865
    ],
    "timestamp" : 239574369693,
    "rotationMatrix" : [
      0.8762173652648926,
      0.1600443571805954,
      -0.45456448197364807,
      -0.48137009143829346,
      0.24577763676643372,
      -0.841353714466095,
      -0.02293214201927185,
      0.9560225605964661,
      0.2923952341079712
    ]
  },
  {
    "gravity" : [
      0.02321530319750309,
      -0.9560196995735168,
      -0.29238173365592957
    ],
    "userAcceleration" : [
      -0.008139703422784805,
      0.015605509281158447,
      0.05536678433418274
    ],
    "timestamp" : 239574379711,
    "rotationMatrix" : [
      0.8771333694458008,
      0.15980465710163116,
      -0.45287907123565674,
      -0.47968536615371704,
      0.2459440529346466,
      -0.8422666192054749,
      -0.023215308785438538,
      0.9560196995735168,
      0.29238173365592957
    ]
  },
  {
    "gravity" : [
      0.023255357518792152,
      -0.9559350609779358,
      -0.29265522956848145
    ],
    "userAcceleration" : [
      -0.008500192314386368,
      0.014345943927764893,
      0.063147634267807
    ],
    "timestamp" : 239574389730,
    "rotationMatrix" : [
      0.8779425024986267,
      0.15955142676830292,
      -0.4513981342315674,
      -0.47820091247558594,
      0.24643702805042267,
      -0.8429664373397827,
      -0.0232553631067276,
      0.9559351205825806,
      0.29265519976615906
    ]
  },
  {
    "gravity" : [
      0.023130159825086594,
      -0.9557403326034546,
      -0.29330068826675415
    ],
    "userAcceleration" : [
      -0.0012643765658140182,
      0.016974031925201416,
      0.06383883953094482
    ],
    "timestamp" : 239574399749,
    "rotationMatrix" : [
      0.8787123560905457,
      0.15935352444648743,
      -0.44996777176856995,
      -0.4767908751964569,
      0.24731913208961487,
      -0.8435067534446716,
      -0.023130148649215698,
      0.9557403922080994,
      0.29330068826675415
    ]
  },
  {
    "gravity" : [
      0.022927215322852135,
      -0.955437183380127,
      -0.2943025231361389
    ],
    "userAcceleration" : [
      -0.005333907902240753,
      0.01487034559249878,
      0.0539306104183197
    ],
    "timestamp" : 239574409767,
    "rotationMatrix" : [
      0.8795964121818542,
      0.15919476747512817,
      -0.44829362630844116,
      -0.4751678705215454,
      0.24858929216861725,
      -0.8440489768981934,
      -0.022927209734916687,
      0.955437183380127,
      0.29430249333381653
    ]
  },
  {
    "gravity" : [
      0.0227187629789114,
      -0.9550788402557373,
      -0.2954796850681305
    ],
    "userAcceleration" : [
      -0.01339571364223957,
      0.00949174165725708,
      0.04132905602455139
    ],
    "timestamp" : 239574419786,
    "rotationMatrix" : [
      0.8805558681488037,
      0.15906797349452972,
      -0.4464513063430786,
      -0.47339755296707153,
      0.25004351139068604,
      -0.8446140885353088,
      -0.022718772292137146,
      0.9550788998603821,
      0.2954796552658081
    ]
  },
  {
    "gravity" : [
      0.022512108087539673,
      -0.9547502994537354,
      -0.29655522108078003
    ],
    "userAcceleration" : [
      -0.014302941039204597,
      0.00022166967391967773,
      0.026031911373138428
    ],
    "timestamp" : 239574429804,
    "rotationMatrix" : [
      0.8814122676849365,
      0.15894317626953125,
      -0.44480279088020325,
      -0.47181105613708496,
      0.25137394666671753,
      -0.8451067805290222,
      -0.022512108087539673,
      0.9547503590583801,
      0.29655522108078003
    ]
  },
  {
    "gravity" : [
      0.0222611166536808,
      -0.9544980525970459,
      -0.29738473892211914
    ],
    "userAcceleration" : [
      -0.011473232880234718,
      -0.008560240268707275,
      0.024420082569122314
    ],
    "timestamp" : 239574439823,
    "rotationMatrix" : [
      0.8820046186447144,
      0.15880298614501953,
      -0.4436771273612976,
      -0.4707145690917969,
      0.25241798162460327,
      -0.8454068899154663,
      -0.022261127829551697,
      0.9544980525970459,
      0.29738470911979675
    ]
  },
  {
    "gravity" : [
      0.021999528631567955,
      -0.9543241858482361,
      -0.2979617714881897
    ],
    "userAcceleration" : [
      -0.00848032534122467,
      -0.02565610408782959,
      0.03456434607505798
    ],
    "timestamp" : 239574449842,
    "rotationMatrix" : [
      0.8822826147079468,
      0.15870334208011627,
      -0.443159818649292,
      -0.47020572423934937,
      0.25313717126846313,
      -0.8454750776290894,
      -0.0219995379447937,
      0.9543242454528809,
      0.2979617714881897
    ]
  },
  {
    "gravity" : [
      0.021818656474351883,
      -0.9541835188865662,
      -0.29842519760131836
    ],
    "userAcceleration" : [
      -0.023863406851887703,
      -0.02784144878387451,
      0.047478944063186646
    ],
    "timestamp" : 239574459860,
    "rotationMatrix" : [
      0.8822504281997681,
      0.15878485143184662,
      -0.4431946277618408,
      -0.4702744483947754,
      0.2536158561706543,
      -0.8452932834625244,
      -0.021818652749061584,
      0.9541834592819214,
      0.29842519760131836
    ]
  },
  {
    "gravity" : [
      0.02191975526511669,
      -0.9540289640426636,
      -0.29891178011894226
    ],
    "userAcceleration" : [
      -0.04845485836267471,
      -0.02138906717300415,
      0.04924723505973816
    ],
    "timestamp" : 239574469879,
    "rotationMatrix" : [
      0.8822081685066223,
      0.1591181606054306,
      -0.443159282207489,
      -0.4703490734100342,
      0.25398847460746765,
      -0.8451399803161621,
      -0.021919772028923035,
      0.9540289640426636,
      0.29891178011894226
    ]
  },
  {
    "gravity" : [
      0.022313404828310013,
      -0.9538655281066895,
      -0.2994038462638855
    ],
    "userAcceleration" : [
      -0.057347655296325684,
      -0.017295241355895996,
      0.05414915084838867
    ],
    "timestamp" : 239574479897,
    "rotationMatrix" : [
      0.8820012211799622,
      0.15978698432445526,
      -0.44333046674728394,
      -0.47071850299835205,
      0.254182368516922,
      -0.8448759913444519,
      -0.022313401103019714,
      0.9538655877113342,
      0.2994038462638855
    ]
  },
  {
    "gravity" : [
      0.022896142676472664,
      -0.9537379145622253,
      -0.2997661530971527
    ],
    "userAcceleration" : [
      -0.05454293638467789,
      -0.006055057048797607,
      0.05647987127304077
    ],
    "timestamp" : 239574489916,
    "rotationMatrix" : [
      0.881807804107666,
      0.16054581105709076,
      -0.44344109296798706,
      -0.47105276584625244,
      0.2541830539703369,
      -0.8446893692016602,
      -0.02289615571498871,
      0.9537378549575806,
      0.2997661828994751
    ]
  },
  {
    "gravity" : [
      0.023534348234534264,
      -0.9536349177360535,
      -0.3000439703464508
    ],
    "userAcceleration" : [
      -0.04350818321108818,
      0.006506800651550293,
      0.05245465040206909
    ],
    "timestamp" : 239574499935,
    "rotationMatrix" : [
      0.8817077875137329,
      0.16126090288162231,
      -0.4433804750442505,
      -0.47120851278305054,
      0.254116415977478,
      -0.8446226119995117,
      -0.02353435754776001,
      0.9536349773406982,
      0.3000439405441284
    ]
  },
  {
    "gravity" : [
      0.02416868880391121,
      -0.9535088539123535,
      -0.3003945052623749
    ],
    "userAcceleration" : [
      -0.035155098885297775,
      -0.0018286705017089844,
      0.049143046140670776
    ],
    "timestamp" : 239574509953,
    "rotationMatrix" : [
      0.8817763924598694,
      0.16191542148590088,
      -0.44300544261932373,
      -0.4710480570793152,
      0.2541738748550415,
      -0.8446948528289795,
      -0.02416868507862091,
      0.9535088539123535,
      0.3003944754600525
    ]
  },
  {
    "gravity" : [
      0.02475917711853981,
      -0.9533279538154602,
      -0.3009195327758789
    ],
    "userAcceleration" : [
      -0.03774448484182358,
      -0.005610466003417969,
      0.04550248384475708
    ],
    "timestamp" : 239574519972,
    "rotationMatrix" : [
      0.8820222020149231,
      0.16251824796199799,
      -0.4422946870326996,
      -0.4705568552017212,
      0.25446686148643494,
      -0.8448803424835205,
      -0.02475917339324951,
      0.953328013420105,
      0.3009195327758789
    ]
  },
  {
    "gravity" : [
      0.02528173103928566,
      -0.9531140327453613,
      -0.30155327916145325
    ],
    "userAcceleration" : [
      -0.041776567697525024,
      -0.007075607776641846,
      0.03130465745925903
    ],
    "timestamp" : 239574529990,
    "rotationMatrix" : [
      0.8823612332344055,
      0.16306369006633759,
      -0.44141685962677,
      -0.4698929786682129,
      0.2549191117286682,
      -0.8451133966445923,
      -0.025281742215156555,
      0.9531140327453613,
      0.30155324935913086
    ]
  },
  {
    "gravity" : [
      0.025735532864928246,
      -0.9529337286949158,
      -0.3020840287208557
    ],
    "userAcceleration" : [
      -0.038430921733379364,
      -0.0030597448348999023,
      0.011449724435806274
    ],
    "timestamp" : 239574540009,
    "rotationMatrix" : [
      0.8828915357589722,
      0.16339893639087677,
      -0.44023096561431885,
      -0.46887117624282837,
      0.2553778886795044,
      -0.8455422520637512,
      -0.02573554217815399,
      0.9529337286949158,
      0.3020840883255005
    ]
  },
  {
    "gravity" : [
      0.026141557842493057,
      -0.9528592228889465,
      -0.30228444933891296
    ],
    "userAcceleration" : [
      -0.03215359151363373,
      -0.008139193058013916,
      -0.00646209716796875
    ],
    "timestamp" : 239574550028,
    "rotationMatrix" : [
      0.883466362953186,
      0.16351622343063354,
      -0.4390326738357544,
      -0.4677647352218628,
      0.2555811405181885,
      -0.8460935950279236,
      -0.026141569018363953,
      0.9528592228889465,
      0.30228444933891296
    ]
  },
  {
    "gravity" : [
      0.02647690661251545,
      -0.9529256224632263,
      -0.3020457923412323
    ],
    "userAcceleration" : [
      -0.02902519702911377,
      -0.01039212942123413,
      -0.011110544204711914
    ],
    "timestamp" : 239574560046,
    "rotationMatrix" : [
      0.8840028643608093,
      0.1633925437927246,
      -0.4379974901676178,
      -0.46673107147216797,
      0.2554125487804413,
      -0.8467150926589966,
      -0.026476919651031494,
      0.9529255628585815,
      0.3020457923412323
    ]
  },
  {
    "gravity" : [
      0.026687098667025566,
      -0.9531499743461609,
      -0.30131828784942627
    ],
    "userAcceleration" : [
      -0.029235387220978737,
      -0.007238030433654785,
      -0.001858830451965332
    ],
    "timestamp" : 239574570065,
    "rotationMatrix" : [
      0.88451087474823,
      0.1629558503627777,
      -0.4371337294578552,
      -0.4657556116580963,
      0.2548534870147705,
      -0.8474202752113342,
      -0.026687100529670715,
      0.9531499743461609,
      0.30131828784942627
    ]
  },
  {
    "gravity" : [
      0.026762088760733604,
      -0.9535055160522461,
      -0.30018454790115356
    ],
    "userAcceleration" : [
      -0.032346874475479126,
      -0.01196366548538208,
      0.016996532678604126
    ],
    "timestamp" : 239574580083,
    "rotationMatrix" : [
      0.8847883939743042,
      0.16234706342220306,
      -0.43679845333099365,
      -0.46522384881973267,
      0.25391021370887756,
      -0.8479952812194824,
      -0.026762083172798157,
      0.9535055160522461,
      0.30018457770347595
    ]
  },
  {
    "gravity" : [
      0.026808667927980423,
      -0.9539364576339722,
      -0.29880863428115845
    ],
    "userAcceleration" : [
      -0.035521507263183594,
      -0.019375920295715332,
      0.03489241003990173
    ],
    "timestamp" : 239574590102,
    "rotationMatrix" : [
      0.8849274516105652,
      0.161680206656456,
      -0.436764121055603,
      -0.4649566411972046,
      0.2527149021625519,
      -0.848499059677124,
      -0.02680867910385132,
      0.9539364576339722,
      0.29880863428115845
    ]
  },
  {
    "gravity" : [
      0.026927683502435684,
      -0.9543747901916504,
      -0.29739418625831604
    ],
    "userAcceleration" : [
      -0.040889542549848557,
      -0.020005404949188232,
      0.052124232053756714
    ],
    "timestamp" : 239574600121,
    "rotationMatrix" : [
      0.8849914073944092,
      0.16109736263751984,
      -0.4368498623371124,
      -0.4648280143737793,
      0.25142794847488403,
      -0.848951518535614,
      -0.026927679777145386,
      0.9543748497962952,
      0.29739418625831604
    ]
  },
  {
    "gravity" : [
      0.027194885537028313,
      -0.9547601342201233,
      -0.2961306869983673
    ],
    "userAcceleration" : [
      -0.04800796136260033,
      -0.014813721179962158,
      0.06206071376800537
    ],
    "timestamp" : 239574610139,
    "rotationMatrix" : [
      0.884952962398529,
      0.1607631891965866,
      -0.4370507597923279,
      -0.4648855924606323,
      0.25017622113227844,
      -0.8492897152900696,
      -0.027194872498512268,
      0.9547601342201233,
      0.2961307168006897
    ]
  },
  {
    "gravity" : [
      0.02766088955104351,
      -0.9550621509552002,
      -0.2951119542121887
    ],
    "userAcceleration" : [
      -0.04693280905485153,
      -0.016296982765197754,
      0.050955891609191895
    ],
    "timestamp" : 239574620158,
    "rotationMatrix" : [
      0.8849048018455505,
      0.16071248054504395,
      -0.4371669292449951,
      -0.4649497866630554,
      0.24905359745025635,
      -0.8495845198631287,
      -0.02766089141368866,
      0.9550620913505554,
      0.2951119840145111
    ]
  },
  {
    "gravity" : [
      0.028142323717474937,
      -0.9553359746932983,
      -0.2941785156726837
    ],
    "userAcceleration" : [
      -0.04062407463788986,
      -0.015031278133392334,
      0.02994188666343689
    ],
    "timestamp" : 239574630176,
    "rotationMatrix" : [
      0.8849247694015503,
      0.16067734360694885,
      -0.4371395409107208,
      -0.4648829996585846,
      0.24802377820014954,
      -0.849922239780426,
      -0.028142303228378296,
      0.9553359150886536,
      0.2941785454750061
    ]
  },
  {
    "gravity" : [
      0.028419505804777145,
      -0.9556685090065002,
      -0.2930699586868286
    ],
    "userAcceleration" : [
      -0.03043373115360737,
      -0.012791454792022705,
      0.010965228080749512
    ],
    "timestamp" : 239574640195,
    "rotationMatrix" : [
      0.8850524425506592,
      0.16033419966697693,
      -0.43700695037841797,
      -0.46462294459342957,
      0.2469627857208252,
      -0.8503733277320862,
      -0.028419509530067444,
      0.9556685090065002,
      0.2930699586868286
    ]
  },
  {
    "gravity" : [
      0.02838084101676941,
      -0.9561137557029724,
      -0.2916176915168762
    ],
    "userAcceleration" : [
      -0.027373822405934334,
      -0.010621964931488037,
      0.0064917802810668945
    ],
    "timestamp" : 239574650214,
    "rotationMatrix" : [
      0.8853752017021179,
      0.15946684777736664,
      -0.4366704225540161,
      -0.46400994062423706,
      0.2457979917526245,
      -0.8510451912879944,
      -0.028380855917930603,
      0.9561137557029724,
      0.2916176915168762
    ]
  },
  {
    "gravity" : [
      0.027983030304312706,
      -0.9566745758056641,
      -0.28981122374534607
    ],
    "userAcceleration" : [
      -0.025892650708556175,
      -0.006246387958526611,
      0.017838358879089355
    ],
    "timestamp" : 239574660232,
    "rotationMatrix" : [
      0.8858252763748169,
      0.15807099640369415,
      -0.43626493215560913,
      -0.46317434310913086,
      0.2445140779018402,
      -0.8518698215484619,
      -0.02798302471637726,
      0.9566745758056641,
      0.2898111939430237
    ]
  },
  {
    "gravity" : [
      0.027223050594329834,
      -0.957298219203949,
      -0.2878172993659973
    ],
    "userAcceleration" : [
      -0.024888543412089348,
      -0.0094069242477417,
      0.0416623055934906
    ],
    "timestamp" : 239574670251,
    "rotationMatrix" : [
      0.8864434957504272,
      0.15619871020317078,
      -0.43568316102027893,
      -0.4620354473590851,
      0.24327313899993896,
      -0.8528430461883545,
      -0.027223050594329834,
      0.9572982788085938,
      0.2878172695636749
    ]
  },
  {
    "gravity" : [
      0.02611331082880497,
      -0.9579137563705444,
      -0.28586533665657043
    ],
    "userAcceleration" : [
      -0.02219187654554844,
      -0.010225653648376465,
      0.06679472327232361
    ],
    "timestamp" : 239574680269,
    "rotationMatrix" : [
      0.8870285153388977,
      0.15407033264636993,
      -0.4352501630783081,
      -0.4609755873680115,
      0.24220484495162964,
      -0.8537201285362244,
      -0.026113316416740417,
      0.9579138159751892,
      0.28586527705192566
    ]
  },
  {
    "gravity" : [
      0.024814996868371964,
      -0.958466112613678,
      -0.2841241955757141
    ],
    "userAcceleration" : [
      -0.02574586682021618,
      -0.01702803373336792,
      0.0751701295375824
    ],
    "timestamp" : 239574690288,
    "rotationMatrix" : [
      0.8877699971199036,
      0.15179699659347534,
      -0.43453657627105713,
      -0.45961785316467285,
      0.24145391583442688,
      -0.8546643257141113,
      -0.02481500804424286,
      0.9584661722183228,
      0.2841241955757141
    ]
  },
  {
    "gravity" : [
      0.02355324663221836,
      -0.9589313864707947,
      -0.2826582193374634
    ],
    "userAcceleration" : [
      -0.03749983757734299,
      -0.021949172019958496,
      0.07111015915870667
    ],
    "timestamp" : 239574700307,
    "rotationMatrix" : [
      0.8885260224342346,
      0.14967119693756104,
      -0.43372803926467896,
      -0.4582212567329407,
      0.24093341827392578,
      -0.8555607199668884,
      -0.023553267121315002,
      0.9589313864707947,
      0.2826581597328186
    ]
  },
  {
    "gravity" : [
      0.02243616431951523,
      -0.9593290090560913,
      -0.2813970446586609
    ],
    "userAcceleration" : [
      -0.042440492659807205,
      -0.024588048458099365,
      0.06513398885726929
    ],
    "timestamp" : 239574710325,
    "rotationMatrix" : [
      0.8892636895179749,
      0.14776916801929474,
      -0.43286755681037903,
      -0.4568442702293396,
      0.2405242919921875,
      -0.8564118146896362,
      -0.022436141967773438,
      0.9593290090560913,
      0.2813970446586609
    ]
  },
  {
    "gravity" : [
      0.021540191024541855,
      -0.9596932530403137,
      -0.28022241592407227
    ],
    "userAcceleration" : [
      -0.04682408645749092,
      -0.024910390377044678,
      0.05289676785469055
    ],
    "timestamp" : 239574720344,
    "rotationMatrix" : [
      0.8900999426841736,
      0.14604075253009796,
      -0.4317339062690735,
      -0.45525604486465454,
      0.2401263266801834,
      -0.8573685884475708,
      -0.02154017984867096,
      0.959693193435669,
      0.2802223861217499
    ]
  },
  {
    "gravity" : [
      0.020908355712890625,
      -0.9600349068641663,
      -0.2790975868701935
    ],
    "userAcceleration" : [
      -0.05789574235677719,
      -0.03146570920944214,
      0.036360591650009155
    ],
    "timestamp" : 239574730362,
    "rotationMatrix" : [
      0.8909806609153748,
      0.1445348858833313,
      -0.43042194843292236,
      -0.4535595178604126,
      0.23967114090919495,
      -0.8583945035934448,
      -0.020908355712890625,
      0.9600348472595215,
      0.2790975868701935
    ]
  },
  {
    "gravity" : [
      0.020546676591038704,
      -0.9603674411773682,
      -0.27797871828079224
    ],
    "userAcceleration" : [
      -0.06441575288772583,
      -0.04205864667892456,
      0.020059198141098022
    ],
    "timestamp" : 239574740381,
    "rotationMatrix" : [
      0.8919885158538818,
      0.14319413900375366,
      -0.4287795424461365,
      -0.4515908360481262,
      0.23914387822151184,
      -0.8595789074897766,
      -0.02054668962955475,
      0.9603673815727234,
      0.277978777885437
    ]
  },
  {
    "gravity" : [
      0.020266909152269363,
      -0.9607385993003845,
      -0.27671393752098083
    ],
    "userAcceleration" : [
      -0.05122707039117813,
      -0.0393223762512207,
      0.008799880743026733
    ],
    "timestamp" : 239574750400,
    "rotationMatrix" : [
      0.8928906917572021,
      0.14191463589668274,
      -0.4273247718811035,
      -0.44981715083122253,
      0.23841476440429688,
      -0.8607106804847717,
      -0.02026692032814026,
      0.9607385993003845,
      0.2767139673233032
    ]
  },
  {
    "gravity" : [
      0.01984749175608158,
      -0.961201012134552,
      -0.27513378858566284
    ],
    "userAcceleration" : [
      -0.038463294506073,
      -0.03274112939834595,
      0.00958484411239624
    ],
    "timestamp" : 239574760418,
    "rotationMatrix" : [
      0.8937069177627563,
      0.14042317867279053,
      -0.4261094331741333,
      -0.4482119679450989,
      0.23743174970149994,
      -0.8618190884590149,
      -0.01984749734401703,
      0.961201012134552,
      0.27513375878334045
    ]
  },
  {
    "gravity" : [
      0.01918530836701393,
      -0.9617571830749512,
      -0.2732307016849518
    ],
    "userAcceleration" : [
      -0.0353291854262352,
      -0.030033469200134277,
      0.014029443264007568
    ],
    "timestamp" : 239574770437,
    "rotationMatrix" : [
      0.8943543434143066,
      0.13867312669754028,
      -0.4253234267234802,
      -0.4469476342201233,
      0.2362051010131836,
      -0.8628122806549072,
      -0.019185319542884827,
      0.9617571830749512,
      0.2732307016849518
    ]
  },
  {
    "gravity" : [
      0.018380386754870415,
      -0.9623897075653076,
      -0.2710498869419098
    ],
    "userAcceleration" : [
      -0.036233238875865936,
      -0.03294092416763306,
      0.007667660713195801
    ],
    "timestamp" : 239574780456,
    "rotationMatrix" : [
      0.8946847915649414,
      0.13684727251529694,
      -0.4252198338508606,
      -0.44631969928741455,
      0.23468850553035736,
      -0.8635507822036743,
      -0.018380388617515564,
      0.9623897075653076,
      0.2710498869419098
    ]
  },
  {
    "gravity" : [
      0.017517942935228348,
      -0.9630593657493591,
      -0.26871833205223083
    ],
    "userAcceleration" : [
      -0.039231278002262115,
      -0.04975783824920654,
      0.005336195230484009
    ],
    "timestamp" : 239574790474,
    "rotationMatrix" : [
      0.8947529792785645,
      0.1350434571504593,
      -0.42565280199050903,
      -0.4462176561355591,
      0.23298001289367676,
      -0.8640658855438232,
      -0.01751793920993805,
      0.9630593061447144,
      0.2687183618545532
    ]
  },
  {
    "gravity" : [
      0.01666705124080181,
      -0.9637119770050049,
      -0.2664227783679962
    ],
    "userAcceleration" : [
      -0.03503871709108353,
      -0.048159122467041016,
      0.0020945966243743896
    ],
    "timestamp" : 239574800493,
    "rotationMatrix" : [
      0.8947198987007141,
      0.13331706821918488,
      -0.4262661039829254,
      -0.44631654024124146,
      0.23126918077468872,
      -0.864474356174469,
      -0.016667068004608154,
      0.9637120366096497,
      0.2664227783679962
    ]
  },
  {
    "gravity" : [
      0.015966353937983513,
      -0.9643064737319946,
      -0.2643067240715027
    ],
    "userAcceleration" : [
      -0.03761865571141243,
      -0.04114079475402832,
      -0.0010285377502441406
    ],
    "timestamp" : 239574810511,
    "rotationMatrix" : [
      0.8946523070335388,
      0.131815105676651,
      -0.42687463760375977,
      -0.44647762179374695,
      0.22964702546596527,
      -0.864823579788208,
      -0.015966370701789856,
      0.9643064737319946,
      0.2643067538738251
    ]
  },
  {
    "gravity" : [
      0.015348603948950768,
      -0.9648509621620178,
      -0.26234865188598633
    ],
    "userAcceleration" : [
      -0.03104996494948864,
      -0.03992486000061035,
      -0.00411573052406311
    ],
    "timestamp" : 239574820530,
    "rotationMatrix" : [
      0.8947101831436157,
      0.13038860261440277,
      -0.4271913766860962,
      -0.4463832974433899,
      0.22816923260688782,
      -0.8652632832527161,
      -0.01534859836101532,
      0.9648509621620178,
      0.26234865188598633
    ]
  },
  {
    "gravity" : [
      0.014764148741960526,
      -0.9653922915458679,
      -0.26038363575935364
    ],
    "userAcceleration" : [
      -0.030953779816627502,
      -0.033447861671447754,
      -0.028465449810028076
    ],
    "timestamp" : 239574830549,
    "rotationMatrix" : [
      0.8948928713798523,
      0.12892383337020874,
      -0.4272533655166626,
      -0.44603675603866577,
      0.22670738399028778,
      -0.8658261299133301,
      -0.014764145016670227,
      0.9653923511505127,
      0.26038360595703125
    ]
  },
  {
    "gravity" : [
      0.014169184491038322,
      -0.9659852385520935,
      -0.25820860266685486
    ],
    "userAcceleration" : [
      -0.04227592796087265,
      -0.03137487173080444,
      -0.043976664543151855
    ],
    "timestamp" : 239574840567,
    "rotationMatrix" : [
      0.8952942490577698,
      0.1272469460964203,
      -0.4269149601459503,
      -0.4452498257160187,
      0.22512364387512207,
      -0.866644024848938,
      -0.014169186353683472,
      0.9659851789474487,
      0.25820860266685486
    ]
  },
  {
    "gravity" : [
      0.01356293261051178,
      -0.9666802883148193,
      -0.2556271553039551
    ],
    "userAcceleration" : [
      -0.05563146993517876,
      -0.029565930366516113,
      -0.04899948835372925
    ],
    "timestamp" : 239574850586,
    "rotationMatrix" : [
      0.8957998156547546,
      0.12533043324947357,
      -0.4264211356639862,
      -0.44425076246261597,
      0.2232072651386261,
      -0.8676517605781555,
      -0.013562917709350586,
      0.9666802287101746,
      0.25562718510627747
    ]
  },
  {
    "gravity" : [
      0.013004794716835022,
      -0.9674656391143799,
      -0.2526678144931793
    ],
    "userAcceleration" : [
      -0.058155614882707596,
      -0.02073913812637329,
      -0.03715783357620239
    ],
    "timestamp" : 239574860604,
    "rotationMatrix" : [
      0.8964055776596069,
      0.12324206531047821,
      -0.4257563352584839,
      -0.44304394721984863,
      0.22095593810081482,
      -0.8688443303108215,
      -0.013004794716835022,
      0.9674656987190247,
      0.25266778469085693
    ]
  },
  {
    "gravity" : [
      0.012502583675086498,
      -0.9682853817939758,
      -0.2495337724685669
    ],
    "userAcceleration" : [
      -0.05183981731534004,
      -0.01253420114517212,
      -0.008004307746887207
    ],
    "timestamp" : 239574870623,
    "rotationMatrix" : [
      0.8969915509223938,
      0.12113964557647705,
      -0.42512503266334534,
      -0.4418708086013794,
      0.21851453185081482,
      -0.8700583577156067,
      -0.012502580881118774,
      0.9682853817939758,
      0.2495337724685669
    ]
  },
  {
    "gravity" : [
      0.012104745022952557,
      -0.9690602421760559,
      -0.2465272843837738
    ],
    "userAcceleration" : [
      -0.044041458517313004,
      -0.009989380836486816,
      0.021932929754257202
    ],
    "timestamp" : 239574880642,
    "rotationMatrix" : [
      0.8975196480751038,
      0.11921684443950653,
      -0.42455369234085083,
      -0.4408082962036133,
      0.21612399816513062,
      -0.8711937069892883,
      -0.012104734778404236,
      0.9690602421760559,
      0.2465273141860962
    ]
  },
  {
    "gravity" : [
      0.01181250810623169,
      -0.9697260856628418,
      -0.24390873312950134
    ],
    "userAcceleration" : [
      -0.03819502517580986,
      -0.0033724308013916016,
      0.03892196714878082
    ],
    "timestamp" : 239574890660,
    "rotationMatrix" : [
      0.8978154063224792,
      0.11767266690731049,
      -0.4243590533733368,
      -0.44021350145339966,
      0.2139723002910614,
      -0.8720250129699707,
      -0.01181250810623169,
      0.9697260856628418,
      0.24390873312950134
    ]
  },
  {
    "gravity" : [
      0.011616243980824947,
      -0.9702531695365906,
      -0.24181365966796875
    ],
    "userAcceleration" : [
      -0.02312145009636879,
      -0.00015991926193237305,
      0.03110480308532715
    ],
    "timestamp" : 239574900679,
    "rotationMatrix" : [
      0.8980572819709778,
      0.11646896600723267,
      -0.4241792857646942,
      -0.4397251009941101,
      0.21223509311676025,
      -0.8726958632469177,
      -0.011616230010986328,
      0.9702531695365906,
      0.24181360006332397
    ]
  },
  {
    "gravity" : [
      0.011390226893126965,
      -0.9706757068634033,
      -0.24012210965156555
    ],
    "userAcceleration" : [
      -0.009055696427822113,
      -0.001995563507080078,
      0.00663188099861145
    ],
    "timestamp" : 239574910697,
    "rotationMatrix" : [
      0.8982660174369812,
      0.11543305218219757,
      -0.4240204691886902,
      -0.4393044710159302,
      0.21086385846138,
      -0.8732397556304932,
      -0.011390253901481628,
      0.9706757068634033,
      0.24012210965156555
    ]
  },
  {
    "gravity" : [
      0.011005551554262638,
      -0.971077561378479,
      -0.23851001262664795
    ],
    "userAcceleration" : [
      -0.012394162826240063,
      -0.0005714297294616699,
      -0.02230869233608246
    ],
    "timestamp" : 239574920716,
    "rotationMatrix" : [
      0.8984673023223877,
      0.11429855227470398,
      -0.4239012897014618,
      -0.4389024078845978,
      0.20962820947170258,
      -0.8737393617630005,
      -0.011005550622940063,
      0.971077561378479,
      0.23851002752780914
    ]
  },
  {
    "gravity" : [
      0.010563752613961697,
      -0.9715387225151062,
      -0.2366449534893036
    ],
    "userAcceleration" : [
      -0.03020189329981804,
      -0.012241065502166748,
      -0.039066314697265625
    ],
    "timestamp" : 239574930735,
    "rotationMatrix" : [
      0.8987471461296082,
      0.11296743154525757,
      -0.42366480827331543,
      -0.4383399486541748,
      0.20820853114128113,
      -0.874360978603363,
      -0.010563760995864868,
      0.9715387225151062,
      0.23664498329162598
    ]
  },
  {
    "gravity" : [
      0.010140686295926571,
      -0.9721129536628723,
      -0.23429352045059204
    ],
    "userAcceleration" : [
      -0.042291030287742615,
      -0.01499319076538086,
      -0.033834099769592285
    ],
    "timestamp" : 239574940753,
    "rotationMatrix" : [
