[
  {
    "gravity" : [
      0.017796551808714867,
      -0.9361340999603271,
      -0.35119250416755676
    ],
    "rotationMatrix" : [
      0.06364285945892334,
      0.3515964150428772,
      -0.9339857697486877,
      -0.9978139996528625,
      0.005729228258132935,
      -0.0658353865146637,
      -0.017796576023101807,
      0.9361340999603271,
      0.35119250416755676
    ],
    "timestamp" : 239674454082,
    "userAcceleration" : [
      0.06203727424144745,
      -0.0034562349319458008,
      0.0351981520652771
    ]
  },
  {
    "gravity" : [
      0.01858384907245636,
      -0.9349963665008545,
      -0.35417014360427856
    ],
    "rotationMatrix" : [
      0.06272956728935242,
      0.35462382435798645,
      -0.932902455329895,
      -0.9978575706481934,
      0.004880040884017944,
      -0.06524220108985901,
      -0.018583834171295166,
      0.9349963665008545,
      0.35417014360427856
    ],
    "timestamp" : 239674464101,
    "userAcceleration" : [
      0.0955212414264679,
      -0.007493257522583008,
      0.0275404155254364
    ]
  },
  {
    "gravity" : [
      0.01870586909353733,
      -0.9340033531188965,
      -0.3567740321159363
    ],
    "rotationMatrix" : [
      0.060968101024627686,
      0.35723787546157837,
      -0.9320213794708252,
      -0.9979643225669861,
      0.004317641258239746,
      -0.0636267364025116,
      -0.01870587468147278,
      0.9340033531188965,
      0.3567740321159363
    ],
    "timestamp" : 239674474120,
    "userAcceleration" : [
      0.09581120312213898,
      0.0020881295204162598,
      0.004448533058166504
    ]
  },
  {
    "gravity" : [
      0.01831837370991707,
      -0.9331867694854736,
      -0.3589245676994324
    ],
    "rotationMatrix" : [
      0.05855518579483032,
      0.3593699336051941,
      -0.9313562512397766,
      -0.9981160759925842,
      0.0039559900760650635,
      -0.06122592091560364,
      -0.01831841468811035,
      0.9331867694854736,
      0.35892459750175476
    ],
    "timestamp" : 239674484139,
    "userAcceleration" : [
      0.08158077299594879,
      0.002965271472930908,
      -0.020744681358337402
    ]
  },
  {
    "gravity" : [
      0.017777465283870697,
      -0.9325123429298401,
      -0.36070019006729126
    ],
    "rotationMatrix" : [
      0.05613628029823303,
      0.36111903190612793,
      -0.9308284521102905,
      -0.9982647895812988,
      0.00370064377784729,
      -0.058767497539520264,
      -0.017777472734451294,
      0.9325123429298401,
      0.36070019006729126
    ],
    "timestamp" : 239674494157,
    "userAcceleration" : [
      0.07380564510822296,
      -0.009687304496765137,
      -0.048204898834228516
    ]
  },
  {
    "gravity" : [
      0.017356934025883675,
      -0.9319552779197693,
      -0.3621576428413391
    ],
    "rotationMatrix" : [
      0.05419918894767761,
      0.3625566363334656,
      -0.9303843975067139,
      -0.9983792901039124,
      0.0034800469875335693,
      -0.056804120540618896,
      -0.017356902360916138,
      0.9319552779197693,
      0.3621576428413391
    ],
    "timestamp" : 239674504176,
    "userAcceleration" : [
      0.06247689574956894,
      -0.015798568725585938,
      -0.06843018531799316
    ]
  },
  {
    "gravity" : [
      0.017209548503160477,
      -0.9315178990364075,
      -0.363288015127182
    ],
    "rotationMatrix" : [
      0.052862972021102905,
      0.36368128657341003,
      -0.9300222396850586,
      -0.9984533786773682,
      0.003199249505996704,
      -0.0555015504360199,
      -0.017209559679031372,
      0.9315178394317627,
      0.3632880449295044
    ],
    "timestamp" : 239674514195,
    "userAcceleration" : [
      0.05148537456989288,
      -0.021195054054260254,
      -0.07451725006103516
    ]
  },
  {
    "gravity" : [
      0.01751871593296528,
      -0.931157648563385,
      -0.3641953766345978
    ],
    "rotationMatrix" : [
      0.05234089493751526,
      0.36460578441619873,
      -0.9296895861625671,
      -0.9984754323959351,
      0.0027754604816436768,
      -0.05512493848800659,
      -0.017518699169158936,
      0.931157648563385,
      0.36419540643692017
    ],
    "timestamp" : 239674524214,
    "userAcceleration" : [
      0.031370289623737335,
      -0.038416147232055664,
      -0.0716109573841095
    ]
  },
  {
    "gravity" : [
      0.018411219120025635,
      -0.9307665824890137,
      -0.36514973640441895
    ],
    "rotationMatrix" : [
      0.052284449338912964,
      0.36560800671577454,
      -0.9292990565299988,
      -0.9984623193740845,
      0.0019822418689727783,
      -0.05539572238922119,
      -0.018411219120025635,
      0.9307665824890137,
      0.36514973640441895
    ],
    "timestamp" : 239674534233,
    "userAcceleration" : [
      0.013037003576755524,
      -0.055958092212677,
      -0.05017927289009094
    ]
  },
  {
    "gravity" : [
      0.019981568679213524,
      -0.9302528500556946,
      -0.3663744330406189
    ],
    "rotationMatrix" : [
      0.05295497179031372,
      0.36691778898239136,
      -0.9287447333335876,
      -0.9983968138694763,
      0.0008436441421508789,
      -0.05659303069114685,
      -0.019981563091278076,
      0.9302527904510498,
      0.3663744330406189
    ],
    "timestamp" : 239674544252,
    "userAcceleration" : [
      -0.00487552210688591,
      -0.06004244089126587,
      -0.04008921980857849
    ]
  },
  {
    "gravity" : [
      0.021742692217230797,
      -0.929675281047821,
      -0.3677375614643097
    ],
    "rotationMatrix" : [
      0.053700000047683716,
      0.3683793544769287,
      -0.9281232357025146,
      -0.9983202219009399,
      -0.0004322826862335205,
      -0.05793297290802002,
      -0.021742671728134155,
      0.929675281047821,
      0.3677375316619873
    ],
    "timestamp" : 239674554271,
    "userAcceleration" : [
      0.013810127973556519,
      -0.05372297763824463,
      -0.023879319429397583
    ]
  },
  {
    "gravity" : [
      0.023452872410416603,
      -0.9291505217552185,
      -0.36895668506622314
    ],
    "rotationMatrix" : [
      0.053945392370224,
      0.3696964979171753,
      -0.9275850653648376,
      -0.9982682466506958,
      -0.0018509328365325928,
      -0.05879366397857666,
      -0.02345287799835205,
      0.9291505217552185,
      0.36895668506622314
    ],
    "timestamp" : 239674564290,
    "userAcceleration" : [
      0.032455168664455414,
      -0.06610381603240967,
      -0.021210581064224243
    ]
  },
  {
    "gravity" : [
      0.024902213364839554,
      -0.9287219643592834,
      -0.3699393570423126
    ],
    "rotationMatrix" : [
      0.05352675914764404,
      0.37076181173324585,
      -0.927183985710144,
      -0.9982556700706482,
      -0.0032871663570404053,
      -0.05894407629966736,
      -0.024902254343032837,
      0.9287220239639282,
      0.3699393570423126
    ],
    "timestamp" : 239674574309,
    "userAcceleration" : [
      0.038650475442409515,
      -0.05612587928771973,
      -0.010569125413894653
    ]
  },
  {
    "gravity" : [
      0.026043947786092758,
      -0.9283584952354431,
      -0.37077227234840393
    ],
    "rotationMatrix" : [
      0.05242645740509033,
      0.37165597081184387,
      -0.9268889427185059,
      -0.9982850551605225,
      -0.004701495170593262,
      -0.0583498477935791,
      -0.02604392170906067,
      0.9283584952354431,
      0.37077224254608154
    ],
    "timestamp" : 239674584328,
    "userAcceleration" : [
      0.06250263750553131,
      -0.053529202938079834,
      -0.006180912256240845
    ]
  },
  {
    "gravity" : [
      0.026937369257211685,
      -0.9278876781463623,
      -0.37188538908958435
    ],
    "rotationMatrix" : [
      0.051316410303115845,
      0.3728134334087372,
      -0.9264862537384033,
      -0.9983190298080444,
      -0.005873233079910278,
      -0.057658374309539795,
      -0.026937395334243774,
      0.9278876781463623,
      0.37188541889190674
    ],
    "timestamp" : 239674594347,
    "userAcceleration" : [
      0.07659336924552917,
      -0.046721577644348145,
      0.018171310424804688
    ]
  },
  {
    "gravity" : [
      0.027524685487151146,
      -0.927062451839447,
      -0.37389495968818665
    ],
    "rotationMatrix" : [
      0.049904465675354004,
      0.37484458088874817,
      -0.9257434606552124,
      -0.9983745813369751,
      -0.006821721792221069,
      -0.056581974029541016,
      -0.027524679899215698,
      0.927062451839447,
      0.37389495968818665
    ],
    "timestamp" : 239674604366,
    "userAcceleration" : [
      0.07969865947961807,
      -0.04426616430282593,
      0.04836386442184448
    ]
  },
  {
    "gravity" : [
      0.027754638344049454,
      -0.9257807731628418,
      -0.3770405948162079
    ],
    "rotationMatrix" : [
      0.04804074764251709,
      0.3779853880405426,
      -0.9245642423629761,
      -0.9984596967697144,
      -0.007547646760940552,
      -0.0549660325050354,
      -0.027754634618759155,
      0.9257807731628418,
      0.3770405948162079
    ],
    "timestamp" : 239674614385,
    "userAcceleration" : [
      0.07283114641904831,
      -0.05999791622161865,
      0.03919565677642822
    ]
  },
  {
    "gravity" : [
      0.02793976292014122,
      -0.9241310358047485,
      -0.3810526430606842
    ],
    "rotationMatrix" : [
      0.0461902916431427,
      0.3819877505302429,
      -0.9230122566223145,
      -0.9985417723655701,
      -0.00818777084350586,
      -0.053358495235443115,
      -0.02793976664543152,
      0.9241310358047485,
      0.3810526430606842
    ],
    "timestamp" : 239674624404,
    "userAcceleration" : [
      0.037169333547353745,
      -0.07512116432189941,
      -0.008092343807220459
    ]
  },
  {
    "gravity" : [
      0.028319161385297775,
      -0.9222584366798401,
      -0.3855350613594055
    ],
    "rotationMatrix" : [
      0.04439529776573181,
      0.38646945357322693,
      -0.9212329387664795,
      -0.9986124038696289,
      -0.00897255539894104,
      -0.051888346672058105,
      -0.02831915020942688,
      0.9222584366798401,
      0.3855350613594055
    ],
    "timestamp" : 239674634423,
    "userAcceleration" : [
      0.0007792003452777863,
      -0.07302647829055786,
      -0.04766201972961426
    ]
  },
  {
    "gravity" : [
      0.028976771980524063,
      -0.9203147292137146,
      -0.39010390639305115
    ],
    "rotationMatrix" : [
      0.04281720519065857,
      0.3910522162914276,
      -0.9193718433380127,
      -0.9986624717712402,
      -0.009937196969985962,
      -0.05073666572570801,
      -0.028976738452911377,
      0.9203147292137146,
      0.39010387659072876
    ],
    "timestamp" : 239674644442,
    "userAcceleration" : [
      -0.019165528938174248,
      -0.06750863790512085,
      -0.09994745254516602
    ]
  },
  {
    "gravity" : [
      0.030072791501879692,
      -0.9185085296630859,
      -0.39425569772720337
    ],
    "rotationMatrix" : [
      0.04202693700790405,
      0.39524710178375244,
      -0.9176127910614014,
      -0.9986636638641357,
      -0.011025756597518921,
      -0.050488173961639404,
      -0.030072808265686035,
      0.9185085296630859,
      0.39425572752952576
    ],
    "timestamp" : 239674654461,
    "userAcceleration" : [
      -0.04083038121461868,
      -0.04238307476043701,
      -0.14975067973136902
    ]
  },
  {
    "gravity" : [
      0.03114430047571659,
      -0.9171655774116516,
      -0.3972873389720917
    ],
    "rotationMatrix" : [
      0.04141741991043091,
      0.3983228802680969,
      -0.9163095951080322,
      -0.9986563324928284,
      -0.01208314299583435,
      -0.050392091274261475,
      -0.031144291162490845,
      0.9171655774116516,
      0.3972873389720917
    ],
    "timestamp" : 239674664480,
    "userAcceleration" : [
      -0.026551561430096626,
      -0.009851515293121338,
      -0.1613064408302307
    ]
  },
  {
    "gravity" : [
      0.031865283846855164,
      -0.9165822863578796,
      -0.39857420325279236
    ],
    "rotationMatrix" : [
      0.04109668731689453,
      0.39964091777801514,
      -0.9157500267028809,
      -0.9986468553543091,
      -0.012800514698028564,
      -0.05040311813354492,
      -0.03186526894569397,
      0.9165822863578796,
      0.39857417345046997
    ],
    "timestamp" : 239674674499,
    "userAcceleration" : [
      -0.002156570553779602,
      -0.0027748942375183105,
      -0.1682898998260498
    ]
  },
  {
    "gravity" : [
      0.032303377985954285,
      -0.9167841672897339,
      -0.3980744183063507
    ],
    "rotationMatrix" : [
      0.041031599044799805,
      0.3991628587245941,
      -0.9159614443778992,
      -0.9986354112625122,
      -0.013255000114440918,
      -0.05051141977310181,
      -0.03230339288711548,
      0.9167841672897339,
      0.3980743885040283
    ],
    "timestamp" : 239674684518,
    "userAcceleration" : [
      -0.009705260396003723,
      0.011175155639648438,
      -0.14146119356155396
    ]
  },
  {
    "gravity" : [
      0.03262856602668762,
      -0.9174538254737854,
      -0.39650213718414307
    ],
    "rotationMatrix" : [
      0.04129841923713684,
      0.39761224389076233,
      -0.9166237115859985,
      -0.9986140727996826,
      -0.013533264398574829,
      -0.05086296796798706,
      -0.03262856602668762,
      0.9174538254737854,
      0.39650213718414307
    ],
    "timestamp" : 239674694537,
    "userAcceleration" : [
      -0.018682189285755157,
      0.006275177001953125,
      -0.07421636581420898
    ]
  },
  {
    "gravity" : [
      0.03296944499015808,
      -0.9181259274482727,
      -0.39491477608680725
    ],
    "rotationMatrix" : [
      0.04182359576225281,
      0.39605072140693665,
      -0.9172755479812622,
      -0.998580813407898,
      -0.013725221157073975,
      -0.05145677924156189,
      -0.03296941518783569,
      0.9181258678436279,
      0.39491477608680725
    ],
    "timestamp" : 239674704556,
    "userAcceleration" : [
      -0.016947884112596512,
      -0.01687157154083252,
      0.010683119297027588
    ]
  },
  {
    "gravity" : [
      0.033198218792676926,
      -0.9184163212776184,
      -0.3942198157310486
    ],
    "rotationMatrix" : [
      0.04221230745315552,
      0.3953736424446106,
      -0.9175498485565186,
      -0.998556911945343,
      -0.013820052146911621,
      -0.05189412832260132,
      -0.03319820761680603,
      0.9184163212776184,
      0.3942198157310486
    ],
    "timestamp" : 239674714575,
    "userAcceleration" : [
      -0.016077999025583267,
      -0.04157501459121704,
      0.1289304494857788
    ]
  },
  {
    "gravity" : [
      0.03328867629170418,
      -0.9180877208709717,
      -0.3949768543243408
    ],
    "rotationMatrix" : [
      0.04167512059211731,
      0.39612719416618347,
      -0.917249321937561,
      -0.9985764026641846,
      -0.014073282480239868,
      -0.051447927951812744,
      -0.03328871726989746,
      0.9180877208709717,
      0.3949768543243408
    ],
    "timestamp" : 239674724594,
    "userAcceleration" : [
      -0.01616845279932022,
      -0.041903674602508545,
      0.12968748807907104
    ]
  },
  {
    "gravity" : [
      0.033313095569610596,
      -0.9170899987220764,
      -0.39728599786758423
    ],
    "rotationMatrix" : [
      0.039384156465530396,
      0.39840245246887207,
      -0.9163647294044495,
      -0.9986686706542969,
      -0.014880150556564331,
      -0.049390822649002075,
      -0.033313095569610596,
      0.9170899391174316,
      0.39728599786758423
    ],
    "timestamp" : 239674734613,
    "userAcceleration" : [
      -0.02981897071003914,
      -0.04117715358734131,
      0.11986589431762695
    ]
  },
  {
    "gravity" : [
      0.033252064138650894,
      -0.9155876636505127,
      -0.40074101090431213
    ],
    "rotationMatrix" : [
      0.03666070103645325,
      0.4018101096153259,
      -0.9149886965751648,
      -0.9987742304801941,
      -0.015733718872070312,
      -0.04692697525024414,
      -0.033252060413360596,
      0.9155876636505127,
      0.40074101090431213
    ],
    "timestamp" : 239674744632,
    "userAcceleration" : [
      -0.03435085713863373,
      -0.031342148780822754,
      0.06442198157310486
    ]
  },
  {
    "gravity" : [
      0.03309008851647377,
      -0.9138457775115967,
      -0.4047107994556427
    ],
    "rotationMatrix" : [
      0.03367173671722412,
      0.40572190284729004,
      -0.9133760333061218,
      -0.998884916305542,
      -0.016596287488937378,
      -0.04419606924057007,
      -0.033090054988861084,
      0.9138457775115967,
      0.4047107994556427
    ],
    "timestamp" : 239674754651,
    "userAcceleration" : [
      -0.03156435489654541,
      -0.01895439624786377,
      -0.015150129795074463
    ]
  },
  {
    "gravity" : [
      0.03287592902779579,
      -0.9121225476264954,
      -0.4085972309112549
    ],
    "rotationMatrix" : [
      0.030606776475906372,
      0.40954533219337463,
      -0.9117763042449951,
      -0.9989907741546631,
      -0.017469674348831177,
      -0.0413813591003418,
      -0.03287592530250549,
      0.9121225476264954,
      0.4085972309112549
    ],
    "timestamp" : 239674764669,
    "userAcceleration" : [
      -0.03930003196001053,
      -0.006532847881317139,
      -0.08536040782928467
    ]
  },
  {
    "gravity" : [
      0.032546188682317734,
      -0.9106442928314209,
      -0.4119071662425995
    ],
    "rotationMatrix" : [
      0.028276920318603516,
      0.41279929876327515,
      -0.9103827476501465,
      -0.9990699887275696,
      -0.017981916666030884,
      -0.03918507695198059,
      -0.03254619240760803,
      0.9106442928314209,
      0.4119071662425995
    ],
    "timestamp" : 239674774688,
    "userAcceleration" : [
      -0.050963710993528366,
      -7.641315460205078e-05,
      -0.1356850564479828
    ]
  },
  {
    "gravity" : [
      0.032235369086265564,
      -0.9096296429634094,
      -0.414167195558548
    ],
    "rotationMatrix" : [
      0.02631393074989319,
      0.41501107811927795,
      -0.909435510635376,
      -0.9991337060928345,
      -0.01841750741004944,
      -0.0373137891292572,
      -0.03223538398742676,
      0.9096297025680542,
      0.4141671657562256
    ],
    "timestamp" : 239674784707,
    "userAcceleration" : [
      -0.0704740434885025,
      -0.00887298583984375,
      -0.1726248562335968
    ]
  },
  {
    "gravity" : [
      0.03210736811161041,
      -0.9092187881469727,
      -0.41507861018180847
    ],
    "rotationMatrix" : [
      0.024520158767700195,
      0.41588422656059265,
      -0.9090868830680847,
      -0.9991835355758667,
      -0.019010573625564575,
      -0.035647064447402954,
      -0.032107412815093994,
      0.9092187881469727,
      0.41507861018180847
    ],
    "timestamp" : 239674794726,
    "userAcceleration" : [
      -0.10043638199567795,
      -0.008276820182800293,
      -0.1788393259048462
    ]
  },
  {
    "gravity" : [
      0.03241579607129097,
      -0.9094201922416687,
      -0.41461309790611267
    ],
    "rotationMatrix" : [
      0.02307376265525818,
      0.4154013991355896,
      -0.9093454480171204,
      -0.9992080330848694,
      -0.019910454750061035,
      -0.034449219703674316,
      -0.032415807247161865,
      0.9094201922416687,
      0.41461309790611267
    ],
    "timestamp" : 239674804745,
    "userAcceleration" : [
      -0.1164461001753807,
      -0.027423560619354248,
      -0.1694476306438446
    ]
  },
  {
    "gravity" : [
      0.033335134387016296,
      -0.9100830554962158,
      -0.4130829870700836
    ],
    "rotationMatrix" : [
      0.021700233221054077,
      0.4138743281364441,
      -0.910075306892395,
      -0.9992086291313171,
      -0.021373450756072998,
      -0.03354555368423462,
      -0.0333351194858551,
      0.9100830554962158,
      0.4130829870700836
    ],
    "timestamp" : 239674814764,
    "userAcceleration" : [
      -0.09260041266679764,
      0.0001252889633178711,
      -0.07608336210250854
    ]
  },
  {
    "gravity" : [
      0.03467477858066559,
      -0.9109563827514648,
      -0.411042720079422
    ],
    "rotationMatrix" : [
      0.020911216735839844,
      0.4118613004684448,
      -0.9110065698623657,
      -0.9991798400878906,
      -0.022993534803390503,
      -0.033330440521240234,
      -0.034674763679504395,
      0.9109563827514648,
      0.411042720079422
    ],
    "timestamp" : 239674824783,
    "userAcceleration" : [
      -0.09394004940986633,
      0.0009986162185668945,
      -0.07812362909317017
    ]
  },
  {
    "gravity" : [
      0.035925332456827164,
      -0.9117305278778076,
      -0.4092148244380951
    ],
    "rotationMatrix" : [
      0.019908368587493896,
      0.41005077958106995,
      -0.911845326423645,
      -0.99915611743927,
      -0.02461153268814087,
      -0.0328822135925293,
      -0.03592535853385925,
      0.9117305278778076,
      0.4092148542404175
    ],
    "timestamp" : 239674834802,
    "userAcceleration" : [
      -0.056387532502412796,
      0.018526911735534668,
      -0.017985552549362183
    ]
  },
  {
    "gravity" : [
      0.03675736486911774,
      -0.9121710062026978,
      -0.4081578552722931
    ],
    "rotationMatrix" : [
      0.019020825624465942,
      0.4089983403682709,
      -0.9123367071151733,
      -0.9991430044174194,
      -0.025771498680114746,
      -0.03238379955291748,
      -0.03675734996795654,
      0.912170946598053,
      0.4081578552722931
    ],
    "timestamp" : 239674844821,
    "userAcceleration" : [
      -0.028807688504457474,
      0.022034406661987305,
      0.023865163326263428
    ]
  },
  {
    "gravity" : [
      0.037251636385917664,
      -0.9121580719947815,
      -0.4081420600414276
    ],
    "rotationMatrix" : [
      0.01842978596687317,
      0.4089832007884979,
      -0.9123557806015015,
      -0.9991359710693359,
      -0.026464790105819702,
      -0.03204619884490967,
      -0.03725162148475647,
      0.9121580719947815,
      0.4081420302391052
    ],
    "timestamp" : 239674854840,
    "userAcceleration" : [
      -0.0211995467543602,
      0.017153918743133545,
      0.03602588176727295
    ]
  },
  {
    "gravity" : [
      0.03738712891936302,
      -0.9117467403411865,
      -0.4090476632118225
    ],
    "rotationMatrix" : [
      0.01757824420928955,
      0.409870445728302,
      -0.911974310874939,
      -0.9991461634635925,
      -0.026905715465545654,
      -0.0313507616519928,
      -0.03738710284233093,
      0.9117467403411865,
      0.4090476632118225
    ],
    "timestamp" : 239674864859,
    "userAcceleration" : [
      -0.029391683638095856,
      0.017764925956726074,
      0.030461788177490234
    ]
  },
  {
    "gravity" : [
      0.037182100117206573,
      -0.9111178517341614,
      -0.4104650318622589
    ],
    "rotationMatrix" : [
      0.016551285982131958,
      0.41125398874282837,
      -0.9113702774047852,
      -0.9991711974143982,
      -0.027092814445495605,
      -0.03037133812904358,
      -0.03718206286430359,
      0.9111177921295166,
      0.4104650318622589
    ],
    "timestamp" : 239674874878,
    "userAcceleration" : [
      -0.04487268999218941,
      0.011185169219970703,
      -0.0017206668853759766
    ]
  },
  {
    "gravity" : [
      0.03681633621454239,
      -0.9105059504508972,
      -0.41185370087623596
    ],
    "rotationMatrix" : [
      0.0152340829372406,
      0.41259661316871643,
      -0.9107864499092102,
      -0.9992059469223022,
      -0.02725762128829956,
      -0.02906098961830139,
      -0.03681635856628418,
      0.9105058908462524,
      0.41185370087623596
    ],
    "timestamp" : 239674884897,
    "userAcceleration" : [
      -0.07203378528356552,
      0.0029590725898742676,
      -0.0369989275932312
    ]
  },
  {
    "gravity" : [
      0.03661835938692093,
      -0.910093367099762,
      -0.4127822518348694
    ],
    "rotationMatrix" : [
      0.0138760507106781,
      0.4134826064109802,
      -0.9104063510894775,
      -0.999233067035675,
      -0.02760985493659973,
      -0.027769625186920166,
      -0.03661841154098511,
      0.9100934267044067,
      0.4127822518348694
    ],
    "timestamp" : 239674894916,
    "userAcceleration" : [
      -0.09827926754951477,
      -0.0006274580955505371,
      -0.06681686639785767
    ]
  },
  {
    "gravity" : [
      0.036839425563812256,
      -0.9100123047828674,
      -0.41294118762016296
    ],
    "rotationMatrix" : [
      0.012703031301498413,
      0.4136146008968353,
      -0.9103633165359497,
      -0.9992402791976929,
      -0.02829158306121826,
      -0.02679714560508728,
      -0.036839425563812256,
      0.9100122451782227,
      0.41294118762016296
    ],
    "timestamp" : 239674904935,
    "userAcceleration" : [
      -0.11430846154689789,
      0.000832676887512207,
      -0.0827254056930542
    ]
  },
  {
    "gravity" : [
      0.037613645195961,
      -0.9103650450706482,
      -0.4120929539203644
    ],
    "rotationMatrix" : [
      0.011565446853637695,
      0.4127536714076996,
      -0.9107692241668701,
      -0.999225378036499,
      -0.029491275548934937,
      -0.026053905487060547,
      -0.037613630294799805,
      0.9103650450706482,
      0.4120929539203644
    ],
    "timestamp" : 239674914954,
    "userAcceleration" : [
      -0.11824124306440353,
      -0.004933297634124756,
      -0.08220034837722778
    ]
  },
  {
    "gravity" : [
      0.03892891854047775,
      -0.9111141562461853,
      -0.4103115200996399
    ],
    "rotationMatrix" : [
      0.01073002815246582,
      0.41098031401634216,
      -0.9115810990333557,
      -0.9991843700408936,
      -0.03108423948287964,
      -0.02577531337738037,
      -0.03892892599105835,
      0.9111141562461853,
      0.4103115200996399
    ],
    "timestamp" : 239674924973,
    "userAcceleration" : [
      -0.1108437329530716,
      -0.0037569403648376465,
      -0.05323529243469238
    ]
  },
  {
    "gravity" : [
      0.040537670254707336,
      -0.9120357632637024,
      -0.40810203552246094
    ],
    "rotationMatrix" : [
      0.009696990251541138,
      0.4087774455547333,
      -0.9125823974609375,
      -0.9991307258605957,
      -0.033036500215530396,
      -0.025414735078811646,
      -0.04053765535354614,
      0.9120358228683472,
      0.40810203552246094
    ],
    "timestamp" : 239674934992,
    "userAcceleration" : [
      -0.08515451103448868,
      0.0007352232933044434,
      0.0012263655662536621
    ]
  },
  {
    "gravity" : [
      0.0421307198703289,
      -0.9128293395042419,
      -0.4061617851257324
    ],
    "rotationMatrix" : [
      0.008641570806503296,
      0.4068402349948883,
      -0.9134582281112671,
      -0.9990745782852173,
      -0.03497466444969177,
      -0.02502855658531189,
      -0.04213070869445801,
      0.9128292798995972,
      0.4061617851257324
    ],
    "timestamp" : 239674945011,
    "userAcceleration" : [
      -0.04585402086377144,
      0.008654654026031494,
      0.051623791456222534
    ]
  },
  {
    "gravity" : [
      0.043567877262830734,
      -0.9132512211799622,
      -0.40506038069725037
    ],
    "rotationMatrix" : [
      0.007987946271896362,
      0.4057508111000061,
      -0.9139487743377686,
      -0.9990184903144836,
      -0.03658318519592285,
      -0.024972647428512573,
      -0.04356789588928223,
      0.9132512807846069,
      0.40506038069725037
    ],
    "timestamp" : 239674955030,
    "userAcceleration" : [
      -0.022343065589666367,
      0.02493041753768921,
      0.08337455987930298
    ]
  },
  {
    "gravity" : [
      0.044621970504522324,
      -0.9132011532783508,
      -0.40505844354629517
    ],
    "rotationMatrix" : [
      0.007603108882904053,
      0.40576082468032837,
      -0.9139475226402283,
      -0.9989748597145081,
      -0.037702351808547974,
      -0.025048911571502686,
      -0.044621944427490234,
      0.9132011532783508,
      0.4050584137439728
    ],
    "timestamp" : 239674965049,
    "userAcceleration" : [
      -0.002690982073545456,
      0.04296201467514038,
      0.10139325261116028
    ]
  },
  {
    "gravity" : [
      0.044953081756830215,
      -0.9127345681190491,
      -0.4060722291469574
    ],
    "rotationMatrix" : [
      0.007420837879180908,
      0.4067768454551697,
      -0.9134972095489502,
      -0.9989613890647888,
      -0.03805100917816162,
      -0.025058984756469727,
      -0.04495307803153992,
      0.9127345681190491,
      0.406072199344635
    ],
    "timestamp" : 239674975068,
    "userAcceleration" : [
      0.005507584661245346,
      0.04464691877365112,
      0.10318520665168762
    ]
  },
  {
    "gravity" : [
      0.044343940913677216,
      -0.912043035030365,
      -0.4076898396015167
    ],
    "rotationMatrix" : [
      0.006830006837844849,
      0.40835845470428467,
      -0.9127960205078125,
      -0.998992919921875,
      -0.03769242763519287,
      -0.024337440729141235,
      -0.044343918561935425,
      0.9120430946350098,
      0.4076898396015167
    ],
    "timestamp" : 239674985087,
    "userAcceleration" : [
      -0.007951874285936356,
      0.03501373529434204,
      0.08705681562423706
    ]
  },
  {
    "gravity" : [
      0.04297544062137604,
      -0.9113244414329529,
      -0.4094396233558655
    ],
    "rotationMatrix" : [
      0.0054804980754852295,
      0.41002699732780457,
      -0.9120568037033081,
      -0.9990609884262085,
      -0.036952048540115356,
      -0.022615492343902588,
      -0.04297545552253723,
      0.9113244414329529,
      0.4094396233558655
    ],
    "timestamp" : 239674995106,
    "userAcceleration" : [
      -0.03909986466169357,
      0.013421058654785156,
      0.0499730110168457
    ]
  },
  {
    "gravity" : [
      0.04127541556954384,
      -0.91068035364151,
      -0.41104450821876526
    ],
    "rotationMatrix" : [
      0.003871321678161621,
      0.411537766456604,
      -0.9113844633102417,
      -0.9991402626037598,
      -0.0360264778137207,
      -0.020511895418167114,
      -0.04127544164657593,
      0.9106804132461548,
      0.41104447841644287
    ],
    "timestamp" : 239675005125,
    "userAcceleration" : [
      -0.07615717500448227,
      -8.618831634521484e-05,
      0.011096298694610596
    ]
  },
  {
    "gravity" : [
      0.03972755745053291,
      -0.9101389646530151,
      -0.41239380836486816
    ],
    "rotationMatrix" : [
      0.002002328634262085,
      0.41279125213623047,
      -0.9108233451843262,
      -0.9992084503173828,
      -0.03535899519920349,
      -0.01822146773338318,
      -0.03972756862640381,
      0.9101389646530151,
      0.41239380836486816
    ],
    "timestamp" : 239675015144,
    "userAcceleration" : [
      -0.10933829098939896,
      -0.008729934692382812,
      -0.02057439088821411
    ]
  },
  {
    "gravity" : [
      0.03866079822182655,
      -0.9096906781196594,
      -0.41348302364349365
    ],
    "rotationMatrix" : [
      0.00046691298484802246,
      0.41380876302719116,
      -0.9103636741638184,
      -0.9992522597312927,
      -0.035002321004867554,
      -0.016422897577285767,
      -0.038660794496536255,
      0.9096906185150146,
      0.41348302364349365
    ],
    "timestamp" : 239675025163,
    "userAcceleration" : [
      -0.1288251280784607,
      -0.0114213228225708,
      -0.03573578596115112
    ]
  },
  {
    "gravity" : [
      0.03816245496273041,
      -0.9092909693717957,
      -0.4144074618816376
    ],
    "rotationMatrix" : [
      -0.0008105039596557617,
      0.41468119621276855,
      -0.9099663496017456,
      -0.9992711544036865,
      -0.03506234288215637,
      -0.015088200569152832,
      -0.038162440061569214,
      0.9092909097671509,
      0.4144074618816376
    ],
    "timestamp" : 239675035182,
    "userAcceleration" : [
      -0.12297096848487854,
      -0.00829625129699707,
      -0.03368222713470459
    ]
  },
  {
    "gravity" : [
      0.038090553134679794,
      -0.9088597893714905,
      -0.41535884141921997
    ],
    "rotationMatrix" : [
      -0.001854032278060913,
      0.41559550166130066,
      -0.9095476865768433,
      -0.9992725849151611,
      -0.03541526198387146,
      -0.014145195484161377,
      -0.03809055685997009,
      0.9088597893714905,
      0.41535884141921997
    ],
    "timestamp" : 239675045201,
    "userAcceleration" : [
      -0.09436513483524323,
      0.005020737648010254,
      -0.017273664474487305
    ]
  },
  {
    "gravity" : [
      0.038170117884874344,
      -0.9083211421966553,
      -0.41652801632881165
    ],
    "rotationMatrix" : [
      -0.0025737881660461426,
      0.41674092411994934,
      -0.9090214967727661,
      -0.9992678165435791,
      -0.03576946258544922,
      -0.013569146394729614,
      -0.03817012906074524,
      0.9083211421966553,
      0.41652804613113403
    ],
    "timestamp" : 239675055220,
    "userAcceleration" : [
      -0.06148570403456688,
      0.020595431327819824,
      -0.00258520245552063
    ]
  },
  {
    "gravity" : [
      0.03816261515021324,
      -0.9076401591300964,
      -0.4180104434490204
    ],
    "rotationMatrix" : [
      -0.0030508339405059814,
      0.41820719838142395,
      -0.9083463549613953,
      -0.9992667436599731,
      -0.03594005107879639,
      -0.01319071650505066,
      -0.03816258907318115,
      0.9076402187347412,
      0.4180104434490204
    ],
    "timestamp" : 239675065238,
    "userAcceleration" : [
      -0.029572073370218277,
      0.04144465923309326,
      0.006297796964645386
    ]
  },
  {
    "gravity" : [
      0.03774607926607132,
      -0.9068523645401001,
      -0.4197544455528259
    ],
    "rotationMatrix" : [
      -0.0032417774200439453,
      0.41994017362594604,
      -0.9075456857681274,
      -0.9992818236351013,
      -0.035616934299468994,
      -0.012911081314086914,
      -0.037746042013168335,
      0.9068523049354553,
      0.4197544455528259
    ],
    "timestamp" : 239675075257,
    "userAcceleration" : [
      -0.0012014470994472504,
      0.06032538414001465,
      0.00473061203956604
    ]
  },
  {
    "gravity" : [
      0.036622580140829086,
      -0.9060810208320618,
      -0.421516090631485
    ],
    "rotationMatrix" : [
      -0.003190934658050537,
      0.4216907322406769,
      -0.9067339301109314,
      -0.9993239641189575,
      -0.03455188870429993,
      -0.012551993131637573,
      -0.036622583866119385,
      0.906080961227417,
      0.421516090631485
    ],
    "timestamp" : 239675085276,
    "userAcceleration" : [
      0.015363968908786774,
      0.07014364004135132,
      -0.009559959173202515
    ]
  },
  {
    "gravity" : [
      0.03483623266220093,
      -0.9055548310279846,
      -0.4227963387966156
    ],
    "rotationMatrix" : [
      -0.00312960147857666,
      0.4229521155357361,
      -0.9061465263366699,
      -0.9993880391120911,
      -0.032889872789382935,
      -0.011899977922439575,
      -0.03483623266220093,
      0.9055548906326294,
      0.4227963387966156
    ],
    "timestamp" : 239675095295,
    "userAcceleration" : [
      0.011306177824735641,
      0.06996840238571167,
      -0.03719514608383179
    ]
  },
  {
    "gravity" : [
      0.032641202211380005,
      -0.9054814577102661,
      -0.4231283366680145
    ],
    "rotationMatrix" : [
      -0.002675294876098633,
      0.4232730567455292,
      -0.9059979915618896,
      -0.9994633197784424,
      -0.030704766511917114,
      -0.011393547058105469,
      -0.032641202211380005,
      0.9054814577102661,
      0.4231283366680145
    ],
    "timestamp" : 239675105314,
    "userAcceleration" : [
      -0.011355355381965637,
      0.06807929277420044,
      -0.052472859621047974
    ]
  },
  {
    "gravity" : [
      0.03027999959886074,
      -0.9059510827064514,
      -0.42229798436164856
    ],
    "rotationMatrix" : [
      -0.0020702779293060303,
      0.4224338233470917,
      -0.9063912630081177,
      -0.9995391368865967,
      -0.028319716453552246,
      -0.010915577411651611,
      -0.030279964208602905,
      0.9059510827064514,
      0.42229798436164856
    ],
    "timestamp" : 239675115333,
    "userAcceleration" : [
      -0.03562071919441223,
      0.06029385328292847,
      -0.03876161575317383
    ]
  },
  {
    "gravity" : [
      0.0278671495616436,
      -0.9068683981895447,
      -0.4204913377761841
    ],
    "rotationMatrix" : [
      -0.001309216022491455,
      0.4206210672855377,
      -0.9072352647781372,
      -0.9996106624603271,
      -0.02583247423171997,
      -0.010534048080444336,
      -0.027867168188095093,
      0.9068683981895447,
      0.4204913377761841
    ],
    "timestamp" : 239675125352,
    "userAcceleration" : [
      -0.05006882920861244,
      0.04262596368789673,
      0.0009509027004241943
    ]
  },
  {
    "gravity" : [
      0.02546224370598793,
      -0.9079433679580688,
      -0.41831865906715393
    ],
    "rotationMatrix" : [
      -0.000824272632598877,
      0.41843509674072266,
      -0.9082462787628174,
      -0.9996753931045532,
      -0.023470759391784668,
      -0.009905844926834106,
      -0.025462239980697632,
      0.9079433679580688,
      0.4183186888694763
    ],
    "timestamp" : 239675135371,
    "userAcceleration" : [
      -0.06161046400666237,
      0.0267636775970459,
      0.06156808137893677
    ]
  },
  {
    "gravity" : [
      0.023155778646469116,
      -0.9087916612625122,
      -0.4166070818901062
    ],
    "rotationMatrix" : [
      -0.0007315874099731445,
      0.41670316457748413,
      -0.9090421795845032,
      -0.9997314810752869,
      -0.02135428786277771,
      -0.008984118700027466,
      -0.02315574884414673,
      0.9087916612625122,
      0.4166070520877838
    ],
    "timestamp" : 239675145390,
    "userAcceleration" : [
      -0.05944132059812546,
      0.009438693523406982,
      0.11497128009796143
    ]
  },
  {
    "gravity" : [
      0.021040303632616997,
      -0.909102201461792,
      -0.41604143381118774
    ],
    "rotationMatrix" : [
      -0.0007969141006469727,
      0.41611814498901367,
      -0.9093102216720581,
      -0.9997782707214355,
      -0.019463717937469482,
      -0.008030742406845093,
      -0.021040290594100952,
      0.909102201461792,
      0.41604143381118774
    ],
    "timestamp" : 239675155409,
    "userAcceleration" : [
      -0.05071878805756569,
      -0.002671360969543457,
      0.14353466033935547
    ]
  },
  {
    "gravity" : [
      0.01916295662522316,
      -0.908736526966095,
      -0.4169301390647888
    ],
    "rotationMatrix" : [
      -0.0009117722511291504,
      0.41699063777923584,
      -0.9089102745056152,
      -0.9998159408569336,
      -0.0177975594997406,
      -0.007162183523178101,
      -0.01916298270225525,
      0.9087364673614502,
      0.4169301688671112
    ],
    "timestamp" : 239675165428,
    "userAcceleration" : [
      -0.046461090445518494,
      -0.002640366554260254,
      0.14283645153045654
    ]
  },
  {
    "gravity" : [
      0.017484810203313828,
      -0.9077960848808289,
      -0.4190470278263092
    ],
    "rotationMatrix" : [
      -0.0008700788021087646,
      0.41909700632095337,
      -0.9079409241676331,
      -0.9998466372489929,
      -0.01623976230621338,
      -0.006537884473800659,
      -0.017484843730926514,
      0.9077961444854736,
      0.4190470278263092
    ],
    "timestamp" : 239675175447,
    "userAcceleration" : [
      -0.04327230527997017,
      0.003636658191680908,
      0.11295562982559204
    ]
  },
  {
    "gravity" : [
      0.01586109586060047,
      -0.9065914154052734,
      -0.4217112958431244
    ],
    "rotationMatrix" : [
      -0.0007722377777099609,
      0.4217529892921448,
      -0.9067103862762451,
      -0.9998738169670105,
      -0.014706999063491821,
      -0.005989283323287964,
      -0.015861064195632935,
      0.9065914154052734,
      0.4217112958431244
    ],
    "timestamp" : 239675185466,
    "userAcceleration" : [
      -0.040809355676174164,
      0.005056500434875488,
      0.06355690956115723
    ]
  },
  {
    "gravity" : [
      0.01424949150532484,
