[
  {
    "timestamp" : 239654409075,
    "gravity" : [
      -0.01102931797504425,
      -0.9412434697151184,
      -0.3375484347343445
    ],
    "userAcceleration" : [
      0.0662660002708435,
      0.03404754400253296,
      0.05436050891876221
    ],
    "rotationMatrix" : [
      0.02506113052368164,
      0.33720263838768005,
      -0.9410983324050903,
      -0.9996249675750732,
      0.01883906126022339,
      -0.019869446754455566,
      0.011029332876205444,
      0.9412434697151184,
      0.3375484347343445
    ]
  },
  {
    "timestamp" : 239654419094,
    "gravity" : [
      -0.011458409950137138,
      -0.9411599636077881,
      -0.33776694536209106
    ],
    "userAcceleration" : [
      0.07296643406152725,
      0.04887187480926514,
      0.026014596223831177
    ],
    "rotationMatrix" : [
      0.028527051210403442,
      0.33734387159347534,
      -0.9409490823745728,
      -0.9995272755622864,
      0.020417362451553345,
      -0.02298298478126526,
      0.01145845651626587,
      0.9411599636077881,
      0.33776694536209106
    ]
  },
  {
    "timestamp" : 239654429113,
    "gravity" : [
      -0.012090148404240608,
      -0.940890908241272,
      -0.33849379420280457
    ],
    "userAcceleration" : [
      0.05110672488808632,
      0.0685308575630188,
      -0.018226265907287598
    ],
    "rotationMatrix" : [
      0.03260818123817444,
      0.3379673957824707,
      -0.9405926465988159,
      -0.9993950128555298,
      0.02240961790084839,
      -0.02659463882446289,
      0.012090176343917847,
      0.940890908241272,
      0.33849379420280457
    ]
  },
  {
    "timestamp" : 239654439131,
    "gravity" : [
      -0.012620986439287663,
      -0.9405266046524048,
      -0.3394852578639984
    ],
    "userAcceleration" : [
      0.020448610186576843,
      0.07491093873977661,
      -0.06688687205314636
    ],
    "rotationMatrix" : [
      0.037740349769592285,
      0.33882221579551697,
      -0.9400930404663086,
      -0.9992077350616455,
      0.024677246809005737,
      -0.031219482421875,
      0.012621015310287476,
      0.9405266046524048,
      0.3394852578639984
    ]
  },
  {
    "timestamp" : 239654449150,
    "gravity" : [
      -0.012819907627999783,
      -0.9402190446853638,
      -0.3403286337852478
    ],
    "userAcceleration" : [
      -0.006650456227362156,
      0.05745244026184082,
      -0.09607279300689697
    ],
    "rotationMatrix" : [
      0.04386463761329651,
      0.33949995040893555,
      -0.9395825266838074,
      -0.9989550113677979,
      0.026973873376846313,
      -0.036889880895614624,
      0.012819945812225342,
      0.9402190446853638,
      0.3403286337852478
    ]
  },
  {
    "timestamp" : 239654459168,
    "gravity" : [
      -0.012588298879563808,
      -0.94010329246521,
      -0.34065699577331543
    ],
    "userAcceleration" : [
      -0.02767980471253395,
      0.039041340351104736,
      -0.10393843054771423
    ],
    "rotationMatrix" : [
      0.050451070070266724,
      0.3396528661251068,
      -0.9391967058181763,
      -0.9986470937728882,
      0.02900943160057068,
      -0.04315349459648132,
      0.012588292360305786,
      0.94010329246521,
      0.34065699577331543
    ]
  },
  {
    "timestamp" : 239654469187,
    "gravity" : [
      -0.012061160057783127,
      -0.9401986598968506,
      -0.34041285514831543
    ],
    "userAcceleration" : [
      -0.030434705317020416,
      0.02738744020462036,
      -0.08840495347976685
    ],
    "rotationMatrix" : [
      0.056834906339645386,
      0.3392425775527954,
      -0.9389803409576416,
      -0.9983106851577759,
      0.030672550201416016,
      -0.049344420433044434,
      0.012061148881912231,
      0.9401986598968506,
      0.34041282534599304
    ]
  },
  {
    "timestamp" : 239654479205,
    "gravity" : [
      -0.011336875148117542,
      -0.9403982758522034,
      -0.3398858904838562
    ],
    "userAcceleration" : [
      -0.017044611275196075,
      0.019866228103637695,
      -0.057254672050476074
    ],
    "rotationMatrix" : [
      0.06286507844924927,
      0.3385649025440216,
      -0.9388406276702881,
      -0.9979575872421265,
      0.0320105254650116,
      -0.05527988076210022,
      0.01133689284324646,
      0.9403983354568481,
      0.3398858606815338
    ]
  },
  {
    "timestamp" : 239654489224,
    "gravity" : [
      -0.010410166345536709,
      -0.9405185580253601,
      -0.33958277106285095
    ],
    "userAcceleration" : [
      -0.010402963496744633,
      0.016553223133087158,
      -0.02173018455505371
    ],
    "rotationMatrix" : [
      0.06842193007469177,
      0.3381352722644806,
      -0.9386069774627686,
      -0.9976022243499756,
      0.03300595283508301,
      -0.060832083225250244,
      0.010410159826278687,
      0.9405185580253601,
      0.33958277106285095
    ]
  },
  {
    "timestamp" : 239654499242,
    "gravity" : [
      -0.009292392060160637,
      -0.940400242805481,
      -0.3399427533149719
    ],
    "userAcceleration" : [
      -0.0032504796981811523,
      0.015473484992980957,
      0.0029828250408172607
    ],
    "rotationMatrix" : [
      0.07411977648735046,
      0.3383745849132538,
      -0.9380879402160645,
      -0.9972060918807983,
      0.033913493156433105,
      -0.06655800342559814,
      0.009292364120483398,
      0.940400242805481,
      0.3399427831172943
    ]
  },
  {
    "timestamp" : 239654509261,
    "gravity" : [
      -0.008148799650371075,
      -0.939998209476471,
      -0.3410818874835968
    ],
    "userAcceleration" : [
      0.017212364822626114,
      0.020168006420135498,
      -0.02782994508743286
    ],
    "rotationMatrix" : [
      0.07967659831047058,
      0.3393982946872711,
      -0.9372621774673462,
      -0.996787428855896,
      0.03481385111808777,
      -0.07213011384010315,
      0.008148759603500366,
      0.9399982690811157,
      0.3410819172859192
    ]
  },
  {
    "timestamp" : 239654519279,
    "gravity" : [
      -0.007059179712086916,
      -0.9393942356109619,
      -0.3427661955356598
    ],
    "userAcceleration" : [
      0.01612275466322899,
      0.019564032554626465,
      -0.026145637035369873
    ],
    "rotationMatrix" : [
      0.084748774766922,
      0.3409794569015503,
      -0.9362428784370422,
      -0.9963773488998413,
      0.03565812110900879,
      -0.07720553874969482,
      0.007059216499328613,
      0.9393942356109619,
      0.3427661955356598
    ]
  },
  {
    "timestamp" : 239654529298,
    "gravity" : [
      -0.006172360852360725,
      -0.9387949705123901,
      -0.3444211781024933
    ],
    "userAcceleration" : [
      0.0032120211981236935,
      0.030408799648284912,
      -0.08149749040603638
    ],
    "rotationMatrix" : [
      0.09092414379119873,
      0.34247416257858276,
      -0.935117244720459,
      -0.9958387017250061,
      0.0370880663394928,
      -0.08324521780014038,
      0.006172358989715576,
      0.9387949109077454,
      0.3444211781024933
    ]
  },
  {
    "timestamp" : 239654539316,
    "gravity" : [
      -0.0057283611968159676,
      -0.9385102987289429,
      -0.3452034294605255
    ],
    "userAcceleration" : [
      0.0035767247900366783,
      0.04695463180541992,
      -0.13201528787612915
    ],
    "rotationMatrix" : [
      0.09691372513771057,
      0.3430629074573517,
      -0.9342993497848511,
      -0.9952762126922607,
      0.038807034492492676,
      -0.08898922801017761,
      0.005728393793106079,
      0.9385102987289429,
      0.3452034294605255
    ]
  },
  {
    "timestamp" : 239654549335,
    "gravity" : [
      -0.005851493217051029,
      -0.9387390613555908,
      -0.3445790708065033
    ],
    "userAcceleration" : [
      0.0018840543925762177,
      0.05780351161956787,
      -0.16540026664733887
    ],
    "rotationMatrix" : [
      0.10308751463890076,
      0.34218278527259827,
      -0.9339613914489746,
      -0.9946551322937012,
      0.040986865758895874,
      -0.09476995468139648,
      0.005851477384567261,
      0.9387390613555908,
      0.3445790410041809
    ]
  },
  {
    "timestamp" : 239654559354,
    "gravity" : [
      -0.006451557856053114,
      -0.9394841194152832,
      -0.3425314128398895
    ],
    "userAcceleration" : [
      -0.006152348592877388,
      0.05950993299484253,
      -0.16003212332725525
    ],
    "rotationMatrix" : [
      0.10965248942375183,
      0.3398081362247467,
      -0.9340805411338806,
      -0.9939489364624023,
      0.043585777282714844,
      -0.10082435607910156,
      0.006451547145843506,
      0.9394841194152832,
      0.3425314128398895
    ]
  },
  {
    "timestamp" : 239654569372,
    "gravity" : [
      -0.007109827362000942,
      -0.9405074715614319,
      -0.3396982252597809
    ],
    "userAcceleration" : [
      -0.022034619003534317,
      0.03218245506286621,
      -0.1344687044620514
    ],
    "rotationMatrix" : [
      0.11651825904846191,
      0.3366134464740753,
      -0.934406042098999,
      -0.993162989616394,
      0.046224623918533325,
      -0.10719290375709534,
      0.007109850645065308,
      0.9405075311660767,
      0.3396982252597809
    ]
  },
  {
    "timestamp" : 239654579391,
    "gravity" : [
      -0.007601490709930658,
      -0.9415225982666016,
      -0.336864173412323
    ],
    "userAcceleration" : [
      -0.044949937611818314,
      0.019540905952453613,
      -0.08388179540634155
    ],
    "rotationMatrix" : [
      0.12342613935470581,
      0.3334145247936249,
      -0.9346661567687988,
      -0.9923245906829834,
      0.04868268966674805,
      -0.11367407441139221,
      0.0076014697551727295,
      0.9415225982666016,
      0.336864173412323
    ]
  },
  {
    "timestamp" : 239654589409,
    "gravity" : [
      -0.007697712630033493,
      -0.9423539042472839,
      -0.33452922105789185
    ],
    "userAcceleration" : [
      -0.06024981662631035,
      -0.0008527636528015137,
      -0.04060816764831543
    ],
    "rotationMatrix" : [
      0.13060501217842102,
      0.3307259976863861,
      -0.9346456527709961,
      -0.9914045333862305,
      0.05088585615158081,
      -0.12053027749061584,
      0.00769767165184021,
      0.9423539638519287,
      0.33452925086021423
    ]
  },
  {
    "timestamp" : 239654599428,
    "gravity" : [
      -0.007213165983557701,
      -0.9429494142532349,
      -0.33285751938819885
    ],
    "userAcceleration" : [
      -0.08168469369411469,
      -0.01998680830001831,
      0.00021582841873168945
    ],
    "rotationMatrix" : [
      0.13770702481269836,
      0.32875797152519226,
      -0.9343204498291016,
      -0.9904465675354004,
      0.05257633328437805,
      -0.1274791955947876,
      0.007213175296783447,
      0.9429494142532349,
      0.33285754919052124
    ]
  },
  {
    "timestamp" : 239654609446,
    "gravity" : [
      -0.006067568436264992,
      -0.9433125853538513,
      -0.3318501114845276
    ],
    "userAcceleration" : [
      -0.0797785148024559,
      -0.02574247121810913,
      0.04557985067367554
    ],
    "rotationMatrix" : [
      0.14434877038002014,
      0.327554315328598,
      -0.9337406754493713,
      -0.9895082712173462,
      0.05356767773628235,
      -0.1341785490512848,
      0.0060675740242004395,
      0.9433126449584961,
      0.3318501114845276
    ]
  },
  {
    "timestamp" : 239654619465,
    "gravity" : [
      -0.004605163354426622,
      -0.9435450434684753,
      -0.3312123119831085
    ],
    "userAcceleration" : [
      -0.0812409445643425,
      -0.025510132312774658,
      0.04494205117225647
    ],
    "rotationMatrix" : [
      0.15013161301612854,
      0.32680943608283997,
      -0.9330896139144897,
      -0.9886553287506104,
      0.05402243137359619,
      -0.14015096426010132,
      0.004605144262313843,
      0.9435450434684753,
      0.3312123119831085
    ]
  },
  {
    "timestamp" : 239654629483,
    "gravity" : [
      -0.0033364908304065466,
      -0.9437230825424194,
      -0.33071938157081604
    ],
    "userAcceleration" : [
      -0.039937574416399,
      -0.00020068883895874023,
      0.048416465520858765
    ],
    "rotationMatrix" : [
      0.1542104184627533,
      0.32627925276756287,
      -0.932609498500824,
      -0.9880321025848389,
      0.05411216616630554,
      -0.1444430947303772,
      0.003336489200592041,
      0.9437230229377747,
      0.3307194113731384
    ]
  },
  {
    "timestamp" : 239654639502,
    "gravity" : [
      -0.0025583633687347174,
      -0.9438493847846985,
      -0.33036577701568604
    ],
    "userAcceleration" : [
      -0.0056815193966031075,
      0.020906388759613037,
      0.03944167494773865
    ],
    "rotationMatrix" : [
      0.1578066349029541,
      0.3258461058139801,
      -0.9321593046188354,
      -0.98746657371521,
      0.054518818855285645,
      -0.14811190962791443,
      0.002558380365371704,
      0.9438493251800537,
      0.33036577701568604
    ]
  },
  {
    "timestamp" : 239654649520,
    "gravity" : [
      -0.0022616982460021973,
      -0.943925678730011,
      -0.33014997839927673
    ],
    "userAcceleration" : [
      0.006686599925160408,
      0.03457826375961304,
      0.013057023286819458
    ],
    "rotationMatrix" : [
      0.16094106435775757,
      0.32550325989723206,
      -0.9317432045936584,
      -0.9869613647460938,
      0.05524209141731262,
      -0.15118008852005005,
      0.0022616982460021973,
      0.943925678730011,
      0.33014997839927673
    ]
  },
  {
    "timestamp" : 239654659539,
    "gravity" : [
      -0.0021356316283345222,
      -0.9439773559570312,
      -0.33000287413597107
    ],
    "userAcceleration" : [
      0.002440669108182192,
      0.037010371685028076,
      -0.025282829999923706
    ],
    "rotationMatrix" : [
      0.16446051001548767,
      0.32517847418785095,
      -0.9312418699264526,
      -0.9863811731338501,
      0.0562613308429718,
      -0.1545524299144745,
      0.002135664224624634,
      0.9439773559570312,
      0.33000290393829346
    ]
  },
  {
    "timestamp" : 239654669557,
    "gravity" : [
      -0.0018579019233584404,
      -0.9440427422523499,
      -0.32981783151626587
    ],
    "userAcceleration" : [
      -0.0120887765660882,
      0.029583632946014404,
      -0.05899149179458618
    ],
    "rotationMatrix" : [
      0.1683720052242279,
      0.3248143196105957,
      -0.930669903755188,
      -0.9857217073440552,
      0.05726119875907898,
      -0.15834686160087585,
      0.0018579065799713135,
      0.9440426826477051,
      0.32981783151626587
    ]
  },
  {
    "timestamp" : 239654679576,
    "gravity" : [
      -0.0012692548334598541,
      -0.9441830515861511,
      -0.3294186294078827
    ],
    "userAcceleration" : [
      -0.027066461741924286,
      0.024139225482940674,
      -0.07788431644439697
    ],
    "rotationMatrix" : [
      0.17283552885055542,
      0.32425418496131897,
      -0.9300467371940613,
      -0.9849498271942139,
      0.058115750551223755,
      -0.16277673840522766,
      0.001269221305847168,
      0.9441831111907959,
      0.3294186294078827
    ]
  },
  {
    "timestamp" : 239654689595,
    "gravity" : [
      -0.0003542361955624074,
      -0.9444600939750671,
      -0.32862594723701477
    ],
    "userAcceleration" : [
      -0.028988560661673546,
      0.02726966142654419,
      -0.09221154451370239
    ],
    "rotationMatrix" : [
      0.17791512608528137,
      0.32332345843315125,
      -0.9294127821922302,
      -0.9840457439422607,
      0.05879676342010498,
      -0.16791915893554688,
      0.0003542304039001465,
      0.9444600343704224,
      0.32862594723701477
    ]
  },
  {
    "timestamp" : 239654699613,
    "gravity" : [
      0.0006820230628363788,
      -0.9448918104171753,
      -0.32738175988197327
    ],
    "userAcceleration" : [
      -0.018321320414543152,
      0.040701866149902344,
      -0.0916246771812439
    ],
    "rotationMatrix" : [
      0.18350118398666382,
      0.3219408392906189,
      -0.9288063645362854,
      -0.9830191731452942,
      0.05944150686264038,
      -0.17360824346542358,
      -0.0006820559501647949,
      0.9448918700218201,
      0.3273817300796509
    ]
  },
  {
    "timestamp" : 239654709632,
    "gravity" : [
      0.0015780377434566617,
      -0.9454346895217896,
      -0.32580745220184326
    ],
    "userAcceleration" : [
      -0.0039585549384355545,
      0.05271941423416138,
      -0.0747358500957489
    ],
    "rotationMatrix" : [
      0.1895999014377594,
      0.32018083333969116,
      -0.9281895160675049,
      -0.9818599820137024,
      0.06030845642089844,
      -0.1797594130039215,
      -0.0015780329704284668,
      0.9454346895217896,
      0.32580748200416565
    ]
  },
  {
    "timestamp" : 239654719650,
    "gravity" : [
      0.0020515320356935263,
      -0.9460392594337463,
      -0.32404500246047974
    ],
    "userAcceleration" : [
      0.009880682453513145,
      0.05994635820388794,
      -0.04245594143867493
    ],
    "rotationMatrix" : [
      0.19568198919296265,
      0.31816062331199646,
      -0.9276217222213745,
      -0.9806650876998901,
      0.06150686740875244,
      -0.18577533960342407,
      -0.0020515620708465576,
      0.9460392594337463,
      0.32404500246047974
    ]
  },
  {
    "timestamp" : 239654729669,
    "gravity" : [
      0.0019733307417482138,
      -0.9466478824615479,
      -0.3222637176513672
    ],
    "userAcceleration" : [
      0.011988315731287003,
      0.0543445348739624,
      -0.008394360542297363
    ],
    "rotationMatrix" : [
      0.2015349566936493,
      0.3160283863544464,
      -0.927097499370575,
      -0.9794794321060181,
      0.06311789155006409,
      -0.19140633940696716,
      -0.0019733309745788574,
      0.9466478824615479,
      0.3222637176513672
    ]
  },
  {
    "timestamp" : 239654739687,
    "gravity" : [
      0.0014122341526672244,
      -0.9471920132637024,
      -0.32066377997398376
    ],
    "userAcceleration" : [
      0.0068731303326785564,
      0.03126806020736694,
      0.014969110488891602
    ],
    "rotationMatrix" : [
      0.20703166723251343,
      0.3139936029911041,
      -0.9265775084495544,
      -0.9783332347869873,
      0.06507900357246399,
      -0.1965421736240387,
      -0.0014122724533081055,
      0.9471920728683472,
      0.32066377997398376
    ]
  },
  {
    "timestamp" : 239654749706,
    "gravity" : [
      0.000616085366345942,
      -0.9476689696311951,
      -0.3192538917064667
    ],
    "userAcceleration" : [
      -0.00928322784602642,
      0.00797182321548462,
      0.013193011283874512
    ],
    "rotationMatrix" : [
      0.21214693784713745,
      0.3121107816696167,
      -0.9260563254356384,
      -0.9772374629974365,
      0.06715825200080872,
      -0.201237291097641,
      -0.0006160736083984375,
      0.9476689100265503,
      0.3192538917064667
    ]
  },
  {
    "timestamp" : 239654759724,
    "gravity" : [
      -0.00014738670142833143,
      -0.948076069355011,
      -0.31804338097572327
    ],
    "userAcceleration" : [
      -0.029424304142594337,
      -0.012266218662261963,
      0.011601030826568604
    ],
    "rotationMatrix" : [
      0.2171192467212677,
      0.3104260563850403,
      -0.9254699945449829,
      -0.9761449694633484,
      0.06918978691101074,
      -0.20579972863197327,
      0.00014734268188476562,
      0.9480761289596558,
      0.31804338097572327
    ]
  },
  {
    "timestamp" : 239654769743,
    "gravity" : [
      -0.0006975054275244474,
      -0.9484328031539917,
      -0.3169774115085602
    ],
    "userAcceleration" : [
      -0.04019618034362793,
      -0.03285980224609375,
      0.014456570148468018
    ],
    "rotationMatrix" : [
      0.2214294970035553,
      0.30896246433258057,
      -0.924938440322876,
      -0.9751760959625244,
      0.07083329558372498,
      -0.20979547500610352,
      0.0006974935531616211,
      0.9484328031539917,
      0.3169773817062378
    ]
  },
  {
    "timestamp" : 239654779762,
    "gravity" : [
      -0.0009155761217698455,
      -0.9487356543540955,
      -0.3160691559314728
    ],
    "userAcceleration" : [
      -0.045654404908418655,
      -0.051905035972595215,
      0.01676785945892334
    ],
    "rotationMatrix" : [
      0.22543063759803772,
      0.3077375292778015,
      -0.9243800640106201,
      -0.9742587208747864,
      0.0720980167388916,
      -0.2135923206806183,
      0.0009155869483947754,
      0.9487357139587402,
      0.3160691559314728
    ]
  },
  {
    "timestamp" : 239654789780,
    "gravity" : [
      -0.0006075578276067972,
      -0.948965311050415,
      -0.31537967920303345
    ],
    "userAcceleration" : [
      -0.05124194920063019,
      -0.05642092227935791,
      0.0014299750328063965
    ],
    "rotationMatrix" : [
      0.2290581464767456,
      0.30686241388320923,
      -0.9237790107727051,
      -0.9734124541282654,
      0.0728016197681427,
      -0.2171817123889923,
      0.0006075799465179443,
      0.948965311050415,
      0.31537964940071106
    ]
  },
  {
    "timestamp" : 239654799799,
    "gravity" : [
      0.00047396350419148803,
      -0.9491525292396545,
      -0.3148161768913269
    ],
    "userAcceleration" : [
      -0.057297851890325546,
      -0.05382281541824341,
      -0.031527936458587646
    ],
    "rotationMatrix" : [
      0.23308593034744263,
      0.30624982714653015,
      -0.9229745268821716,
      -0.9724559783935547,
      0.07294178009033203,
      -0.22137922048568726,
      -0.00047397613525390625,
      0.9491525292396545,
      0.3148161768913269
    ]
  },
  {
    "timestamp" : 239654809817,
    "gravity" : [
      0.002317949431017041,
      -0.9493251442909241,
      -0.31428685784339905
    ],
    "userAcceleration" : [
      -0.057768549770116806,
      -0.04100066423416138,
      -0.05265656113624573
    ],
    "rotationMatrix" : [
      0.2378145158290863,
      0.3057941198348999,
      -0.9219186305999756,
      -0.9713077545166016,
      0.07260507345199585,
      -0.22647199034690857,
      -0.0023179352283477783,
      0.9493250846862793,
      0.31428685784339905
    ]
  },
  {
    "timestamp" : 239654819836,
    "gravity" : [
      0.004713544622063637,
      -0.9495083093643188,
      -0.31370607018470764
    ],
    "userAcceleration" : [
      -0.04368464648723602,
      -0.025421321392059326,
      -0.05793711543083191
    ],
    "rotationMatrix" : [
      0.24320468306541443,
      0.3053785562515259,
      -0.9206492900848389,
      -0.9699634313583374,
      0.07195538282394409,
      -0.23236414790153503,
      -0.004713565111160278,
      0.9495083093643188,
      0.31370607018470764
    ]
  },
  {
    "timestamp" : 239654829854,
    "gravity" : [
      0.007322306744754314,
      -0.9497174024581909,
      -0.31302228569984436
    ],
    "userAcceleration" : [
      -0.021162178367376328,
      -0.0008439421653747559,
      -0.054714590311050415
    ],
    "rotationMatrix" : [
      0.249487042427063,
      0.3048664331436157,
      -0.9191367626190186,
      -0.9683502912521362,
      0.07136490941047668,
      -0.23917436599731445,
      -0.0073223114013671875,
      0.9497174024581909,
      0.31302228569984436
    ]
  },
  {
    "timestamp" : 239654839873,
    "gravity" : [
      0.009958423674106598,
      -0.9499158263206482,
      -0.3123469650745392
    ],
    "userAcceleration" : [
      -0.008447946980595589,
      0.021235525608062744,
      -0.048767685890197754
    ],
    "rotationMatrix" : [
      0.25673729181289673,
      0.30432018637657166,
      -0.9173195362091064,
      -0.9664298295974731,
      0.07105609774589539,
      -0.24690932035446167,
      -0.009958416223526001,
      0.9499158263206482,
      0.3123469650745392
    ]
  },
  {
    "timestamp" : 239654849891,
    "gravity" : [
      0.012236866168677807,
      -0.9501587152481079,
      -0.31152617931365967
    ],
    "userAcceleration" : [
      -0.023833703249692917,
      0.03722548484802246,
      -0.03251385688781738
    ],
    "rotationMatrix" : [
      0.264269083738327,
      0.30354493856430054,
      -0.9154354929924011,
      -0.9643712639808655,
      0.07112473249435425,
      -0.2548119127750397,
      -0.01223689317703247,
      0.9501587152481079,
      0.31152620911598206
    ]
  },
  {
    "timestamp" : 239654859910,
    "gravity" : [
      0.013563471846282482,
      -0.9506670236587524,
      -0.3099164664745331
    ],
    "userAcceleration" : [
      0.0009932639077305794,
      0.04385256767272949,
      -0.0021869540214538574
    ],
    "rotationMatrix" : [
      0.27062952518463135,
      0.30186697840690613,
      -0.9141312837600708,
      -0.9625879526138306,
      0.07147377729415894,
      -0.2613729238510132,
      -0.013563483953475952,
      0.9506670236587524,
      0.30991649627685547
    ]
  },
  {
    "timestamp" : 239654869928,
    "gravity" : [
      0.013856570236384869,
      -0.9514884352684021,
      -0.30737245082855225
    ],
    "userAcceleration" : [
      0.024351295083761215,
      0.030162811279296875,
      0.017348498106002808
    ],
    "rotationMatrix" : [
      0.27549564838409424,
      0.2991368770599365,
      -0.9135750532150269,
      -0.9612025022506714,
      0.07202070951461792,
      -0.2662760317325592,
      -0.013856559991836548,
      0.9514884948730469,
      0.30737245082855225
    ]
  },
  {
    "timestamp" : 239654879947,
    "gravity" : [
      0.013429845683276653,
      -0.9524563550949097,
      -0.3043788969516754
    ],
    "userAcceleration" : [
      -0.00902021024376154,
      0.01608562469482422,
      0.04688668251037598
    ],
    "rotationMatrix" : [
      0.2795336842536926,
      0.2958454489707947,
      -0.9134201407432556,
      -0.9600419402122498,
      0.07281708717346191,
      -0.2702167332172394,
      -0.013429820537567139,
      0.9524563550949097,
      0.304378867149353
    ]
  },
  {
    "timestamp" : 239654889966,
    "gravity" : [
      0.012521452270448208,
      -0.953370213508606,
      -0.3015434741973877
    ],
    "userAcceleration" : [
      -0.008111813105642796,
      0.016999423503875732,
      0.044051289558410645
    ],
    "rotationMatrix" : [
      0.2831072211265564,
      0.2926076054573059,
      -0.9133625030517578,
      -0.9590064883232117,
      0.07393252849578857,
      -0.27356985211372375,
      -0.012521445751190186,
      0.953370213508606,
      0.3015434741973877
    ]
  },
  {
    "timestamp" : 239654899984,
    "gravity" : [
      0.011590282432734966,
      -0.9541081190109253,
      -0.2992376983165741
    ],
    "userAcceleration" : [
      -0.024056844413280487,
      -0.0009393692016601562,
      0.040250152349472046
    ],
    "rotationMatrix" : [
      0.2857869863510132,
      0.2899356186389923,
      -0.9133799076080322,
      -0.9582229852676392,
      0.07493197917938232,
      -0.2760320007801056,
      -0.011590272188186646,
      0.9541081190109253,
      0.2992376685142517
    ]
  },
  {
    "timestamp" : 239654910003,
    "gravity" : [
      0.011097506619989872,
      -0.954617977142334,
      -0.29762595891952515
    ],
    "userAcceleration" : [
      -0.05138085037469864,
      -0.014040350914001465,
      0.029132187366485596
    ],
    "rotationMatrix" : [
      0.2897595763206482,
      0.2879435122013092,
      -0.9127583503723145,
      -0.9570350646972656,
      0.07611072063446045,
      -0.279805064201355,
      -0.011097520589828491,
      0.954617977142334,
      0.29762595891952515
    ]
  },
  {
    "timestamp" : 239654920021,
    "gravity" : [
      0.01114882342517376,
      -0.9548740386962891,
      -0.2968014180660248
    ],
    "userAcceleration" : [
      -0.06875091046094894,
      -0.02591496706008911,
      0.02315017580986023
    ],
    "rotationMatrix" : [
      0.29418009519577026,
      0.28681591153144836,
      -0.9116986989974976,
      -0.9556849002838135,
      0.07714876532554626,
      -0.2841024696826935,
      -0.011148810386657715,
      0.9548740386962891,
      0.2968013882637024
    ]
  },
  {
    "timestamp" : 239654930040,
    "gravity" : [
      0.01137146819382906,
      -0.9549717903137207,
      -0.2964780032634735
    ],
    "userAcceleration" : [
      -0.06380081176757812,
      -0.022277116775512695,
      0.01556357741355896
    ],
    "rotationMatrix" : [
      0.2985536456108093,
      0.28621533513069153,
      -0.9104647636413574,
      -0.9543249607086182,
      0.07816138863563538,
      -0.28836485743522644,
      -0.011371463537216187,
      0.9549717903137207,
      0.2964780330657959
    ]
  },
  {
    "timestamp" : 239654940058,
    "gravity" : [
      0.011515608988702297,
      -0.9550821781158447,
      -0.2961174249649048
    ],
    "userAcceleration" : [
      -0.04679406061768532,
      -0.014430701732635498,
      -0.014551639556884766
    ],
    "rotationMatrix" : [
      0.30270567536354065,
      0.2855713963508606,
      -0.9092955589294434,
      -0.9530145525932312,
      0.07916530966758728,
      -0.2923973798751831,
      -0.011515587568283081,
      0.9550821781158447,
      0.2961174249649048
    ]
  },
  {
    "timestamp" : 239654950077,
    "gravity" : [
      0.011501478962600231,
      -0.9553743004798889,
      -0.29517385363578796
    ],
    "userAcceleration" : [
      -0.05131181329488754,
      -0.006524384021759033,
      -0.053993165493011475
    ],
    "rotationMatrix" : [
      0.30687201023101807,
      0.2843209505081177,
      -0.9082902073860168,
      -0.9516812562942505,
      0.08013394474983215,
      -0.2964476943016052,
      -0.011501491069793701,
      0.9553743004798889,
      0.29517385363578796
    ]
  },
  {
    "timestamp" : 239654960095,
    "gravity" : [
      0.011335298418998718,
      -0.9559604525566101,
      -0.29327669739723206
    ],
    "userAcceleration" : [
      -0.06025512516498566,
      -0.0030391812324523926,
      -0.0817539393901825
    ],
    "rotationMatrix" : [
      0.31087201833724976,
      0.28213050961494446,
      -0.9076128602027893,
      -0.950384259223938,
      0.0808834433555603,
      -0.3003794252872467,
      -0.011335313320159912,
      0.9559605121612549,
      0.29327672719955444
    ]
  },
  {
    "timestamp" : 239654970114,
    "gravity" : [
      0.011189068667590618,
      -0.956845223903656,
      -0.29038235545158386
    ],
    "userAcceleration" : [
      -0.07164452224969864,
      -0.021136224269866943,
      -0.08416000008583069
    ],
    "rotationMatrix" : [
      0.315072625875473,
      0.27898135781288147,
      -0.9071375131607056,
      -0.9490015506744385,
      0.08134153485298157,
      -0.30459722876548767,
      -0.011189043521881104,
      0.9568451642990112,
      0.2903823256492615
    ]
  },
  {
    "timestamp" : 239654980133,
    "gravity" : [
      0.011196712031960487,
      -0.9579145908355713,
      -0.28683456778526306
    ],
    "userAcceleration" : [
      -0.06211542338132858,
      -0.034303247928619385,
      -0.047073572874069214
    ],
    "rotationMatrix" : [
      0.31951630115509033,
      0.27524128556251526,
      -0.9067256450653076,
      -0.947514533996582,
      0.08149603009223938,
      -0.3091510236263275,
      -0.011196702718734741,
      0.9579145908355713,
      0.2868345379829407
    ]
  },
  {
    "timestamp" : 239654990151,
    "gravity" : [
      0.011497927829623222,
      -0.958956778049469,
      -0.28331848978996277
    ],
    "userAcceleration" : [
      -0.062416642904281616,
      -0.03326106071472168,
      -0.050589680671691895
    ],
    "rotationMatrix" : [
      0.324870228767395,
      0.27154889702796936,
      -0.9059361219406128,
      -0.9456886053085327,
      0.08162546157836914,
      -0.31465864181518555,
      -0.011497944593429565,
      0.9589568376541138,
      0.28331851959228516
    ]
  },
  {
    "timestamp" : 239655000170,
    "gravity" : [
      0.012098690494894981,
      -0.9597768783569336,
      -0.2805027663707733
    ],
    "userAcceleration" : [
      -0.060575999319553375,
      -0.03411942720413208,
      -0.011138617992401123
    ],
    "rotationMatrix" : [
      0.32953014969825745,
      0.26867935061454773,
      -0.9051084518432617,
      -0.9440674781799316,
      0.08148351311683655,
      -0.3195260465145111,
      -0.012098699808120728,
      0.9597768783569336,
      0.2805027365684509
    ]
  },
  {
    "timestamp" : 239655010188,
    "gravity" : [
      0.01298125647008419,
      -0.9603469371795654,
      -0.27850523591041565
    ],
    "userAcceleration" : [
      -0.05097578093409538,
      -0.02541649341583252,
      0.007890522480010986
    ],
    "rotationMatrix" : [
      0.3353949785232544,
      0.2665747106075287,
      -0.9035751819610596,
      -0.9419881105422974,
      0.08167976140975952,
      -0.3255559504032135,
      -0.012981265783309937,
      0.9603469371795654,
      0.27850526571273804
    ]
  },
  {
    "timestamp" : 239655020207,
    "gravity" : [
      0.014005115255713463,
      -0.9607304334640503,
      -0.2771294414997101
    ],
    "userAcceleration" : [
      -0.034329965710639954,
      -0.013848304748535156,
      0.016173481941223145
    ],
    "rotationMatrix" : [
      0.3417556583881378,
      0.265064537525177,
      -0.9016339778900146,
      -0.9396844506263733,
      0.08208310604095459,
      -0.33204731345176697,
      -0.014005094766616821,
      0.9607304334640503,
      0.2771294414997101
    ]
  },
  {
    "timestamp" : 239655030225,
    "gravity" : [
      0.014941089786589146,
      -0.961020290851593,
      -0.2760733962059021
    ],
    "userAcceleration" : [
      -0.024218590930104256,
      -0.0004968643188476562,
      0.015575259923934937
    ],
    "rotationMatrix" : [
      0.3478649854660034,
      0.2638518512248993,
      -0.8996509313583374,
      -0.9374253749847412,
      0.0825946033000946,
      -0.3382474184036255,
      -0.01494106650352478,
      0.9610202312469482,
      0.2760733962059021
    ]
  },
  {
    "timestamp" : 239655040244,
    "gravity" : [
      0.015615729615092278,
      -0.9613568186759949,
      -0.27486181259155273
    ],
    "userAcceleration" : [
      -0.014379908330738544,
      0.0119856595993042,
      -0.0037027299404144287
    ],
    "rotationMatrix" : [
      0.3535647392272949,
      0.2624443471431732,
      -0.8978389501571655,
      -0.9352796077728271,
      0.0831611156463623,
      -0.34400004148483276,
      -0.015615701675415039,
      0.9613568186759949,
      0.27486181259155273
    ]
  },
  {
    "timestamp" : 239655050262,
    "gravity" : [
      0.016024162992835045,
      -0.9618788361549377,
      -0.2730058431625366
    ],
    "userAcceleration" : [
      -0.008486459031701088,
      0.015315234661102295,
      -0.03703761100769043
    ],
    "rotationMatrix" : [
      0.35905158519744873,
      0.2603645622730255,
      -0.8962656259536743,
      -0.9331800937652588,
      0.08366131782531738,
      -0.34953615069389343,
      -0.016024142503738403,
      0.961878776550293,
      0.2730058431625366
    ]
  },
  {
    "timestamp" : 239655060281,
    "gravity" : [
      0.016281601041555405,
      -0.9626444578170776,
      -0.2702784240245819
    ],
    "userAcceleration" : [
      -0.013245237991213799,
      0.017515182495117188,
      -0.05696171522140503
    ],
    "rotationMatrix" : [
      0.36444592475891113,
      0.25743165612220764,
      -0.8949345946311951,
      -0.9310821294784546,
      0.08393096923828125,
      -0.35502317547798157,
      -0.016281604766845703,
      0.9626444578170776,
      0.2702784538269043
    ]
  },
  {
    "timestamp" : 239655070300,
    "gravity" : [
      0.016466889530420303,
      -0.9635730385780334,
      -0.26693737506866455
    ],
    "userAcceleration" : [
      -0.02087683603167534,
      0.015315830707550049,
      -0.04969790577888489
    ],
    "rotationMatrix" : [
      0.36995556950569153,
      0.25389784574508667,
      -0.893682599067688,
      -0.9289034008979797,
      0.0840388834476471,
      -0.36066001653671265,
      -0.016466885805130005,
      0.9635730385780334,
      0.26693737506866455
    ]
  },
  {
    "timestamp" : 239655080318,
    "gravity" : [
      0.016676485538482666,
      -0.9644864201545715,
      -0.2636048197746277
    ],
    "userAcceleration" : [
      -0.01672239787876606,
      0.01116323471069336,
      -0.017965704202651978
    ],
    "rotationMatrix" : [
      0.37554532289505005,
      0.250380277633667,
      -0.8923425078392029,
      -0.9266538619995117,
      0.08411452174186707,
      -0.36638370156288147,
      -0.016676485538482666,
      0.9644864797592163,
      0.2636048197746277
    ]
  },
  {
    "timestamp" : 239655090337,
    "gravity" : [
      0.017065662890672684,
      -0.9651879072189331,
      -0.26099976897239685
    ],
    "userAcceleration" : [
      -0.01796606555581093,
      0.006112158298492432,
      0.0189189612865448
    ],
    "rotationMatrix" : [
      0.38156983256340027,
      0.24756842851638794,
      -0.8905695676803589,
      -0.9241823554039001,
      0.0843915045261383,
      -0.37251147627830505,
      -0.01706564426422119,
      0.9651879072189331,
      0.26099973917007446
    ]
  },
  {
    "timestamp" : 239655100355,
    "gravity" : [
      0.017661077901721,
      -0.9655682444572449,
      -0.25954923033714294
    ],
    "userAcceleration" : [
      -0.01901923678815365,
      0.0084151029586792,
      0.041531533002853394
    ],
    "rotationMatrix" : [
      0.3878074586391449,
      0.24588289856910706,
      -0.8883393406867981,
      -0.9215711355209351,
      0.08496618270874023,
      -0.3787970244884491,
      -0.017661094665527344,
      0.9655681848526001,
      0.25954923033714294
    ]
  },
  {
    "timestamp" : 239655110374,
    "gravity" : [
      0.018233774229884148,
      -0.9656732678413391,
      -0.25911885499954224
    ],
    "userAcceleration" : [
      -0.01248135231435299,
      0.017232775688171387,
      0.0471436083316803
    ],
    "rotationMatrix" : [
      0.39389514923095703,
      0.24514073133468628,
      -0.8858625888824463,
      -0.9189744591712952,
      0.0859130322933197,
      -0.3848438560962677,
      -0.018233805894851685,
      0.9656733274459839,
      0.25911885499954224
    ]
  },
  {
    "timestamp" : 239655120392,
    "gravity" : [
      0.01836978830397129,
      -0.9656732082366943,
      -0.25910940766334534
    ],
    "userAcceleration" : [
      0.00952315516769886,
      0.020543932914733887,
      0.0328519344329834
    ],
    "rotationMatrix" : [
      0.39914441108703613,
      0.24468964338302612,
      -0.8836349248886108,
      -0.916703999042511,
      0.08718991279602051,
      -0.38993796706199646,
      -0.01836976408958435,
      0.9656732082366943,
      0.25910937786102295
    ]
  },
  {
    "timestamp" : 239655130411,
    "gravity" : [
      0.017892373725771904,
      -0.9657537341117859,
      -0.2588423490524292
    ],
    "userAcceleration" : [
      0.0299285389482975,
      0.022241950035095215,
      -0.011345148086547852
    ],
    "rotationMatrix" : [
      0.4037313461303711,
      0.24381807446479797,
      -0.8817899823188782,
      -0.9147025346755981,
      0.08872547745704651,
      -0.3942674696445465,
      -0.017892420291900635,
      0.9657537937164307,
      0.2588423490524292
    ]
  },
  {
    "timestamp" : 239655140430,
    "gravity" : [
      0.016993682831525803,
      -0.9660176634788513,
      -0.2579166889190674
    ],
    "userAcceleration" : [
      0.01942889764904976,
      0.03446871042251587,
      -0.06306737661361694
    ],
    "rotationMatrix" : [
      0.408170223236084,
      0.2421833574771881,
      -0.8801955580711365,
      -0.9127476215362549,
      0.09031611680984497,
      -0.3984152376651764,
      -0.016993701457977295,
      0.9660177230834961,
      0.2579166293144226
    ]
  },
  {
    "timestamp" : 239655150448,
    "gravity" : [
      0.015922505408525467,
      -0.9664631485939026,
      -0.2563108801841736
    ],
    "userAcceleration" : [
      0.002036966383457184,
