[
  {
    "userAcceleration" : [
      -0.0667138397693634,
      0.0179826021194458,
      -0.06960944831371307
    ],
    "rotationMatrix" : [
      0.9913414120674133,
      0.0518411360681057,
      -0.12064272165298462,
      -0.12753984332084656,
      0.16158246994018555,
      -0.9785827994346619,
      -0.031237125396728516,
      0.985496461391449,
      0.16679520905017853
    ],
    "timestamp" : 239604277235,
    "gravity" : [
      0.031237125396728516,
      -0.985496461391449,
      -0.16679519414901733
    ]
  },
  {
    "userAcceleration" : [
      -0.056213587522506714,
      0.021952390670776367,
      -0.06208793818950653
    ],
    "rotationMatrix" : [
      0.9912897348403931,
      0.053568027913570404,
      -0.12031285464763641,
      -0.12755173444747925,
      0.1630447655916214,
      -0.9783387780189514,
      -0.03279131278395653,
      0.9851632714271545,
      0.1684572845697403
    ],
    "timestamp" : 239604287253,
    "gravity" : [
      0.032791316509246826,
      -0.9851632714271545,
      -0.16845731437206268
    ]
  },
  {
    "userAcceleration" : [
      -0.03438536822795868,
      0.036657631397247314,
      -0.03964930772781372
    ],
    "rotationMatrix" : [
      0.9913153052330017,
      0.054990917444229126,
      -0.1194567084312439,
      -0.1269889771938324,
      0.16425158083438873,
      -0.9782101511955261,
      -0.03417172655463219,
      0.9848844408988953,
      0.16980834305286407
    ],
    "timestamp" : 239604297271,
    "gravity" : [
      0.034171730279922485,
      -0.9848843812942505,
      -0.16980832815170288
    ]
  },
  {
    "userAcceleration" : [
      -0.013047724962234497,
      0.04679673910140991,
      0.00032164156436920166
    ],
    "rotationMatrix" : [
      0.9913415312767029,
      0.05587342381477356,
      -0.11882834136486053,
      -0.1265653669834137,
      0.16555151343345642,
      -0.9780458211898804,
      -0.034974586218595505,
      0.9846169948577881,
      0.17118972539901733
    ],
    "timestamp" : 239604307290,
    "gravity" : [
      0.034974586218595505,
      -0.9846169352531433,
      -0.17118974030017853
    ]
  },
  {
    "userAcceleration" : [
      0.00426797941327095,
      0.037798285484313965,
      0.02888035774230957
    ],
    "rotationMatrix" : [
      0.9913507103919983,
      0.05603696033358574,
      -0.11867440491914749,
      -0.1264965981245041,
      0.16709725558757782,
      -0.9777918457984924,
      -0.034962333738803864,
      0.9843465685844421,
      0.17274047434329987
    ],
    "timestamp" : 239604317308,
    "gravity" : [
      0.034962330013513565,
      -0.9843466281890869,
      -0.17274047434329987
    ]
  },
  {
    "userAcceleration" : [
      -0.002327360212802887,
      0.01873713731765747,
      0.02983570098876953
    ],
    "rotationMatrix" : [
      0.9912979602813721,
      0.055652543902397156,
      -0.11929421126842499,
      -0.12709954380989075,
      0.16876234114170074,
      -0.9774276614189148,
      -0.0342639796435833,
      0.9840843081474304,
      0.17436718940734863
    ],
    "timestamp" : 239604327326,
    "gravity" : [
      0.034263975918293,
      -0.9840843081474304,
      -0.17436717450618744
    ]
  },
  {
    "userAcceleration" : [
      -0.04417545720934868,
      0.006716012954711914,
      0.018536627292633057
    ],
    "rotationMatrix" : [
      0.9911852478981018,
      0.055111661553382874,
      -0.12047605216503143,
      -0.12822690606117249,
      0.17042779922485352,
      -0.9769913554191589,
      -0.033311162143945694,
      0.9838276505470276,
      0.17599232494831085
    ],
    "timestamp" : 239604337344,
    "gravity" : [
      0.033311162143945694,
      -0.9838277101516724,
      -0.17599231004714966
    ]
  },
  {
    "userAcceleration" : [
      -0.09018810093402863,
      -0.010056734085083008,
      0.0037622302770614624
    ],
    "rotationMatrix" : [
      0.9910932779312134,
      0.05482325330376625,
      -0.12136097252368927,
      -0.12910166382789612,
      0.1720297783613205,
      -0.976595401763916,
      -0.03266243636608124,
      0.983565092086792,
      0.17757533490657806
    ],
    "timestamp" : 239604347363,
    "gravity" : [
      0.03266243636608124,
      -0.9835650324821472,
      -0.17757532000541687
    ]
  },
  {
    "userAcceleration" : [
      -0.12094201147556305,
      -0.022560536861419678,
      -0.010292723774909973
    ],
    "rotationMatrix" : [
      0.9910247325897217,
      0.05516901984810829,
      -0.12176340073347092,
      -0.12960954010486603,
      0.17352184653282166,
      -0.9762640595436096,
      -0.03273092955350876,
      0.9832835793495178,
      0.17911486327648163
    ],
    "timestamp" : 239604357381,
    "gravity" : [
      0.03273092210292816,
      -0.9832835793495178,
      -0.17911484837532043
    ]
  },
  {
    "userAcceleration" : [
      -0.1361505091190338,
      -0.0175897479057312,
      -0.00379885733127594
    ],
    "rotationMatrix" : [
      0.9910057783126831,
      0.056231409311294556,
      -0.12143140286207199,
      -0.12952134013175964,
      0.17492450773715973,
      -0.976025402545929,
      -0.03364195674657822,
      0.9829747080802917,
      0.18063436448574066
    ],
    "timestamp" : 239604367399,
    "gravity" : [
      0.03364195674657822,
      -0.9829747676849365,
      -0.18063434958457947
    ]
  },
  {
    "userAcceleration" : [
      -0.121800996363163,
      -0.0012184977531433105,
      0.019059106707572937
    ],
    "rotationMatrix" : [
      0.9909574389457703,
      0.05796102434396744,
      -0.12101209163665771,
      -0.12947529554367065,
      0.176419198513031,
      -0.9757624864578247,
      -0.035207342356443405,
      0.9826071262359619,
      0.18232843279838562
    ],
    "timestamp" : 239604377418,
    "gravity" : [
      0.03520733863115311,
      -0.9826071262359619,
      -0.18232840299606323
    ]
  },
  {
    "userAcceleration" : [
      -0.08410106599330902,
      0.01892012357711792,
      0.043501853942871094
    ],
    "rotationMatrix" : [
      0.9908949732780457,
      0.05995125323534012,
      -0.12055310606956482,
      -0.12945866584777832,
      0.17830988764762878,
      -0.9754208326339722,
      -0.03698190674185753,
      0.9821462631225586,
      0.18444758653640747
    ],
    "timestamp" : 239604387436,
    "gravity" : [
      0.03698190674185753,
      -0.9821462631225586,
      -0.18444757163524628
    ]
  },
  {
    "userAcceleration" : [
      -0.05120798572897911,
      0.035246193408966064,
      0.05563938617706299
    ],
    "rotationMatrix" : [
      0.9908413887023926,
      0.061858534812927246,
      -0.12002844363451004,
      -0.12939482927322388,
      0.18083760142326355,
      -0.9749638438224792,
      -0.038604192435741425,
      0.9815656542778015,
      0.18718557059764862
    ],
    "timestamp" : 239604397454,
    "gravity" : [
      0.038604192435741425,
      -0.9815656542778015,
      -0.187185600399971
    ]
  },
  {
    "userAcceleration" : [
      -0.040289200842380524,
      0.045044779777526855,
      0.05521214008331299
    ],
    "rotationMatrix" : [
      0.9907722473144531,
      0.06363783776760101,
      -0.11966869980096817,
      -0.12950070202350616,
      0.1839069128036499,
      -0.9743755459785461,
      -0.03999926894903183,
      0.98088139295578,
      0.1904510110616684
    ],
    "timestamp" : 239604407472,
    "gravity" : [
      0.03999927267432213,
      -0.9808814525604248,
      -0.190450981259346
    ]
  },
  {
    "userAcceleration" : [
      -0.03863896429538727,
      0.048576295375823975,
      0.0447658896446228
    ],
    "rotationMatrix" : [
      0.9906574487686157,
      0.0653754472732544,
      -0.11968212574720383,
      -0.1299859583377838,
      0.18721772730350494,
      -0.9736801981925964,
      -0.04124817997217178,
      0.9801405072212219,
      0.19396652281284332
    ],
    "timestamp" : 239604417491,
    "gravity" : [
      0.04124818369746208,
      -0.9801405072212219,
      -0.1939665526151657
    ]
  },
  {
    "userAcceleration" : [
      -0.03475193679332733,
      0.04699444770812988,
      0.02286761999130249
    ],
    "rotationMatrix" : [
      0.9905533194541931,
      0.06704893708229065,
      -0.1196182370185852,
      -0.13039450347423553,
      0.19056203961372375,
      -0.9729764461517334,
      -0.042442355304956436,
      0.9793826341629028,
      0.1975046843290329
    ],
    "timestamp" : 239604427509,
    "gravity" : [
      0.042442359030246735,
      -0.9793826341629028,
      -0.1975046992301941
    ]
  },
  {
    "userAcceleration" : [
      -0.022915951907634735,
      0.0594978928565979,
      0.0184820294380188
    ],
    "rotationMatrix" : [
      0.9904277324676514,
      0.06856429576873779,
      -0.11979910731315613,
      -0.13102392852306366,
      0.19395731389522552,
      -0.9722206592559814,
      -0.043423742055892944,
      0.9786108732223511,
      0.20108427107334137
    ],
    "timestamp" : 239604437527,
    "gravity" : [
      0.043423738330602646,
      -0.9786108732223511,
      -0.20108424127101898
    ]
  },
  {
    "userAcceleration" : [
      -0.00367901474237442,
      0.07855713367462158,
      0.024252265691757202
    ],
    "rotationMatrix" : [
      0.9903067350387573,
      0.0696604773402214,
      -0.12016669660806656,
      -0.13176730275154114,
      0.19753019511699677,
      -0.9714006185531616,
      -0.043931685388088226,
      0.9778186082839966,
      0.20479445159435272
    ],
    "timestamp" : 239604447546,
    "gravity" : [
      0.043931689113378525,
      -0.9778186082839966,
      -0.2047944813966751
    ]
  },
  {
    "userAcceleration" : [
      0.011496011167764664,
      0.08389407396316528,
      0.023797273635864258
    ],
    "rotationMatrix" : [
      0.9902141094207764,
      0.07011909037828445,
      -0.12066210806369781,
      -0.13251957297325134,
      0.20135127007961273,
      -0.9705133438110352,
      -0.04375605285167694,
      0.9770060777664185,
      0.20867301523685455
    ],
    "timestamp" : 239604457564,
    "gravity" : [
      0.04375604912638664,
      -0.9770061373710632,
      -0.20867298543453217
    ]
  },
  {
    "userAcceleration" : [
      0.009443949908018112,
      0.07744085788726807,
      0.024482786655426025
    ],
    "rotationMatrix" : [
      0.9900830984115601,
      0.07003875821828842,
      -0.1217786893248558,
      -0.1337793469429016,
      0.20547491312026978,
      -0.9694755673408508,
      -0.04287842661142349,
      0.9761528372764587,
      0.21280698478221893
    ],
    "timestamp" : 239604467582,
    "gravity" : [
      0.042878422886133194,
      -0.9761528968811035,
      -0.21280696988105774
    ]
  },
  {
    "userAcceleration" : [
      -0.009006824344396591,
      0.057007670402526855,
      0.014413416385650635
    ],
    "rotationMatrix" : [
      0.9899128079414368,
      0.06959691643714905,
      -0.1234053522348404,
      -0.13546572625637054,
      0.20986132323741913,
      -0.9683011770248413,
      -0.0414927713572979,
      0.9752509593963623,
      0.21717241406440735
    ],
    "timestamp" : 239604477600,
    "gravity" : [
      0.0414927676320076,
      -0.9752509593963623,
      -0.21717244386672974
    ]
  },
  {
    "userAcceleration" : [
      -0.03523636236786842,
      0.035701096057891846,
      -0.009905144572257996
    ],
    "rotationMatrix" : [
      0.9897041320800781,
      0.06906189769506454,
      -0.12536412477493286,
      -0.13745275139808655,
      0.21440774202346802,
      -0.9670241475105286,
      -0.03990551084280014,
      0.9742994904518127,
      0.2216929793357849
    ],
    "timestamp" : 239604487619,
    "gravity" : [
      0.03990551084280014,
      -0.9742994904518127,
      -0.2216929793357849
    ]
  },
  {
    "userAcceleration" : [
      -0.0592271126806736,
      0.012990891933441162,
      -0.04283629357814789
    ],
    "rotationMatrix" : [
      0.9895243644714355,
      0.06870630383491516,
      -0.1269685924053192,
      -0.13911934196949005,
      0.21886499226093292,
      -0.9657865166664124,
      -0.038566675037145615,
      0.9733330607414246,
      0.2261306196451187
    ],
    "timestamp" : 239604497637,
    "gravity" : [
      0.038566675037145615,
      -0.9733330607414246,
      -0.22613058984279633
    ]
  },
  {
    "userAcceleration" : [
      -0.07425643503665924,
      0.004802525043487549,
      -0.07587212324142456
    ],
    "rotationMatrix" : [
      0.9894105195999146,
      0.06875042617321014,
      -0.1278286576271057,
      -0.14013049006462097,
      0.2229924499988556,
      -0.9646956324577332,
      -0.03781842067837715,
      0.972392737865448,
      0.23026512563228607
    ],
    "timestamp" : 239604507655,
    "gravity" : [
      0.03781842812895775,
      -0.972392737865448,
      -0.23026515543460846
    ]
  },
  {
    "userAcceleration" : [
      -0.0702187567949295,
      0.015165328979492188,
      -0.09233090281486511
    ],
    "rotationMatrix" : [
      0.9893326759338379,
      0.06925100088119507,
      -0.12816059589385986,
      -0.1407102644443512,
      0.22659027576446533,
      -0.9637725353240967,
      -0.03770225867629051,
      0.9715251922607422,
      0.2339174896478653
    ],
    "timestamp" : 239604517674,
    "gravity" : [
      0.03770225867629051,
      -0.9715251922607422,
      -0.2339174747467041
    ]
  },
  {
    "userAcceleration" : [
      -0.04984423145651817,
      0.0353507399559021,
      -0.09951648116111755
    ],
    "rotationMatrix" : [
      0.9893537759780884,
      0.0698058009147644,
      -0.12769579887390137,
      -0.1405012458562851,
      0.22948388755321503,
      -0.9631181359291077,
      -0.037927109748125076,
      0.9708059430122375,
      0.23684856295585632
    ],
    "timestamp" : 239604527692,
    "gravity" : [
      0.037927109748125076,
      -0.9708060026168823,
      -0.23684850335121155
    ]
  },
  {
    "userAcceleration" : [
      -0.020627561956644058,
      0.05315953493118286,
      -0.0849108099937439
    ],
    "rotationMatrix" : [
      0.9894172549247742,
      0.07005429267883301,
      -0.12706662714481354,
      -0.14002791047096252,
      0.23152154684066772,
      -0.962699294090271,
      -0.038022566586732864,
      0.9703041315078735,
      0.2388809770345688
    ],
    "timestamp" : 239604537710,
    "gravity" : [
      0.038022566586732864,
      -0.9703041315078735,
      -0.2388809472322464
    ]
  },
  {
    "userAcceleration" : [
      -0.008949294686317444,
      0.05429285764694214,
      -0.049814701080322266
    ],
    "rotationMatrix" : [
      0.9895014762878418,
      0.06979252398014069,
      -0.126553475856781,
      -0.13951551914215088,
      0.23279409110546112,
      -0.9624667167663574,
      -0.03771210461854935,
      0.9700183868408203,
      0.24008724093437195
    ],
    "timestamp" : 239604547728,
    "gravity" : [
      0.03771209716796875,
      -0.9700184464454651,
      -0.24008724093437195
    ]
  },
  {
    "userAcceleration" : [
      -0.009990744292736053,
      0.04822725057601929,
      -0.0160476416349411
    ],
    "rotationMatrix" : [
      0.9895351529121399,
      0.06915803253650665,
      -0.1266387403011322,
      -0.1394759863615036,
      0.2335871160030365,
      -0.9622802734375,
      -0.036968257278203964,
      0.9698731899261475,
      0.240788534283638
    ],
    "timestamp" : 239604557747,
    "gravity" : [
      0.03696824982762337,
      -0.9698731899261475,
      -0.2407885491847992
    ]
  },
  {
    "userAcceleration" : [
      -0.014804951846599579,
      0.03992819786071777,
      0.013414323329925537
    ],
    "rotationMatrix" : [
      0.9895204305648804,
      0.06825700402259827,
      -0.12724098563194275,
      -0.13987241685390472,
      0.2343505173921585,
      -0.9620370864868164,
      -0.03584679961204529,
      0.9697529077529907,
      0.24144190549850464
    ],
    "timestamp" : 239604567765,
    "gravity" : [
      0.03584679961204529,
      -0.9697529077529907,
      -0.24144190549850464
    ]
  },
  {
    "userAcceleration" : [
      -0.019502446055412292,
      0.033197641372680664,
      0.02905052900314331
    ],
    "rotationMatrix" : [
      0.9895150661468506,
      0.06723617017269135,
      -0.12782497704029083,
      -0.1402331441640854,
      0.23546984791755676,
      -0.9617112874984741,
      -0.0345628559589386,
      0.9695531129837036,
      0.2424297034740448
    ],
    "timestamp" : 239604577783,
    "gravity" : [
      0.0345628522336483,
      -0.9695531129837036,
      -0.242429718375206
    ]
  },
  {
    "userAcceleration" : [
      -0.028100207448005676,
      0.03336673974990845,
      0.030761420726776123
    ],
    "rotationMatrix" : [
      0.9895627498626709,
      0.0661962628364563,
      -0.12799839675426483,
      -0.14020858705043793,
      0.23719768226146698,
      -0.9612901210784912,
      -0.03327290341258049,
      0.9692033529281616,
      0.2440032660961151
    ],
    "timestamp" : 239604587802,
    "gravity" : [
      0.03327289968729019,
      -0.9692034125328064,
      -0.24400325119495392
    ]
  },
  {
    "userAcceleration" : [
      -0.042293936014175415,
      0.038093388080596924,
      0.03581345081329346
    ],
    "rotationMatrix" : [
      0.9896739721298218,
      0.06518180668354034,
      -0.12765870988368988,
      -0.13970638811588287,
      0.23947682976722717,
      -0.9607980251312256,
      -0.03205525502562523,
      0.9687114953994751,
      0.24611030519008636
    ],
    "timestamp" : 239604597820,
    "gravity" : [
      0.03205525502562523,
      -0.9687114953994751,
      -0.24611033499240875
    ]
  },
  {
    "userAcceleration" : [
      -0.04297032207250595,
      0.03207850456237793,
      0.042466819286346436
    ],
    "rotationMatrix" : [
      0.9897645115852356,
      0.06431791186332703,
      -0.12739458680152893,
      -0.13931776583194733,
      0.24199219048023224,
      -0.9602240920066833,
      -0.03093111142516136,
      0.9681441187858582,
      0.24847590923309326
    ],
    "timestamp" : 239604607838,
    "gravity" : [
      0.03093111328780651,
      -0.9681440591812134,
      -0.24847595393657684
    ]
  },
  {
    "userAcceleration" : [
      -0.03423371911048889,
      0.0257260799407959,
      0.04038965702056885
    ],
    "rotationMatrix" : [
      0.989774227142334,
      0.0636671930551529,
      -0.127645805478096,
      -0.13947707414627075,
      0.2444896399974823,
      -0.9595680832862854,
      -0.029884934425354004,
      0.9675593972206116,
      0.25086966156959534
    ],
    "timestamp" : 239604617856,
    "gravity" : [
      0.029884938150644302,
      -0.9675594568252563,
      -0.25086963176727295
    ]
  },
  {
    "userAcceleration" : [
      -0.028298743069171906,
      0.035356879234313965,
      0.04380139708518982
    ],
    "rotationMatrix" : [
      0.9897449612617493,
      0.06298661231994629,
      -0.12820938229560852,
      -0.13993088901042938,
      0.24711677432060242,
      -0.9588285684585571,
      -0.028710704296827316,
      0.9669362306594849,
      0.25339633226394653
    ],
    "timestamp" : 239604627875,
    "gravity" : [
      0.028710708022117615,
      -0.9669362902641296,
      -0.25339630246162415
    ]
  },
  {
    "userAcceleration" : [
      -0.01985776424407959,
      0.03815585374832153,
      0.04367560148239136
    ],
    "rotationMatrix" : [
      0.9896395802497864,
      0.06219005212187767,
      -0.12940576672554016,
      -0.140968456864357,
      0.24996210634708405,
      -0.9579388499259949,
      -0.0272277370095253,
      0.966256320476532,
      0.25613921880722046
    ],
    "timestamp" : 239604637893,
    "gravity" : [
      0.027227729558944702,
      -0.966256320476532,
      -0.25613921880722046
    ]
  },
  {
    "userAcceleration" : [
      -0.021207520738244057,
      0.018917083740234375,
      0.031752586364746094
    ],
    "rotationMatrix" : [
      0.9895301461219788,
      0.06116944178938866,
      -0.13072246313095093,
      -0.14205925166606903,
      0.25289908051490784,
      -0.9570063352584839,
      -0.025479961186647415,
      0.9655569791793823,
      0.2589409649372101
    ],
    "timestamp" : 239604647911,
    "gravity" : [
      0.025479963049292564,
      -0.9655569791793823,
      -0.2589409649372101
    ]
  },
  {
    "userAcceleration" : [
      -0.03272983059287071,
      0.0022832751274108887,
      0.025139302015304565
    ],
    "rotationMatrix" : [
      0.9893425107002258,
      0.06020480766892433,
      -0.1325773000717163,
      -0.14367324113845825,
      0.25574174523353577,
      -0.9560093879699707,
      -0.02365083247423172,
      0.9648685455322266,
      0.2616659998893738
    ],
    "timestamp" : 239604657930,
    "gravity" : [
      0.02365083619952202,
      -0.9648685455322266,
      -0.2616659700870514
    ]
  },
  {
    "userAcceleration" : [
      -0.048777781426906586,
      -0.010643839836120605,
      0.019378304481506348
    ],
    "rotationMatrix" : [
      0.989103376865387,
      0.05955089256167412,
      -0.13464097678661346,
      -0.14556054770946503,
      0.25853776931762695,
      -0.9549713730812073,
      -0.022059623152017593,
      0.9641638398170471,
      0.2643888592720032
    ],
    "timestamp" : 239604667948,
    "gravity" : [
      0.022059619426727295,
      -0.9641637802124023,
      -0.26438888907432556
    ]
  },
  {
    "userAcceleration" : [
      -0.060854971408843994,
      -0.014824748039245605,
      0.004114747047424316
    ],
    "rotationMatrix" : [
      0.9889211058616638,
      0.05922216922044754,
      -0.13611695170402527,
      -0.1469646394252777,
      0.26155373454093933,
      -0.9539345502853394,
      -0.020892173051834106,
      0.9633703231811523,
      0.26735955476760864
    ],
    "timestamp" : 239604677966,
    "gravity" : [
      0.020892171189188957,
      -0.9633703231811523,
      -0.26735958456993103
    ]
  },
  {
    "userAcceleration" : [
      -0.057490937411785126,
      -0.003239870071411133,
      -0.005468994379043579
    ],
    "rotationMatrix" : [
      0.9887736439704895,
      0.05922294408082962,
      -0.1371837556362152,
      -0.14806440472602844,
      0.26488983631134033,
      -0.9528433084487915,
      -0.02009161189198494,
      0.9624583721160889,
      0.2706848680973053
    ],
    "timestamp" : 239604687984,
    "gravity" : [
      0.02009161189198494,
      -0.9624583721160889,
      -0.2706848382949829
    ]
  },
  {
    "userAcceleration" : [
      -0.04665425419807434,
      0.004506528377532959,
      -0.017562270164489746
    ],
    "rotationMatrix" : [
      0.9887242913246155,
      0.059285808354616165,
      -0.13751155138015747,
      -0.14847101271152496,
      0.26847198605537415,
      -0.9517768025398254,
      -0.019508861005306244,
      0.9614613652229309,
      0.2742469906806946
    ],
    "timestamp" : 239604698003,
    "gravity" : [
      0.019508851692080498,
      -0.9614613056182861,
      -0.27424705028533936
    ]
  },
  {
    "userAcceleration" : [
      -0.03171025961637497,
      0.01551198959350586,
      -0.023374706506729126
    ],
    "rotationMatrix" : [
      0.9887758493423462,
      0.059257131069898605,
      -0.1371529996395111,
      -0.1481897532939911,
      0.27204516530036926,
      -0.9508056044578552,
      -0.019030191004276276,
      0.9604582190513611,
      0.27777299284935
    ],
    "timestamp" : 239604708021,
    "gravity" : [
      0.019030187278985977,
      -0.9604582190513611,
      -0.27777299284935
    ]
  },
  {
    "userAcceleration" : [
      -0.01860077679157257,
      0.018098652362823486,
      -0.02364891767501831
    ],
    "rotationMatrix" : [
      0.9888652563095093,
      0.05907256156206131,
      -0.13658657670021057,
      -0.14765986800193787,
      0.27542874217033386,
      -0.9499134421348572,
      -0.018493950366973877,
      0.9595047831535339,
      0.2810845673084259
    ],
    "timestamp" : 239604718039,
    "gravity" : [
      0.018493952229619026,
      -0.9595047831535339,
      -0.2810845971107483
    ]
  },
  {
    "userAcceleration" : [
      -0.012333214282989502,
      0.0030404329299926758,
      -0.018296360969543457
    ],
    "rotationMatrix" : [
      0.9889878630638123,
      0.05856475606560707,
      -0.1359161138534546,
      -0.1469302475452423,
      0.27848803997039795,
      -0.949134349822998,
      -0.017734799534082413,
      0.9586524963378906,
      0.28402620553970337
    ],
    "timestamp" : 239604728058,
    "gravity" : [
      0.017734795808792114,
      -0.9586524963378906,
      -0.28402626514434814
    ]
  },
  {
    "userAcceleration" : [
      -0.011279648169875145,
      0.0023708343505859375,
      -0.01598292589187622
    ],
    "rotationMatrix" : [
      0.9890549182891846,
      0.05779944732785225,
      -0.13575567305088043,
      -0.14660190045833588,
      0.28094109892845154,
      -0.9484618306159973,
      -0.016681239008903503,
      0.9579828381538391,
      0.286339670419693
    ],
    "timestamp" : 239604738076,
    "gravity" : [
      0.016681240871548653,
      -0.9579828381538391,
      -0.2863397002220154
    ]
  },
  {
    "userAcceleration" : [
      -0.01446068286895752,
      -0.007306873798370361,
      -0.0031248927116394043
    ],
    "rotationMatrix" : [
      0.988814115524292,
      0.057270023971796036,
      -0.13771991431713104,
      -0.14835835993289948,
      0.28246253728866577,
      -0.9477366805076599,
      -0.01537618413567543,
      0.9575672745704651,
      0.2877994179725647
    ],
    "timestamp" : 239604748094,
    "gravity" : [
      0.01537618599832058,
      -0.9575672745704651,
      -0.2877994179725647
    ]
  },
  {
    "userAcceleration" : [
      -0.014421967789530754,
      -0.004799544811248779,
      0.014147192239761353
    ],
    "rotationMatrix" : [
      0.9885305762290955,
      0.056478630751371384,
      -0.1400623619556427,
      -0.15038655698299408,
      0.2832247316837311,
      -0.9471891522407532,
      -0.01382686197757721,
      0.9573889374732971,
      0.28846994042396545
    ],
    "timestamp" : 239604758112,
    "gravity" : [
      0.013826865702867508,
      -0.9573889970779419,
      -0.2884698808193207
    ]
  },
  {
    "userAcceleration" : [
      -0.001884138211607933,
      0.008811712265014648,
      0.026468604803085327
    ],
    "rotationMatrix" : [
      0.9881560802459717,
      0.055539894849061966,
      -0.1430484503507614,
      -0.15297970175743103,
      0.28346046805381775,
      -0.9467034339904785,
      -0.012031227350234985,
      0.9573742151260376,
      0.2885996699333191
    ],
    "timestamp" : 239604768131,
    "gravity" : [
      0.012031223624944687,
      -0.9573742747306824,
      -0.2885996401309967
    ]
  },
  {
    "userAcceleration" : [
      0.0005402974784374237,
      0.0074301958084106445,
      0.03410381078720093
    ],
    "rotationMatrix" : [
      0.987777829170227,
      0.05443524569272995,
      -0.14605414867401123,
      -0.1555423140525818,
      0.2836509644985199,
      -0.9462286233901978,
      -0.010079801082611084,
      0.9573812484741211,
      0.28865110874176025
    ],
    "timestamp" : 239604778149,
    "gravity" : [
      0.010079805739223957,
      -0.9573811888694763,
      -0.28865113854408264
    ]
  },
  {
    "userAcceleration" : [
      -0.015124225988984108,
      0.010250747203826904,
      0.0505584180355072
    ],
    "rotationMatrix" : [
      0.9876035451889038,
      0.05284776911139488,
      -0.14780527353286743,
      -0.15676747262477875,
      0.28437018394470215,
      -0.9458104372024536,
      -0.007952570915222168,
      0.9572567939758301,
      0.2891298234462738
    ],
    "timestamp" : 239604788167,
    "gravity" : [
      0.007952575571835041,
      -0.9572567939758301,
      -0.2891297936439514
    ]
  },
  {
    "userAcceleration" : [
      -0.0182578656822443,
      0.003077685832977295,
      0.065249502658844
    ],
    "rotationMatrix" : [
      0.9871832132339478,
      0.05149076133966446,
      -0.15105634927749634,
      -0.15949571132659912,
      0.2855968475341797,
      -0.9449843764305115,
      -0.005516767501831055,
      0.9569655060768127,
      0.2901489734649658
    ],
    "timestamp" : 239604798186,
    "gravity" : [
      0.005516761913895607,
      -0.9569655060768127,
      -0.2901489734649658
    ]
  },
  {
    "userAcceleration" : [
      -0.010094397701323032,
      -0.019691169261932373,
      0.053164392709732056
    ],
    "rotationMatrix" : [
      0.9866064786911011,
      0.05013677477836609,
      -0.1552223116159439,
      -0.16309554874897003,
      0.2872225046157837,
      -0.9438764452934265,
      -0.002739623188972473,
      0.956550657749176,
      0.29155266284942627
    ],
    "timestamp" : 239604808204,
    "gravity" : [
      0.0027396243531256914,
      -0.9565507173538208,
      -0.2915526330471039
    ]
  },
  {
    "userAcceleration" : [
      -0.028208570554852486,
      -0.02936732769012451,
      -0.02723488211631775
    ],
    "rotationMatrix" : [
      0.9859431385993958,
      0.048820219933986664,
      -0.15978966653347015,
      -0.16708117723464966,
      0.28907597064971924,
      -0.9426128268241882,
      0.00017279386520385742,
      0.9560604691505432,
      0.29316940903663635
    ],
    "timestamp" : 239604818222,
    "gravity" : [
      -0.00017278843733947724,
      -0.956060528755188,
      -0.29316937923431396
    ]
  },
  {
    "userAcceleration" : [
      -0.03864059969782829,
      -0.025449037551879883,
      -0.07107219099998474
    ],
    "rotationMatrix" : [
      0.9853761792182922,
      0.04754406586289406,
      -0.1636255383491516,
      -0.17036914825439453,
      0.2909581959247589,
      -0.941444456577301,
      0.0028480812907218933,
      0.9555537104606628,
      0.29480332136154175
    ],
    "timestamp" : 239604828240,
    "gravity" : [
      -0.002848084783181548,
      -0.9555537104606628,
      -0.29480329155921936
    ]
  },
  {
    "userAcceleration" : [
      -0.0364454984664917,
      -0.0259249210357666,
      -0.06956315040588379
    ],
    "rotationMatrix" : [
      0.9850462675094604,
      0.04628634452819824,
      -0.16595609486103058,
      -0.17221619188785553,
      0.2927182912826538,
      -0.94056236743927,
      0.0050431787967681885,
      0.9550777673721313,
      0.2963123321533203
    ],
    "timestamp" : 239604838259,
    "gravity" : [
      -0.005043183919042349,
      -0.9550777673721313,
      -0.2963123023509979
    ]
  },
  {
    "userAcceleration" : [
      -0.034896284341812134,
      -0.02636551856994629,
      -0.0681769847869873
    ],
    "rotationMatrix" : [
      0.9848478436470032,
      0.045393675565719604,
      -0.16737407445907593,
      -0.17329514026641846,
      0.29429110884666443,
      -0.9398730397224426,
      0.006592392921447754,
      0.9546371102333069,
      0.2976984977722168
    ],
    "timestamp" : 239604848277,
    "gravity" : [
      -0.006592392921447754,
      -0.9546371102333069,
      -0.297698438167572
    ]
  },
  {
    "userAcceleration" : [
      -0.03512703999876976,
      -0.022484123706817627,
      -0.04874888062477112
    ],
    "rotationMatrix" : [
      0.9848542213439941,
      0.04470505565404892,
      -0.16752201318740845,
      -0.173219233751297,
      0.2958584427833557,
      -0.9393948316574097,
      0.007567077875137329,
      0.9541850090026855,
      0.2991212010383606
    ],
    "timestamp" : 239604858295,
    "gravity" : [
      -0.00756707601249218,
      -0.9541850090026855,
      -0.299121230840683
    ]
  },
  {
    "userAcceleration" : [
      -0.026454832404851913,
      -0.022317349910736084,
      -0.006182938814163208
    ],
    "rotationMatrix" : [
      0.9848678112030029,
      0.04417603462934494,
      -0.1675824224948883,
      -0.1731044352054596,
      0.29751110076904297,
      -0.9388939142227173,
      0.008381001651287079,
      0.9536956548690796,
      0.30065619945526123
    ],
    "timestamp" : 239604868313,
    "gravity" : [
      -0.008381001651287079,
      -0.9536956548690796,
      -0.3006562292575836
    ]
  },
  {
    "userAcceleration" : [
      -0.009104235097765923,
      -0.03145664930343628,
      0.033632367849349976
    ],
    "rotationMatrix" : [
      0.984802782535553,
      0.043565623462200165,
      -0.16812340915203094,
      -0.1734197735786438,
      0.2992563843727112,
      -0.9382810592651367,
      0.009435206651687622,
      0.9531776905059814,
      0.30226364731788635
    ],
    "timestamp" : 239604878332,
    "gravity" : [
      -0.00943521037697792,
      -0.9531776905059814,
      -0.30226364731788635
    ]
  },
  {
    "userAcceleration" : [
      -0.003140995278954506,
      -0.0395016074180603,
      0.051659733057022095
    ],
    "rotationMatrix" : [
      0.9844946265220642,
      0.042982883751392365,
      -0.17006689310073853,
      -0.17507576942443848,
      0.3009990155696869,
      -0.9374155402183533,
      0.010897122323513031,
      0.9526551365852356,
      0.3038572072982788
    ],
    "timestamp" : 239604888350,
    "gravity" : [
      -0.010897121392190456,
      -0.9526551961898804,
      -0.30385714769363403
    ]
  },
  {
    "userAcceleration" : [
      -0.0020297756418585777,
      -0.03724253177642822,
      0.04146227240562439
    ],
    "rotationMatrix" : [
      0.9840400815010071,
      0.04239994287490845,
      -0.17282193899154663,
      -0.17750023305416107,
      0.3026678264141083,
      -0.936421811580658,
      0.012603417038917542,
      0.9521525502204895,
      0.3053632378578186
    ],
    "timestamp" : 239604898368,
    "gravity" : [
      -0.012603417970240116,
      -0.9521525502204895,
      -0.305363267660141
    ]
  },
  {
    "userAcceleration" : [
      -0.002228071913123131,
      -0.02652806043624878,
      0.01444011926651001
    ],
    "rotationMatrix" : [
      0.9835432767868042,
      0.04188258945941925,
      -0.17575117945671082,
      -0.18010613322257996,
      0.30426257848739624,
      -0.9354068636894226,
      0.014297232031822205,
      0.9516670107841492,
      0.3067987263202667
    ],
    "timestamp" : 239604908387,
    "gravity" : [
      -0.01429722923785448,
      -0.9516670107841492,
      -0.30679869651794434
    ]
  },
  {
    "userAcceleration" : [
      0.0005658026784658432,
      -0.01432335376739502,
      -0.0064352452754974365
    ],
    "rotationMatrix" : [
      0.9831006526947021,
      0.041512876749038696,
      -0.17829689383506775,
      -0.18238720297813416,
      0.30589067935943604,
      -0.9344332218170166,
      0.015748314559459686,
      0.9511610269546509,
      0.3082927465438843
    ],
    "timestamp" : 239604918405,
    "gravity" : [
      -0.015748314559459686,
      -0.9511610269546509,
      -0.3082927465438843
    ]
  },
  {
    "userAcceleration" : [
      0.006050290539860725,
      -0.00860583782196045,
      -0.012133389711380005
    ],
    "rotationMatrix" : [
      0.9828056693077087,
      0.04118094593286514,
      -0.17999206483364105,
      -0.18386515974998474,
      0.30765217542648315,
      -0.9335649013519287,
      0.016929835081100464,
      0.950607180595398,
      0.30993402004241943
    ],
    "timestamp" : 239604928423,
    "gravity" : [
      -0.016929838806390762,
      -0.950607180595398,
      -0.3099340498447418
    ]
  },
  {
    "userAcceleration" : [
      0.009697657078504562,
      -0.005444645881652832,
      6.842613220214844e-05
    ],
    "rotationMatrix" : [
      0.9824746251106262,
      0.041004084050655365,
      -0.18183037638664246,
      -0.1855209469795227,
      0.30954718589782715,
      -0.9326105713844299,
      0.01804424077272415,
      0.9499995112419128,
      0.311729371547699
    ],
    "timestamp" : 239604938441,
    "gravity" : [
      -0.018044231459498405,
      -0.9499995708465576,
      -0.311729371547699
    ]
  },
  {
    "userAcceleration" : [
      0.01907462440431118,
      -0.009210050106048584,
      0.006977975368499756
    ],
    "rotationMatrix" : [
      0.9820517301559448,
      0.040821537375450134,
      -0.1841413974761963,
      -0.18761992454528809,
      0.3114274740219116,
      -0.9315640926361084,
      0.019318796694278717,
      0.9493926763534546,
      0.31349679827690125
    ],
    "timestamp" : 239604948460,
    "gravity" : [
      -0.019318796694278717,
      -0.9493927359580994,
      -0.31349676847457886
    ]
  },
  {
    "userAcceleration" : [
      0.029868217185139656,
      -0.009468376636505127,
      -0.00866013765335083
    ],
    "rotationMatrix" : [
      0.9815379977226257,
      0.04049650579690933,
      -0.18693110346794128,
      -0.19012919068336487,
      0.3130435347557068,
      -0.9305130839347839,
      0.020835041999816895,
      0.9488750100135803,
      0.3149636685848236
    ],
    "timestamp" : 239604958478,
    "gravity" : [
      -0.020835041999816895,
      -0.9488749504089355,
      -0.314963698387146
    ]
  },
  {
    "userAcceleration" : [
      0.03604338318109512,
      -0.0001437067985534668,
      -0.03726983070373535
    ],
    "rotationMatrix" : [
      0.980999231338501,
      0.039890095591545105,
      -0.18986645340919495,
      -0.192694291472435,
      0.3141779899597168,
      -0.9296025633811951,
      0.022569909691810608,
      0.948525607585907,
      0.3158949613571167
    ],
    "timestamp" : 239604968496,
    "gravity" : [
      -0.02256990224123001,
      -0.9485255479812622,
      -0.3158950209617615
    ]
  },
  {
    "userAcceleration" : [
      0.039993803948163986,
      0.005658149719238281,
      -0.06162118911743164
    ],
    "rotationMatrix" : [
      0.980491042137146,
      0.03893033415079117,
      -0.1926700621843338,
      -0.1950359344482422,
      0.314656138420105,
      -0.9289522767066956,
      0.024460390210151672,
      0.948406994342804,
      0.3161103427410126
    ],
    "timestamp" : 239604978515,
    "gravity" : [
      -0.024460390210151672,
      -0.948406994342804,
      -0.31611037254333496
    ]
  },
  {
    "userAcceleration" : [
      0.041063398122787476,
      0.006703376770019531,
      -0.06446850299835205
    ],
    "rotationMatrix" : [
      0.9799805283546448,
      0.037598490715026855,
      -0.19551096856594086,
      -0.19731487333774567,
      0.3143810033798218,
      -0.9285641312599182,
      0.026552319526672363,
      0.9485519528388977,
      0.3155060112476349
    ],
    "timestamp" : 239604988533,
    "gravity" : [
      -0.026552317664027214,
      -0.9485519528388977,
      -0.3155060410499573
    ]
  },
  {
    "userAcceleration" : [
      0.03854215890169144,
      -0.005117893218994141,
      -0.05257606506347656
    ],
    "rotationMatrix" : [
      0.979476273059845,
      0.0360240563750267,
      -0.1983141154050827,
      -0.19950348138809204,
      0.3134458065032959,
      -0.928412675857544,
      0.028715521097183228,
      0.9489225149154663,
      0.31419965624809265
    ],
    "timestamp" : 239604998551,
    "gravity" : [
      -0.02871551923453808,
      -0.9489224553108215,
      -0.31419965624809265
    ]
  },
  {
    "userAcceleration" : [
      0.021380692720413208,
      -0.02778226137161255,
      -0.03470662236213684
    ],
    "rotationMatrix" : [
      0.9790415167808533,
      0.03448434919118881,
      -0.20072011649608612,
      -0.20134004950523376,
      0.31224581599235535,
      -0.9284206032752991,
      0.030658051371574402,
      0.949375331401825,
      0.31264469027519226
    ],
    "timestamp" : 239605008569,
    "gravity" : [
      -0.03065805695950985,
      -0.9493752717971802,
      -0.31264472007751465
    ]
  },
  {
    "userAcceleration" : [
      0.005841873586177826,
      -0.04737269878387451,
      -0.006094932556152344
    ],
    "rotationMatrix" : [
      0.9785827398300171,
      0.03336594998836517,
      -0.20313182473182678,
      -0.2033136487007141,
