[
  {
    "timestamp" : 239684483137,
    "gravity" : [
      0.029455136507749557,
      -0.9858719706535339,
      -0.16489000618457794
    ],
    "userAcceleration" : [
      0.0019625499844551086,
      0.05400252342224121,
      -0.004558920860290527
    ],
    "rotationMatrix" : [
      -0.03527843952178955,
      0.163833349943161,
      -0.9858568906784058,
      -0.9989432096481323,
      -0.03485551476478577,
      0.02995443344116211,
      -0.02945515513420105,
      0.9858719110488892,
      0.16489002108573914
    ]
  },
  {
    "timestamp" : 239684493156,
    "gravity" : [
      0.030570462346076965,
      -0.9859747886657715,
      -0.164070263504982
    ],
    "userAcceleration" : [
      0.009865183383226395,
      0.07064592838287354,
      0.0015488266944885254
    ],
    "rotationMatrix" : [
      -0.02965947985649109,
      0.16317978501319885,
      -0.9861503839492798,
      -0.9990924596786499,
      -0.03501325845718384,
      0.024255037307739258,
      -0.030570417642593384,
      0.9859747886657715,
      0.1640702188014984
    ]
  },
  {
    "timestamp" : 239684503175,
    "gravity" : [
      0.03131389245390892,
      -0.9861304759979248,
      -0.16299119591712952
    ],
    "userAcceleration" : [
      -0.0009032748639583588,
      0.0725715160369873,
      0.01163916289806366
    ],
    "rotationMatrix" : [
      -0.02432870864868164,
      0.16227087378501892,
      -0.9864462614059448,
      -0.999213457107544,
      -0.03485485911369324,
      0.018909931182861328,
      -0.03131389617919922,
      0.9861304759979248,
      0.16299119591712952
    ]
  },
  {
    "timestamp" : 239684513194,
    "gravity" : [
      0.03189047425985336,
      -0.9862807393074036,
      -0.16196642816066742
    ],
    "userAcceleration" : [
      -0.021346814930438995,
      0.06390231847763062,
      0.028421416878700256
    ],
    "rotationMatrix" : [
      -0.018984049558639526,
      0.16142171621322632,
      -0.9867027401924133,
      -0.9993109107017517,
      -0.03454107046127319,
      0.013575911521911621,
      -0.03189045190811157,
      0.9862806797027588,
      0.16196641325950623
    ]
  },
  {
    "timestamp" : 239684523214,
    "gravity" : [
      0.032481685280799866,
      -0.9863840937614441,
      -0.16121751070022583
    ],
    "userAcceleration" : [
      -0.034038227051496506,
      0.04809081554412842,
      0.03664465248584747
    ],
    "rotationMatrix" : [
      -0.01366567611694336,
      0.16084903478622437,
      -0.9868842363357544,
      -0.9993787407875061,
      -0.03425869345664978,
      0.008255064487457275,
      -0.03248167037963867,
      0.9863840937614441,
      0.16121748089790344
    ]
  },
  {
    "timestamp" : 239684533233,
    "gravity" : [
      0.03333281725645065,
      -0.9864029288291931,
      -0.1609286218881607
    ],
    "userAcceleration" : [
      -0.047950878739356995,
      0.031004488468170166,
      0.041742146015167236
    ],
    "rotationMatrix" : [
      -0.007938534021377563,
      0.16075164079666138,
      -0.9869629144668579,
      -0.9994127154350281,
      -0.034175723791122437,
      0.0024723708629608154,
      -0.03333282470703125,
      0.9864029884338379,
      0.1609286069869995
    ]
  },
  {
    "timestamp" : 239684543252,
    "gravity" : [
      0.03456363081932068,
      -0.9863123893737793,
      -0.1612245887517929
    ],
    "userAcceleration" : [
      -0.051928285509347916,
      0.02984565496444702,
      0.05123911798000336
    ],
    "rotationMatrix" : [
      -0.0023137927055358887,
      0.16124165058135986,
      -0.9869122505187988,
      -0.9993999004364014,
      -0.03448432683944702,
      -0.0032909810543060303,
      -0.03456363081932068,
      0.9863123893737793,
      0.1612246036529541
    ]
  },
  {
    "timestamp" : 239684553271,
    "gravity" : [
      0.03605039045214653,
      -0.9861306548118591,
      -0.16200797259807587
    ],
    "userAcceleration" : [
      -0.027887094765901566,
      0.04617410898208618,
      0.04424053430557251
    ],
    "rotationMatrix" : [
      0.0029322803020477295,
      0.16221696138381958,
      -0.9867506623268127,
      -0.999345600605011,
      -0.0350976288318634,
      -0.008739501237869263,
      -0.036050379276275635,
      0.9861305952072144,
      0.16200798749923706
    ]
  },
  {
    "timestamp" : 239684563290,
    "gravity" : [
      0.037408601492643356,
      -0.9858890771865845,
      -0.16316671669483185
    ],
    "userAcceleration" : [
      -0.00010100007057189941,
      0.07257425785064697,
      0.030720338225364685
    ],
    "rotationMatrix" : [
      0.008058041334152222,
      0.16357335448265076,
      -0.9864983558654785,
      -0.999267578125,
      -0.035588741302490234,
      -0.014063417911529541,
      -0.03740862011909485,
      0.9858890771865845,
      0.16316673159599304
    ]
  },
  {
    "timestamp" : 239684573309,
    "gravity" : [
      0.03833018243312836,
      -0.9856098294258118,
      -0.16463281214237213
    ],
    "userAcceleration" : [
      0.0170743390917778,
      0.08924764394760132,
      0.014638841152191162
    ],
    "rotationMatrix" : [
      0.013184219598770142,
      0.16523826122283936,
      -0.9861655235290527,
      -0.9991780519485474,
      -0.0356292724609375,
      -0.01932796835899353,
      -0.03833022713661194,
      0.985609769821167,
      0.16463282704353333
    ]
  },
  {
    "timestamp" : 239684583328,
    "gravity" : [
      0.038731083273887634,
      -0.9853346943855286,
      -0.16617830097675323
    ],
    "userAcceleration" : [
      0.02151045948266983,
      0.09615939855575562,
      -0.004689693450927734
    ],
    "rotationMatrix" : [
      0.018296152353286743,
      0.16697436571121216,
      -0.9857913255691528,
      -0.9990820288658142,
      -0.03514021635055542,
      -0.024494826793670654,
      -0.03873109817504883,
      0.9853346943855286,
      0.16617831587791443
    ]
  },
  {
    "timestamp" : 239684593347,
    "gravity" : [
      0.038714390248060226,
      -0.9850897192955017,
      -0.16762816905975342
    ],
    "userAcceleration" : [
      0.010388247668743134,
      0.08654552698135376,
      -0.018056154251098633
    ],
    "rotationMatrix" : [
      0.023621946573257446,
      0.16860917210578918,
      -0.9853998422622681,
      -0.9989709854125977,
      -0.034189373254776,
      -0.029797226190567017,
      -0.038714438676834106,
      0.9850897789001465,
      0.16762816905975342
    ]
  },
  {
    "timestamp" : 239684603366,
    "gravity" : [
      0.038482025265693665,
      -0.9848735332489014,
      -0.16894663870334625
    ],
    "userAcceleration" : [
      -0.013335701078176498,
      0.0756329894065857,
      -0.013670608401298523
    ],
    "rotationMatrix" : [
      0.02905207872390747,
      0.17010295391082764,
      -0.9849978089332581,
      -0.9988367557525635,
      -0.03299635648727417,
      -0.035158365964889526,
      -0.03848201036453247,
      0.9848735332489014,
      0.16894662380218506
    ]
  },
  {
    "timestamp" : 239684613385,
    "gravity" : [
      0.03826672211289406,
      -0.9846372008323669,
      -0.17036789655685425
    ],
    "userAcceleration" : [
      -0.03552030399441719,
      0.05179113149642944,
      0.004306361079216003
    ],
    "rotationMatrix" : [
      0.03442507982254028,
      0.17169055342674255,
      -0.9845492839813232,
      -0.9986743927001953,
      -0.03181055188179016,
      -0.040466248989105225,
      -0.03826668858528137,
      0.9846372008323669,
      0.17036786675453186
    ]
  },
  {
    "timestamp" : 239684623404,
    "gravity" : [
      0.038272589445114136,
      -0.984330952167511,
      -0.17212699353694916
    ],
    "userAcceleration" : [
      -0.05382145196199417,
      0.026857316493988037,
      0.0104142427444458
    ],
    "rotationMatrix" : [
      0.03984558582305908,
      0.17361941933631897,
      -0.984006404876709,
      -0.9984725713729858,
      -0.030801922082901,
      -0.04586607217788696,
      -0.03827261924743652,
      0.984330952167511,
      0.17212697863578796
    ]
  },
  {
    "timestamp" : 239684633423,
    "gravity" : [
      0.0385909266769886,
      -0.983948290348053,
      -0.17423051595687866
    ],
    "userAcceleration" : [
      -0.06273047626018524,
      0.02128666639328003,
      0.004125416278839111
    ],
    "rotationMatrix" : [
      0.04524946212768555,
      0.17590215802192688,
      -0.9833669662475586,
      -0.99822998046875,
      -0.030065089464187622,
      -0.051311224699020386,
      -0.03859090805053711,
      0.9839482307434082,
      0.17423054575920105
    ]
  },
  {
    "timestamp" : 239684643442,
    "gravity" : [
      0.039186153560876846,
      -0.9835086464881897,
      -0.17656388878822327
    ],
    "userAcceleration" : [
      -0.04873832315206528,
      0.024783849716186523,
      -0.012629911303520203
    ],
    "rotationMatrix" : [
      0.05060473084449768,
      0.17842593789100647,
      -0.9826509952545166,
      -0.997949481010437,
      -0.02957114577293396,
      -0.05676180124282837,
      -0.03918614983558655,
      0.9835086464881897,
      0.17656391859054565
    ]
  },
  {
    "timestamp" : 239684653461,
    "gravity" : [
      0.03986911103129387,
      -0.9830216765403748,
      -0.17910541594028473
    ],
    "userAcceleration" : [
      -0.027692761272192,
      0.03978443145751953,
      -0.02624744176864624
    ],
    "rotationMatrix" : [
      0.05587536096572876,
      0.18116074800491333,
      -0.981864869594574,
      -0.997641384601593,
      -0.029138505458831787,
      -0.06214934587478638,
      -0.03986912965774536,
      0.9830216765403748,
      0.17910540103912354
    ]
  },
  {
    "timestamp" : 239684663480,
    "gravity" : [
      0.04036352410912514,
      -0.9824904203414917,
      -0.18188750743865967
    ],
    "userAcceleration" : [
      -0.013828657567501068,
      0.058845579624176025,
      -0.04101298749446869
    ],
    "rotationMatrix" : [
      0.061194151639938354,
      0.1841246783733368,
      -0.9809959530830383,
      -0.9973092079162598,
      -0.028465837240219116,
      -0.06755438446998596,
      -0.04036349058151245,
      0.9824904203414917,
      0.18188750743865967
    ]
  },
  {
    "timestamp" : 239684673499,
    "gravity" : [
      0.04042355716228485,
      -0.981948733329773,
      -0.18477697670459747
    ],
    "userAcceleration" : [
      -0.0045808181166648865,
      0.074432373046875,
      -0.062232375144958496
    ],
    "rotationMatrix" : [
      0.06695869565010071,
      0.18717455863952637,
      -0.9800418615341187,
      -0.9969364404678345,
      -0.02724429965019226,
      -0.07331621646881104,
      -0.04042360186576843,
      0.981948733329773,
      0.18477696180343628
    ]
  },
  {
    "timestamp" : 239684683519,
    "gravity" : [
      0.040043070912361145,
      -0.9814740419387817,
      -0.18736399710178375
    ],
    "userAcceleration" : [
      -0.02031361684203148,
      0.07095164060592651,
      -0.08335758745670319
    ],
    "rotationMatrix" : [
      0.07331934571266174,
      0.18989509344100952,
      -0.9790629148483276,
      -0.9965043663978577,
      -0.02546730637550354,
      -0.07956510782241821,
      -0.04004308581352234,
      0.9814741015434265,
      0.18736398220062256
    ]
  },
  {
    "timestamp" : 239684693538,
    "gravity" : [
      0.03958148881793022,
      -0.9810996651649475,
      -0.18941113352775574
    ],
    "userAcceleration" : [
      -0.053558703511953354,
      0.04231804609298706,
      -0.08625423908233643
    ],
    "rotationMatrix" : [
      0.08016681671142578,
      0.19206655025482178,
      -0.9781020283699036,
      -0.9959951639175415,
      -0.023530155420303345,
      -0.086253821849823,
      -0.039581477642059326,
      0.9810996651649475,
      0.18941113352775574
    ]
  },
  {
    "timestamp" : 239684703557,
    "gravity" : [
      0.03941973298788071,
      -0.9807693958282471,
      -0.191147580742836
    ],
    "userAcceleration" : [
      -0.08473847806453705,
      0.018046677112579346,
      -0.06614625453948975
    ],
    "rotationMatrix" : [
      0.08695638179779053,
      0.19393756985664368,
      -0.9771523475646973,
      -0.9954319000244141,
      -0.021897554397583008,
      -0.09292903542518616,
      -0.03941977024078369,
      0.9807693958282471,
      0.1911475658416748
    ]
  },
  {
    "timestamp" : 239684713576,
    "gravity" : [
      0.03959853947162628,
      -0.9804396033287048,
      -0.19279465079307556
    ],
    "userAcceleration" : [
      -0.07968354225158691,
      0.00921785831451416,
      -0.04545615613460541
    ],
    "rotationMatrix" : [
      0.09374618530273438,
      0.19574004411697388,
      -0.9761644601821899,
      -0.9948081374168396,
      -0.020580798387527466,
      -0.09966328740119934,
      -0.039598554372787476,
      0.9804396629333496,
      0.19279465079307556
    ]
  },
  {
    "timestamp" : 239684723595,
    "gravity" : [
      0.0401226170361042,
      -0.9800761342048645,
      -0.1945267915725708
    ],
    "userAcceleration" : [
      -0.07810191065073013,
      0.006504535675048828,
      -0.036140426993370056
    ],
    "rotationMatrix" : [
      0.10082760453224182,
      0.1976609230041504,
      -0.9750710725784302,
      -0.9940943717956543,
      -0.01950863003730774,
      -0.1067492663860321,
      -0.0401226282119751,
      0.9800760746002197,
      0.1945267915725708
    ]
  },
  {
    "timestamp" : 239684733614,
    "gravity" : [
      0.04083515331149101,
      -0.9796524047851562,
      -0.19650323688983917
    ],
    "userAcceleration" : [
      -0.06970493495464325,
      0.0198289155960083,
      -0.01888994872570038
    ],
    "rotationMatrix" : [
      0.10821560025215149,
      0.19984659552574158,
      -0.9738328456878662,
      -0.9932882785797119,
      -0.01850181818008423,
      -0.11417430639266968,
      -0.04083514213562012,
      0.9796523451805115,
      0.19650325179100037
    ]
  },
  {
    "timestamp" : 239684743633,
    "gravity" : [
      0.041409965604543686,
      -0.9792059659957886,
      -0.19859649240970612
    ],
    "userAcceleration" : [
      -0.04578939452767372,
      0.0303688645362854,
      -0.010906800627708435
    ],
    "rotationMatrix" : [
      0.11538815498352051,
      0.202123761177063,
      -0.9725385904312134,
      -0.9924567937850952,
      -0.017356961965560913,
      -0.12135851383209229,
      -0.041409969329833984,
      0.9792059659957886,
      0.1985965073108673
    ]
  },
  {
    "timestamp" : 239684753652,
    "gravity" : [
      0.04148758947849274,
      -0.9788327813148499,
      -0.20041164755821228
    ],
    "userAcceleration" : [
      -0.03239351511001587,
      0.03733515739440918,
      -0.01194503903388977
    ],
    "rotationMatrix" : [
      0.1217767596244812,
      0.2040424942970276,
      -0.9713581800460815,
      -0.9916898608207703,
      -0.01589369773864746,
      -0.12766414880752563,
      -0.04148760437965393,
      0.9788327813148499,
      0.2004116177558899
    ]
  },
  {
    "timestamp" : 239684763671,
    "gravity" : [
      0.04091343283653259,
      -0.9786224961280823,
      -0.20155392587184906
    ],
    "userAcceleration" : [
      -0.03906726837158203,
      0.044235408306121826,
      -0.025847911834716797
    ],
    "rotationMatrix" : [
      0.12722104787826538,
      0.205183207988739,
      -0.9704197645187378,
      -0.9910301566123962,
      -0.014061272144317627,
      -0.13289612531661987,
      -0.04091343283653259,
      0.9786224961280823,
      0.20155394077301025
    ]
  },
  {
    "timestamp" : 239684773690,
    "gravity" : [
      0.03976370766758919,
      -0.9785960912704468,
      -0.20191165804862976
    ],
    "userAcceleration" : [
      -0.03597967326641083,
      0.03772401809692383,
      -0.0372852087020874
    ],
    "rotationMatrix" : [
      0.13174718618392944,
      0.2054418921470642,
      -0.9697608947753906,
      -0.9904853701591492,
      -0.011959880590438843,
      -0.13709628582000732,
      -0.03976371884346008,
      0.9785960912704468,
      0.20191165804862976
    ]
  },
  {
    "timestamp" : 239684783709,
    "gravity" : [
      0.038322433829307556,
      -0.9786410927772522,
      -0.2019723653793335
    ],
    "userAcceleration" : [
      -0.05152144655585289,
      0.023471534252166748,
      -0.035713911056518555
    ],
    "rotationMatrix" : [
      0.1360582411289215,
      0.20534861087799072,
      -0.9691851139068604,
      -0.9899592399597168,
      -0.009661465883255005,
      -0.14102154970169067,
      -0.03832241892814636,
      0.9786410927772522,
      0.2019723653793335
    ]
  },
  {
    "timestamp" : 239684793728,
    "gravity" : [
      0.036904703825712204,
      -0.9786272644996643,
      -0.20230337977409363
    ],
    "userAcceleration" : [
      -0.06763605773448944,
      0.012456059455871582,
      -0.030194878578186035
    ],
    "rotationMatrix" : [
      0.14076226949691772,
      0.205513596534729,
      -0.9684782028198242,
      -0.9893553256988525,
      -0.0072647035121917725,
      -0.14533820748329163,
      -0.03690469264984131,
      0.9786273241043091,
      0.20230337977409363
    ]
  },
  {
    "timestamp" : 239684803747,
    "gravity" : [
      0.03566553443670273,
      -0.9784799814224243,
      -0.20323508977890015
    ],
    "userAcceleration" : [
      -0.06226177141070366,
      0.007838129997253418,
      -0.05511155724525452
    ],
    "rotationMatrix" : [
      0.14603549242019653,
      0.2062840461730957,
      -0.9675329923629761,
      -0.9886360168457031,
      -0.00482785701751709,
      -0.15024983882904053,
      -0.035665541887283325,
      0.9784799814224243,
      0.20323508977890015
    ]
  },
  {
    "timestamp" : 239684813766,
    "gravity" : [
      0.03447091951966286,
      -0.9781943559646606,
      -0.2048107087612152
    ],
    "userAcceleration" : [
      -0.06106714904308319,
      0.007552385330200195,
      -0.05353599786758423
    ],
    "rotationMatrix" : [
      0.15146222710609436,
      0.20767849683761597,
      -0.9663997888565063,
      -0.987861692905426,
      -0.0022915005683898926,
      -0.15531828999519348,
      -0.03447088599205017,
      0.9781943559646606,
      0.2048107087612152
    ]
  },
  {
    "timestamp" : 239684823785,
    "gravity" : [
      0.03310796990990639,
      -0.9778345227241516,
      -0.2067449986934662
    ],
    "userAcceleration" : [
      -0.05970420315861702,
      0.007192492485046387,
      -0.05160164833068848
    ],
    "rotationMatrix" : [
      0.15692514181137085,
      0.20937854051589966,
      -0.965160608291626,
      -0.9870553612709045,
      0.0004890263080596924,
      -0.16037887334823608,
      -0.03310796618461609,
      0.9778345227241516,
      0.2067449986934662
    ]
  },
  {
    "timestamp" : 239684833804,
    "gravity" : [
      0.031522706151008606,
      -0.9775223135948181,
      -0.20846156775951385
    ],
    "userAcceleration" : [
      -0.07377444207668304,
      0.000715792179107666,
      -0.0894816517829895
    ],
    "rotationMatrix" : [
      0.1624082326889038,
      0.21080279350280762,
      -0.9639427065849304,
      -0.9862198829650879,
      0.0034698545932769775,
      -0.16540268063545227,
      -0.03152275085449219,
      0.9775223731994629,
      0.20846155285835266
    ]
  },
  {
    "timestamp" : 239684843824,
    "gravity" : [
      0.029859323054552078,
      -0.9773641228675842,
      -0.20944565534591675
    ],
    "userAcceleration" : [
      -0.09794418513774872,
      -0.00929945707321167,
      -0.10627403855323792
    ],
    "rotationMatrix" : [
      0.16831499338150024,
      0.21146312355995178,
      -0.9627840518951416,
      -0.9852807521820068,
      0.006504863500595093,
      -0.17081907391548157,
      -0.029859334230422974,
      0.977364182472229,
      0.20944562554359436
    ]
  },
  {
    "timestamp" : 239684853843,
    "gravity" : [
      0.028320003300905228,
      -0.9773809313774109,
      -0.20958147943019867
    ],
    "userAcceleration" : [
      -0.11241135001182556,
      -0.02374809980392456,
      -0.09782218933105469
    ],
    "rotationMatrix" : [
      0.17427441477775574,
      0.2112821340560913,
      -0.9617630839347839,
      -0.9842897653579712,
      0.009287595748901367,
      -0.17631593346595764,
      -0.028320014476776123,
      0.9773809909820557,
      0.20958146452903748
    ]
  },
  {
    "timestamp" : 239684863862,
    "gravity" : [
      0.027022376656532288,
      -0.9775069355964661,
      -0.20916473865509033
    ],
    "userAcceleration" : [
      -0.11440961062908173,
      -0.02726900577545166,
      -0.0640440285205841
    ],
    "rotationMatrix" : [
      0.18055880069732666,
      0.21057233214378357,
      -0.9607589244842529,
      -0.9831928014755249,
      0.011804550886154175,
      -0.18218770623207092,
      -0.027022361755371094,
      0.9775069952011108,
      0.20916470885276794
    ]
  },
  {
    "timestamp" : 239684873881,
    "gravity" : [
      0.025971977040171623,
      -0.9776095747947693,
      -0.2088174670934677
    ],
    "userAcceleration" : [
      -0.10594344139099121,
      -0.027471423149108887,
      -0.00797949731349945
    ],
    "rotationMatrix" : [
      0.18734318017959595,
      0.20994681119918823,
      -0.9595960974693298,
      -0.9819510579109192,
      0.014197975397109985,
      -0.18860113620758057,
      -0.02597200870513916,
      0.9776096343994141,
      0.20881745219230652
    ]
  },
  {
    "timestamp" : 239684883900,
    "gravity" : [
      0.025039587169885635,
      -0.9775580763816833,
      -0.20917195081710815
    ],
    "userAcceleration" : [
      -0.09521491080522537,
      -0.035686373710632324,
      0.0443921834230423
    ],
    "rotationMatrix" : [
      0.19385004043579102,
      0.21001383662223816,
      -0.9582880735397339,
      -0.9807113409042358,
      0.01655295491218567,
      -0.19475820660591125,
      -0.025039613246917725,
      0.9775581359863281,
      0.20917192101478577
    ]
  },
  {
    "timestamp" : 239684893919,
    "gravity" : [
      0.024212734773755074,
      -0.9772892594337463,
      -0.21052150428295135
    ],
    "userAcceleration" : [
      -0.08582788705825806,
      -0.03754216432571411,
      0.074870765209198
    ],
    "rotationMatrix" : [
      0.1994539499282837,
      0.21107184886932373,
      -0.9569047093391418,
      -0.9796079397201538,
      0.018820136785507202,
      -0.20003479719161987,
      -0.02421271800994873,
      0.9772892594337463,
      0.21052148938179016
    ]
  },
  {
    "timestamp" : 239684903938,
    "gravity" : [
      0.023385778069496155,
      -0.976823627948761,
      -0.2127646654844284
    ],
    "userAcceleration" : [
      -0.07210723310709,
      -0.03651249408721924,
      0.05810147523880005
    ],
    "rotationMatrix" : [
      0.2042243480682373,
      0.2130027711391449,
      -0.9554696679115295,
      -0.9786447286605835,
      0.02110731601715088,
      -0.2044723927974701,
      -0.02338576316833496,
      0.9768235683441162,
      0.2127646803855896
    ]
  },
  {
    "timestamp" : 239684913957,
    "gravity" : [
      0.022539498284459114,
      -0.9762305021286011,
      -0.21555912494659424
    ],
    "userAcceleration" : [
      -0.064119853079319,
      -0.0297202467918396,
      0.014539733529090881
    ],
    "rotationMatrix" : [
      0.20851927995681763,
      0.21546226739883423,
      -0.9539892673492432,
      -0.9777583479881287,
      0.02344590425491333,
      -0.20841917395591736,
      -0.022539466619491577,
      0.9762305021286011,
      0.21555912494659424
    ]
  },
  {
    "timestamp" : 239684923976,
    "gravity" : [
      0.02169289067387581,
      -0.9755873084068298,
      -0.2185378223657608
    ],
    "userAcceleration" : [
      -0.06801873445510864,
      -0.01350259780883789,
      -0.05654776096343994
    ],
    "rotationMatrix" : [
      0.21285533905029297,
      0.2180843949317932,
      -0.9524346590042114,
      -0.9768428206443787,
      0.025855928659439087,
      -0.21238979697227478,
      -0.021692901849746704,
      0.9755872488021851,
      0.218537837266922
    ]
  },
  {
    "timestamp" : 239684933995,
    "gravity" : [
      0.020937222987413406,
      -0.9749453067779541,
      -0.2214573621749878
    ],
    "userAcceleration" : [
      -0.06726306676864624,
      -0.014144718647003174,
      -0.053628236055374146
    ],
    "rotationMatrix" : [
      0.21748560667037964,
      0.22064295411109924,
      -0.9507979154586792,
      -0.9758390188217163,
      0.028256714344024658,
      -0.21665623784065247,
      -0.020937234163284302,
      0.9749453067779541,
      0.2214573621749878
    ]
  },
  {
    "timestamp" : 239684944014,
    "gravity" : [
      0.02037114091217518,
      -0.9743368625640869,
      -0.2241707593202591
    ],
    "userAcceleration" : [
      -0.07338032126426697,
      -0.021924614906311035,
      -0.05770498514175415
    ],
    "rotationMatrix" : [
      0.22245022654533386,
      0.2230139672756195,
      -0.9490945339202881,
      -0.9747310876846313,
      0.030532777309417725,
      -0.2212843894958496,
      -0.02037113904953003,
      0.9743368625640869,
      0.2241707742214203
    ]
  },
  {
    "timestamp" : 239684954033,
    "gravity" : [
      0.02001084014773369,
      -0.9738131165504456,
      -0.2264677733182907
    ],
    "userAcceleration" : [
      -0.07561402767896652,
      -0.024691522121429443,
      -0.045657604932785034
    ],
    "rotationMatrix" : [
      0.22664222121238708,
      0.22503474354743958,
      -0.9476248025894165,
      -0.9737725257873535,
      0.0323643684387207,
      -0.22521036863327026,
      -0.020010799169540405,
      0.9738131165504456,
      0.22646775841712952
    ]
  },
  {
    "timestamp" : 239684964052,
    "gravity" : [
      0.019775716587901115,
      -0.9734042882919312,
      -0.22823914885520935
    ],
    "userAcceleration" : [
      -0.0697178840637207,
      -0.012664377689361572,
      -0.03964430093765259
    ],
    "rotationMatrix" : [
      0.23004508018493652,
      0.2265888750553131,
      -0.9464337229728699,
      -0.9729790687561035,
      0.033788859844207764,
      -0.22840780019760132,
      -0.019775748252868652,
      0.9734042286872864,
      0.22823917865753174
    ]
  },
  {
    "timestamp" : 239684974071,
    "gravity" : [
      0.01937381736934185,
      -0.9730806946754456,
      -0.22964929044246674
    ],
    "userAcceleration" : [
      -0.04946429282426834,
      0.01606464385986328,
      -0.02848377823829651
    ],
    "rotationMatrix" : [
      0.23274677991867065,
      0.2277716100215912,
      -0.9454888701438904,
      -0.9723443984985352,
      0.03513231873512268,
      -0.2308942675590515,
      -0.019373834133148193,
      0.9730806946754456,
      0.22964927554130554
    ]
  },
  {
    "timestamp" : 239684984090,
    "gravity" : [
      0.018689457327127457,
      -0.9727497100830078,
      -0.23110315203666687
    ],
    "userAcceleration" : [
      -0.025998570024967194,
      0.031023144721984863,
      -0.02948659658432007
    ],
    "rotationMatrix" : [
      0.23507684469223022,
      0.22893908619880676,
      -0.944629967212677,
      -0.9717971086502075,
      0.036672383546829224,
      -0.23294970393180847,
      -0.018689453601837158,
      0.9727497100830078,
      0.23110315203666687
    ]
  },
  {
    "timestamp" : 239684994110,
    "gravity" : [
      0.017871910706162453,
      -0.9723338484764099,
      -0.2329108715057373
    ],
    "userAcceleration" : [
      -0.020466061308979988,
      0.03936582803726196,
      -0.042052626609802246
    ],
    "rotationMatrix" : [
      0.23793959617614746,
      0.2303917407989502,
      -0.9435594081878662,
      -0.9711154699325562,
      0.038555532693862915,
      -0.23547419905662537,
      -0.017871946096420288,
      0.9723337888717651,
      0.2329109013080597
    ]
  },
  {
    "timestamp" : 239685004129,
    "gravity" : [
      0.016970094293355942,
      -0.9718287587165833,
      -0.2350761443376541
    ],
    "userAcceleration" : [
      -0.024187646806240082,
      0.0445980429649353,
      -0.04040616750717163
    ],
    "rotationMatrix" : [
      0.24175173044204712,
      0.23212221264839172,
      -0.9421652555465698,
      -0.9701896905899048,
      0.04084146022796631,
      -0.23888036608695984,
      -0.016970068216323853,
      0.9718286991119385,
      0.23507612943649292
    ]
  },
  {
    "timestamp" : 239685014148,
    "gravity" : [
      0.016083506867289543,
      -0.9712677001953125,
      -0.23744559288024902
    ],
    "userAcceleration" : [
      -0.02884000912308693,
      0.0239410400390625,
      -0.029858022928237915
    ],
    "rotationMatrix" : [
      0.24591657519340515,
      0.2340242862701416,
      -0.9406156539916992,
      -0.9691575765609741,
      0.043263405561447144,
      -0.24261474609375,
      -0.016083508729934692,
      0.9712677001953125,
      0.23744559288024902
    ]
  },
  {
    "timestamp" : 239685024167,
    "gravity" : [
      0.015279429033398628,
      -0.9707251787185669,
      -0.2397060990333557
    ],
    "userAcceleration" : [
      -0.02353457175195217,
      0.005759477615356445,
      -0.029687926173210144
    ],
    "rotationMatrix" : [
      0.25016090273857117,
      0.2358209192752838,
      -0.9390462636947632,
      -0.9680836200714111,
      0.04561707377433777,
      -0.2464405596256256,
      -0.015279442071914673,
      0.9707251787185669,
      0.2397060990333557
    ]
  },
  {
    "timestamp" : 239685034186,
    "gravity" : [
      0.014462597668170929,
      -0.9702481627464294,
      -0.2416796237230301
    ],
    "userAcceleration" : [
      -0.019986439496278763,
      0.01379692554473877,
      -0.02130572497844696
    ],
    "rotationMatrix" : [
      0.25429078936576843,
      0.2373267412185669,
      -0.9375563859939575,
      -0.9670195579528809,
      0.047897517681121826,
      -0.2501573860645294,
      -0.014462590217590332,
      0.9702482223510742,
      0.24167963862419128
    ]
  },
  {
    "timestamp" : 239685044205,
    "gravity" : [
      0.013503999449312687,
      -0.9697985053062439,
      -0.24353334307670593
    ],
    "userAcceleration" : [
      -0.026565678417682648,
      0.012416362762451172,
      0.003115713596343994
    ],
    "rotationMatrix" : [
      0.2580079734325409,
      0.2386874556541443,
      -0.9361945390701294,
      -0.9660484194755554,
      0.05019116401672363,
      -0.2534389793872833,
      -0.013503998517990112,
      0.9697985649108887,
      0.24353334307670593
    ]
  },
  {
    "timestamp" : 239685054224,
    "gravity" : [
      0.012497126124799252,
      -0.9693475961685181,
      -0.24537526071071625
    ],
    "userAcceleration" : [
      -0.03073153644800186,
      0.009051084518432617,
      0.00927591323852539
    ],
    "rotationMatrix" : [
      0.2615727186203003,
      0.24001848697662354,
      -0.9348640441894531,
      -0.9651027917861938,
      0.052500396966934204,
      -0.25655439496040344,
      -0.012497127056121826,
      0.9693475961685181,
      0.24537524580955505
    ]
  },
  {
    "timestamp" : 239685064243,
    "gravity" : [
      0.01150868833065033,
      -0.9688686728477478,
      -0.24730749428272247
    ],
    "userAcceleration" : [
      -0.033252615481615067,
      0.010265886783599854,
      0.03337913751602173
    ],
    "rotationMatrix" : [
      0.264942467212677,
      0.24143895506858826,
      -0.9335484504699707,
      -0.9641954898834229,
      0.05477836728096008,
      -0.25947305560112,
      -0.011508673429489136,
      0.968868613243103,
      0.24730750918388367
    ]
  },
  {
    "timestamp" : 239685074262,
    "gravity" : [
      0.010498176328837872,
      -0.968329131603241,
      -0.24945588409900665
    ],
    "userAcceleration" : [
      -0.018722817301750183,
      0.005072474479675293,
      0.0591939240694046
    ],
    "rotationMatrix" : [
      0.2676960527896881,
      0.2430853545665741,
      -0.9323347806930542,
      -0.9634461402893066,
      0.056990623474121094,
      -0.26176977157592773,
      -0.010498195886611938,
      0.9683291912078857,
      0.24945589900016785
    ]
  },
  {
    "timestamp" : 239685084281,
    "gravity" : [
      0.00945574976503849,
      -0.967684805393219,
      -0.25198519229888916
    ],
    "userAcceleration" : [
      0.005039965733885765,
      0.009555041790008545,
      0.06767416000366211
    ],
    "rotationMatrix" : [
      0.2699264883995056,
      0.24511173367500305,
      -0.9311604499816895,
      -0.9628344774246216,
      0.059212714433670044,
      -0.2635214626789093,
      -0.009455740451812744,
      0.9676848649978638,
      0.2519851624965668
    ]
  },
  {
    "timestamp" : 239685094300,
    "gravity" : [
      0.00831112265586853,
      -0.966858446598053,
      -0.25517743825912476
    ],
    "userAcceleration" : [
      0.0029649902135133743,
      0.01657170057296753,
      0.0697372555732727
    ],
    "rotationMatrix" : [
      0.2713684141635895,
      0.24779051542282104,
      -0.9300316572189331,
      -0.9624395966529846,
      0.061517566442489624,
      -0.26443418860435486,
      -0.00831112265586853,
      0.9668583869934082,
      0.25517743825912476
    ]
  },
  {
    "timestamp" : 239685104319,
    "gravity" : [
      0.0073022437281906605,
      -0.9658414125442505,
      -0.2590307295322418
    ],
    "userAcceleration" : [
      -0.015542121604084969,
      0.012441873550415039,
      0.01925399899482727
    ],
    "rotationMatrix" : [
      0.2724587619304657,
      0.25115862488746643,
      -0.9288085699081421,
      -0.9621397256851196,
      0.063792884349823,
      -0.26498591899871826,
      -0.0073022544384002686,
      0.9658414125442505,
      0.2590307295322418
    ]
  },
  {
    "timestamp" : 239685114338,
    "gravity" : [
      0.006774945184588432,
      -0.9647429585456848,
      -0.26310616731643677
    ],
    "userAcceleration" : [
      -0.02743550017476082,
      0.01444101333618164,
      -0.042969971895217896
    ],
    "rotationMatrix" : [
      0.2739257514476776,
      0.2548381984233856,
      -0.9273736476898193,
      -0.9617267847061157,
      0.06578874588012695,
      -0.2659943699836731,
      -0.00677490234375,
      0.9647429585456848,
      0.2631061375141144
    ]
  },
  {
    "timestamp" : 239685124357,
    "gravity" : [
      0.006946244277060032,
      -0.9637014865875244,
      -0.26689136028289795
    ],
    "userAcceleration" : [
      -0.028125585988163948,
      0.015047430992126465,
      -0.0839235782623291
    ],
    "rotationMatrix" : [
      0.27641135454177856,
      0.25834909081459045,
      -0.9256632328033447,
      -0.9610142707824707,
      0.06734198331832886,
      -0.2681725025177002,
      -0.00694623589515686,
      0.9637014865875244,
      0.26689136028289795
    ]
  },
  {
    "timestamp" : 239685134376,
    "gravity" : [
      0.007703776005655527,
      -0.9628097414970398,
      -0.2700704336166382
    ],
    "userAcceleration" : [
      -0.012739332392811775,
      0.034098803997039795,
      -0.09101369976997375
    ],
    "rotationMatrix" : [
      0.2797428071498871,
      0.261369913816452,
      -0.9238126277923584,
      -0.9600440263748169,
      0.06843346357345581,
      -0.2713525891304016,
      -0.0077037513256073,
      0.9628097414970398,
      0.27007046341896057
    ]
  },
  {
    "timestamp" : 239685144396,
    "gravity" : [
      0.008708938956260681,
      -0.9621360898017883,
      -0.27243033051490784
    ],
    "userAcceleration" : [
      0.012561659328639507,
      0.05599302053451538,
      -0.0692141056060791
    ],
    "rotationMatrix" : [
      0.2839690148830414,
      0.26360392570495605,
      -0.9218864440917969,
      -0.9587938785552979,
      0.06933313608169556,
      -0.2755125164985657,
      -0.008708924055099487,
      0.9621360898017883,
      0.27243033051490784
    ]
  },
  {
    "timestamp" : 239685154415,
    "gravity" : [
      0.009558829478919506,
      -0.9616926312446594,
      -0.2739631235599518
    ],
    "userAcceleration" : [
      0.03685826063156128,
      0.07558435201644897,
      -0.016259193420410156
    ],
    "rotationMatrix" : [
      0.2884601652622223,
      0.2649802565574646,
      -0.920095682144165,
      -0.9574441313743591,
      0.07023245096206665,
      -0.2799428403377533,
      -0.009558826684951782,
      0.9616925716400146,
      0.2739631235599518
    ]
  },
  {
    "timestamp" : 239685164434,
    "gravity" : [
      0.009819315746426582,
      -0.9613780379295349,
      -0.27505555748939514
    ],
    "userAcceleration" : [
      0.06549791246652603,
      0.08865177631378174,
      0.06106618046760559
    ],
    "rotationMatrix" : [
      0.29239460825920105,
      0.26580682396888733,
      -0.9186140894889832,
      -0.9562472105026245,
      0.07140469551086426,
      -0.283711701631546,
      -0.009819328784942627,
      0.9613780975341797,
      0.27505555748939514
    ]
  },
  {
    "timestamp" : 239685174453,
    "gravity" : [
      0.00918502639979124,
      -0.9609634876251221,
      -0.2765224874019623
    ],
    "userAcceleration" : [
      0.08638063073158264,
      0.08950364589691162,
      0.12884777784347534
    ],
    "rotationMatrix" : [
      0.2952772080898285,
      0.26680925488471985,
      -0.9174007177352905,
      -0.9553674459457397,
      0.07322448492050171,
      -0.28620120882987976,
      -0.009185045957565308,
      0.9609634876251221,
      0.2765224874019623
    ]
  },
  {
    "timestamp" : 239685184472,
    "gravity" : [
      0.007633374538272619,
      -0.9602283239364624,
      -0.2791111469268799
    ],
    "userAcceleration" : [
      0.08236280828714371,
      0.08519798517227173,
      0.14912143349647522
    ],
    "rotationMatrix" : [
      0.29691535234451294,
      0.2687075734138489,
      -0.9163172245025635,
      -0.9548731446266174,
      0.07587790489196777,
      -0.2871575355529785,
      -0.0076333582401275635,
      0.9602283239364624,
      0.2791111469268799
    ]
  },
  {
    "timestamp" : 239685194491,
    "gravity" : [
      0.0053182970732450485,
      -0.9591075778007507,
      -0.2829916775226593
    ],
    "userAcceleration" : [
      0.061820220202207565,
      0.07695126533508301,
      0.12144675850868225
    ],
    "rotationMatrix" : [
      0.2979676127433777,
      0.27166035771369934,
      -0.9151042699813843,
      -0.9545611143112183,
      0.07945558428764343,
      -0.28722772002220154,
      -0.005318284034729004,
      0.959107518196106,
      0.2829916775226593
    ]
  },
  {
    "timestamp" : 239685204510,
    "gravity" : [
      0.0024558021686971188,
      -0.9577226638793945,
      -0.28768253326416016
    ],
    "userAcceleration" : [
      0.047867536544799805,
      0.05484497547149658,
      0.0711449384689331
    ],
    "rotationMatrix" : [
      0.2986043691635132,
      0.2752606272697449,
      -0.9138200283050537,
      -0.9543737769126892,
      0.0836591124534607,
      -0.28665614128112793,
      -0.002455800771713257,
      0.9577226638793945,
      0.28768253326416016
    ]
  },
  {
    "timestamp" : 239685214529,
    "gravity" : [
      -0.0006198790506459773,
      -0.9562416076660156,
      -0.2925770878791809
    ],
    "userAcceleration" : [
      0.014352655969560146,
      0.01973360776901245,
      0.025822848081588745
    ],
    "rotationMatrix" : [
      0.2987057566642761,
      0.27904239296913147,
      -0.9126390218734741,
      -0.9543449878692627,
      0.08796027302742004,
      -0.28546178340911865,
      0.0006198883056640625,
      0.9562416076660156,
      0.2925770878791809
    ]
  },
  {
    "timestamp" : 239685224548,
    "gravity" : [
      -0.0034586687106639147,
      -0.9548026323318481,
      -0.2972200810909271
    ],
    "userAcceleration" : [
      -0.01970432698726654,
