[
  {
    "gravity" : [
      -0.006545352283865213,
      -0.9958521127700806,
      -0.09074895828962326
    ],
    "userAcceleration" : [
      0.07528617978096008,
      0.021899044513702393,
      0.01900220662355423
    ],
    "timestamp" : 239624333863,
    "rotationMatrix" : [
      -0.997077465057373,
      0.013406869024038315,
      -0.07520801573991776,
      -0.07611273229122162,
      -0.08999119699001312,
      0.993029773235321,
      0.006545349955558777,
      0.9958521723747253,
      0.09074892103672028
    ]
  },
  {
    "gravity" : [
      -0.007343081757426262,
      -0.9959822297096252,
      -0.08924873918294907
    ],
    "userAcceleration" : [
      0.06694390624761581,
      0.016551196575164795,
      0.0008393526077270508
    ],
    "timestamp" : 239624343882,
    "rotationMatrix" : [
      -0.9976649284362793,
      0.013357328251004219,
      -0.0669783428311348,
      -0.0679013654589653,
      -0.08854838460683823,
      0.9937546849250793,
      0.00734308548271656,
      0.9959822297096252,
      0.08924869447946548
    ]
  },
  {
    "gravity" : [
      -0.008096927776932716,
      -0.9961099028587341,
      -0.08774496614933014
    ],
    "userAcceleration" : [
      0.05086730048060417,
      0.012330174446105957,
      -0.00925511121749878
    ],
    "timestamp" : 239624353900,
    "rotationMatrix" : [
      -0.9981380105018616,
      0.013355674222111702,
      -0.05951198562979698,
      -0.060452379286289215,
      -0.08709949254989624,
      0.99436354637146,
      0.008096929639577866,
      0.9961099624633789,
      0.08774495124816895
    ]
  },
  {
    "gravity" : [
      -0.008719723671674728,
      -0.9962362051010132,
      -0.08623930811882019
    ],
    "userAcceleration" : [
      0.047400739043951035,
      0.013600826263427734,
      0.00010347366333007812
    ],
    "timestamp" : 239624363918,
    "rotationMatrix" : [
      -0.9985415935516357,
      0.013269701972603798,
      -0.052328288555145264,
      -0.053275711834430695,
      -0.08565711975097656,
      0.9948991537094116,
      0.008719723671674728,
      0.9962362051010132,
      0.08623933792114258
    ]
  },
  {
    "gravity" : [
      -0.009245418012142181,
      -0.9963609576225281,
      -0.08473130315542221
    ],
    "userAcceleration" : [
      0.05354168266057968,
      0.0075304508209228516,
      0.017775774002075195
    ],
    "timestamp" : 239624373937,
    "rotationMatrix" : [
      -0.9988771677017212,
      0.013139486312866211,
      -0.04551605507731438,
      -0.0464637465775013,
      -0.08421532064676285,
      0.995363712310791,
      0.009245418012142181,
      0.9963608980178833,
      0.08473130315542221
    ]
  },
  {
    "gravity" : [
      -0.009711316786706448,
      -0.9964776039123535,
      -0.08329291641712189
    ],
    "userAcceleration" : [
      0.05837158486247063,
      0.007387816905975342,
      0.031611450016498566
    ],
    "timestamp" : 239624383955,
    "rotationMatrix" : [
      -0.9991844296455383,
      0.012934284284710884,
      -0.03824255242943764,
      -0.039185188710689545,
      -0.0828532949090004,
      0.9957908391952515,
      0.009711317718029022,
      0.9964776039123535,
      0.08329292386770248
    ]
  },
  {
    "gravity" : [
      -0.010248211212456226,
      -0.9965838193893433,
      -0.08194628357887268
    ],
    "userAcceleration" : [
      0.08405497670173645,
      0.027498364448547363,
      0.020651765167713165
    ],
    "timestamp" : 239624393973,
    "rotationMatrix" : [
      -0.9994714260101318,
      0.012736289761960506,
      -0.029897518455982208,
      -0.03083907812833786,
      -0.08159621804952621,
      0.9961880445480347,
      0.010248211212456226,
      0.9965839385986328,
      0.08194629102945328
    ]
  },
  {
    "gravity" : [
      -0.011058532632887363,
      -0.9966776967048645,
      -0.08069135993719101
    ],
    "userAcceleration" : [
      0.08486530184745789,
      0.027592122554779053,
      0.019396841526031494
    ],
    "timestamp" : 239624403992,
    "rotationMatrix" : [
      -0.9996894001960754,
      0.012821635231375694,
      -0.02136463299393654,
      -0.022328248247504234,
      -0.08042993396520615,
      0.9965100884437561,
      0.011058531701564789,
      0.9966776967048645,
      0.0806913748383522
    ]
  },
  {
    "gravity" : [
      -0.012119701132178307,
      -0.9967603087425232,
      -0.07951011508703232
    ],
    "userAcceleration" : [
      0.07175105065107346,
      0.023646414279937744,
      0.0132107213139534
    ],
    "timestamp" : 239624414010,
    "rotationMatrix" : [
      -0.9997861981391907,
      0.01341073215007782,
      -0.015723463147878647,
      -0.016738813370466232,
      -0.0793023407459259,
      0.9967100024223328,
      0.012119701132178307,
      0.9967603087425232,
      0.07951012253761292
    ]
  },
  {
    "gravity" : [
      -0.013080484233796597,
      -0.9968289136886597,
      -0.07849022001028061
    ],
    "userAcceleration" : [
      0.04411684721708298,
      0.006869316101074219,
      0.012969017028808594
    ],
    "timestamp" : 239624424028,
    "rotationMatrix" : [
      -0.9998663067817688,
      0.013807343319058418,
      -0.008724928833544254,
      -0.00978100299835205,
      -0.07836531102657318,
      0.99687659740448,
      0.013080484233796597,
      0.9968289136886597,
      0.07849021255970001
    ]
  },
  {
    "gravity" : [
      -0.013672751374542713,
      -0.9968835711479187,
      -0.07769034057855606
    ],
    "userAcceleration" : [
      0.02987757697701454,
      -0.005771219730377197,
      0.012764222919940948
    ],
    "timestamp" : 239624434047,
    "rotationMatrix" : [
      -0.9999023675918579,
      0.013841480016708374,
      -0.0016337279230356216,
      -0.002703983336687088,
      -0.077659972012043,
      0.9969759583473206,
      0.013672751374542713,
      0.9968835711479187,
      0.07769035547971725
    ]
  },
  {
    "gravity" : [
      -0.01389075256884098,
      -0.9969245791435242,
      -0.07712483406066895
    ],
    "userAcceleration" : [
      0.03465797379612923,
      -0.004418075084686279,
      0.024054832756519318
    ],
    "timestamp" : 239624444065,
    "rotationMatrix" : [
      -0.999895453453064,
      0.013542966917157173,
      0.005030602682381868,
      0.00397063372656703,
      -0.0771864727139473,
      0.9970086216926575,
      0.01389075256884098,
      0.9969245791435242,
      0.07712482661008835
    ]
  },
  {
    "gravity" : [
      -0.01387134101241827,
      -0.9969466924667358,
      -0.0768425464630127
    ],
    "userAcceleration" : [
      0.03856007009744644,
      -0.0016188621520996094,
      0.04167109727859497
    ],
    "timestamp" : 239624454083,
    "rotationMatrix" : [
      -0.9998239874839783,
      0.012859223410487175,
      0.013650521636009216,
      0.012620707973837852,
      -0.07701827585697174,
      0.9969497919082642,
      0.013871341943740845,
      0.9969466924667358,
      0.07684259116649628
    ]
  },
  {
    "gravity" : [
      -0.013724053278565407,
      -0.9969556927680969,
      -0.07675274461507797
    ],
    "userAcceleration" : [
      0.05449552834033966,
      0.006111025810241699,
      0.05404770374298096
    ],
    "timestamp" : 239624464102,
    "rotationMatrix" : [
      -0.9997063875198364,
      0.012148158624768257,
      0.020961469039320946,
      0.01996525190770626,
      -0.07701781392097473,
      0.9968298077583313,
      0.013724053278565407,
      0.9969556927680969,
      0.07675275206565857
    ]
  },
  {
    "gravity" : [
      -0.013568748719990253,
      -0.9969587922096252,
      -0.07673779129981995
    ],
    "userAcceleration" : [
      0.061893340200185776,
      0.02016758918762207,
      0.06617874652147293
    ],
    "timestamp" : 239624474120,
    "rotationMatrix" : [
      -0.999535322189331,
      0.011429660953581333,
      0.028246192261576653,
      0.027283210307359695,
      -0.07708510011434555,
      0.9966509938240051,
      0.013568749651312828,
      0.9969587922096252,
      0.07673779875040054
    ]
  },
  {
    "gravity" : [
      -0.013528147712349892,
      -0.9969581961631775,
      -0.07675489038228989
    ],
    "userAcceleration" : [
      0.06856661289930344,
      0.037256717681884766,
      0.06090104579925537
    ],
    "timestamp" : 239624484139,
    "rotationMatrix" : [
      -0.9992914199829102,
      0.01078381109982729,
      0.03605705499649048,
      0.035119667649269104,
      -0.0771881714463234,
      0.9963977932929993,
      0.013528148643672466,
      0.9969581961631775,
      0.07675489038228989
    ]
  },
  {
    "gravity" : [
      -0.013853739947080612,
      -0.9969461560249329,
      -0.076852947473526
    ],
    "userAcceleration" : [
      0.0788561999797821,
      0.04060161113739014,
      0.04076594114303589
    ],
    "timestamp" : 239624494157,
    "rotationMatrix" : [
      -0.9989520311355591,
      0.01044665090739727,
      0.04455878958106041,
      0.04361985623836517,
      -0.07738965004682541,
      0.996046245098114,
      0.013853740878403187,
      0.9969461560249329,
      0.07685298472642899
    ]
  },
  {
    "gravity" : [
      -0.014665374532341957,
      -0.9969140291213989,
      -0.07711789757013321
    ],
    "userAcceleration" : [
      0.079667828977108,
      0.04056954383850098,
      0.0410308837890625
    ],
    "timestamp" : 239624504175,
    "rotationMatrix" : [
      -0.9984907507896423,
      0.010519130155444145,
      0.05389898270368576,
      0.052921444177627563,
      -0.07779175788164139,
      0.9955639839172363,
      0.014665372669696808,
      0.9969140291213989,
      0.0771179124712944
    ]
  },
  {
    "gravity" : [
      -0.015622898004949093,
      -0.9968684911727905,
      -0.07751822471618652
    ],
    "userAcceleration" : [
      0.04163914918899536,
      0.016796469688415527,
      0.007404141128063202
    ],
    "timestamp" : 239624514194,
    "rotationMatrix" : [
      -0.9979899525642395,
      0.010784352198243141,
      0.062448710203170776,
      0.061417169868946075,
      -0.07833808660507202,
      0.9950332045555115,
      0.015622898936271667,
      0.9968685507774353,
      0.07751822471618652
    ]
  },
  {
    "gravity" : [
      -0.016292370855808258,
      -0.9968392848968506,
      -0.07775615155696869
    ],
    "userAcceleration" : [
      0.011333281174302101,
      -0.00020051002502441406,
      -0.04115552455186844
    ],
    "timestamp" : 239624524212,
    "rotationMatrix" : [
      -0.9974105358123779,
      0.010754862800240517,
      0.07111089676618576,
      0.07004987448453903,
      -0.07871344685554504,
      0.9944331645965576,
      0.016292372718453407,
      0.9968392848968506,
      0.0777561366558075
    ]
  },
  {
    "gravity" : [
      -0.016535013914108276,
      -0.9968553185462952,
      -0.07749739289283752
    ],
    "userAcceleration" : [
      0.012323612347245216,
      -0.001954376697540283,
      -0.06926161050796509
    ],
    "timestamp" : 239624534230,
    "rotationMatrix" : [
      -0.9968087673187256,
      0.010381262749433517,
      0.0791463851928711,
      0.07809297740459442,
      -0.07855856418609619,
      0.9938459992408752,
      0.016535017639398575,
      0.9968553185462952,
      0.07749736309051514
    ]
  },
  {
    "gravity" : [
      -0.01637587510049343,
      -0.9969124794006348,
      -0.07679431140422821
    ],
    "userAcceleration" : [
      0.018161173909902573,
      -0.0031790733337402344,
      -0.06647045165300369
    ],
    "timestamp" : 239624544249,
    "rotationMatrix" : [
      -0.9962222576141357,
      0.009716987609863281,
      0.08629575371742249,
      0.08528310805559158,
      -0.0779174268245697,
      0.9933054447174072,
      0.01637587696313858,
      0.9969124794006348,
      0.07679429650306702
    ]
  },
  {
    "gravity" : [
      -0.01586848497390747,
      -0.9969754219055176,
      -0.07607845962047577
    ],
    "userAcceleration" : [
      0.023223230615258217,
      0.005230545997619629,
      -0.03743159770965576
    ],
    "timestamp" : 239624554267,
    "rotationMatrix" : [
      -0.9957135915756226,
      0.008822914212942123,
      0.09206609427928925,
      0.09111641347408295,
      -0.0772131159901619,
      0.9928422570228577,
      0.01586848869919777,
      0.9969754815101624,
      0.07607846707105637
    ]
  },
  {
    "gravity" : [
      -0.015326549299061298,
      -0.9970089793205261,
      -0.07574828714132309
    ],
    "userAcceleration" : [
      0.04631716012954712,
      0.014450013637542725,
      -0.004970654845237732
    ],
    "timestamp" : 239624564285,
    "rotationMatrix" : [
      -0.9952182769775391,
      0.007902819663286209,
      0.09735014289617538,
      0.09646035730838776,
      -0.07687769085168839,
      0.9923632144927979,
      0.015326552093029022,
      0.9970089197158813,
      0.07574834674596786
    ]
  },
  {
    "gravity" : [
      -0.015050984919071198,
      -0.9970042109489441,
      -0.07586722820997238
    ],
    "userAcceleration" : [
      0.06088840961456299,
      0.017451047897338867,
      0.015488259494304657
    ],
    "timestamp" : 239624574304,
    "rotationMatrix" : [
      -0.9947715401649475,
      0.007265884429216385,
      0.10186459124088287,
      0.10100819170475006,
      -0.07700357586145401,
      0.9919010400772095,
      0.015050984919071198,
      0.9970042705535889,
      0.07586725801229477
    ]
  },
  {
    "gravity" : [
      -0.015071219764649868,
      -0.9969753623008728,
      -0.07624151557683945
    ],
    "userAcceleration" : [
      0.04908307269215584,
      0.015377581119537354,
      0.02832895517349243
    ],
    "timestamp" : 239624584322,
    "rotationMatrix" : [
      -0.9942779541015625,
      0.0068784914910793304,
      0.10659948736429214,
      0.10575264692306519,
      -0.07741159945726395,
      0.9913745522499084,
      0.015071220695972443,
      0.9969753623008728,
      0.07624154537916183
    ]
  },
  {
    "gravity" : [
      -0.015329201705753803,
      -0.996951699256897,
      -0.07649780064821243
    ],
    "userAcceleration" : [
      0.040399398654699326,
      -0.0004998445510864258,
      0.021535702049732208
    ],
    "timestamp" : 239624594340,
    "rotationMatrix" : [
      -0.9936383962631226,
      0.006652325391769409,
      0.11241713166236877,
      0.11156558990478516,
      -0.07773406058549881,
      0.9907119274139404,
      0.015329208225011826,
      0.996951699256897,
      0.07649784535169601
    ]
  },
  {
    "gravity" : [
      -0.015790877863764763,
      -0.9969536662101746,
      -0.07637804746627808
    ],
    "userAcceleration" : [
      0.0408611036837101,
      -0.0004978775978088379,
      0.02141595631837845
    ],
    "timestamp" : 239624604359,
    "rotationMatrix" : [
      -0.9928770661354065,
      0.0066129714250564575,
      0.11895573139190674,
      0.11808829754590988,
      -0.0777120292186737,
      0.9899572730064392,
      0.015790876001119614,
      0.9969536662101746,
      0.07637807726860046
    ]
  },
  {
    "gravity" : [
      -0.016319848597049713,
      -0.9969732165336609,
      -0.07601135224103928
    ],
    "userAcceleration" : [
      0.03579007834196091,
      -0.0017753839492797852,
      0.026359327137470245
    ],
    "timestamp" : 239624614377,
    "rotationMatrix" : [
      -0.9922094345092773,
      0.006757847964763641,
      0.12439373880624771,
      0.12350357323884964,
      -0.07744886726140976,
      0.989316999912262,
      0.016319848597049713,
      0.9969732165336609,
      0.07601139694452286
    ]
  },
  {
    "gravity" : [
      -0.01676732487976551,
      -0.9969858527183533,
      -0.07574683427810669
    ],
    "userAcceleration" : [
      0.03248390182852745,
      -0.001320183277130127,
      0.014437086880207062
    ],
    "timestamp" : 239624624395,
    "rotationMatrix" : [
      -0.99139004945755,
      0.006738308817148209,
      0.1307644098997116,
      0.12985989451408386,
      -0.07728679478168488,
      0.9885153770446777,
      0.01676732674241066,
      0.996985912322998,
      0.07574687898159027
    ]
  },
  {
    "gravity" : [
      -0.017161821946501732,
      -0.9969766736030579,
      -0.07578181475400925
    ],
    "userAcceleration" : [
      0.029460441321134567,
      0.0006389021873474121,
      -0.01917356252670288
    ],
    "timestamp" : 239624634414,
    "rotationMatrix" : [
      -0.9906132817268372,
      0.006674408912658691,
      0.13653016090393066,
      0.1356116086244583,
      -0.07741347700357437,
      0.9877330660820007,
      0.01716182380914688,
      0.9969766736030579,
      0.07578184455633163
    ]
  },
  {
    "gravity" : [
      -0.017471110448241234,
      -0.9969580769538879,
      -0.07595429569482803
    ],
    "userAcceleration" : [
      0.018371403217315674,
      0.0030007362365722656,
      -0.04358302801847458
    ],
    "timestamp" : 239624644432,
    "rotationMatrix" : [
      -0.9899328351020813,
      0.006576642394065857,
      0.14138256013393402,
      0.14045298099517822,
      -0.07765944302082062,
      0.9870367646217346,
      0.017471108585596085,
      0.9969580769538879,
      0.07595430314540863
    ]
  },
  {
    "gravity" : [
      -0.01760685443878174,
      -0.996964156627655,
      -0.07584286481142044
    ],
    "userAcceleration" : [
      0.011060846969485283,
      0.0036629438400268555,
      -0.038536958396434784
    ],
    "timestamp" : 239624654450,
    "rotationMatrix" : [
      -0.9890747666358948,
      0.006263397634029388,
      0.14727994799613953,
      0.14635783433914185,
      -0.07760713249444962,
      0.9861826300621033,
      0.01760685443878174,
      0.996964156627655,
      0.07584282010793686
    ]
  },
  {
    "gravity" : [
      -0.017633408308029175,
      -0.9970154762268066,
      -0.07515841722488403
    ],
    "userAcceleration" : [
      0.022439943626523018,
      0.003363370895385742,
      -0.019018761813640594
    ],
    "timestamp" : 239624664469,
    "rotationMatrix" : [
      -0.98835289478302,
      0.006017602980136871,
      0.15205781161785126,
      0.15115174651145935,
      -0.07696397602558136,
      0.9855096340179443,
      0.017633408308029175,
      0.9970154762268066,
      0.07515840232372284
    ]
  },
  {
    "gravity" : [
      -0.0177309587597847,
      -0.9971086382865906,
      -0.07388967275619507
    ],
    "userAcceleration" : [
      0.035507477819919586,
      0.011818289756774902,
      0.004630096256732941
    ],
    "timestamp" : 239624674487,
    "rotationMatrix" : [
      -0.9876804351806641,
      0.0059758201241493225,
      0.15636849403381348,
      0.15547487139701843,
      -0.0757516473531723,
      0.9849309325218201,
      0.0177309587597847,
      0.9971086382865906,
      0.07388962805271149
    ]
  },
  {
    "gravity" : [
      -0.018086731433868408,
      -0.9972203969955444,
      -0.07227734476327896
    ],
    "userAcceleration" : [
      0.044576022773981094,
      0.02398449182510376,
      0.02053482085466385
    ],
    "timestamp" : 239624684505,
    "rotationMatrix" : [
      -0.9869317412376404,
      0.006229892373085022,
      0.16101622581481934,
      0.16011841595172882,
      -0.07424475252628326,
      0.9843014478683472,
      0.018086731433868408,
      0.9972203969955444,
      0.07227735221385956
    ]
  },
  {
    "gravity" : [
      -0.0186917744576931,
      -0.9973349571228027,
      -0.07052197307348251
    ],
    "userAcceleration" : [
      0.04121377691626549,
      0.017812371253967285,
      0.0624348521232605
    ],
    "timestamp" : 239624694524,
    "rotationMatrix" : [
      -0.9860941171646118,
      0.0067396387457847595,
      0.16605016589164734,
      0.16513237357139587,
      -0.0726449266076088,
      0.9835922718048096,
      0.0186917781829834,
      0.9973349571228027,
      0.07052197307348251
    ]
  },
  {
    "gravity" : [
      -0.019467486068606377,
      -0.9974351525306702,
      -0.06887643039226532
    ],
    "userAcceleration" : [
      0.04198949784040451,
      0.017912566661834717,
      0.060789287090301514
    ],
    "timestamp" : 239624704542,
    "rotationMatrix" : [
      -0.9851408004760742,
      0.007378719747066498,
      0.17158901691436768,
      0.1706407070159912,
      -0.07119325548410416,
      0.9827578663825989,
      0.019467487931251526,
      0.9974351525306702,
      0.0688764676451683
    ]
  },
  {
    "gravity" : [
      -0.020311228930950165,
      -0.9975054264068604,
      -0.06760347634553909
    ],
    "userAcceleration" : [
      0.03062620759010315,
      0.008171439170837402,
      0.08097022771835327
    ],
    "timestamp" : 239624714561,
    "rotationMatrix" : [
      -0.9843571782112122,
      0.008115790784358978,
      0.17599636316299438,
      0.17500868439674377,
      -0.07012056559324265,
      0.9820666909217834,
      0.02031123638153076,
      0.9975054860115051,
      0.06760353595018387
    ]
  },
  {
    "gravity" : [
      -0.021055804565548897,
      -0.9975410103797913,
      -0.06684493273496628
    ],
    "userAcceleration" : [
      0.01096978597342968,
      -0.000993967056274414,
      0.09089285880327225
    ],
    "timestamp" : 239624724579,
    "rotationMatrix" : [
      -0.9834157824516296,
      0.008618295192718506,
      0.1811586320400238,
      0.18013709783554077,
      -0.0695505365729332,
      0.981179416179657,
      0.021055810153484344,
      0.9975410103797913,
      0.06684497743844986
    ]
  },
  {
    "gravity" : [
      -0.021487748250365257,
      -0.9975523948669434,
      -0.06653755158185959
    ],
    "userAcceleration" : [
      -0.0030941199511289597,
      -0.009146034717559814,
      0.08326119929552078
    ],
    "timestamp" : 239624734597,
    "rotationMatrix" : [
      -0.9823952913284302,
      0.008714333176612854,
      0.18660885095596313,
      0.1855723112821579,
      -0.06937567889690399,
      0.9801782965660095,
      0.021487750113010406,
      0.9975523352622986,
      0.06653757393360138
    ]
  },
  {
    "gravity" : [
      -0.021536514163017273,
      -0.9975489377975464,
      -0.06657291203737259
    ],
    "userAcceleration" : [
      -0.000710776075720787,
      -0.005487382411956787,
      0.07546884566545486
    ],
    "timestamp" : 239624744616,
    "rotationMatrix" : [
      -0.9813198447227478,
      0.008359409868717194,
      0.1922001838684082,
      0.19117262959480286,
      -0.06946834176778793,
      0.9790948629379272,
      0.021536506712436676,
      0.9975489377975464,
      0.0665728822350502
    ]
  },
  {
    "gravity" : [
      -0.021366260945796967,
      -0.9975343346595764,
      -0.06684774160385132
    ],
    "userAcceleration" : [
      0.014133624732494354,
      0.005392730236053467,
      0.0680990219116211
    ],
    "timestamp" : 239624754634,
    "rotationMatrix" : [
      -0.980228066444397,
      0.007745832204818726,
      0.19771921634674072,
      0.19671392440795898,
      -0.06975051015615463,
      0.9779766798019409,
      0.021366268396377563,
      0.9975343942642212,
      0.06684771925210953
    ]
  },
  {
    "gravity" : [
      -0.021274738013744354,
      -0.9975024461746216,
      -0.06735222786664963
    ],
    "userAcceleration" : [
      0.03584691882133484,
      0.010823309421539307,
      0.0481262132525444
    ],
    "timestamp" : 239624764652,
    "rotationMatrix" : [
      -0.9790670871734619,
      0.007146969437599182,
      0.20341235399246216,
      0.20242294669151306,
      -0.07026989758014679,
      0.9767738580703735,
      0.021274738013744354,
      0.9975024461746216,
      0.06735222041606903
    ]
  },
  {
    "gravity" : [
      -0.02141307294368744,
      -0.9974565505981445,
      -0.06798332929611206
    ],
    "userAcceleration" : [
      0.041142720729112625,
      0.011098027229309082,
      0.024297475814819336
    ],
    "timestamp" : 239624774671,
    "rotationMatrix" : [
      -0.9779682159423828,
      0.006774351000785828,
      0.2086426019668579,
      0.20765140652656555,
      -0.07095295935869217,
      0.9756260514259338,
      0.021413065493106842,
      0.9974564909934998,
      0.06798332184553146
    ]
  },
  {
    "gravity" : [
      -0.021730318665504456,
      -0.9974082708358765,
      -0.06858713924884796
    ],
    "userAcceleration" : [
      0.02507202699780464,
      0.006899416446685791,
      0.01920974999666214
    ],
    "timestamp" : 239624784689,
    "rotationMatrix" : [
      -0.9769765734672546,
      0.0066215842962265015,
      0.21324177086353302,
      0.2122349888086319,
      -0.07164143025875092,
      0.9745888113975525,
      0.021730318665504456,
      0.9974082112312317,
      0.06858713924884796
    ]
  },
  {
    "gravity" : [
      -0.02203962206840515,
      -0.9973722100257874,
      -0.06901270896196365
    ],
    "userAcceleration" : [
      0.009084958583116531,
      -0.007510483264923096,
      0.01922333985567093
    ],
    "timestamp" : 239624794707,
    "rotationMatrix" : [
      -0.9759949445724487,
      0.006503947079181671,
      0.21769499778747559,
      0.2166740894317627,
      -0.07215380668640137,
      0.9735738039016724,
      0.02203962951898575,
      0.9973721504211426,
      0.06901276111602783
    ]
  },
  {
    "gravity" : [
      -0.022102557122707367,
      -0.9973587989807129,
      -0.06918619573116302
    ],
    "userAcceleration" : [
      -0.0028150081634521484,
      -0.01905953884124756,
      0.02945232391357422
    ],
    "timestamp" : 239624804726,
    "rotationMatrix" : [
      -0.9750675559043884,
      0.006221078336238861,
      0.22181978821754456,
      0.22080352902412415,
      -0.0723637193441391,
      0.972629964351654,
      0.022102557122707367,
      0.9973587393760681,
      0.06918616592884064
    ]
  },
  {
    "gravity" : [
      -0.021790754050016403,
      -0.997366189956665,
      -0.06917711347341537
    ],
    "userAcceleration" : [
      -0.004118623211979866,
      -0.01650381088256836,
      0.048181064426898956
    ],
    "timestamp" : 239624814744,
    "rotationMatrix" : [
      -0.9741336703300476,
      0.005614787340164185,
      0.22590085864067078,
      0.22491750121116638,
      -0.07230986654758453,
      0.9716907739639282,
      0.021790750324726105,
      0.997366189956665,
      0.06917707622051239
    ]
  },
  {
    "gravity" : [
      -0.021188315004110336,
      -0.9973766207695007,
      -0.06921539455652237
    ],
    "userAcceleration" : [
      0.052819810807704926,
      0.002000153064727783,
      0.10562289506196976
    ],
    "timestamp" : 239624824762,
    "rotationMatrix" : [
      -0.9731259942054749,
      0.0046961307525634766,
      0.23022490739822388,
      0.22929590940475464,
      -0.07223327457904816,
      0.9706727862358093,
      0.02118832617998123,
      0.9973766207695007,
      0.06921540200710297
    ]
  },
  {
    "gravity" : [
      -0.02063925564289093,
      -0.9973589181900024,
      -0.06963399797677994
    ],
    "userAcceleration" : [
      0.052270758897066116,
      0.0019825100898742676,
      0.10604149848222733
    ],
    "timestamp" : 239624834781,
    "rotationMatrix" : [
      -0.9720367193222046,
      0.003722064197063446,
      0.23479795455932617,
      0.233918696641922,
      -0.072532519698143,
      0.9695466756820679,
      0.020639263093471527,
      0.9973589181900024,
      0.06963397562503815
    ]
  },
  {
    "gravity" : [
      -0.020400013774633408,
      -0.9972912073135376,
      -0.07066640257835388
    ],
    "userAcceleration" : [
      0.0734090805053711,
      0.006507694721221924,
      0.11075127869844437
    ],
    "timestamp" : 239624844799,
    "rotationMatrix" : [
      -0.971240758895874,
      0.002997294068336487,
      0.2380790114402771,
      0.2372223436832428,
      -0.07349053770303726,
      0.968671441078186,
      0.020400017499923706,
      0.9972912073135376,
      0.07066639512777328
    ]
  },
  {
    "gravity" : [
      -0.02057013288140297,
      -0.9971749782562256,
      -0.07224005460739136
    ],
    "userAcceleration" : [
      0.07602060586214066,
      0.008375108242034912,
      0.08096814900636673
    ],
    "timestamp" : 239624854817,
    "rotationMatrix" : [
      -0.970079779624939,
      0.002423591911792755,
      0.2427733838558197,
      0.24191251397132874,
      -0.0750722661614418,
      0.9673894047737122,
      0.02057012915611267,
      0.9971750378608704,
      0.07224001735448837
    ]
  },
  {
    "gravity" : [
      -0.02117367647588253,
      -0.9970406889915466,
      -0.07390010356903076
    ],
    "userAcceleration" : [
      0.05817626789212227,
      0.007752537727355957,
      0.036821313202381134
    ],
    "timestamp" : 239624864836,
    "rotationMatrix" : [
      -0.9688153862953186,
      0.0022095516324043274,
      0.24777260422706604,
      0.24687612056732178,
      -0.07684147357940674,
      0.9659954309463501,
      0.02117367833852768,
      0.9970406293869019,
      0.07390004396438599
    ]
  },
  {
    "gravity" : [
      -0.022013526409864426,
      -0.9969353675842285,
      -0.07506629824638367
    ],
    "userAcceleration" : [
      0.027811918407678604,
      -0.005765259265899658,
      -0.006644479930400848
    ],
    "timestamp" : 239624874854,
    "rotationMatrix" : [
      -0.967582643032074,
      0.0023497268557548523,
      0.2525425851345062,
      0.2515922784805298,
      -0.07819189131259918,
      0.9646693468093872,
      0.022013522684574127,
      0.9969353675842285,
      0.07506625354290009
    ]
  },
  {
    "gravity" : [
      -0.022694574669003487,
      -0.9969103336334229,
      -0.07519649714231491
    ],
    "userAcceleration" : [
      -0.006815874949097633,
      -0.022803902626037598,
      -0.029356718063354492
    ],
    "timestamp" : 239624884872,
    "rotationMatrix" : [
      -0.9663136601448059,
      0.002585992217063904,
      0.2573535740375519,
      0.25636398792266846,
      -0.07850378006696701,
      0.9633869528770447,
      0.02269458770751953,
      0.9969103932380676,
      0.0751965120434761
    ]
  },
  {
    "gravity" : [
      -0.02293754741549492,
      -0.9969867467880249,
      -0.07410183548927307
    ],
    "userAcceleration" : [
      -0.026012592017650604,
      -0.026755809783935547,
      -0.021097712218761444
    ],
    "timestamp" : 239624894891,
    "rotationMatrix" : [
      -0.9648926854133606,
      0.0026790201663970947,
      0.2626299262046814,
      0.2616400718688965,
      -0.07752420753240585,
      0.9620468616485596,
      0.022937551140785217,
      0.9969867467880249,
      0.07410184293985367
    ]
  },
  {
    "gravity" : [
      -0.02266700193285942,
      -0.9971364140510559,
      -0.07214713841676712
    ],
    "userAcceleration" : [
      -0.020179634913802147,
      -0.019037902355194092,
      0.008701138198375702
    ],
    "timestamp" : 239624904909,
    "rotationMatrix" : [
      -0.9636222124099731,
      0.0025680065155029297,
      0.26725614070892334,
      0.266305536031723,
      -0.07558052241802216,
      0.9609209299087524,
      0.022666998207569122,
      0.9971364736557007,
      0.07214708626270294
    ]
  },
  {
    "gravity" : [
      -0.022166121751070023,
      -0.9973049163818359,
      -0.06994035840034485
    ],
    "userAcceleration" : [
      0.01041688397526741,
      -0.0023441314697265625,
      0.06086140125989914
    ],
    "timestamp" : 239624914928,
    "rotationMatrix" : [
      -0.9623660445213318,
      0.002332136034965515,
      0.2717466950416565,
      0.270851194858551,
      -0.07333185523748398,
      0.9598240256309509,
      0.02216612547636032,
      0.9973048567771912,
      0.06994036585092545
    ]
  },
  {
    "gravity" : [
      -0.02173510007560253,
      -0.9974457025527954,
      -0.06803897023200989
    ],
    "userAcceleration" : [
      0.04598136991262436,
      0.0022829174995422363,
      0.11598212271928787
    ],
    "timestamp" : 239624924946,
    "rotationMatrix" : [
      -0.960974395275116,
      0.002070710062980652,
      0.2766282558441162,
      0.2757808566093445,
      -0.07139591127634048,
      0.9585651159286499,
      0.021735087037086487,
      0.9974457025527954,
      0.06803896278142929
    ]
  },
  {
    "gravity" : [
      -0.021368999034166336,
      -0.9975228905677795,
      -0.06701568514108658
    ],
    "userAcceleration" : [
      0.034018583595752716,
      0.005747556686401367,
      0.12820345163345337
    ],
    "timestamp" : 239624934964,
    "rotationMatrix" : [
      -0.9596551656723022,
      0.0016680359840393066,
      0.2811732888221741,
      0.2803650498390198,
      -0.07031998038291931,
      0.9573140144348145,
      0.021368995308876038,
      0.9975228309631348,
      0.06701567769050598
    ]
  },
  {
    "gravity" : [
      -0.021025853231549263,
      -0.9975239038467407,
      -0.0671103373169899
    ],
    "userAcceleration" : [
      0.033675432205200195,
      0.0057485103607177734,
      0.1282981038093567
    ],
    "timestamp" : 239624944983,
    "rotationMatrix" : [
      -0.958121657371521,
      0.0009299516677856445,
      0.28635966777801514,
      0.28558820486068726,
      -0.07032071799039841,
      0.9557689428329468,
      0.021025851368904114,
      0.9975239038467407,
      0.06711030751466751
    ]
  },
  {
    "gravity" : [
      -0.020785734057426453,
      -0.9974586367607117,
      -0.06814759969711304
    ],
    "userAcceleration" : [
      0.02258632518351078,
      0.007331192493438721,
      0.08897590637207031
    ],
    "timestamp" : 239624955001,
    "rotationMatrix" : [
      -0.9569764733314514,
      0.00011771917343139648,
      0.29016533493995667,
      0.28941991925239563,
      -0.07124688476324081,
      0.9545469284057617,
      0.02078571915626526,
      0.9974585771560669,
      0.06814757734537125
    ]
  },
  {
    "gravity" : [
      -0.020662032067775726,
      -0.9973605275154114,
      -0.06960649788379669
    ],
    "userAcceleration" : [
      0.006303559988737106,
      0.008591055870056152,
      0.04366660118103027
    ],
    "timestamp" : 239624965019,
    "rotationMatrix" : [
      -0.9558096528053284,
      -0.0007161945104598999,
      0.2939850687980652,
      0.2932589650154114,
      -0.07260484248399734,
      0.9532721042633057,
      0.02066202461719513,
      0.9973604679107666,
      0.06960653513669968
    ]
  },
  {
    "gravity" : [
      -0.020447904244065285,
      -0.9972749948501587,
      -0.07088395208120346
    ],
    "userAcceleration" : [
      -0.010420594364404678,
      0.006460726261138916,
      0.02461933344602585
    ],
    "timestamp" : 239624975038,
    "rotationMatrix" : [
      -0.9546951651573181,
      -0.0015765279531478882,
      0.2975812554359436,
      0.29688209295272827,
      -0.07375748455524445,
      0.9520614147186279,
      0.020447909832000732,
      0.9972749948501587,
      0.07088397443294525
    ]
  },
  {
    "gravity" : [
      -0.020169947296380997,
      -0.9972301721572876,
      -0.07158979773521423
    ],
    "userAcceleration" : [
      -0.005159586668014526,
      0.010398566722869873,
      0.01629197597503662
    ],
    "timestamp" : 239624985056,
    "rotationMatrix" : [
      -0.9536406993865967,
      -0.002315625548362732,
      0.3009383976459503,
      0.30027061700820923,
      -0.07434076070785522,
      0.9509526491165161,
      0.020169943571090698,
      0.9972301721572876,
      0.07158976793289185
    ]
  },
  {
    "gravity" : [
      -0.019986581057310104,
      -0.9972301125526428,
      -0.0716400146484375
    ],
    "userAcceleration" : [
      0.011746888980269432,
      0.02034735679626465,
      0.021072454750537872
    ],
    "timestamp" : 239624995074,
    "rotationMatrix" : [
      -0.9525428414344788,
      -0.002776101231575012,
      0.3043906092643738,
      0.30374640226364136,
      -0.07432357221841812,
      0.9498493075370789,
      0.019986584782600403,
      0.9972301125526428,
      0.07164003700017929
    ]
  },
  {
    "gravity" : [
      -0.01999738998711109,
      -0.9972557425498962,
      -0.07127993553876877
    ],
    "userAcceleration" : [
      0.024254649877548218,
      0.029406189918518066,
      0.04514170438051224
    ],
    "timestamp" : 239625005093,
    "rotationMatrix" : [
      -0.9515130519866943,
      -0.00290544331073761,
      0.30759382247924805,
      0.30695682764053345,
      -0.07397465407848358,
      0.9488440752029419,
      0.019997388124465942,
      0.997255802154541,
      0.07127995789051056
    ]
  },
  {
    "gravity" : [
      -0.020244261249899864,
      -0.9972711205482483,
      -0.07099424302577972
    ],
    "userAcceleration" : [
      0.032222453504800797,
      0.03158831596374512,
      0.07247436791658401
    ],
    "timestamp" : 239625015111,
    "rotationMatrix" : [
      -0.950494110584259,
      -0.0028255879878997803,
      0.31072890758514404,
      0.3100816011428833,
      -0.07376986742019653,
      0.9478434324264526,
      0.020244255661964417,
      0.9972711801528931,
      0.07099425792694092
    ]
  },
  {
    "gravity" : [
      -0.020726317539811134,
      -0.9972508549690247,
      -0.07113884389400482
    ],
    "userAcceleration" : [
      0.03444403037428856,
      0.02633434534072876,
      0.08870173245668411
    ],
    "timestamp" : 239625025129,
    "rotationMatrix" : [
      -0.9494972825050354,
      -0.00264836847782135,
      0.3137630820274353,
      0.31308895349502563,
      -0.0740489810705185,
      0.9468324184417725,
      0.020726323127746582,
      0.9972509145736694,
      0.07113881409168243
    ]
  },
  {
    "gravity" : [
      -0.021395426243543625,
      -0.9971902966499329,
      -0.07178696990013123
    ],
    "userAcceleration" : [
      0.0253322534263134,
      0.021528303623199463,
      0.09765065461397171
    ],
    "timestamp" : 239625035148,
    "rotationMatrix" : [
      -0.948533296585083,
      -0.0024450868368148804,
      0.3166669011116028,
      0.31595271825790405,
      -0.07486719638109207,
      0.9458162784576416,
      0.021395429968833923,
      0.9971903562545776,
      0.07178693264722824
    ]
  },
  {
    "gravity" : [
      -0.02212144248187542,
      -0.9971116185188293,
      -0.07265519350767136
    ],
    "userAcceleration" : [
      0.0105858463793993,
      0.008403301239013672,
      0.07779742032289505
    ],
    "timestamp" : 239625045166,
    "rotationMatrix" : [
      -0.9474043846130371,
      -0.002300471067428589,
      0.32002973556518555,
      0.31927254796028137,
      -0.07591313868761063,
      0.9446173310279846,
      0.02212144434452057,
      0.9971116185188293,
      0.07265525311231613
    ]
  },
  {
    "gravity" : [
      -0.02274828776717186,
      -0.997048556804657,
      -0.07332482188940048
    ],
    "userAcceleration" : [
      -0.006746908649802208,
      0.0001919865608215332,
      0.06050747632980347
    ],
    "timestamp" : 239625055184,
    "rotationMatrix" : [
      -0.9461849927902222,
      -0.0022116750478744507,
      0.32361817359924316,
      0.32282525300979614,
      -0.07674046605825424,
      0.9433422684669495,
      0.022748291492462158,
      0.997048556804657,
      0.07332483679056168
    ]
  },
  {
    "gravity" : [
      -0.02323281764984131,
      -0.9970215559005737,
      -0.07353850454092026
    ],
    "userAcceleration" : [
      -0.01261003129184246,
      -0.0031613707542419434,
      0.05222202092409134
    ],
    "timestamp" : 239625065203,
    "rotationMatrix" : [
      -0.9447871446609497,
      -0.0021530985832214355,
      0.3276762366294861,
      0.32685866951942444,
      -0.07709066569805145,
      0.9419235587120056,
      0.02323281764984131,
      0.997021496295929,
      0.07353849709033966
    ]
  },
  {
    "gravity" : [
      -0.02356843836605549,
      -0.9970291256904602,
      -0.0733296349644661
    ],
    "userAcceleration" : [
