[
  {
    "timestamp" : 239594248879,
    "gravity" : [
      -0.03720535710453987,
      -0.9531201720237732,
      -0.30029603838920593
    ],
    "userAcceleration" : [
      0.004139646887779236,
      0.033930838108062744,
      -0.042294442653656006
    ],
    "rotationMatrix" : [
      0.8296428918838501,
      -0.19697366654872894,
      0.5223926305770874,
      0.5570533275604248,
      0.2297026515007019,
      -0.7980778813362122,
      0.03720536828041077,
      0.9531201720237732,
      0.30029600858688354
    ]
  },
  {
    "timestamp" : 239594258898,
    "gravity" : [
      -0.03660626709461212,
      -0.9520412087440491,
      -0.3037720024585724
    ],
    "userAcceleration" : [
      0.0006566494703292847,
      0.0349423885345459,
      -0.054184138774871826
    ],
    "rotationMatrix" : [
      0.8286222815513611,
      -0.19883453845977783,
      0.5233067274093628,
      0.5586099624633789,
      0.23255598545074463,
      -0.7961611151695251,
      0.03660625219345093,
      0.9520412087440491,
      0.3037720322608948
    ]
  },
  {
    "timestamp" : 239594268916,
    "gravity" : [
      -0.036090172827243805,
      -0.9509890079498291,
      -0.3071112334728241
    ],
    "userAcceleration" : [
      -0.004238717257976532,
      0.03201329708099365,
      -0.05969494581222534
    ],
    "rotationMatrix" : [
      0.827812671661377,
      -0.2006068378686905,
      0.5239113569259644,
      0.559842586517334,
      0.235322505235672,
      -0.7944806814193726,
      0.03609016537666321,
      0.9509890079498291,
      0.3071112036705017
    ]
  },
  {
    "timestamp" : 239594278934,
    "gravity" : [
      -0.0358659103512764,
      -0.9499949812889099,
      -0.31019821763038635
    ],
    "userAcceleration" : [
      0.002708651125431061,
      0.03178226947784424,
      -0.061567097902297974
    ],
    "rotationMatrix" : [
      0.8270966410636902,
      -0.20243610441684723,
      0.5243383049964905,
      0.560914158821106,
      0.237758070230484,
      -0.792998194694519,
      0.0358659029006958,
      0.9499949216842651,
      0.31019824743270874
    ]
  },
  {
    "timestamp" : 239594288953,
    "gravity" : [
      -0.03588933125138283,
      -0.9490792155265808,
      -0.31298619508743286
    ],
    "userAcceleration" : [
      0.01948622241616249,
      0.028135180473327637,
      -0.05064621567726135
    ],
    "rotationMatrix" : [
      0.8266644477844238,
      -0.2041778713464737,
      0.5243446230888367,
      0.5615494847297668,
      0.23991622030735016,
      -0.7918977737426758,
      0.03588934242725372,
      0.949079155921936,
      0.31298622488975525
    ]
  },
  {
    "timestamp" : 239594298971,
    "gravity" : [
      -0.03609142079949379,
      -0.9482395648956299,
      -0.315498024225235
    ],
    "userAcceleration" : [
      0.019688311964273453,
      0.02729552984237671,
      -0.04813435673713684
    ],
    "rotationMatrix" : [
      0.8260897397994995,
      -0.20597004890441895,
      0.5245493650436401,
      0.5623816251754761,
      0.2416979819536209,
      -0.7907646894454956,
      0.0360914021730423,
      0.9482395648956299,
      0.3154980540275574
    ]
  },
  {
    "timestamp" : 239594308990,
    "gravity" : [
      -0.03640642389655113,
      -0.9474606513977051,
      -0.31779342889785767
    ],
    "userAcceleration" : [
      0.018172264099121094,
      0.025875747203826904,
      -0.03170928359031677
    ],
    "rotationMatrix" : [
      0.8252363801002502,
      -0.207853302359581,
      0.5251493453979492,
      0.5636128187179565,
      0.24313592910766602,
      -0.7894461154937744,
      0.036406442523002625,
      0.9474606513977051,
      0.31779342889785767
    ]
  },
  {
    "timestamp" : 239594319008,
    "gravity" : [
      -0.036715224385261536,
      -0.9467030167579651,
      -0.32000815868377686
    ],
    "userAcceleration" : [
      0.012499615550041199,
      0.02572840452194214,
      -0.01673823595046997
    ],
    "rotationMatrix" : [
      0.8245688080787659,
      -0.20960994064807892,
      0.5254996418952942,
      0.5645690560340881,
      0.2445748895406723,
      -0.7883176803588867,
      0.03671525418758392,
      0.9467030763626099,
      0.32000812888145447
    ]
  },
  {
    "timestamp" : 239594329026,
    "gravity" : [
      -0.03698519989848137,
      -0.9459315538406372,
      -0.3222509026527405
    ],
    "userAcceleration" : [
      0.003904234617948532,
      0.022118806838989258,
      -0.019790291786193848
    ],
    "rotationMatrix" : [
      0.8239091634750366,
      -0.21135126054286957,
      0.5258367657661438,
      0.5655136704444885,
      0.24605733156204224,
      -0.7871785163879395,
      0.03698521852493286,
      0.9459314346313477,
      0.32225093245506287
    ]
  },
  {
    "timestamp" : 239594339045,
    "gravity" : [
      -0.037183113396167755,
      -0.9451590776443481,
      -0.32448652386665344
    ],
    "userAcceleration" : [
      -0.007692895829677582,
      0.01457148790359497,
      -0.02797645330429077
    ],
    "rotationMatrix" : [
      0.823131263256073,
      -0.21308721601963043,
      0.5263541340827942,
      0.5666323900222778,
      0.24752356112003326,
      -0.7859132289886475,
      0.03718310594558716,
      0.9451590776443481,
      0.32448655366897583
    ]
  },
  {
    "timestamp" : 239594349063,
    "gravity" : [
      -0.037259213626384735,
      -0.9444451332092285,
      -0.32655009627342224
    ],
    "userAcceleration" : [
      -0.018023289740085602,
      0.007845580577850342,
      -0.0417056679725647
    ],
    "rotationMatrix" : [
      0.8220367431640625,
      -0.21477538347244263,
      0.5273776054382324,
      0.5682141780853271,
      0.2487865388393402,
      -0.7843708992004395,
      0.03725920617580414,
      0.9444451332092285,
      0.32655012607574463
    ]
  },
  {
    "timestamp" : 239594359081,
    "gravity" : [
      -0.037162523716688156,
      -0.9438494443893433,
      -0.32827869057655334
    ],
    "userAcceleration" : [
      -0.027122657746076584,
      0.005388379096984863,
      -0.05416777729988098
    ],
    "rotationMatrix" : [
      0.8207038640975952,
      -0.21625152230262756,
      0.5288481116294861,
      0.5701438188552856,
      0.2497663050889969,
      -0.782657265663147,
      0.037162527441978455,
      0.9438494443893433,
      0.32827872037887573
    ]
  },
  {
    "timestamp" : 239594369100,
    "gravity" : [
      -0.03694307059049606,
      -0.9433980584144592,
      -0.32959824800491333
    ],
    "userAcceleration" : [
      -0.021009713411331177,
      0.00618821382522583,
      -0.05953153967857361
    ],
    "rotationMatrix" : [
      0.8193948864936829,
      -0.2173968106508255,
      0.5304059982299805,
      0.5720376968383789,
      0.2504763603210449,
      -0.7810468077659607,
      0.036943063139915466,
      0.9433980584144592,
      0.3295982778072357
    ]
  },
  {
    "timestamp" : 239594379118,
    "gravity" : [
      -0.03669670969247818,
      -0.9430709481239319,
      -0.3305606245994568
    ],
    "userAcceleration" : [
      -0.008865941315889359,
      0.009416401386260986,
      -0.05222156643867493
    ],
    "rotationMatrix" : [
      0.8180782198905945,
      -0.21832597255706787,
      0.5320542454719543,
      0.5739349126815796,
      0.25089988112449646,
      -0.779517650604248,
      0.03669673204421997,
      0.9430708885192871,
      0.33056068420410156
    ]
  },
  {
    "timestamp" : 239594389137,
    "gravity" : [
      -0.03648306801915169,
      -0.9428161382675171,
      -0.3313104212284088
    ],
    "userAcceleration" : [
      0.00012146309018135071,
      0.013556063175201416,
      -0.0331307053565979
    ],
    "rotationMatrix" : [
      0.8171457052230835,
      -0.2189934104681015,
      0.5332117080688477,
      0.5752754211425781,
      0.2512757182121277,
      -0.7784076929092407,
      0.036483049392700195,
      0.9428161382675171,
      0.3313104510307312
    ]
  },
  {
    "timestamp" : 239594399155,
    "gravity" : [
      -0.03629687801003456,
      -0.9425891637802124,
      -0.33197617530822754
    ],
    "userAcceleration" : [
      0.006725437939167023,
      0.014824390411376953,
      -0.020776748657226562
    ],
    "rotationMatrix" : [
      0.8161935806274414,
      -0.21964365243911743,
      0.5344012975692749,
      0.576637327671051,
      0.2515597343444824,
      -0.7773075103759766,
      0.03629685938358307,
      0.9425891637802124,
      0.33197617530822754
    ]
  },
  {
    "timestamp" : 239594409173,
    "gravity" : [
      -0.03608722239732742,
      -0.9423372149467468,
      -0.33271324634552
    ],
    "userAcceleration" : [
      0.011917393654584885,
      0.012146353721618652,
      -0.010151892900466919
    ],
    "rotationMatrix" : [
      0.8151187896728516,
      -0.22037051618099213,
      0.5357407331466675,
      0.5781686305999756,
      0.2518674433231354,
      -0.7760692834854126,
      0.03608722984790802,
      0.942337155342102,
      0.33271324634552
    ]
  },
  {
    "timestamp" : 239594419192,
    "gravity" : [
      -0.035787153989076614,
      -0.9420415163040161,
      -0.3335815966129303
    ],
    "userAcceleration" : [
      0.012029312551021576,
      0.008158087730407715,
      -0.007284671068191528
    ],
    "rotationMatrix" : [
      0.8140745162963867,
      -0.22109074890613556,
      0.5370302200317383,
      0.579656720161438,
      0.25234153866767883,
      -0.7748040556907654,
      0.03578713536262512,
      0.9420414566993713,
      0.3335816264152527
    ]
  },
  {
    "timestamp" : 239594429210,
    "gravity" : [
      -0.03541784733533859,
      -0.9417024254798889,
      -0.3345775306224823
    ],
    "userAcceleration" : [
      0.010622408241033554,
      0.003912627696990967,
      -0.0037862658500671387
    ],
    "rotationMatrix" : [
      0.8128848075866699,
      -0.22189609706401825,
      0.5384983420372009,
      0.5813466310501099,
      0.25290051102638245,
      -0.7733546495437622,
      0.03541785478591919,
      0.9417024850845337,
      0.3345775008201599
    ]
  },
  {
    "timestamp" : 239594439228,
    "gravity" : [
      -0.03503407910466194,
      -0.9413481950759888,
      -0.335612952709198
    ],
    "userAcceleration" : [
      0.008682243525981903,
      -0.0023009181022644043,
      0.00934937596321106
    ],
    "rotationMatrix" : [
      0.8117091059684753,
      -0.22270862758159637,
      0.5399343967437744,
      0.583010196685791,
      0.2535040080547333,
      -0.7719032168388367,
      0.03503406047821045,
      0.941348135471344,
      0.335612952709198
    ]
  },
  {
    "timestamp" : 239594449247,
    "gravity" : [
      -0.03470694646239281,
      -0.9409559369087219,
      -0.33674490451812744
    ],
    "userAcceleration" : [
      0.002602551132440567,
      -0.0034255385398864746,
      0.024168461561203003
    ],
    "rotationMatrix" : [
      0.8104296922683716,
      -0.22366689145565033,
      0.5414580702781677,
      0.5848069190979004,
      0.2541157007217407,
      -0.7703413963317871,
      0.034706950187683105,
      0.9409559965133667,
      0.33674487471580505
    ]
  },
  {
    "timestamp" : 239594459265,
    "gravity" : [
      -0.034444890916347504,
      -0.9404758810997009,
      -0.33810997009277344
    ],
    "userAcceleration" : [
      -0.003869835287332535,
      -0.00913935899734497,
      0.030721515417099
    ],
    "rotationMatrix" : [
      0.8092353343963623,
      -0.22477413713932037,
      0.5427842140197754,
      0.5864739418029785,
      0.25491440296173096,
      -0.7688086032867432,
      0.0344448983669281,
      0.9404759407043457,
      0.33810997009277344
    ]
  },
  {
    "timestamp" : 239594469283,
    "gravity" : [
      -0.03424501791596413,
      -0.9398923516273499,
      -0.33974891901016235
    ],
    "userAcceleration" : [
      -0.006236452609300613,
      -0.015139758586883545,
      0.038753896951675415
    ],
    "rotationMatrix" : [
      0.8082137107849121,
      -0.22601455450057983,
      0.543790340423584,
      0.5878927111625671,
      0.2559676468372345,
      -0.7673736810684204,
      0.03424498438835144,
      0.9398922920227051,
      0.33974891901016235
    ]
  },
  {
    "timestamp" : 239594479302,
    "gravity" : [
      -0.03416713699698448,
      -0.9392136931419373,
      -0.3416287302970886
    ],
    "userAcceleration" : [
      0.00036900490522384644,
      -0.010890007019042969,
      0.04003855586051941
    ],
    "rotationMatrix" : [
      0.8073167204856873,
      -0.22743572294712067,
      0.5445297956466675,
      0.5891284942626953,
      0.2571975588798523,
      -0.7660137414932251,
      0.03416714072227478,
      0.939213752746582,
      0.341628760099411
    ]
  },
  {
    "timestamp" : 239594489320,
    "gravity" : [
      -0.03418409824371338,
      -0.938459038734436,
      -0.34369468688964844
    ],
    "userAcceleration" : [
      0.007969584316015244,
      -0.0067923665046691895,
      0.028157979249954224
    ],
    "rotationMatrix" : [
      0.8067727088928223,
      -0.2288849949836731,
      0.5447288155555725,
      0.5898722410202026,
      0.25866246223449707,
      -0.7649474143981934,
      0.03418409824371338,
      0.938459038734436,
      0.3436947166919708
    ]
  },
  {
    "timestamp" : 239594499339,
    "gravity" : [
      -0.034231677651405334,
      -0.9376896023750305,
      -0.345783531665802
    ],
    "userAcceleration" : [
      0.011664021760225296,
      -0.005120277404785156,
      -0.0033529996871948242
    ],
    "rotationMatrix" : [
      0.8060778379440308,
      -0.23043940961360931,
      0.5451020002365112,
      0.5908186435699463,
      0.26006871461868286,
      -0.7637391090393066,
      0.03423166275024414,
      0.9376895427703857,
      0.345783531665802
    ]
  },
  {
    "timestamp" : 239594509357,
    "gravity" : [
      -0.03421197459101677,
      -0.9370055198669434,
      -0.3476351201534271
    ],
    "userAcceleration" : [
      0.01944155991077423,
      -0.00870358943939209,
      -0.033087074756622314
    ],
    "rotationMatrix" : [
      0.8054355978965759,
      -0.23178498446941376,
      0.5454807281494141,
      0.5916950702667236,
      0.26133570075035095,
      -0.7626274228096008,
      0.034211963415145874,
      0.9370055794715881,
      0.34763509035110474
    ]
  },
  {
    "timestamp" : 239594519375,
    "gravity" : [
      -0.03409053757786751,
      -0.9364766478538513,
      -0.34906870126724243
    ],
    "userAcceleration" : [
      0.022966977208852768,
      -0.009934186935424805,
      -0.05585393309593201
    ],
    "rotationMatrix" : [
      0.804669201374054,
      -0.23286789655685425,
      0.5461500883102417,
      0.5927437543869019,
      0.2622663080692291,
      -0.7614924907684326,
      0.0340905487537384,
      0.9364767074584961,
      0.34906870126724243
    ]
  },
  {
    "timestamp" : 239594529394,
    "gravity" : [
      -0.03387486934661865,
      -0.9361250996589661,
      -0.35003167390823364
    ],
    "userAcceleration" : [
      0.016510464251041412,
      -0.012376368045806885,
      -0.06319177150726318
    ],
    "rotationMatrix" : [
      0.8036175966262817,
      -0.23373398184776306,
      0.5473272800445557,
      0.5941811800003052,
      0.26275092363357544,
      -0.7602042555809021,
      0.03387486934661865,
      0.9361250996589661,
      0.35003164410591125
    ]
  },
  {
    "timestamp" : 239594539412,
    "gravity" : [
      -0.033585768193006516,
      -0.9359418749809265,
      -0.35054898262023926
    ],
    "userAcceleration" : [
      0.008576709777116776,
      -0.01632845401763916,
      -0.04691213369369507
    ],
    "rotationMatrix" : [
      0.8025637865066528,
      -0.23428630828857422,
      0.5486358404159546,
      0.5956200957298279,
      0.2629116177558899,
      -0.7590216994285583,
      0.03358575701713562,
      0.9359418749809265,
      0.35054904222488403
    ]
  },
  {
    "timestamp" : 239594549430,
    "gravity" : [
      -0.03327246010303497,
      -0.9358546137809753,
      -0.3508118987083435
    ],
    "userAcceleration" : [
      0.0015190131962299347,
      -0.017987370491027832,
      -0.02005314826965332
    ],
    "rotationMatrix" : [
      0.8014836311340332,
      -0.23468294739723206,
      0.5500435829162598,
      0.5970903635025024,
      0.2628687024116516,
      -0.7578806281089783,
      0.03327247500419617,
      0.9358546137809753,
      0.3508118987083435
    ]
  },
  {
    "timestamp" : 239594559449,
    "gravity" : [
      -0.032992955297231674,
      -0.9357578754425049,
      -0.35109636187553406
    ],
    "userAcceleration" : [
      -0.005275998264551163,
      -0.023256957530975342,
      0.011115044355392456
    ],
    "rotationMatrix" : [
      0.8003898859024048,
      -0.2351229041814804,
      0.5514465570449829,
      0.598571240901947,
      0.26282012462615967,
      -0.7567285299301147,
      0.03299295902252197,
      0.9357578754425049,
      0.35109636187553406
    ]
  },
  {
    "timestamp" : 239594571972,
    "gravity" : [
      -0.032687701284885406,
      -0.9355100989341736,
      -0.3517840504646301
    ],
    "userAcceleration" : [
      -0.013851512223482132,
      -0.01759934425354004,
      0.03517928719520569
    ],
    "rotationMatrix" : [
      0.7993416786193848,
      -0.23576125502586365,
      0.5526928901672363,
      0.5999869108200073,
      0.26312941312789917,
      -0.7554987668991089,
      0.03268769383430481,
      0.9355101585388184,
      0.3517840504646301
    ]
  },
  {
    "timestamp" : 239594581990,
    "gravity" : [
      -0.03251105174422264,
      -0.9352185130119324,
      -0.3525751233100891
    ],
    "userAcceleration" : [
      -0.014028161764144897,
      -0.017891108989715576,
      0.035970330238342285
    ],
    "rotationMatrix" : [
      0.7988365888595581,
      -0.23631919920444489,
      0.5531846284866333,
      0.6006688475608826,
      0.2636653780937195,
      -0.7547696828842163,
      0.03251105546951294,
      0.9352184534072876,
      0.3525751829147339
    ]
  },
  {
    "timestamp" : 239594592008,
    "gravity" : [
      -0.032304443418979645,
      -0.9348928928375244,
      -0.35345661640167236
    ],
    "userAcceleration" : [
      -0.016386255621910095,
      -0.01672130823135376,
      0.029985398054122925
    ],
    "rotationMatrix" : [
      0.7980543375015259,
      -0.23703107237815857,
      0.5540086030960083,
      0.6017189025878906,
      0.26418066024780273,
      -0.7537524700164795,
      0.03230443596839905,
      0.9348928928375244,
      0.35345661640167236
    ]
  },
  {
    "timestamp" : 239594602027,
    "gravity" : [
      -0.03195600584149361,
      -0.9345725774765015,
      -0.35433393716812134
    ],
    "userAcceleration" : [
      -0.010264966636896133,
      -0.014386534690856934,
      0.0236758291721344
    ],
    "rotationMatrix" : [
      0.7976122498512268,
      -0.23748686909675598,
      0.5544497966766357,
      0.6023232936859131,
      0.26490309834480286,
      -0.7530156373977661,
      0.031955987215042114,
      0.9345725774765015,
      0.35433390736579895
    ]
  },
  {
    "timestamp" : 239594612045,
    "gravity" : [
      -0.03150609880685806,
      -0.9342862367630005,
      -0.355128675699234
    ],
    "userAcceleration" : [
      -0.0013917535543441772,
      -0.015527427196502686,
      0.01531529426574707
    ],
    "rotationMatrix" : [
      0.7973363399505615,
      -0.23774652183055878,
      0.5547353029251099,
      0.6027122139930725,
      0.2656794786453247,
      -0.7524308562278748,
      0.031506121158599854,
      0.9342862963676453,
      0.355128675699234
    ]
  },
  {
    "timestamp" : 239594622064,
    "gravity" : [
      -0.031072871759533882,
      -0.9340558648109436,
      -0.3557722866535187
    ],
    "userAcceleration" : [
      0.001165740191936493,
      -0.01720738410949707,
      0.008237957954406738
    ],
    "rotationMatrix" : [
      0.7972641587257385,
      -0.2378394901752472,
      0.5547991991043091,
      0.602830171585083,
      0.2664053440093994,
      -0.7520796060562134,
      0.03107285499572754,
      0.9340558052062988,
      0.35577231645584106
    ]
  },
  {
    "timestamp" : 239594632082,
    "gravity" : [
      -0.030711080878973007,
      -0.9339091777801514,
      -0.35618868470191956
    ],
    "userAcceleration" : [
      -0.002964971587061882,
      -0.020192265510559082,
      0.008288145065307617
    ],
    "rotationMatrix" : [
      0.7970855236053467,
      -0.2378978729248047,
      0.5550308227539062,
      0.603084921836853,
      0.2668672800064087,
      -0.7517116069793701,
      0.030711084604263306,
      0.9339091777801514,
      0.35618868470191956
    ]
  },
  {
    "timestamp" : 239594642100,
    "gravity" : [
      -0.030323561280965805,
      -0.9338440299034119,
      -0.35639244318008423
    ],
    "userAcceleration" : [
      -0.008632034063339233,
      -0.02440774440765381,
      0.012474417686462402
    ],
    "rotationMatrix" : [
      0.7972038388252258,
      -0.23767945170402527,
      0.5549545288085938,
      0.6029481887817383,
      0.26728925108909607,
      -0.7516712546348572,
      0.030323535203933716,
      0.9338440299034119,
      0.35639244318008423
    ]
  },
  {
    "timestamp" : 239594652119,
    "gravity" : [
      -0.029830342158675194,
      -0.9338388442993164,
      -0.3564480245113373
    ],
    "userAcceleration" : [
      -0.012436408549547195,
      -0.029188990592956543,
      0.024340331554412842
    ],
    "rotationMatrix" : [
      0.7973665595054626,
      -0.23727494478225708,
      0.5548938512802124,
      0.6027576327323914,
      0.26766708493232727,
      -0.7516897916793823,
      0.029830366373062134,
      0.9338388442993164,
      0.35644805431365967
    ]
  },
  {
    "timestamp" : 239594662137,
    "gravity" : [
      -0.02928289957344532,
      -0.9338399171829224,
      -0.35649028420448303
    ],
    "userAcceleration" : [
      -0.013578943908214569,
      -0.02338951826095581,
      0.03898519277572632
    ],
    "rotationMatrix" : [
      0.7973472476005554,
      -0.23690283298492432,
      0.5550804734230042,
      0.6028099060058594,
      0.26799219846725464,
      -0.7515318989753723,
      0.029282867908477783,
      0.9338399767875671,
      0.35649025440216064
    ]
  },
  {
    "timestamp" : 239594672155,
    "gravity" : [
      -0.028766056522727013,
      -0.933842658996582,
      -0.3565254509449005
    ],
    "userAcceleration" : [
      -0.013271816074848175,
      -0.018931329250335693,
      0.036258548498153687
    ],
    "rotationMatrix" : [
      0.7975757122039795,
      -0.2364390641450882,
      0.5549500584602356,
      0.6025325655937195,
      0.26839232444763184,
      -0.7516117095947266,
      0.02876603603363037,
      0.933842658996582,
      0.3565254211425781
    ]
  },
  {
    "timestamp" : 239594682174,
    "gravity" : [
      -0.028299370780587196,
      -0.9338970184326172,
      -0.3564203679561615
    ],
    "userAcceleration" : [
      -0.018117772415280342,
      -0.01837337017059326,
      0.022344231605529785
    ],
    "rotationMatrix" : [
      0.797865629196167,
      -0.2359013855457306,
      0.5547621250152588,
      0.6021707057952881,
      0.26867616176605225,
      -0.7518001794815063,
      0.02829936146736145,
      0.9338970184326172,
      0.3564203977584839
    ]
  },
  {
    "timestamp" : 239594692192,
    "gravity" : [
      -0.02801200933754444,
      -0.9340561628341675,
      -0.35602566599845886
    ],
    "userAcceleration" : [
      -0.024310283362865448,
      -0.013606011867523193,
      0.012397557497024536
    ],
    "rotationMatrix" : [
      0.7982919216156006,
      -0.23526343703269958,
      0.5544195175170898,
      0.6016188859939575,
      0.26868200302124023,
      -0.7522397041320801,
      0.028012007474899292,
      0.9340561628341675,
      0.3560256063938141
    ]
  },
  {
    "timestamp" : 239594702211,
    "gravity" : [
      -0.02794734574854374,
      -0.9343249797821045,
      -0.3553246259689331
    ],
    "userAcceleration" : [
      -0.0182256568223238,
      -0.013047277927398682,
      0.009606093168258667
    ],
    "rotationMatrix" : [
      0.7987352609634399,
      -0.23460155725479126,
      0.5540614128112793,
      0.6010332107543945,
      0.26832571625709534,
      -0.7528347969055176,
      0.027947336435317993,
      0.9343249797821045,
      0.35532456636428833
    ]
  },
  {
    "timestamp" : 239594712229,
    "gravity" : [
      -0.028033889830112457,
      -0.9346742033958435,
      -0.3543980121612549
    ],
    "userAcceleration" : [
      -0.019451366737484932,
      -0.015154659748077393,
      0.011151403188705444
    ],
    "rotationMatrix" : [
      0.7988757491111755,
      -0.2340538054704666,
      0.5540904998779297,
      0.6008424162864685,
      0.2675866484642029,
      -0.753250002861023,
      0.02803388237953186,
      0.9346742630004883,
      0.3543979823589325
    ]
  },
  {
    "timestamp" : 239594722247,
    "gravity" : [
      -0.02808002568781376,
      -0.9350746870040894,
      -0.35333651304244995
    ],
    "userAcceleration" : [
      -0.03226839005947113,
      -0.02125447988510132,
      0.010211914777755737
    ],
    "rotationMatrix" : [
      0.7989823818206787,
      -0.23341146111488342,
      0.5542076826095581,
      0.6006983518600464,
      0.26674753427505493,
      -0.7536623477935791,
      0.028080016374588013,
      0.9350746870040894,
      0.35333654284477234
    ]
  },
  {
    "timestamp" : 239594732266,
    "gravity" : [
      -0.02792048640549183,
      -0.9355150461196899,
      -0.3521815240383148
    ],
    "userAcceleration" : [
      -0.03541865199804306,
      -0.027466893196105957,
      0.019585520029067993
    ],
    "rotationMatrix" : [
      0.7987265586853027,
      -0.23272140324115753,
      0.5548663139343262,
      0.6010460257530212,
      0.265804648399353,
      -0.753718376159668,
      0.027920454740524292,
      0.9355150461196899,
      0.3521815538406372
    ]
  },
  {
    "timestamp" : 239594742284,
    "gravity" : [
      -0.02750571072101593,
      -0.9359803795814514,
      -0.3509756922721863
    ],
    "userAcceleration" : [
      -0.02818877436220646,
      -0.026772677898406982,
      0.04067280888557434
    ],
    "rotationMatrix" : [
      0.7981114387512207,
      -0.231968492269516,
      0.5560653805732727,
      0.6018816232681274,
      0.26482275128364563,
      -0.7533970475196838,
      0.027505695819854736,
      0.9359803795814514,
      0.3509756922721863
    ]
  },
  {
    "timestamp" : 239594752302,
    "gravity" : [
      -0.026902996003627777,
      -0.9364303946495056,
      -0.34982016682624817
    ],
    "userAcceleration" : [
      -0.016889631748199463,
      -0.02632272243499756,
      0.05753788352012634
    ],
    "rotationMatrix" : [
      0.7974587678909302,
      -0.23111972212791443,
      0.5573537349700928,
      0.6027733087539673,
      0.2639726996421814,
      -0.7529823780059814,
      0.026903003454208374,
      0.9364303350448608,
      0.34982019662857056
    ]
  },
  {
    "timestamp" : 239594762321,
    "gravity" : [
      -0.02628249116241932,
      -0.93682461977005,
      -0.3488105535507202
    ],
    "userAcceleration" : [
      -0.00519629567861557,
      -0.0318337082862854,
      0.06403559446334839
    ],
    "rotationMatrix" : [
      0.7968379259109497,
      -0.23032830655574799,
      0.5585678815841675,
      0.6036211252212524,
      0.263264924287796,
      -0.7525510191917419,
      0.026282519102096558,
      0.93682461977005,
      0.3488105535507202
    ]
  },
  {
    "timestamp" : 239594772339,
    "gravity" : [
      -0.02574383094906807,
      -0.9371206164360046,
      -0.3480546772480011
    ],
    "userAcceleration" : [
      0.007585965096950531,
      -0.041532158851623535,
      0.059114038944244385
    ],
    "rotationMatrix" : [
      0.7966090440750122,
      -0.2295767068862915,
      0.5592034459114075,
      0.603946328163147,
      0.26286745071411133,
      -0.7524290084838867,
      0.025743842124938965,
      0.9371206760406494,
      0.3480546474456787
    ]
  },
  {
    "timestamp" : 239594782358,
    "gravity" : [
      -0.025255585089325905,
      -0.937338650226593,
      -0.3475029766559601
    ],
    "userAcceleration" : [
      0.016497133299708366,
      -0.044701576232910156,
      0.030532002449035645
    ],
    "rotationMatrix" : [
      0.7964057326316833,
      -0.2289728820323944,
      0.559740424156189,
      0.604235053062439,
      0.2626167833805084,
      -0.7522847652435303,
      0.025255590677261353,
      0.9373387098312378,
      0.3475029766559601
    ]
  },
  {
    "timestamp" : 239594792376,
    "gravity" : [
      -0.024706272408366203,
      -0.9375811815261841,
      -0.34688764810562134
    ],
    "userAcceleration" : [
      0.009279729798436165,
      -0.04435229301452637,
      -0.0021725893020629883
    ],
    "rotationMatrix" : [
      0.7962592244148254,
      -0.22826047241687775,
      0.5602395534515381,
      0.6044508814811707,
      0.2623710632324219,
      -0.7521970868110657,
      0.024706274271011353,
      0.9375811219215393,
      0.34688764810562134
    ]
  },
  {
    "timestamp" : 239594802394,
    "gravity" : [
      -0.02402675338089466,
      -0.9379701614379883,
      -0.34588226675987244
    ],
    "userAcceleration" : [
      0.0008945241570472717,
      -0.04106408357620239,
      -0.02093920111656189
    ],
    "rotationMatrix" : [
      0.7960407733917236,
      -0.22724878787994385,
      0.5609607696533203,
      0.6047658324241638,
      0.2618583142757416,
      -0.7521225214004517,
      0.02402675151824951,
      0.9379701614379883,
      0.34588223695755005
    ]
  },
  {
    "timestamp" : 239594812413,
    "gravity" : [
      -0.023297609761357307,
      -0.9385748505592346,
      -0.3442881405353546
    ],
    "userAcceleration" : [
      0.0014318618923425674,
      -0.038674116134643555,
      -0.027660220861434937
    ],
    "rotationMatrix" : [
      0.7957723736763,
      -0.22586844861507416,
      0.5618982911109924,
      0.6051474809646606,
      0.2608841061592102,
      -0.7521541118621826,
      0.023297607898712158,
      0.9385747909545898,
      0.3442881107330322
    ]
  },
  {
    "timestamp" : 239594822431,
    "gravity" : [
      -0.022596150636672974,
      -0.939385712146759,
      -0.34211668372154236
    ],
    "userAcceleration" : [
      0.012067679315805435,
      -0.041510164737701416,
      -0.020600199699401855
    ],
    "rotationMatrix" : [
      0.795537531375885,
      -0.22414664924144745,
      0.5629193782806396,
      0.6054827570915222,
      0.2594468593597412,
      -0.7523815035820007,
      0.022596150636672974,
      0.939385712146759,
      0.34211668372154236
    ]
  },
  {
    "timestamp" : 239594832449,
    "gravity" : [
      -0.0219227597117424,
      -0.9403631091117859,
      -0.3394652307033539
    ],
    "userAcceleration" : [
      0.015392091125249863,
      -0.046621084213256836,
      -0.00033292174339294434
    ],
    "rotationMatrix" : [
      0.7952398657798767,
      -0.22218240797519684,
      0.5641174912452698,
      0.6058984994888306,
      0.25758928060531616,
      -0.7526851296424866,
      0.021922767162322998,
      0.9403631091117859,
      0.33946526050567627
    ]
  },
  {
    "timestamp" : 239594842468,
    "gravity" : [
      -0.02133031189441681,
      -0.9414081573486328,
      -0.3365941345691681
    ],
    "userAcceleration" : [
      0.01740889810025692,
      -0.05070292949676514,
      0.029922842979431152
    ],
    "rotationMatrix" : [
      0.7947667837142944,
      -0.22021734714508057,
      0.5655529499053955,
      0.6065400242805481,
      0.25545042753219604,
      -0.7528972625732422,
      0.021330326795578003,
      0.9414081573486328,
      0.3365941345691681
    ]
  },
  {
    "timestamp" : 239594852486,
    "gravity" : [
      -0.020845908671617508,
      -0.9423853754997253,
      -0.33387893438339233
    ],
    "userAcceleration" : [
      0.01909123919904232,
      -0.05787396430969238,
      0.058900147676467896
    ],
    "rotationMatrix" : [
      0.7942498326301575,
      -0.21844038367271423,
      0.5669665336608887,
      0.6072336435317993,
      0.25336432456970215,
      -0.7530430555343628,
      0.020845919847488403,
      0.9423854351043701,
      0.33387890458106995
    ]
  },
  {
    "timestamp" : 239594862504,
    "gravity" : [
      -0.02042180299758911,
      -0.9432506561279297,
      -0.331452876329422
    ],
    "userAcceleration" : [
      0.015859520062804222,
      -0.06457698345184326,
      0.05978524684906006
    ],
    "rotationMatrix" : [
      0.7934537529945374,
      -0.21699340641498566,
      0.5686342716217041,
      0.6082878112792969,
      0.2513800263404846,
      -0.7528572082519531,
      0.02042180299758911,
      0.9432506561279297,
      0.331452876329422
    ]
  },
  {
    "timestamp" : 239594872523,
    "gravity" : [
      -0.01999492757022381,
      -0.944067656993866,
      -0.32914477586746216
    ],
    "userAcceleration" : [
      0.01982717774808407,
      -0.06504166126251221,
      0.04441562294960022
    ],
    "rotationMatrix" : [
      0.7926395535469055,
      -0.21561698615550995,
      0.5702910423278809,
      0.6093625426292419,
      0.24949030578136444,
      -0.7526165246963501,
      0.01999494433403015,
      0.9440675973892212,
      0.32914483547210693
    ]
  },
  {
    "timestamp" : 239594882541,
    "gravity" : [
      -0.01952609047293663,
      -0.9449330568313599,
      -0.32668042182922363
    ],
    "userAcceleration" : [
      0.02219647541642189,
      -0.06104820966720581,
      0.019978612661361694
    ],
    "rotationMatrix" : [
      0.7916093468666077,
      -0.21419623494148254,
      0.572253942489624,
      0.610715389251709,
      0.24742941558361053,
      -0.752200186252594,
      0.01952606439590454,
      0.9449329972267151,
      0.32668042182922363
    ]
  },
  {
    "timestamp" : 239594892560,
    "gravity" : [
      -0.019028784707188606,
      -0.9458937048912048,
      -0.3239179253578186
    ],
    "userAcceleration" : [
      0.025834297761321068,
      -0.06617581844329834,
      -0.0039020776748657227
    ],
    "rotationMatrix" : [
      0.7904981374740601,
      -0.21259769797325134,
      0.5743821859359741,
      0.6121687889099121,
      0.24512673914432526,
      -0.7517726421356201,
      0.019028782844543457,
      0.9458937644958496,
      0.3239179253578186
    ]
  },
  {
    "timestamp" : 239594902578,
    "gravity" : [
      -0.018423091620206833,
      -0.9469554424285889,
      -0.32083603739738464
    ],
    "userAcceleration" : [
      0.021032439544796944,
      -0.06589221954345703,
      -0.028498858213424683
    ],
    "rotationMatrix" : [
      0.7893779873847961,
      -0.21071773767471313,
      0.5766111612319946,
      0.6136309504508972,
      0.24263796210289001,
      -0.7513878345489502,
      0.018423110246658325,
      0.9469554424285889,
      0.32083603739738464
    ]
  },
  {
    "timestamp" : 239594912596,
    "gravity" : [
      -0.017570406198501587,
      -0.9481704831123352,
      -0.3172759413719177
    ],
    "userAcceleration" : [
      0.009254461154341698,
      -0.06772905588150024,
      -0.0587007999420166
    ],
    "rotationMatrix" : [
      0.7881503701210022,
      -0.20839297771453857,
      0.5791298151016235,
      0.6152318716049194,
      0.2398855984210968,
      -0.7509624361991882,
      0.017570406198501587,
      0.9481704831123352,
      0.3172759413719177
    ]
  },
  {
    "timestamp" : 239594922615,
    "gravity" : [
      -0.016473792493343353,
      -0.9496119618415833,
      -0.3129946291446686
    ],
    "userAcceleration" : [
      0.024515269324183464,
      -0.0713229775428772,
      -0.05878591537475586
    ],
    "rotationMatrix" : [
      0.7871266007423401,
      -0.20535285770893097,
      0.5816028118133545,
      0.6165714263916016,
      0.23678526282310486,
      -0.7508476972579956,
      0.01647379994392395,
      0.9496119022369385,
      0.31299468874931335
    ]
  },
  {
    "timestamp" : 239594932633,
    "gravity" : [
      -0.015368578024208546,
      -0.9512552618980408,
      -0.3080213963985443
    ],
    "userAcceleration" : [
      0.023410053923726082,
      -0.06967967748641968,
      -0.0637592077255249
    ],
    "rotationMatrix" : [
      0.7862744331359863,
      -0.20180313289165497,
      0.5839931964874268,
      0.6176862716674805,
      0.23321422934532166,
      -0.7510490417480469,
      0.015368551015853882,
      0.951255202293396,
      0.3080214262008667
    ]
  },
  {
    "timestamp" : 239594942651,
    "gravity" : [
      -0.01463712751865387,
      -0.953001856803894,
      -0.3026103973388672
    ],
    "userAcceleration" : [
      0.04149268940091133,
      -0.06758207082748413,
      -0.02774256467819214
    ],
    "rotationMatrix" : [
      0.7853180766105652,
      -0.1982884407043457,
      0.5864786505699158,
      0.6189194321632385,
      0.2290610671043396,
      -0.7513118982315063,
      0.014637112617492676,
      0.953001856803894,
      0.3026103973388672
    ]
  },
  {
    "timestamp" : 239594952670,
    "gravity" : [
      -0.014468485489487648,
      -0.9547440409660339,
      -0.2970762550830841
    ],
    "userAcceleration" : [
      0.03143635392189026,
      -0.05697453022003174,
      0.0018337666988372803
    ],
    "rotationMatrix" : [
      0.7850963473320007,
      -0.19483676552772522,
      0.58793044090271,
      0.6192045211791992,
      0.224727064371109,
      -0.7523850798606873,
      0.014468461275100708,
      0.9547440409660339,
      0.2970762848854065
    ]
  },
  {
    "timestamp" : 239594962688,
    "gravity" : [
      -0.014672685414552689,
      -0.9564197063446045,
      -0.29162609577178955
    ],
    "userAcceleration" : [
      0.012155079282820225,
      -0.06387430429458618,
      0.012039124965667725
    ],
    "rotationMatrix" : [
      0.7853266000747681,
      -0.19155150651931763,
      0.5887020230293274,
      0.6189077496528625,
      0.2203838974237442,
      -0.7539123892784119,
      0.014672696590423584,
      0.9564197659492493,
      0.29162609577178955
    ]
  },
  {
    "timestamp" : 239594972707,
    "gravity" : [
      -0.015185777097940445,
      -0.9579922556877136,
      -0.2863912880420685
    ],
    "userAcceleration" : [
      -0.00016446784138679504,
      -0.07315075397491455,
      0.020903438329696655
    ],
    "rotationMatrix" : [
      0.7861987948417664,
      -0.188409686088562,
      0.5885517597198486,
      0.6177870035171509,
      0.21622289717197418,
      -0.7560334205627441,
      0.015185773372650146,
      0.9579921960830688,
      0.2863912880420685
    ]
  },
  {
    "timestamp" : 239594982725,
    "gravity" : [
      -0.016021572053432465,
      -0.9594585299491882,
      -0.281393438577652
    ],
    "userAcceleration" : [
      -0.008636536076664925,
      -0.07566696405410767,
      0.013250559568405151
    ],
    "rotationMatrix" : [
      0.787060022354126,
      -0.18567264080047607,
      0.588270366191864,
      0.6166682243347168,
      0.21204853057861328,
      -0.7581261992454529,
      0.016021549701690674,
      0.9594585299491882,
      0.2813934087753296
    ]
  },
  {
    "timestamp" : 239594992743,
    "gravity" : [
      -0.016957717016339302,
      -0.9608463644981384,
      -0.27656230330467224
    ],
    "userAcceleration" : [
      -0.03791279345750809,
      -0.08563178777694702,
      0.0013698339462280273
    ],
    "rotationMatrix" : [
      0.7880221009254456,
      -0.1830926239490509,
      0.5877909660339355,
      0.6154133081436157,
      0.20796963572502136,
      -0.7602729797363281,
      0.016957730054855347,
