[
  {
    "timestamp" : 239664427731,
    "userAcceleration" : [
      0.03502536192536354,
      0.017295420169830322,
      -0.03162473440170288
    ],
    "gravity" : [
      -0.035239044576883316,
      -0.885200023651123,
      -0.46387389302253723
    ],
    "rotationMatrix" : [
      -0.8927941918373108,
      0.23646137118339539,
      -0.3834111988544464,
      -0.4490838944911957,
      -0.4006327688694,
      0.7986342906951904,
      0.03523904085159302,
      0.885200023651123,
      0.46387389302253723
    ]
  },
  {
    "timestamp" : 239664437750,
    "userAcceleration" : [
      0.008449502289295197,
      0.0002078413963317871,
      -0.05412295460700989
    ],
    "gravity" : [
      -0.03585434332489967,
      -0.8845461010932922,
      -0.46507254242897034
    ],
    "rotationMatrix" : [
      -0.8939155340194702,
      0.23644806444644928,
      -0.3807976245880127,
      -0.4467986226081848,
      -0.4020821750164032,
      0.799187421798706,
      0.03585435450077057,
      0.884546160697937,
      0.46507254242897034
    ]
  },
  {
    "timestamp" : 239664447769,
    "userAcceleration" : [
      -0.014111891388893127,
      -0.019278645515441895,
      -0.06513401865959167
    ],
    "gravity" : [
      -0.03625742718577385,
      -0.8841331005096436,
      -0.46582597494125366
    ],
    "rotationMatrix" : [
      -0.8952071666717529,
      0.23591408133506775,
      -0.37808454036712646,
      -0.4441719949245453,
      -0.40330222249031067,
      0.8000362515449524,
      0.03625743091106415,
      0.8841330409049988,
      0.46582600474357605
    ]
  },
  {
    "timestamp" : 239664457788,
    "userAcceleration" : [
      0.005740310996770859,
      -0.009178459644317627,
      -0.07376182079315186
    ],
    "gravity" : [
      -0.03618165850639343,
      -0.8838420510292053,
      -0.4663839638233185
    ],
    "rotationMatrix" : [
      -0.8963838815689087,
      0.23502111434936523,
      -0.375846803188324,
      -0.4417992830276489,
      -0.40446025133132935,
      0.800765335559845,
      0.036181673407554626,
      0.8838420510292053,
      0.46638399362564087
    ]
  },
  {
    "timestamp" : 239664467806,
    "userAcceleration" : [
      0.005301430821418762,
      -0.009481549263000488,
      -0.07315421104431152
    ],
    "gravity" : [
      -0.03574277088046074,
      -0.8835390210151672,
      -0.4669915735721588
    ],
    "rotationMatrix" : [
      -0.8973915576934814,
      0.23401445150375366,
      -0.37406593561172485,
      -0.4397846460342407,
      -0.4057040810585022,
      0.8012449145317078,
      0.035742759704589844,
      0.8835390210151672,
      0.4669916033744812
    ]
  },
  {
    "timestamp" : 239664477825,
    "userAcceleration" : [
      0.0048142485320568085,
      -0.009868800640106201,
      -0.0723852813243866
    ],
    "gravity" : [
      -0.035255592316389084,
      -0.8831517696380615,
      -0.46776053309440613
    ],
    "rotationMatrix" : [
      -0.898399293422699,
      0.2330300360918045,
      -0.37225741147994995,
      -0.4377620816230774,
      -0.4071115255355835,
      0.8016386032104492,
      0.03525559604167938,
      0.8831517696380615,
      0.46776050329208374
    ]
  },
  {
    "timestamp" : 239664487844,
    "userAcceleration" : [
      0.023925092071294785,
      -0.007206320762634277,
      -0.06750363111495972
    ],
    "gravity" : [
      -0.03501829504966736,
      -0.8827168345451355,
      -0.4685986638069153
    ],
    "rotationMatrix" : [
      -0.8992990255355835,
      0.23235972225666046,
      -0.37050020694732666,
      -0.4359302520751953,
      -0.4084360897541046,
      0.801963210105896,
      0.03501829504966736,
      0.8827168941497803,
      0.46859869360923767
    ]
  },
  {
    "timestamp" : 239664497863,
    "userAcceleration" : [
      0.018482979387044907,
      0.004314005374908447,
      -0.07200002670288086
    ],
    "gravity" : [
      -0.03514564037322998,
      -0.882319986820221,
      -0.4693359434604645
    ],
    "rotationMatrix" : [
      -0.9002693891525269,
      0.23185399174690247,
      -0.36845436692237854,
      -0.433912068605423,
      -0.40957921743392944,
      0.8024743795394897,
      0.03514564037322998,
      0.8823199272155762,
      0.46933597326278687
    ]
  },
  {
    "timestamp" : 239664507881,
    "userAcceleration" : [
      -0.0055393315851688385,
      0.0030457377433776855,
      -0.07597965002059937
    ],
    "gravity" : [
      -0.03544583171606064,
      -0.8819977641105652,
      -0.46991869807243347
    ],
    "rotationMatrix" : [
      -0.9014042615890503,
      0.2312529981136322,
      -0.36604973673820496,
      -0.4315251410007477,
      -0.4106117784976959,
      0.8032335042953491,
      0.035445839166641235,
      0.8819977045059204,
      0.46991869807243347
    ]
  },
  {
    "timestamp" : 239664517900,
    "userAcceleration" : [
      -0.03033166006207466,
      -0.009484529495239258,
      -0.08384954929351807
    ],
    "gravity" : [
      -0.035494815558195114,
      -0.8817660212516785,
      -0.47034960985183716
    ],
    "rotationMatrix" : [
      -0.9022718667984009,
      0.23064115643501282,
      -0.36429405212402344,
      -0.42970409989356995,
      -0.41145262122154236,
      0.8037792444229126,
      0.03549481928348541,
      0.8817660808563232,
      0.47034958004951477
    ]
  },
  {
    "timestamp" : 239664527919,
    "userAcceleration" : [
      -0.0568380132317543,
      -0.022903263568878174,
      -0.07555928826332092
    ],
    "gravity" : [
      -0.034974176436662674,
      -0.881637692451477,
      -0.4706289768218994
    ],
    "rotationMatrix" : [
      -0.9033054113388062,
      0.22935998439788818,
      -0.36253637075424194,
      -0.4275692105293274,
      -0.41244208812713623,
      0.8044100403785706,
      0.03497418761253357,
      0.8816376328468323,
      0.4706289768218994
    ]
  },
  {
    "timestamp" : 239664537938,
    "userAcceleration" : [
      -0.06801673769950867,
      -0.03687262535095215,
      -0.045222193002700806
    ],
    "gravity" : [
      -0.03374417871236801,
      -0.8815537691116333,
      -0.47087574005126953
    ],
    "rotationMatrix" : [
      -0.904197096824646,
      0.2276456654071808,
      -0.36139175295829773,
      -0.4257791340351105,
      -0.4135693311691284,
      0.8047806024551392,
      0.03374418616294861,
      0.8815537691116333,
      0.47087574005126953
    ]
  },
  {
    "timestamp" : 239664547956,
    "userAcceleration" : [
      -0.0564597025513649,
      -0.033090412616729736,
      -0.007023751735687256
    ],
    "gravity" : [
      -0.03201081603765488,
      -0.8813382387161255,
      -0.47140026092529297
    ],
    "rotationMatrix" : [
      -0.9051533341407776,
      0.22558385133743286,
      -0.3602903485298157,
      -0.4238779544830322,
      -0.4151562750339508,
      0.80496746301651,
      0.03201080858707428,
      0.8813381791114807,
      0.47140029072761536
    ]
  },
  {
    "timestamp" : 239664557975,
    "userAcceleration" : [
      0.05255706608295441,
      0.022562921047210693,
      0.04934602975845337
    ],
    "gravity" : [
      -0.030218256637454033,
      -0.8807781934738159,
      -0.4725637137889862
    ],
    "rotationMatrix" : [
      -0.9063781499862671,
      0.22345873713493347,
      -0.3585304617881775,
      -0.4213843047618866,
      -0.4174870550632477,
      0.8050709962844849,
      0.030218258500099182,
      0.8807781934738159,
      0.4725637137889862
    ]
  },
  {
    "timestamp" : 239664567994,
    "userAcceleration" : [
      0.05127011239528656,
      0.021521449089050293,
      0.05136233568191528
    ],
    "gravity" : [
      -0.028931301087141037,
      -0.8797366619110107,
      -0.47457998991012573
    ],
    "rotationMatrix" : [
      -0.9078827500343323,
      0.2217734158039093,
      -0.3557589650154114,
      -0.41822347044944763,
      -0.42057013511657715,
      0.8051143288612366,
      0.02893131971359253,
      0.879736602306366,
      0.47457998991012573
    ]
  },
  {
    "timestamp" : 239664578012,
    "userAcceleration" : [
      0.05065242201089859,
      0.020022928714752197,
      0.05416661500930786
    ],
    "gravity" : [
      -0.028313614428043365,
      -0.8782382607460022,
      -0.47738438844680786
    ],
    "rotationMatrix" : [
      -0.9096567034721375,
      0.22062203288078308,
      -0.3519240617752075,
      -0.41439470648765564,
      -0.4242916405200958,
      0.8051419854164124,
      0.028313621878623962,
      0.8782382607460022,
      0.4773843586444855
    ]
  },
  {
    "timestamp" : 239664588031,
    "userAcceleration" : [
      0.052945513278245926,
      0.02679520845413208,
      0.0040397047996521
    ],
    "gravity" : [
      -0.0280279703438282,
      -0.8764655590057373,
      -0.4806479215621948
    ],
    "rotationMatrix" : [
      -0.9113022089004517,
      0.2200012356042862,
      -0.3480335474014282,
      -0.4107825756072998,
      -0.42826077342033386,
      0.8048913478851318,
      0.028027966618537903,
      0.8764655590057373,
      0.4806479513645172
    ]
  },
  {
    "timestamp" : 239664598050,
    "userAcceleration" : [
      0.03414440155029297,
      0.03921997547149658,
      -0.054050326347351074
    ],
    "gravity" : [
      -0.027689997106790543,
      -0.8746691346168518,
      -0.48392876982688904
    ],
    "rotationMatrix" : [
      -0.9127357006072998,
      0.21952888369560242,
      -0.3445580005645752,
      -0.40761062502861023,
      -0.43215814232826233,
      0.8044206500053406,
      0.02768997848033905,
      0.8746691346168518,
      0.48392876982688904
    ]
  },
  {
    "timestamp" : 239664608069,
    "userAcceleration" : [
      0.019374318420886993,
      0.042646050453186035,
      -0.09465044736862183
    ],
    "gravity" : [
      -0.02711057849228382,
      -0.8730751276016235,
      -0.4868314266204834
    ],
    "rotationMatrix" : [
      -0.9138532280921936,
      0.2190256118774414,
      -0.3419063091278076,
      -0.40513843297958374,
      -0.4356231391429901,
      0.8038004636764526,
      0.027110591530799866,
      0.8730751276016235,
      0.486831396818161
    ]
  },
  {
    "timestamp" : 239664618087,
    "userAcceleration" : [
      0.021052885800600052,
      0.03535020351409912,
      -0.12112438678741455
    ],
    "gravity" : [
      -0.026256190612912178,
      -0.8718980550765991,
      -0.48898300528526306
    ],
    "rotationMatrix" : [
      -0.9146924018859863,
      0.21829557418823242,
      -0.34012460708618164,
      -0.4032968282699585,
      -0.43833863735198975,
      0.8032501935958862,
      0.02625618875026703,
      0.8718980550765991,
      0.4889829754829407
    ]
  },
  {
    "timestamp" : 239664628106,
    "userAcceleration" : [
      0.019897595047950745,
      0.04322856664657593,
      -0.12406161427497864
    ],
    "gravity" : [
      -0.025268740952014923,
      -0.8713229894638062,
      -0.4900587797164917
    ],
    "rotationMatrix" : [
      -0.9153215885162354,
      0.2172604501247406,
      -0.3390921354293823,
      -0.40192916989326477,
      -0.439992755651474,
      0.8030309677124023,
      0.02526874840259552,
      0.8713229894638062,
      0.4900587797164917
    ]
  },
  {
    "timestamp" : 239664638125,
    "userAcceleration" : [
      0.026496296748518944,
      0.05100351572036743,
      -0.10973367094993591
    ],
    "gravity" : [
      -0.02434486337006092,
      -0.8713922500610352,
      -0.4899824261665344
    ],
    "rotationMatrix" : [
      -0.9158550500869751,
      0.2159269154071808,
      -0.338503360748291,
      -0.4007696211338043,
      -0.44051194190979004,
      0.8033260107040405,
      0.02434486150741577,
      0.8713922500610352,
      0.4899824559688568
    ]
  },
  {
    "timestamp" : 239664648144,
    "userAcceleration" : [
      0.03154286742210388,
      0.05172991752624512,
      -0.07493859529495239
    ],
    "gravity" : [
      -0.023669393733143806,
      -0.8719050884246826,
      -0.48910245299339294
    ],
    "rotationMatrix" : [
      -0.9164533615112305,
      0.21440063416957855,
      -0.3378538489341736,
      -0.39944034814834595,
      -0.4402426779270172,
      0.8041352033615112,
      0.023669391870498657,
      0.8719050884246826,
      0.48910245299339294
    ]
  },
  {
    "timestamp" : 239664658162,
    "userAcceleration" : [
      0.03575560450553894,
      0.05276048183441162,
      -0.03719952702522278
    ],
    "gravity" : [
      -0.023350266739726067,
      -0.8725693225860596,
      -0.48793163895606995
    ],
    "rotationMatrix" : [
      -0.9169395565986633,
      0.21316175162792206,
      -0.33731716871261597,
      -0.39834100008010864,
      -0.43952709436416626,
      0.8050711154937744,
      0.023350268602371216,
      0.8725693225860596,
      0.48793160915374756
    ]
  },
  {
    "timestamp" : 239664668181,
    "userAcceleration" : [
      0.03634510189294815,
      0.04188656806945801,
      -0.011416494846343994
    ],
    "gravity" : [
      -0.023344671353697777,
      -0.8731854557991028,
      -0.4868287444114685
    ],
    "rotationMatrix" : [
      -0.9174734354019165,
      0.21214288473129272,
      -0.3365083932876587,
      -0.3971114754676819,
      -0.438796728849411,
      0.8060768246650696,
      0.023344680666923523,
      0.8731854557991028,
      0.4868287146091461
    ]
  },
  {
    "timestamp" : 239664678200,
    "userAcceleration" : [
      0.03352566808462143,
      0.03157418966293335,
      -0.004424035549163818
    ],
    "gravity" : [
      -0.023531220853328705,
      -0.8737220168113708,
      -0.4858560860157013
    ],
    "rotationMatrix" : [
      -0.9179105758666992,
      0.2114313542842865,
      -0.3357633352279663,
      -0.3960890471935272,
      -0.43807148933410645,
      0.806973934173584,
      0.023531213402748108,
      0.8737220764160156,
      0.4858560860157013
    ]
  },
  {
    "timestamp" : 239664688219,
    "userAcceleration" : [
      0.028339354321360588,
      0.04474085569381714,
      -0.019650936126708984
    ],
    "gravity" : [
      -0.023746518418192863,
      -0.8742238879203796,
      -0.48494186997413635
    ],
    "rotationMatrix" : [
      -0.9182151556015015,
      0.21091189980506897,
      -0.33525633811950684,
      -0.39536914229393005,
      -0.43731972575187683,
      0.8077341914176941,
      0.023746535181999207,
      0.8742238879203796,
      0.48494186997413635
    ]
  },
  {
    "timestamp" : 239664698237,
    "userAcceleration" : [
      0.0352141335606575,
      0.06044405698776245,
      -0.029879331588745117
    ],
    "gravity" : [
      -0.024044763296842575,
      -0.8746835589408875,
      -0.4840976893901825
    ],
    "rotationMatrix" : [
      -0.9182083606719971,
      0.21082964539527893,
      -0.3353271484375,
      -0.395367294549942,
      -0.43643972277641296,
      0.8082111477851868,
      0.02404475212097168,
      0.8746835589408875,
      0.4840977191925049
    ]
  },
  {
    "timestamp" : 239664708256,
    "userAcceleration" : [
      0.05061035603284836,
      0.06655073165893555,
      -0.04038149118423462
    ],
    "gravity" : [
      -0.024426333606243134,
      -0.8751139044761658,
      -0.4833000898361206
    ],
    "rotationMatrix" : [
      -0.9178376197814941,
      0.21123075485229492,
      -0.3360884189605713,
      -0.39620351791381836,
      -0.43538153171539307,
      0.8083721995353699,
      0.024426326155662537,
      0.8751139044761658,
      0.4833000600337982
    ]
  },
  {
    "timestamp" : 239664718275,
    "userAcceleration" : [
      0.047334104776382446,
      0.06465739011764526,
      -0.032471299171447754
    ],
    "gravity" : [
      -0.02496477961540222,
      -0.875524640083313,
      -0.48252803087234497
    ],
    "rotationMatrix" : [
      -0.9172028303146362,
      0.21205085515975952,
      -0.33730268478393555,
      -0.3976373076438904,
      -0.43415528535842896,
      0.8083276748657227,
      0.02496477961540222,
      0.875524640083313,
      0.48252803087234497
    ]
  },
  {
    "timestamp" : 239664728293,
    "userAcceleration" : [
      0.03515946865081787,
      0.04400056600570679,
      -0.01409369707107544
    ],
    "gravity" : [
      -0.025638040155172348,
      -0.8759554624557495,
      -0.4817100763320923
    ],
    "rotationMatrix" : [
      -0.9161778688430786,
      0.21337567269802094,
      -0.33924680948257446,
      -0.3999503254890442,
      -0.4326343536376953,
      0.8080017566680908,
      0.025638028979301453,
      0.8759554624557495,
      0.4817100763320923
    ]
  },
  {
    "timestamp" : 239664738312,
    "userAcceleration" : [
      0.011854274198412895,
      0.02011007070541382,
      0.008012562990188599
    ],
    "gravity" : [
      -0.026319662109017372,
      -0.8764485120773315,
      -0.48077550530433655
    ],
    "rotationMatrix" : [
      -0.9152955412864685,
      0.21449628472328186,
      -0.3409174680709839,
      -0.40192118287086487,
      -0.43107861280441284,
      0.8078551292419434,
      0.02631966769695282,
      0.8764485120773315,
      0.48077547550201416
    ]
  },
  {
    "timestamp" : 239664748331,
    "userAcceleration" : [
      -0.021208319813013077,
      0.002172231674194336,
      0.035103797912597656
    ],
    "gravity" : [
      -0.02693321742117405,
      -0.8770195841789246,
      -0.479699045419693
    ],
    "rotationMatrix" : [
      -0.914770245552063,
      0.2151186764240265,
      -0.3419344127178192,
      -0.4030754268169403,
      -0.42960497736930847,
      0.8080653548240662,
      0.026933223009109497,
      0.8770195841789246,
      0.479699045419693
    ]
  },
  {
    "timestamp" : 239664758350,
    "userAcceleration" : [
      -0.04177490249276161,
      -0.01761305332183838,
      0.05994069576263428
    ],
    "gravity" : [
      -0.027530575171113014,
      -0.8777116537094116,
      -0.4783976674079895
    ],
    "rotationMatrix" : [
      -0.9146213531494141,
      0.2152366042137146,
      -0.34225842356681824,
      -0.4033728837966919,
      -0.4281300902366638,
      0.8086994290351868,
      0.027530580759048462,
      0.8777115941047668,
      0.4783976674079895
    ]
  },
  {
    "timestamp" : 239664768368,
    "userAcceleration" : [
      -0.05219298228621483,
      -0.02714395523071289,
      0.08061063289642334
    ],
    "gravity" : [
      -0.028114082291722298,
      -0.8785261511802673,
      -0.4768660366535187
    ],
    "rotationMatrix" : [
      -0.9152162075042725,
      0.2144651710987091,
      -0.3411499261856079,
      -0.40198031067848206,
      -0.4268442690372467,
      0.8100711703300476,
      0.02811408042907715,
      0.8785261511802673,
      0.47686609625816345
    ]
  },
  {
    "timestamp" : 239664778387,
    "userAcceleration" : [
      -0.04316318780183792,
      -0.023166000843048096,
      0.0820334255695343
    ],
    "gravity" : [
      -0.028492143377661705,
      -0.8793302178382874,
      -0.47535914182662964
    ],
    "rotationMatrix" : [
      -0.9162600636482239,
      0.21306735277175903,
      -0.3392180800437927,
      -0.39956825971603394,
      -0.4258873164653778,
      0.8117663264274597,
      0.028492137789726257,
      0.8793302178382874,
      0.475359171628952
    ]
  },
  {
    "timestamp" : 239664788406,
    "userAcceleration" : [
      -0.021278807893395424,
      -0.002771615982055664,
      0.06871598958969116
    ],
    "gravity" : [
      -0.028464902192354202,
      -0.8798730373382568,
      -0.474355548620224
    ],
    "rotationMatrix" : [
      -0.9173270463943481,
      0.2115202397108078,
      -0.33729830384254456,
      -0.39711546897888184,
      -0.425538033246994,
      0.8131523132324219,
      0.02846488356590271,
      0.8798730373382568,
      0.4743556082248688
    ]
  },
  {
    "timestamp" : 239664798425,
    "userAcceleration" : [
      -0.0027649514377117157,
      0.021298587322235107,
      0.058227986097335815
    ],
    "gravity" : [
      -0.02796630561351776,
      -0.8799410462379456,
      -0.47425878047943115
    ],
    "rotationMatrix" : [
      -0.9181060194969177,
      0.21025416254997253,
      -0.3359670042991638,
      -0.395346075296402,
      -0.4260239005088806,
      0.8137595057487488,
      0.02796630561351776,
      0.8799410462379456,
      0.47425878047943115
    ]
  },
  {
    "timestamp" : 239664808443,
    "userAcceleration" : [
      0.006798747926950455,
      0.02583456039428711,
      0.05802333354949951
    ],
    "gravity" : [
      -0.027047215029597282,
      -0.8794874548912048,
      -0.47515279054641724
    ],
    "rotationMatrix" : [
      -0.9185357689857483,
      0.2094086855649948,
      -0.3353205919265747,
      -0.3944113850593567,
      -0.42737525701522827,
      0.813504695892334,
      0.027047231793403625,
      0.8794875144958496,
      0.47515273094177246
    ]
  },
  {
    "timestamp" : 239664818462,
    "userAcceleration" : [
      0.012188628315925598,
      0.020240187644958496,
      0.06012129783630371
    ],
    "gravity" : [
      -0.025891074910759926,
      -0.878592848777771,
      -0.47686928510665894
    ],
    "rotationMatrix" : [
      -0.9186872243881226,
      0.208989679813385,
      -0.33516740798950195,
      -0.3941364288330078,
      -0.42941588163375854,
      0.8125629425048828,
      0.025891080498695374,
      0.878592848777771,
      0.47686928510665894
    ]
  },
  {
    "timestamp" : 239664828481,
    "userAcceleration" : [
      0.01720157079398632,
      0.013329029083251953,
      0.06148150563240051
    ],
    "gravity" : [
      -0.024739470332860947,
      -0.8774036765098572,
      -0.47911447286605835
    ],
    "rotationMatrix" : [
      -0.9189153909683228,
      0.2086907923221588,
      -0.33472713828086853,
      -0.39367762207984924,
      -0.4319846034049988,
      0.8114227652549744,
      0.024739474058151245,
      0.8774036765098572,
      0.47911447286605835
    ]
  },
  {
    "timestamp" : 239664838500,
    "userAcceleration" : [
      0.02202184870839119,
      0.009348869323730469,
      0.04772111773490906
    ],
    "gravity" : [
      -0.023730888962745667,
      -0.8761090636253357,
      -0.4815284013748169
    ],
    "rotationMatrix" : [
      -0.9191769361495972,
      0.20853036642074585,
      -0.33410802483558655,
      -0.3931283950805664,
      -0.4346809387207031,
      0.8102481365203857,
      0.02373090386390686,
      0.8761090040206909,
      0.4815284013748169
    ]
  },
  {
    "timestamp" : 239664848518,
    "userAcceleration" : [
      0.0349685437977314,
      0.015874266624450684,
      0.030616819858551025
    ],
    "gravity" : [
      -0.023127783089876175,
      -0.8749135732650757,
      -0.48372650146484375
    ],
    "rotationMatrix" : [
      -0.919540286064148,
      0.20849113166332245,
      -0.3331320583820343,
      -0.39231443405151367,
      -0.4371013045310974,
      0.8093401789665222,
      0.02312779426574707,
      0.8749135136604309,
      0.48372647166252136
    ]
  },
  {
    "timestamp" : 239664858537,
    "userAcceleration" : [
      0.05113649368286133,
      0.022417128086090088,
      0.013069689273834229
    ],
    "gravity" : [
      -0.023197703063488007,
      -0.8740406036376953,
      -0.48529866337776184
    ],
    "rotationMatrix" : [
      -0.9200537204742432,
      0.2085692584514618,
      -0.33166152238845825,
      -0.3911040723323822,
      -0.43880695104599,
      0.8090028762817383,
      0.02319769561290741,
      0.8740406036376953,
      0.48529869318008423
    ]
  },
  {
    "timestamp" : 239664868556,
    "userAcceleration" : [
      0.04638960212469101,
      0.0196608304977417,
      -0.007814168930053711
    ],
    "gravity" : [
      -0.023882942274212837,
      -0.8736799359321594,
      -0.485914409160614
    ],
    "rotationMatrix" : [
      -0.9208821654319763,
      0.2084072083234787,
      -0.3294569253921509,
      -0.38910800218582153,
      -0.439601331949234,
      0.8095338940620422,
      0.023882940411567688,
      0.8736799359321594,
      0.4859143793582916
    ]
  },
  {
    "timestamp" : 239664878574,
    "userAcceleration" : [
      0.019607754424214363,
      0.009720683097839355,
      -0.02377617359161377
    ],
    "gravity" : [
      -0.024704240262508392,
      -0.8738105297088623,
      -0.4856383800506592
    ],
    "rotationMatrix" : [
      -0.9216987490653992,
      0.20802295207977295,
      -0.32740992307662964,
      -0.38711822032928467,
      -0.43952372670173645,
      0.8105294108390808,
      0.024704232811927795,
      0.8738105893135071,
      0.48563840985298157
    ]
  },
  {
    "timestamp" : 239664888593,
    "userAcceleration" : [
      -0.003284253180027008,
      0.002110779285430908,
      -0.034203290939331055
    ],
    "gravity" : [
      -0.025066634640097618,
      -0.8742268681526184,
      -0.48487013578414917
    ],
    "rotationMatrix" : [
      -0.9224797487258911,
      0.20713213086128235,
      -0.32577183842658997,
      -0.38523069024086,
      -0.43911686539649963,
      0.8116487264633179,
      0.025066643953323364,
      0.8742268085479736,
      0.48487013578414917
    ]
  },
  {
    "timestamp" : 239664898612,
    "userAcceleration" : [
      -0.014452824369072914,
      0.0012464523315429688,
      -0.026642024517059326
    ],
    "gravity" : [
      -0.024670764803886414,
      -0.8746899962425232,
      -0.4840543270111084
    ],
    "rotationMatrix" : [
      -0.9229758381843567,
      0.20595106482505798,
      -0.32511404156684875,
      -0.38406553864479065,
      -0.4387494921684265,
      0.8123989701271057,
      0.02467074990272522,
      0.8746899962425232,
      0.4840543270111084
    ]
  },
  {
    "timestamp" : 239664908631,
    "userAcceleration" : [
      -0.011524595320224762,
      0.00022262334823608398,
      0.004262417554855347
    ],
    "gravity" : [
      -0.023708000779151917,
      -0.8750089406967163,
      -0.48352566361427307
    ],
    "rotationMatrix" : [
      -0.9231334924697876,
      0.2048167735338211,
      -0.3253827691078186,
      -0.38374704122543335,
      -0.4386443793773651,
      0.8126062154769897,
      0.023708000779151917,
      0.8750089406967163,
      0.48352566361427307
    ]
  },
  {
    "timestamp" : 239664918649,
    "userAcceleration" : [
      0.012064758688211441,
      0.005772054195404053,
      0.05068594217300415
    ],
    "gravity" : [
      -0.02273070439696312,
      -0.8750651478767395,
      -0.4834708273410797
    ],
    "rotationMatrix" : [
      -0.9232879281044006,
      0.20384958386421204,
      -0.32555168867111206,
      -0.38343432545661926,
      -0.4389825165271759,
      0.8125711679458618,
      0.022730708122253418,
      0.8750652074813843,
      0.4834708273410797
    ]
  },
  {
    "timestamp" : 239664928668,
    "userAcceleration" : [
      0.048021264374256134,
      0.010842859745025635,
      0.0746423602104187
    ],
    "gravity" : [
      -0.02218819223344326,
      -0.8748259544372559,
      -0.4839288294315338
    ],
    "rotationMatrix" : [
      -0.9233869910240173,
      0.20347893238067627,
      -0.32550323009490967,
      -0.38322800397872925,
      -0.4396311342716217,
      0.812317967414856,
      0.022188186645507812,
      0.8748259544372559,
      0.4839288294315338
    ]
  },
  {
    "timestamp" : 239664938687,
    "userAcceleration" : [
      0.06556370854377747,
      0.019943058490753174,
      0.07399037480354309
    ],
    "gravity" : [
      -0.02232035994529724,
      -0.8743893504142761,
      -0.4847111105918884
    ],
    "rotationMatrix" : [
      -0.9235031604766846,
      0.20374050736427307,
      -0.32500937581062317,
      -0.3829400837421417,
      -0.44037777185440063,
      0.8120492100715637,
      0.02232035994529724,
      0.8743893504142761,
      0.4847111105918884
    ]
  },
  {
    "timestamp" : 239664948706,
    "userAcceleration" : [
      0.06522185355424881,
      0.025046169757843018,
      0.060897648334503174
    ],
    "gravity" : [
      -0.02313816547393799,
      -0.873953640460968,
      -0.485458105802536
    ],
    "rotationMatrix" : [
      -0.9237613677978516,
      0.20436468720436096,
      -0.32388198375701904,
      -0.38226833939552307,
      -0.4409532845020294,
      0.8120534420013428,
      0.02313816547393799,
      0.8739535808563232,
      0.485458105802536
    ]
  },
  {
    "timestamp" : 239664958724,
    "userAcceleration" : [
      0.054234329611063004,
      0.016937196254730225,
      0.04311668872833252
    ],
    "gravity" : [
      -0.024525519460439682,
      -0.8736723065376282,
      -0.48589611053466797
    ],
    "rotationMatrix" : [
      -0.9242103099822998,
      0.2050989270210266,
      -0.32213178277015686,
      -0.38109439611434937,
      -0.44116950035095215,
      0.8124874830245972,
      0.02452552318572998,
      0.8736722469329834,
      0.48589611053466797
    ]
  },
  {
    "timestamp" : 239664968743,
    "userAcceleration" : [
      0.040658578276634216,
      0.005294442176818848,
      0.021806448698043823
    ],
    "gravity" : [
      -0.026223815977573395,
      -0.8736110329627991,
      -0.48591771721839905
    ],
    "rotationMatrix" : [
      -0.9248326420783997,
      0.20571956038475037,
      -0.3199435770511627,
      -0.37946900725364685,
      -0.44100239872932434,
      0.8133388161659241,
      0.026223808526992798,
      0.8736110329627991,
      0.48591771721839905
    ]
  },
  {
    "timestamp" : 239664978762,
    "userAcceleration" : [
      0.023181576281785965,
      0.0016428828239440918,
      0.0071364641189575195
    ],
    "gravity" : [
      -0.028018668293952942,
      -0.8737285137176514,
      -0.48560631275177
    ],
    "rotationMatrix" : [
      -0.9256101846694946,
      0.20610859990119934,
      -0.3174353241920471,
      -0.3774398863315582,
      -0.4405880272388458,
      0.8145068287849426,
      0.028018668293952942,
      0.8737284541130066,
      0.48560631275177
    ]
  },
  {
    "timestamp" : 239664988781,
    "userAcceleration" : [
      -0.002020403742790222,
      -0.004487276077270508,
      -0.0019505321979522705
    ],
    "gravity" : [
      -0.029580596834421158,
      -0.8739610910415649,
      -0.48509466648101807
    ],
    "rotationMatrix" : [
      -0.9263748526573181,
      0.20625245571136475,
      -0.3151012659072876,
      -0.37543827295303345,
      -0.4400584101676941,
      0.8157169818878174,
      0.029580608010292053,
      0.8739610910415649,
      0.48509466648101807
    ]
  },
  {
    "timestamp" : 239664998799,
    "userAcceleration" : [
      -0.024078642949461937,
      -0.013877153396606445,
      -0.006649523973464966
    ],
    "gravity" : [
      -0.030700458213686943,
      -0.8742606043815613,
      -0.48448505997657776
    ],
    "rotationMatrix" : [
      -0.927071750164032,
      0.2060922235250473,
      -0.31315067410469055,
      -0.37362390756607056,
      -0.4395383894443512,
      0.8168296813964844,
      0.030700474977493286,
      0.8742605447769165,
      0.48448505997657776
    ]
  },
  {
    "timestamp" : 239665008818,
    "userAcceleration" : [
      -0.03310953080654144,
      -0.015790283679962158,
      -0.004001975059509277
    ],
    "gravity" : [
      -0.031282611191272736,
      -0.8745905160903931,
      -0.48385193943977356
    ],
    "rotationMatrix" : [
      -0.9277644753456116,
      0.20550575852394104,
      -0.31148064136505127,
      -0.3718523681163788,
      -0.4391566514968872,
      0.8178429007530212,
      0.03128261864185333,
      0.8745905756950378,
      0.48385196924209595
    ]
  },
  {
    "timestamp" : 239665018837,
    "userAcceleration" : [
      -0.030590761452913284,
      -0.010818660259246826,
      -0.006833136081695557
    ],
    "gravity" : [
      -0.031298935413360596,
      -0.8749234676361084,
      -0.48324859142303467
    ],
    "rotationMatrix" : [
      -0.9283121824264526,
      0.20465613901615143,
      -0.3104061484336853,
      -0.3704814314842224,
      -0.4388900399208069,
      0.8186078071594238,
      0.03129895031452179,
      0.8749234676361084,
      0.4832485318183899
    ]
  },
  {
    "timestamp" : 239665028856,
    "userAcceleration" : [
      0.024385329335927963,
      0.008692026138305664,
      0.01932254433631897
    ],
    "gravity" : [
      -0.030839845538139343,
      -0.8752080798149109,
      -0.4827623665332794
    ],
    "rotationMatrix" : [
      -0.9286357760429382,
      0.203739732503891,
      -0.3100402057170868,
      -0.3697076141834259,
      -0.43874862790107727,
      0.8190332055091858,
      0.03083983063697815,
      0.8752080798149109,
      0.4827623665332794
    ]
  },
  {
    "timestamp" : 239665038874,
    "userAcceleration" : [
      0.023677153512835503,
      0.008862614631652832,
      0.0190579891204834
    ],
    "gravity" : [
      -0.03013167344033718,
      -0.8753787279129028,
      -0.48249784111976624
    ],
    "rotationMatrix" : [
      -0.9288718700408936,
      0.20281006395816803,
      -0.30994367599487305,
      -0.369173526763916,
      -0.43883952498435974,
      0.8192256689071655,
      0.030131682753562927,
      0.8753787279129028,
      0.48249784111976624
    ]
  },
  {
    "timestamp" : 239665048893,
    "userAcceleration" : [
      0.06571199744939804,
      0.014560461044311523,
      0.040743231773376465
    ],
    "gravity" : [
      -0.02964027412235737,
      -0.8754613995552063,
      -0.4823783338069916
    ],
    "rotationMatrix" : [
      -0.9290562868118286,
      0.20216219127178192,
      -0.3098142743110657,
      -0.36874908208847046,
      -0.43897366523742676,
      0.8193450570106506,
      0.02964027225971222,
      0.8754613995552063,
      0.48237836360931396
    ]
  },
  {
    "timestamp" : 239665058912,
    "userAcceleration" : [
      0.09945862740278244,
      0.02072089910507202,
      0.06140589714050293
    ],
    "gravity" : [
      -0.029817568138241768,
      -0.8754876852035522,
      -0.48231953382492065
    ],
    "rotationMatrix" : [
      -0.929309070110321,
      0.20197945833206177,
      -0.3091742992401123,
      -0.3680969476699829,
      -0.4390050172805786,
      0.8196212649345398,
      0.02981756627559662,
      0.8754876255989075,
      0.48231953382492065
    ]
  },
  {
    "timestamp" : 239665068930,
    "userAcceleration" : [
      0.11377861350774765,
      0.025739729404449463,
      0.07376807928085327
    ],
    "gravity" : [
      -0.03089292347431183,
      -0.8754405975341797,
      -0.4823373556137085
    ],
    "rotationMatrix" : [
      -0.9297821521759033,
      0.20226578414440155,
      -0.30756068229675293,
      -0.36681145429611206,
      -0.43896713852882385,
      0.8202177286148071,
      0.03089292347431183,
      0.8754405975341797,
      0.4823373258113861
    ]
  },
  {
    "timestamp" : 239665078949,
    "userAcceleration" : [
      0.10789057612419128,
      0.022813141345977783,
      0.07163268327713013
    ],
    "gravity" : [
      -0.032863158732652664,
      -0.8752758502960205,
      -0.48250606656074524
    ],
    "rotationMatrix" : [
      -0.9302918314933777,
      0.20325978100299835,
      -0.30535590648651123,
      -0.365344762802124,
      -0.43883639574050903,
      0.8209419250488281,
      0.03286316990852356,
      0.8752758502960205,
      0.48250603675842285
    ]
  },
  {
    "timestamp" : 239665088968,
    "userAcceleration" : [
      0.07572217285633087,
      0.003460824489593506,
      0.050883591175079346
    ],
    "gravity" : [
      -0.03534747287631035,
      -0.8750428557395935,
      -0.48275303840637207
    ],
    "rotationMatrix" : [
      -0.93086838722229,
      0.20459651947021484,
      -0.3026949167251587,
      -0.36364060640335083,
      -0.438679963350296,
      0.8217817544937134,
      0.03534747660160065,
      0.8750429153442383,
      0.4827530086040497
    ]
  },
  {
    "timestamp" : 239665098987,
    "userAcceleration" : [
      0.025767244398593903,
      -0.028626859188079834,
      0.016663670539855957
    ],
    "gravity" : [
      -0.03780648112297058,
      -0.8748612403869629,
      -0.4828958809375763
    ],
    "rotationMatrix" : [
      -0.9314430356025696,
      0.20587074756622314,
      -0.3000516891479492,
      -0.36191773414611816,
      -0.43844613432884216,
      0.8226667046546936,
      0.03780648112297058,
      0.8748612999916077,
      0.48289594054222107
    ]
  },
  {
    "timestamp" : 239665109005,
    "userAcceleration" : [
      -0.02856818586587906,
      -0.05864667892456055,
      -0.006482064723968506
    ],
    "gravity" : [
      -0.03977597877383232,
      -0.874840259552002,
      -0.4827756881713867
    ],
    "rotationMatrix" : [
      -0.9320980310440063,
      0.20656821131706238,
      -0.297527551651001,
      -0.3600151836872101,
      -0.4381597936153412,
      0.8236533999443054,
      0.03977598249912262,
      0.8748401999473572,
      0.4827757179737091
    ]
  },
  {
    "timestamp" : 239665119024,
    "userAcceleration" : [
      -0.0658140480518341,
      -0.07491850852966309,
      -0.017515480518341064
    ],
    "gravity" : [
      -0.04084493964910507,
      -0.8750020861625671,
      -0.48239290714263916
    ],
    "rotationMatrix" : [
      -0.932797908782959,
      0.2064158320426941,
      -0.29543185234069824,
      -0.3580770492553711,
      -0.4379080533981323,
      0.82463139295578,
      0.04084494709968567,
      0.8750020861625671,
      0.48239290714263916
    ]
  },
  {
    "timestamp" : 239665129043,
    "userAcceleration" : [
      -0.046555738896131516,
      -0.06535780429840088,
      -0.04078531265258789
    ],
    "gravity" : [
      -0.04078562185168266,
      -0.8753159642219543,
      -0.48182812333106995
    ],
    "rotationMatrix" : [
      -0.9332756996154785,
      0.20559416711330414,
      -0.2944943606853485,
      -0.3568366765975952,
      -0.43766719102859497,
      0.8252966403961182,
      0.04078561067581177,
      0.8753159046173096,
      0.48182815313339233
    ]
  },
  {
    "timestamp" : 239665139062,
    "userAcceleration" : [
      -0.04750049114227295,
      -0.06497293710708618,
      -0.04140591621398926
    ],
    "gravity" : [
      -0.03984086215496063,
      -0.8757007718086243,
      -0.4812074899673462
    ],
    "rotationMatrix" : [
      -0.9335086345672607,
      0.20436343550682068,
      -0.29461199045181274,
      -0.3563331663608551,
      -0.43747344613075256,
      0.8256165981292725,
      0.03984086215496063,
      0.8757007122039795,
      0.4812074601650238
    ]
  },
  {
    "timestamp" : 239665149080,
    "userAcceleration" : [
      -0.011560559272766113,
      -0.045265138149261475,
      -0.006156444549560547
    ],
    "gravity" : [
      -0.038778241723775864,
      -0.8760911226272583,
      -0.48058363795280457
    ],
    "rotationMatrix" : [
      -0.9337226152420044,
      0.20306240022182465,
      -0.29483532905578613,
      -0.35589104890823364,
      -0.43729865550994873,
      0.8259004354476929,
      0.03877823054790497,
      0.8760911226272583,
      0.48058366775512695
    ]
  },
  {
    "timestamp" : 239665159099,
    "userAcceleration" : [
      0.03494134917855263,
      -0.04579722881317139,
      0.035914212465286255
    ],
    "gravity" : [
      -0.03826781362295151,
      -0.8764133453369141,
      -0.4800364673137665
    ],
    "rotationMatrix" : [
      -0.9339089393615723,
      0.20224976539611816,
      -0.294802188873291,
      -0.3554558753967285,
      -0.437028706073761,
      0.8262302875518799,
      0.038267821073532104,
      0.8764133453369141,
      0.4800364375114441
    ]
  },
  {
    "timestamp" : 239665169118,
    "userAcceleration" : [
      0.04590051621198654,
      -0.04390692710876465,
      0.049412548542022705
    ],
    "gravity" : [
      -0.03868315368890762,
      -0.8766404986381531,
      -0.4795882999897003
    ],
    "rotationMatrix" : [
      -0.934398353099823,
