[
  {
    "gravity" : [
      0.041089046746492386,
      -0.9983152151107788,
      -0.04096632078289986
    ],
    "rotationMatrix" : [
      -0.9513623714447021,
      -0.02656172215938568,
      -0.30692607164382935,
      -0.3053208589553833,
      -0.051584891974925995,
      0.9508512020111084,
      -0.04108904302120209,
      0.9983152151107788,
      0.04096633940935135
    ],
    "userAcceleration" : [
      0.008593522012233734,
      -0.01109933853149414,
      -0.002368628978729248
    ],
    "timestamp" : 239634354719
  },
  {
    "gravity" : [
      0.041156087070703506,
      -0.9984310269355774,
      -0.03796448931097984
    ],
    "rotationMatrix" : [
      -0.9510434865951538,
      -0.027497872710227966,
      -0.30782973766326904,
      -0.30630290508270264,
      -0.04877445846796036,
      0.9506834745407104,
      -0.041156068444252014,
      0.9984309673309326,
      0.037964485585689545
    ],
    "userAcceleration" : [
      0.00034775957465171814,
      -0.013928413391113281,
      -0.016875561326742172
    ],
    "timestamp" : 239634364738
  },
  {
    "gravity" : [
      0.04094623401761055,
      -0.9985612034797668,
      -0.03462042659521103
    ],
    "rotationMatrix" : [
      -0.9507893323898315,
      -0.028290122747421265,
      -0.3085428476333618,
      -0.30711957812309265,
      -0.04555009678006172,
      0.9505800604820251,
      -0.04094623029232025,
      0.9985612034797668,
      0.034620415419340134
    ],
    "userAcceleration" : [
      -0.017951298505067825,
      -0.011448383331298828,
      -0.03325062617659569
    ],
    "timestamp" : 239634374756
  },
  {
    "gravity" : [
      0.04054764285683632,
      -0.9987022280693054,
      -0.030812321230769157
    ],
    "rotationMatrix" : [
      -0.950531542301178,
      -0.029050379991531372,
      -0.309265673160553,
      -0.30796927213668823,
      -0.041827794164419174,
      0.9504762291908264,
      -0.04054763913154602,
      0.9987022280693054,
      0.030812326818704605
    ],
    "userAcceleration" : [
      -0.032735198736190796,
      -0.012497544288635254,
      -0.04122436046600342
    ],
    "timestamp" : 239634384774
  },
  {
    "gravity" : [
      0.040136728435754776,
      -0.9988421201705933,
      -0.026518629863858223
    ],
    "rotationMatrix" : [
      -0.9502264857292175,
      -0.02994982898235321,
      -0.3101164698600769,
      -0.30896317958831787,
      -0.037645578384399414,
      0.9503285884857178,
      -0.04013673961162567,
      0.9988421201705933,
      0.02651864103972912
    ],
    "userAcceleration" : [
      -0.041937317699193954,
      -0.028913438320159912,
      -0.042161162942647934
    ],
    "timestamp" : 239634394793
  },
  {
    "gravity" : [
      0.03988410532474518,
      -0.9989680647850037,
      -0.0217277929186821
    ],
    "rotationMatrix" : [
      -0.949849009513855,
      -0.031155332922935486,
      -0.3111533224582672,
      -0.3101552724838257,
      -0.03304828330874443,
      0.9501113295555115,
      -0.039884090423583984,
      0.9989680647850037,
      0.0217277891933918
    ],
    "userAcceleration" : [
      -0.04836803674697876,
      -0.03504377603530884,
      -0.035401105880737305
    ],
    "timestamp" : 239634404811
  },
  {
    "gravity" : [
      0.03977230563759804,
      -0.9990730285644531,
      -0.01647130772471428
    ],
    "rotationMatrix" : [
      -0.9494175910949707,
      -0.032646551728248596,
      -0.3123147189617157,
      -0.31148743629455566,
      -0.028059661388397217,
      0.9498358964920044,
      -0.03977230191230774,
      0.9990730285644531,
      0.01647132635116577
    ],
    "userAcceleration" : [
      -0.04178651049733162,
      -0.029674530029296875,
      -0.017799915745854378
    ],
    "timestamp" : 239634414829
  },
  {
    "gravity" : [
      0.03968944773077965,
      -0.9991528391838074,
      -0.010877512395381927
    ],
    "rotationMatrix" : [
      -0.9490501880645752,
      -0.0342889130115509,
      -0.3132537603378296,
      -0.31261539459228516,
      -0.022756099700927734,
      0.9496071934700012,
      -0.039689451456069946,
      0.9991528391838074,
      0.010877490043640137
    ],
    "userAcceleration" : [
      -0.02569718286395073,
      -0.028786003589630127,
      0.012510239146649837
    ],
    "timestamp" : 239634424848
  },
  {
    "gravity" : [
      0.039442628622055054,
      -0.9992074966430664,
      -0.005326190032064915
    ],
    "rotationMatrix" : [
      -0.9488869309425354,
      -0.03578481078147888,
      -0.3135804831981659,
      -0.313141405582428,
      -0.017422165721654892,
      0.9495465755462646,
      -0.039442628622055054,
      0.9992074966430664,
      0.005326125770807266
    ],
    "userAcceleration" : [
      -0.015318535268306732,
      -0.025069117546081543,
      0.04426664113998413
    ],
    "timestamp" : 239634434866
  },
  {
    "gravity" : [
      0.038962602615356445,
      -0.9992403984069824,
      -0.00015905176405794919
    ],
    "rotationMatrix" : [
      -0.9489161968231201,
      -0.036950573325157166,
      -0.31335562467575073,
      -0.3131117820739746,
      -0.01235959306359291,
      0.9496356248855591,
      -0.03896258771419525,
      0.9992403984069824,
      0.00015905126929283142
    ],
    "userAcceleration" : [
      -0.017737682908773422,
      -0.0288354754447937,
      0.05152016878128052
    ],
    "timestamp" : 239634444885
  },
  {
    "gravity" : [
      0.03825890272855759,
      -0.9992576241493225,
      0.004499796777963638
    ],
    "rotationMatrix" : [
      -0.9490275979042053,
      -0.03774489462375641,
      -0.31292420625686646,
      -0.3128618001937866,
      -0.007701549679040909,
      0.9497673511505127,
      -0.038258910179138184,
      0.9992576837539673,
      -0.004499766975641251
    ],
    "userAcceleration" : [
      -0.03363553807139397,
      -0.02686530351638794,
      0.04222261905670166
    ],
    "timestamp" : 239634454903
  },
  {
    "gravity" : [
      0.037494175136089325,
      -0.9992591738700867,
      0.008680607192218304
    ],
    "rotationMatrix" : [
      -0.9491512775421143,
      -0.038328543305397034,
      -0.3124784231185913,
      -0.3125796318054199,
      -0.003476891666650772,
      0.9498851299285889,
      -0.03749416768550873,
      0.9992591142654419,
      -0.008680615574121475
    ],
    "userAcceleration" : [
      -0.050982989370822906,
      -0.031411051750183105,
      0.02894759178161621
    ],
    "timestamp" : 239634464921
  },
  {
    "gravity" : [
      0.03690142557024956,
      -0.9992392659187317,
      0.01262015849351883
    ],
    "rotationMatrix" : [
      -0.9492614269256592,
      -0.03899700939655304,
      -0.3120608329772949,
      -0.31231552362442017,
      0.0004643052816390991,
      0.9499783515930176,
      -0.036901429295539856,
      0.9992392063140869,
      -0.012620106339454651
    ],
    "userAcceleration" : [
      -0.062353137880563736,
      -0.040464162826538086,
      0.013487698510289192
    ],
    "timestamp" : 239634474940
  },
  {
    "gravity" : [
      0.036540817469358444,
      -0.9991943836212158,
      0.016592154279351234
    ],
    "rotationMatrix" : [
      -0.9494122862815857,
      -0.03989270329475403,
      -0.3114878833293915,
      -0.3118988573551178,
      0.0043708644807338715,
      0.9501051902770996,
      -0.03654080629348755,
      0.9991943836212158,
      -0.016592148691415787
    ],
    "userAcceleration" : [
      -0.05062473192811012,
      -0.04336237907409668,
      0.000787617638707161
    ],
    "timestamp" : 239634484958
  },
  {
    "gravity" : [
      0.03648899495601654,
      -0.9991194605827332,
      0.020708056166768074
    ],
    "rotationMatrix" : [
      -0.9495086073875427,
      -0.04112376272678375,
      -0.3110341429710388,
      -0.3116118907928467,
      0.008313208818435669,
      0.9501730799674988,
      -0.03648899495601654,
      0.9991194605827332,
      -0.0207081139087677
    ],
    "userAcceleration" : [
      -0.04817727580666542,
      -0.05030369758605957,
      -0.011034009978175163
    ],
    "timestamp" : 239634494976
  },
  {
    "gravity" : [
      0.03681175038218498,
      -0.9990125298500061,
      0.024876493960618973
    ],
    "rotationMatrix" : [
      -0.9495312571525574,
      -0.04272642731666565,
      -0.31074872612953186,
      -0.3115047514438629,
      0.012181822210550308,
      0.9501665234565735,
      -0.036811769008636475,
      0.9990125298500061,
      -0.024876471608877182
    ],
    "userAcceleration" : [
      -0.04396817088127136,
      -0.031672894954681396,
      -0.008488532155752182
    ],
    "timestamp" : 239634504995
  },
  {
    "gravity" : [
      0.03739866614341736,
      -0.9988765120506287,
      0.029102055355906487
    ],
    "rotationMatrix" : [
      -0.9494854807853699,
      -0.044599443674087524,
      -0.31062525510787964,
      -0.31157422065734863,
      0.01601511985063553,
      0.9500868320465088,
      -0.03739868104457855,
      0.9988765716552734,
      -0.029102079570293427
    ],
    "userAcceleration" : [
      -0.025649450719356537,
      -0.022851884365081787,
      -0.007831335067749023
    ],
    "timestamp" : 239634515013
  },
  {
    "gravity" : [
      0.03804774582386017,
      -0.9987169504165649,
      0.03341647610068321
    ],
    "rotationMatrix" : [
      -0.9493815302848816,
      -0.04656258225440979,
      -0.31065475940704346,
      -0.311812162399292,
      0.019905410706996918,
      0.9499351978302002,
      -0.03804776072502136,
      0.9987169504165649,
      -0.03341648727655411
    ],
    "userAcceleration" : [
      -0.015007026493549347,
      -0.008683443069458008,
      -0.010345220565795898
    ],
    "timestamp" : 239634525031
  },
  {
    "gravity" : [
      0.0385546013712883,
      -0.9985413551330566,
      0.0377940908074379
    ],
    "rotationMatrix" : [
      -0.9492024779319763,
      -0.04841764271259308,
      -0.31091731786727905,
      -0.31229376792907715,
      0.023887302726507187,
      0.9496850371360779,
      -0.0385545939207077,
      0.9985412955284119,
      -0.03779402747750282
    ],
    "userAcceleration" : [
      -0.010692108422517776,
      0.008459746837615967,
      -0.009504321962594986
    ],
    "timestamp" : 239634535050
  },
  {
    "gravity" : [
      0.038910504430532455,
      -0.9983521699905396,
      0.04217646270990372
    ],
    "rotationMatrix" : [
      -0.9489641189575195,
      -0.0501399040222168,
      -0.31137266755104065,
      -0.31297430396080017,
      0.02790835127234459,
      0.94935142993927,
      -0.038910508155822754,
      0.9983521699905396,
      -0.04217645898461342
    ],
    "userAcceleration" : [
      -0.010941188782453537,
      0.004547238349914551,
      -3.170594573020935e-05
    ],
    "timestamp" : 239634545068
  },
  {
    "gravity" : [
      0.03923599794507027,
      -0.9981489777565002,
      0.04646628350019455
    ],
    "rotationMatrix" : [
      -0.9485021829605103,
      -0.051832154393196106,
      -0.31250107288360596,
      -0.3143310546875,
      0.031812138855457306,
      0.9487801790237427,
      -0.03923599421977997,
      0.9981489181518555,
      -0.04646628350019455
    ],
    "userAcceleration" : [
      -0.006780605763196945,
      -0.003269970417022705,
      0.01765120029449463
    ],
    "timestamp" : 239634555086
  },
  {
    "gravity" : [
      0.03956097364425659,
      -0.9979358911514282,
      0.05058450996875763
    ],
    "rotationMatrix" : [
      -0.9484173655509949,
      -0.05343766510486603,
      -0.3124878406524658,
      -0.31454598903656006,
      0.035612981766462326,
      0.9485739469528198,
      -0.03956097364425659,
      0.9979358911514282,
      -0.05058445408940315
    ],
    "userAcceleration" : [
      0.004704724997282028,
      -0.0052530765533447266,
      0.02877652645111084
    ],
    "timestamp" : 239634565105
  },
  {
    "gravity" : [
      0.039811357855796814,
      -0.9977211356163025,
      0.054474253207445145
    ],
    "rotationMatrix" : [
      -0.9485027194023132,
      -0.05488105118274689,
      -0.3119782507419586,
      -0.3142569065093994,
      0.03924884274601936,
      0.9485262036323547,
      -0.03981137275695801,
      0.9977211356163025,
      -0.054474275559186935
    ],
    "userAcceleration" : [
      0.02018614113330841,
      0.000269472599029541,
      0.02462732419371605
    ],
    "timestamp" : 239634575123
  },
  {
    "gravity" : [
      0.0398954413831234,
      -0.9975058436393738,
      0.058223795145750046
    ],
    "rotationMatrix" : [
      -0.9485921859741211,
      -0.05612035095691681,
      -0.31148457527160645,
      -0.3139752745628357,
      0.04280418902635574,
      0.9484655857086182,
      -0.039895445108413696,
      0.9975059032440186,
      -0.05822377651929855
    ],
    "userAcceleration" : [
      0.023748911917209625,
      0.01548093557357788,
      0.0008735582232475281
    ],
    "timestamp" : 239634585141
  },
  {
    "gravity" : [
      0.039752356708049774,
      -0.997291624546051,
      0.06187819689512253
    ],
    "rotationMatrix" : [
      -0.9485898613929749,
      -0.05712670087814331,
      -0.31130897998809814,
      -0.31400078535079956,
      0.046322051435709,
      0.9482918977737427,
      -0.03975234925746918,
      0.9972915649414062,
      -0.06187820062041283
    ],
    "userAcceleration" : [
      0.01231057196855545,
      0.03092217445373535,
      -0.015110019594430923
    ],
    "timestamp" : 239634595160
  },
  {
    "gravity" : [
      0.03941428288817406,
      -0.9970724582672119,
      0.06551823765039444
    ],
    "rotationMatrix" : [
      -0.948447048664093,
      -0.057966843247413635,
      -0.31158846616744995,
      -0.3144742250442505,
      0.049859870225191116,
      0.9479554891586304,
      -0.03941427171230316,
      0.9970724582672119,
      -0.06551821529865265
    ],
    "userAcceleration" : [
      0.0005179159343242645,
      0.03311389684677124,
      -0.022381670773029327
    ],
    "timestamp" : 239634605178
  },
  {
    "gravity" : [
      0.039031319320201874,
      -0.9968343377113342,
      0.06926421076059341
    ],
    "rotationMatrix" : [
      -0.9482150673866272,
      -0.058816105127334595,
      -0.31213486194610596,
      -0.3152206540107727,
      0.0534946471452713,
      0.9475093483924866,
      -0.03903132677078247,
      0.9968343377113342,
      -0.06926415860652924
    ],
    "userAcceleration" : [
      -0.00935303047299385,
      0.024468183517456055,
      -0.014881856739521027
    ],
    "timestamp" : 239634615196
  },
  {
    "gravity" : [
      0.038812749087810516,
      -0.9965624213218689,
      0.07318832725286484
    ],
    "rotationMatrix" : [
      -0.9480380415916443,
      -0.0598711222410202,
      -0.312471866607666,
      -0.3157796263694763,
      0.05725773423910141,
      0.9471032023429871,
      -0.03881274163722992,
      0.9965624213218689,
      -0.07318828254938126
    ],
    "userAcceleration" : [
      -0.010309379547834396,
      0.004054665565490723,
      0.007729053497314453
    ],
    "timestamp" : 239634625215
  },
  {
    "gravity" : [
      0.03876512497663498,
      -0.9962525367736816,
      0.07731644064188004
    ],
    "rotationMatrix" : [
      -0.9480146169662476,
      -0.061124980449676514,
      -0.3123002052307129,
      -0.31585589051246643,
      0.06119106709957123,
      0.9468317627906799,
      -0.03876511752605438,
      0.9962524771690369,
      -0.07731641829013824
    ],
    "userAcceleration" : [
      -0.010261762887239456,
      0.003744781017303467,
      0.0036009475588798523
    ],
    "timestamp" : 239634635233
  },
  {
    "gravity" : [
      0.03889709711074829,
      -0.9959102272987366,
      0.0815444141626358
    ],
    "rotationMatrix" : [
      -0.948070228099823,
      -0.06256242096424103,
      -0.31184619665145874,
      -0.31567251682281494,
      0.06518033146858215,
      0.9466266632080078,
      -0.03889709711074829,
      0.9959101676940918,
      -0.081544429063797
    ],
    "userAcceleration" : [
      -0.006167054176330566,
      0.00047278404235839844,
      0.0019822046160697937
    ],
    "timestamp" : 239634645252
  },
  {
    "gravity" : [
      0.039200928062200546,
      -0.9955484867095947,
      0.08570955693721771
    ],
    "rotationMatrix" : [
      -0.9481351971626282,
      -0.06413717567920685,
      -0.31132858991622925,
      -0.31543993949890137,
      0.06906023621559143,
      0.9464291334152222,
      -0.03920091688632965,
      0.9955484867095947,
      -0.0857096016407013
    ],
    "userAcceleration" : [
      0.0032489746809005737,
      0.008076131343841553,
      0.007292747497558594
    ],
    "timestamp" : 239634655270
  },
  {
    "gravity" : [
      0.039473287761211395,
      -0.9951874017715454,
      0.08968707919120789
    ],
    "rotationMatrix" : [
      -0.9482036232948303,
      -0.0656202882528305,
      -0.31081122159957886,
      -0.3152007460594177,
      0.07277297973632812,
      0.9462306499481201,
      -0.03947329521179199,
      0.9951874017715454,
      -0.0896870493888855
    ],
    "userAcceleration" : [
      0.026704024523496628,
      0.02082228660583496,
      0.013492822647094727
    ],
    "timestamp" : 239634665288
  },
  {
    "gravity" : [
      0.039590269327163696,
      -0.9948518872261047,
      0.09328515082597733
    ],
    "rotationMatrix" : [
      -0.9481531381607056,
      -0.06686557084321976,
      -0.3106997311115265,
      -0.3153378367424011,
      0.07614807784557343,
      0.9459193348884583,
      -0.039590269327163696,
      0.9948518872261047,
      -0.09328515827655792
    ],
    "userAcceleration" : [
      0.021780524402856827,
      0.017999589443206787,
      0.015082836151123047
    ],
    "timestamp" : 239634675307
  },
  {
    "gravity" : [
      0.03965405374765396,
      -0.9945480823516846,
      0.09644336998462677
    ],
    "rotationMatrix" : [
      -0.9479972720146179,
      -0.06795049458742142,
      -0.3109395503997803,
      -0.3157977759838104,
      0.07909831404685974,
      0.9455236792564392,
      -0.039654046297073364,
      0.9945481419563293,
      -0.09644338488578796
    ],
    "userAcceleration" : [
      -0.002224300056695938,
      0.015849530696868896,
      0.021644465625286102
    ],
    "timestamp" : 239634685325
  },
  {
    "gravity" : [
      0.039701323956251144,
      -0.994268536567688,
      0.09926561266183853
    ],
    "rotationMatrix" : [
      -0.9492401480674744,
      -0.06855263561010361,
      -0.30699053406715393,
      -0.3120359778404236,
      0.08203919231891632,
      0.9465214610099792,
      -0.03970131278038025,
      0.9942684769630432,
      -0.09926556050777435
    ],
    "userAcceleration" : [
      -0.0016612149775028229,
      0.002874612808227539,
      0.025871753692626953
    ],
    "timestamp" : 239634695343
  },
  {
    "gravity" : [
      0.04007964953780174,
      -0.9939868450164795,
      0.10190005600452423
    ],
    "rotationMatrix" : [
      -0.9491202235221863,
      -0.06975246220827103,
      -0.30709099769592285,
      -0.3123522102832794,
      0.0844075083732605,
      0.9462088942527771,
      -0.04007963836193085,
      0.9939867854118347,
      -0.10189998149871826
    ],
    "userAcceleration" : [
      -0.02114354819059372,
      -0.005845248699188232,
      0.01991093158721924
    ],
    "timestamp" : 239634705362
  },
  {
    "gravity" : [
      0.040956053882837296,
      -0.9936969876289368,
      0.10434842109680176
    ],
    "rotationMatrix" : [
      -0.9490952491760254,
      -0.07133542001247406,
      -0.30680447816848755,
      -0.3123144507408142,
      0.08647133409976959,
      0.9460350275039673,
      -0.040956050157547,
      0.9936970472335815,
      -0.10434840619564056
    ],
    "userAcceleration" : [
      -0.025239557027816772,
      0.0005788803100585938,
      0.027701131999492645
    ],
    "timestamp" : 239634715380
  },
  {
    "gravity" : [
      0.042171597480773926,
      -0.9934167265892029,
      0.10650988668203354
    ],
    "rotationMatrix" : [
      -0.949202835559845,
      -0.07310844212770462,
      -0.30605313181877136,
      -0.311825156211853,
      0.08819311857223511,
      0.9460373520851135,
      -0.042171597480773926,
      0.9934167265892029,
      -0.10650992393493652
    ],
    "userAcceleration" : [
      0.005115337669849396,
      0.004708468914031982,
      0.022320017218589783
    ],
    "timestamp" : 239634725398
  },
  {
    "gravity" : [
      0.043409962207078934,
      -0.9931609630584717,
      0.10838156193494797
    ],
    "rotationMatrix" : [
      -0.9494354128837585,
      -0.0747748464345932,
      -0.30492696166038513,
      -0.3109458088874817,
      0.0896647498011589,
      0.9461884498596191,
      -0.04340997338294983,
      0.9931609630584717,
      -0.10838151723146439
    ],
    "userAcceleration" : [
      0.02620057389140129,
      0.026974618434906006,
      0.003068678081035614
    ],
    "timestamp" : 239634735417
  },
  {
    "gravity" : [
      0.04447903856635094,
      -0.9929267168045044,
      0.11007968336343765
    ],
    "rotationMatrix" : [
      -0.9496964812278748,
      -0.07621793448925018,
      -0.3037540912628174,
      -0.30999571084976196,
      0.09103212505578995,
      0.9463695883750916,
      -0.044479042291641235,
      0.9929267764091492,
      -0.11007972806692123
    ],
    "userAcceleration" : [
      0.03353909030556679,
      0.04840803146362305,
      -0.031893640756607056
    ],
    "timestamp" : 239634745435
  },
  {
    "gravity" : [
      0.04529519006609917,
      -0.992698073387146,
      0.11179693043231964
    ],
    "rotationMatrix" : [
      -0.9498481154441833,
      -0.07745980471372604,
      -0.30296528339385986,
      -0.3094128966331482,
      0.0924675315618515,
      0.9464212656021118,
      -0.045295193791389465,
      0.992698073387146,
      -0.11179693043231964
    ],
    "userAcceleration" : [
      0.03574417904019356,
      0.05130726099014282,
      -0.061442866921424866
    ],
    "timestamp" : 239634755453
  },
  {
    "gravity" : [
      0.04577133432030678,
      -0.9924421906471252,
      0.11385579407215118
    ],
    "rotationMatrix" : [
      -0.9498003125190735,
      -0.07854685932397842,
      -0.3028348982334137,
      -0.3094892203807831,
      0.09427952766418457,
      0.9462174773216248,
      -0.04577133059501648,
      0.9924421906471252,
      -0.11385577917098999
    ],
    "userAcceleration" : [
      0.028477873653173447,
      0.05321812629699707,
      -0.08356714993715286
    ],
    "timestamp" : 239634765472
  },
  {
    "gravity" : [
      0.04605774208903313,
      -0.9921265840530396,
      0.11646191030740738
    ],
    "rotationMatrix" : [
      -0.9496088624000549,
      -0.07966872304677963,
      -0.30314284563064575,
      -0.31003445386886597,
      0.09663134068250656,
      0.9458017349243164,
      -0.046057745814323425,
      0.9921265840530396,
      -0.11646188050508499
    ],
    "userAcceleration" : [
      0.017708688974380493,
      0.0381319522857666,
      -0.0747290849685669
    ],
    "timestamp" : 239634775490
  },
  {
    "gravity" : [
      0.04630769416689873,
      -0.9917329549789429,
      0.11967108398675919
    ],
    "rotationMatrix" : [
      -0.9493363499641418,
      -0.08096925169229507,
      -0.3036513328552246,
      -0.3108307421207428,
      0.0995468944311142,
      0.9452378749847412,
      -0.046307697892189026,
      0.9917329549789429,
      -0.1196710616350174
    ],
    "userAcceleration" : [
      0.015749748796224594,
      0.023379802703857422,
      -0.04896187782287598
    ],
    "timestamp" : 239634785508
  },
  {
    "gravity" : [
      0.046764519065618515,
      -0.9912727475166321,
      0.12325229495763779
    ],
    "rotationMatrix" : [
      -0.9490189552307129,
      -0.08259528130292892,
      -0.3042052984237671,
      -0.3117305040359497,
      0.10274292528629303,
      0.9445992708206177,
      -0.04676450788974762,
      0.9912728071212769,
      -0.12325237691402435
    ],
    "userAcceleration" : [
      -0.001583300530910492,
      0.029465675354003906,
      -0.012214064598083496
    ],
    "timestamp" : 239634795527
  },
  {
    "gravity" : [
      0.047559954226017,
      -0.9907979965209961,
      0.12671715021133423
    ],
    "rotationMatrix" : [
      -0.9487041234970093,
      -0.08450395613908768,
      -0.30466291308403015,
      -0.3125675320625305,
      0.1057274341583252,
      0.9439932107925415,
      -0.0475599467754364,
      0.9907979965209961,
      -0.126717209815979
    ],
    "userAcceleration" : [
      0.008958544582128525,
      0.031310200691223145,
      0.029349803924560547
    ],
    "timestamp" : 239634805545
  },
  {
    "gravity" : [
      0.0484270341694355,
      -0.9904051423072815,
      0.12943166494369507
    ],
    "rotationMatrix" : [
      -0.9483572244644165,
      -0.0862627774477005,
      -0.30524981021881104,
      -0.31348609924316406,
      0.10796498507261276,
      0.9434352517127991,
      -0.0484270304441452,
      0.9904051423072815,
      -0.1294316053390503
    ],
    "userAcceleration" : [
      0.033085376024246216,
      0.04083538055419922,
      0.056618839502334595
    ],
    "timestamp" : 239634815563
  },
  {
    "gravity" : [
      0.04922017455101013,
      -0.9901499152183533,
      0.13107438385486603
    ],
    "rotationMatrix" : [
      -0.9479654431343079,
      -0.08764061331748962,
      -0.30607303977012634,
      -0.3145456314086914,
      0.1091889962553978,
      0.9429415464401245,
      -0.04922017455101013,
      0.9901498556137085,
      -0.13107439875602722
    ],
    "userAcceleration" : [
      0.04527745768427849,
      0.05675458908081055,
      0.06887687742710114
    ],
    "timestamp" : 239634825582
  },
  {
    "gravity" : [
      0.049837641417980194,
      -0.9900362491607666,
      0.13169832527637482
    ],
    "rotationMatrix" : [
      -0.9476374387741089,
      -0.0885196104645729,
      -0.30683469772338867,
      -0.31543534994125366,
      0.10951036214828491,
      0.942607045173645,
      -0.04983764886856079,
      0.9900362491607666,
      -0.13169831037521362
    ],
    "userAcceleration" : [
      0.06074274703860283,
      0.06646758317947388,
      0.06448400020599365
    ],
    "timestamp" : 239634835600
  },
  {
    "gravity" : [
      0.05011105164885521,
      -0.9900280237197876,
      0.13165555894374847
    ],
    "rotationMatrix" : [
      -0.9472137093544006,
      -0.08890614658594131,
      -0.3080286681652069,
      -0.3166620433330536,
      0.10927042365074158,
      0.9422234892845154,
      -0.05011105537414551,
      0.9900280833244324,
      -0.13165554404258728
    ],
    "userAcceleration" : [
      0.06715269386768341,
      0.05965399742126465,
      0.03312408924102783
    ],
    "timestamp" : 239634845619
  },
  {
    "gravity" : [
      0.05012597143650055,
      -0.9900542497634888,
      0.13145320117473602
    ],
    "rotationMatrix" : [
      -0.9468944668769836,
      -0.08896677941083908,
      -0.30899155139923096,
      -0.3176133930683136,
      0.10898378491401672,
      0.9419364333152771,
      -0.05012597143650055,
      0.9900543093681335,
      -0.13145318627357483
    ],
    "userAcceleration" : [
      0.04836947098374367,
      0.055041491985321045,
      -0.0059648603200912476
    ],
    "timestamp" : 239634855637
  },
  {
    "gravity" : [
      0.0502094142138958,
      -0.9900373816490173,
      0.13154856860637665
    ],
    "rotationMatrix" : [
      -0.9466323852539062,
      -0.08916361629962921,
      -0.30973702669143677,
      -0.31838053464889526,
      0.10897642374038696,
      0.9416782855987549,
      -0.050209417939186096,
      0.9900374412536621,
      -0.13154858350753784
    ],
    "userAcceleration" : [
      0.02211720496416092,
      0.046449124813079834,
      -0.04817448556423187
    ],
    "timestamp" : 239634865655
  },
  {
    "gravity" : [
      0.050448499619960785,
      -0.9899473190307617,
      0.13213320076465607
    ],
    "rotationMatrix" : [
      -0.9464114904403687,
      -0.08964356034994125,
      -0.31027281284332275,
      -0.31899866461753845,
      0.10939967632293701,
      0.9414198994636536,
      -0.05044849216938019,
      0.9899472594261169,
      -0.13213324546813965
    ],
    "userAcceleration" : [
      0.025677543133497238,
      0.03033745288848877,
      -0.07729315757751465
    ],
    "timestamp" : 239634875674
  },
  {
    "gravity" : [
      0.050772856920957565,
      -0.9898069500923157,
      0.13305699825286865
    ],
    "rotationMatrix" : [
      -0.9458843469619751,
      -0.09041449427604675,
      -0.31165313720703125,
      -0.320506751537323,
      0.11003312468528748,
      0.9408336877822876,
      -0.050772860646247864,
      0.9898070096969604,
      -0.1330569088459015
    ],
    "userAcceleration" : [
      0.026482343673706055,
      0.03852832317352295,
      -0.07653842866420746
    ],
    "timestamp" : 239634885692
  },
  {
    "gravity" : [
      0.05112631991505623,
      -0.9896600246429443,
      0.13401025533676147
    ],
    "rotationMatrix" : [
      -0.944819986820221,
      -0.09140704572200775,
      -0.3145778477191925,
      -0.32357466220855713,
      0.11053276807069778,
      0.9397242665290833,
      -0.051126331090927124,
      0.9896600842475891,
      -0.13401025533676147
    ],
    "userAcceleration" : [
      0.027471650391817093,
      0.04764360189437866,
      -0.05217732489109039
    ],
    "timestamp" : 239634895710
  },
  {
    "gravity" : [
      0.05149450898170471,
      -0.9895170331001282,
      0.1349230706691742
    ],
    "rotationMatrix" : [
      -0.9435994029045105,
      -0.09245394915342331,
      -0.3179186284542084,
      -0.3270600736141205,
      0.11094234883785248,
      0.9384686946868896,
      -0.05149450898170471,
      0.989517092704773,
      -0.134923055768013
    ],
    "userAcceleration" : [
      0.03757099062204361,
      0.057189881801605225,
      -0.025761723518371582
    ],
    "timestamp" : 239634905729
  },
  {
    "gravity" : [
      0.05183669552206993,
      -0.98936527967453,
      0.13590076565742493
    ],
    "rotationMatrix" : [
      -0.9425974488258362,
      -0.09342389553785324,
      -0.32059556245803833,
      -0.32988253235816956,
      0.11148136854171753,
      0.9374162554740906,
      -0.051836684346199036,
      0.98936527967453,
      -0.13590073585510254
    ],
    "userAcceleration" : [
      0.05975077301263809,
      0.045975565910339355,
      -0.002111673355102539
    ],
    "timestamp" : 239634915747
  },
  {
    "gravity" : [
      0.052125971764326096,
      -0.9892044067382812,
      0.1369585394859314
    ],
    "rotationMatrix" : [
      -0.9417675733566284,
      -0.09431447833776474,
      -0.32276755571365356,
      -0.33220022916793823,
      0.11215842515230179,
      0.9365167617797852,
      -0.052125975489616394,
      0.9892044067382812,
      -0.13695859909057617
    ],
    "userAcceleration" : [
      0.06274215131998062,
      0.047920167446136475,
      0.010426193475723267
    ],
    "timestamp" : 239634925765
  },
  {
    "gravity" : [
      0.05228794366121292,
      -0.9890691637992859,
      0.13786840438842773
    ],
    "rotationMatrix" : [
      -0.9411100745201111,
      -0.09498300403356552,
      -0.32448315620422363,
      -0.33403152227401733,
      0.11278323084115982,
      0.9357897639274597,
      -0.052287936210632324,
      0.9890691637992859,
      -0.13786843419075012
    ],
    "userAcceleration" : [
      0.0658607929944992,
      0.05648273229598999,
      0.006937488913536072
    ],
    "timestamp" : 239634935784
  },
  {
    "gravity" : [
      0.05223025381565094,
      -0.9890084266662598,
      0.13832543790340424
    ],
    "rotationMatrix" : [
      -0.9404295086860657,
      -0.0953097864985466,
      -0.3263552784919739,
      -0.33595195412635803,
      0.11304011195898056,
      0.9350711107254028,
      -0.05223025381565094,
      0.9890084266662598,
      -0.13832548260688782
    ],
    "userAcceleration" : [
      0.06350760161876678,
      0.06135058403015137,
      -0.0036666542291641235
    ],
    "timestamp" : 239634945802
  },
  {
    "gravity" : [
      0.05193479731678963,
      -0.9890443682670593,
      0.13817977905273438
    ],
    "rotationMatrix" : [
      -0.9395666122436523,
      -0.09527917951345444,
      -0.32884007692337036,
      -0.3384031355381012,
      0.11275124549865723,
      0.934221625328064,
      -0.05193479359149933,
      0.9890443086624146,
      -0.13817977905273438
    ],
    "userAcceleration" : [
      0.0610106997191906,
      0.06651341915130615,
      -0.011135116219520569
    ],
    "timestamp" : 239634955820
  },
  {
    "gravity" : [
      0.0514262355864048,
      -0.9891566634178162,
      0.13756577670574188
    ],
    "rotationMatrix" : [
      -0.9385102391242981,
      -0.09495680779218674,
      -0.3319365382194519,
      -0.34140005707740784,
      0.11203664541244507,
      0.93321692943573,
      -0.0514262318611145,
      0.9891567230224609,
      -0.13756585121154785
    ],
    "userAcceleration" : [
      0.05863535776734352,
      0.06369590759277344,
      -0.023033246397972107
    ],
    "timestamp" : 239634965839
  },
  {
    "gravity" : [
      0.05076724663376808,
      -0.9892979264259338,
      0.13679198920726776
    ],
    "rotationMatrix" : [
      -0.9371885657310486,
      -0.09452106058597565,
      -0.3357725143432617,
      -0.3451088070869446,
      0.11115379631519318,
      0.9319573640823364,
      -0.05076725780963898,
      0.9892979860305786,
      -0.13679204881191254
    ],
    "userAcceleration" : [
      0.04553091153502464,
      0.05675715208053589,
      -0.03036189079284668
    ],
    "timestamp" : 239634975857
  },
  {
    "gravity" : [
      0.05014878883957863,
      -0.9894202947616577,
      0.13613393902778625
    ],
    "rotationMatrix" : [
      -0.9359427690505981,
      -0.09412781894207001,
      -0.339339017868042,
      -0.34856289625167847,
      0.11039622128009796,
      0.9307612180709839,
      -0.050148800015449524,
      0.9894202947616577,
      -0.13613395392894745
    ],
    "userAcceleration" : [
      0.027060624212026596,
      0.051508426666259766,
      -0.03432726860046387
    ],
    "timestamp" : 239634985875
  },
  {
    "gravity" : [
      0.04974319413304329,
      -0.9895046949386597,
      0.1356685757637024
    ],
    "rotationMatrix" : [
      -0.9346035122871399,
      -0.09401676058769226,
      -0.34304067492485046,
      -0.35219550132751465,
      0.10973250865936279,
      0.9294713735580444,
      -0.049743205308914185,
      0.9895046949386597,
      -0.1356685757637024
    ],
    "userAcceleration" : [
      0.011505529284477234,
      0.03396892547607422,
      -0.03749346733093262
    ],
    "timestamp" : 239634995894
  },
  {
    "gravity" : [
      0.049639567732810974,
      -0.989552915096283,
      0.1353529989719391
    ],
    "rotationMatrix" : [
      -0.9332583546638489,
      -0.09422782063484192,
      -0.3466254472732544,
      -0.35575833916664124,
      0.10911344736814499,
      0.9281863570213318,
      -0.049639567732810974,
      0.989552915096283,
      -0.13535302877426147
    ],
    "userAcceleration" : [
      0.010281629860401154,
      0.03192681074142456,
      -0.03292073309421539
    ],
    "timestamp" : 239635005912
  },
  {
    "gravity" : [
      0.04972977936267853,
      -0.9895821809768677,
      0.13510748744010925
    ],
    "rotationMatrix" : [
      -0.9319918751716614,
      -0.09460943937301636,
      -0.34991446137428284,
      -0.35905155539512634,
      0.10851790010929108,
      0.9269875288009644,
      -0.04972979426383972,
      0.9895821809768677,
      -0.13510744273662567
    ],
    "userAcceleration" : [
      0.025663841515779495,
      0.039341092109680176,
      -0.026983723044395447
    ],
    "timestamp" : 239635015931
  },
  {
    "gravity" : [
      0.049808163195848465,
      -0.9896137714385986,
      0.13484549522399902
    ],
    "rotationMatrix" : [
      -0.9306511878967285,
      -0.09498994052410126,
      -0.35336199402809143,
      -0.36250096559524536,
      0.10789415240287781,
      0.9257168173789978,
      -0.04980817437171936,
      0.9896138310432434,
      -0.1348455250263214
    ],
    "userAcceleration" : [
      0.041942864656448364,
      0.047734737396240234,
      -0.020908132195472717
    ],
    "timestamp" : 239635025949
  },
  {
    "gravity" : [
      0.049727488309144974,
      -0.989666759967804,
      0.13448579609394073
    ],
    "rotationMatrix" : [
      -0.9293610453605652,
      -0.09516847133636475,
      -0.3566935062408447,
      -0.36580660939216614,
      0.10724878311157227,
      0.9244906306266785,
      -0.049727484583854675,
      0.989666759967804,
      -0.13448578119277954
    ],
    "userAcceleration" : [
      0.045548319816589355,
      0.05506616830825806,
      -0.01520790159702301
    ],
    "timestamp" : 239635035967
  },
  {
    "gravity" : [
      0.0494842454791069,
      -0.9897353053092957,
      0.13407059013843536
    ],
    "rotationMatrix" : [
      -0.9278960227966309,
      -0.095222607254982,
      -0.3604732155799866,
      -0.36953967809677124,
      0.10656622052192688,
      0.9230838418006897,
      -0.0494842529296875,
      0.9897353053092957,
      -0.13407060503959656
    ],
    "userAcceleration" : [
      0.037918031215667725,
      0.057255685329437256,
      -0.01682211458683014
    ],
    "timestamp" : 239635045986
  },
  {
    "gravity" : [
      0.049145013093948364,
      -0.9898090958595276,
      0.13364985585212708
    ],
    "rotationMatrix" : [
      -0.9263824820518494,
      -0.09519298374652863,
      -0.36435309052467346,
      -0.37336260080337524,
      0.10590509325265884,
      0.9216204285621643,
      -0.049145013093948364,
      0.9898090958595276,
      -0.13364985585212708
    ],
    "userAcceleration" : [
      0.026752136647701263,
      0.05888587236404419,
      -0.014875426888465881
    ],
    "timestamp" : 239635056004
  },
  {
    "gravity" : [
      0.04876839742064476,
      -0.9898819327354431,
      0.13324880599975586
    ],
    "rotationMatrix" : [
      -0.9253324270248413,
      -0.09499882161617279,
      -0.3670623302459717,
      -0.3760069012641907,
      0.10539857298135757,
      0.9206029772758484,
      -0.04876840114593506,
      0.9898819327354431,
      -0.13324877619743347
    ],
    "userAcceleration" : [
      0.017347872257232666,
      0.060164034366607666,
      -0.01038503646850586
    ],
    "timestamp" : 239635066022
  },
  {
    "gravity" : [
      0.04837104305624962,
      -0.9899609088897705,
      0.1328057497739792
    ],
    "rotationMatrix" : [
      -0.9242537021636963,
      -0.09477385878562927,
      -0.3698277771472931,
      -0.3787016272544861,
      0.10485750436782837,
      0.9195595383644104,
      -0.04837104678153992,
      0.9899608492851257,
      -0.13280576467514038
    ],
    "userAcceleration" : [
      0.012068960815668106,
      0.05888497829437256,
      -0.0012902021408081055
    ],
    "timestamp" : 239635076041
  },
  {
    "gravity" : [
      0.04802575707435608,
      -0.9900521039962769,
      0.13225100934505463
    ],
    "rotationMatrix" : [
      -0.9231522083282471,
      -0.09455572068691254,
      -0.3726246953010559,
      -0.3814229369163513,
      0.10419226437807083,
      0.9185099601745605,
      -0.04802575707435608,
      0.9900521039962769,
      -0.13225102424621582
    ],
    "userAcceleration" : [
      0.0032284632325172424,
      0.053406596183776855,
      0.010311856865882874
    ],
    "timestamp" : 239635086059
  },
  {
    "gravity" : [
      0.04783712327480316,
      -0.9901631474494934,
      0.1314859688282013
    ],
