[
  {
    "userAcceleration" : [
      -0.0480940006673336,
      0.028144121170043945,
      -0.0023937225341796875
    ],
    "timestamp" : 239644383104,
    "gravity" : [
      -0.0009172582649625838,
      -0.9123908877372742,
      -0.4093188941478729
    ],
    "rotationMatrix" : [
      -0.9772790670394897,
      0.08757458627223969,
      -0.193017840385437,
      -0.21195365488529205,
      -0.39984166622161865,
      0.8917410969734192,
      0.0009172484278678894,
      0.9123908877372742,
      0.4093189239501953
    ]
  },
  {
    "userAcceleration" : [
      -0.03249974176287651,
      0.025353610515594482,
      0.006562292575836182
    ],
    "timestamp" : 239644393122,
    "gravity" : [
      -0.0017715285066515207,
      -0.9116145372390747,
      -0.411042183637619
    ],
    "rotationMatrix" : [
      -0.9788684844970703,
      0.0856318324804306,
      -0.18569663166999817,
      -0.2044820636510849,
      -0.4020271599292755,
      0.8925026655197144,
      0.0017715319991111755,
      0.9116145372390747,
      0.411042183637619
    ]
  },
  {
    "userAcceleration" : [
      -0.026624642312526703,
      0.018584787845611572,
      0.0041783154010772705
    ],
    "timestamp" : 239644403141,
    "gravity" : [
      -0.002840101718902588,
      -0.9108271598815918,
      -0.4127780497074127
    ],
    "rotationMatrix" : [
      -0.9803974628448486,
      0.08385768532752991,
      -0.17829301953315735,
      -0.19700875878334045,
      -0.404180109500885,
      0.8932108879089355,
      0.002840094268321991,
      0.9108271598815918,
      0.4127780795097351
    ]
  },
  {
    "userAcceleration" : [
      -0.020146194845438004,
      0.024324119091033936,
      -0.025519251823425293
    ],
    "timestamp" : 239644413159,
    "gravity" : [
      -0.004008498042821884,
      -0.9100967645645142,
      -0.4143763482570648
    ],
    "rotationMatrix" : [
      -0.9819005131721497,
      0.08204744011163712,
      -0.17070272564888,
      -0.1893545389175415,
      -0.40619197487831116,
      0.8939534425735474,
      0.004008501768112183,
      0.9100967645645142,
      0.41437628865242004
    ]
  },
  {
    "userAcceleration" : [
      -0.018999792635440826,
      0.023689627647399902,
      -0.024141162633895874
    ],
    "timestamp" : 239644423178,
    "gravity" : [
      -0.005154898390173912,
      -0.9094622135162354,
      -0.41575437784194946
    ],
    "rotationMatrix" : [
      -0.9832867980003357,
      0.08027465641498566,
      -0.16340911388397217,
      -0.18198896944522858,
      -0.40796327590942383,
      0.8946762084960938,
      0.005154900252819061,
      0.9094622135162354,
      0.41575437784194946
    ]
  },
  {
    "userAcceleration" : [
      -0.017861798405647278,
      0.023112475872039795,
      -0.022896558046340942
    ],
    "timestamp" : 239644433196,
    "gravity" : [
      -0.0062928893603384495,
      -0.90888512134552,
      -0.4169989824295044
    ],
    "rotationMatrix" : [
      -0.9845482707023621,
      0.07860875874757767,
      -0.15647685527801514,
      -0.17499926686286926,
      -0.4095708429813385,
      0.8953361511230469,
      0.006292887032032013,
      0.90888512134552,
      0.4169990122318268
    ]
  },
  {
    "userAcceleration" : [
      -0.02282043918967247,
      0.019822776317596436,
      -0.01219034194946289
    ],
    "timestamp" : 239644443214,
    "gravity" : [
      -0.0073614721186459064,
      -0.9083115458488464,
      -0.41822952032089233
    ],
    "rotationMatrix" : [
      -0.9856864213943481,
      0.07703658193349838,
      -0.14995861053466797,
      -0.16842812299728394,
      -0.41113921999931335,
      0.895877480506897,
      0.007361471652984619,
      0.9083114862442017,
      0.41822949051856995
    ]
  },
  {
    "userAcceleration" : [
      -0.026970751583576202,
      0.0031759142875671387,
      0.0035742521286010742
    ],
    "timestamp" : 239644453233,
    "gravity" : [
      -0.008307584561407566,
      -0.9077321887016296,
      -0.4194677174091339
    ],
    "rotationMatrix" : [
      -0.986782431602478,
      0.07533140480518341,
      -0.14347463846206665,
      -0.1618356555700302,
      -0.41273126006126404,
      0.8963602781295776,
      0.008307591080665588,
      0.9077321290969849,
      0.4194677174091339
    ]
  },
  {
    "userAcceleration" : [
      -0.0337129570543766,
      -0.0033344030380249023,
      0.02517932653427124
    ],
    "timestamp" : 239644463251,
    "gravity" : [
      -0.009210038930177689,
      -0.9070811867713928,
      -0.4208548963069916
    ],
    "rotationMatrix" : [
      -0.9879051446914673,
      0.07340136170387268,
      -0.13658475875854492,
      -0.15478478372097015,
      -0.4145067036151886,
      0.8967862725257874,
      0.009210042655467987,
      0.9070811867713928,
      0.4208548963069916
    ]
  },
  {
    "userAcceleration" : [
      -0.03145910054445267,
      -0.009816229343414307,
      0.04274260997772217
    ],
    "timestamp" : 239644473270,
    "gravity" : [
      -0.010182163678109646,
      -0.906275749206543,
      -0.4225643575191498
    ],
    "rotationMatrix" : [
      -0.9890865683555603,
      0.07124470174312592,
      -0.12896569073200226,
      -0.14698395133018494,
      -0.4166395962238312,
      0.8971104621887207,
      0.010182168334722519,
      0.906275749206543,
      0.422564297914505
    ]
  },
  {
    "userAcceleration" : [
      -0.01742243766784668,
      -0.016079068183898926,
      0.049104511737823486
    ],
    "timestamp" : 239644483288,
    "gravity" : [
      -0.011386179365217686,
      -0.9052770733833313,
      -0.4246689975261688
    ],
    "rotationMatrix" : [
      -0.9902992844581604,
      0.06902621686458588,
      -0.12059304863214493,
      -0.1384834200143814,
      -0.419176310300827,
      0.8972812294960022,
      0.011386178433895111,
      0.9052770733833313,
      0.4246689975261688
    ]
  },
  {
    "userAcceleration" : [
      -0.003848847933113575,
      -0.012526333332061768,
      0.028812408447265625
    ],
    "timestamp" : 239644493306,
    "gravity" : [
      -0.012813761830329895,
      -0.904114842414856,
      -0.42709726095199585
    ],
    "rotationMatrix" : [
      -0.9914718270301819,
      0.06688694655895233,
      -0.11184573173522949,
      -0.12968862056732178,
      -0.42202162742614746,
      0.8972616195678711,
      0.012813761830329895,
      0.904114842414856,
      0.42709726095199585
    ]
  },
  {
    "userAcceleration" : [
      0.0004199603572487831,
      -0.0008320212364196777,
      -0.010101407766342163
    ],
    "timestamp" : 239644503325,
    "gravity" : [
      -0.014381763525307178,
      -0.9028849601745605,
      -0.4296415448188782
    ],
    "rotationMatrix" : [
      -0.9925105571746826,
      0.06502019613981247,
      -0.10341574996709824,
      -0.12130790203809738,
      -0.4249364137649536,
      0.8970581293106079,
      0.014381758868694305,
      0.9028849601745605,
      0.42964160442352295
    ]
  },
  {
    "userAcceleration" : [
      0.006993172690272331,
      -0.0003994107246398926,
      -0.04919752478599548
    ],
    "timestamp" : 239644513343,
    "gravity" : [
      -0.015919577330350876,
      -0.9017458558082581,
      -0.43197304010391235
    ],
    "rotationMatrix" : [
      -0.9934466481208801,
      0.06316742300987244,
      -0.0952506884932518,
      -0.113178551197052,
      -0.42762553691864014,
      0.8968424201011658,
      0.015919581055641174,
      0.9017458558082581,
      0.43197304010391235
    ]
  },
  {
    "userAcceleration" : [
      -0.07169754803180695,
      -0.020341575145721436,
      -0.09269106388092041
    ],
    "timestamp" : 239644523362,
    "gravity" : [
      -0.017001809552311897,
      -0.9007246494293213,
      -0.4340575039386749
    ],
    "rotationMatrix" : [
      -0.9942113757133484,
      0.061290301382541656,
      -0.08824245631694794,
      -0.10608568042516708,
      -0.4300444722175598,
      0.8965529799461365,
      0.017001807689666748,
      0.9007247090339661,
      0.43405747413635254
    ]
  },
  {
    "userAcceleration" : [
      -0.07167195528745651,
      -0.021313250064849854,
      -0.09068155288696289
    ],
    "timestamp" : 239644533380,
    "gravity" : [
      -0.017027396708726883,
      -0.8997529745101929,
      -0.43606704473495483
    ],
    "rotationMatrix" : [
      -0.9947951436042786,
      0.0590653121471405,
      -0.08302721381187439,
      -0.10046042501926422,
      -0.43238353729248047,
      0.8960758447647095,
      0.017027396708726883,
      0.8997529745101929,
      0.43606704473495483
    ]
  },
  {
    "userAcceleration" : [
      -0.07299119234085083,
      -0.022373437881469727,
      -0.08845141530036926
    ],
    "timestamp" : 239644543398,
    "gravity" : [
      -0.015708157792687416,
      -0.898692786693573,
      -0.4382971525192261
    ],
    "rotationMatrix" : [
      -0.9951640963554382,
      0.05655995011329651,
      -0.08030587434768677,
      -0.09696038067340851,
      -0.4349159896373749,
      0.8952354192733765,
      0.015708155930042267,
      0.8986928462982178,
      0.4382971227169037
    ]
  },
  {
    "userAcceleration" : [
      -0.08758477121591568,
      -0.014793455600738525,
      -0.050481200218200684
    ],
    "timestamp" : 239644553417,
    "gravity" : [
      -0.013153763487935066,
      -0.8974685072898865,
      -0.44088223576545715
    ],
    "rotationMatrix" : [
      -0.9954234957695007,
      0.053489960730075836,
      -0.07918666303157806,
      -0.09465032070875168,
      -0.4378228485584259,
      0.8940649628639221,
      0.013153765350580215,
      0.8974685072898865,
      0.44088223576545715
    ]
  },
  {
    "userAcceleration" : [
      -0.07220067083835602,
      -0.0044272541999816895,
      -0.0015180706977844238
    ],
    "timestamp" : 239644563435,
    "gravity" : [
      -0.010166285559535027,
      -0.8961465358734131,
      -0.4436418116092682
    ],
    "rotationMatrix" : [
      -0.9957331418991089,
      0.04976771026849747,
      -0.07771190255880356,
      -0.09172029048204422,
      -0.4409589469432831,
      0.892828643321991,
      0.010166287422180176,
      0.8961465954780579,
      0.4436418116092682
    ]
  },
  {
    "userAcceleration" : [
      -0.0235966295003891,
      0.0127028226852417,
      0.06622546911239624
    ],
    "timestamp" : 239644573454,
    "gravity" : [
      -0.008050110191106796,
      -0.8948286175727844,
      -0.44633713364601135
    ],
    "rotationMatrix" : [
      -0.9961580038070679,
      0.04610039293766022,
      -0.07445666193962097,
      -0.0872022807598114,
      -0.44402286410331726,
      0.8917618989944458,
      0.008050110191106796,
      0.8948286771774292,
      0.44633713364601135
    ]
  },
  {
    "userAcceleration" : [
      0.04032668098807335,
      0.029028892517089844,
      0.11705461144447327
    ],
    "timestamp" : 239644583472,
    "gravity" : [
      -0.007886513136327267,
      -0.8936070799827576,
      -0.4487805962562561
    ],
    "rotationMatrix" : [
      -0.9968175888061523,
      0.042624957859516144,
      -0.06735709309577942,
      -0.0793200358748436,
      -0.4468209445476532,
      0.891099750995636,
      0.007886512205004692,
      0.8936070799827576,
      0.4487805664539337
    ]
  },
  {
    "userAcceleration" : [
      0.07847742736339569,
      0.03177475929260254,
      0.11949324607849121
    ],
    "timestamp" : 239644593490,
    "gravity" : [
      -0.00964504573494196,
      -0.89253830909729,
      -0.45086830854415894
    ],
    "rotationMatrix" : [
      -0.9975069761276245,
      0.04010750353336334,
      -0.05805794894695282,
      -0.06990214437246323,
      -0.4491841495037079,
      0.8907001614570618,
      0.009645046666264534,
      0.8925382494926453,
      0.45086827874183655
    ]
  },
  {
    "userAcceleration" : [
      0.06865719705820084,
      0.026008009910583496,
      0.06834617257118225
    ],
    "timestamp" : 239644603509,
    "gravity" : [
      -0.012306487187743187,
      -0.8915780186653137,
      -0.4526996910572052
    ],
    "rotationMatrix" : [
      -0.9981415271759033,
      0.03797341138124466,
      -0.047653332352638245,
      -0.05967722088098526,
      -0.45127174258232117,
      0.8903886675834656,
      0.012306487187743187,
      0.8915780186653137,
      0.4526996910572052
    ]
  },
  {
    "userAcceleration" : [
      0.032928381115198135,
      0.022970080375671387,
      0.0003344416618347168
    ],
    "timestamp" : 239644613527,
    "gravity" : [
      -0.01496878545731306,
      -0.8906458020210266,
      -0.45445117354393005
    ],
    "rotationMatrix" : [
      -0.9986048340797424,
      0.036333516240119934,
      -0.03831521421670914,
      -0.05063709616661072,
      -0.45324355363845825,
      0.8899471759796143,
      0.014968783594667912,
      0.8906458616256714,
      0.45445120334625244
    ]
  },
  {
    "userAcceleration" : [
      0.00018750131130218506,
      0.013634681701660156,
      -0.05325177311897278
    ],
    "timestamp" : 239644623546,
    "gravity" : [
      -0.016865365207195282,
      -0.8896111249923706,
      -0.45640692114830017
    ],
    "rotationMatrix" : [
      -0.9989217519760132,
      0.034732744097709656,
      -0.030787132680416107,
      -0.04324084520339966,
      -0.45539525151252747,
      0.8892382383346558,
      0.016865365207195282,
      0.8896111249923706,
      0.45640692114830017
    ]
  },
  {
    "userAcceleration" : [
      -0.05316281318664551,
      -0.016131043434143066,
      -0.06146115064620972
    ],
    "timestamp" : 239644633564,
    "gravity" : [
      -0.01771426387131214,
      -0.8884404897689819,
      -0.4586498737335205
    ],
    "rotationMatrix" : [
      -0.9991388916969299,
      0.03294339030981064,
      -0.025224536657333374,
      -0.03751998394727707,
      -0.45780816674232483,
      0.8882589936256409,
      0.017714262008666992,
      0.8884405493736267,
      0.4586499035358429
    ]
  },
  {
    "userAcceleration" : [
      -0.05325131490826607,
      -0.017410635948181152,
      -0.058987438678741455
    ],
    "timestamp" : 239644643582,
    "gravity" : [
      -0.01762576773762703,
      -0.8871608972549438,
      -0.4611235558986664
    ],
    "rotationMatrix" : [
      -0.9992982745170593,
      0.030877012759447098,
      -0.021207934245467186,
      -0.033052969723939896,
      -0.4604262709617615,
      0.8870824575424194,
      0.01762576587498188,
      0.8871608972549438,
      0.46112358570098877
    ]
  },
  {
    "userAcceleration" : [
      -0.04659588634967804,
      -0.024312317371368408,
      -0.03074014186859131
    ],
    "timestamp" : 239644653601,
    "gravity" : [
      -0.017216378822922707,
      -0.8857980966567993,
      -0.4637513756752014
    ],
    "rotationMatrix" : [
      -0.9994490146636963,
      0.02841218374669552,
      -0.017165591940283775,
      -0.028381438925862312,
      -0.46320033073425293,
      0.8857991099357605,
      0.017216378822922707,
      0.8857981562614441,
      0.46375131607055664
    ]
  },
  {
    "userAcceleration" : [
      -0.014914089813828468,
      -0.019533395767211914,
      -0.005282759666442871
    ],
    "timestamp" : 239644663619,
    "gravity" : [
      -0.01711411215364933,
      -0.8844583034515381,
      -0.46630531549453735
    ],
    "rotationMatrix" : [
      -0.9995781183242798,
      0.02608036994934082,
      -0.012781556695699692,
      -0.023466166108846664,
      -0.4658897817134857,
      0.8845314979553223,
      0.01711411401629448,
      0.8844583034515381,
      0.46630528569221497
    ]
  },
  {
    "userAcceleration" : [
      0.02240070328116417,
      -0.01240229606628418,
      -0.008503973484039307
    ],
    "timestamp" : 239644673638,
    "gravity" : [
      -0.01763995736837387,
      -0.8833191990852356,
      -0.4684399664402008
    ],
    "rotationMatrix" : [
      -0.9996808171272278,
      0.02405914105474949,
      -0.007722601760178804,
      -0.018091784790158272,
      -0.46815425157546997,
      0.883461594581604,
      0.01763995923101902,
      0.8833192586898804,
      0.4684399366378784
    ]
  },
  {
    "userAcceleration" : [
      0.03236711770296097,
      0.000390470027923584,
      -0.016482114791870117
    ],
    "timestamp" : 239644683656,
    "gravity" : [
      -0.01867997832596302,
      -0.8824857473373413,
      -0.4699680209159851
    ],
    "rotationMatrix" : [
      -0.9997472167015076,
      0.022362735122442245,
      -0.002254486083984375,
      -0.01249932125210762,
      -0.4698070287704468,
      0.8826805353164673,
      0.01867997832596302,
      0.8824857473373413,
      0.4699680209159851
    ]
  },
  {
    "userAcceleration" : [
      0.017334524542093277,
      -0.0002060532569885254,
      -0.023615747690200806
    ],
    "timestamp" : 239644693674,
    "gravity" : [
      -0.019775928929448128,
      -0.8819044828414917,
      -0.47101306915283203
    ],
    "rotationMatrix" : [
      -0.9997836947441101,
      0.020469263195991516,
      0.0036511048674583435,
      -0.006421362981200218,
      -0.4709833264350891,
      0.8821185827255249,
      0.019775928929448128,
      0.8819044828414917,
      0.47101306915283203
    ]
  },
  {
    "userAcceleration" : [
      -0.0049896240234375,
      -0.01173102855682373,
      -0.023246347904205322
    ],
    "timestamp" : 239644703693,
    "gravity" : [
      -0.02037048153579235,
      -0.881350576877594,
      -0.4720233380794525
    ],
    "rotationMatrix" : [
      -0.9997919797897339,
      0.018313061445951462,
      0.008952989242970943,
      -0.0007534688338637352,
      -0.4721074104309082,
      0.8815405368804932,
      0.0203704833984375,
      0.8813506364822388,
      0.4720233678817749
    ]
  },
  {
    "userAcceleration" : [
      -0.01608075201511383,
      -0.022358953952789307,
      -0.007982611656188965
    ],
    "timestamp" : 239644713711,
    "gravity" : [
      -0.020250434055924416,
      -0.8805646300315857,
      -0.47349315881729126
    ],
    "rotationMatrix" : [
      -0.9997856020927429,
      0.015816323459148407,
      0.013345075771212578,
      0.004262284841388464,
      -0.47366172075271606,
      0.8806962966918945,
      0.020250434055924416,
      0.8805645704269409,
      0.4734930992126465
    ]
  },
  {
    "userAcceleration" : [
      -0.01597066968679428,
      -0.023888468742370605,
      0.010653793811798096
    ],
    "timestamp" : 239644723730,
    "gravity" : [
      -0.019414473325014114,
      -0.8793707489967346,
      -0.47574159502983093
    ],
    "rotationMatrix" : [
      -0.9997739791870117,
      0.012965121306478977,
      0.016834646463394165,
      0.008635849691927433,
      -0.47596076130867004,
      0.8794239163398743,
      0.019414473325014114,
      0.8793707489967346,
      0.47574159502983093
    ]
  },
  {
    "userAcceleration" : [
      -0.013215446844696999,
      -0.021250426769256592,
      0.040149420499801636
    ],
    "timestamp" : 239644733748,
    "gravity" : [
      -0.018446533009409904,
      -0.8777667880058289,
      -0.4787326753139496
    ],
    "rotationMatrix" : [
      -0.9997444748878479,
      0.00994972325861454,
      0.02027914859354496,
      0.01303710974752903,
      -0.47898420691490173,
      0.8777263760566711,
      0.018446533009409904,
      0.8777667880058289,
      0.4787326753139496
    ]
  },
  {
    "userAcceleration" : [
      0.013256041333079338,
      -0.014782726764678955,
      0.05661940574645996
    ],
    "timestamp" : 239644743766,
    "gravity" : [
      -0.017772633582353592,
      -0.8758880496025085,
      -0.4821869730949402
    ],
    "rotationMatrix" : [
      -0.999681830406189,
      0.006934042554348707,
      0.02425103634595871,
      0.01789768785238266,
      -0.4824645221233368,
      0.8757326006889343,
      0.017772633582353592,
      0.8758880496025085,
      0.4821869432926178
    ]
  },
  {
    "userAcceleration" : [
      0.028090668842196465,
      -0.018635571002960205,
      0.03307563066482544
    ],
    "timestamp" : 239644753785,
    "gravity" : [
      -0.01728743687272072,
      -0.873820424079895,
      -0.48594117164611816
    ],
    "rotationMatrix" : [
      -0.9995952844619751,
      0.0041314782574772835,
      0.028131548315286636,
      0.02257426828145981,
      -0.48623067140579224,
      0.873538613319397,
      0.01728743687272072,
      0.873820424079895,
      0.48594123125076294
    ]
  },
  {
    "userAcceleration" : [
      7.45914876461029e-05,
      -0.013375639915466309,
      0.011042743921279907
    ],
    "timestamp" : 239644763803,
    "gravity" : [
      -0.01661509834229946,
      -0.8716493248939514,
      -0.48984819650650024
    ],
    "rotationMatrix" : [
      -0.9994844794273376,
      0.001024419441819191,
      0.03207852318882942,
      0.027459416538476944,
      -0.4901284873485565,
      0.8712172508239746,
      0.01661510020494461,
      0.8716492652893066,
      0.48984822630882263
    ]
  },
  {
    "userAcceleration" : [
      -0.022676408290863037,
      -0.006594955921173096,
      -0.010361701250076294
    ],
    "timestamp" : 239644773822,
    "gravity" : [
      -0.015333237126469612,
      -0.8694120645523071,
      -0.49384963512420654
    ],
    "rotationMatrix" : [
      -0.9993810057640076,
      -0.0023106811568140984,
      0.035097092390060425,
      0.0316549688577652,
      -0.49408194422721863,
      0.8688386678695679,
      0.015333237126469612,
      0.8694120645523071,
      0.49384960532188416
    ]
  },
  {
    "userAcceleration" : [
      -0.03355967998504639,
      -0.019093990325927734,
      -0.032969921827316284
    ],
    "timestamp" : 239644783840,
    "gravity" : [
      -0.013071158900856972,
      -0.8670753240585327,
      -0.49800533056259155
    ],
    "rotationMatrix" : [
      -0.9993117451667786,
      -0.005959981121122837,
      0.03660587966442108,
      0.034708164632320404,
      -0.4981408715248108,
      0.8664008975028992,
      0.013071159832179546,
      0.8670753836631775,
      0.4980052709579468
    ]
  },
  {
    "userAcceleration" : [
      -0.049063149839639664,
      -0.021117687225341797,
      -0.03455400466918945
    ],
    "timestamp" : 239644793858,
    "gravity" : [
      -0.009713683277368546,
      -0.8646854758262634,
      -0.5022196173667908
    ],
    "rotationMatrix" : [
      -0.9992579221725464,
      -0.010324186645448208,
      0.037102602422237396,
      0.037267088890075684,
      -0.5022072196006775,
      0.8639437556266785,
      0.009713685140013695,
      0.8646854758262634,
      0.5022196173667908
    ]
  },
  {
    "userAcceleration" : [
      -0.05855955928564072,
      -0.017056584358215332,
      -0.015897393226623535
    ],
    "timestamp" : 239644803877,
    "gravity" : [
      -0.005618911236524582,
      -0.8625515699386597,
      -0.5059378147125244
    ],
    "rotationMatrix" : [
      -0.9991872310638428,
      -0.015348870307207108,
      0.03726454824209213,
      0.03990817070007324,
      -0.5057358741760254,
      0.8617644906044006,
      0.005618909373879433,
      0.8625515103340149,
      0.5059378147125244
    ]
  },
  {
    "userAcceleration" : [
      -0.049818672239780426,
      -0.0038930177688598633,
      0.016947686672210693
    ],
    "timestamp" : 239644813895,
    "gravity" : [
      -0.0016034409636631608,
      -0.8608834743499756,
      -0.5087993741035461
    ],
    "rotationMatrix" : [
      -0.9990349411964417,
      -0.02094879373908043,
      0.03859354555606842,
      0.04388328269124031,
      -0.508370041847229,
      0.8600195050239563,
      0.0016034413129091263,
      0.8608835339546204,
      0.5087993741035461
    ]
  },
  {
    "userAcceleration" : [
      -0.011877468787133694,
      0.019920170307159424,
      0.06268864870071411
    ],
    "timestamp" : 239644823914,
    "gravity" : [
      0.0015625279629603028,
      -0.8596113324165344,
      -0.5109460353851318
    ],
    "rotationMatrix" : [
      -0.9987812042236328,
      -0.026546843349933624,
      0.0416078120470047,
      0.04933055490255356,
      -0.5102581977844238,
      0.8586052060127258,
      -0.001562526449561119,
      0.8596113324165344,
      0.5109460353851318
    ]
  },
  {
    "userAcceleration" : [
      0.03450322151184082,
      0.03625446557998657,
      0.09748917818069458
    ],
    "timestamp" : 239644833932,
    "gravity" : [
      0.0036742829252034426,
      -0.8584437966346741,
      -0.5128943920135498
    ],
    "rotationMatrix" : [
      -0.9984384179115295,
      -0.031738441437482834,
      0.04596877843141556,
      0.05574008449912071,
      -0.5119244456291199,
      0.8572199940681458,
      -0.0036742817610502243,
      0.8584437966346741,
      0.5128943920135498
    ]
  },
  {
    "userAcceleration" : [
      0.04471932351589203,
      0.04846709966659546,
      0.11003327369689941
    ],
    "timestamp" : 239644843950,
    "gravity" : [
      0.005115892272442579,
      -0.857045590877533,
      -0.5152150988578796
    ],
    "rotationMatrix" : [
      -0.9980384111404419,
      -0.036521557718515396,
      0.050842441618442535,
      0.06239074841141701,
      -0.513944149017334,
      0.8555514812469482,
      -0.005115890875458717,
      0.8570455312728882,
      0.5152150392532349
    ]
  },
  {
    "userAcceleration" : [
      0.031298477202653885,
      0.04982858896255493,
      0.107602059841156
    ],
    "timestamp" : 239644853969,
    "gravity" : [
      0.006512806285172701,
      -0.8551416397094727,
      -0.5183532238006592
    ],
    "rotationMatrix" : [
      -0.9976334571838379,
      -0.04103466868400574,
      0.055161360651254654,
      0.0684412345290184,
      -0.5167670249938965,
      0.8533855676651001,
      -0.006512805819511414,
      0.8551416397094727,
      0.5183532238006592
    ]
  },
  {
    "userAcceleration" : [
      0.009781524538993835,
      0.03946715593338013,
      0.10008716583251953
    ],
    "timestamp" : 239644863987,
    "gravity" : [
      0.008208591490983963,
      -0.8525927662849426,
      -0.5225114226341248
    ],
    "rotationMatrix" : [
      -0.9972301721572876,
      -0.04560679942369461,
      0.05875120311975479,
      0.07392092794179916,
      -0.520581841468811,
      0.8506057262420654,
      -0.008208593353629112,
      0.8525927066802979,
      0.5225114226341248
    ]
  },
  {
    "userAcceleration" : [
      -6.555858999490738e-05,
      0.028079211711883545,
      0.09134060144424438
    ],
    "timestamp" : 239644874006,
    "gravity" : [
      0.010121108032763004,
      -0.8495055437088013,
      -0.5274825096130371
    ],
    "rotationMatrix" : [
      -0.9968128204345703,
      -0.050314728170633316,
      0.06190498173236847,
      0.07912877202033997,
      -0.5251746773719788,
      0.8473074436187744,
      -0.01012110710144043,
      0.8495055437088013,
      0.5274825096130371
    ]
  },
  {
    "userAcceleration" : [
      0.0160033218562603,
      0.00946187973022461,
      0.07335638999938965
    ],
    "timestamp" : 239644884024,
    "gravity" : [
      0.012027090415358543,
      -0.8461470007896423,
      -0.5328137278556824
    ],
    "rotationMatrix" : [
      -0.996368408203125,
      -0.05505871772766113,
      0.06494645774364471,
      0.08429029583930969,
      -0.5300975441932678,
      0.8437365889549255,
      -0.012027092278003693,
      0.8461470007896423,
      0.5328137278556824
    ]
  },
  {
    "userAcceleration" : [
      0.031212853267788887,
      0.0004228949546813965,
      0.04376333951950073
    ],
    "timestamp" : 239644894042,
    "gravity" : [
      0.014059987850487232,
      -0.8427233099937439,
      -0.5381633043289185
    ],
    "rotationMatrix" : [
      -0.9958717823028564,
      -0.06007065623998642,
      0.06804811954498291,
      0.08967355638742447,
      -0.5349847674369812,
      0.8400890827178955,
      -0.014059990644454956,
      0.8427232503890991,
      0.5381632447242737
    ]
  },
  {
    "userAcceleration" : [
      0.02378481812775135,
      0.0023844242095947266,
      0.018703222274780273
    ],
    "timestamp" : 239644904061,
    "gravity" : [
      0.016300035640597343,
      -0.8393900394439697,
      -0.5432850122451782
    ],
    "rotationMatrix" : [
      -0.9953815937042236,
      -0.06503181159496307,
      0.07061175256967545,
      0.09460161626338959,
      -0.539624810218811,
      0.8365735411643982,
      -0.016300035640597343,
      0.839389979839325,
      0.5432850122451782
    ]
  },
  {
    "userAcceleration" : [
      0.02096226066350937,
      0.019792556762695312,
      -0.010120630264282227
    ],
    "timestamp" : 239644914079,
    "gravity" : [
      0.018649568781256676,
      -0.8362903594970703,
      -0.5479695200920105
    ],
    "rotationMatrix" : [
      -0.9949063062667847,
      -0.06982491910457611,
      0.07270355522632599,
      0.0990632176399231,
      -0.5438224673271179,
      0.8333328366279602,
      -0.018649566918611526,
      0.8362904191017151,
      0.5479695200920105
    ]
  },
  {
    "userAcceleration" : [
      0.018740540370345116,
      0.017023801803588867,
      -0.005997657775878906
    ],
    "timestamp" : 239644924098,
    "gravity" : [
      0.020871281623840332,
      -0.8335215449333191,
      -0.552092432975769
    ],
    "rotationMatrix" : [
      -0.9944323301315308,
      -0.07435514777898788,
      0.07466422021389008,
      0.10328515619039536,
      -0.5474600791931152,
      0.8304330110549927,
      -0.02087128348648548,
      0.8335214853286743,
      0.552092432975769
    ]
  },
  {
    "userAcceleration" : [
      0.02115972340106964,
      0.018841028213500977,
      0.009466052055358887
    ],
    "timestamp" : 239644934116,
    "gravity" : [
      0.022571979090571404,
      -0.8311578631401062,
      -0.5555779933929443
    ],
    "rotationMatrix" : [
      -0.9939291477203369,
      -0.07851041108369827,
      0.07707218825817108,
      0.10767782479524612,
      -0.5504653453826904,
      0.8278845548629761,
      -0.022571979090571404,
      0.831157922744751,
      0.5555779933929443
    ]
  },
  {
    "userAcceleration" : [
      0.04015335813164711,
      0.015047132968902588,
      0.030829787254333496
    ],
    "timestamp" : 239644944134,
    "gravity" : [
      0.023384256288409233,
      -0.8292713761329651,
      -0.558356523513794
    ],
    "rotationMatrix" : [
      -0.9933325052261353,
      -0.08233868330717087,
      0.08068818598985672,
      0.11288674920797348,
      -0.5527468323707581,
      0.8256677985191345,
      -0.023384258151054382,
      0.8292713761329651,
      0.558356523513794
    ]
  },
  {
    "userAcceleration" : [
      0.06966909766197205,
      0.024964511394500732,
      0.03437131643295288
    ],
    "timestamp" : 239644954153,
    "gravity" : [
      0.023302722722291946,
      -0.8278819918632507,
      -0.5604180097579956
    ],
    "rotationMatrix" : [
      -0.992706298828125,
      -0.08548474311828613,
      0.08500534296035767,
      0.11828157305717468,
      -0.5543495416641235,
      0.8238359093666077,
      -0.023302722722291946,
      0.8278819918632507,
      0.5604180097579956
    ]
  },
  {
    "userAcceleration" : [
      0.07529979944229126,
      0.02463287115097046,
      0.03643357753753662
    ],
    "timestamp" : 239644964171,
    "gravity" : [
      0.022692164406180382,
      -0.8266653418540955,
      -0.5622361302375793
    ],
    "rotationMatrix" : [
      -0.9920421838760376,
      -0.08828439563512802,
      0.08976666629314423,
      0.12384367734193802,
      -0.5557249188423157,
      0.8220902681350708,
      -0.022692162543535233,
      0.8266652822494507,
      0.5622361302375793
    ]
  },
  {
    "userAcceleration" : [
      0.05618442967534065,
      0.005761265754699707,
      0.04421818256378174
    ],
    "timestamp" : 239644974190,
    "gravity" : [
      0.021986357867717743,
      -0.8251734972000122,
      -0.564451277256012
    ],
    "rotationMatrix" : [
      -0.9912041425704956,
      -0.09168924391269684,
      0.09543175250291824,
      0.1305018663406372,
      -0.557388186454773,
      0.8199313879013062,
      -0.021986357867717743,
      0.8251734972000122,
      0.5644512176513672
    ]
  },
  {
    "userAcceleration" : [
      0.03048033080995083,
      -0.026426315307617188,
      0.04204744100570679
    ],
    "timestamp" : 239644984208,
    "gravity" : [
      0.021658966317772865,
      -0.8233205080032349,
      -0.5671634078025818
    ],
    "rotationMatrix" : [
      -0.9905169010162354,
      -0.0946565717458725,
      0.0995817482471466,
      0.1356734335422516,
      -0.5596281290054321,
      0.8175629377365112,
      -0.021658964455127716,
      0.8233205080032349,
      0.5671634078025818
    ]
  },
  {
    "userAcceleration" : [
      0.0035018380731344223,
      -0.045216381549835205,
      0.026049017906188965
    ],
    "timestamp" : 239644994226,
    "gravity" : [
      0.021797239780426025,
      -0.8213912844657898,
      -0.5699484348297119
    ],
    "rotationMatrix" : [
      -0.9898242950439453,
      -0.09791174530982971,
      0.10325217247009277,
      0.1406150758266449,
      -0.5618981719017029,
      0.8151673078536987,
      -0.021797239780426025,
      0.821391224861145,
      0.5699484348297119
    ]
  },
  {
    "userAcceleration" : [
      -0.014072280377149582,
      -0.04480177164077759,
      0.011561989784240723
    ],
    "timestamp" : 239645004245,
    "gravity" : [
      0.022113684564828873,
      -0.8196238875389099,
      -0.572475016117096
    ],
    "rotationMatrix" : [
      -0.9890857934951782,
      -0.10136950016021729,
      0.10692611336708069,
      0.14567069709300995,
      -0.5638623237609863,
      0.812920093536377,
      -0.022113684564828873,
      0.8196238279342651,
      0.572475016117096
    ]
  },
  {
    "userAcceleration" : [
      0.043795377016067505,
      -0.007840633392333984,
      0.017483413219451904
    ],
    "timestamp" : 239645014263,
    "gravity" : [
      0.02201579324901104,
      -0.8181938529014587,
      -0.5745206475257874
    ],
    "rotationMatrix" : [
      -0.9882376194000244,
      -0.10479500144720078,
      0.11137250065803528,
      0.15133120119571686,
      -0.5653108954429626,
      0.8108773231506348,
      -0.02201579511165619,
      0.818193793296814,
      0.5745206475257874
    ]
  },
  {
    "userAcceleration" : [
      0.04461589828133583,
      -0.008848726749420166,
      0.018947064876556396
    ],
    "timestamp" : 239645024282,
    "gravity" : [
      0.021195266395807266,
      -0.8171858191490173,
      -0.5759843587875366
    ],
    "rotationMatrix" : [
      -0.9872736930847168,
      -0.10792891681194305,
      0.11679565906524658,
      0.15760912001132965,
      -0.5661785006523132,
      0.8090739846229553,
      -0.021195266395807266,
      0.8171858191490173,
      0.5759842991828918
    ]
  },
  {
    "userAcceleration" : [
      0.04613010585308075,
      -0.009492754936218262,
      0.019913434982299805
    ],
    "timestamp" : 239645034300,
    "gravity" : [
      0.01968107372522354,
      -0.8165417909622192,
      -0.57695072889328
    ],
    "rotationMatrix" : [
      -0.9862375259399414,
      -0.11060307919979095,
      0.12289060652256012,
      0.16415785253047943,
      -0.5665917992591858,
      0.807481050491333,
      -0.01968107745051384,
      0.8165417909622192,
      0.57695072889328
    ]
  },
  {
    "userAcceleration" : [
      0.0470050647854805,
      -0.011584758758544922,
      0.021587610244750977
    ],
    "timestamp" : 239645044318,
    "gravity" : [
      0.017783766612410545,
      -0.8159298896789551,
      -0.5778771638870239
    ],
    "rotationMatrix" : [
      -0.9851865768432617,
      -0.11289350688457489,
      0.1290808469057083,
      0.17055951058864594,
      -0.5670211911201477,
      0.8058511018753052,
      -0.017783764749765396,
      0.8159298896789551,
      0.5778771638870239
    ]
  },
  {
    "userAcceleration" : [
      0.04098227620124817,
      -0.024341583251953125,
      0.02128922939300537
    ],
    "timestamp" : 239645054337,
    "gravity" : [
      0.016116151586174965,
      -0.8149528503417969,
      -0.5793030261993408
    ],
    "rotationMatrix" : [
      -0.9841706156730652,
      -0.11519595980644226,
      0.1346760392189026,
      0.1764880120754242,
      -0.5679624676704407,
      0.8039093613624573,
      -0.016116149723529816,
      0.8149529099464417,
      0.5793030261993408
    ]
  },
  {
    "userAcceleration" : [
      0.0168624110519886,
      -0.034194111824035645,
      0.018671810626983643
    ],
    "timestamp" : 239645064355,
    "gravity" : [
      0.015211601741611958,
      -0.8135079145431519,
      -0.5813547968864441
    ],
    "rotationMatrix" : [
      -0.9832280874252319,
      -0.11785164475440979,
      0.13918659090995789,
      0.18174302577972412,
      -0.5694870352745056,
      0.8016567826271057,
      -0.015211604535579681,
      0.8135078549385071,
      0.5813547968864441
    ]
  },
  {
    "userAcceleration" : [
      -0.014664613641798496,
      -0.043820738792419434,
      -0.0008097290992736816
    ],
    "timestamp" : 239645074374,
    "gravity" : [
      0.015564908273518085,
      -0.8117700219154358,
      -0.5837696194648743
    ],
    "rotationMatrix" : [
      -0.9824531078338623,
      -0.12094013392925262,
      0.1419803500175476,
      0.18585659563541412,
      -0.5713161826133728,
      0.7994087934494019,
      -0.01556491106748581,
      0.8117700815200806,
      0.5837696194648743
    ]
  },
  {
    "userAcceleration" : [
      -0.028883203864097595,
      -0.04700517654418945,
      -0.023929953575134277
    ],
    "timestamp" : 239645084392,
    "gravity" : [
      0.01717972941696644,
      -0.8099894523620605,
      -0.5861926674842834
    ],
    "rotationMatrix" : [
      -0.9818211793899536,
      -0.12450636923313141,
      0.14326590299606323,
      0.18902860581874847,
      -0.5730751156806946,
      0.7974039316177368,
      -0.01717972755432129,
      0.8099894523620605,
      0.5861926674842834
    ]
  },
  {
    "userAcceleration" : [
      -0.03825581073760986,
      -0.032130420207977295,
      -0.012856662273406982
    ],
    "timestamp" : 239645094410,
    "gravity" : [
      0.019426483660936356,
      -0.8083694577217102,
      -0.5883548259735107
    ],
    "rotationMatrix" : [
      -0.9812416434288025,
      -0.1283038854598999,
      0.1438840627670288,
      0.19179970026016235,
      -0.5745230317115784,
      0.795698344707489,
      -0.019426483660936356,
      0.8083694577217102,
      0.5883548259735107
    ]
  },
  {
    "userAcceleration" : [
      -0.017438450828194618,
      -0.022768676280975342,
      0.01351851224899292
    ],
    "timestamp" : 239645104429,
    "gravity" : [
      0.02151256613433361,
      -0.8070194721221924,
      -0.5901327133178711
    ],
    "rotationMatrix" : [
      -0.9805644750595093,
      -0.13216844201087952,
      0.14499801397323608,
      0.195013165473938,
      -0.5755437612533569,
      0.7941780686378479,
      -0.02151256799697876,
      0.8070195317268372,
      0.5901327133178711
    ]
  },
  {
    "userAcceleration" : [
      0.027734097093343735,
      -0.014056563377380371,
      0.04628664255142212
    ],
    "timestamp" : 239645114447,
    "gravity" : [
      0.022742006927728653,
      -0.8059965372085571,
      -0.5914831161499023
    ],
    "rotationMatrix" : [
      -0.9797264337539673,
      -0.13575926423072815,
      0.1473255455493927,
      0.1990431845188141,
      -0.5761409997940063,
      0.7927438020706177,
      -0.022742006927728653,
      0.8059965372085571,
      0.5914831161499023
    ]
  },
  {
    "userAcceleration" : [
      0.06843384355306625,
      -0.0021236538887023926,
      0.06284761428833008
    ],
    "timestamp" : 239645124466,
    "gravity" : [
