[
  {
    "rotationMatrix" : [
      0.999505341053009,
      0.031189419329166412,
      -0.004035180434584618,
      -0.012670204043388367,
      0.2819150388240814,
      -0.9593556523323059,
      -0.028784172609448433,
      0.9589322209358215,
      0.28217074275016785
    ],
    "gravity" : [
      0.028784172609448433,
      -0.9589322805404663,
      -0.28217068314552307
    ],
    "timestamp" : 239614305525,
    "userAcceleration" : [
      -0.024847399443387985,
      -0.060171544551849365,
      -0.025233089923858643
    ]
  },
  {
    "rotationMatrix" : [
      0.9995081424713135,
      0.031337227672338486,
      0.0012286705896258354,
      -0.007495395839214325,
      0.27674296498298645,
      -0.960914671421051,
      -0.030452430248260498,
      0.9604328274726868,
      0.2768417000770569
    ],
    "gravity" : [
      0.030452430248260498,
      -0.9604328870773315,
      -0.2768417000770569
    ],
    "timestamp" : 239614315543,
    "userAcceleration" : [
      -0.021556569263339043,
      -0.061295509338378906,
      -0.008680939674377441
    ]
  },
  {
    "rotationMatrix" : [
      0.9994823336601257,
      0.031118541955947876,
      0.008164896629750729,
      -0.0004351930692791939,
      0.2668442726135254,
      -0.9637395143508911,
      -0.0321689248085022,
      0.9632370471954346,
      0.26671966910362244
    ],
    "gravity" : [
      0.0321689248085022,
      -0.9632371068000793,
      -0.26671963930130005
    ],
    "timestamp" : 239614333075,
    "userAcceleration" : [
      -0.028583120554685593,
      -0.0743299126625061,
      0.019115030765533447
    ]
  },
  {
    "rotationMatrix" : [
      0.9994580745697021,
      0.031053226441144943,
      0.010917900130152702,
      0.002430114895105362,
      0.2611691653728485,
      -0.9652898907661438,
      -0.03282678872346878,
      0.9647933840751648,
      0.2609521746635437
    ],
    "gravity" : [
      0.03282678872346878,
      -0.96479332447052,
      -0.2609521746635437
    ],
    "timestamp" : 239614343094,
    "userAcceleration" : [
      -0.02924097329378128,
      -0.07277363538742065,
      0.013347625732421875
    ]
  },
  {
    "rotationMatrix" : [
      0.9994330406188965,
      0.030964359641075134,
      0.013219408690929413,
      0.004858221858739853,
      0.25589531660079956,
      -0.9666922092437744,
      -0.03331579267978668,
      0.9662083387374878,
      0.25559982657432556
    ],
    "gravity" : [
      0.03331579267978668,
      -0.9662083387374878,
      -0.25559985637664795
    ],
    "timestamp" : 239614353112,
    "userAcceleration" : [
      -0.02898230403661728,
      -0.06565183401107788,
      0.022048592567443848
    ]
  },
  {
    "rotationMatrix" : [
      0.9994028806686401,
      0.031189579516649246,
      0.014867802150547504,
      0.00655870046466589,
      0.2512323558330536,
      -0.9679044485092163,
      -0.033923812210559845,
      0.9674240350723267,
      0.2508777976036072
    ],
    "gravity" : [
      0.033923808485269547,
      -0.9674240946769714,
      -0.2508777678012848
    ],
    "timestamp" : 239614363130,
    "userAcceleration" : [
      -0.02463119849562645,
      -0.061643779277801514,
      0.025169551372528076
    ]
  },
  {
    "rotationMatrix" : [
      0.9993563890457153,
      0.031869590282440186,
      0.0164655614644289,
      0.008076968602836132,
      0.2473125159740448,
      -0.9689019918441772,
      -0.03495065122842789,
      0.9684114456176758,
      0.2468959391117096
    ],
    "gravity" : [
      0.034950654953718185,
      -0.9684114456176758,
      -0.2468959391117096
    ],
    "timestamp" : 239614373148,
    "userAcceleration" : [
      -0.026573583483695984,
      -0.06158715486526489,
      0.008202433586120605
    ]
  },
  {
    "rotationMatrix" : [
      0.9992775321006775,
      0.0329856351017952,
      0.018878046423196793,
      0.010258776135742664,
      0.24417442083358765,
      -0.9696769714355469,
      -0.036594945937395096,
      0.969170093536377,
      0.2436596155166626
    ],
    "gravity" : [
      0.036594945937395096,
      -0.969170093536377,
      -0.24365957081317902
    ],
    "timestamp" : 239614383167,
    "userAcceleration" : [
      -0.0355878584086895,
      -0.04595118761062622,
      -0.021935105323791504
    ]
  },
  {
    "rotationMatrix" : [
      0.9991306066513062,
      0.03428171947598457,
      0.023724406957626343,
      0.01474505290389061,
      0.24170547723770142,
      -0.9702376127243042,
      -0.038995735347270966,
      0.9697438478469849,
      0.24098984897136688
    ],
    "gravity" : [
      0.03899573162198067,
      -0.9697439074516296,
      -0.2409898340702057
    ],
    "timestamp" : 239614393185,
    "userAcceleration" : [
      -0.046152107417583466,
      -0.02622765302658081,
      -0.062294065952301025
    ]
  },
  {
    "rotationMatrix" : [
      0.9989182949066162,
      0.0360277034342289,
      0.029397031292319298,
      0.01992928609251976,
      0.23947913944721222,
      -0.9706968069076538,
      -0.04201195389032364,
      0.9702327251434326,
      0.23850210011005402
    ],
    "gravity" : [
      0.04201195389032364,
      -0.9702327251434326,
      -0.23850210011005402
    ],
    "timestamp" : 239614403203,
    "userAcceleration" : [
      -0.050663676112890244,
      -0.007397711277008057,
      -0.095009446144104
    ]
  },
  {
    "rotationMatrix" : [
      0.9986413717269897,
      0.03783419728279114,
      0.03583333268761635,
      0.02587047964334488,
      0.23695828020572662,
      -0.9711750745773315,
      -0.04523463919758797,
      0.9707826375961304,
      0.23565754294395447
    ],
    "gravity" : [
      0.04523463919758797,
      -0.9707826972007751,
      -0.23565754294395447
    ],
    "timestamp" : 239614413222,
    "userAcceleration" : [
      -0.04262538626790047,
      0.017444312572479248,
      -0.09782347083091736
    ]
  },
  {
    "rotationMatrix" : [
      0.9983342885971069,
      0.03943479806184769,
      0.04211319983005524,
      0.0317656472325325,
      0.2336299866437912,
      -0.9718064069747925,
      -0.04816190153360367,
      0.9715254306793213,
      0.23198816180229187
    ],
    "gravity" : [
      0.04816189780831337,
      -0.9715254306793213,
      -0.23198817670345306
    ],
    "timestamp" : 239614423240,
    "userAcceleration" : [
      0.0008340850472450256,
      0.053007543087005615,
      -0.053839683532714844
    ]
  },
  {
    "rotationMatrix" : [
      0.998048722743988,
      0.040577538311481476,
      0.04745691269636154,
      0.0369277223944664,
      0.22928288578987122,
      -0.9726590514183044,
      -0.050349168479442596,
      0.9725136160850525,
      0.2273370623588562
    ],
    "gravity" : [
      0.050349168479442596,
      -0.9725136160850525,
      -0.2273370623588562
    ],
    "timestamp" : 239614433258,
    "userAcceleration" : [
      0.017094686627388,
      0.06463104486465454,
      -0.0061836838722229
    ]
  },
  {
    "rotationMatrix" : [
      0.9978477358818054,
      0.04122151434421539,
      0.05099682882428169,
      0.04050491750240326,
      0.2241256982088089,
      -0.9737180471420288,
      -0.05156783387064934,
      0.973688006401062,
      0.22197364270687103
    ],
    "gravity" : [
      0.05156783387064934,
      -0.973688006401062,
      -0.22197365760803223
    ],
    "timestamp" : 239614443276,
    "userAcceleration" : [
      0.015876013785600662,
      0.06580543518066406,
      -0.011547088623046875
    ]
  },
  {
    "rotationMatrix" : [
      0.9977166056632996,
      0.04121692106127739,
      0.05350447818636894,
      0.043244268745183945,
      0.21866796910762787,
      -0.974840521812439,
      -0.0518796406686306,
      0.9749283790588379,
      0.21638627350330353
    ],
    "gravity" : [
      0.0518796369433403,
      -0.9749283194541931,
      -0.21638624370098114
    ],
    "timestamp" : 239614453295,
    "userAcceleration" : [
      0.021866094321012497,
      0.05740225315093994,
      0.021989047527313232
    ]
  },
  {
    "rotationMatrix" : [
      0.9976392984390259,
      0.04068891704082489,
      0.05531945452094078,
      0.04541035741567612,
      0.2134111374616623,
      -0.9759064316749573,
      -0.051514361053705215,
      0.9761146903038025,
      0.21105964481830597
    ],
    "gravity" : [
      0.051514364778995514,
      -0.9761146306991577,
      -0.21105964481830597
    ],
    "timestamp" : 239614463313,
    "userAcceleration" : [
      0.016509324312210083,
      0.053721070289611816,
      0.04032881557941437
    ]
  },
  {
    "rotationMatrix" : [
      0.9976000785827637,
      0.03966851532459259,
      0.056749336421489716,
      0.047267019748687744,
      0.20874710381031036,
      -0.9768266677856445,
      -0.05059552192687988,
      0.9771647453308105,
      0.20637111365795135
    ],
    "gravity" : [
      0.05059552192687988,
      -0.9771646857261658,
      -0.20637115836143494
    ],
    "timestamp" : 239614473331,
    "userAcceleration" : [
      0.013308282941579819,
      0.0535961389541626,
      0.046016350388526917
    ]
  },
  {
    "rotationMatrix" : [
      0.9975922107696533,
      0.0381266251206398,
      0.05793236196041107,
      0.048940978944301605,
      0.20484024286270142,
      -0.9775710105895996,
      -0.04913835972547531,
      0.9780524969100952,
      0.20248107612133026
    ],
    "gravity" : [
      0.04913835600018501,
      -0.9780524969100952,
      -0.20248107612133026
    ],
    "timestamp" : 239614483349,
    "userAcceleration" : [
      0.012003622949123383,
      0.05024200677871704,
      0.04253818094730377
    ]
  },
  {
    "rotationMatrix" : [
      0.9975889921188354,
      0.035968273878097534,
      0.059350669384002686,
      0.05092719942331314,
      0.20155496895313263,
      -0.9781522750854492,
      -0.047144874930381775,
      0.9788165092468262,
      0.19923725724220276
    ],
    "gravity" : [
      0.047144874930381775,
      -0.9788165092468262,
      -0.19923727214336395
    ],
    "timestamp" : 239614493368,
    "userAcceleration" : [
      -0.08201119303703308,
      -0.002216637134552002,
      -0.030529797077178955
    ]
  },
  {
    "rotationMatrix" : [
      0.9975565075874329,
      0.033635396510362625,
      0.06123417988419533,
      0.05337158963084221,
      0.19869162142276764,
      -0.9786075949668884,
      -0.04508257284760475,
      0.9794846177101135,
      0.19641095399856567
    ],
    "gravity" : [
      0.04508256912231445,
      -0.9794846177101135,
      -0.1964109092950821
    ],
    "timestamp" : 239614503386,
    "userAcceleration" : [
      -0.07994889467954636,
      -0.0015485286712646484,
      -0.03335617482662201
    ]
  },
  {
    "rotationMatrix" : [
      0.9974751472473145,
      0.031676240265369415,
      0.0635603740811348,
      0.0561673641204834,
      0.19580018520355225,
      -0.9790339469909668,
      -0.04345724731683731,
      0.9801321029663086,
      0.19352664053440094
    ],
    "gravity" : [
      0.04345724731683731,
      -0.9801320433616638,
      -0.19352665543556213
    ],
    "timestamp" : 239614513404,
    "userAcceleration" : [
      -0.07832358032464981,
      -0.0009011030197143555,
      -0.03624039888381958
    ]
  },
  {
    "rotationMatrix" : [
      0.9973009824752808,
      0.03049635887145996,
      0.0667884349822998,
      0.05970381945371628,
      0.19260665774345398,
      -0.9794578552246094,
      -0.04273378849029541,
      0.9808018207550049,
      0.19026605784893036
    ],
    "gravity" : [
      0.04273379594087601,
      -0.9808018803596497,
      -0.19026607275009155
    ],
    "timestamp" : 239614523422,
    "userAcceleration" : [
      -0.1255737692117691,
      -0.03177112340927124,
      -0.06151941418647766
    ]
  },
  {
    "rotationMatrix" : [
      0.9970327615737915,
      0.030413908883929253,
      0.0707150399684906,
      0.06372904032468796,
      0.18913616240024567,
      -0.9798805117607117,
      -0.04317675903439522,
      0.9814795851707458,
      0.18663670122623444
    ],
    "gravity" : [
      0.043176762759685516,
      -0.9814795851707458,
      -0.18663668632507324
    ],
    "timestamp" : 239614533441,
    "userAcceleration" : [
      -0.15130051970481873,
      -0.037929415702819824,
      -0.06264638900756836
    ]
  },
  {
    "rotationMatrix" : [
      0.9966782927513123,
      0.031211063265800476,
      0.07522114366292953,
      0.06816782057285309,
      0.18564343452453613,
      -0.9802496433258057,
      -0.04455893486738205,
      0.9821212291717529,
      0.18289919197559357
    ],
    "gravity" : [
      0.04455893486738205,
      -0.9821212291717529,
      -0.18289917707443237
    ],
    "timestamp" : 239614543459,
    "userAcceleration" : [
      -0.14749471843242645,
      -0.029627859592437744,
      -0.03525596857070923
    ]
  },
  {
    "rotationMatrix" : [
      0.9961936473846436,
      0.03211021423339844,
      0.08103787153959274,
      0.073872409760952,
      0.1825076788663864,
      -0.9804251790046692,
      -0.04627168923616409,
      0.9826797842979431,
      0.1794409304857254
    ],
    "gravity" : [
      0.046271685510873795,
      -0.9826797246932983,
      -0.1794409453868866
    ],
    "timestamp" : 239614553477,
    "userAcceleration" : [
      -0.107932448387146,
      -0.010834991931915283,
      0.022580400109291077
    ]
  },
  {
    "rotationMatrix" : [
      0.9959146976470947,
      0.03325521573424339,
      0.08395218849182129,
      0.07666601240634918,
      0.17981544137001038,
      -0.980708122253418,
      -0.04770955815911293,
      0.9831379652023315,
      0.17653129994869232
    ],
    "gravity" : [
      0.04770955815911293,
      -0.9831379652023315,
      -0.1765313297510147
    ],
    "timestamp" : 239614563496,
    "userAcceleration" : [
      -0.04760275408625603,
      0.00877290964126587,
      0.07168795168399811
    ]
  },
  {
    "rotationMatrix" : [
      0.9957993030548096,
      0.03396991267800331,
      0.08502818644046783,
      0.07770383358001709,
      0.17769606411457062,
      -0.9810128211975098,
      -0.048434093594551086,
      0.9834989309310913,
      0.17431001365184784
    ],
    "gravity" : [
      0.048434093594551086,
      -0.9834989309310913,
      -0.17430999875068665
    ],
    "timestamp" : 239614573514,
    "userAcceleration" : [
      -0.0007045753300189972,
      0.030694425106048584,
      0.08953194320201874
    ]
  },
  {
    "rotationMatrix" : [
      0.995809018611908,
      0.03403874486684799,
      0.08488662540912628,
      0.07763198763132095,
      0.17607848346233368,
      -0.9813100099563599,
      -0.04834925755858421,
      0.9837872982025146,
      0.17269805073738098
    ],
    "gravity" : [
      0.04834926128387451,
      -0.9837872982025146,
      -0.1726979911327362
    ],
    "timestamp" : 239614583532,
    "userAcceleration" : [
      -0.006555426865816116,
      0.05229949951171875,
      0.02305479347705841
    ]
  },
  {
    "rotationMatrix" : [
      0.9958130717277527,
      0.03372076898813248,
      0.08496589958667755,
      0.07782638072967529,
      0.17482247948646545,
      -0.9815191030502319,
      -0.04795151948928833,
      0.9840221405029297,
      0.1714661568403244
    ],
    "gravity" : [
      0.04795151576399803,
      -0.9840221405029297,
      -0.1714661866426468
    ],
    "timestamp" : 239614593550,
    "userAcceleration" : [
      -0.060875702649354935,
      0.05438065528869629,
      -0.05408947169780731
    ]
  },
  {
    "rotationMatrix" : [
      0.9957587718963623,
      0.033530689775943756,
      0.08567505329847336,
      0.07860865443944931,
      0.1737806349992752,
      -0.9816417694091797,
      -0.04780378192663193,
      0.9842132329940796,
      0.17040778696537018
    ],
    "gravity" : [
      0.04780378192663193,
      -0.9842132329940796,
      -0.17040778696537018
    ],
    "timestamp" : 239614603569,
    "userAcceleration" : [
      -0.06072798743844032,
      0.05457174777984619,
      -0.05514787137508392
    ]
  },
  {
    "rotationMatrix" : [
      0.9955876469612122,
      0.03348284214735031,
      0.08765925467014313,
      0.08062371611595154,
      0.17273958027362823,
      -0.9816622138023376,
      -0.04801106080412865,
      0.9843981862068176,
      0.1692778766155243
    ],
    "gravity" : [
      0.04801106080412865,
      -0.9843982458114624,
      -0.1692778617143631
    ],
    "timestamp" : 239614613587,
    "userAcceleration" : [
      -0.06093525141477585,
      0.05475664138793945,
      -0.0562778115272522
    ]
  },
  {
    "rotationMatrix" : [
      0.9953279495239258,
      0.03362563997507095,
      0.0905071496963501,
      0.0834643691778183,
      0.17158961296081543,
      -0.9816263914108276,
      -0.04853789508342743,
      0.9845943450927734,
      0.16798140108585358
    ],
    "gravity" : [
      0.04853789135813713,
      -0.9845942854881287,
      -0.16798140108585358
    ],
    "timestamp" : 239614623605,
    "userAcceleration" : [
      -0.06687895953655243,
      0.055257976055145264,
      -0.05932895839214325
    ]
  },
  {
    "rotationMatrix" : [
      0.9950740933418274,
      0.03409701958298683,
      0.09308581054210663,
      0.08599114418029785,
      0.17033647000789642,
      -0.9816266298294067,
      -0.049326445907354355,
      0.9847958087921143,
      0.16656535863876343
    ],
    "gravity" : [
      0.04932644963264465,
      -0.9847957491874695,
      -0.16656537353992462
    ],
    "timestamp" : 239614633624,
    "userAcceleration" : [
      -0.06548550724983215,
      0.05739724636077881,
      -0.03796367347240448
    ]
  },
  {
    "rotationMatrix" : [
      0.9948503375053406,
      0.03478476405143738,
      0.09519904106855392,
      0.08802162855863571,
      0.16915278136730194,
      -0.9816513061523438,
      -0.05024968832731247,
      0.9849756956100464,
      0.16521988809108734
    ],
    "gravity" : [
      0.05024968832731247,
      -0.9849756956100464,
      -0.16521990299224854
    ],
    "timestamp" : 239614643642,
    "userAcceleration" : [
      -0.04905950278043747,
      0.05640226602554321,
      -0.0025354474782943726
    ]
  },
  {
    "rotationMatrix" : [
      0.9947236776351929,
      0.03566337376832962,
      0.09619243443012238,
      0.0889037624001503,
      0.1682439148426056,
      -0.9817280173301697,
      -0.05119552090764046,
      0.9850999712944031,
      0.16418558359146118
    ],
    "gravity" : [
      0.05119551718235016,
      -0.9850999712944031,
      -0.1641855537891388
    ],
    "timestamp" : 239614653660,
    "userAcceleration" : [
      -0.03361738845705986,
      0.05149108171463013,
      0.028168439865112305
    ]
  },
  {
    "rotationMatrix" : [
      0.9946831464767456,
      0.03653894364833832,
      0.09628234058618546,
      0.08887512981891632,
      0.16773991286754608,
      -0.981816828250885,
      -0.05202493816614151,
      0.9851537346839905,
      0.16360066831111908
    ],
    "gravity" : [
      0.05202493444085121,
      -0.9851537942886353,
      -0.16360065340995789
    ],
    "timestamp" : 239614663678,
    "userAcceleration" : [
      -0.028801053762435913,
      0.06080704927444458,
      0.020396724343299866
    ]
  },
  {
    "rotationMatrix" : [
      0.9946663975715637,
      0.037322159856557846,
      0.09615491330623627,
      0.08863189816474915,
      0.16753610968589783,
      -0.9818737506866455,
      -0.052755072712898254,
      0.9851592779159546,
      0.16333460807800293
    ],
    "gravity" : [
      0.05275507643818855,
      -0.9851592183113098,
      -0.1633346527814865
    ],
    "timestamp" : 239614673697,
    "userAcceleration" : [
      -0.029531192034482956,
      0.060812413692474365,
      0.020130634307861328
    ]
  },
  {
    "rotationMatrix" : [
      0.9946282505989075,
      0.037885524332523346,
      0.09632904082536697,
      0.08872555941343307,
      0.16727828979492188,
      -0.9819092750549316,
      -0.053313903510570526,
      0.9851815700531006,
      0.16301830112934113
    ],
    "gravity" : [
      0.053313907235860825,
      -0.9851815104484558,
      -0.16301831603050232
    ],
    "timestamp" : 239614683715,
    "userAcceleration" : [
      -0.027755431830883026,
      0.07345372438430786,
      -0.019843220710754395
    ]
  },
  {
    "rotationMatrix" : [
      0.9945984482765198,
      0.038343124091625214,
      0.09645567834377289,
      0.0888131782412529,
      0.16659387946128845,
      -0.9820175170898438,
      -0.05372254550457001,
      0.9852796792984009,
      0.16228865087032318
    ],
    "gravity" : [
      0.05372254177927971,
      -0.9852797389030457,
      -0.1622886210680008
    ],
    "timestamp" : 239614693733,
    "userAcceleration" : [
      -0.031124264001846313,
      0.0876052975654602,
      -0.044758141040802
    ]
  },
  {
    "rotationMatrix" : [
      0.994550347328186,
      0.038628652691841125,
      0.09683685004711151,
      0.08921441435813904,
      0.16529296338558197,
      -0.9822009801864624,
      -0.05394753813743591,
      0.9854875802993774,
      0.16094593703746796
    ],
    "gravity" : [
      0.05394753813743591,
      -0.9854875802993774,
      -0.16094592213630676
    ],
    "timestamp" : 239614703751,
    "userAcceleration" : [
      -0.02642068639397621,
      0.08468520641326904,
      -0.04813025891780853
    ]
  },
  {
    "rotationMatrix" : [
      0.9944474101066589,
      0.038844406604766846,
      0.09780311584472656,
      0.09023475646972656,
      0.16345985233783722,
      -0.9824145436286926,
      -0.05414818227291107,
      0.9857848286628723,
      0.15904711186885834
    ],
    "gravity" : [
      0.05414818599820137,
      -0.9857848286628723,
      -0.15904714167118073
    ],
    "timestamp" : 239614713770,
    "userAcceleration" : [
      -0.022989727556705475,
      0.06676340103149414,
      -0.041117891669273376
    ]
  },
  {
    "rotationMatrix" : [
      0.9942128658294678,
      0.03894661366939545,
      0.10011956095695496,
      0.09261327981948853,
      0.1615367829799652,
      -0.9825111627578735,
      -0.05443846806883812,
      0.9860976934432983,
      0.15699496865272522
    ],
    "gravity" : [
      0.05443846434354782,
      -0.9860976934432983,
      -0.1569949835538864
    ],
    "timestamp" : 239614723788,
    "userAcceleration" : [
      -0.029383525252342224,
      0.05923330783843994,
      -0.020236119627952576
    ]
  },
  {
    "rotationMatrix" : [
      0.9941076636314392,
      0.039204418659210205,
      0.10105947405099869,
      0.0935925841331482,
      0.1598978489637375,
      -0.9826866388320923,
      -0.0546848401427269,
      0.9863547086715698,
      0.15528643131256104
    ],
    "gravity" : [
      0.054684847593307495,
      -0.9863547086715698,
      -0.15528638660907745
    ],
    "timestamp" : 239614733806,
    "userAcceleration" : [
      -0.0268070250749588,
      0.0606040358543396,
      0.020779892802238464
    ]
  },
  {
    "rotationMatrix" : [
      0.9940587282180786,
      0.03956569731235504,
      0.10139904916286469,
      0.0939253568649292,
      0.15894237160682678,
      -0.9828100204467773,
      -0.05500216782093048,
      0.986494779586792,
      0.1542818397283554
    ],
    "gravity" : [
      0.05500217527151108,
      -0.9864947199821472,
      -0.154281884431839
    ],
    "timestamp" : 239614743824,
    "userAcceleration" : [
      -0.029077477753162384,
      0.03391909599304199,
      0.06152348220348358
    ]
  },
  {
    "rotationMatrix" : [
      0.9941240549087524,
      0.04034186154603958,
      0.10044846683740616,
      0.09287532418966293,
      0.15876847505569458,
      -0.9829376339912415,
      -0.0556015744805336,
      0.9864911437034607,
      0.1540887951850891
    ],
    "gravity" : [
      0.0556015707552433,
      -0.9864912033081055,
      -0.15408876538276672
    ],
    "timestamp" : 239614753843,
    "userAcceleration" : [
      -0.048399418592453,
      -0.006260693073272705,
      0.07503272593021393
    ]
  },
  {
    "rotationMatrix" : [
      0.9942318201065063,
      0.04159744456410408,
      0.09885725378990173,
      0.09107799828052521,
      0.15929214656352997,
      -0.9830211400985718,
      -0.05663834512233734,
      0.9863545894622803,
      0.15458470582962036
    ],
    "gravity" : [
      0.05663834512233734,
      -0.9863545894622803,
      -0.15458470582962036
    ],
    "timestamp" : 239614763861,
    "userAcceleration" : [
      -0.031507108360528946,
      0.0279807448387146,
      0.0012488961219787598
    ]
  },
  {
    "rotationMatrix" : [
      0.9942904710769653,
      0.04306798428297043,
      0.09763024747371674,
      0.08957422524690628,
      0.16035954654216766,
      -0.9829858541488647,
      -0.057991158217191696,
      0.9861185550689697,
      0.15558618307113647
    ],
    "gravity" : [
      0.057991158217191696,
      -0.9861185550689697,
      -0.15558622777462006
    ],
    "timestamp" : 239614773879,
    "userAcceleration" : [
      -0.032859932631254196,
      0.027744650840759277,
      0.0022504329681396484
    ]
  },
  {
    "rotationMatrix" : [
      0.9942730665206909,
      0.0444381982088089,
      0.09719209372997284,
      0.08884128928184509,
      0.16178949177265167,
      -0.982818067073822,
      -0.0593993254005909,
      0.9858241677284241,
      0.15691499412059784
    ],
    "gravity" : [
      0.0593993216753006,
      -0.9858242273330688,
      -0.15691497921943665
    ],
    "timestamp" : 239614783898,
    "userAcceleration" : [
      -0.03426807001233101,
      0.027450263500213623,
      0.0035791248083114624
    ]
  },
  {
    "rotationMatrix" : [
      0.9941976070404053,
      0.045646704733371735,
      0.09740359336137772,
      0.08876561373472214,
      0.16332705318927765,
      -0.982570469379425,
      -0.06075974553823471,
      0.985515296459198,
      0.15832751989364624
    ],
    "gravity" : [
      0.06075974926352501,
      -0.9855153560638428,
      -0.15832750499248505
    ],
    "timestamp" : 239614793916,
    "userAcceleration" : [
      -0.026183336973190308,
      0.036510348320007324,
      -0.01782017946243286
    ]
  },
  {
    "rotationMatrix" : [
      0.994074285030365,
      0.04683742672204971,
      0.0980948805809021,
      0.08917064219713211,
      0.16474251449108124,
      -0.9822975397109985,
      -0.06216868758201599,
      0.9852238893508911,
      0.1595897674560547
    ],
    "gravity" : [
      0.06216868758201599,
      -0.9852239489555359,
      -0.1595897376537323
    ],
    "timestamp" : 239614803934,
    "userAcceleration" : [
      -0.022419515997171402,
      0.03498286008834839,
      -0.028597190976142883
    ]
  },
  {
    "rotationMatrix" : [
      0.9938843250274658,
      0.04802919924259186,
      0.09943424165248871,
      0.09023016691207886,
      0.16587892174720764,
      -0.9820094704627991,
      -0.06365916132926941,
      0.9849757552146912,
      0.16053077578544617
    ],
    "gravity" : [
      0.06365916132926941,
      -0.9849757552146912,
      -0.16053076088428497
    ],
    "timestamp" : 239614813952,
    "userAcceleration" : [
      -0.027495823800563812,
      0.029501020908355713,
      -0.03409534692764282
    ]
  },
  {
    "rotationMatrix" : [
      0.99368816614151,
      0.04923734441399574,
      0.10079418122768402,
      0.09132952988147736,
      0.1666344702243805,
      -0.981779932975769,
      -0.06513601541519165,
      0.9847886562347412,
      0.16108588874340057
    ],
    "gravity" : [
      0.06513601541519165,
      -0.9847885966300964,
      -0.16108588874340057
    ],
    "timestamp" : 239614823971,
    "userAcceleration" : [
      -0.025493673980236053,
      0.033220112323760986,
      -0.023148953914642334
    ]
  },
  {
    "rotationMatrix" : [
      0.9935892820358276,
      0.05038757994771004,
      0.10120007395744324,
      0.09151798486709595,
      0.16703160107135773,
      -0.9816948175430298,
      -0.06636883318424225,
      0.9846630096435547,
      0.16134944558143616
    ],
    "gravity" : [
      0.06636883318424225,
      -0.9846630692481995,
      -0.16134941577911377
    ],
    "timestamp" : 239614833989,
    "userAcceleration" : [
      -0.007286787033081055,
      0.039274394512176514,
      -0.002011418342590332
    ]
  },
  {
    "rotationMatrix" : [
      0.993558943271637,
      0.051190853118896484,
      0.10109467804431915,
      0.09127353131771088,
      0.16718252003192902,
      -0.9816917777061462,
      -0.0671548992395401,
      0.9845959544181824,
      0.16143330931663513
    ],
    "gravity" : [
      0.0671549066901207,
      -0.9845959544181824,
      -0.16143329441547394
    ],
    "timestamp" : 239614844007,
    "userAcceleration" : [
      0.0179891437292099,
      0.0457686185836792,
      0.018397152423858643
    ]
  },
  {
    "rotationMatrix" : [
      0.9936442375183105,
      0.05156571418046951,
      0.10006053745746613,
      0.09019706398248672,
      0.16709361970424652,
      -0.9818065166473389,
      -0.06734703481197357,
      0.9845916032791138,
      0.16138054430484772
    ],
    "gravity" : [
      0.06734703481197357,
      -0.9845916032791138,
      -0.16138054430484772
    ],
    "timestamp" : 239614854026,
    "userAcceleration" : [
      0.03482581675052643,
      0.04898381233215332,
      0.023257732391357422
    ]
  },
  {
    "rotationMatrix" : [
      0.9937630295753479,
      0.05144381523132324,
      0.09893729537725449,
      0.08913001418113708,
      0.16675503551959991,
      -0.9819615483283997,
      -0.06701413542032242,
      0.9846553206443787,
      0.16112980246543884
    ],
    "gravity" : [
      0.06701413542032242,
      -0.9846553802490234,
      -0.16112978756427765
    ],
    "timestamp" : 239614864044,
    "userAcceleration" : [
      0.041109636425971985,
      0.05077183246612549,
      0.010235369205474854
    ]
  },
  {
    "rotationMatrix" : [
      0.9938545227050781,
      0.051021426916122437,
      0.0982346385717392,
      0.08854284882545471,
      0.16617977619171143,
      -0.9821121096611023,
      -0.0664333701133728,
      0.9847745299339294,
      0.16064094007015228
    ],
    "gravity" : [
      0.0664333701133728,
      -0.9847745299339294,
      -0.16064096987247467
    ],
    "timestamp" : 239614874062,
    "userAcceleration" : [
      0.028689920902252197,
      0.04201042652130127,
      -0.014911636710166931
    ]
  },
  {
    "rotationMatrix" : [
      0.9939071536064148,
      0.05067862570285797,
      0.09787899255752563,
      0.08829571306705475,
      0.16544818878173828,
      -0.9822579026222229,
      -0.06597338616847992,
      0.9849154353141785,
      0.1599654257297516
    ],
    "gravity" : [
      0.06597338616847992,
      -0.9849153757095337,
      -0.15996548533439636
    ],
    "timestamp" : 239614884080,
    "userAcceleration" : [
      -0.0010167136788368225,
      0.020514309406280518,
      -0.022392570972442627
    ]
  },
  {
    "rotationMatrix" : [
      0.9939017295837402,
      0.05067270249128342,
      0.09793707728385925,
      0.08840284496545792,
      0.16471964120864868,
      -0.9823707342147827,
      -0.06591153144836426,
      0.9850379228591919,
      0.15923552215099335
    ],
    "gravity" : [
      0.06591153144836426,
      -0.9850378632545471,
      -0.15923550724983215
    ],
    "timestamp" : 239614894099,
    "userAcceleration" : [
      -0.02962612360715866,
      0.0005867481231689453,
      -0.010335683822631836
    ]
  },
  {
    "rotationMatrix" : [
      0.9938861727714539,
      0.051176831126213074,
      0.09783253073692322,
      0.08825945854187012,
      0.16411855816841125,
      -0.9824843406677246,
      -0.06633657217025757,
      0.985112190246582,
      0.15859833359718323
    ],
    "gravity" : [
      0.06633657217025757,
      -0.985112190246582,
      -0.15859833359718323
    ],
    "timestamp" : 239614904117,
    "userAcceleration" : [
      -0.037863656878471375,
      -0.014597892761230469,
      0.01092354953289032
    ]
  },
  {
    "rotationMatrix" : [
      0.9938430786132812,
      0.05201978236436844,
      0.09782592207193375,
      0.08813882619142532,
      0.16382482647895813,
      -0.9825441241264343,
      -0.06713803857564926,
      0.9851168990135193,
      0.1582312136888504
    ],
    "gravity" : [
      0.06713803857564926,
      -0.9851168990135193,
      -0.15823116898536682
    ],
    "timestamp" : 239614914135,
    "userAcceleration" : [
      -0.02186518907546997,
      -0.018438339233398438,
      0.030591115355491638
    ]
  },
  {
    "rotationMatrix" : [
      0.9938012361526489,
      0.05295128375291824,
      0.09775079786777496,
      0.08790788799524307,
      0.1639518141746521,
      -0.9825435280799866,
      -0.06805336475372314,
      0.9850460886955261,
      0.15828068554401398
    ],
    "gravity" : [
      0.06805336475372314,
      -0.9850461483001709,
      -0.1582806408405304
    ],
    "timestamp" : 239614924153,
    "userAcceleration" : [
      0.005829699337482452,
      -0.005020260810852051,
      0.035172462463378906
    ]
  },
  {
    "rotationMatrix" : [
      0.9937992095947266,
      0.053661979734897614,
      0.09738338738679886,
      0.08739582449197769,
      0.16446644067764282,
      -0.9825032949447632,
      -0.0687393769621849,
      0.984921932220459,
      0.1587567925453186
    ],
    "gravity" : [
      0.0687393769621849,
      -0.9849218726158142,
      -0.1587568074464798
    ],
    "timestamp" : 239614934172,
    "userAcceleration" : [
      0.0347762405872345,
      0.021665215492248535,
      0.0328105092048645
    ]
  },
  {
    "rotationMatrix" : [
      0.9937911629676819,
      0.05379640311002731,
      0.09739159047603607,
      0.08732963353395462,
      0.16522231698036194,
      -0.9823824167251587,
      -0.06893990933895111,
      0.9847880601882935,
      0.1594984531402588
    ],
    "gravity" : [
      0.06893990933895111,
      -0.9847881197929382,
      -0.1594984531402588
    ],
    "timestamp" : 239614944190,
    "userAcceleration" : [
      0.06193473935127258,
      0.03958243131637573,
      0.021406158804893494
    ]
  },
  {
    "rotationMatrix" : [
      0.9937968254089355,
      0.05335686355829239,
      0.09757516533136368,
      0.08752711862325668,
      0.16600295901298523,
      -0.9822331070899963,
      -0.06860663741827011,
      0.9846805930137634,
      0.1603030413389206
    ],
    "gravity" : [
      0.06860663741827011,
      -0.9846805930137634,
      -0.1603030413389206
    ],
    "timestamp" : 239614954208,
    "userAcceleration" : [
      0.07143852859735489,
      0.044983506202697754,
      0.0001465827226638794
    ]
  },
  {
    "rotationMatrix" : [
      0.9937857985496521,
      0.05251254886388779,
      0.09814371168613434,
      0.08818044513463974,
      0.16664765775203705,
      -0.9820653200149536,
      -0.06792616844177246,
      0.9846169948577881,
      0.16098150610923767
    ],
    "gravity" : [
      0.06792616844177246,
      -0.9846169948577881,
      -0.16098150610923767
    ],
    "timestamp" : 239614964227,
    "userAcceleration" : [
      0.051870591938495636,
      0.04513359069824219,
      -0.014677926898002625
    ]
  },
  {
    "rotationMatrix" : [
      0.9937566518783569,
      0.05165672302246094,
      0.09889014065265656,
      0.08903634548187256,
      0.16694040596485138,
      -0.9819384813308716,
      -0.06723247468471527,
      0.9846127033233643,
      0.16129881143569946
    ],
    "gravity" : [
      0.06723248213529587,
      -0.9846127033233643,
      -0.16129882633686066
    ],
    "timestamp" : 239614974245,
    "userAcceleration" : [
      0.021772027015686035,
      0.02762746810913086,
      -0.022554561495780945
    ]
  },
  {
    "rotationMatrix" : [
      0.9937149882316589,
      0.051071345806121826,
      0.09961029887199402,
      0.08984965085983276,
      0.16683755815029144,
      -0.9818819165229797,
      -0.06676475703716278,
      0.9846606850624084,
      0.16120025515556335
    ],
    "gravity" : [
      0.06676475703716278,
      -0.9846607446670532,
      -0.16120021045207977
    ],
    "timestamp" : 239614984263,
    "userAcceleration" : [
      -0.004096902906894684,
      0.006435215473175049,
      -0.023629769682884216
    ]
  },
  {
    "rotationMatrix" : [
      0.993655800819397,
      0.050865914672613144,
      0.10030347853899002,
      0.0905945748090744,
      0.16644181311130524,
      -0.981880784034729,
      -0.06663895398378372,
      0.9847384691238403,
      0.16077768802642822
    ],
    "gravity" : [
      0.06663895398378372,
      -0.9847385287284851,
      -0.16077765822410583
    ],
    "timestamp" : 239614994281,
    "userAcceleration" : [
      -0.022113800048828125,
      -0.0025508999824523926,
      -0.010914459824562073
    ]
  },
  {
    "rotationMatrix" : [
      0.9936126470565796,
      0.05104628950357437,
      0.10063886642456055,
      0.09093422442674637,
      0.16589201986789703,
      -0.9819422960281372,
      -0.0668196827173233,
      0.9848217964172363,
      0.16019056737422943
    ],
    "gravity" : [
      0.0668196901679039,
      -0.9848217964172363,
      -0.16019055247306824
    ],
    "timestamp" : 239615004300,
    "userAcceleration" : [
      -0.020783908665180206,
      -0.005137801170349121,
      0.008914709091186523
    ]
  },
  {
    "rotationMatrix" : [
      0.9935672879219055,
      0.05139477550983429,
      0.10090872645378113,
      0.09117986261844635,
      0.16537953913211823,
      -0.9820060133934021,
      -0.06715822219848633,
      0.9848899245262146,
      0.15962953865528107
    ],
    "gravity" : [
      0.06715821474790573,
      -0.9848899841308594,
      -0.15962950885295868
    ],
    "timestamp" : 239615014318,
    "userAcceleration" : [
      -0.00668761134147644,
      -0.005084991455078125,
      0.019156858325004578
    ]
  },
  {
    "rotationMatrix" : [
      0.9935206174850464,
      0.05169079452753067,
      0.10121703892946243,
      0.09146035462617874,
      0.16504155099391937,
      -0.9820366501808167,
      -0.06746726483106613,
      0.9849309325218201,
      0.15924452245235443
    ],
    "gravity" : [
      0.06746726483106613,
      -0.9849309921264648,
      -0.15924450755119324
    ],
    "timestamp" : 239615024336,
    "userAcceleration" : [
      0.0048441216349601746,
      0.00800246000289917,
      0.027576163411140442
    ]
  },
  {
    "rotationMatrix" : [
      0.9935175180435181,
      0.05199830234050751,
      0.10108967125415802,
      0.09129782021045685,
      0.1648595631122589,
      -0.9820824861526489,
      -0.06773221492767334,
      0.9849454164505005,
      0.15904352068901062
    ],
    "gravity" : [
      0.06773221492767334,
      -0.9849454164505005,
      -0.15904347598552704
    ],
    "timestamp" : 239615034354,
    "userAcceleration" : [
      0.011796623468399048,
      0.016103923320770264,
      0.02415548264980316
    ]
  },
  {
    "rotationMatrix" : [
      0.9934563040733337,
      0.05211126059293747,
      0.10163141041994095,
      0.09181901067495346,
      0.16480576992034912,
      -0.9820429086685181,
      -0.06792493909597397,
      0.9849483966827393,
      0.15894253551959991
    ],
    "gravity" : [
      0.06792493909597397,
      -0.9849483966827393,
      -0.1589425802230835
    ],
    "timestamp" : 239615044373,
    "userAcceleration" : [
      0.013267092406749725,
      0.02173745632171631,
      0.008612751960754395
    ]
  },
  {
    "rotationMatrix" : [
      0.9933565855026245,
      0.05201811343431473,
      0.10264888405799866,
      0.09284958988428116,
      0.16466166079044342,
      -0.9819702506065369,
      -0.06798256933689117,
      0.9849775433540344,
      0.1587378829717636
    ],
    "gravity" : [
      0.06798257678747177,
      -0.9849775433540344,
