[
  {
    "userAcceleration" : [
      -0.040007609874010086,
      0.03942364454269409,
      -0.023248016834259033
    ],
    "timestamp" : 239714558350,
    "rotationMatrix" : [
      -0.6114012002944946,
      -0.19721397757530212,
      0.766351580619812,
      0.7913200855255127,
      -0.15338344871997833,
      0.5918494462966919,
      0.0008247494697570801,
      0.9682871103286743,
      0.24983851611614227
    ],
    "gravity" : [
      -0.0008247954538092017,
      -0.9682871103286743,
      -0.24983851611614227
    ]
  },
  {
    "userAcceleration" : [
      -0.058520764112472534,
      0.023531854152679443,
      -0.005057245492935181
    ],
    "timestamp" : 239714568370,
    "rotationMatrix" : [
      -0.6125912070274353,
      -0.19179686903953552,
      0.7667765617370605,
      0.7903985977172852,
      -0.15053723752498627,
      0.5938087105751038,
      0.001537710428237915,
      0.9698209166526794,
      0.24381358921527863
    ],
    "gravity" : [
      -0.0015377080999314785,
      -0.9698209166526794,
      -0.243813619017601
    ]
  },
  {
    "userAcceleration" : [
      -0.06094669550657272,
      -0.005644261837005615,
      0.037557438015937805
    ],
    "timestamp" : 239714578389,
    "rotationMatrix" : [
      -0.6139875650405884,
      -0.1869634985923767,
      0.766852855682373,
      0.7893132567405701,
      -0.14764566719532013,
      0.5959739089012146,
      0.001797318458557129,
      0.9712080359458923,
      0.23822574317455292
    ],
    "gravity" : [
      -0.0017973145004361868,
      -0.9712080359458923,
      -0.23822574317455292
    ]
  },
  {
    "userAcceleration" : [
      -0.061135973781347275,
      -0.004381954669952393,
      0.03235249221324921
    ],
    "timestamp" : 239714588409,
    "rotationMatrix" : [
      -0.6151249408721924,
      -0.1827583611011505,
      0.7669549584388733,
      0.788427472114563,
      -0.14456987380981445,
      0.5978972315788269,
      0.0016080141067504883,
      0.972470223903656,
      0.23302078247070312
    ],
    "gravity" : [
      -0.0016080550849437714,
      -0.972470223903656,
      -0.23302078247070312
    ]
  },
  {
    "userAcceleration" : [
      -0.05680549144744873,
      -0.007591426372528076,
      0.04546979069709778
    ],
    "timestamp" : 239714598428,
    "rotationMatrix" : [
      -0.615368664264679,
      -0.17918214201927185,
      0.7676036953926086,
      0.7882390022277832,
      -0.1411328911781311,
      0.5989665985107422,
      0.0010099411010742188,
      0.9736403226852417,
      0.2280869483947754
    ],
    "gravity" : [
      -0.001009954372420907,
      -0.9736402630805969,
      -0.22808699309825897
    ]
  },
  {
    "userAcceleration" : [
      -0.03301818668842316,
      0.0030254721641540527,
      0.055409133434295654
    ],
    "timestamp" : 239714608448,
    "rotationMatrix" : [
      -0.6150235533714294,
      -0.17615056037902832,
      0.7685809135437012,
      0.788508415222168,
      -0.13766063749790192,
      0.5994194746017456,
      0.00021532177925109863,
      0.9746898412704468,
      0.22356097400188446
    ],
    "gravity" : [
      -0.00021535369160119444,
      -0.9746898412704468,
      -0.22356097400188446
    ]
  },
  {
    "userAcceleration" : [
      -0.009819205850362778,
      0.021558940410614014,
      0.05530168116092682
    ],
    "timestamp" : 239714618467,
    "rotationMatrix" : [
      -0.6140546798706055,
      -0.1737554967403412,
      0.7698996663093567,
      0.789263129234314,
      -0.1345513015985489,
      0.599132239818573,
      -0.000511467456817627,
      0.975553572177887,
      0.21976087987422943
    ],
    "gravity" : [
      0.0005114561645314097,
      -0.9755535125732422,
      -0.21976089477539062
    ]
  },
  {
    "userAcceleration" : [
      -0.0015225973911583424,
      0.03969430923461914,
      0.02853497862815857
    ],
    "timestamp" : 239714628487,
    "rotationMatrix" : [
      -0.6128059029579163,
      -0.17196959257125854,
      0.7712942361831665,
      0.7902324795722961,
      -0.1321178823709488,
      0.5983954668045044,
      -0.0010039210319519043,
      0.9762022495269775,
      0.21685890853405
    ],
    "gravity" : [
      0.001003910438157618,
      -0.9762023091316223,
      -0.21685893833637238
    ]
  },
  {
    "userAcceleration" : [
      0.004389476031064987,
      0.05585348606109619,
      -0.01929342746734619
    ],
    "timestamp" : 239714638506,
    "rotationMatrix" : [
      -0.6110209822654724,
      -0.17058557271957397,
      0.7730161547660828,
      0.7916135191917419,
      -0.13017582893371582,
      0.5969944000244141,
      -0.001210629940032959,
      0.9767061471939087,
      0.21457797288894653
    ],
    "gravity" : [
      0.001210625167004764,
      -0.9767060875892639,
      -0.21457801759243011
    ]
  },
  {
    "userAcceleration" : [
      -0.003550930181518197,
      0.060426414012908936,
      -0.059359967708587646
    ],
    "timestamp" : 239714648525,
    "rotationMatrix" : [
      -0.6098189949989319,
      -0.1690625548362732,
      0.7742985486984253,
      0.7925397753715515,
      -0.12875445187091827,
      0.596072793006897,
      -0.0010791122913360596,
      0.9771591424942017,
      0.21250592172145844
    ],
    "gravity" : [
      0.0010791297536343336,
      -0.9771591424942017,
      -0.21250586211681366
    ]
  },
  {
    "userAcceleration" : [
      -0.023283621296286583,
      0.04408609867095947,
      -0.08560620248317719
    ],
    "timestamp" : 239714658545,
    "rotationMatrix" : [
      -0.6089176535606384,
      -0.16713100671768188,
      0.7754263281822205,
      0.793232798576355,
      -0.12743274867534637,
      0.5954344868659973,
      -0.0007007122039794922,
      0.9776644110679626,
      0.21017016470432281
    ],
    "gravity" : [
      0.0007007362437434494,
      -0.9776644706726074,
      -0.21017014980316162
    ]
  },
  {
    "userAcceleration" : [
      -0.04259590059518814,
      0.01608377695083618,
      -0.1068885326385498
    ],
    "timestamp" : 239714668564,
    "rotationMatrix" : [
      -0.6078733205795288,
      -0.16466370224952698,
      0.7767726182937622,
      0.7940337657928467,
      -0.12561523914337158,
      0.5947529077529907,
      -0.0003596842288970947,
      0.9783182144165039,
      0.2071068286895752
    ],
    "gravity" : [
      0.0003596775059122592,
      -0.9783182144165039,
      -0.2071068286895752
    ]
  },
  {
    "userAcceleration" : [
      -0.06551025807857513,
      0.008534550666809082,
      -0.10175952315330505
    ],
    "timestamp" : 239714678584,
    "rotationMatrix" : [
      -0.6067091822624207,
      -0.16175946593284607,
      0.7782911062240601,
      0.7949233055114746,
      -0.12290899455547333,
      0.5941295027732849,
      -0.0004468858242034912,
      0.9791459441184998,
      0.20315684378147125
    ],
    "gravity" : [
      0.00044690538197755814,
      -0.9791459441184998,
      -0.20315681397914886
    ]
  },
  {
    "userAcceleration" : [
      -0.06624898314476013,
      0.009498775005340576,
      -0.10646675527095795
    ],
    "timestamp" : 239714688603,
    "rotationMatrix" : [
      -0.6056060791015625,
      -0.1586228311061859,
      0.7797945737838745,
      0.795763373374939,
      -0.11925756931304932,
      0.5937489867210388,
      -0.0011856555938720703,
      0.980110228061676,
      0.19844961166381836
    ],
    "gravity" : [
      0.0011856281198561192,
      -0.980110228061676,
      -0.19844964146614075
    ]
  },
  {
    "userAcceleration" : [
      -0.01609412021934986,
      0.022960007190704346,
      -0.07491061091423035
    ],
    "timestamp" : 239714698623,
    "rotationMatrix" : [
      -0.6043264269828796,
      -0.1553073227405548,
      0.7814528346061707,
      0.7967333793640137,
      -0.11511892080307007,
      0.5932646989822388,
      -0.002178192138671875,
      0.9811354875564575,
      0.19330835342407227
    ],
    "gravity" : [
      0.0021782100666314363,
      -0.9811354875564575,
      -0.19330833852291107
    ]
  },
  {
    "userAcceleration" : [
      0.0012433757074177265,
      0.0376395583152771,
      -0.04816475510597229
    ],
    "timestamp" : 239714708642,
    "rotationMatrix" : [
      -0.6035535931587219,
      -0.1522105634212494,
      0.7826589345932007,
      0.7973154783248901,
      -0.11111359298229218,
      0.5932468175888062,
      -0.003334343433380127,
      0.9820823669433594,
      0.1884228140115738
    ],
    "gravity" : [
      0.003334381151944399,
      -0.9820823073387146,
      -0.1884228140115738
    ]
  },
  {
    "userAcceleration" : [
      0.01751948893070221,
      0.07670557498931885,
      -0.018198028206825256
    ],
    "timestamp" : 239714718662,
    "rotationMatrix" : [
      -0.6033137440681458,
      -0.1494041085243225,
      0.7833843231201172,
      0.7974922060966492,
      -0.10768809914588928,
      0.593640923500061,
      -0.004331231117248535,
      0.9828945398330688,
      0.18411830067634583
    ],
    "gravity" : [
      0.004331216681748629,
      -0.9828945994377136,
      -0.18411828577518463
    ]
  },
  {
    "userAcceleration" : [
      0.04316980019211769,
      0.07766181230545044,
      -0.005962058901786804
    ],
    "timestamp" : 239714728681,
    "rotationMatrix" : [
      -0.6033409237861633,
      -0.14655107259750366,
      0.7839017510414124,
      0.7974684834480286,
      -0.10493190586566925,
      0.5941658020019531,
      -0.004819214344024658,
      0.9836217164993286,
      0.18017993867397308
    ],
    "gravity" : [
      0.004819200374186039,
      -0.9836217164993286,
      -0.1801799237728119
    ]
  },
  {
    "userAcceleration" : [
      0.04039572924375534,
      0.07955753803253174,
      0.015085875988006592
    ],
    "timestamp" : 239714738701,
    "rotationMatrix" : [
      -0.602822482585907,
      -0.14336541295051575,
      0.7848893404006958,
      0.7978614568710327,
      -0.10254693031311035,
      0.5940546989440918,
      -0.004678875207901001,
      0.9843425750732422,
      0.1762034296989441
    ],
    "gravity" : [
      0.004678862169384956,
      -0.984342634677887,
      -0.1762034296989441
    ]
  },
  {
    "userAcceleration" : [
      0.02465725876390934,
      0.06107461452484131,
      0.01795952022075653
    ],
    "timestamp" : 239714748720,
    "rotationMatrix" : [
      -0.6013991236686707,
      -0.13988974690437317,
      0.7866066694259644,
      0.7989386320114136,
      -0.100333571434021,
      0.5929841995239258,
      -0.004029363393783569,
      0.9850705862045288,
      0.17210382223129272
    ],
    "gravity" : [
      0.004029372241348028,
      -0.9850705862045288,
      -0.17210380733013153
    ]
  },
  {
    "userAcceleration" : [
      0.0030503657180815935,
      0.04588186740875244,
      0.0044651031494140625
    ],
    "timestamp" : 239714758740,
    "rotationMatrix" : [
      -0.5995741486549377,
      -0.13642317056655884,
      0.7886059284210205,
      0.8003127574920654,
      -0.09829364717006683,
      0.5914708375930786,
      -0.0031753182411193848,
      0.9857621192932129,
      0.16811569035053253
    ],
    "gravity" : [
      0.003175327554345131,
      -0.9857621192932129,
      -0.16811564564704895
    ]
  },
  {
    "userAcceleration" : [
      -0.015789156779646873,
      0.03829646110534668,
      -0.006393000483512878
    ],
    "timestamp" : 239714768759,
    "rotationMatrix" : [
      -0.597783088684082,
      -0.13328176736831665,
      0.7905004024505615,
      0.8016541600227356,
      -0.09648068249225616,
      0.589950680732727,
      -0.0023615360260009766,
      0.9863706827163696,
      0.16452066600322723
    ],
    "gravity" : [
      0.002361548598855734,
      -0.9863706827163696,
      -0.16452069580554962
    ]
  },
  {
    "userAcceleration" : [
      -0.021306458860635757,
      0.022121906280517578,
      -0.018434032797813416
    ],
    "timestamp" : 239714778779,
    "rotationMatrix" : [
      -0.5961593985557556,
      -0.13066613674163818,
      0.7921614646911621,
      0.8028638362884521,
      -0.09489887952804565,
      0.5885604619979858,
      -0.0017295777797698975,
      0.9868738651275635,
      0.1614823341369629
    ],
    "gravity" : [
      0.0017295412253588438,
      -0.9868739247322083,
      -0.16148234903812408
    ]
  },
  {
    "userAcceleration" : [
      -0.03772423043847084,
      0.016387104988098145,
      -0.033250436186790466
    ],
    "timestamp" : 239714788798,
    "rotationMatrix" : [
      -0.594849169254303,
      -0.1287204623222351,
      0.7934638261795044,
      0.8038355112075806,
      -0.09339369833469391,
      0.5874739289283752,
      -0.0015152394771575928,
      0.9872731566429138,
      0.15902559459209442
    ],
    "gravity" : [
      0.0015152409905567765,
      -0.9872732162475586,
      -0.15902553498744965
    ]
  },
  {
    "userAcceleration" : [
      -0.04025747627019882,
      0.022753596305847168,
      -0.04276973009109497
    ],
    "timestamp" : 239714798818,
    "rotationMatrix" : [
      -0.5938575863838196,
      -0.12734824419021606,
      0.7944276332855225,
      0.8045680522918701,
      -0.09183664619922638,
      0.5867162942886353,
      -0.001759648323059082,
      0.9875972270965576,
      0.1569983810186386
    ],
    "gravity" : [
      0.0017596749821677804,
      -0.9875972270965576,
      -0.15699835121631622
    ]
  },
  {
    "userAcceleration" : [
      -0.026026327162981033,
      0.03563469648361206,
      -0.04722166061401367
    ],
    "timestamp" : 239714808837,
    "rotationMatrix" : [
      -0.5931709408760071,
      -0.12621137499809265,
      0.7951217889785767,
      0.8050732612609863,
      -0.09024517238140106,
      0.5862700939178467,
      -0.0022380053997039795,
      0.9878897666931152,
      0.15514041483402252
    ],
    "gravity" : [
      0.0022380028385668993,
      -0.98788982629776,
      -0.15514042973518372
    ]
  },
  {
    "userAcceleration" : [
      -0.006218125578016043,
      0.04037982225418091,
      -0.044573307037353516
    ],
    "timestamp" : 239714818857,
    "rotationMatrix" : [
      -0.5926140546798706,
      -0.12491762638092041,
      0.7957409620285034,
      0.8054819703102112,
      -0.08869419991970062,
      0.585945188999176,
      -0.0026171505451202393,
      0.9881946444511414,
      0.15318061411380768
    ],
    "gravity" : [
      0.0026171738281846046,
      -0.9881946444511414,
      -0.1531805843114853
    ]
  },
  {
    "userAcceleration" : [
      0.006884338334202766,
      0.031121432781219482,
      -0.030362606048583984
    ],
    "timestamp" : 239714828876,
    "rotationMatrix" : [
      -0.5917458534240723,
      -0.12329033017158508,
      0.7966403365135193,
      0.8061196804046631,
      -0.08717560768127441,
      0.5852956771850586,
      -0.0027135610580444336,
      0.9885340929031372,
      0.15097284317016602
    ],
    "gravity" : [
      0.0027135713025927544,
      -0.9885340332984924,
      -0.1509728580713272
    ]
  },
  {
    "userAcceleration" : [
      -0.0005288128741085529,
      0.018100619316101074,
      -0.015841826796531677
    ],
    "timestamp" : 239714838896,
    "rotationMatrix" : [
      -0.5903977155685425,
      -0.12149730324745178,
      0.7979151010513306,
      0.8071081638336182,
      -0.08575904369354248,
      0.5841416120529175,
      -0.0025430917739868164,
      0.988879919052124,
      0.14869368076324463
    ],
    "gravity" : [
      0.0025430957321077585,
      -0.988879919052124,
      -0.14869368076324463
    ]
  },
  {
    "userAcceleration" : [
      -0.021661939099431038,
      0.0047158002853393555,
      -0.023490428924560547
    ],
    "timestamp" : 239714848915,
    "rotationMatrix" : [
      -0.5890154838562012,
      -0.1198381781578064,
      0.799186646938324,
      0.8081180453300476,
      -0.08442091941833496,
      0.5829392671585083,
      -0.0023902058601379395,
      0.9891974925994873,
      0.14656877517700195
    ],
    "gravity" : [
      0.0023902172688394785,
      -0.9891975522041321,
      -0.14656877517700195
    ]
  },
  {
    "userAcceleration" : [
      -0.04255704954266548,
      -0.004466652870178223,
      -0.03073817491531372
    ],
    "timestamp" : 239714858935,
    "rotationMatrix" : [
      -0.5878979563713074,
      -0.1185435950756073,
      0.8002021312713623,
      0.8089309930801392,
      -0.08297920227050781,
      0.5820181965827942,
      -0.0025944113731384277,
      0.9894755482673645,
      0.14467686414718628
    ],
    "gravity" : [
      0.002594397636130452,
      -0.9894755482673645,
      -0.14467687904834747
    ]
  },
  {
    "userAcceleration" : [
      -0.057637058198451996,
      -0.004826724529266357,
      -0.020680084824562073
    ],
    "timestamp" : 239714868954,
    "rotationMatrix" : [
      -0.5871495604515076,
      -0.11761629581451416,
      0.8008881211280823,
      0.8094717860221863,
      -0.08129589259624481,
      0.5815035700798035,
      -0.0032854080200195312,
      0.9897258877754211,
      0.14293994009494781
    ],
    "gravity" : [
      0.003285366343334317,
      -0.9897259473800659,
      -0.142939954996109
    ]
  },
  {
    "userAcceleration" : [
      -0.051161136478185654,
      -0.0027324557304382324,
      -0.002891555428504944
    ],
    "timestamp" : 239714878974,
    "rotationMatrix" : [
      -0.5862721800804138,
      -0.11701911687850952,
      0.8016179800033569,
      0.810102105140686,
      -0.07929985225200653,
      0.5809010863304138,
      -0.004408299922943115,
      0.9899585843086243,
      0.14128877222537994
    ],
    "gravity" : [
      0.004408322740346193,
      -0.9899585843086243,
      -0.14128877222537994
    ]
  },
  {
    "userAcceleration" : [
      -0.026469679549336433,
      0.007325291633605957,
      0.006341919302940369
    ],
    "timestamp" : 239714888993,
    "rotationMatrix" : [
      -0.5850546360015869,
      -0.11665123701095581,
      0.8025606870651245,
      0.8109734654426575,
      -0.07711763679981232,
      0.5799784660339355,
      -0.005763620138168335,
      0.990174412727356,
      0.13971905410289764
    ],
    "gravity" : [
      0.005763629451394081,
      -0.990174412727356,
      -0.13971903920173645
    ]
  },
  {
    "userAcceleration" : [
      -0.002427525818347931,
      0.02918022871017456,
      0.0008230209350585938
    ],
    "timestamp" : 239714899013,
    "rotationMatrix" : [
      -0.5836766362190247,
      -0.11633113026618958,
      0.8036097288131714,
      0.8119550943374634,
      -0.07496863603591919,
      0.578885555267334,
      -0.0070968568325042725,
      0.9903770685195923,
      0.1382131576538086
    ],
    "gravity" : [
      0.007096847053617239,
      -0.9903770089149475,
      -0.13821320235729218
    ]
  },
  {
    "userAcceleration" : [
      0.017895469442009926,
      0.049385786056518555,
      -0.003354668617248535
    ],
    "timestamp" : 239714909032,
    "rotationMatrix" : [
      -0.5824304819107056,
      -0.11593469977378845,
      0.8045703768730164,
      0.812839150428772,
      -0.07310070097446442,
      0.5778828859329224,
      -0.008181869983673096,
      0.9905630350112915,
      0.13681255280971527
    ],
    "gravity" : [
      0.008181910030543804,
      -0.9905630350112915,
      -0.13681258261203766
    ]
  },
  {
    "userAcceleration" : [
      0.031379103660583496,
      0.04890161752700806,
      -0.003490552306175232
    ],
    "timestamp" : 239714919052,
    "rotationMatrix" : [
      -0.5813868641853333,
      -0.11551359295845032,
      0.805385172367096,
      0.8135775327682495,
      -0.07162918150424957,
      0.5770273208618164,
      -0.008965253829956055,
      0.9907196760177612,
      0.13562385737895966
    ],
    "gravity" : [
      0.00896525103598833,
      -0.9907196760177612,
      -0.13562385737895966
    ]
  },
  {
    "userAcceleration" : [
      0.029674720019102097,
      0.04576396942138672,
      -0.010030627250671387
    ],
    "timestamp" : 239714929071,
    "rotationMatrix" : [
      -0.5808087587356567,
      -0.11519324779510498,
      0.8058481216430664,
      0.8139837980270386,
      -0.07058140635490417,
      0.5765832662582397,
      -0.009540468454360962,
      0.9908322095870972,
      0.1347600519657135
    ],
    "gravity" : [
      0.009540487080812454,
      -0.9908322095870972,
      -0.13476000726222992
    ]
  },
  {
    "userAcceleration" : [
      0.02500888518989086,
      0.04617929458618164,
      -0.016310513019561768
    ],
    "timestamp" : 239714939091,
    "rotationMatrix" : [
      -0.580629825592041,
      -0.11495834589004517,
      0.8060106039047241,
      0.8141062259674072,
      -0.06984247267246246,
      0.576500415802002,
      -0.009979665279388428,
      0.9909118413925171,
      0.13414119184017181
    ],
    "gravity" : [
      0.009979641996324062,
      -0.9909119009971619,
      -0.13414116203784943
    ]
  },
  {
    "userAcceleration" : [
      0.019663797691464424,
      0.04378241300582886,
      -0.02074207365512848
    ],
    "timestamp" : 239714949110,
    "rotationMatrix" : [
      -0.5806637406349182,
      -0.11457899212837219,
      0.8060405850410461,
      0.8140783309936523,
      -0.06918257474899292,
      0.5766197443008423,
      -0.010304570198059082,
      0.9910023212432861,
      0.13344800472259521
    ],
    "gravity" : [
      0.010304577648639679,
      -0.9910022616386414,
      -0.13344798982143402
    ]
  },
  {
    "userAcceleration" : [
      0.015306551940739155,
      0.04571354389190674,
      -0.010053321719169617
    ],
    "timestamp" : 239714959130,
    "rotationMatrix" : [
      -0.580396294593811,
      -0.11369854211807251,
      0.8063573837280273,
      0.8142667412757874,
      -0.06832161545753479,
      0.5764559507369995,
      -0.010450392961502075,
      0.9911631345748901,
      0.13223490118980408
    ],
    "gravity" : [
      0.010450406931340694,
      -0.9911631345748901,
      -0.13223490118980408
    ]
  },
  {
    "userAcceleration" : [
      0.025252262130379677,
      0.047025084495544434,
      0.006027624011039734
    ],
    "timestamp" : 239714969149,
    "rotationMatrix" : [
      -0.5791452527046204,
      -0.11212024092674255,
      0.8074774742126465,
      0.8151596784591675,
      -0.06716680526733398,
      0.5753288269042969,
      -0.01027032732963562,
      0.9914220571517944,
      0.13029521703720093
    ],
    "gravity" : [
      0.010270320810377598,
      -0.9914220571517944,
      -0.13029520213603973
    ]
  },
  {
    "userAcceleration" : [
      0.03474348038434982,
      0.04986536502838135,
      0.0035538673400878906
    ],
    "timestamp" : 239714979168,
    "rotationMatrix" : [
      -0.5768311023712158,
      -0.10988816618919373,
      0.8094382882118225,
      0.8168060779571533,
      -0.06585605442523956,
      0.5731410980224609,
      -0.00967496633529663,
      0.9917597770690918,
      0.12774519622325897
    ],
    "gravity" : [
      0.0096749784424901,
      -0.9917598366737366,
      -0.12774518132209778
    ]
  },
  {
    "userAcceleration" : [
      0.03838502615690231,
      0.06205332279205322,
      -0.008141636848449707
    ],
    "timestamp" : 239714989188,
    "rotationMatrix" : [
      -0.5742425918579102,
      -0.10723349452018738,
      0.8116317987442017,
      0.8186396360397339,
      -0.06476423144340515,
      0.5706440210342407,
      -0.00862741470336914,
      0.9921221733093262,
      0.12497606873512268
    ],
    "gravity" : [
      0.008627420291304588,
      -0.9921221733093262,
      -0.12497606128454208
    ]
  },
  {
    "userAcceleration" : [
      0.033711452037096024,
      0.06094914674758911,
      -0.02578885853290558
    ],
    "timestamp" : 239714999207,
    "rotationMatrix" : [
      -0.5720511674880981,
      -0.10449007153511047,
      0.8135349750518799,
      0.8201864957809448,
      -0.06418739259243011,
      0.5684841275215149,
      -0.007182210683822632,
      0.9924524426460266,
      0.12241984903812408
    ],
    "gravity" : [
      0.007182220462709665,
      -0.9924524426460266,
      -0.1224198192358017
    ]
  },
  {
    "userAcceleration" : [
      0.0128830187022686,
      0.047667741775512695,
      -0.04053258150815964
    ],
    "timestamp" : 239715009227,
    "rotationMatrix" : [
      -0.5710129141807556,
      -0.10191428661346436,
      0.8145901560783386,
      0.8209219574928284,
      -0.0641777515411377,
      0.5674222111701965,
      -0.005549728870391846,
      0.9927206635475159,
      0.12031036615371704
    ],
    "gravity" : [
      0.005549722816795111,
      -0.9927206635475159,
      -0.12031032145023346
    ]
  },
  {
    "userAcceleration" : [
      -0.005034571513533592,
      0.029473304748535156,
      -0.033457688987255096
    ],
    "timestamp" : 239715019246,
    "rotationMatrix" : [
      -0.570935070514679,
      -0.0995531678199768,
      0.814936637878418,
      0.8209852576255798,
      -0.06443437933921814,
      0.5673015117645264,
      -0.003966540098190308,
      0.9929436445236206,
      0.1185198724269867
    ],
    "gravity" : [
      0.003966566640883684,
      -0.9929435849189758,
      -0.1185198575258255
    ]
  },
  {
    "userAcceleration" : [
      -0.027492552995681763,
      0.0041068196296691895,
      -0.019234001636505127
    ],
    "timestamp" : 239715029266,
    "rotationMatrix" : [
      -0.5715895891189575,
      -0.09750726819038391,
      0.8147252798080444,
      0.8205348253250122,
      -0.06460411846637726,
      0.5679336786270142,
      -0.0027429163455963135,
      0.9931355714797974,
      0.11693541705608368
    ],
    "gravity" : [
      0.0027429144829511642,
      -0.9931355714797974,
      -0.11693541705608368
    ]
  },
  {
    "userAcceleration" : [
      -0.040659740567207336,
      0.004970371723175049,
      0.002409406006336212
    ],
    "timestamp" : 239715039285,
    "rotationMatrix" : [
      -0.5727406144142151,
      -0.09590494632720947,
      0.8141067028045654,
      0.8197336792945862,
      -0.06451745331287384,
      0.5690990686416626,
      -0.002055138349533081,
      0.9932972192764282,
      0.1155686229467392
    ],
    "gravity" : [
      0.0020551385823637247,
      -0.9932972192764282,
      -0.1155686154961586
    ]
  },
  {
    "userAcceleration" : [
      -0.014853676781058311,
      0.009351849555969238,
      0.02498181164264679
    ],
    "timestamp" : 239715049305,
    "rotationMatrix" : [
      -0.5741332173347473,
      -0.0946359932422638,
      0.8132737874984741,
      0.818759560585022,
      -0.06424160301685333,
      0.5705307722091675,
      -0.0017465054988861084,
      0.9934366941452026,
      0.11436782777309418
    ],
    "gravity" : [
      0.0017465049168094993,
      -0.9934366941452026,
      -0.11436782032251358
    ]
  },
  {
    "userAcceleration" : [
      0.017167815938591957,
      0.02114325761795044,
      0.05437726527452469
    ],
    "timestamp" : 239715059324,
    "rotationMatrix" : [
      -0.5754812955856323,
      -0.09356901049613953,
      0.8124440908432007,
      0.8178130388259888,
      -0.06397230923175812,
      0.5719167590141296,
      -0.0015396177768707275,
      0.9935551285743713,
      0.1133372038602829
    ],
    "gravity" : [
      0.0015395908849313855,
      -0.9935551881790161,
      -0.11333725601434708
    ]
  },
  {
    "userAcceleration" : [
      0.03317125141620636,
      0.03657501935958862,
      0.07361245155334473
    ],
    "timestamp" : 239715069344,
    "rotationMatrix" : [
      -0.5763890743255615,
      -0.09259060025215149,
      0.8119127750396729,
      0.8171744346618652,
      -0.0638962835073471,
      0.5728376507759094,
      -0.001161128282546997,
      0.9936519265174866,
      0.11249186098575592
    ],
    "gravity" : [
      0.0011611448135226965,
      -0.9936519265174866,
      -0.11249182373285294
    ]
  },
  {
    "userAcceleration" : [
      0.04872465133666992,
      0.03454291820526123,
      0.07824653387069702
    ],
    "timestamp" : 239715079363,
    "rotationMatrix" : [
      -0.576633870601654,
      -0.09151831269264221,
      0.8118605613708496,
      0.8170024156570435,
      -0.06405851244926453,
      0.573064923286438,
      -0.0004392564296722412,
      0.9937407970428467,
      0.11170908808708191
    ],
    "gravity" : [
      0.0004392770060803741,
      -0.9937407970428467,
      -0.11170908063650131
    ]
  },
  {
    "userAcceleration" : [
      0.03443162143230438,
      0.02750229835510254,
      0.07887375354766846
    ],
    "timestamp" : 239715089383,
    "rotationMatrix" : [
      -0.5761989951133728,
      -0.0903596580028534,
      0.8122990131378174,
      0.8173091411590576,
      -0.06438033282756805,
      0.5725913047790527,
      0.0005569756031036377,
      0.9938260316848755,
      0.11094774305820465
    ],
    "gravity" : [
      -0.0005569760105572641,
      -0.9938260316848755,
      -0.11094774305820465
    ]
  },
  {
    "userAcceleration" : [
      0.011103613302111626,
      0.011169195175170898,
      0.06988842785358429
    ],
    "timestamp" : 239715099402,
    "rotationMatrix" : [
      -0.5753732323646545,
      -0.08935952186584473,
      0.8129945397377014,
      0.8178893327713013,
      -0.06469276547431946,
      0.5717268586158752,
      0.001505732536315918,
      0.9938960671424866,
      0.11030891537666321
    ],
    "gravity" : [
      -0.0015057214768603444,
      -0.9938960671424866,
      -0.11030896008014679
    ]
  },
  {
    "userAcceleration" : [
      -0.004792572930455208,
      -0.019265711307525635,
      0.05515981465578079
    ],
    "timestamp" : 239715109422,
    "rotationMatrix" : [
      -0.574856162071228,
      -0.08898887038230896,
      0.8134008646011353,
      0.8182519674301147,
      -0.0648704320192337,
      0.5711876749992371,
      0.0019364356994628906,
      0.9939177632331848,
      0.11010675132274628
    ],
    "gravity" : [
      -0.001936419983394444,
      -0.9939177632331848,
      -0.11010672152042389
    ]
  },
  {
    "userAcceleration" : [
      -0.02438892237842083,
      -0.03943455219268799,
      0.05149263143539429
    ],
    "timestamp" : 239715119441,
    "rotationMatrix" : [
      -0.57534259557724,
      -0.08986413478851318,
      0.812960684299469,
      0.8179113268852234,
      -0.06478224694728851,
      0.5716853737831116,
      0.001291513442993164,
      0.9938448071479797,
      0.11077304184436798
    ],
    "gravity" : [
      -0.0012915050610899925,
      -0.9938448071479797,
      -0.11077304929494858
    ]
  },
  {
    "userAcceleration" : [
      -0.0028857800643891096,
      -0.051304399967193604,
      0.05943077802658081
    ],
    "timestamp" : 239715129461,
    "rotationMatrix" : [
      -0.5768253803253174,
      -0.09231787919998169,
      0.8116339445114136,
      0.8168670535087585,
      -0.06435196101665497,
      0.5732249617576599,
      -0.0006886124610900879,
      0.9936478734016418,
      0.112531378865242
    ],
    "gravity" : [
      0.0006886268965899944,
      -0.9936478734016418,
      -0.112531378865242
    ]
  },
  {
    "userAcceleration" : [
      0.030347203835844994,
      -0.02739351987838745,
      0.07064778357744217
    ],
    "timestamp" : 239715139480,
    "rotationMatrix" : [
      -0.5786893963813782,
      -0.09613683819770813,
      0.8098616003990173,
      0.8155392408370972,
      -0.06369709968566895,
      0.575185239315033,
      -0.003710508346557617,
      0.993327796459198,
      0.11526447534561157
    ],
    "gravity" : [
      0.0037105295341461897,
      -0.9933277368545532,
      -0.11526446789503098
    ]
  },
  {
    "userAcceleration" : [
      0.09125037491321564,
      0.021186649799346924,
      0.05928663909435272
    ],
    "timestamp" : 239715149500,
    "rotationMatrix" : [
      -0.5802021622657776,
      -0.10036212205886841,
      0.8082653880119324,
      0.8144440054893494,
      -0.06318479776382446,
      0.5767917633056641,
      -0.006817936897277832,
      0.9929426908493042,
      0.11839926242828369
    ],
    "gravity" : [
      0.006817975547164679,
      -0.9929426908493042,
      -0.1183992326259613
    ]
  },
  {
    "userAcceleration" : [
      0.12771274149417877,
      0.06250762939453125,
      0.023878157138824463
    ],
    "timestamp" : 239715159519,
    "rotationMatrix" : [
      -0.5806562304496765,
      -0.10379800200462341,
      0.8075048923492432,
      0.8140997886657715,
      -0.06314609944820404,
      0.5772815942764282,
      -0.008929848670959473,
      0.9925917387008667,
      0.12116821110248566
    ],
    "gravity" : [
      0.008929837495088577,
      -0.9925917983055115,
      -0.12116820365190506
    ]
  },
  {
    "userAcceleration" : [
      0.13503608107566833,
      0.0872383713722229,
      -0.01609623432159424
    ],
    "timestamp" : 239715169539,
    "rotationMatrix" : [
      -0.5796835422515869,
      -0.10548010468482971,
      0.8079856634140015,
      0.8147867918014526,
      -0.0635349452495575,
      0.57626873254776,
      -0.009449481964111328,
      0.9923896193504333,
      0.12277403473854065
    ],
    "gravity" : [
      0.00944950059056282,
      -0.9923896193504333,
      -0.12277403473854065
    ]
  },
  {
    "userAcceleration" : [
      0.12234204262495041,
      0.07587188482284546,
      -0.06591355800628662
    ],
    "timestamp" : 239715179558,
    "rotationMatrix" : [
      -0.577614426612854,
      -0.10499724745750427,
      0.8095288276672363,
      0.8162662982940674,
      -0.06407362222671509,
      0.5741113424301147,
      -0.008410602807998657,
      0.9924062490463257,
      0.12271565198898315
    ],
    "gravity" : [
      0.00841064378619194,
      -0.9924061894416809,
      -0.12271559983491898
    ]
  },
  {
    "userAcceleration" : [
      -0.0021313419565558434,
      0.04318302869796753,
      -0.10768669843673706
    ],
    "timestamp" : 239715189578,
    "rotationMatrix" : [
      -0.5756619572639465,
      -0.10271891951560974,
      0.811210036277771,
      0.8176623582839966,
      -0.06452479958534241,
      0.5720703601837158,
      -0.0064192116260528564,
      0.9926152229309082,
      0.12113407254219055
    ],
    "gravity" : [
      0.006419184617698193,
      -0.992615282535553,
      -0.12113411724567413
    ]
  },
  {
    "userAcceleration" : [
      -8.559366688132286e-05,
      0.04350244998931885,
      -0.11024032533168793
    ],
    "timestamp" : 239715199597,
    "rotationMatrix" : [
      -0.5748278498649597,
      -0.09952789545059204,
      0.8121985197067261,
      0.8182622790336609,
      -0.06461092829704285,
      0.5712020993232727,
      -0.004373461008071899,
      0.9929346442222595,
      0.11858043074607849
    ],
    "gravity" : [
      0.004373445175588131,
      -0.9929346442222595,
      -0.11858044564723969
    ]
  },
  {
    "userAcceleration" : [
      -0.03638426214456558,
      0.019750535488128662,
      -0.08131192624568939
    ],
    "timestamp" : 239715209617,
    "rotationMatrix" : [
      -0.5759141445159912,
      -0.09633749723434448,
      0.8118136525154114,
      0.8175049424171448,
      -0.06442870199680328,
      0.5723060369491577,
      -0.002830326557159424,
      0.9932610988616943,
      0.11586211621761322
    ],
    "gravity" : [
      0.002830292098224163,
      -0.9932610988616943,
      -0.11586214601993561
    ]
  },
  {
    "userAcceleration" : [
      -0.052160222083330154,
      -0.00190049409866333,
      -0.0206897109746933
    ],
    "timestamp" : 239715219636,
    "rotationMatrix" : [
      -0.5789436101913452,
      -0.09395819902420044,
      0.8099355697631836,
      0.8153645396232605,
      -0.06415988504886627,
      0.5753813982009888,
      -0.0020962655544281006,
      0.9935064315795898,
      0.11375544965267181
    ],
    "gravity" : [
      0.002096268581226468,
      -0.9935064315795898,
      -0.11375544965267181
    ]
  },
  {
    "userAcceleration" : [
      -0.05753914266824722,
      -0.00623399019241333,
      0.046232350170612335
    ],
    "timestamp" : 239715229656,
    "rotationMatrix" : [
      -0.5831078886985779,
      -0.09272247552871704,
      0.8070856928825378,
      0.8123914003372192,
      -0.0638301819562912,
      0.5796080827713013,
      -0.0022261738777160645,
      0.9936437606811523,
      0.11254705488681793
    ],
    "gravity" : [
      0.0022261659614741802,
      -0.9936438202857971,
      -0.11254706233739853
    ]
  },
  {
    "userAcceleration" : [
      -0.042964112013578415,
      0.0022479891777038574,
      0.0968068316578865
    ],
    "timestamp" : 239715239675,
    "rotationMatrix" : [
      -0.5873200297355652,
      -0.0924210250377655,
      0.8040602207183838,
      0.8093487024307251,
      -0.0633443295955658,
      0.58390212059021,
      -0.003031998872756958,
      0.9937028884887695,
      0.1120046079158783
    ],
    "gravity" : [
      0.0030319958459585905,
      -0.9937028884887695,
      -0.1120046079158783
    ]
  },
  {
    "userAcceleration" : [
      -0.009316125884652138,
      0.012930631637573242,
      0.12880617380142212
    ],
    "timestamp" : 239715249695,
    "rotationMatrix" : [
      -0.5903409123420715,
      -0.09256085753440857,
      0.8018290400505066,
      0.8071433305740356,
      -0.0626346617937088,
      0.5870233178138733,
      -0.00411301851272583,
      0.9937350153923035,
      0.1116858571767807
    ],
    "gravity" : [
      0.0041130115278065205,
      -0.9937350153923035,
      -0.11168582737445831
    ]
  },
  {
    "userAcceleration" : [
      0.021838512271642685,
      0.03617781400680542,
      0.13456183671951294
    ],
    "timestamp" : 239715259714,
    "rotationMatrix" : [
      -0.5919294953346252,
      -0.09263747930526733,
      0.8006482124328613,
      0.8059743046760559,
      -0.06190578639507294,
      0.5887044668197632,
      -0.004971355199813843,
      0.9937734603881836,
      0.11130739748477936
    ],
    "gravity" : [
      0.00497130211442709,
      -0.9937735795974731,
      -0.11130741983652115
    ]
  },
  {
    "userAcceleration" : [
      0.0394321009516716,
      0.06052827835083008,
      0.11282969266176224
    ],
    "timestamp" : 239715269734,
    "rotationMatrix" : [
      -0.5922857522964478,
      -0.0923566222190857,
      0.8004170060157776,
      0.8057104349136353,
      -0.0613839328289032,
      0.5891200304031372,
      -0.0052762627601623535,
      0.993831992149353,
      0.11076977849006653
    ],
    "gravity" : [
      0.005276262294501066,
      -0.993831992149353,
      -0.11076979339122772
    ]
  },
  {
    "userAcceleration" : [
      0.053579770028591156,
      0.07882732152938843,
      0.07489912211894989
    ],
    "timestamp" : 239715279753,
    "rotationMatrix" : [
      -0.5917086005210876,
      -0.09143766760826111,
      0.8009493350982666,
      0.8061375617980957,
      -0.06121563911437988,
      0.5885530710220337,
      -0.0047852396965026855,
      0.9939273595809937,
      0.10993331670761108
    ],
    "gravity" : [
      0.004785228054970503,
      -0.9939273595809937,
      -0.10993330180644989
    ]
  },
  {
    "userAcceleration" : [
      0.03690586984157562,
      0.08154219388961792,
      0.03476603329181671
    ],
    "timestamp" : 239715289773,
    "rotationMatrix" : [
      -0.5911091566085815,
      -0.08983743190765381,
      0.8015725612640381,
      0.806583046913147,
      -0.061374321579933167,
      0.5879256725311279,
      -0.0036215782165527344,
      0.9940633773803711,
      0.1087406724691391
    ],
    "gravity" : [
      0.0036215840373188257,
      -0.9940633773803711,
      -0.1087406650185585
    ]
  },
  {
    "userAcceleration" : [
      -0.06639882922172546,
      0.05731445550918579,
      0.015957340598106384
    ],
    "timestamp" : 239715299792,
    "rotationMatrix" : [
      -0.5912081599235535,
      -0.08794158697128296,
