[
  {
    "timestamp" : 239784724712,
    "userAcceleration" : [
      0.05936351418495178,
      -0.07076679915189743,
      0.005814075469970703
    ],
    "rotationMatrix" : [
      0.9618567824363708,
      -0.10174299031496048,
      -0.25392886996269226,
      0.07355038076639175,
      0.9902653098106384,
      -0.11817333847284317,
      0.2634802758693695,
      0.09498926252126694,
      0.9599766731262207
    ],
    "gravity" : [
      -0.2634802460670471,
      -0.09498926252126694,
      -0.9599766731262207
    ]
  },
  {
    "timestamp" : 239784734732,
    "userAcceleration" : [
      0.09360721707344055,
      -0.06256214529275894,
      0.015697777271270752
    ],
    "rotationMatrix" : [
      0.9614381194114685,
      -0.10911162942647934,
      -0.2524506747722626,
      0.0802886113524437,
      0.9893004894256592,
      -0.12181249260902405,
      0.2630407512187958,
      0.09684625267982483,
      0.9599116444587708
    ],
    "gravity" : [
      -0.2630407512187958,
      -0.09684626013040543,
      -0.9599116444587708
    ]
  },
  {
    "timestamp" : 239784744752,
    "userAcceleration" : [
      0.10499906539916992,
      -0.06063693016767502,
      0.017388582229614258
    ],
    "rotationMatrix" : [
      0.9610966444015503,
      -0.11678291857242584,
      -0.25030985474586487,
      0.08756130933761597,
      0.9882991313934326,
      -0.12489151209592819,
      0.26196619868278503,
      0.09811534732580185,
      0.9600765705108643
    ],
    "gravity" : [
      -0.26196619868278503,
      -0.09811534732580185,
      -0.960076630115509
    ]
  }
]