[
  {
    "timestamp" : 239694504758,
    "rotationMatrix" : [
      -0.2830215096473694,
      0.05718868970870972,
      0.9574068784713745,
      0.9583997130393982,
      0.055364131927490234,
      0.28000813722610474,
      -0.036992549896240234,
      0.9968269467353821,
      -0.07047861814498901
    ],
    "userAcceleration" : [
      0.0617472305893898,
      0.049637794494628906,
      0.001603834331035614
    ],
    "gravity" : [
      0.03699254244565964,
      -0.9968269467353821,
      0.07047861069440842
    ]
  },
  {
    "timestamp" : 239694514778,
    "rotationMatrix" : [
      -0.28421854972839355,
      0.05766218900680542,
      0.9570237398147583,
      0.9580770134925842,
      0.054731398820877075,
      0.28123387694358826,
      -0.03616252541542053,
      0.9968345165252686,
      -0.07080027461051941
    ],
    "userAcceleration" : [
      0.0757456123828888,
      0.03905588388442993,
      0.016083233058452606
    ],
    "gravity" : [
      0.036162473261356354,
      -0.9968345761299133,
      0.07080025970935822
    ]
  },
  {
    "timestamp" : 239694524797,
    "rotationMatrix" : [
      -0.28508180379867554,
      0.05843403935432434,
      0.9567201733589172,
      0.9578574895858765,
      0.05399474501609802,
      0.28212296962738037,
      -0.035172104835510254,
      0.9968298673629761,
      -0.07136425375938416
    ],
    "userAcceleration" : [
      0.0805964544415474,
      0.030277252197265625,
      0.022202610969543457
    ],
    "gravity" : [
      0.03517211228609085,
      -0.9968298673629761,
      0.07136421650648117
    ]
  },
  {
    "timestamp" : 239694534816,
    "rotationMatrix" : [
      -0.28562653064727783,
      0.0593620240688324,
      0.9565005898475647,
      0.9577345848083496,
      0.05317646265029907,
      0.28269490599632263,
      -0.034081876277923584,
      0.996819019317627,
      -0.0720415711402893
    ],
    "userAcceleration" : [
      0.07236354798078537,
      0.02893894910812378,
      0.026606440544128418
    ],
    "gravity" : [
      0.034081894904375076,
      -0.9968190789222717,
      0.0720416009426117
    ]
  },
  {
    "timestamp" : 239694544835,
    "rotationMatrix" : [
      -0.28619569540023804,
      0.060265034437179565,
      0.9562739133834839,
      0.957605242729187,
      0.05228084325790405,
      0.2832995355129242,
      -0.03292158246040344,
      0.9968122243881226,
      -0.07267260551452637
    ],
    "userAcceleration" : [
      0.05559473857283592,
      0.01947164535522461,
      0.025044560432434082
    ],
    "gravity" : [
      0.03292163833975792,
      -0.9968122243881226,
      0.07267259061336517
    ]
  },
  {
    "timestamp" : 239694554854,
    "rotationMatrix" : [
      -0.2870216965675354,
      0.06095689535140991,
      0.9559824466705322,
      0.9573944211006165,
      0.05142888426780701,
      0.284166544675827,
      -0.03184303641319275,
      0.9968143701553345,
      -0.07312080264091492
    ],
    "userAcceleration" : [
      0.031938839703798294,
      0.007663607597351074,
      0.0283806249499321
    ],
    "gravity" : [
      0.03184303641319275,
      -0.9968143701553345,
      0.07312075048685074
    ]
  },
  {
    "timestamp" : 239694564874,
    "rotationMatrix" : [
      -0.28804320096969604,
      0.061319977045059204,
      0.9556517601013184,
      0.9571151733398438,
      0.050740599632263184,
      0.28522875905036926,
      -0.030999869108200073,
      0.9968273639678955,
      -0.07330542802810669
    ],
    "userAcceleration" : [
      0.012075809761881828,
      0.0006117820739746094,
      0.03317021578550339
    ],
    "gravity" : [
      0.03099989891052246,
      -0.9968273639678955,
      0.07330550998449326
    ]
  },
  {
    "timestamp" : 239694574893,
    "rotationMatrix" : [
      -0.2892981767654419,
      0.06127661466598511,
      0.9552756547927856,
      0.9567559361457825,
      0.05020773410797119,
      0.2865259349346161,
      -0.03040480613708496,
      0.9968571662902832,
      -0.07315170764923096
    ],
    "userAcceleration" : [
      0.0032256711274385452,
      -0.009902358055114746,
      0.03277468681335449
    ],
    "gravity" : [
      0.03040483593940735,
      -0.9968571662902832,
      0.07315172255039215
    ]
  },
  {
    "timestamp" : 239694584912,
    "rotationMatrix" : [
      -0.2909597158432007,
      0.06081441044807434,
      0.9548004865646362,
      0.9562625885009766,
      0.04985499382019043,
      0.2882298529148102,
      -0.03007301688194275,
      0.9969033002853394,
      -0.07266032695770264
    ],
    "userAcceleration" : [
      0.003114955499768257,
      -0.01718062162399292,
      0.02511788159608841
    ],
    "gravity" : [
      0.030073042958974838,
      -0.9969032406806946,
      0.07266032695770264
    ]
  },
  {
    "timestamp" : 239694594931,
    "rotationMatrix" : [
      -0.2931702136993408,
      0.06010746955871582,
      0.9541686773300171,
      0.9555882215499878,
      0.04977378249168396,
      0.29047104716300964,
      -0.030032962560653687,
      0.9969500303268433,
      -0.0720299780368805
    ],
    "userAcceleration" : [
      0.008709227666258812,
      -0.015958726406097412,
      0.020819664001464844
    ],
    "gravity" : [
      0.03003297746181488,
      -0.9969500303268433,
      0.07203002274036407
    ]
  },
  {
    "timestamp" : 239694604950,
    "rotationMatrix" : [
      -0.29561376571655273,
      0.059433192014694214,
      0.9534567594528198,
      0.9548285007476807,
      0.04997733235359192,
      0.2929239571094513,
      -0.030241668224334717,
      0.9969803094863892,
      -0.07152232527732849
    ],
    "userAcceleration" : [
      0.017289595678448677,
      -0.01930069923400879,
      0.026790015399456024
    ],
    "gravity" : [
      0.03024165704846382,
      -0.9969802498817444,
      0.07152233272790909
    ]
  },
  {
    "timestamp" : 239694614969,
    "rotationMatrix" : [
      -0.29781538248062134,
      0.058987706899642944,
      0.9527993202209473,
      0.9541305303573608,
      0.05046290159225464,
      0.2951073944568634,
      -0.030673295259475708,
      0.9969824552536011,
      -0.07131063938140869
    ],
    "userAcceleration" : [
      0.03783880174160004,
      -0.020549893379211426,
      0.042672403156757355
    ],
    "gravity" : [
      0.030673310160636902,
      -0.9969823956489563,
      0.07131066173315048
    ]
  },
  {
    "timestamp" : 239694624989,
    "rotationMatrix" : [
      -0.2995864152908325,
      0.05857124924659729,
      0.9522694945335388,
      0.9535572528839111,
      0.05107170343399048,
      0.29685041308403015,
      -0.03124701976776123,
      0.9969758987426758,
      -0.07115131616592407
    ],
    "userAcceleration" : [
      0.04706117883324623,
      -0.03216826915740967,
      0.0594942569732666
    ],
    "gravity" : [
      0.031247055158019066,
      -0.9969758987426758,
      0.07115134596824646
    ]
  },
  {
    "timestamp" : 239694635008,
    "rotationMatrix" : [
      -0.30092018842697144,
      0.05798673629760742,
      0.9518846273422241,
      0.9531189203262329,
      0.05157151818275452,
      0.29816877841949463,
      -0.03180024027824402,
      0.9969843626022339,
      -0.07078710198402405
    ],
    "userAcceleration" : [
      0.035811539739370346,
      -0.021188735961914062,
      0.06344437599182129
    ],
    "gravity" : [
      0.0318002849817276,
      -0.9969843626022339,
      0.07078711688518524
    ]
  },
  {
    "timestamp" : 239694645027,
    "rotationMatrix" : [
      -0.30145472288131714,
      0.057637810707092285,
      0.9517368078231812,
      0.9529424905776978,
      0.051739245653152466,
      0.29870328307151794,
      -0.03202551603317261,
      0.9969959259033203,
      -0.07052257657051086
    ],
    "userAcceleration" : [
      0.06233495473861694,
      -0.022428452968597412,
      0.04913676530122757
    ],
    "gravity" : [
      0.0320255421102047,
      -0.9969959855079651,
      0.07052262872457504
    ]
  },
  {
    "timestamp" : 239694655046,
    "rotationMatrix" : [
      -0.30142641067504883,
      0.057825177907943726,
      0.9517342448234558,
      0.9529532194137573,
      0.05173557996749878,
      0.2986692488193512,
      -0.03196781873703003,
      0.9969851970672607,
      -0.07069903612136841
    ],
    "userAcceleration" : [
      0.04989573732018471,
      -0.03780472278594971,
      0.028971314430236816
    ],
    "gravity" : [
      0.03196781501173973,
      -0.9969851970672607,
      0.0706990659236908
    ]
  },
  {
    "timestamp" : 239694665065,
    "rotationMatrix" : [
      -0.3009975552558899,
      0.05845367908477783,
      0.951831579208374,
      0.9530929327011108,
      0.0517713725566864,
      0.29821711778640747,
      -0.031845659017562866,
      0.9969467520713806,
      -0.07129475474357605
    ],
    "userAcceleration" : [
      0.018157538026571274,
      -0.042985379695892334,
      0.012170791625976562
    ],
    "gravity" : [
      0.031845662742853165,
      -0.9969467520713806,
      0.07129476964473724
    ]
  },
  {
    "timestamp" : 239694675085,
    "rotationMatrix" : [
      -0.3006799817085266,
      0.05938616394996643,
      0.9518741369247437,
      0.9531983137130737,
      0.0518726110458374,
      0.2978622019290924,
      -0.03168711066246033,
      0.9968862533569336,
      -0.07220357656478882
    ],
    "userAcceleration" : [
      0.012212581932544708,
      -0.05247575044631958,
      -0.0006551817059516907
    ],
    "gravity" : [
      0.031687088310718536,
      -0.9968861937522888,
      0.07220356911420822
    ]
  },
  {
    "timestamp" : 239694685104,
    "rotationMatrix" : [
      -0.3009865880012512,
      0.060385704040527344,
      0.9517143368721008,
      0.9531028270721436,
      0.05216941237449646,
      0.2981157898902893,
      -0.03164827823638916,
      0.9968107342720032,
      -0.07325586676597595
    ],
    "userAcceleration" : [
      0.0021042414009571075,
      -0.05792236328125,
      0.0010085031390190125
    ],
    "gravity" : [
      0.03164832293987274,
      -0.9968107342720032,
      0.07325591146945953
    ]
  },
  {
    "timestamp" : 239694695123,
    "rotationMatrix" : [
      -0.30184876918792725,
      0.06118932366371155,
      0.9513897895812988,
      0.9528231620788574,
      0.05270874500274658,
      0.29891374707221985,
      -0.031856030225753784,
      0.9967333078384399,
      -0.07421243190765381
    ],
    "userAcceleration" : [
      0.003544498234987259,
      -0.05938827991485596,
      0.016287311911582947
    ],
    "gravity" : [
      0.03185601532459259,
      -0.9967333078384399,
      0.07421240210533142
    ]
  },
  {
    "timestamp" : 239694705142,
    "rotationMatrix" : [
      -0.30290699005126953,
      0.06171548366546631,
      0.9510195255279541,
      0.9524751901626587,
      0.053336888551712036,
      0.2999095916748047,
      -0.03221520781517029,
      0.9966675043106079,
      -0.07493838667869568
    ],
    "userAcceleration" : [
      0.023906748741865158,
      -0.06770914793014526,
      0.030728571116924286
    ],
    "gravity" : [
      0.03221520408987999,
      -0.9966675043106079,
      0.07493843883275986
    ]
  },
  {
    "timestamp" : 239694715161,
    "rotationMatrix" : [
      -0.30388158559799194,
      0.06206279993057251,
      0.9506861567497253,
      0.9521521925926208,
      0.05392080545425415,
      0.3008301556110382,
      -0.032591402530670166,
      0.9966146945953369,
      -0.07547879219055176
    ],
    "userAcceleration" : [
      0.03776702284812927,
      -0.06933385133743286,
      0.03261435776948929
    ],
    "gravity" : [
      0.03259139508008957,
      -0.9966146349906921,
      0.07547876983880997
    ]
  },
  {
    "timestamp" : 239694725180,
    "rotationMatrix" : [
      -0.3046067953109741,
      0.06246665120124817,
      0.9504274725914001,
      0.9519100189208984,
      0.05442345142364502,
      0.30150505900382996,
      -0.03289145231246948,
      0.9965620040893555,
      -0.07604026794433594
    ],
    "userAcceleration" : [
      0.04427240043878555,
      -0.06741797924041748,
      0.02341639995574951
    ],
    "gravity" : [
      0.03289144113659859,
      -0.9965620040893555,
      0.07604028284549713
    ]
  },
  {
    "timestamp" : 239694735200,
    "rotationMatrix" : [
      -0.30507951974868774,
      0.06322616338729858,
      0.9502255916595459,
      0.9517536759376526,
      0.05485278367996216,
      0.30192047357559204,
      -0.033033132553100586,
      0.9964905381202698,
      -0.07691001892089844
    ],
    "userAcceleration" : [
      0.047060396522283554,
      -0.061385929584503174,
      0.008935928344726562
    ],
    "gravity" : [
      0.033033136278390884,
      -0.9964905381202698,
      0.07691001892089844
    ]
  },
  {
    "timestamp" : 239694745219,
    "rotationMatrix" : [
      -0.30535513162612915,
      0.06455481052398682,
      0.950047492980957,
      0.9516705274581909,
      0.05513399839401245,
      0.30213072896003723,
      -0.03287574648857117,
      0.9963897466659546,
      -0.0782700777053833
    ],
    "userAcceleration" : [
      0.051841236650943756,
      -0.05188882350921631,
      0.004814021289348602
    ],
    "gravity" : [
      0.03287569805979729,
      -0.9963896870613098,
      0.07827004790306091
    ]
  },
  {
    "timestamp" : 239694755238,
    "rotationMatrix" : [
      -0.3053545355796814,
      0.0664905309677124,
      0.9499142169952393,
      0.9516880512237549,
      0.05522274971008301,
      0.3020595610141754,
      -0.03237256407737732,
      0.9962575435638428,
      -0.08014053106307983
    ],
    "userAcceleration" : [
      0.04407406598329544,
      -0.057209014892578125,
      0.010206691920757294
    ],
    "gravity" : [
      0.032372601330280304,
      -0.9962575435638428,
      0.08014053106307983
    ]
  },
  {
    "timestamp" : 239694765257,
    "rotationMatrix" : [
      -0.3050222396850586,
      0.06889364123344421,
      0.9498499631881714,
      0.951817512512207,
      0.05524927377700806,
      0.3016468286514282,
      -0.03169694542884827,
      0.9960929155349731,
      -0.08242636919021606
    ],
    "userAcceleration" : [
      0.02143428847193718,
      -0.07301408052444458,
      0.020158417522907257
    ],
    "gravity" : [
      0.03169696405529976,
      -0.9960929751396179,
      0.08242640644311905
    ]
  },
  {
    "timestamp" : 239694775276,
    "rotationMatrix" : [
      -0.30439698696136475,
      0.07149317860603333,
      0.949858546257019,
      0.9520360231399536,
      0.05543839931488037,
      0.30092209577560425,
      -0.031144767999649048,
      0.9958992600440979,
      -0.08493936061859131
    ],
    "userAcceleration" : [
      -0.013658057898283005,
      -0.0839805006980896,
      0.030218608677387238
    ],
    "gravity" : [
      0.031144767999649048,
      -0.9958992600440979,
      0.0849393680691719
    ]
  },
  {
    "timestamp" : 239694785296,
    "rotationMatrix" : [
      -0.30378228425979614,
      0.07384330034255981,
      0.9498754143714905,
      0.9522364735603333,
      0.055985838174819946,
      0.30018508434295654,
      -0.031012892723083496,
      0.995697021484375,
      -0.08732369542121887
    ],
    "userAcceleration" : [
      -0.03937453776597977,
      -0.09559613466262817,
      0.044496893882751465
    ],
    "gravity" : [
      0.031012848019599915,
      -0.9956970810890198,
      0.08732368797063828
    ]
  },
  {
    "timestamp" : 239694795315,
    "rotationMatrix" : [
      -0.3034580945968628,
      0.07542738318443298,
      0.9498546123504639,
      0.952323317527771,
      0.05698111653327942,
      0.2997220456600189,
      -0.031516462564468384,
      0.9955217838287354,
      -0.08912250399589539
    ],
    "userAcceleration" : [
      -0.045981619507074356,
      -0.10337024927139282,
      0.05664467811584473
    ],
    "gravity" : [
      0.03151644021272659,
      -0.9955218434333801,
      0.08912249654531479
    ]
  },
  {
    "timestamp" : 239694805334,
    "rotationMatrix" : [
      -0.30373233556747437,
      0.0759589672088623,
      0.949724555015564,
      0.9521974325180054,
      0.058369070291519165,
      0.29985490441322327,
      -0.03265780210494995,
      0.9954010248184204,
      -0.09005644917488098
    ],
    "userAcceleration" : [
      -0.034915972501039505,
      -0.08626389503479004,
      0.060425639152526855
    ],
    "gravity" : [
      0.03265780210494995,
      -0.9954009652137756,
      0.09005644172430038
    ]
  },
  {
    "timestamp" : 239694815353,
    "rotationMatrix" : [
      -0.30451148748397827,
      0.07546815276145935,
      0.9495141506195068,
      0.951892614364624,
      0.05995497107505798,
      0.3005090653896332,
      -0.03424915671348572,
      0.9953440427780151,
      -0.09009453654289246
    ],
    "userAcceleration" : [
      -0.003945063799619675,
      -0.05624586343765259,
      0.06299687176942825
    ],
    "gravity" : [
      0.03424916788935661,
      -0.9953441023826599,
      0.09009452909231186
    ]
  },
  {
    "timestamp" : 239694825372,
    "rotationMatrix" : [
      -0.30548256635665894,
      0.07426139712333679,
      0.9492974877357483,
      0.9515173435211182,
      0.061486661434173584,
      0.30138692259788513,
      -0.0359877347946167,
      0.995341420173645,
      -0.08944416046142578
    ],
    "userAcceleration" : [
      0.029258977621793747,
      -0.02562403678894043,
      0.058703646063804626
    ],
    "gravity" : [
      0.0359877310693264,
      -0.9953414797782898,
      0.08944413810968399
    ]
  },
  {
    "timestamp" : 239694835391,
    "rotationMatrix" : [
      -0.30669236183166504,
      0.07281243801116943,
      0.9490193128585815,
      0.9510657787322998,
      0.0628252923488617,
      0.30253365635871887,
      -0.03759405016899109,
      0.995364785194397,
      -0.0885172188282013
    ],
    "userAcceleration" : [
      0.05255502834916115,
      0.002521336078643799,
      0.046812884509563446
    ],
    "gravity" : [
      0.03759404271841049,
      -0.9953647255897522,
      0.0885171964764595
    ]
  },
  {
    "timestamp" : 239694845411,
    "rotationMatrix" : [
      -0.3068382740020752,
      0.07170090079307556,
      0.9490567445755005,
      0.950968861579895,
      0.0637800395488739,
      0.30263814330101013,
      -0.03883126378059387,
      0.995384693145752,
      -0.0877552330493927
    ],
    "userAcceleration" : [
      0.07156618684530258,
      0.021019697189331055,
      0.03358256071805954
    ],
    "gravity" : [
      0.03883127495646477,
      -0.995384693145752,
      0.0877552330493927
    ]
  },
  {
    "timestamp" : 239694855430,
    "rotationMatrix" : [
      -0.30670881271362305,
      0.07117298245429993,
      0.9491384029388428,
      0.9509803056716919,
      0.06437203288078308,
      0.3024771213531494,
      -0.03956961631774902,
      0.9953845739364624,
      -0.08742740750312805
    ],
    "userAcceleration" : [
      0.07122460007667542,
      0.03606462478637695,
      0.007436394691467285
    ],
    "gravity" : [
      0.039569608867168427,
      -0.9953845739364624,
      0.08742743730545044
    ]
  },
  {
    "timestamp" : 239694865449,
    "rotationMatrix" : [
      -0.3052830696105957,
      0.07133686542510986,
      0.9495856761932373,
      0.9514319896697998,
      0.0644618570804596,
      0.301034152507782,
      -0.03973707556724548,
      0.9953669905662537,
      -0.08755108714103699
    ],
    "userAcceleration" : [
      0.07105710357427597,
      0.03604710102081299,
      0.007312647998332977
    ],
    "gravity" : [
      0.039737094193696976,
      -0.9953669905662537,
      0.08755110949277878
    ]
  },
  {
    "timestamp" : 239694875468,
    "rotationMatrix" : [
      -0.3047351837158203,
      0.07195925712585449,
      0.9497147798538208,
      0.9516241550445557,
      0.06419321894645691,
      0.30048397183418274,
      -0.03934261202812195,
      0.9953396320343018,
      -0.08804002404212952
    ],
    "userAcceleration" : [
      0.05391926318407059,
      0.04021584987640381,
      -0.01488947868347168
    ],
    "gravity" : [
      0.03934260085225105,
      -0.9953396320343018,
      0.08803999423980713
    ]
  },
  {
    "timestamp" : 239694885487,
    "rotationMatrix" : [
      -0.30404919385910034,
      0.0729428231716156,
      0.949859619140625,
      0.9518765211105347,
      0.06359291076660156,
      0.29981139302253723,
      -0.038535237312316895,
      0.9953066110610962,
      -0.08876782655715942
    ],
    "userAcceleration" : [
      0.027352377772331238,
      0.03125631809234619,
      -0.024833552539348602
    ],
    "gravity" : [
      0.0385352298617363,
      -0.9953066110610962,
      0.08876784890890121
    ]
  },
  {
    "timestamp" : 239694895507,
    "rotationMatrix" : [
      -0.3040032982826233,
      0.07396715879440308,
      0.949795126914978,
      0.9519267678260803,
      0.06298360228538513,
      0.29978063702583313,
      -0.03764757513999939,
      0.995269775390625,
      -0.08955845236778259
    ],
    "userAcceleration" : [
      -0.006717860698699951,
      0.025634825229644775,
      -0.01955115795135498
    ],
    "gravity" : [
      0.03764756768941879,
      -0.9952697157859802,
      0.0895584374666214
    ]
  },
  {
    "timestamp" : 239694905526,
    "rotationMatrix" : [
      -0.3047489523887634,
      0.07483068108558655,
      0.9494885802268982,
      0.9517180919647217,
      0.0625380277633667,
      0.30053573846817017,
      -0.036889851093292236,
      0.9952333569526672,
      -0.09027618169784546
    ],
    "userAcceleration" : [
      -0.03577582538127899,
      0.031625568866729736,
      -0.010045520961284637
    ],
    "gravity" : [
      0.03688986599445343,
      -0.9952333569526672,
      0.09027615934610367
    ]
  },
  {
    "timestamp" : 239694915545,
    "rotationMatrix" : [
      -0.3058958649635315,
      0.07552963495254517,
      0.9490640759468079,
      0.9513705372810364,
      0.06231173872947693,
      0.30168044567108154,
      -0.03635185956954956,
      0.9951945543289185,
      -0.0909174382686615
    ],
    "userAcceleration" : [
      -0.04759746789932251,
      0.03434884548187256,
      0.012094385921955109
    ],
    "gravity" : [
      0.03635188192129135,
      -0.9951945543289185,
      0.09091738611459732
    ]
  },
  {
    "timestamp" : 239694925564,
    "rotationMatrix" : [
      -0.3065379858016968,
      0.07610225677490234,
      0.9488110542297363,
      0.9511711597442627,
      0.06235668063163757,
      0.3022991716861725,
      -0.03615888953208923,
      0.9951481819152832,
      -0.09150078892707825
    ],
    "userAcceleration" : [
      -0.05320282652974129,
      0.033188462257385254,
      0.03656613081693649
    ],
    "gravity" : [
      0.03615889325737953,
      -0.9951481223106384,
      0.09150075912475586
    ]
  },
  {
    "timestamp" : 239694935583,
    "rotationMatrix" : [
      -0.3069116473197937,
      0.07639792561531067,
      0.9486666917800903,
      0.9510366916656494,
      0.0628761351108551,
      0.30261489748954773,
      -0.036529332399368286,
      0.9950928688049316,
      -0.09195461869239807
    ],
    "userAcceleration" : [
      -0.046538952738046646,
      0.02585470676422119,
      0.054010987281799316
    ],
    "gravity" : [
      0.03652932867407799,
      -0.9950928688049316,
      0.09195457398891449
    ]
  },
  {
    "timestamp" : 239694945602,
    "rotationMatrix" : [
      -0.3068578243255615,
      0.07626929879188538,
      0.9486943483352661,
      0.9510232210159302,
      0.0636570155620575,
      0.3024936020374298,
      -0.03731992840766907,
      0.9950530529022217,
      -0.09206739068031311
    ],
    "userAcceleration" : [
      -0.023358002305030823,
      0.02909553050994873,
      0.07280372828245163
    ],
    "gravity" : [
      0.03731994330883026,
      -0.9950529932975769,
      0.09206736832857132
    ]
  },
  {
    "timestamp" : 239694955622,
    "rotationMatrix" : [
      -0.30665433406829834,
      0.07549864053726196,
      0.9488216638565063,
      0.9510474801063538,
      0.0644771158695221,
      0.3022434115409851,
      -0.03835815191268921,
      0.9950589537620544,
      -0.0915747582912445
    ],
    "userAcceleration" : [
      -0.007779426872730255,
      0.03537285327911377,
      0.07968985289335251
    ],
    "gravity" : [
      0.0383581668138504,
      -0.9950589537620544,
      0.09157475084066391
    ]
  },
  {
    "timestamp" : 239694965641,
    "rotationMatrix" : [
      -0.3058973550796509,
      0.07407557964324951,
      0.9491782784461975,
      0.9512438774108887,
      0.0651623010635376,
      0.30147773027420044,
      -0.03951841592788696,
      0.9951213002204895,
      -0.09039676189422607
    ],
    "userAcceleration" : [
      -0.006818685680627823,
      0.05109071731567383,
      0.023632168769836426
    ],
    "gravity" : [
      0.03951839730143547,
      -0.9951213598251343,
      0.09039672464132309
    ]
  },
  {
    "timestamp" : 239694975660,
    "rotationMatrix" : [
      -0.30431997776031494,
      0.07223084568977356,
      0.9498273134231567,
      0.9517011642456055,
      0.06562799215316772,
      0.2999296486377716,
      -0.04067102074623108,
      0.9952263832092285,
      -0.08871394395828247
    ],
    "userAcceleration" : [
      -0.00797128677368164,
      0.051195740699768066,
      0.025314927101135254
    ],
    "gravity" : [
      0.04067101329565048,
      -0.9952263832092285,
      0.08871393650770187
    ]
  },
  {
    "timestamp" : 239694985679,
    "rotationMatrix" : [
      -0.30317598581314087,
      0.07024231553077698,
      0.9503421783447266,
      0.9520226716995239,
      0.0659431517124176,
      0.2988381087779999,
      -0.04167744517326355,
      0.9953478574752808,
      -0.08686462044715881
    ],
    "userAcceleration" : [
      -0.015401657670736313,
      0.06109803915023804,
      -0.02039741724729538
    ],
    "gravity" : [
      0.04167743772268295,
      -0.9953479170799255,
      0.08686461299657822
    ]
  },
  {
    "timestamp" : 239694995698,
    "rotationMatrix" : [
      -0.3015586733818054,
      0.06859385967254639,
      0.9509768486022949,
      0.9525020122528076,
      0.06608074903488159,
      0.2972760498523712,
      -0.04244983196258545,
      0.9954537153244019,
      -0.08526289463043213
    ],
    "userAcceleration" : [
      -0.0289761982858181,
      0.053086280822753906,
      -0.07301009446382523
    ],
    "gravity" : [
      0.042449839413166046,
      -0.9954536557197571,
      0.08526286482810974
    ]
  },
  {
    "timestamp" : 239695005718,
    "rotationMatrix" : [
      -0.3003094792366028,
      0.06759217381477356,
      0.9514440298080444,
      0.9528658390045166,
      0.06637370586395264,
      0.29604288935661316,
      -0.043140679597854614,
      0.9955028295516968,
      -0.0843389630317688
    ],
    "userAcceleration" : [
      -0.05656832829117775,
      0.03712880611419678,
      -0.12347780913114548
    ],
    "gravity" : [
      0.0431407205760479,
      -0.9955028295516968,
      0.0843389704823494
    ]
  },
  {
    "timestamp" : 239695015737,
    "rotationMatrix" : [
      -0.29969924688339233,
      0.06743115186691284,
      0.9516477584838867,
      0.9530171751976013,
      0.0671955943107605,
      0.2953692078590393,
      -0.044029444456100464,
      0.9954585433006287,
      -0.08440148830413818
    ],
    "userAcceleration" : [
      -0.07845313847064972,
      0.023962080478668213,
      -0.14786279201507568
    ],
    "gravity" : [
      0.044029444456100464,
      -0.9954585433006287,
      0.0844014436006546
    ]
  },
  {
    "timestamp" : 239695025756,
    "rotationMatrix" : [
      -0.2996617555618286,
      0.06804788112640381,
      0.9516155123710632,
      0.9529690742492676,
      0.06871575117111206,
      0.29517439007759094,
      -0.04530489444732666,
      0.9953128099441528,
      -0.08543890714645386
    ],
    "userAcceleration" : [
      -0.08055254817008972,
      0.014615237712860107,
      -0.14671838283538818
    ],
    "gravity" : [
      0.04530489817261696,
      -0.9953127503395081,
      0.08543892949819565
    ]
  },
  {
    "timestamp" : 239695035775,
    "rotationMatrix" : [
      -0.3011159300804138,
      0.06906390190124512,
      0.9510831832885742,
      0.9524303674697876,
      0.07089996337890625,
      0.2963940501213074,
      -0.046961575746536255,
      0.995089590549469,
      -0.08712762594223022
    ],
    "userAcceleration" : [
      -0.07256569713354111,
      0.017657458782196045,
      -0.11602783203125
    ],
    "gravity" : [
      0.04696157947182655,
      -0.995089590549469,
      0.0871276706457138
    ]
  },
  {
    "timestamp" : 239695045794,
    "rotationMatrix" : [
      -0.30337923765182495,
      0.07010206580162048,
      0.9502875804901123,
      0.9516175985336304,
      0.07339879870414734,
      0.2983894646167755,
      -0.048832088708877563,
      0.9948357343673706,
      -0.08897790312767029
    ],
    "userAcceleration" : [
      -0.051212359219789505,
      0.038155555725097656,
      -0.05940651893615723
    ],
    "gravity" : [
      0.04883212223649025,
      -0.9948357343673706,
      0.08897791802883148
    ]
  },
  {
    "timestamp" : 239695055813,
    "rotationMatrix" : [
      -0.30589741468429565,
      0.07085901498794556,
      0.9494237899780273,
      0.9507202506065369,
      0.07570615410804749,
      0.3006649613380432,
      -0.050572335720062256,
      0.9946091771125793,
      -0.0905252993106842
    ],
    "userAcceleration" : [
      -0.015644799917936325,
      0.054759442806243896,
      -0.0013835430145263672
    ],
    "gravity" : [
      0.05057229846715927,
      -0.9946091771125793,
      0.09052529186010361
    ]
  },
  {
    "timestamp" : 239695065833,
    "rotationMatrix" : [
      -0.30797791481018066,
      0.07119426131248474,
      0.9487260580062866,
      0.9499803781509399,
      0.07734349370002747,
      0.3025810718536377,
      -0.05183577537536621,
      0.9944593906402588,
      -0.09145328402519226
    ],
    "userAcceleration" : [
      0.017332453280687332,
      0.06435990333557129,
      0.0420914962887764
    ],
    "gravity" : [
      0.0518357940018177,
      -0.9944593906402588,
      0.09145334362983704
    ]
  },
  {
    "timestamp" : 239695075852,
    "rotationMatrix" : [
      -0.30930668115615845,
      0.071067214012146,
      0.9483031034469604,
      0.9495111703872681,
      0.07814913988113403,
      0.30384406447410583,
      -0.05251571536064148,
      0.9944053888320923,
      -0.09165120124816895
    ],
    "userAcceleration" : [
      0.027257375419139862,
      0.05949944257736206,
      0.05625224858522415
    ],
    "gravity" : [
      0.05251571908593178,
      -0.9944054484367371,
      0.09165120869874954
    ]
  },
  {
    "timestamp" : 239695085871,
    "rotationMatrix" : [
      -0.3100835680961609,
      0.07052049040794373,
      0.9480900764465332,
      0.9492462873458862,
      0.07826614379882812,
      0.3046402037143707,
      -0.05271992087364197,
      0.9944350719451904,
      -0.09121030569076538
    ],
    "userAcceleration" : [
      -0.005005545914173126,
      0.05795753002166748,
      0.031592369079589844
    ],
    "gravity" : [
      0.05271990969777107,
      -0.9944350719451904,
      0.0912102460861206
    ]
  },
  {
    "timestamp" : 239695095890,
    "rotationMatrix" : [
      -0.30998772382736206,
      0.0700950026512146,
      0.9481528997421265,
      0.9492899775505066,
      0.07788485288619995,
      0.304601788520813,
      -0.052495479583740234,
      0.9944950342178345,
      -0.0906836986541748
    ],
    "userAcceleration" : [
      -0.012303762137889862,
      0.0622442364692688,
      0.0025168582797050476
    ],
    "gravity" : [
      0.05249553546309471,
      -0.9944950342178345,
      0.090683713555336
    ]
  },
  {
    "timestamp" : 239695105909,
    "rotationMatrix" : [
      -0.3095471262931824,
      0.07007971405982971,
      0.9482979774475098,
      0.949460506439209,
      0.07732555270195007,
      0.304212361574173,
      -0.05200842022895813,
      0.994539737701416,
      -0.09047362208366394
    ],
    "userAcceleration" : [
      -0.0203157477080822,
      0.04381054639816284,
      -0.019443996250629425
    ],
    "gravity" : [
      0.052008382976055145,
      -0.994539737701416,
      0.09047357738018036
    ]
  },
  {
    "timestamp" : 239695115929,
    "rotationMatrix" : [
      -0.30955421924591064,
      0.07022348046302795,
      0.9482850432395935,
      0.9494863748550415,
      0.0768330991268158,
      0.30425673723220825,
      -0.05149358510971069,
      0.9945678114891052,
      -0.09046009182929993
    ],
    "userAcceleration" : [
      -0.04183465987443924,
      0.039810240268707275,
      -0.02451169490814209
    ],
    "gravity" : [
      0.051493607461452484,
      -0.9945678114891052,
      0.0904601439833641
    ]
  },
  {
    "timestamp" : 239695125948,
    "rotationMatrix" : [
      -0.3101208209991455,
      0.07012894749641418,
      0.9481070637702942,
      0.9493280649185181,
      0.0763462483882904,
      0.30487310886383057,
      -0.051003992557525635,
      0.9946120977401733,
      -0.09025195240974426
    ],
    "userAcceleration" : [
      -0.0503171943128109,
      0.03756558895111084,
      -0.01690303534269333
    ],
    "gravity" : [
      0.051003992557525635,
      -0.9946120381355286,
      0.09025192260742188
    ]
  },
  {
    "timestamp" : 239695135967,
    "rotationMatrix" : [
      -0.31115323305130005,
      0.06960713863372803,
      0.9478070735931396,
      0.9490139484405518,
      0.07581198215484619,
      0.30598193407058716,
      -0.05055651068687439,
      0.9946895241737366,
      -0.08964711427688599
    ],
    "userAcceleration" : [
      -0.06503695994615555,
      0.027633368968963623,
      -0.014589190483093262
    ],
    "gravity" : [
      0.05055651068687439,
      -0.9946895241737366,
      0.08964713662862778
    ]
  },
  {
    "timestamp" : 239695145986,
    "rotationMatrix" : [
      -0.3128259778022766,
      0.06869521737098694,
      0.9473227262496948,
      0.9484764337539673,
      0.07543188333511353,
      0.30773723125457764,
      -0.05031809210777283,
      0.9947817325592041,
      -0.0887526273727417
    ],
    "userAcceleration" : [
      -0.08107971400022507,
      0.021286427974700928,
      0.0009689256548881531
    ],
    "gravity" : [
      0.050318118184804916,
      -0.9947816729545593,
      0.0887526199221611
    ]
  },
  {
    "timestamp" : 239695156005,
    "rotationMatrix" : [
      -0.31455689668655396,
      0.0675189197063446,
      0.9468342065811157,
      0.9479012489318848,
      0.07527157664299011,
      0.30954381823539734,
      -0.050369590520858765,
      0.9948744773864746,
      -0.08767840266227722
    ],
    "userAcceleration" : [
      -0.08442705869674683,
      0.015901148319244385,
      0.024076826870441437
    ],
    "gravity" : [
      0.05036959797143936,
      -0.9948745369911194,
      0.08767842501401901
    ]
  },
  {
    "timestamp" : 239695166025,
    "rotationMatrix" : [
      -0.3164460062980652,
      0.0660601556301117,
      0.9463074803352356,
      0.9472554922103882,
      0.07530519366264343,
      0.31150609254837036,
      -0.05068373680114746,
      0.99496990442276,
      -0.08640584349632263
    ],
    "userAcceleration" : [
      -0.08078917860984802,
      0.013890862464904785,
      0.04604042321443558
    ],
    "gravity" : [
      0.05068373307585716,
      -0.99496990442276,
      0.08640587329864502
    ]
  },
  {
    "timestamp" : 239695176044,
    "rotationMatrix" : [
      -0.3174362778663635,
      0.06425338983535767,
      0.9461002945899963,
      0.9468966126441956,
      0.07534199953079224,
      0.3125866651535034,
      -0.05119633674621582,
      0.9950854778289795,
      -0.08475768566131592
    ],
    "userAcceleration" : [
      -0.07396230846643448,
      0.023878872394561768,
      0.06979859620332718
    ],
    "gravity" : [
      0.051196351647377014,
      -0.9950855374336243,
      0.08475768566131592
    ]
  },
  {
    "timestamp" : 239695186063,
    "rotationMatrix" : [
      -0.31791698932647705,
      0.06186068058013916,
      0.9460980296134949,
      0.9467003345489502,
      0.07526549696922302,
      0.31319838762283325,
      -0.0518336296081543,
      0.9952426552772522,
      -0.0824914276599884
    ],
    "userAcceleration" : [
      -0.06922854483127594,
      0.0301550030708313,
      0.08450066298246384
    ],
    "gravity" : [
      0.05183364450931549,
      -0.9952426552772522,
      0.08249139785766602
    ]
  },
  {
    "timestamp" : 239695196082,
    "rotationMatrix" : [
      -0.3179606795310974,
      0.05859684944152832,
      0.9462913274765015,
      0.9466457366943359,
      0.07495412230491638,
      0.31343844532966614,
      -0.05256190896034241,
      0.9954638481140137,
      -0.07930287718772888
    ],
    "userAcceleration" : [
      -0.06478402018547058,
      0.03310728073120117,
      0.09391475468873978
    ],
    "gravity" : [
      0.052561867982149124,
      -0.9954638481140137,
      0.07930287718772888
    ]
  },
  {
    "timestamp" : 239695206101,
    "rotationMatrix" : [
      -0.31752246618270874,
      0.05431210994720459,
      0.9466940760612488,
      0.9467443227767944,
      0.07440966367721558,
      0.3132703900337219,
      -0.053428828716278076,
      0.9957476258277893,
      -0.07504642009735107
    ],
    "userAcceleration" : [
      -0.05553438141942024,
      0.030110538005828857,
      0.08631527423858643
    ],
    "gravity" : [
      0.05342880263924599,
      -0.9957476258277893,
      0.0750463604927063
    ]
  },
  {
    "timestamp" : 239695216120,
    "rotationMatrix" : [
      -0.3167164921760559,
      0.04916262626647949,
      0.9472451210021973,
      0.9469573497772217,
      0.0736900269985199,
      0.3127959072589874,
      -0.05442452430725098,
      0.9960685968399048,
      -0.06989356875419617
    ],
    "userAcceleration" : [
      -0.05146417021751404,
      0.031911611557006836,
      0.05364155024290085
    ],
    "gravity" : [
      0.054424505680799484,
      -0.99606853723526,
      0.06989357620477676
    ]
  },
  {
    "timestamp" : 239695226140,
    "rotationMatrix" : [
      -0.31567227840423584,
      0.043545424938201904,
      0.9478682279586792,
      0.9472448229789734,
      0.07286691665649414,
      0.3121173679828644,
      -0.055476754903793335,
      0.9963904619216919,
      -0.06424999237060547
    ],
    "userAcceleration" : [
      -0.046229805797338486,
      0.04079371690750122,
      0.009861819446086884
    ],
    "gravity" : [
      0.05547676980495453,
      -0.9963904023170471,
      0.06425001472234726
    ]
  },
  {
    "timestamp" : 239695236159,
    "rotationMatrix" : [
      -0.3146165609359741,
      0.03797063231468201,
      0.9484590291976929,
      0.9475420713424683,
      0.07192784547805786,
      0.3114328384399414,
      -0.056395262479782104,
      0.9966868162155151,
      -0.05860847234725952
    ],
    "userAcceleration" : [
      -0.03938162326812744,
      0.05120652914047241,
      -0.0364375114440918
    ],
    "gravity" : [
      0.05639530345797539,
      -0.9966867566108704,
      0.05860840901732445
    ]
  },
  {
    "timestamp" : 239695246178,
    "rotationMatrix" : [
      -0.313720703125,
      0.03286099433898926,
      0.9489463567733765,
      0.9478008151054382,
      0.0708664059638977,
      0.3108880817890167,
      -0.057032227516174316,
      0.9969443082809448,
      -0.05337780714035034
    ],
    "userAcceleration" : [
      -0.03174827992916107,
      0.06272506713867188,
      -0.06927764415740967
    ],
    "gravity" : [
      0.05703223496675491,
