[
  {
    "userAcceleration" : [
      -0.040272120386362076,
      -0.015455484390258789,
      -0.011632606387138367
    ],
    "timestamp" : 239724577866,
    "rotationMatrix" : [
      -0.6108543276786804,
      -0.1591426432132721,
      0.7755837440490723,
      0.7906442880630493,
      -0.0710301548242569,
      0.6081414818763733,
      -0.04169127345085144,
      0.9846969246864319,
      0.16921453177928925
    ],
    "gravity" : [
      0.04169130697846413,
      -0.9846969842910767,
      -0.16921451687812805
    ]
  },
  {
    "userAcceleration" : [
      -0.03604139760136604,
      -0.006092190742492676,
      -0.009215250611305237
    ],
    "timestamp" : 239724587885,
    "rotationMatrix" : [
      -0.6135544776916504,
      -0.15697568655014038,
      0.7738926410675049,
      0.7884834408760071,
      -0.06847836077213287,
      0.6112321615219116,
      -0.04295375943183899,
      0.9852255582809448,
      0.16578780114650726
    ],
    "gravity" : [
      0.042953744530677795,
      -0.9852256178855896,
      -0.16578781604766846
    ]
  },
  {
    "userAcceleration" : [
      -0.03157399222254753,
      0.0019319653511047363,
      0.003384530544281006
    ],
    "timestamp" : 239724597905,
    "rotationMatrix" : [
      -0.6164097189903259,
      -0.1546442210674286,
      0.7720905542373657,
      0.7861747741699219,
      -0.0656261146068573,
      0.6145097613334656,
      -0.044360965490341187,
      0.9857880473136902,
      0.1620301902294159
    ],
    "gravity" : [
      0.04436097666621208,
      -0.9857880473136902,
      -0.1620301753282547
    ]
  },
  {
    "userAcceleration" : [
      -0.015955843031406403,
      0.008777797222137451,
      0.022877633571624756
    ],
    "timestamp" : 239724607924,
    "rotationMatrix" : [
      -0.6188825368881226,
      -0.15198248624801636,
      0.7706397771835327,
      0.7841523289680481,
      -0.06244958937168121,
      0.617418110370636,
      -0.045710593461990356,
      0.9864082932472229,
      0.15782640874385834
    ],
    "gravity" : [
      0.045710597187280655,
      -0.9864083528518677,
      -0.15782636404037476
    ]
  },
  {
    "userAcceleration" : [
      0.014131460338830948,
      0.014471709728240967,
      0.03662651777267456
    ],
    "timestamp" : 239724617944,
    "rotationMatrix" : [
      -0.6205773949623108,
      -0.1488197147846222,
      0.7698936462402344,
      0.7827528715133667,
      -0.05908800661563873,
      0.6195210814476013,
      -0.046705424785614014,
      0.9870973229408264,
      0.15315787494182587
    ],
    "gravity" : [
      0.04670543223619461,
      -0.9870973229408264,
      -0.15315790474414825
    ]
  },
  {
    "userAcceleration" : [
      0.033237993717193604,
      0.020951569080352783,
      0.036789655685424805
    ],
    "timestamp" : 239724627963,
    "rotationMatrix" : [
      -0.6217740774154663,
      -0.14509165287017822,
      0.7696396708488464,
      0.78177809715271,
      -0.0558626651763916,
      0.6210493445396423,
      -0.04711490869522095,
      0.9878398776054382,
      0.1481635570526123
    ],
    "gravity" : [
      0.04711490496993065,
      -0.9878398776054382,
      -0.1481635719537735
    ]
  },
  {
    "userAcceleration" : [
      0.009134888648986816,
      -0.0032992959022521973,
      0.050751253962516785
    ],
    "timestamp" : 239724637983,
    "rotationMatrix" : [
      -0.6229608654975891,
      -0.14100870490074158,
      0.7694389820098877,
      0.7808451652526855,
      -0.053106218576431274,
      0.6224632859230042,
      -0.04691073298454285,
      0.9885830283164978,
      0.1431889832019806
    ],
    "gravity" : [
      0.046910759061574936,
      -0.9885830283164978,
      -0.1431889832019806
    ]
  },
  {
    "userAcceleration" : [
      0.009620130062103271,
      -0.0026329755783081055,
      0.04623603820800781
    ],
    "timestamp" : 239724648002,
    "rotationMatrix" : [
      -0.6245030760765076,
      -0.13709238171577454,
      0.7688961029052734,
      0.7796411514282227,
      -0.050905659794807434,
      0.6241538524627686,
      -0.04642555117607117,
      0.9892492294311523,
      0.13867376744747162
    ],
    "gravity" : [
      0.046425506472587585,
      -0.9892492294311523,
      -0.1386738121509552
    ]
  },
  {
    "userAcceleration" : [
      -0.010661240667104721,
      -0.03256833553314209,
      0.06281398236751556
    ],
    "timestamp" : 239724658022,
    "rotationMatrix" : [
      -0.6266289949417114,
      -0.13378408551216125,
      0.7677487134933472,
      0.777959942817688,
      -0.04925350844860077,
      0.6263805627822876,
      -0.04598546028137207,
      0.9897857904434204,
      0.13494224846363068
    ],
    "gravity" : [
      0.04598546400666237,
      -0.9897857904434204,
      -0.13494229316711426
    ]
  },
  {
    "userAcceleration" : [
      -0.01683596894145012,
      -0.05083000659942627,
      0.08003534376621246
    ],
    "timestamp" : 239724668041,
    "rotationMatrix" : [
      -0.6283764243125916,
      -0.13129830360412598,
      0.7667483687400818,
      0.7765614986419678,
      -0.047886788845062256,
      0.6282186508178711,
      -0.04576671123504639,
      0.9901853799819946,
      0.13205254077911377
    ],
    "gravity" : [
      0.04576674476265907,
      -0.9901853799819946,
      -0.13205252587795258
    ]
  },
  {
    "userAcceleration" : [
      -0.0060653649270534515,
      -0.05726039409637451,
      0.07464790344238281
    ],
    "timestamp" : 239724678061,
    "rotationMatrix" : [
      -0.6292809247970581,
      -0.12947896122932434,
      0.7663162350654602,
      0.7758316993713379,
      -0.04664750397205353,
      0.6292130947113037,
      -0.0457230806350708,
      0.9904842376708984,
      0.12980835139751434
    ],
    "gravity" : [
      0.0457230806350708,
      -0.9904842376708984,
      -0.12980839610099792
    ]
  },
  {
    "userAcceleration" : [
      0.005092386156320572,
      -0.044726431369781494,
      0.041611507534980774
    ],
    "timestamp" : 239724688080,
    "rotationMatrix" : [
      -0.629188060760498,
      -0.12795984745025635,
      0.7666473388671875,
      0.775912344455719,
      -0.045501917600631714,
      0.629197359085083,
      -0.045627981424331665,
      0.9907348155975342,
      0.1279151737689972
    ],
    "gravity" : [
      0.04562794789671898,
      -0.9907348155975342,
      -0.12791521847248077
    ]
  },
  {
    "userAcceleration" : [
      0.003242429345846176,
      -0.02801436185836792,
      -0.008281230926513672
    ],
    "timestamp" : 239724698100,
    "rotationMatrix" : [
      -0.6284794807434082,
      -0.12649160623550415,
      0.7674718499183655,
      0.7765041589736938,
      -0.04453335702419281,
      0.6285362839698792,
      -0.045326411724090576,
      0.9909674525260925,
      0.12620975077152252
    ],
    "gravity" : [
      0.045326415449380875,
      -0.9909673929214478,
      -0.12620973587036133
    ]
  },
  {
    "userAcceleration" : [
      -0.008202653378248215,
      -0.021779000759124756,
      -0.05547161400318146
    ],
    "timestamp" : 239724708119,
    "rotationMatrix" : [
      -0.6276063919067383,
      -0.12502488493919373,
      0.7684264183044434,
      0.7772350311279297,
      -0.043695658445358276,
      0.627691388130188,
      -0.04490014910697937,
      0.991191029548645,
      0.12459734082221985
    ],
    "gravity" : [
      0.04490015655755997,
      -0.9911909699440002,
      -0.12459734827280045
    ]
  },
  {
    "userAcceleration" : [
      -0.03494851291179657,
      -0.018472015857696533,
      -0.09099443256855011
    ],
    "timestamp" : 239724718139,
    "rotationMatrix" : [
      -0.6274012327194214,
      -0.12374565005302429,
      0.7688008546829224,
      0.7774147987365723,
      -0.04292386770248413,
      0.6275218725204468,
      -0.04465317726135254,
      0.9913852214813232,
      0.12313216924667358
    ],
    "gravity" : [
      0.04465320333838463,
      -0.9913851618766785,
      -0.12313219159841537
    ]
  },
  {
    "userAcceleration" : [
      -0.054208364337682724,
      -0.016443490982055664,
      -0.11401444673538208
    ],
    "timestamp" : 239724728158,
    "rotationMatrix" : [
      -0.6281935572624207,
      -0.12282514572143555,
      0.7683011293411255,
      0.776762068271637,
      -0.04205608367919922,
      0.6283882856369019,
      -0.044870078563690186,
      0.9915367364883423,
      0.12182539701461792
    ],
    "gravity" : [
      0.044870104640722275,
      -0.9915367364883423,
      -0.12182541191577911
    ]
  },
  {
    "userAcceleration" : [
      -0.05741657689213753,
      -0.010133862495422363,
      -0.1202811598777771
    ],
    "timestamp" : 239724738178,
    "rotationMatrix" : [
      -0.6299403309822083,
      -0.12228646874427795,
      0.7669556140899658,
      0.7752977609634399,
      -0.040909066796302795,
      0.6302695274353027,
      -0.045697957277297974,
      0.9916512966156006,
      0.1205788105726242
    ],
    "gravity" : [
      0.04569794610142708,
      -0.9916512966156006,
      -0.1205788180232048
    ]
  },
  {
    "userAcceleration" : [
      -0.01962544023990631,
      0.019813358783721924,
      -0.07066474854946136
    ],
    "timestamp" : 239724748197,
    "rotationMatrix" : [
      -0.6327570676803589,
      -0.12192174792289734,
      0.7646913528442383,
      0.7729232311248779,
      -0.03952482342720032,
      0.6332669854164124,
      -0.04698452353477478,
      0.9917522072792053,
      0.11924609541893005
    ],
    "gravity" : [
      0.04698454588651657,
      -0.9917522072792053,
      -0.11924614012241364
    ]
  },
  {
    "userAcceleration" : [
      -0.021020591259002686,
      0.019931495189666748,
      -0.07221513986587524
    ],
    "timestamp" : 239724758217,
    "rotationMatrix" : [
      -0.6361340880393982,
      -0.12144282460212708,
      0.7619612216949463,
      0.7700601816177368,
      -0.0380067378282547,
      0.6368380784988403,
      -0.048379719257354736,
      0.9918705224990845,
      0.11769579350948334
    ],
    "gravity" : [
      0.04837971553206444,
      -0.9918704628944397,
      -0.11769578605890274
    ]
  },
  {
    "userAcceleration" : [
      0.0003827325999736786,
      0.026417851448059082,
      -0.027258269488811493
    ],
    "timestamp" : 239724768236,
    "rotationMatrix" : [
      -0.6398882269859314,
      -0.1204971969127655,
      0.7589618563652039,
      0.7668749094009399,
      -0.0365714430809021,
      0.6407536268234253,
      -0.04945260286331177,
      0.992039680480957,
      0.11580812931060791
    ],
    "gravity" : [
      0.049452584236860275,
      -0.9920396208763123,
      -0.1158081442117691
    ]
  },
  {
    "userAcceleration" : [
      0.019113268703222275,
      0.02110111713409424,
      0.01393502950668335
    ],
    "timestamp" : 239724778256,
    "rotationMatrix" : [
      -0.6426427960395813,
      -0.11898022890090942,
      0.7568709850311279,
      0.7645299434661865,
      -0.03506535291671753,
      0.6436336040496826,
      -0.05003967881202698,
      0.9922771453857422,
      0.11349856853485107
    ],
    "gravity" : [
      0.050039663910865784,
      -0.9922771453857422,
      -0.11349862068891525
    ]
  },
  {
    "userAcceleration" : [
      0.029265467077493668,
      0.015542268753051758,
      0.03843864053487778
    ],
    "timestamp" : 239724788275,
    "rotationMatrix" : [
      -0.6444935202598572,
      -0.11702343821525574,
      0.7556008696556091,
      0.762959361076355,
      -0.03354261815547943,
      0.645575225353241,
      -0.05020242929458618,
      0.9925622344017029,
      0.11090262234210968
    ],
    "gravity" : [
      0.05020240694284439,
      -0.9925622940063477,
      -0.11090262234210968
    ]
  },
  {
    "userAcceleration" : [
      0.02456056699156761,
      0.022465050220489502,
      0.05010874569416046
    ],
    "timestamp" : 239724798294,
    "rotationMatrix" : [
      -0.6458168625831604,
      -0.11497184634208679,
      0.7547856569290161,
      0.7618463039398193,
      -0.03216944634914398,
      0.6469581723213196,
      -0.05010077357292175,
      0.9928475022315979,
      0.10836680233478546
    ],
    "gravity" : [
      0.05010078847408295,
      -0.9928475022315979,
      -0.10836681723594666
    ]
  },
  {
    "userAcceleration" : [
      0.02325405925512314,
      0.03223872184753418,
      0.05458056926727295
    ],
    "timestamp" : 239724808314,
    "rotationMatrix" : [
      -0.6470012664794922,
      -0.11319354176521301,
      0.7540402412414551,
      0.7608556747436523,
      -0.031149014830589294,
      0.6481732726097107,
      -0.04988139867782593,
      0.9930846095085144,
      0.10627736151218414
    ],
    "gravity" : [
      0.04988141730427742,
      -0.9930845499038696,
      -0.10627733170986176
    ]
  },
  {
    "userAcceleration" : [
      0.0261690616607666,
      0.03816711902618408,
      0.0586249977350235
    ],
    "timestamp" : 239724818333,
    "rotationMatrix" : [
      -0.6482152342796326,
      -0.11193090677261353,
      0.7531850337982178,
      0.7598361372947693,
      -0.030583694577217102,
      0.6493945121765137,
      -0.04965198040008545,
      0.993245005607605,
      0.10487435758113861
    ],
    "gravity" : [
      0.04965197667479515,
      -0.993245005607605,
      -0.1048743948340416
    ]
  },
  {
    "userAcceleration" : [
      0.030230939388275146,
      0.03972828388214111,
      0.054384954273700714
    ],
    "timestamp" : 239724828353,
    "rotationMatrix" : [
      -0.6493558287620544,
      -0.11122065782546997,
      0.7523072957992554,
      0.7588797807693481,
      -0.030540987849235535,
      0.6505138278007507,
      -0.04937425255775452,
      0.9933261275291443,
      0.10423542559146881
    ],
    "gravity" : [
      0.04937426373362541,
      -0.9933261275291443,
      -0.10423541069030762
    ]
  },
  {
    "userAcceleration" : [
      0.026842523366212845,
      0.042989492416381836,
      0.028302915394306183
    ],
    "timestamp" : 239724838372,
    "rotationMatrix" : [
      -0.6502785682678223,
      -0.11085987091064453,
      0.7515634894371033,
      0.7581191658973694,
      -0.03099443018436432,
      0.6513789892196655,
      -0.04891747236251831,
      0.9933525323867798,
      0.10420010983943939
    ],
    "gravity" : [
      0.048917461186647415,
      -0.9933525323867798,
      -0.10420012474060059
    ]
  },
  {
    "userAcceleration" : [
      0.011617306619882584,
      0.03501230478286743,
      -0.016913942992687225
    ],
    "timestamp" : 239724848392,
    "rotationMatrix" : [
      -0.6512248516082764,
      -0.11066555976867676,
      0.7507722973823547,
      0.7573350667953491,
      -0.03158216178417206,
      0.652262270450592,
      -0.048471927642822266,
      0.9933556914329529,
      0.10437817871570587
    ],
    "gravity" : [
      0.048471905291080475,
      -0.9933556914329529,
      -0.10437817871570587
    ]
  },
  {
    "userAcceleration" : [
      -0.0059067681431770325,
      0.035443127155303955,
      -0.04764460772275925
    ],
    "timestamp" : 239724858411,
    "rotationMatrix" : [
      -0.6524839401245117,
      -0.1105245053768158,
      0.7496989965438843,
      0.7562636137008667,
      -0.03196060657501221,
      0.6534856557846069,
      -0.0482652485370636,
      0.9933592081069946,
      0.10443973541259766
    ],
    "gravity" : [
      0.048265255987644196,
      -0.9933592081069946,
      -0.10443974286317825
    ]
  },
  {
    "userAcceleration" : [
      -0.002174943685531616,
      0.04412871599197388,
      -0.056765489280223846
    ],
    "timestamp" : 239724868431,
    "rotationMatrix" : [
      -0.6543198823928833,
      -0.11042928695678711,
      0.7481112480163574,
      0.7546743154525757,
      -0.03218522667884827,
      0.6553094387054443,
      -0.04828712344169617,
      0.993362545967102,
      0.10439786314964294
    ],
    "gravity" : [
      0.04828711226582527,
      -0.993362545967102,
      -0.10439786314964294
    ]
  },
  {
    "userAcceleration" : [
      0.016248997300863266,
      0.04327380657196045,
      -0.045500218868255615
    ],
    "timestamp" : 239724878450,
    "rotationMatrix" : [
      -0.6566454768180847,
      -0.11043417453765869,
      0.7460705637931824,
      0.7526310086250305,
      -0.0321839302778244,
      0.6576555967330933,
      -0.048616230487823486,
      0.993362307548523,
      0.1042494922876358
    ],
    "gravity" : [
      0.048616234213113785,
      -0.9933622479438782,
      -0.10424953699111938
    ]
  },
  {
    "userAcceleration" : [
      0.02552245557308197,
      0.03853410482406616,
      -0.02050197124481201
    ],
    "timestamp" : 239724888470,
    "rotationMatrix" : [
      -0.6589893698692322,
      -0.11063587665557861,
      0.7439709901809692,
      0.7505294680595398,
      -0.031781718134880066,
      0.6600724458694458,
      -0.04938304424285889,
      0.9933527708053589,
      0.10397924482822418
    ],
    "gravity" : [
      0.049383047968149185,
      -0.9933527112007141,
      -0.10397923737764359
    ]
  },
  {
    "userAcceleration" : [
      0.04427628219127655,
      0.047966599464416504,
      0.003747224807739258
    ],
    "timestamp" : 239724898489,
    "rotationMatrix" : [
      -0.6608161926269531,
      -0.110942542552948,
      0.7423028945922852,
      0.7488563060760498,
      -0.03109966218471527,
      0.6620022058486938,
      -0.05035880208015442,
      0.993340015411377,
      0.10363127291202545
    ],
    "gravity" : [
      0.05035882070660591,
      -0.9933400750160217,
      -0.10363123565912247
    ]
  },
  {
    "userAcceleration" : [
      0.06495743989944458,
      0.071652352809906,
      0.006175503134727478
    ],
    "timestamp" : 239724908509,
    "rotationMatrix" : [
      -0.6622893214225769,
      -0.1111806333065033,
      0.740953266620636,
      0.7475035190582275,
      -0.03060002624988556,
      0.6635526418685913,
      -0.05110102891921997,
      0.9933290481567383,
      0.10337398946285248
    ],
    "gravity" : [
      0.051101017743349075,
      -0.9933289885520935,
      -0.10337400436401367
    ]
  },
  {
    "userAcceleration" : [
      0.06777110695838928,
      0.08325475454330444,
      0.0009918212890625
    ],
    "timestamp" : 239724918528,
    "rotationMatrix" : [
      -0.6637021899223328,
      -0.11126980185508728,
      0.7396742105484009,
      0.7462306022644043,
      -0.030584990978240967,
      0.664984405040741,
      -0.05136960744857788,
      0.9933193325996399,
      0.10333251953125
    ],
    "gravity" : [
      0.05136963352560997,
      -0.9933193325996399,
      -0.1033325269818306
    ]
  },
  {
    "userAcceleration" : [
      0.06365378201007843,
      0.07776552438735962,
      -0.00708673894405365
    ],
    "timestamp" : 239724928548,
    "rotationMatrix" : [
      -0.6653019189834595,
      -0.11110281944274902,
      0.7382606267929077,
      0.7448214888572693,
      -0.031061410903930664,
      0.6665400862693787,
      -0.05112293362617493,
      0.9933231472969055,
      0.10341739654541016
    ],
    "gravity" : [
      0.05112292245030403,
      -0.9933231472969055,
      -0.10341738909482956
    ]
  },
  {
    "userAcceleration" : [
      0.06756658852100372,
      0.07329446077346802,
      0.0006068944931030273
    ],
    "timestamp" : 239724938567,
    "rotationMatrix" : [
      -0.66690993309021,
      -0.11059176921844482,
      0.7368856072425842,
      0.7434338927268982,
      -0.031907081604003906,
      0.6680477857589722,
      -0.050368666648864746,
      0.9933536052703857,
      0.10349690914154053
    ],
    "gravity" : [
      0.050368692725896835,
      -0.993353545665741,
      -0.10349690914154053
    ]
  },
  {
    "userAcceleration" : [
      0.061256904155015945,
      0.06726789474487305,
      0.013820573687553406
    ],
    "timestamp" : 239724948587,
    "rotationMatrix" : [
      -0.6679530143737793,
      -0.10983872413635254,
      0.7360532283782959,
      0.742578387260437,
      -0.03304131329059601,
      0.6689437627792358,
      -0.04915577173233032,
      0.9934000968933105,
      0.1036338061094284
    ],
    "gravity" : [
      0.04915579780936241,
      -0.9934001564979553,
      -0.10363379865884781
    ]
  },
  {
    "userAcceleration" : [
      0.05567968636751175,
      0.05059128999710083,
      -0.014174699783325195
    ],
    "timestamp" : 239724958606,
    "rotationMatrix" : [
      -0.6685804128646851,
      -0.1088699996471405,
      0.735627293586731,
      0.7421143054962158,
      -0.03435102105140686,
      0.669392466545105,
      -0.04760715365409851,
      0.9934622049331665,
      0.10376045107841492
    ],
    "gravity" : [
      0.04760717228055,
      -0.9934622645378113,
      -0.1037604883313179
    ]
  },
  {
    "userAcceleration" : [
      0.03329574316740036,
      0.046888113021850586,
      -0.04823112487792969
    ],
    "timestamp" : 239724968626,
    "rotationMatrix" : [
      -0.6694526672363281,
      -0.10782629251480103,
      0.7349872589111328,
      0.7414286136627197,
      -0.03571212291717529,
      0.6700806021690369,
      -0.046004295349121094,
      0.9935280680656433,
      0.10385322570800781
    ],
    "gravity" : [
      0.0460042841732502,
      -0.9935280084609985,
      -0.103853240609169
    ]
  },
  {
    "userAcceleration" : [
      0.007195502519607544,
      0.0474204421043396,
      -0.05814540386199951
    ],
    "timestamp" : 239724978645,
    "rotationMatrix" : [
      -0.6709517240524292,
      -0.1070590615272522,
      0.7337313890457153,
      0.7401586771011353,
      -0.037188977003097534,
      0.6714029312133789,
      -0.04459291696548462,
      0.9935568571090698,
      0.10419288277626038
    ],
    "gravity" : [
      0.04459294304251671,
      -0.993556797504425,
      -0.10419286787509918
    ]
  },
  {
    "userAcceleration" : [
      0.0034573860466480255,
      0.02947026491165161,
      -0.0645861029624939
    ],
    "timestamp" : 239724988665,
    "rotationMatrix" : [
      -0.6731948256492615,
      -0.10669022798538208,
      0.7317277789115906,
      0.7381855845451355,
      -0.03877824544906616,
      0.6734820008277893,
      -0.04347872734069824,
      0.9935356974601746,
      0.10486268997192383
    ],
    "gravity" : [
      0.04347874969244003,
      -0.9935356974601746,
      -0.10486271977424622
    ]
  },
  {
    "userAcceleration" : [
      0.00034141913056373596,
      0.022488117218017578,
      -0.06229764223098755
    ],
    "timestamp" : 239724998684,
    "rotationMatrix" : [
      -0.6760058403015137,
      -0.1066531240940094,
      0.7291369438171387,
      0.7356539964675903,
      -0.04025271534919739,
      0.6761602163314819,
      -0.042764753103256226,
      0.9934810400009155,
      0.10567113757133484
    ],
    "gravity" : [
      0.04276476427912712,
      -0.9934810400009155,
      -0.10567110031843185
    ]
  },
  {
    "userAcceleration" : [
      0.007015220820903778,
      0.033149659633636475,
      -0.06047647446393967
    ],
    "timestamp" : 239725008704,
    "rotationMatrix" : [
      -0.6792458295822144,
      -0.10683241486549377,
      0.7260932922363281,
      0.7326771020889282,
      -0.041376009583473206,
      0.6793172359466553,
      -0.04253014922142029,
      0.9934155941009521,
      0.10637842118740082
    ],
    "gravity" : [
      0.04253016412258148,
      -0.9934156537055969,
      -0.10637839138507843
    ]
  },
  {
    "userAcceleration" : [
      0.026025671511888504,
      0.05240124464035034,
      -0.042069725692272186
    ],
    "timestamp" : 239725018723,
    "rotationMatrix" : [
      -0.6829295754432678,
      -0.10687166452407837,
      0.7226239442825317,
      0.7292589545249939,
      -0.04247918725013733,
      0.6829177737236023,
      -0.04228803515434265,
      0.9933648705482483,
      0.10694757103919983
    ],
    "gravity" : [
      0.04228802025318146,
      -0.9933648705482483,
      -0.10694758594036102
    ]
  },
  {
    "userAcceleration" : [
      0.03860068693757057,
      0.0552402138710022,
      0.015636391937732697
    ],
    "timestamp" : 239725028743,
    "rotationMatrix" : [
      -0.6864203214645386,
      -0.10657086968421936,
      0.7193532586097717,
      0.7260164022445679,
      -0.04390452802181244,
      0.6862741112709045,
      -0.04155385494232178,
      0.9933350682258606,
      0.10750950872898102
    ],
    "gravity" : [
      0.041553836315870285,
      -0.9933351278305054,
      -0.107509545981884
    ]
  },
  {
    "userAcceleration" : [
      0.056475259363651276,
      0.03615236282348633,
      0.04584395885467529
    ],
    "timestamp" : 239725038762,
    "rotationMatrix" : [
      -0.6890103220939636,
      -0.10621806979179382,
      0.7169255018234253,
      0.7236131429672241,
      -0.04540521651506424,
      0.6887104511260986,
      -0.04060128331184387,
      0.9933055639266968,
      0.1081455871462822
    ],
    "gravity" : [
      0.04060126841068268,
      -0.9933055639266968,
      -0.10814560204744339
    ]
  },
  {
    "userAcceleration" : [
      0.055828578770160675,
      0.028308868408203125,
      0.06521075963973999
    ],
    "timestamp" : 239725048782,
    "rotationMatrix" : [
      -0.6902646422386169,
      -0.10596281290054321,
      0.7157557606697083,
      0.7224798202514648,
      -0.046984925866127014,
      0.6897935271263123,
      -0.03946268558502197,
      0.9932593703269958,
      0.1089882105588913
    ],
    "gravity" : [
      0.039462678134441376,
      -0.9932593107223511,
      -0.1089882180094719
    ]
  },
  {
    "userAcceleration" : [
      0.049420543015003204,
      0.029079437255859375,
      0.04713422805070877
    ],
    "timestamp" : 239725058801,
    "rotationMatrix" : [
      -0.6905384063720703,
      -0.10612240433692932,
      0.7154679298400879,
      0.7222887277603149,
      -0.04900163412094116,
      0.6898533701896667,
      -0.038149744272232056,
      0.9931448101997375,
      0.11048871278762817
    ],
    "gravity" : [
      0.03814973309636116,
      -0.9931448698043823,
      -0.11048870533704758
    ]
  },
  {
    "userAcceleration" : [
      0.040097080171108246,
      0.026230216026306152,
      -0.0035926103591918945
    ],
    "timestamp" : 239725068821,
    "rotationMatrix" : [
      -0.6906871199607849,
      -0.1068134605884552,
      0.7152215242385864,
      0.722220778465271,
      -0.05167153477668762,
      0.6897296905517578,
      -0.03671574592590332,
      0.9929354190826416,
      0.1128319799900055
    ],
    "gravity" : [
      0.03671575337648392,
      -0.9929354190826416,
      -0.11283194273710251
    ]
  },
  {
    "userAcceleration" : [
      0.018957167863845825,
      0.02652764320373535,
      -0.0667930617928505
    ],
    "timestamp" : 239725078840,
    "rotationMatrix" : [
      -0.6914889812469482,
      -0.1080203652381897,
      0.714264452457428,
      0.7215172648429871,
      -0.05478772521018982,
      0.6902250647544861,
      -0.03542524576187134,
      0.992637574672699,
      0.1158241331577301
    ],
    "gravity" : [
      0.03542525693774223,
      -0.992637574672699,
      -0.11582411080598831
    ]
  },
  {
    "userAcceleration" : [
      0.0009310953319072723,
      0.025502920150756836,
      -0.11669043451547623
    ],
    "timestamp" : 239725088860,
    "rotationMatrix" : [
      -0.6933892369270325,
      -0.10947108268737793,
      0.7121983766555786,
      0.7197376489639282,
      -0.057940468192100525,
      0.6918237209320068,
      -0.034469395875930786,
      0.9922995567321777,
      0.11896629631519318
    ],
    "gravity" : [
      0.034469377249479294,
      -0.9922995567321777,
      -0.11896626651287079
    ]
  },
  {
    "userAcceleration" : [
      -0.0016392283141613007,
      0.018804311752319336,
      -0.1463215947151184
    ],
    "timestamp" : 239725098879,
    "rotationMatrix" : [
      -0.6963340044021606,
      -0.11070048809051514,
      0.7091290950775146,
      0.7169132232666016,
      -0.06051391363143921,
      0.6945310831069946,
      -0.033972710371017456,
      0.9920097589492798,
      0.12150067090988159
    ],
    "gravity" : [
      0.03397269919514656,
      -0.9920097589492798,
      -0.12150063365697861
    ]
  },
  {
    "userAcceleration" : [
      0.0027738362550735474,
      0.017919838428497314,
      -0.12761183083057404
    ],
    "timestamp" : 239725108898,
    "rotationMatrix" : [
      -0.7000545859336853,
      -0.11131784319877625,
      0.7053595185279846,
      0.713283896446228,
      -0.06210263818502426,
      0.6981184482574463,
      -0.0339084267616272,
      0.99184250831604,
      0.12287638336420059
    ],
    "gravity" : [
      0.03390839323401451,
      -0.9918425679206848,
      -0.12287642806768417
    ]
  },
  {
    "userAcceleration" : [
      0.02516518160700798,
      0.02385234832763672,
      -0.07041527330875397
    ],
    "timestamp" : 239725118918,
    "rotationMatrix" : [
      -0.7039365172386169,
      -0.11123532056808472,
      0.7014985084533691,
      0.7094467878341675,
      -0.06278464943170547,
      0.7019568085670471,
      -0.034039050340652466,
      0.9918088316917419,
      0.12311192601919174
    ],
    "gravity" : [
      0.03403903543949127,
      -0.9918088316917419,
      -0.12311193346977234
    ]
  },
  {
    "userAcceleration" : [
      0.044794484972953796,
      0.026312172412872314,
      0.0009165853261947632
    ],
    "timestamp" : 239725128937,
    "rotationMatrix" : [
      -0.7076638340950012,
      -0.11077827215194702,
      0.6978108882904053,
      0.7057225704193115,
      -0.0630597472190857,
      0.7056763768196106,
      -0.03416982293128967,
      0.9918425679206848,
      0.12280380725860596
    ],
    "gravity" : [
      0.034169845283031464,
      -0.9918425679206848,
      -0.12280380725860596
    ]
  },
  {
    "userAcceleration" : [
      0.064481221139431,
      0.04639798402786255,
      0.0696178674697876
    ],
    "timestamp" : 239725138957,
    "rotationMatrix" : [
      -0.7107879519462585,
      -0.1103171706199646,
      0.6947015523910522,
      0.7025817036628723,
      -0.06354303658008575,
      0.7087602019309998,
      -0.03404492139816284,
      0.991862952709198,
      0.1226726621389389
    ],
    "gravity" : [
      0.034044887870550156,
      -0.991862952709198,
      -0.12267269194126129
    ]
  },
  {
    "userAcceleration" : [
      0.0885472446680069,
      0.04302811622619629,
      0.10604172945022583
    ],
    "timestamp" : 239725148976,
    "rotationMatrix" : [
      -0.7131140232086182,
      -0.11011934280395508,
      0.6923452615737915,
      0.7002503275871277,
      -0.06479107588529587,
      0.7109510898590088,
      -0.03343164920806885,
      0.9918042421340942,
      0.12331462651491165
    ],
    "gravity" : [
      0.03343161195516586,
      -0.991804301738739,
      -0.12331467866897583
    ]
  },
  {
    "userAcceleration" : [
      0.07474501430988312,
      0.03008359670639038,
      0.1095583587884903
    ],
    "timestamp" : 239725158996,
    "rotationMatrix" : [
      -0.7146689295768738,
      -0.11058863997459412,
      0.6906648278236389,
      0.6987093687057495,
      -0.06706450134515762,
      0.7122549414634705,
      -0.03244811296463013,
      0.9916008114814758,
      0.1251985728740692
    ],
    "gravity" : [
      0.03244808688759804,
      -0.9916008114814758,
      -0.1251986026763916
    ]
  },
  {
    "userAcceleration" : [
      0.04986265301704407,
      0.01544809341430664,
      0.0638822466135025
    ],
    "timestamp" : 239725169015,
    "rotationMatrix" : [
      -0.7156262397766113,
      -0.11189362406730652,
      0.6894623041152954,
      0.6977806091308594,
      -0.07027171552181244,
      0.7128559947013855,
      -0.03131422400474548,
      0.9912322163581848,
      0.1283658891916275
    ],
    "gravity" : [
      0.03131420537829399,
      -0.9912322163581848,
      -0.1283659040927887
    ]
  },
  {
    "userAcceleration" : [
      0.016524819657206535,
      0.009764909744262695,
      -0.017590656876564026
    ],
    "timestamp" : 239725179035,
    "rotationMatrix" : [
      -0.716518223285675,
      -0.11379501223564148,
      0.6882239580154419,
      0.6969090700149536,
      -0.07389314472675323,
      0.7133424878120422,
      -0.030319780111312866,
      0.9907523989677429,
      0.13225065171718597
    ],
    "gravity" : [
      0.030319776386022568,
      -0.9907523989677429,
      -0.13225068151950836
    ]
  },
  {
    "userAcceleration" : [
      -0.00870736688375473,
      0.01446843147277832,
      -0.08756297826766968
    ],
    "timestamp" : 239725189054,
    "rotationMatrix" : [
      -0.7177806496620178,
      -0.11585888266563416,
      0.686562180519104,
      0.6956366300582886,
      -0.07730677723884583,
      0.7142220735549927,
      -0.029673069715499878,
      0.9902526140213013,
      0.13608506321907043
    ],
    "gravity" : [
      0.029673056676983833,
      -0.9902526140213013,
      -0.13608509302139282
    ]
  },
  {
    "userAcceleration" : [
      -0.011911442503333092,
      0.02064192295074463,
      -0.13606075942516327
    ],
    "timestamp" : 239725199074,
    "rotationMatrix" : [
      -0.7196063995361328,
      -0.11759769916534424,
      0.6843515634536743,
      0.6937580108642578,
      -0.0799911692738533,
      0.7157520055770874,
      -0.029428631067276,
      0.9898343086242676,
      0.13914674520492554
    ],
    "gravity" : [
      0.029428642243146896,
      -0.9898343086242676,
      -0.13914671540260315
    ]
  },
  {
    "userAcceleration" : [
      -0.00669596903026104,
      0.03084385395050049,
      -0.15351319313049316
    ],
    "timestamp" : 239725209093,
    "rotationMatrix" : [
      -0.7221677899360657,
      -0.11866456270217896,
      0.6814630627632141,
      0.691085934638977,
      -0.08168330788612366,
      0.7181419134140015,
      -0.029553711414337158,
      0.9895687103271484,
      0.14099672436714172
    ],
    "gravity" : [
      0.029553735628724098,
      -0.9895687699317932,
      -0.14099669456481934
    ]
  },
  {
    "userAcceleration" : [
      0.03430759906768799,
      0.07014864683151245,
      -0.013530656695365906
    ],
    "timestamp" : 239725219113,
    "rotationMatrix" : [
      -0.7255300283432007,
      -0.11892163753509521,
      0.6778370141983032,
      0.6875393986701965,
      -0.08243777602910995,
      0.7214520573616028,
      -0.029916733503341675,
      0.9894751906394958,
      0.14157482981681824
    ],
    "gravity" : [
      0.029916731640696526,
      -0.9894751906394958,
      -0.141574889421463
    ]
  },
  {
    "userAcceleration" : [
      0.03402462601661682,
      0.07019585371017456,
      -0.013920962810516357
    ],
    "timestamp" : 239725229132,
    "rotationMatrix" : [
      -0.7293621897697449,
      -0.11839792132377625,
      0.673804759979248,
      0.6834609508514404,
      -0.08262608200311661,
      0.725295901298523,
      -0.030199706554412842,
      0.9895225763320923,
      0.14118465781211853
    ],
    "gravity" : [
      0.03019971214234829,
      -0.9895225763320923,
      -0.14118462800979614
    ]
  },
  {
    "userAcceleration" : [
      0.03414449095726013,
      0.0703313946723938,
      -0.01484893262386322
    ],
    "timestamp" : 239725239152,
    "rotationMatrix" : [
      -0.7333287000656128,
      -0.11719968914985657,
      0.6696959733963013,
      0.6792081594467163,
      -0.0827096626162529,
      0.7292702794075012,
      -0.030079811811447144,
      0.9896580576896667,
      0.14025664329528809
    ],
    "gravity" : [
      0.030079834163188934,
      -0.989657998085022,
      -0.1402566283941269
    ]
  },
  {
    "userAcceleration" : [
      0.022003058344125748,
      0.060072124004364014,
      0.04796929657459259
    ],
    "timestamp" : 239725249171,
    "rotationMatrix" : [
      -0.737078845500946,
      -0.1156957745552063,
      0.6658293008804321,
      0.6751623153686523,
      -0.08306456357240677,
      0.7329772710800171,
      -0.029495418071746826,
      0.9898052215576172,
      0.1393389105796814
    ],
    "gravity" : [
      0.02949545346200466,
      -0.9898052215576172,
      -0.13933886587619781
    ]
  },
  {
    "userAcceleration" : [
      0.0021330248564481735,
      0.042334675788879395,
      0.08772633969783783
    ],
    "timestamp" : 239725259191,
    "rotationMatrix" : [
      -0.7402477860450745,
      -0.11437639594078064,
      0.6625339984893799,
      0.6717250347137451,
      -0.08387751132249832,
      0.7360367774963379,
      -0.028613537549972534,
      0.9898902177810669,
      0.13891959190368652
    ],
    "gravity" : [
      0.028613543137907982,
      -0.9898902177810669,
      -0.13891954720020294
    ]
  },
  {
    "userAcceleration" : [
      -0.023168716579675674,
      0.022239983081817627,
      0.09970003366470337
    ],
    "timestamp" : 239725269210,
    "rotationMatrix" : [
      -0.742923378944397,
      -0.11355891823768616,
      0.659673273563385,
      0.6688027381896973,
      -0.08514515310525894,
      0.7385478615760803,
      -0.02770066261291504,
      0.9898759722709656,
      0.13920506834983826
    ],
    "gravity" : [
      0.02770066075026989,
      -0.9898759722709656,
      -0.13920505344867706
    ]
  },
  {
    "userAcceleration" : [
      -0.049994565546512604,
      0.011089622974395752,
      0.08914963901042938
    ],
    "timestamp" : 239725279230,
    "rotationMatrix" : [
      -0.7454211711883545,
      -0.1134345531463623,
      0.6568714380264282,
      0.6660425662994385,
      -0.08667269349098206,
      0.740861177444458,
      -0.027106493711471558,
      0.9897578954696655,
      0.14015981554985046
    ],
    "gravity" : [
      0.02710648998618126,
      -0.9897578358650208,
      -0.1401597559452057
    ]
  },
  {
    "userAcceleration" : [
      -0.06404826045036316,
      0.004664957523345947,
      0.07957620918750763
    ],
    "timestamp" : 239725289249,
    "rotationMatrix" : [
      -0.7475229501724243,
      -0.11410850286483765,
      0.654360830783844,
      0.6636853218078613,
      -0.08822067081928253,
      0.7427910566329956,
      -0.027030527591705322,
      0.9895433187484741,
      0.14167945086956024
    ],
    "gravity" : [
      0.02703053690493107,
      -0.9895433187484741,
      -0.14167945086956024
    ]
  },
  {
    "userAcceleration" : [
      -0.05171247199177742,
      0.0023238062858581543,
      0.08696973323822021
    ],
    "timestamp" : 239725299269,
    "rotationMatrix" : [
      -0.7488601803779602,
      -0.1156054139137268,
      0.6525669693946838,
      0.6621597409248352,
      -0.08975453674793243,
      0.7439680695533752,
      -0.02743583917617798,
      0.9892317652702332,
      0.14376293122768402
    ],
    "gravity" : [
      0.027435846626758575,
      -0.9892317056655884,
      -0.14376293122768402
    ]
  },
  {
    "userAcceleration" : [
      -0.027928953990340233,
      0.0007178187370300293,
      0.07995253801345825
    ],
    "timestamp" : 239725309288,
    "rotationMatrix" : [
      -0.7502899765968323,
      -0.11764377355575562,
      0.6505571007728577,
      0.6605093479156494,
      -0.09150294214487076,
      0.7452210187911987,
      -0.028142690658569336,
      0.9888310432434082,
      0.14635875821113586
    ],
    "gravity" : [
      0.028142668306827545,
      -0.988831102848053,
      -0.14635877311229706
    ]
  },
  {
    "userAcceleration" : [
      -0.009700944647192955,
      0.011395812034606934,
      0.05355316400527954
    ],
    "timestamp" : 239725319308,
    "rotationMatrix" : [
      -0.7515034675598145,
      -0.12003922462463379,
      0.6487163305282593,
      0.6590951085090637,
      -0.09351407736539841,
      0.7462228536605835,
      -0.028911858797073364,
      0.9883549213409424,
      0.14939355850219727
