[
  {
    "timestamp" : 239774694392,
    "gravity" : [
      0.0158098042011261,
      -0.9692463874816895,
      -0.24558378756046295
    ],
    "userAcceleration" : [
      0.04020523279905319,
      -0.04749232530593872,
      0.037453651428222656
    ],
    "rotationMatrix" : [
      0.9892643690109253,
      -0.02052430436015129,
      0.144688680768013,
      0.1452794224023819,
      0.24523472785949707,
      -0.9585164189338684,
      -0.0158098042011261,
      0.9692464470863342,
      0.24558374285697937
    ]
  },
  {
    "timestamp" : 239774704412,
    "gravity" : [
      0.014357920736074448,
      -0.9698023796081543,
      -0.24346916377544403
    ],
    "userAcceleration" : [
      0.06637635082006454,
      -0.0328526496887207,
      0.037612587213516235
    ],
    "rotationMatrix" : [
      0.988592803478241,
      -0.022741802036762238,
      0.14888617396354675,
      0.14992710947990417,
      0.2428295612335205,
      -0.9584131240844727,
      -0.01435791701078415,
      0.9698023796081543,
      0.24346916377544403
    ]
  },
  {
    "timestamp" : 239774714432,
    "gravity" : [
      0.012143725529313087,
      -0.9702228903770447,
      -0.2419092059135437
    ],
    "userAcceleration" : [
      0.06573715806007385,
      -0.026099681854248047,
      0.026485353708267212
    ],
    "rotationMatrix" : [
      0.9878783822059631,
      -0.025800958275794983,
      0.15307068824768066,
      0.1547541618347168,
      0.24083568155765533,
      -0.9581488966941833,
      -0.012143723666667938,
      0.9702228903770447,
      0.2419091761112213
    ]
  },
  {
    "timestamp" : 239774724453,
    "gravity" : [
      0.009415325708687305,
      -0.970533549785614,
      -0.24078190326690674
    ],
    "userAcceleration" : [
      0.05239805951714516,
      -0.02096712589263916,
      -0.0002614259719848633
    ],
    "rotationMatrix" : [
      0.9871702790260315,
      -0.029360957443714142,
      0.15694835782051086,
      0.15939325094223022,
      0.23917041718959808,
      -0.9578054547309875,
      -0.009415321052074432,
      0.970533549785614,
      0.24078185856342316
    ]
  },
  {
    "timestamp" : 239774734473,
    "gravity" : [
      0.006467645522207022,
      -0.9707669615745544,
      -0.23993651568889618
    ],
    "userAcceleration" : [
      0.05194301903247833,
      -0.01376044750213623,
      -0.03878074884414673
    ],
    "rotationMatrix" : [
      0.9863436222076416,
      -0.03329571336507797,
      0.16129980981349945,
      0.16457340121269226,
      0.23770307004451752,
      -0.9572945237159729,
      -0.006467640399932861,
      0.9707669615745544,
      0.23993650078773499
    ]
  },
  {
    "timestamp" : 239774744493,
    "gravity" : [
      0.0034245052374899387,
      -0.9709773063659668,
      -0.239146426320076
    ],
    "userAcceleration" : [
      0.05260578915476799,
      -0.009063959121704102,
      -0.06294731795787811
    ],
    "rotationMatrix" : [
      0.9853758811950684,
      -0.03746498376131058,
      0.16622495651245117,
      0.17036029696464539,
      0.2362183779478073,
      -0.9566493630409241,
      -0.003424502909183502,
      0.9709773659706116,
      0.23914644122123718
    ]
  },
  {
    "timestamp" : 239774754513,
    "gravity" : [
      0.0004343243199400604,
      -0.9712345004081726,
      -0.23812468349933624
    ],
    "userAcceleration" : [
      0.04615078866481781,
      -0.020144164562225342,
      -0.06540340185165405
    ],
    "rotationMatrix" : [
      0.9843156337738037,
      -0.0415937602519989,
      0.17144297063350677,
      0.1764158308506012,
      0.23446431756019592,
      -0.9559832215309143,
      -0.00043432414531707764,
      0.9712345004081726,
      0.23812469840049744
    ]
  },
  {
    "timestamp" : 239774764534,
    "gravity" : [
      -0.0023167976178228855,
      -0.9715389609336853,
      -0.23686805367469788
    ],
    "userAcceleration" : [
      0.024640431627631187,
      -0.03126847743988037,
      -0.04374128580093384
    ],
    "rotationMatrix" : [
      0.9831514358520508,
      -0.04550745338201523,
      0.17703747749328613,
      0.18277809023857117,
      0.23246704041957855,
      -0.9552753567695618,
      0.002316795289516449,
      0.9715389609336853,
      0.23686806857585907
    ]
  },
  {
    "timestamp" : 239774774554,
    "gravity" : [
      -0.004781852010637522,
      -0.9718315601348877,
      -0.2356274127960205
    ],
    "userAcceleration" : [
      0.013601466082036495,
      -0.01615959405899048,
      -0.0046529620885849
    ],
    "rotationMatrix" : [
      0.9819931983947754,
      -0.04906412959098816,
      0.1824335902929306,
      0.1888556033372879,
      0.23051215708255768,
      -0.9545665979385376,
      0.004781857132911682,
      0.9718315601348877,
      0.2356274127960205
    ]
  },
  {
    "timestamp" : 239774784574,
    "gravity" : [
      -0.007045120932161808,
      -0.9720005989074707,
      -0.2348722666501999
    ],
    "userAcceleration" : [
      0.010112162679433823,
      -0.005004227161407471,
      0.03621780872344971
    ],
    "rotationMatrix" : [
      0.9809061288833618,
      -0.05236807465553284,
      0.18729852139949799,
      0.1943541020154953,
      0.2290681153535843,
      -0.9538103342056274,
      0.007045120000839233,
      0.9720005989074707,
      0.2348722666501999
    ]
  },
  {
    "timestamp" : 239774794595,
    "gravity" : [
      -0.009268649853765965,
      -0.9719622135162354,
      -0.23495402932167053
    ],
    "userAcceleration" : [
      0.0006322041153907776,
      -0.006553232669830322,
      0.06982316076755524
    ],
    "rotationMatrix" : [
      0.9800105690956116,
      -0.05552571266889572,
      0.19103968143463135,
      0.19872933626174927,
      0.2284867912530899,
      -0.9530478119850159,
      0.00926864892244339,
      0.9719621539115906,
      0.23495405912399292
    ]
  },
  {
    "timestamp" : 239774804615,
    "gravity" : [
      -0.011810065247118473,
      -0.9716953039169312,
      -0.2359417825937271
    ],
    "userAcceleration" : [
      -0.002517908811569214,
      0.0065618157386779785,
      0.08321638405323029
    ],
    "rotationMatrix" : [
      0.9794597625732422,
      -0.058741793036460876,
      0.19289365410804749,
      0.20129351317882538,
      0.2288174331188202,
      -0.9524301886558533,
      0.011810064315795898,
      0.9716952443122864,
      0.2359418123960495
    ]
  },
  {
    "timestamp" : 239774814635,
    "gravity" : [
      -0.014624693430960178,
      -0.9712069034576416,
      -0.23778818547725677
    ],
    "userAcceleration" : [
      -0.012429104186594486,
      0.012710869312286377,
      0.05861923098564148
    ],
    "rotationMatrix" : [
      0.9791590571403503,
      -0.06208905577659607,
      0.19337135553359985,
      0.20256763696670532,
      0.23000448942184448,
      -0.9518740773200989,
      0.014624692499637604,
      0.9712069630622864,
      0.23778821527957916
    ]
  },
  {
    "timestamp" : 239774824655,
    "gravity" : [
      -0.01752258650958538,
      -0.9705711603164673,
      -0.240176260471344
    ],
    "userAcceleration" : [
      -0.055505942553281784,
      0.010274648666381836,
      -0.06164282560348511
    ],
    "rotationMatrix" : [
      0.9790473580360413,
      -0.06539701670408249,
      0.1928459107875824,
      0.2028774917125702,
      0.2317647635936737,
      -0.9513810276985168,
      0.017522580921649933,
      0.9705711007118225,
      0.240176260471344
    ]
  },
  {
    "timestamp" : 239774834676,
    "gravity" : [
      -0.020231304690241814,
      -0.9699200987815857,
      -0.24258121848106384
    ],
    "userAcceleration" : [
      -0.05279722809791565,
      0.00962364673614502,
      -0.059237897396087646
    ],
    "rotationMatrix" : [
      0.9788360595703125,
      -0.06863562762737274,
      0.19279295206069946,
      0.20364348590373993,
      0.23354683816432953,
      -0.9507813453674316,
      0.020231299102306366,
      0.9699200391769409,
      0.24258126318454742
    ]
  },
  {
    "timestamp" : 239774844696,
    "gravity" : [
      -0.022614965215325356,
      -0.9693883657455444,
      -0.24448825418949127
    ],
    "userAcceleration" : [
      -0.04815525934100151,
      0.01385265588760376,
      -0.10361067950725555
    ],
    "rotationMatrix" : [
      0.9787927865982056,
      -0.07127218693494797,
      0.1920546591281891,
      0.20360079407691956,
      0.23496003448963165,
      -0.9504420161247253,
      0.022614963352680206,
      0.9693883061408997,
      0.24448825418949127
    ]
  },
  {
    "timestamp" : 239774854716,
    "gravity" : [
      -0.024613669142127037,
      -0.9690723419189453,
      -0.24554619193077087
    ],
    "userAcceleration" : [
      -0.035826362669467926,
      0.006715893745422363,
      -0.12563931941986084
    ],
    "rotationMatrix" : [
      0.9784832000732422,
      -0.0736847072839737,
      0.1927204132080078,
      0.20485301315784454,
      0.23551924526691437,
      -0.9500346779823303,
      0.024613671004772186,
      0.9690724015235901,
      0.2455461621284485
    ]
  },
  {
    "timestamp" : 239774864737,
    "gravity" : [
      -0.026030700653791428,
      -0.9689802527427673,
      -0.24576285481452942
    ],
    "userAcceleration" : [
      -0.031006617471575737,
      -0.00022727251052856445,
      -0.12441554665565491
    ],
    "rotationMatrix" : [
      0.9780078530311584,
      -0.07557722181081772,
      0.19439327716827393,
      0.20693734288215637,
      0.23529787361621857,
      -0.9496375322341919,
      0.02603069692850113,
      0.9689801931381226,
      0.2457629144191742
    ]
  },
  {
    "timestamp" : 239774874757,
    "gravity" : [
      -0.026849567890167236,
      -0.969066858291626,
      -0.24533294141292572
    ],
    "userAcceleration" : [
      -0.012457029893994331,
      0.016766071319580078,
      -0.1061229407787323
    ],
    "rotationMatrix" : [
      0.9775183200836182,
      -0.07679688930511475,
      0.1963675320148468,
      0.20913410186767578,
      0.23454508185386658,
      -0.9493424892425537,
      0.02684956043958664,
      0.969066858291626,
      0.24533295631408691
    ]
  },
  {
    "timestamp" : 239774884777,
    "gravity" : [
      -0.027340585365891457,
      -0.9692704677581787,
      -0.2444731444120407
    ],
    "userAcceleration" : [
      0.01322624646127224,
      0.020372331142425537,
      -0.0680575966835022
    ],
    "rotationMatrix" : [
      0.976922869682312,
      -0.07773502171039581,
      0.19894467294216156,
      0.2118353396654129,
      0.23339210450649261,
      -0.9490278363227844,
      0.02734057605266571,
      0.9692705273628235,
      0.24447311460971832
    ]
  },
  {
    "timestamp" : 239774894797,
    "gravity" : [
      -0.02757476083934307,
      -0.9694656729698181,
      -0.24367164075374603
    ],
    "userAcceleration" : [
      0.013887669891119003,
      0.015135347843170166,
      -0.025478363037109375
    ],
    "rotationMatrix" : [
      0.9757823944091797,
      -0.0790218636393547,
      0.20397132635116577,
      0.21699857711791992,
      0.2321460247039795,
      -0.94816654920578,
      0.027574770152568817,
      0.9694656729698181,
      0.24367164075374603
    ]
  },
  {
    "timestamp" : 239774904818,
    "gravity" : [
      -0.02749134786427021,
      -0.9695510864257812,
      -0.24334117770195007
    ],
    "userAcceleration" : [
      0.019663622602820396,
      0.0232621431350708,
      0.01172780990600586
    ],
    "rotationMatrix" : [
      0.9751400947570801,
      -0.07955694943666458,
      0.20681500434875488,
      0.2198772132396698,
      0.23160609602928162,
      -0.947635293006897,
      0.027491353452205658,
      0.9695510864257812,
      0.24334114789962769
    ]
  },
  {
    "timestamp" : 239774914838,
    "gravity" : [
      -0.027417641133069992,
      -0.969473123550415,
      -0.2436593621969223
    ],
    "userAcceleration" : [
      0.037519000470638275,
      0.030233800411224365,
      0.03043283522129059
    ],
    "rotationMatrix" : [
      0.9746468663215637,
      -0.08007454127073288,
      0.20892953872680664,
      0.22206249833106995,
      0.23175351321697235,
      -0.947089433670044,
      0.027417637407779694,
      0.969473123550415,
      0.2436593919992447
    ]
  },
  {
    "timestamp" : 239774924858,
    "gravity" : [
      -0.027392415329813957,
      -0.9692412614822388,
      -0.24458341300487518
    ],
    "userAcceleration" : [
      0.041430532932281494,
      0.02872014045715332,
      0.014297544956207275
    ],
    "rotationMatrix" : [
      0.9743672013282776,
      -0.0805426761507988,
      0.21005111932754517,
      0.2232896089553833,
      0.23256026208400726,
      -0.9466031789779663,
      0.02739240974187851,
      0.9692412614822388,
      0.24458342790603638
    ]
  },
  {
    "timestamp" : 239774934879,
    "gravity" : [
      -0.02734224684536457,
      -0.9689015746116638,
      -0.24593061208724976
    ],
    "userAcceleration" : [
      0.04138036444783211,
      0.02838057279586792,
      0.015644744038581848
    ],
    "rotationMatrix" : [
      0.9740598797798157,
      -0.08110937476158142,
      0.21125495433807373,
      0.22463256120681763,
      0.23377491533756256,
      -0.9459858536720276,
      0.02734224498271942,
      0.9689015746116638,
      0.24593056738376617
    ]
  },
  {
    "timestamp" : 239774944899,
    "gravity" : [
      -0.02735246904194355,
      -0.9684985280036926,
      -0.24751193821430206
    ],
    "userAcceleration" : [
      0.061913665384054184,
      0.030617237091064453,
      -0.002900227904319763
    ],
    "rotationMatrix" : [
      0.9740888476371765,
      -0.08143314719200134,
      0.21099665760993958,
      0.22450566291809082,
      0.2353273332118988,
      -0.9456310272216797,
      0.027352474629878998,
      0.9684985876083374,
      0.24751193821430206
    ]
  },
  {
    "timestamp" : 239774954919,
    "gravity" : [
      -0.027445390820503235,
      -0.9680581092834473,
      -0.24921876192092896
    ],
    "userAcceleration" : [
      0.07128393650054932,
      0.03325915336608887,
      -0.023242399096488953
    ],
    "rotationMatrix" : [
      0.9739616513252258,
      -0.08202425390481949,
      0.2113545536994934,
      0.22504550218582153,
      0.2369288057088852,
      -0.9451026320457458,
      0.027445390820503235,
      0.9680580496788025,
      0.24921876192092896
    ]
  },
  {
    "timestamp" : 239774964939,
    "gravity" : [
      -0.027564646676182747,
      -0.9675977230072021,
      -0.2509872019290924
    ],
    "userAcceleration" : [
      0.06796996295452118,
      0.025581300258636475,
      -0.04071527719497681
    ],
    "rotationMatrix" : [
      0.9737188816070557,
      -0.08277636021375656,
      0.2121783196926117,
      0.2260790765285492,
      0.238542377948761,
      -0.9444498419761658,
      0.027564637362957,
      0.9675976634025574,
      0.2509872317314148
    ]
  },
  {
    "timestamp" : 239774974960,
    "gravity" : [
      -0.0275813527405262,
      -0.9671196937561035,
      -0.25282150506973267
    ],
    "userAcceleration" : [
      0.07024495303630829,
      0.012896120548248291,
      -0.05223247408866882
    ],
    "rotationMatrix" : [
      0.9733941555023193,
      -0.08353789895772934,
      0.21336647868156433,
      0.22747108340263367,
      0.24021001160144806,
      -0.943692684173584,
      0.027581356465816498,
      0.9671196937561035,
      0.2528214752674103
    ]
  },
  {
    "timestamp" : 239774984980,
    "gravity" : [
      -0.027307529002428055,
      -0.9666023254394531,
      -0.2548213303089142
    ],
    "userAcceleration" : [
      0.06308942288160324,
      0.008640527725219727,
      -0.05119392275810242
    ],
    "rotationMatrix" : [
      0.972983717918396,
      -0.08416371792554855,
      0.21498635411262512,
      0.22925305366516113,
      0.24206624925136566,
      -0.9427866339683533,
      0.027307532727718353,
      0.9666023850440979,
      0.2548213303089142
    ]
  },
  {
    "timestamp" : 239774995000,
    "gravity" : [
      -0.026594573631882668,
      -0.9660429954528809,
      -0.2570091187953949
    ],
    "userAcceleration" : [
      0.0594162717461586,
      0.0014740228652954102,
      -0.048594117164611816
    ],
    "rotationMatrix" : [
      0.9724743962287903,
      -0.08453842252492905,
      0.21713314950466156,
      0.23148709535598755,
      0.2441602498292923,
      -0.941700279712677,
      0.026594579219818115,
      0.9660429358482361,
      0.2570091485977173
    ]
  },
  {
    "timestamp" : 239775005020,
    "gravity" : [
      -0.025471603497862816,
      -0.965485155582428,
      -0.25920936465263367
    ],
    "userAcceleration" : [
      0.06020064279437065,
      -0.0015251636505126953,
      -0.04880475997924805
    ],
    "rotationMatrix" : [
      0.9720163941383362,
      -0.08449175208806992,
      0.21919241547584534,
      0.23352807760238647,
      0.24637261033058167,
      -0.9406194686889648,
      0.025471605360507965,
      0.9654850959777832,
      0.25920939445495605
    ]
  },
  {
    "timestamp" : 239775015041,
    "gravity" : [
      -0.024040374904870987,
      -0.964993953704834,
      -0.26116788387298584
    ],
    "userAcceleration" : [
      0.06232471764087677,
      0.01093834638595581,
      -0.05351436138153076
    ],
    "rotationMatrix" : [
      0.9714940190315247,
      -0.08418050408363342,
      0.2216145545244217,
      0.23584195971488953,
      0.24839530885219574,
      -0.9395096302032471,
      0.02404037117958069,
      0.964993953704834,
      0.26116785407066345
    ]
  },
  {
    "timestamp" : 239775025061,
    "gravity" : [
      -0.022322775796055794,
      -0.964638888835907,
      -0.2626281976699829
    ],
    "userAcceleration" : [
      0.056822940707206726,
      0.019479095935821533,
      -0.06687027215957642
    ],
    "rotationMatrix" : [
      0.9711191058158875,
      -0.08334002643823624,
      0.22356677055358887,
      0.23754864931106567,
      0.25005263090133667,
      -0.9386396408081055,
      0.02232278883457184,
      0.9646388292312622,
      0.2626281976699829
    ]
  },
  {
    "timestamp" : 239775035081,
    "gravity" : [
      -0.020477233454585075,
      -0.9644260406494141,
      -0.2635585069656372
    ],
    "userAcceleration" : [
      0.05406185984611511,
      0.027658581733703613,
      -0.06143862009048462
    ],
    "rotationMatrix" : [
      0.9708380103111267,
      -0.08216095715761185,
      0.22521787881851196,
      0.23886021971702576,
      0.25126081705093384,
      -0.9379838705062866,
      0.020477227866649628,
      0.9644260406494141,
      0.2635585367679596
    ]
  },
  {
    "timestamp" : 239775045102,
    "gravity" : [
      -0.018792346119880676,
      -0.964313805103302,
      -0.26409417390823364
    ],
    "userAcceleration" : [
      0.05635952204465866,
      0.024479269981384277,
      -0.04001376032829285
    ],
    "rotationMatrix" : [
      0.970621645450592,
      -0.08096778392791748,
      0.22657863795757294,
      0.23987603187561035,
      0.25207751989364624,
      -0.9375054836273193,
      0.018792346119880676,
      0.9643138647079468,
      0.26409411430358887
    ]
  },
  {
    "timestamp" : 239775055122,
    "gravity" : [
      -0.017331939190626144,
      -0.9642276167869568,
      -0.2645082473754883
    ],
    "userAcceleration" : [
      0.05409040302038193,
      0.025003552436828613,
      -0.01860356330871582
    ],
    "rotationMatrix" : [
      0.970515251159668,
      -0.07983510196208954,
      0.22743456065654755,
      0.24041573703289032,
      0.2527673840522766,
      -0.9371813535690308,
      0.017331942915916443,
      0.9642276763916016,
      0.2645082175731659
    ]
  },
  {
    "timestamp" : 239775065142,
    "gravity" : [
      -0.016108224168419838,
      -0.9640906453132629,
      -0.26508376002311707
    ],
    "userAcceleration" : [
      0.05001328885555267,
      0.02764374017715454,
      0.00023677945137023926
    ],
    "rotationMatrix" : [
      0.9704881906509399,
      -0.07887370884418488,
      0.22788500785827637,
      0.24060998857021332,
      0.2535898685455322,
      -0.9369091391563416,
      0.01610822230577469,
      0.9640906453132629,
      0.26508378982543945
    ]
  },
  {
    "timestamp" : 239775075162,
    "gravity" : [
      -0.015234289690852165,
      -0.9638878703117371,
      -0.2658716142177582
    ],
    "userAcceleration" : [
      0.0562041811645031,
      0.021230638027191162,
      0.0008262693881988525
    ],
    "rotationMatrix" : [
      0.9705306887626648,
      -0.0782104879617691,
      0.22793272137641907,
      0.24049557745456696,
      0.25456419587135315,
      -0.9366742372512817,
      0.015234291553497314,
      0.9638879299163818,
      0.26587164402008057
    ]
  },
  {
    "timestamp" : 239775085183,
    "gravity" : [
      -0.014735570177435875,
      -0.9636592864990234,
      -0.2667270600795746
    ],
    "userAcceleration" : [
      0.06335011124610901,
      0.014700174331665039,
      -0.02393779158592224
    ],
    "rotationMatrix" : [
      0.9705730676651001,
      -0.07790841162204742,
      0.22785569727420807,
      0.24035556614398956,
      0.2555205523967743,
      -0.9364497065544128,
      0.014735564589500427,
      0.9636592268943787,
      0.266727089881897
    ]
  },
  {
    "timestamp" : 239775095203,
    "gravity" : [
      -0.014507988467812538,
      -0.9634605646133423,
      -0.2674567699432373
    ],
    "userAcceleration" : [
      0.059155236929655075,
      0.01614934206008911,
      -0.03964179754257202
    ],
    "rotationMatrix" : [
      0.9705514311790466,
      -0.0778944119811058,
      0.22795259952545166,
      0.2404567301273346,
      0.25627341866493225,
      -0.9362181425094604,
      0.014507986605167389,
      0.9634605646133423,
      0.2674567699432373
    ]
  },
  {
    "timestamp" : 239775105223,
    "gravity" : [
      -0.014504272490739822,
      -0.9633193612098694,
      -0.26796483993530273
    ],
    "userAcceleration" : [
      0.060418009757995605,
      0.012025594711303711,
      -0.04618331789970398
    ],
    "rotationMatrix" : [
      0.9706180691719055,
      -0.077939972281456,
      0.22765310108661652,
      0.2401878386735916,
      0.25678953528404236,
      -0.9361456036567688,
      0.014504268765449524,
      0.9633193612098694,
      0.26796481013298035
    ]
  },
  {
    "timestamp" : 239775115244,
    "gravity" : [
      -0.014556425623595715,
      -0.963227391242981,
      -0.26829278469085693
    ],
    "userAcceleration" : [
      0.05487018823623657,
      0.006211578845977783,
      -0.04109460115432739
    ],
    "rotationMatrix" : [
      0.9705092906951904,
      -0.07818184792995453,
      0.22803360223770142,
      0.2406238466501236,
      0.25706133246421814,
      -0.9359592199325562,
      0.01455642282962799,
      0.963227391242981,
      0.2682928144931793
    ]
  },
  {
    "timestamp" : 239775125264,
    "gravity" : [
      -0.014545909129083157,
      -0.963156521320343,
      -0.2685474455356598
    ],
    "userAcceleration" : [
      0.04246953874826431,
      0.007864952087402344,
      -0.020393192768096924
    ],
    "rotationMatrix" : [
      0.9703280925750732,
      -0.07842592149972916,
      0.22871994972229004,
      0.24135422706604004,
      0.25725221633911133,
      -0.9357185959815979,
      0.014545902609825134,
      0.963156521320343,
      0.26854750514030457
    ]
  },
  {
    "timestamp" : 239775135284,
    "gravity" : [
      -0.014499885961413383,
      -0.9631028771400452,
      -0.2687424421310425
    ],
    "userAcceleration" : [
      0.03749491274356842,
      0.007948637008666992,
      -0.0016282200813293457
    ],
    "rotationMatrix" : [
      0.9701833724975586,
      -0.07858402281999588,
      0.22927892208099365,
      0.241938054561615,
      0.25740498304367065,
      -0.9355257749557495,
      0.014499880373477936,
      0.9631028175354004,
      0.26874250173568726
    ]
  },
  {
    "timestamp" : 239775145304,
    "gravity" : [
      -0.014450108632445335,
      -0.9630719423294067,
      -0.2688555419445038
    ],
    "userAcceleration" : [
      0.03480536490678787,
      0.01067960262298584,
      0.006922990083694458
    ],
    "rotationMatrix" : [
      0.9699752926826477,
      -0.07878615707159042,
      0.23008839786052704,
      0.24277380108833313,
      0.2574584186077118,
      -0.9352944493293762,
      0.014450103044509888,
      0.9630720019340515,
      0.2688555419445038
    ]
  },
  {
    "timestamp" : 239775155325,
    "gravity" : [
      -0.014368169941008091,
      -0.9630447030067444,
      -0.2689575254917145
    ],
    "userAcceleration" : [
      0.031931072473526,
      0.011033833026885986,
      0.012258738279342651
    ],
    "rotationMatrix" : [
      0.9697809219360352,
      -0.07894095033407211,
      0.2308533489704132,
      0.24355387687683105,
      0.2575129270553589,
      -0.9350766539573669,
      0.014368176460266113,
      0.9630447030067444,
      0.2689574956893921
    ]
  },
  {
    "timestamp" : 239775165345,
    "gravity" : [
      -0.014240763150155544,
      -0.9630000591278076,
      -0.26912450790405273
    ],
    "userAcceleration" : [
      0.040196001529693604,
      0.004488825798034668,
      0.013432800769805908
    ],
    "rotationMatrix" : [
      0.96958327293396,
      -0.07907255738973618,
      0.23163732886314392,
      0.24434712529182434,
      0.25763994455337524,
      -0.9348347187042236,
      0.014240771532058716,
      0.9630000591278076,
      0.2691245377063751
    ]
  },
  {
    "timestamp" : 239775175365,
    "gravity" : [
      -0.01403889898210764,
      -0.9629345536231995,
      -0.2693694829940796
    ],
    "userAcceleration" : [
      0.04110802710056305,
      0.005552470684051514,
      0.014333844184875488
    ],
    "rotationMatrix" : [
      0.9694182276725769,
      -0.07911965996026993,
      0.23231104016304016,
      0.24501276016235352,
      0.25787025690078735,
      -0.9345970153808594,
      0.014038898050785065,
      0.9629344940185547,
      0.2693694531917572
    ]
  },
  {
    "timestamp" : 239775185385,
    "gravity" : [
      -0.013807427138090134,
      -0.9628612399101257,
      -0.26964330673217773
    ],
    "userAcceleration" : [
      0.03964059427380562,
      0.011796295642852783,
      0.011540710926055908
    ],
    "rotationMatrix" : [
      0.969305157661438,
      -0.07909174263477325,
      0.23279187083244324,
      0.24547283351421356,
      0.25815242528915405,
      -0.934398353099823,
      0.013807438313961029,
      0.9628612399101257,
      0.2696433365345001
    ]
  },
  {
    "timestamp" : 239775195406,
    "gravity" : [
      -0.013636678457260132,
      -0.9627872705459595,
      -0.26991623640060425
    ],
    "userAcceleration" : [
      0.04706871509552002,
      0.013980507850646973,
      0.0018343627452850342
    ],
    "rotationMatrix" : [
      0.9692060947418213,
      -0.07910477370023727,
      0.23319940268993378,
      0.24587306380271912,
      0.25842443108558655,
      -0.9342179894447327,
      0.013636678457260132,
      0.9627872109413147,
      0.26991626620292664
    ]
  },
  {
    "timestamp" : 239775205426,
    "gravity" : [
      -0.013477657921612263,
      -0.9627075791358948,
      -0.2702079713344574
    ],
    "userAcceleration" : [
      0.04230155423283577,
      0.011886775493621826,
      0.0023397207260131836
    ],
    "rotationMatrix" : [
      0.9691588282585144,
      -0.0790788009762764,
      0.23340466618537903,
      0.24606817960739136,
      0.25872868299484253,
      -0.9340823292732239,
      0.013477660715579987,
      0.9627075791358948,
      0.2702079713344574
    ]
  },
  {
    "timestamp" : 239775215446,
    "gravity" : [
      -0.013263113796710968,
      -0.9626463055610657,
      -0.2704368829727173
    ],
    "userAcceleration" : [
      0.03512899950146675,
      0.013580262660980225,
      0.005681395530700684
    ],
    "rotationMatrix" : [
      0.96910560131073,
      -0.07899285852909088,
      0.2336546778678894,
      0.24628938734531403,
      0.25898295640945435,
      -0.933953583240509,
      0.013263113796710968,
      0.9626463055610657,
      0.27043694257736206
    ]
  },
  {
    "timestamp" : 239775225467,
    "gravity" : [
      -0.012997785583138466,
      -0.9626219868659973,
      -0.2705362141132355
    ],
    "userAcceleration" : [
      0.0366794690489769,
      0.022482335567474365,
      0.0007606148719787598
    ],
    "rotationMatrix" : [
      0.9690725207328796,
      -0.07880746573209763,
      0.23385421931743622,
      0.24643349647521973,
      0.2591296136379242,
      -0.9338749051094055,
      0.01299777626991272,
      0.9626219868659973,
      0.2705361843109131
    ]
  },
  {
    "timestamp" : 239775235487,
    "gravity" : [
      -0.012732335366308689,
      -0.9626654386520386,
      -0.27039429545402527
    ],
    "userAcceleration" : [
      0.0322025865316391,
      0.03352731466293335,
      0.006844252347946167
    ],
    "rotationMatrix" : [
      0.9690542817115784,
      -0.07854781299829483,
      0.2340172827243805,
      0.24651923775672913,
      0.25904718041419983,
      -0.9338751435279846,
      0.012732334434986115,
      0.9626654982566833,
      0.27039432525634766
    ]
  },
  {
    "timestamp" : 239775245507,
    "gravity" : [
      -0.012513444758951664,
      -0.962778627872467,
      -0.2700015604496002
    ],
    "userAcceleration" : [
      0.029023494571447372,
      0.03727203607559204,
      0.003903299570083618
    ],
    "rotationMatrix" : [
      0.9690331816673279,
      -0.07827284187078476,
      0.23419667780399323,
      0.24661332368850708,
      0.2587098777294159,
      -0.9339438676834106,
      0.01251344382762909,
      0.9627785682678223,
      0.2700015902519226
    ]
  },
  {
    "timestamp" : 239775255527,
    "gravity" : [
      -0.012299594469368458,
      -0.9629232287406921,
      -0.2694948613643646
    ],
    "userAcceleration" : [
      0.026337718591094017,
      0.021166205406188965,
      0.01242983341217041
    ],
    "rotationMatrix" : [
      0.9689225554466248,
      -0.07806821912527084,
      0.23472195863723755,
      0.2470582127571106,
      0.25823262333869934,
      -0.9339582920074463,
      0.012299589812755585,
      0.9629232883453369,
      0.26949483156204224
    ]
  },
  {
    "timestamp" : 239775265548,
    "gravity" : [
      -0.011977745220065117,
      -0.963059663772583,
      -0.26902148127555847
    ],
    "userAcceleration" : [
      0.026015866547822952,
      0.021302521228790283,
      0.01195642352104187
    ],
    "rotationMatrix" : [
      0.968646764755249,
      -0.0779433324933052,
      0.23589888215065002,
      0.24815315008163452,
      0.25776126980781555,
      -0.9337982535362244,
      0.011977754533290863,
      0.9630597233772278,
      0.26902148127555847
    ]
  },
  {
    "timestamp" : 239775275568,
    "gravity" : [
      -0.011550970375537872,
      -0.9631608128547668,
      -0.26867732405662537
    ],
    "userAcceleration" : [
      0.032104600220918655,
      0.022929668426513672,
      0.019211173057556152
    ],
    "rotationMatrix" : [
      0.9684610962867737,
      -0.07765781879425049,
      0.23675371706485748,
      0.24889683723449707,
      0.2574688196182251,
      -0.9336808323860168,
      0.011550962924957275,
      0.9631608128547668,
      0.26867732405662537
    ]
  },
  {
    "timestamp" : 239775285588,
    "gravity" : [
      -0.011056754738092422,
      -0.9632166028022766,
      -0.26849862933158875
    ],
    "userAcceleration" : [
      0.039392367005348206,
      0.025838792324066162,
      0.02768421173095703
    ],
    "rotationMatrix" : [
      0.9682190418243408,
      -0.07740791141986847,
      0.23782330751419067,
      0.2498592883348465,
      0.2573358714580536,
      -0.933460533618927,
      0.011056758463382721,
      0.9632166028022766,
      0.26849856972694397
    ]
  },
  {
    "timestamp" : 239775295609,
    "gravity" : [
      -0.010471491143107414,
      -0.9632120132446289,
      -0.2685382068157196
    ],
    "userAcceleration" : [
      0.03929538279771805,
      0.025452792644500732,
      0.02944803237915039
    ],
    "rotationMatrix" : [
      0.9679014086723328,
      -0.07720410078763962,
      0.23917855322360992,
      0.2511119246482849,
      0.2574140131473541,
      -0.9331026673316956,
      0.010471493005752563,
      0.9632119536399841,
      0.2685382664203644
    ]
  },
  {
    "timestamp" : 239775305629,
    "gravity" : [
      -0.009701735340058804,
      -0.9631271362304688,
      -0.26887163519859314
    ],
    "userAcceleration" : [
      0.025998156517744064,
      0.026558101177215576,
      0.023433804512023926
    ],
    "rotationMatrix" : [
      0.9674646854400635,
      -0.07702337205410004,
      0.24099686741828918,
      0.2528200149536133,
      0.25778570771217346,
      -0.9325387477874756,
      0.009701728820800781,
      0.9631271362304688,
      0.26887163519859314
    ]
  },
  {
    "timestamp" : 239775315649,
    "gravity" : [
      -0.008634587749838829,
      -0.962965190410614,
      -0.2694874405860901
    ],
    "userAcceleration" : [
      0.004545276984572411,
      0.02262711524963379,
      0.011491566896438599
    ],
    "rotationMatrix" : [
      0.9668381214141846,
      -0.07682985067367554,
      0.24355947971343994,
      0.2552439868450165,
      0.25844764709472656,
      -0.9316949248313904,
      0.008634589612483978,
      0.9629653096199036,
      0.2694873809814453
    ]
  },
  {
    "timestamp" : 239775325669,
    "gravity" : [
      -0.007277832832187414,
      -0.9627917408943176,
      -0.2701464295387268
    ],
    "userAcceleration" : [
      -0.007095901761204004,
      0.020592093467712402,
      -0.0010634958744049072
    ],
    "rotationMatrix" : [
      0.9661186933517456,
      -0.0764702782034874,
      0.2465096265077591,
      0.25799560546875,
      0.25919950008392334,
      -0.9307276606559753,
      0.007277831435203552,
      0.9627917408943176,
      0.2701464891433716
    ]
  },
  {
    "timestamp" : 239775335690,
    "gravity" : [
      -0.0056351651437580585,
      -0.9626774191856384,
      -0.2705925703048706
    ],
    "userAcceleration" : [
      -0.008601251989603043,
      0.021179795265197754,
      -0.012656569480895996
    ],
    "rotationMatrix" : [
      0.9653347730636597,
      -0.07585138827562332,
      0.24975045025348663,
      0.26095396280288696,
      0.2598050832748413,
      -0.9297334551811218,
      0.005635157227516174,
      0.9626774191856384,
      0.270592600107193
    ]
  },
  {
    "timestamp" : 239775345710,
    "gravity" : [
      -0.003929939586669207,
      -0.9626722931861877,
      -0.2706409692764282
    ],
    "userAcceleration" : [
      0.009865650907158852,
      0.029521167278289795,
      -0.020710527896881104
    ],
    "rotationMatrix" : [
      0.964538037776947,
      -0.07507631927728653,
      0.25304123759269714,
      0.263914555311203,
      0.26004907488822937,
      -0.9288291335105896,
      0.003929935395717621,
      0.9626722931861877,
      0.2706409692764282
    ]
  },
  {
    "timestamp" : 239775355730,
    "gravity" : [
      -0.002315696096047759,
      -0.9627910256385803,
      -0.2702367305755615
    ],
    "userAcceleration" : [
      0.028408261016011238,
      0.03704047203063965,
      -0.021374136209487915
    ],
    "rotationMatrix" : [
      0.9637698531150818,
      -0.07422803342342377,
      0.25619879364967346,
      0.2667250633239746,
      0.25985273718833923,
      -0.9280808568000793,
      0.002315700054168701,
      0.9627910256385803,
      0.2702367305755615
    ]
  },
  {
    "timestamp" : 239775365751,
    "gravity" : [
      -0.0008468966698274016,
      -0.962995707988739,
      -0.2695154845714569
    ],
    "userAcceleration" : [
      0.03604896739125252,
      0.040556252002716064,
      0.025252580642700195
    ],
    "rotationMatrix" : [
      0.9630229473114014,
      -0.07339777797460556,
      0.25922876596450806,
      0.26941800117492676,
      0.25933000445365906,
      -0.9274491667747498,
      0.0008468925952911377,
      0.962995707988739,
      0.26951542496681213
    ]
  },
  {
    "timestamp" : 239775375771,
    "gravity" : [
      0.000408846273785457,
      -0.9632242918014526,
      -0.26869842410087585
    ],
    "userAcceleration" : [
      0.03479321673512459,
      0.04078477621078491,
      0.024435490369796753
    ],
    "rotationMatrix" : [
      0.9622896909713745,
      -0.07271414995193481,
      0.2621282637119293,
      0.2720264792442322,
      0.25867292284965515,
      -0.9268710613250732,
      -0.000408858060836792,
      0.9632242918014526,
      0.26869845390319824
    ]
  },
  {
    "timestamp" : 239775385791,
    "gravity" : [
      0.001519723329693079,
      -0.9633988738059998,
      -0.26806774735450745
    ],
    "userAcceleration" : [
      0.022375579923391342,
      0.03189569711685181,
      0.05314749479293823
    ],
    "rotationMatrix" : [
      0.961553156375885,
      -0.07220771163702011,
      0.26495587825775146,
      0.27461472153663635,
      0.25816404819488525,
      -0.9262494444847107,
      -0.001519724726676941,
      0.9633988738059998,
      0.26806774735450745
    ]
  },
  {
    "timestamp" : 239775395811,
    "gravity" : [
      0.0025938248727470636,
      -0.9634708166122437,
      -0.2678007483482361
    ],
    "userAcceleration" : [
      0.005371304228901863,
      0.024872303009033203,
      0.06655234098434448
    ],
    "rotationMatrix" : [
      0.9607701897621155,
      -0.07186959683895111,
      0.26787200570106506,
      0.2773336172103882,
      0.257989764213562,
      -0.9254876375198364,
      -0.002593815326690674,
      0.9634708166122437,
      0.2678007483482361
    ]
  },
  {
    "timestamp" : 239775405832,
    "gravity" : [
      0.0037737630773335695,
      -0.963405191898346,
      -0.2680222690105438
    ],
    "userAcceleration" : [
      0.004450772888958454,
      0.014964878559112549,
      0.0654464066028595
    ],
    "rotationMatrix" : [
      0.9598838686943054,
      -0.0716572254896164,
      0.27108705043792725,
      0.2803724408149719,
      0.2582932710647583,
      -0.9244866967201233,
      -0.0037737637758255005,
      0.963405191898346,
      0.26802223920822144
    ]
  },
  {
    "timestamp" : 239775415852,
    "gravity" : [
      0.0051400866359472275,
      -0.9631919264793396,
      -0.26876509189605713
    ],
    "userAcceleration" : [
      0.0012686480768024921,
      0.014629483222961426,
      0.05746123194694519
    ],
    "rotationMatrix" : [
      0.9588648676872253,
      -0.07153456658124924,
      0.27470165491104126,
      0.2838164269924164,
      0.2591214179992676,
      -0.92320317029953,
      -0.00514008104801178,
      0.9631919264793396,
      0.2687651216983795
    ]
  },
  {
    "timestamp" : 239775425872,
    "gravity" : [
      0.0067227911204099655,
      -0.9628596305847168,
      -0.26991817355155945
    ],
    "userAcceleration" : [
      0.006964380387216806,
      0.0077664852142333984,
      0.04280617833137512
    ],
    "rotationMatrix" : [
      0.9576824307441711,
      -0.07147254049777985,
      0.27881181240081787,
      0.28774845600128174,
      0.26037031412124634,
      -0.921633243560791,
      -0.006722792983055115,
      0.9628596305847168,
      0.26991820335388184
    ]
  },
  {
    "timestamp" : 239775435893,
    "gravity" : [
      0.008379753679037094,
      -0.9624696969985962,
      -0.2712595462799072
    ],
    "userAcceleration" : [
      0.015240895561873913,
      0.009802579879760742,
      0.0310707688331604
    ],
    "rotationMatrix" : [
      0.9564102292060852,
      -0.07147366553544998,
      0.28314483165740967,
