[
  {
    "rotationMatrix" : [
      -0.28882402181625366,
      -0.0985131561756134,
      0.9523000717163086,
      0.9553267955780029,
      0.03548496961593628,
      0.2934130132198334,
      -0.06269720196723938,
      0.9945026636123657,
      0.08386361598968506
    ],
    "timestamp" : 239754636831,
    "userAcceleration" : [
      0.014329314231872559,
      0.039150118827819824,
      0.01568729430437088
    ],
    "gravity" : [
      0.06269717961549759,
      -0.9945027232170105,
      -0.08386360108852386
    ]
  },
  {
    "rotationMatrix" : [
      -0.2868261933326721,
      -0.09566664695739746,
      0.9531937837600708,
      0.9558032751083374,
      0.038497745990753174,
      0.2914752662181854,
      -0.06458020210266113,
      0.9946686029434204,
      0.08039641380310059
    ],
    "timestamp" : 239754646851,
    "userAcceleration" : [
      0.040537670254707336,
      0.05005812644958496,
      0.0052925944328308105
    ],
    "gravity" : [
      0.06458026170730591,
      -0.9946686029434204,
      -0.0803963914513588
    ]
  },
  {
    "rotationMatrix" : [
      -0.28417307138442993,
      -0.09248709678649902,
      0.9543017148971558,
      0.9564927816390991,
      0.04125785827636719,
      0.2888241112232208,
      -0.06608495116233826,
      0.9948587417602539,
      0.07673889398574829
    ],
    "timestamp" : 239754656870,
    "userAcceleration" : [
      0.05929671972990036,
      0.07226669788360596,
      -0.012692928314208984
    ],
    "gravity" : [
      0.06608487665653229,
      -0.9948587417602539,
      -0.07673890143632889
    ]
  },
  {
    "rotationMatrix" : [
      -0.28134602308273315,
      -0.08869776129722595,
      0.9554981589317322,
      0.957260012626648,
      0.04364296793937683,
      0.2859162986278534,
      -0.06706076860427856,
      0.995101809501648,
      0.07262828946113586
    ],
    "timestamp" : 239754666890,
    "userAcceleration" : [
      0.06950551271438599,
      0.08575451374053955,
      -0.0377843901515007
    ],
    "gravity" : [
      0.06706076115369797,
      -0.9951018691062927,
      -0.07262827455997467
    ]
  },
  {
    "rotationMatrix" : [
      -0.2787894010543823,
      -0.08442819118499756,
      0.9566336870193481,
      0.9579695463180542,
      0.045674651861190796,
      0.2832098603248596,
      -0.06760469079017639,
      0.9953820109367371,
      0.06814619898796082
    ],
    "timestamp" : 239754676910,
    "userAcceleration" : [
      0.046226002275943756,
      0.09273326396942139,
      -0.05247455835342407
    ],
    "gravity" : [
      0.0676046833395958,
      -0.9953820705413818,
      -0.06814619153738022
    ]
  },
  {
    "rotationMatrix" : [
      -0.27733761072158813,
      -0.08011049032211304,
      0.957426905632019,
      0.9583645462989807,
      0.047443240880966187,
      0.2815788686275482,
      -0.06798088550567627,
      0.9956563711166382,
      0.06361714005470276
    ],
    "timestamp" : 239754686930,
    "userAcceleration" : [
      0.015728943049907684,
      0.07999169826507568,
      -0.053005822002887726
    ],
    "gravity" : [
      0.06798090785741806,
      -0.9956563711166382,
      -0.06361714005470276
    ]
  },
  {
    "rotationMatrix" : [
      -0.27711015939712524,
      -0.07612636685371399,
      0.9578176736831665,
      0.9583978652954102,
      0.049101799726486206,
      0.28118059039115906,
      -0.06843581795692444,
      0.995888352394104,
      0.05935278534889221
    ],
    "timestamp" : 239754696950,
    "userAcceleration" : [
      -0.01086428016424179,
      0.06716227531433105,
      -0.03261203318834305
    ],
    "gravity" : [
      0.06843582540750504,
      -0.9958884119987488,
      -0.059352755546569824
    ]
  },
  {
    "rotationMatrix" : [
      -0.2777888774871826,
      -0.07264041900634766,
      0.9578917026519775,
      0.9581544399261475,
      0.050762176513671875,
      0.28171464800834656,
      -0.06908845901489258,
      0.9960654973983765,
      0.05549967288970947
    ],
    "timestamp" : 239754706969,
    "userAcceleration" : [
      -0.03179588168859482,
      0.047411441802978516,
      -0.0011868476867675781
    ],
    "gravity" : [
      0.06908849626779556,
      -0.9960654973983765,
      -0.055499620735645294
    ]
  },
  {
    "rotationMatrix" : [
      -0.27827274799346924,
      -0.0694756805896759,
      0.9579859972000122,
      0.957945704460144,
      0.052644312381744385,
      0.2820790410041809,
      -0.07003006339073181,
      0.9961935877799988,
      0.051904499530792236
    ],
    "timestamp" : 239754716989,
    "userAcceleration" : [
      -0.03678105026483536,
      0.03124314546585083,
      0.021722495555877686
    ],
    "gravity" : [
      0.0700300857424736,
      -0.9961935877799988,
      -0.051904451102018356
    ]
  },
  {
    "rotationMatrix" : [
      -0.2778252959251404,
      -0.0663987398147583,
      0.95833420753479,
      0.9579885005950928,
      0.054803550243377686,
      0.28152212500572205,
      -0.07121291756629944,
      0.9962869882583618,
      0.048383355140686035
    ],
    "timestamp" : 239754727009,
    "userAcceleration" : [
      -0.029159508645534515,
      0.036585450172424316,
      0.03985362499952316
    ],
    "gravity" : [
      0.07121287286281586,
      -0.9962870478630066,
      -0.04838336259126663
    ]
  },
  {
    "rotationMatrix" : [
      -0.27655065059661865,
      -0.0634273886680603,
      0.9589036703109741,
      0.9582555890083313,
      0.05714386701583862,
      0.28014370799064636,
      -0.07256409525871277,
      0.9963489770889282,
      0.044976651668548584
    ],
    "timestamp" : 239754737029,
    "userAcceleration" : [
      -0.03051077574491501,
      0.03664761781692505,
      0.03644692897796631
    ],
    "gravity" : [
      0.07256413996219635,
      -0.9963489770889282,
      -0.044976651668548584
    ]
  },
  {
    "rotationMatrix" : [
      -0.2752062678337097,
      -0.06079712510108948,
      0.9594609141349792,
      0.9585291147232056,
      0.05951914191246033,
      0.27871042490005493,
      -0.07405108213424683,
      0.9963740706443787,
      0.041895776987075806
    ],
    "timestamp" : 239754747049,
    "userAcceleration" : [
      -0.029708929359912872,
      0.04347789287567139,
      0.024729546159505844
    ],
    "gravity" : [
      0.07405111938714981,
      -0.9963740110397339,
      -0.041895791888237
    ]
  },
  {
    "rotationMatrix" : [
      -0.2742348909378052,
      -0.05872613191604614,
      0.9598676562309265,
      0.9586746096611023,
      0.06192544102668762,
      0.277682900428772,
      -0.07574731111526489,
      0.9963513612747192,
      0.03931739926338196
    ],
    "timestamp" : 239754757068,
    "userAcceleration" : [
      -0.04300178587436676,
      0.041624486446380615,
      0.004405267536640167
    ],
    "gravity" : [
      0.07574725896120071,
      -0.996351420879364,
      -0.039317429065704346
    ]
  },
  {
    "rotationMatrix" : [
      -0.2738390564918518,
      -0.05736079812049866,
      0.9600633382797241,
      0.9586234092712402,
      0.06447166204452515,
      0.27728039026260376,
      -0.07780182361602783,
      0.9962695240974426,
      0.03733265399932861
    ],
    "timestamp" : 239754767088,
    "userAcceleration" : [
      -0.05343339592218399,
      0.03943675756454468,
      -0.0019435286521911621
    ],
    "gravity" : [
      0.07780181616544724,
      -0.9962695240974426,
      -0.0373326875269413
    ]
  },
  {
    "rotationMatrix" : [
      -0.2748944163322449,
      -0.05699387192726135,
      0.9597836136817932,
      0.9581055641174316,
      0.06725311279296875,
      0.2784074544906616,
      -0.08041590452194214,
      0.996106743812561,
      0.03611868619918823
    ],
    "timestamp" : 239754777108,
    "userAcceleration" : [
      -0.07214553654193878,
      0.013913869857788086,
      -0.014754176139831543
    ],
    "gravity" : [
      0.08041592687368393,
      -0.996106743812561,
      -0.03611867129802704
    ]
  },
  {
    "rotationMatrix" : [
      -0.277040958404541,
      -0.057758331298828125,
      0.959120512008667,
      0.9571927785873413,
      0.07051411271095276,
      0.28073057532310486,
      -0.08384600281715393,
      0.9958370923995972,
      0.03575065732002258
    ],
    "timestamp" : 239754787128,
    "userAcceleration" : [
      -0.10401797294616699,
      0.01674175262451172,
      -0.013565778732299805
    ],
    "gravity" : [
      0.08384598046541214,
      -0.9958371520042419,
      -0.03575068339705467
    ]
  },
  {
    "rotationMatrix" : [
      -0.28107476234436035,
      -0.05925440788269043,
      0.9578548669815063,
      0.9556708335876465,
      0.07392197847366333,
      0.28500670194625854,
      -0.0876944363117218,
      0.9955020546913147,
      0.03585010766983032
    ],
    "timestamp" : 239754797148,
    "userAcceleration" : [
      -0.07519731670618057,
      0.04008829593658447,
      -0.003242913633584976
    ],
    "gravity" : [
      0.08769442141056061,
      -0.9955021142959595,
      -0.035850148648023605
    ]
  },
  {
    "rotationMatrix" : [
      -0.28563356399536133,
      -0.06067320704460144,
      0.9564163088798523,
      0.9539668560028076,
      0.07721856236457825,
      0.28980064392089844,
      -0.09143620729446411,
      0.9951663017272949,
      0.035824090242385864
    ],
    "timestamp" : 239754807167,
    "userAcceleration" : [
      -0.045766495168209076,
      0.0681186318397522,
      0.018779929727315903
    ],
    "gravity" : [
      0.09143619984388351,
      -0.9951663017272949,
      -0.03582409396767616
    ]
  },
  {
    "rotationMatrix" : [
      -0.28918665647506714,
      -0.06133487820625305,
      0.9553056359291077,
      0.9525859355926514,
      0.08019095659255981,
      0.2935120761394501,
      -0.0946093201637268,
      0.994890570640564,
      0.03523671627044678
    ],
    "timestamp" : 239754817187,
    "userAcceleration" : [
      -0.020146287977695465,
      0.09923028945922852,
      0.043781578540802
    ],
    "gravity" : [
      0.09460930526256561,
      -0.994890570640564,
      -0.03523672744631767
    ]
  },
  {
    "rotationMatrix" : [
      -0.290985643863678,
      -0.06071287393569946,
      0.9547991752624512,
      0.9518190026283264,
      0.08259224891662598,
      0.29532915353775024,
      -0.09678933024406433,
      0.9947324395179749,
      0.03375440835952759
    ],
    "timestamp" : 239754827207,
    "userAcceleration" : [
      0.03968542814254761,
      0.12064796686172485,
      0.07295417785644531
    ],
    "gravity" : [
      0.09678933769464493,
      -0.9947324395179749,
      -0.033754412084817886
    ]
  },
  {
    "rotationMatrix" : [
      -0.29036402702331543,
      -0.05870506167411804,
      0.9551137685775757,
      0.9519104957580566,
      0.08423835039138794,
      0.29456785321235657,
      -0.09774979948997498,
      0.9947148561477661,
      0.031422197818756104
    ],
    "timestamp" : 239754837227,
    "userAcceleration" : [
      0.03872491419315338,
      0.12063044309616089,
      0.07062196731567383
    ],
    "gravity" : [
      0.09774982184171677,
      -0.9947147965431213,
      -0.03142222762107849
    ]
  },
  {
    "rotationMatrix" : [
      -0.2882434129714966,
      -0.05583953857421875,
      0.9559273719787598,
      0.9525374174118042,
      0.0853624939918518,
      0.2922077775001526,
      -0.09791693091392517,
      0.9947838187217712,
      0.028584301471710205
    ],
    "timestamp" : 239754847247,
    "userAcceleration" : [
      0.013685964047908783,
      0.11401623487472534,
      0.07548969984054565
    ],
    "gravity" : [
      0.09791694581508636,
      -0.9947838187217712,
      -0.02858429029583931
    ]
  },
  {
    "rotationMatrix" : [
      -0.284984827041626,
      -0.05284819006919861,
      0.9570737481117249,
      0.953557014465332,
      0.08596333861351013,
      0.2886846363544464,
      -0.0975295901298523,
      0.9948954582214355,
      0.025895804166793823
    ],
    "timestamp" : 239754857266,
    "userAcceleration" : [
      -0.004954352974891663,
      0.10662055015563965,
      0.09028792381286621
    ],
    "gravity" : [
      0.09752953797578812,
      -0.9948954582214355,
      -0.0258958600461483
    ]
  },
  {
    "rotationMatrix" : [
      -0.28109872341156006,
      -0.05046066641807556,
      0.9583512544631958,
      0.9547898769378662,
      0.08596524596214294,
      0.2845805287361145,
      -0.09674501419067383,
      0.9950193762779236,
      0.024014681577682495
    ],
    "timestamp" : 239754867286,
    "userAcceleration" : [
      -0.022190406918525696,
      0.10315853357315063,
      0.08575171232223511
    ],
    "gravity" : [
      0.09674497693777084,
      -0.9950193762779236,
      -0.02401469275355339
    ]
  },
  {
    "rotationMatrix" : [
      -0.2777675986289978,
      -0.04925334453582764,
      0.9593849182128906,
      0.9558544158935547,
      0.085476815700531,
      0.28113365173339844,
      -0.09585201740264893,
      0.9951220750808716,
      0.023336291313171387
    ],
    "timestamp" : 239754877306,
    "userAcceleration" : [
      -0.0498923733830452,
      0.09569275379180908,
      0.06755620241165161
    ],
    "gravity" : [
      0.09585199505090714,
      -0.9951220154762268,
      -0.02333630993962288
    ]
  },
  {
    "rotationMatrix" : [
      -0.27554863691329956,
      -0.049571990966796875,
      0.9600080847740173,
      0.9565566778182983,
      0.0848122239112854,
      0.278937429189682,
      -0.09524792432785034,
      0.9951629638671875,
      0.024048566818237305
    ],
    "timestamp" : 239754887326,
    "userAcceleration" : [
      -0.07713555544614792,
      0.08636492490768433,
      0.048371076583862305
    ],
    "gravity" : [
      0.09524787962436676,
      -0.9951630234718323,
      -0.02404862456023693
    ]
  },
  {
    "rotationMatrix" : [
      -0.2747052311897278,
      -0.05134841799736023,
      0.9601562023162842,
      0.9568132162094116,
      0.08417147397994995,
      0.27825045585632324,
      -0.09510529041290283,
      0.9951272010803223,
      0.0260087251663208
    ],
    "timestamp" : 239754897346,
    "userAcceleration" : [
      -0.08787249773740768,
      0.08654284477233887,
      0.0182420052587986
    ],
    "gravity" : [
      0.09510527551174164,
      -0.9951272010803223,
      -0.026008740067481995
    ]
  },
  {
    "rotationMatrix" : [
      -0.2755706310272217,
      -0.05407726764678955,
      0.9597584009170532,
      0.9565457105636597,
      0.08354943990707397,
      0.27935588359832764,
      -0.09529396891593933,
      0.9950351715087891,
      0.028703749179840088
    ],
    "timestamp" : 239754907366,
    "userAcceleration" : [
      -0.08207972347736359,
      0.10871326923370361,
      -0.013807296752929688
    ],
    "gravity" : [
      0.09529395401477814,
      -0.9950351715087891,
      -0.028703723102808
    ]
  },
  {
    "rotationMatrix" : [
      -0.2775496244430542,
      -0.056961268186569214,
      0.9590212106704712,
      0.955956220626831,
      0.08282139897346497,
      0.28158172965049744,
      -0.09546682238578796,
      0.994935154914856,
      0.03146544098854065
    ],
    "timestamp" : 239754917385,
    "userAcceleration" : [
      -0.05086516588926315,
      0.13465994596481323,
      -0.022062484174966812
    ],
    "gravity" : [
      0.09546676278114319,
      -0.9949352145195007,
      -0.03146544098854065
    ]
  },
  {
    "rotationMatrix" : [
      -0.27961522340774536,
      -0.059089481830596924,
      0.9582918882369995,
      0.9553841948509216,
      0.08180427551269531,
      0.28381112217903137,
      -0.09516242146492004,
      0.9948951005935669,
      0.03357964754104614
    ],
    "timestamp" : 239754927405,
    "userAcceleration" : [
      -0.01271909475326538,
      0.15528041124343872,
      -0.018559690564870834
    ],
    "gravity" : [
      0.09516245126724243,
      -0.9948950409889221,
      -0.033579643815755844
    ]
  },
  {
    "rotationMatrix" : [
      -0.28132206201553345,
      -0.05998620390892029,
      0.9577364325523376,
      0.9549925327301025,
      0.08032253384590149,
      0.2855471074581146,
      -0.09405654668807983,
      0.9949620962142944,
      0.03469011187553406
    ],
    "timestamp" : 239754937425,
    "userAcceleration" : [
      0.016005195677280426,
      0.17477184534072876,
      0.006217185407876968
    ],
    "gravity" : [
      0.09405658394098282,
      -0.9949620962142944,
      -0.034690093249082565
    ]
  },
  {
    "rotationMatrix" : [
      -0.2819870114326477,
      -0.05983620882034302,
      0.9575502872467041,
      0.9549948573112488,
      0.07822039723396301,
      0.28612253069877625,
      -0.09202027320861816,
      0.9951386451721191,
      0.035086244344711304
    ],
    "timestamp" : 239754947445,
    "userAcceleration" : [
      0.02966868132352829,
      0.18184536695480347,
      0.046652380377054214
    ],
    "gravity" : [
      0.09202030301094055,
      -0.9951386451721191,
      -0.0350862592458725
    ]
  },
  {
    "rotationMatrix" : [
      -0.2817862033843994,
      -0.059573858976364136,
      0.9576257467269897,
      0.9553359746932983,
      0.07520794868469238,
      0.2857913076877594,
      -0.08904659748077393,
      0.9953866004943848,
      0.03572070598602295
    ],
    "timestamp" : 239754957465,
    "userAcceleration" : [
      0.02217485010623932,
      0.1731821894645691,
      0.08906537294387817
    ],
    "gravity" : [
      0.08904657512903214,
      -0.99538654088974,
      -0.03572070226073265
    ]
  },
  {
    "rotationMatrix" : [
      -0.28130918741226196,
      -0.060326606035232544,
      0.9577192068099976,
      0.9558084011077881,
      0.07121890783309937,
      0.2852339446544647,
      -0.08541491627693176,
      0.9956347942352295,
      0.037626028060913086
    ],
    "timestamp" : 239754967484,
    "userAcceleration" : [
      -0.006145387887954712,
      0.1423633098602295,
      0.11173796653747559
    ],
    "gravity" : [
      0.08541493862867355,
      -0.9956347942352295,
      -0.03762608394026756
    ]
  },
  {
    "rotationMatrix" : [
      -0.2812121510505676,
      -0.06280949711799622,
      0.9575877785682678,
      0.9561692476272583,
      0.06651812791824341,
      0.2851586937904358,
      -0.08160752058029175,
      0.9958062767982483,
      0.04135096073150635
    ],
    "timestamp" : 239754977504,
    "userAcceleration" : [
      -0.046115465462207794,
      0.11537426710128784,
      0.11151081323623657
    ],
    "gravity" : [
      0.08160754293203354,
      -0.9958062767982483,
      -0.041350945830345154
    ]
  },
  {
    "rotationMatrix" : [
      -0.2822481393814087,
      -0.06708967685699463,
      0.956992506980896,
      0.9561638832092285,
      0.06144857406616211,
      0.2863117754459381,
      -0.07801428437232971,
      0.9958528280258179,
      0.04680514335632324
    ],
    "timestamp" : 239754987524,
    "userAcceleration" : [
      -0.07154441624879837,
      0.08746671676635742,
      0.09734219312667847
    ],
    "gravity" : [
      0.07801426947116852,
      -0.9958527684211731,
      -0.046805135905742645
    ]
  },
  {
    "rotationMatrix" : [
      -0.2838825583457947,
      -0.07282239198684692,
      0.9560895562171936,
      0.9559245705604553,
      0.05645307898521423,
      0.2881335914134979,
      -0.07495659589767456,
      0.9957457780838013,
      0.053586870431900024
    ],
    "timestamp" : 239754997544,
    "userAcceleration" : [
      -0.0871329978108406,
      0.056826889514923096,
      0.09647923707962036
    ],
    "gravity" : [
      0.07495663315057755,
      -0.9957457780838013,
      -0.053586822003126144
    ]
  },
  {
    "rotationMatrix" : [
      -0.28510940074920654,
      -0.07955402135848999,
      0.9551876783370972,
      0.9557356238365173,
      0.05196622014045715,
      0.2896011173725128,
      -0.07267630100250244,
      0.9954750537872314,
      0.06121662259101868
    ],
    "timestamp" : 239755007564,
    "userAcceleration" : [
      -0.08770612627267838,
      0.028403639793395996,
      0.10481089353561401
    ],
    "gravity" : [
      0.07267634570598602,
      -0.9954750537872314,
      -0.06121661886572838
    ]
  },
  {
    "rotationMatrix" : [
      -0.2847440838813782,
      -0.08676448464393616,
      0.9546687602996826,
      0.9559582471847534,
      0.04823210835456848,
      0.2895122766494751,
      -0.07116496562957764,
      0.9950604438781738,
      0.06920954585075378
    ],
    "timestamp" : 239755017583,
    "userAcceleration" : [
      -0.05228971689939499,
      0.0005537867546081543,
      0.10198546200990677
    ],
    "gravity" : [
      0.07116495817899704,
      -0.9950604438781738,
      -0.06920959800481796
    ]
  },
  {
    "rotationMatrix" : [
      -0.28278934955596924,
      -0.09414070844650269,
      0.9545507431030273,
      0.956604540348053,
      0.04522299766540527,
      0.2878580093383789,
      -0.07026660442352295,
      0.9945310354232788,
      0.07726716995239258
    ],
    "timestamp" : 239755027603,
    "userAcceleration" : [
      -0.015777327120304108,
      0.01482546329498291,
      0.07014120370149612
    ],
    "gravity" : [
      0.07026660442352295,
      -0.9945310354232788,
      -0.07726714015007019
    ]
  },
  {
    "rotationMatrix" : [
      -0.27996695041656494,
      -0.10156023502349854,
      0.9546222686767578,
      0.9574850797653198,
      0.04252496361732483,
      0.2853308320045471,
      -0.06957340240478516,
      0.9939199090003967,
      0.0853370726108551
    ],
    "timestamp" : 239755037623,
    "userAcceleration" : [
      0.015555515885353088,
      0.05764085054397583,
      0.023889847099781036
    ],
    "gravity" : [
      0.06957338750362396,
      -0.9939199090003967,
      -0.08533705770969391
    ]
  },
  {
    "rotationMatrix" : [
      -0.2773141860961914,
      -0.10881015658378601,
      0.9545978307723999,
      0.9583348035812378,
      0.039500653743743896,
      0.28290241956710815,
      -0.06848981976509094,
      0.9932772517204285,
      0.09332269430160522
    ],
    "timestamp" : 239755047643,
    "userAcceleration" : [
      0.04621068388223648,
      0.08211410045623779,
      -0.01777660846710205
    ],
    "gravity" : [
      0.06848976016044617,
      -0.9932773113250732,
      -0.09332268685102463
    ]
  },
  {
    "rotationMatrix" : [
      -0.2749495506286621,
      -0.11557769775390625,
      0.9544863700866699,
      0.9591548442840576,
      0.035708457231521606,
      0.2806183993816376,
      -0.06651630997657776,
      0.9926562309265137,
      0.10103908181190491
    ],
    "timestamp" : 239755057663,
    "userAcceleration" : [
      0.05440974235534668,
      0.0851094126701355,
      -0.04689496010541916
    ],
    "gravity" : [
      0.06651629507541656,
      -0.9926562309265137,
      -0.10103906691074371
    ]
  },
  {
    "rotationMatrix" : [
      -0.2730920910835266,
      -0.12155300378799438,
      0.9542774558067322,
      0.9598739743232727,
      0.0312952995300293,
      0.2786799669265747,
      -0.06373876333236694,
      0.9920914173126221,
      0.10812908411026001
    ],
    "timestamp" : 239755067682,
    "userAcceleration" : [
      0.0250827819108963,
      0.07097947597503662,
      -0.07532739639282227
    ],
    "gravity" : [
      0.06373875588178635,
      -0.9920914173126221,
      -0.1081291139125824
    ]
  },
  {
    "rotationMatrix" : [
      -0.27148306369781494,
      -0.1264733374118805,
      0.9540970325469971,
      0.9605350494384766,
      0.026787400245666504,
      0.2768659293651581,
      -0.06057381629943848,
      0.9916081428527832,
      0.11420989036560059
    ],
    "timestamp" : 239755077702,
    "userAcceleration" : [
      -0.005947232246398926,
      0.044418931007385254,
      -0.08229285478591919
    ],
    "gravity" : [
      0.06057382747530937,
      -0.9916081428527832,
      -0.1142098531126976
    ]
  },
  {
    "rotationMatrix" : [
      -0.26952624320983887,
      -0.13034400343894958,
      0.9541309475898743,
      0.9612791538238525,
      0.022668302059173584,
      0.2746422588825226,
      -0.057426393032073975,
      0.9912096261978149,
      0.11918729543685913
    ],
    "timestamp" : 239755087722,
    "userAcceleration" : [
      -0.028831355273723602,
      0.017500579357147217,
      -0.07969582080841064
    ],
    "gravity" : [
      0.05742647126317024,
      -0.9912096261978149,
      -0.11918728798627853
    ]
  },
  {
    "rotationMatrix" : [
      -0.2677916884422302,
      -0.1333150863647461,
      0.9542089700698853,
      0.9619311094284058,
      0.01908239722251892,
      0.2726249396800995,
      -0.05455365777015686,
      0.9908899068832397,
      0.12312987446784973
    ],
    "timestamp" : 239755097742,
    "userAcceleration" : [
      -0.032992780208587646,
      0.008697092533111572,
      -0.08745670318603516
    ],
    "gravity" : [
      0.05455359071493149,
      -0.9908899664878845,
      -0.12312987446784973
    ]
  },
  {
    "rotationMatrix" : [
      -0.2665790915489197,
      -0.13568735122680664,
      0.9542138576507568,
      0.9624145030975342,
      0.015835881233215332,
      0.2711220681667328,
      -0.05189850926399231,
      0.9906249046325684,
      0.12636619806289673
    ],
    "timestamp" : 239755107762,
    "userAcceleration" : [
      -0.03030715137720108,
      0.02654433250427246,
      -0.07579748332500458
    ],
    "gravity" : [
      0.05189846456050873,
      -0.9906249642372131,
      -0.1263662427663803
    ]
  },
  {
    "rotationMatrix" : [
      -0.2660566568374634,
      -0.1378745138645172,
      0.9540462493896484,
      0.9626946449279785,
      0.012637346982955933,
      0.27029475569725037,
      -0.049323320388793945,
      0.9903689622879028,
      0.1293688714504242
    ],
    "timestamp" : 239755117782,
    "userAcceleration" : [
      -0.0318823866546154,
      0.03288012742996216,
      -0.0493573397397995
    ],
    "gravity" : [
      0.04932330176234245,
      -0.9903690218925476,
      -0.12936893105506897
    ]
  },
  {
    "rotationMatrix" : [
      -0.26625126600265503,
      -0.14019981026649475,
      0.9536529779434204,
      0.9627672433853149,
      0.00934535264968872,
      0.27016985416412354,
      -0.046789854764938354,
      0.9900790452957153,
      0.13249170780181885
    ],
    "timestamp" : 239755127801,
    "userAcceleration" : [
      -0.04013691842556,
      0.015439271926879883,
      -0.018661901354789734
    ],
    "gravity" : [
      0.04678987339138985,
      -0.9900789856910706,
      -0.13249170780181885
    ]
  },
  {
    "rotationMatrix" : [
      -0.26676177978515625,
      -0.14288312196731567,
      0.9531117081642151,
      0.9627388119697571,
      0.006055325269699097,
      0.27036425471305847,
      -0.04440164566040039,
      0.9897207021713257,
      0.1359442174434662
    ],
    "timestamp" : 239755137821,
    "userAcceleration" : [
      -0.05961449444293976,
      0.0066277384757995605,
      0.011737659573554993
    ],
    "gravity" : [
      0.044401615858078,
      -0.9897207617759705,
      -0.135944202542305
    ]
  },
  {
    "rotationMatrix" : [
      -0.2676635980606079,
      -0.14617079496383667,
      0.9523600935935974,
      0.962582528591156,
      0.002841651439666748,
      0.27097296714782715,
      -0.04231441020965576,
      0.9892550706863403,
      0.13994115591049194
    ],
    "timestamp" : 239755147841,
    "userAcceleration" : [
      -0.07205362617969513,
      -0.006151854991912842,
      0.04168976843357086
    ],
    "gravity" : [
      0.04231438413262367,
      -0.9892550706863403,
      -0.13994114100933075
    ]
  },
  {
    "rotationMatrix" : [
      -0.2684131860733032,
      -0.1501803696155548,
      0.9515249729156494,
      0.9624484777450562,
      -0.00019469857215881348,
      0.27146387100219727,
      -0.04058316349983215,
      0.9886584281921387,
      0.14459332823753357
    ],
    "timestamp" : 239755157861,
    "userAcceleration" : [
      -0.07052073627710342,
      -0.025150597095489502,
      0.07049669325351715
    ],
    "gravity" : [
      0.040583137422800064,
      -0.9886584281921387,
      -0.14459337294101715
    ]
  },
  {
    "rotationMatrix" : [
      -0.268372118473053,
      -0.15491634607315063,
      0.9507770538330078,
      0.9625203013420105,
      -0.0030353665351867676,
      0.27119240164756775,
      -0.039126068353652954,
      0.9879227876663208,
      0.1499248743057251
    ],
    "timestamp" : 239755167881,
    "userAcceleration" : [
      -0.06521845608949661,
      -0.03205078840255737,
      0.09488637745380402
    ],
    "gravity" : [
      0.03912605717778206,
      -0.9879227876663208,
      -0.1499248892068863
    ]
  },
  {
    "rotationMatrix" : [
      -0.2666741609573364,
      -0.16019609570503235,
      0.9503799080848694,
      0.9630504846572876,
      -0.005756348371505737,
      0.26925918459892273,
      -0.03766351938247681,
      0.9870682954788208,
      0.15581205487251282
    ],
    "timestamp" : 239755177900,
    "userAcceleration" : [
      -0.03987588733434677,
      -0.03411072492599487,
      0.10548853874206543
    ],
    "gravity" : [
      0.037663497030735016,
      -0.9870683550834656,
      -0.1558120846748352
    ]
  },
  {
    "rotationMatrix" : [
      -0.26324599981307983,
      -0.1657935082912445,
      0.9503756761550903,
      0.9640600681304932,
      -0.00853961706161499,
      0.2655467987060547,
      -0.035910069942474365,
      0.9861234426498413,
      0.16208302974700928
    ],
    "timestamp" : 239755187920,
    "userAcceleration" : [
      -0.018652204424142838,
      -0.02423715591430664,
      0.0755351185798645
    ],
    "gravity" : [
      0.035910025238990784,
      -0.9861234426498413,
      -0.16208304464817047
    ]
  },
  {
    "rotationMatrix" : [
      -0.25888293981552124,
      -0.17153021693229675,
      0.9505560994148254,
      0.9653134346008301,
      -0.011402249336242676,
      0.2608446180820465,
      -0.033904194831848145,
      0.9851129055023193,
      0.16853231191635132
    ],
    "timestamp" : 239755197940,
    "userAcceleration" : [
      -0.0265798382461071,
      -0.010736703872680664,
      0.026823878288269043
    ],
    "gravity" : [
      0.03390419855713844,
      -0.9851128458976746,
      -0.16853231191635132
    ]
  },
  {
    "rotationMatrix" : [
      -0.2544814348220825,
      -0.17736971378326416,
      0.95067298412323,
      0.9665549993515015,
      -0.014336556196212769,
      0.25605806708335876,
      -0.03178754448890686,
      0.9840397834777832,
      0.17508605122566223
    ],
    "timestamp" : 239755207960,
    "userAcceleration" : [
      -0.03888270631432533,
      -0.003127455711364746,
      -0.015526771545410156
    ],
    "gravity" : [
      0.03178750351071358,
      -0.9840397834777832,
      -0.1750860959291458
    ]
  },
  {
    "rotationMatrix" : [
      -0.25055205821990967,
      -0.18321123719215393,
      0.9506089687347412,
      0.9676507711410522,
      -0.017377853393554688,
      0.2516944110393524,
      -0.02959376573562622,
      0.9829199314117432,
      0.18163847923278809
    ],
    "timestamp" : 239755217980,
    "userAcceleration" : [
      -0.04614938795566559,
      -0.009938836097717285,
      -0.045854806900024414
    ],
    "gravity" : [
      0.02959374524652958,
      -0.9829199910163879,
      -0.18163852393627167
    ]
  },
  {
    "rotationMatrix" : [
      -0.24717026948928833,
      -0.18875136971473694,
      0.9504101276397705,
      0.9685804843902588,
      -0.020251929759979248,
      0.24787381291389465,
      -0.027538776397705078,
      0.9818159341812134,
      0.1878267526626587
    ],
    "timestamp" : 239755227999,
    "userAcceleration" : [
      -0.07647360861301422,
      -0.026759326457977295,
      -0.06192915141582489
    ],
    "gravity" : [
      0.02753879874944687,
      -0.9818159341812134,
      -0.1878267526626587
    ]
  },
  {
    "rotationMatrix" : [
      -0.2440841794013977,
      -0.1936839520931244,
      0.9502153396606445,
      0.9694061279296875,
      -0.02249246835708618,
      0.24442920088768005,
      -0.025969266891479492,
      0.9808059930801392,
      0.19324862957000732
    ],
    "timestamp" : 239755238019,
    "userAcceleration" : [
      -0.10774096101522446,
      -0.03387284278869629,
      -0.06998085975646973
    ],
    "gravity" : [
      0.025969240814447403,
      -0.9808060526847839,
      -0.19324858486652374
    ]
  },
  {
    "rotationMatrix" : [
      -0.24132663011550903,
      -0.19783470034599304,
      0.9500645399093628,
      0.9701259136199951,
      -0.024124175310134888,
      0.24139904975891113,
      -0.024837523698806763,
      0.9799383878707886,
      0.19774654507637024
    ],
    "timestamp" : 239755248039,
    "userAcceleration" : [
      -0.10372531414031982,
      -0.031597137451171875,
      -0.06064581871032715
    ],
    "gravity" : [
      0.024837514385581017,
      -0.9799383878707886,
      -0.19774654507637024
    ]
  },
  {
    "rotationMatrix" : [
      -0.23864084482192993,
      -0.20122390985488892,
      0.9500311613082886,
      0.9708124995231628,
      -0.025312751531600952,
      0.23849964141845703,
      -0.023943811655044556,
      0.9792180061340332,
      0.2013915479183197
    ],
    "timestamp" : 239755258059,
    "userAcceleration" : [
      -0.09948994219303131,
      -0.02172785997390747,
      -0.0339447557926178
    ],
    "gravity" : [
      0.023943809792399406,
      -0.9792180061340332,
      -0.2013915777206421
    ]
  },
  {
    "rotationMatrix" : [
      -0.23581790924072266,
      -0.20434719324111938,
      0.9500695466995239,
      0.971520721912384,
      -0.02625390887260437,
      0.23549559712409973,
      -0.023179739713668823,
      0.9785463809967041,
      0.20471873879432678
    ],
    "timestamp" : 239755268079,
    "userAcceleration" : [
      -0.09080659598112106,
      -0.021087348461151123,
      0.01412111520767212
    ],
    "gravity" : [
      0.02317977510392666,
      -0.9785463213920593,
      -0.2047186642885208
    ]
  },
  {
    "rotationMatrix" : [
      -0.23277071118354797,
      -0.20786899328231812,
      0.950056791305542,
      0.9722729325294495,
      -0.027216821908950806,
      0.23225900530815125,
      -0.02242174744606018,
      0.9777777194976807,
      0.20844095945358276
    ],
    "timestamp" : 239755278099,
    "userAcceleration" : [
      -0.08452488481998444,
      -0.019475460052490234,
      0.05649389326572418
    ],
    "gravity" : [
      0.02242175303399563,
      -0.9777777791023254,
      -0.20844095945358276
    ]
  },
  {
    "rotationMatrix" : [
      -0.22900521755218506,
      -0.2122330367565155,
      0.9500070810317993,
      0.973186731338501,
      -0.028326690196990967,
      0.228264719247818,
      -0.021534651517868042,
      0.9768083095550537,
      0.21302956342697144
    ],
    "timestamp" : 239755288118,
    "userAcceleration" : [
      -0.08427861332893372,
      -0.01768314838409424,
      0.08326876163482666
    ],
    "gravity" : [
      0.021534627303481102,
      -0.9768083095550537,
      -0.21302956342697144
    ]
  },
  {
    "rotationMatrix" : [
      -0.22440961003303528,
      -0.2173716425895691,
      0.949941873550415,
      0.9742819666862488,
      -0.0296744704246521,
      0.22336941957473755,
      -0.020365029573440552,
      0.9756376147270203,
      0.2184406816959381
    ],
    "timestamp" : 239755298138,
    "userAcceleration" : [
      -0.06968129426240921,
      -0.024789512157440186,
      0.07479441165924072
    ],
    "gravity" : [
      0.020365042611956596,
      -0.9756376147270203,
      -0.2184406816959381
    ]
  },
  {
    "rotationMatrix" : [
      -0.2188982367515564,
      -0.22292283177375793,
      0.9499412775039673,
      0.9755632877349854,
      -0.031085878610610962,
      0.21750760078430176,
      -0.01895749568939209,
      0.9743400812149048,
      0.22428026795387268
    ],
    "timestamp" : 239755308158,
    "userAcceleration" : [
      -0.06932658702135086,
      -0.029245495796203613,
      0.03270617127418518
    ],
    "gravity" : [
      0.01895747147500515,
      -0.9743400812149048,
      -0.22428029775619507
    ]
  },
  {
    "rotationMatrix" : [
      -0.21318191289901733,
      -0.2286001741886139,
      0.9498920440673828,
      0.9768553972244263,
      -0.03245142102241516,
      0.21142363548278809,
      -0.01750597357749939,
      0.9729790687561035,
      0.2302277386188507
    ],
    "timestamp" : 239755318178,
    "userAcceleration" : [
      -0.07419219613075256,
      -0.024411380290985107,
      -0.015301436185836792
    ],
    "gravity" : [
      0.0175059512257576,
      -0.9729791283607483,
      -0.2302277684211731
    ]
  },
  {
    "rotationMatrix" : [
      -0.2079963982105255,
      -0.2342730462551117,
      0.9496597051620483,
      0.9779958724975586,
      -0.03376397490501404,
      0.20587339997291565,
      -0.016166239976882935,
      0.9715843200683594,
      0.23614096641540527
    ],
    "timestamp" : 239755328198,
    "userAcceleration" : [
      -0.0719522014260292,
      -0.01765817403793335,
      -0.0541422963142395
    ],
    "gravity" : [
      0.01616622507572174,
      -0.9715842604637146,
      -0.23614098131656647
    ]
  },
  {
    "rotationMatrix" : [
      -0.20374172925949097,
      -0.23989450931549072,
      0.9491783380508423,
      0.9789077043533325,
      -0.03494584560394287,
      0.201291024684906,
      -0.015118688344955444,
      0.9701696038246155,
      0.2419547438621521
    ],
    "timestamp" : 239755338217,
    "userAcceleration" : [
      -0.07542126625776291,
      -0.011000871658325195,
      -0.0746040940284729
    ],
    "gravity" : [
      0.0151186753064394,
      -0.9701696634292603,
      -0.2419547587633133
    ]
  },
  {
    "rotationMatrix" : [
      -0.20031076669692993,
      -0.24536794424057007,
      0.9485093951225281,
      0.9796244502067566,
      -0.03579255938529968,
      0.19762271642684937,
      -0.014540672302246094,
      0.9687690138816833,
      0.24753817915916443
    ],
    "timestamp" : 239755348237,
    "userAcceleration" : [
      -0.07925305515527725,
      -0.006710052490234375,
      -0.07208770513534546
    ],
    "gravity" : [
      0.014540676027536392,
      -0.9687690138816833,
      -0.24753816425800323
    ]
  },
  {
    "rotationMatrix" : [
      -0.1975511610507965,
      -0.25040605664253235,
      0.9477711915969849,
      0.980188250541687,
      -0.036352455615997314,
      0.1947035789489746,
      -0.014301151037216187,
      0.9674581289291382,
      0.25262656807899475
    ],
    "timestamp" : 239755358256,
    "userAcceleration" : [
      -0.06317490339279175,
      -0.0024514198303222656,
      -0.06655687093734741
    ],
    "gravity" : [
      0.01430114358663559,
      -0.967458188533783,
      -0.25262653827667236
    ]
  },
  {
    "rotationMatrix" : [
      -0.19519639015197754,
      -0.2548063397407532,
      0.9470858573913574,
      0.9806637167930603,
      -0.03690367937088013,
      0.1921883225440979,
      -0.01401972770690918,
      0.9662874341011047,
      0.25708311796188354
    ],
    "timestamp" : 239755368276,
    "userAcceleration" : [
      -0.05172402411699295,
      0.009576797485351562,
      -0.04201969504356384
    ],
    "gravity" : [
      0.01401968952268362,
      -0.9662874937057495,
      -0.25708311796188354
    ]
  },
  {
    "rotationMatrix" : [
      -0.19280549883842468,
      -0.2586527466773987,
      0.9465330839157104,
      0.9811460375785828,
      -0.03768503665924072,
      0.18955814838409424,
      -0.01335957646369934,
      0.9652349948883057,
      0.2610420286655426
    ],
    "timestamp" : 239755378296,
    "userAcceleration" : [
      -0.04602847620844841,
