[
  {
    "rotationMatrix" : [
      0.960720419883728,
      0.13348326086997986,
      -0.24330753087997437,
      -0.27445289492607117,
      0.32704538106918335,
      -0.9042770266532898,
      -0.04113323241472244,
      0.9355338215827942,
      0.35083404183387756
    ],
    "gravity" : [
      0.04113323241472244,
      -0.9355338215827942,
      -0.35083407163619995
    ],
    "timestamp" : 239764656726,
    "userAcceleration" : [
      -0.02668321132659912,
      -0.04662853479385376,
      -0.006206512451171875
    ]
  },
  {
    "rotationMatrix" : [
      0.9616641998291016,
      0.13092929124832153,
      -0.2409553825855255,
      -0.27127522230148315,
      0.32556042075157166,
      -0.9057703614234924,
      -0.040146373212337494,
      0.9364121556282043,
      0.3485976755619049
    ],
    "gravity" : [
      0.04014637693762779,
      -0.9364121556282043,
      -0.3485976457595825
    ],
    "timestamp" : 239764666746,
    "userAcceleration" : [
      -0.02569635957479477,
      -0.04575008153915405,
      -0.008442968130111694
    ]
  },
  {
    "rotationMatrix" : [
      0.9629947543144226,
      0.1278831958770752,
      -0.23724877834320068,
      -0.2666742503643036,
      0.32451993227005005,
      -0.907508373260498,
      -0.039063163101673126,
      0.9371939897537231,
      0.34661415219306946
    ],
    "gravity" : [
      0.03906315565109253,
      -0.9371939897537231,
      -0.3466140925884247
    ],
    "timestamp" : 239764676766,
    "userAcceleration" : [
      -0.02008126676082611,
      -0.04470890760421753,
      0.01887035369873047
    ]
  },
  {
    "rotationMatrix" : [
      0.9640471339225769,
      0.12508171796798706,
      -0.2344517856836319,
      -0.2630463242530823,
      0.3240966796875,
      -0.9087176322937012,
      -0.03767894208431244,
      0.937718391418457,
      0.3453467786312103
    ],
    "gravity" : [
      0.037678949534893036,
      -0.9377183318138123,
      -0.3453468382358551
    ],
    "timestamp" : 239764686786,
    "userAcceleration" : [
      -0.01756790652871132,
      -0.04716002941131592,
      0.040033549070358276
    ]
  },
  {
    "rotationMatrix" : [
      0.964741051197052,
      0.12254253029823303,
      -0.23293355107307434,
      -0.2607502043247223,
      0.3244984447956085,
      -0.9092358946800232,
      -0.035833537578582764,
      0.9379146695137024,
      0.3450099527835846
    ],
    "gravity" : [
      0.03583354502916336,
      -0.9379146695137024,
      -0.3450099229812622
    ],
    "timestamp" : 239764696806,
    "userAcceleration" : [
      -0.006750337779521942,
      -0.06602191925048828,
      0.021736979484558105
    ]
  },
  {
    "rotationMatrix" : [
      0.9651333093643188,
      0.12037872523069382,
      -0.23243629932403564,
      -0.2595702111721039,
      0.3255508244037628,
      -0.9091973900794983,
      -0.033778198063373566,
      0.9378302693367004,
      0.3454466760158539
    ],
    "gravity" : [
      0.033778198063373566,
      -0.9378302693367004,
      -0.3454466760158539
    ],
    "timestamp" : 239764706826,
    "userAcceleration" : [
      -0.0035963617265224457,
      -0.09090185165405273,
      -0.04209625720977783
    ]
  },
  {
    "rotationMatrix" : [
      0.9653998017311096,
      0.11857244372367859,
      -0.2322579026222229,
      -0.2588173449039459,
      0.32676297426223755,
      -0.9089770913124084,
      -0.03188636898994446,
      0.9376387000083923,
      0.34614554047584534
    ],
    "gravity" : [
      0.031886376440525055,
      -0.9376387000083923,
      -0.3461455702781677
    ],
    "timestamp" : 239764716846,
    "userAcceleration" : [
      -0.011103946715593338,
      -0.09632718563079834,
      -0.10089141130447388
    ]
  },
  {
    "rotationMatrix" : [
      0.9654783010482788,
      0.11723165959119797,
      -0.23261217772960663,
      -0.25870752334594727,
      0.32745248079299927,
      -0.9087601900100708,
      -0.03036607801914215,
      0.9375667572021484,
      0.3464769721031189
    ],
    "gravity" : [
      0.030366072431206703,
      -0.9375668168067932,
      -0.3464769423007965
    ],
    "timestamp" : 239764726866,
    "userAcceleration" : [
      -0.012864282354712486,
      -0.08251363039016724,
      -0.1417587399482727
    ]
  },
  {
    "rotationMatrix" : [
      0.9655556678771973,
      0.11616050451993942,
      -0.232828289270401,
      -0.2585332691669464,
      0.327284038066864,
      -0.9088704586029053,
      -0.029373884201049805,
      0.9377589225769043,
      0.34604230523109436
    ],
    "gravity" : [
      0.029373889788985252,
      -0.9377589225769043,
      -0.34604233503341675
    ],
    "timestamp" : 239764736886,
    "userAcceleration" : [
      -0.009812168776988983,
      -0.07847630977630615,
      -0.15690284967422485
    ]
  },
  {
    "rotationMatrix" : [
      0.9657064080238342,
      0.11525344848632812,
      -0.23265379667282104,
      -0.2580220699310303,
      0.3262401223182678,
      -0.909390926361084,
      -0.02890947461128235,
      0.9382344484329224,
      0.34479010105133057
    ],
    "gravity" : [
      0.028909483924508095,
      -0.9382344484329224,
      -0.3447900712490082
    ],
    "timestamp" : 239764746906,
    "userAcceleration" : [
      -0.012002797797322273,
      -0.06408470869064331,
      -0.13596880435943604
    ]
  },
  {
    "rotationMatrix" : [
      0.965904951095581,
      0.11448951065540314,
      -0.23220643401145935,
      -0.25728315114974976,
      0.32449010014533997,
      -0.9102261066436768,
      -0.028862647712230682,
      0.9389346837997437,
      0.34288281202316284
    ],
    "gravity" : [
      0.02886265702545643,
      -0.9389346837997437,
      -0.34288281202316284
    ],
    "timestamp" : 239764756926,
    "userAcceleration" : [
      -0.006615392863750458,
      -0.0511317253112793,
      -0.09347301721572876
    ]
  },
  {
    "rotationMatrix" : [
      0.9661858081817627,
      0.11376453936100006,
      -0.23139280080795288,
      -0.2562052011489868,
      0.3224717378616333,
      -0.9112467765808105,
      -0.029049962759017944,
      0.9397177696228027,
      0.340714693069458
    ],
    "gravity" : [
      0.029049966484308243,
      -0.939717710018158,
      -0.3407147228717804
    ],
    "timestamp" : 239764766946,
    "userAcceleration" : [
      0.003603806719183922,
      -0.03551703691482544,
      -0.04371538758277893
    ]
  },
  {
    "rotationMatrix" : [
      0.966490626335144,
      0.11310966312885284,
      -0.23043876886367798,
      -0.25502461194992065,
      0.32063010334968567,
      -0.9122273325920105,
      -0.02929612249135971,
      0.940426766872406,
      0.3387317657470703
    ],
    "gravity" : [
      0.02929612435400486,
      -0.940426766872406,
      -0.3387317657470703
    ],
    "timestamp" : 239764776966,
    "userAcceleration" : [
      0.013153791427612305,
      -0.019137322902679443,
      0.00024580955505371094
    ]
  },
  {
    "rotationMatrix" : [
      0.9668570756912231,
      0.1124226525425911,
      -0.22923463582992554,
      -0.25361576676368713,
      0.3193817734718323,
      -0.9130575656890869,
      -0.02943503111600876,
      0.9409337043762207,
      0.33730870485305786
    ],
    "gravity" : [
      0.02943502925336361,
      -0.9409337639808655,
      -0.3373086750507355
    ],
    "timestamp" : 239764786986,
    "userAcceleration" : [
      0.01438816636800766,
      -0.011946916580200195,
      0.03408583998680115
    ]
  },
  {
    "rotationMatrix" : [
      0.9672307968139648,
      0.11162469536066055,
      -0.22804498672485352,
      -0.2522101104259491,
      0.318989634513855,
      -0.9135839343070984,
      -0.029234550893306732,
      0.9411618113517761,
      0.33668947219848633
    ],
    "gravity" : [
      0.029234545305371284,
      -0.9411618113517761,
      -0.33668944239616394
    ],
    "timestamp" : 239764797006,
    "userAcceleration" : [
      0.016007721424102783,
      -0.008423089981079102,
      0.04916784167289734
    ]
  },
  {
    "rotationMatrix" : [
      0.9675313234329224,
      0.11073821783065796,
      -0.2272006869316101,
      -0.2511277496814728,
      0.3194676637649536,
      -0.9137150645256042,
      -0.028599895536899567,
      0.9411043524742126,
      0.3369044065475464
    ],
    "gravity" : [
      0.028599899262189865,
      -0.9411043524742126,
      -0.33690446615219116
    ],
    "timestamp" : 239764807026,
    "userAcceleration" : [
      0.013376999646425247,
      -0.014248311519622803,
      0.042089223861694336
    ]
  },
  {
    "rotationMatrix" : [
      0.9678789973258972,
      0.10962187498807907,
      -0.22625920176506042,
      -0.24989905953407288,
      0.3207446038722992,
      -0.9136044383049011,
      -0.027579665184020996,
      0.9408004879951477,
      0.3378363847732544
    ],
    "gravity" : [
      0.027579667046666145,
      -0.9408005475997925,
      -0.337836354970932
    ],
    "timestamp" : 239764817046,
    "userAcceleration" : [
      0.011681143194437027,
      -0.022913813591003418,
      0.02388659119606018
    ]
  },
  {
    "rotationMatrix" : [
      0.968126654624939,
      0.10855638235807419,
      -0.2257128357887268,
      -0.24907070398330688,
      0.32245635986328125,
      -0.9132279753684998,
      -0.026354260742664337,
      0.9403387904167175,
      0.33921682834625244
    ],
    "gravity" : [
      0.02635425329208374,
      -0.9403387904167175,
      -0.33921682834625244
    ],
    "timestamp" : 239764827066,
    "userAcceleration" : [
      0.008450999855995178,
      -0.025847434997558594,
      -0.007981866598129272
    ]
  },
  {
    "rotationMatrix" : [
      0.9684250354766846,
      0.10752522945404053,
      -0.2249249815940857,
      -0.2480284571647644,
      0.32436424493789673,
      -0.9128360748291016,
      -0.025195300579071045,
      0.9398010969161987,
      0.340791791677475
    ],
    "gravity" : [
      0.025195296853780746,
      -0.9398010969161987,
      -0.340791791677475
    ],
    "timestamp" : 239764837086,
    "userAcceleration" : [
      0.013119477778673172,
      -0.02383708953857422,
      -0.043562114238739014
    ]
  },
  {
    "rotationMatrix" : [
      0.9687485098838806,
      0.10669824481010437,
      -0.2239237129688263,
      -0.246850848197937,
      0.32622936367988586,
      -0.9124904870986938,
      -0.024310670793056488,
      0.9392495155334473,
      0.3423727750778198
    ],
    "gravity" : [
      0.02431066520512104,
      -0.9392495155334473,
      -0.3423728048801422
    ],
    "timestamp" : 239764847106,
    "userAcceleration" : [
      0.029354454949498177,
      -0.021825134754180908,
      -0.070972740650177
    ]
  },
  {
    "rotationMatrix" : [
      0.9691046476364136,
      0.10609591007232666,
      -0.22266528010368347,
      -0.24550053477287292,
      0.32786625623703003,
      -0.9122681021690369,
      -0.023783504962921143,
      0.9387477040290833,
      0.34378331899642944
    ],
    "gravity" : [
      0.02378351055085659,
      -0.938747763633728,
      -0.34378328919410706
    ],
    "timestamp" : 239764857126,
    "userAcceleration" : [
      0.042836327105760574,
      -0.022327005863189697,
      -0.08810165524482727
    ]
  },
  {
    "rotationMatrix" : [
      0.9696261286735535,
      0.10551079362630844,
      -0.22066396474838257,
      -0.2434483766555786,
      0.32918861508369446,
      -0.9123417735099792,
      -0.023621879518032074,
      0.9383507370948792,
      0.34487634897232056
    ],
    "gravity" : [
      0.02362188510596752,
      -0.9383506774902344,
      -0.34487637877464294
    ],
    "timestamp" : 239764867146,
    "userAcceleration" : [
      0.043470971286296844,
      -0.016711950302124023,
      -0.08932790160179138
    ]
  },
  {
    "rotationMatrix" : [
      0.9701266884803772,
      0.10507715493440628,
      -0.2186618447303772,
      -0.24143654108047485,
      0.33005428314208984,
      -0.9125635623931885,
      -0.02371935546398163,
      0.938095211982727,
      0.34556394815444946
    ],
    "gravity" : [
      0.023719359189271927,
      -0.938095211982727,
      -0.34556397795677185
    ],
    "timestamp" : 239764877166,
    "userAcceleration" : [
      0.04698983579874039,
      -0.008147835731506348,
      -0.08864030241966248
    ]
  },
  {
    "rotationMatrix" : [
      0.9705822467803955,
      0.10470608621835709,
      -0.21681025624275208,
      -0.239576518535614,
      0.33045679330825806,
      -0.9129080772399902,
      -0.023940645158290863,
      0.9379950761795044,
      0.3458206355571747
    ],
    "gravity" : [
      0.023940647020936012,
      -0.9379950165748596,
      -0.3458206355571747
    ],
    "timestamp" : 239764887186,
    "userAcceleration" : [
      0.06192052364349365,
      -0.0015646815299987793,
      -0.09637925028800964
    ]
  },
  {
    "rotationMatrix" : [
      0.9710558652877808,
      0.10424301773309708,
      -0.2149042785167694,
      -0.2376246452331543,
      0.33051392436027527,
      -0.9133973717689514,
      -0.02418648451566696,
      0.938026487827301,
      0.3457182049751282
    ],
    "gravity" : [
      0.02418648824095726,
      -0.938026487827301,
      -0.3457182049751282
    ],
    "timestamp" : 239764897206,
    "userAcceleration" : [
      0.05987413227558136,
      0.005150139331817627,
      -0.10034218430519104
    ]
  },
  {
    "rotationMatrix" : [
      0.9714968800544739,
      0.10362746566534042,
      -0.21320223808288574,
      -0.23580420017242432,
      0.3302794396877289,
      -0.9139538407325745,
      -0.02429446578025818,
      0.9381772875785828,
      0.34530124068260193
    ],
    "gravity" : [
      0.024294458329677582,
      -0.9381772875785828,
      -0.34530121088027954
    ],
    "timestamp" : 239764907226,
    "userAcceleration" : [
      0.05184686928987503,
      0.007009923458099365,
      -0.09447255730628967
    ]
  },
  {
    "rotationMatrix" : [
      0.9719240665435791,
      0.10278140008449554,
      -0.21165922284126282,
      -0.23404590785503387,
      0.32974305748939514,
      -0.9145993590354919,
      -0.024210646748542786,
      0.9384590983390808,
      0.3445407748222351
    ],
    "gravity" : [
      0.02421063929796219,
      -0.9384590983390808,
      -0.3445408046245575
    ],
    "timestamp" : 239764917246,
    "userAcceleration" : [
      0.05159498751163483,
      0.007551014423370361,
      -0.08446025848388672
    ]
  },
  {
    "rotationMatrix" : [
      0.9722225069999695,
      0.10181618481874466,
      -0.21075299382209778,
      -0.2328370213508606,
      0.3288436532020569,
      -0.9152315258979797,
      -0.023880593478679657,
      0.9388797879219055,
      0.343415766954422
    ],
    "gravity" : [
      0.023880595341324806,
      -0.9388797879219055,
      -0.3434158265590668
    ],
    "timestamp" : 239764927266,
    "userAcceleration" : [
      0.04606565460562706,
      0.015738368034362793,
      -0.06626763939857483
    ]
  },
  {
    "rotationMatrix" : [
      0.9724342226982117,
      0.10058347135782242,
      -0.2103678584098816,
      -0.23202157020568848,
      0.3276757299900055,
      -0.9158572554588318,
      -0.023187652230262756,
      0.9394208788871765,
      0.34198060631752014
    ],
    "gravity" : [
      0.023187657818198204,
      -0.9394208788871765,
      -0.34198063611984253
    ],
    "timestamp" : 239764937286,
    "userAcceleration" : [
      0.04370683431625366,
      0.023100197315216064,
      -0.04099994897842407
    ]
  },
  {
    "rotationMatrix" : [
      0.9727226495742798,
      0.09891612827777863,
      -0.20982429385185242,
      -0.23090879619121552,
      0.3264145851135254,
      -0.916588544845581,
      -0.022175684571266174,
      0.9400367736816406,
      0.3403514623641968
    ],
    "gravity" : [
      0.022175684571266174,
      -0.9400367140769958,
      -0.34035152196884155
    ],
    "timestamp" : 239764947306,
    "userAcceleration" : [
      0.04168231785297394,
      0.0241127610206604,
      -0.02256375551223755
    ]
  },
  {
    "rotationMatrix" : [
      0.9730359315872192,
      0.0971340462565422,
      -0.20920345187187195,
      -0.22968947887420654,
      0.32521185278892517,
      -0.9173222184181213,
      -0.02106776088476181,
      0.940639317035675,
      0.33875349164009094
    ],
    "gravity" : [
      0.02106776274740696,
      -0.9406392574310303,
      -0.33875349164009094
    ],
    "timestamp" : 239764957326,
    "userAcceleration" : [
      0.036976635456085205,
      0.02988797426223755,
      -0.00818583369255066
    ]
  },
  {
    "rotationMatrix" : [
      0.9734759330749512,
      0.09522739797830582,
      -0.20802967250347137,
      -0.22791528701782227,
      0.32422733306884766,
      -0.9181129336357117,
      -0.019980579614639282,
      0.9411739706993103,
      0.33733129501342773
    ],
    "gravity" : [
      0.019980577751994133,
      -0.9411739706993103,
      -0.3373313248157501
    ],
    "timestamp" : 239764967346,
    "userAcceleration" : [
      0.031166845932602882,
      0.027081012725830078,
      0.01544693112373352
    ]
  },
  {
    "rotationMatrix" : [
      0.9739224910736084,
      0.09354010969400406,
      -0.20670086145401,
      -0.22607356309890747,
      0.32331085205078125,
      -0.9188911318778992,
      -0.019124530255794525,
      0.9416583180427551,
      0.336026668548584
    ],
    "gravity" : [
      0.019124530255794525,
      -0.9416583180427551,
      -0.336026668548584
    ],
    "timestamp" : 239764977366,
    "userAcceleration" : [
      0.022638753056526184,
      0.012962758541107178,
      0.014691650867462158
    ]
  },
  {
    "rotationMatrix" : [
      0.9744425415992737,
      0.09209083765745163,
      -0.20489269495010376,
      -0.2238616943359375,
      0.32238826155662537,
      -0.9197562336921692,
      -0.01864614337682724,
      0.9421172738075256,
      0.3347644507884979
    ],
    "gravity" : [
      0.01864613965153694,
      -0.9421172142028809,
      -0.3347644805908203
    ],
    "timestamp" : 239764987386,
    "userAcceleration" : [
      0.00817878358066082,
      0.007470846176147461,
      0.0032365620136260986
    ]
  },
  {
    "rotationMatrix" : [
      0.9750091433525085,
      0.09107518196105957,
      -0.20263874530792236,
      -0.2213752567768097,
      0.3214553892612457,
      -0.9206839799880981,
      -0.018712200224399567,
      0.9425345659255981,
      0.3335837423801422
    ],
    "gravity" : [
      0.018712196499109268,
      -0.9425345659255981,
      -0.3335837423801422
    ],
    "timestamp" : 239764997406,
    "userAcceleration" : [
      0.004343783482909203,
      -0.001740097999572754,
      -0.021305352449417114
    ]
  },
  {
    "rotationMatrix" : [
      0.9755431413650513,
      0.09070541709661484,
      -0.200219988822937,
      -0.21894744038581848,
      0.32047057151794434,
      -0.921607494354248,
      -0.019430212676525116,
      0.9429055452346802,
      0.3324926197528839
    ],
    "gravity" : [
      0.019430214539170265,
      -0.9429055452346802,
      -0.3324926197528839
    ],
    "timestamp" : 239765007426,
    "userAcceleration" : [
      0.014612121507525444,
      -0.0034748315811157227,
      -0.049770742654800415
    ]
  },
  {
    "rotationMatrix" : [
      0.9761548638343811,
      0.09079670906066895,
      -0.19717422127723694,
      -0.21607491374015808,
      0.31931188702583313,
      -0.9226871132850647,
      -0.020816870033740997,
      0.9432899355888367,
      0.331316739320755
    ],
    "gravity" : [
      0.020816875621676445,
      -0.9432899355888367,
      -0.3313167691230774
    ],
    "timestamp" : 239765017446,
    "userAcceleration" : [
      0.018672827631235123,
      0.0015328526496887207,
      -0.07259887456893921
    ]
  },
  {
    "rotationMatrix" : [
      0.9766973853111267,
      0.09148858487606049,
      -0.19414451718330383,
      -0.21340490877628326,
      0.31781846284866333,
      -0.9238232970237732,
      -0.022816605865955353,
      0.9437271952629089,
      0.32993659377098083
    ],
    "gravity" : [
      0.022816605865955353,
      -0.9437271952629089,
      -0.3299366235733032
    ],
    "timestamp" : 239765027466,
    "userAcceleration" : [
      0.018015878275036812,
      0.006639361381530762,
      -0.07198011875152588
    ]
  },
  {
    "rotationMatrix" : [
      0.9772339463233948,
      0.09256908297538757,
      -0.19090503454208374,
      -0.21065139770507812,
      0.3160638213157654,
      -0.925056517124176,
      -0.025293461978435516,
      0.9442110657691956,
      0.32836809754371643
    ],
    "gravity" : [
      0.025293465703725815,
      -0.9442110657691956,
      -0.3283681273460388
    ],
    "timestamp" : 239765037486,
    "userAcceleration" : [
      0.02660163678228855,
      0.008969545364379883,
      -0.04615908861160278
    ]
  },
  {
    "rotationMatrix" : [
      0.977721631526947,
      0.09388798475265503,
      -0.18773779273033142,
      -0.2080322802066803,
      0.3141881227493286,
      -0.9262872934341431,
      -0.027982279658317566,
      0.9447066783905029,
      0.326720267534256
    ],
    "gravity" : [
      0.027982287108898163,
      -0.9447066783905029,
      -0.326720267534256
    ],
    "timestamp" : 239765047506,
    "userAcceleration" : [
      0.03285447508096695,
      0.010609567165374756,
      -0.016373813152313232
    ]
  },
  {
    "rotationMatrix" : [
      0.9780802130699158,
      0.09540031850337982,
      -0.18508891761302948,
      -0.2059573084115982,
      0.31229498982429504,
      -0.9273905754089355,
      -0.030671045184135437,
      0.9451828002929688,
      0.3250979483127594
    ],
    "gravity" : [
      0.030671048909425735,
      -0.945182740688324,
      -0.3250979483127594
    ],
    "timestamp" : 239765057526,
    "userAcceleration" : [
      0.03785613924264908,
      0.0166856050491333,
      0.010019034147262573
    ]
  },
  {
    "rotationMatrix" : [
      0.9783810973167419,
      0.09694217890501022,
      -0.1826818585395813,
      -0.20411571860313416,
      0.3105161488056183,
      -0.9283945560455322,
      -0.033274926245212555,
      0.9456119537353516,
      0.32359054684638977
    ],
    "gravity" : [
      0.033274922519922256,
      -0.9456119537353516,
      -0.32359054684638977
    ],
    "timestamp" : 239765067546,
    "userAcceleration" : [
      0.03671710565686226,
      0.024011731147766113,
      0.029187262058258057
    ]
  },
  {
    "rotationMatrix" : [
      0.9786534905433655,
      0.09841781854629517,
      -0.18041963875293732,
      -0.20238971710205078,
      0.3089563846588135,
      -0.9292923212051392,
      -0.03571714460849762,
      0.9459702968597412,
      0.32228001952171326
    ],
    "gravity" : [
      0.035717133432626724,
      -0.9459702968597412,
      -0.32227998971939087
    ],
    "timestamp" : 239765077566,
    "userAcceleration" : [
      0.035053104162216187,
      0.020677506923675537,
      0.04286086559295654
    ]
  },
  {
    "rotationMatrix" : [
      0.9789193272590637,
      0.09977218508720398,
      -0.17822034657001495,
      -0.20069065690040588,
      0.30773305892944336,
      -0.9300662875175476,
      -0.037950485944747925,
      0.9462270140647888,
      0.3212691843509674
    ],
    "gravity" : [
      0.037950485944747925,
      -0.9462270736694336,
      -0.3212691843509674
    ],
    "timestamp" : 239765087586,
    "userAcceleration" : [
      0.04096793010830879,
      0.01690596342086792,
      0.05095955729484558
    ]
  },
  {
    "rotationMatrix" : [
      0.9791703224182129,
      0.10104039311408997,
      -0.17611458897590637,
      -0.1990658938884735,
      0.3069443106651306,
      -0.9306759834289551,
      -0.039978526532649994,
      0.9463486671447754,
      0.3206644356250763
    ],
    "gravity" : [
      0.03997853025794029,
      -0.9463487267494202,
      -0.3206644058227539
    ],
    "timestamp" : 239765097606,
    "userAcceleration" : [
      0.04165596514940262,
      0.017103910446166992,
      0.05119398236274719
    ]
  },
  {
    "rotationMatrix" : [
      0.9793846011161804,
      0.10230526328086853,
      -0.1741822063922882,
      -0.19761770963668823,
      0.30651620030403137,
      -0.9311255812644958,
      -0.04186940938234329,
      0.9463515877723694,
      0.32041457295417786
    ],
    "gravity" : [
      0.041869405657052994,
      -0.9463515281677246,
      -0.32041460275650024
    ],
    "timestamp" : 239765107626,
    "userAcceleration" : [
      0.035080622881650925,
      0.01722884178161621,
      0.04029354453086853
    ]
  },
  {
    "rotationMatrix" : [
      0.9796636700630188,
      0.10348302125930786,
      -0.1719021201133728,
      -0.1958194375038147,
      0.3063071370124817,
      -0.931574285030365,
      -0.04374726861715317,
      0.9462912678718567,
      0.32034194469451904
    ],
    "gravity" : [
      0.04374726861715317,
      -0.9462912678718567,
      -0.32034197449684143
    ],
    "timestamp" : 239765117646,
    "userAcceleration" : [
      0.03016628697514534,
      0.01629871129989624,
      0.015654265880584717
    ]
  },
  {
    "rotationMatrix" : [
      0.9797811508178711,
      0.10489290952682495,
      -0.17037133872509003,
      -0.19480055570602417,
      0.30594995617866516,
      -0.9319052696228027,
      -0.04562515392899513,
      0.946251630783081,
      0.320197194814682
    ],
    "gravity" : [
      0.045625150203704834,
      -0.946251630783081,
      -0.3201971650123596
    ],
    "timestamp" : 239765127667,
    "userAcceleration" : [
      0.053053416311740875,
      0.01850205659866333,
      -0.012795597314834595
    ]
  },
  {
    "rotationMatrix" : [
      0.9798642992973328,
      0.1060965284705162,
      -0.16914324462413788,
      -0.19399374723434448,
      0.30542469024658203,
      -0.9322456121444702,
      -0.047247547656297684,
      0.9462869167327881,
      0.31985682249069214
    ],
    "gravity" : [
      0.047247547656297684,
      -0.9462869763374329,
      -0.31985682249069214
    ],
    "timestamp" : 239765137687,
    "userAcceleration" : [
      0.05143100023269653,
      0.018537580966949463,
      -0.013135939836502075
    ]
  },
  {
    "rotationMatrix" : [
      0.9801313877105713,
      0.10651019215583801,
      -0.16732630133628845,
      -0.19236856698989868,
      0.30484625697135925,
      -0.932771623134613,
      -0.04834090918302536,
      0.946427047252655,
      0.3192785978317261
    ],
    "gravity" : [
      0.04834090918302536,
      -0.9464271068572998,
      -0.3192785978317261
    ],
    "timestamp" : 239765147706,
    "userAcceleration" : [
      0.06399427354335785,
      0.01873868703842163,
      -0.019161581993103027
    ]
  },
  {
    "rotationMatrix" : [
      0.9801163077354431,
      0.10686208307743073,
      -0.16718992590904236,
      -0.19230495393276215,
      0.3039379417896271,
      -0.9330812096595764,
      -0.048895638436079025,
      0.9466795325279236,
      0.3184446692466736
    ],
    "gravity" : [
      0.048895642161369324,
      -0.9466795325279236,
      -0.3184446692466736
    ],
    "timestamp" : 239765157727,
    "userAcceleration" : [
      0.05182758718729019,
      0.01914370059967041,
      -0.019507229328155518
    ]
  },
  {
    "rotationMatrix" : [
      0.9801611304283142,
      0.10668913275003433,
      -0.1670377254486084,
      -0.19205167889595032,
      0.3029116988182068,
      -0.9334669709205627,
      -0.04899311810731888,
      0.947027862071991,
      0.31739211082458496
    ],
    "gravity" : [
      0.04899312183260918,
      -0.947027862071991,
      -0.3173920810222626
    ],
    "timestamp" : 239765167747,
    "userAcceleration" : [
      0.04082007333636284,
      0.012411952018737793,
      -0.014852941036224365
    ]
  },
  {
    "rotationMatrix" : [
      0.9802293181419373,
      0.10617338120937347,
      -0.1669662594795227,
      -0.19176138937473297,
      0.3017893433570862,
      -0.933890163898468,
      -0.04876561835408211,
      0.9474441409111023,
      0.3161827027797699
    ],
    "gravity" : [
      0.04876561835408211,
      -0.9474441409111023,
      -0.3161827325820923
    ],
    "timestamp" : 239765177767,
    "userAcceleration" : [
      0.03112936019897461,
      0.006587326526641846,
      -0.007959961891174316
    ]
  },
  {
    "rotationMatrix" : [
      0.9803081750869751,
      0.1053999811410904,
      -0.16699333488941193,
      -0.19147591292858124,
      0.3005017340183258,
      -0.9343637228012085,
      -0.04830015078186989,
      0.9479395151138306,
      0.3147658705711365
    ],
    "gravity" : [
      0.04830015078186989,
      -0.9479395747184753,
      -0.3147658407688141
    ],
    "timestamp" : 239765187787,
    "userAcceleration" : [
      0.014916971325874329,
      0.007952570915222168,
      -0.002067863941192627
    ]
  },
  {
    "rotationMatrix" : [
      0.9804220199584961,
      0.10445347428321838,
      -0.16691961884498596,
      -0.19102635979652405,
      0.2989111840724945,
      -0.9349656701087952,
      -0.0477663055062294,
      0.9485469460487366,
      0.3130124807357788
    ],
    "gravity" : [
      0.0477663055062294,
      -0.9485470056533813,
      -0.3130124509334564
    ],
    "timestamp" : 239765197807,
    "userAcceleration" : [
      0.0018094778060913086,
      -0.0016939043998718262,
      -0.0018986165523529053
    ]
  },
  {
    "rotationMatrix" : [
      0.980466902256012,
      0.10368993878364563,
      -0.16713197529315948,
      -0.19088906049728394,
      0.29690852761268616,
      -0.935631513595581,
      -0.04739271104335785,
      0.9492594003677368,
      0.3109022378921509
    ],
    "gravity" : [
      0.04739271104335785,
      -0.9492594599723816,
      -0.3109022378921509
    ],
    "timestamp" : 239765207827,
    "userAcceleration" : [
      -0.007048521190881729,
      -0.000966191291809082,
      0.004780203104019165
    ]
  },
  {
    "rotationMatrix" : [
      0.9805299639701843,
      0.10295519977807999,
      -0.1672160029411316,
      -0.1906316876411438,
      0.2947220802307129,
      -0.936375081539154,
      -0.04712246358394623,
      0.9500204920768738,
      0.30861037969589233
    ],
    "gravity" : [
      0.04712246358394623,
      -0.9500204920768738,
      -0.30861034989356995
    ],
    "timestamp" : 239765217847,
    "userAcceleration" : [
      0.001995537430047989,
      0.009880900382995605,
      0.019913852214813232
    ]
  },
  {
    "rotationMatrix" : [
      0.9806292057037354,
      0.10217095166444778,
      -0.16711527109146118,
      -0.19017985463142395,
      0.29243168234825134,
      -0.9371848106384277,
      -0.046883273869752884,
      0.9508126974105835,
      0.3061978816986084
    ],
    "gravity" : [
      0.04688327759504318,
      -0.9508127570152283,
      -0.306197851896286
    ],
    "timestamp" : 239765227867,
    "userAcceleration" : [
      0.020591046661138535,
      0.008842051029205322,
      0.0481715202331543
    ]
  },
  {
    "rotationMatrix" : [
      0.9806223511695862,
      0.10160088539123535,
      -0.16750246286392212,
      -0.19025686383247375,
      0.2900244891643524,
      -0.9379168748855591,
      -0.04671337455511093,
      0.9516106843948364,
      0.30373474955558777
    ],
    "gravity" : [
      0.04671337455511093,
      -0.9516106843948364,
      -0.30373480916023254
    ],
    "timestamp" : 239765237887,
    "userAcceleration" : [
      0.020760957151651382,
      0.009640038013458252,
      0.04570847749710083
    ]
  },
  {
    "rotationMatrix" : [
      0.9808557629585266,
      0.10071470588445663,
      -0.16666892170906067,
      -0.1890832781791687,
      0.2878495454788208,
      -0.9388238191604614,
      -0.04657778888940811,
      0.9523650407791138,
      0.3013823628425598
    ],
    "gravity" : [
      0.04657778888940811,
      -0.9523650407791138,
      -0.3013823628425598
    ],
    "timestamp" : 239765247907,
    "userAcceleration" : [
      0.025168996304273605,
      0.011874377727508545,
      0.06812098622322083
    ]
  },
  {
    "rotationMatrix" : [
      0.9808967113494873,
      0.1001008003950119,
      -0.16679756343364716,
      -0.18892432749271393,
      0.28586453199386597,
      -0.9394620656967163,
      -0.04635941609740257,
      0.9530273675918579,
      0.29931506514549255
    ],
    "gravity" : [
      0.04635941609740257,
      -0.9530274271965027,
      -0.29931503534317017
    ],
    "timestamp" : 239765257927,
    "userAcceleration" : [
      0.026974283158779144,
      0.010659992694854736,
      0.08404386043548584
    ]
  },
  {
    "rotationMatrix" : [
      0.9808927178382874,
      0.09955497086048126,
      -0.1671474426984787,
      -0.18901343643665314,
      0.28416508436203003,
      -0.9399596452713013,
      -0.04608018323779106,
      0.9535926580429077,
      0.2975527048110962
    ],
    "gravity" : [
      0.04608018696308136,
      -0.9535926580429077,
      -0.2975527048110962
    ],
    "timestamp" : 239765267947,
    "userAcceleration" : [
      0.01727427914738655,
      0.00498431921005249,
      0.0794585645198822
    ]
  },
  {
    "rotationMatrix" : [
      0.9808828830718994,
      0.09908898919820786,
      -0.1674818992614746,
      -0.18912220001220703,
      0.28265380859375,
      -0.9403932094573975,
      -0.04584325850009918,
      0.9540901184082031,
      0.2959901988506317
    ],
    "gravity" : [
      0.045843254774808884,
      -0.9540901184082031,
      -0.2959902286529541
    ],
    "timestamp" : 239765277967,
    "userAcceleration" : [
      0.00339682400226593,
      -0.0014760494232177734,
      0.06532290577888489
    ]
  },
  {
    "rotationMatrix" : [
      0.9808164834976196,
      0.0988311693072319,
      -0.16802218556404114,
      -0.18949133157730103,
      0.28114303946495056,
      -0.9407718181610107,
      -0.0457393154501915,
      0.9545632600784302,
      0.2944773733615875
    ],
    "gravity" : [
      0.0457393154501915,
      -0.9545632600784302,
      -0.29447734355926514
    ],
    "timestamp" : 239765287987,
    "userAcceleration" : [
      -0.004113361239433289,
      0.0042612552642822266,
      0.044461846351623535
    ]
  },
  {
    "rotationMatrix" : [
      0.9807920455932617,
      0.09857869148254395,
      -0.16831272840499878,
      -0.18962004780769348,
      0.27956587076187134,
      -0.9412157535552979,
      -0.04572933539748192,
      0.955052375793457,
      0.29288849234580994
    ],
    "gravity" : [
      0.04572933539748192,
      -0.955052375793457,
      -0.29288849234580994
    ],
    "timestamp" : 239765298007,
    "userAcceleration" : [
      -0.0025469958782196045,
      0.016530156135559082,
      0.029918253421783447
    ]
  },
  {
    "rotationMatrix" : [
      0.9807292819023132,
      0.09838099777698517,
      -0.1687934845685959,
      -0.18994219601154327,
      0.2778671681880951,
      -0.9416537284851074,
      -0.04573864862322807,
      0.9555684328079224,
      0.2911991775035858
    ],
    "gravity" : [
      0.04573864862322807,
      -0.9555684328079224,
      -0.2911992073059082
    ],
    "timestamp" : 239765308027,
    "userAcceleration" : [
      0.0034861676394939423,
      0.02087610960006714,
      0.030639857053756714
    ]
  },
  {
    "rotationMatrix" : [
      0.9807225465774536,
      0.09806297719478607,
      -0.16901752352714539,
      -0.18997915089130402,
      0.2760810852050781,
      -0.9421713948249817,
      -0.04572959989309311,
      0.9561185240745544,
      0.28938889503479004
    ],
    "gravity" : [
      0.04572959989309311,
      -0.9561185836791992,
      -0.28938889503479004
    ],
    "timestamp" : 239765318047,
    "userAcceleration" : [
      0.007462501525878906,
      0.01900017261505127,
      0.03461265563964844
    ]
  },
  {
    "rotationMatrix" : [
      0.9807708859443665,
      0.09751114994287491,
      -0.16905634105205536,
      -0.18976283073425293,
      0.2741175591945648,
      -0.9427881240844727,
      -0.04559105262160301,
      0.9567397832870483,
      0.28735050559043884
    ],
    "gravity" : [
      0.04559105634689331,
      -0.9567397236824036,
      -0.2873505651950836
    ],
    "timestamp" : 239765328067,
    "userAcceleration" : [
      0.009172715246677399,
      0.01417398452758789,
      0.034680068492889404
    ]
  },
  {
    "rotationMatrix" : [
      0.9807680249214172,
      0.09690091013908386,
      -0.16942352056503296,
      -0.1898413598537445,
      0.272033154964447,
      -0.9433758854866028,
      -0.04532518610358238,
      0.9573964476585388,
      0.2851972281932831
    ],
    "gravity" : [
      0.04532518610358238,
      -0.957396388053894,
      -0.28519728779792786
    ],
    "timestamp" : 239765338087,
    "userAcceleration" : [
      0.00794319435954094,
      0.015074849128723145,
      0.048380643129348755
    ]
  },
  {
    "rotationMatrix" : [
      0.9806957840919495,
      0.09626610577106476,
      -0.17020168900489807,
      -0.19031725823879242,
      0.2700885534286499,
      -0.9438387155532837,
      -0.044890157878398895,
      0.9580109119415283,
      0.2831957936286926
    ],
    "gravity" : [
      0.0448901504278183,
      -0.9580109119415283,
      -0.283195823431015
    ],
    "timestamp" : 239765348107,
    "userAcceleration" : [
      0.022004351019859314,
      0.009829938411712646,
      0.0556260347366333
    ]
  },
  {
    "rotationMatrix" : [
      0.9805603623390198,
      0.09555663168430328,
      -0.17137762904167175,
      -0.191165491938591,
      0.26831257343292236,
      -0.9441736340522766,
      -0.04423930495977402,
      0.9585807919502258,
      0.2813637852668762
    ],
    "gravity" : [
      0.044239308685064316,
      -0.9585807919502258,
      -0.2813637852668762
    ],
    "timestamp" : 239765358127,
    "userAcceleration" : [
      0.03185625001788139,
      0.009560585021972656,
      0.04675969481468201
    ]
  },
  {
    "rotationMatrix" : [
      0.980426013469696,
      0.09474857896566391,
      -0.17259058356285095,
      -0.19202768802642822,
      0.2665991485118866,
      -0.9444839358329773,
      -0.04347605258226395,
      0.959138810634613,
      0.2795751094818115
    ],
    "gravity" : [
      0.04347605258226395,
      -0.959138810634613,
      -0.2795751094818115
    ],
    "timestamp" : 239765368148,
    "userAcceleration" : [
      0.024105098098516464,
      0.0037710070610046387,
      0.02789643406867981
    ]
  },
  {
    "rotationMatrix" : [
      0.9803139567375183,
      0.0939752459526062,
      -0.17364676296710968,
      -0.19274744391441345,
      0.2647855281829834,
      -0.9448475241661072,
      -0.04281315207481384,
      0.9597172141075134,
      0.2776864171028137
    ],
    "gravity" : [
      0.04281315580010414,
      -0.9597172141075134,
      -0.2776864171028137
    ],
    "timestamp" : 239765378168,
    "userAcceleration" : [
      0.006152264773845673,
      -0.003875136375427246,
      0.01541811227798462
    ]
  },
  {
    "rotationMatrix" : [
      0.9802793264389038,
      0.09320518374443054,
      -0.17425614595413208,
      -0.19302955269813538,
      0.26272234320640564,
      -0.9453657865524292,
      -0.04233203083276749,
      0.9603590965270996,
      0.27553263306617737
    ],
    "gravity" : [
      0.042332034558057785,
      -0.9603590965270996,
      -0.27553263306617737
    ],
    "timestamp" : 239765388188,
    "userAcceleration" : [
      0.005153283476829529,
      -0.010481178760528564,
      0.0033919215202331543
    ]
  },
  {
    "rotationMatrix" : [
      0.9803370833396912,
      0.0924333781003952,
      -0.17434248328208923,
      -0.19279320538043976,
      0.26028427481651306,
      -0.9460881352424622,
      -0.042071543633937836,
      0.9610973000526428,
      0.27298685908317566
    ],
    "gravity" : [
      0.04207153618335724,
      -0.9610973000526428,
      -0.27298682928085327
