[
  {
    "timestamp" : 239744617061,
    "userAcceleration" : [
      -0.0012306980788707733,
      -0.02181398868560791,
      0.1127924919128418
    ],
    "gravity" : [
      -0.021749064326286316,
      -0.7998718023300171,
      -0.5997766256332397
    ],
    "rotationMatrix" : [
      -0.9793955087661743,
      0.1375245600938797,
      -0.14789019525051117,
      -0.20077721774578094,
      -0.5842020511627197,
      0.7863819003105164,
      0.021749064326286316,
      0.7998718619346619,
      0.5997766256332397
    ]
  },
  {
    "timestamp" : 239744627081,
    "userAcceleration" : [
      0.0035352464765310287,
      -0.0166892409324646,
      0.08929187059402466
    ],
    "gravity" : [
      -0.022547733038663864,
      -0.7976114153862,
      -0.6027500629425049
    ],
    "rotationMatrix" : [
      -0.97922682762146,
      0.1391417533159256,
      -0.14749348163604736,
      -0.20151017606258392,
      -0.5869033336639404,
      0.7841798067092896,
      0.022547736763954163,
      0.7976113557815552,
      0.6027500629425049
    ]
  },
  {
    "timestamp" : 239744637101,
    "userAcceleration" : [
      -0.004998467862606049,
      -0.012637197971343994,
      0.06864643096923828
    ],
    "gravity" : [
      -0.023428678512573242,
      -0.795468270778656,
      -0.6055421233177185
    ],
    "rotationMatrix" : [
      -0.9790593385696411,
      0.14077751338481903,
      -0.14705166220664978,
      -0.20222164690494537,
      -0.5894163846969604,
      0.7821089625358582,
      0.023428674787282944,
      0.795468270778656,
      0.6055421829223633
    ]
  },
  {
    "timestamp" : 239744647120,
    "userAcceleration" : [
      -0.008136192336678505,
      -0.007274150848388672,
      0.06412744522094727
    ],
    "gravity" : [
      -0.024242980405688286,
      -0.7933239340782166,
      -0.6083168387413025
    ],
    "rotationMatrix" : [
      -0.9789546728134155,
      0.14217573404312134,
      -0.14640173316001892,
      -0.2026318907737732,
      -0.59196537733078,
      0.7800750732421875,
      0.024242978543043137,
      0.7933239936828613,
      0.6083168387413025
    ]
  },
  {
    "timestamp" : 239744657140,
    "userAcceleration" : [
      -0.006358303129673004,
      -0.011145293712615967,
      0.06216442584991455
    ],
    "gravity" : [
      -0.024998538196086884,
      -0.7909939885139465,
      -0.6113129258155823
    ],
    "rotationMatrix" : [
      -0.9788475036621094,
      0.14357690513134003,
      -0.1457497477531433,
      -0.20305760204792023,
      -0.5947386026382446,
      0.7778517603874207,
      0.024998538196086884,
      0.7909939885139465,
      0.6113129258155823
    ]
  },
  {
    "timestamp" : 239744667160,
    "userAcceleration" : [
      -0.015571771189570427,
      -0.0251350998878479,
      0.055527687072753906
    ],
    "gravity" : [
      -0.02559646964073181,
      -0.7884635925292969,
      -0.6145485639572144
    ],
    "rotationMatrix" : [
      -0.9786825180053711,
      0.14507758617401123,
      -0.14537106454372406,
      -0.203777015209198,
      -0.5977269411087036,
      0.7753691673278809,
      0.025596465915441513,
      0.7884635925292969,
      0.6145485639572144
    ]
  },
  {
    "timestamp" : 239744677180,
    "userAcceleration" : [
      -0.0186335276812315,
      -0.04197037220001221,
      0.05496048927307129
    ],
    "gravity" : [
      -0.02599845826625824,
      -0.7857884168624878,
      -0.6179486513137817
    ],
    "rotationMatrix" : [
      -0.9784852862358093,
      0.14656445384025574,
      -0.1452055275440216,
      -0.20467013120651245,
      -0.6008784174919128,
      0.7726930975914001,
      0.025998465716838837,
      0.785788357257843,
      0.6179486513137817
    ]
  },
  {
    "timestamp" : 239744687199,
    "userAcceleration" : [
      -0.001181749626994133,
      -0.05242568254470825,
      0.054121971130371094
    ],
    "gravity" : [
      -0.026299361139535904,
      -0.7829930186271667,
      -0.6214742064476013
    ],
    "rotationMatrix" : [
      -0.9783679246902466,
      0.1477709412574768,
      -0.14477379620075226,
      -0.2051927149295807,
      -0.6042228937149048,
      0.7699417471885681,
      0.026299361139535904,
      0.7829930186271667,
      0.6214742064476013
    ]
  },
  {
    "timestamp" : 239744697219,
    "userAcceleration" : [
      0.01897222176194191,
      -0.03986549377441406,
      0.03622698783874512
    ],
    "gravity" : [
      -0.026510093361139297,
      -0.7801113128662109,
      -0.6250788569450378
    ],
    "rotationMatrix" : [
      -0.9782924652099609,
      0.1488066017627716,
      -0.14422354102134705,
      -0.20552629232406616,
      -0.6076865792274475,
      0.7671218514442444,
      0.026510097086429596,
      0.7801112532615662,
      0.6250788569450378
    ]
  },
  {
    "timestamp" : 239744707239,
    "userAcceleration" : [
      0.04248805344104767,
      -0.011510074138641357,
      0.019113779067993164
    ],
    "gravity" : [
      -0.026863083243370056,
      -0.7772929668426514,
      -0.6285649538040161
    ],
    "rotationMatrix" : [
      -0.9780871868133545,
      0.15030111372470856,
      -0.14406399428844452,
      -0.20645396411418915,
      -0.6109212636947632,
      0.7642980813980103,
      0.026863079518079758,
      0.7772929668426514,
      0.6285649538040161
    ]
  },
  {
    "timestamp" : 239744717258,
    "userAcceleration" : [
      0.057906053960323334,
      0.0066977739334106445,
      0.012695550918579102
    ],
    "gravity" : [
      -0.02763265185058117,
      -0.7747336626052856,
      -0.6316834688186646
    ],
    "rotationMatrix" : [
      -0.9777717590332031,
      0.1523384004831314,
      -0.14406469464302063,
      -0.2078414410352707,
      -0.6136611700057983,
      0.7617224454879761,
      0.02763264998793602,
      0.7747336626052856,
      0.6316834688186646
    ]
  },
  {
    "timestamp" : 239744727278,
    "userAcceleration" : [
      0.05254156142473221,
      0.0008423924446105957,
      0.016160666942596436
    ],
    "gravity" : [
      -0.028890460729599,
      -0.7724640369415283,
      -0.6344009041786194
    ],
    "rotationMatrix" : [
      -0.9773941040039062,
      0.15481115877628326,
      -0.1439921110868454,
      -0.20944108068943024,
      -0.6158995628356934,
      0.7594745755195618,
      0.028890460729599,
      0.7724640965461731,
      0.6344009041786194
    ]
  },
  {
    "timestamp" : 239744737298,
    "userAcceleration" : [
      0.03680242598056793,
      -0.026465237140655518,
      0.030916035175323486
    ],
    "gravity" : [
      -0.03072945401072502,
      -0.7703181505203247,
      -0.6369187831878662
    ],
    "rotationMatrix" : [
      -0.9768365025520325,
      0.15815117955207825,
      -0.1441456824541092,
      -0.21176749467849731,
      -0.6177358627319336,
      0.7573350667953491,
      0.03072945401072502,
      0.7703181505203247,
      0.6369187235832214
    ]
  },
  {
    "timestamp" : 239744747317,
    "userAcceleration" : [
      0.008902914822101593,
      -0.06520736217498779,
      0.03529125452041626
    ],
    "gravity" : [
      -0.033057600259780884,
      -0.7682124376296997,
      -0.639340877532959
    ],
    "rotationMatrix" : [
      -0.9763638973236084,
      0.1615275740623474,
      -0.14360298216342926,
      -0.21358877420425415,
      -0.6194820404052734,
      0.7553948163986206,
      0.033057600259780884,
      0.7682124376296997,
      0.639340877532959
    ]
  },
  {
    "timestamp" : 239744757337,
    "userAcceleration" : [
      -0.025643620640039444,
      -0.102458655834198,
      0.02347123622894287
    ],
    "gravity" : [
      -0.035544149577617645,
      -0.766224205493927,
      -0.6415894031524658
    ],
    "rotationMatrix" : [
      -0.9760076999664307,
      0.16461142897605896,
      -0.1425178050994873,
      -0.21481356024742126,
      -0.6211304068565369,
      0.7536919713020325,
      0.035544153302907944,
      0.766224205493927,
      0.6415894031524658
    ]
  },
  {
    "timestamp" : 239744767357,
    "userAcceleration" : [
      -0.044405315071344376,
      -0.11823469400405884,
      0.007740914821624756
    ],
    "gravity" : [
      -0.03767172992229462,
      -0.7644556760787964,
      -0.6435745358467102
    ],
    "rotationMatrix" : [
      -0.9757900238037109,
      0.16698919236660004,
      -0.14123640954494476,
      -0.21543897688388824,
      -0.6226729154586792,
      0.7522392272949219,
      0.037671733647584915,
      0.7644556760787964,
      0.6435745358467102
    ]
  },
  {
    "timestamp" : 239744777377,
    "userAcceleration" : [
      -0.04489291459321976,
      -0.11230581998825073,
      0.0040932297706604
    ],
    "gravity" : [
      -0.039228808134794235,
      -0.7629230618476868,
      -0.6452979445457458
    ],
    "rotationMatrix" : [
      -0.9757118225097656,
      0.1685323715209961,
      -0.13993728160858154,
      -0.21551495790481567,
      -0.6241350769996643,
      0.751004695892334,
      0.03922881558537483,
      0.762923002243042,
      0.6452979445457458
    ]
  },
  {
    "timestamp" : 239744787396,
    "userAcceleration" : [
      -0.03215435519814491,
      -0.0951087474822998,
      0.0042539238929748535
    ],
    "gravity" : [
      -0.040126554667949677,
      -0.7615501880645752,
      -0.6468625068664551
    ],
    "rotationMatrix" : [
      -0.9756006002426147,
      0.16971300542354584,
      -0.13928385078907013,
      -0.21585263311862946,
      -0.6254903078079224,
      0.7497791647911072,
      0.04012655094265938,
      0.7615501284599304,
      0.6468625068664551
    ]
  },
  {
    "timestamp" : 239744797416,
    "userAcceleration" : [
      -0.020004644989967346,
      -0.06575167179107666,
      0.009435117244720459
    ],
    "gravity" : [
      -0.04038966819643974,
      -0.7601913213729858,
      -0.6484425067901611
    ],
    "rotationMatrix" : [
      -0.9754573106765747,
      0.1705845594406128,
      -0.1392236202955246,
      -0.21645087003707886,
      -0.6269046068191528,
      0.7484242916107178,
      0.04038966819643974,
      0.7601913213729858,
      0.6484425067901611
    ]
  },
  {
    "timestamp" : 239744807436,
    "userAcceleration" : [
      -0.0162665955722332,
      -0.05640280246734619,
      0.01996171474456787
    ],
    "gravity" : [
      -0.04025198891758919,
      -0.7587522268295288,
      -0.6501343846321106
    ],
    "rotationMatrix" : [
      -0.9752355813980103,
      0.17144958674907684,
      -0.1397135704755783,
      -0.21747325360774994,
      -0.6284103393554688,
      0.746863603591919,
      0.04025198891758919,
      0.7587522268295288,
      0.6501343846321106
    ]
  },
  {
    "timestamp" : 239744817455,
    "userAcceleration" : [
      -0.019113048911094666,
      -0.06920695304870605,
      0.03103560209274292
    ],
    "gravity" : [
      -0.040182627737522125,
      -0.757331132888794,
      -0.6517935395240784
    ],
    "rotationMatrix" : [
      -0.9750345945358276,
      0.17229211330413818,
      -0.14007923007011414,
      -0.218385249376297,
      -0.6298924088478088,
      0.7453474402427673,
      0.04018262401223183,
      0.7573310732841492,
      0.6517935395240784
    ]
  },
  {
    "timestamp" : 239744827475,
    "userAcceleration" : [
      -0.0007776990532875061,
      -0.06571096181869507,
      0.02948838472366333
    ],
    "gravity" : [
      -0.040558382868766785,
      -0.7560663223266602,
      -0.6532370448112488
    ],
    "rotationMatrix" : [
      -0.9748898148536682,
      0.17321397364139557,
      -0.1399511992931366,
      -0.2189621776342392,
      -0.6311578750610352,
      0.7441067695617676,
      0.040558382868766785,
      0.7560663223266602,
      0.6532370448112488
    ]
  },
  {
    "timestamp" : 239744837495,
    "userAcceleration" : [
      -0.0018388107419013977,
      -0.06091439723968506,
      0.02771282196044922
    ],
    "gravity" : [
      -0.04141988977789879,
      -0.7550340294837952,
      -0.6543759107589722
    ],
    "rotationMatrix" : [
      -0.9746955633163452,
      0.17452405393123627,
      -0.1396748125553131,
      -0.2196635752916336,
      -0.6320318579673767,
      0.7431574463844299,
      0.04141988232731819,
      0.7550340294837952,
      0.6543759107589722
    ]
  },
  {
    "timestamp" : 239744847514,
    "userAcceleration" : [
      -0.003749161958694458,
      -0.057845354080200195,
      0.011207938194274902
    ],
    "gravity" : [
      -0.04234767332673073,
      -0.7541969418525696,
      -0.6552813053131104
    ],
    "rotationMatrix" : [
      -0.9745614528656006,
      0.17565682530403137,
      -0.13919126987457275,
      -0.22008225321769714,
      -0.6327173709869385,
      0.7424500584602356,
      0.04234767332673073,
      0.7541969418525696,
      0.6552813053131104
    ]
  },
  {
    "timestamp" : 239744857534,
    "userAcceleration" : [
      0.006647437810897827,
      -0.048793792724609375,
      0.0005869269371032715
    ],
    "gravity" : [
      -0.04300916567444801,
      -0.7535896301269531,
      -0.655936598777771
    ],
    "rotationMatrix" : [
      -0.9743582010269165,
      0.1767723113298416,
      -0.13920167088508606,
      -0.22085236012935638,
      -0.6331301331520081,
      0.7418692111968994,
      0.04300916567444801,
      0.7535896301269531,
      0.655936598777771
    ]
  },
  {
    "timestamp" : 239744867554,
    "userAcceleration" : [
      -0.001278519630432129,
      -0.05561286211013794,
      0.01264578104019165
    ],
    "gravity" : [
      -0.04349078983068466,
      -0.7534385919570923,
      -0.6560782790184021
    ],
    "rotationMatrix" : [
      -0.9741988182067871,
      0.17755360901355743,
      -0.13932345807552338,
      -0.2214607447385788,
      -0.6330913305282593,
      0.7417210936546326,
      0.04349078610539436,
      0.7534386515617371,
      0.6560782790184021
    ]
  },
  {
    "timestamp" : 239744877574,
    "userAcceleration" : [
      -0.012644708156585693,
      -0.06326150894165039,
      0.03881633281707764
    ],
    "gravity" : [
      -0.044255346059799194,
      -0.7537245750427246,
      -0.6556985378265381
    ],
    "rotationMatrix" : [
      -0.974172830581665,
      0.17803005874156952,
      -0.13889506459236145,
      -0.2214226871728897,
      -0.6326167583465576,
      0.74213707447052,
      0.044255342334508896,
      0.7537245750427246,
      0.6556985378265381
    ]
  },
  {
    "timestamp" : 239744887593,
    "userAcceleration" : [
      -0.0013740845024585724,
      -0.07723146677017212,
      0.0413287878036499
    ],
    "gravity" : [
      -0.04531782865524292,
      -0.7541435956954956,
      -0.6551439762115479
    ],
    "rotationMatrix" : [
      -0.9742151498794556,
      0.17846263945102692,
      -0.1380416601896286,
      -0.22102196514606476,
      -0.6319953203201294,
      0.7427858114242554,
      0.04531782865524292,
      0.7541435956954956,
      0.6551439762115479
    ]
  },
  {
    "timestamp" : 239744897613,
    "userAcceleration" : [
      0.007072240114212036,
      -0.07105308771133423,
      0.04271596670150757
    ],
    "gravity" : [
      -0.046455200761556625,
      -0.7543405890464783,
      -0.6548374891281128
    ],
    "rotationMatrix" : [
      -0.9742869138717651,
      0.1788996458053589,
      -0.13696616888046265,
      -0.22046932578086853,
      -0.6316367983818054,
      0.743255078792572,
      0.04645519703626633,
      0.7543405890464783,
      0.6548374891281128
    ]
  },
  {
    "timestamp" : 239744907633,
    "userAcceleration" : [
      0.010963976383209229,
      -0.07357656955718994,
      0.04722142219543457
    ],
    "gravity" : [
      -0.047630876302719116,
      -0.7541974782943726,
      -0.6549178957939148
    ],
    "rotationMatrix" : [
      -0.9743958711624146,
      0.1793188750743866,
      -0.1356360912322998,
      -0.2197355329990387,
      -0.6316887736320496,
      0.743428111076355,
      0.04763087257742882,
      0.7541974782943726,
      0.6549178957939148
    ]
  },
  {
    "timestamp" : 239744917652,
    "userAcceleration" : [
      0.02922714874148369,
      -0.05605894327163696,
      0.02008277177810669
    ],
    "gravity" : [
      -0.048788949847221375,
      -0.7537861466407776,
      -0.6553061008453369
    ],
    "rotationMatrix" : [
      -0.9745152592658997,
      0.17974728345870972,
      -0.13420513272285461,
      -0.21895146369934082,
      -0.6320580840110779,
      0.7433457374572754,
      0.048788949847221375,
      0.7537860870361328,
      0.6553061008453369
    ]
  },
  {
    "timestamp" : 239744927672,
    "userAcceleration" : [
      0.037136685103178024,
      -0.027586042881011963,
      -0.01907271146774292
    ],
    "gravity" : [
      -0.04983203113079071,
      -0.7533740401268005,
      -0.6557013988494873
    ],
    "rotationMatrix" : [
      -0.9745131731033325,
      0.1804523766040802,
      -0.133271262049675,
      -0.21872597932815552,
      -0.6323484778404236,
      0.7431651949882507,
      0.04983202740550041,
      0.7533740401268005,
      0.6557013988494873
    ]
  },
  {
    "timestamp" : 239744937692,
    "userAcceleration" : [
      0.026183199137449265,
      -0.017115235328674316,
      -0.020084798336029053
    ],
    "gravity" : [
      -0.05068884789943695,
      -0.7531484961509705,
      -0.6558947563171387
    ],
    "rotationMatrix" : [
      -0.9742323160171509,
      0.18181052803993225,
      -0.13347814977169037,
      -0.2197774350643158,
      -0.6322280168533325,
      0.742957353591919,
      0.05068885162472725,
      0.7531485557556152,
      0.6558947563171387
    ]
  },
  {
    "timestamp" : 239744947711,
    "userAcceleration" : [
      0.02698807418346405,
      -0.01722162961959839,
      -0.020025253295898438
    ],
    "gravity" : [
      -0.051493722945451736,
      -0.7530420422554016,
      -0.6559543013572693
    ],
    "rotationMatrix" : [
      -0.9737996459007263,
      0.18354184925556183,
      -0.13426263630390167,
      -0.2215004712343216,
      -0.6318543553352356,
      0.742763340473175,
      0.05149371922016144,
      0.7530420422554016,
      0.6559543609619141
    ]
  },
  {
    "timestamp" : 239744957731,
    "userAcceleration" : [
      0.003513537347316742,
      -0.04878818988800049,
      -0.0015562176704406738
    ],
    "gravity" : [
      -0.05241798982024193,
      -0.7528933882713318,
      -0.656051754951477
    ],
    "rotationMatrix" : [
      -0.973242998123169,
      0.1856905221939087,
      -0.13533951342105865,
      -0.2237188220024109,
      -0.6314035058021545,
      0.7424818277359009,
      0.05241799354553223,
      0.752893328666687,
      0.656051754951477
    ]
  },
  {
    "timestamp" : 239744967751,
    "userAcceleration" : [
      -0.030712883919477463,
      -0.0771985650062561,
      0.002611994743347168
    ],
    "gravity" : [
      -0.05324099585413933,
      -0.7527270317077637,
      -0.6561763882637024
    ],
    "rotationMatrix" : [
      -0.9727091789245605,
      0.1877032369375229,
      -0.13639822602272034,
      -0.22583706676959991,
      -0.6310068964958191,
      0.7421779036521912,
      0.05324099212884903,
      0.7527269721031189,
      0.6561763882637024
    ]
  },
  {
    "timestamp" : 239744977771,
    "userAcceleration" : [
      -0.02723437175154686,
      -0.10460001230239868,
      -0.002369523048400879
    ],
    "gravity" : [
      -0.05374404042959213,
      -0.7525777220726013,
      -0.6563065648078918
    ],
    "rotationMatrix" : [
      -0.9722695350646973,
      0.18924923241138458,
      -0.13739168643951416,
      -0.22760342061519623,
      -0.6307228803634644,
      0.7418795228004456,
      0.05374404042959213,
      0.7525777220726013,
      0.6563065648078918
    ]
  },
  {
    "timestamp" : 239744987790,
    "userAcceleration" : [
      -0.010596513748168945,
      -0.11591637134552002,
      0.000531315803527832
    ],
    "gravity" : [
      -0.05407026410102844,
      -0.75255286693573,
      -0.6563082337379456
    ],
    "rotationMatrix" : [
      -0.9719901084899902,
      0.1902151107788086,
      -0.13803145289421082,
      -0.228715717792511,
      -0.6304616332054138,
      0.741759181022644,
      0.05407026782631874,
      0.75255286693573,
      0.6563082337379456
    ]
  },
  {
    "timestamp" : 239744997810,
    "userAcceleration" : [
      -0.004971373826265335,
      -0.07413846254348755,
      -0.019855022430419922
    ],
    "gravity" : [
      -0.054309047758579254,
      -0.752842128276825,
      -0.6559566855430603
    ],
    "rotationMatrix" : [
      -0.9719905853271484,
      0.1902915984392166,
      -0.1379232406616211,
      -0.22865746915340424,
      -0.6300931572914124,
      0.7420902252197266,
      0.054309044033288956,
      0.7528420686721802,
      0.6559566855430603
    ]
  },
  {
    "timestamp" : 239745007830,
    "userAcceleration" : [
      0.008798021823167801,
      -0.03325444459915161,
      -0.025288820266723633
    ],
    "gravity" : [
      -0.05491011589765549,
      -0.7535039186477661,
      -0.6551463007926941
    ],
    "rotationMatrix" : [
      -0.9723347425460815,
      0.1895504742860794,
      -0.13651302456855774,
      -0.2270464152097702,
      -0.6295256018638611,
      0.7430663108825684,
      0.05491011589765549,
      0.7535039186477661,
      0.6551463007926941
    ]
  },
  {
    "timestamp" : 239745017849,
    "userAcceleration" : [
      0.005667995661497116,
      -0.02576202154159546,
      -0.03854680061340332
    ],
    "gravity" : [
      -0.0559152215719223,
      -0.7546335458755493,
      -0.6537596583366394
    ],
    "rotationMatrix" : [
      -0.9724696278572083,
      0.189520463347435,
      -0.13558903336524963,
      -0.22622086107730865,
      -0.6281797885894775,
      0.7444554567337036,
      0.055915217846632004,
      0.7546335458755493,
      0.6537596583366394
    ]
  },
  {
    "timestamp" : 239745027869,
    "userAcceleration" : [
      -0.023844320327043533,
      -0.01460641622543335,
      -0.04842019081115723
    ],
    "gravity" : [
      -0.056905221194028854,
      -0.7562218308448792,
      -0.6518360376358032
    ],
    "rotationMatrix" : [
      -0.9724465012550354,
      0.18982495367527008,
      -0.13532927632331848,
      -0.22607369720935822,
      -0.6261746883392334,
      0.7461874485015869,
      0.05690522864460945,
      0.7562218904495239,
      0.651836097240448
    ]
  },
  {
    "timestamp" : 239745037889,
    "userAcceleration" : [
      -0.06267917901277542,
      -0.02152198553085327,
      -0.026494622230529785
    ],
    "gravity" : [
      -0.05763639882206917,
      -0.7581868767738342,
      -0.6494848728179932
    ],
    "rotationMatrix" : [
      -0.9722596406936646,
      0.1903512328863144,
      -0.13592968881130219,
      -0.2266903668642044,
      -0.6236332654953003,
      0.7481259107589722,
      0.05763639137148857,
      0.7581868171691895,
      0.6494848728179932
    ]
  },
  {
    "timestamp" : 239745047908,
    "userAcceleration" : [
      -0.07422018051147461,
      -0.02937602996826172,
      0.025614798069000244
    ],
    "gravity" : [
      -0.05782940611243248,
      -0.760373055934906,
      -0.6469067931175232
    ],
    "rotationMatrix" : [
      -0.9722418785095215,
      0.19005192816257477,
      -0.1364743858575821,
      -0.22671733796596527,
      -0.6210575699806213,
      0.7502574324607849,
      0.05782940611243248,
      0.760373055934906,
      0.6469067931175232
    ]
  },
  {
    "timestamp" : 239745057928,
    "userAcceleration" : [
      -0.07447005808353424,
      -0.02713841199874878,
      0.022997796535491943
    ],
    "gravity" : [
      -0.057579539716243744,
      -0.7626107335090637,
      -0.6442898511886597
    ],
    "rotationMatrix" : [
      -0.9723379611968994,
      0.18917039036750793,
      -0.13701382279396057,
      -0.22636878490447998,
      -0.6185781359672546,
      0.7524079084396362,
      0.05757954344153404,
      0.762610673904419,
      0.6442898511886597
    ]
  },
  {
    "timestamp" : 239745067948,
    "userAcceleration" : [
      -0.04232245683670044,
      -0.023264288902282715,
      0.0436023473739624
    ],
    "gravity" : [
      -0.05719539523124695,
      -0.7648063898086548,
      -0.6417163014411926
    ],
    "rotationMatrix" : [
      -0.9725416898727417,
      0.18792204558849335,
      -0.13728666305541992,
      -0.22559036314487457,
      -0.6162436604499817,
      0.7545545101165771,
      0.05719539895653725,
      0.7648063898086548,
      0.6417163014411926
    ]
  },
  {
    "timestamp" : 239745077968,
    "userAcceleration" : [
      -0.022470515221357346,
      0.0035290122032165527,
      0.05589151382446289
    ],
    "gravity" : [
      -0.057073578238487244,
      -0.766941487789154,
      -0.6391739249229431
    ],
    "rotationMatrix" : [
      -0.972845196723938,
      0.1865636110305786,
      -0.13698871433734894,
      -0.22430893778800964,
      -0.6139988303184509,
      0.7567633390426636,
      0.057073574513196945,
      0.7669415473937988,
      0.6391739249229431
    ]
  },
  {
    "timestamp" : 239745087987,
    "userAcceleration" : [
      -0.011541947722434998,
      0.034421682357788086,
      0.05495893955230713
    ],
    "gravity" : [
      -0.05736677721142769,
      -0.7689492702484131,
      -0.6367307305335999
    ],
    "rotationMatrix" : [
      -0.9731775522232056,
      0.18539440631866455,
      -0.13621273636817932,
      -0.22278699278831482,
      -0.6118379235267639,
      0.7589598298072815,
      0.05736677348613739,
      0.7689493298530579,
      0.6367307305335999
    ]
  },
  {
    "timestamp" : 239745098007,
    "userAcceleration" : [
      -0.008565884083509445,
      0.059247374534606934,
      0.058462560176849365
    ],
    "gravity" : [
      -0.058038756251335144,
      -0.7706425786018372,
      -0.6346190571784973
    ],
    "rotationMatrix" : [
      -0.9734539985656738,
      0.18466709554195404,
      -0.13522173464298248,
      -0.2214009016752243,
      -0.6099242568016052,
      0.7609031796455383,
      0.058038756251335144,
      0.7706425786018372,
      0.6346190571784973
    ]
  },
  {
    "timestamp" : 239745108027,
    "userAcceleration" : [
      -0.01860129088163376,
      0.05167263746261597,
      0.06184244155883789
    ],
    "gravity" : [
      -0.05889813229441643,
      -0.7717501521110535,
      -0.6331924796104431
    ],
    "rotationMatrix" : [
      -0.9736490249633789,
      0.184397891163826,
      -0.13418196141719818,
      -0.22031430900096893,
      -0.6086040735244751,
      0.7622745037078857,
      0.05889813229441643,
      0.7717500925064087,
      0.6331924200057983
    ]
  },
  {
    "timestamp" : 239745118046,
    "userAcceleration" : [
      -0.019323859363794327,
      0.024312615394592285,
      0.06690067052841187
    ],
    "gravity" : [
      -0.05976247414946556,
      -0.7721154093742371,
      -0.6326659917831421
    ],
    "rotationMatrix" : [
      -0.973797082901001,
      0.18441615998744965,
      -0.1330781877040863,
      -0.21942554414272308,
      -0.6081351637840271,
      0.7629048824310303,
      0.05976247414946556,
      0.7721153497695923,
      0.6326659917831421
    ]
  },
  {
    "timestamp" : 239745128066,
    "userAcceleration" : [
      -0.025718893855810165,
      0.004269123077392578,
      0.06242358684539795
    ],
    "gravity" : [
      -0.060676395893096924,
      -0.7716488838195801,
      -0.6331480145454407
    ],
    "rotationMatrix" : [
      -0.9739269018173218,
      0.18468432128429413,
      -0.1317497342824936,
      -0.21859703958034515,
      -0.6086457371711731,
      0.7627356052398682,
      0.060676395893096924,
      0.7716488838195801,
      0.6331480145454407
    ]
  },
  {
    "timestamp" : 239745138086,
    "userAcceleration" : [
      -0.045247916132211685,
      -0.01602691411972046,
      0.03712242841720581
    ],
    "gravity" : [
      -0.061212681233882904,
      -0.7704415917396545,
      -0.634564995765686
    ],
    "rotationMatrix" : [
      -0.9740405678749084,
      0.1849265992641449,
      -0.13056427240371704,
      -0.217940092086792,
      -0.6100998520851135,
      0.7617613077163696,
      0.061212677508592606,
      0.7704416513442993,
      0.634564995765686
    ]
  },
  {
    "timestamp" : 239745148106,
    "userAcceleration" : [
      -0.02409287914633751,
      -0.01333165168762207,
      0.011702418327331543
    ],
    "gravity" : [
      -0.06172256916761398,
      -0.7690017223358154,
      -0.6362598538398743
    ],
    "rotationMatrix" : [
      -0.9743013381958008,
      0.18477892875671387,
      -0.12881362438201904,
      -0.21662533283233643,
      -0.6119579672813416,
      0.7606446743011475,
      0.06172256916761398,
      0.7690017223358154,
      0.6362597942352295
    ]
  },
  {
    "timestamp" : 239745158125,
    "userAcceleration" : [
      -0.005522020161151886,
      -0.007075011730194092,
      -0.02410256862640381
    ],
    "gravity" : [
      -0.0625627189874649,
      -0.7678273320198059,
      -0.6375947594642639
    ],
    "rotationMatrix" : [
      -0.9746010899543762,
      0.18464216589927673,
      -0.12672564387321472,
      -0.21503028273582458,
      -0.6134721040725708,
      0.7598772048950195,
      0.0625627264380455,
      0.7678272724151611,
      0.6375947594642639
    ]
  },
  {
    "timestamp" : 239745168145,
    "userAcceleration" : [
      -0.011517845094203949,
      -0.0006199479103088379,
      -0.04099142551422119
    ],
    "gravity" : [
      -0.06375377625226974,
      -0.7670039534568787,
      -0.6384671330451965
    ],
    "rotationMatrix" : [
      -0.9749780893325806,
      0.1843937337398529,
      -0.12416017055511475,
      -0.21296069025993347,
      -0.6145756244659424,
      0.7595681548118591,
      0.06375378370285034,
      0.7670039534568787,
      0.6384671330451965
    ]
  },
  {
    "timestamp" : 239745178165,
    "userAcceleration" : [
      -0.0060707926750183105,
      0.015354335308074951,
      -0.061921894550323486
    ],
    "gravity" : [
      -0.06488259881734848,
      -0.7664987444877625,
      -0.6389600038528442
    ],
    "rotationMatrix" : [
      -0.9754000902175903,
      0.18389759957790375,
      -0.12155814468860626,
      -0.210677370429039,
      -0.615354597568512,
      0.7595747113227844,
      0.06488260626792908,
      0.7664987444877625,
      0.6389600038528442
    ]
  },
  {
    "timestamp" : 239745188184,
    "userAcceleration" : [
      0.002821311354637146,
      0.013531208038330078,
      -0.06227540969848633
    ],
    "gravity" : [
      -0.06588591635227203,
      -0.7661862373352051,
      -0.6392320990562439
    ],
    "rotationMatrix" : [
      -0.9757237434387207,
      0.18356148898601532,
      -0.11944931745529175,
      -0.20885883271694183,
      -0.6158438324928284,
      0.7596802711486816,
      0.06588591635227203,
      0.7661862373352051,
      0.6392320990562439
    ]
  },
  {
    "timestamp" : 239745198204,
    "userAcceleration" : [
      -0.004174277186393738,
      -0.0032698512077331543,
      -0.06288087368011475
    ],
    "gravity" : [
      -0.06670281291007996,
      -0.7660477161407471,
      -0.6393132209777832
    ],
    "rotationMatrix" : [
      -0.9761214256286621,
      0.1828555166721344,
      -0.11726021766662598,
      -0.20672887563705444,
      -0.6162256598472595,
      0.759952962398529,
      0.06670281291007996,
      0.7660477757453918,
      0.639313280582428
    ]
  },
  {
    "timestamp" : 239745208224,
    "userAcceleration" : [
      -0.011372767388820648,
      0.007434070110321045,
      -0.06068754196166992
    ],
    "gravity" : [
      -0.06743889302015305,
      -0.7660247683525085,
      -0.6392635703086853
    ],
    "rotationMatrix" : [
      -0.9765137434005737,
      0.18208518624305725,
      -0.11517436802387238,
      -0.20462685823440552,
      -0.6164822578430176,
      0.7603136301040649,
      0.06743890047073364,
      0.7660248279571533,
      0.6392635703086853
    ]
  },
  {
    "timestamp" : 239745218244,
    "userAcceleration" : [
      -0.020903557538986206,
      0.012925446033477783,
      -0.07609057426452637
    ],
    "gravity" : [
      -0.06787210702896118,
      -0.7660687565803528,
      -0.6391651034355164
    ],
    "rotationMatrix" : [
      -0.976934552192688,
      0.18103860318660736,
      -0.11324368417263031,
      -0.2024659961462021,
      -0.6167364120483398,
      0.760686457157135,
      0.06787210702896118,
      0.7660687565803528,
      0.6391651034355164
    ]
  },
  {
    "timestamp" : 239745228263,
    "userAcceleration" : [
      0.006800360977649689,
      -0.000703275203704834,
      -0.06574183702468872
    ],
    "gravity" : [
      -0.06795761734247208,
      -0.7660966515541077,
      -0.6391226053237915
    ],
    "rotationMatrix" : [
      -0.9773048162460327,
      0.17994563281536102,
      -0.11177892982959747,
      -0.20064078271389008,
      -0.6170213222503662,
      0.7609387040138245,
      0.06795760989189148,
      0.7660966515541077,
      0.6391226053237915
    ]
  },
  {
    "timestamp" : 239745238283,
    "userAcceleration" : [
      0.007380694150924683,
      -0.0005634427070617676,
      -0.06597155332565308
    ],
    "gravity" : [
      -0.06853795051574707,
      -0.7662365436553955,
      -0.6388928890228271
    ],
    "rotationMatrix" : [
      -0.9777317047119141,
      0.1789119392633438,
      -0.1096852570772171,
      -0.19835041463375092,
      -0.6171481609344482,
      0.7614361643791199,
      0.06853795051574707,
      0.7662364840507507,
      0.6388928890228271
    ]
  },
  {
    "timestamp" : 239745248303,
    "userAcceleration" : [
      0.002529323101043701,
      0.005509734153747559,
      -0.09926038980484009
    ],
    "gravity" : [
      -0.0694696456193924,
      -0.7666943669319153,
      -0.6382425427436829
    ],
    "rotationMatrix" : [
      -0.9781462550163269,
      0.1780315637588501,
      -0.10739544034004211,
      -0.19596680998802185,
      -0.6168336868286133,
      0.7623072862625122,
      0.0694696456193924,
      0.7666943073272705,
      0.6382425427436829
    ]
  },
  {
    "timestamp" : 239745258322,
    "userAcceleration" : [
      5.8107078075408936e-05,
      0.036074161529541016,
      -0.11098408699035645
    ],
    "gravity" : [
      -0.0705384761095047,
      -0.767488956451416,
      -0.6371694803237915
    ],
    "rotationMatrix" : [
      -0.9784608483314514,
      0.17746953666210175,
      -0.10544569790363312,
      -0.19400657713413239,
      -0.616007387638092,
      0.7634763717651367,
      0.0705384761095047,
      0.767488956451416,
      0.6371694803237915
    ]
  },
  {
    "timestamp" : 239745268342,
    "userAcceleration" : [
      -0.0015739873051643372,
      0.03670358657836914,
      -0.09551262855529785
    ],
    "gravity" : [
      -0.07169874012470245,
      -0.7685456275939941,
      -0.6357647776603699
    ],
    "rotationMatrix" : [
      -0.9787200689315796,
      0.17707692086696625,
      -0.10368411242961884,
      -0.19226522743701935,
      -0.6148016452789307,
      0.7648873329162598,
      0.07169874012470245,
      0.7685456275939941,
      0.6357647180557251
    ]
  },
  {
    "timestamp" : 239745278362,
    "userAcceleration" : [
      0.000534355640411377,
      0.01424473524093628,
      -0.07785767316818237
    ],
    "gravity" : [
      -0.07308991253376007,
      -0.7698752284049988,
      -0.6339952945709229
    ],
    "rotationMatrix" : [
      -0.9789819717407227,
      0.17674438655376434,
      -0.10176323354244232,
      -0.1904001086950302,
      -0.6132321357727051,
      0.7666122317314148,
      0.07308991253376007,
      0.7698752284049988,
      0.6339952945709229
    ]
  },
  {
    "timestamp" : 239745288381,
    "userAcceleration" : [
      0.004278890788555145,
      -0.004483520984649658,
      -0.08097255229949951
    ],
    "gravity" : [
      -0.07443882524967194,
      -0.7715021371841431,
      -0.6318569183349609
    ],
    "rotationMatrix" : [
      -0.9792554378509521,
      0.17629502713680267,
      -0.09989188611507416,
      -0.18846003711223602,
      -0.6113134026527405,
      0.7686210870742798,
      0.07443882524967194,
      0.7715021371841431,
      0.6318569183349609
    ]
  },
  {
    "timestamp" : 239745298401,
    "userAcceleration" : [
      -0.010909095406532288,
      -0.003454864025115967,
      -0.06916719675064087
    ],
    "gravity" : [
      -0.0755624771118164,
      -0.7732784748077393,
      -0.6295478940010071
    ],
    "rotationMatrix" : [
      -0.9796006679534912,
      0.17546533048152924,
      -0.09794731438159943,
      -0.18620438873767853,
      -0.6093041896820068,
      0.7707630395889282,
      0.0755624771118164,
      0.7732784748077393,
      0.6295478343963623
    ]
  },
  {
    "timestamp" : 239745308421,
    "userAcceleration" : [
      -0.01882396638393402,
      -0.0054177045822143555,
      -0.04690819978713989
    ],
    "gravity" : [
      -0.07648243755102158,
      -0.7749624848365784,
      -0.6273623108863831
    ],
    "rotationMatrix" : [
      -0.9799399375915527,
      0.17455726861953735,
      -0.09615996479988098,
      -0.18403100967407227,
      -0.6074227094650269,
      0.7727675437927246,
      0.07648244500160217,
      0.7749624252319336,
      0.6273623108863831
    ]
  },
  {
    "timestamp" : 239745318441,
    "userAcceleration" : [
      -0.026114769279956818,
      -0.010631024837493896,
      -0.04111140966415405
    ],
    "gravity" : [
      -0.07744663953781128,
      -0.776371419429779,
      -0.6254992485046387
    ],
    "rotationMatrix" : [
      -0.9803043603897095,
      0.1736201047897339,
      -0.09412068873643875,
      -0.1816718578338623,
      -0.605890154838562,
      0.7745268940925598,
      0.07744664698839188,
      0.776371419429779,
      0.6254991888999939
    ]
  },
  {
    "timestamp" : 239745328460,
    "userAcceleration" : [
      -0.08910766988992691,
      -0.031201064586639404,
      -0.08366090059280396
    ],
    "gravity" : [
      -0.07825075089931488,
      -0.7774385213851929,
      -0.6240721940994263
    ],
    "rotationMatrix" : [
      -0.9806234836578369,
      0.1727946251630783,
      -0.09230127930641174,
      -0.17959488928318024,
      -0.6047571897506714,
      0.7758958339691162,
      0.07825075089931488,
      0.7774385213851929,
      0.6240721940994263
    ]
  },
  {
    "timestamp" : 239745338480,
    "userAcceleration" : [
      -0.08911579102277756,
      -0.030466854572296143,
      -0.08457565307617188
    ],
    "gravity" : [
      -0.07824263721704483,
      -0.7781727313995361,
      -0.6231575012207031
    ],
    "rotationMatrix" : [
      -0.9809181094169617,
      0.1716865450143814,
      -0.09123243391513824,
      -0.17798234522342682,
      -0.6041281819343567,
      0.776757001876831,
      0.07824264466762543,
      0.7781727313995361,
      0.6231575012207031
    ]
  },
  {
    "timestamp" : 239745348500,
    "userAcceleration" : [
      -0.06719549000263214,
      -0.006234705448150635,
      -0.09506094455718994
    ],
    "gravity" : [
      -0.07779354602098465,
      -0.7788910269737244,
      -0.6223157048225403
    ],
    "rotationMatrix" : [
      -0.9812244176864624,
      0.17031382024288177,
      -0.09050547331571579,
      -0.17648287117481232,
      -0.6035905480384827,
      0.7775164246559143,
      0.07779354602098465,
      0.7788910269737244,
      0.6223157048225403
    ]
  },
  {
    "timestamp" : 239745358519,
    "userAcceleration" : [
      -0.029260486364364624,
      0.013897538185119629,
      -0.12301361560821533
    ],
    "gravity" : [
      -0.07710855454206467,
      -0.7799803018569946,
      -0.6210353970527649
    ],
    "rotationMatrix" : [
      -0.9815824031829834,
      0.16858555376529694,
      -0.08985800296068192,
      -0.1747850626707077,
