[
  {
    "timestamp" : 239704531486,
    "userAcceleration" : [
      -0.08996802568435669,
      -0.026123404502868652,
      -0.06937390565872192
    ],
    "gravity" : [
      -0.006375851109623909,
      -0.8901515603065491,
      -0.4556199610233307
    ],
    "rotationMatrix" : [
      -0.6685763597488403,
      -0.3350255489349365,
      0.6639003157615662,
      0.7436162233352661,
      -0.3088497519493103,
      0.592998206615448,
      0.00637584924697876,
      0.8901515603065491,
      0.4556199908256531
    ]
  },
  {
    "timestamp" : 239704541506,
    "userAcceleration" : [
      -0.1196778193116188,
      -0.047522902488708496,
      -0.017886877059936523
    ],
    "gravity" : [
      -0.004208176862448454,
      -0.8891835808753967,
      -0.4575311839580536
    ],
    "rotationMatrix" : [
      -0.6747108697891235,
      -0.33517134189605713,
      0.6575906276702881,
      0.7380701303482056,
      -0.3114685118198395,
      0.5985313653945923,
      0.004208177328109741,
      0.8891836404800415,
      0.4575311839580536
    ]
  },
  {
    "timestamp" : 239704551525,
    "userAcceleration" : [
      -0.07818203419446945,
      -0.05519604682922363,
      0.03917020559310913
    ],
    "gravity" : [
      -0.002246930031105876,
      -0.8883463740348816,
      -0.45916831493377686
    ],
    "rotationMatrix" : [
      -0.6799753904342651,
      -0.33532100915908813,
      0.6520683169364929,
      0.7332313656806946,
      -0.3136882781982422,
      0.6033003330230713,
      0.0022469162940979004,
      0.8883464336395264,
      0.45916831493377686
    ]
  },
  {
    "timestamp" : 239704561544,
    "userAcceleration" : [
      -0.027553090825676918,
      -0.043704986572265625,
      0.07682299613952637
    ],
    "gravity" : [
      -0.000553492980543524,
      -0.8873557448387146,
      -0.46108508110046387
    ],
    "rotationMatrix" : [
      -0.6845602989196777,
      -0.3357744812965393,
      0.6470180153846741,
      0.7289558053016663,
      -0.31599855422973633,
      0.6072627902030945,
      0.0005534887313842773,
      0.8873557448387146,
      0.46108508110046387
    ]
  },
  {
    "timestamp" : 239704571563,
    "userAcceleration" : [
      0.010233531706035137,
      -0.02508831024169922,
      0.0995110273361206
    ],
    "gravity" : [
      0.0008749760454520583,
      -0.885891854763031,
      -0.4638909101486206
    ],
    "rotationMatrix" : [
      -0.6889169216156006,
      -0.3367806673049927,
      0.6418502926826477,
      0.724839448928833,
      -0.3190205991268158,
      0.6106007695198059,
      -0.0008749961853027344,
      0.885891854763031,
      0.4638909101486206
    ]
  },
  {
    "timestamp" : 239704581583,
    "userAcceleration" : [
      0.03415808454155922,
      -0.00109940767288208,
      0.10197299718856812
    ],
    "gravity" : [
      0.0017306901281699538,
      -0.8838797807693481,
      -0.46771085262298584
    ],
    "rotationMatrix" : [
      -0.6932870149612427,
      -0.3381216526031494,
      0.6364169120788574,
      0.7206592559814453,
      -0.32315632700920105,
      0.6133677959442139,
      -0.0017306804656982422,
      0.8838797807693481,
      0.46771085262298584
    ]
  },
  {
    "timestamp" : 239704591602,
    "userAcceleration" : [
      0.04457741230726242,
      0.007100820541381836,
      0.06817245483398438
    ],
    "gravity" : [
      0.00196198676712811,
      -0.8815819621086121,
      -0.4720267951488495
    ],
    "rotationMatrix" : [
      -0.6978102326393127,
      -0.339311420917511,
      0.6308155059814453,
      0.7162796854972839,
      -0.32814735174179077,
      0.615842878818512,
      -0.0019619762897491455,
      0.8815819621086121,
      0.4720268249511719
    ]
  },
  {
    "timestamp" : 239704601621,
    "userAcceleration" : [
      0.03172171488404274,
      0.004454076290130615,
      0.006959855556488037
    ],
    "gravity" : [
      0.0016646076692268252,
      -0.8793777823448181,
      -0.47612181305885315
    ],
    "rotationMatrix" : [
      -0.702234148979187,
      -0.34000104665756226,
      0.6255130767822266,
      0.7119441628456116,
      -0.33330774307250977,
      0.6180950403213501,
      -0.0016646087169647217,
      0.8793777227401733,
      0.47612181305885315
    ]
  },
  {
    "timestamp" : 239704611640,
    "userAcceleration" : [
      0.009426217526197433,
      -0.004286706447601318,
      -0.05089759826660156
    ],
    "gravity" : [
      0.0011177160777151585,
      -0.8775339126586914,
      -0.47951313853263855
    ],
    "rotationMatrix" : [
      -0.707103431224823,
      -0.339761883020401,
      0.6201338768005371,
      0.7071088552474976,
      -0.3383720815181732,
      0.620887279510498,
      -0.001117706298828125,
      0.8775339126586914,
      0.47951313853263855
    ]
  },
  {
    "timestamp" : 239704621659,
    "userAcceleration" : [
      -0.04987006261944771,
      -0.03406989574432373,
      -0.072756826877594
    ],
    "gravity" : [
      0.000553756661247462,
      -0.8761168122291565,
      -0.48209846019744873
    ],
    "rotationMatrix" : [
      -0.7123333215713501,
      -0.33870214223861694,
      0.6147047281265259,
      0.7018409371376038,
      -0.34307432174682617,
      0.6242748498916626,
      -0.0005537867546081543,
      0.8761167526245117,
      0.48209846019744873
    ]
  },
  {
    "timestamp" : 239704631679,
    "userAcceleration" : [
      -0.049372997134923935,
      -0.03504699468612671,
      -0.07098504900932312
    ],
    "gravity" : [
      5.6705608585616574e-05,
      -0.8751396536827087,
      -0.4838702082633972
    ],
    "rotationMatrix" : [
      -0.7180982828140259,
      -0.336780846118927,
      0.6090261936187744,
      0.6959412693977356,
      -0.34743162989616394,
      0.6284556984901428,
      -5.6684017181396484e-05,
      0.8751396536827087,
      0.4838702082633972
    ]
  },
  {
    "timestamp" : 239704641698,
    "userAcceleration" : [
      -0.048952531069517136,
      -0.03560441732406616,
      -0.06997838616371155
    ],
    "gravity" : [
      -0.0003637587942648679,
      -0.8745822310447693,
      -0.4848769009113312
    ],
    "rotationMatrix" : [
      -0.7233434319496155,
      -0.3345715403556824,
      0.6040162444114685,
      0.6904879212379456,
      -0.3509520888328552,
      0.6325019001960754,
      0.000363767147064209,
      0.8745822310447693,
      0.4848768711090088
    ]
  },
  {
    "timestamp" : 239704651717,
    "userAcceleration" : [
      -0.059282928705215454,
      -0.031881093978881836,
      -0.030015885829925537
    ],
    "gravity" : [
      -0.000836604624055326,
      -0.8742010593414307,
      -0.4855632781982422
    ],
    "rotationMatrix" : [
      -0.7285705208778381,
      -0.3320636749267578,
      0.5990979671478271,
      0.6849700212478638,
      -0.35426825284957886,
      0.6366394758224487,
      0.0008366107940673828,
      0.8742010593414307,
      0.4855632781982422
    ]
  },
  {
    "timestamp" : 239704661736,
    "userAcceleration" : [
      -0.07111948728561401,
      -0.02118152379989624,
      0.019164443016052246
    ],
    "gravity" : [
      -0.0013443947536870837,
      -0.8736395835876465,
      -0.48657160997390747
    ],
    "rotationMatrix" : [
      -0.7335920929908752,
      -0.32980746030807495,
      0.5941964387893677,
      0.6795884966850281,
      -0.35774385929107666,
      0.6404518485069275,
      0.0013444125652313232,
      0.8736396431922913,
      0.48657160997390747
    ]
  },
  {
    "timestamp" : 239704671756,
    "userAcceleration" : [
      -0.07307980954647064,
      -0.01722663640975952,
      0.062202274799346924
    ],
    "gravity" : [
      -0.0019628130830824375,
      -0.8726201057434082,
      -0.48839548230171204
    ],
    "rotationMatrix" : [
      -0.7385684251785278,
      -0.3280002474784851,
      0.589009165763855,
      0.6741750836372375,
      -0.3618694245815277,
      0.6438461542129517,
      0.001962810754776001,
      0.8726201057434082,
      0.48839545249938965
    ]
  },
  {
    "timestamp" : 239704681775,
    "userAcceleration" : [
      -0.08685893565416336,
      -0.022858917713165283,
      0.09273272752761841
    ],
    "gravity" : [
      -0.0024964474141597748,
      -0.8710771799087524,
      -0.49113965034484863
    ],
    "rotationMatrix" : [
      -0.7431570887565613,
      -0.3270133137702942,
      0.5837630033493042,
      0.6691119074821472,
      -0.36645108461380005,
      0.6465311050415039,
      0.0024964511394500732,
      0.8710771799087524,
      0.49113965034484863
    ]
  },
  {
    "timestamp" : 239704691794,
    "userAcceleration" : [
      -0.10470861941576004,
      -0.0496058464050293,
      0.10262015461921692
    ],
    "gravity" : [
      -0.0026826418470591307,
      -0.8690799474716187,
      -0.49466416239738464
    ],
    "rotationMatrix" : [
      -0.7456917762756348,
      -0.3278511166572571,
      0.5800489187240601,
      0.6662851572036743,
      -0.3704228699207306,
      0.6471865773200989,
      0.0026826560497283936,
      0.8690800070762634,
      0.49466413259506226
    ]
  },
  {
    "timestamp" : 239704701813,
    "userAcceleration" : [
      -0.10832656919956207,
      -0.06574487686157227,
      0.09137356281280518
    ],
    "gravity" : [
      -0.0022232576739042997,
      -0.866750180721283,
      -0.4987374246120453
    ],
    "rotationMatrix" : [
      -0.7486125230789185,
      -0.32922375202178955,
      0.5754916071891785,
      0.6630037426948547,
      -0.37464046478271484,
      0.6481282711029053,
      0.0022232532501220703,
      0.8667502403259277,
      0.4987374246120453
    ]
  },
  {
    "timestamp" : 239704711833,
    "userAcceleration" : [
      -0.08277375996112823,
      -0.04960167407989502,
      0.0598069429397583
    ],
    "gravity" : [
      -0.0012868185294792056,
      -0.8641708493232727,
      -0.5031968355178833
    ],
    "rotationMatrix" : [
      -0.7515856027603149,
      -0.3310904800891876,
      0.5705241560935974,
      0.659633994102478,
      -0.37892958521842957,
      0.6490724086761475,
      0.0012868046760559082,
      0.8641707897186279,
      0.5031968355178833
    ]
  },
  {
    "timestamp" : 239704721852,
    "userAcceleration" : [
      0.012562990188598633,
      0.03015732765197754,
      -0.012104034423828125
    ],
    "gravity" : [
      -0.00023378533660434186,
      -0.8613798022270203,
      -0.5079612731933594
    ],
    "rotationMatrix" : [
      -0.7547848224639893,
      -0.3330564796924591,
      0.5651309490203857,
      0.6559722423553467,
      -0.3835335075855255,
      0.6500786542892456,
      0.00023376941680908203,
      0.861379861831665,
      0.5079612731933594
    ]
  },
  {
    "timestamp" : 239704731871,
    "userAcceleration" : [
      0.043202925473451614,
      0.059534430503845215,
      -0.08140504360198975
    ],
    "gravity" : [
      0.000635685573797673,
      -0.8585609197616577,
      -0.5127111077308655
    ],
    "rotationMatrix" : [
      -0.7584351897239685,
      -0.33457261323928833,
      0.5593185424804688,
      0.6517481207847595,
      -0.3885025978088379,
      0.6513755321502686,
      -0.000635683536529541,
      0.8585609197616577,
      0.5127111077308655
    ]
  },
  {
    "timestamp" : 239704741890,
    "userAcceleration" : [
      0.04281003400683403,
      0.05698537826538086,
      -0.07716113328933716
    ],
    "gravity" : [
      0.0010285581229254603,
      -0.8560119271278381,
      -0.5169550776481628
    ],
    "rotationMatrix" : [
      -0.7627681493759155,
      -0.33497196435928345,
      0.553153395652771,
      0.6466713547706604,
      -0.3937479555606842,
      0.6532831788063049,
      -0.0010285675525665283,
      0.8560119271278381,
      0.5169550776481628
    ]
  },
  {
    "timestamp" : 239704751910,
    "userAcceleration" : [
      0.04324943944811821,
      0.05501389503479004,
      -0.07390981912612915
    ],
    "gravity" : [
      0.0005891688051633537,
      -0.854040265083313,
      -0.5202063322067261
    ],
    "rotationMatrix" : [
      -0.7671368718147278,
      -0.3340892791748047,
      0.5476170778274536,
      0.6414824724197388,
      -0.3987465798854828,
      0.6553630232810974,
      -0.0005891919136047363,
      0.8540403246879578,
      0.5202063322067261
    ]
  },
  {
    "timestamp" : 239704761929,
    "userAcceleration" : [
      0.029357122257351875,
      0.04608434438705444,
      -0.07547277212142944
    ],
    "gravity" : [
      -0.000792563077993691,
      -0.852786123752594,
      -0.5222597718238831
    ],
    "rotationMatrix" : [
      -0.7716489434242249,
      -0.3316609859466553,
      0.5427327156066895,
      0.6360480785369873,
      -0.4034312963485718,
      0.6577886343002319,
      0.0007925629615783691,
      0.8527860641479492,
      0.5222597718238831
    ]
  },
  {
    "timestamp" : 239704771948,
    "userAcceleration" : [
      -8.943956345319748e-05,
      0.02020806074142456,
      -0.05590474605560303
    ],
    "gravity" : [
      -0.0027486032340675592,
      -0.8521324992179871,
      -0.523318886756897
    ],
    "rotationMatrix" : [
      -0.7759417295455933,
      -0.32829374074935913,
      0.538644015789032,
      0.6307983994483948,
      -0.40754538774490356,
      0.6603028774261475,
      0.0027486085891723633,
      0.8521324396133423,
      0.523318886756897
    ]
  },
  {
    "timestamp" : 239704781967,
    "userAcceleration" : [
      -0.033708762377500534,
      -0.015095174312591553,
      -0.027431964874267578
    ],
    "gravity" : [
      -0.004789064172655344,
      -0.851710855960846,
      -0.5239900946617126
    ],
    "rotationMatrix" : [
      -0.7798527479171753,
      -0.3248150646686554,
      0.535092830657959,
      0.6259442567825317,
      -0.41119760274887085,
      0.6626536846160889,
      0.004789084196090698,
      0.8517107963562012,
      0.5239900946617126
    ]
  },
  {
    "timestamp" : 239704791986,
    "userAcceleration" : [
      -0.04887905344367027,
      -0.02665632963180542,
      0.009367048740386963
    ],
    "gravity" : [
      -0.006693374365568161,
      -0.8510901927947998,
      -0.5249766707420349
    ],
    "rotationMatrix" : [
      -0.7836831212043762,
      -0.32162559032440186,
      0.5314102172851562,
      0.6211240291595459,
      -0.41497206687927246,
      0.6648326516151428,
      0.006693363189697266,
      0.851090133190155,
      0.5249766707420349
    ]
  },
  {
    "timestamp" : 239704802006,
    "userAcceleration" : [
      -0.045536138117313385,
      -0.023814678192138672,
      0.033956050872802734
    ],
    "gravity" : [
      -0.00841885432600975,
      -0.8499950766563416,
      -0.526723325252533
    ],
    "rotationMatrix" : [
      -0.7877250909805298,
      -0.3188311755657196,
      0.5271015167236328,
      0.6159695386886597,
      -0.419350802898407,
      0.6668782234191895,
      0.008418858051300049,
      0.8499951362609863,
      0.526723325252533
    ]
  },
  {
    "timestamp" : 239704812025,
    "userAcceleration" : [
      -0.04917920380830765,
      -0.02668553590774536,
      0.046706318855285645
    ],
    "gravity" : [
      -0.009902744553983212,
      -0.8484365344047546,
      -0.5292044281959534
    ],
    "rotationMatrix" : [
      -0.7915579080581665,
      -0.31673169136047363,
      0.5226058959960938,
      0.6110137701034546,
      -0.42407113313674927,
      0.6684501767158508,
      0.009902745485305786,
      0.8484365344047546,
      0.5292044281959534
    ]
  },
  {
    "timestamp" : 239704822044,
    "userAcceleration" : [
      -0.05373566225171089,
      -0.0273209810256958,
      0.04151582717895508
    ],
    "gravity" : [
      -0.011312459595501423,
      -0.8465955853462219,
      -0.5321163535118103
    ],
    "rotationMatrix" : [
      -0.7952356338500977,
      -0.3149903416633606,
      0.5180549621582031,
      0.6061946153640747,
      -0.4290182888507843,
      0.6696798801422119,
      0.01131245493888855,
      0.8465956449508667,
      0.5321163535118103
    ]
  },
  {
    "timestamp" : 239704832063,
    "userAcceleration" : [
      -0.04864354804158211,
      -0.021130383014678955,
      0.017743706703186035
    ],
    "gravity" : [
      -0.012711959891021252,
      -0.8446685075759888,
      -0.5351386070251465
    ],
    "rotationMatrix" : [
      -0.7988443970680237,
      -0.3133070468902588,
      0.5135034322738647,
      0.6014029383659363,
      -0.4340199828147888,
      0.6707762479782104,
      0.012711971998214722,
      0.8446685075759888,
      0.5351386070251465
    ]
  },
  {
    "timestamp" : 239704842083,
    "userAcceleration" : [
      -0.05347025394439697,
      -0.027684569358825684,
      -0.01613253355026245
    ],
    "gravity" : [
      -0.013912460766732693,
      -0.842875063419342,
      -0.5379292964935303
    ],
    "rotationMatrix" : [
      -0.8023219704627991,
      -0.31164997816085815,
      0.5090712308883667,
      0.5967290997505188,
      -0.4386748671531677,
      0.6719214916229248,
      0.013912469148635864,
      0.8428751230239868,
      0.5379292964935303
    ]
  },
  {
    "timestamp" : 239704852102,
    "userAcceleration" : [
      -0.05585397779941559,
      -0.038031160831451416,
      -0.038153767585754395
    ],
    "gravity" : [
      -0.01465678308159113,
      -0.8412717580795288,
      -0.5404137372970581
    ],
    "rotationMatrix" : [
      -0.8057307600975037,
      -0.31011098623275757,
      0.5046079158782959,
      0.5921006202697754,
      -0.4428238868713379,
      0.6732932925224304,
      0.01465676724910736,
      0.8412718176841736,
      0.5404136776924133
    ]
  },
  {
    "timestamp" : 239704862121,
    "userAcceleration" : [
      -0.044911064207553864,
      -0.04105740785598755,
      -0.04535585641860962
    ],
    "gravity" : [
      -0.014842267148196697,
      -0.8396950960159302,
      -0.5428550839424133
    ],
    "rotationMatrix" : [
      -0.809185266494751,
      -0.30883732438087463,
      0.4998377859592438,
      0.5873652696609497,
      -0.44668883085250854,
      0.6748853921890259,
      0.014842242002487183,
      0.8396950960159302,
      0.5428550243377686
    ]
  },
  {
    "timestamp" : 239704872140,
    "userAcceleration" : [
      -0.02056766487658024,
      -0.0253145694732666,
      -0.046453118324279785
    ],
    "gravity" : [
      -0.014573231339454651,
      -0.8379666209220886,
      -0.5455268025398254
    ],
    "rotationMatrix" : [
      -0.8128379583358765,
      -0.3078033924102783,
      0.4945213794708252,
      0.5823073983192444,
      -0.45063164830207825,
      0.6766454577445984,
      0.014573231339454651,
      0.8379666209220886,
      0.5455268025398254
    ]
  },
  {
    "timestamp" : 239704882160,
    "userAcceleration" : [
      0.013457558117806911,
      -0.003693222999572754,
      -0.036411285400390625
    ],
    "gravity" : [
      -0.014388262294232845,
      -0.8360742330551147,
      -0.5484275221824646
    ],
    "rotationMatrix" : [
      -0.8165578842163086,
      -0.30672913789749146,
      0.4890294671058655,
      0.5770837068557739,
      -0.45485901832580566,
      0.6782899498939514,
      0.014388248324394226,
      0.83607417345047,
      0.5484275817871094
    ]
  },
  {
    "timestamp" : 239704892179,
    "userAcceleration" : [
      0.04187694191932678,
      0.01060575246810913,
      -0.033793747425079346
    ],
    "gravity" : [
      -0.014731474220752716,
      -0.8342446088790894,
      -0.5511975884437561
    ],
    "rotationMatrix" : [
      -0.8202505111694336,
      -0.3051682412624359,
      0.48379844427108765,
      0.5718142986297607,
      -0.45924705266952515,
      0.679794192314148,
      0.014731451869010925,
      0.8342446088790894,
      0.5511975884437561
    ]
  },
  {
    "timestamp" : 239704902198,
    "userAcceleration" : [
      0.04330009967088699,
      0.013375520706176758,
      -0.055651724338531494
    ],
    "gravity" : [
      -0.015605311840772629,
      -0.8328182101249695,
      -0.553326427936554
    ],
    "rotationMatrix" : [
      -0.8240057229995728,
      -0.30274975299835205,
      0.4789116382598877,
      0.5663658380508423,
      -0.46341755986213684,
      0.6815227270126343,
      0.015605315566062927,
      0.8328181505203247,
      0.553326427936554
    ]
  },
  {
    "timestamp" : 239704912217,
    "userAcceleration" : [
      0.01674550585448742,
      0.005754828453063965,
      -0.07295626401901245
    ],
    "gravity" : [
      -0.01683696173131466,
      -0.8319723606109619,
      -0.5545613765716553
    ],
    "rotationMatrix" : [
      -0.8276147842407227,
      -0.2996246814727783,
      0.47463470697402954,
      0.5610433220863342,
      -0.46695446968078613,
      0.6835081577301025,
      0.016836971044540405,
      0.8319723606109619,
      0.5545613765716553
    ]
  },
  {
    "timestamp" : 239704922237,
    "userAcceleration" : [
      -0.009297264739871025,
      -0.01573854684829712,
      -0.06449013948440552
    ],
    "gravity" : [
      -0.018061650916934013,
      -0.8315819501876831,
      -0.5551081895828247
    ],
    "rotationMatrix" : [
      -0.8310812711715698,
      -0.2961745858192444,
      0.47072672843933105,
      0.5558568239212036,
      -0.46984195709228516,
      0.6857631206512451,
      0.018061652779579163,
      0.8315819501876831,
      0.5551081895828247
    ]
  },
  {
    "timestamp" : 239704932256,
    "userAcceleration" : [
      -0.024790335446596146,
      -0.042775630950927734,
      -0.04389601945877075
    ],
    "gravity" : [
      -0.018819190561771393,
      -0.831293523311615,
      -0.5555148720741272
    ],
    "rotationMatrix" : [
      -0.8345284461975098,
      -0.2929385006427765,
      0.46663573384284973,
      0.5506429672241211,
      -0.4723745882511139,
      0.6882253885269165,
      0.018819183111190796,
      0.8312935829162598,
      0.5555148720741272
    ]
  },
  {
    "timestamp" : 239704942275,
    "userAcceleration" : [
      -0.035347357392311096,
      -0.05316483974456787,
      -0.005752146244049072
    ],
    "gravity" : [
      -0.018958600237965584,
      -0.8307309746742249,
      -0.5563510060310364
    ],
    "rotationMatrix" : [
      -0.8379433155059814,
      -0.2903560996055603,
      0.46210774779319763,
      0.545427143573761,
      -0.4749513864517212,
      0.6906010508537292,
      0.018958598375320435,
      0.8307309746742249,
      0.5563510060310364
    ]
  },
  {
    "timestamp" : 239704952294,
    "userAcceleration" : [
      -0.022338971495628357,
      -0.056828320026397705,
      0.038924992084503174
    ],
    "gravity" : [
      -0.01872234418988228,
      -0.82966148853302,
      -0.5579526424407959
    ],
    "rotationMatrix" : [
      -0.8411835432052612,
      -0.288566529750824,
      0.4573175013065338,
      0.5404252409934998,
      -0.4779025614261627,
      0.6924951076507568,
      0.018722355365753174,
      0.82966148853302,
      0.5579526424407959
    ]
  },
  {
    "timestamp" : 239704962314,
    "userAcceleration" : [
      0.03184216842055321,
      -0.06400489807128906,
      0.04146146774291992
    ],
    "gravity" : [
      -0.01841435581445694,
      -0.8280086517333984,
      -0.5604128837585449
    ],
    "rotationMatrix" : [
      -0.8440570831298828,
      -0.2875738739967346,
      0.45262420177459717,
      0.5359368324279785,
      -0.4813551902770996,
      0.6935912370681763,
      0.018414363265037537,
      0.8280086517333984,
      0.5604128837585449
    ]
  },
  {
    "timestamp" : 239704972333,
    "userAcceleration" : [
      0.03150152042508125,
      -0.06613302230834961,
      0.04460412263870239
    ],
    "gravity" : [
      -0.018073705956339836,
      -0.8258804678916931,
      -0.5635554194450378
    ],
    "rotationMatrix" : [
      -0.846735954284668,
      -0.28710055351257324,
      0.4478963613510132,
      0.531705915927887,
      -0.4852777123451233,
      0.6941138505935669,
      0.01807369291782379,
      0.8258804082870483,
      0.5635554790496826
    ]
  },
  {
    "timestamp" : 239704982352,
    "userAcceleration" : [
      0.0437241792678833,
      -0.04947274923324585,
      -0.012342691421508789
    ],
    "gravity" : [
      -0.017570525407791138,
      -0.8235282897949219,
      -0.5670029520988464
    ],
    "rotationMatrix" : [
      -0.8494873046875,
      -0.2867864966392517,
      0.4428596794605255,
      0.5273162722587585,
      -0.4894430935382843,
      0.6945379376411438,
      0.017570525407791138,
      0.8235283493995667,
      0.5670030117034912
    ]
  },
  {
    "timestamp" : 239704992371,
    "userAcceleration" : [
      0.03948429226875305,
      -0.030671000480651855,
      -0.07719206809997559
    ],
    "gravity" : [
      -0.016809655353426933,
      -0.8212118744850159,
      -0.5703756213188171
    ],
    "rotationMatrix" : [
      -0.8526548147201538,
      -0.286162793636322,
      0.43713849782943726,
      0.5222036242485046,
      -0.49368157982826233,
      0.6954001784324646,
      0.016809657216072083,
      0.8212118744850159,
      0.5703756809234619
    ]
  },
  {
    "timestamp" : 239705002390,
    "userAcceleration" : [
      0.037948887795209885,
      -0.009529948234558105,
      -0.10888934135437012
    ],
    "gravity" : [
      -0.015777792781591415,
      -0.8192358613014221,
      -0.5732395052909851
    ],
    "rotationMatrix" : [
      -0.8562595844268799,
      -0.2849692702293396,
      0.4308268427848816,
      0.5163044929504395,
      -0.4976392388343811,
      0.6969824433326721,
      0.01577778160572052,
      0.8192358613014221,
      0.5732395052909851
    ]
  },
  {
    "timestamp" : 239705012410,
    "userAcceleration" : [
      0.05155343934893608,
      -0.001910388469696045,
      -0.13626772165298462
    ],
    "gravity" : [
      -0.014657611958682537,
      -0.8178680539131165,
      -0.5752190351486206
    ],
    "rotationMatrix" : [
      -0.8600972890853882,
      -0.28306519985198975,
      0.4243896007537842,
      0.5099191665649414,
      -0.500964879989624,
      0.6992971301078796,
      0.01465761661529541,
      0.8178680539131165,
      0.5752190351486206
    ]
  },
  {
    "timestamp" : 239705022429,
    "userAcceleration" : [
      0.0535159558057785,
      0.010644018650054932,
      -0.12656539678573608
    ],
    "gravity" : [
      -0.013858276419341564,
      -0.8172389268875122,
      -0.5761323571205139
    ],
    "rotationMatrix" : [
      -0.8638375997543335,
      -0.2803990840911865,
      0.4185224771499634,
      0.50357985496521,
      -0.5034847855567932,
      0.7020758390426636,
      0.013858288526535034,
      0.8172389268875122,
      0.5761323571205139
    ]
  },
  {
    "timestamp" : 239705032448,
    "userAcceleration" : [
      0.05819566175341606,
      0.02377241849899292,
      -0.09983175992965698
    ],
    "gravity" : [
      -0.013609400950372219,
      -0.8172752261161804,
      -0.5760867595672607
    ],
    "rotationMatrix" : [
      -0.8666964173316956,
      -0.27767711877822876,
      0.4144061207771301,
      0.4986500144004822,
      -0.5049321055412292,
      0.704550564289093,
      0.013609394431114197,
      0.8172752261161804,
      0.5760867595672607
    ]
  },
  {
    "userAcceleration" : [
      0.07587191462516785,
      0.03333812952041626,
      -0.07792901992797852
    ],
    "rotationMatrix" : [
      -0.8701626062393188,
      -0.2736629843711853,
      0.4097858965396881,
      0.49256861209869385,
      -0.5064563155174255,
      0.7077268362045288,
      0.013860136270523071,
      0.817685604095459,
      0.5754979848861694
    ],
    "timestamp" : 239705042467,
    "gravity" : [
      -0.013860139064490795,
      -0.817685604095459,
      -0.5754979848861694
    ]
  },
  {
    "userAcceleration" : [
      0.07835126668214798,
      0.054093778133392334,
      -0.039388954639434814
    ],
    "rotationMatrix" : [
      -0.873871922492981,
      -0.26920193433761597,
      0.4048176109790802,
      0.4859437346458435,
      -0.5082467794418335,
      0.7110155820846558,
      0.014340579509735107,
      0.8180555105209351,
      0.5749602913856506
    ],
    "timestamp" : 239705052487,
    "gravity" : [
      -0.014340581372380257,
      -0.8180555105209351,
      -0.5749602913856506
    ]
  },
  {
    "userAcceleration" : [
      0.027387000620365143,
      0.04913574457168579,
      -0.01657658815383911
    ],
    "rotationMatrix" : [
      -0.877791166305542,
      -0.2646718919277191,
      0.3992888331413269,
      0.4788149893283844,
      -0.5104972124099731,
      0.7142331004142761,
      0.014798417687416077,
      0.8181329369544983,
      0.5748387575149536
    ],
    "timestamp" : 239705062506,
    "gravity" : [
      -0.014798413962125778,
      -0.8181328773498535,
      -0.5748387575149536
    ]
  },
  {
    "userAcceleration" : [
      0.0278797410428524,
      0.04899334907531738,
      -0.016386985778808594
    ],
    "rotationMatrix" : [
      -0.8819946050643921,
      -0.2598734498023987,
      0.393129825592041,
      0.47101110219955444,
      -0.5131832957267761,
      0.7174895405769348,
      0.015291169285774231,
      0.8179904818534851,
      0.5750284194946289
    ],
    "timestamp" : 239705072525,
    "gravity" : [
      -0.015291182324290276,
      -0.8179904818534851,
      -0.5750283598899841
    ]
  },
  {
    "userAcceleration" : [
      0.028563417494297028,
      0.04888564348220825,
      -0.016252458095550537
    ],
    "rotationMatrix" : [
      -0.8857630491256714,
      -0.2552887201309204,
      0.38762277364730835,
      0.46386265754699707,
      -0.51565021276474,
      0.7203722596168518,
      0.01597486436367035,
      0.8178828358650208,
      0.5751628875732422
    ],
    "timestamp" : 239705082544,
    "gravity" : [
      -0.0159748587757349,
      -0.8178828954696655,
      -0.5751628875732422
    ]
  },
  {
    "userAcceleration" : [
      0.018519995734095573,
      0.02813553810119629,
      -0.012136876583099365
    ],
    "rotationMatrix" : [
      -0.8894677758216858,
      -0.2502758502960205,
      0.3823724687099457,
      0.45667970180511475,
      -0.5179783701896667,
      0.7232853770256042,
      0.017039835453033447,
      0.8179609179496765,
      0.5750212669372559
    ],
    "timestamp" : 239705092564,
    "gravity" : [
      -0.017039837315678596,
      -0.8179609775543213,
      -0.5750212669372559
    ]
  },
  {
    "userAcceleration" : [
      0.0163237564265728,
      0.022477149963378906,
      -0.003478825092315674
    ],
    "rotationMatrix" : [
      -0.8928040266036987,
      -0.2452600598335266,
      0.37781983613967896,
      0.45006680488586426,
      -0.5200558304786682,
      0.7259347438812256,
      0.01844465732574463,
      0.8181618452072144,
      0.574691891670227
    ],
    "timestamp" : 239705102583,
    "gravity" : [
      -0.018444664776325226,
      -0.8181619048118591,
      -0.574691891670227
    ]
  },
  {
    "userAcceleration" : [
      0.018485786393284798,
      0.02071624994277954,
      -0.0046446919441223145
    ],
    "rotationMatrix" : [
      -0.8960164785385132,
      -0.24032659828662872,
      0.3733596205711365,
      0.4435749053955078,
      -0.522148609161377,
      0.7284243106842041,
      0.01988951861858368,
      0.8182932138442993,
      0.5744568109512329
    ],
    "timestamp" : 239705112602,
    "gravity" : [
      -0.019889522343873978,
      -0.8182931542396545,
      -0.5744568109512329
    ]
  },
  {
    "userAcceleration" : [
      0.016544882208108902,
      0.01743495464324951,
      -0.013048231601715088
    ],
    "rotationMatrix" : [
      -0.8993364572525024,
      -0.23553764820098877,
      0.36839625239372253,
      0.4367488622665405,
      -0.5244941711425781,
      0.7308598756790161,
      0.021076679229736328,
      0.8181856870651245,
      0.5745676755905151
    ],
    "timestamp" : 239705122621,
    "gravity" : [
      -0.02107667736709118,
      -0.8181856274604797,
      -0.5745676755905151
    ]
  },
  {
    "userAcceleration" : [
      0.014755068346858025,
      0.017834186553955078,
      -0.01776409149169922
    ],
    "rotationMatrix" : [
      -0.902802586555481,
      -0.2308863401412964,
      0.362820565700531,
      0.4294924736022949,
      -0.5271937847137451,
      0.7332139611244202,
      0.021987661719322205,
      0.8177762627601624,
      0.5751160383224487
    ],
    "timestamp" : 239705132641,
    "gravity" : [
      -0.021987663581967354,
      -0.8177762627601624,
      -0.5751160383224487
    ]
  },
  {
    "userAcceleration" : [
      0.02145484648644924,
      0.00849384069442749,
      -0.021166682243347168
    ],
    "rotationMatrix" : [
      -0.9062168598175049,
      -0.2264922857284546,
      0.3570321798324585,
      0.4222027659416199,
      -0.5300887823104858,
      0.7353574633598328,
      0.02270600199699402,
      0.817133367061615,
      0.5760012269020081
    ],
    "timestamp" : 239705142660,
    "gravity" : [
      -0.02270599454641342,
      -0.817133367061615,
      -0.5760012269020081
    ]
  },
  {
    "userAcceleration" : [
      0.020374944433569908,
      -0.0026711225509643555,
      -0.03609955310821533
    ],
    "rotationMatrix" : [
      -0.9094587564468384,
      -0.2223861962556839,
      0.3513247072696686,
      0.41514384746551514,
      -0.5328946709632874,
      0.737345814704895,
      0.02324354648590088,
      0.8164359331130981,
      0.5769680142402649
    ],
    "timestamp" : 239705152679,
    "gravity" : [
      -0.02324354089796543,
      -0.8164359331130981,
      -0.5769680142402649
    ]
  },
  {
    "userAcceleration" : [
      0.012511739507317543,
      -0.0009262561798095703,
      -0.06902515888214111
    ],
    "rotationMatrix" : [
      -0.9127060770988464,
      -0.21825538575649261,
      0.3454449772834778,
      0.4079378843307495,
      -0.5354063510894775,
      0.7395449280738831,
      0.023543760180473328,
      0.8159071803092957,
      0.5777032971382141
    ],
    "timestamp" : 239705162698,
    "gravity" : [
      -0.023543767631053925,
      -0.8159072399139404,
      -0.5777032971382141
    ]
  },
  {
    "userAcceleration" : [
      0.008179154247045517,
      0.011940240859985352,
      -0.102816641330719
    ],
    "rotationMatrix" : [
      -0.9160261154174805,
      -0.21392720937728882,
      0.33930930495262146,
      0.40042102336883545,
      -0.5375387668609619,
      0.7421015501022339,
      0.02363625168800354,
      0.8156511783599854,
      0.5780609250068665
    ],
    "timestamp" : 239705172717,
    "gravity" : [
      -0.02363625355064869,
      -0.8156511187553406,
      -0.5780609250068665
    ]
  },
  {
    "userAcceleration" : [
      0.010725606232881546,
      0.020433485507965088,
      -0.10778427124023438
    ],
    "rotationMatrix" : [
      -0.9192361831665039,
      -0.2094736099243164,
      0.3333548307418823,
      0.3929898142814636,
      -0.5392529964447021,
      0.7448256015777588,
      0.023741304874420166,
      0.8156757354736328,
      0.5780220031738281
    ],
    "timestamp" : 239705182737,
    "gravity" : [
      -0.023741304874420166,
      -0.8156757354736328,
      -0.5780219435691833
    ]
  },
  {
    "userAcceleration" : [
      0.02261706069111824,
      0.01265650987625122,
      -0.09463727474212646
    ],
    "rotationMatrix" : [
      -0.9223880767822266,
      -0.2048584520816803,
      0.327464759349823,
      0.38552621006965637,
      -0.5406472086906433,
      0.7477098703384399,
      0.023868218064308167,
      0.815924882888794,
      0.5776649117469788
    ],
    "timestamp" : 239705192756,
    "gravity" : [
      -0.02386821061372757,
      -0.8159249424934387,
      -0.5776649117469788
    ]
  },
  {
    "userAcceleration" : [
      0.028619686141610146,
      0.00623852014541626,
      -0.0875747799873352
    ],
    "rotationMatrix" : [
      -0.9255115985870361,
      -0.20024755597114563,
      0.3214479088783264,
      0.37796929478645325,
      -0.5417655110359192,
      0.750752329826355,
      0.023813113570213318,
      0.8163275718688965,
      0.57709801197052
    ],
    "timestamp" : 239705202775,
    "gravity" : [
      -0.02381310984492302,
      -0.8163275718688965,
      -0.57709801197052
    ]
  },
  {
    "userAcceleration" : [
      0.031313180923461914,
      0.007593810558319092,
      -0.08073079586029053
    ],
    "rotationMatrix" : [
      -0.9286994934082031,
      -0.19573110342025757,
      0.3149697184562683,
      0.3700926899909973,
      -0.542820930480957,
      0.7539073824882507,
      0.023409083485603333,
      0.8167216181755066,
      0.5765567421913147
    ],
    "timestamp" : 239705212794,
    "gravity" : [
      -0.023409083485603333,
      -0.8167216181755066,
      -0.5765566825866699
    ]
  },
  {
    "userAcceleration" : [
      0.03792145103216171,
      0.00658947229385376,
      -0.06405985355377197
    ],
    "rotationMatrix" : [
      -0.9318834543228149,
      -0.19145384430885315,
      0.30811989307403564,
      0.3620443046092987,
      -0.5440653562545776,
      0.7569122910499573,
      0.022723644971847534,
      0.8169074654579163,
      0.5763208866119385
    ],
    "timestamp" : 239705222814,
    "gravity" : [
      -0.022723639383912086,
      -0.8169074058532715,
      -0.5763208866119385
    ]
  },
  {
    "userAcceleration" : [
      0.05280192196369171,
      -0.0003447532653808594,
      -0.05075556039810181
    ],
    "rotationMatrix" : [
      -0.9350196123123169,
      -0.1874217391014099,
      0.301016241312027,
      0.3539208173751831,
      -0.5455918908119202,
      0.7596505880355835,
      0.02185705304145813,
      0.8168244361877441,
      0.5764721035957336
    ],
    "timestamp" : 239705232833,
    "gravity" : [
      -0.021857047453522682,
      -0.8168243765830994,
      -0.5764721035957336
    ]
  },
  {
    "userAcceleration" : [
      0.06578190624713898,
      -0.0012940168380737305,
      -0.06319767236709595
    ],
    "rotationMatrix" : [
      -0.9381774663925171,
      -0.1834918111562729,
      0.2935182452201843,
      0.34552985429763794,
      -0.547295331954956,
      0.7622836232185364,
      0.02076844871044159,
      0.8165770173072815,
      0.5768626928329468
    ],
    "timestamp" : 239705242852,
    "gravity" : [
      -0.020768435671925545,
      -0.8165769577026367,
      -0.5768626928329468
    ]
  },
  {
    "userAcceleration" : [
      0.07203260064125061,
      0.009751677513122559,
      -0.09127485752105713
    ],
    "rotationMatrix" : [
      -0.9414300918579102,
      -0.17950019240379333,
      0.2854625880718231,
      0.3366500437259674,
      -0.5489834547042847,
      0.7650384902954102,
      0.019389718770980835,
      0.8163312673568726,
      0.5772584080696106
    ],
    "timestamp" : 239705252871,
    "gravity" : [
      -0.019389716908335686,
      -0.8163312673568726,
      -0.5772584080696106
    ]
  },
  {
    "userAcceleration" : [
      0.07128515839576721,
      0.021498560905456543,
      -0.11245739459991455
    ],
    "rotationMatrix" : [
      -0.9446940422058105,
      -0.1753881424665451,
      0.2771138548851013,
      0.3274684548377991,
      -0.5503824949264526,
      0.7680126428604126,
      0.017818301916122437,
      0.816283106803894,
      0.577377200126648
    ],
    "timestamp" : 239705262891,
    "gravity" : [
      -0.017818298190832138,
      -0.816283106803894,
      -0.5773771405220032
    ]
  },
  {
    "userAcceleration" : [
      0.06853319704532623,
      0.020649850368499756,
      -0.11349499225616455
    ],
    "rotationMatrix" : [
      -0.947919487953186,
      -0.17117542028427124,
      0.26860368251800537,
      0.3181039094924927,
      -0.5513826608657837,
      0.7712245583534241,
      0.016088709235191345,
      0.8165025115013123,
      0.5771177411079407
    ],
    "timestamp" : 239705272910,
    "gravity" : [
      -0.0160886999219656,
