[
  {
    "gravity" : [
      0.027401894330978394,
      -0.9994398355484009,
      0.01921202428638935
    ],
    "userAcceleration" : [
      -0.0466279461979866,
      -0.02981114387512207,
      0.02961587905883789
    ],
    "timestamp" : 239734597379,
    "rotationMatrix" : [
      0.9873168468475342,
      0.030066154897212982,
      0.15588945150375366,
      0.15637975931167603,
      -0.014696646481752396,
      -0.9875876307487488,
      -0.02740190178155899,
      0.9994397759437561,
      -0.019211983308196068
    ]
  },
  {
    "gravity" : [
      0.028512049466371536,
      -0.9993299245834351,
      0.022947581484913826
    ],
    "userAcceleration" : [
      -0.03128913789987564,
      -0.03634500503540039,
      0.05812215805053711
    ],
    "timestamp" : 239734607398,
    "rotationMatrix" : [
      0.9869588613510132,
      0.031782738864421844,
      0.15780386328697205,
      0.15842747688293457,
      -0.0181489959359169,
      -0.9872037172317505,
      -0.028512045741081238,
      0.9993299245834351,
      -0.02294757030904293
    ]
  },
  {
    "gravity" : [
      0.030045144259929657,
      -0.9992026090621948,
      0.02628922089934349
    ],
    "userAcceleration" : [
      -0.010681714862585068,
      -0.01900094747543335,
      0.10324239730834961
    ],
    "timestamp" : 239734617418,
    "rotationMatrix" : [
      0.9866945147514343,
      0.0338529497385025,
      0.15902173519134521,
      0.1597849279642105,
      -0.021161608397960663,
      -0.9869248867034912,
      -0.030045144259929657,
      0.9992026090621948,
      -0.026289232075214386
    ]
  },
  {
    "gravity" : [
      0.031575482338666916,
      -0.9990836977958679,
      0.02888573333621025
    ],
    "userAcceleration" : [
      0.029490213841199875,
      -0.003433823585510254,
      0.12509047985076904
    ],
    "timestamp" : 239734627438,
    "rotationMatrix" : [
      0.9865546822547913,
      0.035790011286735535,
      0.15946456789970398,
      0.16035230457782745,
      -0.023462267592549324,
      -0.9867808222770691,
      -0.031575486063957214,
      0.9990836977958679,
      -0.028885819017887115
    ]
  },
  {
    "gravity" : [
      0.032784707844257355,
      -0.998988151550293,
      0.030786307528614998
    ],
    "userAcceleration" : [
      0.03630711883306503,
      0.0013380050659179688,
      0.09512901306152344
    ],
    "timestamp" : 239734637457,
    "rotationMatrix" : [
      0.9860736131668091,
      0.03735516220331192,
      0.16205991804599762,
      0.1630459725856781,
      -0.025044502690434456,
      -0.9863005876541138,
      -0.03278471529483795,
      0.998988151550293,
      -0.030786331743001938
    ]
  },
  {
    "gravity" : [
      0.03384461998939514,
      -0.9989033937454224,
      0.032347582280635834
    ],
    "userAcceleration" : [
      0.01184021309018135,
      -0.008435964584350586,
      0.05725180730223656
    ],
    "timestamp" : 239734647477,
    "rotationMatrix" : [
      0.9860636591911316,
      0.03864973038434982,
      0.1618167757987976,
      0.16288956999778748,
      -0.026420094072818756,
      -0.9862903952598572,
      -0.03384461998939514,
      0.9989033341407776,
      -0.032347530126571655
    ]
  },
  {
    "gravity" : [
      0.034763939678668976,
      -0.9988245964050293,
      0.03377517685294151
    ],
    "userAcceleration" : [
      0.0030015744268894196,
      -0.014175832271575928,
      0.0088881254196167
    ],
    "timestamp" : 239734657496,
    "rotationMatrix" : [
      0.9861080050468445,
      0.03977478668093681,
      0.16127294301986694,
      0.16242678463459015,
      -0.027699464932084084,
      -0.9863316416740417,
      -0.034763939678668976,
      0.9988245368003845,
      -0.03377515450119972
    ]
  },
  {
    "gravity" : [
      0.03571784123778343,
      -0.9987329840660095,
      0.03544917330145836
    ],
    "userAcceleration" : [
      -0.016171302646398544,
      -0.02027946710586548,
      -0.03497647866606712
    ],
    "timestamp" : 239734667516,
    "rotationMatrix" : [
      0.986091136932373,
      0.04098290205001831,
      0.16107358038425446,
      0.16232231259346008,
      -0.029202979058027267,
      -0.9863055944442749,
      -0.03571784496307373,
      0.9987330436706543,
      -0.03544923663139343
    ]
  },
  {
    "gravity" : [
      0.0367000475525856,
      -0.9986175298690796,
      0.0376286618411541
    ],
    "userAcceleration" : [
      0.018796175718307495,
      0.00896310806274414,
      -0.0536658801138401
    ],
    "timestamp" : 239734677536,
    "rotationMatrix" : [
      0.9859887957572937,
      0.04231593385338783,
      0.1613549292087555,
      0.16272418200969696,
      -0.031179698184132576,
      -0.9861787557601929,
      -0.0367000550031662,
      0.9986175298690796,
      -0.0376286581158638
    ]
  },
  {
    "gravity" : [
      0.03749823197722435,
      -0.9984732270240784,
      0.04055943712592125
    ],
    "userAcceleration" : [
      0.01799800619482994,
      0.00881868600845337,
      -0.05659663304686546
    ],
    "timestamp" : 239734687555,
    "rotationMatrix" : [
      0.9858872294425964,
      0.0435914546251297,
      0.1616358757019043,
      0.1631571501493454,
      -0.033925946801900864,
      -0.986016571521759,
      -0.03749823570251465,
      0.9984732270240784,
      -0.04055941477417946
    ]
  },
  {
    "gravity" : [
      0.037961769849061966,
      -0.9982892274856567,
      0.04446826130151749
    ],
    "userAcceleration" : [
      0.027559489011764526,
      0.02303898334503174,
      -0.06917250156402588
    ],
    "timestamp" : 239734697575,
    "rotationMatrix" : [
      0.9858272075653076,
      0.0446908175945282,
      0.16170185804367065,
      0.16341255605220795,
      -0.03769957646727562,
      -0.9858372211456299,
      -0.037961769849061966,
      0.9982892274856567,
      -0.04446830973029137
    ]
  },
  {
    "gravity" : [
      0.03808937221765518,
      -0.9980536103248596,
      0.049375053495168686
    ],
    "userAcceleration" : [
      0.01853601634502411,
      0.03311842679977417,
      -0.06355082988739014
    ],
    "timestamp" : 239734707594,
    "rotationMatrix" : [
      0.9856845736503601,
      0.04564668983221054,
      0.16230300068855286,
      0.16424092650413513,
      -0.042486220598220825,
      -0.985504686832428,
      -0.038089364767074585,
      0.9980536103248596,
      -0.04937506839632988
    ]
  },
  {
    "gravity" : [
      0.03780980780720711,
      -0.9977751970291138,
      0.05490828678011894
    ],
    "userAcceleration" : [
      -0.0005020536482334137,
      0.03245854377746582,
      -0.03691840171813965
    ],
    "timestamp" : 239734717614,
    "rotationMatrix" : [
      0.9855202436447144,
      0.04632137343287468,
      0.16310787200927734,
      0.16528841853141785,
      -0.04794623702764511,
      -0.9850791096687317,
      -0.037809811532497406,
      0.9977752566337585,
      -0.05490837246179581
    ]
  },
  {
    "gravity" : [
      0.03726836293935776,
      -0.997444748878479,
      0.060948509722948074
    ],
    "userAcceleration" : [
      -0.021582305431365967,
      0.01117783784866333,
      -0.02374780923128128
    ],
    "timestamp" : 239734727634,
    "rotationMatrix" : [
      0.9852849841117859,
      0.04685788229107857,
      0.16437111794948578,
      0.16680707037448883,
      -0.05392586812376976,
      -0.9845136404037476,
      -0.03726835548877716,
      0.997444748878479,
      -0.06094857305288315
    ]
  },
  {
    "gravity" : [
      0.03680233284831047,
      -0.9970550537109375,
      0.06728070229291916
    ],
    "userAcceleration" : [
      -0.05158807709813118,
      -0.010253846645355225,
      0.025416135787963867
    ],
    "timestamp" : 239734737653,
    "rotationMatrix" : [
      0.9850305914878845,
      0.04753948375582695,
      0.16569460928440094,
      0.16840514540672302,
      -0.060175567865371704,
      -0.9838793277740479,
      -0.03680233657360077,
      0.9970550537109375,
      -0.06728066504001617
    ]
  },
  {
    "gravity" : [
      0.03727179393172264,
      -0.9965755343437195,
      0.0738099217414856
    ],
    "userAcceleration" : [
      -0.06872013211250305,
      -0.04747653007507324,
      0.10108613967895508
    ],
    "timestamp" : 239734747673,
    "rotationMatrix" : [
      0.9848815202713013,
      0.04913743957877159,
      0.16611400246620178,
      0.1691719889640808,
      -0.0665026381611824,
      -0.9833402633666992,
      -0.03727179020643234,
      0.9965754747390747,
      -0.0738098993897438
    ]
  },
  {
    "gravity" : [
      0.03836165368556976,
      -0.9960498809814453,
      0.0800817459821701
    ],
    "userAcceleration" : [
      -0.024094663560390472,
      -0.04307365417480469,
      0.13013827800750732
    ],
    "timestamp" : 239734757692,
    "rotationMatrix" : [
      0.9848511815071106,
      0.051248908042907715,
      0.165655255317688,
      0.16910497844219208,
      -0.07251386344432831,
      -0.9829269647598267,
      -0.038361646234989166,
      0.9960498809814453,
      -0.08008181303739548
    ]
  },
  {
    "gravity" : [
      0.0396319217979908,
      -0.9955605268478394,
      0.08537285774946213
    ],
    "userAcceleration" : [
      -0.010060366243124008,
      -0.01927107572555542,
      0.1428830623626709
    ],
    "timestamp" : 239734767712,
    "rotationMatrix" : [
      0.9849002361297607,
      0.053331486880779266,
      0.16470371186733246,
      0.1685255765914917,
      -0.07755622267723083,
      -0.9826413989067078,
      -0.0396319180727005,
      0.9955604672431946,
      -0.08537285774946213
    ]
  },
  {
    "gravity" : [
      0.0409543514251709,
      -0.9951466917991638,
      0.08947523683309555
    ],
    "userAcceleration" : [
      -0.0008084550499916077,
      -0.007966101169586182,
      0.12928974628448486
    ],
    "timestamp" : 239734777732,
    "rotationMatrix" : [
      0.9849404692649841,
      0.05526397004723549,
      0.1638236790895462,
      0.1679733395576477,
      -0.08141849935054779,
      -0.9824235439300537,
      -0.0409543551504612,
      0.9951467514038086,
      -0.08947524428367615
    ]
  },
  {
    "gravity" : [
      0.04221891984343529,
      -0.9948137402534485,
      0.09253634512424469
    ],
    "userAcceleration" : [
      0.0007345937192440033,
      0.005281388759613037,
      0.1055225133895874
    ],
    "timestamp" : 239734787751,
    "rotationMatrix" : [
      0.9850491881370544,
      0.056928932666778564,
      0.16259515285491943,
      0.16701990365982056,
      -0.08428826928138733,
      -0.9823439717292786,
      -0.04221891611814499,
      0.9948137402534485,
      -0.09253636002540588
    ]
  },
  {
    "gravity" : [
      0.043291110545396805,
      -0.9945321083068848,
      0.09503597021102905
    ],
    "userAcceleration" : [
      -0.0014514811336994171,
      0.01519244909286499,
      0.050196900963783264
    ],
    "timestamp" : 239734797771,
    "rotationMatrix" : [
      0.9851201176643372,
      0.058329999446868896,
      0.16166628897190094,
      0.16632576286792755,
      -0.08662305027246475,
      -0.9822587370872498,
      -0.043291106820106506,
      0.99453204870224,
      -0.09503588825464249
    ]
  },
  {
    "gravity" : [
      0.044033464044332504,
      -0.9942553639411926,
      0.09755571186542511
    ],
    "userAcceleration" : [
      -0.01449243351817131,
      0.020943045616149902,
      0.001397252082824707
    ],
    "timestamp" : 239734807790,
    "rotationMatrix" : [
      0.984993577003479,
      0.0595189668238163,
      0.16200345754623413,
      0.16687925159931183,
      -0.08895823359489441,
      -0.9819560050964355,
      -0.044033460319042206,
      0.9942554235458374,
      -0.09755577147006989
    ]
  },
  {
    "gravity" : [
      0.04454384744167328,
      -0.9939340949058533,
      0.10055314749479294
    ],
    "userAcceleration" : [
      -0.02324255183339119,
      0.019294142723083496,
      -0.019666537642478943
    ],
    "timestamp" : 239734817810,
    "rotationMatrix" : [
      0.9847053289413452,
      0.06065378710627556,
      0.1633295714855194,
      0.16843774914741516,
      -0.09173990041017532,
      -0.9814338684082031,
      -0.04454384744167328,
      0.9939340353012085,
      -0.10055315494537354
    ]
  },
  {
    "gravity" : [
      0.04489665478467941,
      -0.9935382008552551,
      0.10424099862575531
    ],
    "userAcceleration" : [
      -0.006337665021419525,
      0.012550652027130127,
      -0.007729396224021912
    ],
    "timestamp" : 239734827830,
    "rotationMatrix" : [
      0.984306275844574,
      0.06182107701897621,
      0.1652856320142746,
      0.17066188156604767,
      -0.09518429636955261,
      -0.9807214140892029,
      -0.04489665850996971,
      0.9935382008552551,
      -0.10424099862575531
    ]
  },
  {
    "gravity" : [
      0.04504060745239258,
      -0.9930715560913086,
      0.10853582620620728
    ],
    "userAcceleration" : [
      0.011172786355018616,
      0.021514058113098145,
      0.013961434364318848
    ],
    "timestamp" : 239734837849,
    "rotationMatrix" : [
      0.9839401245117188,
      0.06288442015647888,
      0.16705504059791565,
      0.17272284626960754,
      -0.09926843643188477,
      -0.97995525598526,
      -0.04504060372710228,
      0.9930714964866638,
      -0.1085357740521431
    ]
  },
  {
    "gravity" : [
      0.044881079345941544,
      -0.9925674200057983,
      0.11311714351177216
    ],
    "userAcceleration" : [
      0.016245651990175247,
      0.02767789363861084,
      0.03538109362125397
    ],
    "timestamp" : 239734847869,
    "rotationMatrix" : [
      0.9835771918296814,
      0.06371927261352539,
      0.16886615753173828,
      0.17481879889965057,
      -0.10368052870035172,
      -0.9791263937950134,
      -0.04488108679652214,
      0.9925673604011536,
      -0.11311712861061096
    ]
  },
  {
    "gravity" : [
      0.04456031695008278,
      -0.9920416474342346,
      0.11776166409254074
    ],
    "userAcceleration" : [
      0.012705951929092407,
      0.019568443298339844,
      0.06113208830356598
    ],
    "timestamp" : 239734857888,
    "rotationMatrix" : [
      0.9831454157829285,
      0.06446916610002518,
      0.17108139395713806,
      0.17731186747550964,
      -0.10815338045358658,
      -0.9781938791275024,
      -0.04456031322479248,
      0.9920415878295898,
      -0.11776164919137955
    ]
  },
  {
    "gravity" : [
      0.04427323490381241,
      -0.9915136694908142,
      0.12222985923290253
    ],
    "userAcceleration" : [
      0.011345066130161285,
      0.013227105140686035,
      0.0907214805483818
    ],
    "timestamp" : 239734867908,
    "rotationMatrix" : [
      0.9827392101287842,
      0.06522268801927567,
      0.1731175035238266,
      0.17962056398391724,
      -0.1124555841088295,
      -0.9772869944572449,
      -0.04427322745323181,
      0.9915136694908142,
      -0.12222985178232193
    ]
  },
  {
    "gravity" : [
      0.043846845626831055,
      -0.9910243153572083,
      0.126285582780838
    ],
    "userAcceleration" : [
      0.014594338834285736,
      0.027798056602478027,
      0.10419809818267822
    ],
    "timestamp" : 239734877928,
    "rotationMatrix" : [
      0.9823769927024841,
      0.06575936824083328,
      0.17496050894260406,
      0.18169459700584412,
      -0.11638859659433365,
      -0.9764426946640015,
      -0.043846845626831055,
      0.9910242557525635,
      -0.1262855976819992
    ]
  },
  {
    "gravity" : [
      0.043388042598962784,
      -0.9905620813369751,
      0.13001611828804016
    ],
    "userAcceleration" : [
      0.005745280534029007,
      0.009589791297912598,
      0.12234868109226227
    ],
    "timestamp" : 239734887947,
    "rotationMatrix" : [
      0.9822302460670471,
      0.06607961654663086,
      0.17566218972206116,
      0.18259572982788086,
      -0.12008415907621384,
      -0.9758270978927612,
      -0.04338804632425308,
      0.9905620813369751,
      -0.13001614809036255
    ]
  },
  {
    "gravity" : [
      0.04303208738565445,
      -0.9901515245437622,
      0.13322213292121887
    ],
    "userAcceleration" : [
      -0.008013144135475159,
      -0.014578640460968018,
      0.12469696998596191
    ],
    "timestamp" : 239734897967,
    "rotationMatrix" : [
      0.9823251962661743,
      0.06624677777290344,
      0.17506727576255798,
      0.18216867744922638,
      -0.12333397567272186,
      -0.9755014777183533,
      -0.043032094836235046,
      0.9901514649391174,
      -0.13322216272354126
    ]
  },
  {
    "gravity" : [
      0.042835164815187454,
      -0.9898022413253784,
      0.13585405051708221
    ],
    "userAcceleration" : [
      -0.026203054934740067,
      -0.01900196075439453,
      0.08223962783813477
    ],
    "timestamp" : 239734907986,
    "rotationMatrix" : [
      0.9824326634407043,
      0.06645131856203079,
      0.17438556253910065,
      0.18163493275642395,
      -0.1259976625442505,
      -0.9752605557441711,
      -0.042835161089897156,
      0.9898023009300232,
      -0.1358540952205658
    ]
  },
  {
    "gravity" : [
      0.04290225729346275,
      -0.9894830584526062,
      0.13813965022563934
    ],
    "userAcceleration" : [
      -0.04001832380890846,
      -0.014926731586456299,
      0.03565777838230133
    ],
    "timestamp" : 239734918006,
    "rotationMatrix" : [
      0.9825432300567627,
      0.0668390691280365,
      0.17361271381378174,
      0.18101997673511505,
      -0.12827979028224945,
      -0.9750774502754211,
      -0.04290226101875305,
      0.9894830584526062,
      -0.13813963532447815
    ]
  },
  {
    "gravity" : [
      0.043022364377975464,
      -0.9891605973243713,
      0.14039337635040283
    ],
    "userAcceleration" : [
      -0.039314448833465576,
      -0.008687913417816162,
      -0.00823734700679779
    ],
    "timestamp" : 239734928026,
    "rotationMatrix" : [
      0.9824446439743042,
      0.06741876155138016,
      0.17394617199897766,
      0.18152585625648499,
      -0.130445197224617,
      -0.9746959805488586,
      -0.04302235692739487,
      0.9891605973243713,
      -0.1403934359550476
    ]
  },
  {
    "gravity" : [
      0.04314620420336723,
      -0.988792896270752,
      0.14292339980602264
    ],
    "userAcceleration" : [
      -0.033945128321647644,
      -0.013785839080810547,
      -0.01560424268245697
    ],
    "timestamp" : 239734938045,
    "rotationMatrix" : [
      0.9821256399154663,
      0.06821274012327194,
      0.17543169856071472,
      0.18321478366851807,
      -0.13279950618743896,
      -0.9740619659423828,
      -0.043146200478076935,
      0.988792896270752,
      -0.14292337000370026
    ]
  },
  {
    "gravity" : [
      0.04347062483429909,
      -0.9883075952529907,
      0.14614439010620117
    ],
    "userAcceleration" : [
      -0.0452558808028698,
      -0.007572472095489502,
      -0.012706518173217773
    ],
    "timestamp" : 239734948065,
    "rotationMatrix" : [
      0.9817213416099548,
      0.06938774883747101,
      0.17722465097904205,
      0.18529312312602997,
      -0.13576897978782654,
      -0.9732589721679688,
      -0.04347062110900879,
      0.9883075952529907,
      -0.14614437520503998
    ]
  },
  {
    "gravity" : [
      0.04412146285176277,
      -0.9876710176467896,
      0.15019743144512177
    ],
    "userAcceleration" : [
      -0.017174407839775085,
      -0.006088137626647949,
      0.014688864350318909
    ],
    "timestamp" : 239734958084,
    "rotationMatrix" : [
      0.9812924265861511,
      0.07104744017124176,
      0.17893409729003906,
      0.18739916384220123,
      -0.13949282467365265,
      -0.9723288416862488,
      -0.04412146657705307,
      0.9876710772514343,
      -0.15019747614860535
    ]
  },
  {
    "gravity" : [
      0.04477924108505249,
      -0.9869088530540466,
      0.15493769943714142
    ],
    "userAcceleration" : [
      0.036840055137872696,
      0.005768775939941406,
      0.0373227596282959
    ],
    "timestamp" : 239734968104,
    "rotationMatrix" : [
      0.9810090065002441,
      0.07273983955383301,
      0.17980605363845825,
      0.18872234225273132,
      -0.14394375681877136,
      -0.9714236855506897,
      -0.04477924108505249,
      0.9869088530540466,
      -0.1549377590417862
    ]
  },
  {
    "gravity" : [
      0.045291900634765625,
      -0.9860882759094238,
      0.15993300080299377
    ],
    "userAcceleration" : [
      0.037151362746953964,
      0.022434711456298828,
      0.043878450989723206
    ],
    "timestamp" : 239734978124,
    "rotationMatrix" : [
      0.980911374092102,
      0.07420594990253448,
      0.17973951995372772,
      0.1891070157289505,
      -0.14873944222927094,
      -0.970626175403595,
      -0.045291900634765625,
      0.9860883355140686,
      -0.15993307530879974
    ]
  },
  {
    "gravity" : [
      0.04579811170697212,
      -0.9852041006088257,
      0.16515259444713593
    ],
    "userAcceleration" : [
      0.01857874169945717,
      0.019643127918243408,
      0.02188946306705475
    ],
    "timestamp" : 239734988143,
    "rotationMatrix" : [
      0.9808744788169861,
      0.07565924525260925,
      0.17933470010757446,
      0.18917661905288696,
      -0.1537807434797287,
      -0.9698265194892883,
      -0.04579811543226242,
      0.9852040410041809,
      -0.16515256464481354
    ]
  },
  {
    "gravity" : [
      0.04609197750687599,
      -0.9842677116394043,
      0.17056401073932648
    ],
    "userAcceleration" : [
      -0.006525915116071701,
      0.009185552597045898,
      -1.564621925354004e-06
    ],
    "timestamp" : 239734998163,
    "rotationMatrix" : [
      0.9807767271995544,
      0.07699930667877197,
      0.1792990267276764,
      0.18961161375045776,
      -0.15902093052864075,
      -0.9688959121704102,
      -0.04609197378158569,
      0.9842677116394043,
      -0.1705639809370041
    ]
  },
  {
    "gravity" : [
      0.04607485234737396,
      -0.9833213686943054,
      0.1759437471628189
    ],
    "userAcceleration" : [
      -0.03560730069875717,
      0.013808369636535645,
      0.0035299211740493774
    ],
    "timestamp" : 239735008182,
    "rotationMatrix" : [
      0.9803863763809204,
      0.07829900085926056,
      0.18086419999599457,
      0.19162385165691376,
      -0.16415955126285553,
      -0.9676424264907837,
      -0.04607485234737396,
      0.9833213090896606,
      -0.17594373226165771
    ]
  },
  {
    "gravity" : [
      0.04593576863408089,
      -0.9824182987213135,
      0.18095381557941437
    ],
    "userAcceleration" : [
      -0.0466681607067585,
      -0.005374729633331299,
      0.04605092108249664
    ],
    "timestamp" : 239735018202,
    "rotationMatrix" : [
      0.9797981977462769,
      0.07960562407970428,
      0.18346244096755981,
      0.19464178383350372,
      -0.1688707321882248,
      -0.9662284255027771,
      -0.045935772359371185,
      0.9824183583259583,
      -0.18095381557941437
    ]
  },
  {
    "gravity" : [
      0.046160388737916946,
      -0.9816231727600098,
      0.18516136705875397
    ],
    "userAcceleration" : [
      -0.033114105463027954,
      -0.03288775682449341,
      0.09598158299922943
    ],
    "timestamp" : 239735028222,
    "rotationMatrix" : [
      0.9791406989097595,
      0.08117792010307312,
      0.18626227974891663,
      0.1978704333305359,
      -0.17270112037658691,
      -0.9648943543434143,
      -0.04616038501262665,
      0.981623113155365,
      -0.18516141176223755
    ]
  },
  {
    "gravity" : [
      0.04691702127456665,
      -0.9809287190437317,
      0.18862010538578033
    ],
    "userAcceleration" : [
      -0.006771109998226166,
      -0.03945702314376831,
      0.0897456705570221
    ],
    "timestamp" : 239735038241,
    "rotationMatrix" : [
      0.9785244464874268,
      0.08307667821645737,
      0.18864816427230835,
      0.20072034001350403,
      -0.1757185459136963,
      -0.963760495185852,
      -0.04691702127456665,
      0.9809287786483765,
      -0.18862007558345795
    ]
  },
  {
    "gravity" : [
      0.04786369577050209,
      -0.9802883267402649,
      0.1916857808828354
    ],
    "userAcceleration" : [
      -0.010845854878425598,
      -0.003994941711425781,
      0.06281527876853943
    ],
    "timestamp" : 239735048261,
    "rotationMatrix" : [
      0.977949321269989,
      0.08504706621170044,
      0.19074106216430664,
      0.20328360795974731,
      -0.17832942306995392,
      -0.9627429842948914,
      -0.04786369949579239,
      0.9802883267402649,
      -0.19168581068515778
    ]
  },
  {
    "gravity" : [
      0.048613350838422775,
      -0.9796929955482483,
      0.19452106952667236
    ],
    "userAcceleration" : [
      0.02729916200041771,
      0.007753908634185791,
      0.030744224786758423
    ],
    "timestamp" : 239735058281,
    "rotationMatrix" : [
      0.9772388935089111,
      0.08691545575857162,
      0.1935195028781891,
      0.20649656653404236,
      -0.180685892701149,
      -0.9616193771362305,
      -0.04861334711313248,
      0.9796930551528931,
      -0.19452102482318878
    ]
  },
  {
    "gravity" : [
      0.048826687037944794,
      -0.9791387319564819,
      0.19723884761333466
    ],
    "userAcceleration" : [
      0.027329951524734497,
      0.03564208745956421,
      0.025539159774780273
    ],
    "timestamp" : 239735068300,
    "rotationMatrix" : [
      0.9764900207519531,
      0.08830691874027252,
      0.19664457440376282,
      0.20995987951755524,
      -0.1830003261566162,
      -0.9604309797286987,
      -0.048826687037944794,
      0.9791387319564819,
      -0.19723890721797943
    ]
  },
  {
    "gravity" : [
      0.04869171604514122,
      -0.9785719513893127,
      0.2000642567873001
    ],
    "userAcceleration" : [
      0.004149492830038071,
      0.044352710247039795,
      0.027566075325012207
    ],
    "timestamp" : 239735078320,
    "rotationMatrix" : [
      0.9757387638092041,
      0.08940903842449188,
      0.19984965026378632,
      0.21345485746860504,
      -0.18547937273979187,
      -0.9591841101646423,
      -0.04869171977043152,
      0.9785719513893127,
      -0.20006421208381653
    ]
  },
  {
    "gravity" : [
      0.048298146575689316,
      -0.9779105186462402,
      0.20336711406707764
    ],
    "userAcceleration" : [
      -0.018680810928344727,
      0.01451641321182251,
      0.04686152935028076
    ],
    "timestamp" : 239735088339,
    "rotationMatrix" : [
      0.9750211238861084,
      0.09035173058509827,
      0.20290488004684448,
      0.21679741144180298,
      -0.188487246632576,
      -0.9578471779823303,
      -0.04829814285039902,
      0.9779104590415955,
      -0.20336705446243286
    ]
  },
  {
    "gravity" : [
      0.04786773771047592,
      -0.9771090149879456,
      0.20728355646133423
    ],
    "userAcceleration" : [
      -0.018250402063131332,
      0.013714909553527832,
      0.042945027351379395
    ],
    "timestamp" : 239735098359,
    "rotationMatrix" : [
      0.9743722081184387,
      0.09134140610694885,
      0.20556139945983887,
      0.2197895050048828,
      -0.19213159382343292,
      -0.9564401507377625,
      -0.04786773771047592,
      0.9771090149879456,
      -0.20728357136249542
    ]
  },
  {
    "gravity" : [
      0.04759623855352402,
      -0.9761638045310974,
      0.21175062656402588
    ],
    "userAcceleration" : [
      -0.027408838272094727,
      0.007215619087219238,
      0.06496712565422058
    ],
    "timestamp" : 239735108379,
    "rotationMatrix" : [
      0.9739218354225159,
      0.09243329614400864,
      0.20720118284225464,
      0.2218351662158966,
      -0.1963665783405304,
      -0.9551067352294922,
      -0.04759623855352402,
      0.9761638641357422,
      -0.21175065636634827
    ]
  },
  {
    "gravity" : [
      0.04750720411539078,
      -0.9751508831977844,
      0.21638813614845276
    ],
    "userAcceleration" : [
      -0.03453719988465309,
      0.006736576557159424,
      0.08330956101417542
    ],
    "timestamp" : 239735118398,
    "rotationMatrix" : [
      0.9735038876533508,
      0.09371266514062881,
      0.20858605206012726,
      0.22368118166923523,
      -0.2007453739643097,
      -0.9537652134895325,
      -0.047507211565971375,
      0.9751508831977844,
      -0.21638815104961395
    ]
  },
  {
    "gravity" : [
      0.047496993094682693,
      -0.9741634726524353,
      0.2207922637462616
    ],
    "userAcceleration" : [
      -0.04140870273113251,
      0.011501848697662354,
      0.09849762916564941
    ],
    "timestamp" : 239735128418,
    "rotationMatrix" : [
      0.9730804562568665,
      0.09503138065338135,
      0.20996063947677612,
      0.22551822662353516,
      -0.2048761397600174,
      -0.9524531364440918,
      -0.04749699681997299,
      0.9741635322570801,
      -0.2207922786474228
    ]
  },
  {
    "gravity" : [
      0.04757309705018997,
      -0.9732885360717773,
      0.22460158169269562
    ],
    "userAcceleration" : [
      -0.05428694188594818,
      0.01683729887008667,
      0.1233900636434555
    ],
    "timestamp" : 239735138437,
    "rotationMatrix" : [
      0.9724913239479065,
      0.09646275639533997,
      0.21202722191810608,
      0.22802940011024475,
      -0.2083362489938736,
      -0.951103687286377,
      -0.047573089599609375,
      0.9732885360717773,
      -0.22460153698921204
    ]
  },
  {
    "gravity" : [
      0.04787177965044975,
      -0.9725635051727295,
      0.22765883803367615
    ],
    "userAcceleration" : [
      -0.06844058632850647,
      0.014128386974334717,
      0.14721885323524475
    ],
    "timestamp" : 239735148457,
    "rotationMatrix" : [
      0.9718204736709595,
      0.0980169028043747,
      0.2143772840499878,
      0.23080994188785553,
      -0.21098090708255768,
      -0.9498493671417236,
      -0.047871775925159454,
      0.9725635051727295,
      -0.22765883803367615
    ]
  },
  {
    "gravity" : [
      0.04865361750125885,
      -0.9719718098640442,
      0.23000769317150116
    ],
    "userAcceleration" : [
      -0.060387589037418365,
      0.002062201499938965,
      0.15520024299621582
    ],
    "timestamp" : 239735158477,
    "rotationMatrix" : [
      0.9711818695068359,
      0.09982907027006149,
      0.21642547845840454,
      0.2333209216594696,
      -0.21284939348697662,
      -0.9488183259963989,
      -0.04865362495183945,
      0.9719717502593994,
      -0.23000766336917877
    ]
  },
  {
    "gravity" : [
      0.049847476184368134,
      -0.9715068936347961,
      0.23170922696590424
    ],
    "userAcceleration" : [
      -0.033383216708898544,
      0.004633903503417969,
      0.14451119303703308
    ],
    "timestamp" : 239735168496,
    "rotationMatrix" : [
      0.9708683490753174,
      0.1015748456120491,
      0.2170189768075943,
      0.2343713343143463,
      -0.2141413539648056,
      -0.948268473148346,
      -0.04984746873378754,
      0.9715068936347961,
      -0.231709286570549
    ]
  },
  {
    "gravity" : [
      0.05118837580084801,
      -0.9711279273033142,
      0.23300288617610931
    ],
    "userAcceleration" : [
      -0.01873289793729782,
      0.017270445823669434,
      0.08996441960334778
    ],
    "timestamp" : 239735178516,
    "rotationMatrix" : [
      0.9707930088043213,
      0.10314337909221649,
      0.2166157066822052,
      0.23439426720142365,
      -0.21510936319828033,
      -0.9480440020561218,
      -0.051188379526138306,
      0.9711279273033142,
      -0.23300288617610931
    ]
  },
  {
    "gravity" : [
      0.05239683389663696,
      -0.9707365036010742,
      0.23436011373996735
    ],
    "userAcceleration" : [
      -0.02709774300456047,
      0.032809436321258545,
      0.0006706565618515015
    ],
    "timestamp" : 239735188535,
    "rotationMatrix" : [
      0.9707568883895874,
      0.10456841439008713,
      0.2160937488079071,
      0.23427683115005493,
      -0.2161840945482254,
      -0.9478282332420349,
      -0.05239683389663696,
      0.970736563205719,
      -0.23436015844345093
    ]
  },
  {
    "gravity" : [
      0.05345764756202698,
      -0.9702391624450684,
      0.23617413640022278
    ],
    "userAcceleration" : [
      -0.028158538043498993,
      0.032311856746673584,
      -0.0011433064937591553
    ],
    "timestamp" : 239735198555,
    "rotationMatrix" : [
      0.9707800149917603,
      0.10590466856956482,
      0.215337872505188,
      0.23394116759300232,
      -0.21776165068149567,
      -0.9475501775741577,
      -0.053457655012607574,
      0.9702391624450684,
      -0.2361741065979004
    ]
  },
  {
    "gravity" : [
      0.054526325315237045,
      -0.9695562720298767,
      0.23871943354606628
    ],
    "userAcceleration" : [
      -0.041373226791620255,
      0.02375572919845581,
      -0.014705464243888855
    ],
    "timestamp" : 239735208575,
    "rotationMatrix" : [
      0.9707338809967041,
      0.10747183859348297,
      0.21476846933364868,
      0.23388580977916718,
      -0.22002248466014862,
      -0.9470411539077759,
      -0.05452632158994675,
      0.9695562124252319,
      -0.2387194186449051
    ]
  },
  {
    "gravity" : [
      0.05578596144914627,
      -0.9687082171440125,
      0.2418520152568817
    ],
    "userAcceleration" : [
      -0.058120522648096085,
      0.02986544370651245,
      -0.00038151443004608154
    ],
    "timestamp" : 239735218594,
    "rotationMatrix" : [
      0.9706692695617676,
      0.10935436189174652,
      0.21410919725894928,
      0.2338569015264511,
      -0.2228139489889145,
      -0.946395754814148,
      -0.05578596889972687,
      0.9687081575393677,
      -0.24185192584991455
    ]
  },
  {
    "gravity" : [
      0.0574294850230217,
      -0.9676872491836548,
      0.24552510678768158
    ],
    "userAcceleration" : [
      -0.05617824196815491,
      0.024770677089691162,
      0.010288193821907043
    ],
    "timestamp" : 239735228614,
    "rotationMatrix" : [
      0.9705405831336975,
      0.11175647377967834,
      0.21345123648643494,
      0.23399314284324646,
      -0.22603365778923035,
      -0.9455978870391846,
      -0.057429492473602295,
      0.9676872491836548,
      -0.24552509188652039
    ]
  },
  {
    "gravity" : [
      0.05900896340608597,
      -0.96660977602005,
      0.24936655163764954
    ],
    "userAcceleration" : [
      -0.027682624757289886,
      0.04070627689361572,
      0.046775758266448975
    ],
    "timestamp" : 239735238634,
    "rotationMatrix" : [
      0.9703158736228943,
      0.1142275482416153,
      0.21316468715667725,
      0.23453156650066376,
      -0.22938567399978638,
      -0.9446572065353394,
      -0.05900896340608597,
      0.9666097164154053,
      -0.24936652183532715
    ]
  },
  {
    "gravity" : [
      0.06019708514213562,
      -0.9655929803848267,
      0.25299423933029175
    ],
    "userAcceleration" : [
      -0.01674003154039383,
      0.07260304689407349,
      0.06412884593009949
    ],
    "timestamp" : 239735248653,
    "rotationMatrix" : [
      0.9700326919555664,
      0.11636041104793549,
      0.21329987049102783,
      0.23539943993091583,
      -0.23257263004779816,
      -0.9436613321304321,
      -0.06019708514213562,
      0.9655929803848267,
      -0.25299423933029175
    ]
  },
  {
    "gravity" : [
      0.06102649122476578,
      -0.9647436738014221,
      0.2560169994831085
    ],
    "userAcceleration" : [
      0.0017176605761051178,
      0.077750563621521,
      0.08994513750076294
    ],
    "timestamp" : 239735258673,
    "rotationMatrix" : [
      0.9697869420051575,
      0.1180061548948288,
      0.21351301670074463,
      0.23619700968265533,
      -0.2352520078420639,
      -0.9427973628044128,
      -0.06102648377418518,
      0.9647436738014221,
      -0.2560170292854309
    ]
  },
  {
    "gravity" : [
      0.06129813939332962,
      -0.9641762375831604,
      0.25808262825012207
    ],
    "userAcceleration" : [
      0.004070553928613663,
      0.062320709228515625,
      0.09207585453987122
    ],
    "timestamp" : 239735268692,
    "rotationMatrix" : [
      0.9696479439735413,
      0.1188422292470932,
      0.21368052065372467,
      0.23669679462909698,
      -0.23715107142925262,
      -0.9421963691711426,
      -0.06129814684391022,
      0.9641762971878052,
      -0.25808262825012207
    ]
  },
  {
    "gravity" : [
      0.06107126176357269,
      -0.9638717174530029,
      0.25927025079727173
    ],
    "userAcceleration" : [
      -0.006444774568080902,
      0.05551624298095703,
      0.06777101755142212
    ],
    "timestamp" : 239735278712,
    "rotationMatrix" : [
      0.9696012735366821,
      0.11895234882831573,
      0.21383097767829895,
      0.23694650828838348,
      -0.23832976818084717,
      -0.9418357610702515,
      -0.061071254312992096,
      0.9638717174530029,
      -0.25927019119262695
    ]
  },
  {
    "gravity" : [
      0.060550279915332794,
      -0.9636701941490173,
      0.2601411044597626
    ],
    "userAcceleration" : [
      -0.01048615574836731,
      0.035661160945892334,
      0.029363662004470825
    ],
    "timestamp" : 239735288732,
    "rotationMatrix" : [
      0.9694854617118835,
      0.11880293488502502,
      0.21443836390972137,
      0.23755338788032532,
      -0.23921863734722137,
      -0.9414578080177307,
      -0.06055028736591339,
      0.9636701941490173,
      -0.2601410150527954
    ]
  },
  {
    "gravity" : [
      0.060009606182575226,
      -0.9634473323822021,
      0.26108941435813904
    ],
    "userAcceleration" : [
      -0.041470155119895935,
      0.029899537563323975,
      -0.006725698709487915
    ],
    "timestamp" : 239735298751,
    "rotationMatrix" : [
      0.9692015051841736,
      0.11882346868515015,
      0.2157067060470581,
      0.23884564638137817,
      -0.2401038408279419,
      -0.9409052133560181,
      -0.060009606182575226,
      0.9634473323822021,
      -0.2610894739627838
    ]
  },
  {
    "gravity" : [
      0.05947094410657883,
      -0.9631507992744446,
      0.2623046934604645
    ],
    "userAcceleration" : [
      -0.03203560784459114,
      0.034638166427612305,
      -0.010016053915023804
    ],
    "timestamp" : 239735308771,
    "rotationMatrix" : [
      0.9687126874923706,
      0.1191120445728302,
      0.21773378551006317,
      0.24095413088798523,
      -0.24114909768104553,
      -0.9401001334190369,
      -0.05947093665599823,
      0.9631507992744446,
      -0.26230472326278687
    ]
  },
  {
    "gravity" : [
      0.05883854627609253,
      -0.9627795219421387,
      0.2638053297996521
    ],
    "userAcceleration" : [
      -0.014938987791538239,
      0.0357930064201355,
      0.007877200841903687
    ],
    "timestamp" : 239735318790,
    "rotationMatrix" : [
      0.9682436585426331,
      0.11936391144990921,
      0.2196735441684723,
      0.24298608303070068,
      -0.2425026297569275,
      -0.9392284154891968,
      -0.058838553726673126,
      0.9627795219421387,
      -0.2638053894042969
    ]
  },
  {
    "gravity" : [
      0.058321110904216766,
      -0.9623435139656067,
      0.26550573110580444
    ],
    "userAcceleration" : [
      -0.014360509812831879,
      0.03125232458114624,
      0.030819624662399292
    ],
    "timestamp" : 239735328810,
    "rotationMatrix" : [
      0.9679210782051086,
      0.11961887776851654,
      0.22095263004302979,
      0.24439187347888947,
      -0.24410241842269897,
      -0.9384488463401794,
      -0.058321110904216766,
      0.9623435139656067,
      -0.26550576090812683
    ]
  },
  {
    "gravity" : [
      0.057993367314338684,
      -0.9618847370147705,
      0.2672337591648102
    ],
    "userAcceleration" : [
      -0.004572328180074692,
      0.02594137191772461,
      0.04088658094406128
    ],
    "timestamp" : 239735338831,
    "rotationMatrix" : [
      0.9676761627197266,
