[
  {
    "timestamp" : 235085631061,
    "gravity" : [
      0.011855294927954674,
      -0.8899449110031128,
      0.4559139907360077
    ],
    "rotationMatrix" : [
      0.3484259247779846,
      -0.423693984746933,
      -0.8361117243766785,
      -0.9372613430023193,
      -0.16876466572284698,
      -0.3050568997859955,
      -0.01185530424118042,
      0.8899449110031128,
      -0.4559139907360077
    ],
    "userAcceleration" : [
      -0.014632449485361576,
      -0.01824289560317993,
      0.019076824188232422
    ]
  },
  {
    "timestamp" : 235085641079,
    "gravity" : [
      0.011630627326667309,
      -0.8891961574554443,
      0.4573780298233032
    ],
    "rotationMatrix" : [
      0.34234464168548584,
      -0.4262250065803528,
      -0.8373364210128784,
      -0.9395024180412292,
      -0.16631954908370972,
      -0.2994542121887207,
      -0.011630624532699585,
      0.8891961574554443,
      -0.45737797021865845
    ],
    "userAcceleration" : [
      -0.02449384704232216,
      -0.013925671577453613,
      0.026584863662719727
    ]
  },
  {
    "timestamp" : 235085651096,
    "gravity" : [
      0.0113540543243289,
      -0.8885371088981628,
      0.4586637318134308
    ],
    "rotationMatrix" : [
      0.3379770517349243,
      -0.42828768491744995,
      -0.8380578756332397,
      -0.9410857558250427,
      -0.16453300416469574,
      -0.2954421937465668,
      -0.011354058980941772,
      0.8885370492935181,
      -0.4586637318134308
    ],
    "userAcceleration" : [
      -0.02549901232123375,
      -0.012158513069152832,
      0.027969419956207275
    ]
  },
  {
    "timestamp" : 235085661113,
    "gravity" : [
      0.011128501035273075,
      -0.8879537582397461,
      0.45979785919189453
    ],
    "rotationMatrix" : [
      0.33307161927223206,
      -0.43027594685554504,
      -0.8390028476715088,
      -0.942835807800293,
      -0.1624823808670044,
      -0.2909637689590454,
      -0.011128515005111694,
      0.8879537582397461,
      -0.45979782938957214
    ],
    "userAcceleration" : [
      -0.024602066725492477,
      -0.00810331106185913,
      0.026774287223815918
    ]
  },
  {
    "timestamp" : 235085671130,
    "gravity" : [
      0.010946528054773808,
      -0.8874180316925049,
      0.46083498001098633
    ],
    "rotationMatrix" : [
      0.32804983854293823,
      -0.4321686327457428,
      -0.8400079011917114,
      -0.9445968866348267,
      -0.1603718250989914,
      -0.28638651967048645,
      -0.010946482419967651,
      0.8874180316925049,
      -0.46083498001098633
    ],
    "userAcceleration" : [
      -0.01784355938434601,
      -0.008608341217041016,
      0.018672257661819458
    ]
  },
  {
    "timestamp" : 235085681147,
    "gravity" : [
      0.010855622589588165,
      -0.8868756890296936,
      0.4618803560733795
    ],
    "rotationMatrix" : [
      0.32278555631637573,
      -0.43407168984413147,
      -0.8410654664039612,
      -0.9464098215103149,
      -0.15821851789951324,
      -0.2815585434436798,
      -0.010855615139007568,
      0.8868757486343384,
      -0.4618803560733795
    ],
    "userAcceleration" : [
      -0.009757041931152344,
      -0.0002549886703491211,
      0.01286625862121582
    ]
  },
  {
    "timestamp" : 235085691165,
    "gravity" : [
      0.010948529466986656,
      -0.8862903714179993,
      0.4630005359649658
    ],
    "rotationMatrix" : [
      0.31735754013061523,
      -0.43600964546203613,
      -0.8421281576156616,
      -0.9482427835464478,
      -0.1561567783355713,
      -0.2764972746372223,
      -0.010948538780212402,
      0.886290431022644,
      -0.4630005359649658
    ],
    "userAcceleration" : [
      -0.013924049213528633,
      0.007551908493041992,
      0.010510146617889404
    ]
  },
  {
    "timestamp" : 235085701182,
    "gravity" : [
      0.011227802373468876,
      -0.8856692910194397,
      0.4641803205013275
    ],
    "rotationMatrix" : [
      0.31220224499702454,
      -0.43789857625961304,
      -0.8430743217468262,
      -0.9499492049217224,
      -0.1543838083744049,
      -0.2715911567211151,
      -0.011227816343307495,
      0.8856692314147949,
      -0.4641802906990051
    ],
    "userAcceleration" : [
      -0.014203320257365704,
      0.0069310665130615234,
      0.009330213069915771
    ]
  },
  {
    "timestamp" : 235085711199,
    "gravity" : [
      0.011583703570067883,
      -0.8850429654121399,
      0.4653651714324951
    ],
    "rotationMatrix" : [
      0.3068736791610718,
      -0.4397915005683899,
      -0.8440450429916382,
      -0.9516797661781311,
      -0.1525854468345642,
      -0.26650193333625793,
      -0.011583715677261353,
      0.8850430250167847,
      -0.46536511182785034
    ],
    "userAcceleration" : [
      -0.0030235880985856056,
      0.003298521041870117,
      0.013150393962860107
    ]
  },
  {
    "timestamp" : 235085721216,
    "gravity" : [
      0.011926709674298763,
      -0.8844419121742249,
      0.4664975702762604
    ],
    "rotationMatrix" : [
      0.3014821410179138,
      -0.4416402578353882,
      -0.8450220823287964,
      -0.9533971548080444,
      -0.15071888267993927,
      -0.2613760232925415,
      -0.011926740407943726,
      0.8844418525695801,
      -0.466497540473938
    ],
    "userAcceleration" : [
      0.003225209191441536,
      0.005520522594451904,
      0.013452261686325073
    ]
  },
  {
    "timestamp" : 235085731233,
    "gravity" : [
      0.01227650698274374,
      -0.8838576078414917,
      0.46759477257728577
    ],
    "rotationMatrix" : [
      0.2960265278816223,
      -0.44345489144325256,
      -0.8459999561309814,
      -0.9551007747650146,
      -0.14880628883838654,
      -0.25620123744010925,
      -0.012276500463485718,
      0.8838576078414917,
      -0.4675947427749634
    ],
    "userAcceleration" : [
      0.004309740848839283,
      0.00537872314453125,
      0.01420140266418457
    ]
  },
  {
    "timestamp" : 235085741250,
    "gravity" : [
      0.012660657986998558,
      -0.883303165435791,
      0.46863123774528503
    ],
    "rotationMatrix" : [
      0.2902100682258606,
      -0.4452493488788605,
      -0.8470720648765564,
      -0.9568792581558228,
      -0.14672595262527466,
      -0.250706285238266,
      -0.012660682201385498,
      0.883303165435791,
      -0.46863114833831787
    ],
    "userAcceleration" : [
      0.0028879866003990173,
      0.00485461950302124,
      0.019573628902435303
    ]
  },
  {
    "timestamp" : 235085751268,
    "gravity" : [
      0.013081299141049385,
      -0.8827947378158569,
      0.4695764482021332
    ],
    "rotationMatrix" : [
      0.28465980291366577,
      -0.4468967914581299,
      -0.8480871915817261,
      -0.9585392475128174,
      -0.1447635293006897,
      -0.24545013904571533,
      -0.013081282377243042,
      0.8827947378158569,
      -0.46957647800445557
    ],
    "userAcceleration" : [
      0.004817204549908638,
      0.007321774959564209,
      0.022473573684692383
    ]
  },
  {
    "timestamp" : 235085761285,
    "gravity" : [
      0.013539981096982956,
      -0.8823228478431702,
      0.4704499840736389
    ],
    "rotationMatrix" : [
      0.27923962473869324,
      -0.4484374523162842,
      -0.849075436592102,
      -0.9601260423660278,
      -0.14286479353904724,
      -0.24030771851539612,
      -0.013539940118789673,
      0.8823229074478149,
      -0.4704499840736389
    ],
    "userAcceleration" : [
      0.002512207254767418,
      0.00970315933227539,
      0.021813809871673584
    ]
  },
  {
    "timestamp" : 235085771302,
    "gravity" : [
      0.014019967056810856,
      -0.8818639516830444,
      0.47129520773887634
    ],
    "rotationMatrix" : [
      0.27412956953048706,
      -0.4498922824859619,
      -0.8499704599380493,
      -0.9615905284881592,
      -0.14111243188381195,
      -0.23543748259544373,
      -0.014019936323165894,
      0.8818639516830444,
      -0.47129517793655396
    ],
    "userAcceleration" : [
      -0.0008516889065504074,
      0.009809017181396484,
      0.01658916473388672
    ]
  },
  {
    "timestamp" : 235085781319,
    "gravity" : [
      0.014453928917646408,
      -0.8813926577568054,
      0.47216296195983887
    ],
    "rotationMatrix" : [
      0.2691774368286133,
      -0.4513497054576874,
      -0.8507801294326782,
      -0.9629820585250854,
      -0.1393926739692688,
      -0.2307271957397461,
      -0.014453917741775513,
      0.8813925981521606,
      -0.47216302156448364
    ],
    "userAcceleration" : [
      0.009181872010231018,
      0.008315324783325195,
      0.014149665832519531
    ]
  },
  {
    "timestamp" : 235085791336,
    "gravity" : [
      0.014813993126153946,
      -0.8808969259262085,
      0.47307589650154114
    ],
    "rotationMatrix" : [
      0.26407554745674133,
      -0.4528822600841522,
      -0.8515641689300537,
      -0.9643881320953369,
      -0.13754263520240784,
      -0.2259141504764557,
      -0.014814049005508423,
      0.8808969259262085,
      -0.473075807094574
    ],
    "userAcceleration" : [
      0.013613064773380756,
      0.013450086116790771,
      0.01634955406188965
    ]
  },
  {
    "timestamp" : 235085801354,
    "gravity" : [
      0.015119821764528751,
      -0.8803932070732117,
      0.47400325536727905
    ],
    "rotationMatrix" : [
      0.259176105260849,
      -0.45440438389778137,
      -0.8522583246231079,
      -0.9657117128372192,
      -0.13573625683784485,
      -0.22130629420280457,
      -0.015119820833206177,
      0.8803931474685669,
      -0.4740031957626343
    ],
    "userAcceleration" : [
      0.015107779763638973,
      0.014945268630981445,
      0.014399886131286621
    ]
  },
  {
    "timestamp" : 235085811371,
    "gravity" : [
      0.015330025926232338,
      -0.8798790574073792,
      0.47495028376579285
    ],
    "rotationMatrix" : [
      0.25417470932006836,
      -0.4559730887413025,
      -0.85292649269104,
      -0.967036783695221,
      -0.13379575312137604,
      -0.21665289998054504,
      -0.01533004641532898,
      0.8798791170120239,
      -0.47495031356811523
    ],
    "userAcceleration" : [
      0.016759153455495834,
      0.011226654052734375,
      0.02132648229598999
    ]
  },
  {
    "timestamp" : 235085821388,
    "gravity" : [
      0.015403610654175282,
      -0.8793949484825134,
      0.47584375739097595
    ],
    "rotationMatrix" : [
      0.24886830151081085,
      -0.4575515389442444,
      -0.8536458015441895,
      -0.968414843082428,
      -0.13157163560390472,
      -0.21180561184883118,
      -0.0154036283493042,
      0.8793950080871582,
      -0.47584372758865356
    ],
    "userAcceleration" : [
      0.017295919358730316,
      0.012573599815368652,
      0.034639060497283936
    ]
  },
  {
    "timestamp" : 235085831405,
    "gravity" : [
      0.015377206727862358,
      -0.8789708614349365,
      0.4766271710395813
    ],
    "rotationMatrix" : [
      0.24319222569465637,
      -0.4590814411640167,
      -0.854459822177887,
      -0.9698561429977417,
      -0.1290511190891266,
      -0.2066994607448578,
      -0.015377223491668701,
      0.8789708614349365,
      -0.4766271710395813
    ],
    "userAcceleration" : [
      0.007938159629702568,
      0.00716012716293335,
      0.05054861307144165
    ]
  },
  {
    "timestamp" : 235085841422,
    "gravity" : [
      0.015394877642393112,
      -0.8786458373069763,
      0.4772258400917053
    ],
    "rotationMatrix" : [
      0.23688003420829773,
      -0.46049022674560547,
      -0.8554744720458984,
      -0.9714169502258301,
      -0.12621518969535828,
      -0.201044499874115,
      -0.015394836664199829,
      0.8786458373069763,
      -0.4772258400917053
    ],
    "userAcceleration" : [
      -0.013853803277015686,
      4.482269287109375e-05,
      0.0632861852645874
    ]
  },
  {
    "timestamp" : 235085851440,
    "gravity" : [
      0.015540681779384613,
      -0.8784271478652954,
      0.4776231348514557
    ],
    "rotationMatrix" : [
      0.23041903972625732,
      -0.4616778492927551,
      -0.8565981984138489,
      -0.9729673266410828,
      -0.12336546182632446,
      -0.19523152709007263,
      -0.015540659427642822,
      0.8784271478652954,
      -0.4776231646537781
    ],
    "userAcceleration" : [
      -0.020560890436172485,
      -0.009618997573852539,
      0.0623394250869751
    ]
  },
  {
    "timestamp" : 235085861457,
    "gravity" : [
      0.015778444707393646,
      -0.8782575130462646,
      0.4779275953769684
    ],
    "rotationMatrix" : [
      0.22362671792507172,
      -0.46277928352355957,
      -0.857803225517273,
      -0.9745471477508545,
      -0.1204121857881546,
      -0.18909990787506104,
      -0.015778452157974243,
      0.8782575130462646,
      -0.47792762517929077
    ],
    "userAcceleration" : [
      -0.025940854102373123,
      -0.031013786792755127,
      0.01760154962539673
    ]
  },
  {
    "timestamp" : 235085871474,
    "gravity" : [
      0.01612643338739872,
      -0.8780434727668762,
      0.4783090353012085
    ],
    "rotationMatrix" : [
      0.21651776134967804,
      -0.46395403146743774,
      -0.8589916825294495,
      -0.9761454463005066,
      -0.11741481721401215,
      -0.18263009190559387,
      -0.01612645387649536,
      0.878043532371521,
      -0.4783089756965637
    ],
    "userAcceleration" : [
      -0.026288850232958794,
      -0.031227707862854004,
      0.017220020294189453
    ]
  },
  {
    "timestamp" : 235085881491,
    "gravity" : [
      0.01652647741138935,
      -0.8777125477790833,
      0.4789019227027893
    ],
    "rotationMatrix" : [
      0.2087782621383667,
      -0.46538031101226807,
      -0.8601350784301758,
      -0.9778231382369995,
      -0.11419904232025146,
      -0.1755560338497162,
      -0.016526490449905396,
      0.8777124881744385,
      -0.47890186309814453
    ],
    "userAcceleration" : [
      -0.026261646300554276,
      -0.03709745407104492,
      -0.005421936511993408
    ]
  },
  {
    "timestamp" : 235085891508,
    "gravity" : [
      0.016903383657336235,
      -0.8772300481796265,
      0.4797722101211548
    ],
    "rotationMatrix" : [
      0.2006361484527588,
      -0.46710506081581116,
      -0.8611375093460083,
      -0.9795199632644653,
      -0.11081564426422119,
      -0.16810834407806396,
      -0.01690337061882019,
      0.8772300481796265,
      -0.4797722101211548
    ],
    "userAcceleration" : [
      -0.03559546917676926,
      -0.041013240814208984,
      -0.019002705812454224
    ]
  },
  {
    "timestamp" : 235085901525,
    "gravity" : [
      0.017221830785274506,
      -0.8766188621520996,
      0.4808768332004547
    ],
    "rotationMatrix" : [
      0.19270747900009155,
      -0.4690205752849579,
      -0.8619067668914795,
      -0.9811049699783325,
      -0.10751205682754517,
      -0.1608535349369049,
      -0.017221838235855103,
      0.8766188621520996,
      -0.4808768033981323
    ],
    "userAcceleration" : [
      -0.03982016444206238,
      -0.045790135860443115,
      -0.022853970527648926
    ]
  },
  {
    "timestamp" : 235085911543,
    "gravity" : [
      0.017368335276842117,
      -0.8759272694587708,
      0.4821304678916931
    ],
    "rotationMatrix" : [
      0.1853531002998352,
      -0.4710243344306946,
      -0.8624269962310791,
      -0.9825184941291809,
      -0.10434329509735107,
      -0.15417489409446716,
      -0.017368316650390625,
      0.875927209854126,
      -0.4821304678916931
    ],
    "userAcceleration" : [
      -0.037921980023384094,
      -0.04758048057556152,
      -0.021025121212005615
    ]
  },
  {
    "timestamp" : 235085921560,
    "gravity" : [
      0.017292723059654236,
      -0.8752110600471497,
      0.483431339263916
    ],
    "rotationMatrix" : [
      0.17972947657108307,
      -0.472907155752182,
      -0.8625866174697876,
      -0.9835637807846069,
      -0.10180298984050751,
      -0.1491231620311737,
      -0.017292708158493042,
      0.8752110004425049,
      -0.48343127965927124
    ],
    "userAcceleration" : [
      -0.03618316724896431,
      -0.046419501304626465,
      -0.010164976119995117
    ]
  },
  {
    "timestamp" : 235085931577,
    "gravity" : [
      0.016918765380978584,
      -0.8745205998420715,
      0.48469308018684387
    ],
    "rotationMatrix" : [
      0.17337948083877563,
      -0.47485268115997314,
      -0.8628177046775818,
      -0.9847097396850586,
      -0.09863358736038208,
      -0.14358994364738464,
      -0.01691877841949463,
      0.8745205402374268,
      -0.4846930503845215
    ],
    "userAcceleration" : [
      -0.03144519776105881,
      -0.04335653781890869,
      -0.003446340560913086
    ]
  },
  {
    "timestamp" : 235085941594,
    "gravity" : [
      0.016329046338796616,
      -0.8739065527915955,
      0.4858194887638092
    ],
    "rotationMatrix" : [
      0.16672343015670776,
      -0.47670209407806396,
      -0.8631097078323364,
      -0.9858684539794922,
      -0.09509122371673584,
      -0.13791659474372864,
      -0.016329050064086914,
      0.8739066123962402,
      -0.4858195185661316
    ],
    "userAcceleration" : [
      -0.03338843584060669,
      -0.040979862213134766,
      0.003545045852661133
    ]
  },
  {
    "timestamp" : 235085951611,
    "gravity" : [
      0.015564817003905773,
      -0.8733684420585632,
      0.4868110716342926
    ],
    "rotationMatrix" : [
      0.1602185070514679,
      -0.47840046882629395,
      -0.8634018898010254,
      -0.9869587421417236,
      -0.09143474698066711,
      -0.13248354196548462,
      -0.015564799308776855,
      0.8733684420585632,
      -0.486811101436615
    ],
    "userAcceleration" : [
      -0.02813812345266342,
      -0.03312557935714722,
      -0.0018258392810821533
    ]
  },
  {
    "timestamp" : 235085961629,
    "gravity" : [
      0.014824344776570797,
      -0.8728588819503784,
      0.4877471923828125
    ],
    "rotationMatrix" : [
      0.15408730506896973,
      -0.47997963428497314,
      -0.8636413812637329,
      -0.9879459142684937,
      -0.0879584550857544,
      -0.12738105654716492,
      -0.014824360609054565,
      0.8728588819503784,
      -0.4877471923828125
    ],
    "userAcceleration" : [
      -0.011559022590517998,
      -0.02782154083251953,
      -0.03886428475379944
    ]
  },
  {
    "timestamp" : 235085971646,
    "gravity" : [
      0.014047312550246716,
      -0.8723022937774658,
      0.4887646436691284
    ],
    "rotationMatrix" : [
      0.14824895560741425,
      -0.4815937578678131,
      -0.8637647032737732,
      -0.9888502359390259,
      -0.08459223806858063,
      -0.12255269289016724,
      -0.01404726505279541,
      0.8723022937774658,
      -0.4887647032737732
    ],
    "userAcceleration" : [
      -0.010781998746097088,
      -0.028378069400787354,
      -0.039881765842437744
    ]
  },
  {
    "timestamp" : 235085981663,
    "gravity" : [
      0.013211948797106743,
      -0.87163245677948,
      0.48998206853866577
    ],
    "rotationMatrix" : [
      0.14223872125148773,
      -0.4834032654762268,
      -0.863764762878418,
      -0.989744246006012,
      -0.08110643923282623,
      -0.11759316921234131,
      -0.013211965560913086,
      0.87163245677948,
      -0.489982008934021
    ],
    "userAcceleration" : [
      -0.0004709158092737198,
      -0.02158665657043457,
      -0.05658674240112305
    ]
  },
  {
    "timestamp" : 235085991680,
    "gravity" : [
      0.012357143685221672,
      -0.8708490133285522,
      0.49139490723609924
    ],
    "rotationMatrix" : [
      0.1365220993757248,
      -0.4853612780570984,
      -0.8635890483856201,
      -0.9905598759651184,
      -0.07775761187076569,
      -0.11289235949516296,
      -0.012357145547866821,
      0.8708490133285522,
      -0.49139493703842163
    ],
    "userAcceleration" : [
      -0.002896759659051895,
      -0.010773122310638428,
      -0.06353861093521118
    ]
  },
  {
    "timestamp" : 235086001697,
    "gravity" : [
      0.011462102644145489,
      -0.8699876070022583,
      0.49293985962867737
    ],
    "rotationMatrix" : [
      0.13145296275615692,
      -0.48738300800323486,
      -0.863236665725708,
      -0.9912559986114502,
      -0.07469268143177032,
      -0.10877585411071777,
      -0.011462122201919556,
      0.8699876070022583,
      -0.492939829826355
    ],
    "userAcceleration" : [
      -0.005969001911580563,
      -0.010337471961975098,
      -0.0627032220363617
    ]
  },
  {
    "timestamp" : 235086011715,
    "gravity" : [
      0.010580197907984257,
      -0.869083046913147,
      0.49455252289772034
    ],
    "rotationMatrix" : [
      0.12666846811771393,
      -0.48943135142326355,
      -0.8627930283546448,
      -0.9918885231018066,
      -0.071772500872612,
      -0.10490700602531433,
      -0.010580182075500488,
      0.869083046913147,
      -0.4945525527000427
    ],
    "userAcceleration" : [
      -0.009145933203399181,
      -0.005962550640106201,
      -0.057571589946746826
    ]
  },
  {
    "timestamp" : 235086021732,
    "gravity" : [
      0.009740203619003296,
      -0.8681747913360596,
      0.49616268277168274
    ],
    "rotationMatrix" : [
      0.12175607681274414,
      -0.49146464467048645,
      -0.8623443841934204,
      -0.9925122261047363,
      -0.06881016492843628,
      -0.10091859102249146,
      -0.009740203619003296,
      0.8681748509407043,
      -0.4961627125740051
    ],
    "userAcceleration" : [
      0.0004220884293317795,
      -0.0002334117889404297,
      -0.05081981420516968
    ]
  },
  {
    "timestamp" : 235086031749,
    "gravity" : [
      0.009037257172167301,
      -0.8672747015953064,
      0.4977477788925171
    ],
    "rotationMatrix" : [
      0.11620330810546875,
      -0.49348485469818115,
      -0.8619567155838013,
      -0.9931843280792236,
      -0.06562966108322144,
      -0.09632045030593872,
      -0.009037226438522339,
      0.8672747015953064,
      -0.49774783849716187
    ],
    "userAcceleration" : [
      0.010936438106000423,
      0.004039287567138672,
      -0.03764963150024414
    ]
  },
  {
    "timestamp" : 235086041766,
    "gravity" : [
      0.008469334803521633,
      -0.8663966059684753,
      0.49928417801856995
    ],
    "rotationMatrix" : [
      0.11016862094402313,
      -0.4954543113708496,
      -0.8616191744804382,
      -0.9938766956329346,
      -0.062302544713020325,
      -0.0912533700466156,
      -0.008469343185424805,
      0.8663965463638306,
      -0.49928414821624756
    ],
    "userAcceleration" : [
      0.01739424653351307,
      0.008883416652679443,
      -0.028947442770004272
    ]
  },
  {
    "timestamp" : 235086051783,
    "gravity" : [
      0.008079595863819122,
      -0.8655348420143127,
      0.5007835030555725
    ],
    "rotationMatrix" : [
      0.10383178293704987,
      -0.49736666679382324,
      -0.8613044023513794,
      -0.994562029838562,
      -0.05895625054836273,
      -0.0858515202999115,
      -0.008079588413238525,
      0.865534782409668,
      -0.5007835626602173
    ],
    "userAcceleration" : [
      0.012519707903265953,
      0.007884025573730469,
      -0.02046746015548706
    ]
  },
  {
    "timestamp" : 235086061800,
    "gravity" : [
      0.007898982614278793,
      -0.8646731972694397,
      0.5022724866867065
    ],
    "rotationMatrix" : [
      0.09761841595172882,
      -0.4992223381996155,
      -0.8609573841094971,
      -0.9951924681663513,
      -0.055831655859947205,
      -0.0804646909236908,
      -0.007898956537246704,
      0.8646731376647949,
      -0.5022725462913513
    ],
    "userAcceleration" : [
      0.0004017399623990059,
      0.006732642650604248,
      -0.014967858791351318
    ]
  },
  {
    "timestamp" : 235086071818,
    "gravity" : [
      0.00795431062579155,
      -0.863791823387146,
      0.5037858486175537
    ],
    "rotationMatrix" : [
      0.09139150381088257,
      -0.5010653138160706,
      -0.8605701327323914,
      -0.9957831501960754,
      -0.05288684368133545,
      -0.07495751976966858,
      -0.007954299449920654,
      0.863791823387146,
      -0.5037857890129089
    ],
    "userAcceleration" : [
      -0.013218654319643974,
      0.0069651007652282715,
      -0.006700396537780762
    ]
  },
  {
    "timestamp" : 235086081835,
    "gravity" : [
      0.008234668523073196,
      -0.862915575504303,
      0.5052809715270996
    ],
    "rotationMatrix" : [
      0.08546024560928345,
      -0.502842128276825,
      -0.86014324426651,
      -0.9963075518608093,
      -0.05026441812515259,
      -0.06960421800613403,
      -0.008234679698944092,
      0.862915575504303,
      -0.5052809715270996
    ],
    "userAcceleration" : [
      -0.024470079690217972,
      0.004242420196533203,
      -0.0037246346473693848
    ]
  },
  {
    "timestamp" : 235086091852,
    "gravity" : [
      0.008712941780686378,
      -0.8620547652244568,
      0.5067402124404907
    ],
    "rotationMatrix" : [
      0.0795118510723114,
      -0.5045576095581055,
      -0.8597089648246765,
      -0.9967958927154541,
      -0.047782450914382935,
      -0.06414741277694702,
      -0.00871288776397705,
      0.8620547652244568,
      -0.5067402124404907
    ],
    "userAcceleration" : [
      -0.025528185069561005,
      0.0014590024948120117,
      -0.00036209821701049805
    ]
  },
  {
    "timestamp" : 235086101869,
    "gravity" : [
      0.009336811490356922,
      -0.8612072467803955,
      0.5081677436828613
    ],
    "rotationMatrix" : [
      0.07391239702701569,
      -0.5062054991722107,
      -0.8592395782470703,
      -0.9972209334373474,
      -0.04558233916759491,
      -0.058927446603775024,
      -0.00933682918548584,
      0.8612072467803955,
      -0.5081678032875061
    ],
    "userAcceleration" : [
      -0.02348177321255207,
      -0.0019365549087524414,
      -0.001393139362335205
    ]
  },
  {
    "timestamp" : 235086111886,
    "gravity" : [
      0.010058839805424213,
      -0.860365092754364,
      0.5095784068107605
    ],
    "rotationMatrix" : [
      0.06865903735160828,
      -0.5078074336051941,
      -0.8587299585342407,
      -0.9975892901420593,
      -0.04362478852272034,
      -0.05396375060081482,
      -0.010058850049972534,
      0.8603651523590088,
      -0.5095784664154053
    ],
    "userAcceleration" : [
      -0.020480656996369362,
      0.0017226934432983398,
      -0.0049552321434021
    ]
  },
  {
    "timestamp" : 235086121904,
    "gravity" : [
      0.010802539065480232,
      -0.8595337867736816,
      0.5109649300575256
    ],
    "rotationMatrix" : [
      0.06359712779521942,
      -0.5093695521354675,
      -0.8581947088241577,
      -0.9979172348976135,
      -0.041766658425331116,
      -0.049161434173583984,
      -0.010802537202835083,
      0.8595337867736816,
      -0.5109649300575256
    ],
    "userAcceleration" : [
      -0.022719714790582657,
      0.005896031856536865,
      -0.009576380252838135
    ]
  },
  {
    "timestamp" : 235086131921,
    "gravity" : [
      0.011536569334566593,
      -0.8587061166763306,
      0.5123385190963745
    ],
    "rotationMatrix" : [
      0.05878794193267822,
      -0.5109037756919861,
      -0.8576253652572632,
      -0.9982038140296936,
      -0.04001343250274658,
      -0.044587552547454834,
      -0.011536598205566406,
      0.8587061762809753,
      -0.5123385190963745
    ],
    "userAcceleration" : [
      -0.024628670886158943,
      0.008852601051330566,
      -0.010095536708831787
    ]
  },
  {
    "timestamp" : 235086141938,
    "gravity" : [
      0.012273022904992104,
      -0.8579089045524597,
      0.5136552453041077
    ],
    "rotationMatrix" : [
      0.054185062646865845,
      -0.5123685002326965,
      -0.8570544719696045,
      -0.9984554648399353,
      -0.038351088762283325,
      -0.040197521448135376,
      -0.012273043394088745,
      0.8579088449478149,
      -0.5136552453041077
    ],
    "userAcceleration" : [
      -0.027943860739469528,
      0.01710379123687744,
      -0.003019869327545166
    ]
  },
  {
    "timestamp" : 235086151955,
    "gravity" : [
      0.013029616326093674,
      -0.857161283493042,
      0.5148828625679016
    ],
    "rotationMatrix" : [
      0.049831852316856384,
      -0.5137301683425903,
      -0.8565031886100769,
      -0.9986724853515625,
      -0.036817267537117004,
      -0.036020129919052124,
      -0.013029634952545166,
      0.857161283493042,
      -0.5148828625679016
    ],
    "userAcceleration" : [
      -0.024931538850069046,
      0.02291768789291382,
      0.0009709000587463379
    ]
  },
  {
    "timestamp" : 235086161972,
    "gravity" : [
      0.01382376253604889,
      -0.8564967513084412,
      0.5159673094749451
    ],
    "rotationMatrix" : [
      0.04542393982410431,
      -0.5149459838867188,
      -0.8560183048248291,
      -0.9988721609115601,
      -0.03527061641216278,
      -0.031786948442459106,
      -0.013823747634887695,
      0.8564966917037964,
      -0.5159672498703003
    ],
    "userAcceleration" : [
      -0.016524625942111015,
      0.024862170219421387,
      0.005547583103179932
    ]
  },
  {
    "timestamp" : 235086171990,
    "gravity" : [
      0.01465351041406393,
      -0.8559107184410095,
      0.516916036605835
    ],
    "rotationMatrix" : [
      0.04102000594139099,
      -0.516021728515625,
      -0.8555927872657776,
      -0.9990508556365967,
      -0.03374132513999939,
      -0.02754795551300049,
      -0.014653503894805908,
      0.8559107184410095,
      -0.5169159770011902
    ],
    "userAcceleration" : [
      -0.010045417584478855,
      0.028319716453552246,
      0.005575358867645264
    ]
  },
  {
    "timestamp" : 235086182007,
    "gravity" : [
      0.015544477850198746,
      -0.8553633689880371,
      0.5177950859069824
    ],
    "rotationMatrix" : [
      0.036488041281700134,
      -0.5170274972915649,
      -0.855190634727478,
      -0.9992130994796753,
      -0.03218670189380646,
      -0.023173540830612183,
      -0.015544503927230835,
      0.8553633689880371,
      -0.5177950263023376
    ],
    "userAcceleration" : [
      -0.0006519602611660957,
      0.030091822147369385,
      0.0025142431259155273
    ]
  },
  {
    "timestamp" : 235086192024,
    "gravity" : [
      0.016586314886808395,
      -0.8547984957695007,
      0.5186942219734192
    ],
    "rotationMatrix" : [
      0.0317058265209198,
      -0.5180553197860718,
      -0.8547590374946594,
      -0.9993593692779541,
      -0.030622631311416626,
      -0.01850929856300354,
      -0.0165863037109375,
      0.8547985553741455,
      -0.518694281578064
    ],
    "userAcceleration" : [
      0.0007628630846738815,
      0.026002347469329834,
      0.0015691518783569336
    ]
  },
  {
    "timestamp" : 235086202041,
    "gravity" : [
      0.017853345721960068,
      -0.8541972041130066,
      0.5196418762207031
    ],
    "rotationMatrix" : [
      0.026499003171920776,
      -0.5191380977630615,
      -0.8542791604995728,
      -0.9994891881942749,
      -0.029021412134170532,
      -0.013366848230361938,
      -0.017853349447250366,
      0.8541972637176514,
      -0.5196418762207031
    ],
    "userAcceleration" : [
      0.00118955597281456,
      0.02665233612060547,
      -0.00021767616271972656
    ]
  },
  {
    "timestamp" : 235086212058,
    "gravity" : [
      0.01934131607413292,
      -0.8535823225975037,
      0.5205984711647034
    ],
    "rotationMatrix" : [
      0.020969614386558533,
      -0.5202350616455078,
      -0.8537654876708984,
      -0.9995929002761841,
      -0.02742953598499298,
      -0.007837176322937012,
      -0.019341349601745605,
      0.8535823822021484,
      -0.5205984711647034
    ],
    "userAcceleration" : [
      0.0023260992020368576,
      0.02797520160675049,
      -0.00176924467086792
    ]
  },
  {
    "timestamp" : 235086222076,
    "gravity" : [
      0.02106419950723648,
      -0.8529830574989319,
      0.5215129256248474
    ],
    "rotationMatrix" : [
      0.014847129583358765,
      -0.5213044881820679,
      -0.8532414436340332,
      -0.999667763710022,
      -0.025715559720993042,
      -0.0016833841800689697,
      -0.021064162254333496,
      0.8529829978942871,
      -0.5215129256248474
    ],
    "userAcceleration" : [
      0.005577581003308296,
      0.023713886737823486,
      -0.0018445253372192383
    ]
  },
  {
    "timestamp" : 235086232093,
    "gravity" : [
      0.02298082411289215,
      -0.852405846118927,
      0.5223755836486816
    ],
    "rotationMatrix" : [
      0.008448541164398193,
      -0.5223292708396912,
      -0.8527020812034607,
      -0.9997002482414246,
      -0.02400916814804077,
      0.004801928997039795,
      -0.022980809211730957,
      0.852405846118927,
      -0.5223755836486816
    ],
    "userAcceleration" : [
      0.006392285227775574,
      0.016834497451782227,
      -0.008932650089263916
    ]
  },
  {
    "timestamp" : 235086242110,
    "gravity" : [
      0.024949971586465836,
      -0.8518087863922119,
      0.523257851600647
    ],
    "rotationMatrix" : [
      0.001659691333770752,
      -0.5233849287033081,
      -0.8520945310592651,
      -0.9996871948242188,
      -0.022127926349639893,
      0.011644870042800903,
      -0.024949967861175537,
      0.8518087863922119,
      -0.523257851600647
    ],
    "userAcceleration" : [
      0.007703769952058792,
      0.01384204626083374,
      -0.0235021710395813
    ]
  },
  {
    "timestamp" : 235086259640,
    "gravity" : [
      0.028035644441843033,
      -0.8505094051361084,
      0.525212287902832
    ],
    "rotationMatrix" : [
      -0.009596765041351318,
      -0.5256235599517822,
      -0.8506631851196289,
      -0.9995609521865845,
      -0.01880866289138794,
      0.022898316383361816,
      -0.028035670518875122,
      0.8505094051361084,
      -0.525212287902832
    ],
    "userAcceleration" : [
      -0.006291929632425308,
      0.014907538890838623,
      -0.04956537485122681
    ]
  },
  {
    "timestamp" : 235086269657,
    "gravity" : [
      0.029427630826830864,
      -0.8495504856109619,
      0.5266854166984558
    ],
    "rotationMatrix" : [
      -0.015909194946289062,
      -0.5272451043128967,
      -0.8495640754699707,
      -0.9994401335716248,
      -0.01662135124206543,
      0.029031336307525635,
      -0.02942761778831482,
      0.8495504856109619,
      -0.5266854763031006
    ],
    "userAcceleration" : [
      -0.011971641331911087,
      0.010393500328063965,
      -0.05235093832015991
    ]
  },
  {
    "timestamp" : 235086279674,
    "gravity" : [
      0.030432168394327164,
      -0.8484870791435242,
      0.5283398628234863
    ],
    "rotationMatrix" : [
      -0.021464139223098755,
      -0.5290176272392273,
      -0.8483390808105469,
      -0.9993061423301697,
      -0.014476209878921509,
      0.03431135416030884,
      -0.030432194471359253,
      0.848487138748169,
      -0.5283398628234863
    ],
    "userAcceleration" : [
      -0.010336412116885185,
      0.0051187872886657715,
      -0.04388880729675293
    ]
  },
  {
    "timestamp" : 235086289692,
    "gravity" : [
      0.03108925186097622,
      -0.8473873138427734,
      0.5300644040107727
    ],
    "rotationMatrix" : [
      -0.02711540460586548,
      -0.5308405160903931,
      -0.8470377922058105,
      -0.9991487264633179,
      -0.011960804462432861,
      0.03948068618774414,
      -0.03108924627304077,
      0.8473872542381287,
      -0.5300643444061279
    ],
    "userAcceleration" : [
      0.0012745801359415054,
      0.006582200527191162,
      -0.029698193073272705
    ]
  },
  {
    "timestamp" : 235086299709,
    "gravity" : [
      0.03142881765961647,
      -0.846321702003479,
      0.5317437052726746
    ],
    "rotationMatrix" : [
      -0.032158344984054565,
      -0.5325875282287598,
      -0.845763623714447,
      -0.9989883899688721,
      -0.009481102228164673,
      0.04395502805709839,
      -0.03142881393432617,
      0.8463216423988342,
      -0.5317437052726746
    ],
    "userAcceleration" : [
      0.0024608857929706573,
      -0.0011665821075439453,
      -0.005666673183441162
    ]
  },
  {
    "timestamp" : 235086309726,
    "gravity" : [
      0.031507644802331924,
      -0.8453413844108582,
      0.5332961678504944
    ],
    "rotationMatrix" : [
      -0.03709131479263306,
      -0.534182608127594,
      -0.8445548415184021,
      -0.9988148808479309,
      -0.00682908296585083,
      0.04818573594093323,
      -0.03150761127471924,
      0.8453413248062134,
      -0.5332962274551392
    ],
    "userAcceleration" : [
      -0.0017835907638072968,
      0.0025223493576049805,
      0.013502418994903564
    ]
  },
  {
    "timestamp" : 235086319743,
    "gravity" : [
      0.03140800818800926,
      -0.8444602489471436,
      0.5346961617469788
    ],
    "rotationMatrix" : [
      -0.041404932737350464,
      -0.5356001853942871,
      -0.8434557914733887,
      -0.9986485242843628,
      -0.004351943731307983,
      0.051787108182907104,
      -0.03140804171562195,
      0.8444602489471436,
      -0.534696102142334
    ],
    "userAcceleration" : [
      -0.003820188343524933,
      -0.0010900497436523438,
      0.021623849868774414
    ]
  },
  {
    "timestamp" : 235086329760,
    "gravity" : [
      0.031193576753139496,
      -0.8436797261238098,
      0.5359398722648621
    ],
    "rotationMatrix" : [
      -0.04613134264945984,
      -0.5368446111679077,
      -0.8424189686775208,
      -0.9984482526779175,
      -0.0015543997287750244,
      0.05566614866256714,
      -0.031193554401397705,
      0.843679666519165,
      -0.5359398722648621
    ],
    "userAcceleration" : [
      -0.007511995732784271,
      -0.010263204574584961,
      0.03026789426803589
    ]
  },
  {
    "timestamp" : 235086339778,
    "gravity" : [
      0.030890483409166336,
      -0.8429891467094421,
      0.537043035030365
    ],
    "rotationMatrix" : [
      -0.05104094743728638,
      -0.5379287004470825,
      -0.8414437174797058,
      -0.9982187747955322,
      0.0014185309410095215,
      0.05964386463165283,
      -0.03089052438735962,
      0.8429891467094421,
      -0.5370429754257202
    ],
    "userAcceleration" : [
      -0.010581094771623611,
      -0.012296557426452637,
      0.03294903039932251
    ]
  },
  {
    "timestamp" : 235086349795,
    "gravity" : [
      0.03069358319044113,
      -0.8423548936843872,
      0.5380482077598572
    ],
    "rotationMatrix" : [
      -0.05568927526473999,
      -0.538906991481781,
      -0.840522289276123,
      -0.9979761242866516,
      0.004165053367614746,
      0.06345120072364807,
      -0.03069356083869934,
      0.8423548936843872,
      -0.5380482077598572
    ],
    "userAcceleration" : [
      -0.018059369176626205,
      -0.016257107257843018,
      0.034293532371520996
    ]
  },
  {
    "timestamp" : 235086359812,
    "gravity" : [
      0.030667003244161606,
      -0.8417389988899231,
      0.5390130281448364
    ],
    "rotationMatrix" : [
      -0.06013578176498413,
      -0.5398435592651367,
      -0.8396145105361938,
      -0.9977190494537354,
      0.006665527820587158,
      0.0671740174293518,
      -0.030666977167129517,
      0.8417389392852783,
      -0.5390130281448364
    ],
    "userAcceleration" : [
      -0.012631174176931381,
      -0.01585078239440918,
      0.021930396556854248
    ]
  },
  {
    "timestamp" : 235086369829,
    "gravity" : [
      0.03072565607726574,
      -0.8410800695419312,
      0.540037214756012
    ],
    "rotationMatrix" : [
      -0.06455850601196289,
      -0.5408341884613037,
      -0.8386480808258057,
      -0.9974408149719238,
      0.009096086025238037,
      0.07091638445854187,
      -0.0307256281375885,
      0.8410800695419312,
      -0.540037214756012
    ],
    "userAcceleration" : [
      -0.012689828872680664,
      -0.016509592533111572,
      0.02090632915496826
    ]
  },
  {
    "timestamp" : 235086379846,
    "gravity" : [
