[
  {
    "timestamp" : 235045528344,
    "userAcceleration" : [
      -0.009068427607417107,
      0.004716098308563232,
      0.01601588726043701
    ],
    "gravity" : [
      0.030888499692082405,
      -0.7229929566383362,
      -0.6901645064353943
    ],
    "rotationMatrix" : [
      0.9994354844093323,
      0.013213016092777252,
      0.030888497829437256,
      0.013213016092777252,
      0.690729022026062,
      -0.7229928970336914,
      -0.030888497829437256,
      0.7229928970336914,
      0.6901645064353943
    ]
  },
  {
    "timestamp" : 235045538360,
    "userAcceleration" : [
      -0.006776314228773117,
      0.007304131984710693,
      0.0252152681350708
    ],
    "gravity" : [
      0.030961476266384125,
      -0.7233989834785461,
      -0.6897355914115906
    ],
    "rotationMatrix" : [
      0.9994342923164368,
      0.013337959535419941,
      0.030874578282237053,
      0.013134979642927647,
      0.6903012990951538,
      -0.7234026789665222,
      -0.030961478129029274,
      0.7233989834785461,
      0.6897355914115906
    ]
  },
  {
    "timestamp" : 235045548377,
    "userAcceleration" : [
      -0.0010936334729194641,
      0.004884302616119385,
      0.02742093801498413
    ],
    "gravity" : [
      0.030665159225463867,
      -0.7236799001693726,
      -0.6894540786743164
    ],
    "rotationMatrix" : [
      0.999447226524353,
      0.013339797966182232,
      0.03045085072517395,
      0.012839495204389095,
      0.6900067329406738,
      -0.7236889600753784,
      -0.03066515550017357,
      0.7236799001693726,
      0.6894540786743164
    ]
  },
  {
    "timestamp" : 235045558393,
    "userAcceleration" : [
      -0.014300558716058731,
      -0.016139447689056396,
      0.021816790103912354
    ],
    "gravity" : [
      0.030261242762207985,
      -0.7237590551376343,
      -0.6893888115882874
    ],
    "rotationMatrix" : [
      0.99946528673172,
      0.013364112004637718,
      0.029841884970664978,
      0.01238526962697506,
      0.6899232864379883,
      -0.7237765192985535,
      -0.030261240899562836,
      0.723759114742279,
      0.6893888115882874
    ]
  },
  {
    "timestamp" : 235045568410,
    "userAcceleration" : [
      -0.018926972523331642,
      -0.018866300582885742,
      0.02420175075531006
    ],
    "gravity" : [
      0.029852261766791344,
      -0.7236262559890747,
      -0.6895460486412048
    ],
    "rotationMatrix" : [
      0.9994848966598511,
      0.013479429297149181,
      0.02912469021975994,
      0.011780706234276295,
      0.6900603175163269,
      -0.7236559391021729,
      -0.029852261766791344,
      0.7236262559890747,
      0.6895460486412048
    ]
  },
  {
    "timestamp" : 235045578426,
    "userAcceleration" : [
      -0.012896129861474037,
      -0.005206406116485596,
      -0.004459202289581299
    ],
    "gravity" : [
      0.029528191313147545,
      -0.7233243584632874,
      -0.6898767352104187
    ],
    "rotationMatrix" : [
      0.9995013475418091,
      0.013641013763844967,
      0.028478404507040977,
      0.0111885080114007,
      0.6903736591339111,
      -0.723366379737854,
      -0.029528191313147545,
      0.7233242988586426,
      0.6898767948150635
    ]
  },
  {
    "timestamp" : 235045588443,
    "userAcceleration" : [
      -0.012796703726053238,
      -0.005570530891418457,
      -0.004073500633239746
    ],
    "gravity" : [
      0.029428783804178238,
      -0.7229602336883545,
      -0.6902625560760498
    ],
    "rotationMatrix" : [
      0.9995080232620239,
      0.01378902979195118,
      0.028170999139547348,
      0.01084846444427967,
      0.6907519698143005,
      -0.7230103611946106,
      -0.029428783804178238,
      0.7229602932929993,
      0.6902625560760498
    ]
  },
  {
    "timestamp" : 235045598459,
    "userAcceleration" : [
      -0.011889766901731491,
      0.003140747547149658,
      -0.0157509446144104
    ],
    "gravity" : [
      0.029498416930437088,
      -0.7226993441581726,
      -0.6905326843261719
    ],
    "rotationMatrix" : [
      0.999506413936615,
      0.013857227750122547,
      0.02819453366100788,
      0.010807306505739689,
      0.6910235285758972,
      -0.7227514386177063,
      -0.029498418793082237,
      0.7226993441581726,
      0.6905326843261719
    ]
  },
  {
    "timestamp" : 235045608476,
    "userAcceleration" : [
      -0.01428435929119587,
      0.004082083702087402,
      -0.011383771896362305
    ],
    "gravity" : [
      0.029588934034109116,
      -0.7226489186286926,
      -0.6905816793441772
    ],
    "rotationMatrix" : [
      0.9995023012161255,
      0.013828674331307411,
      0.028354255482554436,
      0.010940345004200935,
      0.691076934337616,
      -0.7226983904838562,
      -0.029588932171463966,
      0.7226489186286926,
      0.6905816793441772
    ]
  },
  {
    "timestamp" : 235045618492,
    "userAcceleration" : [
      -0.01934298872947693,
      0.0012535452842712402,
      -0.0005705356597900391
    ],
    "gravity" : [
      0.02971896156668663,
      -0.7227652668952942,
      -0.6904543042182922
    ],
    "rotationMatrix" : [
      0.9994953870773315,
      0.013738462701439857,
      0.028639523312449455,
      0.011213872581720352,
      0.6909570097923279,
      -0.7228088974952698,
      -0.02971896342933178,
      0.7227652668952942,
      0.6904543042182922
    ]
  },
  {
    "timestamp" : 235045628509,
    "userAcceleration" : [
      -0.027420716360211372,
      -0.0038565397262573242,
      0.011174917221069336
    ],
    "gravity" : [
      0.029953673481941223,
      -0.7229195237159729,
      -0.6902826428413391
    ],
    "rotationMatrix" : [
      0.9994840621948242,
      0.013654726557433605,
      0.02907063066959381,
      0.011590107344090939,
      0.6907972693443298,
      -0.7229555249214172,
      -0.029953673481941223,
      0.7229195237159729,
      0.6902826428413391
    ]
  },
  {
    "timestamp" : 235045638525,
    "userAcceleration" : [
      -0.030220186337828636,
      -0.006538271903991699,
      0.018980741500854492
    ],
    "gravity" : [
      0.030281217768788338,
      -0.722999632358551,
      -0.6901844143867493
    ],
    "rotationMatrix" : [
      0.9994697570800781,
      0.013634412549436092,
      0.02956816554069519,
      0.011967516504228115,
      0.6907138228416443,
      -0.7230291962623596,
      -0.030281219631433487,
      0.722999632358551,
      0.6901844143867493
    ]
  },
  {
    "timestamp" : 235045648541,
    "userAcceleration" : [
      -0.03402411937713623,
      -0.011454463005065918,
      0.01681607961654663
    ],
    "gravity" : [
      0.030697688460350037,
      -0.7229509353637695,
      -0.6902170181274414
    ],
    "rotationMatrix" : [
      0.9994531869888306,
      0.013713974505662918,
      0.030086729675531387,
      0.012285612523555756,
      0.6907631754875183,
      -0.7229766249656677,
      -0.030697688460350037,
      0.7229509949684143,
      0.6902170181274414
    ]
  },
  {
    "timestamp" : 235045658558,
    "userAcceleration" : [
      -0.029717950150370598,
      -0.008234858512878418,
      0.00996696949005127
    ],
    "gravity" : [
      0.031137024983763695,
      -0.7228136658668518,
      -0.6903411746025085
    ],
    "rotationMatrix" : [
      0.9994359016418457,
      0.013820283114910126,
      0.03060801513493061,
      0.012583181262016296,
      0.6909047961235046,
      -0.7228362560272217,
      -0.031137024983763695,
      0.722813606262207,
      0.6903411746025085
    ]
  },
  {
    "timestamp" : 235045668574,
    "userAcceleration" : [
      -0.020951032638549805,
      0.000731050968170166,
      -0.002277374267578125
    ],
    "gravity" : [
      0.0315406359732151,
      -0.7227005958557129,
      -0.6904411911964417
    ],
    "rotationMatrix" : [
      0.9994189143180847,
      0.013870577327907085,
      0.031136658042669296,
      0.012925663031637669,
      0.6910220384597778,
      -0.7227180600166321,
      -0.0315406359732151,
      0.7227005362510681,
      0.6904411911964417
    ]
  },
  {
    "timestamp" : 235045678591,
    "userAcceleration" : [
      -0.01733631268143654,
      0.0039594173431396484,
      -0.010546743869781494
    ],
    "gravity" : [
      0.03193897381424904,
      -0.7227550745010376,
      -0.6903657913208008
    ],
    "rotationMatrix" : [
      0.9994017481803894,
      0.013925391249358654,
      0.031657446175813675,
      0.013266968540847301,
      0.690963864326477,
      -0.7227675318717957,
      -0.03193897381424904,
      0.7227551341056824,
      0.6903657913208008
    ]
  },
  {
    "timestamp" : 235045688607,
    "userAcceleration" : [
      -0.01927747204899788,
      -0.006520748138427734,
      -0.013024568557739258
    ],
    "gravity" : [
      0.032384783029556274,
      -0.7230323553085327,
      -0.690054714679718
    ],
    "rotationMatrix" : [
      0.9994081854820251,
      0.015413518995046616,
      0.030752845108509064,
      0.011599129065871239,
      0.690642237663269,
      -0.7231035828590393,
      -0.032384783029556274,
      0.7230322957038879,
      0.690054714679718
    ]
  },
  {
    "timestamp" : 235045698624,
    "userAcceleration" : [
      -0.01981990784406662,
      -0.0060623884201049805,
      -0.013530969619750977
    ],
    "gravity" : [
      0.032927218824625015,
      -0.7234907746315002,
      -0.6895483732223511
    ],
    "rotationMatrix" : [
      0.9993845224380493,
      0.015483350493013859,
      0.03147697076201439,
      0.012096776627004147,
      0.6901604533195496,
      -0.7235552668571472,
      -0.032927218824625015,
      0.7234907746315002,
      0.6895483732223511
    ]
  },
  {
    "timestamp" : 235045708640,
    "userAcceleration" : [
      -0.02181236818432808,
      -0.0037726163864135742,
      -0.0010175704956054688
    ],
    "gravity" : [
      0.03356162831187248,
      -0.7240562438964844,
      -0.6889239549636841
    ],
    "rotationMatrix" : [
      0.9993797540664673,
      0.01695833168923855,
      0.03086266666650772,
      0.010663306340575218,
      0.689532458782196,
      -0.724176287651062,
      -0.03356163203716278,
      0.7240562438964844,
      0.6889239549636841
    ]
  },
  {
    "timestamp" : 235045718657,
    "userAcceleration" : [
      -0.02268385887145996,
      -0.0032026171684265137,
      0.011120617389678955
    ],
    "gravity" : [
      0.034265268594026566,
      -0.7246109843254089,
      -0.6883057355880737
    ],
    "rotationMatrix" : [
      0.9993690252304077,
      0.01839769259095192,
      0.030382540076971054,
      0.009352285414934158,
      0.6889125108718872,
      -0.7247841954231262,
      -0.034265268594026566,
      0.7246109843254089,
      0.6883057355880737
    ]
  },
  {
    "timestamp" : 235045728673,
    "userAcceleration" : [
      -0.0218416228890419,
      -0.0020222067832946777,
      0.017017364501953125
    ],
    "gravity" : [
      0.035009969025850296,
      -0.7251047492027283,
      -0.6877480745315552
    ],
    "rotationMatrix" : [
      0.9993538856506348,
      0.019800640642642975,
      0.029996169731020927,
      0.008132515475153923,
      0.6883538365364075,
      -0.7253294587135315,
      -0.03500996530056,
      0.7251047492027283,
      0.6877480745315552
    ]
  },
  {
    "timestamp" : 235045738690,
    "userAcceleration" : [
      -0.01827455312013626,
      -0.011533141136169434,
      0.014545321464538574
    ],
    "gravity" : [
      0.03582214191555977,
      -0.7255425453186035,
      -0.6872442960739136
    ],
    "rotationMatrix" : [
      0.9993349313735962,
      0.02131366729736328,
      0.029588228091597557,
      0.006819824688136578,
      0.6878471374511719,
      -0.7258235216140747,
      -0.03582213819026947,
      0.7255425453186035,
      0.6872442960739136
    ]
  },
  {
    "timestamp" : 235045748706,
    "userAcceleration" : [
      -0.01491476222872734,
      -0.012250542640686035,
      0.015579402446746826
    ],
    "gravity" : [
      0.03664327412843704,
      -0.7259237170219421,
      -0.6867982745170593
    ],
    "rotationMatrix" : [
      0.9993137717247009,
      0.022899426519870758,
      0.029113193973898888,
      0.005406674928963184,
      0.6873937845230103,
      -0.7262646555900574,
      -0.03664327785372734,
      0.7259237170219421,
      0.6867982745170593
    ]
  },
  {
    "timestamp" : 235045758723,
    "userAcceleration" : [
      -0.005095690488815308,
      -0.001093745231628418,
      0.02388179302215576
    ],
    "gravity" : [
      0.037352774292230606,
      -0.7262468338012695,
      -0.6864184737205505
    ],
    "rotationMatrix" : [
      0.9992945790290833,
      0.02447323501110077,
      0.028485266491770744,
      0.0038884542882442474,
      0.6869982481002808,
      -0.72664874792099,
      -0.03735277056694031,
      0.7262468934059143,
      0.6864184141159058
    ]
  },
  {
    "timestamp" : 235045768739,
    "userAcceleration" : [
      0.002352852374315262,
      -0.0016352534294128418,
      0.02312988042831421
    ],
    "gravity" : [
      0.03785406053066254,
      -0.7264987826347351,
      -0.686124324798584
    ],
    "rotationMatrix" : [
      0.9992806315422058,
      0.02593953348696232,
      0.027665231376886368,
      0.0023010149598121643,
      0.6866779327392578,
      -0.7269580364227295,
      -0.03785405680537224,
      0.7264987230300903,
      0.686124324798584
    ]
  },
  {
    "timestamp" : 235045778756,
    "userAcceleration" : [
      0.002929575741291046,
      -0.004652261734008789,
      0.018658876419067383
    ],
    "gravity" : [
      0.03814708814024925,
      -0.7266708612442017,
      -0.6859258413314819
    ],
    "rotationMatrix" : [
      0.9992719888687134,
      0.027349108830094337,
      0.026599835604429245,
      0.0005698669701814651,
      0.68644118309021,
      -0.7271851301193237,
      -0.03814708814024925,
      0.7266708612442017,
      0.6859258413314819
    ]
  },
  {
    "timestamp" : 235045788772,
    "userAcceleration" : [
      0.004875991493463516,
      0.0007602572441101074,
      0.017360568046569824
    ],
    "gravity" : [
      0.03812326863408089,
      -0.7267885804176331,
      -0.6858024001121521
    ],
    "rotationMatrix" : [
      0.9992729425430298,
      0.02739477902650833,
      0.026516875252127647,
      0.00048475805670022964,
      0.6863147020339966,
      -0.7273045182228088,
      -0.03812326863408089,
      0.7267885804176331,
      0.6858024597167969
    ]
  },
  {
    "timestamp" : 235045798789,
    "userAcceleration" : [
      0.0010564252734184265,
      -0.0016791820526123047,
      0.011862039566040039
    ],
    "gravity" : [
      0.03780771419405937,
      -0.7268821001052856,
      -0.6857207417488098
    ],
    "rotationMatrix" : [
      0.9992849826812744,
      0.027358844876289368,
      0.026095211505889893,
      0.00020761694759130478,
      0.6862170696258545,
      -0.7273967862129211,
      -0.03780771791934967,
      0.7268821597099304,
      0.6857207417488098
    ]
  },
  {
    "timestamp" : 235045808805,
    "userAcceleration" : [
      -0.005226146429777145,
      -0.007373332977294922,
      0.0005728006362915039
    ],
    "gravity" : [
      0.03742217272520065,
      -0.7269863486289978,
      -0.6856314539909363
    ],
    "rotationMatrix" : [
      0.9992995262145996,
      0.027269527316093445,
      0.02562803402543068,
      -6.561633199453354e-05,
      0.6861103177070618,
      -0.7274975776672363,
      -0.037422168999910355,
      0.726986289024353,
      0.685631513595581
    ]
  },
  {
    "timestamp" : 235045818822,
    "userAcceleration" : [
      -0.003595050424337387,
      -0.004854321479797363,
      -0.0006065964698791504
    ],
    "gravity" : [
      0.03702704235911369,
      -0.7271402478218079,
      -0.6854896545410156
    ],
    "rotationMatrix" : [
      0.9993142485618591,
      0.027114786207675934,
      0.025216132402420044,
      -0.0002512410283088684,
      0.6859532594680786,
      -0.7276455760002136,
      -0.03702704235911369,
      0.7271402478218079,
      0.6854896545410156
    ]
  },
  {
    "timestamp" : 235045828838,
    "userAcceleration" : [
      -0.0065393634140491486,
      -0.003021538257598877,
      0.005840599536895752
    ],
    "gravity" : [
      0.036583904176950455,
      -0.7273708581924438,
      -0.685268759727478
    ],
    "rotationMatrix" : [
      0.9993305206298828,
      0.02690974995493889,
      0.02478741854429245,
      -0.0004107663407921791,
      0.6857168078422546,
      -0.7278683185577393,
      -0.036583904176950455,
      0.7273708581924438,
      0.685268759727478
    ]
  },
  {
    "timestamp" : 235045838856,
    "userAcceleration" : [
      -0.011494491249322891,
      -0.005507230758666992,
      0.005203604698181152
    ],
    "gravity" : [
      0.03619847819209099,
      -0.7276164293289185,
      -0.6850284934043884
    ],
    "rotationMatrix" : [
      0.999344527721405,
      0.026671215891838074,
      0.024478301405906677,
      -0.00045972783118486404,
      0.6854655146598816,
      -0.7281049489974976,
      -0.03619847819209099,
      0.7276164293289185,
      0.6850284934043884
    ]
  },
  {
    "timestamp" : 235045848872,
    "userAcceleration" : [
      -0.020067058503627777,
      -0.005197048187255859,
      -0.00044786930084228516
    ],
    "gravity" : [
      0.035951439291238785,
      -0.7278350591659546,
      -0.684809148311615
    ],
    "rotationMatrix" : [
      0.9993534684181213,
      0.02645367756485939,
      0.024348799139261246,
      -0.0003938097506761551,
      0.6852417588233948,
      -0.728315532207489,
      -0.035951439291238785,
      0.7278349995613098,
      0.684809148311615
    ]
  },
  {
    "timestamp" : 235045858889,
    "userAcceleration" : [
      -0.025045830756425858,
      -0.00487285852432251,
      0.001822054386138916
    ],
    "gravity" : [
      0.03574223443865776,
      -0.7280066609382629,
      -0.6846376657485962
    ],
    "rotationMatrix" : [
      0.999360978603363,
      0.02630441263318062,
      0.024202004075050354,
      -0.00038976874202489853,
      0.6850652098655701,
      -0.7284815907478333,
      -0.03574223443865776,
      0.7280066609382629,
      0.684637725353241
    ]
  },
  {
    "timestamp" : 235045868905,
    "userAcceleration" : [
      -0.021393585950136185,
      -0.0026712417602539062,
      0.002459883689880371
    ],
    "gravity" : [
      0.03550795093178749,
      -0.728178858757019,
      -0.6844667196273804
    ],
    "rotationMatrix" : [
      0.9993692636489868,
      0.026229873299598694,
      0.023939099162817,
      -0.000521528534591198,
      0.6848850250244141,
      -0.7286509275436401,
      -0.03550795093178749,
      0.728178858757019,
      0.6844667196273804
    ]
  },
  {
    "timestamp" : 235045878921,
    "userAcceleration" : [
      -0.01469792053103447,
      -0.003036975860595703,
      -0.005890011787414551
    ],
    "gravity" : [
      0.03529726713895798,
      -0.728393018245697,
      -0.6842498183250427
    ],
    "rotationMatrix" : [
      0.9993765950202942,
      0.026201333850622177,
      0.023661529645323753,
      -0.0006933687254786491,
      0.6846584677696228,
      -0.7288637161254883,
      -0.03529726713895798,
      0.7283929586410522,
      0.6842498183250427
    ]
  },
  {
    "timestamp" : 235045888938,
    "userAcceleration" : [
      -0.010473690927028656,
      -0.0025702714920043945,
      -0.01355278491973877
    ],
    "gravity" : [
      0.035116638988256454,
      -0.7286765575408936,
      -0.683957040309906
    ],
    "rotationMatrix" : [
      0.9993828535079956,
      0.026190873235464096,
      0.023408330976963043,
      -0.0008563278242945671,
      0.6843569278717041,
      -0.7291465997695923,
      -0.035116638988256454,
      0.7286765575408936,
      0.683957040309906
    ]
  },
  {
    "timestamp" : 235045898954,
    "userAcceleration" : [
      -0.008459016680717468,
      -0.0007980465888977051,
      -0.008700311183929443
    ],
    "gravity" : [
      0.034933023154735565,
      -0.7290144562721252,
      -0.6836062669754028
    ],
    "rotationMatrix" : [
      0.9993891716003418,
      0.026165194809436798,
      0.023166663944721222,
      -0.000997857190668583,
      0.6839979887008667,
      -0.7294831871986389,
      -0.034933023154735565,
      0.7290144562721252,
      0.6836062669754028
    ]
  },
  {
    "timestamp" : 235045908971,
    "userAcceleration" : [
      -0.012446116656064987,
      -0.00556415319442749,
      0.0012040138244628906
    ],
    "gravity" : [
      0.034815508872270584,
      -0.7293906211853027,
      -0.6832109689712524
    ],
    "rotationMatrix" : [
      0.9993932247161865,
      0.0261062141507864,
      0.023056941106915474,
      -0.0010185353457927704,
      0.6835991144180298,
      -0.7298569679260254,
      -0.034815505146980286,
      0.7293906211853027,
      0.6832109689712524
    ]
  },
  {
    "timestamp" : 235045918987,
    "userAcceleration" : [
      -0.016805097460746765,
      -0.004608154296875,
      0.006273627281188965
    ],
    "gravity" : [
      0.034902025014162064,
      -0.7297973036766052,
      -0.6827720999717712
    ],
    "rotationMatrix" : [
      0.9993903636932373,
      0.02606440708041191,
      0.02322738990187645,
      -0.0008447645232081413,
      0.6831665635108948,
      -0.7302621006965637,
      -0.034902025014162064,
      0.7297973036766052,
      0.6827720999717712
    ]
  },
  {
    "timestamp" : 235045929004,
    "userAcceleration" : [
      -0.01877591386437416,
      0.0012171268463134766,
      0.012002944946289062
    ],
    "gravity" : [
      0.03520963340997696,
      -0.7301751375198364,
      -0.6823521852493286
    ],
    "rotationMatrix" : [
      0.9993779063224792,
      0.02711493708193302,
      0.02255297638475895,
      -0.0020343121141195297,
      0.682721734046936,
      -0.7306756377220154,
      -0.03520963340997696,
      0.7301751971244812,
      0.6823521852493286
    ]
  },
  {
    "timestamp" : 235045939020,
    "userAcceleration" : [
      -0.01673254743218422,
      0.002058565616607666,
      0.021435201168060303
    ],
    "gravity" : [
      0.03560767322778702,
      -0.7304673194885254,
      -0.6820187568664551
    ],
    "rotationMatrix" : [
      0.99936443567276,
      0.027174759656190872,
      0.023070869967341423,
      -0.0016811816021800041,
      0.6824068427085876,
      -0.7309707403182983,
      -0.03560767322778702,
      0.7304673194885254,
      0.6820187568664551
    ]
  },
  {
    "timestamp" : 235045949037,
    "userAcceleration" : [
      -0.009721580892801285,
      0.0005432963371276855,
      0.024395227432250977
    ],
    "gravity" : [
      0.03599720075726509,
      -0.7306762337684631,
      -0.6817744374275208
    ],
    "rotationMatrix" : [
      0.9993509650230408,
      0.027261679992079735,
      0.023547925055027008,
      -0.0013804081827402115,
      0.6821796298027039,
      -0.7311833500862122,
      -0.03599720075726509,
      0.7306762337684631,
      0.6817744970321655
    ]
  },
  {
    "timestamp" : 235045959053,
    "userAcceleration" : [
      -0.003924395889043808,
      0.0019279718399047852,
      0.014588594436645508
    ],
    "gravity" : [
      0.03633405640721321,
      -0.7308402061462402,
      -0.6815807819366455
    ],
    "rotationMatrix" : [
      0.9993391036987305,
      0.02732619270682335,
      0.0239721592515707,
      -0.0011051883921027184,
      0.6820013523101807,
      -0.7313500642776489,
      -0.03633405640721321,
      0.7308402061462402,
      0.6815808415412903
    ]
  },
  {
    "timestamp" : 235045969070,
    "userAcceleration" : [
      -0.0025470778346061707,
      0.003902256488800049,
      0.006636500358581543
    ],
    "gravity" : [
      0.036558907479047775,
      -0.7310445308685303,
      -0.6813496947288513
    ],
    "rotationMatrix" : [
      0.9993310570716858,
      0.027366576716303825,
      0.02425812929868698,
      -0.0009124372154474258,
      0.6817807555198669,
      -0.7315559983253479,
      -0.036558907479047775,
      0.7310444712638855,
      0.6813496947288513
    ]
  },
  {
    "timestamp" : 235045979086,
    "userAcceleration" : [
      -0.0021943077445030212,
      0.005434870719909668,
      0.012791752815246582
    ],
    "gravity" : [
      0.03652656823396683,
      -0.7313106656074524,
      -0.6810657382011414
    ],
    "rotationMatrix" : [
      0.9993322491645813,
      0.027369588613510132,
      0.024206921458244324,
      -0.0009377123787999153,
      0.681495189666748,
      -0.7318220734596252,
      -0.03652656823396683,
      0.7313106656074524,
      0.6810657382011414
    ]
  },
  {
    "timestamp" : 235045989103,
    "userAcceleration" : [
      -0.005075249820947647,
      -0.0008215904235839844,
      0.018004000186920166
    ],
    "gravity" : [
      0.03624894469976425,
      -0.7316002249717712,
      -0.6807695627212524
    ],
    "rotationMatrix" : [
      0.9993420839309692,
      0.02736259438097477,
      0.023806320503354073,
      -0.0012109149247407913,
      0.6811845898628235,
      -0.7321107387542725,
      -0.03624894842505455,
      0.7316001653671265,
      0.6807695627212524
    ]
  },
  {
    "timestamp" : 235045999119,
    "userAcceleration" : [
      -0.008596234023571014,
      -0.00696331262588501,
      0.016487836837768555
    ],
    "gravity" : [
      0.03583316132426262,
      -0.7318670749664307,
      -0.680504560470581
    ],
    "rotationMatrix" : [
      0.9993564486503601,
      0.02736104279756546,
      0.023196686059236526,
      -0.0016424218192696571,
      0.6808978319168091,
      -0.7323765158653259,
      -0.03583316132426262,
      0.7318671345710754,
      0.680504560470581
    ]
  },
  {
    "timestamp" : 235046009136,
    "userAcceleration" : [
      -0.01644109934568405,
      -0.008007407188415527,
      0.012115716934204102
    ],
    "gravity" : [
      0.03545355051755905,
      -0.7321200370788574,
      -0.6802523732185364
    ],
    "rotationMatrix" : [
      0.9993691444396973,
      0.027397368103265762,
      0.022598996758461,
      -0.0020919470116496086,
      0.6806244850158691,
      -0.7326294779777527,
      -0.03545355051755905,
      0.7321199774742126,
      0.6802523732185364
    ]
  },
  {
    "timestamp" : 235046019152,
    "userAcceleration" : [
      -0.023883286863565445,
      -0.006785929203033447,
      0.00105971097946167
    ],
    "gravity" : [
      0.03522054851055145,
      -0.732380211353302,
      -0.6799843311309814
    ],
    "rotationMatrix" : [
      0.999376654624939,
      0.027444962412118912,
      0.022204112261533737,
      -0.0024002911522984505,
      0.6803424954414368,
      -0.7328903675079346,
      -0.03522054851055145,
      0.7323802709579468,
      0.6799843311309814
    ]
  },
  {
    "timestamp" : 235046029169,
    "userAcceleration" : [
      -0.025228701531887054,
      -0.008080720901489258,
      -0.004287362098693848
    ],
    "gravity" : [
      0.035162173211574554,
      -0.7326723337173462,
      -0.6796726584434509
    ],
    "rotationMatrix" : [
      0.9993784427642822,
      0.027485165745019913,
      0.022073417901992798,
      -0.002508332021534443,
      0.6800263524055481,
      -0.7331833839416504,
      -0.035162173211574554,
      0.7326723337173462,
      0.6796726584434509
    ]
  },
  {
    "timestamp" : 235046039185,
    "userAcceleration" : [
      -0.020862922072410583,
      -0.009419381618499756,
      -0.007799863815307617
    ],
    "gravity" : [
      0.035236697643995285,
      -0.732996940612793,
      -0.6793186664581299
    ],
    "rotationMatrix" : [
      0.9993759393692017,
      0.027519116178154945,
      0.022144660353660583,
      -0.0024622827768325806,
      0.6796750426292419,
      -0.7335091829299927,
      -0.035236697643995285,
      0.732996940612793,
      0.6793186664581299
    ]
  },
  {
    "timestamp" : 235046049202,
    "userAcceleration" : [
      -0.01610160619020462,
      -0.007312417030334473,
      -0.008326888084411621
    ],
    "gravity" : [
      0.03541923314332962,
      -0.733349084854126,
      -0.6789290308952332
    ],
    "rotationMatrix" : [
      0.9993700981140137,
      0.027501560747623444,
      0.02243044227361679,
      -0.0022222669795155525,
      0.6792958378791809,
      -0.7338612079620361,
      -0.03541923314332962,
      0.733349084854126,
      0.6789290308952332
    ]
  },
  {
    "timestamp" : 235046059218,
    "userAcceleration" : [
      -0.02085575833916664,
      -0.006266772747039795,
      -0.005893290042877197
    ],
    "gravity" : [
      0.03568728640675545,
      -0.7337386608123779,
      -0.6784939765930176
    ],
    "rotationMatrix" : [
      0.9993612766265869,
      0.027466606348752975,
      0.022861193865537643,
      -0.0018617864698171616,
      0.6788764595985413,
      -0.7342501878738403,
      -0.03568728640675545,
      0.7337386608123779,
      0.6784939765930176
    ]
  },
  {
    "timestamp" : 235046069235,
    "userAcceleration" : [
      -0.02102695032954216,
      -0.007317602634429932,
      -0.004999637603759766
    ],
    "gravity" : [
      0.03599582612514496,
      -0.7341526746749878,
      -0.6780295968055725
    ],
    "rotationMatrix" : [
      0.999350905418396,
      0.027424801141023636,
      0.023359553888440132,
      -0.0014453483745455742,
      0.6784303784370422,
      -0.7346633076667786,
      -0.03599582612514496,
      0.734152615070343,
      0.6780295968055725
    ]
  },
  {
    "timestamp" : 235046079251,
    "userAcceleration" : [
      -0.018470507115125656,
      -0.008927106857299805,
      0.00035965442657470703
    ],
    "gravity" : [
      0.03624698147177696,
      -0.7345877885818481,
      -0.6775447726249695
    ],
    "rotationMatrix" : [
      0.9993423223495483,
      0.02733275666832924,
      0.02382843568921089,
      -0.0010150903835892677,
      0.6779628992080688,
      -0.7350954413414001,
      -0.03624698147177696,
      0.7345878481864929,
      0.6775447726249695
    ]
  },
  {
    "timestamp" : 235046089268,
    "userAcceleration" : [
      -0.021442770957946777,
      -0.0055373311042785645,
      0.004172384738922119
    ],
    "gravity" : [
      0.03636586293578148,
      -0.7350478768348694,
      -0.6770392656326294
    ],
    "rotationMatrix" : [
      0.9993382692337036,
      0.027226269245147705,
      0.02411852777004242,
      -0.0007049832493066788,
      0.6774683594703674,
      -0.735551655292511,
      -0.03636586293578148,
      0.7350478768348694,
      0.6770392656326294
    ]
  },
  {
    "timestamp" : 235046099284,
    "userAcceleration" : [
      -0.02119455114006996,
      -3.218650817871094e-05,
      0.012028694152832031
    ],
    "gravity" : [
      0.036300741136074066,
      -0.7355023622512817,
      -0.6765490174293518
    ],
    "rotationMatrix" : [
      0.9993407130241394,
      0.02714116871356964,
      0.02411416545510292,
      -0.0006263060495257378,
      0.6769782900810242,
      -0.7360026836395264,
      -0.036300741136074066,
      0.7355023622512817,
      0.6765490174293518
    ]
  },
  {
    "timestamp" : 235046109301,
    "userAcceleration" : [
      -0.014243099838495255,
      -0.0023193955421447754,
      0.01922130584716797
    ],
    "gravity" : [
      0.03607840836048126,
      -0.7359007000923157,
      -0.676127552986145
    ],
    "rotationMatrix" : [
      0.9993487000465393,
      0.027083883062005043,
      0.023847365751862526,
      -0.0007628649473190308,
      0.6765475273132324,
      -0.7363985776901245,
      -0.03607840836048126,
      0.7359007596969604,
      0.676127552986145
    ]
  },
  {
    "timestamp" : 235046119317,
    "userAcceleration" : [
      -0.010946795344352722,
      -0.0045296549797058105,
      0.019627809524536133
    ],
    "gravity" : [
      0.03572705760598183,
      -0.7361471652984619,
      -0.6758778691291809
    ],
    "rotationMatrix" : [
      0.999360978603363,
      0.027052395045757294,
      0.02336173877120018,
      -0.0010864371433854103,
      0.6762806177139282,
      -0.7366432547569275,
      -0.03572705760598183,
      0.7361471056938171,
      0.6758778691291809
    ]
  },
  {
    "timestamp" : 235046129334,
    "userAcceleration" : [
      -0.0072336867451667786,
      -0.0067250728607177734,
      0.013220071792602539
    ],
    "gravity" : [
      0.035172536969184875,
      -0.73627108335495,
      -0.6757720112800598
    ],
    "rotationMatrix" : [
      0.9993799328804016,
      0.02700001373887062,
      0.022598449140787125,
      -0.0016072681173682213,
      0.6761478781700134,
      -0.7367641925811768,
      -0.035172536969184875,
      0.7362710237503052,
      0.6757720112800598
    ]
  },
  {
    "timestamp" : 235046139350,
    "userAcceleration" : [
      0.003385063260793686,
      -0.004539310932159424,
      0.002171456813812256
    ],
    "gravity" : [
      0.034365177154541016,
      -0.736366331577301,
      -0.6757097244262695
    ],
    "rotationMatrix" : [
      0.9994066953659058,
      0.026871178299188614,
      0.02154439128935337,
      -0.0022925520315766335,
      0.6760492324829102,
      -0.7368528842926025,
      -0.034365177154541016,
      0.7363662719726562,
      0.6757097244262695
    ]
  },
  {
    "timestamp" : 235046149367,
    "userAcceleration" : [
      0.010942947119474411,
      -0.005851566791534424,
      -0.006866514682769775
    ],
    "gravity" : [
      0.033215977251529694,
      -0.736549437046051,
      -0.675567626953125
    ],
    "rotationMatrix" : [
      0.9994434118270874,
      0.026576757431030273,
      0.0201643668115139,
      -0.0031023453921079636,
      0.6758613586425781,
      -0.7370222210884094,
      -0.033215977251529694,
      0.736549437046051,
      0.675567626953125
    ]
  },
  {
    "timestamp" : 235046159384,
    "userAcceleration" : [
      0.01003587618470192,
      -0.007386744022369385,
      -0.014449536800384521
    ],
    "gravity" : [
      0.031742680817842484,
      -0.7369216084480286,
      -0.6752325296401978
    ],
    "rotationMatrix" : [
      0.9994879961013794,
      0.026121553033590317,
      0.018477916717529297,
      -0.0040213484317064285,
      0.6754733324050903,
      -0.737373411655426,
      -0.031742680817842484,
      0.7369216084480286,
      0.6752325296401978
    ]
  },
  {
    "timestamp" : 235046169400,
    "userAcceleration" : [
      0.000886937603354454,
      -0.006808638572692871,
      -0.015903472900390625
    ],
    "gravity" : [
      0.030042631551623344,
      -0.7374997735023499,
      -0.6746788620948792
    ],
    "rotationMatrix" : [
      0.9995362162590027,
      0.025527719408273697,
      0.01660347171127796,
      -0.004977956414222717,
      0.6748647689819336,
      -0.7379246354103088,
      -0.030042631551623344,
      0.7374997735023499,
      0.6746788620948792
    ]
  },
  {
    "timestamp" : 235046179417,
    "userAcceleration" : [
      -0.008220745250582695,
      -0.008900940418243408,
      -0.021314918994903564
    ],
    "gravity" : [
      0.028301307931542397,
      -0.738260805606842,
      -0.6739213466644287
    ],
    "rotationMatrix" : [
      0.9995821118354797,
      0.024872347712516785,
      0.014730503782629967,
      -0.005887052975594997,
      0.6740566492080688,
      -0.738656222820282,
      -0.028301307931542397,
      0.738260805606842,
      0.6739213466644287
    ]
  },
  {
    "timestamp" : 235046189433,
    "userAcceleration" : [
      -0.013994885608553886,
      -0.010613620281219482,
      -0.020663857460021973
    ],
    "gravity" : [
      0.026613889262080193,
      -0.7392184138298035,
      -0.6729397177696228
    ],
    "rotationMatrix" : [
      0.9996231198310852,
      0.024211281910538673,
      0.012937912717461586,
      -0.006728790700435638,
      0.673030436038971,
      -0.73958420753479,
      -0.026613889262080193,
      0.7392184734344482,
      0.6729397177696228
    ]
  },
  {
    "timestamp" : 235046199450,
    "userAcceleration" : [
      -0.008365698158740997,
      -0.00603175163269043,
      -0.01569533348083496
    ],
    "gravity" : [
      0.025089312344789505,
      -0.740275502204895,
      -0.6718352437019348
    ],
    "rotationMatrix" : [
      0.9996580481529236,
      0.023533735424280167,
      0.011400535702705383,
      -0.007371250540018082,
      0.6718915104866028,
      -0.740612804889679,
      -0.025089312344789505,
      0.7402755618095398,
      0.6718352437019348
    ]
  },
  {
    "timestamp" : 235046209466,
    "userAcceleration" : [
      -0.009880803525447845,
      -0.009645164012908936,
      -0.005408108234405518
    ],
    "gravity" : [
      0.023735778406262398,
      -0.7412855625152588,
      -0.6707699298858643
    ],
    "rotationMatrix" : [
      0.9996879696846008,
      0.022823648527264595,
      0.010151812806725502,
      -0.0077840243466198444,
      0.67080157995224,
      -0.741595983505249,
      -0.023735778406262398,
      0.7412855625152588,
      0.6707699298858643
    ]
  },
  {
    "timestamp" : 235046219483,
    "userAcceleration" : [
      -0.01708180643618107,
      -0.01100391149520874,
      0.000926971435546875
    ],
    "gravity" : [
      0.022574976086616516,
      -0.7422155737876892,
      -0.6697807908058167
    ],
    "rotationMatrix" : [
      0.9997127652168274,
      0.022149940952658653,
      0.0091499462723732,
      -0.008044369518756866,
      0.6697949767112732,
      -0.7425023913383484,
      -0.022574976086616516,
      0.7422155737876892,
      0.6697807908058167
    ]
  },
  {
    "timestamp" : 235046229499,
    "userAcceleration" : [
      -0.02121715247631073,
      -0.010144054889678955,
      -0.0014940500259399414
    ],
    "gravity" : [
      0.021613864228129387,
      -0.743105947971344,
      -0.6688246130943298
    ],
    "rotationMatrix" : [
      0.9997327327728271,
      0.0215517058968544,
      0.008362261578440666,
      -0.0082002654671669,
      0.6688266396522522,
      -0.7433732151985168,
      -0.021613864228129387,
      0.743105947971344,
      0.6688246130943298
    ]
  },
  {
    "timestamp" : 235046239516,
    "userAcceleration" : [
      -0.017723925411701202,
      -0.004162788391113281,
      -0.008153319358825684
    ],
    "gravity" : [
      0.02092825621366501,
      -0.7440365552902222,
      -0.6678110361099243
    ],
    "rotationMatrix" : [
      0.9997469782829285,
      0.02108488231897354,
      0.007839100435376167,
      -0.00824814010411501,
      0.667806088924408,
      -0.7442895174026489,
      -0.02092825621366501,
      0.7440365552902222,
      0.6678110361099243
    ]
  },
  {
    "timestamp" : 235046249532,
    "userAcceleration" : [
      -0.02398819662630558,
      -0.0016314983367919922,
      -0.00913935899734497
    ],
    "gravity" : [
      0.020539704710245132,
      -0.745026707649231,
      -0.6667182445526123
    ],
    "rotationMatrix" : [
      0.9997561573982239,
      0.020712781697511673,
      0.007654084358364344,
      -0.008107091300189495,
      0.6667128801345825,
      -0.7452704906463623,
      -0.020539704710245132,
      0.745026707649231,
      0.6667182445526123
    ]
  },
  {
    "timestamp" : 235046259549,
    "userAcceleration" : [
      -0.02374066226184368,
      -0.0021697282791137695,
      -0.0008930563926696777
    ],
    "gravity" : [
      0.020368477329611778,
      -0.7460753321647644,
      -0.6655498743057251
    ],
    "rotationMatrix" : [
      0.9997614622116089,
      0.02044965885579586,
      0.007672796957194805,
      -0.007885782048106194,
      0.6655473709106445,
      -0.7463138699531555,
      -0.02036847546696663,
      0.7460753321647644,
      0.6655498743057251
    ]
  },
  {
    "timestamp" : 235046269565,
    "userAcceleration" : [
      -0.021547937765717506,
      0.0018309950828552246,
      0.009858965873718262
    ],
