[
  {
    "gravity" : [
      0.0056864009238779545,
      -0.9903848767280579,
      -0.13822205364704132
    ],
    "timestamp" : 235055545016,
    "userAcceleration" : [
      -0.028269458562135696,
      0.026014208793640137,
      0.04529595375061035
    ],
    "rotationMatrix" : [
      0.5475623607635498,
      0.11874419450759888,
      -0.8282966017723083,
      -0.83674556016922,
      0.07097521424293518,
      -0.5429726243019104,
      -0.005686402320861816,
      0.9903848767280579,
      0.13822206854820251
    ]
  },
  {
    "gravity" : [
      0.0060326112434268,
      -0.990623950958252,
      -0.1364833414554596
    ],
    "timestamp" : 235055555033,
    "userAcceleration" : [
      -0.022176453843712807,
      0.02153831720352173,
      0.026543617248535156
    ],
    "rotationMatrix" : [
      0.5461634993553162,
      0.11759433150291443,
      -0.8293834924697876,
      -0.8376568555831909,
      0.0695388913154602,
      -0.5417520999908447,
      -0.0060325562953948975,
      0.990623950958252,
      0.1364833265542984
    ]
  },
  {
    "gravity" : [
      0.006428335327655077,
      -0.9908407330513,
      -0.13488300144672394
    ],
    "timestamp" : 235055565050,
    "userAcceleration" : [
      -0.016422880813479424,
      0.020580172538757324,
      0.012995719909667969
    ],
    "rotationMatrix" : [
      0.5445278882980347,
      0.11660200357437134,
      -0.8305981159210205,
      -0.838718056678772,
      0.06810823082923889,
      -0.5402899980545044,
      -0.006428331136703491,
      0.9908406734466553,
      0.13488304615020752
    ]
  },
  {
    "gravity" : [
      0.0068731228820979595,
      -0.9910513162612915,
      -0.1333046406507492
    ],
    "timestamp" : 235055575067,
    "userAcceleration" : [
      -0.020041506737470627,
      0.02333897352218628,
      -0.0005760788917541504
    ],
    "rotationMatrix" : [
      0.5429979562759399,
      0.11564087867736816,
      -0.8317334055900574,
      -0.8397058844566345,
      0.06666749715805054,
      -0.5389336347579956,
      -0.006873130798339844,
      0.9910513162612915,
      0.133304625749588
    ]
  },
  {
    "gravity" : [
      0.007412219885736704,
      -0.9912620782852173,
      -0.13169848918914795
    ],
    "timestamp" : 235055585084,
    "userAcceleration" : [
      -0.025982216000556946,
      0.016286492347717285,
      -0.01455707848072052
    ],
    "rotationMatrix" : [
      0.5413837432861328,
      0.11470866203308105,
      -0.832913875579834,
      -0.8407429456710815,
      0.0651257336139679,
      -0.5375033617019653,
      -0.007412225008010864,
      0.9912620782852173,
      0.13169854879379272
    ]
  },
  {
    "gravity" : [
      0.008040975779294968,
      -0.991483747959137,
      -0.1299821436405182
    ],
    "timestamp" : 235055595100,
    "userAcceleration" : [
      -0.02661096304655075,
      0.01650822162628174,
      -0.016273438930511475
    ],
    "rotationMatrix" : [
      0.5398103594779968,
      0.11372324824333191,
      -0.8340694308280945,
      -0.8417482376098633,
      0.06345900893211365,
      -0.5361276268959045,
      -0.008040964603424072,
      0.991483747959137,
      0.12998218834400177
    ]
  },
  {
    "gravity" : [
      0.00865829735994339,
      -0.9917259216308594,
      -0.12808124721050262
    ],
    "timestamp" : 235055605117,
    "userAcceleration" : [
      -0.020148228853940964,
      0.018444061279296875,
      -0.015168383717536926
    ],
    "rotationMatrix" : [
      0.538129448890686,
      0.1125783622264862,
      -0.8353099822998047,
      -0.8428177833557129,
      0.06169193983078003,
      -0.5346516966819763,
      -0.00865831971168518,
      0.9917258620262146,
      0.1280812919139862
    ]
  },
  {
    "gravity" : [
      0.009144787676632404,
      -0.9919801950454712,
      -0.12606242299079895
    ],
    "timestamp" : 235055615134,
    "userAcceleration" : [
      -0.012867985293269157,
      0.024100005626678467,
      -0.009435713291168213
    ],
    "rotationMatrix" : [
      0.5365760326385498,
      0.11124864220619202,
      -0.8364866971969604,
      -0.8438024520874023,
      0.059992581605911255,
      -0.5332900881767273,
      -0.009144812822341919,
      0.9919801354408264,
      0.12606245279312134
    ]
  },
  {
    "gravity" : [
      0.009487351402640343,
      -0.9922335743904114,
      -0.12402591109275818
    ],
    "timestamp" : 235055625151,
    "userAcceleration" : [
      -0.01319529302418232,
      0.026581168174743652,
      -0.0021491050720214844
    ],
    "rotationMatrix" : [
      0.5350710153579712,
      0.10981816053390503,
      -0.8376388549804688,
      -0.8447537422180176,
      0.05841571092605591,
      -0.5319573283195496,
      -0.009487330913543701,
      0.9922335743904114,
      0.12402589619159698
    ]
  },
  {
    "gravity" : [
      0.009687194600701332,
      -0.992469072341919,
      -0.12211120873689651
    ],
    "timestamp" : 235055635167,
    "userAcceleration" : [
      -0.011167356744408607,
      0.027976393699645996,
      0.016001470386981964
    ],
    "rotationMatrix" : [
      0.533720850944519,
      0.10839927196502686,
      -0.8386843800544739,
      -0.8456051349639893,
      0.05704882740974426,
      -0.5307514667510986,
      -0.009687185287475586,
      0.992469072341919,
      0.12211120128631592
    ]
  },
  {
    "gravity" : [
      0.009704316966235638,
      -0.992670476436615,
      -0.12046094238758087
    ],
    "timestamp" : 235055645184,
    "userAcceleration" : [
      -0.005950696766376495,
      0.030542969703674316,
      0.0312274768948555
    ],
    "rotationMatrix" : [
      0.5326175689697266,
      0.1070868968963623,
      -0.839553952217102,
      -0.8463003039360046,
      0.056012362241744995,
      -0.5297529697418213,
      -0.009704262018203735,
      0.9926705360412598,
      0.12046089768409729
    ]
  },
  {
    "gravity" : [
      0.009487838484346867,
      -0.992828905582428,
      -0.11916587501764297
    ],
    "timestamp" : 235055655201,
    "userAcceleration" : [
      -0.009640488773584366,
      0.02931278944015503,
      0.03882826119661331
    ],
    "rotationMatrix" : [
      0.5314035415649414,
      0.10595646500587463,
      -0.8404661417007446,
      -0.8470655679702759,
      0.05535101890563965,
      -0.5285980105400085,
      -0.009487837553024292,
      0.992828905582428,
      0.11916588246822357
    ]
  },
  {
    "gravity" : [
      0.009128839708864689,
      -0.9929396510124207,
      -0.11826921254396439
    ],
    "timestamp" : 235055665218,
    "userAcceleration" : [
      -0.012256945483386517,
      0.02011561393737793,
      0.03643620014190674
    ],
    "rotationMatrix" : [
      0.5298024415969849,
      0.10511192679405212,
      -0.8415823578834534,
      -0.8480719327926636,
      0.05497661232948303,
      -0.5270214676856995,
      -0.009128808975219727,
      0.9929396510124207,
      0.1182691752910614
    ]
  },
  {
    "gravity" : [
      0.008611970581114292,
      -0.993004560470581,
      -0.11776184290647507
    ],
    "timestamp" : 235055675235,
    "userAcceleration" : [
      -0.013098119758069515,
      0.01682358980178833,
      0.02152460813522339
    ],
    "rotationMatrix" : [
      0.5282495617866516,
      0.10451039671897888,
      -0.8426327705383301,
      -0.8490455150604248,
      0.054950833320617676,
      -0.5254542827606201,
      -0.008611977100372314,
      0.993004560470581,
      0.11776179075241089
    ]
  },
  {
    "gravity" : [
      0.007989810779690742,
      -0.9930466413497925,
      -0.11744946986436844
    ],
    "timestamp" : 235055685251,
    "userAcceleration" : [
      -0.020807242020964622,
      0.006291389465332031,
      0.004152901470661163
    ],
    "rotationMatrix" : [
      0.52680504322052,
      0.1040123999118805,
      -0.8435981273651123,
      -0.849948525428772,
      0.05513286590576172,
      -0.5239729285240173,
      -0.007989853620529175,
      0.9930465817451477,
      0.11744952201843262
    ]
  },
  {
    "gravity" : [
      0.007358883507549763,
      -0.9930940866470337,
      -0.11708924174308777
    ],
    "timestamp" : 235055695268,
    "userAcceleration" : [
      -0.03187980130314827,
      0.002707242965698242,
      -0.008261799812316895
    ],
    "rotationMatrix" : [
      0.5253639221191406,
      0.10346981883049011,
      -0.8445630073547363,
      -0.8508458137512207,
      0.055299460887908936,
      -0.5224971771240234,
      -0.007358849048614502,
      0.9930940866470337,
      0.11708924174308777
    ]
  },
  {
    "gravity" : [
      0.00683702202513814,
      -0.9931574463844299,
      -0.11658187210559845
    ],
    "timestamp" : 235055705285,
    "userAcceleration" : [
      -0.040650561451911926,
      0.004388093948364258,
      -0.016200177371501923
    ],
    "rotationMatrix" : [
      0.5240676999092102,
      0.10285010933876038,
      -0.8454435467720032,
      -0.8516491651535034,
      0.05531647801399231,
      -0.5211849212646484,
      -0.006837010383605957,
      0.9931575059890747,
      0.11658182740211487
    ]
  },
  {
    "gravity" : [
      0.006519517861306667,
      -0.993240237236023,
      -0.11589248478412628
    ],
    "timestamp" : 235055715302,
    "userAcceleration" : [
      -0.045215871185064316,
      0.005142271518707275,
      -0.018537573516368866
    ],
    "rotationMatrix" : [
      0.5232076644897461,
      0.102153480052948,
      -0.8460603952407837,
      -0.8521801829338074,
      0.05511996150016785,
      -0.5203368663787842,
      -0.006519496440887451,
      0.993240237236023,
      0.1158924549818039
    ]
  },
  {
    "gravity" : [
      0.0064131817780435085,
      -0.9933426976203918,
      -0.11501703411340714
    ],
    "timestamp" : 235055725319,
    "userAcceleration" : [
      -0.04318692162632942,
      0.0050615668296813965,
      -0.012592308223247528
    ],
    "rotationMatrix" : [
      0.5221390724182129,
      0.10142102837562561,
      -0.8468083143234253,
      -0.8528361320495605,
      0.05462422966957092,
      -0.5193133354187012,
      -0.006413191556930542,
      0.9933426380157471,
      0.11501705646514893
    ]
  },
  {
    "gravity" : [
      0.0064392415806651115,
      -0.993449330329895,
      -0.11409199237823486
    ],
    "timestamp" : 235055735335,
    "userAcceleration" : [
      -0.030242998152971268,
      0.007273852825164795,
      -0.0040569305419921875
    ],
    "rotationMatrix" : [
      0.5211542248725891,
      0.10070851445198059,
      -0.8474998474121094,
      -0.8534382581710815,
      0.054002225399017334,
      -0.5183888077735901,
      -0.006439238786697388,
      0.9934493899345398,
      0.11409197747707367
    ]
  },
  {
    "gravity" : [
      0.006489025894552469,
      -0.9935476779937744,
      -0.1132296770811081
    ],
    "timestamp" : 235055745352,
    "userAcceleration" : [
      -0.025974556803703308,
      0.0072196125984191895,
      0.004022419452667236
    ],
    "rotationMatrix" : [
      0.5200706124305725,
      0.10006654262542725,
      -0.8482412695884705,
      -0.8540986180305481,
      0.05338314175605774,
      -0.5173642635345459,
      -0.0064890384674072266,
      0.9935476779937744,
      0.1132296621799469
    ]
  },
  {
    "gravity" : [
      0.006497103720903397,
      -0.9936365485191345,
      -0.11244624853134155
    ],
    "timestamp" : 235055755369,
    "userAcceleration" : [
      -0.02515866793692112,
      0.003936290740966797,
      0.013019859790802002
    ],
    "rotationMatrix" : [
      0.5186114311218262,
      0.09949210286140442,
      -0.8492016792297363,
      -0.8549853563308716,
      0.052798569202423096,
      -0.5159576535224915,
      -0.006497114896774292,
      0.9936365485191345,
      0.11244624853134155
    ]
  },
  {
    "gravity" : [
      0.006468556821346283,
      -0.993717610836029,
      -0.11172850430011749
    ],
    "timestamp" : 235055765386,
    "userAcceleration" : [
      -0.026152458041906357,
      0.0040174126625061035,
      0.013110823929309845
    ],
    "rotationMatrix" : [
      0.5172337293624878,
      0.09894821047782898,
      -0.8501049280166626,
      -0.8558197021484375,
      0.052290886640548706,
      -0.5146242380142212,
      -0.006468594074249268,
      0.9937175512313843,
      0.11172854900360107
    ]
  },
  {
    "gravity" : [
      0.006519312504678965,
      -0.9937843084335327,
      -0.1111302524805069
    ],
    "timestamp" : 235055775402,
    "userAcceleration" : [
      -0.03000263124704361,
      0.000605165958404541,
      0.00941503793001175
    ],
    "rotationMatrix" : [
      0.5161182880401611,
      0.098530113697052,
      -0.850831151008606,
      -0.8564924001693726,
      0.05180957913398743,
      -0.5135525465011597,
      -0.006519287824630737,
      0.9937843084335327,
      0.1111302375793457
    ]
  },
  {
    "gravity" : [
      0.006739145144820213,
      -0.993834912776947,
      -0.11066465079784393
    ],
    "timestamp" : 235055785419,
    "userAcceleration" : [
      -0.030481865629553795,
      -0.004745960235595703,
      0.004371821880340576
    ],
    "rotationMatrix" : [
      0.5149602890014648,
      0.09831374883651733,
      -0.8515574932098389,
      -0.8571875095367432,
      0.051249176263809204,
      -0.5124480128288269,
      -0.006739139556884766,
      0.993834912776947,
      0.11066468060016632
    ]
  },
  {
    "gravity" : [
      0.007086126133799553,
      -0.9938752055168152,
      -0.11027988791465759
    ],
    "timestamp" : 235055795436,
    "userAcceleration" : [
      -0.03088989108800888,
      -0.004476666450500488,
      -0.0040390342473983765
    ],
    "rotationMatrix" : [
      0.5135945081710815,
      0.09824252128601074,
      -0.8523901700973511,
      -0.8580036759376526,
      0.05059903860092163,
      -0.5111449360847473,
      -0.007086127996444702,
      0.9938752055168152,
      0.1102798730134964
    ]
  },
  {
    "gravity" : [
      0.007442779839038849,
      -0.9939201474189758,
      -0.10985163599252701
    ],
    "timestamp" : 235055805453,
    "userAcceleration" : [
      -0.02140462026000023,
      -0.0046149492263793945,
      -0.012722313404083252
    ],
    "rotationMatrix" : [
      0.5117427110671997,
      0.09816527366638184,
      -0.8535121083259583,
      -0.8591064810752869,
      0.0498633086681366,
      -0.509361982345581,
      -0.007442772388458252,
      0.993920087814331,
      0.1098516583442688
    ]
  },
  {
    "gravity" : [
      0.007688605692237616,
      -0.9939733147621155,
      -0.10935112088918686
    ],
    "timestamp" : 235055815470,
    "userAcceleration" : [
      -0.014127859845757484,
      -0.006774187088012695,
      -0.011956319212913513
    ],
    "rotationMatrix" : [
      0.5100276470184326,
      0.09795892238616943,
      -0.8545616865158081,
      -0.8601235747337341,
      0.049201756715774536,
      -0.5077069401741028,
      -0.007688611745834351,
      0.9939733147621155,
      0.10935111343860626
    ]
  },
  {
    "gravity" : [
      0.007737032603472471,
      -0.9940205216407776,
      -0.10891846567392349
    ],
    "timestamp" : 235055825486,
    "userAcceleration" : [
      -0.01489344984292984,
      -0.005933582782745361,
      0.0008861422538757324
    ],
    "rotationMatrix" : [
      0.5082632303237915,
      0.0977117121219635,
      -0.8556406497955322,
      -0.8611669540405273,
      0.048739105463027954,
      -0.5059801340103149,
      -0.007737010717391968,
      0.9940205812454224,
      0.10891841351985931
    ]
  },
  {
    "gravity" : [
      0.007560116238892078,
      -0.9940402507781982,
      -0.10875105857849121
    ],
    "timestamp" : 235055835503,
    "userAcceleration" : [
      -0.017707277089357376,
      -0.003915011882781982,
      0.017045676708221436
    ],
    "rotationMatrix" : [
      0.5062112808227539,
      0.09759408235549927,
      -0.8568695783615112,
      -0.86237633228302,
      0.04857298731803894,
      -0.5039321184158325,
      -0.007560133934020996,
      0.9940402507781982,
      0.10875105857849121
    ]
  },
  {
    "gravity" : [
      0.007215975318104029,
      -0.9940229058265686,
      -0.10893276333808899
    ],
    "timestamp" : 235055845520,
    "userAcceleration" : [
      -0.01692061685025692,
      -0.004435896873474121,
      0.02816784381866455
    ],
    "rotationMatrix" : [
      0.5040708780288696,
      0.09769850969314575,
      -0.8581185936927795,
      -0.8636321425437927,
      0.0487176775932312,
      -0.5017629265785217,
      -0.007215976715087891,
      0.9940229058265686,
      0.10893276333808899
    ]
  },
  {
    "gravity" : [
      0.006724391598254442,
      -0.993971049785614,
      -0.10943526029586792
    ],
    "timestamp" : 235055855537,
    "userAcceleration" : [
      -0.01958761177957058,
      -0.0072190165519714355,
      0.029463887214660645
    ],
    "rotationMatrix" : [
      0.5018681883811951,
      0.09801125526428223,
      -0.8593729734420776,
      -0.8649178743362427,
      0.04914334416389465,
      -0.499501496553421,
      -0.0067243874073028564,
      0.9939711093902588,
      0.10943524539470673
    ]
  },
  {
    "gravity" : [
      0.006131318397819996,
      -0.9938883185386658,
      -0.11021800339221954
    ],
    "timestamp" : 235055865554,
    "userAcceleration" : [
      -0.0235569030046463,
      -0.007499992847442627,
      0.01839049905538559
    ],
    "rotationMatrix" : [
      0.4999001622200012,
      0.09850537776947021,
      -0.8604627847671509,
      -0.8660612106323242,
      0.049822330474853516,
      -0.49744877219200134,
      -0.00613132119178772,
      0.993888258934021,
      0.11021800339221954
    ]
  },
  {
    "gravity" : [
      0.005481421947479248,
      -0.9937865138053894,
      -0.11116739362478256
    ],
    "timestamp" : 235055875570,
    "userAcceleration" : [
      -0.021136993542313576,
      -0.003680408000946045,
      0.002128005027770996
    ],
    "rotationMatrix" : [
      0.49798503518104553,
      0.09911647439002991,
      -0.8615026473999023,
      -0.8671683073043823,
      0.050637513399124146,
      -0.495434045791626,
      -0.00548139214515686,
      0.9937864542007446,
      0.11116743087768555
    ]
  },
  {
    "gravity" : [
      0.004777145572006702,
      -0.993684709072113,
      -0.11210698634386063
    ],
    "timestamp" : 235055885587,
    "userAcceleration" : [
      -0.017899762839078903,
      0.0023363828659057617,
      -0.01303042471408844
    ],
    "rotationMatrix" : [
      0.4961075782775879,
      0.09969398379325867,
      -0.8625186681747437,
      -0.8682479858398438,
      0.0514967143535614,
      -0.493450790643692,
      -0.00477716326713562,
      0.9936847686767578,
      0.11210696399211884
    ]
  },
  {
    "gravity" : [
      0.004054810851812363,
      -0.9936040639877319,
      -0.11284638941287994
    ],
    "timestamp" : 235055895604,
    "userAcceleration" : [
      -0.022029727697372437,
      0.0029730796813964844,
      -0.016502492129802704
    ],
    "rotationMatrix" : [
      0.494437038898468,
      0.10008007287979126,
      -0.8634325265884399,
      -0.8692038655281067,
      0.05229443311691284,
      -0.491680383682251,
      -0.004054814577102661,
      0.9936040639877319,
      0.11284638941287994
    ]
  },
  {
    "gravity" : [
      0.0033737553749233484,
      -0.9935593605041504,
      -0.11326176673173904
    ],
    "timestamp" : 235055905621,
    "userAcceleration" : [
      -0.028306661173701286,
      0.0024706125259399414,
      -0.02026795595884323
    ],
    "rotationMatrix" : [
      0.4926719069480896,
      0.10021385550498962,
      -0.864425539970398,
      -0.8702085018157959,
      0.052884578704833984,
      -0.48983681201934814,
      -0.003373771905899048,
      0.9935593605041504,
      0.11326175928115845
    ]
  },
  {
    "gravity" : [
      0.0026866155676543713,
      -0.993559718132019,
      -0.11327847838401794
    ],
    "timestamp" : 235055915638,
    "userAcceleration" : [
      -0.025727443397045135,
      0.007552027702331543,
      -0.017794623970985413
    ],
    "rotationMatrix" : [
      0.4911080002784729,
      0.0999879539012909,
      -0.8653411865234375,
      -0.8710945844650269,
      0.05330705642700195,
      -0.48821383714675903,
      -0.0026865899562835693,
      0.9935597777366638,
      0.11327844858169556
    ]
  },
  {
    "gravity" : [
      0.0019320882856845856,
      -0.9935910701751709,
      -0.11301754415035248
    ],
    "timestamp" : 235055925654,
    "userAcceleration" : [
      -0.022165292873978615,
      0.010238468647003174,
      -0.003117203712463379
    ],
    "rotationMatrix" : [
      0.4895232617855072,
      0.09948998689651489,
      -0.8662959337234497,
      -0.87198805809021,
      0.05365097522735596,
      -0.486578106880188,
      -0.0019320845603942871,
      0.9935910701751709,
      0.11301752924919128
    ]
  },
  {
    "gravity" : [
      0.001141037093475461,
      -0.9936325550079346,
      -0.11266307532787323
    ],
    "timestamp" : 235055935671,
    "userAcceleration" : [
      -0.031185656785964966,
      0.013377487659454346,
      0.009177863597869873
    ],
    "rotationMatrix" : [
      0.4880749583244324,
      0.09888589382171631,
      -0.8671818971633911,
      -0.8728009462356567,
      0.053998589515686035,
      -0.4850800037384033,
      -0.0011410415172576904,
      0.9936325550079346,
      0.11266310513019562
    ]
  },
  {
    "gravity" : [
      0.0004065532993990928,
      -0.9936697483062744,
      -0.11234037578105927
    ],
    "timestamp" : 235055945688,
    "userAcceleration" : [
      -0.035242412239313126,
      0.012071788311004639,
      0.01929222047328949
    ],
    "rotationMatrix" : [
      0.4868762493133545,
      0.0983227789402008,
      -0.8679194450378418,
      -0.8734709024429321,
      0.054342955350875854,
      -0.4838341772556305,
      -0.00040656328201293945,
      0.9936697483062744,
      0.11234036087989807
    ]
  },
  {
    "gravity" : [
      -0.00018626193923410028,
      -0.9936858415603638,
      -0.11219862848520279
    ],
    "timestamp" : 235055955705,
    "userAcceleration" : [
      -0.03130792826414108,
      0.009966909885406494,
      0.038071319460868835
    ],
    "rotationMatrix" : [
      0.4852944016456604,
      0.09801119565963745,
      -0.8688401579856873,
      -0.8743508458137512,
      0.0546112060546875,
      -0.4822119474411011,
      0.0001862645149230957,
      0.9936858415603638,
      0.11219865083694458
    ]
  },
  {
    "gravity" : [
      -0.0008185586775653064,
      -0.9936764240264893,
      -0.11227823793888092
    ],
    "timestamp" : 235055965722,
    "userAcceleration" : [
      -0.021688204258680344,
      0.018914520740509033,
      0.02994173765182495
    ],
    "rotationMatrix" : [
      0.48356014490127563,
      0.09788504242897034,
      -0.8698207139968872,
      -0.8753106594085693,
      0.05500534176826477,
      -0.48042216897010803,
      0.0008185505867004395,
      0.9936764240264893,
      0.11227826774120331
    ]
  },
  {
    "gravity" : [
      -0.001504648826085031,
      -0.9936522841453552,
      -0.11248358339071274
    ],
    "timestamp" : 235055975738,
    "userAcceleration" : [
      -0.023977579548954964,
      0.01734936237335205,
      0.024028316140174866
    ],
    "rotationMatrix" : [
      0.481855571269989,
      0.09784334897994995,
      -0.8707706928253174,
      -0.8762492537498474,
      0.05551111698150635,
      -0.4786495566368103,
      0.0015046298503875732,
      0.9936522841453552,
      0.11248357594013214
    ]
  },
  {
    "gravity" : [
      -0.0021448407787829638,
      -0.9936216473579407,
      -0.1127452552318573
    ],
    "timestamp" : 235055985755,
    "userAcceleration" : [
      -0.02704527974128723,
      0.019347965717315674,
      0.019224032759666443
    ],
    "rotationMatrix" : [
      0.48030054569244385,
      0.09786590933799744,
      -0.8716270923614502,
      -0.8771014213562012,
      0.05602109432220459,
      -0.47702711820602417,
      0.002144843339920044,
      0.9936216473579407,
      0.1127452701330185
    ]
  },
  {
    "gravity" : [
      -0.0027192258276045322,
      -0.9935863614082336,
      -0.11304289847612381
    ],
    "timestamp" : 235055995772,
    "userAcceleration" : [
      -0.021527037024497986,
      0.019602656364440918,
      0.016393601894378662
    ],
    "rotationMatrix" : [
      0.4789196848869324,
      0.09794196486473083,
      -0.872377872467041,
      -0.8778544664382935,
      0.056510746479034424,
      -0.47558167576789856,
      0.0027192234992980957,
      0.9935863018035889,
      0.11304296553134918
    ]
  },
  {
    "gravity" : [
      -0.0032344995997846127,
      -0.9935475587844849,
      -0.11336986720561981
    ],
    "timestamp" : 235056005789,
    "userAcceleration" : [
      -0.014709904789924622,
      0.02131861448287964,
      0.016552746295928955
    ],
    "rotationMatrix" : [
      0.47773388028144836,
      0.09806102514266968,
      -0.8730144500732422,
      -0.8784986138343811,
      0.056984394788742065,
      -0.47433412075042725,
      0.00323447585105896,
      0.9935475587844849,
      0.113369882106781
    ]
  },
  {
    "gravity" : [
      -0.003765897126868367,
      -0.9935044646263123,
      -0.1137314960360527
    ],
    "timestamp" : 235056015805,
    "userAcceleration" : [
      -0.010073890909552574,
      0.02206885814666748,
      0.021354660391807556
    ],
    "rotationMatrix" : [
      0.47675782442092896,
      0.09819069504737854,
      -0.8735333681106567,
      -0.8790266513824463,
      0.05751192569732666,
      -0.4732913076877594,
      0.0037659108638763428,
      0.993504524230957,
      0.11373144388198853
    ]
  },
  {
    "gravity" : [
      -0.004412367939949036,
      -0.9934613108634949,
      -0.11408404260873795
    ],
    "timestamp" : 235056025822,
    "userAcceleration" : [
      -0.01067863404750824,
      0.01990485191345215,
      0.026620566844940186
    ],
    "rotationMatrix" : [
      0.47568267583847046,
      0.09826576709747314,
      -0.8741108775138855,
      -0.8796058893203735,
      0.058124691247940063,
      -0.47213879227638245,
      0.004412353038787842,
      0.9934613704681396,
      0.11408405005931854
    ]
  },
  {
    "gravity" : [
      -0.00523335300385952,
      -0.9934123158454895,
      -0.1144748106598854
    ],
    "timestamp" : 235056035839,
    "userAcceleration" : [
      -0.00822494737803936,
      0.018955647945404053,
      0.029010243713855743
    ],
    "rotationMatrix" : [
      0.4740620255470276,
      0.09833034873008728,
      -0.874983549118042,
      -0.8804758787155151,
      0.05884730815887451,
      -0.4704243838787079,
      0.00523337721824646,
      0.9934122562408447,
      0.114474818110466
    ]
  },
  {
    "gravity" : [
      -0.006206671241670847,
      -0.9933541417121887,
      -0.11492910981178284
    ],
    "timestamp" : 235056045856,
    "userAcceleration" : [
      -0.0071295783855021,
      0.013160228729248047,
      0.029052570462226868
    ],
    "rotationMatrix" : [
      0.4723249077796936,
      0.09839040040969849,
      -0.8759157061576843,
      -0.8814025521278381,
      0.059720516204833984,
      -0.4685751497745514,
      0.006206691265106201,
      0.9933542013168335,
      0.11492913961410522
    ]
  },
  {
    "gravity" : [
      -0.007248241920024157,
      -0.9932857751846313,
      -0.11545830219984055
    ],
    "timestamp" : 235056055873,
    "userAcceleration" : [
      -0.006164290942251682,
      0.009185612201690674,
      0.02376820147037506
    ],
    "rotationMatrix" : [
      0.4702519178390503,
      0.0985116958618164,
      -0.8770167827606201,
      -0.8825023770332336,
      0.06065139174461365,
      -0.4663804769515991,
      0.007248252630233765,
      0.9932857751846313,
      0.11545829474925995
    ]
  },
  {
    "gravity" : [
      -0.00829518586397171,
      -0.9932129383087158,
      -0.1160123273730278
    ],
    "timestamp" : 235056065889,
    "userAcceleration" : [
      -0.012868800200521946,
      0.006869792938232422,
      0.01974453777074814
    ],
    "rotationMatrix" : [
      0.4682445526123047,
      0.0986526608467102,
      -0.8780742883682251,
      -0.8835598230361938,
      0.06160604953765869,
      -0.46424809098243713,
      0.008295178413391113,
      0.9932129383087158,
      0.11601234972476959
    ]
  },
  {
    "gravity" : [
      -0.009270870126783848,
      -0.9931457042694092,
      -0.11651351302862167
    ],
    "timestamp" : 235056075906,
    "userAcceleration" : [
      -0.01955304481089115,
      0.003079354763031006,
      0.011166699230670929
    ],
    "rotationMatrix" : [
      0.4661372900009155,
      0.09879180788993835,
      -0.8791791796684265,
      -0.8846637010574341,
      0.06246209144592285,
      -0.46202632784843445,
      0.009270846843719482,
      0.9931457042694092,
      0.11651349067687988
    ]
  },
  {
    "gravity" : [
      -0.010115147568285465,
      -0.9930845499038696,
      -0.11696447432041168
    ],
    "timestamp" : 235056085923,
    "userAcceleration" : [
      -0.022019919008016586,
      0.0019957423210144043,
      0.005666792392730713
    ],
    "rotationMatrix" : [
      0.46416616439819336,
      0.09894174337387085,
      -0.8802046775817871,
      -0.8856903314590454,
      0.06319436430931091,
      -0.4599553644657135,
      0.01011514663696289,
      0.9930845499038696,
      0.11696447432041168
    ]
  },
  {
    "gravity" : [
      -0.010726974345743656,
      -0.9930332899093628,
      -0.11734422296285629
    ],
    "timestamp" : 235056095940,
    "userAcceleration" : [
      -0.029449462890625,
      0.005713462829589844,
      0.0033762529492378235
    ],
    "rotationMatrix" : [
      0.46272218227386475,
      0.09910070896148682,
      -0.8809467554092407,
      -0.8864383697509766,
      0.06374776363372803,
      -0.4584353566169739,
      0.010726958513259888,
      0.993033230304718,
      0.11734427511692047
    ]
  },
  {
    "gravity" : [
      -0.011072192341089249,
      -0.9929923415184021,
      -0.11765891313552856
    ],
    "timestamp" : 235056105957,
    "userAcceleration" : [
      -0.030111340805888176,
      0.002819061279296875,
      0.0006239414215087891
    ],
    "rotationMatrix" : [
      0.4613837003707886,
      0.09931835532188416,
      -0.8816240429878235,
      -0.8871315717697144,
      0.06404748558998108,
      -0.45705077052116394,
      0.011072218418121338,
      0.9929922819137573,
      0.11765895783901215
    ]
  },
  {
    "gravity" : [
      -0.011251207441091537,
      -0.9929580092430115,
      -0.11793068051338196
    ],
    "timestamp" : 235056115973,
    "userAcceleration" : [
      -0.019998837262392044,
      -9.912252426147461e-05,
      0.00011748820543289185
    ],
    "rotationMatrix" : [
      0.46012404561042786,
      0.09956896305084229,
      -0.8822537660598755,
      -0.8877832889556885,
      0.06418925523757935,
      -0.45576345920562744,
      0.011251181364059448,
      0.9929579496383667,
      0.11793074011802673
    ]
  },
  {
    "gravity" : [
      -0.011427080258727074,
      -0.9929227232933044,
      -0.11821047216653824
    ],
    "timestamp" : 235056125990,
    "userAcceleration" : [
      -0.00854672770947218,
      -0.0013551115989685059,
      0.0052953362464904785
    ],
    "rotationMatrix" : [
      0.4587089419364929,
      0.09983992576599121,
      -0.8829598426818848,
      -0.8885130882263184,
      0.06431388854980469,
      -0.45432156324386597,
      0.011427074670791626,
      0.9929227232933044,
      0.11821047961711884
    ]
  },
  {
    "gravity" : [
      -0.011651202104985714,
      -0.9928866028785706,
      -0.11849254369735718
    ],
    "timestamp" : 235056136007,
    "userAcceleration" : [
      -0.010138400830328465,
      -0.004336237907409668,
      0.012916922569274902
    ],
    "rotationMatrix" : [
      0.4568675756454468,
      0.10012257099151611,
      -0.8838820457458496,
      -0.889458417892456,
      0.06443366408348083,
      -0.4524511694908142,
      0.011651217937469482,
      0.9928866028785706,
      0.11849251389503479
    ]
  },
  {
    "gravity" : [
      -0.011899753473699093,
      -0.9928476810455322,
      -0.11879245191812515
    ],
    "timestamp" : 235056146024,
    "userAcceleration" : [
      -0.010698575526475906,
      -0.0037647485733032227,
      0.00926477462053299
    ],
    "rotationMatrix" : [
      0.454951673746109,
      0.10041612386703491,
      -0.8848363757133484,
      -0.8904365301132202,
      0.0645742416381836,
      -0.4505026638507843,
      0.011899769306182861,
      0.9928476810455322,
      0.11879244446754456
    ]
  },
  {
    "gravity" : [
      -0.012170620262622833,
      -0.9928137063980103,
      -0.11904919147491455
    ],
    "timestamp" : 235056156041,
    "userAcceleration" : [
      -0.008505103178322315,
      -0.0023949146270751953,
      0.004180975258350372
    ],
    "rotationMatrix" : [
      0.4525727927684784,
      0.10069587826728821,
      -0.886023759841919,
      -0.8916443586349487,
      0.0646618902683258,
      -0.4480949342250824,
      0.012170642614364624,
      0.9928137063980103,
      0.11904913187026978
    ]
  },
  {
    "gravity" : [
      -0.012462382204830647,
      -0.9927976727485657,
      -0.11915209889411926
    ],
    "timestamp" : 235056166057,
    "userAcceleration" : [
      -0.00897626020014286,
      -0.0009003281593322754,
      0.0017661452293395996
    ],
    "rotationMatrix" : [
      0.45018285512924194,
      0.10083049535751343,
      -0.8872251510620117,
      -0.892849326133728,
      0.064697265625,
      -0.4456838071346283,
      0.012462377548217773,
      0.9927976131439209,
      0.11915214359760284
    ]
  },
  {
    "gravity" : [
      -0.01278359442949295,
      -0.9928022027015686,
      -0.11908084154129028
    ],
    "timestamp" : 235056176074,
    "userAcceleration" : [
      -0.005786417052149773,
      -0.003108382225036621,
      -0.0011280179023742676
    ],
    "rotationMatrix" : [
      0.44778645038604736,
      0.10079741477966309,
      -0.8884408473968506,
      -0.8940491080284119,
      0.06468027830123901,
      -0.4432747960090637,
      0.012783586978912354,
      0.9928022027015686,
      0.11908082664012909
    ]
  },
  {
    "gravity" : [
      -0.013110260479152203,
      -0.9928265810012817,
      -0.118842214345932
    ],
    "timestamp" : 235056186091,
    "userAcceleration" : [
      -0.007534942589700222,
      -0.0005510449409484863,
      0.0017614364624023438
    ],
    "rotationMatrix" : [
      0.44523653388023376,
      0.10062342882156372,
      -0.8897411823272705,
      -0.8953169584274292,
      0.0645776093006134,
      -0.4407234489917755,
      0.013110250234603882,
      0.9928265810012817,
      0.11884218454360962
    ]
  },
  {
    "gravity" : [
      -0.013427714817225933,
      -0.9928639531135559,
      -0.1184924989938736
    ],
    "timestamp" : 235056196108,
    "userAcceleration" : [
      -0.007751527242362499,
      -0.0023903250694274902,
      0.00785095989704132
    ],
    "rotationMatrix" : [
      0.4426305890083313,
      0.10035756230354309,
      -0.8910703063011169,
      -0.8966033458709717,
      0.06441351771354675,
      -0.43812432885169983,
      0.013427734375,
      0.9928640127182007,
      0.11849245429039001
    ]
  },
  {
    "gravity" : [
      -0.013760805130004883,
      -0.9928978681564331,
      -0.11817100644111633
    ],
    "timestamp" : 235056206125,
    "userAcceleration" : [
      -0.00044518057256937027,
      -0.004553854465484619,
      0.01277846097946167
    ],
    "rotationMatrix" : [
      0.439772367477417,
      0.10012829303741455,
      -0.8925102353096008,
      -0.8980038166046143,
      0.06424999237060547,
      -0.43527117371559143,
      0.013760805130004883,
      0.9928978681564331,
      0.11817097663879395
    ]
  },
  {
    "gravity" : [
      -0.014112765900790691,
      -0.9929149150848389,
      -0.11798614263534546
    ],
    "timestamp" : 235056216141,
    "userAcceleration" : [
      0.0011427327990531921,
      -0.006840825080871582,
      0.009953856468200684
    ],
    "rotationMatrix" : [
      0.43710726499557495,
      0.0999995768070221,
      -0.8938329219818115,
      -0.8992986679077148,
      0.06418704986572266,
      -0.4325990378856659,
      0.014112770557403564,
      0.9929149150848389,
      0.11798614263534546
    ]
  },
  {
    "gravity" : [
      -0.014492896385490894,
      -0.9929177165031433,
      -0.11791577190160751
    ],
    "timestamp" : 235056226158,
    "userAcceleration" : [
      -0.0001403260976076126,
      -0.009752452373504639,
      0.004176683723926544
    ],
    "rotationMatrix" : [
      0.43455350399017334,
      0.09995412826538086,
      -0.8950822353363037,
      -0.9005292654037476,
      0.06421312689781189,
      -0.4300271272659302,
      0.014492899179458618,
      0.9929176568984985,
      0.11791577935218811
    ]
  },
  {
    "gravity" : [
      -0.014895849861204624,
      -0.9929178953170776,
      -0.11786457896232605
    ],
    "timestamp" : 235056236175,
    "userAcceleration" : [
      0.00455033965408802,
      -0.008867323398590088,
      0.0004938840866088867
    ],
    "rotationMatrix" : [
      0.43185335397720337,
      0.09992754459381104,
      -0.8963911533355713,
      -0.9018207788467407,
      0.06425279378890991,
      -0.42730632424354553,
      0.014895856380462646,
      0.9929178953170776,
      0.11786460876464844
    ]
  },
  {
    "gravity" : [
      -0.015326568856835365,
      -0.9929205179214478,
      -0.11778755486011505
    ],
    "timestamp" : 235056246192,
    "userAcceleration" : [
      0.012900365516543388,
      -0.006972670555114746,
      -0.003138437867164612
    ],
    "rotationMatrix" : [
      0.42923715710639954,
      0.09986075758934021,
      -0.8976543545722961,
      -0.9030617475509644,
      0.06431671977043152,
      -0.4246678948402405,
      0.01532655954360962,
      0.9929205775260925,
      0.11778753995895386
    ]
  },
  {
    "gravity" : [
      -0.01573500782251358,
      -0.9929363131523132,
      -0.11760012805461884
    ],
    "timestamp" : 235056256209,
    "userAcceleration" : [
      0.01910715363919735,
      -0.003233611583709717,
      -0.0030512213706970215
    ],
    "rotationMatrix" : [
      0.4266500473022461,
      0.09970217943191528,
      -0.8989044427871704,
      -0.904279887676239,
      0.06431838870048523,
      -0.4220674932003021,
      0.015735000371932983,
      0.9929362535476685,
      0.11760011315345764
    ]
  },
  {
    "gravity" : [
      -0.016094328835606575,
      -0.9929754734039307,
      -0.11721968650817871
    ],
    "timestamp" : 235056266225,
    "userAcceleration" : [
      0.02088553085923195,
      -0.0013023614883422852,
      -0.00199735164642334
    ],
    "rotationMatrix" : [
      0.42438188195228577,
      0.0993671715259552,
      -0.9000144600868225,
      -0.9053401947021484,
      0.06423115730285645,
      -0.4198014736175537,
      0.016094326972961426,
      0.9929754734039307,
      0.1172197163105011
    ]
  },
  {
    "gravity" : [
      -0.01642456464469433,
      -0.9930415153503418,
      -0.11661291867494583
    ],
    "timestamp" : 235056276242,
    "userAcceleration" : [
      0.021963441744446754,
      0.004546761512756348,
      0.009221494197845459
    ],
    "rotationMatrix" : [
      0.4220261871814728,
      0.0988452136516571,
      -0.9011788964271545,
      -0.9064347743988037,
      0.0640152096748352,
      -0.41746601462364197,
      0.016424596309661865,
      0.9930415153503418,
      0.11661288142204285
    ]
  },
  {
    "gravity" : [
      -0.016746511682868004,
      -0.9931204915046692,
      -0.1158933937549591
    ],
    "timestamp" : 235056286259,
