[
  {
    "rotationMatrix" : [
      -0.9527040123939514,
      -0.016171827912330627,
      -0.3034682869911194,
      -0.3038097023963928,
      0.026494186371564865,
      0.9523641467094421,
      -0.007361367344856262,
      0.9995179772377014,
      -0.03015400841832161
    ],
    "userAcceleration" : [
      0.0023889895528554916,
      -0.0005733966827392578,
      0.027051089331507683
    ],
    "timestamp" : 235065576909,
    "gravity" : [
      0.00736136082559824,
      -0.9995180368423462,
      0.030154043808579445
    ]
  },
  {
    "rotationMatrix" : [
      -0.9539271593093872,
      -0.01576639711856842,
      -0.29962342977523804,
      -0.29995226860046387,
      0.026246706023812294,
      0.9535930156707764,
      -0.0071706026792526245,
      0.9995311498641968,
      -0.029766520485281944
    ],
    "userAcceleration" : [
      0.010697424411773682,
      -0.004222512245178223,
      0.029773235321044922
    ],
    "timestamp" : 235065586926,
    "gravity" : [
      0.007170607801526785,
      -0.999531090259552,
      0.029766526073217392
    ]
  },
  {
    "rotationMatrix" : [
      -0.955146074295044,
      -0.015294700860977173,
      -0.295740008354187,
      -0.29605361819267273,
      0.02586943842470646,
      0.954820990562439,
      -0.006953075528144836,
      0.9995483160018921,
      -0.029237201437354088
    ],
    "userAcceleration" : [
      0.010914954356849194,
      -0.00420534610748291,
      0.03030252829194069
    ],
    "timestamp" : 235065596943,
    "gravity" : [
      0.006953065283596516,
      -0.9995483756065369,
      0.029237229377031326
    ]
  },
  {
    "rotationMatrix" : [
      -0.9564453363418579,
      -0.014763966202735901,
      -0.29153797030448914,
      -0.2918342351913452,
      0.025372358039021492,
      0.9561322927474976,
      -0.0067192912101745605,
      0.9995690584182739,
      -0.028575925156474113
    ],
    "userAcceleration" : [
      0.014749804511666298,
      -0.005817234516143799,
      0.028568267822265625
    ],
    "timestamp" : 235065606960,
    "gravity" : [
      0.006719296332448721,
      -0.9995689988136292,
      0.02857591211795807
    ]
  },
  {
    "rotationMatrix" : [
      -0.9578477740287781,
      -0.014177575707435608,
      -0.2869269847869873,
      -0.28720396757125854,
      0.024733126163482666,
      0.9575501680374146,
      -0.00647909939289093,
      0.9995936155319214,
      -0.027762651443481445
    ],
    "userAcceleration" : [
      0.013372555375099182,
      -0.005731701850891113,
      0.021141771227121353
    ],
    "timestamp" : 235065616976,
    "gravity" : [
      0.006479104049503803,
      -0.9995936155319214,
      0.02776261605322361
    ]
  },
  {
    "rotationMatrix" : [
      -0.959324836730957,
      -0.013595253229141235,
      -0.2819764018058777,
      -0.2822345793247223,
      0.024044513702392578,
      0.9590439200401306,
      -0.006258487701416016,
      0.9996183514595032,
      -0.026903390884399414
    ],
    "userAcceleration" : [
      0.006101135164499283,
      -0.005691587924957275,
      0.010404346510767937
    ],
    "timestamp" : 235065626993,
    "gravity" : [
      0.006258482113480568,
      -0.9996183514595032,
      0.026903370395302773
    ]
  },
  {
    "rotationMatrix" : [
      -0.9608005285263062,
      -0.013012230396270752,
      -0.2769348621368408,
      -0.2771749794483185,
      0.023385057225823402,
      0.9605348110198975,
      -0.006022557616233826,
      0.9996417760848999,
      -0.02607499621808529
    ],
    "userAcceleration" : [
      0.0024918196722865105,
      -0.003821849822998047,
      -0.007566094398498535
    ],
    "timestamp" : 235065637010,
    "gravity" : [
      0.006022570189088583,
      -0.9996418356895447,
      0.02607499063014984
    ]
  },
  {
    "rotationMatrix" : [
      -0.9622195959091187,
      -0.012482479214668274,
      -0.27198800444602966,
      -0.2722127437591553,
      0.022861933335661888,
      0.9619653820991516,
      -0.00578954815864563,
      0.9996606707572937,
      -0.025396013632416725
    ],
    "userAcceleration" : [
      0.00010031834244728088,
      -0.0023534297943115234,
      -0.024892449378967285
    ],
    "timestamp" : 235065647027,
    "gravity" : [
      0.005789557937532663,
      -0.9996606111526489,
      0.02539597451686859
    ]
  },
  {
    "rotationMatrix" : [
      -0.9635868072509766,
      -0.012034997344017029,
      -0.26712363958358765,
      -0.2673368453979492,
      0.022590840235352516,
      0.9633381366729736,
      -0.005559265613555908,
      0.9996721744537354,
      -0.02498534880578518
    ],
    "userAcceleration" : [
      0.000742604024708271,
      -0.0030437111854553223,
      -0.030020715668797493
    ],
    "timestamp" : 235065657044,
    "gravity" : [
      0.005559263750910759,
      -0.9996722340583801,
      0.02498535066843033
    ]
  },
  {
    "rotationMatrix" : [
      -0.9649126529693604,
      -0.011637315154075623,
      -0.26231199502944946,
      -0.26251620054244995,
      0.02252902090549469,
      0.9646643996238708,
      -0.005316510796546936,
      0.9996783137321472,
      -0.02479325234889984
    ],
    "userAcceleration" : [
      0.001961899921298027,
      -0.004441380500793457,
      -0.015958430245518684
    ],
    "timestamp" : 235065667061,
    "gravity" : [
      0.005316515918821096,
      -0.9996783137321472,
      0.0247932281345129
    ]
  },
  {
    "rotationMatrix" : [
      -0.9661602973937988,
      -0.011274106800556183,
      -0.25769519805908203,
      -0.25789207220077515,
      0.022626185789704323,
      0.9659086465835571,
      -0.0050591230392456055,
      0.9996802806854248,
      -0.02476785145699978
    ],
    "userAcceleration" : [
      0.0056830355897545815,
      -0.005049765110015869,
      -0.010821344330906868
    ],
    "timestamp" : 235065677078,
    "gravity" : [
      0.005059126764535904,
      -0.9996802806854248,
      0.02476779744029045
    ]
  },
  {
    "rotationMatrix" : [
      -0.9673423171043396,
      -0.010973595082759857,
      -0.2532346248626709,
      -0.25342631340026855,
      0.022850658744573593,
      0.9670845866203308,
      -0.004825867712497711,
      0.9996784329414368,
      -0.024885091930627823
    ],
    "userAcceleration" : [
      0.00011797761544585228,
      -0.0011605620384216309,
      -0.006070975214242935
    ],
    "timestamp" : 235065687095,
    "gravity" : [
      0.004825867712497711,
      -0.9996784925460815,
      0.02488504908978939
    ]
  },
  {
    "rotationMatrix" : [
      -0.9685132503509521,
      -0.010688021779060364,
      -0.24873222410678864,
      -0.24891920387744904,
      0.023100528866052628,
      0.9682487845420837,
      -0.004602834582328796,
      0.9996760487556458,
      -0.025033559650182724
    ],
    "userAcceleration" : [
      0.0028281831182539463,
      -0.0062749385833740234,
      0.0060789622366428375
    ],
    "timestamp" : 235065697112,
    "gravity" : [
      0.004602824337780476,
      -0.999675989151001,
      0.025033656507730484
    ]
  },
  {
    "rotationMatrix" : [
      -0.9696382284164429,
      -0.010309457778930664,
      -0.244325190782547,
      -0.2445044219493866,
      0.023219235241413116,
      0.9693700671195984,
      -0.004320673644542694,
      0.9996771216392517,
      -0.02503465861082077
    ],
    "userAcceleration" : [
      0.010480331256985664,
      -0.00505298376083374,
      0.016530154272913933
    ],
    "timestamp" : 235065707129,
    "gravity" : [
      0.00432067085057497,
      -0.9996771216392517,
      0.025034744292497635
    ]
  },
  {
    "rotationMatrix" : [
      -0.9707266688346863,
      -0.009855851531028748,
      -0.23998302221298218,
      -0.2401518076658249,
      0.023136494681239128,
      0.9704594016075134,
      -0.004012398421764374,
      0.9996835589408875,
      -0.024825753644108772
    ],
    "userAcceleration" : [
      0.00923221930861473,
      0.0013469457626342773,
      0.019867178052663803
    ],
    "timestamp" : 235065717146,
    "gravity" : [
      0.004012387711554766,
      -0.9996835589408875,
      0.02482578158378601
    ]
  },
  {
    "rotationMatrix" : [
      -0.9718279838562012,
      -0.009397201240062714,
      -0.2355043590068817,
      -0.23566201329231262,
      0.02286127582192421,
      0.9715661406517029,
      -0.0037460699677467346,
      0.9996945261955261,
      -0.02443191036581993
    ],
    "userAcceleration" : [
      0.0035628892946988344,
      0.008941292762756348,
      0.02181744948029518
    ],
    "timestamp" : 235065727163,
    "gravity" : [
      0.0037460695020854473,
      -0.9996945261955261,
      0.024431850761175156
    ]
  },
  {
    "rotationMatrix" : [
      -0.9728909730911255,
      -0.008918523788452148,
      -0.23109227418899536,
      -0.23123808205127716,
      0.022463643923401833,
      0.9726378321647644,
      -0.003483317792415619,
      0.9997078776359558,
      -0.023916995152831078
    ],
    "userAcceleration" : [
      0.0033373397309333086,
      0.00877159833908081,
      0.018227700144052505
    ],
    "timestamp" : 235065737180,
    "gravity" : [
      0.0034833173267543316,
      -0.9997079372406006,
      0.02391701564192772
    ]
  },
  {
    "rotationMatrix" : [
      -0.9739068150520325,
      -0.008305057883262634,
      -0.22679561376571655,
      -0.22692656517028809,
      0.022023549303412437,
      0.973662793636322,
      -0.0030914992094039917,
      0.9997228980064392,
      -0.02333337999880314
    ],
    "userAcceleration" : [
      0.009695349261164665,
      0.00442272424697876,
      0.017407534644007683
    ],
    "timestamp" : 235065747197,
    "gravity" : [
      0.003091496182605624,
      -0.9997228980064392,
      0.02333342842757702
    ]
  },
  {
    "rotationMatrix" : [
      -0.9748860597610474,
      -0.007470250129699707,
      -0.22257891297340393,
      -0.22269046306610107,
      0.021585918962955475,
      0.9746501445770264,
      -0.002476312220096588,
      0.9997390508651733,
      -0.022707365453243256
    ],
    "userAcceleration" : [
      0.010539417155086994,
      0.0009293556213378906,
      0.016995906829833984
    ],
    "timestamp" : 235065757214,
    "gravity" : [
      0.0024763119872659445,
      -0.9997391104698181,
      0.022707369178533554
    ]
  },
  {
    "rotationMatrix" : [
      -0.9758087992668152,
      -0.006462991237640381,
      -0.21852928400039673,
      -0.21861833333969116,
      0.02114296332001686,
      0.9755812883377075,
      -0.0016848370432853699,
      0.9997555017471313,
      -0.022044237703084946
    ],
    "userAcceleration" : [
      0.0026791496202349663,
      -0.0006868839263916016,
      0.01833045482635498
    ],
    "timestamp" : 235065767231,
    "gravity" : [
      0.0016848398372530937,
      -0.9997555017471313,
      0.022044289857149124
    ]
  },
  {
    "rotationMatrix" : [
      -0.9766998887062073,
      -0.005365751683712006,
      -0.21454107761383057,
      -0.21460667252540588,
      0.020693250000476837,
      0.9764811396598816,
      -0.0008000284433364868,
      0.9997712969779968,
      -0.021362297236919403
    ],
    "userAcceleration" : [
      -0.004675775766372681,
      0.0015109777450561523,
      0.01899719052016735
    ],
    "timestamp" : 235065777247,
    "gravity" : [
      0.0008000365924090147,
      -0.9997712969779968,
      0.021362293511629105
    ]
  },
  {
    "rotationMatrix" : [
      -0.9775348901748657,
      -0.004285074770450592,
      -0.21072956919670105,
      -0.21077311038970947,
      0.020274776965379715,
      0.9773246049880981,
      8.457154035568237e-05,
      0.9997851848602295,
      -0.020722370594739914
    ],
    "userAcceleration" : [
      -0.009421654976904392,
      0.003523707389831543,
      0.019698143005371094
    ],
    "timestamp" : 235065787264,
    "gravity" : [
      -8.456897921860218e-05,
      -0.9997851848602295,
      0.02072233334183693
    ]
  },
  {
    "rotationMatrix" : [
      -0.9783697128295898,
      -0.003334537148475647,
      -0.2068362832069397,
      -0.20686139166355133,
      0.019906222820281982,
      0.9781675934791565,
      0.0008555799722671509,
      0.9997962117195129,
      -0.02016526460647583
    ],
    "userAcceleration" : [
      -0.008406516164541245,
      0.00426715612411499,
      0.017218707129359245
    ],
    "timestamp" : 235065797281,
    "gravity" : [
      -0.0008555804961360991,
      -0.9997962117195129,
      0.02016526833176613
    ]
  },
  {
    "rotationMatrix" : [
      -0.9791935086250305,
      -0.002557411789894104,
      -0.20291289687156677,
      -0.20292377471923828,
      0.019517555832862854,
      0.9790000915527344,
      0.0014566704630851746,
      0.99980628490448,
      -0.01963047683238983
    ],
    "userAcceleration" : [
      -0.005867552477866411,
      0.0031784772872924805,
      0.009986760094761848
    ],
    "timestamp" : 235065807298,
    "gravity" : [
      -0.0014566669706255198,
      -0.99980628490448,
      0.01963053271174431
    ]
  },
  {
    "rotationMatrix" : [
      -0.9800522327423096,
      -0.0019121915102005005,
      -0.19873158633708954,
      -0.19873155653476715,
      0.019065581262111664,
      0.9798685312271118,
      0.0019152462482452393,
      0.9998164176940918,
      -0.01906541734933853
    ],
    "userAcceleration" : [
      -0.004508719313889742,
      0.008132457733154297,
      0.008339406922459602
    ],
    "timestamp" : 235065817315,
    "gravity" : [
      -0.001915242406539619,
      -0.9998164772987366,
      0.01906537264585495
    ]
  },
  {
    "rotationMatrix" : [
      -0.9809579253196716,
      -0.0014061406254768372,
      -0.1942140907049179,
      -0.1942063868045807,
      0.018582940101623535,
      0.98078453540802,
      0.002229928970336914,
      0.999826192855835,
      -0.01850193738937378
    ],
    "userAcceleration" : [
      -0.005353705957531929,
      0.007699906826019287,
      0.0015939455479383469
    ],
    "timestamp" : 235065827332,
    "gravity" : [
      -0.0022299240808933973,
      -0.999826192855835,
      0.018501896411180496
    ]
  },
  {
    "rotationMatrix" : [
      -0.9818528890609741,
      -0.001026049256324768,
      -0.18964049220085144,
      -0.18962758779525757,
      0.018173862248659134,
      0.9816877841949463,
      0.002439238131046295,
      0.9998341798782349,
      -0.018038462847471237
    ],
    "userAcceleration" : [
      0.00022668810561299324,
      0.0006735920906066895,
      -0.0005670804530382156
    ],
    "timestamp" : 235065837349,
    "gravity" : [
      -0.0024392283521592617,
      -0.9998342394828796,
      0.018038436770439148
    ]
  },
  {
    "rotationMatrix" : [
      -0.9827263355255127,
      -0.0007373541593551636,
      -0.1850617676973343,
      -0.18504519760608673,
      0.017877349629998207,
      0.982567310333252,
      0.0025838911533355713,
      0.9998397827148438,
      -0.017704715952277184
    ],
    "userAcceleration" : [
      -0.0033823144622147083,
      -0.0006483197212219238,
      7.176212966442108e-05
    ],
    "timestamp" : 235065847366,
    "gravity" : [
      -0.002583893481642008,
      -0.9998397827148438,
      0.017704756930470467
    ]
  },
  {
    "rotationMatrix" : [
      -0.9835330843925476,
      -0.0005502030253410339,
      -0.1807260364294052,
      -0.18070730566978455,
      0.0177113376557827,
      0.9833773374557495,
      0.002659827470779419,
      0.9998428821563721,
      -0.01751888170838356
    ],
    "userAcceleration" : [
      -0.008555392734706402,
      0.001887679100036621,
      -0.002931477501988411
    ],
    "timestamp" : 235065857382,
    "gravity" : [
      -0.0026598223485052586,
      -0.9998428821563721,
      0.017518874257802963
    ]
  },
  {
    "rotationMatrix" : [
      -0.9842911958694458,
      -0.00042288750410079956,
      -0.17655134201049805,
      -0.17653119564056396,
      0.017649032175540924,
      0.984136700630188,
      0.0026997551321983337,
      0.9998440742492676,
      -0.017446301877498627
    ],
    "userAcceleration" : [
      -0.007294770330190659,
      0.003063797950744629,
      0.004007577896118164
    ],
    "timestamp" : 235065867399,
    "gravity" : [
      -0.0026997586246579885,
      -0.9998440742492676,
      0.017446286976337433
    ]
  },
  {
    "rotationMatrix" : [
      -0.9849945306777954,
      -0.00035484135150909424,
      -0.17258399724960327,
      -0.17256325483322144,
      0.0176643468439579,
      0.9848399758338928,
      0.0026990994811058044,
      0.9998438954353333,
      -0.017460312694311142
    ],
    "userAcceleration" : [
      -0.007066515274345875,
      0.010204672813415527,
      0.007915018126368523
    ],
    "timestamp" : 235065877416,
    "gravity" : [
      -0.002699105069041252,
      -0.9998438358306885,
      0.017460359260439873
    ]
  },
  {
    "rotationMatrix" : [
      -0.9856516718864441,
      -0.000337257981300354,
      -0.16879095137119293,
      -0.16877029836177826,
      0.017736975103616714,
      0.9854956865310669,
      0.002661466598510742,
      0.9998425245285034,
      -0.017539259046316147
    ],
    "userAcceleration" : [
      -0.004571214318275452,
      0.014506340026855469,
      0.018120644614100456
    ],
    "timestamp" : 235065887433,
    "gravity" : [
      -0.0026614563539624214,
      -0.9998425245285034,
      0.017539165914058685
    ]
  },
  {
    "rotationMatrix" : [
      -0.9863101243972778,
      -0.0003212392330169678,
      -0.16489917039871216,
      -0.1648787260055542,
      0.017782382667064667,
      0.9861534237861633,
      0.0026154890656471252,
      0.9998417496681213,
      -0.01759166270494461
    ],
    "userAcceleration" : [
      0.002340820152312517,
      0.01804560422897339,
      0.03180098533630371
    ],
    "timestamp" : 235065897450,
    "gravity" : [
      -0.002615490462630987,
      -0.9998416900634766,
      0.017591673880815506
    ]
  },
  {
    "rotationMatrix" : [
      -0.986981213092804,
      -0.00025663524866104126,
      -0.16083566844463348,
      -0.16081503033638,
      0.01766611635684967,
      0.986826479434967,
      0.0025880932807922363,
      0.9998438954353333,
      -0.01747743785381317
    ],
    "userAcceleration" : [
      0.0072877900674939156,
      0.018688619136810303,
      0.04024660587310791
    ],
    "timestamp" : 235065907467,
    "gravity" : [
      -0.002588090253993869,
      -0.9998438954353333,
      0.017477383837103844
    ]
  },
  {
    "rotationMatrix" : [
      -0.9876600503921509,
      -0.00012743473052978516,
      -0.15661078691482544,
      -0.1565895527601242,
      0.017292283475399017,
      0.9875122308731079,
      0.0025822892785072327,
      0.9998502731323242,
      -0.017098523676395416
    ],
    "userAcceleration" : [
      0.006061277352273464,
      0.01480412483215332,
      0.03929793834686279
    ],
    "timestamp" : 235065917484,
    "gravity" : [
      -0.0025822906754910946,
      -0.999850332736969,
      0.017098555341362953
    ]
  },
  {
    "rotationMatrix" : [
      -0.988346517086029,
      -7.063150405883789e-06,
      -0.1522180736064911,
      -0.15219703316688538,
      0.016675053164362907,
      0.9882092475891113,
      0.0025312379002571106,
      0.9998607635498047,
      -0.01648140139877796
    ],
    "userAcceleration" : [
      0.0005475850775837898,
      0.012235879898071289,
      0.04134940728545189
    ],
    "timestamp" : 235065927501,
    "gravity" : [
      -0.0025312365032732487,
      -0.9998607635498047,
      0.01648140698671341
    ]
  },
  {
    "rotationMatrix" : [
      -0.9890446066856384,
      0.00010036677122116089,
      -0.14761501550674438,
      -0.14759480953216553,
      0.015892362222075462,
      0.9889200329780579,
      0.0024451985955238342,
      0.9998734593391418,
      -0.015703165903687477
    ],
    "userAcceleration" : [
      -0.007366230711340904,
      0.010570168495178223,
      0.03941154479980469
    ],
    "timestamp" : 235065937518,
    "gravity" : [
      -0.00244518811814487,
      -0.9998735189437866,
      0.0157031062990427
    ]
  },
  {
    "rotationMatrix" : [
      -0.9897141456604004,
      0.00020097196102142334,
      -0.1430596262216568,
      -0.14304055273532867,
      0.014997508376836777,
      0.9896032214164734,
      0.0023444294929504395,
      0.9998875260353088,
      -0.0148145891726017
    ],
    "userAcceleration" : [
      -0.014669131487607956,
      0.007791578769683838,
      0.02758968062698841
    ],
    "timestamp" : 235065947534,
    "gravity" : [
      -0.0023444294929504395,
      -0.9998875260353088,
      0.01481455098837614
    ]
  },
  {
    "rotationMatrix" : [
      -0.9903252720832825,
      0.00029643625020980835,
      -0.13876384496688843,
      -0.13874605298042297,
      0.014037206768989563,
      0.9902284741401672,
      0.00224139541387558,
      0.9999013543128967,
      -0.01386009156703949
    ],
    "userAcceleration" : [
      -0.02174541912972927,
      0.00786656141281128,
      0.018534302711486816
    ],
    "timestamp" : 235065957551,
    "gravity" : [
      -0.0022413881961256266,
      -0.9999013543128967,
      0.013860121369361877
    ]
  },
  {
    "rotationMatrix" : [
      -0.9908745884895325,
      0.00038377195596694946,
      -0.13478589057922363,
      -0.13476940989494324,
      0.01307720597833395,
      0.9907906651496887,
      0.002142861485481262,
      0.9999143481254578,
      -0.012906068004667759
    ],
    "userAcceleration" : [
      -0.01940254122018814,
      0.0061705708503723145,
      0.011645317077636719
    ],
    "timestamp" : 235065967568,
    "gravity" : [
      -0.002142860321328044,
      -0.9999144077301025,
      0.012906134128570557
    ]
  },
  {
    "rotationMatrix" : [
      -0.9913691878318787,
      0.00042726099491119385,
      -0.13109728693962097,
      -0.13108238577842712,
      0.012196613475680351,
      0.9912963509559631,
      0.002022482454776764,
      0.999925434589386,
      -0.012035118415951729
    ],
    "userAcceleration" : [
      -0.015479366295039654,
      0.0019244551658630371,
      0.011890529654920101
    ],
    "timestamp" : 235065977585,
    "gravity" : [
      -0.0020224761683493853,
      -0.999925434589386,
      0.012035168707370758
    ]
  },
  {
    "rotationMatrix" : [
      -0.9918617606163025,
      0.00037782639265060425,
      -0.1273180991411209,
      -0.12730541825294495,
      0.011472825892269611,
      0.991797149181366,
      0.0018354207277297974,
      0.9999340176582336,
      -0.011331255547702312
    ],
    "userAcceleration" : [
      -0.011668614111840725,
      -0.00044733285903930664,
      0.01585984230041504
    ],
    "timestamp" : 235065987602,
    "gravity" : [
      -0.0018354208441451192,
      -0.9999340772628784,
      0.01133126113563776
    ]
  },
  {
    "rotationMatrix" : [
      -0.99235999584198,
      0.0003016144037246704,
      -0.12337250262498856,
      -0.12336200475692749,
      0.010845386423170567,
      0.9923022985458374,
      0.001637287437915802,
      0.9999409914016724,
      -0.010724938474595547
    ],
    "userAcceleration" : [
      0.0005844268016517162,
      -0.0061318278312683105,
      0.022569656372070312
    ],
    "timestamp" : 235065997619,
    "gravity" : [
      -0.0016372893005609512,
      -0.9999409914016724,
      0.010724947787821293
    ]
  },
  {
    "rotationMatrix" : [
      -0.9928308725357056,
      0.0002337917685508728,
      -0.11952642351388931,
      -0.11951790004968643,
      0.010155387222766876,
      0.9927800297737122,
      0.0014459341764450073,
      0.9999483227729797,
      -0.010054521262645721
    ],
    "userAcceleration" : [
      -0.004718633368611336,
      -0.012762129306793213,
      0.023636937141418457
    ],
    "timestamp" : 235066007636,
    "gravity" : [
      -0.0014459316153079271,
      -0.9999483227729797,
      0.010054466314613819
    ]
  },
  {
    "rotationMatrix" : [
      -0.9932827353477478,
      0.00011872127652168274,
      -0.11571069061756134,
      -0.11570462584495544,
      0.009280111640691757,
      0.9932401776313782,
      0.0011917166411876678,
      0.9999567866325378,
      -0.009203825145959854
    ],
    "userAcceleration" : [
      -0.0049728346057236195,
      -0.012753605842590332,
      0.024487614631652832
    ],
    "timestamp" : 235066017653,
    "gravity" : [
      -0.0011917122174054384,
      -0.9999568462371826,
      0.009203767403960228
    ]
  },
  {
    "rotationMatrix" : [
      -0.9937357306480408,
      -9.477511048316956e-05,
      -0.11175611615180969,
      -0.11175312101840973,
      0.008206026628613472,
      0.9937021136283875,
      0.0008228980004787445,
      0.9999663233757019,
      -0.008165283128619194
    ],
    "userAcceleration" : [
      -0.006913309916853905,
      -0.014285385608673096,
      0.023618698120117188
    ],
    "timestamp" : 235066027670,
    "gravity" : [
      -0.0008228959632106125,
      -0.9999663829803467,
      0.008165278472006321
    ]
  },
  {
    "rotationMatrix" : [
      -0.9941449761390686,
      -0.0003756284713745117,
      -0.10805324465036392,
      -0.10805321484804153,
      0.007015353534370661,
      0.9941203594207764,
      0.00038461387157440186,
      0.999975323677063,
      -0.007014804985374212
    ],
    "userAcceleration" : [
      -0.0042082779109478,
      -0.007898151874542236,
      0.024814963340759277
    ],
    "timestamp" : 235066037687,
    "gravity" : [
      -0.0003846147155854851,
      -0.9999752640724182,
      0.007014825474470854
    ]
  },
  {
    "rotationMatrix" : [
      -0.994525671005249,
      -0.0007443055510520935,
      -0.10448934137821198,
      -0.10449190437793732,
      0.005793099757283926,
      0.9945088028907776,
      -0.00013490766286849976,
      0.9999828934669495,
      -0.005839104298502207
    ],
    "userAcceleration" : [
      -0.0006689828587695956,
      -0.0028856992721557617,
      0.020360231399536133
    ],
    "timestamp" : 235066047704,
    "gravity" : [
      0.0001349074736936018,
      -0.9999828934669495,
      0.005839070770889521
    ]
  },
  {
    "rotationMatrix" : [
      -0.9948695302009583,
      -0.001234106719493866,
      -0.10115721821784973,
      -0.101161889731884,
      0.0046106548979878426,
      0.9948592185974121,
      -0.0007613711059093475,
      0.9999885559082031,
      -0.004711690358817577
    ],
    "userAcceleration" : [
      0.0022141020745038986,
      0.0008278489112854004,
      0.013614058494567871
    ],
    "timestamp" : 235066057721,
    "gravity" : [
      0.0007613723282702267,
      -0.9999885559082031,
      0.004711677320301533
    ]
  },
  {
    "rotationMatrix" : [
      -0.9949060082435608,
      -0.0018019713461399078,
      -0.10079048573970795,
      -0.10079628229141235,
      0.0034853860270231962,
      0.9949010014533997,
      -0.0014414899051189423,
      0.999992311000824,
      -0.003649230347946286
    ],
    "userAcceleration" : [
      0.019142601639032364,
      0.00049591064453125,
      0.011746764183044434
    ],
    "timestamp" : 235066067738,
    "gravity" : [
      0.001441488042473793,
      -0.999992311000824,
      0.0036493015941232443
    ]
  },
  {
    "rotationMatrix" : [
      -0.995173454284668,
      -0.002361070364713669,
      -0.09810499846935272,
      -0.09811076521873474,
      0.002465431811287999,
      0.9951725006103516,
      -0.0021077878773212433,
      0.9999942779541016,
      -0.002685363171622157
    ],
    "userAcceleration" : [
      0.025937845930457115,
      -0.0009976029396057129,
      0.011795282363891602
    ],
    "timestamp" : 235066077755,
    "gravity" : [
      0.0021077916026115417,
      -0.9999942779541016,
      0.0026853319723159075
    ]
  },
  {
    "rotationMatrix" : [
      -0.9954984784126282,
      -0.0029259584844112396,
      -0.0947326123714447,
      -0.09473733603954315,
      0.001521136611700058,
      0.9955011010169983,
      -0.002768687903881073,
      0.9999945759773254,
      -0.0017915107309818268
    ],
    "userAcceleration" : [
      0.023537473753094673,
      -0.002614617347717285,
      0.01258230209350586
    ],
    "timestamp" : 235066087772,
    "gravity" : [
      0.0027686890680342913,
      -0.9999945759773254,
      0.0017914865165948868
    ]
  },
  {
    "rotationMatrix" : [
      -0.9958320260047913,
      -0.003482446074485779,
      -0.0911395400762558,
      -0.09114214777946472,
      0.0005961628630757332,
      0.9958377480506897,
      -0.003413621336221695,
      0.9999937415122986,
      -0.0009110597893595695
    ],
    "userAcceleration" : [
      0.02283150888979435,
      -0.0022797584533691406,
      0.013218522071838379
    ],
    "timestamp" : 235066097789,
    "gravity" : [
      0.0034136190079152584,
      -0.9999937415122986,
      0.0009110589744523168
    ]
  },
  {
    "rotationMatrix" : [
      -0.9961649179458618,
      -0.004047557711601257,
      -0.08739733695983887,
      -0.08739679306745529,
      -0.00031036906875669956,
      0.9961733222007751,
      -0.004059214144945145,
      0.9999915957450867,
      -4.417472518980503e-05
    ],
    "userAcceleration" : [
      0.02346762642264366,
      0.004874587059020996,
      0.00479280948638916
    ],
    "timestamp" : 235066107806,
    "gravity" : [
      0.004059210419654846,
      -0.9999915361404419,
      4.419718970893882e-05
    ]
  },
  {
    "rotationMatrix" : [
      -0.9964740872383118,
      -0.004487656056880951,
      -0.08378331363201141,
      -0.08377829939126968,
      -0.0012949276715517044,
      0.9964836239814758,
      -0.004580356180667877,
      0.9999890923500061,
      0.0009141992777585983
    ],
    "userAcceleration" : [
      0.02294650673866272,
      0.004871964454650879,
      0.005751252174377441
    ],
    "timestamp" : 235066117822,
    "gravity" : [
      0.004580358508974314,
      -0.9999891519546509,
      -0.0009142549824900925
    ]
  },
  {
    "rotationMatrix" : [
      -0.9967687129974365,
      -0.004880774766206741,
      -0.08017231523990631,
      -0.08016158640384674,
      -0.002356943441554904,
      0.9967789053916931,
      -0.005054030567407608,
      0.9999851584434509,
      0.0019584328401833773
    ],
    "userAcceleration" : [
      0.012508831918239594,
      0.001892685890197754,
      6.634020246565342e-05
    ],
    "timestamp" : 235066127839,
    "gravity" : [
      0.005054031033068895,
      -0.9999851584434509,
      -0.0019584638066589832
    ]
  },
  {
    "rotationMatrix" : [
      -0.9970362782478333,
      -0.005240071564912796,
      -0.0767538771033287,
      -0.07673655450344086,
      -0.003429751843214035,
      0.9970453977584839,
      -0.0054878368973731995,
      0.9999803304672241,
      0.0030175037682056427
    ],
    "userAcceleration" : [
      0.0127616748213768,
      0.0003314018249511719,
      -0.0011481046676635742
    ],
    "timestamp" : 235066137856,
    "gravity" : [
      0.005487840157002211,
      -0.9999803304672241,
      -0.0030175514984875917
    ]
  },
  {
    "rotationMatrix" : [
      -0.997284471988678,
      -0.0055300332605838776,
      -0.0734342411160469,
      -0.07341006398200989,
      -0.004454031120985746,
      0.9972918033599854,
      -0.005842149257659912,
      0.9999747276306152,
      0.00403623329475522
    ],
    "userAcceleration" : [
      0.016206802800297737,
      0.00574260950088501,
      0.005409479606896639
    ],
    "timestamp" : 235066147873,
    "gravity" : [
      0.005842146929353476,
      -0.9999746680259705,
      -0.0040362016297876835
    ]
  },
  {
    "rotationMatrix" : [
      -0.9975157976150513,
      -0.0058134086430072784,
      -0.07020223140716553,
      -0.07017101347446442,
      -0.005410873331129551,
      0.9975202679634094,
      -0.006178852170705795,
      0.9999684691429138,
      0.004989541135728359
    ],
    "userAcceleration" : [
      0.010956766083836555,
      0.009093284606933594,
      0.005416750907897949
    ],
    "timestamp" : 235066157890,
    "gravity" : [
      0.006178851239383221,
      -0.9999684691429138,
      -0.004989504348486662
    ]
  },
  {
    "rotationMatrix" : [
      -0.9977243542671204,
      -0.00614408403635025,
      -0.06713932752609253,
      -0.06710057705640793,
      -0.006309120450168848,
      0.9977261424064636,
      -0.0065537188202142715,
      0.9999610781669617,
      0.005882830824702978
    ],
    "userAcceleration" : [
      0.009193338453769684,
      0.006263077259063721,
      -0.0029520983807742596
    ],
    "timestamp" : 235066167907,
    "gravity" : [
      0.006553716026246548,
      -0.9999610781669617,
      -0.005882779136300087
    ]
  },
  {
    "rotationMatrix" : [
      -0.9979267716407776,
      -0.006470862776041031,
      -0.06402914226055145,
      -0.06398263573646545,
      -0.0071561746299266815,
      0.9979252219200134,
      -0.006915651261806488,
      0.9999533295631409,
      0.006727594882249832
    ],
    "userAcceleration" : [
      0.015438487753272057,
      0.006285905838012695,
      0.0025161514058709145
    ],
    "timestamp" : 235066177924,
    "gravity" : [
      0.006915650330483913,
      -0.9999533295631409,
      -0.006727604195475578
    ]
  },
  {
    "rotationMatrix" : [
      -0.9981269240379333,
      -0.0067566633224487305,
      -0.060798272490501404,
      -0.0607440322637558,
      -0.007962235249578953,
      0.9981215000152588,
      -0.007228070870041847,
      0.9999454021453857,
      0.007537177763879299
    ],
    "userAcceleration" : [
      0.019718941301107407,
      0.010046780109405518,
      0.005385637748986483
    ],
    "timestamp" : 235066187941,
    "gravity" : [
      0.007228069007396698,
      -0.999945342540741,
      -0.007537156343460083
    ]
  },
  {
    "rotationMatrix" : [
      -0.9983136653900146,
      -0.006952634081244469,
      -0.05763307958841324,
      -0.057571977376937866,
      -0.008689823560416698,
      0.9983035922050476,
      -0.007441660389304161,
      0.9999380707740784,
      0.008274850435554981
    ],
    "userAcceleration" : [
      0.024281367659568787,
      0.006835043430328369,
      0.0011184802278876305
    ],
    "timestamp" : 235066197958,
    "gravity" : [
      0.007441658526659012,
      -0.9999380707740784,
      -0.008274865336716175
    ]
  },
  {
    "rotationMatrix" : [
      -0.9984816908836365,
      -0.007094036787748337,
      -0.05462392419576645,
      -0.054556600749492645,
      -0.009360398165881634,
      0.9984667301177979,
      -0.007594464346766472,
      0.9999309778213501,
      0.008959268219769001
    ],
    "userAcceleration" : [
      0.022938378155231476,
      0.010352790355682373,
      0.011553287506103516
    ],
    "timestamp" : 235066207975,
    "gravity" : [
      0.007594463415443897,
      -0.9999309182167053,
      -0.008959283120930195
    ]
  },
  {
    "rotationMatrix" : [
      -0.9986311793327332,
      -0.007246462628245354,
      -0.051798708736896515,
      -0.05172516405582428,
      -0.00999253150075674,
      0.9986112713813782,
      -0.007753999903798103,
      0.9999237656593323,
      0.009604104794561863
    ],
    "userAcceleration" : [
      0.019391385838389397,
      0.005768001079559326,
      0.02391684055328369
    ],
    "timestamp" : 235066217992,
    "gravity" : [
      0.00775400223210454,
      -0.9999237656593323,
      -0.009604119695723057
    ]
  },
  {
    "rotationMatrix" : [
      -0.9987649917602539,
      -0.007424617186188698,
      -0.04912640154361725,
      -0.04904555529356003,
      -0.010704739019274712,
      0.9987391233444214,
      -0.007941139861941338,
      0.9999151229858398,
      0.010327355936169624
    ],
    "userAcceleration" : [
      0.017891978845000267,
      0.005148947238922119,
      0.02892780303955078
    ],
    "timestamp" : 235066228009,
    "gravity" : [
      0.007941140793263912,
      -0.9999151229858398,
      -0.010327358730137348
    ]
  },
  {
    "rotationMatrix" : [
      -0.9988903999328613,
      -0.007576406002044678,
      -0.04647602140903473,
      -0.04638608172535896,
      -0.011643298901617527,
      0.9988555908203125,
      -0.008108876645565033,
      0.9999033212661743,
      0.011279216967523098
    ],
    "userAcceleration" : [
      0.020516596734523773,
      0.007334589958190918,
      0.03422844409942627
    ],
    "timestamp" : 235066238026,
    "gravity" : [
      0.008108876645565033,
      -0.9999033212661743,
      -0.01127925980836153
    ]
  },
  {
    "rotationMatrix" : [
      -0.9990131855010986,
      -0.007676290348172188,
      -0.04374491423368454,
      -0.043643929064273834,
      -0.01286389771848917,
      0.998964250087738,
      -0.008231069892644882,
      0.9998877644538879,
      0.012516236864030361
    ],
    "userAcceleration" : [
      0.020882684737443924,
      0.010065436363220215,
      0.03686922788619995
    ],
    "timestamp" : 235066248043,
    "gravity" : [
      0.008231070823967457,
      -0.9998877644538879,
      -0.012516231276094913
    ]
  },
  {
    "rotationMatrix" : [
      -0.9991350173950195,
      -0.007724380120635033,
      -0.04085829108953476,
      -0.04074467718601227,
      -0.014334529638290405,
      0.9990667104721069,
      -0.008302856236696243,
      0.99986732006073,
      0.014007478952407837
    ],
    "userAcceleration" : [
      0.015455090440809727,
      0.012272834777832031,
      0.03695666790008545
    ],
    "timestamp" : 235066258060,
    "gravity" : [
      0.008302857168018818,
      -0.99986732006073,
      -0.014007514342665672
    ]
  },
  {
    "rotationMatrix" : [
      -0.9992557764053345,
      -0.007788826711475849,
      -0.03776485100388527,
      -0.037636805325746536,
      -0.01597830094397068,
      0.9991634488105774,
      -0.008385741151869297,
      0.9998417496681213,
      0.015673791989684105
    ],
    "userAcceleration" : [
      0.006583121605217457,
      0.01351386308670044,
      0.027514580637216568
    ],
    "timestamp" : 235066268077,
    "gravity" : [
      0.008385742083191872,
      -0.9998417496681213,
      -0.015673790127038956
    ]
  },
  {
    "rotationMatrix" : [
      -0.9993785619735718,
      -0.007957459427416325,
      -0.03434229642152786,
      -0.034197621047496796,
      -0.017654940485954285,
      0.9992591738700867,
      -0.008557872846722603,
      0.9998125433921814,
      0.017371729016304016
    ],
    "userAcceleration" : [
      0.00996630173176527,
      0.013591170310974121,
      0.010474739596247673
    ],
    "timestamp" : 235066278094,
    "gravity" : [
      0.008557872846722603,
      -0.9998124837875366,
      -0.017371734604239464
    ]
  },
  {
    "rotationMatrix" : [
      -0.9994922280311584,
      -0.008157823234796524,
      -0.030799176543951035,
      -0.030637752264738083,
      -0.019224129617214203,
      0.9993456602096558,
      -0.008744574151933193,
      0.9997819662094116,
      0.018964506685733795
    ],
    "userAcceleration" : [
      0.020735394209623337,
      0.009486556053161621,
      0.00021141767501831055
    ],
    "timestamp" : 235066288111,
    "gravity" : [
      0.008744574151933193,
      -0.9997819066047668,
      -0.01896451786160469
    ]
  },
  {
    "rotationMatrix" : [
      -0.9995949268341064,
      -0.008382839150726795,
      -0.02719893679022789,
      -0.027020908892154694,
      -0.020665327087044716,
      0.999421238899231,
      -0.00894006248563528,
      0.9997513294219971,
      0.02043040655553341
    ],
    "userAcceleration" : [
      0.01570288836956024,
      0.005259811878204346,
      0.002379298210144043
    ],
    "timestamp" : 235066298127,
    "gravity" : [
      0.00894006248563528,
      -0.9997513294219971,
      -0.02043045684695244
    ]
  },
  {
    "rotationMatrix" : [
      -0.9996840953826904,
      -0.008691737428307533,
      -0.023587431758642197,
      -0.02339165471494198,
