[
  {
    "timestamp" : 235075596407,
    "rotationMatrix" : [
      0.6944666504859924,
      0.2165915071964264,
      0.6861517429351807,
      0.7184193134307861,
      -0.1558835506439209,
      -0.6779189109802246,
      -0.03987175226211548,
      0.9637367725372314,
      -0.26385945081710815
    ],
    "gravity" : [
      0.03987177088856697,
      -0.9637368321418762,
      0.26385951042175293
    ],
    "userAcceleration" : [
      -0.008636973798274994,
      -0.00728684663772583,
      0.012446552515029907
    ]
  },
  {
    "timestamp" : 235075606424,
    "rotationMatrix" : [
      0.6945289373397827,
      0.21866507828235626,
      0.6854305863380432,
      0.7183794379234314,
      -0.15845878422260284,
      -0.677363932132721,
      -0.039503395557403564,
      0.9628481268882751,
      -0.2671387195587158
    ],
    "gravity" : [
      0.03950337693095207,
      -0.9628480672836304,
      0.26713865995407104
    ],
    "userAcceleration" : [
      -0.009275674819946289,
      -0.008267104625701904,
      0.014019638299942017
    ]
  },
  {
    "timestamp" : 235075616441,
    "rotationMatrix" : [
      0.6943601965904236,
      0.220538929104805,
      0.685001015663147,
      0.718569278717041,
      -0.16087661683559418,
      -0.6765919327735901,
      -0.03901413083076477,
      0.9620192646980286,
      -0.27017876505851746
    ],
    "gravity" : [
      0.03901411220431328,
      -0.9620192050933838,
      0.27017873525619507
    ],
    "userAcceleration" : [
      -0.008786413818597794,
      -0.00909578800201416,
      0.010979533195495605
    ]
  },
  {
    "timestamp" : 235075626458,
    "rotationMatrix" : [
      0.6943032145500183,
      0.22230082750320435,
      0.6844890117645264,
      0.7186532616615295,
      -0.1633063554763794,
      -0.6759201884269714,
      -0.03847607970237732,
      0.9612038731575012,
      -0.2731413245201111
    ],
    "gravity" : [
      0.03847607225179672,
      -0.9612038731575012,
      0.2731413245201111
    ],
    "userAcceleration" : [
      -0.00010016933083534241,
      0.014991343021392822,
      0.008459419012069702
    ]
  },
  {
    "timestamp" : 235075636475,
    "rotationMatrix" : [
      0.6942591667175293,
      0.22420796751976013,
      0.6839115619659424,
      0.718722939491272,
      -0.16584435105323792,
      -0.6752282381057739,
      -0.03796869516372681,
      0.9603263139724731,
      -0.2762823700904846
    ],
    "gravity" : [
      0.037968721240758896,
      -0.9603263139724731,
      0.2762824296951294
    ],
    "userAcceleration" : [
      -0.009892504662275314,
      0.021025657653808594,
      0.004402905702590942
    ]
  },
  {
    "timestamp" : 235075646492,
    "rotationMatrix" : [
      0.6939202547073364,
      0.2264806032180786,
      0.6835064888000488,
      0.7190707325935364,
      -0.16842907667160034,
      -0.6742170453071594,
      -0.0375746488571167,
      0.9593424201011658,
      -0.2797319293022156
    ],
    "gravity" : [
      0.03757469728589058,
      -0.9593424201011658,
      0.2797318994998932
    ],
    "userAcceleration" : [
      -0.02248372510075569,
      0.018622994422912598,
      0.0021283328533172607
    ]
  },
  {
    "timestamp" : 235075656509,
    "rotationMatrix" : [
      0.693385660648346,
      0.22908908128738403,
      0.6831797361373901,
      0.719601571559906,
      -0.1710968315601349,
      -0.6729780435562134,
      -0.03728201985359192,
      0.9582505226135254,
      -0.283488929271698
    ],
    "gravity" : [
      0.037282004952430725,
      -0.9582505226135254,
      0.2834889888763428
    ],
    "userAcceleration" : [
      -0.01974961906671524,
      0.01946878433227539,
      0.010929256677627563
    ]
  },
  {
    "timestamp" : 235075666526,
    "rotationMatrix" : [
      0.6927005648612976,
      0.23191601037979126,
      0.6829208135604858,
      0.7202728390693665,
      -0.17380382120609283,
      -0.6715644598007202,
      -0.03705224394798279,
      0.9570823907852173,
      -0.2874367833137512
    ],
    "gravity" : [
      0.0370522104203701,
      -0.9570824503898621,
      0.28743672370910645
    ],
    "userAcceleration" : [
      -0.011234298348426819,
      0.018331408500671387,
      0.027428239583969116
    ]
  },
  {
    "timestamp" : 235075676543,
    "rotationMatrix" : [
      0.6920897960662842,
      0.23468315601348877,
      0.6825946569442749,
      0.7208719253540039,
      -0.17649468779563904,
      -0.6702186465263367,
      -0.036814600229263306,
      0.9559147953987122,
      -0.291326642036438
    ],
    "gravity" : [
      0.0368146188557148,
      -0.9559147953987122,
      0.2913266718387604
    ],
    "userAcceleration" : [
      0.0023547299206256866,
      0.016034603118896484,
      0.05178233981132507
    ]
  },
  {
    "timestamp" : 235075686560,
    "rotationMatrix" : [
      0.6916281580924988,
      0.23712436854839325,
      0.6822187900543213,
      0.7213311195373535,
      -0.1790509670972824,
      -0.6690455675125122,
      -0.03649500012397766,
      0.9548364877700806,
      -0.2948818504810333
    ],
    "gravity" : [
      0.036495011299848557,
      -0.9548364281654358,
      0.2948818802833557
    ],
    "userAcceleration" : [
      0.011722810566425323,
      0.008608460426330566,
      0.07357192039489746
    ]
  },
  {
    "timestamp" : 235075696577,
    "rotationMatrix" : [
      0.6912765502929688,
      0.239095076918602,
      0.6818872094154358,
      0.7216886878013611,
      -0.1813240647315979,
      -0.6680469512939453,
      -0.03608405590057373,
      0.9539154767990112,
      -0.2978972792625427
    ],
    "gravity" : [
      0.03608406335115433,
      -0.953915536403656,
      0.29789724946022034
    ],
    "userAcceleration" : [
      0.009463448077440262,
      0.008145391941070557,
      0.08383175730705261
    ]
  },
  {
    "timestamp" : 235075706594,
    "rotationMatrix" : [
      0.6910266876220703,
      0.2406480610370636,
      0.6815941333770752,
      0.7219502925872803,
      -0.18329426646232605,
      -0.667226254940033,
      -0.035634368658065796,
      0.9531483054161072,
      -0.3003971576690674
    ],
    "gravity" : [
      0.0356343649327755,
      -0.9531483054161072,
      0.30039721727371216
    ],
    "userAcceleration" : [
      0.003962233662605286,
      0.015800833702087402,
      0.0792413055896759
    ]
  },
  {
    "timestamp" : 235075716611,
    "rotationMatrix" : [
      0.6909468173980713,
      0.24198293685913086,
      0.6812023520469666,
      0.7220418453216553,
      -0.18496038019657135,
      -0.6666668653488159,
      -0.035326480865478516,
      0.9524880647659302,
      -0.3025195598602295
    ],
    "gravity" : [
      0.03532646596431732,
      -0.9524880647659302,
      0.3025195598602295
    ],
    "userAcceleration" : [
      -0.002001248300075531,
      0.002476036548614502,
      0.06485089659690857
    ]
  },
  {
    "timestamp" : 235075726628,
    "rotationMatrix" : [
      0.6910858750343323,
      0.2433052659034729,
      0.680590033531189,
      0.7219119071960449,
      -0.1864212155342102,
      -0.6664009094238281,
      -0.03526237607002258,
      0.9518662691116333,
      -0.3044780492782593
    ],
    "gravity" : [
      0.03526239097118378,
      -0.9518663287162781,
      0.3044780492782593
    ],
    "userAcceleration" : [
      -0.005706086754798889,
      -0.0015485286712646484,
      0.03643369674682617
    ]
  },
  {
    "timestamp" : 235075736645,
    "rotationMatrix" : [
      0.6912866830825806,
      0.2448197603225708,
      0.6798425912857056,
      0.7217109799385071,
      -0.1877913475036621,
      -0.6662337183952332,
      -0.03543856739997864,
      0.9512084126472473,
      -0.3065067529678345
    ],
    "gravity" : [
      0.03543858602643013,
      -0.9512084126472473,
      0.3065067529678345
    ],
    "userAcceleration" : [
      -0.0038223378360271454,
      -0.0018096566200256348,
      0.00042364001274108887
    ]
  },
  {
    "timestamp" : 235075746662,
    "rotationMatrix" : [
      0.691332221031189,
      0.24673503637313843,
      0.6791034936904907,
      0.7216469645500183,
      -0.1891506016254425,
      -0.6659187078475952,
      -0.035852670669555664,
      0.9504441022872925,
      -0.30882149934768677
    ],
    "gravity" : [
      0.035852689296007156,
      -0.9504441022872925,
      0.3088214695453644
    ],
    "userAcceleration" : [
      -0.0060217007994651794,
      -0.006495654582977295,
      -0.032195061445236206
    ]
  },
  {
    "timestamp" : 235075756679,
    "rotationMatrix" : [
      0.691314697265625,
      0.24918235838413239,
      0.6782271862030029,
      0.7216289043426514,
      -0.1906260848045349,
      -0.6655173301696777,
      -0.036547303199768066,
      0.9495102167129517,
      -0.3115997910499573
    ],
    "gravity" : [
      0.03654728829860687,
      -0.9495102167129517,
      0.31159982085227966
    ],
    "userAcceleration" : [
      -0.014376234263181686,
      -0.0028365254402160645,
      -0.0545809268951416
    ]
  },
  {
    "timestamp" : 235075766696,
    "rotationMatrix" : [
      0.6910830140113831,
      0.25218814611434937,
      0.6773517727851868,
      0.7218050956726074,
      -0.19226306676864624,
      -0.6648550629615784,
      -0.037438809871673584,
      0.948386013507843,
      -0.31490039825439453
    ],
    "gravity" : [
      0.03743881732225418,
      -0.948386013507843,
      0.31490039825439453
    ],
    "userAcceleration" : [
      -0.0171293243765831,
      -0.002724766731262207,
      -0.06541931629180908
    ]
  },
  {
    "timestamp" : 235075776714,
    "rotationMatrix" : [
      0.6907491683959961,
      0.2555766999721527,
      0.6764215230941772,
      0.7220760583877563,
      -0.19417142868041992,
      -0.6640055775642395,
      -0.03836262226104736,
      0.9470891356468201,
      -0.31866955757141113
    ],
    "gravity" : [
      0.03836260735988617,
      -0.9470891356468201,
      0.31866952776908875
    ],
    "userAcceleration" : [
      -0.007906019687652588,
      -0.005501747131347656,
      -0.061437010765075684
    ]
  },
  {
    "timestamp" : 235075786731,
    "rotationMatrix" : [
      0.6902796030044556,
      0.259149968624115,
      0.6755407452583313,
      0.7224802374839783,
      -0.1962946355342865,
      -0.6629408597946167,
      -0.039196014404296875,
      0.9456794261932373,
      -0.32272887229919434
    ],
    "gravity" : [
      0.039195992052555084,
      -0.9456794261932373,
      0.3227289319038391
    ],
    "userAcceleration" : [
      -0.0029410570859909058,
      -0.00599592924118042,
      -0.05327415466308594
    ]
  },
  {
    "timestamp" : 235075796748,
    "rotationMatrix" : [
      0.6899521350860596,
      0.2626364231109619,
      0.6745281219482422,
      0.7227567434310913,
      -0.19864340126514435,
      -0.6619391441345215,
      -0.03985878825187683,
      0.9442260265350342,
      -0.326876699924469
    ],
    "gravity" : [
      0.03985877335071564,
      -0.944226086139679,
      0.3268766403198242
    ],
    "userAcceleration" : [
      0.0025301799178123474,
      1.2218952178955078e-05,
      -0.04291069507598877
    ]
  },
  {
    "timestamp" : 235075806765,
    "rotationMatrix" : [
      0.6897306442260742,
      0.2658432722091675,
      0.6734975576400757,
      0.7229412198066711,
      -0.20101645588874817,
      -0.6610206365585327,
      -0.0403437614440918,
      0.9428253173828125,
      -0.3308362662792206
    ],
    "gravity" : [
      0.040343768894672394,
      -0.9428253173828125,
      0.3308362066745758
    ],
    "userAcceleration" : [
      0.009491484612226486,
      0.007171690464019775,
      -0.02778160572052002
    ]
  },
  {
    "timestamp" : 235075816782,
    "rotationMatrix" : [
      0.6895970106124878,
      0.2686331868171692,
      0.6725267171859741,
      0.7230508327484131,
      -0.20325320959091187,
      -0.6602162718772888,
      -0.04066276550292969,
      0.9415541291236877,
      -0.3343982398509979
    ],
    "gravity" : [
      0.040662746876478195,
      -0.9415541291236877,
      0.3343982696533203
    ],
    "userAcceleration" : [
      0.015092909336090088,
      0.01099693775177002,
      -0.013765454292297363
    ]
  },
  {
    "timestamp" : 235075826799,
    "rotationMatrix" : [
      0.6898555159568787,
      0.27090388536453247,
      0.6713496446609497,
      0.7227941751480103,
      -0.20542208850383759,
      -0.6598256230354309,
      -0.040839195251464844,
      0.9404320120811462,
      -0.3375192880630493
    ],
    "gravity" : [
      0.04083920642733574,
      -0.9404320120811462,
      0.3375192880630493
    ],
    "userAcceleration" : [
      0.012413989752531052,
      0.011080443859100342,
      -0.0020397305488586426
    ]
  },
  {
    "timestamp" : 235075836816,
    "rotationMatrix" : [
      0.6903271079063416,
      0.2728228271007538,
      0.6700867414474487,
      0.7223407030105591,
      -0.20754602551460266,
      -0.6596579551696777,
      -0.04089590907096863,
      0.9394105672836304,
      -0.34034568071365356
    ],
    "gravity" : [
      0.04089590162038803,
      -0.9394106268882751,
      0.3403456211090088
    ],
    "userAcceleration" : [
      0.004773691296577454,
      0.013171672821044922,
      -0.00486600399017334
    ]
  },
  {
    "timestamp" : 235075846833,
    "rotationMatrix" : [
      0.6911334991455078,
      0.27453041076660156,
      0.6685562133789062,
      0.7215731143951416,
      -0.20985673367977142,
      -0.659766674041748,
      -0.04082486033439636,
      0.938399076461792,
      -0.34313273429870605
    ],
    "gravity" : [
      0.040824878960847855,
      -0.938399076461792,
      0.3431328237056732
    ],
    "userAcceleration" : [
      -0.002128560096025467,
      0.011305749416351318,
      -0.007500678300857544
    ]
  },
  {
    "timestamp" : 235075856850,
    "rotationMatrix" : [
      0.6920934915542603,
      0.27619990706443787,
      0.6668733358383179,
      0.7206684350967407,
      -0.21252211928367615,
      -0.6599022746086121,
      -0.04053953289985657,
      0.9373087286949158,
      -0.3461337089538574
    ],
    "gravity" : [
      0.040539562702178955,
      -0.9373087286949158,
      0.34613367915153503
    ],
    "userAcceleration" : [
      -0.0007903948426246643,
      -0.0028004050254821777,
      -0.00984540581703186
    ]
  },
  {
    "timestamp" : 235075866867,
    "rotationMatrix" : [
      0.6928208470344543,
      0.27801501750946045,
      0.6653622984886169,
      0.7200000286102295,
      -0.21552737057209015,
      -0.6596574783325195,
      -0.039990901947021484,
      0.9360853433609009,
      -0.3494926691055298
    ],
    "gravity" : [
      0.03999089449644089,
      -0.9360852837562561,
      0.3494926691055298
    ],
    "userAcceleration" : [
      0.001513063907623291,
      -0.004252910614013672,
      -0.015050619840621948
    ]
  },
  {
    "timestamp" : 235075876884,
    "rotationMatrix" : [
      0.6934621334075928,
      0.28005310893058777,
      0.6638376712799072,
      0.7194198369979858,
      -0.21887348592281342,
      -0.6591885089874268,
      -0.03931125998497009,
      0.9347002506256104,
      -0.3532562255859375
    ],
    "gravity" : [
      0.03931129723787308,
      -0.9347003102302551,
      0.35325631499290466
    ],
    "userAcceleration" : [
      0.001841716468334198,
      0.0008928179740905762,
      0.004928380250930786
    ]
  },
  {
    "timestamp" : 235075886901,
    "rotationMatrix" : [
      0.6939786672592163,
      0.28229501843452454,
      0.662346601486206,
      0.7189565896987915,
      -0.22229963541030884,
      -0.6585469245910645,
      -0.03866499662399292,
      0.9332159757614136,
      -0.3572290539741516
    ],
    "gravity" : [
      0.038665007799863815,
      -0.9332159757614136,
      0.3572290539741516
    ],
    "userAcceleration" : [
      -0.004378482699394226,
      -0.011760711669921875,
      0.030633896589279175
    ]
  },
  {
    "timestamp" : 235075896918,
    "rotationMatrix" : [
      0.6944757103919983,
      0.2844667136669159,
      0.6608949899673462,
      0.7185131311416626,
      -0.22570116817951202,
      -0.6578736305236816,
      -0.03797835111618042,
      0.9317389726638794,
      -0.3611370325088501
    ],
    "gravity" : [
      0.03797835856676102,
      -0.9317390322685242,
      0.3611369729042053
    ],
    "userAcceleration" : [
      -0.007262382656335831,
      0.0003272891044616699,
      0.04340386390686035
    ]
  },
  {
    "timestamp" : 235075906935,
    "rotationMatrix" : [
      0.6949436068534851,
      0.2863827347755432,
      0.6595742702484131,
      0.7181023955345154,
      -0.22897973656654358,
      -0.6571885347366333,
      -0.037178218364715576,
      0.9303508996963501,
      -0.36478012800216675
    ],
    "gravity" : [
      0.037178222090005875,
      -0.9303508996963501,
      0.36478009819984436
    ],
    "userAcceleration" : [
      -0.01042952761054039,
      0.0149458646774292,
      0.0545465350151062
    ]
  },
  {
    "timestamp" : 235075916952,
    "rotationMatrix" : [
      0.6954156160354614,
      0.2880471646785736,
      0.6583508849143982,
      0.7176836729049683,
      -0.23194783926010132,
      -0.6566050052642822,
      -0.03643012046813965,
      0.9291011095046997,
      -0.3680269122123718
    ],
    "gravity" : [
      0.036430101841688156,
      -0.9291011691093445,
      0.3680269718170166
    ],
    "userAcceleration" : [
      -0.01741762086749077,
      -0.003226161003112793,
      0.06889310479164124
    ]
  },
  {
    "timestamp" : 235075926969,
    "rotationMatrix" : [
      0.6959564685821533,
      0.2894154489040375,
      0.6571781635284424,
      0.7171939611434937,
      -0.23460198938846588,
      -0.6561968326568604,
      -0.03573811054229736,
      0.9280087947845459,
      -0.37083980441093445
    ],
    "gravity" : [
      0.03573811426758766,
      -0.9280087351799011,
      0.37083980441093445
    ],
    "userAcceleration" : [
      -0.015382859855890274,
      -0.00019848346710205078,
      0.055749982595443726
    ]
  },
  {
    "timestamp" : 235075936986,
    "rotationMatrix" : [
      0.6964083909988403,
      0.29057180881500244,
      0.6561884880065918,
      0.7167901992797852,
      -0.23700577020645142,
      -0.6557741165161133,
      -0.03502896428108215,
      0.9270360469818115,
      -0.37333184480667114
    ],
    "gravity" : [
      0.03502894937992096,
      -0.9270361065864563,
      0.37333181500434875
    ],
    "userAcceleration" : [
      -0.009592525660991669,
      0.013004302978515625,
      0.03932672739028931
    ]
  },
  {
    "timestamp" : 235075947004,
    "rotationMatrix" : [
      0.6969997882843018,
      0.29160600900650024,
      0.65510094165802,
      0.7162498831748962,
      -0.23940110206604004,
      -0.655494749546051,
      -0.034314364194869995,
      0.9260956645011902,
      -0.37572526931762695
    ],
    "gravity" : [
      0.0343143530189991,
      -0.926095724105835,
      0.37572523951530457
    ],
    "userAcceleration" : [
      -0.009381432086229324,
      0.010644495487213135,
      0.02420756220817566
    ]
  },
  {
    "timestamp" : 235075957021,
    "rotationMatrix" : [
      0.6977447867393494,
      0.2927004098892212,
      0.6538184881210327,
      0.7155526876449585,
      -0.24183061718940735,
      -0.6553640961647034,
      -0.03371196985244751,
      0.9251185059547424,
      -0.3781786262989044
    ],
    "gravity" : [
      0.0337119922041893,
      -0.9251184463500977,
      0.37817856669425964
    ],
    "userAcceleration" : [
      -0.01344827190041542,
      0.010079503059387207,
      0.006037592887878418
    ]
  },
  {
    "timestamp" : 235075967038,
    "rotationMatrix" : [
      0.698508620262146,
      0.29401955008506775,
      0.6524094343185425,
      0.714826226234436,
      -0.24425892531871796,
      -0.655255913734436,
      -0.03330111503601074,
      0.9240614175796509,
      -0.3807898163795471
    ],
    "gravity" : [
      0.033301111310720444,
      -0.9240614175796509,
      0.3807898759841919
    ],
    "userAcceleration" : [
      -0.015021055936813354,
      0.005284249782562256,
      0.0008780062198638916
    ]
  },
  {
    "timestamp" : 235075977055,
    "rotationMatrix" : [
      0.6995036005973816,
      0.2955425977706909,
      0.6506528854370117,
      0.713863730430603,
      -0.2468535453081131,
      -0.6553330421447754,
      -0.03306272625923157,
      0.9228854179382324,
      -0.38365206122398376
    ],
    "gravity" : [
      0.033062729984521866,
      -0.9228853583335876,
      0.38365206122398376
    ],
    "userAcceleration" : [
      -0.016812078654766083,
      0.004596412181854248,
      -0.0056310296058654785
    ]
  },
  {
    "timestamp" : 235075987072,
    "rotationMatrix" : [
      0.7006751298904419,
      0.2972562611103058,
      0.6486085653305054,
      0.7127172946929932,
      -0.24957375228405,
      -0.6555507779121399,
      -0.032990843057632446,
      0.9216026663780212,
      -0.38672977685928345
    ],
    "gravity" : [
      0.03299088031053543,
      -0.9216026663780212,
      0.38672980666160583
    ],
    "userAcceleration" : [
      -0.021562006324529648,
      0.0019402503967285156,
      0.0022013187408447266
    ]
  },
  {
    "timestamp" : 235075997089,
    "rotationMatrix" : [
      0.7018428444862366,
      0.29904991388320923,
      0.6465181112289429,
      0.7115671038627625,
      -0.25228625535964966,
      -0.6557618379592896,
      -0.03299781680107117,
      0.9202828407287598,
      -0.3898593485355377
    ],
    "gravity" : [
      0.03299781680107117,
      -0.9202828407287598,
      0.3898593485355377
    ],
    "userAcceleration" : [
      -0.023354239761829376,
      0.004480957984924316,
      1.7851591110229492e-05
    ]
  },
  {
    "timestamp" : 235076007106,
    "rotationMatrix" : [
      0.7030205726623535,
      0.3008463978767395,
      0.6444016098976135,
      0.7104009985923767,
      -0.2549656331539154,
      -0.6559897065162659,
      -0.03305178880691528,
      0.9189578890800476,
      -0.3929676413536072
    ],
    "gravity" : [
      0.03305179253220558,
      -0.9189578890800476,
      0.3929676413536072
    ],
    "userAcceleration" : [
      -0.017625130712985992,
      0.007733643054962158,
      -0.004555374383926392
    ]
  },
  {
    "timestamp" : 235076017123,
    "rotationMatrix" : [
      0.7041083574295044,
      0.30268871784210205,
      0.6423479318618774,
      0.7093201875686646,
      -0.25763237476348877,
      -0.6561174392700195,
      -0.03310960531234741,
      0.9176081418991089,
      -0.39610427618026733
    ],
    "gravity" : [
      0.033109623938798904,
      -0.9176081418991089,
      0.3961043059825897
    ],
    "userAcceleration" : [
      -0.004590913653373718,
      0.009237349033355713,
      -0.011506736278533936
    ]
  },
  {
    "timestamp" : 235076027140,
    "rotationMatrix" : [
      0.7050920724868774,
      0.3045691251754761,
      0.6403771042823792,
      0.7083419561386108,
      -0.2603320777416229,
      -0.6561089158058167,
      -0.033119797706604004,
      0.9162231087684631,
      -0.39929717779159546
    ],
    "gravity" : [
      0.033119820058345795,
      -0.9162231087684631,
      0.39929714798927307
    ],
    "userAcceleration" : [
      0.001487143337726593,
      0.0029693245887756348,
      -0.02393108606338501
    ]
  },
  {
    "timestamp" : 235076037157,
    "rotationMatrix" : [
      0.7059046030044556,
      0.30652564764022827,
      0.6385457515716553,
      0.7075344920158386,
      -0.26306283473968506,
      -0.6558908224105835,
      -0.03306964039802551,
      0.9147894382476807,
      -0.402574747800827
    ],
    "gravity" : [
      0.033069681376218796,
      -0.9147894382476807,
      0.40257471799850464
    ],
    "userAcceleration" : [
      0.00898357480764389,
      0.0039923787117004395,
      -0.024965643882751465
    ]
  },
  {
    "timestamp" : 235076047174,
    "rotationMatrix" : [
      0.706902027130127,
      0.3084430694580078,
      0.6365158557891846,
      0.7065434455871582,
      -0.26600325107574463,
      -0.6557732820510864,
      -0.0329534113407135,
      0.9132934808731079,
      -0.4059666395187378
    ],
    "gravity" : [
      0.03295339643955231,
      -0.9132935404777527,
      0.40596672892570496
    ],
    "userAcceleration" : [
      0.020681288093328476,
      -0.00348508358001709,
      -0.02391725778579712
    ]
  },
  {
    "timestamp" : 235076057191,
    "rotationMatrix" : [
      0.7082926630973816,
      0.31030797958374023,
      0.6340587139129639,
      0.7051526308059692,
      -0.2691757380962372,
      -0.6559756398200989,
      -0.0328812301158905,
      0.911730945110321,
      -0.40946969389915466
    ],
    "gravity" : [
      0.032881252467632294,
      -0.911730945110321,
      0.40946969389915466
    ],
    "userAcceleration" : [
      0.027833517640829086,
      -0.01269221305847168,
      -0.0187075138092041
    ]
  },
  {
    "timestamp" : 235076067208,
    "rotationMatrix" : [
      0.709854006767273,
      0.3121899664402008,
      0.6313831210136414,
      0.7035778760910034,
      -0.27235639095306396,
      -0.6563532948493958,
      -0.03294557332992554,
      0.9101422429084778,
      -0.4129831790924072
    ],
    "gravity" : [
      0.03294558823108673,
      -0.9101422429084778,
      0.4129832088947296
    ],
    "userAcceleration" : [
      0.020704343914985657,
      -0.008085668087005615,
      -0.0025373101234436035
    ]
  },
  {
    "timestamp" : 235076077225,
    "rotationMatrix" : [
      0.7116717100143433,
      0.3138907849788666,
      0.6284870505332947,
      0.7017295360565186,
      -0.27541208267211914,
      -0.6570570468902588,
      -0.03315126895904541,
      0.9086368083953857,
      -0.416269451379776
    ],
    "gravity" : [
      0.033151257783174515,
      -0.9086368083953857,
      0.416269451379776
    ],
    "userAcceleration" : [
      0.016378801316022873,
      -0.006524384021759033,
      0.008870899677276611
    ]
  },
  {
    "timestamp" : 235076087243,
    "rotationMatrix" : [
      0.713735818862915,
      0.31529033184051514,
      0.6254383325576782,
      0.6996158361434937,
      -0.27827760577201843,
      -0.6581024527549744,
      -0.03344777226448059,
      0.9072778820991516,
      -0.41919881105422974
    ],
    "gravity" : [
      0.03344777226448059,
      -0.9072779417037964,
      0.41919881105422974
    ],
    "userAcceleration" : [
      0.017531879246234894,
      -0.0013828277587890625,
      0.00942036509513855
    ]
  },
  {
    "timestamp" : 235076097260,
    "rotationMatrix" : [
      0.7160077691078186,
      0.3164309859275818,
      0.6222573518753052,
      0.6972715258598328,
      -0.280959814786911,
      -0.659449577331543,
      -0.03384089469909668,
      0.9060534238815308,
      -0.4218077063560486
    ],
    "gravity" : [
      0.03384089842438698,
      -0.906053364276886,
      0.42180758714675903
    ],
    "userAcceleration" : [
      0.004306096583604813,
      -0.0045452117919921875,
      0.008596837520599365
    ]
  },
  {
    "timestamp" : 235076107277,
    "rotationMatrix" : [
      0.7184257507324219,
      0.317310094833374,
      0.6190142631530762,
      0.6947617530822754,
      -0.28355681896209717,
      -0.6609850525856018,
      -0.034211426973342896,
      0.9049361348152161,
      -0.4241694211959839
    ],
    "gravity" : [
      0.034211453050374985,
      -0.9049361944198608,
      0.42416948080062866
    ],
    "userAcceleration" : [
      0.003050532191991806,
      0.0025315284729003906,
      -0.0027982592582702637
    ]
  },
  {
    "timestamp" : 235076117294,
    "rotationMatrix" : [
      0.7205525636672974,
      0.31802061200141907,
      0.6161712408065796,
      0.692552924156189,
      -0.2861490547657013,
      -0.6621853113174438,
      -0.034271806478500366,
      0.9038704633712769,
      -0.4264315068721771
    ],
    "gravity" : [
      0.03427180275321007,
      -0.9038704633712769,
      0.4264315068721771
    ],
    "userAcceleration" : [
      0.006530232727527618,
      0.01023930311203003,
      -0.0179232656955719
    ]
  },
  {
    "timestamp" : 235076127311,
    "rotationMatrix" : [
      0.7227296829223633,
      0.31850916147232056,
      0.6133625507354736,
      0.6902909874916077,
      -0.28893062472343445,
      -0.6633381247520447,
      -0.03406009078025818,
      0.9028128981590271,
      -0.428682804107666
    ],
    "gravity" : [
      0.03406010568141937,
      -0.9028128981590271,
      0.42868277430534363
    ],
    "userAcceleration" : [
      0.011685773730278015,
      0.008022129535675049,
      -0.02020508050918579
    ]
  },
  {
    "timestamp" : 235076137328,
    "rotationMatrix" : [
      0.7247321605682373,
      0.3188956379890442,
      0.6107935905456543,
      0.6882105469703674,
      -0.2917824387550354,
      -0.664250910282135,
      -0.03360787034034729,
      0.90175861120224,
      -0.4309314787387848
    ],
    "gravity" : [
      0.03360787406563759,
      -0.90175861120224,
      0.4309314787387848
    ],
    "userAcceleration" : [
      0.020347237586975098,
      0.0064337849617004395,
      -0.02231648564338684
    ]
  },
  {
    "timestamp" : 235076147345,
    "rotationMatrix" : [
      0.7267292141914368,
      0.3191063404083252,
      0.6083056330680847,
      0.6861333847045898,
      -0.29473379254341125,
      -0.665095865726471,
      -0.03294801712036133,
      0.900723397731781,
      -0.43314117193222046
    ],
    "gravity" : [
      0.03294801339507103,
      -0.900723397731781,
      0.4331410825252533
    ],
    "userAcceleration" : [
      0.022700835019350052,
      0.011319339275360107,
      -0.018987268209457397
    ]
  },
  {
    "timestamp" : 235076157362,
    "rotationMatrix" : [
      0.7285831570625305,
      0.3193148374557495,
      0.6059740781784058,
      0.6842001676559448,
      -0.29769086837768555,
      -0.6657701730728149,
      -0.03219723701477051,
      0.8996765613555908,
      -0.43536776304244995
    ],
    "gravity" : [
      0.032197240740060806,
      -0.8996765613555908,
      0.43536779284477234
    ],
    "userAcceleration" : [
      0.019804757088422775,
      0.014346480369567871,
      -0.005176961421966553
    ]
  },
  {
    "timestamp" : 235076167379,
    "rotationMatrix" : [
      0.7302914261817932,
      0.3196556866168976,
      0.6037338972091675,
      0.6824105978012085,
      -0.30064791440963745,
      -0.6662780046463013,
      -0.03146815299987793,
      0.8985714912414551,
      -0.4376969635486603
    ],
    "gravity" : [
      0.03146812692284584,
      -0.8985715508460999,
      0.4376969635486603
    ],
    "userAcceleration" : [
      0.020533859729766846,
      0.013241469860076904,
      -0.007506072521209717
    ]
  },
  {
    "timestamp" : 235076177396,
    "rotationMatrix" : [
      0.7319579720497131,
      0.3202071487903595,
      0.6014189720153809,
      0.6806473731994629,
      -0.30356723070144653,
      -0.6667575240135193,
      -0.030929356813430786,
      0.8973928093910217,
      -0.4401465654373169
    ],
    "gravity" : [
      0.03092934563755989,
      -0.8973928093910217,
      0.4401465654373169
    ],
    "userAcceleration" : [
      0.0270540751516819,
      0.01831895112991333,
      0.009331375360488892
    ]
  },
  {
    "timestamp" : 235076187413,
    "rotationMatrix" : [
      0.7335692644119263,
      0.32094985246658325,
      0.599055290222168,
      0.6789248585700989,
      -0.30637386441230774,
      -0.6672300696372986,
      -0.030612438917160034,
      0.8961730599403381,
      -0.4426472783088684
    ],
    "gravity" : [
      0.030612437054514885,
      -0.8961730003356934,
      0.4426473379135132
    ],
    "userAcceleration" : [
      0.027798233553767204,
      0.02422487735748291,
      0.018274784088134766
    ]
  },
  {
    "timestamp" : 235076197430,
    "rotationMatrix" : [
      0.7354429364204407,
      0.32168683409690857,
      0.5963566303253174,
      0.676898717880249,
      -0.3091515302658081,
      -0.6680071949958801,
      -0.03052458167076111,
      0.894954264163971,
      -0.44511276483535767
    ],
    "gravity" : [
      0.030524592846632004,
      -0.8949542045593262,
      0.4451127052307129
    ],
    "userAcceleration" : [
      0.022759154438972473,
      0.02645432949066162,
      0.02575826644897461
    ]
  },
  {
    "timestamp" : 235076207447,
    "rotationMatrix" : [
      0.7376271486282349,
      0.32236820459365845,
      0.5932831764221191,
      0.6745125651359558,
      -0.3119296729564667,
      -0.6691282987594604,
      -0.030643075704574585,
      0.8937441110610962,
      -0.4475291967391968
    ],
    "gravity" : [
      0.030643045902252197,
      -0.8937441110610962,
      0.44752922654151917
    ],
    "userAcceleration" : [
      0.024212349206209183,
      0.031149446964263916,
      0.027797162532806396
    ]
  },
  {
    "timestamp" : 235076217464,
    "rotationMatrix" : [
      0.7409462332725525,
      0.32261669635772705,
      0.5889967083930969,
      0.6708505749702454,
      -0.3151436448097229,
      -0.6713001728057861,
      -0.030954062938690186,
      0.8925261497497559,
      -0.4499320983886719
    ],
    "gravity" : [
      0.030954068526625633,
      -0.8925261497497559,
      0.44993215799331665
    ],
    "userAcceleration" : [
      0.023489341139793396,
      0.028039395809173584,
      0.0345037579536438
    ]
  },
  {
    "timestamp" : 235076227481,
    "rotationMatrix" : [
      0.7436930537223816,
      0.32323431968688965,
      0.58518385887146,
      0.6677805185317993,
      -0.31798744201660156,
      -0.6730180978775024,
      -0.0314614474773407,
      0.8912932872772217,
      -0.4523346722126007
    ],
    "gravity" : [
      0.031461454927921295,
      -0.8912932872772217,
      0.45233461260795593
    ],
    "userAcceleration" : [
      0.013185795396566391,
      0.015515029430389404,
      0.035900771617889404
    ]
  },
  {
    "timestamp" : 235076237498,
    "rotationMatrix" : [
      0.7464916110038757,
      0.32384437322616577,
      0.5812702178955078,
      0.6646206974983215,
      -0.32076579332351685,
      -0.6748247146606445,
      -0.03208649158477783,
      0.8900752067565918,
      -0.4546826183795929
    ],
    "gravity" : [
      0.03208652511239052,
      -0.8900752067565918,
      0.4546826481819153
    ],
    "userAcceleration" : [
      0.014788519591093063,
      0.017928659915924072,
      0.03014993667602539
    ]
  },
  {
    "timestamp" : 235076250020,
    "rotationMatrix" : [
      0.7501779794692993,
      0.3244149386882782,
      0.5761839747428894,
      0.6604163646697998,
      -0.3242241144180298,
      -0.6772952675819397,
      -0.03291189670562744,
      0.8886132836341858,
      -0.4574747085571289
    ],
    "gravity" : [
      0.03291189670562744,
      -0.8886132836341858,
      0.4574747681617737
    ],
    "userAcceleration" : [
      0.04416029155254364,
      0.027208805084228516,
      0.04258614778518677
    ]
  },
  {
    "timestamp" : 235076260037,
    "rotationMatrix" : [
      0.7533419132232666,
      0.324623167514801,
      0.5719228982925415,
      0.6567739248275757,
      -0.3270503878593445,
      -0.6794745922088623,
      -0.033525556325912476,
      0.8875007629394531,
      -0.4595847725868225
    ],
    "gravity" : [
      0.03352554887533188,
      -0.8875007629394531,
      0.4595848321914673
    ],
    "userAcceleration" : [
      0.04354662448167801,
      0.0260964035987854,
      0.040476053953170776
    ]
  },
  {
    "timestamp" : 235076270054,
    "rotationMatrix" : [
      0.7566283345222473,
      0.3245789706707001,
      0.5675930976867676,
      0.6529583930969238,
      -0.3298957049846649,
      -0.6817724704742432,
      -0.03404232859611511,
      0.8864630460739136,
      -0.4615449607372284
    ],
    "gravity" : [
      0.03404233232140541,
      -0.8864631056785583,
      0.46154502034187317
    ],
    "userAcceleration" : [
      0.04302982985973358,
      0.0250588059425354,
      0.03851577639579773
    ]
  },
  {
    "timestamp" : 235076280071,
    "rotationMatrix" : [
      0.7598022222518921,
      0.32445675134658813,
      0.5634077787399292,
      0.6492331027984619,
      -0.33252719044685364,
      -0.6840478777885437,
      -0.03459542989730835,
      0.8855240941047668,
      -0.46330294013023376
    ],
    "gravity" : [
      0.034595463424921036,
      -0.8855241537094116,
      0.4633029103279114
    ],
    "userAcceleration" : [
      0.03953175991773605,
      0.03365671634674072,
      0.046615034341812134
    ]
  },
  {
    "timestamp" : 235076290088,
    "rotationMatrix" : [
      0.7632684111595154,
      0.32402363419532776,
      0.5589543581008911,
      0.645127534866333,
      -0.3352322280406952,
      -0.6866072416305542,
      -0.0350973904132843,
      0.8846625089645386,
      -0.4649087190628052
    ],
    "gravity" : [
      0.03509737551212311,
      -0.8846625089645386,
      0.4649087190628052
    ],
    "userAcceleration" : [
      0.03707671910524368,
      0.031558990478515625,
      0.031993567943573
    ]
  },
  {
    "timestamp" : 235076300105,
    "rotationMatrix" : [
      0.7667621374130249,
      0.3234180808067322,
      0.5545057058334351,
      0.640947699546814,
      -0.3379175662994385,
      -0.6892006397247314,
      -0.035522669553756714,
      0.8838621377944946,
      -0.4663964509963989
    ],
    "gravity" : [
      0.03552268072962761,
      -0.8838621377944946,
      0.4663965106010437
    ],
    "userAcceleration" : [
      0.02400188148021698,
      0.023647964000701904,
      0.030917763710021973
    ]
  },
  {
    "timestamp" : 235076310122,
    "rotationMatrix" : [
      0.7704055309295654,
      0.3225928246974945,
      0.5499173402786255,
      0.6365429162979126,
      -0.34063637256622314,
      -0.6919389963150024,
      -0.03589266538619995,
      0.8831197023391724,
      -0.46777233481407166
    ],
    "gravity" : [
      0.03589266538619995,
      -0.8831196427345276,
      0.4677722752094269
    ],
    "userAcceleration" : [
      0.02482210099697113,
      0.023103952407836914,
      0.03061002492904663
    ]
  },
  {
    "timestamp" : 235076320139,
    "rotationMatrix" : [
      0.7740030288696289,
      0.32153749465942383,
      0.5454657077789307,
      0.6321527361869812,
      -0.3433142900466919,
      -0.6946350336074829,
      -0.03608497977256775,
      0.8824673891067505,
      -0.4689871072769165
    ],
    "gravity" : [
      0.03608500212430954,
      -0.8824673295021057,
      0.46898704767227173
    ],
    "userAcceleration" : [
      0.027452610433101654,
      0.02376389503479004,
      0.024390369653701782
    ]
  },
  {
    "timestamp" : 235076330156,
    "rotationMatrix" : [
      0.7774484157562256,
      0.3201955556869507,
      0.5413397550582886,
      0.6279169321060181,
      -0.34591737389564514,
      -0.697181224822998,
      -0.03597554564476013,
      0.8819388151168823,
      -0.4699891209602356
    ],
    "gravity" : [
      0.035975512117147446,
      -0.8819388747215271,
      0.4699891209602356
    ],
    "userAcceleration" : [
      0.042241066694259644,
      0.02540189027786255,
      0.017407000064849854
    ]
  },
  {
    "timestamp" : 235076340173,
    "rotationMatrix" : [
      0.7808510661125183,
      0.31867116689682007,
      0.5373269319534302,
      0.6236903071403503,
      -0.34836500883102417,
      -0.6997514963150024,
      -0.03580474853515625,
      0.881527304649353,
      -0.4707733392715454
    ],
    "gravity" : [
      0.035804763436317444,
      -0.881527304649353,
      0.470773309469223
    ],
    "userAcceleration" : [
      0.05193330720067024,
      0.021236836910247803,
      0.02539658546447754
    ]
  },
  {
