[
  {
    "gravity" : [
      0.02520548179745674,
      -0.8231051564216614,
      -0.5673292279243469
    ],
    "timestamp" : 235095658327,
    "userAcceleration" : [
      0.013582319021224976,
      0.016418814659118652,
      0.0234450101852417
    ],
    "rotationMatrix" : [
      -0.904658317565918,
      0.22270935773849487,
      -0.3633086681365967,
      -0.4253907799720764,
      -0.5223963260650635,
      0.7390156984329224,
      -0.025205492973327637,
      0.8231050968170166,
      0.5673292279243469
    ]
  },
  {
    "gravity" : [
      0.025530504062771797,
      -0.8238173723220825,
      -0.566279947757721
    ],
    "timestamp" : 235095668344,
    "userAcceleration" : [
      0.019345559179782867,
      0.020732104778289795,
      0.016429483890533447
    ],
    "rotationMatrix" : [
      -0.9049170017242432,
      0.2216794192790985,
      -0.3632945418357849,
      -0.42482098937034607,
      -0.5217112898826599,
      0.739827036857605,
      -0.025530502200126648,
      0.8238173723220825,
      0.566279947757721
    ]
  },
  {
    "gravity" : [
      0.025647718459367752,
      -0.8245234489440918,
      -0.5652462244033813
    ],
    "timestamp" : 235095678361,
    "userAcceleration" : [
      0.018938452005386353,
      0.025084972381591797,
      0.016708016395568848
    ],
    "rotationMatrix" : [
      -0.9054888486862183,
      0.2204315960407257,
      -0.36262911558151245,
      -0.42359432578086853,
      -0.5211247801780701,
      0.740943193435669,
      -0.025647729635238647,
      0.8245234489440918,
      0.5652462244033813
    ]
  },
  {
    "gravity" : [
      0.02564808540046215,
      -0.8252021670341492,
      -0.564254879951477
    ],
    "timestamp" : 235095688379,
    "userAcceleration" : [
      0.017030712217092514,
      0.02378004789352417,
      0.01396191120147705
    ],
    "rotationMatrix" : [
      -0.9062061309814453,
      0.21911251544952393,
      -0.3616354763507843,
      -0.4220576882362366,
      -0.5206064581871033,
      0.7421833872795105,
      -0.0256480872631073,
      0.8252021670341492,
      0.564254879951477
    ]
  },
  {
    "gravity" : [
      0.02555100806057453,
      -0.8258422613143921,
      -0.5633218884468079
    ],
    "timestamp" : 235095698396,
    "userAcceleration" : [
      -0.003822505474090576,
      0.004766941070556641,
      0.03475743532180786
    ],
    "rotationMatrix" : [
      -0.9068863391876221,
      0.21793849766254425,
      -0.3606370687484741,
      -0.42059892416000366,
      -0.5200833678245544,
      0.7433769106864929,
      -0.025551006197929382,
      0.8258423209190369,
      0.5633218288421631
    ]
  },
  {
    "gravity" : [
      0.02542836405336857,
      -0.8263401985168457,
      -0.5625969767570496
    ],
    "timestamp" : 235095708413,
    "userAcceleration" : [
      -0.003699870780110359,
      0.005264759063720703,
      0.03403252363204956
    ],
    "rotationMatrix" : [
      -0.9075405597686768,
      0.2169077843427658,
      -0.35961246490478516,
      -0.4191938638687134,
      -0.5197239518165588,
      0.7444216012954712,
      -0.025428369641304016,
      0.8263401985168457,
      0.5625969767570496
    ]
  },
  {
    "gravity" : [
      0.02539915032684803,
      -0.8266046047210693,
      -0.5622097253799438
    ],
    "timestamp" : 235095718431,
    "userAcceleration" : [
      0.0005865320563316345,
      -0.002649545669555664,
      0.03544580936431885
    ],
    "rotationMatrix" : [
      -0.9081546068191528,
      0.21599972248077393,
      -0.3586076498031616,
      -0.4178638458251953,
      -0.5196816921234131,
      0.7451984882354736,
      -0.025399133563041687,
      0.8266046047210693,
      0.5622097253799438
    ]
  },
  {
    "gravity" : [
      0.025473345071077347,
      -0.8266276121139526,
      -0.562172532081604
    ],
    "timestamp" : 235095728448,
    "userAcceleration" : [
      0.006478525698184967,
      -0.007707715034484863,
      0.027718186378479004
    ],
    "rotationMatrix" : [
      -0.9086534380912781,
      0.2153049260377884,
      -0.35776105523109436,
      -0.4167736768722534,
      -0.5199334025382996,
      0.7456333637237549,
      -0.025473356246948242,
      0.8266276121139526,
      0.562172532081604
    ]
  },
  {
    "gravity" : [
      0.025644376873970032,
      -0.8264985680580139,
      -0.5623544454574585
    ],
    "timestamp" : 235095738465,
    "userAcceleration" : [
      0.005056269466876984,
      -0.010415434837341309,
      0.011557936668395996
    ],
    "rotationMatrix" : [
      -0.9089894890785217,
      0.2148313820362091,
      -0.3571915924549103,
      -0.4160297214984894,
      -0.5203343033790588,
      0.745769202709198,
      -0.025644361972808838,
      0.8264985680580139,
      0.5623544454574585
    ]
  },
  {
    "gravity" : [
      0.025901857763528824,
      -0.8263170123100281,
      -0.5626091957092285
    ],
    "timestamp" : 235095748483,
    "userAcceleration" : [
      -0.003593532368540764,
      -0.011329352855682373,
      -0.002911984920501709
    ],
    "rotationMatrix" : [
      -0.9091468453407288,
      0.21454426646232605,
      -0.3569622039794922,
      -0.4156685769557953,
      -0.5207402110099792,
      0.7456867098808289,
      -0.02590186893939972,
      0.8263170123100281,
      0.5626091957092285
    ]
  },
  {
    "gravity" : [
      0.026394937187433243,
      -0.8261708617210388,
      -0.562800943851471
    ],
    "timestamp" : 235095758500,
    "userAcceleration" : [
      -0.01112091913819313,
      -0.0034494400024414062,
      -0.022175252437591553
    ],
    "rotationMatrix" : [
      -0.9091494083404541,
      0.21424177289009094,
      -0.3571375012397766,
      -0.41563209891319275,
      -0.5210966467857361,
      0.7454580664634705,
      -0.026394933462142944,
      0.8261708617210388,
      0.562800943851471
    ]
  },
  {
    "gravity" : [
      0.027149764820933342,
      -0.8261508345603943,
      -0.5627946257591248
    ],
    "timestamp" : 235095768517,
    "userAcceleration" : [
      -0.018284432590007782,
      0.007180988788604736,
      -0.032023489475250244
    ],
    "rotationMatrix" : [
      -0.9091635942459106,
      0.21363648772239685,
      -0.3574652671813965,
      -0.41555365920066833,
      -0.5213775634765625,
      0.7453058958053589,
      -0.027149751782417297,
      0.8261507749557495,
      0.5627946257591248
    ]
  },
  {
    "gravity" : [
      0.028103768825531006,
      -0.8262977600097656,
      -0.5625318288803101
    ],
    "timestamp" : 235095778534,
    "userAcceleration" : [
      -0.013714762404561043,
      0.0171089768409729,
      -0.035368502140045166
    ],
    "rotationMatrix" : [
      -0.9093120694160461,
      0.21259477734565735,
      -0.35770729184150696,
      -0.4151640832424164,
      -0.5215697884559631,
      0.7453880310058594,
      -0.028103768825531006,
      0.8262977600097656,
      0.5625318288803101
    ]
  },
  {
    "gravity" : [
      0.02923368290066719,
      -0.8266081213951111,
      -0.5620179772377014
    ],
    "timestamp" : 235095788552,
    "userAcceleration" : [
      -0.004224546253681183,
      0.019296228885650635,
      -0.03809481859207153
    ],
    "rotationMatrix" : [
      -0.9096776247024536,
      0.21103326976299286,
      -0.35770225524902344,
      -0.4142841100692749,
      -0.521712064743042,
      0.74577796459198,
      -0.029233694076538086,
      0.8266081809997559,
      0.5620180368423462
    ]
  },
  {
    "gravity" : [
      0.030499454587697983,
      -0.827074408531189,
      -0.5612643957138062
    ],
    "timestamp" : 235095798569,
    "userAcceleration" : [
      0.0036191605031490326,
      0.01335376501083374,
      -0.03729212284088135
    ],
    "rotationMatrix" : [
      -0.9101153016090393,
      0.20916861295700073,
      -0.35768526792526245,
      -0.4132312536239624,
      -0.5217245221138,
      0.7463535070419312,
      -0.030499443411827087,
      0.827074408531189,
      0.5612643957138062
    ]
  },
  {
    "gravity" : [
      0.03182293847203255,
      -0.827690601348877,
      -0.5602817535400391
    ],
    "timestamp" : 235095808586,
    "userAcceleration" : [
      0.018256381154060364,
      0.008614063262939453,
      -0.03481101989746094
    ],
    "rotationMatrix" : [
      -0.9105473756790161,
      0.20716258883476257,
      -0.3577535152435303,
      -0.4121786057949066,
      -0.5215479135513306,
      0.7470587491989136,
      -0.03182294964790344,
      0.827690601348877,
      0.5602817535400391
    ]
  },
  {
    "gravity" : [
      0.03306492418050766,
      -0.8284161686897278,
      -0.5591362714767456
    ],
    "timestamp" : 235095818604,
    "userAcceleration" : [
      0.02851952239871025,
      -0.0001512765884399414,
      -0.019232869148254395
    ],
    "rotationMatrix" : [
      -0.9109853506088257,
      0.20513808727264404,
      -0.3578043580055237,
      -0.411111056804657,
      -0.521195650100708,
      0.7478922009468079,
      -0.03306491672992706,
      0.8284161686897278,
      0.5591362714767456
    ]
  },
  {
    "gravity" : [
      0.03418336808681488,
      -0.8291931748390198,
      -0.5579159259796143
    ],
    "timestamp" : 235095828621,
    "userAcceleration" : [
      0.036907315254211426,
      -0.007949769496917725,
      -0.018118619918823242
    ],
    "rotationMatrix" : [
      -0.9113273620605469,
      0.20329713821411133,
      -0.3579837679862976,
      -0.4102604389190674,
      -0.5206810832023621,
      0.7487171292304993,
      -0.03418336808681488,
      0.8291931748390198,
      0.5579159259796143
    ]
  },
  {
    "gravity" : [
      0.03506680950522423,
      -0.8300291299819946,
      -0.5566165447235107
    ],
    "timestamp" : 235095838638,
    "userAcceleration" : [
      0.04050996154546738,
      -0.008822798728942871,
      -0.012154817581176758
    ],
    "rotationMatrix" : [
      -0.9115275144577026,
      0.20178553462028503,
      -0.3583296835422516,
      -0.40974125266075134,
      -0.519936740398407,
      0.7495183944702148,
      -0.035066813230514526,
      0.8300291299819946,
      0.5566165447235107
    ]
  },
  {
    "gravity" : [
      0.035501688718795776,
      -0.8309375047683716,
      -0.5552318692207336
    ],
    "timestamp" : 235095848656,
    "userAcceleration" : [
      0.04021240398287773,
      -0.012324213981628418,
      -0.003239750862121582
    ],
    "rotationMatrix" : [
      -0.9116489887237549,
      0.20068994164466858,
      -0.3586355447769165,
      -0.4094332158565521,
      -0.518908679485321,
      0.7503986358642578,
      -0.03550170361995697,
      0.8309375047683716,
      0.5552318692207336
    ]
  },
  {
    "gravity" : [
      0.03542868047952652,
      -0.8318700194358826,
      -0.5538385510444641
    ],
    "timestamp" : 235095858673,
    "userAcceleration" : [
      0.03373938798904419,
      -0.012490272521972656,
      0.002889394760131836
    ],
    "rotationMatrix" : [
      -0.9116214513778687,
      0.20018161833286285,
      -0.3589901924133301,
      -0.40950149297714233,
      -0.517609715461731,
      0.7512582540512085,
      -0.03542868793010712,
      0.8318700790405273,
      0.5538384914398193
    ]
  },
  {
    "gravity" : [
      0.03487149626016617,
      -0.8327709436416626,
      -0.5525181889533997
    ],
    "timestamp" : 235095868690,
    "userAcceleration" : [
      0.02245573326945305,
      -0.011177301406860352,
      0.009473204612731934
    ],
    "rotationMatrix" : [
      -0.9114351868629456,
      0.20028714835643768,
      -0.3594026565551758,
      -0.40996241569519043,
      -0.5161172151565552,
      0.7520327568054199,
      -0.03487148880958557,
      0.8327709436416626,
      0.5525181293487549
    ]
  },
  {
    "gravity" : [
      0.033822011202573776,
      -0.8335439562797546,
      -0.5514166355133057
    ],
    "timestamp" : 235095878708,
    "userAcceleration" : [
      0.0041265785694122314,
      -0.01507347822189331,
      0.02070075273513794
    ],
    "rotationMatrix" : [
      -0.9112804532051086,
      0.20083674788475037,
      -0.3594880700111389,
      -0.4103938639163971,
      -0.5146536231040955,
      0.7527999877929688,
      -0.033822014927864075,
      0.8335440158843994,
      0.5514166355133057
    ]
  },
  {
    "gravity" : [
      0.032551348209381104,
      -0.834197998046875,
      -0.5505034923553467
    ],
    "timestamp" : 235095888725,
    "userAcceleration" : [
      -0.022205911576747894,
      -0.024597108364105225,
      0.01028132438659668
    ],
    "rotationMatrix" : [
      -0.9111783504486084,
      0.20157644152641296,
      -0.35933423042297363,
      -0.4107244312763214,
      -0.5133037567138672,
      0.7535415291786194,
      -0.0325513631105423,
      0.8341980576515198,
      0.5505034923553467
    ]
  },
  {
    "gravity" : [
      0.03129490837454796,
      -0.8347533345222473,
      -0.5497340559959412
    ],
    "timestamp" : 235095898742,
    "userAcceleration" : [
      -0.034361936151981354,
      -0.02280592918395996,
      0.009069383144378662
    ],
    "rotationMatrix" : [
      -0.9111161231994629,
      0.20231540501117706,
      -0.35907673835754395,
      -0.41096019744873047,
      -0.5121088624000549,
      0.7542256712913513,
      -0.03129489719867706,
      0.8347533345222473,
      0.5497340559959412
    ]
  },
  {
    "gravity" : [
      0.030361460521817207,
      -0.835235059261322,
      -0.5490542054176331
    ],
    "timestamp" : 235095908760,
    "userAcceleration" : [
      -0.04206496477127075,
      -0.015381395816802979,
      -0.0021848082542419434
    ],
    "rotationMatrix" : [
      -0.9110342264175415,
      0.20286107063293457,
      -0.3589755892753601,
      -0.41121071577072144,
      -0.5111060738563538,
      0.7547687292098999,
      -0.030361458659172058,
      0.8352349996566772,
      0.5490542054176331
    ]
  },
  {
    "rotationMatrix" : [
      -0.9109761118888855,
      0.2028656303882599,
      -0.35912129282951355,
      -0.4113645851612091,
      -0.5102589726448059,
      0.7552582025527954,
      -0.030028939247131348,
      0.8357518911361694,
      0.5482854843139648
    ],
    "timestamp" : 235095918777,
    "userAcceleration" : [
      -0.05596890300512314,
      -0.017000675201416016,
      -0.02347666025161743
    ],
    "gravity" : [
      0.0300289299339056,
      -0.8357519507408142,
      -0.5482854247093201
    ]
  },
  {
    "rotationMatrix" : [
      -0.910925030708313,
      0.20210278034210205,
      -0.35967957973480225,
      -0.4114449620246887,
      -0.5093787908554077,
      0.7558079957962036,
      -0.030462324619293213,
      0.8364731073379517,
      0.5471606254577637
    ],
    "timestamp" : 235095928794,
    "userAcceleration" : [
      -0.05957610905170441,
      -0.011396706104278564,
      -0.04405635595321655
    ],
    "gravity" : [
      0.030462317168712616,
      -0.8364730477333069,
      -0.5471605658531189
    ]
  },
  {
    "rotationMatrix" : [
      -0.9109611511230469,
      0.2004813253879547,
      -0.3604944944381714,
      -0.4112807810306549,
      -0.5083553194999695,
      0.7565860152244568,
      -0.03157797455787659,
      0.8374852538108826,
      0.5455465912818909
    ],
    "timestamp" : 235095938811,
    "userAcceleration" : [
      -0.04653160646557808,
      -0.0016870498657226562,
      -0.048615336418151855
    ],
    "gravity" : [
      0.031577982008457184,
      -0.8374852538108826,
      -0.5455466508865356
    ]
  },
  {
    "rotationMatrix" : [
      -0.9110627174377441,
      0.19826528429985046,
      -0.36146312952041626,
      -0.4109397828578949,
      -0.5070478916168213,
      0.7576482892036438,
      -0.03306376934051514,
      0.8388046622276306,
      0.5434275269508362
    ],
    "timestamp" : 235095948829,
    "userAcceleration" : [
      -0.02554122358560562,
      0.005033969879150391,
      -0.03918355703353882
    ],
    "gravity" : [
      0.033063773065805435,
      -0.8388046622276306,
      -0.5434275269508362
    ]
  },
  {
    "rotationMatrix" : [
      -0.9112428426742554,
      0.19580310583114624,
      -0.36234939098358154,
      -0.4104202389717102,
      -0.5054043531417847,
      0.7590265274047852,
      -0.03451327979564667,
      0.8403732776641846,
      0.5409080982208252
    ],
    "timestamp" : 235095958846,
    "userAcceleration" : [
      -0.002866581082344055,
      0.005824387073516846,
      -0.02226322889328003
    ],
    "gravity" : [
      0.03451327234506607,
      -0.8403732180595398,
      -0.5409080982208252
    ]
  },
  {
    "rotationMatrix" : [
      -0.9115385413169861,
      0.19346359372138977,
      -0.36286187171936035,
      -0.40967628359794617,
      -0.503485918045044,
      0.7607014775276184,
      -0.03552787005901337,
      0.8420649170875549,
      0.5382047295570374
    ],
    "timestamp" : 235095968863,
    "userAcceleration" : [
      0.020426098257303238,
      0.010460972785949707,
      0.0038724541664123535
    ],
    "gravity" : [
      0.03552786633372307,
      -0.8420649170875549,
      -0.5382047295570374
    ]
  },
  {
    "rotationMatrix" : [
      -0.9119391441345215,
      0.1916155368089676,
      -0.36283695697784424,
      -0.4087560176849365,
      -0.5015037059783936,
      0.7625042200088501,
      -0.03585638105869293,
      0.8436691761016846,
      0.5356647372245789
    ],
    "timestamp" : 235095978881,
    "userAcceleration" : [
      0.02644522115588188,
      0.00767064094543457,
      0.031117677688598633
    ],
    "gravity" : [
      0.035856395959854126,
      -0.8436691164970398,
      -0.5356647372245789
    ]
  },
  {
    "rotationMatrix" : [
      -0.9123350381851196,
      0.1901235580444336,
      -0.362626314163208,
      -0.40786540508270264,
      -0.49971285462379456,
      0.7641550302505493,
      -0.03592519462108612,
      0.845068097114563,
      0.5334503650665283
    ],
    "timestamp" : 235095988898,
    "userAcceleration" : [
      -0.007177647203207016,
      -0.03283107280731201,
      0.03444218635559082
    ],
    "gravity" : [
      0.03592517971992493,
      -0.845068097114563,
      -0.5334503650665283
    ]
  },
  {
    "rotationMatrix" : [
      -0.9127007126808167,
      0.18899208307266235,
      -0.3622967600822449,
      -0.40705597400665283,
      -0.4982026517391205,
      0.7655711770057678,
      -0.03581036627292633,
      0.8462125658988953,
      0.5316406488418579
    ],
    "timestamp" : 235095998915,
    "userAcceleration" : [
      -0.0050944313406944275,
      -0.026391685009002686,
      0.051797568798065186
    ],
    "gravity" : [
      0.035810355097055435,
      -0.84621262550354,
      -0.5316405892372131
    ]
  },
  {
    "rotationMatrix" : [
      -0.9129806160926819,
      0.18834781646728516,
      -0.3619271516799927,
      -0.4064575433731079,
      -0.49699366092681885,
      0.7666742205619812,
      -0.035474106669425964,
      0.8470668196678162,
      0.5303011536598206
    ],
    "timestamp" : 235096008933,
    "userAcceleration" : [
      0.006106071174144745,
      -0.0077762603759765625,
      0.06066614389419556
    ],
    "gravity" : [
      0.035474106669425964,
      -0.8470668792724609,
      -0.5303011536598206
    ]
  },
  {
    "rotationMatrix" : [
      -0.9132120609283447,
      0.18793553113937378,
      -0.3615570664405823,
      -0.4059637188911438,
      -0.4961870610713959,
      0.7674578428268433,
      -0.035167396068573,
      0.8476309776306152,
      0.5294193625450134
    ],
    "timestamp" : 235096018950,
    "userAcceleration" : [
      -0.002177927643060684,
      -0.01505511999130249,
      0.04675334692001343
    ],
    "gravity" : [
      0.0351673886179924,
      -0.8476309776306152,
      -0.5294193625450134
    ]
  },
  {
    "rotationMatrix" : [
      -0.91338050365448,
      0.18761847913265228,
      -0.36129623651504517,
      -0.4056012034416199,
      -0.4956282079219818,
      0.7680103778839111,
      -0.034975722432136536,
      0.8480280637741089,
      0.5287957787513733
    ],
    "timestamp" : 235096028967,
    "userAcceleration" : [
      -0.00934099406003952,
      -0.018808424472808838,
      0.034212708473205566
    ],
    "gravity" : [
      0.034975722432136536,
      -0.8480280637741089,
      -0.5287957787513733
    ]
  },
  {
    "rotationMatrix" : [
      -0.9135369062423706,
      0.18722161650657654,
      -0.3611074388027191,
      -0.40525302290916443,
      -0.49517834186553955,
      0.7684845924377441,
      -0.03493562340736389,
      0.8483787775039673,
      0.5282356142997742
    ],
    "timestamp" : 235096038985,
    "userAcceleration" : [
      -0.009957022964954376,
      -0.015741705894470215,
      0.01917189359664917
    ],
    "gravity" : [
      0.034935638308525085,
      -0.8483788371086121,
      -0.528235673904419
    ]
  },
  {
    "rotationMatrix" : [
      -0.9136092662811279,
      0.18683184683322906,
      -0.36112552881240845,
      -0.40508490800857544,
      -0.49467623233795166,
      0.7688961625099182,
      -0.034985944628715515,
      0.8487573266029358,
      0.5276238322257996
    ],
    "timestamp" : 235096049002,
    "userAcceleration" : [
      -0.009427513927221298,
      -0.012723326683044434,
      0.01662224531173706
    ],
    "gravity" : [
      0.034985948354005814,
      -0.8487573266029358,
      -0.5276237726211548
    ]
  },
  {
    "rotationMatrix" : [
      -0.9136596918106079,
      0.18638178706169128,
      -0.36123126745224,
      -0.4049627482891083,
      -0.4940913915634155,
      0.7693368196487427,
      -0.035090863704681396,
      0.8491971492767334,
      0.5269088745117188
    ],
    "timestamp" : 235096059019,
    "userAcceleration" : [
      -0.008525334298610687,
      -0.011780023574829102,
      0.01320648193359375
    ],
    "gravity" : [
      0.0350908525288105,
      -0.8491971492767334,
      -0.5269088745117188
    ]
  },
  {
    "rotationMatrix" : [
      -0.9137178063392639,
      0.1857948899269104,
      -0.3613864779472351,
      -0.4048134684562683,
      -0.4934539794921875,
      0.7698242664337158,
      -0.0352981835603714,
      0.849696159362793,
      0.5260898470878601
    ],
    "timestamp" : 235096069037,
    "userAcceleration" : [
      -0.005375701934099197,
      -0.009572088718414307,
      0.009686589241027832
    ],
    "gravity" : [
      0.035298168659210205,
      -0.849696159362793,
      -0.5260898470878601
    ]
  },
  {
    "rotationMatrix" : [
      -0.9138122797012329,
      0.18505220115184784,
      -0.36152833700180054,
      -0.4045743942260742,
      -0.4927721917629242,
      0.7703863382339478,
      -0.03558942675590515,
      0.8502535820007324,
      0.5251687169075012
    ],
    "timestamp" : 235096079054,
    "userAcceleration" : [
      0.00011612474918365479,
      -0.009731709957122803,
      0.01346522569656372
    ],
    "gravity" : [
      0.03558943048119545,
      -0.8502535820007324,
      -0.5251687169075012
    ]
  },
  {
    "rotationMatrix" : [
      -0.9139037132263184,
      0.18422245979309082,
      -0.3617200255393982,
      -0.40433716773986816,
      -0.4919942021369934,
      0.7710075378417969,
      -0.03592731058597565,
      0.8508838415145874,
      0.5241237878799438
    ],
    "timestamp" : 235096089071,
    "userAcceleration" : [
      0.00540870800614357,
      -0.008918344974517822,
      0.008559882640838623
    ],
    "gravity" : [
      0.035927318036556244,
      -0.8508838415145874,
      -0.5241238474845886
    ]
  },
  {
    "rotationMatrix" : [
      -0.9140030145645142,
      0.1833457052707672,
      -0.3619149327278137,
      -0.40408578515052795,
      -0.49106839299201965,
      0.7717292904853821,
      -0.03623175621032715,
      0.8516077399253845,
      0.5229257345199585
    ],
    "timestamp" : 235096099089,
    "userAcceleration" : [
      0.00991080328822136,
      -0.006714284420013428,
      0.007865369319915771
    ],
    "gravity" : [
      0.03623175993561745,
      -0.8516077995300293,
      -0.5229257345199585
    ]
  },
  {
    "rotationMatrix" : [
      -0.9141045808792114,
      0.18256813287734985,
      -0.36205172538757324,
      -0.40384751558303833,
      -0.48992228507995605,
      0.7725821137428284,
      -0.03632837533950806,
      0.8524346947669983,
      0.521570086479187
    ],
    "timestamp" : 235096109106,
    "userAcceleration" : [
      0.015841390937566757,
      -0.001370847225189209,
      0.01627528667449951
    ],
    "gravity" : [
      0.036328379064798355,
      -0.8524346351623535,
      -0.521570086479187
    ]
  },
  {
    "rotationMatrix" : [
      -0.9142177104949951,
      0.18192125856876373,
      -0.36209189891815186,
      -0.4036019444465637,
      -0.4886404871940613,
      0.7735217809677124,
      -0.036212727427482605,
      0.8533083200454712,
      0.5201476216316223
    ],
    "timestamp" : 235096119123,
    "userAcceleration" : [
      0.012706920504570007,
      0.0016847848892211914,
      0.035726845264434814
    ],
    "gravity" : [
      0.03621271997690201,
      -0.8533083200454712,
      -0.5201476216316223
    ]
  },
  {
    "rotationMatrix" : [
      -0.914341926574707,
      0.1814008355140686,
      -0.36203932762145996,
      -0.4033415913581848,
      -0.48740506172180176,
      0.7744364738464355,
      -0.03597639501094818,
      0.8541252613067627,
      0.5188214182853699
    ],
    "timestamp" : 235096129140,
    "userAcceleration" : [
      0.012943260371685028,
      0.0025017857551574707,
      0.03440070152282715
    ],
    "gravity" : [
      0.035976387560367584,
      -0.8541252613067627,
      -0.5188214778900146
    ]
  },
  {
    "rotationMatrix" : [
      -0.9145470857620239,
      0.18084290623664856,
      -0.36180025339126587,
      -0.4028952419757843,
      -0.4863809049129486,
      0.7753121852874756,
      -0.035763055086135864,
      0.8548271656036377,
      0.5176790356636047
    ],
    "timestamp" : 235096139158,
    "userAcceleration" : [
      0.00444384291768074,
      -0.0003974437713623047,
      0.039407551288604736
    ],
    "gravity" : [
      0.035763055086135864,
      -0.8548271656036377,
      -0.5176790356636047
    ]
  },
  {
    "rotationMatrix" : [
      -0.9146583080291748,
      0.18036994338035583,
      -0.36175453662872314,
      -0.4026472270488739,
      -0.48558294773101807,
      0.7759407758712769,
      -0.03570549190044403,
      0.8553804159164429,
      0.5167682766914368
    ],
    "timestamp" : 235096149175,
    "userAcceleration" : [
      -0.00018307194113731384,
      0.0003846287727355957,
      0.03631484508514404
    ],
    "gravity" : [
      0.03570549562573433,
      -0.8553803563117981,
      -0.5167682766914368
    ]
  },
  {
    "rotationMatrix" : [
      -0.9146274924278259,
      0.17997916042804718,
      -0.36202728748321533,
      -0.40270382165908813,
      -0.48497849702835083,
      0.7762894630432129,
      -0.03585958480834961,
      0.855805516242981,
      0.5160531997680664
    ],
    "timestamp" : 235096159192,
    "userAcceleration" : [
      -0.001832474023103714,
      0.005356967449188232,
      0.030823707580566406
    ],
    "gravity" : [
      0.03585956245660782,
      -0.855805516242981,
      -0.5160531997680664
    ]
  },
  {
    "rotationMatrix" : [
      -0.9145669937133789,
      0.17959320545196533,
      -0.3623717725276947,
      -0.40281766653060913,
      -0.4845300018787384,
      0.7765104174613953,
      -0.03612402081489563,
      0.856140673160553,
      0.5154786109924316
    ],
    "timestamp" : 235096169210,
    "userAcceleration" : [
      0.004128642380237579,
      0.010605394840240479,
      0.02759408950805664
    ],
    "gravity" : [
      0.03612402454018593,
      -0.8561406135559082,
      -0.5154786109924316
    ]
  },
  {
    "rotationMatrix" : [
      -0.9144176840782166,
      0.17933538556098938,
      -0.3628753423690796,
      -0.4031321704387665,
      -0.48409029841423035,
      0.7766212224960327,
      -0.0363888144493103,
      0.8564431667327881,
      0.514957070350647
    ],
    "timestamp" : 235096179227,
    "userAcceleration" : [
      0.006488341838121414,
      0.01878148317337036,
      0.021060585975646973
    ],
    "gravity" : [
      0.0363888181746006,
      -0.8564431667327881,
      -0.514957070350647
    ]
  },
  {
    "rotationMatrix" : [
      -0.913994312286377,
      0.17941918969154358,
      -0.3638988733291626,
      -0.4040704667568207,
      -0.483478307723999,
      0.7765148282051086,
      -0.03661563992500305,
      0.8567712903022766,
      0.514394998550415
    ],
    "timestamp" : 235096189244,
    "userAcceleration" : [
      0.0024010539054870605,
      0.02196294069290161,
      0.013937294483184814
    ],
    "gravity" : [
      0.036615632474422455,
      -0.8567712306976318,
      -0.514394998550415
    ]
  },
  {
    "rotationMatrix" : [
      -0.9138078689575195,
      0.17918923497200012,
      -0.364480197429657,
      -0.40447118878364563,
      -0.4829190969467163,
      0.7766542434692383,
      -0.03684645891189575,
      0.8571346998214722,
      0.5137726068496704
    ],
    "timestamp" : 235096199262,
    "userAcceleration" : [
      -8.806213736534119e-05,
      0.018710076808929443,
      0.00965273380279541
    ],
    "gravity" : [
      0.036846451461315155,
      -0.8571346998214722,
      -0.5137726068496704
    ]
  },
  {
    "rotationMatrix" : [
      -0.913698673248291,
      0.1787259578704834,
      -0.3649808168411255,
      -0.4046862721443176,
      -0.4823322296142578,
      0.7769067287445068,
      -0.03718869388103485,
      0.8575617074966431,
      0.5130348801612854
    ],
    "timestamp" : 235096209279,
    "userAcceleration" : [
      -0.004138190299272537,
      0.013598203659057617,
      -0.0003013014793395996
    ],
    "gravity" : [
      0.03718870133161545,
      -0.8575617074966431,
      -0.5130348205566406
    ]
  },
  {
    "rotationMatrix" : [
      -0.9136543273925781,
      0.1780547946691513,
      -0.3654208183288574,
      -0.40474849939346313,
      -0.4816644489765167,
      0.7772889137268066,
      -0.03761020302772522,
      0.858076810836792,
      0.5121421813964844
    ],
    "timestamp" : 235096219296,
    "userAcceleration" : [
      0.00801355391740799,
      0.009871304035186768,
      0.005977630615234375
    ],
    "gravity" : [
      0.03761021047830582,
      -0.8580768704414368,
      -0.5121421813964844
    ]
  },
  {
    "rotationMatrix" : [
      -0.9136258363723755,
      0.17735064029693604,
      -0.3658340573310852,
      -0.40477633476257324,
      -0.48090672492980957,
      0.777743399143219,
      -0.0379987508058548,
      0.8586474061012268,
      0.5111562013626099
    ],
    "timestamp" : 235096229314,
    "userAcceleration" : [
      0.007625013589859009,
      0.010441899299621582,
      0.004991650581359863
    ],
    "gravity" : [
      0.0379987470805645,
      -0.8586474061012268,
      -0.5111562013626099
    ]
  },
  {
    "rotationMatrix" : [
      -0.9137362241744995,
      0.17658498883247375,
      -0.36592864990234375,
      -0.40450266003608704,
      -0.48015549778938293,
      0.7783496975898743,
      -0.038257792592048645,
      0.8592254519462585,
      0.5101646184921265
    ],
    "timestamp" : 235096239331,
    "userAcceleration" : [
      0.01847435161471367,
      0.01132512092590332,
      0.012239813804626465
    ],
    "gravity" : [
      0.038257796317338943,
      -0.8592254519462585,
      -0.5101646184921265
    ]
  },
  {
    "rotationMatrix" : [
      -0.9139326214790344,
      0.17592090368270874,
      -0.3657578229904175,
      -0.40405452251434326,
      -0.47941362857818604,
      0.7790393829345703,
      -0.03829999268054962,
      0.8597756624221802,
      0.5092335343360901
    ],
    "timestamp" : 235096249348,
    "userAcceleration" : [
      0.02429153025150299,
      0.010334193706512451,
      0.019304335117340088
    ],
    "gravity" : [
      0.03829999640583992,
      -0.859775722026825,
      -0.5092335343360901
    ]
  },
  {
    "rotationMatrix" : [
      -0.914124608039856,
      0.17549577355384827,
      -0.3654826581478119,
      -0.4036389887332916,
      -0.47865843772888184,
      0.7797190546989441,
      -0.03810393810272217,
      0.8602833151817322,
      0.5083903074264526
    ],
    "timestamp" : 235096259366,
    "userAcceleration" : [
      0.024167131632566452,
      0.010643482208251953,
      0.025297045707702637
    ],
    "gravity" : [
      0.03810394927859306,
      -0.860283374786377,
      -0.5083903074264526
    ]
  },
  {
    "rotationMatrix" : [
      -0.914385199546814,
      0.17518210411071777,
      -0.3649801015853882,
      -0.4030832052230835,
      -0.47795408964157104,
      0.7804380655288696,
      -0.037724971771240234,
      0.8607385158538818,
      0.5076474547386169
    ],
    "timestamp" : 235096269383,
    "userAcceleration" : [
      0.01876300945878029,
      0.009954333305358887,
      0.028658807277679443
    ],
    "gravity" : [
      0.03772498294711113,
      -0.8607385158538818,
      -0.5076473951339722
    ]
  },
  {
    "rotationMatrix" : [
      -0.9145348072052002,
      0.17511077225208282,
      -0.36464011669158936,
      -0.4027840495109558,
      -0.477335125207901,
      0.780971348285675,
      -0.03729903697967529,
      0.8610966801643372,
      0.5070713758468628
    ],
    "timestamp" : 235096279400,
    "userAcceleration" : [
      0.007866960018873215,
      0.009274780750274658,
      0.030875086784362793
    ],
    "gravity" : [
      0.03729904070496559,
      -0.8610966205596924,
      -0.5070713758468628
    ]
  },
  {
    "rotationMatrix" : [
      -0.9145134687423706,
      0.17526087164878845,
      -0.36462050676345825,
      -0.402863472700119,
      -0.4768541753292084,
      0.7812238335609436,
      -0.0369529128074646,
      0.8613322377204895,
      0.5066962242126465
    ],
    "timestamp" : 235096289418,
    "userAcceleration" : [
      0.0037880316376686096,
      0.013996481895446777,
      0.030332088470458984
    ],
    "gravity" : [
      0.0369529128074646,
      -0.8613322377204895,
      -0.5066962242126465
    ]
  },
  {
    "rotationMatrix" : [
      -0.9143511652946472,
      0.17554332315921783,
      -0.3648923635482788,
      -0.40325242280960083,
      -0.476508766412735,
      0.7812342047691345,
      -0.036733970046043396,
      0.861466109752655,
      0.5064846873283386
    ],
    "timestamp" : 235096299435,
    "userAcceleration" : [
      0.0004364289343357086,
      0.023545026779174805,
      0.025420784950256348
    ],
    "gravity" : [
      0.0367339663207531,
      -0.861466109752655,
      -0.5064846277236938
    ]
  },
  {
    "rotationMatrix" : [
      -0.9141698479652405,
      0.17569735646247864,
      -0.3652722239494324,
      -0.4036644399166107,
      -0.4762721657752991,
      0.7811656594276428,
      -0.03672027587890625,
      0.8615655303001404,
      0.5063165426254272
    ],
    "timestamp" : 235096309452,
    "userAcceleration" : [
      -0.004753150045871735,
      0.03359311819076538,
      0.013533949851989746
    ],
    "gravity" : [
      0.03672027960419655,
      -0.8615655303001404,
      -0.5063165426254272
    ]
  },
  {
    "rotationMatrix" : [
      -0.9140223860740662,
      0.1755044162273407,
      -0.3657331168651581,
      -0.403970867395401,
      -0.47605180740356445,
      0.7811413407325745,
      -0.03701421618461609,
      0.8617264628410339,
      0.5060210824012756
    ],
    "timestamp" : 235096319470,
    "userAcceleration" : [
      -0.008663401007652283,
      0.04010176658630371,
      -0.00446164608001709
    ],
    "gravity" : [
      0.03701421245932579,
      -0.8617264628410339,
      -0.5060210824012756
    ]
  },
  {
    "rotationMatrix" : [
      -0.9139531850814819,
      0.17484408617019653,
      -0.3662228584289551,
      -0.4040740728378296,
      -0.47568801045417786,
      0.7813099026679993,
      -0.03760039806365967,
      0.8620617985725403,
      0.5054064393043518
    ],
    "timestamp" : 235096329487,
    "userAcceleration" : [
      -0.00474824383854866,
      0.04916512966156006,
      -0.012629389762878418
    ],
    "gravity" : [
      0.03760038688778877,
      -0.8620617985725403,
      -0.5054064393043518
    ]
  },
  {
    "rotationMatrix" : [
      -0.9140866994857788,
      0.17372405529022217,
      -0.36642202734947205,
      -0.40370917320251465,
      -0.47510674595832825,
      0.7818517684936523,
      -0.038263142108917236,
      0.8626084327697754,
      0.5044230222702026
    ],
    "timestamp" : 235096339504,
    "userAcceleration" : [
      0.005102299153804779,
      0.056990206241607666,
      -0.006715834140777588
    ],
    "gravity" : [
      0.038263142108917236,
      -0.8626084327697754,
      -0.5044229626655579
    ]
  },
  {
    "rotationMatrix" : [
      -0.9143674969673157,
      0.17240852117538452,
      -0.366343230009079,
      -0.4030231237411499,
      -0.47424396872520447,
      0.7827292084693909,
      -0.038786888122558594,
      0.8633469939231873,
      0.5031179189682007
    ],
    "timestamp" : 235096349521,
    "userAcceleration" : [
      0.012650448828935623,
      0.061512887477874756,
      0.007649779319763184
    ],
    "gravity" : [
      0.038786888122558594,
      -0.8633469343185425,
      -0.5031179189682007
    ]
  },
  {
    "rotationMatrix" : [
      -0.9147663116455078,
      0.17111600935459137,
      -0.3659524917602539,
      -0.40209126472473145,
      -0.47320881485939026,
      0.7838338017463684,
      -0.03904549777507782,
      0.8641713261604309,
      0.5016802549362183
    ],
    "timestamp" : 235096359539,
    "userAcceleration" : [
      0.013337884098291397,
      0.05627959966659546,
      0.03662288188934326
    ],
    "gravity" : [
      0.03904550150036812,
      -0.8641713857650757,
      -0.5016802549362183
    ]
  },
  {
    "rotationMatrix" : [
      -0.9153226613998413,
      0.16994990408420563,
      -0.3651047945022583,
      -0.40082526206970215,
      -0.47232159972190857,
      0.7850168347358704,
      -0.03903329372406006,
      0.8648869395256042,
      0.5004467964172363
    ],
    "timestamp" : 235096369556,
    "userAcceleration" : [
      0.0011888407170772552,
      0.04767197370529175,
      0.07700014114379883
    ],
    "gravity" : [
      0.039033301174640656,
      -0.8648869395256042,
      -0.5004467964172363
    ]
  },
  {
    "rotationMatrix" : [
      -0.9158746600151062,
      0.1691090315580368,
      -0.3641091585159302,
      -0.39956945180892944,
      -0.47198057174682617,
      0.7858615517616272,
      -0.03895619511604309,
      0.8652376532554626,
      0.49984604120254517
    ],
    "timestamp" : 235096379573,
    "userAcceleration" : [
      -0.015244055539369583,
      0.03811979293823242,
      0.11233383417129517
    ],
    "gravity" : [
      0.038956187665462494,
      -0.8652377128601074,
      -0.49984604120254517
    ]
  },
  {
    "rotationMatrix" : [
      -0.9163577556610107,
      0.16856515407562256,
      -0.36314457654953003,
      -0.3984476923942566,
      -0.4725237488746643,
      0.786104679107666,
      -0.039084598422050476,
      0.8650473356246948,
      0.5001654028892517
    ],
    "timestamp" : 235096389591,
    "userAcceleration" : [
      -0.03044816479086876,
      0.0281028151512146,
      0.13111639022827148
    ],
    "gravity" : [
      0.039084598422050476,
      -0.8650473356246948,
      -0.5001654028892517
    ]
  },
  {
    "rotationMatrix" : [
      -0.9166258573532104,
      0.16835233569145203,
      -0.362565815448761,
      -0.39778080582618713,
      -0.47395214438438416,
      0.7855821847915649,
      -0.03958429396152496,
      0.8643069267272949,
      0.5014045238494873
    ],
    "timestamp" : 235096399608,
    "userAcceleration" : [
      -0.03879087418317795,
      0.027835428714752197,
