[
  {
    "gravity" : [
      -0.015990853309631348,
      -0.9579525589942932,
      -0.2864806652069092
    ],
    "timestamp" : 235185862109,
    "rotationMatrix" : [
      0.03411826491355896,
      0.28582772612571716,
      -0.9576735496520996,
      -0.999289870262146,
      0.025088220834732056,
      -0.028113096952438354,
      0.01599082350730896,
      0.957952618598938,
      0.2864806652069092
    ],
    "userAcceleration" : [
      0.03807026147842407,
      -0.002222001552581787,
      0.0036131441593170166
    ]
  },
  {
    "gravity" : [
      -0.01493725273758173,
      -0.9588028788566589,
      -0.28367888927459717
    ],
    "timestamp" : 235185872127,
    "rotationMatrix" : [
      0.036347001791000366,
      0.2830022871494293,
      -0.9584301710128784,
      -0.9992275238037109,
      0.024627268314361572,
      -0.030622243881225586,
      0.014937251806259155,
      0.9588028788566589,
      0.28367891907691956
    ],
    "userAcceleration" : [
      0.03701665997505188,
      -0.0013715028762817383,
      0.0008114278316497803
    ]
  },
  {
    "gravity" : [
      -0.013941255398094654,
      -0.9597228765487671,
      -0.28060182929039
    ],
    "timestamp" : 235185882145,
    "rotationMatrix" : [
      0.03807497024536133,
      0.27991583943367004,
      -0.9592690467834473,
      -0.9991774559020996,
      0.024057477712631226,
      -0.032638877630233765,
      0.013941287994384766,
      0.9597228765487671,
      0.28060182929039
    ],
    "userAcceleration" : [
      0.032801058143377304,
      -0.003564298152923584,
      -0.01940128207206726
    ]
  },
  {
    "gravity" : [
      -0.012833613902330399,
      -0.960732638835907,
      -0.27717843651771545
    ],
    "timestamp" : 235185892164,
    "rotationMatrix" : [
      0.03961294889450073,
      0.2764950394630432,
      -0.9601984620094299,
      -0.9991325736045837,
      0.02330276370048523,
      -0.03450894355773926,
      0.012833654880523682,
      0.960732638835907,
      0.27717843651771545
    ],
    "userAcceleration" : [
      0.025299984961748123,
      -0.005453765392303467,
      -0.035199522972106934
    ]
  },
  {
    "gravity" : [
      -0.011388596147298813,
      -0.9618038535118103,
      -0.2735026776790619
    ],
    "timestamp" : 235185902182,
    "rotationMatrix" : [
      0.041545480489730835,
      0.2728291451931,
      -0.9611650705337524,
      -0.9990717172622681,
      0.022309064865112305,
      -0.03685155510902405,
      0.011388570070266724,
      0.9618039131164551,
      0.2735026776790619
    ],
    "userAcceleration" : [
      0.016210317611694336,
      -0.016711711883544922,
      -0.043498694896698
    ]
  },
  {
    "gravity" : [
      -0.009383373893797398,
      -0.9628719091415405,
      -0.2697949707508087
    ],
    "timestamp" : 235185912201,
    "rotationMatrix" : [
      0.0443882942199707,
      0.2691396474838257,
      -0.9620774984359741,
      -0.9989701509475708,
      0.021003395318984985,
      -0.04021462798118591,
      0.009383350610733032,
      0.9628719091415405,
      0.2697949707508087
    ],
    "userAcceleration" : [
      0.008177872747182846,
      -0.022387921810150146,
      -0.04445984959602356
    ]
  },
  {
    "gravity" : [
      -0.0069039855152368546,
      -0.9638654589653015,
      -0.266299843788147
    ],
    "timestamp" : 235185922219,
    "rotationMatrix" : [
      0.047415971755981445,
      0.26569104194641113,
      -0.9628913998603821,
      -0.9988512992858887,
      0.01927471160888672,
      -0.04386824369430542,
      0.006904006004333496,
      0.9638654589653015,
      0.266299843788147
    ],
    "userAcceleration" : [
      0.005835808347910643,
      -0.014787435531616211,
      -0.0379452109336853
    ]
  },
  {
    "gravity" : [
      -0.004068411886692047,
      -0.964759349822998,
      -0.2631022036075592
    ],
    "timestamp" : 235185932238,
    "rotationMatrix" : [
      0.05062618851661682,
      0.26256823539733887,
      -0.963584303855896,
      -0.9987093210220337,
      0.017240166664123535,
      -0.047773778438568115,
      0.00406840443611145,
      0.9647592902183533,
      0.2631022036075592
    ],
    "userAcceleration" : [
      0.016077015548944473,
      -0.009834706783294678,
      -0.029179930686950684
    ]
  },
  {
    "gravity" : [
      -0.00098825478926301,
      -0.9655809998512268,
      -0.26010021567344666
    ],
    "timestamp" : 235185942256,
    "rotationMatrix" : [
      0.05397257208824158,
      0.2596695125102997,
      -0.9641879200935364,
      -0.9985417127609253,
      0.01499125361442566,
      -0.05185812711715698,
      0.0009882450103759766,
      0.9655809998512268,
      0.26010018587112427
    ],
    "userAcceleration" : [
      0.020382113754749298,
      -0.002054929733276367,
      -0.025498539209365845
    ]
  },
  {
    "gravity" : [
      0.002110065659508109,
      -0.9663764834403992,
      -0.2571223974227905
    ],
    "timestamp" : 235185952275,
    "rotationMatrix" : [
      0.05720341205596924,
      0.25681841373443604,
      -0.9647651314735413,
      -0.9983601570129395,
      0.012672662734985352,
      -0.055821776390075684,
      -0.0021100640296936035,
      0.9663764238357544,
      0.2571223974227905
    ],
    "userAcceleration" : [
      0.028163312003016472,
      0.006675004959106445,
      -0.022235572338104248
    ]
  },
  {
    "gravity" : [
      0.0049156323075294495,
      -0.9671735167503357,
      -0.254069060087204
    ],
    "timestamp" : 235185962293,
    "rotationMatrix" : [
      0.06050175428390503,
      0.25389423966407776,
      -0.9653378129005432,
      -0.998155951499939,
      0.010626465082168579,
      -0.05976361036300659,
      -0.00491565465927124,
      0.9671735167503357,
      0.254069060087204
    ],
    "userAcceleration" : [
      0.06405403465032578,
      0.024272024631500244,
      -0.00818374752998352
    ]
  },
  {
    "gravity" : [
      0.00719892093911767,
      -0.9680004119873047,
      -0.25084489583969116
    ],
    "timestamp" : 235185972312,
    "rotationMatrix" : [
      0.06379038095474243,
      0.25078487396240234,
      -0.9659386277198792,
      -0.9979372024536133,
      0.009047895669937134,
      -0.0635543167591095,
      -0.007198929786682129,
      0.9680004119873047,
      0.25084492564201355
    ],
    "userAcceleration" : [
      0.061770740896463394,
      0.025098979473114014,
      -0.011407941579818726
    ]
  },
  {
    "gravity" : [
      0.008975536562502384,
      -0.9688594341278076,
      -0.24744828045368195
    ],
    "timestamp" : 235185982330,
    "rotationMatrix" : [
      0.06719139218330383,
      0.24748322367668152,
      -0.9665594696998596,
      -0.9976996183395386,
      0.007951080799102783,
      -0.06732019782066345,
      -0.008975565433502197,
      0.9688594341278076,
      0.24744829535484314
    ],
    "userAcceleration" : [
      0.058773428201675415,
      0.022021174430847168,
      -0.015720129013061523
    ]
  },
  {
    "gravity" : [
      0.010438458994030952,
      -0.969788670539856,
      -0.24372269213199615
    ],
    "timestamp" : 235185992349,
    "rotationMatrix" : [
      0.07043343782424927,
      0.24384352564811707,
      -0.9672534465789795,
      -0.9974616765975952,
      0.007069677114486694,
      -0.07085078954696655,
      -0.010438472032546997,
      0.9697887301445007,
      0.24372270703315735
    ],
    "userAcceleration" : [
      0.043684400618076324,
      0.010270357131958008,
      -0.02792958915233612
    ]
  },
  {
    "gravity" : [
      0.011764446273446083,
      -0.97080397605896,
      -0.23958584666252136
    ],
    "timestamp" : 235186002367,
    "rotationMatrix" : [
      0.07359597086906433,
      0.23979327082633972,
      -0.9680304527282715,
      -0.9972187280654907,
      0.006244182586669922,
      -0.07426834106445312,
      -0.011764436960220337,
      0.97080397605896,
      0.23958584666252136
    ],
    "userAcceleration" : [
      0.02926637977361679,
      -0.008932411670684814,
      -0.02347579598426819
    ]
  },
  {
    "gravity" : [
      0.012974640354514122,
      -0.9718741178512573,
      -0.23514290153980255
    ],
    "timestamp" : 235186012385,
    "rotationMatrix" : [
      0.07661709189414978,
      0.2354375422000885,
      -0.9688646793365479,
      -0.9969761371612549,
      0.005445331335067749,
      -0.07751685380935669,
      -0.012974649667739868,
      0.9718741774559021,
      0.23514288663864136
    ],
    "userAcceleration" : [
      0.027369540184736252,
      -0.028324127197265625,
      -0.005396664142608643
    ]
  },
  {
    "gravity" : [
      0.014067103154957294,
      -0.9729340672492981,
      -0.23065365850925446
    ],
    "timestamp" : 235186022404,
    "rotationMatrix" : [
      0.07953312993049622,
      0.23103418946266174,
      -0.9696893692016602,
      -0.9967328310012817,
      0.004703998565673828,
      -0.0806303322315216,
      -0.014067083597183228,
      0.9729341268539429,
      0.23065367341041565
    ],
    "userAcceleration" : [
      0.037263400852680206,
      -0.03634309768676758,
      0.020372286438941956
    ]
  },
  {
    "gravity" : [
      0.0149427130818367,
      -0.9739149808883667,
      -0.22642043232917786
    ],
    "timestamp" : 235186032422,
    "rotationMatrix" : [
      0.08199462294578552,
      0.22687649726867676,
      -0.9704657793045044,
      -0.9965206384658813,
      0.004063934087753296,
      -0.08324587345123291,
      -0.014942735433578491,
      0.9739149808883667,
      0.22642046213150024
    ],
    "userAcceleration" : [
      0.045634616166353226,
      -0.030754148960113525,
      0.04423040151596069
    ]
  },
  {
    "gravity" : [
      0.01550810132175684,
      -0.9747740030288696,
      -0.22265473008155823
    ],
    "timestamp" : 235186042441,
    "rotationMatrix" : [
      0.08368682861328125,
      0.22316554188728333,
      -0.9711815118789673,
      -0.9963713884353638,
      0.003572136163711548,
      -0.08503657579421997,
      -0.015508085489273071,
      0.9747739434242249,
      0.22265473008155823
    ],
    "userAcceleration" : [
      0.06142665445804596,
      -0.024829208850860596,
      0.061552345752716064
    ]
  },
  {
    "gravity" : [
      0.015835260972380638,
      -0.9755241870880127,
      -0.21932071447372437
    ],
    "timestamp" : 235186052459,
    "rotationMatrix" : [
      0.08506590127944946,
      0.21986719965934753,
      -0.9718137979507446,
      -0.9962493181228638,
      0.0032678842544555664,
      -0.08646535873413086,
      -0.01583525538444519,
      0.9755241870880127,
      0.21932071447372437
    ],
    "userAcceleration" : [
      0.05862756818532944,
      -0.028030991554260254,
      0.05106198787689209
    ]
  },
  {
    "gravity" : [
      0.01605444774031639,
      -0.9762281775474548,
      -0.21614977717399597
    ],
    "timestamp" : 235186062478,
    "rotationMatrix" : [
      0.08595454692840576,
      0.21672478318214417,
      -0.9724413156509399,
      -0.9961696863174438,
      0.0029670894145965576,
      -0.08739060163497925,
      -0.016054421663284302,
      0.9762281775474548,
      0.21614977717399597
    ],
    "userAcceleration" : [
      0.047773003578186035,
      -0.02570962905883789,
      0.014398038387298584
    ]
  },
  {
    "gravity" : [
      0.016333656385540962,
      -0.9769639372825623,
      -0.21277764439582825
    ],
    "timestamp" : 235186072496,
    "rotationMatrix" : [
      0.08712038397789001,
      0.21338704228401184,
      -0.9730753302574158,
      -0.9960637092590332,
      0.0026435256004333496,
      -0.08859869837760925,
      -0.01633363962173462,
      0.9769638776779175,
      0.21277764439582825
    ],
    "userAcceleration" : [
      0.03295217081904411,
      -0.028254389762878418,
      -0.027517840266227722
    ]
  },
  {
    "gravity" : [
      0.016758503392338753,
      -0.9777765870094299,
      -0.20897862315177917
    ],
    "timestamp" : 235186082515,
    "rotationMatrix" : [
      0.08912822604179382,
      0.20963680744171143,
      -0.9737086892127991,
      -0.9958791732788086,
      0.0023080110549926758,
      -0.0906606912612915,
      -0.016758501529693604,
      0.9777766466140747,
      0.20897862315177917
    ],
    "userAcceleration" : [
      0.019694684073328972,
      -0.03075307607650757,
      -0.054998546838760376
    ]
  },
  {
    "gravity" : [
      0.01729504019021988,
      -0.9786593914031982,
      -0.20475997030735016
    ],
    "timestamp" : 235186092533,
    "rotationMatrix" : [
      0.09088742733001709,
      0.205481618642807,
      -0.9744315147399902,
      -0.9957109689712524,
      0.0017572641372680664,
      -0.09250164031982422,
      -0.01729506254196167,
      0.9786593914031982,
      0.20475995540618896
    ],
    "userAcceleration" : [
      0.018746159970760345,
      -0.03170120716094971,
      -0.05776757001876831
    ]
  },
  {
    "gravity" : [
      0.0179384034126997,
      -0.9795839190483093,
      -0.20023363828659058
    ],
    "timestamp" : 235186102552,
    "rotationMatrix" : [
      0.09324565529823303,
      0.20103204250335693,
      -0.9751365184783936,
      -0.9954814910888672,
      0.0011785328388214111,
      -0.09494811296463013,
      -0.01793837547302246,
      0.9795839190483093,
      0.20023363828659058
    ],
    "userAcceleration" : [
      0.018011244013905525,
      -0.0355069637298584,
      -0.0477675199508667
    ]
  },
  {
    "gravity" : [
      0.018608560785651207,
      -0.9805054664611816,
      -0.19560851156711578
    ],
    "timestamp" : 235186112570,
    "rotationMatrix" : [
      0.09537991881370544,
      0.19649097323417664,
      -0.9758554697036743,
      -0.9952669143676758,
      0.0004978477954864502,
      -0.09717699885368347,
      -0.018608510494232178,
      0.9805054664611816,
      0.1956084966659546
    ],
    "userAcceleration" : [
      0.02257484756410122,
      -0.02344644069671631,
      -0.034036338329315186
    ]
  },
  {
    "gravity" : [
      0.019233958795666695,
      -0.9813969731330872,
      -0.19102297723293304
    ],
    "timestamp" : 235186122589,
    "rotationMatrix" : [
      0.09786376357078552,
      0.19198867678642273,
      -0.9765053391456604,
      -0.9950137138366699,
      -8.7738037109375e-05,
      -0.0997357964515686,
      -0.01923394203186035,
      0.9813969731330872,
      0.19102296233177185
    ],
    "userAcceleration" : [
      0.025642074644565582,
      -0.012285768985748291,
      -0.021089479327201843
    ]
  },
  {
    "gravity" : [
      0.019833989441394806,
      -0.982257068157196,
      -0.18648752570152283
    ],
    "timestamp" : 235186132607,
    "rotationMatrix" : [
      0.10035818815231323,
      0.18753808736801147,
      -0.9771170020103455,
      -0.9947536587715149,
      -0.0006645619869232178,
      -0.10229718685150146,
      -0.01983398199081421,
      0.9822571277618408,
      0.18648752570152283
    ],
    "userAcceleration" : [
      0.01570366695523262,
      -0.006146132946014404,
      -0.018026113510131836
    ]
  },
  {
    "gravity" : [
      0.020455367863178253,
      -0.9831042289733887,
      -0.18189983069896698
    ],
    "timestamp" : 235186142625,
    "rotationMatrix" : [
      0.10269439220428467,
      0.1830415427684784,
      -0.9777266979217529,
      -0.9945025444030762,
      -0.0013196170330047607,
      -0.10470342636108398,
      -0.02045533061027527,
      0.9831042289733887,
      0.1818998157978058
    ],
    "userAcceleration" : [
      0.002295423299074173,
      -0.014988362789154053,
      -0.0197603702545166
    ]
  },
  {
    "gravity" : [
      0.02107056975364685,
      -0.9839615821838379,
      -0.1771315485239029
    ],
    "timestamp" : 235186152644,
    "rotationMatrix" : [
      0.10500556230545044,
      0.1783689558506012,
      -0.9783446788787842,
      -0.9942483901977539,
      -0.002014458179473877,
      -0.10707974433898926,
      -0.02107056975364685,
      0.9839615821838379,
      0.1771315336227417
    ],
    "userAcceleration" : [
      -0.0034619905054569244,
      -0.016419827938079834,
      -0.015220820903778076
    ]
  },
  {
    "gravity" : [
      0.02173454873263836,
      -0.9848319292068481,
      -0.17214356362819672
    ],
    "timestamp" : 235186162662,
    "rotationMatrix" : [
      0.10703408718109131,
      0.173486590385437,
      -0.9790024161338806,
      -0.9940176010131836,
      -0.002852827310562134,
      -0.10918107628822327,
      -0.021734535694122314,
      0.9848319292068481,
      0.17214354872703552
    ],
    "userAcceleration" : [
      -0.006735220551490784,
      -0.02233952283859253,
      -0.006018146872520447
    ]
  },
  {
    "gravity" : [
      0.022555770352482796,
      -0.9856950640678406,
      -0.1670217663049698
    ],
    "timestamp" : 235186172681,
    "rotationMatrix" : [
      0.1085975170135498,
      0.16849130392074585,
      -0.9797025322914124,
      -0.9938297867774963,
      -0.003959745168685913,
      -0.11084440350532532,
      -0.022555768489837646,
      0.9856951236724854,
      0.16702178120613098
    ],
    "userAcceleration" : [
      -0.014132983982563019,
      -0.024985969066619873,
      0.0024709105491638184
    ]
  },
  {
    "gravity" : [
      0.023489972576498985,
      -0.9865136742591858,
      -0.1619846224784851
    ],
    "timestamp" : 235186182699,
    "rotationMatrix" : [
      0.11014842987060547,
      0.1635967493057251,
      -0.9803588390350342,
      -0.9936375617980957,
      -0.005186259746551514,
      -0.11250582337379456,
      -0.023489952087402344,
      0.9865137338638306,
      0.1619846224784851
    ],
    "userAcceleration" : [
      -0.01181706041097641,
      -0.014050900936126709,
      0.013424918055534363
    ]
  },
  {
    "gravity" : [
      0.024331048130989075,
      -0.9872637391090393,
      -0.1572200506925583
    ],
    "timestamp" : 235186192718,
    "rotationMatrix" : [
      0.1116369366645813,
      0.1589660942554474,
      -0.9809519648551941,
      -0.9934511184692383,
      -0.00631597638130188,
      -0.11408287286758423,
      -0.02433103322982788,
      0.9872637391090393,
      0.1572200357913971
    ],
    "userAcceleration" : [
      0.006201719865202904,
      0.0003864169120788574,
      0.022469595074653625
    ]
  },
  {
    "gravity" : [
      0.024982182309031487,
      -0.987966775894165,
      -0.15263526141643524
    ],
    "timestamp" : 235186202736,
    "rotationMatrix" : [
      0.11236631870269775,
      0.15449047088623047,
      -0.9815837144851685,
      -0.9933527708053589,
      -0.007371008396148682,
      -0.11487364768981934,
      -0.02498224377632141,
      0.987966775894165,
      0.15263527631759644
    ],
    "userAcceleration" : [
      0.01037236861884594,
      0.0047667622566223145,
      0.02613985538482666
    ]
  },
  {
    "gravity" : [
      0.02541809156537056,
      -0.9886603951454163,
      -0.148001030087471
    ],
    "timestamp" : 235186212755,
    "rotationMatrix" : [
      0.11304670572280884,
      0.1499418020248413,
      -0.982210636138916,
      -0.9932644367218018,
      -0.00823482871055603,
      -0.11557593941688538,
      -0.025418132543563843,
      0.988660454750061,
      0.1480010449886322
    ],
    "userAcceleration" : [
      0.008624201640486717,
      0.004575490951538086,
      0.017782464623451233
    ]
  },
  {
    "gravity" : [
      0.025663679465651512,
      -0.9893711805343628,
      -0.14312925934791565
    ],
    "timestamp" : 235186222773,
    "rotationMatrix" : [
      0.11319717764854431,
      0.14513155817985535,
      -0.9829156398773193,
      -0.9932409524917603,
      -0.009023398160934448,
      -0.11571860313415527,
      -0.025663644075393677,
      0.9893711805343628,
      0.14312922954559326
    ],
    "userAcceleration" : [
      0.006745927035808563,
      0.0036229491233825684,
      0.004091143608093262
    ]
  },
  {
    "gravity" : [
      0.025779595598578453,
      -0.9900919198989868,
      -0.13803474605083466
    ],
    "timestamp" : 235186232792,
    "rotationMatrix" : [
      0.11325958371162415,
      0.14008450508117676,
      -0.9836406707763672,
      -0.9932310581207275,
      -0.009724229574203491,
      -0.11574885249137878,
      -0.025779634714126587,
      0.9900919198989868,
      0.13803476095199585
    ],
    "userAcceleration" : [
      -0.0021743085235357285,
      0.005640566349029541,
      -0.00687803328037262
    ]
  },
  {
    "gravity" : [
      0.025775335729122162,
      -0.9907971024513245,
      -0.13287870585918427
    ],
    "timestamp" : 235186242810,
    "rotationMatrix" : [
      0.11337441205978394,
      0.13496249914169312,
      -0.9843430519104004,
      -0.9932178854942322,
      -0.010306715965270996,
      -0.11580976843833923,
      -0.02577531337738037,
      0.9907970428466797,
      0.13287872076034546
    ],
    "userAcceleration" : [
      -0.0045199040323495865,
      0.012357831001281738,
      -0.006495118141174316
    ]
  },
  {
    "gravity" : [
      0.025717558339238167,
      -0.9914684295654297,
      -0.12778443098068237
    ],
    "timestamp" : 235186252829,
    "rotationMatrix" : [
      0.11333009600639343,
      0.1298941969871521,
      -0.9850298166275024,
      -0.9932244420051575,
      -0.010850697755813599,
      -0.11570373177528381,
      -0.025717586278915405,
      0.9914684295654297,
      0.12778443098068237
    ],
    "userAcceleration" : [
      -0.00424850732088089,
      0.012403547763824463,
      -0.003914237022399902
    ]
  },
  {
    "gravity" : [
      0.025755176320672035,
      -0.9921116828918457,
      -0.12268244475126266
    ],
    "timestamp" : 235186262847,
    "rotationMatrix" : [
      0.11363211274147034,
      0.1248331367969513,
      -0.9856492280960083,
      -0.9931889772415161,
      -0.011444807052612305,
      -0.11595073342323303,
      -0.025755196809768677,
      0.9921116828918457,
      0.12268248200416565
    ],
    "userAcceleration" : [
      -0.012129141017794609,
      0.008865892887115479,
      -0.005491495132446289
    ]
  },
  {
    "gravity" : [
      0.025947850197553635,
      -0.99274742603302,
      -0.1173844262957573
    ],
    "timestamp" : 235186272865,
    "rotationMatrix" : [
      0.11387893557548523,
      0.11959496140480042,
      -0.986270010471344,
      -0.9931557178497314,
      -0.012223899364471436,
      -0.1161561906337738,
      -0.025947868824005127,
      0.99274742603302,
      0.11738446354866028
    ],
    "userAcceleration" : [
      -0.01969181001186371,
      0.00602269172668457,
      -0.009278833866119385
    ]
  },
  {
    "gravity" : [
      0.026318438351154327,
      -0.9933816194534302,
      -0.11180494725704193
    ],
    "timestamp" : 235186282884,
    "rotationMatrix" : [
      0.11412712931632996,
      0.11409828066825867,
      -0.9868924021720886,
      -0.9931174516677856,
      -0.01321345567703247,
      -0.11637464165687561,
      -0.026318490505218506,
      0.9933816194534302,
      0.11180499196052551
    ],
    "userAcceleration" : [
      -0.02940077893435955,
      0.006946742534637451,
      -0.0028649568557739258
    ]
  },
  {
    "gravity" : [
      0.026778042316436768,
      -0.9940048456192017,
      -0.10600630939006805
    ],
    "timestamp" : 235186292902,
    "rotationMatrix" : [
      0.1144477128982544,
      0.108395516872406,
      -0.9874979257583618,
      -0.993068277835846,
      -0.014311015605926514,
      -0.11666420102119446,
      -0.02677801251411438,
      0.9940048456192017,
      0.10600632429122925
    ],
    "userAcceleration" : [
      -0.03069961629807949,
      0.009797751903533936,
      0.018512368202209473
    ]
  },
  {
    "gravity" : [
      0.02721860259771347,
      -0.9945923686027527,
      -0.10022468864917755
    ],
    "timestamp" : 235186302921,
    "rotationMatrix" : [
      0.11388680338859558,
      0.10269424319267273,
      -0.9881718158721924,
      -0.9931206703186035,
      -0.01548236608505249,
      -0.11606603860855103,
      -0.027218610048294067,
      0.9945923686027527,
      0.10022464394569397
    ],
    "userAcceleration" : [
      -0.024990880861878395,
      0.012643635272979736,
      0.04037965089082718
    ]
  },
  {
    "gravity" : [
      0.02765626460313797,
      -0.9951082468032837,
      -0.0948399156332016
    ],
    "timestamp" : 235186312939,
    "rotationMatrix" : [
      0.11298489570617676,
      0.09737998247146606,
      -0.9888131022453308,
      -0.9932116866111755,
      -0.016631335020065308,
      -0.11512529850006104,
      -0.027656257152557373,
      0.9951082468032837,
      0.0948399007320404
    ],
    "userAcceleration" : [
      -0.020499957725405693,
      0.012045621871948242,
      0.060980625450611115
    ]
  },
  {
    "gravity" : [
      0.028218276798725128,
      -0.9955422282218933,
      -0.0899953544139862
    ],
    "timestamp" : 235186322958,
    "rotationMatrix" : [
      0.11131569743156433,
      0.0926007628440857,
      -0.9894613027572632,
      -0.9933843016624451,
      -0.01790294051170349,
      -0.11343243718147278,
      -0.028218239545822144,
      0.9955422878265381,
      0.08999532461166382
    ],
    "userAcceleration" : [
      -0.02708919160068035,
      0.010419726371765137,
      0.05956924706697464
    ]
  },
  {
    "gravity" : [
      0.029081715270876884,
      -0.9959014654159546,
      -0.08563986420631409
    ],
    "timestamp" : 235186332976,
    "rotationMatrix" : [
      0.10975214838981628,
      0.08833929896354675,
      -0.9900254011154175,
      -0.9935332536697388,
      -0.019392311573028564,
      -0.11187124252319336,
      -0.02908170223236084,
      0.9959014654159546,
      0.08563986420631409
    ],
    "userAcceleration" : [
      -0.051374875009059906,
      -0.006310880184173584,
      0.01554090529680252
    ]
  },
  {
    "gravity" : [
      0.03033381886780262,
      -0.9962048530578613,
      -0.08158273249864578
    ],
    "timestamp" : 235186342995,
    "rotationMatrix" : [
      0.10841497778892517,
      0.08441784977912903,
      -0.990514874458313,
      -0.9936428070068359,
      -0.021201252937316895,
      -0.11056417226791382,
      -0.030333757400512695,
      0.9962047934532166,
      0.08158275485038757
    ],
    "userAcceleration" : [
      -0.052626971155405045,
      -0.0060076117515563965,
      0.01148378849029541
    ]
  },
  {
    "gravity" : [
      0.031983911991119385,
      -0.9964582324028015,
      -0.077767014503479
    ],
    "timestamp" : 235186353013,
    "rotationMatrix" : [
      0.10770019888877869,
      0.08078965544700623,
      -0.9908952713012695,
      -0.9936686754226685,
      -0.02331709861755371,
      -0.10990262031555176,
      -0.03198394179344177,
      0.9964582920074463,
      0.07776698470115662
    ],
    "userAcceleration" : [
      -0.05427706614136696,
      -0.00575411319732666,
      0.0076680853962898254
    ]
  },
  {
    "gravity" : [
      0.03402024880051613,
      -0.9966526627540588,
      -0.07433578372001648
    ],
    "timestamp" : 235186363032,
    "rotationMatrix" : [
      0.10712587833404541,
      0.07758668065071106,
      -0.9912134408950806,
      -0.9936631917953491,
      -0.025757908821105957,
      -0.10940665006637573,
      -0.03402027487754822,
      0.9966526627540588,
      0.07433581352233887
    ],
    "userAcceleration" : [
      -0.047463301569223404,
      -0.005819141864776611,
      0.008143126964569092
    ]
  },
  {
    "gravity" : [
      0.03638267517089844,
      -0.9967868328094482,
      -0.0713590607047081
    ],
    "timestamp" : 235186373050,
    "rotationMatrix" : [
      0.10673260688781738,
      0.07487362623214722,
      -0.9914644956588745,
      -0.9936217665672302,
      -0.028455674648284912,
      -0.10911363363265991,
      -0.03638264536857605,
      0.9967867732048035,
      0.07135909795761108
    ],
    "userAcceleration" : [
      -0.04710967093706131,
      0.004919886589050293,
      0.01062900573015213
    ]
  },
  {
    "gravity" : [
      0.038907621055841446,
      -0.9968793988227844,
      -0.06868301331996918
    ],
    "timestamp" : 235186383069,
    "rotationMatrix" : [
      0.10646176338195801,
      0.07247915863990784,
      -0.9916715621948242,
      -0.9935551881790161,
      -0.03127133846282959,
      -0.10894936323165894,
      -0.038907647132873535,
      0.9968793988227844,
      0.06868302822113037
    ],
    "userAcceleration" : [
      -0.03364340588450432,
      0.01102447509765625,
      0.004702813923358917
    ]
  },
  {
    "timestamp" : 235186393087,
    "userAcceleration" : [
      -0.02828115224838257,
      0.020724058151245117,
      -0.014464311301708221
    ],
    "rotationMatrix" : [
      0.10669714212417603,
      0.06997126340866089,
      -0.9918264150619507,
      -0.993426501750946,
      -0.034097135066986084,
      -0.10927465558052063,
      -0.04146471619606018,
      0.9969660043716431,
      0.06587338447570801
    ],
    "gravity" : [
      0.041464678943157196,
      -0.9969659447669983,
      -0.06587333977222443
    ]
  },
  {
    "timestamp" : 235186403105,
    "userAcceleration" : [
      -0.03161502256989479,
      0.027750790119171143,
      -0.028028421103954315
    ],
    "rotationMatrix" : [
      0.10777735710144043,
      0.06690669059753418,
      -0.9919209480285645,
      -0.9932059049606323,
      -0.03679370880126953,
      -0.11039859056472778,
      -0.043883055448532104,
      0.997080385684967,
      0.06248676776885986
    ],
    "gravity" : [
      0.04388302192091942,
      -0.997080385684967,
      -0.06248677894473076
    ]
  },
  {
    "timestamp" : 235186413124,
    "userAcceleration" : [
      -0.033481210470199585,
      0.024162709712982178,
      -0.030341453850269318
    ],
    "rotationMatrix" : [
      0.10822701454162598,
      0.06304889917373657,
      -0.9921249151229858,
      -0.9930561184883118,
      -0.039438068866729736,
      -0.11083486676216125,
      -0.046115487813949585,
      0.9972310066223145,
      0.05834275484085083
    ],
    "gravity" : [
      0.04611542820930481,
      -0.9972309470176697,
      -0.05834272503852844
    ]
  },
  {
    "timestamp" : 235186423142,
    "userAcceleration" : [
      -0.032416194677352905,
      0.023966610431671143,
      -0.015552639961242676
    ],
    "rotationMatrix" : [
      0.10808295011520386,
      0.05854988098144531,
      -0.992416262626648,
      -0.9929752349853516,
      -0.041989535093307495,
      -0.11062109470367432,
      -0.04814794659614563,
      0.9974009990692139,
      0.05360022187232971
    ],
    "gravity" : [
      0.04814794287085533,
      -0.9974009990692139,
      -0.05360022559762001
    ]
  },
  {
    "timestamp" : 235186433161,
    "userAcceleration" : [
      -0.0379222147166729,
      0.033587753772735596,
      0.02951519936323166
    ],
    "rotationMatrix" : [
      0.10731106996536255,
      0.05378532409667969,
      -0.992769718170166,
      -0.9929648637771606,
      -0.04447203874588013,
      -0.10974159836769104,
      -0.050052911043167114,
      0.9975618124008179,
      0.04863452911376953
    ],
    "gravity" : [
      0.05005289241671562,
      -0.9975618124008179,
      -0.04863450676202774
    ]
  },
  {
    "timestamp" : 235186443179,
    "userAcceleration" : [
      -0.03982369974255562,
      0.03370779752731323,
      0.02483266219496727
    ],
    "rotationMatrix" : [
      0.10637310147285461,
      0.04928973317146301,
      -0.9931038618087769,
      -0.9929680824279785,
      -0.046920835971832275,
      -0.1086874008178711,
      -0.05195435881614685,
      0.9976818561553955,
      0.043951958417892456
    ],
    "gravity" : [
      0.05195437744259834,
      -0.9976818561553955,
      -0.04395199567079544
    ]
  },
  {
    "timestamp" : 235186453198,
    "userAcceleration" : [
      -0.03906319662928581,
      0.040955424308776855,
      0.03591567277908325
    ],
    "rotationMatrix" : [
      0.10585635900497437,
      0.04555127024650574,
      -0.9933375716209412,
      -0.9929172992706299,
      -0.049346327781677246,
      -0.10807445645332336,
      -0.05394047498703003,
      0.9977425336837769,
      0.04000502824783325
    ],
    "gravity" : [
      0.05394045263528824,
      -0.9977424740791321,
      -0.04000508412718773
    ]
  },
  {
    "timestamp" : 235186463216,
    "userAcceleration" : [
      -0.03828660398721695,
      0.04982709884643555,
      0.02949148416519165
    ],
    "rotationMatrix" : [
      0.10549229383468628,
      0.04265621304512024,
      -0.9935047626495361,
      -0.9928419589996338,
      -0.0517464280128479,
      -0.10764363408088684,
      -0.05600199103355408,
      0.997748851776123,
      0.036892056465148926
    ],
    "gravity" : [
      0.05600199103355408,
      -0.9977487921714783,
      -0.03689210116863251
    ]
  },
  {
    "timestamp" : 235186473235,
    "userAcceleration" : [
      -0.03707458823919296,
      0.05160069465637207,
      0.0027365051209926605
    ],
    "rotationMatrix" : [
      0.10582184791564941,
      0.04025396704673767,
      -0.9935700297355652,
      -0.9926844835281372,
      -0.05413550138473511,
      -0.10792079567909241,
      -0.058131635189056396,
      0.9977219104766846,
      0.03423076868057251
    ],
    "gravity" : [
      0.05813165754079819,
      -0.9977219104766846,
      -0.03423072770237923
    ]
  },
  {
    "timestamp" : 235186483253,
    "userAcceleration" : [
      -0.03450740501284599,
      0.04776269197463989,
      -0.017725706100463867
    ],
    "rotationMatrix" : [
      0.10678216814994812,
      0.03796610236167908,
      -0.9935572743415833,
      -0.9924571514129639,
      -0.05645054578781128,
      -0.10882103443145752,
      -0.06021839380264282,
      0.9976832866668701,
      0.03165188431739807
    ],
    "gravity" : [
      0.06021839752793312,
      -0.9976832866668701,
      -0.03165183961391449
    ]
  },
  {
    "timestamp" : 235186493272,
    "userAcceleration" : [
      -0.0292067714035511,
      0.03928351402282715,
      -0.03158634528517723
    ],
    "rotationMatrix" : [
      0.10837173461914062,
      0.03539636731147766,
      -0.9934799075126648,
      -0.9921550750732422,
      -0.058796435594558716,
      -0.11032187938690186,
      -0.062318265438079834,
      0.9976420402526855,
      0.028746992349624634
    ],
    "gravity" : [
      0.06231827288866043,
      -0.9976420402526855,
      -0.028746986761689186
    ]
  },
  {
    "timestamp" : 235186503290,
    "userAcceleration" : [
      -0.02926149219274521,
      0.03171783685684204,
      -0.035341378301382065
    ],
    "rotationMatrix" : [
      0.10996493697166443,
      0.03226780891418457,
      -0.9934114217758179,
      -0.9918416738510132,
      -0.061275333166122437,
      -0.11178135871887207,
      -0.06447866559028625,
      0.9975990056991577,
      0.025266587734222412
    ],
    "gravity" : [
      0.06447870284318924,
      -0.9975990056991577,
      -0.025266598910093307
    ]
  },
  {
    "timestamp" : 235186513308,
    "userAcceleration" : [
      -0.024996541440486908,
      0.04525250196456909,
      -0.018472013995051384
    ],
    "rotationMatrix" : [
      0.11198264360427856,
      0.028749525547027588,
      -0.9932941198348999,
      -0.9914783835411072,
      -0.06372210383415222,
      -0.11362224817276001,
      -0.06656143069267273,
      0.9975534081459045,
      0.02136877179145813
    ],
    "gravity" : [
      0.06656140834093094,
      -0.9975534081459045,
      -0.021368807181715965
    ]
  },
  {
    "timestamp" : 235186523327,
    "userAcceleration" : [
      -0.010159194469451904,
      0.05863630771636963,
      0.010331394150853157
    ],
    "rotationMatrix" : [
      0.11348080635070801,
      0.025023579597473145,
      -0.9932248592376709,
      -0.9911847114562988,
      -0.06594255566596985,
      -0.11490890383720398,
      -0.06837141513824463,
      0.9975093603134155,
      0.017319947481155396
    ],
    "gravity" : [
      0.06837140023708344,
      -0.9975094199180603,
      -0.017319973558187485
    ]
  },
  {
    "timestamp" : 235186533345,
    "userAcceleration" : [
      -0.003390491008758545,
      0.054009199142456055,
      0.033433496952056885
    ],
    "rotationMatrix" : [
      0.11464837193489075,
      0.021337449550628662,
      -0.9931769371032715,
      -0.9909393191337585,
      -0.06795626878738403,
      -0.11585009098052979,
      -0.06996449828147888,
      0.997460126876831,
      0.013353079557418823
    ],
    "gravity" : [
      0.06996452808380127,
      -0.997460126876831,
      -0.013353039510548115
    ]
  },
  {
    "timestamp" : 235186543364,
    "userAcceleration" : [
      -0.008350782096385956,
      0.0430527925491333,
      0.05419731140136719
    ],
    "rotationMatrix" : [
      0.11532872915267944,
      0.017905861139297485,
      -0.9931659698486328,
      -0.9907557964324951,
      -0.0698251724243164,
      -0.11630770564079285,
      -0.07143056392669678,
      0.9973984956741333,
      0.009687483310699463
    ],
    "gravity" : [
      0.07143055647611618,
      -0.9973984956741333,
      -0.009687524288892746
    ]
  },
  {
    "timestamp" : 235186553382,
    "userAcceleration" : [
      -0.004161275923252106,
      0.036981165409088135,
      0.06375759840011597
    ],
    "rotationMatrix" : [
      0.11557143926620483,
      0.014903515577316284,
      -0.9931871891021729,
      -0.9906257390975952,
      -0.07157927751541138,
      -0.1163473129272461,
      -0.07282575964927673,
      0.9973233938217163,
      0.006491422653198242
    ],
    "gravity" : [
      0.07282575964927673,
      -0.9973233938217163,
      -0.006491440813988447
    ]
  },
  {
    "timestamp" : 235186563401,
    "userAcceleration" : [
      6.496906280517578e-06,
      0.030910015106201172,
      0.061627745628356934
    ],
    "rotationMatrix" : [
      0.1156381368637085,
      0.012449830770492554,
      -0.993213415145874,
      -0.9905140399932861,
      -0.0732775628566742,
      -0.1162424087524414,
      -0.07422745227813721,
      0.9972338676452637,
      0.0038580596446990967
    ],
    "gravity" : [
      0.0742274597287178,
      -0.9972339272499084,
      -0.0038580347318202257
    ]
  },
  {
    "timestamp" : 235186573419,
    "userAcceleration" : [
      -0.0016268342733383179,
      0.03060859441757202,
      0.04908376932144165
    ],
    "rotationMatrix" : [
      0.11577603220939636,
      0.01053115725517273,
      -0.9932196140289307,
      -0.9903882741928101,
      -0.07496190071105957,
      -0.11624091863632202,
      -0.07567766308784485,
      0.9971309304237366,
      0.001751035451889038
    ],
    "gravity" : [
      0.07567767798900604,
      -0.9971308708190918,
      -0.001751052332110703
    ]
  },
  {
    "timestamp" : 235186583438,
    "userAcceleration" : [
      0.002237871289253235,
      0.033187270164489746,
      0.027588725090026855
    ],
    "rotationMatrix" : [
      0.11592093110084534,
      0.008903324604034424,
      -0.9932184219360352,
      -0.9902620315551758,
      -0.07657656073570251,
      -0.11626222729682922,
      -0.0770924985408783,
      0.9970238208770752,
      -6.008148193359375e-05
    ],
    "gravity" : [
      0.0770924985408783,
      -0.9970238208770752,
      6.0064176068408415e-05
    ]
  },
  {
    "timestamp" : 235186593456,
    "userAcceleration" : [
      0.008438244462013245,
      0.03665643930435181,
      0.0023354291915893555
    ],
    "rotationMatrix" : [
      0.11669290065765381,
      0.007258743047714233,
      -0.9931413531303406,
      -0.9900710582733154,
      -0.0780555009841919,
      -0.11690247058868408,
      -0.07836896181106567,
      0.9969223737716675,
      -0.0019216537475585938
    ],
    "gravity" : [
      0.07836892455816269,
      -0.9969223737716675,
      0.0019217059016227722
    ]
  },
  {
