[
  {
    "timestamp" : 235115695620,
    "userAcceleration" : [
      -0.02630867436528206,
      -0.002812623977661133,
      -0.008156120777130127
    ],
    "rotationMatrix" : [
      0.8992233276367188,
      0.0069741010665893555,
      0.43743425607681274,
      0.4338293671607971,
      0.11485832184553146,
      -0.8936440348625183,
      -0.05647532641887665,
      0.9933573603630066,
      0.10025770962238312
    ],
    "gravity" : [
      0.05647531896829605,
      -0.9933573603630066,
      -0.10025770962238312
    ]
  },
  {
    "timestamp" : 235115705638,
    "userAcceleration" : [
      -0.0259677916765213,
      -0.003042757511138916,
      -0.0057138800621032715
    ],
    "rotationMatrix" : [
      0.898253858089447,
      0.005328670144081116,
      0.4394446611404419,
      0.4358772039413452,
      0.11691857874393463,
      -0.8923794627189636,
      -0.05613446235656738,
      0.993127167224884,
      0.10269992053508759
    ],
    "gravity" : [
      0.056134436279535294,
      -0.993127167224884,
      -0.10269993543624878
    ]
  },
  {
    "timestamp" : 235115715655,
    "userAcceleration" : [
      -0.020809359848499298,
      -0.008466660976409912,
      0.01271481066942215
    ],
    "rotationMatrix" : [
      0.8969534635543823,
      0.00368596613407135,
      0.442109614610672,
      0.4385938048362732,
      0.11871224641799927,
      -0.8908101320266724,
      -0.05576726794242859,
      0.9929217100143433,
      0.10486273467540741
    ],
    "gravity" : [
      0.05576726794242859,
      -0.992921769618988,
      -0.10486273467540741
    ]
  },
  {
    "timestamp" : 235115725673,
    "userAcceleration" : [
      -0.017484549432992935,
      -0.011868417263031006,
      0.03786115348339081
    ],
    "rotationMatrix" : [
      0.8959248065948486,
      0.0020265281200408936,
      0.44420111179351807,
      0.4407525062561035,
      0.12039124965667725,
      -0.8895186185836792,
      -0.05528061091899872,
      0.9927245378494263,
      0.10696829855442047
    ],
    "gravity" : [
      0.05528058484196663,
      -0.9927245378494263,
      -0.10696833580732346
    ]
  },
  {
    "timestamp" : 235115735690,
    "userAcceleration" : [
      -0.019453000277280807,
      -0.014372944831848145,
      0.05768430233001709
    ],
    "rotationMatrix" : [
      0.8950865864753723,
      0.0002529025077819824,
      0.4458922743797302,
      0.44252434372901917,
      0.12217339128255844,
      -0.8883950114250183,
      -0.05470085144042969,
      0.9925087094306946,
      0.10924385488033295
    ],
    "gravity" : [
      0.054700836539268494,
      -0.9925086498260498,
      -0.10924389213323593
    ]
  },
  {
    "timestamp" : 235115745708,
    "userAcceleration" : [
      -0.021466407924890518,
      -0.01706993579864502,
      0.058371663093566895
    ],
    "rotationMatrix" : [
      0.8943382501602173,
      -0.001708105206489563,
      0.4473882019519806,
      0.44411343336105347,
      0.1242205947637558,
      -0.8873175382614136,
      -0.05405917763710022,
      0.9922530651092529,
      0.11185382306575775
    ],
    "gravity" : [
      0.054059188812971115,
      -0.9922530651092529,
      -0.11185387521982193
    ]
  },
  {
    "timestamp" : 235115755725,
    "userAcceleration" : [
      -0.025598131120204926,
      -0.01747530698776245,
      0.04910844564437866
    ],
    "rotationMatrix" : [
      0.8935151696205139,
      -0.0037880390882492065,
      0.4490169286727905,
      0.4458391070365906,
      0.12653733789920807,
      -0.8861239552497864,
      -0.053460702300071716,
      0.991954505443573,
      0.1147518903017044
    ],
    "gravity" : [
      0.053460706025362015,
      -0.991954505443573,
      -0.11475185304880142
    ]
  },
  {
    "timestamp" : 235115765743,
    "userAcceleration" : [
      -0.03063136339187622,
      -0.013687610626220703,
      0.03130931407213211
    ],
    "rotationMatrix" : [
      0.8926266431808472,
      -0.00583668053150177,
      0.4507588744163513,
      0.4476701617240906,
      0.12903863191604614,
      -0.8848391175270081,
      -0.05300074815750122,
      0.991622269153595,
      0.11779624223709106
    ],
    "gravity" : [
      0.05300075560808182,
      -0.991622269153595,
      -0.11779624968767166
    ]
  },
  {
    "timestamp" : 235115775760,
    "userAcceleration" : [
      -0.027678903192281723,
      -0.007338404655456543,
      0.015146732330322266
    ],
    "rotationMatrix" : [
      0.8915765285491943,
      -0.007825091481208801,
      0.4528024196624756,
      0.4497964382171631,
      0.1315925121307373,
      -0.8833835124969482,
      -0.052672818303108215,
      0.9912729263305664,
      0.12084449827671051
    ],
    "gravity" : [
      0.05267281457781792,
      -0.9912729263305664,
      -0.1208445131778717
    ]
  },
  {
    "timestamp" : 235115785778,
    "userAcceleration" : [
      -0.017813805490732193,
      -0.0022364258766174316,
      0.0019318461418151855
    ],
    "rotationMatrix" : [
      0.8903405070304871,
      -0.009763360023498535,
      0.45519059896469116,
      0.4522692561149597,
      0.13404139876365662,
      -0.881751298904419,
      -0.052405521273612976,
      0.9909275770187378,
      0.12375815212726593
    ],
    "gravity" : [
      0.052405502647161484,
      -0.9909275770187378,
      -0.12375817447900772
    ]
  },
  {
    "timestamp" : 235115795795,
    "userAcceleration" : [
      -0.007041621953248978,
      0.0005005598068237305,
      -0.002346321940422058
    ],
    "rotationMatrix" : [
      0.8889957666397095,
      -0.011699467897415161,
      0.45776593685150146,
      0.4549417793750763,
      0.13630712032318115,
      -0.8800273537635803,
      -0.05210085213184357,
      0.9905974268913269,
      0.12649904191493988
    ],
    "gravity" : [
      0.05210084095597267,
      -0.9905974268913269,
      -0.1264990270137787
    ]
  },
  {
    "timestamp" : 235115805813,
    "userAcceleration" : [
      -0.006150256842374802,
      -0.005272090435028076,
      0.001745760440826416
    ],
    "rotationMatrix" : [
      0.887682318687439,
      -0.013644054532051086,
      0.46025413274765015,
      0.4575449228286743,
      0.1383630633354187,
      -0.8783553242683411,
      -0.05169777572154999,
      0.9902874827384949,
      0.12906524538993835
    ],
    "gravity" : [
      0.051697760820388794,
      -0.9902874827384949,
      -0.12906520068645477
    ]
  },
  {
    "timestamp" : 235115815830,
    "userAcceleration" : [
      -0.006269562989473343,
      -0.010193347930908203,
      0.01358175277709961
    ],
    "rotationMatrix" : [
      0.8864951133728027,
      -0.015582874417304993,
      0.4624754786491394,
      0.45990103483200073,
      0.14016877114772797,
      -0.8768372535705566,
      -0.05116093158721924,
      0.9900048971176147,
      0.13142551481723785
    ],
    "gravity" : [
      0.05116094648838043,
      -0.9900049567222595,
      -0.13142551481723785
    ]
  },
  {
    "timestamp" : 235115825848,
    "userAcceleration" : [
      -0.005004677921533585,
      -0.007580220699310303,
      0.026284098625183105
    ],
    "rotationMatrix" : [
      0.8854955434799194,
      -0.01756371557712555,
      0.4643157720565796,
      0.46190303564071655,
      0.14173057675361633,
      -0.8755329847335815,
      -0.050430119037628174,
      0.9897494316101074,
      0.13361452519893646
    ],
    "gravity" : [
      0.05043011158704758,
      -0.9897493720054626,
      -0.13361454010009766
    ]
  },
  {
    "timestamp" : 235115835866,
    "userAcceleration" : [
      -0.013337362557649612,
      -0.0062677860260009766,
      0.03905510902404785
    ],
    "rotationMatrix" : [
      0.8846195936203003,
      -0.019614994525909424,
      0.46590059995651245,
      0.4636736512184143,
      0.14315751194953918,
      -0.8743640780448914,
      -0.04954648017883301,
      0.9895054697990417,
      0.1357349008321762
    ],
    "gravity" : [
      0.0495465025305748,
      -0.9895054697990417,
      -0.1357349008321762
    ]
  },
  {
    "timestamp" : 235115845883,
    "userAcceleration" : [
      -0.022924412041902542,
      -0.008731842041015625,
      0.047355830669403076
    ],
    "rotationMatrix" : [
      0.8838621377944946,
      -0.021686047315597534,
      0.4672445058822632,
      0.46521368622779846,
      0.1445900797843933,
      -0.8733096122741699,
      -0.04862023890018463,
      0.9892538785934448,
      0.13788634538650513
    ],
    "gravity" : [
      0.04862023890018463,
      -0.9892538785934448,
      -0.13788633048534393
    ]
  },
  {
    "timestamp" : 235115855901,
    "userAcceleration" : [
      -0.029847651720046997,
      -0.007983982563018799,
      0.0454152375459671
    ],
    "rotationMatrix" : [
      0.8830535411834717,
      -0.02373194694519043,
      0.4686717689037323,
      0.4668322801589966,
      0.1461380422115326,
      -0.8721874952316284,
      -0.047791987657547,
      0.9889793395996094,
      0.14012658596038818
    ],
    "gravity" : [
      0.04779199883341789,
      -0.9889793395996094,
      -0.14012663066387177
    ]
  },
  {
    "timestamp" : 235115865918,
    "userAcceleration" : [
      -0.03963084518909454,
      -0.0038466453552246094,
      0.038325414061546326
    ],
    "rotationMatrix" : [
      0.8821191787719727,
      -0.025667458772659302,
      0.47032636404037476,
      0.4686570167541504,
      0.1478511095046997,
      -0.8709194660186768,
      -0.04718397557735443,
      0.9886765480041504,
      0.14245153963565826
    ],
    "gravity" : [
      0.04718398302793503,
      -0.9886765480041504,
      -0.14245150983333588
    ]
  },
  {
    "timestamp" : 235115875936,
    "userAcceleration" : [
      -0.03739967942237854,
      -0.003498256206512451,
      0.03138718008995056
    ],
    "rotationMatrix" : [
      0.8810238242149353,
      -0.027442514896392822,
      0.4722752571105957,
      0.47074833512306213,
      0.14968052506446838,
      -0.8694776296615601,
      -0.04682964086532593,
      0.9883532524108887,
      0.1447906494140625
    ],
    "gravity" : [
      0.04682961851358414,
      -0.9883533120155334,
      -0.14479060471057892
    ]
  },
  {
    "timestamp" : 235115885953,
    "userAcceleration" : [
      -0.03455616906285286,
      -0.006546378135681152,
      0.030878543853759766
    ],
    "rotationMatrix" : [
      0.879763662815094,
      -0.02908538281917572,
      0.4745206832885742,
      0.4731147885322571,
      0.15155081450939178,
      -0.8678678274154663,
      -0.04667168855667114,
      0.9880213737487793,
      0.1470896303653717
    ],
    "gravity" : [
      0.046671684831380844,
      -0.9880213737487793,
      -0.1470896303653717
    ]
  },
  {
    "timestamp" : 235115895971,
    "userAcceleration" : [
      -0.04303557425737381,
      -0.00801318883895874,
      0.031141936779022217
    ],
    "rotationMatrix" : [
      0.8785143494606018,
      -0.030559495091438293,
      0.47673749923706055,
      0.47542959451675415,
      0.15344971418380737,
      -0.8662676811218262,
      -0.046682462096214294,
      0.9876836538314819,
      0.14933669567108154
    ],
    "gravity" : [
      0.0466824546456337,
      -0.9876837134361267,
      -0.14933663606643677
    ]
  },
  {
    "timestamp" : 235115905988,
    "userAcceleration" : [
      -0.044868502765893936,
      -0.011315762996673584,
      0.03608828783035278
    ],
    "rotationMatrix" : [
      0.8772684335708618,
      -0.03189191222190857,
      0.4789394438266754,
      0.47770950198173523,
      0.15537016093730927,
      -0.8646696209907532,
      -0.04683688282966614,
      0.9873413443565369,
      0.15153641998767853
    ],
    "gravity" : [
      0.04683690145611763,
      -0.9873413443565369,
      -0.15153640508651733
    ]
  },
  {
    "timestamp" : 235115916006,
    "userAcceleration" : [
      -0.04134852811694145,
      -0.011042237281799316,
      0.04821164906024933
    ],
    "rotationMatrix" : [
      0.8759862780570984,
      -0.03317786753177643,
      0.4811936020851135,
      0.4800337553024292,
      0.15732558071613312,
      -0.8630272746086121,
      -0.04707057774066925,
      0.9869892001152039,
      0.15374156832695007
    ],
    "gravity" : [
      0.047070592641830444,
      -0.9869892001152039,
      -0.15374155342578888
    ]
  },
  {
    "timestamp" : 235115926023,
    "userAcceleration" : [
      -0.046758733689785004,
      -0.007131040096282959,
      0.05771668255329132
    ],
    "rotationMatrix" : [
      0.8748142719268799,
      -0.034414201974868774,
      0.4832344949245453,
      0.48213550448417664,
      0.15940767526626587,
      -0.8614721894264221,
      -0.0473843514919281,
      0.9866127371788025,
      0.15604443848133087
    ],
    "gravity" : [
      0.047384366393089294,
      -0.9866127371788025,
      -0.15604443848133087
    ]
  },
  {
    "timestamp" : 235115936041,
    "userAcceleration" : [
      -0.05050903558731079,
      -0.0011137127876281738,
      0.06614363193511963
    ],
    "rotationMatrix" : [
      0.8736594915390015,
      -0.03567865490913391,
      0.48522794246673584,
      0.4841848313808441,
      0.16172343492507935,
      -0.859889805316925,
      -0.047792986035346985,
      0.9861908555030823,
      0.15856628119945526
    ],
    "gravity" : [
      0.04779299348592758,
      -0.9861908555030823,
      -0.15856625139713287
    ]
  },
  {
    "timestamp" : 235115946059,
    "userAcceleration" : [
      -0.048059333115816116,
      0.00997769832611084,
      0.06266379356384277
    ],
    "rotationMatrix" : [
      0.8723651766777039,
      -0.03709790110588074,
      0.4874451458454132,
      0.4864685833454132,
      0.16427843272686005,
      -0.8581147193908691,
      -0.0482424795627594,
      0.9857161045074463,
      0.16135774552822113
    ],
    "gravity" : [
      0.0482424721121788,
      -0.9857161045074463,
      -0.16135777533054352
    ]
  },
  {
    "timestamp" : 235115956076,
    "userAcceleration" : [
      -0.04777061939239502,
      0.012085139751434326,
      0.05046413838863373
    ],
    "rotationMatrix" : [
      0.8710793256759644,
      -0.03858685493469238,
      0.48962417244911194,
      0.4887186884880066,
      0.16701403260231018,
      -0.856306254863739,
      -0.04873195290565491,
      0.9851991534233093,
      0.16434061527252197
    ],
    "gravity" : [
      0.04873194172978401,
      -0.9851991534233093,
      -0.16434060037136078
    ]
  },
  {
    "timestamp" : 235115966094,
    "userAcceleration" : [
      -0.046093836426734924,
      0.01752758026123047,
      0.035893917083740234
    ],
    "rotationMatrix" : [
      0.8698141574859619,
      -0.04005622863769531,
      0.4917507469654083,
      0.49091190099716187,
      0.169823557138443,
      -0.8544972538948059,
      -0.04928293824195862,
      0.9846600890159607,
      0.1673790067434311
    ],
    "gravity" : [
      0.04928294196724892,
      -0.9846600294113159,
      -0.16737903654575348
    ]
  },
  {
    "timestamp" : 235115976111,
    "userAcceleration" : [
      -0.03385087475180626,
      0.0223081111907959,
      0.02126912772655487
    ],
    "rotationMatrix" : [
      0.8684951066970825,
      -0.041492804884910583,
      0.493958055973053,
      0.49318552017211914,
      0.17252624034881592,
      -0.8526445627212524,
      -0.049842119216918945,
      0.9841306209564209,
      0.17030182480812073
    ],
    "gravity" : [
      0.04984212666749954,
      -0.9841306805610657,
      -0.17030182480812073
    ]
  },
  {
    "timestamp" : 235115986129,
    "userAcceleration" : [
      -0.017172008752822876,
      0.02207028865814209,
      0.014828681945800781
    ],
    "rotationMatrix" : [
      0.8671270608901978,
      -0.04299110174179077,
      0.4962281584739685,
      0.4955454468727112,
      0.17497766017913818,
      -0.8507746458053589,
      -0.05025307834148407,
      0.983633279800415,
      0.17303192615509033
    ],
    "gravity" : [
      0.05025307461619377,
      -0.983633279800415,
      -0.17303192615509033
    ]
  },
  {
    "timestamp" : 235115996146,
    "userAcceleration" : [
      -0.014325980097055435,
      0.019447028636932373,
      0.021395161747932434
    ],
    "rotationMatrix" : [
      0.8657801747322083,
      -0.04453219473361969,
      0.4984390437602997,
      0.49787092208862305,
      0.17714449763298035,
      -0.8489664793014526,
      -0.050489336252212524,
      0.9831767082214355,
      0.17553949356079102
    ],
    "gravity" : [
      0.050489332526922226,
      -0.9831767082214355,
      -0.1755395382642746
    ]
  },
  {
    "timestamp" : 235116006164,
    "userAcceleration" : [
      -0.020170610398054123,
      0.016887664794921875,
      0.026830807328224182
    ],
    "rotationMatrix" : [
      0.8646012544631958,
      -0.046148285269737244,
      0.5003348588943481,
      0.49991536140441895,
      0.17906825244426727,
      -0.8473600745201111,
      -0.05048985779285431,
      0.9827536940574646,
      0.17789289355278015
    ],
    "gravity" : [
      0.05048983544111252,
      -0.9827536344528198,
      -0.17789293825626373
    ]
  },
  {
    "timestamp" : 235116016181,
    "userAcceleration" : [
      -0.020910419523715973,
      0.013966560363769531,
      0.03545737266540527
    ],
    "rotationMatrix" : [
      0.8636065125465393,
      -0.04788482189178467,
      0.5018872618675232,
      0.5016525983810425,
      0.18090011179447174,
      -0.8459430932998657,
      -0.050283610820770264,
      0.9823349714279175,
      0.18024806678295135
    ],
    "gravity" : [
      0.05028359964489937,
      -0.9823349714279175,
      -0.18024811148643494
    ]
  },
  {
    "timestamp" : 235116026199,
    "userAcceleration" : [
      -0.024693869054317474,
      0.017971694469451904,
      0.043807804584503174
    ],
    "rotationMatrix" : [
      0.8626218438148499,
      -0.04982940852642059,
      0.5033890008926392,
      0.5033819079399109,
      0.1827283799648285,
      -0.844521701335907,
      -0.04990139603614807,
      0.9818997979164124,
      0.1827087253332138
    ],
    "gravity" : [
      0.04990141838788986,
      -0.9818997979164124,
      -0.18270869553089142
    ]
  },
  {
    "timestamp" : 235116036216,
    "userAcceleration" : [
      -0.03264515474438667,
      0.018646955490112305,
      0.04627521336078644
    ],
    "rotationMatrix" : [
      0.861768364906311,
      -0.05197194218635559,
      0.5046327114105225,
      0.5048954486846924,
      0.18464213609695435,
      -0.8432007431983948,
      -0.049353569746017456,
      0.9814304709434509,
      0.1853591799736023
    ],
    "gravity" : [
      0.04935355857014656,
      -0.9814305305480957,
      -0.1853591650724411
    ]
  },
  {
    "timestamp" : 235116048738,
    "userAcceleration" : [
      -0.05392398685216904,
      0.01483619213104248,
      0.026873290538787842
    ],
    "rotationMatrix" : [
      0.8606627583503723,
      -0.054858654737472534,
      0.506211519241333,
      0.5068478584289551,
      0.18725398182868958,
      -0.8414518237113953,
      -0.04862920939922333,
      0.9807785153388977,
      0.1889675259590149
    ],
    "gravity" : [
      0.04862920567393303,
      -0.9807784557342529,
      -0.1889675259590149
    ]
  },
  {
    "timestamp" : 235116058756,
    "userAcceleration" : [
      -0.05340872332453728,
      0.014267325401306152,
      0.02993181347846985
    ],
    "rotationMatrix" : [
      0.8597623109817505,
      -0.05721499025821686,
      0.5074792504310608,
      0.5084228515625,
      0.18951362371444702,
      -0.8399945497512817,
      -0.04811395704746246,
      0.9802097082138062,
      0.1920260787010193
    ],
    "gravity" : [
      0.04811396077275276,
      -0.9802097082138062,
      -0.19202609360218048
    ]
  },
  {
    "timestamp" : 235116068773,
    "userAcceleration" : [
      -0.05265110731124878,
      0.009849250316619873,
      0.012334167957305908
    ],
    "rotationMatrix" : [
      0.8586006164550781,
      -0.059554263949394226,
      0.509174108505249,
      0.5104203820228577,
      0.1917422115802765,
      -0.8382755517959595,
      -0.04770727455615997,
      0.9796367883682251,
      0.195027694106102
    ],
    "gravity" : [
      0.04770727828145027,
      -0.9796367287635803,
      -0.19502773880958557
    ]
  },
  {
    "timestamp" : 235116078791,
    "userAcceleration" : [
      -0.04924368858337402,
      0.007722377777099609,
      0.002748817205429077
    ],
    "rotationMatrix" : [
      0.8574252724647522,
      -0.061712294816970825,
      0.510894775390625,
      0.512418270111084,
      0.19388341903686523,
      -0.8365625143051147,
      -0.04742792248725891,
      0.9790817499160767,
      0.19786304235458374
    ],
    "gravity" : [
      0.04742792621254921,
      -0.9790816903114319,
      -0.19786308705806732
    ]
  },
  {
    "timestamp" : 235116088808,
    "userAcceleration" : [
      -0.045107390731573105,
      0.011856615543365479,
      -0.0003044009208679199
    ],
    "rotationMatrix" : [
      0.8561483025550842,
      -0.06373631954193115,
      0.5127843618392944,
      0.514564573764801,
      0.19591866433620453,
      -0.8347688317298889,
      -0.0472588837146759,
      0.9785465598106384,
      0.20053189992904663
    ],
    "gravity" : [
      0.0472588911652565,
      -0.9785466194152832,
      -0.20053188502788544
    ]
  },
  {
    "timestamp" : 235116098826,
    "userAcceleration" : [
      -0.03917616978287697,
      0.015875160694122314,
      0.005226030945777893
    ],
    "rotationMatrix" : [
      0.854864239692688,
      -0.06561823189258575,
      0.5146857500076294,
      0.5167030096054077,
      0.1978512406349182,
      -0.8329902291297913,
      -0.047171786427497864,
      0.9780332446098328,
      0.20304110646247864
    ],
    "gravity" : [
      0.04717179015278816,
      -0.9780332446098328,
      -0.20304106175899506
    ]
  },
  {
    "timestamp" : 235116108844,
    "userAcceleration" : [
      -0.03196411952376366,
      0.020901203155517578,
      0.01002514362335205
    ],
    "rotationMatrix" : [
      0.8535737991333008,
      -0.0673944354057312,
      0.516594409942627,
      0.5188342928886414,
      0.19970470666885376,
      -0.8312214016914368,
      -0.04714666306972504,
      0.9775356650352478,
      0.20542922616004944
    ],
    "gravity" : [
      0.04714665561914444,
      -0.9775356650352478,
      -0.2054292857646942
    ]
  },
  {
    "timestamp" : 235116118861,
    "userAcceleration" : [
      -0.025497056543827057,
      0.027315616607666016,
      0.023413419723510742
    ],
    "rotationMatrix" : [
      0.8524296879768372,
      -0.06915386021137238,
      0.5182483792304993,
      0.520718514919281,
      0.20153100788593292,
      -0.8296007513999939,
      -0.04707300662994385,
      0.9770378470420837,
      0.2078007161617279
    ],
    "gravity" : [
      0.04707299917936325,
      -0.9770378470420837,
      -0.2078007161617279
    ]
  },
  {
    "timestamp" : 235116128879,
    "userAcceleration" : [
      -0.024195432662963867,
      0.02673482894897461,
      0.04278245568275452
    ],
    "rotationMatrix" : [
      0.851702094078064,
      -0.07093039155006409,
      0.5192036628723145,
      0.521923303604126,
      0.20349738001823425,
      -0.8283629417419434,
      -0.04690052568912506,
      0.9765028953552246,
      0.21033935248851776
    ],
    "gravity" : [
      0.04690052941441536,
      -0.9765028953552246,
      -0.21033933758735657
    ]
  },
  {
    "timestamp" : 235116138896,
    "userAcceleration" : [
      -0.02498411387205124,
      0.0219881534576416,
      0.05828508734703064
    ],
    "rotationMatrix" : [
      0.8511635065078735,
      -0.07292446494102478,
      0.5198102593421936,
      0.5228275060653687,
      0.20571383833885193,
      -0.8272444009780884,
      -0.04660584032535553,
      0.9758913516998291,
      0.21322302520275116
    ],
    "gravity" : [
      0.04660584405064583,
      -0.9758913516998291,
      -0.21322301030158997
    ]
  },
  {
    "timestamp" : 235116148914,
    "userAcceleration" : [
      -0.02240840345621109,
      0.023029863834381104,
      0.05686601996421814
    ],
    "rotationMatrix" : [
      0.8506050705909729,
      -0.07533539831638336,
      0.5203801393508911,
      0.5237784385681152,
      0.20821121335029602,
      -0.8260169625282288,
      -0.04612061381340027,
      0.9751781821250916,
      0.2165645956993103
    ],
    "gravity" : [
      0.046120598912239075,
      -0.9751781225204468,
      -0.2165646106004715
    ]
  },
  {
    "timestamp" : 235116158931,
    "userAcceleration" : [
      -0.032938502728939056,
      0.021826624870300293,
      0.033707261085510254
    ],
    "rotationMatrix" : [
      0.8498620986938477,
      -0.07813562452793121,
      0.5211806297302246,
      0.5250362753868103,
      0.21093758940696716,
      -0.8245254755020142,
      -0.04551175236701965,
      0.9743716716766357,
      0.22029191255569458
    ],
    "gravity" : [
      0.04551175981760025,
      -0.9743716716766357,
      -0.2202918529510498
    ]
  },
  {
    "timestamp" : 235116168949,
    "userAcceleration" : [
      -0.03229231387376785,
      0.020945847034454346,
      0.037697166204452515
    ],
    "rotationMatrix" : [
      0.8490646481513977,
      -0.08113689720630646,
      0.5220210552215576,
      0.5263803601264954,
      0.2138504981994629,
      -0.8229166269302368,
      -0.04486559331417084,
      0.9734910726547241,
      0.22428175806999207
    ],
    "gravity" : [
      0.04486558586359024,
      -0.9734910726547241,
      -0.22428177297115326
    ]
  },
  {
    "timestamp" : 235116178966,
    "userAcceleration" : [
      -0.02964065968990326,
      0.020919620990753174,
      0.030778110027313232
    ],
    "rotationMatrix" : [
      0.8480862379074097,
      -0.08431212604045868,
      0.5231072306632996,
      0.5280090570449829,
      0.2168862670660019,
      -0.8210766911506653,
      -0.04422807693481445,
      0.9725492596626282,
      0.2284558266401291
    ],
    "gravity" : [
      0.04422809183597565,
      -0.9725492000579834,
      -0.2284558266401291
    ]
  },
  {
    "timestamp" : 235116188984,
    "userAcceleration" : [
      -0.025241799652576447,
      0.01894921064376831,
      0.018507540225982666
    ],
    "rotationMatrix" : [
      0.8470435738563538,
      -0.08752746880054474,
      0.5242672562599182,
      0.5297299027442932,
      0.21997608244419098,
      -0.8191438913345337,
      -0.04362863302230835,
      0.971570611000061,
      0.23269525170326233
    ],
    "gravity" : [
      0.04362865909934044,
      -0.971570611000061,
      -0.23269525170326233
    ]
  },
  {
    "timestamp" : 235116199002,
    "userAcceleration" : [
      -0.011416420340538025,
      0.023510098457336426,
      0.0077526867389678955
    ],
    "rotationMatrix" : [
      0.8458505868911743,
      -0.0908077210187912,
      0.5256336331367493,
      0.5316787958145142,
      0.2230769246816635,
      -0.8170399069786072,
      -0.043063148856163025,
      0.9705619215965271,
      0.23697030544281006
    ],
    "gravity" : [
      0.04306316375732422,
      -0.9705619215965271,
      -0.23697032034397125
    ]
  },
  {
    "timestamp" : 235116209019,
    "userAcceleration" : [
      -0.006016094237565994,
      0.029745280742645264,
      0.006203308701515198
    ],
    "rotationMatrix" : [
      0.844743013381958,
      -0.0941358357667923,
      0.5268279314041138,
      0.5334856510162354,
      0.22621165215969086,
      -0.8149976134300232,
      -0.04245409369468689,
      0.9695187211036682,
      0.24131083488464355
    ],
    "gravity" : [
      0.04245411232113838,
      -0.9695187211036682,
      -0.24131083488464355
    ]
  },
  {
    "timestamp" : 235116219037,
    "userAcceleration" : [
      -0.003271479159593582,
      0.027277052402496338,
      -0.0008174628019332886
    ],
    "rotationMatrix" : [
      0.843719482421875,
      -0.09755170345306396,
      0.5278456807136536,
      0.5351603031158447,
      0.22930289804935455,
      -0.8130334615707397,
      -0.04172365367412567,
      0.9684542417526245,
      0.24567314982414246
    ],
    "gravity" : [
      0.041723646223545074,
      -0.9684542417526245,
      -0.24567309021949768
    ]
  },
  {
    "timestamp" : 235116229054,
    "userAcceleration" : [
      0.00817820057272911,
      0.024044036865234375,
      -0.01497069001197815
    ],
    "rotationMatrix" : [
      0.8427338004112244,
      -0.10113638639450073,
      0.5287448763847351,
      0.5367854237556458,
      0.23223194479942322,
      -0.8111284971237183,
      -0.04075676202774048,
      0.9673879146575928,
      0.2499982714653015
    ],
    "gravity" : [
      0.04075675830245018,
      -0.9673879742622375,
      -0.24999825656414032
    ]
  },
  {
    "timestamp" : 235116239072,
    "userAcceleration" : [
      0.003512982279062271,
      0.015638530254364014,
      -0.031313151121139526
    ],
    "rotationMatrix" : [
      0.8417941331863403,
      -0.1047380119562149,
      0.5295398831367493,
      0.5383412837982178,
      0.23493100702762604,
      -0.8093181848526001,
      -0.03963887691497803,
      0.9663524627685547,
      0.25414836406707764
    ],
    "gravity" : [
      0.039638880640268326,
      -0.9663525223731995,
      -0.25414836406707764
    ]
  },
  {
    "timestamp" : 235116249089,
    "userAcceleration" : [
      0.009048841893672943,
      0.019833266735076904,
      -0.04037544131278992
    ],
    "rotationMatrix" : [
      0.8405666351318359,
      -0.10847628116607666,
      0.5307359099388123,
      0.540347158908844,
      0.23730620741844177,
      -0.8072859048843384,
      -0.03837549686431885,
      0.9653592109680176,
      0.25808656215667725
    ],
    "gravity" : [
      0.038375500589609146,
      -0.9653592109680176,
      -0.25808656215667725
    ]
  },
  {
    "timestamp" : 235116259107,
    "userAcceleration" : [
      0.014183484017848969,
      0.018638014793395996,
      -0.04242134094238281
    ],
    "rotationMatrix" : [
      0.839186429977417,
      -0.11221641302108765,
      0.5321406126022339,
      0.5425800085067749,
      0.2394249141216278,
      -0.8051600456237793,
      -0.03705558180809021,
      0.964408278465271,
      0.26180851459503174
    ],
    "gravity" : [
      0.037055566906929016,
      -0.9644082188606262,
      -0.26180851459503174
    ]
  },
  {
    "timestamp" : 235116269124,
    "userAcceleration" : [
      0.01821499690413475,
      0.019704103469848633,
      -0.036514878273010254
    ],
    "rotationMatrix" : [
      0.8376820087432861,
      -0.11593957245349884,
      0.5337104201316833,
      0.5449895858764648,
      0.24133741855621338,
      -0.8029586672782898,
      -0.03570960462093353,
      0.9634906649589539,
      0.2653498947620392
    ],
    "gravity" : [
      0.035709597170352936,
      -0.9634906649589539,
      -0.2653498649597168
    ]
  },
  {
    "timestamp" : 235116279142,
    "userAcceleration" : [
      0.02440057322382927,
      0.01776731014251709,
      -0.022126704454421997
    ],
    "rotationMatrix" : [
      0.8361412286758423,
      -0.11967693269252777,
      0.5352991819381714,
      0.5474388003349304,
      0.24315527081489563,
      -0.8007408380508423,
      -0.034330517053604126,
      0.9625760316848755,
      0.26882797479629517
    ],
    "gravity" : [
      0.034330517053604126,
      -0.9625760912895203,
      -0.26882797479629517
    ]
  },
  {
    "timestamp" : 235116289159,
    "userAcceleration" : [
      0.030374333262443542,
      0.018529653549194336,
      -0.006102830171585083
    ],
    "rotationMatrix" : [
      0.834787130355835,
      -0.12343525886535645,
      0.536557674407959,
      0.5495923757553101,
      0.24495498836040497,
      -0.7987145781517029,
      -0.03284284472465515,
      0.96164470911026,
      0.2723243832588196
    ],
    "gravity" : [
      0.03284284099936485,
      -0.96164470911026,
      -0.2723243534564972
    ]
  },
  {
    "timestamp" : 235116299177,
    "userAcceleration" : [
      0.02355492115020752,
      0.012697994709014893,
      -0.0020284056663513184
    ],
    "rotationMatrix" : [
      0.8335223197937012,
      -0.12722250819206238,
      0.5376383066177368,
      0.5515992641448975,
      0.2467341274023056,
      -0.7967813611030579,
      -0.03128519654273987,
      0.9606959223747253,
      0.27583426237106323
    ],
    "gravity" : [
      0.03128519281744957,
      -0.9606959223747253,
      -0.27583426237106323
    ]
  },
  {
    "timestamp" : 235116309195,
    "userAcceleration" : [
      0.016097713261842728,
      0.011339843273162842,
      -0.001401364803314209
    ],
    "rotationMatrix" : [
      0.8322799205780029,
      -0.1309623122215271,
      0.5386641025543213,
      0.5535539984703064,
      0.24857142567634583,
      -0.7948522567749023,
      -0.029800742864608765,
      0.959719181060791,
      0.27937573194503784
    ],
    "gravity" : [
      0.02980075590312481,
      -0.9597192406654358,
      -0.27937573194503784
    ]
  },
  {
    "timestamp" : 235116319212,
    "userAcceleration" : [
      0.012419657781720161,
      0.009018898010253906,
      0.0019273757934570312
    ],
    "rotationMatrix" : [
      0.83100426197052,
      -0.13458670675754547,
      0.5397391319274902,
      0.5555368065834045,
      0.25046199560165405,
      -0.7928730249404907,
      -0.02847394347190857,
      0.9587258100509644,
      0.28290289640426636
    ],
    "gravity" : [
      0.02847393974661827,
      -0.9587258100509644,
      -0.28290286660194397
    ]
  },
  {
    "timestamp" : 235116329230,
    "userAcceleration" : [
      0.006214438006281853,
      0.0060898661613464355,
      0.01042395830154419
    ],
    "rotationMatrix" : [
      0.8297479152679443,
      -0.1379719376564026,
      0.5408161282539368,
      0.5574645400047302,
      0.2524622678756714,
      -0.7908831238746643,
      -0.027415990829467773,
      0.9577195048332214,
      0.28639450669288635
    ],
    "gravity" : [
      0.02741597406566143,
      -0.9577194452285767,
      -0.28639450669288635
    ]
  },
  {
    "timestamp" : 235116339247,
    "userAcceleration" : [
      -0.00044769421219825745,
      -0.002076447010040283,
      0.02291157841682434
    ],
    "rotationMatrix" : [
      0.8285052180290222,
      -0.14102989435195923,
      0.5419313907623291,
      0.5593404173851013,
      0.2547071874141693,
      -0.7888363003730774,
      -0.026784390211105347,
      0.9566791653633118,
      0.2899099588394165
    ],
    "gravity" : [
      0.026784388348460197,
      -0.956679105758667,
      -0.2899099886417389
    ]
  },
  {
    "timestamp" : 235116349265,
    "userAcceleration" : [
      0.05703705549240112,
      0.018882572650909424,
      0.026019513607025146
    ],
    "rotationMatrix" : [
      0.8271529674530029,
      -0.14417345821857452,
      0.5431684255599976,
      0.5613643527030945,
      0.25708502531051636,
      -0.7866239547729492,
      -0.026230156421661377,
      0.9555737972259521,
      0.2935824990272522
    ],
    "gravity" : [
      0.026230178773403168,
      -0.9555737972259521,
      -0.2935824990272522
    ]
  },
  {
    "timestamp" : 235116359282,
    "userAcceleration" : [
      0.053527992218732834,
      0.04368990659713745,
      0.03750401735305786
    ],
    "rotationMatrix" : [
      0.8258243203163147,
      -0.14755618572235107,
      0.5442805886268616,
      0.5633514523506165,
      0.25947535037994385,
      -0.7844154238700867,
      -0.02548205852508545,
      0.9544106125831604,
      0.2974070608615875
    ],
    "gravity" : [
      0.025482043623924255,
      -0.9544106125831604,
      -0.2974070608615875
    ]
  },
  {
    "timestamp" : 235116369300,
    "userAcceleration" : [
      0.020750008523464203,
      0.009125828742980957,
      0.021274715662002563
    ],
    "rotationMatrix" : [
      0.8246985077857971,
      -0.15089979767799377,
      0.5450702905654907,
      0.5650327205657959,
      0.2619263529777527,
      -0.7823890447616577,
      -0.024705946445465088,
      0.953217625617981,
      0.3012735843658447
    ],
    "gravity" : [
      0.024705959483981133,
      -0.953217625617981,
      -0.3012736141681671
    ]
  },
  {
    "timestamp" : 235116379317,
    "userAcceleration" : [
      0.02153101935982704,
      0.00785130262374878,
      0.025340288877487183
    ],
    "rotationMatrix" : [
      0.8237165212631226,
      -0.1543017029762268,
      0.5456024408340454,
      0.5664968490600586,
      0.2645663917064667,
      -0.7804394960403442,
      -0.023924916982650757,
      0.951943039894104,
      0.30533912777900696
    ],
    "gravity" : [
      0.0239249337464571,
      -0.9519429802894592,
      -0.30533918738365173
    ]
  },
  {
    "timestamp" : 235116389335,
    "userAcceleration" : [
      0.013370618224143982,
      0.016769826412200928,
      0.011735767126083374
    ],
    "rotationMatrix" : [
      0.8222211003303528,
      -0.15797406435012817,
      0.5468057990074158,
      0.5686949491500854,
      0.26718762516975403,
      -0.7779439091682434,
      -0.0232047438621521,
      0.9506075978279114,
      0.30952638387680054
    ],
    "gravity" : [
      0.023204728960990906,
      -0.9506075978279114,
      -0.30952638387680054
    ]
  },
  {
    "timestamp" : 235116399352,
    "userAcceleration" : [
      0.017345532774925232,
      0.014207541942596436,
      1.728534698486328e-05
    ],
    "rotationMatrix" : [
      0.8207254409790039,
      -0.16154739260673523,
      0.5480074882507324,
      0.5708761215209961,
      0.26980793476104736,
      -0.7754379510879517,
      -0.022586733102798462,
      0.9492660760879517,
      0.3136618137359619
    ],
    "gravity" : [
      0.02258674055337906,
      -0.9492660760879517,
      -0.3136617839336395
    ]
  },
  {
    "timestamp" : 235116409370,
    "userAcceleration" : [
      0.02331031858921051,
      0.009545862674713135,
      0.0011879205703735352
    ],
    "rotationMatrix" : [
      0.8191590309143066,
      -0.16507302224636078,
      0.5492990016937256,
      0.5731446743011475,
      0.2723035216331482,
      -0.7728880047798157,
      -0.02199307084083557,
      0.9479460120201111,
      0.317670613527298
    ],
    "gravity" : [
      0.021993063390254974,
      -0.9479460120201111,
      -0.3176705837249756
    ]
  },
  {
    "timestamp" : 235116419388,
    "userAcceleration" : [
      0.01810620166361332,
      -0.00015652179718017578,
      -0.0022736191749572754
    ],
    "rotationMatrix" : [
      0.8177205920219421,
      -0.16843421757221222,
      0.5504207015037537,
      0.5752168893814087,
      0.27468615770339966,
      -0.7705018520355225,
      -0.021414101123809814,
      0.9466664791107178,
      0.3215027153491974
    ],
    "gravity" : [
      0.021414102986454964,
      -0.9466664791107178,
      -0.3215027451515198
    ]
  },
  {
    "timestamp" : 235116429405,
    "userAcceleration" : [
      0.023258335888385773,
      -0.004546999931335449,
      -0.005409061908721924
    ],
    "rotationMatrix" : [
      0.8163870573043823,
      -0.17165346443653107,
      0.5514047145843506,
      0.5771284103393555,
      0.2769787311553955,
      -0.7682483196258545,
      -0.020854860544204712,
      0.9454193115234375,
      0.32518795132637024
    ],
    "gravity" : [
      0.02085486240684986,
      -0.9454193711280823,
      -0.32518795132637024
    ]
  },
  {
    "timestamp" : 235116439423,
    "userAcceleration" : [
      0.025720247998833656,
      -0.004336237907409668,
      0.004939258098602295
    ],
    "rotationMatrix" : [
      0.8152382373809814,
      -0.17475858330726624,
      0.5521286725997925,
      0.5787714719772339,
      0.2792019248008728,
      -0.766204833984375,
      -0.020254522562026978,
      0.9441957473754883,
