[
  {
    "timestamp" : 235105675670,
    "rotationMatrix" : [
      -0.9998063445091248,
      -0.007114814594388008,
      -0.018330873921513557,
      -0.014156647026538849,
      -0.3865397870540619,
      0.9221638441085815,
      -0.013646642677485943,
      0.9222450256347656,
      0.3863646686077118
    ],
    "gravity" : [
      0.013646642677485943,
      -0.9222450256347656,
      -0.3863646686077118
    ],
    "userAcceleration" : [
      -0.007405787706375122,
      -0.012431919574737549,
      0.01157832145690918
    ]
  },
  {
    "timestamp" : 235105685688,
    "rotationMatrix" : [
      -0.9997949004173279,
      -0.00713303592056036,
      -0.01894974522292614,
      -0.014668957330286503,
      -0.3899444341659546,
      0.9207215309143066,
      -0.013956887647509575,
      0.9208106994628906,
      0.38975995779037476
    ],
    "gravity" : [
      0.013956887647509575,
      -0.9208106994628906,
      -0.38975989818573
    ],
    "userAcceleration" : [
      -0.0017498573288321495,
      -0.0046042799949646,
      0.00014197826385498047
    ]
  },
  {
    "timestamp" : 235105695705,
    "rotationMatrix" : [
      -0.9997841119766235,
      -0.0071301450952887535,
      -0.019496243447065353,
      -0.015122116543352604,
      -0.39326590299606323,
      0.9193001389503479,
      -0.014221957884728909,
      0.9193968176841736,
      0.3930737376213074
    ],
    "gravity" : [
      0.014221957884728909,
      -0.9193968772888184,
      -0.393073707818985
    ],
    "userAcceleration" : [
      -0.0038612522184848785,
      -0.00476682186126709,
      -0.00856807827949524
    ]
  },
  {
    "timestamp" : 235105705722,
    "rotationMatrix" : [
      -0.9997782707214355,
      -0.007075213827192783,
      -0.019834114238619804,
      -0.01540385652333498,
      -0.39650511741638184,
      0.9179033041000366,
      -0.01435869000852108,
      0.9180052280426025,
      0.39630818367004395
    ],
    "gravity" : [
      0.014358689077198505,
      -0.9180052280426025,
      -0.39630821347236633
    ],
    "userAcceleration" : [
      -0.005447559058666229,
      -0.0050141215324401855,
      -0.008934736251831055
    ]
  },
  {
    "timestamp" : 235105715740,
    "rotationMatrix" : [
      -0.9997745156288147,
      -0.006925701163709164,
      -0.020076051354408264,
      -0.015635721385478973,
      -0.3996717035770416,
      0.9165250658988953,
      -0.01437140628695488,
      0.9166322350502014,
      0.3994732201099396
    ],
    "gravity" : [
      0.01437140628695488,
      -0.9166322350502014,
      -0.3994731605052948
    ],
    "userAcceleration" : [
      -0.008115308359265327,
      -0.0003141164779663086,
      -0.015367507934570312
    ]
  },
  {
    "timestamp" : 235105725757,
    "rotationMatrix" : [
      -0.9997710585594177,
      -0.006730988621711731,
      -0.020307717844843864,
      -0.015877190977334976,
      -0.4027881622314453,
      0.9151554703712463,
      -0.014339610002934933,
      0.9152684807777405,
      0.4025891423225403
    ],
    "gravity" : [
      0.014339610002934933,
      -0.9152684211730957,
      -0.40258917212486267
    ],
    "userAcceleration" : [
      -0.012172859162092209,
      -0.002288341522216797,
      -0.01632559299468994
    ]
  },
  {
    "timestamp" : 235105735775,
    "rotationMatrix" : [
      -0.9997671246528625,
      -0.006532068829983473,
      -0.020559262484312057,
      -0.01613970845937729,
      -0.4058500826358795,
      0.9137969613075256,
      -0.014312966726720333,
      0.9139161705970764,
      0.40565040707588196
    ],
    "gravity" : [
      0.014312965795397758,
      -0.9139161705970764,
      -0.40565043687820435
    ],
    "userAcceleration" : [
      -0.015854105353355408,
      -0.0004972219467163086,
      -0.010944992303848267
    ]
  },
  {
    "timestamp" : 235105745792,
    "rotationMatrix" : [
      -0.9997595548629761,
      -0.006320703309029341,
      -0.02098715305328369,
      -0.016568932682275772,
      -0.40888679027557373,
      0.9124345183372498,
      -0.014348600059747696,
      0.9125630259513855,
      0.40868401527404785
    ],
    "gravity" : [
      0.01434860099107027,
      -0.9125630855560303,
      -0.40868404507637024
    ],
    "userAcceleration" : [
      -0.014653787948191166,
      -0.0019113421440124512,
      -0.005973517894744873
    ]
  },
  {
    "timestamp" : 235105755809,
    "rotationMatrix" : [
      -0.9997475743293762,
      -0.006140422075986862,
      -0.021605830639600754,
      -0.017159728333353996,
      -0.41188299655914307,
      0.9110750555992126,
      -0.014493461698293686,
      0.9112159609794617,
      0.4116738438606262
    ],
    "gravity" : [
      0.01449346262961626,
      -0.9112159609794617,
      -0.4116738438606262
    ],
    "userAcceleration" : [
      -0.01243352610617876,
      -0.0013663768768310547,
      -0.006920456886291504
    ]
  },
  {
    "timestamp" : 235105765827,
    "rotationMatrix" : [
      -0.9997330904006958,
      -0.0059665050357580185,
      -0.022316820919513702,
      -0.01783165894448757,
      -0.41484031081199646,
      0.9097194075584412,
      -0.014685763977468014,
      0.9098746180534363,
      0.41462329030036926
    ],
    "gravity" : [
      0.014685763977468014,
      -0.9098746180534363,
      -0.41462332010269165
    ],
    "userAcceleration" : [
      -0.00792611762881279,
      0.0006644725799560547,
      -0.0009955763816833496
    ]
  },
  {
    "timestamp" : 235105775844,
    "rotationMatrix" : [
      -0.9997175931930542,
      -0.0057247779332101345,
      -0.02305513434112072,
      -0.01855580136179924,
      -0.41778406500816345,
      0.9083567261695862,
      -0.014832211658358574,
      0.9085281491279602,
      0.4175601303577423
    ],
    "gravity" : [
      0.014832211658358574,
      -0.908528208732605,
      -0.4175601303577423
    ],
    "userAcceleration" : [
      -0.0019843168556690216,
      0.004033029079437256,
      0.006869852542877197
    ]
  },
  {
    "timestamp" : 235105785861,
    "rotationMatrix" : [
      -0.9997041821479797,
      -0.005463459994643927,
      -0.023693306371569633,
      -0.01919584535062313,
      -0.4207669198513031,
      0.9069654941558838,
      -0.014924531802535057,
      0.9071521759033203,
      0.4205377995967865
    ],
    "gravity" : [
      0.014924532733857632,
      -0.9071521759033203,
      -0.4205378293991089
    ],
    "userAcceleration" : [
      -0.006501686759293079,
      0.0036183595657348633,
      0.016622453927993774
    ]
  },
  {
    "timestamp" : 235105795879,
    "rotationMatrix" : [
      -0.9996945261955261,
      -0.005198423285037279,
      -0.024145303294062614,
      -0.01966715417802334,
      -0.4238206744194031,
      0.9055322408676147,
      -0.014940625056624413,
      0.9057308435440063,
      0.4235895872116089
    ],
    "gravity" : [
      0.014940626919269562,
      -0.9057308435440063,
      -0.4235895872116089
    ],
    "userAcceleration" : [
      -0.005785348825156689,
      -0.0010225176811218262,
      0.020955979824066162
    ]
  },
  {
    "timestamp" : 235105805896,
    "rotationMatrix" : [
      -0.9996923208236694,
      -0.00494003901258111,
      -0.024295147508382797,
      -0.019861044362187386,
      -0.4269566833972931,
      0.9040536880493164,
      -0.014839041978120804,
      0.9042583703994751,
      0.42672762274742126
    ],
    "gravity" : [
      0.014839042909443378,
      -0.9042583703994751,
      -0.42672762274742126
    ],
    "userAcceleration" : [
      0.00012983381748199463,
      -0.0014269351959228516,
      0.022430747747421265
    ]
  },
  {
    "timestamp" : 235105815914,
    "rotationMatrix" : [
      -0.9996918439865112,
      -0.004594450816512108,
      -0.024388480931520462,
      -0.020040372386574745,
      -0.43020865321159363,
      0.9025068879127502,
      -0.014638662338256836,
      0.902717649936676,
      0.4299842417240143
    ],
    "gravity" : [
      0.014638662338256836,
      -0.902717649936676,
      -0.4299842417240143
    ],
    "userAcceleration" : [
      0.0022222893312573433,
      -0.0005873441696166992,
      0.01511305570602417
    ]
  },
  {
    "timestamp" : 235105825931,
    "rotationMatrix" : [
      -0.9996907711029053,
      -0.004215373657643795,
      -0.024502944201231003,
      -0.02025364339351654,
      -0.4335368573665619,
      0.9009081125259399,
      -0.014420595020055771,
      0.9011259078979492,
      0.4333175718784332
    ],
    "gravity" : [
      0.014420595020055771,
      -0.9011258482933044,
      -0.43331754207611084
    ],
    "userAcceleration" : [
      0.001219678670167923,
      -0.0011262893676757812,
      0.00454556941986084
    ]
  },
  {
    "timestamp" : 235105835948,
    "rotationMatrix" : [
      -0.9996867179870605,
      -0.0038431789726018906,
      -0.024724237620830536,
      -0.02056235633790493,
      -0.4368295967578888,
      0.8993090987205505,
      -0.014256488531827927,
      0.8995359539985657,
      0.4366140067577362
    ],
    "gravity" : [
      0.014256487600505352,
      -0.8995358943939209,
      -0.4366139769554138
    ],
    "userAcceleration" : [
      4.1007064282894135e-05,
      4.565715789794922e-05,
      -0.007691413164138794
    ]
  },
  {
    "timestamp" : 235105845966,
    "rotationMatrix" : [
      -0.9996777176856995,
      -0.0034571848809719086,
      -0.025138532742857933,
      -0.021054036915302277,
      -0.43998217582702637,
      0.8977594375610352,
      -0.014164233580231667,
      0.89799964427948,
      0.4397680163383484
    ],
    "gravity" : [
      0.014164232648909092,
      -0.8979995846748352,
      -0.4397680163383484
    ],
    "userAcceleration" : [
      -0.001392623409628868,
      0.0014237761497497559,
      -0.015920430421829224
    ]
  },
  {
    "timestamp" : 235105855983,
    "rotationMatrix" : [
      -0.9996687769889832,
      -0.0030964314937591553,
      -0.025544852018356323,
      -0.021531304344534874,
      -0.44293707609176636,
      0.8962939977645874,
      -0.014090077020227909,
      0.8965471982955933,
      0.4427238702774048
    ],
    "gravity" : [
      0.014090077020227909,
      -0.896547257900238,
      -0.4427238702774048
    ],
    "userAcceleration" : [
      0.0007872497662901878,
      0.0002612471580505371,
      -0.018289923667907715
    ]
  },
  {
    "timestamp" : 235105866001,
    "rotationMatrix" : [
      -0.9996563792228699,
      -0.002682800404727459,
      -0.02606852725148201,
      -0.02213939279317856,
      -0.44579145312309265,
      0.8948628306388855,
      -0.01402186881750822,
      0.8951326012611389,
      0.4455791413784027
    ],
    "gravity" : [
      0.01402186881750822,
      -0.8951326608657837,
      -0.4455791711807251
    ],
    "userAcceleration" : [
      0.0010538175702095032,
      -0.0006650090217590332,
      -0.009926199913024902
    ]
  },
  {
    "timestamp" : 235105876018,
    "rotationMatrix" : [
      -0.9996445178985596,
      -0.002273416146636009,
      -0.02656303532421589,
      -0.02272033877670765,
      -0.4486295282840729,
      0.8934288620948792,
      -0.013948099687695503,
      0.8937148451805115,
      0.4484184682369232
    ],
    "gravity" : [
      0.013948098756372929,
      -0.8937148451805115,
      -0.4484184980392456
    ],
    "userAcceleration" : [
      -0.005479474551975727,
      -0.00225067138671875,
      0.002434641122817993
    ]
  },
  {
    "timestamp" : 235105886035,
    "rotationMatrix" : [
      -0.9996386766433716,
      -0.0019752969965338707,
      -0.026801466941833496,
      -0.023023389279842377,
      -0.451454222202301,
      0.8919970989227295,
      -0.013861596584320068,
      0.8922920227050781,
      0.45124584436416626
    ],
    "gravity" : [
      0.013861596584320068,
      -0.8922920227050781,
      -0.4512457847595215
    ],
    "userAcceleration" : [
      -0.010367319919168949,
      -0.0041312575340271,
      0.006177425384521484
    ]
  },
  {
    "timestamp" : 235105896054,
    "rotationMatrix" : [
      -0.9996417164802551,
      -0.0017328746616840363,
      -0.026702243834733963,
      -0.023001257330179214,
      -0.4542650282382965,
      0.8905694484710693,
      -0.013673145323991776,
      0.8908647298812866,
      0.45406273007392883
    ],
    "gravity" : [
      0.013673145323991776,
      -0.8908647298812866,
      -0.45406270027160645
    ],
    "userAcceleration" : [
      -0.01266606617718935,
      -0.0077405571937561035,
      0.014075517654418945
    ]
  },
  {
    "timestamp" : 235105906071,
    "rotationMatrix" : [
      -0.9996505975723267,
      -0.0015294821932911873,
      -0.026380281895399094,
      -0.02276448905467987,
      -0.457078218460083,
      0.88913494348526,
      -0.013417772948741913,
      0.8894249796867371,
      0.4568840265274048
    ],
    "gravity" : [
      0.013417772017419338,
      -0.8894249796867371,
      -0.4568840563297272
    ],
    "userAcceleration" : [
      -0.017186690121889114,
      -0.007288217544555664,
      0.00938957929611206
    ]
  },
  {
    "timestamp" : 235105916088,
    "rotationMatrix" : [
      -0.9996562004089355,
      -0.0013092728331685066,
      -0.026184625923633575,
      -0.02264910563826561,
      -0.4599107801914215,
      0.8876762390136719,
      -0.013204804621636868,
      0.887964129447937,
      0.4597230851650238
    ],
    "gravity" : [
      0.013204804621636868,
      -0.887964129447937,
      -0.4597230851650238
    ],
    "userAcceleration" : [
      -0.015661483630537987,
      -0.010320782661437988,
      -0.0001615285873413086
    ]
  },
  {
    "timestamp" : 235105926106,
    "rotationMatrix" : [
      -0.9996522665023804,
      -0.001018354669213295,
      -0.02634960599243641,
      -0.022888584062457085,
      -0.4626806974411011,
      0.8862294554710388,
      -0.013093950226902962,
      0.8865243792533875,
      0.4624965190887451
    ],
    "gravity" : [
      0.013093949295580387,
      -0.8865243792533875,
      -0.4624965190887451
    ],
    "userAcceleration" : [
      -0.011781702749431133,
      -0.009410619735717773,
      -0.005444765090942383
    ]
  },
  {
    "timestamp" : 235105936123,
    "rotationMatrix" : [
      -0.9996358156204224,
      -0.0006381822749972343,
      -0.026966724544763565,
      -0.023572251200675964,
      -0.465339720249176,
      0.884817898273468,
      -0.013113368302583694,
      0.8851316571235657,
      0.4651556611061096
    ],
    "gravity" : [
      0.013113368302583694,
      -0.8851316571235657,
      -0.4651556611061096
    ],
    "userAcceleration" : [
      -0.008245804347097874,
      -0.007461607456207275,
      -0.005913645029067993
    ]
  },
  {
    "timestamp" : 235105946141,
    "rotationMatrix" : [
      -0.9996095299720764,
      -0.00023405719548463821,
      -0.02793763391673565,
      -0.02458135411143303,
      -0.4678956866264343,
      0.883441686630249,
      -0.013278676196932793,
      0.8837835788726807,
      0.46770739555358887
    ],
    "gravity" : [
      0.013278675265610218,
      -0.8837835788726807,
      -0.46770739555358887
    ],
    "userAcceleration" : [
      -0.00842638686299324,
      -0.006658315658569336,
      -0.0006000399589538574
    ]
  },
  {
    "timestamp" : 235105956158,
    "rotationMatrix" : [
      -0.9995803236961365,
      0.00014349911361932755,
      -0.028962817043066025,
      -0.025625761598348618,
      -0.47040295600891113,
      0.8820794224739075,
      -0.013497620820999146,
      0.882451593875885,
      0.47020941972732544
    ],
    "gravity" : [
      0.013497619889676571,
      -0.8824515342712402,
      -0.4702094793319702
    ],
    "userAcceleration" : [
      -0.009560865350067616,
      -0.004450201988220215,
      0.015360265970230103
    ]
  },
  {
    "timestamp" : 235105966175,
    "rotationMatrix" : [
      -0.9995529055595398,
      0.0005629798397421837,
      -0.029886670410633087,
      -0.026598501950502396,
      -0.4729801416397095,
      0.8806713223457336,
      -0.013640005141496658,
      0.8810727000236511,
      0.47278398275375366
    ],
    "gravity" : [
      0.013640006072819233,
      -0.8810727000236511,
      -0.47278398275375366
    ],
    "userAcceleration" : [
      -0.006773549132049084,
      -0.002273738384246826,
      0.03084370493888855
    ]
  },
  {
    "timestamp" : 235105976193,
    "rotationMatrix" : [
      -0.9995371699333191,
      0.0009705368429422379,
      -0.03039472922682762,
      -0.027196867391467094,
      -0.4757028818130493,
      0.8791851997375488,
      -0.013605586253106594,
      0.8796051740646362,
      0.4755095839500427
    ],
    "gravity" : [
      0.013605586253106594,
      -0.8796051740646362,
      -0.4755096137523651
    ],
    "userAcceleration" : [
      -0.008051393553614616,
      0.00027179718017578125,
      0.03721621632575989
    ]
  },
  {
    "timestamp" : 235105986210,
    "rotationMatrix" : [
      -0.9995370507240295,
      0.001330966129899025,
      -0.030392009764909744,
      -0.027322638779878616,
      -0.47855231165885925,
      0.8776337504386902,
      -0.013376067392528057,
      0.8780578970909119,
      0.47836729884147644
    ],
    "gravity" : [
      0.013376067392528057,
      -0.8780578970909119,
      -0.47836729884147644
    ],
    "userAcceleration" : [
      -0.008020220324397087,
      0.0024476051330566406,
      0.03279542922973633
    ]
  },
  {
    "timestamp" : 235105996227,
    "rotationMatrix" : [
      -0.9995490312576294,
      0.0017033573240041733,
      -0.029977349564433098,
      -0.02709372527897358,
      -0.48147499561309814,
      0.8760408759117126,
      -0.012941135093569756,
      0.8764581084251404,
      0.4813041687011719
    ],
    "gravity" : [
      0.012941135093569756,
      -0.8764581084251404,
      -0.4813041388988495
    ],
    "userAcceleration" : [
      -0.005372767336666584,
      0.0022668838500976562,
      0.022243499755859375
    ]
  },
  {
    "timestamp" : 235106006245,
    "rotationMatrix" : [
      -0.999563992023468,
      0.002179231494665146,
      -0.029443541541695595,
      -0.026813602074980736,
      -0.4844132661819458,
      0.8744281530380249,
      -0.012357262894511223,
      0.8748364448547363,
      0.484260618686676
    ],
    "gravity" : [
      0.012357261963188648,
      -0.8748364448547363,
      -0.4842606484889984
    ],
    "userAcceleration" : [
      -0.0048194220289587975,
      0.002689957618713379,
      0.009620755910873413
    ]
  },
  {
    "timestamp" : 235106016262,
    "rotationMatrix" : [
      -0.99957275390625,
      0.0027648191899061203,
      -0.029092706739902496,
      -0.02675171196460724,
      -0.4872884750366211,
      0.8728310465812683,
      -0.011763323098421097,
      0.8732364773750305,
      0.487154483795166
    ],
    "gravity" : [
      0.011763324029743671,
      -0.8732365369796753,
      -0.487154483795166
    ],
    "userAcceleration" : [
      -0.007841806858778,
      -0.0022669434547424316,
      -0.005673885345458984
    ]
  },
  {
    "timestamp" : 235106026280,
    "rotationMatrix" : [
      -0.9995736479759216,
      0.0033644186332821846,
      -0.02900170162320137,
      -0.026929236948490143,
      -0.4900135099887848,
      0.8712987303733826,
      -0.011279813013970852,
      0.871708333492279,
      0.4898952543735504
    ],
    "gravity" : [
      0.011279812082648277,
      -0.8717082738876343,
      -0.489895224571228
    ],
    "userAcceleration" : [
      -0.008151765912771225,
      -0.005488932132720947,
      -0.015643656253814697
    ]
  },
  {
    "timestamp" : 235106036297,
    "rotationMatrix" : [
      -0.9995628595352173,
      0.003954928368330002,
      -0.029292717576026917,
      -0.02744029089808464,
      -0.49255064129829407,
      0.8698509931564331,
      -0.010987953282892704,
      0.8702746629714966,
      0.49244412779808044
    ],
    "gravity" : [
      0.010987951420247555,
      -0.8702746629714966,
      -0.49244409799575806
    ],
    "userAcceleration" : [
      -0.005006495863199234,
      -0.004160702228546143,
      -0.015368402004241943
    ]
  },
  {
    "timestamp" : 235106046314,
    "rotationMatrix" : [
      -0.9995408058166504,
      0.004524193704128265,
      -0.029950445517897606,
      -0.02826310694217682,
      -0.4949438273906708,
      0.8684648871421814,
      -0.010894691571593285,
      0.8689128756523132,
      0.4948449432849884
    ],
    "gravity" : [
      0.01089469250291586,
      -0.868912935256958,
      -0.4948449432849884
    ],
    "userAcceleration" : [
      -0.00370778888463974,
      -0.0005785822868347168,
      -0.006574064493179321
    ]
  },
  {
    "timestamp" : 235106056332,
    "rotationMatrix" : [
      -0.999514639377594,
      0.005015198141336441,
      -0.030742082744836807,
      -0.02916465699672699,
      -0.49727246165275574,
      0.8671039342880249,
      -0.010938495397567749,
      0.8675798177719116,
      0.4971775710582733
    ],
    "gravity" : [
      0.010938496328890324,
      -0.8675798177719116,
      -0.4971776008605957
    ],
    "userAcceleration" : [
      -0.003644806332886219,
      0.0008043646812438965,
      0.006699085235595703
    ]
  },
  {
    "timestamp" : 235106066349,
    "rotationMatrix" : [
      -0.9994918704032898,
      0.005426587536931038,
      -0.031407296657562256,
      -0.029916642233729362,
      -0.49961695075035095,
      0.8657296895980835,
      -0.010993663221597672,
      0.8662294149398804,
      0.4995255172252655
    ],
    "gravity" : [
      0.010993662290275097,
      -0.8662294149398804,
      -0.4995255172252655
    ],
    "userAcceleration" : [
      -0.0010296748951077461,
      -0.001904129981994629,
      0.019056737422943115
    ]
  },
  {
    "timestamp" : 235106076367,
    "rotationMatrix" : [
      -0.9994798302650452,
      0.005807702429592609,
      -0.03172219544649124,
      -0.030349254608154297,
      -0.5020477175712585,
      0.864307165145874,
      -0.010906416922807693,
      0.8648203611373901,
      0.5019629001617432
    ],
    "gravity" : [
      0.010906416922807693,
      -0.8648203611373901,
      -0.5019629001617432
    ],
    "userAcceleration" : [
      0.0022313958033919334,
      -3.248453140258789e-05,
      0.027765512466430664
    ]
  },
  {
    "timestamp" : 235106086384,
    "rotationMatrix" : [
      -0.9994832277297974,
      0.006162125617265701,
      -0.0315476730465889,
      -0.030345406383275986,
      -0.5045705437660217,
      0.862837016582489,
      -0.010601119138300419,
      0.8633484244346619,
      0.5044968724250793
    ],
    "gravity" : [
      0.010601118206977844,
      -0.8633484244346619,
      -0.5044968724250793
    ],
    "userAcceleration" : [
      0.0029791956767439842,
      -0.0033507943153381348,
      0.02871263027191162
    ]
  },
  {
    "timestamp" : 235106096401,
    "rotationMatrix" : [
      -0.9994966983795166,
      0.0065296972170472145,
      -0.031038546934723854,
      -0.0300612710416317,
      -0.5071436762809753,
      0.861336886882782,
      -0.010116735473275185,
      0.8618366122245789,
      0.5070849657058716
    ],
    "gravity" : [
      0.010116735473275185,
      -0.8618366122245789,
      -0.5070849657058716
    ],
    "userAcceleration" : [
      -0.00366227887570858,
      0.002492249011993408,
      0.023686587810516357
    ]
  },
  {
    "timestamp" : 235106106419,
    "rotationMatrix" : [
      -0.999515175819397,
      0.00689427275210619,
      -0.030355768278241158,
      -0.029629472643136978,
      -0.5097050666809082,
      0.8598387241363525,
      -0.009544530883431435,
      0.8603214025497437,
      0.5096625089645386
    ],
    "gravity" : [
      0.009544530883431435,
      -0.8603214025497437,
      -0.5096625089645386
    ],
    "userAcceleration" : [
      -0.005851909518241882,
      -0.00025898218154907227,
      0.012836337089538574
    ]
  },
  {
    "timestamp" : 235106116436,
    "rotationMatrix" : [
      -0.999528169631958,
      0.007311679422855377,
      -0.02981957234442234,
      -0.0293550007045269,
      -0.5121939182281494,
      0.8583677411079407,
      -0.008997300639748573,
      0.8588383793830872,
      0.5121674537658691
    ],
    "gravity" : [
      0.008997299708425999,
      -0.8588383793830872,
      -0.5121674537658691
    ],
    "userAcceleration" : [
      -0.012613628059625626,
      -0.000765383243560791,
      0.000525057315826416
    ]
  },
  {
    "timestamp" : 235106126454,
    "rotationMatrix" : [
      -0.9995323419570923,
      0.007739175111055374,
      -0.02957475185394287,
      -0.029339589178562164,
      -0.5146141052246094,
      0.8569195866584778,
      -0.008587737567722797,
      0.8573867678642273,
      0.5146008729934692
    ],
    "gravity" : [
      0.008587737567722797,
      -0.8573867678642273,
      -0.5146008729934692
    ],
    "userAcceleration" : [
      -0.017468344420194626,
      -0.0017898082733154297,
      -0.006776630878448486
    ]
  },
  {
    "timestamp" : 235106136471,
    "rotationMatrix" : [
      -0.9995266795158386,
      0.008166058920323849,
      -0.02964891865849495,
      -0.02960040047764778,
      -0.5169293284416199,
      0.8555158376693726,
      -0.008340209722518921,
      0.8559888601303101,
      0.5169268846511841
    ],
    "gravity" : [
      0.008340209722518921,
      -0.8559888005256653,
      -0.5169268846511841
    ],
    "userAcceleration" : [
      -0.011102056130766869,
      -0.007261812686920166,
      -0.017405331134796143
    ]
  },
  {
    "timestamp" : 235106146488,
    "rotationMatrix" : [
      -0.9995087385177612,
      0.008664043620228767,
      -0.03010571375489235,
      -0.030228039249777794,
      -0.5190960168838501,
      0.8541809320449829,
      -0.008227103389799595,
      0.8546717166900635,
      0.5191035270690918
    ],
    "gravity" : [
      0.008227103389799595,
      -0.8546717166900635,
      -0.5191035270690918
    ],
    "userAcceleration" : [
      0.0005161678418517113,
      -0.010394752025604248,
      -0.019424855709075928
    ]
  },
  {
    "timestamp" : 235106156506,
    "rotationMatrix" : [
      -0.9994792938232422,
      0.009313490241765976,
      -0.030884090811014175,
      -0.031211111694574356,
      -0.5211204290390015,
      0.8529120683670044,
      -0.008150748908519745,
      0.8534321784973145,
      0.5211401581764221
    ],
    "gravity" : [
      0.008150748908519745,
      -0.8534321188926697,
      -0.5211401581764221
    ],
    "userAcceleration" : [
      0.01026659831404686,
      -0.010795116424560547,
      -0.009606242179870605
    ]
  },
  {
    "timestamp" : 235106166523,
    "rotationMatrix" : [
      -0.9994450211524963,
      0.01003734115511179,
      -0.03176087141036987,
      -0.03231801837682724,
      -0.5230851769447327,
      0.8516674041748047,
      -0.008065165020525455,
      0.8522212505340576,
      0.523119330406189
    ],
    "gravity" : [
      0.008065165020525455,
      -0.8522212505340576,
      -0.523119330406189
    ],
    "userAcceleration" : [
      0.005194732919335365,
      -0.012952029705047607,
      0.00735706090927124
    ]
  },
  {
    "timestamp" : 235106176540,
    "rotationMatrix" : [
      -0.999413013458252,
      0.01070948876440525,
      -0.03254137933254242,
      -0.033316075801849365,
      -0.5250822901725769,
      0.8503991365432739,
      -0.007979558780789375,
      0.8509840965270996,
      0.5251308083534241
    ],
    "gravity" : [
      0.007979560643434525,
      -0.8509840965270996,
      -0.5251308679580688
    ],
    "userAcceleration" : [
      -0.003615538589656353,
      -0.010115087032318115,
      0.024764657020568848
    ]
  },
  {
    "timestamp" : 235106186558,
    "rotationMatrix" : [
      -0.9993854761123657,
      0.01131551992148161,
      -0.03317345678806305,
      -0.034152328968048096,
      -0.5272295475006104,
      0.8490362167358398,
      -0.007882744073867798,
      0.8496475219726562,
      0.5272921323776245
    ],
    "gravity" : [
      0.007882744073867798,
      -0.8496474623680115,
      -0.5272921323776245
    ],
    "userAcceleration" : [
      -0.0073181623592972755,
      -0.00640106201171875,
      0.03672206401824951
    ]
  },
  {
    "timestamp" : 235106196575,
    "rotationMatrix" : [
      -0.9993627071380615,
      0.011973069049417973,
      -0.03362137824296951,
      -0.03485812991857529,
      -0.5296193361282349,
      0.8475186824798584,
      -0.007659136317670345,
      0.8481507301330566,
      0.5296995043754578
    ],
    "gravity" : [
      0.007659135852009058,
      -0.8481507301330566,
      -0.5296995043754578
    ],
    "userAcceleration" : [
      -0.003417204599827528,
      -0.000863492488861084,
      0.038427650928497314
    ]
  },
  {
    "timestamp" : 235106206593,
    "rotationMatrix" : [
      -0.999345600605011,
      0.012734130024909973,
      -0.03385232388973236,
      -0.03543461486697197,
      -0.5322663187980652,
      0.8458349704742432,
      -0.007247481495141983,
      0.8464810848236084,
      0.5323693752288818
    ],
    "gravity" : [
      0.007247482426464558,
      -0.8464811444282532,
      -0.5323693752288818
    ],
    "userAcceleration" : [
      -0.0008235219866037369,
      0.0005949139595031738,
      0.027486562728881836
    ]
  },
  {
    "timestamp" : 235106216610,
    "rotationMatrix" : [
      -0.9993312954902649,
      0.013596925884485245,
      -0.03393860161304474,
      -0.03594472259283066,
      -0.5351006984710693,
      0.8440231084823608,
      -0.006684453226625919,
      0.8446787595748901,
      0.5352317690849304
    ],
    "gravity" : [
      0.00668445136398077,
      -0.8446787595748901,
      -0.5352317690849304
    ],
    "userAcceleration" : [
      0.004332384094595909,
      0.004117846488952637,
      0.006728410720825195
    ]
  },
  {
    "timestamp" : 235106226627,
    "rotationMatrix" : [
      -0.9993141889572144,
      0.01460339780896902,
      -0.03402678295969963,
      -0.03653770685195923,
      -0.5379608273506165,
      0.8421775698661804,
      -0.006006424315273762,
      0.842843234539032,
      0.5381255745887756
    ],
    "gravity" : [
      0.0060064238496124744,
      -0.842843234539032,
      -0.5381255745887756
    ],
    "userAcceleration" : [
      0.005285073071718216,
      0.003762483596801758,
      -0.012457311153411865
    ]
  },
  {
    "timestamp" : 235106236645,
    "rotationMatrix" : [
      -0.9992886781692505,
      0.015749871730804443,
      -0.034268818795681,
      -0.03734178468585014,
      -0.5406654477119446,
      0.8404086232185364,
      -0.005291635170578957,
      0.8410903811454773,
      0.5408688187599182
    ],
    "gravity" : [
      0.005291634704917669,
      -0.8410903811454773,
      -0.5408688187599182
    ],
    "userAcceleration" : [
      0.006503421347588301,
      -0.001148998737335205,
      -0.026452958583831787
    ]
  },
  {
    "timestamp" : 235106246662,
    "rotationMatrix" : [
      -0.9992530345916748,
      0.016972824931144714,
      -0.03471827879548073,
      -0.038368068635463715,
      -0.5430838465690613,
      0.8388014435768127,
      -0.004618105478584766,
      0.8395069241523743,
      0.5433293581008911
    ],
    "gravity" : [
      0.004618105478584766,
      -0.8395069241523743,
      -0.5433293581008911
    ],
    "userAcceleration" : [
      0.009694639593362808,
      -0.008668065071105957,
      -0.030980944633483887
    ]
  },
  {
    "timestamp" : 235106256680,
    "rotationMatrix" : [
      -0.9992084503173828,
      0.018195342272520065,
      -0.03537287563085556,
      -0.03957189992070198,
      -0.5451502203941345,
      0.8374038338661194,
      -0.004046682268381119,
      0.8381407856941223,
      0.545438826084137
    ],
    "gravity" : [
      0.004046683199703693,
      -0.8381408452987671,
      -0.5454388856887817
    ],
    "userAcceleration" : [
      0.006481868680566549,
      -0.01110231876373291,
      -0.02551448345184326
    ]
  },
  {
    "timestamp" : 235106266697,
    "rotationMatrix" : [
      -0.9991627931594849,
      0.019243158400058746,
      -0.03609633445739746,
      -0.04074203222990036,
      -0.546927809715271,
      0.8361875414848328,
      -0.0036512035876512527,
      0.8369583487510681,
      0.5472543239593506
    ],
    "gravity" : [
      0.003651203354820609,
      -0.8369583487510681,
      -0.5472543239593506
    ],
    "userAcceleration" : [
      0.0006212680600583553,
      -0.01518392562866211,
      -0.007539987564086914
    ]
  },
  {
    "timestamp" : 235106276714,
    "rotationMatrix" : [
      -0.9991187453269958,
      0.020115014165639877,
      -0.03682693839073181,
      -0.04182402044534683,
      -0.5485544800758362,
      0.8350677490234375,
      -0.003404192626476288,
      0.8358724117279053,
      0.5489130020141602
    ],
    "gravity" : [
      0.0034041921608150005,
      -0.8358724117279053,
      -0.5489130020141602
    ],
    "userAcceleration" : [
      0.0026077604852616787,
      -0.016758084297180176,
      0.008599400520324707
    ]
  },
  {
    "timestamp" : 235106286732,
    "rotationMatrix" : [
      -0.9990789890289307,
      0.020819738507270813,
      -0.03751540929079056,
      -0.04278004169464111,
      -0.5501577258110046,
      0.8339640498161316,
      -0.0032764803618192673,
      0.8348010182380676,
      0.5505419373512268
    ],
    "gravity" : [
      0.0032764803618192673,
      -0.8348010182380676,
      -0.5505419969558716
    ],
    "userAcceleration" : [
      0.004337666556239128,
      -0.013435065746307373,
      0.024205327033996582
    ]
  },
  {
    "timestamp" : 235106296749,
    "rotationMatrix" : [
      -0.999043881893158,
      0.0212748721241951,
      -0.03819448500871658,
      -0.043590910732746124,
      -0.5518011450767517,
      0.8328357338905334,
      -0.003357289358973503,
      0.8337042927742004,
      0.5522009134292603
    ],
    "gravity" : [
      0.003357288660481572,
      -0.8337042927742004,
      -0.5522009134292603
    ],
    "userAcceleration" : [
      0.015685666352510452,
      0.00011670589447021484,
      0.028030991554260254
    ]
  },
  {
    "timestamp" : 235106306767,
    "rotationMatrix" : [
      -0.9990164041519165,
      0.02159559354186058,
      -0.038724277168512344,
      -0.04420230910181999,
      -0.5535832047462463,
      0.8316198587417603,
      -0.003477785736322403,
      0.832513689994812,
      0.5539934635162354
    ],
    "gravity" : [
      0.0034777873661369085,
      -0.832513689994812,
      -0.5539934635162354
    ],
    "userAcceleration" : [
      0.015565171837806702,
      -0.0010738968849182129,
      0.02982354164123535
    ]
  },
  {
    "timestamp" : 235106316784,
    "rotationMatrix" : [
      -0.9989908933639526,
      0.0219758041203022,
      -0.03917037695646286,
      -0.044776108115911484,
      -0.5555459260940552,
      0.8302794098854065,
      -0.003514885902404785,
      0.8311954140663147,
      0.5559692978858948
    ],
    "gravity" : [
      0.003514884738251567,
      -0.8311954140663147,
      -0.5559692978858948
    ],
    "userAcceleration" : [
      0.015528090298175812,
      -0.0023922324180603027,
      0.031799376010894775
    ]
  },
  {
    "timestamp" : 235106326801,
    "rotationMatrix" : [
      -0.9989606738090515,
      0.022370366379618645,
      -0.03971298784017563,
      -0.0454375222325325,
      -0.557630717754364,
      0.8288445472717285,
      -0.0036036260426044464,
      0.8297876119613647,
      0.5580676794052124
    ],
    "gravity" : [
      0.00360362627543509,
      -0.8297876119613647,
      -0.5580676794052124
    ],
    "userAcceleration" : [
      0.010587047785520554,
      0.001418471336364746,
      0.020058035850524902
    ]
  },
  {
    "timestamp" : 235106336819,
    "rotationMatrix" : [
      -0.9989151954650879,
      0.022874921560287476,
      -0.04056032747030258,
      -0.04641268402338028,
      -0.5597323775291443,
      0.8273726105690002,
      -0.0037768427282571793,
      0.8283576369285583,
      0.5601869225502014
    ],
    "gravity" : [
      0.0037768427282571793,
      -0.8283576369285583,
      -0.5601869225502014
    ],
    "userAcceleration" : [
      0.014259053394198418,
      0.00432199239730835,
      0.013327181339263916
    ]
  },
  {
    "timestamp" : 235106346836,
    "rotationMatrix" : [
      -0.9988552331924438,
      0.023563815280795097,
      -0.04163207858800888,
      -0.04767662286758423,
      -0.5617931485176086,
      0.8259028792381287,
      -0.003927193582057953,
      0.8269421458244324,
      0.5622733235359192
    ],
    "gravity" : [
      0.003927193116396666,
      -0.8269422054290771,
      -0.5622733235359192
    ],
    "userAcceleration" : [
      0.01748087629675865,
      0.005164742469787598,
      0.01579505205154419
    ]
  },
  {
    "timestamp" : 235106356853,
    "rotationMatrix" : [
      -0.9987848401069641,
      0.0243067629635334,
      -0.04286698251962662,
      -0.04910575971007347,
      -0.5637493133544922,
      0.824484646320343,
      -0.004125684499740601,
      0.8255879282951355,
      0.5642582774162292
    ],
    "gravity" : [
      0.00412568636238575,
      -0.8255879878997803,
      -0.5642582178115845
    ],
    "userAcceleration" : [
      0.014367954805493355,
      0.005428135395050049,
      0.010333657264709473
    ]
  },
  {
    "timestamp" : 235106366871,
    "rotationMatrix" : [
      -0.9986892342567444,
      0.02526720054447651,
      -0.044514864683151245,
      -0.05099859833717346,
      -0.5655299425125122,
      0.8231496214866638,
      -0.0043758004903793335,
      0.8243407607078552,
      0.5660770535469055
    ],
    "gravity" : [
      0.004375799093395472,
      -0.8243407011032104,
      -0.5660770535469055
    ],
    "userAcceleration" : [
      0.012530943378806114,
      0.0021056532859802246,
      0.008612513542175293
    ]
  },
  {
    "timestamp" : 235106376888,
    "rotationMatrix" : [
      -0.9985986948013306,
      0.02632759138941765,
      -0.04590950161218643,
      -0.052738916128873825,
      -0.5673030018806458,
      0.8218187093734741,
      -0.004408087581396103,
      0.8230882883071899,
      0.5678963661193848
    ],
    "gravity" : [
      0.004408087115734816,
      -0.8230882883071899,
      -0.5678963661193848
    ],
    "userAcceleration" : [
      0.027177605777978897,
      0.002928435802459717,
      0.032587528228759766
    ]
  },
  {
    "timestamp" : 235106386906,
    "rotationMatrix" : [
      -0.9985069036483765,
      0.02762467786669731,
      -0.0471261665225029,
      -0.054466765373945236,
      -0.5692994594573975,
      0.8203240036964417,
      -0.004167715087532997,
      0.8216659426689148,
      0.5699540376663208
    ],
    "gravity" : [
      0.004167715087532997,
      -0.8216660022735596,
      -0.5699540376663208
    ],
    "userAcceleration" : [
      0.0258615892380476,
      0.008128464221954346,
      0.051887691020965576
    ]
  },
  {
    "timestamp" : 235106396923,
    "rotationMatrix" : [
      -0.9984151124954224,
      0.029031839221715927,
      -0.04821145534515381,
      -0.0561499260365963,
      -0.5715981125831604,
      0.8186102509498596,
      -0.0037918221205472946,
      0.8200199007987976,
      0.572322428226471
    ],
    "gravity" : [
      0.0037918214220553637,
      -0.8200199007987976,
      -0.572322428226471
    ],
    "userAcceleration" : [
      0.015068035572767258,
      0.006512820720672607,
      0.05143314599990845
    ]
  },
  {
    "timestamp" : 235106406940,
    "rotationMatrix" : [
      -0.9983205795288086,
      0.03060624934732914,
      -0.04918467998504639,
      -0.05783884972333908,
      -0.5742047429084778,
      0.8166660666465759,
      -0.003246992826461792,
      0.818139374256134,
      0.5750107765197754
    ],
    "gravity" : [
      0.0032469923608005047,
      -0.818139374256134,
      -0.5750107765197754
    ],
