[
  {
    "rotationMatrix" : [
      0.45161473751068115,
      -0.6356425285339355,
      0.6261011362075806,
      0.8921918869018555,
      0.3265678882598877,
      -0.3120047450065613,
      -0.006141036748886108,
      0.6995083689689636,
      0.7145980000495911
    ],
    "userAcceleration" : [
      0.002022461500018835,
      -0.0037386417388916016,
      0.011305093765258789
    ],
    "timestamp" : 235165807755,
    "gravity" : [
      0.006141041871160269,
      -0.6995083689689636,
      -0.7145980000495911
    ]
  },
  {
    "rotationMatrix" : [
      0.45628395676612854,
      -0.6348365545272827,
      0.6235281229019165,
      0.889814019203186,
      0.3302278220653534,
      -0.3149290680885315,
      -0.0059777796268463135,
      0.6985213160514832,
      0.7155642509460449
    ],
    "userAcceleration" : [
      0.010517028160393238,
      -0.0015671849250793457,
      0.006427288055419922
    ],
    "timestamp" : 235165817773,
    "gravity" : [
      0.005977771710604429,
      -0.6985212564468384,
      -0.7155642509460449
    ]
  },
  {
    "rotationMatrix" : [
      0.4609825015068054,
      -0.6339476108551025,
      0.6209713220596313,
      0.8873914480209351,
      0.3337351679801941,
      -0.31805217266082764,
      -0.005611509084701538,
      0.6976611614227295,
      0.7164058685302734
    ],
    "userAcceleration" : [
      0.014301267452538013,
      0.0023029446601867676,
      -0.004999220371246338
    ],
    "timestamp" : 235165827792,
    "gravity" : [
      0.005611503962427378,
      -0.6976612210273743,
      -0.7164058685302734
    ]
  },
  {
    "gravity" : [
      0.005105575546622276,
      -0.6970345377922058,
      -0.7170193791389465
    ],
    "timestamp" : 235165837810,
    "userAcceleration" : [
      0.014395207166671753,
      -0.002519845962524414,
      -0.015875577926635742
    ],
    "rotationMatrix" : [
      0.46570926904678345,
      -0.6328660845756531,
      0.6185429096221924,
      0.8849230408668518,
      0.33708056807518005,
      -0.3213842511177063,
      -0.0051055848598480225,
      0.6970345377922058,
      0.7170193195343018
    ]
  },
  {
    "gravity" : [
      0.004659892991185188,
      -0.6966094970703125,
      -0.7174353003501892
    ],
    "timestamp" : 235165847828,
    "userAcceleration" : [
      0.01177387498319149,
      -0.00956714153289795,
      -0.01738220453262329
    ],
    "rotationMatrix" : [
      0.47015082836151123,
      -0.6316770315170288,
      0.6163944602012634,
      0.8825737237930298,
      0.34017515182495117,
      -0.32456791400909424,
      -0.004659891128540039,
      0.6966094970703125,
      0.7174353003501892
    ]
  },
  {
    "gravity" : [
      0.004457481671124697,
      -0.6962416172027588,
      -0.7177935838699341
    ],
    "timestamp" : 235165857846,
    "userAcceleration" : [
      0.010435150936245918,
      -0.01170504093170166,
      -0.010584771633148193
    ],
    "rotationMatrix" : [
      0.4745464026927948,
      -0.6303553581237793,
      0.6143758296966553,
      0.8802191019058228,
      0.343364953994751,
      -0.3275890350341797,
      -0.0044574737548828125,
      0.6962416172027588,
      0.7177935838699341
    ]
  },
  {
    "gravity" : [
      0.0046198018826544285,
      -0.695769190788269,
      -0.7182506322860718
    ],
    "timestamp" : 235165867864,
    "userAcceleration" : [
      0.015048826113343239,
      -0.006928503513336182,
      -0.00017899274826049805
    ],
    "rotationMatrix" : [
      0.4788716435432434,
      -0.6290068626403809,
      0.6123988628387451,
      0.8778728246688843,
      0.3467789888381958,
      -0.33027827739715576,
      -0.004619777202606201,
      0.695769190788269,
      0.7182506322860718
    ]
  },
  {
    "gravity" : [
      0.005087258294224739,
      -0.6950806975364685,
      -0.718913733959198
    ],
    "timestamp" : 235165877883,
    "userAcceleration" : [
      0.02654426358640194,
      -0.0008726119995117188,
      0.011119484901428223
    ],
    "rotationMatrix" : [
      0.48286172747612,
      -0.6278485059738159,
      0.6104512810707092,
      0.8756818771362305,
      0.350241482257843,
      -0.332433819770813,
      -0.00508725643157959,
      0.6950806379318237,
      0.718913733959198
    ]
  },
  {
    "gravity" : [
      0.005584287457168102,
      -0.6941947937011719,
      -0.7197654843330383
    ],
    "timestamp" : 235165887901,
    "userAcceleration" : [
      0.0419011153280735,
      0.0026513338088989258,
      0.021950483322143555
    ],
    "rotationMatrix" : [
      0.4865707457065582,
      -0.6269371509552002,
      0.6084395051002502,
      0.873623251914978,
      0.3536145091056824,
      -0.3342738151550293,
      -0.005584299564361572,
      0.6941947937011719,
      0.7197654843330383
    ]
  },
  {
    "gravity" : [
      0.005674686282873154,
      -0.6932407021522522,
      -0.7206836938858032
    ],
    "timestamp" : 235165897919,
    "userAcceleration" : [
      0.053392138332128525,
      0.006732642650604248,
      0.020717322826385498
    ],
    "rotationMatrix" : [
      0.49029895663261414,
      -0.6261929273605347,
      0.6062088012695312,
      0.8715357780456543,
      0.35679054260253906,
      -0.3363416790962219,
      -0.005674690008163452,
      0.6932407021522522,
      0.7206836938858032
    ]
  },
  {
    "gravity" : [
      0.005072229541838169,
      -0.6924996972084045,
      -0.7214003801345825
    ],
    "timestamp" : 235165907937,
    "userAcceleration" : [
      0.051263272762298584,
      0.0012766122817993164,
      -0.003773629665374756
    ],
    "rotationMatrix" : [
      0.49427393078804016,
      -0.6253871321678162,
      0.6038081645965576,
      0.8692914843559265,
      0.3596320152282715,
      -0.33911246061325073,
      -0.005072206258773804,
      0.6924996972084045,
      0.7214003801345825
    ]
  },
  {
    "gravity" : [
      0.00403941934928298,
      -0.6922664642333984,
      -0.7216306924819946
    ],
    "timestamp" : 235165917956,
    "userAcceleration" : [
      0.04173699766397476,
      -0.006433427333831787,
      -0.036822736263275146
    ],
    "rotationMatrix" : [
      0.49833109974861145,
      -0.6242541074752808,
      0.6016417741775513,
      0.866977334022522,
      0.36204129457473755,
      -0.34245625138282776,
      -0.00403943657875061,
      0.6922664642333984,
      0.7216306924819946
    ]
  },
  {
    "gravity" : [
      0.0029706708155572414,
      -0.6925782561302185,
      -0.7213366031646729
    ],
    "timestamp" : 235165927974,
    "userAcceleration" : [
      0.025944778695702553,
      -0.010043084621429443,
      -0.052665531635284424
    ],
    "rotationMatrix" : [
      0.502079427242279,
      -0.6227961778640747,
      0.600034236907959,
      0.8648163080215454,
      0.36395078897476196,
      -0.34587913751602173,
      -0.0029706358909606934,
      0.6925782561302185,
      0.7213366031646729
    ]
  },
  {
    "gravity" : [
      0.0021850024349987507,
      -0.6932370662689209,
      -0.7207062840461731
    ],
    "timestamp" : 235165937992,
    "userAcceleration" : [
      0.016415515914559364,
      -0.02297985553741455,
      -0.04806208610534668
    ],
    "rotationMatrix" : [
      0.5056639909744263,
      -0.6210102438926697,
      0.598874032497406,
      0.862727701663971,
      0.3657437562942505,
      -0.34918808937072754,
      -0.0021849870681762695,
      0.6932370662689209,
      0.7207062244415283
    ]
  },
  {
    "gravity" : [
      0.001927661127410829,
      -0.6939833760261536,
      -0.7199884057044983
    ],
    "timestamp" : 235165948010,
    "userAcceleration" : [
      0.0020091591868549585,
      -0.026765406131744385,
      -0.03393310308456421
    ],
    "rotationMatrix" : [
      0.5087441205978394,
      -0.6191709637641907,
      0.5981694459915161,
      0.8609156012535095,
      0.3674429655075073,
      -0.35186636447906494,
      -0.0019276738166809082,
      0.6939833164215088,
      0.7199884653091431
    ]
  },
  {
    "gravity" : [
      0.0022086622193455696,
      -0.6946513056755066,
      -0.7193432450294495
    ],
    "timestamp" : 235165958028,
    "userAcceleration" : [
      -0.01104345265775919,
      -0.030934572219848633,
      -0.008958816528320312
    ],
    "rotationMatrix" : [
      0.5117760896682739,
      -0.6172170639038086,
      0.597602128982544,
      0.8591159582138062,
      0.3694625794887543,
      -0.3541427254676819,
      -0.0022086799144744873,
      0.6946513056755066,
      0.7193432450294495
    ]
  },
  {
    "gravity" : [
      0.002785703632980585,
      -0.695107102394104,
      -0.718900740146637
    ],
    "timestamp" : 235165968047,
    "userAcceleration" : [
      0.010657340288162231,
      -0.049109697341918945,
      0.016904830932617188
    ],
    "rotationMatrix" : [
      0.5150947570800781,
      -0.6151978373527527,
      0.5968325138092041,
      0.8571286797523499,
      0.37196463346481323,
      -0.3563321828842163,
      -0.002785712480545044,
      0.695107102394104,
      0.7189007997512817
    ]
  },
  {
    "gravity" : [
      0.003500270890071988,
      -0.695271372795105,
      -0.7187387943267822
    ],
    "timestamp" : 235165978065,
    "userAcceleration" : [
      0.002725361380726099,
      -0.03031444549560547,
      0.02696627378463745
    ],
    "rotationMatrix" : [
      0.518402636051178,
      -0.6133606433868408,
      0.5958585739135742,
      0.8551294803619385,
      0.3746817111968994,
      -0.35828351974487305,
      -0.0035002827644348145,
      0.695271372795105,
      0.7187387943267822
    ]
  },
  {
    "gravity" : [
      0.004498523194342852,
      -0.6952696442604065,
      -0.7187349200248718
    ],
    "timestamp" : 235165988083,
    "userAcceleration" : [
      0.0025663496926426888,
      -0.01830756664276123,
      0.01548779010772705
    ],
    "rotationMatrix" : [
      0.5219655632972717,
      -0.6114282011985779,
      0.5947331786155701,
      0.8529546856880188,
      0.3778303265571594,
      -0.36015626788139343,
      -0.004498541355133057,
      0.6952695846557617,
      0.7187349200248718
    ]
  },
  {
    "gravity" : [
      0.005669481586664915,
      -0.6952569484710693,
      -0.7187389135360718
    ],
    "timestamp" : 235165998101,
    "userAcceleration" : [
      0.015967536717653275,
      -0.010309398174285889,
      0.012913048267364502
    ],
    "rotationMatrix" : [
      0.5253974199295044,
      -0.6094790697097778,
      0.5937110781669617,
      0.8508380651473999,
      0.38098961114883423,
      -0.36183080077171326,
      -0.0056694746017456055,
      0.6952569484710693,
      0.7187389135360718
    ]
  },
  {
    "gravity" : [
      0.006836692802608013,
      -0.6953209638595581,
      -0.7186668515205383
    ],
    "timestamp" : 235166008120,
    "userAcceleration" : [
      0.02656484581530094,
      0.004830300807952881,
      0.012596845626831055
    ],
    "rotationMatrix" : [
      0.5287195444107056,
      -0.6074972152709961,
      0.5927923917770386,
      0.8487690687179565,
      0.3840259313583374,
      -0.3634765148162842,
      -0.00683671236038208,
      0.6953209638595581,
      0.7186668515205383
    ]
  },
  {
    "gravity" : [
      0.007895131595432758,
      -0.6954699158668518,
      -0.7185118794441223
    ],
    "timestamp" : 235166018138,
    "userAcceleration" : [
      0.0328306220471859,
      0.013829350471496582,
      0.01775193214416504
    ],
    "rotationMatrix" : [
      0.5320972204208374,
      -0.6054416298866272,
      0.5918724536895752,
      0.8466464877128601,
      0.38699108362197876,
      -0.36527758836746216,
      -0.007895112037658691,
      0.6954699158668518,
      0.7185118794441223
    ]
  },
  {
    "gravity" : [
      0.008770144544541836,
      -0.695655345916748,
      -0.7183221578598022
    ],
    "timestamp" : 235166028156,
    "userAcceleration" : [
      0.030933275818824768,
      0.016532480716705322,
      0.025512099266052246
    ],
    "rotationMatrix" : [
      0.5353853702545166,
      -0.6034479141235352,
      0.5909426212310791,
      0.8445624113082886,
      0.3897618055343628,
      -0.3671513795852661,
      -0.008770138025283813,
      0.695655345916748,
      0.7183221578598022
    ]
  },
  {
    "gravity" : [
      0.009425587020814419,
      -0.6958016157150269,
      -0.7181720733642578
    ],
    "timestamp" : 235166038174,
    "userAcceleration" : [
      0.025852782651782036,
      0.019608497619628906,
      0.030748367309570312
    ],
    "rotationMatrix" : [
      0.538690984249115,
      -0.601544976234436,
      0.5898774862289429,
      0.8424506187438965,
      0.3924328088760376,
      -0.3691520690917969,
      -0.009425580501556396,
      0.6958016157150269,
      0.7181721329689026
    ]
  },
  {
    "gravity" : [
      0.009888571687042713,
      -0.6958805918693542,
      -0.7180893421173096
    ],
    "timestamp" : 235166048192,
    "userAcceleration" : [
      0.01821816898882389,
      0.0186193585395813,
      0.03057408332824707
    ],
    "rotationMatrix" : [
      0.5418394804000854,
      -0.5998294949531555,
      0.5887397527694702,
      0.8404237627983093,
      0.3949109613895416,
      -0.3711240887641907,
      -0.009888559579849243,
      0.6958805918693542,
      0.7180893421173096
    ]
  },
  {
    "gravity" : [
      0.01019352301955223,
      -0.6959178447723389,
      -0.7180490493774414
    ],
    "timestamp" : 235166058211,
    "userAcceleration" : [
      0.011489258147776127,
      0.017817318439483643,
      0.027436256408691406
    ],
    "rotationMatrix" : [
      0.5448739528656006,
      -0.5982494354248047,
      0.5875456929206848,
      0.8384559154510498,
      0.3972353935241699,
      -0.3730892241001129,
      -0.01019352674484253,
      0.6959178447723389,
      0.7180490493774414
    ]
  },
  {
    "gravity" : [
      0.010302725248038769,
      -0.695968508720398,
      -0.7179983258247375
    ],
    "timestamp" : 235166068229,
    "userAcceleration" : [
      0.0053833527490496635,
      0.0197906494140625,
      0.024120092391967773
    ],
    "rotationMatrix" : [
      0.5481623411178589,
      -0.5966008305549622,
      0.5861615538597107,
      0.8363084197044373,
      0.3996187448501587,
      -0.37535712122917175,
      -0.010302722454071045,
      0.695968508720398,
      0.7179983258247375
    ]
  },
  {
    "gravity" : [
      0.010212765075266361,
      -0.6961172819137573,
      -0.7178554534912109
    ],
    "timestamp" : 235166078247,
    "userAcceleration" : [
      0.004161066375672817,
      0.0157889723777771,
      0.017187058925628662
    ],
    "rotationMatrix" : [
      0.5513272285461426,
      -0.5949965715408325,
      0.5848224759101868,
      0.8342266082763672,
      0.40174588561058044,
      -0.37771186232566833,
      -0.01021277904510498,
      0.6961172819137573,
      0.7178554534912109
    ]
  },
  {
    "gravity" : [
      0.010096254758536816,
      -0.6964078545570374,
      -0.717575192451477
    ],
    "timestamp" : 235166088265,
    "userAcceleration" : [
      0.0010732300579547882,
      0.009426772594451904,
      0.00798046588897705
    ],
    "rotationMatrix" : [
      0.5545246601104736,
      -0.5932602286338806,
      0.5835621356964111,
      0.8321060538291931,
      0.4038049280643463,
      -0.38018566370010376,
      -0.010096251964569092,
      0.6964078545570374,
      0.717575192451477
    ]
  },
  {
    "gravity" : [
      0.010108024813234806,
      -0.6968024373054504,
      -0.7171919345855713
    ],
    "timestamp" : 235166098284,
    "userAcceleration" : [
      -0.0027837585657835007,
      0.017221808433532715,
      0.006574809551239014
    ],
    "rotationMatrix" : [
      0.557567298412323,
      -0.591452956199646,
      0.5824964642524719,
      0.8300702571868896,
      0.4057706594467163,
      -0.38253581523895264,
      -0.01010805368423462,
      0.6968023777008057,
      0.7171919345855713
    ]
  },
  {
    "gravity" : [
      0.010340859182178974,
      -0.6971970200538635,
      -0.7168050408363342
    ],
    "timestamp" : 235166108302,
    "userAcceleration" : [
      -0.009287952445447445,
      0.0170518159866333,
      0.018364429473876953
    ],
    "rotationMatrix" : [
      0.5604604482650757,
      -0.5896205306053162,
      0.581576943397522,
      0.8281167149543762,
      0.4077548384666443,
      -0.38465413451194763,
      -0.010340839624404907,
      0.6971969604492188,
      0.7168049812316895
    ]
  },
  {
    "gravity" : [
      0.01081207673996687,
      -0.6974724531173706,
      -0.7165300250053406
    ],
    "timestamp" : 235166118320,
    "userAcceleration" : [
      -0.017663219943642616,
      0.01224607229232788,
      0.0337449312210083
    ],
    "rotationMatrix" : [
      0.5631200671195984,
      -0.5878939628601074,
      0.5807549953460693,
      0.8263043165206909,
      0.4097716212272644,
      -0.3864043354988098,
      -0.010812073945999146,
      0.6974723935127258,
      0.7165300250053406
    ]
  },
  {
    "gravity" : [
      0.011361728422343731,
      -0.697580873966217,
      -0.7164159417152405
    ],
    "timestamp" : 235166128338,
    "userAcceleration" : [
      -0.030007928609848022,
      0.005915343761444092,
      0.0539555549621582
    ],
    "rotationMatrix" : [
      0.565758228302002,
      -0.5862714648246765,
      0.5798304080963135,
      0.824492871761322,
      0.4119061231613159,
      -0.388001024723053,
      -0.011361747980117798,
      0.697580873966217,
      0.7164159417152405
    ]
  },
  {
    "gravity" : [
      0.011795294471085072,
      -0.6975394487380981,
      -0.7164493203163147
    ],
    "timestamp" : 235166138356,
    "userAcceleration" : [
      -0.035629481077194214,
      -0.00370866060256958,
      0.06853055953979492
    ],
    "rotationMatrix" : [
      0.5688489079475403,
      -0.5845784544944763,
      0.5785144567489624,
      0.8223574757575989,
      0.4143751263618469,
      -0.38989925384521484,
      -0.011795282363891602,
      0.6975394487380981,
      0.7164493203163147
    ]
  },
  {
    "gravity" : [
      0.011945270001888275,
      -0.6973703503608704,
      -0.716611385345459
    ],
    "timestamp" : 235166148375,
    "userAcceleration" : [
      -0.031354404985904694,
      0.00010478496551513672,
      0.04830688238143921
    ],
    "rotationMatrix" : [
      0.5722130537033081,
      -0.5829507112503052,
      0.5768367648124695,
      0.82001793384552,
      0.41694486141204834,
      -0.39208096265792847,
      -0.011945247650146484,
      0.6973703503608704,
      0.716611385345459
    ]
  },
  {
    "gravity" : [
      0.011867554858326912,
      -0.6970648169517517,
      -0.7169098854064941
    ],
    "timestamp" : 235166158393,
    "userAcceleration" : [
      -0.03127668425440788,
      -0.00020074844360351562,
      0.04860544204711914
    ],
    "rotationMatrix" : [
      0.5762773752212524,
      -0.5811504125595093,
      0.5746029615402222,
      0.8171679973602295,
      0.41995805501937866,
      -0.3948058485984802,
      -0.011867552995681763,
      0.6970648169517517,
      0.7169098854064941
    ]
  },
  {
    "gravity" : [
      0.011757748201489449,
      -0.6965890526771545,
      -0.7173739671707153
    ],
    "timestamp" : 235166168411,
    "userAcceleration" : [
      -0.031166883185505867,
      -0.0006764531135559082,
      0.04906946420669556
    ],
    "rotationMatrix" : [
      0.5804585814476013,
      -0.5794153213500977,
      0.5721412897109985,
      0.8142048120498657,
      0.423132985830307,
      -0.3975284695625305,
      -0.011757761240005493,
      0.6965890526771545,
      0.7173739671707153
    ]
  },
  {
    "gravity" : [
      0.01168880332261324,
      -0.6959236264228821,
      -0.7180206179618835
    ],
    "timestamp" : 235166178429,
    "userAcceleration" : [
      -0.022675085812807083,
      0.00897306203842163,
      0.042269885540008545
    ],
    "rotationMatrix" : [
      0.5836251378059387,
      -0.5783204436302185,
      0.570023775100708,
      0.8119390606880188,
      0.4257178008556366,
      -0.3993986248970032,
      -0.011688798666000366,
      0.6959236264228821,
      0.7180206179618835
    ]
  },
  {
    "gravity" : [
      0.011552113108336926,
      -0.6950791478157043,
      -0.718840479850769
    ],
    "timestamp" : 235166188448,
    "userAcceleration" : [
      -0.02063104510307312,
      0.001750349998474121,
      0.04136538505554199
    ],
    "rotationMatrix" : [
      0.587504506111145,
      -0.5770009756088257,
      0.5673696398735046,
      0.8091384172439575,
      0.4288763403892517,
      -0.4016965627670288,
      -0.011552095413208008,
      0.6950790882110596,
      0.718840479850769
    ]
  },
  {
    "gravity" : [
      0.01117656473070383,
      -0.6941412687301636,
      -0.7197520732879639
    ],
    "timestamp" : 235166198466,
    "userAcceleration" : [
      -0.016852788627147675,
      -0.004512786865234375,
      0.03765362501144409
    ],
    "rotationMatrix" : [
      0.591278612613678,
      -0.5758855938911438,
      0.5645754337310791,
      0.8063899874687195,
      0.4318840205669403,
      -0.40399453043937683,
      -0.01117655634880066,
      0.6941412687301636,
      0.7197520732879639
    ]
  },
  {
    "gravity" : [
      0.010487413965165615,
      -0.6932187080383301,
      -0.7206510305404663
    ],
    "timestamp" : 235166208484,
    "userAcceleration" : [
      -0.018925484269857407,
      -0.016925275325775146,
      0.028100311756134033
    ],
    "rotationMatrix" : [
      0.595366358757019,
      -0.5746957659721375,
      0.5614835023880005,
      0.8033859133720398,
      0.4349398612976074,
      -0.4066920280456543,
      -0.010487407445907593,
      0.6932187080383301,
      0.7206510305404663
    ]
  },
  {
    "gravity" : [
      0.009587110951542854,
      -0.6923649907112122,
      -0.7214837074279785
    ],
    "timestamp" : 235166218502,
    "userAcceleration" : [
      -0.030369536951184273,
      -0.02237182855606079,
      0.01579517126083374
    ],
    "rotationMatrix" : [
      0.600560188293457,
      -0.5729084014892578,
      0.5577664375305176,
      0.7995220422744751,
      0.438641756772995,
      -0.41031426191329956,
      -0.009587109088897705,
      0.6923649907112122,
      0.7214837074279785
    ]
  },
  {
    "gravity" : [
      0.008679578080773354,
      -0.6915847063064575,
      -0.7222431302070618
    ],
    "timestamp" : 235166228521,
    "userAcceleration" : [
      -0.03152193874120712,
      -0.02385401725769043,
      0.0027759671211242676
    ],
    "rotationMatrix" : [
      0.6049814820289612,
      -0.5714558362960815,
      0.5544686317443848,
      0.7961921691894531,
      0.44175630807876587,
      -0.4134359359741211,
      -0.008679598569869995,
      0.6915847063064575,
      0.7222431898117065
    ]
  },
  {
    "gravity" : [
      0.007875178940594196,
      -0.6908636689186096,
      -0.7229421138763428
    ],
    "timestamp" : 235166238539,
    "userAcceleration" : [
      -0.03013770282268524,
      -0.02262192964553833,
      -0.001926720142364502
    ],
    "rotationMatrix" : [
      0.6093618273735046,
      -0.5699068307876587,
      0.5512569546699524,
      0.7928531169891357,
      0.4448745846748352,
      -0.41649776697158813,
      -0.007875204086303711,
      0.6908636689186096,
      0.7229421138763428
    ]
  },
  {
    "gravity" : [
      0.0071806637570261955,
      -0.6901817321777344,
      -0.7236005067825317
    ],
    "timestamp" : 235166248557,
    "userAcceleration" : [
      -0.01908247359097004,
      -0.015460968017578125,
      -0.003755509853363037
    ],
    "rotationMatrix" : [
      0.6134734749794006,
      -0.5684037804603577,
      0.5482403039932251,
      0.7896826863288879,
      0.4478464126586914,
      -0.41932666301727295,
      -0.007180660963058472,
      0.6901817321777344,
      0.7236005067825317
    ]
  },
  {
    "gravity" : [
      0.006556270644068718,
      -0.6894997358322144,
      -0.7242562174797058
    ],
    "timestamp" : 235166258575,
    "userAcceleration" : [
      -0.018458085134625435,
      -0.016142845153808594,
      -0.0030997395515441895
    ],
    "rotationMatrix" : [
      0.6176971197128296,
      -0.566778838634491,
      0.5451713800430298,
      0.7863886952400208,
      0.45094525814056396,
      -0.422186017036438,
      -0.006556302309036255,
      0.6894997358322144,
      0.7242562174797058
    ]
  },
  {
    "gravity" : [
      0.005946012679487467,
      -0.6887896060943604,
      -0.7249369025230408
    ],
    "timestamp" : 235166268593,
    "userAcceleration" : [
      -0.01784781739115715,
      -0.016852974891662598,
      -0.002419114112854004
    ],
    "rotationMatrix" : [
      0.6218306422233582,
      -0.5651924014091492,
      0.542110800743103,
      0.7831291556358337,
      0.45401138067245483,
      -0.42494985461235046,
      -0.005946040153503418,
      0.6887896060943604,
      0.7249369025230408
    ]
  },
  {
    "gravity" : [
      0.005458006169646978,
      -0.6880702972412109,
      -0.7256234288215637
    ],
    "timestamp" : 235166278612,
    "userAcceleration" : [
      -0.015147299505770206,
      -0.013971149921417236,
      -0.01129978895187378
    ],
    "rotationMatrix" : [
      0.6249914765357971,
      -0.5641002655029297,
      0.5396076440811157,
      0.7806123495101929,
      0.45645368099212646,
      -0.42695915699005127,
      -0.0054579973220825195,
      0.6880702972412109,
      0.7256234288215637
    ]
  },
  {
    "gravity" : [
      0.005138497333973646,
      -0.6874432563781738,
      -0.726219892501831
    ],
    "timestamp" : 235166288630,
    "userAcceleration" : [
      -0.019634298980236053,
      -0.007884442806243896,
      -0.01598292589187622
    ],
    "rotationMatrix" : [
      0.6283636093139648,
      -0.5627236366271973,
      0.5371230840682983,
      0.7779027223587036,
      0.45909014344215393,
      -0.4290727376937866,
      -0.005138516426086426,
      0.6874432563781738,
      0.7262198328971863
    ]
  },
  {
    "gravity" : [
      0.004920159932225943,
      -0.6869356036186218,
      -0.7267016768455505
    ],
    "timestamp" : 235166298648,
    "userAcceleration" : [
      -0.008612742647528648,
      -0.007842779159545898,
      -0.008436322212219238
    ],
    "rotationMatrix" : [
      0.6315569877624512,
      -0.5613009333610535,
      0.5348617434501648,
      0.7753139138221741,
      0.4615851044654846,
      -0.43107736110687256,
      -0.00492018461227417,
      0.6869356632232666,
      0.7267016768455505
    ]
  },
  {
    "gravity" : [
      0.00449104979634285,
      -0.6865162253379822,
      -0.7271006107330322
    ],
    "timestamp" : 235166308666,
    "userAcceleration" : [
      -0.00818362832069397,
      -0.0014566779136657715,
      0.010746181011199951
    ],
    "rotationMatrix" : [
      0.63465815782547,
      -0.5599433183670044,
      0.532609224319458,
      0.7727799415588379,
      0.46385228633880615,
      -0.43318837881088257,
      -0.004491060972213745,
      0.6865162253379822,
      0.7271006107330322
    ]
  },
  {
    "gravity" : [
      0.0037680501118302345,
      -0.6861786246299744,
      -0.727423369884491
    ],
    "timestamp" : 235166318685,
    "userAcceleration" : [
      -0.0025167777203023434,
      -0.003137052059173584,
      0.013830780982971191
    ],
    "rotationMatrix" : [
      0.637951672077179,
      -0.5585232973098755,
      0.5301597118377686,
      0.7700672149658203,
      0.466058611869812,
      -0.4356442987918854,
      -0.003768056631088257,
      0.6861786842346191,
      0.727423369884491
    ]
  },
  {
    "gravity" : [
      0.0027906850446015596,
      -0.6859344840049744,
      -0.7276579737663269
    ],
    "timestamp" : 235166328703,
    "userAcceleration" : [
      0.00029163435101509094,
      -0.001382291316986084,
      0.01644575595855713
    ],
    "rotationMatrix" : [
      0.6411644816398621,
      -0.5571805834770203,
      0.527691125869751,
      0.7673984169960022,
      0.46802109479904175,
      -0.4382418990135193,
      -0.002790689468383789,
      0.6859344840049744,
      0.7276579737663269
    ]
  },
  {
    "gravity" : [
      0.0016869227401912212,
      -0.68576580286026,
      -0.7278202772140503
    ],
    "timestamp" : 235166338721,
    "userAcceleration" : [
      -0.005440535489469767,
      -0.002405524253845215,
      0.020056605339050293
    ],
    "rotationMatrix" : [
      0.6444587707519531,
      -0.5557745099067688,
      0.5251548290252686,
      0.7646371722221375,
      0.4699360728263855,
      -0.4410102069377899,
      -0.0016869306564331055,
      0.68576580286026,
      0.7278202772140503
    ]
  },
  {
    "gravity" : [
      0.000557010353077203,
      -0.6855776309967041,
      -0.7279993295669556
    ],
    "timestamp" : 235166348739,
    "userAcceleration" : [
      -0.0046310690231621265,
      -0.004821419715881348,
      0.02249389886856079
    ],
    "rotationMatrix" : [
      0.6475836038589478,
      -0.5544840693473816,
      0.5226689577102661,
      0.7619941830635071,
      0.4717315435409546,
      -0.4436599314212799,
      -0.0005570054054260254,
      0.6855775713920593,
      0.7279993295669556
    ]
  },
  {
    "gravity" : [
      -0.00053836137522012,
      -0.6852825284004211,
      -0.7282771468162537
    ],
    "timestamp" : 235166358758,
    "userAcceleration" : [
      -0.0017809269484132528,
      -0.006047368049621582,
      0.029058337211608887
    ],
    "rotationMatrix" : [
      0.6505418419837952,
      -0.5533449649810791,
      0.5201967358589172,
      0.7594702243804932,
      0.4734947085380554,
      -0.4461028277873993,
      0.0005383491516113281,
      0.6852824687957764,
      0.7282771468162537
    ]
  },
  {
    "gravity" : [
      -0.0015900395810604095,
      -0.6848538517951965,
      -0.7286787033081055
    ],
    "timestamp" : 235166368776,
    "userAcceleration" : [
      -0.002468758262693882,
      -0.003988802433013916,
      0.03443431854248047
    ],
    "rotationMatrix" : [
      0.6534114480018616,
      -0.5523236989974976,
      0.5176794528961182,
      0.7570012807846069,
      0.47530388832092285,
      -0.448369562625885,
      0.001590043306350708,
      0.6848538517951965,
      0.7286787033081055
    ]
  },
  {
    "gravity" : [
      -0.002699801465496421,
      -0.6843287348747253,
      -0.7291685938835144
    ],
    "timestamp" : 235166378794,
    "userAcceleration" : [
      -0.0037088501267135143,
      -0.007886111736297607,
      0.04211103916168213
    ],
    "rotationMatrix" : [
      0.6562036871910095,
      -0.5514316558837891,
      0.5150920152664185,
      0.7545789480209351,
      0.4770925045013428,
      -0.45054784417152405,
      0.0026997923851013184,
      0.6843287944793701,
      0.7291685938835144
    ]
  },
  {
    "gravity" : [
      -0.003940327558666468,
      -0.6837552189826965,
      -0.7297008633613586
    ],
    "timestamp" : 235166388812,
    "userAcceleration" : [
      -0.006054131779819727,
      -0.016302645206451416,
      0.04458117485046387
    ],
    "rotationMatrix" : [
      0.6590250730514526,
      -0.5505999326705933,
      0.5123726725578308,
      0.7521107196807861,
      0.4788722097873688,
      -0.4527813792228699,
      0.0039403438568115234,
      0.6837552189826965,
      0.7297008037567139
    ]
  },
  {
    "gravity" : [
      -0.00542619451880455,
      -0.6831780076026917,
      -0.7302317023277283
    ],
    "timestamp" : 235166398830,
    "userAcceleration" : [
      -0.008596587926149368,
      -0.0237615704536438,
      0.048056960105895996
    ],
    "rotationMatrix" : [
      0.6620597243309021,
      -0.5497291088104248,
      0.5093867778778076,
      0.7494314908981323,
      0.480692982673645,
      -0.4552876055240631,
      0.005426168441772461,
      0.6831780672073364,
      0.7302317023277283
    ]
  },
  {
    "gravity" : [
      -0.0072363875806331635,
      -0.6826416254043579,
      -0.7307175397872925
    ],
    "timestamp" : 235166408849,
    "userAcceleration" : [
      -0.009136244654655457,
      -0.033499062061309814,
      0.04378199577331543
    ],
    "rotationMatrix" : [
      0.665360152721405,
      -0.548786997795105,
      0.5060915946960449,
      0.7464874982833862,
      0.48252803087234497,
      -0.45817384123802185,
      0.007236376404762268,
      0.6826416254043579,
      0.7307175397872925
    ]
  },
  {
    "gravity" : [
      -0.009281805716454983,
      -0.682201623916626,
      -0.7311051487922668
    ],
    "timestamp" : 235166418867,
    "userAcceleration" : [
      -0.007014540024101734,
      -0.04436075687408447,
      0.03722691535949707
    ],
    "rotationMatrix" : [
      0.6688258051872253,
      -0.5477574467658997,
      0.502626895904541,
      0.7433611750602722,
      0.48431670665740967,
      -0.4613582491874695,
      0.00928179919719696,
      0.6822016835212708,
      0.7311051487922668
    ]
  },
  {
    "gravity" : [
      -0.011449294164776802,
      -0.6818258166313171,
      -0.7314249277114868
    ],
    "timestamp" : 235166428885,
    "userAcceleration" : [
      -0.00019312184303998947,
      -0.04403465986251831,
      0.03341156244277954
    ],
    "rotationMatrix" : [
      0.6723267436027527,
      -0.5466959476470947,
      0.4990994930267334,
      0.7401659488677979,
      0.48604220151901245,
      -0.46466901898384094,
      0.011449292302131653,
      0.6818258762359619,
      0.7314249277114868
    ]
  },
  {
    "gravity" : [
      -0.013618606142699718,
      -0.6813651919364929,
      -0.7318168878555298
    ],
    "timestamp" : 235166438903,
    "userAcceleration" : [
      0.014991946518421173,
      -0.03700321912765503,
      0.02797466516494751
    ],
    "rotationMatrix" : [
      0.6760216355323792,
      -0.5455445051193237,
      0.4953542947769165,
      0.7367558479309082,
      0.4879780113697052,
      -0.468047171831131,
      0.013618603348731995,
      0.6813651919364929,
      0.7318168878555298
    ]
  },
  {
    "gravity" : [
      -0.015778126195073128,
      -0.6807146668434143,
      -0.7323787212371826
    ],
    "timestamp" : 235166448922,
    "userAcceleration" : [
      0.02796994149684906,
      -0.03232842683792114,
      0.024737060070037842
    ],
    "rotationMatrix" : [
      0.6795868277549744,
      -0.5445796847343445,
      0.49152278900146484,
      0.7334253191947937,
      0.48995959758758545,
      -0.47119709849357605,
      0.01577812433242798,
      0.6807146072387695,
      0.7323787212371826
    ]
  },
  {
    "gravity" : [
      -0.01800381951034069,
      -0.6798966526985168,
      -0.7330869436264038
    ],
    "timestamp" : 235166458940,
    "userAcceleration" : [
      0.036512769758701324,
      -0.03520643711090088,
      0.014581024646759033
    ],
    "rotationMatrix" : [
      0.6829777359962463,
      -0.5438492298126221,
      0.4876161217689514,
      0.7302173376083374,
      0.4919030964374542,
      -0.4741456210613251,
      0.018003806471824646,
      0.6798966526985168,
      0.7330869436264038
    ]
  },
  {
    "gravity" : [
      -0.020224418491125107,
      -0.679000735282898,
      -0.7338589429855347
    ],
    "timestamp" : 235166468958,
    "userAcceleration" : [
      0.03603257238864899,
      -0.036636412143707275,
      0.0004146695137023926
    ],
    "rotationMatrix" : [
      0.6862850189208984,
      -0.5431996583938599,
      0.4836805760860443,
      0.7270513772964478,
      0.49385425448417664,
      -0.47697389125823975,
      0.020224422216415405,
      0.679000735282898,
      0.7338589429855347
    ]
  },
  {
    "gravity" : [
      -0.02242235466837883,
      -0.6781337857246399,
      -0.734596312046051
    ],
    "timestamp" : 235166478976,
    "userAcceleration" : [
      0.02913627028465271,
      -0.04005151987075806,
      -0.010963380336761475
    ],
    "rotationMatrix" : [
      0.689374566078186,
      -0.542645275592804,
      0.4798945188522339,
      0.7240579724311829,
      0.4956516623497009,
      -0.47965556383132935,
      0.022422373294830322,
      0.6781337857246399,
      0.734596312046051
    ]
  },
  {
    "gravity" : [
      -0.024595417082309723,
      -0.677431583404541,
      -0.7351744771003723
    ],
    "timestamp" : 235166488994,
    "userAcceleration" : [
      0.020551878958940506,
      -0.04833739995956421,
      -0.02152419090270996
    ],
    "rotationMatrix" : [
      0.6923381090164185,
      -0.5420373678207397,
      0.47630175948143005,
      0.7211538553237915,
      0.4972744882106781,
      -0.48234331607818604,
      0.024595409631729126,
      0.677431583404541,
      0.7351744771003723
    ]
  },
  {
    "gravity" : [
      -0.02677224576473236,
      -0.6770412921905518,
      -0.7354578375816345
    ],
    "timestamp" : 235166499013,
    "userAcceleration" : [
      0.014763625338673592,
      -0.05687582492828369,
      -0.027191758155822754
    ],
    "rotationMatrix" : [
      0.6953861713409424,
      -0.5411520600318909,
      0.4728555679321289,
      0.7181373238563538,
      0.4987678527832031,
      -0.48529303073883057,
      0.02677224576473236,
      0.6770412921905518,
      0.7354578375816345
    ]
  },
  {
    "gravity" : [
      -0.028843099251389503,
      -0.6770310401916504,
      -0.735388994216919
    ],
    "timestamp" : 235166509031,
    "userAcceleration" : [
      0.014881357550621033,
      -0.061677396297454834,
      -0.032768964767456055
    ],
    "rotationMatrix" : [
      0.6984310746192932,
      -0.539961576461792,
      0.4697185456752777,
      0.7150958776473999,
      0.5000703930854797,
      -0.48843368887901306,
      0.02884310483932495,
      0.6770310401916504,
      0.735388994216919
    ]
  },
  {
    "gravity" : [
      -0.030662447214126587,
      -0.6773154139518738,
      -0.7350534796714783
    ],
    "timestamp" : 235166519049,
    "userAcceleration" : [
      0.018989523872733116,
      -0.05722731351852417,
      -0.030068039894104004
    ],
    "rotationMatrix" : [
      0.7015693783760071,
      -0.5383912324905396,
      0.4668353199958801,
      0.711941123008728,
      0.5013766884803772,
      -0.49169212579727173,
      0.030662432312965393,
      0.6773154139518738,
      0.7350534796714783
    ]
  },
  {
    "gravity" : [
      -0.0322052501142025,
      -0.6776626706123352,
      -0.7346673011779785
    ],
    "timestamp" : 235166529067,
    "userAcceleration" : [
      0.03017587959766388,
      -0.050150930881500244,
      -0.019223690032958984
    ],
    "rotationMatrix" : [
      0.70448237657547,
      -0.5368035435676575,
      0.4642697274684906,
      0.7089902758598328,
      0.5026082992553711,
      -0.4946892261505127,
      0.0322052538394928,
      0.6776626110076904,
      0.7346673011779785
    ]
  },
  {
    "gravity" : [
      -0.03354799374938011,
      -0.6778769493103027,
      -0.7344094514846802
    ],
    "timestamp" : 235166539086,
    "userAcceleration" : [
      0.04746405407786369,
      -0.042917609214782715,
      -0.007305026054382324
    ],
    "rotationMatrix" : [
      0.7073254585266113,
      -0.5352481603622437,
      0.4617357850074768,
      0.7060914039611816,
      0.5039762258529663,
      -0.4974360764026642,
      0.033547982573509216,
      0.6778769493103027,
      0.7344094514846802
    ]
  },
  {
    "gravity" : [
      -0.03480258956551552,
      -0.6778671145439148,
      -0.7343601584434509
    ],
    "timestamp" : 235166549104,
    "userAcceleration" : [
      0.0365116260945797,
      -0.039738357067108154,
      -0.012664377689361572
    ],
    "rotationMatrix" : [
      0.7099514603614807,
      -0.5339371562004089,
      0.4592166543006897,
      0.7033900618553162,
      0.5053781270980835,
      -0.4998350739479065,
      0.03480258584022522,
      0.6778671145439148,
