[
  {
    "gravity" : [
      0.016894327476620674,
      -0.9744625687599182,
      0.22391365468502045
    ],
    "timestamp" : 235125718272,
    "userAcceleration" : [
      -0.004870455712080002,
      -0.019556045532226562,
      0.025491148233413696
    ],
    "rotationMatrix" : [
      0.7228299975395203,
      -0.14282479882240295,
      -0.6761049032211304,
      -0.6908193826675415,
      -0.17327386140823364,
      -0.7019578218460083,
      -0.01689431071281433,
      0.9744625091552734,
      -0.22391366958618164
    ]
  },
  {
    "gravity" : [
      0.0177568718791008,
      -0.9742414355278015,
      0.22480586171150208
    ],
    "timestamp" : 235125728290,
    "userAcceleration" : [
      0.015125762671232224,
      -0.03090047836303711,
      0.021928489208221436
    ],
    "rotationMatrix" : [
      0.7206454277038574,
      -0.14338624477386475,
      -0.6783143877983093,
      -0.6930763125419617,
      -0.17405003309249878,
      -0.6995364427566528,
      -0.017756879329681396,
      0.9742414951324463,
      -0.22480592131614685
    ]
  },
  {
    "gravity" : [
      0.01837245374917984,
      -0.9741242527961731,
      0.22526486217975616
    ],
    "timestamp" : 235125738308,
    "userAcceleration" : [
      0.03294282406568527,
      -0.049023211002349854,
      -0.003005504608154297
    ],
    "rotationMatrix" : [
      0.718633770942688,
      -0.14377912878990173,
      -0.6803624629974365,
      -0.6951459646224976,
      -0.17438280582427979,
      -0.697396993637085,
      -0.018372416496276855,
      0.9741243124008179,
      -0.22526481747627258
    ]
  },
  {
    "gravity" : [
      0.01874375157058239,
      -0.9740212559700012,
      0.2256791591644287
    ],
    "timestamp" : 235125748326,
    "userAcceleration" : [
      0.044122401624917984,
      -0.0644766092300415,
      -0.03279292583465576
    ],
    "rotationMatrix" : [
      0.7166123390197754,
      -0.1443156599998474,
      -0.6823780536651611,
      -0.6972197890281677,
      -0.1745147854089737,
      -0.6952905654907227,
      -0.018743783235549927,
      0.974021315574646,
      -0.2256791740655899
    ]
  },
  {
    "gravity" : [
      0.01901310123503208,
      -0.9738069176673889,
      0.22657962143421173
    ],
    "timestamp" : 235125758343,
    "userAcceleration" : [
      0.032546304166316986,
      -0.07978183031082153,
      -0.09271444380283356
    ],
    "rotationMatrix" : [
      0.7153121829032898,
      -0.14508482813835144,
      -0.6835779547691345,
      -0.698546290397644,
      -0.1750720590353012,
      -0.6938173770904541,
      -0.01901310682296753,
      0.9738068580627441,
      -0.22657962143421173
    ]
  },
  {
    "gravity" : [
      0.019285334274172783,
      -0.9733498096466064,
      0.22851279377937317
    ],
    "timestamp" : 235125768361,
    "userAcceleration" : [
      0.03227405622601509,
      -0.08023899793624878,
      -0.09464764595031738
    ],
    "rotationMatrix" : [
      0.7141354084014893,
      -0.14654922485351562,
      -0.6844953298568726,
      -0.6997418403625488,
      -0.17638972401618958,
      -0.6922772526741028,
      -0.019285351037979126,
      0.9733497500419617,
      -0.2285127341747284
    ]
  },
  {
    "gravity" : [
      0.019554441794753075,
      -0.9725714325904846,
      0.2317807376384735
    ],
    "timestamp" : 235125778379,
    "userAcceleration" : [
      0.030570633709430695,
      -0.0653923749923706,
      -0.10922229290008545
    ],
    "rotationMatrix" : [
      0.7141854763031006,
      -0.14864754676818848,
      -0.683990478515625,
      -0.6996833086013794,
      -0.1789095252752304,
      -0.691689670085907,
      -0.019554436206817627,
      0.9725714325904846,
      -0.2317807972431183
    ]
  },
  {
    "gravity" : [
      0.019743481650948524,
      -0.9714782238006592,
      0.23630522191524506
    ],
    "timestamp" : 235125788397,
    "userAcceleration" : [
      0.02588026598095894,
      -0.048678576946258545,
      -0.0981827974319458
    ],
    "rotationMatrix" : [
      0.7144451141357422,
      -0.1516307294368744,
      -0.6830638647079468,
      -0.6994128227233887,
      -0.18231317400932312,
      -0.6910741329193115,
      -0.01974347233772278,
      0.9714782238006592,
      -0.23630525171756744
    ]
  },
  {
    "gravity" : [
      0.019799653440713882,
      -0.9701577425003052,
      0.24166490137577057
    ],
    "timestamp" : 235125798414,
    "userAcceleration" : [
      0.027929794043302536,
      -0.03676968812942505,
      -0.06348812580108643
    ],
    "rotationMatrix" : [
      0.7150651812553406,
      -0.1551952362060547,
      -0.6816129684448242,
      -0.6987773180007935,
      -0.18630191683769226,
      -0.6906532049179077,
      -0.01979967951774597,
      0.9701577425003052,
      -0.24166497588157654
    ]
  },
  {
    "gravity" : [
      0.019724102690815926,
      -0.9687333703041077,
      0.2473183572292328
    ],
    "timestamp" : 235125808432,
    "userAcceleration" : [
      0.03674861416220665,
      -0.03444033861160278,
      -0.022892266511917114
    ],
    "rotationMatrix" : [
      0.7155408263206482,
      -0.15909036993980408,
      -0.6802142858505249,
      -0.6982923746109009,
      -0.1903829425573349,
      -0.6900302171707153,
      -0.019724100828170776,
      0.9687333106994629,
      -0.2473183423280716
    ]
  },
  {
    "gravity" : [
      0.0195845328271389,
      -0.9673227071762085,
      0.25279101729393005
    ],
    "timestamp" : 235125818450,
    "userAcceleration" : [
      0.03989417478442192,
      -0.031578660011291504,
      0.012254029512405396
    ],
    "rotationMatrix" : [
      0.715867280960083,
      -0.16293907165527344,
      -0.6789586544036865,
      -0.6979616284370422,
      -0.19426192343235016,
      -0.6892836689949036,
      -0.019584566354751587,
      0.9673227667808533,
      -0.25279098749160767
    ]
  },
  {
    "gravity" : [
      0.01945309340953827,
      -0.965997040271759,
      0.2578195333480835
    ],
    "timestamp" : 235125828467,
    "userAcceleration" : [
      0.040925875306129456,
      -0.02351999282836914,
      0.037804096937179565
    ],
    "rotationMatrix" : [
      0.7158834934234619,
      -0.16655534505844116,
      -0.6780634522438049,
      -0.6979486346244812,
      -0.19775919616222382,
      -0.6883012652397156,
      -0.019453108310699463,
      0.965997040271759,
      -0.25781959295272827
    ]
  },
  {
    "gravity" : [
      0.019352473318576813,
      -0.9647628664970398,
      0.2624083459377289
    ],
    "timestamp" : 235125838485,
    "userAcceleration" : [
      0.0440477579832077,
      -0.01723182201385498,
      0.04447630047798157
    ],
    "rotationMatrix" : [
      0.7153485417366028,
      -0.169999897480011,
      -0.6777732372283936,
      -0.6984997987747192,
      -0.20082992315292358,
      -0.6868517994880676,
      -0.019352465867996216,
      0.9647628664970398,
      -0.2624082565307617
    ]
  },
  {
    "gravity" : [
      0.019296593964099884,
      -0.9635974764823914,
      0.2666603624820709
    ],
    "timestamp" : 235125848503,
    "userAcceleration" : [
      0.03354456275701523,
      -0.003565669059753418,
      0.03212180733680725
    ],
    "rotationMatrix" : [
      0.7143504023551941,
      -0.1733165681362152,
      -0.6779859066009521,
      -0.6995221376419067,
      -0.20357173681259155,
      -0.6850018501281738,
      -0.019296616315841675,
      0.9635974168777466,
      -0.26666033267974854
    ]
  },
  {
    "gravity" : [
      0.01928246207535267,
      -0.9624741077423096,
      0.2706875503063202
    ],
    "timestamp" : 235125858521,
    "userAcceleration" : [
      0.011936966329813004,
      0.005259811878204346,
      0.013644576072692871
    ],
    "rotationMatrix" : [
      0.7129873633384705,
      -0.17656150460243225,
      -0.6785831451416016,
      -0.7009117603302002,
      -0.20608150959014893,
      -0.682827353477478,
      -0.01928246021270752,
      0.9624741077423096,
      -0.2706875205039978
    ]
  },
  {
    "gravity" : [
      0.019272061064839363,
      -0.9613414406776428,
      0.2746836245059967
    ],
    "timestamp" : 235125868538,
    "userAcceleration" : [
      -0.001388799399137497,
      0.008048653602600098,
      -0.002970457077026367
    ],
    "rotationMatrix" : [
      0.7113609313964844,
      -0.1798698902130127,
      -0.6794206500053406,
      -0.7025625705718994,
      -0.20849305391311646,
      -0.6803942322731018,
      -0.0192720890045166,
      0.9613414406776428,
      -0.2746836543083191
    ]
  },
  {
    "gravity" : [
      0.01928085647523403,
      -0.9601588845252991,
      0.2787884771823883
    ],
    "timestamp" : 235125878556,
    "userAcceleration" : [
      -0.01343679241836071,
      0.004104256629943848,
      -0.01723778247833252
    ],
    "rotationMatrix" : [
      0.7097129821777344,
      -0.18325990438461304,
      -0.6802376508712769,
      -0.7042270302772522,
      -0.21097540855407715,
      -0.6779038310050964,
      -0.019280850887298584,
      0.9601588845252991,
      -0.27878856658935547
    ]
  },
  {
    "gravity" : [
      0.01931033469736576,
      -0.9589342474937439,
      0.2829699218273163
    ],
    "timestamp" : 235125888574,
    "userAcceleration" : [
      -0.02193489857017994,
      0.009639322757720947,
      -0.02228894829750061
    ],
    "rotationMatrix" : [
      0.7080796957015991,
      -0.18669748306274414,
      -0.681004524230957,
      -0.7058684229850769,
      -0.21351566910743713,
      -0.6753965616226196,
      -0.019310355186462402,
      0.9589341878890991,
      -0.28296995162963867
    ]
  },
  {
    "gravity" : [
      0.019407136365771294,
      -0.9577133655548096,
      0.28706860542297363
    ],
    "timestamp" : 235125898592,
    "userAcceleration" : [
      -0.023466013371944427,
      0.023295700550079346,
      -0.013997435569763184
    ],
    "rotationMatrix" : [
      0.7067001461982727,
      -0.1899648904800415,
      -0.681533694267273,
      -0.7072468996047974,
      -0.21609801054000854,
      -0.6731294393539429,
      -0.019407153129577637,
      0.9577133655548096,
      -0.28706860542297363
    ]
  },
  {
    "gravity" : [
      0.019574468955397606,
      -0.9565144181251526,
      0.29102665185928345
    ],
    "timestamp" : 235125908608,
    "userAcceleration" : [
      -0.023099303245544434,
      0.03213721513748169,
      -0.008418858051300049
    ],
    "rotationMatrix" : [
      0.7051715850830078,
      -0.19314095377922058,
      -0.682223916053772,
      -0.7087663412094116,
      -0.2185778021812439,
      -0.6707261204719543,
      -0.019574493169784546,
      0.9565144181251526,
      -0.29102662205696106
    ]
  },
  {
    "gravity" : [
      0.01989203691482544,
      -0.9553341269493103,
      0.2948569655418396
    ],
    "timestamp" : 235125918626,
    "userAcceleration" : [
      -0.020944928750395775,
      0.034161150455474854,
      0.0006445348262786865
    ],
    "rotationMatrix" : [
      0.7034355401992798,
      -0.1962001621723175,
      -0.6831426620483398,
      -0.7104805707931519,
      -0.22100186347961426,
      -0.668113112449646,
      -0.019892007112503052,
      0.9553340673446655,
      -0.2948569059371948
    ]
  },
  {
    "gravity" : [
      0.02026289515197277,
      -0.9542087316513062,
      0.29845431447029114
    ],
    "timestamp" : 235125928644,
    "userAcceleration" : [
      -0.02101062797009945,
      0.05204814672470093,
      -0.008278131484985352
    ],
    "rotationMatrix" : [
      0.7014296650886536,
      -0.19915363192558289,
      -0.684349536895752,
      -0.7124506235122681,
      -0.22321152687072754,
      -0.6652748584747314,
      -0.020262867212295532,
      0.9542087316513062,
      -0.29845425486564636
    ]
  },
  {
    "gravity" : [
      0.02052103541791439,
      -0.9531631469726562,
      0.30175989866256714
    ],
    "timestamp" : 235125938661,
    "userAcceleration" : [
      -0.011045379564166069,
      0.062019288539886475,
      -0.015123695135116577
    ],
    "rotationMatrix" : [
      0.6998384594917297,
      -0.2018546760082245,
      -0.6851866841316223,
      -0.7140063047409058,
      -0.22524398565292358,
      -0.662917971611023,
      -0.020521044731140137,
      0.9531631469726562,
      -0.3017599582672119
    ]
  },
  {
    "gravity" : [
      0.020544258877635002,
      -0.952186644077301,
      0.3048252761363983
    ],
    "timestamp" : 235125948679,
    "userAcceleration" : [
      0.00043652765452861786,
      0.0577164888381958,
      -0.017456650733947754
    ],
    "rotationMatrix" : [
      0.6981568932533264,
      -0.2045772671699524,
      -0.6860941052436829,
      -0.7156499624252319,
      -0.22691109776496887,
      -0.6605727672576904,
      -0.020544230937957764,
      0.9521865844726562,
      -0.3048252463340759
    ]
  },
  {
    "gravity" : [
      0.020306536927819252,
      -0.9512374401092529,
      0.3077903091907501
    ],
    "timestamp" : 235125958697,
    "userAcceleration" : [
      -7.341988384723663e-05,
      0.0632675290107727,
      -0.019307732582092285
    ],
    "rotationMatrix" : [
      0.6966678500175476,
      -0.2073468565940857,
      -0.6867759227752686,
      -0.7171064019203186,
      -0.22837361693382263,
      -0.658486008644104,
      -0.020306497812271118,
      0.9512374401092529,
      -0.30779027938842773
    ]
  },
  {
    "gravity" : [
      0.01992868259549141,
      -0.950287938117981,
      0.3107343018054962
    ],
    "timestamp" : 235125968715,
    "userAcceleration" : [
      -0.011658458039164543,
      0.07248026132583618,
      -0.008167952299118042
    ],
    "rotationMatrix" : [
      0.6951249241828918,
      -0.21021679043769836,
      -0.687466561794281,
      -0.7186126708984375,
      -0.2296994924545288,
      -0.6563794612884521,
      -0.019928693771362305,
      0.950287938117981,
      -0.3107343316078186
    ]
  },
  {
    "gravity" : [
      0.01956252194941044,
      -0.9493429660797119,
      0.31363222002983093
    ],
    "timestamp" : 235125978732,
    "userAcceleration" : [
      -0.017609447240829468,
      0.07661646604537964,
      0.008740097284317017
    ],
    "rotationMatrix" : [
      0.6933102607727051,
      -0.2131381332874298,
      -0.6883989572525024,
      -0.7203736305236816,
      -0.2309112697839737,
      -0.6540197134017944,
      -0.019562512636184692,
      0.9493429660797119,
      -0.3136322498321533
    ]
  },
  {
    "gravity" : [
      0.019198434427380562,
      -0.9484469294548035,
      0.31635379791259766
    ],
    "timestamp" : 235125988750,
    "userAcceleration" : [
      -0.016100948676466942,
      0.08225131034851074,
      0.028296351432800293
    ],
    "rotationMatrix" : [
      0.6913255453109741,
      -0.21599018573760986,
      -0.6895050406455994,
      -0.7222883105278015,
      -0.2319408655166626,
      -0.6515388488769531,
      -0.01919841766357422,
      0.9484468698501587,
      -0.31635379791259766
    ]
  },
  {
    "gravity" : [
      0.01888670213520527,
      -0.9476662278175354,
      0.3187037706375122
    ],
    "timestamp" : 235125998768,
    "userAcceleration" : [
      -0.01720828004181385,
      0.09006118774414062,
      0.04765966534614563
    ],
    "rotationMatrix" : [
      0.6890037655830383,
      -0.21865057945251465,
      -0.6909890174865723,
      -0.7245116233825684,
      -0.2326386421918869,
      -0.6488159894943237,
      -0.018886715173721313,
      0.9476661682128906,
      -0.3187038004398346
    ]
  },
  {
    "gravity" : [
      0.018618501722812653,
      -0.9470784068107605,
      0.32046157121658325
    ],
    "timestamp" : 235126008786,
    "userAcceleration" : [
      -0.013461092486977577,
      0.09664511680603027,
      0.05792570114135742
    ],
    "rotationMatrix" : [
      0.6865176558494568,
      -0.2209065556526184,
      -0.6927436590194702,
      -0.7268747091293335,
      -0.23290036618709564,
      -0.646073043346405,
      -0.018618464469909668,
      0.9470784068107605,
      -0.32046160101890564
    ]
  },
  {
    "gravity" : [
      0.018352100625634193,
      -0.9467166066169739,
      0.32154470682144165
    ],
    "timestamp" : 235126018803,
    "userAcceleration" : [
      -0.007869360968470573,
      0.1013796329498291,
      0.05423334240913391
    ],
    "rotationMatrix" : [
      0.6837940216064453,
      -0.22274354100227356,
      -0.6948460936546326,
      -0.7294442653656006,
      -0.2326221764087677,
      -0.6432713270187378,
      -0.018352091312408447,
      0.9467165470123291,
      -0.3215446472167969
    ]
  },
  {
    "gravity" : [
      0.0181408803910017,
      -0.946566104888916,
      0.3219987750053406
    ],
    "timestamp" : 235126028821,
    "userAcceleration" : [
      -0.015089171007275581,
      0.10333502292633057,
      0.05419120192527771
    ],
    "rotationMatrix" : [
      0.6807414889335632,
      -0.22418391704559326,
      -0.6973754167556763,
      -0.7322990298271179,
      -0.2318488508462906,
      -0.6402998566627502,
      -0.01814088225364685,
      0.9465660452842712,
      -0.3219987750053406
    ]
  },
  {
    "gravity" : [
      0.01807851344347,
      -0.9465809464454651,
      0.3219582140445709
    ],
    "timestamp" : 235126038839,
    "userAcceleration" : [
      -0.029354821890592575,
      0.10368567705154419,
      0.04535108804702759
    ],
    "rotationMatrix" : [
      0.677410364151001,
      -0.22524407505989075,
      -0.700271487236023,
      -0.7353830337524414,
      -0.23075759410858154,
      -0.6371515393257141,
      -0.018078505992889404,
      0.9465809464454651,
      -0.32195818424224854
    ]
  },
  {
    "gravity" : [
      0.018129898235201836,
      -0.9466772079467773,
      0.32167235016822815
    ],
    "timestamp" : 235126048857,
    "userAcceleration" : [
      -0.025911934673786163,
      0.10176771879196167,
      0.011594623327255249
    ],
    "rotationMatrix" : [
      0.6736131906509399,
      -0.22618451714515686,
      -0.7036232948303223,
      -0.7388616800308228,
      -0.22943925857543945,
      -0.6335934996604919,
      -0.01812991499900818,
      0.9466772675514221,
      -0.32167232036590576
    ]
  },
  {
    "gravity" : [
      0.018178710713982582,
      -0.9467832446098328,
      0.3213578462600708
    ],
    "timestamp" : 235126058874,
    "userAcceleration" : [
      -0.02596074901521206,
      0.10187363624572754,
      0.011909127235412598
    ],
    "rotationMatrix" : [
      0.6694690585136414,
      -0.22719866037368774,
      -0.707242488861084,
      -0.7426174283027649,
      -0.2279958426952362,
      -0.629711925983429,
      -0.018178701400756836,
      0.9467832446098328,
      -0.3213578164577484
    ]
  },
  {
    "gravity" : [
      0.01814170554280281,
      -0.9468781352043152,
      0.32107996940612793
    ],
    "timestamp" : 235126068892,
    "userAcceleration" : [
      -0.02552700974047184,
      0.09693318605422974,
      0.018763631582260132
    ],
    "rotationMatrix" : [
      0.6661440134048462,
      -0.22803011536598206,
      -0.7101086378097534,
      -0.7456023693084717,
      -0.22676797211170197,
      -0.6266202926635742,
      -0.018141716718673706,
      0.94687819480896,
      -0.32107990980148315
    ]
  },
  {
    "gravity" : [
      0.0180326197296381,
      -0.947013258934021,
      0.32068783044815063
    ],
    "timestamp" : 235126078910,
    "userAcceleration" : [
      -0.03150618076324463,
      0.09885340929031372,
      0.03948059678077698
    ],
    "rotationMatrix" : [
      0.6624563932418823,
      -0.2289193868637085,
      -0.7132652997970581,
      -0.7488833665847778,
      -0.22530372440814972,
      -0.6232270002365112,
      -0.018032610416412354,
      0.947013258934021,
      -0.32068780064582825
    ]
  },
  {
    "gravity" : [
      0.01794416271150112,
      -0.9472653269767761,
      0.3199478089809418
    ],
    "timestamp" : 235126088927,
    "userAcceleration" : [
      -0.03186022490262985,
      0.10388147830963135,
      0.06391742825508118
    ],
    "rotationMatrix" : [
      0.6586434245109558,
      -0.22955623269081116,
      -0.7165841460227966,
      -0.7522412538528442,
      -0.22359007596969604,
      -0.6197909116744995,
      -0.017944157123565674,
      0.9472652673721313,
      -0.31994783878326416
    ]
  },
  {
    "gravity" : [
      0.017962248995900154,
      -0.9477217793464661,
      0.3185921311378479
    ],
    "timestamp" : 235126098945,
    "userAcceleration" : [
      -0.023913219571113586,
      0.10070633888244629,
      0.08843591809272766
    ],
    "rotationMatrix" : [
      0.6545675992965698,
      -0.22971999645233154,
      -0.7202568650245667,
      -0.7557900547981262,
      -0.22147753834724426,
      -0.6162216663360596,
      -0.017962276935577393,
      0.9477217197418213,
      -0.3185921311378479
    ]
  },
  {
    "gravity" : [
      0.018011055886745453,
      -0.9483895301818848,
      0.3165957033634186
    ],
    "timestamp" : 235126108963,
    "userAcceleration" : [
      -0.016225818544626236,
      0.10004669427871704,
      0.09095120429992676
    ],
    "rotationMatrix" : [
      0.6502195596694946,
      -0.22943255305290222,
      -0.7242755889892578,
      -0.7595328092575073,
      -0.2189016342163086,
      -0.6125290393829346,
      -0.01801106333732605,
      0.9483895301818848,
      -0.3165956735610962
    ]
  },
  {
    "gravity" : [
      0.0180536899715662,
      -0.949223518371582,
      0.3140839636325836
    ],
    "timestamp" : 235126118981,
    "userAcceleration" : [
      -0.018099522218108177,
      0.09245771169662476,
      0.07274141907691956
    ],
    "rotationMatrix" : [
      0.6455315947532654,
      -0.2288215458393097,
      -0.7286491394042969,
      -0.7635201215744019,
      -0.21590597927570343,
      -0.6086227297782898,
      -0.018053680658340454,
      0.9492235779762268,
      -0.3140840232372284
    ]
  },
  {
    "gravity" : [
      0.018067965283989906,
      -0.9501757025718689,
      0.31119072437286377
    ],
    "timestamp" : 235126128998,
    "userAcceleration" : [
      -0.02853553183376789,
      0.07982957363128662,
      0.05830064415931702
    ],
    "rotationMatrix" : [
      0.6406000852584839,
      -0.22796612977981567,
      -0.7332550287246704,
      -0.7676620483398438,
      -0.21259716153144836,
      -0.6045637130737305,
      -0.01806795597076416,
      0.9501756429672241,
      -0.311190664768219
    ]
  },
  {
    "gravity" : [
      0.01808471605181694,
      -0.9512308239936829,
      0.3079492151737213
    ],
    "timestamp" : 235126139016,
    "userAcceleration" : [
      -0.03740239143371582,
      0.07116496562957764,
      0.04845023155212402
    ],
    "rotationMatrix" : [
      0.6358720660209656,
      -0.2267436981201172,
      -0.7377356886863708,
      -0.7715825438499451,
      -0.2091580629348755,
      -0.6007605195045471,
      -0.018084704875946045,
      0.9512308239936829,
      -0.3079492449760437
    ]
  },
  {
    "gravity" : [
      0.018102411180734634,
      -0.9523656964302063,
      0.3044202923774719
    ],
    "timestamp" : 235126149034,
    "userAcceleration" : [
      -0.04959661141037941,
      0.045215487480163574,
      0.0141373872756958
    ],
    "rotationMatrix" : [
      0.6314966082572937,
      -0.22516342997550964,
      -0.7419658899307251,
      -0.7751672267913818,
      -0.2056717574596405,
      -0.5973396897315979,
      -0.018102377653121948,
      0.9523656964302063,
      -0.3044203519821167
    ]
  },
  {
    "gravity" : [
      0.01817638985812664,
      -0.9535589218139648,
      0.3006576597690582
    ],
    "timestamp" : 235126159052,
    "userAcceleration" : [
      -0.04967057704925537,
      0.04640859365463257,
      0.017900019884109497
    ],
    "rotationMatrix" : [
      0.6272565722465515,
      -0.22329416871070862,
      -0.7461158633232117,
      -0.7786005735397339,
      -0.20215120911598206,
      -0.5940674543380737,
      -0.018176376819610596,
      0.9535589218139648,
      -0.3006576597690582
    ]
  },
  {
    "gravity" : [
      0.01835579425096512,
      -0.9547742009162903,
      0.29676440358161926
    ],
    "timestamp" : 235126169069,
    "userAcceleration" : [
      -0.0581507533788681,
      0.03239572048187256,
      0.014423251152038574
    ],
    "rotationMatrix" : [
      0.6241031885147095,
      -0.22094720602035522,
      -0.7494515180587769,
      -0.7811263203620911,
      -0.1989683210849762,
      -0.5918219089508057,
      -0.01835578680038452,
      0.9547742605209351,
      -0.2967643737792969
    ]
  },
  {
    "gravity" : [
      0.01871689036488533,
      -0.9559630155563354,
      0.29288971424102783
    ],
    "timestamp" : 235126179087,
    "userAcceleration" : [
      -0.05558216571807861,
      0.027984559535980225,
      0.017779111862182617
    ],
    "rotationMatrix" : [
      0.6213371157646179,
      -0.2183854877948761,
      -0.7524945139884949,
      -0.7833198308944702,
      -0.19606755673885345,
      -0.5898878574371338,
      -0.018716871738433838,
      0.9559630155563354,
      -0.29288965463638306
    ]
  },
  {
    "gravity" : [
      0.01923118345439434,
      -0.9571163058280945,
      0.2890644669532776
    ],
    "timestamp" : 235126189105,
    "userAcceleration" : [
      -0.03316251188516617,
      0.03257113695144653,
      0.03509315848350525
    ],
    "rotationMatrix" : [
      0.6194744110107422,
      -0.21552982926368713,
      -0.7548497915267944,
      -0.7847812175750732,
      -0.19358474016189575,
      -0.5887641906738281,
      -0.019231170415878296,
      0.9571163654327393,
      -0.28906455636024475
    ]
  },
  {
    "gravity" : [
      0.019777188077569008,
      -0.9582527875900269,
      0.28523775935173035
    ],
    "timestamp" : 235126199122,
    "userAcceleration" : [
      0.0012646317481994629,
      0.041290998458862305,
      0.05636066198348999
    ],
    "rotationMatrix" : [
      0.6177822351455688,
      -0.2126007080078125,
      -0.7570641040802002,
      -0.7861005067825317,
      -0.19118748605251312,
      -0.5877869725227356,
      -0.01977720856666565,
      0.9582528471946716,
      -0.28523778915405273
    ]
  },
  {
    "gravity" : [
      0.02020629309117794,
      -0.9593730568885803,
      0.2814159095287323
    ],
    "timestamp" : 235126209140,
    "userAcceleration" : [
      0.032817937433719635,
      0.0420147180557251,
      0.06427180767059326
    ],
    "rotationMatrix" : [
      0.6158600449562073,
      -0.2097891867160797,
      -0.7594108581542969,
      -0.7875963449478149,
      -0.1886577010154724,
      -0.5866004824638367,
      -0.020206302404403687,
      0.9593730568885803,
      -0.2814159393310547
    ]
  },
  {
    "gravity" : [
      0.02054944634437561,
      -0.9604619741439819,
      0.27765214443206787
    ],
    "timestamp" : 235126219158,
    "userAcceleration" : [
      0.03931074216961861,
      0.027249634265899658,
      0.06907323002815247
    ],
    "rotationMatrix" : [
      0.613228440284729,
      -0.2072288990020752,
      -0.7622382044792175,
      -0.7896382808685303,
      -0.1859278380870819,
      -0.5847241878509521,
      -0.020549476146697998,
      0.9604619741439819,
      -0.27765214443206787
    ]
  },
  {
    "gravity" : [
      0.02097618766129017,
      -0.9614822268486023,
      0.2740654945373535
    ],
    "timestamp" : 235126229176,
    "userAcceleration" : [
      0.0336044579744339,
      0.01262974739074707,
      0.07444512844085693
    ],
    "rotationMatrix" : [
      0.6100605726242065,
      -0.20486727356910706,
      -0.7654119729995728,
      -0.7920770645141602,
      -0.1832519769668579,
      -0.5822650790214539,
      -0.02097618579864502,
      0.9614822268486023,
      -0.2740654945373535
    ]
  },
  {
    "gravity" : [
      0.021642055362462997,
      -0.9623939394950867,
      0.27079352736473083
    ],
    "timestamp" : 235126239193,
    "userAcceleration" : [
      0.01587923988699913,
      0.006446242332458496,
      0.07522985339164734
    ],
    "rotationMatrix" : [
      0.6062829494476318,
      -0.2027357816696167,
      -0.7689726948738098,
      -0.7949543595314026,
      -0.18081961572170258,
      -0.5790953636169434,
      -0.021642088890075684,
      0.9623939990997314,
      -0.2707935571670532
    ]
  },
  {
    "gravity" : [
      0.022573495283722878,
      -0.9631989598274231,
      0.2678399085998535
    ],
    "timestamp" : 235126249211,
    "userAcceleration" : [
      -0.00037202052772045135,
      0.00804448127746582,
      0.07616928219795227
    ],
    "rotationMatrix" : [
      0.6015582084655762,
      -0.20089566707611084,
      -0.7731549739837646,
      -0.798509955406189,
      -0.1785740852355957,
      -0.574885368347168,
      -0.022573500871658325,
      0.9631989002227783,
      -0.26783987879753113
    ]
  },
  {
    "gravity" : [
      0.023609980940818787,
      -0.9639453887939453,
      0.2650505304336548
    ],
    "timestamp" : 235126259229,
    "userAcceleration" : [
      -0.0030411817133426666,
      0.008256971836090088,
      0.07801270484924316
    ],
    "rotationMatrix" : [
      0.5965073704719543,
      -0.19917479157447815,
      -0.7775013446807861,
      -0.8022602796554565,
      -0.17646144330501556,
      -0.5702980756759644,
      -0.023609966039657593,
      0.9639453887939453,
      -0.26505059003829956
    ]
  },
  {
    "gravity" : [
      0.02456534095108509,
      -0.9646779298782349,
      0.26228445768356323
    ],
    "timestamp" : 235126269247,
    "userAcceleration" : [
      -0.007506057620048523,
      0.007860243320465088,
      0.07923761010169983
    ],
    "rotationMatrix" : [
      0.5914125442504883,
      -0.19750401377677917,
      -0.7818077802658081,
      -0.8059948682785034,
      -0.17432376742362976,
      -0.5656709671020508,
      -0.024565309286117554,
      0.9646779298782349,
      -0.262284517288208
    ]
  },
  {
    "gravity" : [
      0.02540597878396511,
      -0.9654420018196106,
      0.25937703251838684
    ],
    "timestamp" : 235126279264,
    "userAcceleration" : [
      -0.012558136135339737,
      0.010684192180633545,
      0.08467811346054077
    ],
    "rotationMatrix" : [
      0.5865346193313599,
      -0.19571208953857422,
      -0.7859224081039429,
      -0.8095256090164185,
      -0.17210082709789276,
      -0.5612929463386536,
      -0.025405973196029663,
      0.9654420018196106,
      -0.25937706232070923
    ]
  },
  {
    "gravity" : [
      0.026152731850743294,
      -0.9662840962409973,
      0.2561471462249756
    ],
    "timestamp" : 235126289282,
    "userAcceleration" : [
      -0.011290725320577621,
      0.012884259223937988,
      0.09881800413131714
    ],
    "rotationMatrix" : [
      0.5818264484405518,
      -0.1936490833759308,
      -0.789922833442688,
      -0.8128924369812012,
      -0.16969183087348938,
      -0.5571452379226685,
      -0.026152759790420532,
      0.9662841558456421,
      -0.2561470866203308
    ]
  },
  {
    "gravity" : [
      0.026846030727028847,
      -0.9672455787658691,
      0.25241920351982117
    ],
    "timestamp" : 235126299300,
    "userAcceleration" : [
      0.006891103461384773,
      0.013128697872161865,
      0.09725108742713928
    ],
    "rotationMatrix" : [
      0.5771840810775757,
      -0.19116774201393127,
      -0.7939228415489197,
      -0.81617271900177,
      -0.16700606048107147,
      -0.5531467199325562,
      -0.02684605121612549,
      0.9672455787658691,
      -0.2524191737174988
    ]
  },
  {
    "gravity" : [
      0.027462834492325783,
      -0.9683411717414856,
      0.24811474978923798
    ],
    "timestamp" : 235126309318,
    "userAcceleration" : [
      0.006274299696087837,
      0.014224410057067871,
      0.1015554666519165
    ],
    "rotationMatrix" : [
      0.5723868608474731,
      -0.18825626373291016,
      -0.7980806231498718,
      -0.8195235729217529,
      -0.163935124874115,
      -0.5490956902503967,
      -0.02746284008026123,
      0.9683411717414856,
      -0.24811473488807678
    ]
  },
  {
    "gravity" : [
      0.028010668233036995,
      -0.9695431590080261,
      0.24331369996070862
    ],
    "timestamp" : 235126319335,
    "userAcceleration" : [
      0.0034071356058120728,
      0.015899300575256348,
      0.08925142884254456
    ],
    "rotationMatrix" : [
      0.5677152276039124,
      -0.18491321802139282,
      -0.8021886348724365,
      -0.8227483630180359,
      -0.16060273349285126,
      -0.5452448725700378,
      -0.028010636568069458,
      0.9695431590080261,
      -0.24331369996070862
    ]
  },
  {
    "gravity" : [
      0.028495246544480324,
      -0.9708110094070435,
      0.2381458431482315
    ],
    "timestamp" : 235126329353,
    "userAcceleration" : [
      -0.0030283797532320023,
      0.01886117458343506,
      0.0713631808757782
    ],
    "rotationMatrix" : [
      0.5625232458114624,
      -0.18136367201805115,
      -0.806644082069397,
      -0.8262901306152344,
      -0.15694798529148102,
      -0.5409356951713562,
      -0.02849525213241577,
      0.9708110690116882,
      -0.2381458282470703
    ]
  },
  {
    "gravity" : [
      0.02890196442604065,
      -0.9720820784568787,
      0.23285365104675293
    ],
    "timestamp" : 235126339371,
    "userAcceleration" : [
      -0.015092821791768074,
      0.02799046039581299,
      0.04804524779319763
    ],
    "rotationMatrix" : [
      0.557368278503418,
      -0.177702397108078,
      -0.8110255002975464,
      -0.8297621011734009,
      -0.1532253473997116,
      -0.5366716980934143,
      -0.02890196442604065,
      0.9720820784568787,
      -0.23285359144210815
    ]
  },
  {
    "gravity" : [
      0.029312344267964363,
      -0.9732850790023804,
      0.2277209460735321
    ],
    "timestamp" : 235126349389,
    "userAcceleration" : [
      -0.02967861108481884,
      0.029467999935150146,
      0.026993989944458008
    ],
    "rotationMatrix" : [
      0.552203893661499,
      -0.1741313338279724,
      -0.8153214454650879,
      -0.8331936001777649,
      -0.14964735507965088,
      -0.5323476791381836,
      -0.029312312602996826,
      0.9732850790023804,
      -0.2277209460735321
    ]
  },
  {
    "gravity" : [
      0.029809391126036644,
      -0.9743865132331848,
      0.22289490699768066
    ],
    "timestamp" : 235126359406,
    "userAcceleration" : [
      -0.038125477731227875,
      0.02440488338470459,
      0.010030388832092285
    ],
    "rotationMatrix" : [
      0.5475122332572937,
      -0.17064830660820007,
      -0.8192126750946045,
      -0.8362665176391602,
      -0.14645792543888092,
      -0.5284016132354736,
      -0.029809385538101196,
      0.9743865728378296,
      -0.22289493680000305
    ]
  },
  {
    "gravity" : [
      0.030322127044200897,
      -0.9753872752189636,
      0.21840308606624603
    ],
    "timestamp" : 235126369424,
    "userAcceleration" : [
      -0.02823174186050892,
      0.024627506732940674,
      0.002162560820579529
    ],
    "rotationMatrix" : [
      0.5437439680099487,
      -0.16724756360054016,
      -0.8224175572395325,
      -0.8387031555175781,
      -0.143692746758461,
      -0.5252895951271057,
      -0.030322134494781494,
      0.9753872752189636,
      -0.21840310096740723
    ]
  },
  {
    "gravity" : [
      0.03080524317920208,
      -0.9763006567955017,
      0.21421422064304352
    ],
    "timestamp" : 235126379442,
    "userAcceleration" : [
      -0.007688246667385101,
      0.01951366662979126,
      0.00738893449306488
    ],
    "rotationMatrix" : [
      0.5403882265090942,
      -0.1640259027481079,
      -0.8252732753753662,
      -0.8408516645431519,
      -0.14118148386478424,
      -0.5225284695625305,
      -0.030805259943008423,
      0.9763006567955017,
      -0.21421417593955994
    ]
  },
  {
    "gravity" : [
      0.031244346871972084,
      -0.9771167039871216,
      0.2103961855173111
    ],
    "timestamp" : 235126389459,
    "userAcceleration" : [
      0.011632803827524185,
      0.010228395462036133,
      0.011817440390586853
    ],
    "rotationMatrix" : [
      0.5373615622520447,
      -0.16106826066970825,
      -0.8278282284736633,
      -0.8427730202674866,
      -0.13892371952533722,
      -0.5200324058532715,
      -0.031244337558746338,
      0.9771167039871216,
      -0.2103961706161499
    ]
  },
  {
    "gravity" : [
      0.031641215085983276,
      -0.9778100252151489,
      0.2070905715227127
    ],
    "timestamp" : 235126399477,
    "userAcceleration" : [
      0.019567228853702545,
      0.00713735818862915,
      0.014100700616836548
    ],
    "rotationMatrix" : [
      0.5341281890869141,
      -0.15858569741249084,
      -0.8303960561752319,
      -0.844811201095581,
      -0.13688768446445465,
      -0.5172580480575562,
      -0.031641215085983276,
      0.9778100252151489,
      -0.2070905864238739
    ]
  },
  {
    "gravity" : [
      0.03209618479013443,
      -0.9783475399017334,
      0.20446451008319855
    ],
    "timestamp" : 235126409495,
    "userAcceleration" : [
      -0.004401542246341705,
      0.01116931438446045,
      0.04872453212738037
    ],
    "rotationMatrix" : [
      0.5308470726013184,
      -0.15664491057395935,
      -0.8328647613525391,
      -0.8468595743179321,
      -0.1352711319923401,
      -0.5143252015113831,
      -0.03209620714187622,
      0.9783475995063782,
      -0.20446449518203735
    ]
  },
  {
    "gravity" : [
      0.03283947706222534,
      -0.978744387626648,
      0.20243766903877258
    ],
    "timestamp" : 235126419513,
    "userAcceleration" : [
      -0.005144815891981125,
      0.011565983295440674,
      0.05075123906135559
    ],
    "rotationMatrix" : [
      0.5272722840309143,
      -0.1551019847393036,
      -0.8354204297065735,
      -0.8490614891052246,
      -0.13417451083660126,
      -0.5109713077545166,
      -0.03283947706222534,
      0.978744387626648,
      -0.2024376392364502
    ]
  },
  {
    "gravity" : [
      0.03386086970567703,
      -0.9790666699409485,
      0.20070324838161469
    ],
    "timestamp" : 235126429530,
    "userAcceleration" : [
      -0.007356420159339905,
      0.01576411724090576,
      0.06693577766418457
    ],
    "rotationMatrix" : [
      0.5237506628036499,
      -0.15365108847618103,
      -0.8379000425338745,
      -0.8511983156204224,
      -0.1334904432296753,
      -0.5075840353965759,
      -0.033860862255096436,
      0.9790666699409485,
      -0.2007032334804535
    ]
  },
  {
    "gravity" : [
      0.034924861043691635,
      -0.9793905019760132,
      0.19893403351306915
    ],
    "timestamp" : 235126439548,
    "userAcceleration" : [
      -0.0020269565284252167,
      0.024190247058868408,
      0.07885220646858215
    ],
    "rotationMatrix" : [
      0.5201305150985718,
      -0.1521592140197754,
      -0.8404236435890198,
      -0.8533724546432495,
      -0.1328233927488327,
      -0.5040967464447021,
      -0.034924864768981934,
      0.9793905019760132,
      -0.19893401861190796
    ]
  },
  {
    "gravity" : [
      0.03586624190211296,
      -0.9797928929328918,
      0.196772500872612
    ],
    "timestamp" : 235126449566,
    "userAcceleration" : [
      0.00048012658953666687,
      0.02373826503753662,
      0.08911597728729248
    ],
    "rotationMatrix" : [
      0.5163267254829407,
      -0.15041550993919373,
      -0.8430788516998291,
      -0.8556402921676636,
      -0.1318369358778,
      -0.500498354434967,
      -0.035866230726242065,
      0.9797928929328918,
      -0.1967724859714508
    ]
  },
  {
    "gravity" : [
      0.03663747012615204,
      -0.9803274869918823,
      0.19394785165786743
    ],
    "timestamp" : 235126459584,
    "userAcceleration" : [
      0.001112721860408783,
      0.01978665590286255,
      0.09363451600074768
    ],
    "rotationMatrix" : [
      0.5124325752258301,
