[
  {
    "gravity" : [
      0.013532962650060654,
      -0.773357629776001,
      0.6338254809379578
    ],
    "userAcceleration" : [
      -0.022093141451478004,
      0.03544259071350098,
      0.0016573071479797363
    ],
    "rotationMatrix" : [
      -0.9761280417442322,
      -0.1476399302482605,
      -0.15930026769638062,
      -0.21677404642105103,
      0.6165390610694885,
      0.756894052028656,
      -0.013532958924770355,
      0.7733576893806458,
      -0.6338255405426025
    ],
    "timestamp" : 235145766528
  },
  {
    "gravity" : [
      0.013404025696218014,
      -0.7726854085922241,
      0.6346477270126343
    ],
    "userAcceleration" : [
      -0.011389867402613163,
      0.023860275745391846,
      -0.009617269039154053
    ],
    "rotationMatrix" : [
      -0.9766498804092407,
      -0.14622211456298828,
      -0.15739858150482178,
      -0.21441912651062012,
      0.6177186965942383,
      0.7566030025482178,
      -0.013404019176959991,
      0.7726854085922241,
      -0.6346477270126343
    ],
    "timestamp" : 235145776546
  },
  {
    "gravity" : [
      0.013476568274199963,
      -0.7719693183898926,
      0.635516881942749
    ],
    "userAcceleration" : [
      0.000363154336810112,
      0.025372087955474854,
      -0.015857458114624023
    ],
    "rotationMatrix" : [
      -0.9771280288696289,
      -0.14506416022777557,
      -0.15549033880233765,
      -0.21222449839115143,
      0.61888587474823,
      0.756267786026001,
      -0.013476572930812836,
      0.7719693183898926,
      -0.6355169415473938
    ],
    "timestamp" : 235145786564
  },
  {
    "gravity" : [
      0.013834663666784763,
      -0.7710397839546204,
      0.6366361975669861
    ],
    "userAcceleration" : [
      0.0028889505192637444,
      0.03939634561538696,
      -0.02707827091217041
    ],
    "rotationMatrix" : [
      -0.9776568412780762,
      -0.14399072527885437,
      -0.153143972158432,
      -0.20974987745285034,
      0.6202936172485352,
      0.7558045983314514,
      -0.013834662735462189,
      0.7710397839546204,
      -0.6366362571716309
    ],
    "timestamp" : 235145796582
  },
  {
    "gravity" : [
      0.01427095104008913,
      -0.7697990536689758,
      0.6381264925003052
    ],
    "userAcceleration" : [
      0.009746368043124676,
      0.04999631643295288,
      -0.029697716236114502
    ],
    "rotationMatrix" : [
      -0.9781771898269653,
      -0.14304643869400024,
      -0.15068715810775757,
      -0.20728060603141785,
      0.6220507025718689,
      0.7550414204597473,
      -0.014270946383476257,
      0.7697990536689758,
      -0.6381264925003052
    ],
    "timestamp" : 235145806600
  },
  {
    "gravity" : [
      0.014648117125034332,
      -0.7683112025260925,
      0.6399086713790894
    ],
    "userAcceleration" : [
      0.008911450393497944,
      0.05253678560256958,
      -0.011063575744628906
    ],
    "rotationMatrix" : [
      -0.9787725806236267,
      -0.14185863733291626,
      -0.14791858196258545,
      -0.20442411303520203,
      0.6241586208343506,
      0.754080057144165,
      -0.014648117125034332,
      0.7683111429214478,
      -0.6399086117744446
    ],
    "timestamp" : 235145816617
  },
  {
    "gravity" : [
      0.014955878257751465,
      -0.7667248249053955,
      0.6418012380599976
    ],
    "userAcceleration" : [
      -0.008364100940525532,
      0.04864645004272461,
      0.0028367042541503906
    ],
    "rotationMatrix" : [
      -0.9794279932975769,
      -0.1404166966676712,
      -0.14492452144622803,
      -0.20123688876628876,
      0.6264312267303467,
      0.7530521154403687,
      -0.014955878257751465,
      0.7667248249053955,
      -0.6418011784553528
    ],
    "timestamp" : 235145826635
  },
  {
    "gravity" : [
      0.015137530863285065,
      -0.7651954889297485,
      0.6436197757720947
    ],
    "userAcceleration" : [
      -0.015534267760813236,
      0.035016775131225586,
      0.006206095218658447
    ],
    "rotationMatrix" : [
      -0.9800795316696167,
      -0.13883857429027557,
      -0.14201343059539795,
      -0.1980273276567459,
      0.6286490559577942,
      0.7520542144775391,
      -0.015137530863285065,
      0.7651954889297485,
      -0.6436198353767395
    ],
    "timestamp" : 235145836653
  },
  {
    "gravity" : [
      0.015282606706023216,
      -0.7638872265815735,
      0.6451684236526489
    ],
    "userAcceleration" : [
      -0.02121829241514206,
      0.028398513793945312,
      0.015857398509979248
    ],
    "rotationMatrix" : [
      -0.9807330369949341,
      -0.13712924718856812,
      -0.13913127779960632,
      -0.19475212693214417,
      0.6306121945381165,
      0.7512654662132263,
      -0.015282612293958664,
      0.7638872265815735,
      -0.6451683044433594
    ],
    "timestamp" : 235145846671
  },
  {
    "gravity" : [
      0.015452650375664234,
      -0.7627866864204407,
      0.6464656591415405
    ],
    "userAcceleration" : [
      -0.016169819980859756,
      0.017913639545440674,
      0.002963721752166748
    ],
    "rotationMatrix" : [
      -0.9813812971115112,
      -0.13536398112773895,
      -0.13626229763031006,
      -0.1914472132921219,
      0.6323236227035522,
      0.7506762742996216,
      -0.01545264944434166,
      0.7627866268157959,
      -0.6464655995368958
    ],
    "timestamp" : 235145856689
  },
  {
    "gravity" : [
      0.01570695824921131,
      -0.7618242502212524,
      0.6475933194160461
    ],
    "userAcceleration" : [
      -0.020284617319703102,
      0.010359466075897217,
      -0.016886591911315918
    ],
    "rotationMatrix" : [
      -0.9820579290390015,
      -0.1334826499223709,
      -0.13320888578891754,
      -0.18792422115802765,
      0.6338818073272705,
      0.7502521276473999,
      -0.01570696011185646,
      0.7618242502212524,
      -0.6475933194160461
    ],
    "timestamp" : 235145866707
  },
  {
    "gravity" : [
      0.016052769497036934,
      -0.7608340978622437,
      0.6487478017807007
    ],
    "userAcceleration" : [
      -0.029800960794091225,
      0.013412833213806152,
      -0.04364532232284546
    ],
    "rotationMatrix" : [
      -0.9826998710632324,
      -0.13173528015613556,
      -0.13017946481704712,
      -0.18450795114040375,
      0.6354346871376038,
      0.749786376953125,
      -0.016052771359682083,
      0.7608340978622437,
      -0.6487478017807007
    ],
    "timestamp" : 235145876725
  },
  {
    "gravity" : [
      0.016447490081191063,
      -0.7596461176872253,
      0.6501283049583435
    ],
    "userAcceleration" : [
      -0.023298682644963264,
      0.021120846271514893,
      -0.04964935779571533
    ],
    "rotationMatrix" : [
      -0.9833167791366577,
      -0.13009512424468994,
      -0.1271335929632187,
      -0.18115511536598206,
      0.6371914148330688,
      0.7491126656532288,
      -0.016447484493255615,
      0.7596461176872253,
      -0.6501283645629883
    ],
    "timestamp" : 235145886743
  },
  {
    "gravity" : [
      0.016800617799162865,
      -0.7583479285240173,
      0.6516329646110535
    ],
    "userAcceleration" : [
      -0.021439308300614357,
      0.030305564403533936,
      -0.04080855846405029
    ],
    "rotationMatrix" : [
      -0.9839401245117188,
      -0.12837038934230804,
      -0.12402471899986267,
      -0.177704319357872,
      0.6390846967697144,
      0.7483259439468384,
      -0.016800615936517715,
      0.7583479881286621,
      -0.6516329050064087
    ],
    "timestamp" : 235145896761
  },
  {
    "gravity" : [
      0.017053602263331413,
      -0.7570027112960815,
      0.6531888246536255
    ],
    "userAcceleration" : [
      -0.025842664763331413,
      0.03512483835220337,
      -0.038015663623809814
    ],
    "rotationMatrix" : [
      -0.9844601154327393,
      -0.1269080489873886,
      -0.12137550115585327,
      -0.17477653920650482,
      0.640968918800354,
      0.7474035024642944,
      -0.017053600400686264,
      0.7570027112960815,
      -0.6531888246536255
    ],
    "timestamp" : 235145906779
  },
  {
    "gravity" : [
      0.017171744257211685,
      -0.7556004524230957,
      0.6548072695732117
    ],
    "userAcceleration" : [
      -0.020635513588786125,
      0.038925886154174805,
      -0.018378615379333496
    ],
    "rotationMatrix" : [
      -0.9849843978881836,
      -0.12530353665351868,
      -0.11876088380813599,
      -0.17178547382354736,
      0.642936110496521,
      0.7464065551757812,
      -0.017171744257211685,
      0.7556004524230957,
      -0.6548072099685669
    ],
    "timestamp" : 235145916797
  },
  {
    "gravity" : [
      0.01715085469186306,
      -0.7541908025741577,
      0.6564310789108276
    ],
    "userAcceleration" : [
      -0.02061459794640541,
      0.037516117095947266,
      -0.020002365112304688
    ],
    "rotationMatrix" : [
      -0.9856061339378357,
      -0.12318667024374008,
      -0.11578100919723511,
      -0.1681845635175705,
      0.6449970602989197,
      0.7454479932785034,
      -0.017150860279798508,
      0.7541908025741577,
      -0.6564310789108276
    ],
    "timestamp" : 235145926815
  },
  {
    "gravity" : [
      0.01703604869544506,
      -0.7528018951416016,
      0.6580263376235962
    ],
    "userAcceleration" : [
      -0.01923331804573536,
      0.03803461790084839,
      -0.017386257648468018
    ],
    "rotationMatrix" : [
      -0.9860803484916687,
      -0.12151484191417694,
      -0.1134873479604721,
      -0.16539348661899567,
      0.6469338536262512,
      0.7443933486938477,
      -0.01703605055809021,
      0.7528018951416016,
      -0.6580264568328857
    ],
    "timestamp" : 235145936833
  },
  {
    "gravity" : [
      0.016894934698939323,
      -0.751576840877533,
      0.6594288349151611
    ],
    "userAcceleration" : [
      -0.017978323623538017,
      0.034459710121154785,
      -0.002324521541595459
    ],
    "rotationMatrix" : [
      -0.9866666197776794,
      -0.11930681765079498,
      -0.11069967597723007,
      -0.1618737131357193,
      0.6487665772438049,
      0.7435716390609741,
      -0.016894929111003876,
      0.7515769004821777,
      -0.6594288349151611
    ],
    "timestamp" : 235145946851
  },
  {
    "gravity" : [
      0.016706878319382668,
      -0.750685453414917,
      0.6604484915733337
    ],
    "userAcceleration" : [
      -0.011763030663132668,
      0.03680294752120972,
      0.01455456018447876
    ],
    "rotationMatrix" : [
      -0.9872745275497437,
      -0.11686094850301743,
      -0.10785329341888428,
      -0.1581445336341858,
      0.6502421498298645,
      0.7430850863456726,
      -0.016706880182027817,
      0.7506855130195618,
      -0.6604483723640442
    ],
    "timestamp" : 235145956869
  },
  {
    "gravity" : [
      0.016403499990701675,
      -0.7502464652061462,
      0.6609545946121216
    ],
    "userAcceleration" : [
      -0.013977359980344772,
      0.04361206293106079,
      0.028056025505065918
    ],
    "rotationMatrix" : [
      -0.9878826141357422,
      -0.11419567465782166,
      -0.10510581731796265,
      -0.1543334424495697,
      0.6512215733528137,
      0.7430287003517151,
      -0.016403499990701675,
      0.7502464652061462,
      -0.6609546542167664
    ],
    "timestamp" : 235145966887
  },
  {
    "gravity" : [
      0.016076574102044106,
      -0.7502960562705994,
      0.6609064340591431
    ],
    "userAcceleration" : [
      -0.008096238598227501,
      0.04787302017211914,
      0.033536314964294434
    ],
    "rotationMatrix" : [
      -0.9885088205337524,
      -0.11128996312618256,
      -0.10229674726724625,
      -0.1503051072359085,
      0.6516674160957336,
      0.7434635162353516,
      -0.016076572239398956,
      0.7502959966659546,
      -0.6609063744544983
    ],
    "timestamp" : 235145976905
  },
  {
    "gravity" : [
      0.015851715579628944,
      -0.750681459903717,
      0.6604738235473633
    ],
    "userAcceleration" : [
      -0.001218542456626892,
      0.05332452058792114,
      0.004519402980804443
    ],
    "rotationMatrix" : [
      -0.9890384078025818,
      -0.10875662416219711,
      -0.09987315535545349,
      -0.1468038707971573,
      0.65165114402771,
      0.7441769242286682,
      -0.015851717442274094,
      0.750681459903717,
      -0.6604738831520081
    ],
    "timestamp" : 235145986923
  },
  {
    "gravity" : [
      0.015910997986793518,
      -0.7510327100753784,
      0.6600731015205383
    ],
    "userAcceleration" : [
      -0.01089087687432766,
      0.05051708221435547,
      -0.030938029289245605
    ],
    "rotationMatrix" : [
      -0.9896955490112305,
      -0.10578157752752304,
      -0.09650200605392456,
      -0.14229974150657654,
      0.6517361998558044,
      0.7449769973754883,
      -0.015911001712083817,
      0.7510327100753784,
      -0.6600731015205383
    ],
    "timestamp" : 235145996941
  },
  {
    "gravity" : [
      0.016153758391737938,
      -0.7511288523674011,
      0.659958004951477
    ],
    "userAcceleration" : [
      -0.0021004322916269302,
      0.0487515926361084,
      -0.04089367389678955
    ],
    "rotationMatrix" : [
      -0.9903337955474854,
      -0.10295934975147247,
      -0.09294246137142181,
      -0.13776060938835144,
      0.652077317237854,
      0.745531439781189,
      -0.01615375652909279,
      0.7511287927627563,
      -0.6599579453468323
    ],
    "timestamp" : 235146006959
  },
  {
    "gravity" : [
      0.01649179495871067,
      -0.7509467005729675,
      0.6601568460464478
    ],
    "userAcceleration" : [
      -0.004910372197628021,
      0.050308823585510254,
      -0.02725285291671753
    ],
    "rotationMatrix" : [
      -0.9909787178039551,
      -0.10010161995887756,
      -0.08911210298538208,
      -0.1330012083053589,
      0.6527317762374878,
      0.7458229660987854,
      -0.01649179682135582,
      0.7509467005729675,
      -0.6601569056510925
    ],
    "timestamp" : 235146016977
  },
  {
    "gravity" : [
      0.016918452456593513,
      -0.7506588697433472,
      0.6604733467102051
    ],
    "userAcceleration" : [
      -0.008068365976214409,
      0.05125701427459717,
      -0.0013547539710998535
    ],
    "rotationMatrix" : [
      -0.9917005896568298,
      -0.09680016338825226,
      -0.08461487293243408,
      -0.1274508386850357,
      0.653560221195221,
      0.7460665702819824,
      -0.016918454319238663,
      0.7506588697433472,
      -0.6604733467102051
    ],
    "timestamp" : 235146026995
  },
  {
    "gravity" : [
      0.017433907836675644,
      -0.7505674958229065,
      0.6605638861656189
    ],
    "userAcceleration" : [
      -0.017861152067780495,
      0.059298574924468994,
      0.028538286685943604
    ],
    "rotationMatrix" : [
      -0.992272138595581,
      -0.09416362643241882,
      -0.08080518245697021,
      -0.12285082042217255,
      0.6540501713752747,
      0.7464087605476379,
      -0.017433907836675644,
      0.7505674958229065,
      -0.6605638861656189
    ],
    "timestamp" : 235146037013
  },
  {
    "gravity" : [
      0.017812084406614304,
      -0.7509165406227112,
      0.6601566076278687
    ],
    "userAcceleration" : [
      -0.017430614680051804,
      0.06359976530075073,
      0.05760139226913452
    ],
    "rotationMatrix" : [
      -0.9929244518280029,
      -0.09081428498029709,
      -0.07650893926620483,
      -0.11740349978208542,
      0.6541231274604797,
      0.747221052646637,
      -0.017812084406614304,
      0.7509165406227112,
      -0.6601567268371582
    ],
    "timestamp" : 235146047031
  },
  {
    "gravity" : [
      0.0179111510515213,
      -0.7516293525695801,
      0.6593421101570129
    ],
    "userAcceleration" : [
      -0.021222300827503204,
      0.0681120753288269,
      0.05321258306503296
    ],
    "rotationMatrix" : [
      -0.993553638458252,
      -0.08720826357603073,
      -0.07242459058761597,
      -0.11193656176328659,
      0.653795063495636,
      0.7483462691307068,
      -0.017911149188876152,
      0.7516292929649353,
      -0.6593421697616577
    ],
    "timestamp" : 235146057049
  },
  {
    "gravity" : [
      0.01765732280910015,
      -0.7526319622993469,
      0.6582042574882507
    ],
    "userAcceleration" : [
      -0.011965788900852203,
      0.07006072998046875,
      0.04850637912750244
    ],
    "rotationMatrix" : [
      -0.9941844940185547,
      -0.08315922319889069,
      -0.0684189423918724,
      -0.10623006522655487,
      0.6531688570976257,
      0.7497236132621765,
      -0.0176573246717453,
      0.7526319622993469,
      -0.6582043170928955
    ],
    "timestamp" : 235146067067
  },
  {
    "gravity" : [
      0.01718728616833687,
      -0.753720760345459,
      0.6569701433181763
    ],
    "userAcceleration" : [
      -0.020727334544062614,
      0.07401794195175171,
      0.020794808864593506
    ],
    "rotationMatrix" : [
      -0.994810938835144,
      -0.07879079878330231,
      -0.06436847150325775,
      -0.10027904808521271,
      0.6524546146392822,
      0.7511638402938843,
      -0.017187288030982018,
      0.753720760345459,
      -0.6569700837135315
    ],
    "timestamp" : 235146077085
  },
  {
    "gravity" : [
      0.01654999703168869,
      -0.7547138333320618,
      0.6558451652526855
    ],
    "userAcceleration" : [
      -0.01110261119902134,
      0.054213523864746094,
      0.0019459128379821777
    ],
    "rotationMatrix" : [
      -0.9955040216445923,
      -0.07361888140439987,
      -0.05959577113389969,
      -0.09326035529375076,
      0.6519104242324829,
      0.7525392174720764,
      -0.01654999703168869,
      0.7547138333320618,
      -0.6558451652526855
    ],
    "timestamp" : 235146087102
  },
  {
    "gravity" : [
      0.015843691304326057,
      -0.7556430101394653,
      0.6547920107841492
    ],
    "userAcceleration" : [
      -0.008076971396803856,
      0.03422278165817261,
      0.0008780956268310547
    ],
    "rotationMatrix" : [
      -0.9961686134338379,
      -0.0682593509554863,
      -0.05466883257031441,
      -0.086005799472332,
      0.6514171361923218,
      0.7538293600082397,
      -0.015843693166971207,
      0.7556430101394653,
      -0.6547919511795044
    ],
    "timestamp" : 235146097120
  },
  {
    "gravity" : [
      0.015155128203332424,
      -0.7565004229545593,
      0.6538172960281372
    ],
    "userAcceleration" : [
      -0.013385104015469551,
      0.028107047080993652,
      -0.002846956253051758
    ],
    "rotationMatrix" : [
      -0.9967781901359558,
      -0.06293733417987823,
      -0.049716971814632416,
      -0.07876044511795044,
      0.6509577035903931,
      0.755017101764679,
      -0.015155129134654999,
      0.7565004229545593,
      -0.653817355632782
    ],
    "timestamp" : 235146107138
  },
  {
    "gravity" : [
      0.014563099481165409,
      -0.7573691010475159,
      0.6528245210647583
    ],
    "userAcceleration" : [
      -0.02304697409272194,
      0.03968721628189087,
      0.002128422260284424
    ],
    "rotationMatrix" : [
      -0.9973330497741699,
      -0.05770057812333107,
      -0.044692520052194595,
      -0.07151708751916885,
      0.6504326462745667,
      0.7561895251274109,
      -0.014563098549842834,
      0.7573691010475159,
      -0.6528245806694031
    ],
    "timestamp" : 235146117156
  },
  {
    "gravity" : [
      0.014018572866916656,
      -0.7583634257316589,
      0.6516810059547424
    ],
    "userAcceleration" : [
      -0.016276881098747253,
      0.035478413105010986,
      0.022223353385925293
    ],
    "rotationMatrix" : [
      -0.9978331923484802,
      -0.05251016840338707,
      -0.03964146226644516,
      -0.06428252905607224,
      0.6497134566307068,
      0.757456362247467,
      -0.014018571004271507,
      0.7583634257316589,
      -0.6516810655593872
    ],
    "timestamp" : 235146127174
  },
  {
    "gravity" : [
      0.013529123738408089,
      -0.7595677971839905,
      0.6502873301506042
    ],
    "userAcceleration" : [
      -0.017816849052906036,
      0.02780216932296753,
      0.028286218643188477
    ],
    "rotationMatrix" : [
      -0.9983325004577637,
      -0.0467597097158432,
      -0.03384751081466675,
      -0.056116729974746704,
      0.6487451791763306,
      0.7589338421821594,
      -0.013529123738408089,
      0.7595677971839905,
      -0.6502873301506042
    ],
    "timestamp" : 235146137192
  },
  {
    "gravity" : [
      0.013054181821644306,
      -0.7608566284179688,
      0.6487886905670166
    ],
    "userAcceleration" : [
      -0.017189299687743187,
      0.01996612548828125,
      0.005889594554901123
    ],
    "rotationMatrix" : [
      -0.9987695813179016,
      -0.040967024862766266,
      -0.027947328984737396,
      -0.047842852771282196,
      0.6476255655288696,
      0.7604552507400513,
      -0.013054180890321732,
      0.7608566284179688,
      -0.6487887501716614
    ],
    "timestamp" : 235146147210
  },
  {
    "gravity" : [
      0.012608497403562069,
      -0.7621203064918518,
      0.6473127007484436
    ],
    "userAcceleration" : [
      -0.00969406496733427,
      0.0004930496215820312,
      -0.0052228569984436035
    ],
    "rotationMatrix" : [
      -0.9991442561149597,
      -0.035106111317873,
      -0.021870996803045273,
      -0.03939295932650566,
      0.6464829444885254,
      0.7619107365608215,
      -0.012608498334884644,
      0.7621203064918518,
      -0.6473127007484436
    ],
    "timestamp" : 235146157228
  },
  {
    "gravity" : [
      0.0123054850846529,
      -0.7633225917816162,
      0.6459003686904907
    ],
    "userAcceleration" : [
      -0.029914122074842453,
      -0.0005629062652587891,
      -0.017482340335845947
    ],
    "rotationMatrix" : [
      -0.9994516372680664,
      -0.029246583580970764,
      -0.015522271394729614,
      -0.03073887899518013,
      0.6453551650047302,
      0.7632639408111572,
      -0.0123054850846529,
      0.7633225917816162,
      -0.645900309085846
    ],
    "timestamp" : 235146167246
  },
  {
    "gravity" : [
      0.01206948608160019,
      -0.7643688917160034,
      0.6446661949157715
    ],
    "userAcceleration" : [
      -0.034209996461868286,
      -0.004872322082519531,
      -0.027860164642333984
    ],
    "rotationMatrix" : [
      -0.9996801018714905,
      -0.023554950952529907,
      -0.00921259168535471,
      -0.02222689986228943,
      0.6443488001823425,
      0.7644086480140686,
      -0.012069485150277615,
      0.7643688321113586,
      -0.6446661949157715
    ],
    "timestamp" : 235146177264
  },
  {
    "gravity" : [
      0.011754288338124752,
      -0.7652418613433838,
      0.6436355113983154
    ],
    "userAcceleration" : [
      -0.03189590200781822,
      -0.00212252140045166,
      -0.01776576042175293
    ],
    "rotationMatrix" : [
      -0.9998309016227722,
      -0.01809578575193882,
      -0.0032554934732615948,
      -0.014138331636786461,
      0.6434884667396545,
      0.7653251886367798,
      -0.011754287406802177,
      0.7652418613433838,
      -0.6436355113983154
    ],
    "timestamp" : 235146187282
  },
  {
    "gravity" : [
      0.011384820565581322,
      -0.7660716772079468,
      0.6426541209220886
    ],
    "userAcceleration" : [
      -0.037004321813583374,
      0.003193378448486328,
      -0.0019834041595458984
    ],
    "rotationMatrix" : [
      -0.9999154806137085,
      -0.01275176927447319,
      0.0025131539441645145,
      -0.0062697227112948895,
      0.6426286101341248,
      0.7661521434783936,
      -0.011384820565581322,
      0.7660716772079468,
      -0.6426541805267334
    ],
    "timestamp" : 235146197300
  },
  {
    "gravity" : [
      0.010816792957484722,
      -0.7670208811759949,
      0.6415305733680725
    ],
    "userAcceleration" : [
      -0.012830942869186401,
      0.007530093193054199,
      0.013513803482055664
    ],
    "rotationMatrix" : [
      -0.9999401569366455,
      -0.007406498771160841,
      0.008004619739949703,
      0.0013882140628993511,
      0.6415793299674988,
      0.767055332660675,
      -0.010816792957484722,
      0.7670208811759949,
      -0.6415305733680725
    ],
    "timestamp" : 235146207318
  },
  {
    "gravity" : [
      0.010066297836601734,
      -0.7680819630622864,
      0.6402720808982849
    ],
    "userAcceleration" : [
      -0.0010025855153799057,
      0.008026540279388428,
      0.013048052787780762
    ],
    "rotationMatrix" : [
      -0.9999072551727295,
      -0.0018703383393585682,
      0.01347675547003746,
      0.009153727442026138,
      0.6403487324714661,
      0.7680297493934631,
      -0.010066298767924309,
      0.7680819630622864,
      -0.6402721405029297
    ],
    "timestamp" : 235146217336
  },
  {
    "gravity" : [
      0.009258390404284,
      -0.769128143787384,
      0.63902747631073
    ],
    "userAcceleration" : [
      0.0016974201425909996,
      0.0004665851593017578,
      0.005641043186187744
    ],
    "rotationMatrix" : [
      -0.9998107552528381,
      0.003811212722212076,
      0.019072651863098145,
      0.01710478402674198,
      0.639083206653595,
      0.7689473628997803,
      -0.009258390404284,
      0.7691280841827393,
      -0.63902747631073
    ],
    "timestamp" : 235146227354
  },
  {
    "gravity" : [
      0.008516152389347553,
      -0.7700468301773071,
      0.6379305124282837
    ],
    "userAcceleration" : [
      -0.010164100676774979,
      -0.003863692283630371,
      -0.013586699962615967
    ],
    "rotationMatrix" : [
      -0.9996730089187622,
      0.00882775243371725,
      0.024001281708478928,
      0.024113602936267853,
      0.6379262804985046,
      0.7697198390960693,
      -0.008516151458024979,
      0.7700468301773071,
      -0.6379305720329285
    ],
    "timestamp" : 235146237372
  },
  {
    "gravity" : [
      0.008016775362193584,
      -0.77076256275177,
      0.6370722651481628
    ],
    "userAcceleration" : [
      -0.009664724580943584,
      -0.0031480789184570312,
      -0.012728273868560791
    ],
    "rotationMatrix" : [
      -0.9994817972183228,
      0.013688821345567703,
      0.02913869172334671,
      0.031179778277873993,
      0.6369755268096924,
      0.7702532410621643,
      -0.008016775362193584,
      0.7707625031471252,
      -0.6370722651481628
    ],
    "timestamp" : 235146247390
  },
  {
    "gravity" : [
      0.007593470625579357,
      -0.771320641040802,
      0.6364012360572815
    ],
    "userAcceleration" : [
      -0.004846877418458462,
      -0.004390299320220947,
      -0.0032073259353637695
    ],
    "rotationMatrix" : [
      -0.9991272687911987,
      0.02028709650039673,
      0.03650951012969017,
      0.04107127711176872,
      0.6361232399940491,
      0.7704935669898987,
      -0.007593470625579357,
      0.771320641040802,
      -0.6364012360572815
    ],
    "timestamp" : 235146257408
  },
  {
    "gravity" : [
      0.007203980814665556,
      -0.7717180848121643,
      0.6359237432479858
    ],
    "userAcceleration" : [
      -0.004030153155326843,
      0.0015156269073486328,
      -0.0014633536338806152
    ],
    "rotationMatrix" : [
      -0.9987736940383911,
      0.025595296174287796,
      0.0423753596842289,
      0.048978496342897415,
      0.6354494094848633,
      0.7705875039100647,
      -0.007203981280326843,
      0.7717180848121643,
      -0.6359237432479858
    ],
    "timestamp" : 235146267426
  },
  {
    "gravity" : [
      0.006831978913396597,
      -0.7720840573310852,
      0.6354835033416748
    ],
    "userAcceleration" : [
      -0.008601995185017586,
      0.009526193141937256,
      0.012923359870910645
    ],
    "rotationMatrix" : [
      -0.9983686804771423,
      0.03075656108558178,
      0.048101138323545456,
      0.056683413684368134,
      0.634775698184967,
      0.7706145644187927,
      -0.0068319812417030334,
      0.7720840573310852,
      -0.6354835033416748
    ],
    "timestamp" : 235146277444
  },
  {
    "gravity" : [
      0.006381717976182699,
      -0.7726031541824341,
      0.6348565816879272
    ],
    "userAcceleration" : [
      -0.008243285119533539,
      0.009190976619720459,
      0.03460723161697388
    ],
    "rotationMatrix" : [
      -0.9979338645935059,
      0.03566344827413559,
      0.0534328818321228,
      0.06392361223697662,
      0.6338866949081421,
      0.7707796096801758,
      -0.006381716579198837,
      0.7726031541824341,
      -0.6348565816879272
    ],
    "timestamp" : 235146287462
  },
  {
    "gravity" : [
      0.005942451301962137,
      -0.7733084559440613,
      0.6340020298957825
    ],
    "userAcceleration" : [
      -0.018424125388264656,
      0.008293867111206055,
      0.032593369483947754
    ],
    "rotationMatrix" : [
      -0.9974617958068848,
      0.04040207713842392,
      0.05862857401371002,
      0.07095297425985336,
      0.6327414512634277,
      0.7711056470870972,
      -0.00594245083630085,
      0.7733083963394165,
      -0.6340019702911377
    ],
    "timestamp" : 235146297480
  },
  {
    "gravity" : [
      0.005500042345374823,
      -0.7742395997047424,
      0.6328684687614441
    ],
    "userAcceleration" : [
      -0.014853685162961483,
      0.009255588054656982,
      0.03764843940734863
    ],
    "rotationMatrix" : [
      -0.9969574809074402,
      0.04496223106980324,
      0.06367017328739166,
      0.07775115966796875,
      0.6312934160232544,
      0.7716367840766907,
      -0.00550004281103611,
      0.7742395997047424,
      -0.6328684687614441
    ],
    "timestamp" : 235146307498
  },
  {
    "gravity" : [
      0.0051182713359594345,
      -0.7753928303718567,
      0.6314584016799927
    ],
    "userAcceleration" : [
      -0.011481182649731636,
      0.01172095537185669,
      0.03788357973098755
    ],
    "rotationMatrix" : [
      -0.9963418245315552,
      0.0499131977558136,
      0.0693662241101265,
      0.08530418574810028,
      0.6295034289360046,
      0.7723008394241333,
      -0.005118273198604584,
      0.7753928899765015,
      -0.6314584612846375
    ],
    "timestamp" : 235146317516
  },
  {
    "gravity" : [
      0.004812051076442003,
      -0.7766638398170471,
      0.6298969984054565
    ],
    "userAcceleration" : [
      -0.0009515821002423763,
      -0.006890296936035156,
      0.0020456910133361816
    ],
    "rotationMatrix" : [
      -0.9956310391426086,
      0.05501827597618103,
      0.07544365525245667,
      0.09325020015239716,
      0.6275080442428589,
      0.7730059027671814,
      -0.004812050610780716,
      0.7766638398170471,
      -0.6298969388008118
    ],
    "timestamp" : 235146327534
  },
  {
    "gravity" : [
      0.004593007732182741,
      -0.777929425239563,
      0.6283348798751831
    ],
    "userAcceleration" : [
      -0.0007325205951929092,
      -0.005624651908874512,
      0.003607809543609619
    ],
    "rotationMatrix" : [
      -0.9949243068695068,
      0.05960793048143387,
      0.08107214421033859,
      0.10052215307950974,
      0.6255179643630981,
      0.7737070322036743,
      -0.004593007266521454,
      0.777929425239563,
      -0.6283349394798279
    ],
    "timestamp" : 235146337552
  },
  {
    "gravity" : [
      0.0044497218914330006,
      -0.7791788578033447,
      0.6267857551574707
    ],
    "userAcceleration" : [
      -0.004892209079116583,
      -0.006862282752990723,
      0.0010066032409667969
    ],
    "rotationMatrix" : [
      -0.9939394593238831,
      0.06540052592754364,
      0.08835786581039429,
      0.10983870923519135,
      0.6233803033828735,
      0.7741656303405762,
      -0.004449721425771713,
      0.7791788578033447,
      -0.6267858147621155
    ],
    "timestamp" : 235146347570
  },
  {
    "gravity" : [
      0.004415393341332674,
      -0.7804208397865295,
      0.6252390742301941
    ],
    "userAcceleration" : [
      -0.004705299623310566,
      -0.01724761724472046,
      0.005559265613555908
    ],
    "rotationMatrix" : [
      -0.992931604385376,
      0.07073724269866943,
      0.09530594944953918,
      0.11860643327236176,
      0.6212403774261475,
      0.7745921015739441,
      -0.004415392875671387,
      0.7804208397865295,
      -0.6252391338348389
    ],
    "timestamp" : 235146357588
  },
  {
    "gravity" : [
      0.004543171729892492,
      -0.7816034555435181,
      0.6237587928771973
    ],
    "userAcceleration" : [
      -0.023448793217539787,
      -0.026944398880004883,
      -0.012568116188049316
    ],
    "rotationMatrix" : [
      -0.9918509721755981,
      0.07589680701494217,
      0.10232696682214737,
      0.12732043862342834,
      0.6191410422325134,
      0.7748895883560181,
      -0.00454317033290863,
      0.7816034555435181,
      -0.6237587332725525
    ],
    "timestamp" : 235146367606
  },
  {
    "gravity" : [
      0.004747434984892607,
      -0.7826632857322693,
      0.6224270462989807
    ],
    "userAcceleration" : [
      -0.025835081934928894,
      -0.03821367025375366,
      -0.01766026020050049
    ],
    "rotationMatrix" : [
      -0.9907764196395874,
      0.08061099797487259,
      0.10892024636268616,
      0.13542236387729645,
      0.6172033548355103,
      0.7750617861747742,
      -0.004747431725263596,
      0.7826632857322693,
      -0.6224269866943359
    ],
    "timestamp" : 235146377624
  },
  {
    "gravity" : [
      0.004954928066581488,
      -0.7835819721221924,
      0.6212684512138367
    ],
    "userAcceleration" : [
      -0.03309212252497673,
      -0.046404480934143066,
      -0.01471644639968872
    ],
    "rotationMatrix" : [
      -0.98968505859375,
      0.08510851860046387,
      0.11523731797933578,
      0.14317314326763153,
      0.6154313683509827,
      0.7750778198242188,
      -0.004954926669597626,
      0.7835819721221924,
      -0.6212684512138367
    ],
    "timestamp" : 235146387642
  },
  {
    "gravity" : [
      0.005074570421129465,
      -0.7843864560127258,
      0.6202517151832581
    ],
    "userAcceleration" : [
      -0.03591258078813553,
      -0.04445570707321167,
      -0.0019808411598205566
    ],
    "rotationMatrix" : [
      -0.988616943359375,
      0.08933360129594803,
      0.12106192857027054,
      0.15036866068840027,
      0.6138057112693787,
      0.7750044465065002,
      -0.0050745680928230286,
      0.7843864560127258,
      -0.6202517151832581
    ],
    "timestamp" : 235146397660
  },
  {
    "gravity" : [
      0.005120603833347559,
      -0.7850609421730042,
      0.6193972826004028
    ],
    "userAcceleration" : [
      -0.03785070776939392,
      -0.022189974784851074,
      0.001757502555847168
    ],
    "rotationMatrix" : [
      -0.9875940680503845,
      0.0932435393333435,
      0.12634693086147308,
      0.15694484114646912,
      0.6123601198196411,
      0.7748441100120544,
      -0.005120608955621719,
      0.7850609421730042,
      -0.6193973422050476
    ],
    "timestamp" : 235146407677
  },
  {
    "gravity" : [
      0.004948627203702927,
      -0.7855993509292603,
      0.6187155246734619
    ],
    "userAcceleration" : [
      -0.02425098419189453,
      -0.015639543533325195,
      0.02428978681564331
    ],
    "rotationMatrix" : [
      -0.9866151809692383,
      0.09701084345579147,
      0.13106834888458252,
      0.16298934817314148,
      0.6110830903053284,
      0.774604320526123,
      -0.004948623478412628,
      0.7855993509292603,
      -0.6187154650688171
    ],
    "timestamp" : 235146417695
  },
  {
    "gravity" : [
      0.004489048849791288,
      -0.7860886454582214,
      0.6180973052978516
    ],
    "userAcceleration" : [
      -0.013537498190999031,
      -0.009443461894989014,
      0.03279674053192139
    ],
    "rotationMatrix" : [
      -0.9856468439102173,
      0.10083415359258652,
      0.13539810478687286,
      0.1687602400779724,
      0.6098335981369019,
      0.7743532657623291,
      -0.004489049315452576,
      0.7860887050628662,
      -0.6180973052978516
    ],
    "timestamp" : 235146427713
  },
  {
    "gravity" : [
      0.0038238742854446173,
      -0.7866452932357788,
      0.6173934936523438
    ],
    "userAcceleration" : [
      -0.009942622855305672,
      -0.007193267345428467,
      0.03874969482421875
    ],
    "rotationMatrix" : [
      -0.9845927953720093,
      0.10497403144836426,
      0.1398496925830841,
      0.1748223900794983,
      0.6084156632423401,
      0.7741237282752991,
      -0.0038238689303398132,
      0.7866453528404236,
      -0.6173935532569885
    ],
    "timestamp" : 235146437731
  },
  {
    "gravity" : [
      0.0030925958417356014,
      -0.7871935963630676,
      0.6166980266571045
    ],
    "userAcceleration" : [
      -0.006998844910413027,
      -0.009788095951080322,
      0.025010287761688232
    ],
    "rotationMatrix" : [
      -0.9835066795349121,
      0.10913285613059998,
      0.14423632621765137,
      0.18084394931793213,
      0.6069729924201965,
      0.7738728523254395,
      -0.0030925944447517395,
      0.7871935367584229,
      -0.6166979670524597
    ],
    "timestamp" : 235146447749
  },
  {
    "gravity" : [
      0.0023938328959047794,
      -0.78756183385849,
      0.6162305474281311
    ],
    "userAcceleration" : [
      -0.01394472923129797,
      -0.016499817371368408,
      -0.001103222370147705
    ],
    "rotationMatrix" : [
      -0.9823852777481079,
      0.11329139024019241,
      0.1486060917377472,
      0.1868501603603363,
      0.6057320237159729,
      0.773418128490448,
      -0.0023938342928886414,
      0.78756183385849,
      -0.6162306070327759
    ],
    "timestamp" : 235146457767
  },
  {
    "gravity" : [
      0.0017342236824333668,
      -0.7876719236373901,
      0.6160922646522522
    ],
    "userAcceleration" : [
      -0.019052941352128983,
      -0.03503608703613281,
      -0.0055425167083740234
    ],
    "rotationMatrix" : [
      -0.9812424778938293,
      0.11742356419563293,
      0.15288768708705902,
      0.1927691102027893,
      0.6048012971878052,
      0.7726936340332031,
      -0.001734226942062378,
      0.7876719236373901,
      -0.6160922646522522
    ],
    "timestamp" : 235146467785
  },
  {
    "gravity" : [
      0.0011728649260476232,
      -0.7876033782958984,
      0.6161810755729675
    ],
    "userAcceleration" : [
      -0.018491586670279503,
      -0.03510451316833496,
      -0.00563126802444458
    ],
    "rotationMatrix" : [
      -0.9802678227424622,
      0.12089473754167557,
      0.1563936471939087,
      0.19766926765441895,
      0.6042063236236572,
      0.7719206809997559,
      -0.001172862946987152,
      0.7876033782958984,
      -0.6161810755729675
    ],
    "timestamp" : 235146477803
  },
  {
    "gravity" : [
      0.0006657897029072046,
      -0.7875027656555176,
      0.6163108944892883
    ],
    "userAcceleration" : [
      -0.020273329690098763,
      -0.023990213871002197,
      0.010062456130981445
    ],
    "rotationMatrix" : [
      -0.9790164232254028,
      0.12507906556129456,
      0.16087976098060608,
      0.20378082990646362,
      0.6034854054450989,
      0.7708948254585266,
      -0.0006657838821411133,
      0.7875028252601624,
      -0.6163108944892883
    ],
    "timestamp" : 235146487821
  },
  {
    "gravity" : [
      0.00010755541734397411,
      -0.7875006794929504,
      0.6163135766983032
    ],
    "userAcceleration" : [
      -0.005539675243198872,
      -0.012166619300842285,
      0.022281885147094727
    ],
    "rotationMatrix" : [
      -0.9779555797576904,
      0.12861108779907227,
      0.16450470685958862,
      0.20881235599517822,
      0.6027452349662781,
      0.77012699842453,
      -0.00010755658149719238,
      0.7875006794929504,
      -0.6163135766983032
    ],
    "timestamp" : 235146497839
  },
  {
    "gravity" : [
      -0.0004887155955657363,
      -0.787550687789917,
      0.6162495613098145
    ],
    "userAcceleration" : [
      0.00802658312022686,
      -0.007538974285125732,
      0.010062575340270996
    ],
    "rotationMatrix" : [
