[
  {
    "userAcceleration" : [
      0.0492919459939003,
      0.021078944206237793,
      0.0366722047328949
    ],
    "rotationMatrix" : [
      -0.9483656287193298,
      0.0497659295797348,
      -0.3132503628730774,
      -0.3127936124801636,
      -0.31040266156196594,
      0.8976693153381348,
      -0.052560433745384216,
      0.9493014812469482,
      0.3099417984485626
    ],
    "timestamp" : 235175836098,
    "gravity" : [
      0.052560433745384216,
      -0.949301540851593,
      -0.309941828250885
    ]
  },
  {
    "userAcceleration" : [
      0.052925948053598404,
      0.01438671350479126,
      0.015152305364608765
    ],
    "rotationMatrix" : [
      -0.9477816224098206,
      0.05279165506362915,
      -0.3145189881324768,
      -0.3147820234298706,
      -0.3131817579269409,
      0.8960071802139282,
      -0.05119998753070831,
      0.9482244253158569,
      0.3134463429450989
    ],
    "timestamp" : 235175846116,
    "gravity" : [
      0.05119999498128891,
      -0.9482244849205017,
      -0.3134463429450989
    ]
  },
  {
    "userAcceleration" : [
      0.046804241836071014,
      0.016522467136383057,
      -0.010731011629104614
    ],
    "rotationMatrix" : [
      -0.9472642540931702,
      0.05589239299297333,
      -0.31554168462753296,
      -0.3165820837020874,
      -0.31582045555114746,
      0.8944457769393921,
      -0.049661800265312195,
      0.9471713304519653,
      0.3168599009513855
    ],
    "timestamp" : 235175856135,
    "gravity" : [
      0.04966180771589279,
      -0.9471713304519653,
      -0.3168599307537079
    ]
  },
  {
    "userAcceleration" : [
      0.03898729756474495,
      0.017248690128326416,
      -0.037606775760650635
    ],
    "rotationMatrix" : [
      -0.946681022644043,
      0.05900336802005768,
      -0.3167232275009155,
      -0.3185553550720215,
      -0.31832778453826904,
      0.8928549289703369,
      -0.04814039170742035,
      0.9461426734924316,
      0.3201507329940796
    ],
    "timestamp" : 235175866153,
    "gravity" : [
      0.048140376806259155,
      -0.9461426734924316,
      -0.3201507329940796
    ]
  },
  {
    "userAcceleration" : [
      0.03235111013054848,
      0.021406054496765137,
      -0.05354422330856323
    ],
    "rotationMatrix" : [
      -0.9459942579269409,
      0.06219758093357086,
      -0.3181607127189636,
      -0.3208168148994446,
      -0.3206818997859955,
      0.8912011981010437,
      -0.04659782350063324,
      0.9451425671577454,
      0.3233173191547394
    ],
    "timestamp" : 235175876172,
    "gravity" : [
      0.04659783095121384,
      -0.9451425671577454,
      -0.32331737875938416
    ]
  },
  {
    "userAcceleration" : [
      0.03526916727423668,
      0.029468655586242676,
      -0.05961519479751587
    ],
    "rotationMatrix" : [
      -0.9449111819267273,
      0.0658968985080719,
      -0.3206246495246887,
      -0.3242364227771759,
      -0.32270604372024536,
      0.8892307877540588,
      -0.04486998915672302,
      0.9442024827003479,
      0.3262948989868164
    ],
    "timestamp" : 235175886190,
    "gravity" : [
      0.044869985431432724,
      -0.9442024827003479,
      -0.326294869184494
    ]
  },
  {
    "userAcceleration" : [
      0.039012499153614044,
      0.026867270469665527,
      -0.0669938325881958
    ],
    "rotationMatrix" : [
      -0.9440688490867615,
      0.0692661702632904,
      -0.3223910927772522,
      -0.3269179165363312,
      -0.32442706823349,
      0.887621283531189,
      -0.04311029613018036,
      0.9433711767196655,
      0.3289259672164917
    ],
    "timestamp" : 235175896209,
    "gravity" : [
      0.04311029613018036,
      -0.9433711767196655,
      -0.3289259672164917
    ]
  },
  {
    "userAcceleration" : [
      0.027315765619277954,
      0.027056992053985596,
      -0.07307416200637817
    ],
    "rotationMatrix" : [
      -0.9431684017181396,
      0.07257735729217529,
      -0.32429325580596924,
      -0.3297387659549713,
      -0.3256779909133911,
      0.8861186504364014,
      -0.04130297899246216,
      0.9426910877227783,
      0.33110058307647705
    ],
    "timestamp" : 235175906227,
    "gravity" : [
      0.04130300134420395,
      -0.9426910877227783,
      -0.3311006426811218
    ]
  },
  {
    "userAcceleration" : [
      0.02337155118584633,
      0.031768798828125,
      -0.07493484020233154
    ],
    "rotationMatrix" : [
      -0.942017138004303,
      0.07581976056098938,
      -0.32688748836517334,
      -0.33321306109428406,
      -0.3264928460121155,
      0.8845177888870239,
      -0.039662495255470276,
      0.9421539306640625,
      0.33282577991485596
    ],
    "timestamp" : 235175916246,
    "gravity" : [
      0.039662472903728485,
      -0.9421539306640625,
      -0.33282575011253357
    ]
  },
  {
    "userAcceleration" : [
      0.005238484591245651,
      0.027301371097564697,
      -0.05524495244026184
    ],
    "rotationMatrix" : [
      -0.9406982064247131,
      0.07880687713623047,
      -0.32996365427970886,
      -0.3370705246925354,
      -0.32705140113830566,
      0.8828479647636414,
      -0.038340598344802856,
      0.9417147040367126,
      0.33422034978866577
    ],
    "timestamp" : 235175926264,
    "gravity" : [
      0.03834060579538345,
      -0.9417147040367126,
      -0.33422037959098816
    ]
  },
  {
    "userAcceleration" : [
      0.006212510168552399,
      0.0269126296043396,
      -0.05404180288314819
    ],
    "rotationMatrix" : [
      -0.9390789270401001,
      0.08168481290340424,
      -0.3338533043861389,
      -0.34166383743286133,
      -0.3274639844894409,
      0.880927324295044,
      -0.03736656904220581,
      0.9413260221481323,
      0.33542346954345703
    ],
    "timestamp" : 235175936283,
    "gravity" : [
      0.03736657649278641,
      -0.9413260221481323,
      -0.3354235291481018
    ]
  },
  {
    "userAcceleration" : [
      0.011751946061849594,
      0.020570218563079834,
      -0.0238264799118042
    ],
    "rotationMatrix" : [
      -0.9375355243682861,
      0.08415895700454712,
      -0.33755648136138916,
      -0.34594401717185974,
      -0.3280063569545746,
      0.8790531754493713,
      -0.036740466952323914,
      0.9409192204475403,
      0.3366319239139557
    ],
    "timestamp" : 235175946301,
    "gravity" : [
      0.03674047812819481,
      -0.9409192800521851,
      -0.3366319239139557
    ]
  },
  {
    "userAcceleration" : [
      0.010717630386352539,
      -0.0017058253288269043,
      0.00840681791305542
    ],
    "rotationMatrix" : [
      -0.9359450340270996,
      0.0864434540271759,
      -0.34137067198753357,
      -0.35025259852409363,
      -0.3288933038711548,
      0.877013087272644,
      -0.03646254539489746,
      0.9404022693634033,
      0.33810341358184814
    ],
    "timestamp" : 235175956320,
    "gravity" : [
      0.036462537944316864,
      -0.9404022693634033,
      -0.33810341358184814
    ]
  },
  {
    "userAcceleration" : [
      0.008911851793527603,
      -0.011267900466918945,
      0.03336349129676819
    ],
    "rotationMatrix" : [
      -0.9345115423202515,
      0.08848527073860168,
      -0.344758003950119,
      -0.3540590703487396,
      -0.3303386867046356,
      0.8749390244483948,
      -0.03646776080131531,
      0.9397055506706238,
      0.3400346338748932
    ],
    "timestamp" : 235175966338,
    "gravity" : [
      0.03646775707602501,
      -0.939705491065979,
      -0.3400346338748932
    ]
  },
  {
    "userAcceleration" : [
      0.018654048442840576,
      -0.007434189319610596,
      0.04747304320335388
    ],
    "rotationMatrix" : [
      -0.9332038164138794,
      0.09047538042068481,
      -0.34777069091796875,
      -0.3574768900871277,
      -0.33234262466430664,
      0.8727877140045166,
      -0.03661327064037323,
      0.9388090372085571,
      0.34248650074005127
    ],
    "timestamp" : 235175976357,
    "gravity" : [
      0.036613259464502335,
      -0.9388089776039124,
      -0.3424864411354065
    ]
  },
  {
    "userAcceleration" : [
      0.02681240811944008,
      -0.0005508065223693848,
      0.04714927077293396
    ],
    "rotationMatrix" : [
      -0.9320760369300842,
      0.09248577058315277,
      -0.3502574861049652,
      -0.36039429903030396,
      -0.33479106426239014,
      0.8706495761871338,
      -0.03674042224884033,
      0.9377425909042358,
      0.3453822731971741
    ],
    "timestamp" : 235175986375,
    "gravity" : [
      0.036740418523550034,
      -0.9377425909042358,
      -0.3453822731971741
    ]
  },
  {
    "userAcceleration" : [
      0.03790772333741188,
      0.0073326826095581055,
      0.034530699253082275
    ],
    "rotationMatrix" : [
      -0.9311438798904419,
      0.0945635437965393,
      -0.352177232503891,
      -0.36279812455177307,
      -0.3375035226345062,
      0.8686016798019409,
      -0.03672301769256592,
      0.9365624189376831,
      0.3485718071460724
    ],
    "timestamp" : 235175996394,
    "gravity" : [
      0.036723002791404724,
      -0.9365623593330383,
      -0.3485718071460724
    ]
  },
  {
    "userAcceleration" : [
      0.04731820523738861,
      0.01882702112197876,
      0.020658135414123535
    ],
    "rotationMatrix" : [
      -0.9303416013717651,
      0.09684860706329346,
      -0.3536732792854309,
      -0.3648821711540222,
      -0.34025952219963074,
      0.8666512370109558,
      -0.0364067405462265,
      0.9353308081626892,
      0.3518959581851959
    ],
    "timestamp" : 235176006412,
    "gravity" : [
      0.0364067405462265,
      -0.935330867767334,
      -0.35189592838287354
    ]
  },
  {
    "userAcceleration" : [
      0.054884832352399826,
      0.030320286750793457,
      0.004538863897323608
    ],
    "rotationMatrix" : [
      -0.9296035766601562,
      0.09934227168560028,
      -0.3549203872680664,
      -0.36681854724884033,
      -0.34291592240333557,
      0.8647848963737488,
      -0.03579813241958618,
      0.9340984225273132,
      0.3552163541316986
    ],
    "timestamp" : 235176016431,
    "gravity" : [
      0.03579813614487648,
      -0.9340984225273132,
      -0.3552163541316986
    ]
  },
  {
    "userAcceleration" : [
      0.05194422975182533,
      0.03244209289550781,
      -0.014264047145843506
    ],
    "rotationMatrix" : [
      -0.9287950396537781,
      0.10204292833805084,
      -0.3562681972980499,
      -0.36893731355667114,
      -0.34539341926574707,
      0.8628954887390137,
      -0.03500032424926758,
      0.9328936338424683,
      0.3584471344947815
    ],
    "timestamp" : 235176026449,
    "gravity" : [
      0.03500032424926758,
      -0.932893693447113,
      -0.3584471344947815
    ]
  },
  {
    "userAcceleration" : [
      0.04581870883703232,
      0.037959158420562744,
      -0.029471635818481445
    ],
    "rotationMatrix" : [
      -0.9278896450996399,
      0.10491830110549927,
      -0.3577885627746582,
      -0.3712969124317169,
      -0.34763139486312866,
      0.8609824776649475,
      -0.03404577076435089,
      0.9317426085472107,
      0.36151957511901855
    ],
    "timestamp" : 235176036468,
    "gravity" : [
      0.034045763313770294,
      -0.9317426681518555,
      -0.36151957511901855
    ]
  },
  {
    "userAcceleration" : [
      0.04743766784667969,
      0.040652573108673096,
      -0.03695356845855713
    ],
    "rotationMatrix" : [
      -0.9269412755966187,
      0.107828289270401,
      -0.3593784272670746,
      -0.37375307083129883,
      -0.3495757281780243,
      0.8591306209564209,
      -0.03299140930175781,
      0.9306824207305908,
      0.36433735489845276
    ],
    "timestamp" : 235176046486,
    "gravity" : [
      0.03299139067530632,
      -0.9306824207305908,
      -0.36433735489845276
    ]
  },
  {
    "userAcceleration" : [
      0.046648722141981125,
      0.029968619346618652,
      -0.04133129119873047
    ],
    "rotationMatrix" : [
      -0.9259691834449768,
      0.11061897873878479,
      -0.3610326051712036,
      -0.37624114751815796,
      -0.35130566358566284,
      0.8573371171951294,
      -0.03199504315853119,
      0.9297031164169312,
      0.36691761016845703
    ],
    "timestamp" : 235176056505,
    "gravity" : [
      0.03199504315853119,
      -0.9297031164169312,
      -0.36691758036613464
    ]
  },
  {
    "userAcceleration" : [
      0.03189515322446823,
      0.02084338665008545,
      -0.04508194327354431
    ],
    "rotationMatrix" : [
      -0.9249577522277832,
      0.1132500022649765,
      -0.3628053069114685,
      -0.3787897825241089,
      -0.352966845035553,
      0.8555306792259216,
      -0.031169399619102478,
      0.9287566542625427,
      0.3693773150444031
    ],
    "timestamp" : 235176066523,
    "gravity" : [
      0.031169386580586433,
      -0.9287566542625427,
      -0.3693773150444031
    ]
  },
  {
    "userAcceleration" : [
      0.026687633246183395,
      0.02086949348449707,
      -0.046701908111572266
    ],
    "rotationMatrix" : [
      -0.9237192273139954,
      0.1159040778875351,
      -0.3651147484779358,
      -0.38184869289398193,
      -0.354640930891037,
      0.8534758687019348,
      -0.03056330978870392,
      0.9277908205986023,
      0.37184664607048035
    ],
    "timestamp" : 235176076542,
    "gravity" : [
      0.030563311651349068,
      -0.9277908205986023,
      -0.37184667587280273
    ]
  },
  {
    "userAcceleration" : [
      0.018397314473986626,
      0.017618954181671143,
      -0.046462833881378174
    ],
    "rotationMatrix" : [
      -0.9222829937934875,
      0.11845433712005615,
      -0.3679158687591553,
      -0.3853268027305603,
      -0.35634854435920715,
      0.8511982560157776,
      -0.03027820587158203,
      0.9268137812614441,
      0.37429824471473694
    ],
    "timestamp" : 235176086560,
    "gravity" : [
      0.03027820587158203,
      -0.9268138408660889,
      -0.37429824471473694
    ]
  },
  {
    "userAcceleration" : [
      0.002954980358481407,
      0.008027076721191406,
      -0.04053795337677002
    ],
    "rotationMatrix" : [
      -0.9207810163497925,
      0.12064051628112793,
      -0.3709554374217987,
      -0.38889193534851074,
      -0.35805532336235046,
      0.8488576412200928,
      -0.030415982007980347,
      0.9258737564086914,
      0.37660685181617737
    ],
    "timestamp" : 235176096579,
    "gravity" : [
      0.030415978282690048,
      -0.9258736968040466,
      -0.3766067922115326
    ]
  },
  {
    "userAcceleration" : [
      -0.00048016197979450226,
      0.0055457353591918945,
      -0.03509026765823364
    ],
    "rotationMatrix" : [
      -0.9191442131996155,
      0.12258192896842957,
      -0.3743624687194824,
      -0.3927064836025238,
      -0.35970377922058105,
      0.8464009165763855,
      -0.030906155705451965,
      0.9249792695045471,
      0.37875860929489136
    ],
    "timestamp" : 235176106597,
    "gravity" : [
      0.03090616501867771,
      -0.9249792695045471,
      -0.37875860929489136
    ]
  },
  {
    "userAcceleration" : [
      0.0018675662577152252,
      0.015589714050292969,
      -0.01736891269683838
    ],
    "rotationMatrix" : [
      -0.9174686670303345,
      0.12439116835594177,
      -0.37785929441452026,
      -0.39655205607414246,
      -0.36138299107551575,
      0.8438889384269714,
      -0.031579673290252686,
      0.9240826964378357,
      0.38088545203208923
    ],
    "timestamp" : 235176116616,
    "gravity" : [
      0.03157966211438179,
      -0.9240826964378357,
      -0.3808854818344116
    ]
  },
  {
    "userAcceleration" : [
      0.01184944435954094,
      0.026607275009155273,
      0.007440030574798584
    ],
    "rotationMatrix" : [
      -0.9158012270927429,
      0.12631261348724365,
      -0.38125157356262207,
      -0.40033936500549316,
      -0.3631671667098999,
      0.841330885887146,
      -0.03218741714954376,
      0.9231220483779907,
      0.3831571936607361
    ],
    "timestamp" : 235176126634,
    "gravity" : [
      0.032187413424253464,
      -0.9231221079826355,
      -0.38315722346305847
    ]
  },
  {
    "userAcceleration" : [
      0.028917178511619568,
      0.03653228282928467,
      0.027054250240325928
    ],
    "rotationMatrix" : [
      -0.9141908884048462,
      0.12853427231311798,
      -0.3843619227409363,
      -0.4039764404296875,
      -0.36511775851249695,
      0.8387443423271179,
      -0.032529935240745544,
      0.9220455288887024,
      0.38571205735206604
    ],
    "timestamp" : 235176136653,
    "gravity" : [
      0.03252994641661644,
      -0.9220455884933472,
      -0.3857120871543884
    ]
  },
  {
    "userAcceleration" : [
      0.039487551897764206,
      0.04252457618713379,
      0.02875414490699768
    ],
    "rotationMatrix" : [
      -0.9126647710800171,
      0.131111741065979,
      -0.3871074318885803,
      -0.4074125289916992,
      -0.36720970273017883,
      0.8361648321151733,
      -0.03251864016056061,
      0.9208508729934692,
      0.3885563313961029
    ],
    "timestamp" : 235176146671,
    "gravity" : [
      0.032518643885850906,
      -0.9208508729934692,
      -0.3885563313961029
    ]
  },
  {
    "userAcceleration" : [
      0.042602647095918655,
      0.047296345233917236,
      0.020977646112442017
    ],
    "rotationMatrix" : [
      -0.9111073017120361,
      0.13413505256175995,
      -0.38973191380500793,
      -0.41091662645339966,
      -0.3692583441734314,
      0.8335439562797546,
      -0.03210434317588806,
      0.9195954203605652,
      0.39155250787734985
    ],
    "timestamp" : 235176156690,
    "gravity" : [
      0.03210434690117836,
      -0.91959547996521,
      -0.39155253767967224
    ]
  },
  {
    "userAcceleration" : [
      0.047871366143226624,
      0.045576274394989014,
      0.0125771164894104
    ],
    "rotationMatrix" : [
      -0.9095458388328552,
      0.13751569390296936,
      -0.3921937346458435,
      -0.4144252836704254,
      -0.37111401557922363,
      0.83097904920578,
      -0.03127594292163849,
      0.918348491191864,
      0.3945351243019104
    ],
    "timestamp" : 235176166708,
    "gravity" : [
      0.03127593547105789,
      -0.918348491191864,
      -0.394535094499588
    ]
  },
  {
    "userAcceleration" : [
      0.04672856628894806,
      0.03696328401565552,
      0.0038285255432128906
    ],
    "rotationMatrix" : [
      -0.9080089926719666,
      0.14117367565631866,
      -0.39444881677627563,
      -0.41787487268447876,
      -0.37262266874313354,
      0.8285729885101318,
      -0.030007869005203247,
      0.9171818494796753,
      0.39733755588531494
    ],
    "timestamp" : 235176176727,
    "gravity" : [
      0.03000786155462265,
      -0.9171818494796753,
      -0.39733749628067017
    ]
  },
  {
    "userAcceleration" : [
      0.03829694911837578,
      0.026253104209899902,
      0.0044765472412109375
    ],
    "rotationMatrix" : [
      -0.9064855575561523,
      0.14508379995822906,
      -0.3965283930301666,
      -0.4212890863418579,
      -0.37366825342178345,
      0.8263701796531677,
      -0.02827712893486023,
      0.9161456227302551,
      0.39984697103500366
    ],
    "timestamp" : 235176186746,
    "gravity" : [
      0.028277136385440826,
      -0.9161456227302551,
      -0.39984703063964844
    ]
  },
  {
    "userAcceleration" : [
      0.03421998769044876,
      0.015113651752471924,
      0.008988916873931885
    ],
    "rotationMatrix" : [
      -0.9052243232727051,
      0.1489654928445816,
      -0.3979668915271759,
      -0.4241265058517456,
      -0.3744218051433563,
      0.8245754241943359,
      -0.026174277067184448,
      0.9152143001556396,
      0.4021163284778595
    ],
    "timestamp" : 235176196764,
    "gravity" : [
      0.026174284517765045,
      -0.9152143001556396,
      -0.4021163284778595
    ]
  },
  {
    "userAcceleration" : [
      0.03101704642176628,
      0.004376709461212158,
      0.014006495475769043
    ],
    "rotationMatrix" : [
      -0.904102623462677,
      0.15288731455802917,
      -0.3990285396575928,
      -0.4266497790813446,
      -0.3750646412372589,
      0.8229802250862122,
      -0.023838266730308533,
      0.9143040776252747,
      0.40432634949684143
    ],
    "timestamp" : 235176206783,
    "gravity" : [
      0.023838263005018234,
      -0.9143040776252747,
      -0.40432631969451904
    ]
  },
  {
    "userAcceleration" : [
      0.02359120547771454,
      -0.0086439847946167,
      0.012433886528015137
    ],
    "rotationMatrix" : [
      -0.9031023383140564,
      0.15669864416122437,
      -0.39981433749198914,
      -0.42888516187667847,
      -0.3758079707622528,
      0.8214778304100037,
      -0.02152898907661438,
      0.9133530259132385,
      0.40659889578819275
    ],
    "timestamp" : 235176216801,
    "gravity" : [
      0.021528998389840126,
      -0.9133530855178833,
      -0.40659892559051514
    ]
  },
  {
    "userAcceleration" : [
      0.011477723717689514,
      -0.020048975944519043,
      0.002334773540496826
    ],
    "rotationMatrix" : [
      -0.9020071029663086,
      0.1603686660528183,
      -0.4008302688598633,
      -0.4312797784805298,
      -0.3766842484474182,
      0.8198210597038269,
      -0.019512832164764404,
      0.9123545289039612,
      0.4089357256889343
    ],
    "timestamp" : 235176226820,
    "gravity" : [
      0.0195128433406353,
      -0.9123545289039612,
      -0.40893569588661194
    ]
  },
  {
    "userAcceleration" : [
      0.005551556125283241,
      -0.02071094512939453,
      -0.0066834986209869385
    ],
    "rotationMatrix" : [
      -0.9008358120918274,
      0.1637759953737259,
      -0.4020840525627136,
      -0.4337887167930603,
      -0.3777790665626526,
      0.8179913759231567,
      -0.017931684851646423,
      0.9112957715988159,
      0.41136157512664795
    ],
    "timestamp" : 235176236838,
    "gravity" : [
      0.017931682989001274,
      -0.9112957715988159,
      -0.41136154532432556
    ]
  },
  {
    "userAcceleration" : [
      -0.005808684974908829,
      -0.030881762504577637,
      -0.012595951557159424
    ],
    "rotationMatrix" : [
      -0.8995558619499207,
      0.16691374778747559,
      -0.4036571979522705,
      -0.43648046255111694,
      -0.3791462182998657,
      0.8159245848655701,
      -0.016856029629707336,
      0.9101582169532776,
      0.4139177203178406
    ],
    "timestamp" : 235176246857,
    "gravity" : [
      0.016856037080287933,
      -0.9101582169532776,
      -0.4139177203178406
    ]
  },
  {
    "userAcceleration" : [
      -0.00955297239124775,
      -0.033436119556427,
      -0.015153080224990845
    ],
    "rotationMatrix" : [
      -0.8981263041496277,
      0.1698194444179535,
      -0.4056229591369629,
      -0.4394354522228241,
      -0.38075852394104004,
      0.8135840892791748,
      -0.016282066702842712,
      0.9089466333389282,
      0.41659432649612427
    ],
    "timestamp" : 235176256875,
    "gravity" : [
      0.01628207042813301,
      -0.9089466333389282,
      -0.4165942966938019
    ]
  },
  {
    "userAcceleration" : [
      -0.00557701475918293,
      -0.032923221588134766,
      -0.009455204010009766
    ],
    "rotationMatrix" : [
      -0.8966407179832458,
      0.17245180904865265,
      -0.40779370069503784,
      -0.4424646496772766,
      -0.3825703263282776,
      0.8110887408256531,
      -0.016136065125465393,
      0.9076895117759705,
      0.41933202743530273
    ],
    "timestamp" : 235176266894,
    "gravity" : [
      0.016136063262820244,
      -0.9076895117759705,
      -0.41933202743530273
    ]
  },
  {
    "userAcceleration" : [
      -0.003795197233557701,
      -0.03456747531890869,
      0.0010616183280944824
    ],
    "rotationMatrix" : [
      -0.895150363445282,
      0.17486348748207092,
      -0.4100351631641388,
      -0.4454673230648041,
      -0.3845010995864868,
      0.8085282444953918,
      -0.01627686619758606,
      0.9064114689826965,
      0.4220821261405945
    ],
    "timestamp" : 235176276912,
    "gravity" : [
      0.01627686806023121,
      -0.9064115285873413,
      -0.4220821261405945
    ]
  },
  {
    "userAcceleration" : [
      0.0044083017855882645,
      -0.03312402963638306,
      0.011648833751678467
    ],
    "rotationMatrix" : [
      -0.8937632441520691,
      0.17711158096790314,
      -0.4120904803276062,
      -0.4482353925704956,
      -0.3864647448062897,
      0.8060582876205444,
      -0.01649622619152069,
      0.9051388502120972,
      0.4247957766056061
    ],
    "timestamp" : 235176286931,
    "gravity" : [
      0.016496218740940094,
      -0.9051388502120972,
      -0.4247957766056061
    ]
  },
  {
    "userAcceleration" : [
      0.013521544635295868,
      -0.03228127956390381,
      0.0202980637550354
    ],
    "rotationMatrix" : [
      -0.8926694989204407,
      0.17904791235923767,
      -0.4136214256286621,
      -0.45040062069892883,
      -0.3884517252445221,
      0.8038932085037231,
      -0.01673661172389984,
      0.9039064645767212,
      0.427402526140213
    ],
    "timestamp" : 235176296949,
    "gravity" : [
      0.016736607998609543,
      -0.9039064049720764,
      -0.4274025559425354
    ]
  },
  {
    "userAcceleration" : [
      0.014444366097450256,
      -0.03311365842819214,
      0.023040443658828735
    ],
    "rotationMatrix" : [
      -0.8916722536087036,
      0.180805504322052,
      -0.4150051474571228,
      -0.4523596167564392,
      -0.39041972160339355,
      0.8018370866775513,
      -0.017049744725227356,
      0.9027078151702881,
      0.42991602420806885
    ],
    "timestamp" : 235176306968,
    "gravity" : [
      0.01704973354935646,
      -0.9027077555656433,
      -0.42991602420806885
    ]
  },
  {
    "userAcceleration" : [
      0.011401742696762085,
      -0.033743441104888916,
      0.021204441785812378
    ],
    "rotationMatrix" : [
      -0.8908006548881531,
      0.18236149847507477,
      -0.41619452834129333,
      -0.45405781269073486,
      -0.3924504816532135,
      0.7998835444450378,
      -0.017467856407165527,
      0.901513397693634,
      0.4323982298374176
    ],
    "timestamp" : 235176316986,
    "gravity" : [
      0.01746785268187523,
      -0.901513397693634,
      -0.43239825963974
    ]
  },
  {
    "userAcceleration" : [
      0.014518549665808678,
      -0.03178846836090088,
      0.015288859605789185
    ],
    "rotationMatrix" : [
      -0.889948308467865,
      0.18376615643501282,
      -0.4173983931541443,
      -0.45570245385169983,
      -0.39458736777305603,
      0.7978944778442383,
      -0.01807418465614319,
      0.9002945423126221,
      0.4349054992198944
    ],
    "timestamp" : 235176327005,
    "gravity" : [
      0.018074193969368935,
      -0.9002946019172668,
      -0.4349054992198944
    ]
  },
  {
    "userAcceleration" : [
      0.01828986220061779,
      -0.029510080814361572,
      0.005604147911071777
    ],
    "rotationMatrix" : [
      -0.8890288472175598,
      0.18510258197784424,
      -0.418765127658844,
      -0.4574611783027649,
      -0.39683303236961365,
      0.795771598815918,
      -0.01888050138950348,
      0.8990329504013062,
      0.4374736249446869
    ],
    "timestamp" : 235176337023,
    "gravity" : [
      0.018880516290664673,
      -0.8990329504013062,
      -0.4374736249446869
    ]
  },
  {
    "userAcceleration" : [
      0.038354117423295975,
      -0.008785605430603027,
      0.0036340951919555664
    ],
    "rotationMatrix" : [
      -0.8880576491355896,
      0.18639841675758362,
      -0.42024779319763184,
      -0.4593025743961334,
      -0.3991832435131073,
      0.7935320734977722,
      -0.019842877984046936,
      0.8977236151695251,
      0.4401117265224457
    ],
    "timestamp" : 235176347042,
    "gravity" : [
      0.019842883571982384,
      -0.8977236151695251,
      -0.4401117265224457
    ]
  },
  {
    "userAcceleration" : [
      0.037348225712776184,
      -0.01012331247329712,
      0.006305903196334839
    ],
    "rotationMatrix" : [
      -0.8869619965553284,
      0.18779298663139343,
      -0.42193788290023804,
      -0.46137091517448425,
      -0.40152886509895325,
      0.7911453247070312,
      -0.020848765969276428,
      0.8963860273361206,
      0.44278350472450256
    ],
    "timestamp" : 235176357060,
    "gravity" : [
      0.020848765969276428,
      -0.8963859677314758,
      -0.44278353452682495
    ]
  },
  {
    "userAcceleration" : [
      0.03645467013120651,
      -0.011468052864074707,
      0.008975207805633545
    ],
    "rotationMatrix" : [
      -0.8857531547546387,
      0.18938520550727844,
      -0.42376184463500977,
      -0.4636465609073639,
      -0.4037747383117676,
      0.788668155670166,
      -0.021742314100265503,
      0.8950412273406982,
      0.4454529285430908
    ],
    "timestamp" : 235176367079,
    "gravity" : [
      0.021742315962910652,
      -0.895041286945343,
      -0.44545286893844604
    ]
  },
  {
    "userAcceleration" : [
      0.040898554027080536,
      -0.007045924663543701,
      0.015814661979675293
    ],
    "rotationMatrix" : [
      -0.8845181465148926,
      0.19113513827323914,
      -0.42555302381515503,
      -0.4659654200077057,
      -0.4058919847011566,
      0.7862112522125244,
      -0.02245594561100006,
      0.8937109708786011,
      0.4480809271335602
    ],
    "timestamp" : 235176377097,
    "gravity" : [
      0.02245592325925827,
      -0.8937109708786011,
      -0.4480809271335602
    ]
  },
  {
    "userAcceleration" : [
      0.038962073624134064,
      -0.0028815269470214844,
      0.018444538116455078
    ],
    "rotationMatrix" : [
      -0.8832033276557922,
      0.19305723905563354,
      -0.4274114966392517,
      -0.46842628717422485,
      -0.4078004062175751,
      0.7837572693824768,
      -0.02298857271671295,
      0.8924278616905212,
      0.4506039321422577
    ],
    "timestamp" : 235176387116,
    "gravity" : [
      0.022988570854067802,
      -0.892427921295166,
      -0.4506039321422577
    ]
  },
  {
    "userAcceleration" : [
      0.030765339732170105,
      -0.004997611045837402,
      0.018721282482147217
    ],
    "rotationMatrix" : [
      -0.8819311261177063,
      0.1950109302997589,
      -0.42914849519729614,
      -0.4708001911640167,
      -0.40949323773384094,
      0.781449019908905,
      -0.023342296481132507,
      0.8912273049354553,
      0.45295587182044983
    ],
    "timestamp" : 235176397134,
    "gravity" : [
      0.02334229089319706,
      -0.8912273049354553,
      -0.45295587182044983
    ]
  },
  {
    "userAcceleration" : [
      0.02392389066517353,
      -0.015148639678955078,
      0.019041627645492554
    ],
    "rotationMatrix" : [
      -0.8806068301200867,
      0.19699840247631073,
      -0.43095582723617554,
      -0.47326040267944336,
      -0.4109041392803192,
      0.7792189717292786,
      -0.02357669174671173,
      0.8901399970054626,
      0.45507678389549255
    ],
    "timestamp" : 235176407153,
    "gravity" : [
      0.02357669733464718,
      -0.8901399374008179,
      -0.45507678389549255
    ]
  },
  {
    "userAcceleration" : [
      0.019495327025651932,
      -0.02699911594390869,
      0.02147868275642395
    ],
    "rotationMatrix" : [
      -0.8791224956512451,
      0.19907453656196594,
      -0.4330267310142517,
      -0.4760045111179352,
      -0.4119710624217987,
      0.7769806385040283,
      -0.023717522621154785,
      0.8891842365264893,
      0.45693400502204895
    ],
    "timestamp" : 235176417171,
    "gravity" : [
      0.023717526346445084,
      -0.8891842365264893,
      -0.45693397521972656
    ]
  },
  {
    "userAcceleration" : [
      0.018201276659965515,
      -0.033702850341796875,
      0.024368643760681152
    ],
    "rotationMatrix" : [
      -0.8778748512268066,
      0.20094338059425354,
      -0.4346919655799866,
      -0.47830143570899963,
      -0.41288456320762634,
      0.7750831842422485,
      -0.023729875683784485,
      0.8883399963378906,
      0.45857277512550354
    ],
    "timestamp" : 235176427190,
    "gravity" : [
      0.023729857057332993,
      -0.8883399367332458,
      -0.45857271552085876
    ]
  },
  {
    "userAcceleration" : [
      0.0188425462692976,
      -0.03231322765350342,
      0.02928653359413147
    ],
    "rotationMatrix" : [
      -0.8767274618148804,
      0.20284205675125122,
      -0.43612343072891235,
      -0.4804126024246216,
      -0.41359400749206543,
      0.7733973860740662,
      -0.023500576615333557,
      0.8875780701637268,
      0.4600573778152466
    ],
    "timestamp" : 235176437208,
    "gravity" : [
      0.02350057102739811,
      -0.8875780701637268,
      -0.4600573778152466
    ]
  },
  {
    "userAcceleration" : [
      -0.004244072362780571,
      -0.03902161121368408,
      0.027489423751831055
    ],
    "rotationMatrix" : [
      -0.8756715059280396,
      0.2047727108001709,
      -0.43734103441238403,
      -0.48235535621643066,
      -0.41416892409324646,
      0.7718790173530579,
      -0.023073390126228333,
      0.8868663907051086,
      0.46144941449165344
    ],
    "timestamp" : 235176447227,
    "gravity" : [
      0.023073382675647736,
      -0.8868663907051086,
      -0.46144938468933105
    ]
  },
  {
    "userAcceleration" : [
      -0.003789277747273445,
      -0.03971964120864868,
      0.028851062059402466
    ],
    "rotationMatrix" : [
      -0.8746334910392761,
      0.20669381320476532,
      -0.43851280212402344,
      -0.4842563271522522,
      -0.4147084355354309,
      0.7703976035118103,
      -0.022618591785430908,
      0.8861683011054993,
      0.4628109931945801
    ],
    "timestamp" : 235176457245,
    "gravity" : [
      0.022618591785430908,
      -0.8861683011054993,
      -0.4628109931945801
    ]
  },
  {
    "userAcceleration" : [
      -0.012322168797254562,
      -0.048025667667388916,
      0.030276775360107422
    ],
    "rotationMatrix" : [
      -0.8736439943313599,
      0.2085087150335312,
      -0.43962526321411133,
      -0.48605507612228394,
      -0.4153751730918884,
      0.7689043879508972,
      -0.022286131978034973,
      0.8854307532310486,
      0.46423670649528503
    ],
    "timestamp" : 235176467264,
    "gravity" : [
      0.022286126390099525,
      -0.8854307532310486,
      -0.46423670649528503
    ]
  },
  {
    "userAcceleration" : [
      -0.012247079983353615,
      -0.04884183406829834,
      0.031833767890930176
    ],
    "rotationMatrix" : [
      -0.872566819190979,
      0.21026183664798737,
      -0.44092756509780884,
      -0.487989604473114,
      -0.4162295460700989,
      0.7672151923179626,
      -0.022211015224456787,
      0.8846145272254944,
      0.4657936990261078
    ],
    "timestamp" : 235176477282,
    "gravity" : [
      0.02221103012561798,
      -0.8846145272254944,
      -0.4657936990261078
    ]
  },
  {
    "userAcceleration" : [
      -0.01670519821345806,
      -0.055921316146850586,
      0.03142058849334717
    ],
    "rotationMatrix" : [
      -0.8714486360549927,
      0.21190619468688965,
      -0.44234907627105713,
      -0.48997342586517334,
      -0.41733741760253906,
      0.7653464674949646,
      -0.02242720127105713,
      0.8836995959281921,
      0.46751680970191956
    ],
    "timestamp" : 235176487301,
    "gravity" : [
      0.022427206858992577,
      -0.8836995959281921,
      -0.46751680970191956
    ]
  },
  {
    "userAcceleration" : [
      -0.014772972092032433,
      -0.05817615985870361,
      0.034451186656951904
    ],
    "rotationMatrix" : [
      -0.870509147644043,
      0.21334578096866608,
      -0.44350558519363403,
      -0.49162226915359497,
      -0.4187577962875366,
      0.7635111212730408,
      -0.022829577326774597,
      0.8826807141304016,
      0.4694181978702545
    ],
    "timestamp" : 235176497319,
    "gravity" : [
      0.02282959222793579,
      -0.8826807737350464,
      -0.4694181978702545
    ]
  },
  {
    "userAcceleration" : [
      -0.006081100553274155,
      -0.05579143762588501,
      0.03614547848701477
    ],
    "rotationMatrix" : [
      -0.8695167303085327,
      0.214863583445549,
      -0.4447174668312073,
      -0.4933539628982544,
      -0.4202839136123657,
      0.7615528702735901,
      -0.02327771484851837,
      0.8815863728523254,
      0.47144821286201477
    ],
    "timestamp" : 235176507338,
    "gravity" : [
      0.023277712985873222,
      -0.8815864324569702,
      -0.47144821286201477
    ]
  },
  {
    "userAcceleration" : [
      0.0012375973165035248,
      -0.04595750570297241,
      0.028792738914489746
    ],
    "rotationMatrix" : [
      -0.8684626221656799,
      0.21653051674365997,
      -0.44596683979034424,
      -0.49519091844558716,
      -0.421745628118515,
      0.7595498561859131,
      -0.02361893653869629,
      0.8804796934127808,
      0.47349485754966736
    ],
    "timestamp" : 235176517356,
    "gravity" : [
      0.023618929088115692,
      -0.8804796934127808,
      -0.47349485754966736
    ]
  },
  {
    "userAcceleration" : [
      0.0008469466120004654,
      -0.03278297185897827,
      0.017008185386657715
    ],
    "rotationMatrix" : [
      -0.8673532009124756,
      0.2182798683643341,
      -0.44727182388305664,
      -0.497122198343277,
      -0.42299431562423706,
      0.757591724395752,
      -0.0238264799118042,
      0.879448413848877,
      0.4753974378108978
    ],
    "timestamp" : 235176527375,
    "gravity" : [
      0.02382647804915905,
      -0.879448413848877,
      -0.4753974378108978
    ]
  },
  {
    "userAcceleration" : [
      -0.006655270233750343,
      -0.026816129684448242,
      0.00192338228225708
    ],
    "rotationMatrix" : [
      -0.8661577105522156,
      0.21993447840213776,
      -0.4487747550010681,
      -0.49919092655181885,
      -0.4239419102668762,
      0.7556990385055542,
      -0.02405025064945221,
      0.8785792589187622,
      0.4769904613494873
    ],
    "timestamp" : 235176537393,
    "gravity" : [
      0.024050263687968254,
      -0.8785791993141174,
      -0.4769904613494873
    ]
  },
  {
    "userAcceleration" : [
      -0.021024340763688087,
      -0.02696162462234497,
      -0.006320953369140625
    ],
    "rotationMatrix" : [
      -0.8648738861083984,
      0.2213238924741745,
      -0.45056501030921936,
      -0.5013929605484009,
      -0.424594908952713,
      0.7538727521896362,
      -0.024457544088363647,
      0.8779150247573853,
      0.4781913757324219
    ],
    "timestamp" : 235176547412,
    "gravity" : [
      0.024457545951008797,
      -0.8779150247573853,
      -0.4781913757324219
    ]
  },
  {
    "userAcceleration" : [
      -0.02981373481452465,
      -0.026541709899902344,
      -0.001571357250213623
    ],
    "rotationMatrix" : [
      -0.8633949756622314,
      0.2225567251443863,
      -0.452788770198822,
      -0.5039047598838806,
      -0.4250063896179199,
      0.7519637942314148,
      -0.025083497166633606,
      0.8774041533470154,
      0.4790957570075989
    ],
    "timestamp" : 235176557430,
    "gravity" : [
      0.025083493441343307,
      -0.8774041533470154,
      -0.4790957570075989
    ]
  },
  {
    "userAcceleration" : [
      -0.03175180032849312,
      -0.027241170406341553,
      0.018230080604553223
    ],
    "rotationMatrix" : [
      -0.8617827296257019,
      0.22373837232589722,
      -0.4552702009677887,
      -0.5066171884536743,
      -0.4253566265106201,
      0.7499401569366455,
      -0.025861889123916626,
      0.8769334554672241,
      0.47991520166397095
    ],
    "timestamp" : 235176567449,
    "gravity" : [
      0.025861885398626328,
      -0.8769335150718689,
      -0.47991520166397095
    ]
  },
  {
    "userAcceleration" : [
      -0.026736736297607422,
      -0.02597677707672119,
      0.044781774282455444
    ],
    "rotationMatrix" : [
      -0.8600950837135315,
      0.22498944401741028,
      -0.4578377902507782,
      -0.5094335079193115,
      -0.4258013963699341,
      0.7477767467498779,
