[
  {
    "userAcceleration" : [
      0.04064042866230011,
      -0.0007039904594421387,
      -0.029849469661712646
    ],
    "rotationMatrix" : [
      -0.47872626781463623,
      -0.7771226763725281,
      0.4085356891155243,
      0.855916440486908,
      -0.30947381258010864,
      0.4142860174179077,
      -0.19551989436149597,
      0.5480020642280579,
      0.8133054375648499
    ],
    "timestamp" : 235155784580,
    "gravity" : [
      0.19551989436149597,
      -0.5480020642280579,
      -0.8133054375648499
    ]
  },
  {
    "userAcceleration" : [
      0.0334019660949707,
      -0.002790689468383789,
      -0.0331915020942688
    ],
    "rotationMatrix" : [
      -0.48025089502334595,
      -0.775629460811615,
      0.4095826745033264,
      0.8550745844841003,
      -0.309937983751297,
      0.4156751334667206,
      -0.19546467065811157,
      0.5498521327972412,
      0.8120690584182739
    ],
    "timestamp" : 235155794598,
    "gravity" : [
      0.19546467065811157,
      -0.5498520731925964,
      -0.8120691180229187
    ]
  },
  {
    "userAcceleration" : [
      0.02309289574623108,
      -0.013853847980499268,
      -0.06300872564315796
    ],
    "rotationMatrix" : [
      -0.4818320870399475,
      -0.7737327814102173,
      0.4113089442253113,
      0.8542938232421875,
      -0.31033816933631897,
      0.41697946190834045,
      -0.1949857473373413,
      0.5522929430007935,
      0.810526430606842
    ],
    "timestamp" : 235155804617,
    "gravity" : [
      0.1949857473373413,
      -0.5522929430007935,
      -0.8105263710021973
    ]
  },
  {
    "userAcceleration" : [
      0.004099845886230469,
      -0.021388888359069824,
      -0.09091794490814209
    ],
    "rotationMatrix" : [
      -0.4835348129272461,
      -0.7713605165481567,
      0.41375911235809326,
      0.8534679412841797,
      -0.31049197912216187,
      0.4185532033443451,
      -0.19438648223876953,
      0.5555153489112854,
      0.8084655404090881
    ],
    "timestamp" : 235155814635,
    "gravity" : [
      0.19438649713993073,
      -0.5555153489112854,
      -0.8084655404090881
    ]
  },
  {
    "userAcceleration" : [
      0.0020820945501327515,
      -0.024474620819091797,
      -0.11377739906311035
    ],
    "rotationMatrix" : [
      -0.4853523075580597,
      -0.7685476541519165,
      0.4168543815612793,
      0.8525149822235107,
      -0.31018543243408203,
      0.4207172989845276,
      -0.19403916597366333,
      0.5595707297325134,
      0.8057476878166199
    ],
    "timestamp" : 235155824653,
    "gravity" : [
      0.19403915107250214,
      -0.5595707297325134,
      -0.8057476878166199
    ]
  },
  {
    "userAcceleration" : [
      0.006078958511352539,
      -0.020401477813720703,
      -0.11174094676971436
    ],
    "rotationMatrix" : [
      -0.4874073266983032,
      -0.765282392501831,
      0.4204484224319458,
      0.8513416051864624,
      -0.3094958961009979,
      0.4235914647579193,
      -0.19404006004333496,
      0.5644068121910095,
      0.8023673295974731
    ],
    "timestamp" : 235155834671,
    "gravity" : [
      0.19404007494449615,
      -0.5644068717956543,
      -0.8023673295974731
    ]
  },
  {
    "userAcceleration" : [
      0.0069769322872161865,
      -0.023592889308929443,
      -0.09554898738861084
    ],
    "rotationMatrix" : [
      -0.4895332157611847,
      -0.7616937160491943,
      0.42447543144226074,
      0.8500713109970093,
      -0.30842486023902893,
      0.4269101917743683,
      -0.194255992770195,
      0.569821298122406,
      0.7984786629676819
    ],
    "timestamp" : 235155844689,
    "gravity" : [
      0.194255992770195,
      -0.5698213577270508,
      -0.7984786629676819
    ]
  },
  {
    "userAcceleration" : [
      0.003962859511375427,
      -0.03264820575714111,
      -0.08018803596496582
    ],
    "rotationMatrix" : [
      -0.49181950092315674,
      -0.7578712105751038,
      0.42865389585494995,
      0.8486613631248474,
      -0.3071981966495514,
      0.4305841028690338,
      -0.19464558362960815,
      0.5755518674850464,
      0.7942626476287842
    ],
    "timestamp" : 235155854707,
    "gravity" : [
      0.19464555382728577,
      -0.5755518078804016,
      -0.7942626476287842
    ]
  },
  {
    "userAcceleration" : [
      0.006432011723518372,
      -0.026925206184387207,
      -0.07880091667175293
    ],
    "rotationMatrix" : [
      -0.4944252669811249,
      -0.7538442015647888,
      0.4327385723590851,
      0.8469981551170349,
      -0.30598312616348267,
      0.43470507860183716,
      -0.1952892243862152,
      0.5814579129219055,
      0.7897903323173523
    ],
    "timestamp" : 235155864725,
    "gravity" : [
      0.19528920948505402,
      -0.5814579129219055,
      -0.7897903323173523
    ]
  },
  {
    "userAcceleration" : [
      0.010401606559753418,
      -0.020694375038146973,
      -0.09132939577102661
    ],
    "rotationMatrix" : [
      -0.4972551167011261,
      -0.7496195435523987,
      0.4368153214454651,
      0.8451424241065979,
      -0.3046894669532776,
      0.43920207023620605,
      -0.19614140689373016,
      0.5875667333602905,
      0.7850438356399536
    ],
    "timestamp" : 235155874743,
    "gravity" : [
      0.19614140689373016,
      -0.5875666737556458,
      -0.7850438952445984
    ]
  },
  {
    "userAcceleration" : [
      0.01102977991104126,
      -0.02322864532470703,
      -0.10578125715255737
    ],
    "rotationMatrix" : [
      -0.500495433807373,
      -0.7450512051582336,
      0.4409109950065613,
      0.8429751992225647,
      -0.3033788204193115,
      0.44424504041671753,
      -0.19722218811511993,
      0.5940198302268982,
      0.7798998355865479
    ],
    "timestamp" : 235155884762,
    "gravity" : [
      0.19722218811511993,
      -0.5940198302268982,
      -0.7798998355865479
    ]
  },
  {
    "userAcceleration" : [
      0.00968886911869049,
      -0.01829606294631958,
      -0.12171536684036255
    ],
    "rotationMatrix" : [
      -0.5040831565856934,
      -0.740043044090271,
      0.44523754715919495,
      0.8405265808105469,
      -0.30186155438423157,
      0.4498829245567322,
      -0.1985326111316681,
      0.6010124087333679,
      0.7741891741752625
    ],
    "timestamp" : 235155894780,
    "gravity" : [
      0.19853262603282928,
      -0.6010124087333679,
      -0.7741891741752625
    ]
  },
  {
    "userAcceleration" : [
      0.005194634199142456,
      -0.014857590198516846,
      -0.12441575527191162
    ],
    "rotationMatrix" : [
      -0.5079566836357117,
      -0.7344343066215515,
      0.450095534324646,
      0.837866485118866,
      -0.3000103831291199,
      0.4560409486293793,
      -0.19989879429340363,
      0.6087690591812134,
      0.7677503824234009
    ],
    "timestamp" : 235155904798,
    "gravity" : [
      0.19989877939224243,
      -0.6087690591812134,
      -0.7677503824234009
    ]
  },
  {
    "userAcceleration" : [
      -0.013413891196250916,
      -0.022400259971618652,
      -0.10540777444839478
    ],
    "rotationMatrix" : [
      -0.5118920803070068,
      -0.7282552719116211,
      0.4556431770324707,
      0.8351620435714722,
      -0.2976764738559723,
      0.4624856114387512,
      -0.2011733204126358,
      0.6172786355018616,
      0.7605894804000854
    ],
    "timestamp" : 235155914816,
    "gravity" : [
      0.2011733055114746,
      -0.6172786355018616,
      -0.7605894804000854
    ]
  },
  {
    "userAcceleration" : [
      -0.028225526213645935,
      -0.02869349718093872,
      -0.09176087379455566
    ],
    "rotationMatrix" : [
      -0.5157340168952942,
      -0.7216647863388062,
      0.46175602078437805,
      0.8325079679489136,
      -0.2948266863822937,
      0.46904999017715454,
      -0.20235887169837952,
      0.6263205409049988,
      0.7528436183929443
    ],
    "timestamp" : 235155924834,
    "gravity" : [
      0.2023588865995407,
      -0.626320481300354,
      -0.7528436183929443
    ]
  },
  {
    "userAcceleration" : [
      -0.032017067074775696,
      -0.03116971254348755,
      -0.07832115888595581
    ],
    "rotationMatrix" : [
      -0.5196169018745422,
      -0.7147383689880371,
      0.46813133358955383,
      0.8298004865646362,
      -0.2916388213634491,
      0.4757915735244751,
      -0.2035411298274994,
      0.6356850862503052,
      0.7446310520172119
    ],
    "timestamp" : 235155934852,
    "gravity" : [
      0.2035411298274994,
      -0.6356850862503052,
      -0.7446310520172119
    ]
  },
  {
    "userAcceleration" : [
      -0.029743626713752747,
      -0.026356220245361328,
      -0.06529802083969116
    ],
    "rotationMatrix" : [
      -0.5234304666519165,
      -0.7075585126876831,
      0.4747435450553894,
      0.8271331787109375,
      -0.2881336510181427,
      0.4825243353843689,
      -0.20462465286254883,
      0.6452440619468689,
      0.7360630631446838
    ],
    "timestamp" : 235155944869,
    "gravity" : [
      0.20462465286254883,
      -0.6452440619468689,
      -0.7360630631446838
    ]
  },
  {
    "userAcceleration" : [
      -0.023081853985786438,
      -0.019310474395751953,
      -0.0658491849899292
    ],
    "rotationMatrix" : [
      -0.5272990465164185,
      -0.7000901103019714,
      0.4814869463443756,
      0.8244393467903137,
      -0.28446632623672485,
      0.48926350474357605,
      -0.20556172728538513,
      0.654944896697998,
      0.727180540561676
    ],
    "timestamp" : 235155954887,
    "gravity" : [
      0.20556174218654633,
      -0.654944896697998,
      -0.727180540561676
    ]
  },
  {
    "userAcceleration" : [
      -0.020667821168899536,
      -0.019396960735321045,
      -0.06528949737548828
    ],
    "rotationMatrix" : [
      -0.5311840772628784,
      -0.6923543810844421,
      0.48835307359695435,
      0.8217280507087708,
      -0.28056609630584717,
      0.4960298240184784,
      -0.20641310513019562,
      0.6647765636444092,
      0.7179594039916992
    ],
    "timestamp" : 235155964906,
    "gravity" : [
      0.20641309022903442,
      -0.6647765636444092,
      -0.7179594039916992
    ]
  },
  {
    "userAcceleration" : [
      -0.02622745931148529,
      -0.01879972219467163,
      -0.06252366304397583
    ],
    "rotationMatrix" : [
      -0.5351122617721558,
      -0.6844238042831421,
      0.49519532918930054,
      0.8189349174499512,
      -0.27638545632362366,
      0.5029476881027222,
      -0.20736455917358398,
      0.6746664047241211,
      0.7083961367607117
    ],
    "timestamp" : 235155974924,
    "gravity" : [
      0.20736458897590637,
      -0.6746664047241211,
      -0.7083961367607117
    ]
  },
  {
    "userAcceleration" : [
      -0.03196926414966583,
      -0.012803137302398682,
      -0.06443202495574951
    ],
    "rotationMatrix" : [
      -0.5392749905586243,
      -0.6763519644737244,
      0.5017269849777222,
      0.8158444762229919,
      -0.2719069719314575,
      0.5103566646575928,
      -0.20875763893127441,
      0.6845539808273315,
      0.6984310746192932
    ],
    "timestamp" : 235155984942,
    "gravity" : [
      0.20875762403011322,
      -0.6845539808273315,
      -0.6984310746192932
    ]
  },
  {
    "userAcceleration" : [
      -0.030733853578567505,
      -0.002544701099395752,
      -0.04179137945175171
    ],
    "rotationMatrix" : [
      -0.5437824726104736,
      -0.668247640132904,
      0.5076861381530762,
      0.8123586773872375,
      -0.2672891318798065,
      0.5182948112487793,
      -0.2106502652168274,
      0.6942631006240845,
      0.688204288482666
    ],
    "timestamp" : 235155994960,
    "gravity" : [
      0.2106502503156662,
      -0.6942630410194397,
      -0.688204288482666
    ]
  },
  {
    "userAcceleration" : [
      -0.021810099482536316,
      0.01339024305343628,
      -0.011803925037384033
    ],
    "rotationMatrix" : [
      -0.5485471487045288,
      -0.6601927280426025,
      0.5130699276924133,
      0.8085808753967285,
      -0.2626733183860779,
      0.526496946811676,
      -0.2128196507692337,
      0.7036672234535217,
      0.6779085993766785
    ],
    "timestamp" : 235156004978,
    "gravity" : [
      0.2128196507692337,
      -0.7036672830581665,
      -0.6779085993766785
    ]
  },
  {
    "userAcceleration" : [
      -0.015440762042999268,
      0.019987940788269043,
      0.019784986972808838
    ],
    "rotationMatrix" : [
      -0.5535410642623901,
      -0.6521202921867371,
      0.5180068612098694,
      0.8046576380729675,
      -0.2583926022052765,
      0.5345643758773804,
      -0.21475106477737427,
      0.7127217054367065,
      0.6677647233009338
    ],
    "timestamp" : 235156014996,
    "gravity" : [
      0.21475107967853546,
      -0.7127216458320618,
      -0.6677647233009338
    ]
  },
  {
    "userAcceleration" : [
      -0.007644921541213989,
      0.0125809907913208,
      0.03982311487197876
    ],
    "rotationMatrix" : [
      -0.558131217956543,
      -0.6440404057502747,
      0.5231644511222839,
      0.8011767268180847,
      -0.2542504072189331,
      0.5417307615280151,
      -0.21588164567947388,
      0.7215042114257812,
      0.6578956246376038
    ],
    "timestamp" : 235156025014,
    "gravity" : [
      0.21588164567947388,
      -0.721504271030426,
      -0.6578956246376038
    ]
  },
  {
    "userAcceleration" : [
      -0.02432619035243988,
      -0.003004908561706543,
      0.01225137710571289
    ],
    "rotationMatrix" : [
      -0.5622326731681824,
      -0.6358594298362732,
      0.5287503004074097,
      0.7982370257377625,
      -0.2501733899116516,
      0.5479331612586975,
      -0.21612918376922607,
      0.7301340699195862,
      0.6482224464416504
    ],
    "timestamp" : 235156035032,
    "gravity" : [
      0.21612918376922607,
      -0.7301340699195862,
      -0.6482224464416504
    ]
  },
  {
    "userAcceleration" : [
      -0.02417781949043274,
      0.005519449710845947,
      0.0025709867477416992
    ],
    "rotationMatrix" : [
      -0.5659769773483276,
      -0.6276116371154785,
      0.5345780253410339,
      0.7956269979476929,
      -0.24594146013259888,
      0.5536157488822937,
      -0.21598084270954132,
      0.7386584877967834,
      0.6385420560836792
    ],
    "timestamp" : 235156045051,
    "gravity" : [
      0.21598084270954132,
      -0.7386584877967834,
      -0.6385419964790344
    ]
  },
  {
    "userAcceleration" : [
      -0.030726358294487,
      0.008683919906616211,
      -0.013777077198028564
    ],
    "rotationMatrix" : [
      -0.5693488121032715,
      -0.6194770932197571,
      0.5404531955718994,
      0.793233335018158,
      -0.2412937581539154,
      0.5590687990188599,
      -0.2159222960472107,
      0.7470108270645142,
      0.6287705302238464
    ],
    "timestamp" : 235156055069,
    "gravity" : [
      0.2159222960472107,
      -0.7470108270645142,
      -0.6287704706192017
    ]
  },
  {
    "userAcceleration" : [
      -0.03517089784145355,
      0.012136578559875488,
      -0.014799356460571289
    ],
    "rotationMatrix" : [
      -0.5734977126121521,
      -0.6113454699516296,
      0.5453047156333923,
      0.7901254296302795,
      -0.23700127005577087,
      0.5652719736099243,
      -0.21633851528167725,
      0.755041241645813,
      0.6189591884613037
    ],
    "timestamp" : 235156065087,
    "gravity" : [
      0.21633854508399963,
      -0.7550411820411682,
      -0.6189591884613037
    ]
  },
  {
    "userAcceleration" : [
      -0.04045756161212921,
      0.012988746166229248,
      0.002705216407775879
    ],
    "rotationMatrix" : [
      -0.5780630111694336,
      -0.6034525036811829,
      0.5492609739303589,
      0.7865157723426819,
      -0.2327698916196823,
      0.5720233917236328,
      -0.2173374593257904,
      0.762668251991272,
      0.6091809868812561
    ],
    "timestamp" : 235156075105,
    "gravity" : [
      0.2173374593257904,
      -0.762668251991272,
      -0.6091809868812561
    ]
  },
  {
    "userAcceleration" : [
      -0.045718297362327576,
      0.009735941886901855,
      0.026624321937561035
    ],
    "rotationMatrix" : [
      -0.5828666687011719,
      -0.595808744430542,
      0.5525199770927429,
      0.7825897932052612,
      -0.22862327098846436,
      0.579037606716156,
      -0.21867670118808746,
      0.7698982357978821,
      0.599530816078186
    ],
    "timestamp" : 235156085123,
    "gravity" : [
      0.21867670118808746,
      -0.7698982357978821,
      -0.599530816078186
    ]
  },
  {
    "userAcceleration" : [
      -0.03201422095298767,
      0.0023344755172729492,
      0.05522346496582031
    ],
    "rotationMatrix" : [
      -0.5871717929840088,
      -0.5884707570075989,
      0.5558162331581116,
      0.7790607810020447,
      -0.22441953420639038,
      0.5854061245918274,
      -0.21975839138031006,
      0.7767484784126282,
      0.5902271270751953
    ],
    "timestamp" : 235156095141,
    "gravity" : [
      0.21975837647914886,
      -0.7767484784126282,
      -0.5902271866798401
    ]
  },
  {
    "userAcceleration" : [
      -0.021574705839157104,
      0.002346515655517578,
      0.06054556369781494
    ],
    "rotationMatrix" : [
      -0.5914377570152283,
      -0.5811514854431152,
      0.5589848160743713,
      0.7757238149642944,
      -0.22082850337028503,
      0.5911743640899658,
      -0.2201220989227295,
      0.7832608222961426,
      0.5814195871353149
    ],
    "timestamp" : 235156105159,
    "gravity" : [
      0.22012211382389069,
      -0.7832607626914978,
      -0.5814195871353149
    ]
  },
  {
    "userAcceleration" : [
      -0.024584919214248657,
      0.004596114158630371,
      0.030573606491088867
    ],
    "rotationMatrix" : [
      -0.594639003276825,
      -0.5740901231765747,
      0.5628719329833984,
      0.7733148336410522,
      -0.21685248613357544,
      0.5957843661308289,
      -0.21997375786304474,
      0.7895539402961731,
      0.5729014873504639
    ],
    "timestamp" : 235156115177,
    "gravity" : [
      0.21997374296188354,
      -0.7895538806915283,
      -0.5729014873504639
    ]
  },
  {
    "userAcceleration" : [
      -0.024725183844566345,
      0.011729955673217773,
      -0.01001805067062378
    ],
    "rotationMatrix" : [
      -0.5972777009010315,
      -0.5670653581619263,
      0.567182719707489,
      0.7713475227355957,
      -0.21239246428012848,
      0.5999270081520081,
      -0.21973252296447754,
      0.795818030834198,
      0.5642617344856262
    ],
    "timestamp" : 235156125196,
    "gravity" : [
      0.21973253786563873,
      -0.795818030834198,
      -0.5642617344856262
    ]
  },
  {
    "userAcceleration" : [
      -0.01997677981853485,
      0.022466182708740234,
      -0.027668356895446777
    ],
    "rotationMatrix" : [
      -0.6004205942153931,
      -0.5598443150520325,
      0.571025013923645,
      0.768913209438324,
      -0.2079927623271942,
      0.604575514793396,
      -0.21969908475875854,
      0.8020682334899902,
      0.5553547143936157
    ],
    "timestamp" : 235156135214,
    "gravity" : [
      0.21969909965991974,
      -0.8020682334899902,
      -0.5553547739982605
    ]
  },
  {
    "userAcceleration" : [
      -0.01741078495979309,
      0.005657315254211426,
      0.007379114627838135
    ],
    "rotationMatrix" : [
      -0.6037991046905518,
      -0.5526167154312134,
      0.5744922161102295,
      0.766197919845581,
      -0.2035033255815506,
      0.6095300912857056,
      -0.21992547810077667,
      0.8082085847854614,
      0.5462890267372131
    ],
    "timestamp" : 235156145232,
    "gravity" : [
      0.21992546319961548,
      -0.8082085251808167,
      -0.5462890267372131
    ]
  },
  {
    "userAcceleration" : [
      -0.01783934235572815,
      0.011580049991607666,
      -0.0016628503799438477
    ],
    "rotationMatrix" : [
      -0.6075605154037476,
      -0.5454500317573547,
      0.5773684978485107,
      0.7630952000617981,
      -0.1991846263408661,
      0.6148261427879333,
      -0.22035402059555054,
      0.8141312003135681,
      0.5372470617294312
    ],
    "timestamp" : 235156155250,
    "gravity" : [
      0.22035400569438934,
      -0.8141312003135681,
      -0.5372471213340759
    ]
  },
  {
    "userAcceleration" : [
      -0.05444478988647461,
      -0.02219182252883911,
      0.05318731069564819
    ],
    "rotationMatrix" : [
      -0.6113855838775635,
      -0.5385259389877319,
      0.5798252820968628,
      0.759852409362793,
      -0.19490300118923187,
      0.6201910972595215,
      -0.22097928822040558,
      0.8197575807571411,
      0.5283612608909607
    ],
    "timestamp" : 235156165268,
    "gravity" : [
      0.2209792584180832,
      -0.8197575807571411,
      -0.5283612608909607
    ]
  },
  {
    "userAcceleration" : [
      -0.05520075559616089,
      -0.016926348209381104,
      0.04460519552230835
    ],
    "rotationMatrix" : [
      -0.6150572299957275,
      -0.5319686532020569,
      0.5819908380508423,
      0.7566620707511902,
      -0.19064584374427795,
      0.6253927946090698,
      -0.22173519432544708,
      0.8250230550765991,
      0.5197790861129761
    ],
    "timestamp" : 235156175286,
    "gravity" : [
      0.2217351794242859,
      -0.8250230550765991,
      -0.5197790861129761
    ]
  },
  {
    "userAcceleration" : [
      -0.055839329957962036,
      -0.011973202228546143,
      0.03638178110122681
    ],
    "rotationMatrix" : [
      -0.6183513402938843,
      -0.5257259607315063,
      0.5841689705848694,
      0.7537844181060791,
      -0.18641717731952667,
      0.6301248073577881,
      -0.22237379848957062,
      0.8299762010574341,
      0.5115557312965393
    ],
    "timestamp" : 235156185304,
    "gravity" : [
      0.22237376868724823,
      -0.8299762010574341,
      -0.5115557312965393
    ]
  },
  {
    "userAcceleration" : [
      -0.054421961307525635,
      -0.015218377113342285,
      0.03559708595275879
    ],
    "rotationMatrix" : [
      -0.6209684610366821,
      -0.5196356177330017,
      0.5868362188339233,
      0.7515618205070496,
      -0.18209640681743622,
      0.6340311169624329,
      -0.22260436415672302,
      0.8347571492195129,
      0.5036146640777588
    ],
    "timestamp" : 235156195322,
    "gravity" : [
      0.22260436415672302,
      -0.8347571492195129,
      -0.5036146640777588
    ]
  },
  {
    "userAcceleration" : [
      -0.04235731065273285,
      -0.01935797929763794,
      0.00684162974357605
    ],
    "rotationMatrix" : [
      -0.6227836608886719,
      -0.5135034918785095,
      0.5903000831604004,
      0.7501201033592224,
      -0.17742566764354706,
      0.6370554566383362,
      -0.22239577770233154,
      0.839543879032135,
      0.49568745493888855
    ],
    "timestamp" : 235156205341,
    "gravity" : [
      0.22239576280117035,
      -0.839543879032135,
      -0.49568745493888855
    ]
  },
  {
    "userAcceleration" : [
      -0.028247207403182983,
      -0.014770150184631348,
      -0.028962165117263794
    ],
    "rotationMatrix" : [
      -0.6243985295295715,
      -0.5071389675140381,
      0.5940844416618347,
      0.7488749027252197,
      -0.17244192957878113,
      0.6398827433586121,
      -0.22206436097621918,
      0.8444369435310364,
      0.4874562919139862
    ],
    "timestamp" : 235156215359,
    "gravity" : [
      0.22206436097621918,
      -0.8444368839263916,
      -0.4874562919139862
    ]
  },
  {
    "userAcceleration" : [
      -0.015354529023170471,
      -0.004450559616088867,
      -0.04576638340950012
    ],
    "rotationMatrix" : [
      -0.6261978149414062,
      -0.5006312131881714,
      0.597698986530304,
      0.7474067211151123,
      -0.16722558438777924,
      0.6429761648178101,
      -0.22194330394268036,
      0.8493548631668091,
      0.47889184951782227
    ],
    "timestamp" : 235156225377,
    "gravity" : [
      0.22194328904151917,
      -0.8493548631668091,
      -0.4788918197154999
    ]
  },
  {
    "userAcceleration" : [
      -0.011926651000976562,
      0.005343616008758545,
      -0.03761720657348633
    ],
    "rotationMatrix" : [
      -0.6288940906524658,
      -0.4941396117210388,
      0.6002650260925293,
      0.745042622089386,
      -0.16230179369449615,
      0.6469694972038269,
      -0.22226908802986145,
      0.854098379611969,
      0.4702257812023163
    ],
    "timestamp" : 235156235395,
    "gravity" : [
      0.22226908802986145,
      -0.8540984392166138,
      -0.47022581100463867
    ]
  },
  {
    "userAcceleration" : [
      -0.01818123459815979,
      0.005331516265869141,
      -0.00850611925125122
    ],
    "rotationMatrix" : [
      -0.6323192119598389,
      -0.4878401756286621,
      0.6018177270889282,
      0.7419555187225342,
      -0.1578541100025177,
      0.651601254940033,
      -0.2228778898715973,
      0.8585419058799744,
      0.46176978945732117
    ],
    "timestamp" : 235156245413,
    "gravity" : [
      0.22287791967391968,
      -0.8585419058799744,
      -0.4617697596549988
    ]
  },
  {
    "userAcceleration" : [
      -0.027654841542243958,
      -0.009632229804992676,
      0.02104973793029785
    ],
    "rotationMatrix" : [
      -0.6356474161148071,
      -0.48182594776153564,
      0.6031550765037537,
      0.738936185836792,
      -0.15361270308494568,
      0.6560308337211609,
      -0.22344040870666504,
      0.862697422504425,
      0.45368221402168274
    ],
    "timestamp" : 235156255431,
    "gravity" : [
      0.22344039380550385,
      -0.8626974821090698,
      -0.45368218421936035
    ]
  },
  {
    "userAcceleration" : [
      -0.042517662048339844,
      -0.03100961446762085,
      0.029778003692626953
    ],
    "rotationMatrix" : [
      -0.6386869549751282,
      -0.4760296940803528,
      0.6045451760292053,
      0.7362086176872253,
      -0.14955635368824005,
      0.6600226163864136,
      -0.22377686202526093,
      0.8666191101074219,
      0.44597673416137695
    ],
    "timestamp" : 235156265449,
    "gravity" : [
      0.22377684712409973,
      -0.8666191101074219,
      -0.44597673416137695
    ]
  },
  {
    "userAcceleration" : [
      -0.061997637152671814,
      -0.04536563158035278,
      -0.008320808410644531
    ],
    "rotationMatrix" : [
      -0.6410942077636719,
      -0.47044453024864197,
      0.6063660383224487,
      0.7340447902679443,
      -0.14526574313640594,
      0.6633821725845337,
      -0.22400018572807312,
      0.8703905344009399,
      0.43845659494400024
    ],
    "timestamp" : 235156275467,
    "gravity" : [
      0.2240002304315567,
      -0.8703904747962952,
      -0.43845656514167786
    ]
  },
  {
    "userAcceleration" : [
      -0.06238970160484314,
      -0.041666388511657715,
      -0.01594659686088562
    ],
    "rotationMatrix" : [
      -0.6433145403862,
      -0.46494942903518677,
      0.6082499027252197,
      0.7319795489311218,
      -0.1406729519367218,
      0.666645884513855,
      -0.22439226508140564,
      0.8740897178649902,
      0.4308307468891144
    ],
    "timestamp" : 235156285486,
    "gravity" : [
      0.22439226508140564,
      -0.8740897178649902,
      -0.430830717086792
    ]
  },
  {
    "userAcceleration" : [
      -0.053425103425979614,
      -0.029768288135528564,
      -0.0277290940284729
    ],
    "rotationMatrix" : [
      -0.6454744338989258,
      -0.45945024490356445,
      0.6101377606391907,
      0.7298526763916016,
      -0.13558490574359894,
      0.6700236797332764,
      -0.22511707246303558,
      0.8777939081192017,
      0.4228476881980896
    ],
    "timestamp" : 235156295504,
    "gravity" : [
      0.2251170426607132,
      -0.8777939081192017,
      -0.4228476881980896
    ]
  },
  {
    "userAcceleration" : [
      -0.03128701448440552,
      -0.0065209269523620605,
      0.02658107876777649
    ],
    "rotationMatrix" : [
      -0.64815354347229,
      -0.45386531949043274,
      0.6114760041236877,
      0.7271469831466675,
      -0.13038375973701477,
      0.6739859580993652,
      -0.2261722832918167,
      0.8814795017242432,
      0.4145357310771942
    ],
    "timestamp" : 235156305522,
    "gravity" : [
      0.2261722832918167,
      -0.8814794421195984,
      -0.4145357310771942
    ]
  },
  {
    "userAcceleration" : [
      -0.03253871202468872,
      -0.002961456775665283,
      0.018227875232696533
    ],
    "rotationMatrix" : [
      -0.6512206792831421,
      -0.4483463764190674,
      0.6122882962226868,
      0.7240095138549805,
      -0.12526540458202362,
      0.6783205270767212,
      -0.22742396593093872,
      0.8850389719009399,
      0.40618258714675903
    ],
    "timestamp" : 235156315540,
    "gravity" : [
      0.2274239957332611,
      -0.8850389719009399,
      -0.40618258714675903
    ]
  },
  {
    "userAcceleration" : [
      -0.023241400718688965,
      -0.008321285247802734,
      0.05594587326049805
    ],
    "rotationMatrix" : [
      -0.6542902588844299,
      -0.44300055503845215,
      0.612906813621521,
      0.720890998840332,
      -0.12045855820178986,
      0.6824997067451477,
      -0.22851791977882385,
      0.88839191198349,
      0.39816999435424805
    ],
    "timestamp" : 235156325558,
    "gravity" : [
      0.22851790487766266,
      -0.88839191198349,
      -0.39816999435424805
    ]
  },
  {
    "userAcceleration" : [
      -0.012975573539733887,
      -0.01628291606903076,
      0.0645066499710083
    ],
    "rotationMatrix" : [
      -0.656665563583374,
      -0.4378368854522705,
      0.6140760779380798,
      0.7185181379318237,
      -0.1157727837562561,
      0.685805082321167,
      -0.22917740046977997,
      0.8915692567825317,
      0.3906175494194031
    ],
    "timestamp" : 235156335576,
    "gravity" : [
      0.22917741537094116,
      -0.8915692567825317,
      -0.3906175494194031
    ]
  },
  {
    "userAcceleration" : [
      -0.0034415721893310547,
      -0.01660466194152832,
      0.04375600814819336
    ],
    "rotationMatrix" : [
      -0.6583424210548401,
      -0.4326940178871155,
      0.6159229278564453,
      0.7169272303581238,
      -0.1111285537481308,
      0.6882337331771851,
      -0.22934801876544952,
      0.8946653604507446,
      0.38337084650993347
    ],
    "timestamp" : 235156345594,
    "gravity" : [
      0.22934798896312714,
      -0.8946654200553894,
      -0.38337087631225586
    ]
  },
  {
    "userAcceleration" : [
      0.004054993391036987,
      -0.008666276931762695,
      0.009920656681060791
    ],
    "rotationMatrix" : [
      -0.6597900390625,
      -0.4273967444896698,
      0.6180689334869385,
      0.7156456708908081,
      -0.10652224719524384,
      0.6902928948402405,
      -0.229190856218338,
      0.8977667689323425,
      0.3761468827724457
    ],
    "timestamp" : 235156355613,
    "gravity" : [
      0.2291908711194992,
      -0.8977667689323425,
      -0.3761468827724457
    ]
  },
  {
    "userAcceleration" : [
      0.004220783710479736,
      -0.006322145462036133,
      -0.02514040470123291
    ],
    "rotationMatrix" : [
      -0.66140216588974,
      -0.4219164252281189,
      0.6201075911521912,
      0.7141942381858826,
      -0.10177271068096161,
      0.6925089955329895,
      -0.22907085716724396,
      0.9009043574333191,
      0.3686431646347046
    ],
    "timestamp" : 235156365631,
    "gravity" : [
      0.22907087206840515,
      -0.9009043574333191,
      -0.3686431646347046
    ]
  },
  {
    "userAcceleration" : [
      0.008006289601325989,
      0.0044089555740356445,
      -0.035781145095825195
    ],
    "rotationMatrix" : [
      -0.6635884642601013,
      -0.4164271652698517,
      0.6214810013771057,
      0.7120705842971802,
      -0.0968969464302063,
      0.6953893899917603,
      -0.22935940325260162,
      0.9039907455444336,
      0.3608253002166748
    ],
    "timestamp" : 235156375649,
    "gravity" : [
      0.229359433054924,
      -0.9039907455444336,
      -0.3608253002166748
    ]
  },
  {
    "userAcceleration" : [
      -0.0002808123826980591,
      0.015126228332519531,
      -0.009253382682800293
    ],
    "rotationMatrix" : [
      -0.6668435335159302,
      -0.41107869148254395,
      0.6215577125549316,
      0.7087852954864502,
      -0.09234236925840378,
      0.6993541717529297,
      -0.23009349405765533,
      0.90691077709198,
      0.3529444932937622
    ],
    "timestamp" : 235156385667,
    "gravity" : [
      0.23009346425533295,
      -0.90691077709198,
      -0.3529444932937622
    ]
  },
  {
    "userAcceleration" : [
      -0.01515217125415802,
      0.015444815158843994,
      0.02507510781288147
    ],
    "rotationMatrix" : [
      -0.6705803275108337,
      -0.40606075525283813,
      0.6208356618881226,
      0.7049137949943542,
      -0.08804786950349808,
      0.70380699634552,
      -0.231125146150589,
      0.9095946550369263,
      0.34528082609176636
    ],
    "timestamp" : 235156395685,
    "gravity" : [
      0.2311251312494278,
      -0.9095946550369263,
      -0.34528085589408875
    ]
  },
  {
    "userAcceleration" : [
      -0.002817586064338684,
      0.022050142288208008,
      0.08210653066635132
    ],
    "rotationMatrix" : [
      -0.6742666959762573,
      -0.40136581659317017,
      0.6198952794075012,
      0.700986921787262,
      -0.08375996351242065,
      0.7082385420799255,
      -0.23234035074710846,
      0.9120799899101257,
      0.3378285765647888
    ],
    "timestamp" : 235156405703,
    "gravity" : [
      0.23234033584594727,
      -0.9120799899101257,
      -0.3378285765647888
    ]
  },
  {
    "userAcceleration" : [
      -0.0037466585636138916,
      0.024492084980010986,
      0.07478508353233337
    ],
    "rotationMatrix" : [
      -0.6777014136314392,
      -0.39663833379745483,
      0.6191923022270203,
      0.6973567605018616,
      -0.07954665273427963,
      0.7122963070869446,
      -0.23326940834522247,
      0.9145219922065735,
      0.3305071294307709
    ],
    "timestamp" : 235156415721,
    "gravity" : [
      0.23326937854290009,
      -0.9145219922065735,
      -0.33050715923309326
    ]
  },
  {
    "userAcceleration" : [
      0.03759969770908356,
      0.04714465141296387,
      0.07514700293540955
    ],
    "rotationMatrix" : [
      -0.6797862648963928,
      -0.39150285720825195,
      0.6201738715171814,
      0.6953223943710327,
      -0.07507337629795074,
      0.7147660255432129,
      -0.23327434062957764,
      0.9171091318130493,
      0.32325488328933716
    ],
    "timestamp" : 235156425739,
    "gravity" : [
      0.23327434062957764,
      -0.9171091914176941,
      -0.32325488328933716
    ]
  },
  {
    "userAcceleration" : [
      0.08977344632148743,
      0.06813704967498779,
      0.03852146863937378
    ],
    "rotationMatrix" : [
      -0.6817395687103271,
      -0.38551411032676697,
      0.6217796802520752,
      0.6937623023986816,
      -0.0708976536989212,
      0.7167059183120728,
      -0.23221752047538757,
      0.9199740886688232,
      0.3157889246940613
    ],
    "timestamp" : 235156435757,
    "gravity" : [
      0.23221753537654877,
      -0.9199740886688232,
      -0.3157889246940613
    ]
  },
  {
    "userAcceleration" : [
      0.09177467226982117,
      0.07132071256637573,
      0.030596166849136353
    ],
    "rotationMatrix" : [
      -0.6835052371025085,
      -0.37858155369758606,
      0.6240960955619812,
      0.6926907300949097,
      -0.06674902141094208,
      0.7181390523910522,
      -0.23021632432937622,
      0.9231576919555664,
      0.30786362290382385
    ],
    "timestamp" : 235156445776,
    "gravity" : [
      0.23021632432937622,
      -0.9231577515602112,
      -0.30786362290382385
    ]
  },
  {
    "userAcceleration" : [
      0.06917959451675415,
      0.07084447145462036,
      0.009804606437683105
    ],
    "rotationMatrix" : [
      -0.6853078007698059,
      -0.37093862891197205,
      0.6267040967941284,
      0.6917780637741089,
      -0.06264549493789673,
      0.7193877696990967,
      -0.22758857905864716,
      0.9265420436859131,
      0.2995384931564331
    ],
    "timestamp" : 235156455794,
    "gravity" : [
      0.22758859395980835,
      -0.9265420436859131,
      -0.2995385229587555
    ]
  },
  {
    "userAcceleration" : [
      0.020310550928115845,
      0.054444968700408936,
      -0.009476631879806519
    ],
    "rotationMatrix" : [
      -0.6882829666137695,
      -0.3630220293998718,
      0.6280773878097534,
      0.6896608471870422,
      -0.0588860847055912,
      0.7217340469360352,
      -0.22502033412456512,
      0.9299178123474121,
      0.2908925712108612
    ],
    "timestamp" : 235156465812,
    "gravity" : [
      0.22502028942108154,
      -0.9299178123474121,
      -0.2908926010131836
    ]
  },
  {
    "userAcceleration" : [
      -0.02686886489391327,
      0.03850746154785156,
      0.0012019872665405273
    ],
    "rotationMatrix" : [
      -0.6922292709350586,
      -0.3552742004394531,
      0.6281709671020508,
      0.6863776445388794,
      -0.05521024018526077,
      0.725146472454071,
      -0.22294434905052185,
      0.9331302046775818,
      0.282070517539978
    ],
    "timestamp" : 235156475830,
    "gravity" : [
      0.22294431924819946,
      -0.9331302046775818,
      -0.2820705473423004
    ]
  },
  {
    "userAcceleration" : [
      -0.06098474562168121,
      0.01330024003982544,
      0.041423916816711426
    ],
    "rotationMatrix" : [
      -0.696863055229187,
      -0.3480347990989685,
      0.6270993947982788,
      0.6821460127830505,
      -0.051605913788080215,
      0.7293925881385803,
      -0.2214919775724411,
      0.9360601305961609,
      0.2733727991580963
    ],
    "timestamp" : 235156485848,
    "gravity" : [
      0.2214919775724411,
      -0.9360601305961609,
      -0.2733728289604187
    ]
  },
  {
    "userAcceleration" : [
      -0.07421042025089264,
      -0.006523787975311279,
      0.06880620121955872
    ],
    "rotationMatrix" : [
      -0.7013675570487976,
      -0.3414967656135559,
      0.6256706118583679,
      0.6777889132499695,
      -0.04780077189207077,
      0.733701229095459,
      -0.22064906358718872,
      0.9386667013168335,
      0.2649884819984436
    ],
    "timestamp" : 235156495866,
    "gravity" : [
      0.22064906358718872,
      -0.9386667013168335,
      -0.264988511800766
    ]
  },
  {
    "userAcceleration" : [
      -0.06327085196971893,
      0.0034688711166381836,
      0.08483141660690308
    ],
    "rotationMatrix" : [
      -0.7051264047622681,
      -0.3355288505554199,
      0.6246733069419861,
      0.6740564107894897,
      -0.04372372478246689,
      0.737384557723999,
      -0.2201007455587387,
      0.9410145282745361,
      0.25699636340141296
    ],
    "timestamp" : 235156505884,
    "gravity" : [
      0.2201007455587387,
      -0.9410145878791809,
      -0.2569963335990906
    ]
  },
  {
    "userAcceleration" : [
      -0.021137937903404236,
      0.038606107234954834,
      0.07954646646976471
    ],
    "rotationMatrix" : [
      -0.7082943916320801,
      -0.3296108543872833,
      0.6242396831512451,
      0.670987606048584,
      -0.039636511355638504,
      0.740408182144165,
      -0.21930383145809174,
      0.943284273147583,
      0.24923942983150482
    ],
    "timestamp" : 235156515903,
    "gravity" : [
      0.21930383145809174,
      -0.9432843327522278,
      -0.2492394596338272
    ]
  },
  {
    "userAcceleration" : [
      0.009204834699630737,
      0.07014071941375732,
      0.06584097445011139
    ],
    "rotationMatrix" : [
      -0.7107391357421875,
      -0.3233005404472351,
      0.6247610449790955,
      0.6688692569732666,
      -0.035532258450984955,
      0.7425302267074585,
      -0.21786123514175415,
      0.9456288814544678,
      0.2415001094341278
    ],
    "timestamp" : 235156525921,
    "gravity" : [
      0.21786123514175415,
      -0.9456288814544678,
      -0.24150016903877258
    ]
  },
  {
    "userAcceleration" : [
      0.03289298713207245,
