[
  {
    "rotationMatrix" : [
      -0.8708551526069641,
      -0.1942066103219986,
      -0.4515475332736969,
      -0.49151480197906494,
      0.33478760719299316,
      0.803946852684021,
      -0.004959285259246826,
      0.9220634698867798,
      -0.387006938457489
    ],
    "gravity" : [
      0.004959290847182274,
      -0.9220635294914246,
      0.38700687885284424
    ],
    "userAcceleration" : [
      -0.04817221686244011,
      -0.018808722496032715,
      0.027528584003448486
    ],
    "timestamp" : 235135746103
  },
  {
    "rotationMatrix" : [
      -0.873497724533081,
      -0.19348464906215668,
      -0.4467276334762573,
      -0.4867812991142273,
      0.334363728761673,
      0.8069974780082703,
      -0.006772056221961975,
      0.9223690629005432,
      -0.38625070452690125
    ],
    "gravity" : [
      0.006772054359316826,
      -0.9223690629005432,
      0.3862507939338684
    ],
    "userAcceleration" : [
      -0.052289046347141266,
      -0.027002334594726562,
      0.029871642589569092
    ],
    "timestamp" : 235135756121
  },
  {
    "rotationMatrix" : [
      -0.8763555884361267,
      -0.192974254488945,
      -0.44131794571876526,
      -0.4815823435783386,
      0.33413398265838623,
      0.8102054595947266,
      -0.008889466524124146,
      0.9225591421127319,
      -0.3857530951499939
    ],
    "gravity" : [
      0.008889474906027317,
      -0.9225591421127319,
      0.38575315475463867
    ],
    "userAcceleration" : [
      0.014288587495684624,
      0.008328914642333984,
      -0.003245830535888672
    ],
    "timestamp" : 235135766139
  },
  {
    "rotationMatrix" : [
      -0.8789067268371582,
      -0.19288912415504456,
      -0.4362533390522003,
      -0.4768657982349396,
      0.33412542939186096,
      0.8129940032958984,
      -0.01105433702468872,
      0.9225801229476929,
      -0.38564738631248474
    ],
    "gravity" : [
      0.011054332368075848,
      -0.9225800633430481,
      0.38564732670783997
    ],
    "userAcceleration" : [
      0.01212375145405531,
      0.008349716663360596,
      -0.0031400322914123535
    ],
    "timestamp" : 235135776157
  },
  {
    "rotationMatrix" : [
      -0.8824425339698792,
      -0.19201648235321045,
      -0.42944657802581787,
      -0.47024136781692505,
      0.33492550253868103,
      0.8165157437324524,
      -0.012951910495758057,
      0.9224719405174255,
      -0.38584646582603455
    ],
    "gravity" : [
      0.012951908633112907,
      -0.9224719405174255,
      0.3858465254306793
    ],
    "userAcceleration" : [
      0.01022616121917963,
      0.008241713047027588,
      -0.003339320421218872
    ],
    "timestamp" : 235135786175
  },
  {
    "rotationMatrix" : [
      -0.8853240013122559,
      -0.1911541074514389,
      -0.42386454343795776,
      -0.46475183963775635,
      0.33559921383857727,
      0.8193770051002502,
      -0.01437869668006897,
      0.9224061369895935,
      -0.3859531581401825
    ],
    "gravity" : [
      0.014378707855939865,
      -0.9224061369895935,
      0.3859530985355377
    ],
    "userAcceleration" : [
      0.014384094625711441,
      0.013577640056610107,
      -0.009350955486297607
    ],
    "timestamp" : 235135796193
  },
  {
    "rotationMatrix" : [
      -0.8876259922981262,
      -0.1900961697101593,
      -0.41950324177742004,
      -0.4603075683116913,
      0.3357480764389038,
      0.8218210935592651,
      -0.015377670526504517,
      0.9225705862045288,
      -0.3855212330818176
    ],
    "gravity" : [
      0.015377683565020561,
      -0.9225705862045288,
      0.38552120327949524
    ],
    "userAcceleration" : [
      0.0005829688161611557,
      0.016519129276275635,
      -0.0015491843223571777
    ],
    "timestamp" : 235135806211
  },
  {
    "rotationMatrix" : [
      -0.8894224762916565,
      -0.18893218040466309,
      -0.4162115156650543,
      -0.4567973017692566,
      0.33505779504776,
      0.824058473110199,
      -0.016236305236816406,
      0.9230605959892273,
      -0.3843115568161011
    ],
    "gravity" : [
      0.01623629778623581,
      -0.9230605363845825,
      0.3843115270137787
    ],
    "userAcceleration" : [
      -0.020966557785868645,
      0.0028794407844543457,
      0.019817441701889038
    ],
    "timestamp" : 235135816229
  },
  {
    "rotationMatrix" : [
      -0.8906762003898621,
      -0.18808524310588837,
      -0.41390782594680786,
      -0.454306423664093,
      0.3334423303604126,
      0.8260883092880249,
      -0.017360642552375793,
      0.9238182306289673,
      -0.38243740797042847
    ],
    "gravity" : [
      0.017360631376504898,
      -0.9238181710243225,
      0.38243740797042847
    ],
    "userAcceleration" : [
      -0.03644939512014389,
      -0.01699286699295044,
      0.03672146797180176
    ],
    "timestamp" : 235135826247
  },
  {
    "rotationMatrix" : [
      -0.8917732238769531,
      -0.1876494139432907,
      -0.4117376208305359,
      -0.452083945274353,
      0.3313325047492981,
      0.8281537890434265,
      -0.018980547785758972,
      0.9246655106544495,
      -0.3803066611289978
    ],
    "gravity" : [
      0.018980542197823524,
      -0.9246655106544495,
      0.3803066611289978
    ],
    "userAcceleration" : [
      -0.03846605494618416,
      -0.038240253925323486,
      0.04216337203979492
    ],
    "timestamp" : 235135836264
  },
  {
    "rotationMatrix" : [
      -0.8930600881576538,
      -0.1876201629638672,
      -0.4089522957801819,
      -0.4494434595108032,
      0.32943034172058105,
      0.830346941947937,
      -0.02106855809688568,
      0.9253507852554321,
      -0.37852561473846436
    ],
    "gravity" : [
      0.021068569272756577,
      -0.9253509044647217,
      0.37852567434310913
    ],
    "userAcceleration" : [
      -0.03138355165719986,
      -0.03520500659942627,
      0.03655919432640076
    ],
    "timestamp" : 235135846282
  },
  {
    "rotationMatrix" : [
      -0.8947851061820984,
      -0.18771564960479736,
      -0.40512019395828247,
      -0.4458845853805542,
      0.3281642198562622,
      0.8327634930610657,
      -0.02337680757045746,
      0.9257813096046448,
      -0.37733596563339233
    ],
    "gravity" : [
      0.023376811295747757,
      -0.9257813096046448,
      0.37733590602874756
    ],
    "userAcceleration" : [
      -0.016800306737422943,
      -0.008224427700042725,
      0.026930391788482666
    ],
    "timestamp" : 235135856300
  },
  {
    "rotationMatrix" : [
      -0.8969258069992065,
      -0.18763431906700134,
      -0.4003966450691223,
      -0.4414364993572235,
      0.32743239402770996,
      0.8354171514511108,
      -0.02565009891986847,
      0.9260568618774414,
      -0.37651121616363525
    ],
    "gravity" : [
      0.025650089606642723,
      -0.9260568618774414,
      0.37651121616363525
    ],
    "userAcceleration" : [
      0.016433628275990486,
      0.007752418518066406,
      0.03312617540359497
    ],
    "timestamp" : 235135866318
  },
  {
    "rotationMatrix" : [
      -0.8992763161659241,
      -0.18721731007099152,
      -0.3952862024307251,
      -0.4365031123161316,
      0.3269478380680084,
      0.8381944894790649,
      -0.027686625719070435,
      0.9263123273849487,
      -0.3757372200489044
    ],
    "gravity" : [
      0.027686623856425285,
      -0.9263123869895935,
      0.37573719024658203
    ],
    "userAcceleration" : [
      0.03041883185505867,
      0.015164434909820557,
      0.03316769003868103
    ],
    "timestamp" : 235135876336
  },
  {
    "rotationMatrix" : [
      -0.9014328122138977,
      -0.18648560345172882,
      -0.39069390296936035,
      -0.43192607164382935,
      0.32633596658706665,
      0.8407999873161316,
      -0.02929966151714325,
      0.9266757369041443,
      -0.3747178316116333
    ],
    "gravity" : [
      0.0292996596544981,
      -0.9266757369041443,
      0.3747178614139557
    ],
    "userAcceleration" : [
      0.031003041192889214,
      0.017602920532226562,
      0.01859259605407715
    ],
    "timestamp" : 235135886354
  },
  {
    "rotationMatrix" : [
      -0.9032806754112244,
      -0.18554314970970154,
      -0.3868556618690491,
      -0.4279550611972809,
      0.3252655863761902,
      0.8432417511940002,
      -0.030626967549324036,
      0.9272410273551941,
      -0.373210072517395
    ],
    "gravity" : [
      0.03062695637345314,
      -0.9272410273551941,
      0.3732101321220398
    ],
    "userAcceleration" : [
      0.009625695645809174,
      0.021509945392608643,
      0.01048731803894043
    ],
    "timestamp" : 235135896372
  },
  {
    "rotationMatrix" : [
      -0.9047347903251648,
      -0.18459922075271606,
      -0.38389813899993896,
      -0.4247779846191406,
      0.323459267616272,
      0.8455398678779602,
      -0.031910642981529236,
      0.9280609488487244,
      -0.3710584044456482
    ],
    "gravity" : [
      0.03191063553094864,
      -0.9280609488487244,
      0.3710584044456482
    ],
    "userAcceleration" : [
      -0.012852441519498825,
      0.007620394229888916,
      0.015217751264572144
    ],
    "timestamp" : 235135906390
  },
  {
    "rotationMatrix" : [
      -0.9060390591621399,
      -0.18374904990196228,
      -0.3812204897403717,
      -0.4218743145465851,
      0.32109972834587097,
      0.8478896021842957,
      -0.03338918089866638,
      0.929048478603363,
      -0.36844775080680847
    ],
    "gravity" : [
      0.03338917717337608,
      -0.929048478603363,
      0.36844775080680847
    ],
    "userAcceleration" : [
      -0.012423641979694366,
      -0.015729844570159912,
      0.02982175350189209
    ],
    "timestamp" : 235135916408
  },
  {
    "rotationMatrix" : [
      -0.9074291586875916,
      -0.18313296139240265,
      -0.37819862365722656,
      -0.41872602701187134,
      0.31864702701568604,
      0.8503718972206116,
      -0.03521931171417236,
      0.9300140738487244,
      -0.36583203077316284
    ],
    "gravity" : [
      0.03521931543946266,
      -0.9300140738487244,
      0.36583197116851807
    ],
    "userAcceleration" : [
      -0.014375828206539154,
      -0.01752603054046631,
      0.027798861265182495
    ],
    "timestamp" : 235135926425
  },
  {
    "rotationMatrix" : [
      -0.9088867902755737,
      -0.18270446360111237,
      -0.37489181756973267,
      -0.4153805375099182,
      0.3164082169532776,
      0.8528451323509216,
      -0.03719976544380188,
      0.9308624863624573,
      -0.3634710907936096
    ],
    "gravity" : [
      0.03719976171851158,
      -0.9308624267578125,
      0.3634710907936096
    ],
    "userAcceleration" : [
      -0.0014789439737796783,
      -0.0078887939453125,
      0.014321237802505493
    ],
    "timestamp" : 235135936443
  },
  {
    "rotationMatrix" : [
      -0.9103812575340271,
      -0.18212822079658508,
      -0.3715307414531708,
      -0.41193249821662903,
      0.3144075870513916,
      0.855254054069519,
      -0.03895384073257446,
      0.9316529035568237,
      -0.3612552285194397
    ],
    "gravity" : [
      0.03895382955670357,
      -0.9316529035568237,
      0.3612552881240845
    ],
    "userAcceleration" : [
      0.020784303545951843,
      0.01211249828338623,
      0.001369863748550415
    ],
    "timestamp" : 235135946461
  },
  {
    "rotationMatrix" : [
      -0.9117207527160645,
      -0.18130317330360413,
      -0.36863818764686584,
      -0.4088323414325714,
      0.31248652935028076,
      0.8574427962303162,
      -0.04026266932487488,
      0.9324597716331482,
      -0.35902297496795654
    ],
    "gravity" : [
      0.04026266559958458,
      -0.9324597716331482,
      0.35902294516563416
    ],
    "userAcceleration" : [
      0.036626338958740234,
      0.028727591037750244,
      -0.009871363639831543
    ],
    "timestamp" : 235135956479
  },
  {
    "rotationMatrix" : [
      -0.9128344655036926,
      -0.18014216423034668,
      -0.3664447069168091,
      -0.4062652587890625,
      0.31055590510368347,
      0.8593622446060181,
      -0.04100583493709564,
      0.9333293437957764,
      -0.356671541929245
    ],
    "gravity" : [
      0.04100583493709564,
      -0.9333293437957764,
      0.3566715121269226
    ],
    "userAcceleration" : [
      0.048670049756765366,
      0.04160583019256592,
      -0.013898253440856934
    ],
    "timestamp" : 235135966497
  },
  {
    "rotationMatrix" : [
      -0.9137943387031555,
      -0.17869210243225098,
      -0.36475831270217896,
      -0.4040738344192505,
      0.30866917967796326,
      0.8610734939575195,
      -0.04127742350101471,
      0.934233546257019,
      -0.3542648255825043
    ],
    "gravity" : [
      0.041277408599853516,
      -0.934233546257019,
      0.3542648255825043
    ],
    "userAcceleration" : [
      0.0546698234975338,
      0.04513460397720337,
      -0.015367180109024048
    ],
    "timestamp" : 235135976515
  },
  {
    "rotationMatrix" : [
      -0.9145908355712891,
      -0.17714601755142212,
      -0.3635134696960449,
      -0.4022693634033203,
      0.30684906244277954,
      0.8625674843788147,
      -0.04125671088695526,
      0.9351270794868469,
      -0.35190147161483765
    ],
    "gravity" : [
      0.04125671461224556,
      -0.9351270794868469,
      0.3519015312194824
    ],
    "userAcceleration" : [
      0.041033901274204254,
      0.0377579927444458,
      -0.012195169925689697
    ],
    "timestamp" : 235135986533
  },
  {
    "rotationMatrix" : [
      -0.9154549241065979,
      -0.17566999793052673,
      -0.3620532155036926,
      -0.40029773116111755,
      0.30522462725639343,
      0.8640599846839905,
      -0.04128184914588928,
      0.9359369874000549,
      -0.34973976016044617
    ],
    "gravity" : [
      0.04128186032176018,
      -0.9359369874000549,
      0.34973976016044617
    ],
    "userAcceleration" : [
      0.01522141695022583,
      0.02362912893295288,
      -0.0020071566104888916
    ],
    "timestamp" : 235135996551
  },
  {
    "rotationMatrix" : [
      -0.9164521098136902,
      -0.17451971769332886,
      -0.3600815534591675,
      -0.39797335863113403,
      0.3039126992225647,
      0.865594744682312,
      -0.041629984974861145,
      0.9365788698196411,
      -0.3479757308959961
    ],
    "gravity" : [
      0.041629984974861145,
      -0.9365789294242859,
      0.3479757308959961
    ],
    "userAcceleration" : [
      -0.013797987252473831,
      0.005304455757141113,
      0.013459235429763794
    ],
    "timestamp" : 235136006568
  },
  {
    "rotationMatrix" : [
      -0.9177368879318237,
      -0.17374102771282196,
      -0.35717302560806274,
      -0.394902765750885,
      0.30280324816703796,
      0.8673878908157349,
      -0.04254774749279022,
      0.9370827674865723,
      -0.3465043604373932
    ],
    "gravity" : [
      0.04254775494337082,
      -0.9370827674865723,
      0.34650444984436035
    ],
    "userAcceleration" : [
      -0.03252274543046951,
      -0.005040526390075684,
      0.0352245569229126
    ],
    "timestamp" : 235136016586
  },
  {
    "rotationMatrix" : [
      -0.9194031357765198,
      -0.1730145812034607,
      -0.35321879386901855,
      -0.3908519744873047,
      0.3015316128730774,
      0.8696627616882324,
      -0.043957725167274475,
      0.9376270771026611,
      -0.344852089881897
    ],
    "gravity" : [
      0.04395772144198418,
      -0.9376270771026611,
      0.34485214948654175
    ],
    "userAcceleration" : [
      -0.02720361202955246,
      -0.009470582008361816,
      0.06950020790100098
    ],
    "timestamp" : 235136026604
  },
  {
    "rotationMatrix" : [
      -0.921319842338562,
      -0.1721048653125763,
      -0.3486390709877014,
      -0.38611671328544617,
      0.2997405230998993,
      0.8723928332328796,
      -0.04564185440540314,
      0.9383683800697327,
      -0.34260931611061096
    ],
    "gravity" : [
      0.04564186558127403,
      -0.9383684396743774,
      0.3426092863082886
    ],
    "userAcceleration" : [
      -0.004839900881052017,
      -0.0008861422538757324,
      0.08773431181907654
    ],
    "timestamp" : 235136036622
  },
  {
    "rotationMatrix" : [
      -0.9233013391494751,
      -0.17073926329612732,
      -0.34403854608535767,
      -0.3811686336994171,
      0.2973337173461914,
      0.8753873705863953,
      -0.047168731689453125,
      0.9393830895423889,
      -0.3396090269088745
    ],
    "gravity" : [
      0.04716874286532402,
      -0.9393831491470337,
      0.3396089971065521
    ],
    "userAcceleration" : [
      0.008220639079809189,
      0.009222745895385742,
      0.0747738778591156
    ],
    "timestamp" : 235136046640
  },
  {
    "rotationMatrix" : [
      -0.9250592589378357,
      -0.16904303431510925,
      -0.3401321768760681,
      -0.3767353594303131,
      0.2944081723690033,
      0.878290593624115,
      -0.04833121597766876,
      0.9406105875968933,
      -0.3360294997692108
    ],
    "gravity" : [
      0.048331208527088165,
      -0.9406105875968933,
      0.33602941036224365
    ],
    "userAcceleration" : [
      0.01372627541422844,
      0.03104943037033081,
      0.047958046197891235
    ],
    "timestamp" : 235136056658
  },
  {
    "rotationMatrix" : [
      -0.9265658259391785,
      -0.16724912822246552,
      -0.33690345287323,
      -0.37289172410964966,
      0.29111137986183167,
      0.881025493144989,
      -0.049274295568466187,
      0.9419564604759216,
      -0.3320998251438141
    ],
    "gravity" : [
      0.049274299293756485,
      -0.9419564604759216,
      0.3320997655391693
    ],
    "userAcceleration" : [
      0.006069321185350418,
      0.02563565969467163,
      0.013969570398330688
    ],
    "timestamp" : 235136066676
  },
  {
    "rotationMatrix" : [
      -0.9277560710906982,
      -0.1656707227230072,
      -0.33439773321151733,
      -0.36979278922080994,
      0.287537157535553,
      0.8835020065307617,
      -0.05021865665912628,
      0.9433321952819824,
      -0.32802814245224
    ],
    "gravity" : [
      0.05021865293383598,
      -0.9433321356773376,
      0.32802814245224
    ],
    "userAcceleration" : [
      -0.01922808215022087,
      0.009631574153900146,
      -0.002603977918624878
    ],
    "timestamp" : 235136076694
  },
  {
    "rotationMatrix" : [
      -0.9285680055618286,
      -0.16449156403541565,
      -0.3327215313911438,
      -0.36759862303733826,
      0.283656507730484,
      0.8856693506240845,
      -0.05130656063556671,
      0.9447124004364014,
      -0.32386109232902527
    ],
    "gravity" : [
      0.05130654573440552,
      -0.9447123408317566,
      0.32386112213134766
    ],
    "userAcceleration" : [
      -0.0339726023375988,
      -0.016972720623016357,
      -0.011864691972732544
    ],
    "timestamp" : 235136086712
  },
  {
    "rotationMatrix" : [
      -0.9290835857391357,
      -0.16355928778648376,
      -0.33173996210098267,
      -0.36613228917121887,
      0.27952876687049866,
      0.8875869512557983,
      -0.05244229733943939,
      0.9461034536361694,
      -0.3195897042751312
    ],
    "gravity" : [
      0.05244229733943939,
      -0.9461034536361694,
      0.31958964467048645
    ],
    "userAcceleration" : [
      -0.04191375523805618,
      -0.01877051591873169,
      -0.013132184743881226
    ],
    "timestamp" : 235136096729
  },
  {
    "rotationMatrix" : [
      -0.9294223189353943,
      -0.1626397967338562,
      -0.3312438428401947,
      -0.3651289939880371,
      0.27533969283103943,
      0.8893080949783325,
      -0.053432315587997437,
      0.9474895000457764,
      -0.3152913749217987
    ],
    "gravity" : [
      0.05343230813741684,
      -0.9474895000457764,
      0.3152913451194763
    ],
    "userAcceleration" : [
      -0.030498366802930832,
      0.004816770553588867,
      -0.011015862226486206
    ],
    "timestamp" : 235136106747
  },
  {
    "rotationMatrix" : [
      -0.9297215938568115,
      -0.16156253218650818,
      -0.33093011379241943,
      -0.36426082253456116,
      0.2713377773761749,
      0.8908926248550415,
      -0.05414105951786041,
      0.9488272666931152,
      -0.31111928820610046
    ],
    "gravity" : [
      0.054141055792570114,
      -0.9488272666931152,
      0.3111192584037781
    ],
    "userAcceleration" : [
      0.001004185527563095,
      0.02248162031173706,
      -0.0017931759357452393
    ],
    "timestamp" : 235136116765
  },
  {
    "rotationMatrix" : [
      -0.9301297664642334,
      -0.16026625037193298,
      -0.33041369915008545,
      -0.3631612956523895,
      0.26785022020339966,
      0.8923956751823425,
      -0.054519519209861755,
      0.9500373005867004,
      -0.3073379397392273
    ],
    "gravity" : [
      0.054519522935152054,
      -0.9500373005867004,
      0.30733785033226013
    ],
    "userAcceleration" : [
      0.020935166627168655,
      0.04223102331161499,
      0.004246562719345093
    ],
    "timestamp" : 235136126783
  },
  {
    "rotationMatrix" : [
      -0.930727481842041,
      -0.1588190793991089,
      -0.3294287323951721,
      -0.36159682273864746,
      0.2648526132106781,
      0.8939244747161865,
      -0.05472216010093689,
      0.9511202573776245,
      -0.303934246301651
    ],
    "gravity" : [
      0.05472216382622719,
      -0.9511202573776245,
      0.303934246301651
    ],
    "userAcceleration" : [
      0.027568485587835312,
      0.05852675437927246,
      0.015935838222503662
    ],
    "timestamp" : 235136136801
  },
  {
    "rotationMatrix" : [
      -0.9315813183784485,
      -0.1571337878704071,
      -0.32781898975372314,
      -0.3593784272670746,
      0.2621225416660309,
      0.8956220746040344,
      -0.05480372905731201,
      0.9521558880805969,
      -0.3006589710712433
    ],
    "gravity" : [
      0.05480373650789261,
      -0.9521558880805969,
      0.3006589710712433
    ],
    "userAcceleration" : [
      0.031042195856571198,
      0.05080384016036987,
      0.036697566509246826
    ],
    "timestamp" : 235136146819
  },
  {
    "rotationMatrix" : [
      -0.9326249957084656,
      -0.15531772375106812,
      -0.3257092535495758,
      -0.35664695501327515,
      0.2594488263130188,
      0.897490382194519,
      -0.054891347885131836,
      0.9531854391098022,
      -0.2973618507385254
    ],
    "gravity" : [
      0.054891347885131836,
      -0.9531854391098022,
      0.2973617911338806
    ],
    "userAcceleration" : [
      0.029886461794376373,
      0.03288227319717407,
      0.04026934504508972
    ],
    "timestamp" : 235136156837
  },
  {
    "rotationMatrix" : [
      -0.9337970018386841,
      -0.15340372920036316,
      -0.3232502341270447,
      -0.35355255007743835,
      0.2567484974861145,
      0.8994892239570618,
      -0.054990991950035095,
      0.9542261958122253,
      -0.29398733377456665
    ],
    "gravity" : [
      0.0549909807741642,
      -0.9542261362075806,
      0.29398730397224426
    ],
    "userAcceleration" : [
      0.009767316281795502,
      0.029055237770080566,
      0.03474810719490051
    ],
    "timestamp" : 235136166855
  },
  {
    "rotationMatrix" : [
      -0.9348807334899902,
      -0.1513683795928955,
      -0.32106971740722656,
      -0.35069942474365234,
      0.2541198432445526,
      0.901350736618042,
      -0.05484580993652344,
      0.955254316329956,
      -0.29065659642219543
    ],
    "gravity" : [
      0.05484580993652344,
      -0.955254316329956,
      0.29065659642219543
    ],
    "userAcceleration" : [
      -0.0011196210980415344,
      0.030480027198791504,
      0.019829213619232178
    ],
    "timestamp" : 235136176873
  },
  {
    "rotationMatrix" : [
      -0.9358547329902649,
      -0.14921948313713074,
      -0.3192322254180908,
      -0.3481626808643341,
      0.2517133951187134,
      0.9030077457427979,
      -0.05439135432243347,
      0.9562289714813232,
      -0.28751975297927856
    ],
    "gravity" : [
      0.054391343146562576,
      -0.9562289714813232,
      0.2875197231769562
    ],
    "userAcceleration" : [
      0.022131454199552536,
      0.03688699007034302,
      0.05166780948638916
    ],
    "timestamp" : 235136186890
  },
  {
    "rotationMatrix" : [
      -0.9367669224739075,
      -0.1469615250825882,
      -0.3176007568836212,
      -0.3458002209663391,
      0.2493031769990921,
      0.9045829176902771,
      -0.053759992122650146,
      0.9572096467018127,
      -0.28435835242271423
    ],
    "gravity" : [
      0.053759995847940445,
      -0.9572096467018127,
      0.28435835242271423
    ],
    "userAcceleration" : [
      0.022762805223464966,
      0.037867605686187744,
      0.05482926964759827
    ],
    "timestamp" : 235136196908
  },
  {
    "rotationMatrix" : [
      -0.9381632208824158,
      -0.14426599442958832,
      -0.31470075249671936,
      -0.34208542108535767,
      0.24670711159706116,
      0.9067044258117676,
      -0.053167760372161865,
      0.9582915306091309,
      -0.2808026373386383
    ],
    "gravity" : [
      0.053167764097452164,
      -0.9582915902137756,
      0.2808026373386383
    ],
    "userAcceleration" : [
      0.02335502579808235,
      0.03894972801208496,
      0.058384865522384644
    ],
    "timestamp" : 235136206926
  },
  {
    "rotationMatrix" : [
      -0.9394867420196533,
      -0.14155030250549316,
      -0.3119732141494751,
      -0.33850595355033875,
      0.24346934258937836,
      0.9089202880859375,
      -0.05270211398601532,
      0.9595237970352173,
      -0.2766515016555786
    ],
    "gravity" : [
      0.05270211026072502,
      -0.9595237374305725,
      0.276651531457901
    ],
    "userAcceleration" : [
      0.014207646250724792,
      0.024450182914733887,
      0.06885308027267456
    ],
    "timestamp" : 235136216944
  },
  {
    "rotationMatrix" : [
      -0.9405587911605835,
      -0.13866208493709564,
      -0.3100348114967346,
      -0.3356091380119324,
      0.23940221965312958,
      0.9110724329948425,
      -0.05210821330547333,
      0.9609678387641907,
      -0.2717079520225525
    ],
    "gravity" : [
      0.05210822448134422,
      -0.9609678387641907,
      0.2717079222202301
    ],
    "userAcceleration" : [
      0.006332900375127792,
      0.0259857177734375,
      0.0498863160610199
    ],
    "timestamp" : 235136226962
  },
  {
    "rotationMatrix" : [
      -0.9413189888000488,
      -0.1355278491973877,
      -0.3091118335723877,
      -0.333600789308548,
      0.23448026180267334,
      0.913087785243988,
      -0.05126826465129852,
      0.962627112865448,
      -0.26593267917633057
    ],
    "gravity" : [
      0.05126826837658882,
      -0.962627112865448,
      0.2659326493740082
    ],
    "userAcceleration" : [
      0.005051888525485992,
      0.0370139479637146,
      0.028485625982284546
    ],
    "timestamp" : 235136236980
  },
  {
    "rotationMatrix" : [
      -0.9416032433509827,
      -0.13249161839485168,
      -0.3095627427101135,
      -0.33293306827545166,
      0.22875936329364777,
      0.9147812128067017,
      -0.0503854900598526,
      0.964424729347229,
      -0.2595113515853882
    ],
    "gravity" : [
      0.0503854937851429,
      -0.964424729347229,
      0.2595113217830658
    ],
    "userAcceleration" : [
      -0.011277243494987488,
      0.037941694259643555,
      0.005213379859924316
    ],
    "timestamp" : 235136246998
  },
  {
    "rotationMatrix" : [
      -0.9413124918937683,
      -0.1298827826976776,
      -0.3115473985671997,
      -0.3338566720485687,
      0.22233086824417114,
      0.9160289168357849,
      -0.049709752202034,
      0.9662813544273376,
      -0.25264525413513184
    ],
    "gravity" : [
      0.049709733575582504,
      -0.9662812948226929,
      0.2526451647281647
    ],
    "userAcceleration" : [
      -0.028179608285427094,
      0.015200912952423096,
      -0.011007040739059448
    ],
    "timestamp" : 235136257016
  },
  {
    "rotationMatrix" : [
      -0.9407913684844971,
      -0.12740617990493774,
      -0.3141314685344696,
      -0.33540183305740356,
      0.21547150611877441,
      0.9171026945114136,
      -0.04915821552276611,
      0.9681628942489624,
      -0.24544572830200195
    ],
    "gravity" : [
      0.04915822669863701,
      -0.9681628942489624,
      0.24544578790664673
    ],
    "userAcceleration" : [
      -0.0434514656662941,
      0.004433274269104004,
      -0.006844192743301392
    ],
    "timestamp" : 235136267033
  },
  {
    "rotationMatrix" : [
      -0.9401705861091614,
      -0.1250009834766388,
      -0.31694403290748596,
      -0.3372056782245636,
      0.20844420790672302,
      0.9180648922920227,
      -0.04869392514228821,
      0.9700132012367249,
      -0.23812398314476013
    ],
    "gravity" : [
      0.04869391769170761,
      -0.9700131416320801,
      0.23812396824359894
    ],
    "userAcceleration" : [
      0.005490019917488098,
      0.03377985954284668,
      0.020619243383407593
    ],
    "timestamp" : 235136277051
  },
  {
    "rotationMatrix" : [
      -0.9397007822990417,
      -0.12257204949855804,
      -0.31927746534347534,
      -0.33857250213623047,
      0.20163260400295258,
      0.919082522392273,
      -0.04827713966369629,
      0.9717613458633423,
      -0.23097367584705353
    ],
    "gravity" : [
      0.04827713966369629,
      -0.9717614054679871,
      0.23097360134124756
    ],
    "userAcceleration" : [
      0.005906786769628525,
      0.03552806377410889,
      0.027769654989242554
    ],
    "timestamp" : 235136287069
  },
  {
    "rotationMatrix" : [
      -0.9396042227745056,
      -0.12002764642238617,
      -0.3205261826515198,
      -0.338900089263916,
      0.1953229010105133,
      0.9203236103057861,
      -0.047858208417892456,
      0.973366379737854,
      -0.22420349717140198
    ],
    "gravity" : [
      0.04785820469260216,
      -0.9733664393424988,
      0.22420351207256317
    ],
    "userAcceleration" : [
      0.006325721740722656,
      0.03713303804397583,
      0.03453969955444336
    ],
    "timestamp" : 235136297087
  },
  {
    "rotationMatrix" : [
      -0.9400570392608643,
      -0.11711648851633072,
      -0.3202756643295288,
      -0.33772483468055725,
      0.18953831493854523,
      0.9219637513160706,
      -0.04727266728878021,
      0.974863588809967,
      -0.21772997081279755
    ],
    "gravity" : [
      0.04727266728878021,
      -0.974863588809967,
      0.21772997081279755
    ],
    "userAcceleration" : [
      0.0272359661757946,
      0.038691163063049316,
      0.039502739906311035
    ],
    "timestamp" : 235136307105
  },
  {
    "rotationMatrix" : [
      -0.9406782388687134,
      -0.11392566561698914,
      -0.3196021318435669,
      -0.33610999584198,
      0.18401557207107544,
      0.9236711859703064,
      -0.04641808569431305,
      0.9762987494468689,
      -0.21139103174209595
    ],
    "gravity" : [
      0.04641807824373245,
      -0.9762987494468689,
      0.21139104664325714
    ],
    "userAcceleration" : [
      0.03427036851644516,
      0.044902265071868896,
      0.035511404275894165
    ],
    "timestamp" : 235136317123
  },
  {
    "rotationMatrix" : [
      -0.9412723779678345,
      -0.11073092371225357,
      -0.3189746141433716,
      -0.3345704674720764,
      0.1786179095506668,
      0.9252881407737732,
      -0.04548344016075134,
      0.9776677489280701,
      -0.20517532527446747
    ],
    "gravity" : [
      0.04548344388604164,
      -0.9776677489280701,
      0.20517534017562866
    ],
    "userAcceleration" : [
      0.018328789621591568,
      0.034567832946777344,
      0.017038345336914062
    ],
    "timestamp" : 235136327141
  },
  {
    "rotationMatrix" : [
      -0.9416993260383606,
      -0.10781298577785492,
      -0.3187143802642822,
      -0.3334771394729614,
      0.17331601679325104,
      0.9266901016235352,
      -0.044670894742012024,
      0.9789474010467529,
      -0.19916479289531708
    ],
    "gravity" : [
      0.04467090219259262,
      -0.9789474010467529,
      0.19916488230228424
    ],
    "userAcceleration" : [
      -0.010659094899892807,
      0.01659083366394043,
      -0.004935711622238159
    ],
    "timestamp" : 235136337159
  },
  {
    "rotationMatrix" : [
      -0.9419732093811035,
      -0.10521740466356277,
      -0.3187722861766815,
      -0.33278292417526245,
      0.16803330183029175,
      0.9279117584228516,
      -0.044068098068237305,
      0.9801499843597412,
      -0.19329744577407837
    ],
    "gravity" : [
      0.0440681092441082,
      -0.980150043964386,
      0.19329741597175598
    ],
    "userAcceleration" : [
      -0.023117821663618088,
      0.0020617246627807617,
      -0.012862205505371094
    ],
    "timestamp" : 235136347177
  },
  {
    "rotationMatrix" : [
      -0.9420894980430603,
      -0.10274619609117508,
      -0.31923332810401917,
      -0.3325260281562805,
      0.1626909226179123,
      0.9289552569389343,
      -0.0435103178024292,
      0.9813126921653748,
      -0.18743492662906647
    ],
    "gravity" : [
      0.0435103140771389,
      -0.9813126921653748,
      0.18743491172790527
    ],
    "userAcceleration" : [
      -0.014717008918523788,
      -0.001490473747253418,
      -0.006480947136878967
    ],
    "timestamp" : 235136357194
  },
  {
    "rotationMatrix" : [
      -0.942022442817688,
      -0.10011584311723709,
      -0.3202652931213379,
      -0.3328160047531128,
      0.15721029043197632,
      0.9297946691513062,
      -0.04273822903633118,
      0.9824771881103516,
      -0.18141549825668335
    ],
    "gravity" : [
      0.042738232761621475,
      -0.9824771881103516,
      0.18141549825668335
    ],
    "userAcceleration" : [
      0.0023667290806770325,
      0.014993906021118164,
      -0.002201095223426819
    ],
    "timestamp" : 235136367212
  },
  {
    "rotationMatrix" : [
      -0.9417903423309326,
      -0.09724313765764236,
      -0.3218304216861725,
      -0.3336024880409241,
      0.15151555836200714,
      0.9304582476615906,
      -0.041718363761901855,
      0.9836599230766296,
      -0.1751364916563034
    ],
    "gravity" : [
      0.04171835631132126,
      -0.9836599230766296,
      0.17513646185398102
    ],
    "userAcceleration" : [
      0.00953589752316475,
      0.031770944595336914,
      0.005313992500305176
    ],
    "timestamp" : 235136377230
  },
  {
    "rotationMatrix" : [
      -0.9413198232650757,
      -0.09418321400880814,
      -0.32410842180252075,
      -0.3350747227668762,
      0.14549627900123596,
      0.9308897256851196,
      -0.040517643094062805,
      0.984865665435791,
      -0.1685168445110321
    ],
    "gravity" : [
      0.040517643094062805,
      -0.984865665435791,
      0.1685168743133545
    ],
    "userAcceleration" : [
      0.009637963026762009,
      0.03894287347793579,
      0.014985322952270508
    ],
    "timestamp" : 235136387248
  },
  {
    "rotationMatrix" : [
      -0.9407472610473633,
      -0.09090513736009598,
      -0.3266960382461548,
      -0.33683082461357117,
      0.13904055953025818,
      0.9312424659729004,
      -0.03923076391220093,
      0.9861053228378296,
      -0.16142144799232483
    ],
    "gravity" : [
      0.039230767637491226,
      -0.9861053228378296,
      0.16142144799232483
    ],
    "userAcceleration" : [
      0.015273597091436386,
      0.030569612979888916,
      0.028580889105796814
    ],
    "timestamp" : 235136397266
  },
  {
    "rotationMatrix" : [
      -0.940151035785675,
      -0.08748435974121094,
      -0.32933586835861206,
      -0.3386349081993103,
      0.13216161727905273,
      0.9315897822380066,
      -0.037974029779434204,
      0.9873599410057068,
      -0.15387696027755737
    ],
    "gravity" : [
      0.0379740335047245,
      -0.9873599410057068,
      0.15387696027755737
    ],
    "userAcceleration" : [
      0.013463329523801804,
      0.022760450839996338,
      0.04741692543029785
    ],
    "timestamp" : 235136407284
  },
  {
    "rotationMatrix" : [
      -0.9396984577178955,
      -0.0842113196849823,
      -0.3314732313156128,
      -0.33999887108802795,
      0.12525400519371033,
      0.9320471286773682,
      -0.036970630288124084,
      0.9885441064834595,
      -0.14633241295814514
    ],
    "gravity" : [
      0.03697064146399498,
      -0.9885441660881042,
      0.14633241295814514
    ],
    "userAcceleration" : [
      0.00895829126238823,
      0.017368197441101074,
      0.057357057929039
    ],
    "timestamp" : 235136417302
  },
  {
    "rotationMatrix" : [
      -0.9395387172698975,
      -0.08122213184833527,
      -0.3326704204082489,
      -0.3405129909515381,
      0.1186160072684288,
      0.9327276945114136,
      -0.036298125982284546,
      0.9896125793457031,
      -0.13910135626792908
    ],
    "gravity" : [
      0.036298129707574844,
      -0.9896125793457031,
      0.13910137116909027
    ],
    "userAcceleration" : [
      -0.0037816911935806274,
      0.012912869453430176,
      0.05019913613796234
    ],
    "timestamp" : 235136427320
  },
  {
    "rotationMatrix" : [
      -0.9396002292633057,
      -0.07828031480312347,
      -0.33320164680480957,
      -0.3404102921485901,
      0.11228560656309128,
      0.9335484504699707,
      -0.03566473722457886,
      0.9905877113342285,
      -0.13215088844299316
    ],
    "gravity" : [
      0.035664744675159454,
      -0.9905877113342285,
      0.13215087354183197
    ],
    "userAcceleration" : [
      -0.006047461181879044,
      0.017107605934143066,
      0.04796384274959564
    ],
    "timestamp" : 235136437338
  },
  {
    "rotationMatrix" : [
      -0.9398037195205688,
      -0.0752037763595581,
      -0.3333361744880676,
      -0.33993053436279297,
      0.10621143877506256,
      0.93443363904953,
      -0.03486885130405426,
      0.9914955496788025,
      -0.12538181245326996
    ],
    "gravity" : [
      0.03486885502934456,
      -0.9914955496788025,
      0.12538184225559235
    ],
    "userAcceleration" : [
      0.0005925484001636505,
      0.02416473627090454,
      0.0445399284362793
    ],
    "timestamp" : 235136447355
  },
  {
    "rotationMatrix" : [
      -0.9400650858879089,
      -0.07206092774868011,
      -0.3332939147949219,
      -0.33929330110549927,
      0.10014209151268005,
      0.9353349804878235,
      -0.03402435779571533,
      0.9923601746559143,
      -0.118589848279953
    ],
    "gravity" : [
      0.03402435779571533,
      -0.9923601746559143,
      0.11858980357646942
    ],
    "userAcceleration" : [
      -0.007199432700872421,
      0.024876713752746582,
      0.03961324691772461
    ],
    "timestamp" : 235136457373
  },
  {
    "rotationMatrix" : [
      -0.9403749704360962,
      -0.06893521547317505,
      -0.3330804109573364,
      -0.33850619196891785,
      0.0938294380903244,
      0.9362742304801941,
      -0.03328953683376312,
      0.993198812007904,
      -0.11156971752643585
    ],
    "gravity" : [
      0.03328954055905342,
      -0.993198812007904,
      0.11156971007585526
    ],
    "userAcceleration" : [
      -0.020395882427692413,
      0.017002582550048828,
      0.044298768043518066
    ],
    "timestamp" : 235136467391
  },
  {
    "rotationMatrix" : [
      -0.9407928586006165,
      -0.06587903201580048,
      -0.3325183391571045,
      -0.33739811182022095,
      0.08728139847517014,
      0.9373070001602173,
      -0.03272624313831329,
      0.9940029382705688,
      -0.1043410375714302
    ],
    "gravity" : [
      0.032726239413022995,
      -0.9940028786659241,
      0.1043410450220108
    ],
    "userAcceleration" : [
      -0.019451115280389786,
      0.00015228986740112305,
      0.047636501491069794
    ],
    "timestamp" : 235136477409
  },
  {
    "rotationMatrix" : [
      -0.9412350058555603,
      -0.06306490302085876,
      -0.331811785697937,
      -0.33619430661201477,
      0.08070163428783417,
      0.9383285641670227,
      -0.032397881150245667,
      0.9947411417961121,
      -0.09716106951236725
    ],
    "gravity" : [
      0.032397881150245667,
