[
  {
    "gravity" : [
      0.10077942907810211,
      -0.821462094783783,
      -0.5612872838973999
    ],
    "timestamp" : 235195880579,
    "userAcceleration" : [
      -0.015727005898952484,
      -0.038324832916259766,
      -0.04767578840255737
    ],
    "rotationMatrix" : [
      -0.5276788473129272,
      0.4341389536857605,
      -0.7301217317581177,
      -0.8434440493583679,
      -0.36976051330566406,
      0.38971614837646484,
      -0.10077941417694092,
      0.8214620351791382,
      0.5612872838973999
    ]
  },
  {
    "gravity" : [
      0.10033571720123291,
      -0.82249915599823,
      -0.5598462820053101
    ],
    "timestamp" : 235195890598,
    "userAcceleration" : [
      -0.021295249462127686,
      -0.036295950412750244,
      -0.04952871799468994
    ],
    "rotationMatrix" : [
      -0.5368208885192871,
      0.42900532484054565,
      -0.7264831066131592,
      -0.8377087712287903,
      -0.37342938780784607,
      0.39849019050598145,
      -0.10033571720123291,
      0.82249915599823,
      0.5598462820053101
    ]
  },
  {
    "gravity" : [
      0.10021718591451645,
      -0.8236424922943115,
      -0.5581840872764587
    ],
    "timestamp" : 235195900616,
    "userAcceleration" : [
      -0.023480795323848724,
      -0.0306970477104187,
      -0.02778393030166626
    ],
    "rotationMatrix" : [
      -0.5454380512237549,
      0.42371952533721924,
      -0.7231588363647461,
      -0.832137942314148,
      -0.3769277036190033,
      0.4067820608615875,
      -0.10021719336509705,
      0.8236424922943115,
      0.5581840872764587
    ]
  },
  {
    "gravity" : [
      0.10020342469215393,
      -0.8247945308685303,
      -0.5564828515052795
    ],
    "timestamp" : 235195910635,
    "userAcceleration" : [
      -0.0173330157995224,
      -0.02914828062057495,
      0.044382691383361816
    ],
    "rotationMatrix" : [
      -0.5537153482437134,
      0.4184577465057373,
      -0.719925045967102,
      -0.8266547918319702,
      -0.3802719712257385,
      0.41477063298225403,
      -0.10020342469215393,
      0.8247945308685303,
      0.5564828515052795
    ]
  },
  {
    "gravity" : [
      0.09991537034511566,
      -0.8258903622627258,
      -0.5549070835113525
    ],
    "timestamp" : 235195920653,
    "userAcceleration" : [
      -0.017044946551322937,
      -0.028052449226379395,
      0.04280686378479004
    ],
    "rotationMatrix" : [
      -0.5624693036079407,
      0.4131547212600708,
      -0.7161918878555298,
      -0.820758581161499,
      -0.383676677942276,
      0.4232576787471771,
      -0.09991535544395447,
      0.825890302658081,
      0.5549070835113525
    ]
  },
  {
    "gravity" : [
      0.09912392497062683,
      -0.8268589377403259,
      -0.5536051392555237
    ],
    "timestamp" : 235195930672,
    "userAcceleration" : [
      -0.01143171638250351,
      -0.027816295623779297,
      0.06773483753204346
    ],
    "rotationMatrix" : [
      -0.5715594291687012,
      0.408103883266449,
      -0.7118785381317139,
      -0.8145515322685242,
      -0.38698238134384155,
      0.43214622139930725,
      -0.09912392497062683,
      0.8268589973449707,
      0.5536051392555237
    ]
  },
  {
    "gravity" : [
      0.0979166254401207,
      -0.8276805877685547,
      -0.5525912642478943
    ],
    "timestamp" : 235195940690,
    "userAcceleration" : [
      -0.009171560406684875,
      -0.03286927938461304,
      0.06600373983383179
    ],
    "rotationMatrix" : [
      -0.5816117525100708,
      0.4029736816883087,
      -0.70663982629776,
      -0.8075518608093262,
      -0.39058536291122437,
      0.44193097949028015,
      -0.0979166030883789,
      0.8276805877685547,
      0.5525912642478943
    ]
  },
  {
    "gravity" : [
      0.0966518372297287,
      -0.8283378481864929,
      -0.5518286228179932
    ],
    "timestamp" : 235195950709,
    "userAcceleration" : [
      -0.011690966784954071,
      -0.028610944747924805,
      0.039560556411743164
    ],
    "rotationMatrix" : [
      -0.5915425419807434,
      0.39807620644569397,
      -0.7011511325836182,
      -0.8004598617553711,
      -0.39419764280319214,
      0.45152226090431213,
      -0.0966518223285675,
      0.8283379077911377,
      0.5518286228179932
    ]
  },
  {
    "gravity" : [
      0.09569811075925827,
      -0.8288699984550476,
      -0.5511953234672546
    ],
    "timestamp" : 235195960727,
    "userAcceleration" : [
      -0.02299003303050995,
      -0.019182920455932617,
      -0.002225637435913086
    ],
    "rotationMatrix" : [
      -0.6013063192367554,
      0.39314907789230347,
      -0.6956034898757935,
      -0.7932668328285217,
      -0.3980051279067993,
      0.4607812762260437,
      -0.09569811820983887,
      0.8288699984550476,
      0.5511953234672546
    ]
  },
  {
    "gravity" : [
      0.09523208439350128,
      -0.8293781876564026,
      -0.5505111813545227
    ],
    "timestamp" : 235195970746,
    "userAcceleration" : [
      -0.02159322053194046,
      -0.016309618949890137,
      -0.033778369426727295
    ],
    "rotationMatrix" : [
      -0.6101893782615662,
      0.3883097171783447,
      -0.6905679106712341,
      -0.7865108251571655,
      -0.40168023109436035,
      0.46909838914871216,
      -0.09523206949234009,
      0.8293781876564026,
      0.5505111813545227
    ]
  },
  {
    "gravity" : [
      0.0952548235654831,
      -0.8299275040626526,
      -0.5496786832809448
    ],
    "timestamp" : 235195980764,
    "userAcceleration" : [
      -0.0072422027587890625,
      -0.004575550556182861,
      -0.0146828293800354
    ],
    "rotationMatrix" : [
      -0.61850905418396,
      0.3833215832710266,
      -0.6859375834465027,
      -0.7799822688102722,
      -0.4053199887275696,
      0.4768047034740448,
      -0.09525483846664429,
      0.8299274444580078,
      0.5496786832809448
    ]
  },
  {
    "gravity" : [
      0.0955907329916954,
      -0.8305302262306213,
      -0.5487093925476074
    ],
    "timestamp" : 235195990783,
    "userAcceleration" : [
      -0.0075780898332595825,
      -0.003972887992858887,
      -0.015652179718017578
    ],
    "rotationMatrix" : [
      -0.6263121366500854,
      0.3782637119293213,
      -0.681652307510376,
      -0.7736896276473999,
      -0.40882307291030884,
      0.48401254415512085,
      -0.09559071063995361,
      0.8305302262306213,
      0.5487093925476074
    ]
  },
  {
    "gravity" : [
      0.0959833636879921,
      -0.8311755061149597,
      -0.5476627349853516
    ],
    "timestamp" : 235196000801,
    "userAcceleration" : [
      -0.007970720529556274,
      -0.003327608108520508,
      -0.016698837280273438
    ],
    "rotationMatrix" : [
      -0.6337759494781494,
      0.3732287883758545,
      -0.6775164604187012,
      -0.7675385475158691,
      -0.412125825881958,
      0.49095526337623596,
      -0.0959833562374115,
      0.8311755657196045,
      0.5476627349853516
    ]
  },
  {
    "gravity" : [
      0.09621743857860565,
      -0.8318193554878235,
      -0.5466431975364685
    ],
    "timestamp" : 235196010820,
    "userAcceleration" : [
      -0.004207000136375427,
      -0.009168744087219238,
      0.009686410427093506
    ],
    "rotationMatrix" : [
      -0.6414053440093994,
      0.36814767122268677,
      -0.6731021404266357,
      -0.7611448168754578,
      -0.41538405418395996,
      0.49811118841171265,
      -0.09621745347976685,
      0.8318193554878235,
      0.5466431975364685
    ]
  },
  {
    "gravity" : [
      0.09619423747062683,
      -0.8323979377746582,
      -0.5457658171653748
    ],
    "timestamp" : 235196020838,
    "userAcceleration" : [
      -0.0005369335412979126,
      -0.0076135993003845215,
      0.031178414821624756
    ],
    "rotationMatrix" : [
      -0.6493910551071167,
      0.3630577027797699,
      -0.6681917905807495,
      -0.7543458938598633,
      -0.41869157552719116,
      0.5056278705596924,
      -0.09619423747062683,
      0.8323979377746582,
      0.5457658171653748
    ]
  },
  {
    "gravity" : [
      0.09591946750879288,
      -0.832901120185852,
      -0.5450459718704224
    ],
    "timestamp" : 235196030857,
    "userAcceleration" : [
      0.007245160639286041,
      -0.0011900067329406738,
      0.03569233417510986
    ],
    "rotationMatrix" : [
      -0.6571274995803833,
      0.3583020567893982,
      -0.6631762981414795,
      -0.7476513981819153,
      -0.4217761158943176,
      0.5129542350769043,
      -0.09591946005821228,
      0.832901120185852,
      0.5450459718704224
    ]
  },
  {
    "gravity" : [
      0.09540922194719315,
      -0.8333384990692139,
      -0.5444666743278503
    ],
    "timestamp" : 235196040875,
    "userAcceleration" : [
      0.007557041943073273,
      0.008494138717651367,
      0.030352294445037842
    ],
    "rotationMatrix" : [
      -0.664555013179779,
      0.3539007306098938,
      -0.6581189632415771,
      -0.7411230206489563,
      -0.42461860179901123,
      0.5200340747833252,
      -0.09540924429893494,
      0.8333384990692139,
      0.5444666743278503
    ]
  },
  {
    "gravity" : [
      0.09463570266962051,
      -0.8337251543998718,
      -0.5440094470977783
    ],
    "timestamp" : 235196050894,
    "userAcceleration" : [
      0.01376267522573471,
      0.011017143726348877,
      0.025622665882110596
    ],
    "rotationMatrix" : [
      -0.672120213508606,
      0.3496042788028717,
      -0.6527103185653687,
      -0.734369158744812,
      -0.4274093210697174,
      0.5272786617279053,
      -0.0946357250213623,
      0.8337252140045166,
      0.5440094470977783
    ]
  },
  {
    "gravity" : [
      0.09365786612033844,
      -0.8341315388679504,
      -0.5435556769371033
    ],
    "timestamp" : 235196060912,
    "userAcceleration" : [
      0.016846224665641785,
      0.01612311601638794,
      0.009177565574645996
    ],
    "rotationMatrix" : [
      -0.6798814535140991,
      0.34525108337402344,
      -0.6469643115997314,
      -0.7273164987564087,
      -0.4301466643810272,
      0.5347751379013062,
      -0.09365788102149963,
      0.8341314792633057,
      0.5435556173324585
    ]
  },
  {
    "gravity" : [
      0.09257674217224121,
      -0.8346235156059265,
      -0.5429852604866028
    ],
    "timestamp" : 235196070931,
    "userAcceleration" : [
      0.010053813457489014,
      0.01602005958557129,
      -0.010878264904022217
    ],
    "rotationMatrix" : [
      -0.6869853734970093,
      0.34119945764541626,
      -0.6415866613388062,
      -0.7207496762275696,
      -0.4324188530445099,
      0.5417872071266174,
      -0.09257674217224121,
      0.8346235156059265,
      0.5429852604866028
    ]
  },
  {
    "gravity" : [
      0.09161612391471863,
      -0.83525151014328,
      -0.5421820282936096
    ],
    "timestamp" : 235196080949,
    "userAcceleration" : [
      0.0034766048192977905,
      0.007935285568237305,
      -0.027382731437683105
    ],
    "rotationMatrix" : [
      -0.6940594911575317,
      0.3368690609931946,
      -0.6362392902374268,
      -0.7140641808509827,
      -0.43459632992744446,
      0.548851728439331,
      -0.09161612391471863,
      0.8352514505386353,
      0.5421820282936096
    ]
  },
  {
    "gravity" : [
      0.09086176753044128,
      -0.8359646201133728,
      -0.5412089824676514
    ],
    "timestamp" : 235196090968,
    "userAcceleration" : [
      -0.006450191140174866,
      -0.012057721614837646,
      -0.005650699138641357
    ],
    "rotationMatrix" : [
      -0.7005230188369751,
      0.33261555433273315,
      -0.6313747763633728,
      -0.7078215479850769,
      -0.43649712204933167,
      0.5553905367851257,
      -0.0908617377281189,
      0.8359646201133728,
      0.5412089824676514
    ]
  },
  {
    "gravity" : [
      0.09022562950849533,
      -0.8366547226905823,
      -0.5402480959892273
    ],
    "timestamp" : 235196100986,
    "userAcceleration" : [
      -0.0058140829205513,
      -0.011367619037628174,
      -0.006611645221710205
    ],
    "rotationMatrix" : [
      -0.7072016596794128,
      0.3281245231628418,
      -0.6262582540512085,
      -0.7012306451797485,
      -0.43856871128082275,
      0.5620786547660828,
      -0.09022563695907593,
      0.8366547226905823,
      0.5402480959892273
    ]
  },
  {
    "gravity" : [
      0.08974550664424896,
      -0.8372026085853577,
      -0.5394790172576904
    ],
    "timestamp" : 235196111005,
    "userAcceleration" : [
      -0.004158996045589447,
      -0.013703763484954834,
      0.00865626335144043
    ],
    "rotationMatrix" : [
      -0.7133104205131531,
      0.3239951729774475,
      -0.6214624643325806,
      -0.6950785517692566,
      -0.4405894875526428,
      0.5681081414222717,
      -0.08974552154541016,
      0.8372026085853577,
      0.5394790172576904
    ]
  },
  {
    "gravity" : [
      0.08938127011060715,
      -0.8375090956687927,
      -0.5390635132789612
    ],
    "timestamp" : 235196121023,
    "userAcceleration" : [
      0.005635164678096771,
      -0.0017242431640625,
      0.014390051364898682
    ],
    "rotationMatrix" : [
      -0.7196704745292664,
      0.31984859704971313,
      -0.6162559986114502,
      -0.6885387301445007,
      -0.44302988052368164,
      0.5741420388221741,
      -0.08938127756118774,
      0.8375090956687927,
      0.5390635132789612
    ]
  },
  {
    "gravity" : [
      0.0890456959605217,
      -0.8375688791275024,
      -0.5390262007713318
    ],
    "timestamp" : 235196131042,
    "userAcceleration" : [
      0.020863309502601624,
      0.004866182804107666,
      0.013025224208831787
    ],
    "rotationMatrix" : [
      -0.7258420586585999,
      0.3160267472267151,
      -0.6109669804573059,
      -0.6820736527442932,
      -0.44565197825431824,
      0.5798017978668213,
      -0.0890457034111023,
      0.8375688791275024,
      0.5390262603759766
    ]
  },
  {
    "gravity" : [
      0.0885821282863617,
      -0.837506115436554,
      -0.5392001271247864
    ],
    "timestamp" : 235196141060,
    "userAcceleration" : [
      0.03048214316368103,
      0.01340949535369873,
      0.0010988712310791016
    ],
    "rotationMatrix" : [
      -0.7318328619003296,
      0.3124977648258209,
      -0.60561203956604,
      -0.6757025718688965,
      -0.44825083017349243,
      0.5852327346801758,
      -0.0885821282863617,
      0.8375060558319092,
      0.5392001271247864
    ]
  },
  {
    "gravity" : [
      0.08795728534460068,
      -0.8374953866004944,
      -0.5393189787864685
    ],
    "timestamp" : 235196151079,
    "userAcceleration" : [
      0.03069501370191574,
      0.01686251163482666,
      -0.01890861988067627
    ],
    "rotationMatrix" : [
      -0.7374178171157837,
      0.30924540758132935,
      -0.6004848480224609,
      -0.6696852445602417,
      -0.45052042603492737,
      0.5903837084770203,
      -0.08795729279518127,
      0.8374953866004944,
      0.5393189787864685
    ]
  },
  {
    "gravity" : [
      0.08725720643997192,
      -0.8376767635345459,
      -0.5391510725021362
    ],
    "timestamp" : 235196161097,
    "userAcceleration" : [
      0.026420719921588898,
      0.010146856307983398,
      -0.04257500171661377
    ],
    "rotationMatrix" : [
      -0.7428122162818909,
      0.3059173822402954,
      -0.5955206155776978,
      -0.6637894511222839,
      -0.45245152711868286,
      0.5955429673194885,
      -0.08725723624229431,
      0.8376768231391907,
      0.5391510725021362
    ]
  },
  {
    "gravity" : [
      0.08663327991962433,
      -0.838105320930481,
      -0.5385851860046387
    ],
    "timestamp" : 235196171116,
    "userAcceleration" : [
      0.0167296901345253,
      0.005219638347625732,
      -0.05739253759384155
    ],
    "rotationMatrix" : [
      -0.747685432434082,
      0.3025752902030945,
      -0.5911126136779785,
      -0.6583772301673889,
      -0.4539022147655487,
      0.6004263162612915,
      -0.08663326501846313,
      0.838105320930481,
      0.5385851860046387
    ]
  },
  {
    "gravity" : [
      0.0862419381737709,
      -0.8387495279312134,
      -0.5376444458961487
    ],
    "timestamp" : 235196181134,
    "userAcceleration" : [
      0.007340170443058014,
      0.002232193946838379,
      -0.05874532461166382
    ],
    "rotationMatrix" : [
      -0.7522318363189697,
      0.29901641607284546,
      -0.5871423482894897,
      -0.6532299518585205,
      -0.45506948232650757,
      0.6051463484764099,
      -0.08624193072319031,
      0.8387494683265686,
      0.5376444458961487
    ]
  },
  {
    "gravity" : [
      0.08604279160499573,
      -0.8394948840141296,
      -0.5365117788314819
    ],
    "timestamp" : 235196191153,
    "userAcceleration" : [
      0.007401980459690094,
      0.003145456314086914,
      -0.038637757301330566
    ],
    "rotationMatrix" : [
      -0.756606936454773,
      0.29529279470443726,
      -0.583393394947052,
      -0.6481838226318359,
      -0.45612525939941406,
      0.6097599864006042,
      -0.08604277670383453,
      0.8394948840141296,
      0.5365117788314819
    ]
  },
  {
    "gravity" : [
      0.08579197525978088,
      -0.8402146100997925,
      -0.5354241728782654
    ],
    "timestamp" : 235196201171,
    "userAcceleration" : [
      0.02610068768262863,
      0.006459236145019531,
      0.04654783010482788
    ],
    "rotationMatrix" : [
      -0.7609548568725586,
      0.29162919521331787,
      -0.57956862449646,
      -0.6431073546409607,
      -0.45715582370758057,
      0.6143460273742676,
      -0.08579197525978088,
      0.8402146100997925,
      0.5354241132736206
    ]
  },
  {
    "gravity" : [
      0.08525002002716064,
      -0.8408467769622803,
      -0.5345175266265869
    ],
    "timestamp" : 235196211190,
    "userAcceleration" : [
      0.026642628014087677,
      0.007091343402862549,
      0.045641183853149414
    ],
    "rotationMatrix" : [
      -0.7655210494995117,
      0.28810155391693115,
      -0.5753039121627808,
      -0.6377378106117249,
      -0.45822903513908386,
      0.6191254258155823,
      -0.08525002002716064,
      0.840846836566925,
      0.5345175266265869
    ]
  },
  {
    "gravity" : [
      0.08430629968643188,
      -0.8413698077201843,
      -0.5338438153266907
    ],
    "timestamp" : 235196221208,
    "userAcceleration" : [
      0.02758636325597763,
      0.0076143741607666016,
      0.04496753215789795
    ],
    "rotationMatrix" : [
      -0.7700117826461792,
      0.28502821922302246,
      -0.570824384689331,
      -0.6324350237846375,
      -0.4591900110244751,
      0.6238350868225098,
      -0.08430629968643188,
      0.8413697481155396,
      0.5338437557220459
    ]
  },
  {
    "gravity" : [
      0.08303073048591614,
      -0.8417981863021851,
      -0.5333681702613831
    ],
    "timestamp" : 235196231227,
    "userAcceleration" : [
      0.022392183542251587,
      0.009049832820892334,
      0.03863251209259033
    ],
    "rotationMatrix" : [
      -0.7749865055084229,
      0.281930536031723,
      -0.5656063556671143,
      -0.6264991760253906,
      -0.46031567454338074,
      0.6289736032485962,
      -0.08303073048591614,
      0.8417981863021851,
      0.5333681106567383
    ]
  },
  {
    "gravity" : [
      0.08167310059070587,
      -0.842201292514801,
      -0.5329413414001465
    ],
    "timestamp" : 235196241245,
    "userAcceleration" : [
      0.008292675018310547,
      0.008766233921051025,
      0.014203548431396484
    ],
    "rotationMatrix" : [
      -0.7801945805549622,
      0.2787138819694519,
      -0.5600131750106812,
      -0.6201819181442261,
      -0.46153587102890015,
      0.6343175768852234,
      -0.08167311549186707,
      0.842201292514801,
      0.5329413414001465
    ]
  },
  {
    "gravity" : [
      0.08049307763576508,
      -0.8426839709281921,
      -0.5323576927185059
    ],
    "timestamp" : 235196251264,
    "userAcceleration" : [
      -0.012805141508579254,
      0.005769908428192139,
      -0.00972604751586914
    ],
    "rotationMatrix" : [
      -0.7851400375366211,
      0.27543073892593384,
      -0.5547010898590088,
      -0.6140653491020203,
      -0.46262502670288086,
      0.6394544839859009,
      -0.08049306273460388,
      0.8426839113235474,
      0.5323576927185059
    ]
  },
  {
    "gravity" : [
      0.07967312633991241,
      -0.8432272672653198,
      -0.5316201448440552
    ],
    "timestamp" : 235196261282,
    "userAcceleration" : [
      -0.019919753074645996,
      0.0014914870262145996,
      -0.020244479179382324
    ],
    "rotationMatrix" : [
      -0.7897486686706543,
      0.27201923727989197,
      -0.5498207807540894,
      -0.6082347631454468,
      -0.46365228295326233,
      0.6442649364471436,
      -0.07967314124107361,
      0.8432272672653198,
      0.5316201448440552
    ]
  },
  {
    "gravity" : [
      0.07922093570232391,
      -0.8437455892562866,
      -0.5308645963668823
    ],
    "timestamp" : 235196271301,
    "userAcceleration" : [
      -0.012402735650539398,
      0.010142803192138672,
      -0.0186958909034729
    ],
    "rotationMatrix" : [
      -0.7931002378463745,
      0.26927536725997925,
      -0.5463353991508484,
      -0.6039168834686279,
      -0.4643099308013916,
      0.6478428244590759,
      -0.07922095060348511,
      0.8437456488609314,
      0.5308645963668823
    ]
  },
  {
    "gravity" : [
      0.07909852266311646,
      -0.844183623790741,
      -0.530186116695404
    ],
    "timestamp" : 235196281319,
    "userAcceleration" : [
      -0.0012329444289207458,
      0.014715909957885742,
      -0.009898722171783447
    ],
    "rotationMatrix" : [
      -0.7967667579650879,
      0.2660894989967346,
      -0.5425482392311096,
      -0.5990873575210571,
      -0.46534931659698486,
      0.6515703797340393,
      -0.07909850776195526,
      0.844183623790741,
      0.530186116695404
    ]
  },
  {
    "gravity" : [
      0.07920460402965546,
      -0.8445056676864624,
      -0.5296573042869568
    ],
    "timestamp" : 235196291338,
    "userAcceleration" : [
      0.003024972975254059,
      0.021416127681732178,
      0.0019930601119995117
    ],
    "rotationMatrix" : [
      -0.8005172610282898,
      0.2627471685409546,
      -0.5386428833007812,
      -0.5940528512001038,
      -0.46666279435157776,
      0.6552305221557617,
      -0.07920458912849426,
      0.8445056676864624,
      0.529657244682312
    ]
  },
  {
    "gravity" : [
      0.07935627549886703,
      -0.8447161912918091,
      -0.529298722743988
    ],
    "timestamp" : 235196301356,
    "userAcceleration" : [
      0.014378435909748077,
      0.009099066257476807,
      0.014299333095550537
    ],
    "rotationMatrix" : [
      -0.8044641017913818,
      0.25929251313209534,
      -0.5344200730323792,
      -0.5886764526367188,
      -0.46821141242980957,
      0.6589673757553101,
      -0.07935626804828644,
      0.8447161912918091,
      0.529298722743988
    ]
  },
  {
    "gravity" : [
      0.07947368174791336,
      -0.8448415398597717,
      -0.5290809869766235
    ],
    "timestamp" : 235196311375,
    "userAcceleration" : [
      0.014261014759540558,
      0.009224534034729004,
      0.014081597328186035
    ],
    "rotationMatrix" : [
      -0.8081706166267395,
      0.2561061382293701,
      -0.5303487181663513,
      -0.5835614800453186,
      -0.46973639726638794,
      0.6624224781990051,
      -0.07947368919849396,
      0.8448415398597717,
      0.5290809869766235
    ]
  },
  {
    "gravity" : [
      0.07961893081665039,
      -0.8449411392211914,
      -0.5289000272750854
    ],
    "timestamp" : 235196321393,
    "userAcceleration" : [
      0.014115765690803528,
      0.009324073791503906,
      0.01390063762664795
    ],
    "rotationMatrix" : [
      -0.8121426105499268,
      0.2526708245277405,
      -0.5259101986885071,
      -0.5780007839202881,
      -0.47141462564468384,
      0.666095495223999,
      -0.07961893081665039,
      0.8449411392211914,
      0.5289000272750854
    ]
  },
  {
    "gravity" : [
      0.07983694970607758,
      -0.8450560569763184,
      -0.528683602809906
    ],
    "timestamp" : 235196331412,
    "userAcceleration" : [
      0.009884677827358246,
      0.01514577865600586,
      0.003888070583343506
    ],
    "rotationMatrix" : [
      -0.8160774111747742,
      0.24914920330047607,
      -0.5214805603027344,
      -0.5724014043807983,
      -0.4730800688266754,
      0.6697399616241455,
      -0.07983694970607758,
      0.8450560569763184,
      0.528683602809906
    ]
  },
  {
    "gravity" : [
      0.07999129593372345,
      -0.8452162742614746,
      -0.5284039378166199
    ],
    "timestamp" : 235196341430,
    "userAcceleration" : [
      0.013895995914936066,
      0.025224268436431885,
      0.0007703304290771484
    ],
    "rotationMatrix" : [
      -0.8195463418960571,
      0.24598149955272675,
      -0.5175288319587708,
      -0.5674014091491699,
      -0.474449098110199,
      0.6730177998542786,
      -0.07999129593372345,
      0.8452162146568298,
      0.5284039378166199
    ]
  },
  {
    "gravity" : [
      0.07992421090602875,
      -0.8454608917236328,
      -0.5280226469039917
    ],
    "timestamp" : 235196351449,
    "userAcceleration" : [
      0.02310308814048767,
      0.029787123203277588,
      0.005149722099304199
    ],
    "rotationMatrix" : [
      -0.8233862519264221,
      0.24256716668605804,
      -0.5130264163017273,
      -0.5618247389793396,
      -0.4757697880268097,
      0.6767539978027344,
      -0.07992422580718994,
      0.8454608917236328,
      0.5280226469039917
    ]
  },
  {
    "gravity" : [
      0.07951156795024872,
      -0.8457908034324646,
      -0.527556300163269
    ],
    "timestamp" : 235196361467,
    "userAcceleration" : [
      0.0326557457447052,
      0.02973562479019165,
      0.011671960353851318
    ],
    "rotationMatrix" : [
      -0.8272056579589844,
      0.23933368921279907,
      -0.5083793997764587,
      -0.5562446713447571,
      -0.4768194258213043,
      0.6806133985519409,
      -0.07951156795024872,
      0.8457908630371094,
      0.527556300163269
    ]
  },
  {
    "gravity" : [
      0.07888724654912949,
      -0.8461818099021912,
      -0.5270228385925293
    ],
    "timestamp" : 235196371486,
    "userAcceleration" : [
      0.03262393921613693,
      0.027944505214691162,
      0.007308483123779297
    ],
    "rotationMatrix" : [
      -0.8311015963554382,
      0.2361149936914444,
      -0.5035068988800049,
      -0.5504963994026184,
      -0.4777296185493469,
      0.6846368312835693,
      -0.07888723909854889,
      0.8461817502975464,
      0.5270228385925293
    ]
  },
  {
    "gravity" : [
      0.07826736569404602,
      -0.8465895056724548,
      -0.5264602899551392
    ],
    "timestamp" : 235196381504,
    "userAcceleration" : [
      0.02735394984483719,
      0.02160787582397461,
      -0.00572049617767334
    ],
    "rotationMatrix" : [
      -0.8347831964492798,
      0.2330286055803299,
      -0.49883320927619934,
      -0.5449872612953186,
      -0.47852253913879395,
      0.6884801983833313,
      -0.07826736569404602,
      0.8465895056724548,
      0.5264602899551392
    ]
  },
  {
    "gravity" : [
      0.07785259187221527,
      -0.8469290733337402,
      -0.5259752869606018
    ],
    "timestamp" : 235196391523,
    "userAcceleration" : [
      0.018201425671577454,
      0.01662212610244751,
      -0.013560175895690918
    ],
    "rotationMatrix" : [
      -0.8381012678146362,
      0.23012393712997437,
      -0.49459949135780334,
      -0.5399302244186401,
      -0.4793262779712677,
      0.6918967962265015,
      -0.07785257697105408,
      0.8469290733337402,
      0.5259752869606018
    ]
  },
  {
    "gravity" : [
      0.07778822630643845,
      -0.8471552729606628,
      -0.5256204009056091
    ],
    "timestamp" : 235196401541,
    "userAcceleration" : [
      0.011658750474452972,
      0.011233091354370117,
      -0.014510154724121094
    ],
    "rotationMatrix" : [
      -0.8411917090415955,
      0.22720716893672943,
      -0.4906861186027527,
      -0.5351120829582214,
      -0.48031699657440186,
      0.6949461698532104,
      -0.07778821885585785,
      0.8471553325653076,
      0.5256204009056091
    ]
  },
  {
    "gravity" : [
      0.07796056568622589,
      -0.8472622036933899,
      -0.5254226922988892
    ],
    "timestamp" : 235196411560,
    "userAcceleration" : [
      0.0033229663968086243,
      0.006960690021514893,
      -0.00604093074798584
    ],
    "rotationMatrix" : [
      -0.8440414667129517,
      0.22439181804656982,
      -0.4870756268501282,
      -0.5305812954902649,
      -0.4814513027667999,
      0.6976305246353149,
      -0.0779605507850647,
      0.8472621440887451,
      0.5254226922988892
    ]
  },
  {
    "gravity" : [
      0.0780576691031456,
      -0.8473160266876221,
      -0.5253211259841919
    ],
    "timestamp" : 235196421578,
    "userAcceleration" : [
      0.013205111026763916,
      0.010569930076599121,
      0.00769728422164917
    ],
    "rotationMatrix" : [
      -0.8470549583435059,
      0.2215089350938797,
      -0.4831469655036926,
      -0.5257415771484375,
      -0.4826890230178833,
      0.700433075428009,
      -0.078057661652565,
      0.8473160862922668,
      0.5253211259841919
    ]
  },
  {
    "gravity" : [
      0.07790437340736389,
      -0.8473809361457825,
      -0.5252394676208496
    ],
    "timestamp" : 235196431597,
    "userAcceleration" : [
      0.02013329416513443,
      0.01020747423171997,
      0.01323080062866211
    ],
    "rotationMatrix" : [
      -0.8500775098800659,
      0.21878856420516968,
      -0.4790615141391754,
      -0.520863950252533,
      -0.4838152825832367,
      0.7032948136329651,
      -0.07790437340736389,
      0.8473809361457825,
      0.5252394676208496
    ]
  },
  {
    "gravity" : [
      0.07744292169809341,
      -0.847475528717041,
      -0.5251550078392029
    ],
    "timestamp" : 235196441615,
    "userAcceleration" : [
      0.023554958403110504,
      0.015444338321685791,
      0.00824826955795288
    ],
    "rotationMatrix" : [
      -0.8531423807144165,
      0.2162305861711502,
      -0.47475507855415344,
      -0.5158979296684265,
      -0.484798401594162,
      0.706271767616272,
      -0.07744291424751282,
      0.847475528717041,
      0.5251550078392029
    ]
  },
  {
    "gravity" : [
      0.07677687704563141,
      -0.8476384282112122,
      -0.5249898433685303
    ],
    "timestamp" : 235196451634,
    "userAcceleration" : [
      0.025273866951465607,
      0.021298766136169434,
      -0.0058023929595947266
    ],
    "rotationMatrix" : [
      -0.856200098991394,
      0.213760644197464,
      -0.47034838795661926,
      -0.5109075307846069,
      -0.48560822010040283,
      0.7093363404273987,
      -0.0767768919467926,
      0.8476384282112122,
      0.5249898433685303
    ]
  },
  {
    "gravity" : [
      0.07612250000238419,
      -0.8478920459747314,
      -0.5246754884719849
    ],
    "timestamp" : 235196461652,
    "userAcceleration" : [
      0.014911405742168427,
      0.016623735427856445,
      -0.021924853324890137
    ],
    "rotationMatrix" : [
      -0.859047532081604,
      0.21137140691280365,
      -0.4662178158760071,
      -0.5062037706375122,
      -0.48621079325675964,
      0.712289571762085,
      -0.0761224776506424,
      0.8478920459747314,
      0.5246754884719849
    ]
  },
  {
    "gravity" : [
      0.07555379718542099,
      -0.8482726216316223,
      -0.5241422057151794
    ],
    "timestamp" : 235196471671,
    "userAcceleration" : [
      0.009620726108551025,
      0.00891721248626709,
      -0.026883184909820557
    ],
    "rotationMatrix" : [
      -0.8618215322494507,
      0.20884257555007935,
      -0.462220698595047,
      -0.501552402973175,
      -0.48663944005966187,
      0.7152809500694275,
      -0.07555380463600159,
      0.8482726216316223,
      0.5241422057151794
    ]
  },
  {
    "gravity" : [
      0.07506566494703293,
      -0.8487914204597473,
      -0.5233719348907471
    ],
    "timestamp" : 235196481690,
    "userAcceleration" : [
      0.01308433711528778,
      0.00275266170501709,
      -0.02531886100769043
    ],
    "rotationMatrix" : [
      -0.8640588521957397,
      0.20662544667720795,
      -0.4590293765068054,
      -0.49776220321655273,
      -0.48668140172958374,
      0.7178953289985657,
      -0.07506565749645233,
      0.8487914204597473,
      0.5233719348907471
    ]
  },
  {
    "gravity" : [
      0.07463929057121277,
      -0.8493338227272034,
      -0.5225522518157959
    ],
    "timestamp" : 235196491708,
    "userAcceleration" : [
      0.016043640673160553,
      -0.00312882661819458,
      -0.017639338970184326
    ],
    "rotationMatrix" : [
      -0.8661601543426514,
      0.20445476472377777,
      -0.4560309946537018,
      -0.49416089057922363,
      -0.4866516590118408,
      0.7203989624977112,
      -0.07463929057121277,
      0.8493338227272034,
      0.5225522518157959
    ]
  },
  {
    "gravity" : [
      0.07413429766893387,
      -0.849787175655365,
      -0.5218868255615234
    ],
    "timestamp" : 235196501727,
    "userAcceleration" : [
      0.027718104422092438,
      0.00406879186630249,
      0.0014247894287109375
    ],
    "rotationMatrix" : [
      -0.8681950569152832,
      0.20248395204544067,
      -0.4530317187309265,
      -0.49065423011779785,
      -0.48668479919433594,
      0.7227699160575867,
      -0.07413430511951447,
      0.849787175655365,
      0.5218868851661682
    ]
  },
  {
    "gravity" : [
      0.07354457676410675,
      -0.8501006960868835,
      -0.5214592814445496
    ],
    "timestamp" : 235196511745,
    "userAcceleration" : [
      0.03843963146209717,
      0.004473984241485596,
      0.012899219989776611
    ],
    "rotationMatrix" : [
      -0.8701396584510803,
      0.20078420639038086,
      -0.4500465393066406,
      -0.4872857332229614,
      -0.48684072494506836,
      0.7249400615692139,
      -0.07354456186294556,
      0.8501007556915283,
      0.5214592814445496
    ]
  },
  {
    "gravity" : [
      0.07287397980690002,
      -0.8503032922744751,
      -0.5212233066558838
    ],
    "timestamp" : 235196521764,
    "userAcceleration" : [
      0.03393751382827759,
      0.0029063820838928223,
      0.015699803829193115
    ],
    "rotationMatrix" : [
      -0.8720740675926208,
      0.19924940168857574,
      -0.4469751715660095,
      -0.48391789197921753,
      -0.48711827397346497,
      0.727007269859314,
      -0.07287396490573883,
      0.8503032922744751,
      0.5212233066558838
    ]
  },
  {
    "gravity" : [
      0.0720619261264801,
      -0.8504900336265564,
      -0.5210313200950623
    ],
    "timestamp" : 235196531782,
    "userAcceleration" : [
      0.007405810058116913,
      -0.019520282745361328,
      -0.010447442531585693
    ],
    "rotationMatrix" : [
      -0.8740638494491577,
      0.19777964055538177,
      -0.4437284469604492,
      -0.4804360270500183,
      -0.4873904287815094,
      0.7291304469108582,
      -0.07206191122531891,
      0.8504900336265564,
      0.5210313200950623
    ]
  },
  {
    "gravity" : [
      0.07116726040840149,
      -0.8507736921310425,
      -0.5206910371780396
    ],
    "timestamp" : 235196541801,
    "userAcceleration" : [
      0.008300453424453735,
      -0.01923656463623047,
      -0.010787785053253174
    ],
    "rotationMatrix" : [
      -0.87623131275177,
      0.19610421359539032,
      -0.4401831030845642,
      -0.47660595178604126,
      -0.48757222294807434,
      0.7315186262130737,
      -0.07116727530956268,
      0.8507736921310425,
      0.5206910371780396
    ]
  },
  {
    "gravity" : [
      0.07023444026708603,
      -0.851218044757843,
      -0.52009117603302
    ],
    "timestamp" : 235196551819,
    "userAcceleration" : [
      0.00923328846693039,
      -0.018792271614074707,
      -0.011387646198272705
    ],
    "rotationMatrix" : [
      -0.8782705068588257,
      0.19444312155246735,
      -0.4368434548377991,
      -0.4729772210121155,
      -0.48746204376220703,
      0.7339434027671814,
      -0.07023443281650543,
      0.851218044757843,
      0.52009117603302
    ]
  },
  {
    "gravity" : [
      0.06925730407238007,
      -0.8517735004425049,
      -0.51931232213974
    ],
    "timestamp" : 235196561838,
    "userAcceleration" : [
      0.007814817130565643,
      -0.013399779796600342,
      -0.014714717864990234
    ],
    "rotationMatrix" : [
      -0.8803769946098328,
      0.19264572858810425,
      -0.4333866834640503,
      -0.4691905975341797,
      -0.48720583319664,
      0.7365396022796631,
      -0.06925731897354126,
      0.8517735004425049,
      0.51931232213974
    ]
  },
  {
    "gravity" : [
      0.06813862174749374,
      -0.8523491024971008,
      -0.5185151696205139
    ],
    "timestamp" : 235196571856,
    "userAcceleration" : [
      0.021018467843532562,
      -0.01200026273727417,
      -0.006142973899841309
    ],
    "rotationMatrix" : [
      -0.8824974298477173,
      0.19092611968517303,
      -0.4298195242881775,
      -0.46535438299179077,
      -0.4868755340576172,
      0.739186704158783,
      -0.06813861429691315,
      0.8523491024971008,
      0.5185152292251587
    ]
  },
  {
    "gravity" : [
      0.06690046191215515,
      -0.8528937697410583,
      -0.5177802443504333
    ],
    "timestamp" : 235196581875,
    "userAcceleration" : [
      0.029306188225746155,
      -0.012966156005859375,
      -0.007595062255859375
    ],
    "rotationMatrix" : [
      -0.8843382596969604,
      0.1896180361509323,
      -0.4266032874584198,
      -0.46202778816223145,
      -0.4864327311515808,
      0.7415612936019897,
      -0.06690046191215515,
      0.8528938293457031,
      0.5177802443504333
    ]
  },
  {
    "gravity" : [
      0.06571722030639648,
      -0.8534435033798218,
      -0.517025351524353
    ],
    "timestamp" : 235196591893,
    "userAcceleration" : [
      0.03134390711784363,
      -0.011882305145263672,
      -0.024310648441314697
    ],
    "rotationMatrix" : [
      -0.8859007358551025,
      0.1885432004928589,
      -0.4238283932209015,
      -0.45919525623321533,
      -0.48588573932647705,
      0.7436760663986206,
      -0.06571722030639648,
      0.8534435033798218,
      0.5170252919197083
    ]
  },
  {
    "gravity" : [
      0.06471362709999084,
      -0.8541125059127808,
      -0.5160462856292725
    ],
    "timestamp" : 235196601912,
    "userAcceleration" : [
      0.020415127277374268,
      -0.012372970581054688,
      -0.049032390117645264
    ],
    "rotationMatrix" : [
      -0.8864730596542358,
      0.18825972080230713,
      -0.422756552696228,
      -0.45823246240615845,
      -0.48481908440589905,
      0.7449650764465332,
      -0.06471364200115204,
      0.8541125059127808,
      0.5160462856292725
    ]
  },
  {
    "gravity" : [
      0.06383531540632248,
      -0.854994535446167,
      -0.514693558216095
    ],
    "timestamp" : 235196611930,
    "userAcceleration" : [
      0.008186131715774536,
      -0.017213106155395508,
      -0.05079716444015503
    ],
    "rotationMatrix" : [
      -0.8873180150985718,
      0.18740497529506683,
      -0.4213622212409973,
      -0.4567185044288635,
      -0.483594685792923,
      0.746688961982727,
      -0.06383530795574188,
      0.854994535446167,
      0.5146936178207397
    ]
  },
  {
    "gravity" : [
      0.06290776282548904,
      -0.856120228767395,
      -0.5129335522651672
    ],
    "timestamp" : 235196621949,
    "userAcceleration" : [
      0.005283735692501068,
      -0.02280128002166748,
      -0.04205906391143799
    ],
    "rotationMatrix" : [
      -0.8882973790168762,
      0.18625041842460632,
      -0.41980791091918945,
      -0.4549401104450226,
      -0.4820467233657837,
      0.7487726807594299,
      -0.06290775537490845,
      0.8561201691627502,
      0.5129335522651672
