[
  {
    "timestamp" : 235286109478,
    "rotationMatrix" : [
      0.17511692643165588,
      -0.20001599192619324,
      0.9640164375305176,
      0.9842039346694946,
      0.06143411993980408,
      -0.16603755950927734,
      -0.02601337432861328,
      0.9778647422790527,
      0.20761466026306152
    ],
    "gravity" : [
      0.02601335570216179,
      -0.9778648018836975,
      -0.20761464536190033
    ],
    "userAcceleration" : [
      -0.011181753128767014,
      -0.014765262603759766,
      0.04559674859046936
    ]
  },
  {
    "timestamp" : 235286119497,
    "rotationMatrix" : [
      0.16908320784568787,
      -0.19739550352096558,
      0.9656323194503784,
      0.9852182269096375,
      0.06117826700210571,
      -0.16000652313232422,
      -0.027491062879562378,
      0.9784129858016968,
      0.20482197403907776
    ],
    "gravity" : [
      0.027491038665175438,
      -0.9784130454063416,
      -0.20482197403907776
    ],
    "userAcceleration" : [
      0.004796614870429039,
      0.0077558159828186035,
      0.07059033215045929
    ]
  },
  {
    "timestamp" : 235286129517,
    "rotationMatrix" : [
      0.16414830088615417,
      -0.1954028606414795,
      0.9668883085250854,
      0.9860146045684814,
      0.06113657355308533,
      -0.1550399363040924,
      -0.028816908597946167,
      0.9788155555725098,
      0.20270562171936035
    ],
    "gravity" : [
      0.028816895559430122,
      -0.9788155555725098,
      -0.20270562171936035
    ],
    "userAcceleration" : [
      0.023291924968361855,
      0.025126099586486816,
      0.07415027916431427
    ]
  },
  {
    "timestamp" : 235286139537,
    "rotationMatrix" : [
      0.16036373376846313,
      -0.1938997209072113,
      0.9678255319595337,
      0.9866104125976562,
      0.06101059913635254,
      -0.15125304460525513,
      -0.029719680547714233,
      0.9791223406791687,
      0.20108741521835327
    ],
    "gravity" : [
      0.029719678685069084,
      -0.9791223406791687,
      -0.20108743011951447
    ],
    "userAcceleration" : [
      0.03883811831474304,
      0.03364205360412598,
      0.052131056785583496
    ]
  },
  {
    "timestamp" : 235286149557,
    "rotationMatrix" : [
      0.1573183536529541,
      -0.19251155853271484,
      0.9686022400856018,
      0.9870865345001221,
      0.06063193082809448,
      -0.14826983213424683,
      -0.030184566974639893,
      0.9794197678565979,
      0.1995640993118286
    ],
    "gravity" : [
      0.030184583738446236,
      -0.9794197678565979,
      -0.19956408441066742
    ],
    "userAcceleration" : [
      0.03307841345667839,
      0.034229397773742676,
      -0.0022640228271484375
    ]
  },
  {
    "timestamp" : 235286159576,
    "rotationMatrix" : [
      0.1545291543006897,
      -0.19079285860061646,
      0.9693908095359802,
      0.9875200390815735,
      0.06002545356750488,
      -0.14560487866401672,
      -0.03040754795074463,
      0.9797931909561157,
      0.19768762588500977
    ],
    "gravity" : [
      0.03040757030248642,
      -0.9797931909561157,
      -0.19768762588500977
    ],
    "userAcceleration" : [
      0.02078571915626526,
      0.03094083070755005,
      -0.06314614415168762
    ]
  },
  {
    "timestamp" : 235286169596,
    "rotationMatrix" : [
      0.15106183290481567,
      -0.18862107396125793,
      0.9703618884086609,
      0.9880512952804565,
      0.05917268991470337,
      -0.1423134207725525,
      -0.030575454235076904,
      0.9802655577659607,
      0.19530612230300903
    ],
    "gravity" : [
      0.03057551383972168,
      -0.9802654981613159,
      -0.19530612230300903
    ],
    "userAcceleration" : [
      0.008151348680257797,
      0.02993297576904297,
      -0.09369540214538574
    ]
  },
  {
    "timestamp" : 235286179616,
    "rotationMatrix" : [
      0.14695897698402405,
      -0.18610018491744995,
      0.9714781045913696,
      0.9886636137962341,
      0.058195024728775024,
      -0.1384105682373047,
      -0.030776888132095337,
      0.9808057546615601,
      0.19254285097122192
    ],
    "gravity" : [
      0.030776923522353172,
      -0.9808057546615601,
      -0.19254283607006073
    ],
    "userAcceleration" : [
      -0.0007017925381660461,
      0.02514791488647461,
      -0.09622979164123535
    ]
  },
  {
    "timestamp" : 235286189636,
    "rotationMatrix" : [
      0.1421232521533966,
      -0.18339470028877258,
      0.9727113246917725,
      0.9893606901168823,
      0.05718129873275757,
      -0.13377490639686584,
      -0.031087249517440796,
      0.9813748598098755,
      0.1895703375339508
    ],
    "gravity" : [
      0.03108721785247326,
      -0.9813748598098755,
      -0.1895703375339508
    ],
    "userAcceleration" : [
      -0.005162479355931282,
      0.021246135234832764,
      -0.08151739835739136
    ]
  },
  {
    "timestamp" : 235286199655,
    "rotationMatrix" : [
      0.13734903931617737,
      -0.18057531118392944,
      0.9739238023757935,
      0.9900169968605042,
      0.05643802881240845,
      -0.12915435433387756,
      -0.03164413571357727,
      0.981940507888794,
      0.18652448058128357
    ],
    "gravity" : [
      0.03164413571357727,
      -0.9819404482841492,
      -0.18652449548244476
    ],
    "userAcceleration" : [
      -0.004895426332950592,
      0.00829249620437622,
      -0.0567617267370224
    ]
  },
  {
    "timestamp" : 235286209675,
    "rotationMatrix" : [
      0.13228154182434082,
      -0.1779835820198059,
      0.9751018285751343,
      0.9906789660453796,
      0.05600437521934509,
      -0.12417232990264893,
      -0.03250935673713684,
      0.9824384450912476,
      0.18373289704322815
    ],
    "gravity" : [
      0.03250933066010475,
      -0.9824385046958923,
      -0.18373288214206696
    ],
    "userAcceleration" : [
      -0.013405270874500275,
      0.004075527191162109,
      -0.020658671855926514
    ]
  },
  {
    "timestamp" : 235286219695,
    "rotationMatrix" : [
      0.1274378001689911,
      -0.17585361003875732,
      0.9761325120925903,
      0.9912782907485962,
      0.05588605999946594,
      -0.11934688687324524,
      -0.03356441855430603,
      0.9828284978866577,
      0.18144208192825317
    ],
    "gravity" : [
      0.033564403653144836,
      -0.9828284978866577,
      -0.1814420521259308
    ],
    "userAcceleration" : [
      -0.0056102462112903595,
      0.004404604434967041,
      0.001235678791999817
    ]
  },
  {
    "timestamp" : 235286229715,
    "rotationMatrix" : [
      0.12289190292358398,
      -0.17412295937538147,
      0.9770254492759705,
      0.9918164014816284,
      0.05588191747665405,
      -0.11479312181472778,
      -0.034609854221343994,
      0.9831369519233704,
      0.17956548929214478
    ],
    "gravity" : [
      0.03460988402366638,
      -0.9831370115280151,
      -0.17956547439098358
    ],
    "userAcceleration" : [
      0.006695713847875595,
      0.009962022304534912,
      0
    ]
  },
  {
    "timestamp" : 235286239734,
    "rotationMatrix" : [
      0.11852997541427612,
      -0.1725875735282898,
      0.9778364896774292,
      0.9923134446144104,
      0.055856794118881226,
      -0.11042612791061401,
      -0.03556063771247864,
      0.9834091067314148,
      0.17788174748420715
    ],
    "gravity" : [
      0.03556058928370476,
      -0.9834091067314148,
      -0.17788173258304596
    ],
    "userAcceleration" : [
      0.01210792362689972,
      0.01716160774230957,
      -0.01520305871963501
    ]
  },
  {
    "timestamp" : 235286249754,
    "rotationMatrix" : [
      0.11444863677024841,
      -0.17107635736465454,
      0.9785878658294678,
      0.9927658438682556,
      0.055686235427856445,
      -0.10637167096138,
      -0.03629609942436218,
      0.9836827516555786,
      0.17621204257011414
    ],
    "gravity" : [
      0.03629608824849129,
      -0.9836827516555786,
      -0.17621205747127533
    ],
    "userAcceleration" : [
      0.02226719632744789,
      0.026026010513305664,
      -0.04272107779979706
    ]
  },
  {
    "timestamp" : 235286259774,
    "rotationMatrix" : [
      0.11079034209251404,
      -0.1694158911705017,
      0.9792975187301636,
      0.9931618571281433,
      0.0553683340549469,
      -0.10278022289276123,
      -0.03680941462516785,
      0.9839880466461182,
      0.1743917465209961
    ],
    "gravity" : [
      0.03680940344929695,
      -0.9839880466461182,
      -0.1743917316198349
    ],
    "userAcceleration" : [
      0.026392556726932526,
      0.035379767417907715,
      -0.07090866565704346
    ]
  },
  {
    "timestamp" : 235286269794,
    "rotationMatrix" : [
      0.10640528798103333,
      -0.16754308342933655,
      0.9801055192947388,
      0.9936283826828003,
      0.05474668741226196,
      -0.09851458668708801,
      -0.03715193271636963,
      0.9843432903289795,
      0.17230114340782166
    ],
    "gravity" : [
      0.03715188428759575,
      -0.9843432903289795,
      -0.17230112850666046
    ],
    "userAcceleration" : [
      0.02783535048365593,
      0.03285115957260132,
      -0.08924983441829681
    ]
  },
  {
    "timestamp" : 235286279813,
    "rotationMatrix" : [
      0.10151457786560059,
      -0.16540515422821045,
      0.9809871315956116,
      0.9941282272338867,
      0.05400240421295166,
      -0.09376901388168335,
      -0.03746575117111206,
      0.9847460389137268,
      0.169916033744812
    ],
    "gravity" : [
      0.03746573626995087,
      -0.984745979309082,
      -0.1699160635471344
    ],
    "userAcceleration" : [
      0.01745070517063141,
      0.024663090705871582,
      -0.09381693601608276
    ]
  },
  {
    "timestamp" : 235286289833,
    "rotationMatrix" : [
      0.09637266397476196,
      -0.16307225823402405,
      0.9818958044052124,
      0.9946218729019165,
      0.053377747535705566,
      -0.08875656127929688,
      -0.03793740272521973,
      0.9851689338684082,
      0.16733962297439575
    ],
    "gravity" : [
      0.03793742135167122,
      -0.9851689338684082,
      -0.16733959317207336
    ],
    "userAcceleration" : [
      0.00495508685708046,
      0.015213727951049805,
      -0.08121088147163391
    ]
  },
  {
    "timestamp" : 235286299853,
    "rotationMatrix" : [
      0.09145766496658325,
      -0.16073280572891235,
      0.9827514290809631,
      0.9950607419013977,
      0.053000807762145996,
      -0.08393469452857971,
      -0.038595497608184814,
      0.9855738878250122,
      0.16478627920150757
    ],
    "gravity" : [
      0.038595523685216904,
      -0.9855738282203674,
      -0.16478627920150757
    ],
    "userAcceleration" : [
      0.005960196256637573,
      0.005593478679656982,
      -0.05552017688751221
    ]
  },
  {
    "timestamp" : 235286309873,
    "rotationMatrix" : [
      0.08664503693580627,
      -0.1584840714931488,
      0.9835523366928101,
      0.9954607486724854,
      0.0527912974357605,
      -0.07918745279312134,
      -0.039372920989990234,
      0.9859490990638733,
      0.16233894228935242
    ],
    "gravity" : [
      0.03937290236353874,
      -0.9859490990638733,
      -0.16233894228935242
    ],
    "userAcceleration" : [
      0.015192583203315735,
      -0.004086732864379883,
      -0.03149352967739105
    ]
  },
  {
    "timestamp" : 235286319892,
    "rotationMatrix" : [
      0.08223962783813477,
      -0.15632367134094238,
      0.9842761158943176,
      0.9958014488220215,
      0.052726686000823975,
      -0.07482847571372986,
      -0.04020005464553833,
      0.9862974882125854,
      0.16000360250473022
    ],
    "gravity" : [
      0.04020008072257042,
      -0.9862974882125854,
      -0.16000360250473022
    ],
    "userAcceleration" : [
      0.037345144897699356,
      0.016754090785980225,
      -0.02726757526397705
    ]
  },
  {
    "timestamp" : 235286329912,
    "rotationMatrix" : [
      0.07819142937660217,
      -0.15421882271766663,
      0.9849379062652588,
      0.9960979223251343,
      0.052644968032836914,
      -0.07083433866500854,
      -0.040928006172180176,
      0.9866331219673157,
      0.1577334702014923
    ],
    "gravity" : [
      0.04092796891927719,
      -0.9866331815719604,
      -0.15773345530033112
    ],
    "userAcceleration" : [
      0.036617256700992584,
      0.01708972454071045,
      -0.029537752270698547
    ]
  },
  {
    "timestamp" : 235286339932,
    "rotationMatrix" : [
      0.0733843445777893,
      -0.1522504687309265,
      0.9856135845184326,
      0.9964434504508972,
      0.05223008990287781,
      -0.0661223828792572,
      -0.041411370038986206,
      0.9869606494903564,
      0.1555420458316803
    ],
    "gravity" : [
      0.041411325335502625,
      -0.9869607090950012,
      -0.1555420309305191
    ],
    "userAcceleration" : [
      0.036286476999521255,
      0.03337818384170532,
      -0.04218140244483948
    ]
  },
  {
    "timestamp" : 235286349952,
    "rotationMatrix" : [
      0.06891247630119324,
      -0.15027549862861633,
      0.9862393736839294,
      0.9967496395111084,
      0.0517178475856781,
      -0.06176632642745972,
      -0.04172402620315552,
      0.9872903227806091,
      0.15335124731063843
    ],
    "gravity" : [
      0.041724007576704025,
      -0.9872903227806091,
      -0.15335124731063843
    ],
    "userAcceleration" : [
      0.022515546530485153,
      0.03759872913360596,
      -0.048186883330345154
    ]
  },
  {
    "timestamp" : 235286359971,
    "rotationMatrix" : [
      0.0645226538181305,
      -0.1483275592327118,
      0.9868309497833252,
      0.9970343112945557,
      0.05114388465881348,
      -0.05750235915184021,
      -0.04194101691246033,
      0.9876147508621216,
      0.15118780732154846
    ],
    "gravity" : [
      0.04194105416536331,
      -0.9876147508621216,
      -0.15118779242038727
    ],
    "userAcceleration" : [
      0.023305583745241165,
      0.03127032518386841,
      -0.04706971347332001
    ]
  },
  {
    "timestamp" : 235286369991,
    "rotationMatrix" : [
      0.05972447991371155,
      -0.14653387665748596,
      0.9874008893966675,
      0.9973239898681641,
      0.05053940415382385,
      -0.05282437801361084,
      -0.0421619713306427,
      0.9879136085510254,
      0.14916032552719116
    ],
    "gravity" : [
      0.042161982506513596,
      -0.9879136085510254,
      -0.14916035532951355
    ],
    "userAcceleration" : [
      0.010343562811613083,
      0.03301870822906494,
      -0.05521593987941742
    ]
  },
  {
    "timestamp" : 235286380011,
    "rotationMatrix" : [
      0.0562262237071991,
      -0.14482468366622925,
      0.9878584146499634,
      0.9975139498710632,
      0.0502435564994812,
      -0.04940974712371826,
      -0.04247763752937317,
      0.9881807565689087,
      0.14728978276252747
    ],
    "gravity" : [
      0.042477644979953766,
      -0.9881807565689087,
      -0.14728975296020508
    ],
    "userAcceleration" : [
      -5.815178155899048e-05,
      0.03201937675476074,
      -0.0588565468788147
    ]
  },
  {
    "timestamp" : 235286390031,
    "rotationMatrix" : [
      0.050737619400024414,
      -0.1432681679725647,
      0.9883824586868286,
      0.9977901577949524,
      0.049783527851104736,
      -0.044004231691360474,
      -0.042900681495666504,
      0.9884309768676758,
      0.14547747373580933
    ],
    "gravity" : [
      0.04290071874856949,
      -0.9884309768676758,
      -0.14547747373580933
    ],
    "userAcceleration" : [
      0.005011934787034988,
      0.028790533542633057,
      -0.06080615520477295
    ]
  },
  {
    "timestamp" : 235286400050,
    "rotationMatrix" : [
      0.04505696892738342,
      -0.14168795943260193,
      0.9888854026794434,
      0.9980425834655762,
      0.04935884475708008,
      -0.038402020931243896,
      -0.043369144201278687,
      0.9886800646781921,
      0.1436345875263214
    ],
    "gravity" : [
      0.043369170278310776,
      -0.9886800646781921,
      -0.14363454282283783
    ],
    "userAcceleration" : [
      0.008999053388834,
      0.033846139907836914,
      -0.05093032121658325
    ]
  },
  {
    "timestamp" : 235286410070,
    "rotationMatrix" : [
      0.039445966482162476,
      -0.14004182815551758,
      0.9893594980239868,
      0.9982670545578003,
      0.048792481422424316,
      -0.0328945517539978,
      -0.04366663098335266,
      0.988942563533783,
      0.1417238414287567
    ],
    "gravity" : [
      0.043666645884513855,
      -0.988942563533783,
      -0.1417238563299179
    ],
    "userAcceleration" : [
      0.028568517416715622,
      0.03961712121963501,
      -0.038665637373924255
    ]
  },
  {
    "timestamp" : 235286420090,
    "rotationMatrix" : [
      0.035347968339920044,
      -0.13814371824264526,
      0.9897810220718384,
      0.9984216094017029,
      0.048129111528396606,
      -0.02893906831741333,
      -0.04363939166069031,
      0.989241898059845,
      0.13962715864181519
    ],
    "gravity" : [
      0.04363936930894852,
      -0.989241898059845,
      -0.13962717354297638
    ],
    "userAcceleration" : [
      0.04417501389980316,
      0.0429530143737793,
      -0.026190146803855896
    ]
  },
  {
    "timestamp" : 235286430110,
    "rotationMatrix" : [
      0.03181767463684082,
      -0.13606145977973938,
      0.9901891946792603,
      0.9985527992248535,
      0.04730042815208435,
      -0.025586694478988647,
      -0.04335486888885498,
      0.9895703792572021,
      0.13736972212791443
    ],
    "gravity" : [
      0.04335485398769379,
      -0.9895704388618469,
      -0.13736972212791443
    ],
    "userAcceleration" : [
      0.04445952922105789,
      0.04328155517578125,
      -0.02844761312007904
    ]
  },
  {
    "timestamp" : 235286440129,
    "rotationMatrix" : [
      0.027585536241531372,
      -0.13424107432365417,
      0.9905644655227661,
      0.9986969232559204,
      0.04625865817070007,
      -0.021542876958847046,
      -0.042930036783218384,
      0.9898681640625,
      0.13534247875213623
    ],
    "gravity" : [
      0.04293004423379898,
      -0.9898681640625,
      -0.13534249365329742
    ],
    "userAcceleration" : [
      0.0424734503030777,
      0.0482180118560791,
      -0.02830807864665985
    ]
  },
  {
    "timestamp" : 235286450149,
    "rotationMatrix" : [
      0.023920655250549316,
      -0.13293412327766418,
      0.9908360242843628,
      0.9988130331039429,
      0.0452423095703125,
      -0.01804324984550476,
      -0.042429059743881226,
      0.9900915622711182,
      0.13385868072509766
    ],
    "gravity" : [
      0.04242905229330063,
      -0.9900916218757629,
      -0.13385866582393646
    ],
    "userAcceleration" : [
      0.04057881236076355,
      0.05497211217880249,
      -0.038718268275260925
    ]
  },
  {
    "timestamp" : 235286460169,
    "rotationMatrix" : [
      0.019668012857437134,
      -0.13227087259292603,
      0.9910184144973755,
      0.9989305138587952,
      0.04408535361289978,
      -0.013940989971160889,
      -0.0418454110622406,
      0.9902327656745911,
      0.13299643993377686
    ],
    "gravity" : [
      0.04184544086456299,
      -0.9902327656745911,
      -0.13299643993377686
    ],
    "userAcceleration" : [
      0.04035371541976929,
      0.05941605567932129,
      -0.054000094532966614
    ]
  },
  {
    "timestamp" : 235286470189,
    "rotationMatrix" : [
      0.014865010976791382,
      -0.1319241225719452,
      0.9911482930183411,
      0.9990423917770386,
      0.04275199770927429,
      -0.009292930364608765,
      -0.04114753007888794,
      0.9903373718261719,
      0.13243335485458374
    ],
    "gravity" : [
      0.04114752262830734,
      -0.9903373718261719,
      -0.13243336975574493
    ],
    "userAcceleration" : [
      0.037740472704172134,
      0.057506680488586426,
      -0.08494341373443604
    ]
  },
  {
    "timestamp" : 235286480209,
    "rotationMatrix" : [
      0.00963062047958374,
      -0.13144704699516296,
      0.9912763833999634,
      0.999142050743103,
      0.04119548201560974,
      -0.004244327545166016,
      -0.04027816653251648,
      0.990466833114624,
      0.1317310631275177
    ],
    "gravity" : [
      0.04027819633483887,
      -0.990466833114624,
      -0.1317310482263565
    ],
    "userAcceleration" : [
      0.03366595506668091,
      0.0628240704536438,
      -0.11514097452163696
    ]
  },
  {
    "timestamp" : 235286490228,
    "rotationMatrix" : [
      0.0038736462593078613,
      -0.13047561049461365,
      0.9914439916610718,
      0.9992246627807617,
      0.03935077786445618,
      0.0012745559215545654,
      -0.03918039798736572,
      0.9906703233718872,
      0.13052687048912048
    ],
    "gravity" : [
      0.039180390536785126,
      -0.9906703233718872,
      -0.13052687048912048
    ],
    "userAcceleration" : [
      0.03088802471756935,
      0.06328696012496948,
      -0.12463068962097168
    ]
  },
  {
    "timestamp" : 235286507763,
    "rotationMatrix" : [
      -0.005809873342514038,
      -0.12686404585838318,
      0.9919031858444214,
      0.9992974996566772,
      0.03598865866661072,
      0.010456115007400513,
      -0.03702381253242493,
      0.9912670850753784,
      0.1265658140182495
    ],
    "gravity" : [
      0.037023819983005524,
      -0.9912670850753784,
      -0.1265658140182495
    ],
    "userAcceleration" : [
      -0.013998247683048248,
      0.017588496208190918,
      -0.08913248777389526
    ]
  },
  {
    "timestamp" : 235286517783,
    "rotationMatrix" : [
      -0.011372387409210205,
      -0.12408876419067383,
      0.9922059774398804,
      0.9992831945419312,
      0.03442138433456421,
      0.015758424997329712,
      -0.03610852360725403,
      0.9916739463806152,
      0.12360835075378418
    ],
    "gravity" : [
      0.036108553409576416,
      -0.9916738867759705,
      -0.12360832840204239
    ],
    "userAcceleration" : [
      -0.01308298110961914,
      0.017995357513427734,
      -0.09209001064300537
    ]
  },
  {
    "timestamp" : 235286527802,
    "rotationMatrix" : [
      -0.016772150993347168,
      -0.1214752197265625,
      0.9924526214599609,
      0.9992293119430542,
      0.03319144248962402,
      0.02094942331314087,
      -0.03548562526702881,
      0.9920392632484436,
      0.12082505226135254
    ],
    "gravity" : [
      0.03548564016819,
      -0.9920392036437988,
      -0.12082508206367493
    ],
    "userAcceleration" : [
      -0.022500354796648026,
      0.006519973278045654,
      -0.03782062232494354
    ]
  },
  {
    "timestamp" : 235286537822,
    "rotationMatrix" : [
      -0.02215316891670227,
      -0.11952170729637146,
      0.9925842881202698,
      0.9991384744644165,
      0.03219863772392273,
      0.02617669105529785,
      -0.03508847951889038,
      0.9923092126846313,
      0.11870557069778442
    ],
    "gravity" : [
      0.0350884310901165,
      -0.9923092126846313,
      -0.11870558559894562
    ],
    "userAcceleration" : [
      0.000388316810131073,
      0.00033545494079589844,
      0.010825872421264648
    ]
  },
  {
    "timestamp" : 235286547842,
    "rotationMatrix" : [
      -0.027027100324630737,
      -0.11862999200820923,
      0.9925705194473267,
      0.9990280270576477,
      0.03137901425361633,
      0.030953437089920044,
      -0.03481772541999817,
      0.9924424886703491,
      0.11766678094863892
    ],
    "gravity" : [
      0.03481774777173996,
      -0.9924424290657043,
      -0.11766676604747772
    ],
    "userAcceleration" : [
      0.004427913576364517,
      0.010890483856201172,
      0.04543162137269974
    ]
  },
  {
    "timestamp" : 235286557862,
    "rotationMatrix" : [
      -0.031043827533721924,
      -0.11879381537437439,
      0.9924336671829224,
      0.9989250898361206,
      0.03051084280014038,
      0.03489893674850464,
      -0.03442588448524475,
      0.9924501776695251,
      0.11771881580352783
    ],
    "gravity" : [
      0.03442586585879326,
      -0.9924501776695251,
      -0.11771880090236664
    ],
    "userAcceleration" : [
      0.013395242393016815,
      0.01629960536956787,
      0.06391625106334686
    ]
  },
  {
    "timestamp" : 235286567882,
    "rotationMatrix" : [
      -0.03322601318359375,
      -0.1193455159664154,
      0.992296576499939,
      0.9988729953765869,
      0.029700785875320435,
      0.03701847791671753,
      -0.03388991951942444,
      0.9924083352088928,
      0.11822429299354553
    ],
    "gravity" : [
      0.03388989344239235,
      -0.9924083352088928,
      -0.11822430044412613
    ],
    "userAcceleration" : [
      0.022476132959127426,
      0.007377326488494873,
      0.03704744577407837
    ]
  },
  {
    "timestamp" : 235286577901,
    "rotationMatrix" : [
      -0.035960614681243896,
      -0.11965310573577881,
      0.992164134979248,
      0.9987984895706177,
      0.028767287731170654,
      0.03967049717903137,
      -0.03328844904899597,
      0.9923988580703735,
      0.11847496032714844
    ],
    "gravity" : [
      0.03328845649957657,
      -0.9923987984657288,
      -0.11847497522830963
    ],
    "userAcceleration" : [
      0.005789358168840408,
      0.00822228193283081,
      -0.02291303128004074
    ]
  },
  {
    "timestamp" : 235286587921,
    "rotationMatrix" : [
      -0.039212584495544434,
      -0.11939901113510132,
      0.9920716881752014,
      0.998694121837616,
      0.027854472398757935,
      0.04282674193382263,
      -0.032747089862823486,
      0.9924554824829102,
      0.11815086007118225
    ],
    "gravity" : [
      0.0327470563352108,
      -0.9924555420875549,
      -0.11815087497234344
    ],
    "userAcceleration" : [
      -0.0031449459493160248,
      0.0032740235328674316,
      -0.07537640631198883
    ]
  },
  {
    "timestamp" : 235286597941,
    "rotationMatrix" : [
      -0.04351323843002319,
      -0.11871802806854248,
      0.9919741153717041,
      0.9985250234603882,
      0.027104586362838745,
      0.04704442620277405,
      -0.032472044229507446,
      0.9925580024719238,
      0.11736348271369934
    ],
    "gravity" : [
      0.03247206658124924,
      -0.9925580024719238,
      -0.11736347526311874
    ],
    "userAcceleration" : [
      -0.011933676898479462,
      -0.0027117133140563965,
      -0.10134083032608032
    ]
  },
  {
    "timestamp" : 235286607961,
    "rotationMatrix" : [
      -0.048860907554626465,
      -0.11785915493965149,
      0.9918276071548462,
      0.9982753992080688,
      0.026590585708618164,
      0.05233830213546753,
      -0.032541871070861816,
      0.9926742911338806,
      0.11635661125183105
    ],
    "gravity" : [
      0.03254185989499092,
      -0.9926742911338806,
      -0.11635660380125046
    ],
    "userAcceleration" : [
      -0.028055716305971146,
      -0.017732203006744385,
      -0.061148956418037415
    ]
  },
  {
    "timestamp" : 235286617980,
    "rotationMatrix" : [
      -0.05353909730911255,
      -0.11700752377510071,
      0.9916868805885315,
      0.9980182647705078,
      0.026612788438796997,
      0.057020872831344604,
      -0.03306347131729126,
      0.9927743673324585,
      0.11535081267356873
    ],
    "gravity" : [
      0.03306347504258156,
      -0.9927744269371033,
      -0.11535077542066574
    ],
    "userAcceleration" : [
      -0.028577324002981186,
      -0.01763206720352173,
      -0.06215478479862213
    ]
  },
  {
    "timestamp" : 235286628000,
    "rotationMatrix" : [
      -0.06067422032356262,
      -0.11653760075569153,
      0.991331160068512,
      0.9975733757019043,
      0.026894718408584595,
      0.06421798467636108,
      -0.0341452956199646,
      0.992821991443634,
      0.1146230697631836
    ],
    "gravity" : [
      0.03414532542228699,
      -0.992821991443634,
      -0.1146230697631836
    ],
    "userAcceleration" : [
      -0.03765479475259781,
      -0.029776155948638916,
      -0.028626494109630585
    ]
  },
  {
    "timestamp" : 235286638020,
    "rotationMatrix" : [
      -0.06633511185646057,
      -0.11653473973274231,
      0.9909688234329224,
      0.9971586465835571,
      0.027787894010543823,
      0.07001727819442749,
      -0.03569629788398743,
      0.9927976727485657,
      0.11436039209365845
    ],
    "gravity" : [
      0.03569629788398743,
      -0.9927977323532104,
      -0.11436041444540024
    ],
    "userAcceleration" : [
      -0.03944990411400795,
      -0.0287628173828125,
      0.0005450323224067688
    ]
  },
  {
    "timestamp" : 235286648040,
    "rotationMatrix" : [
      -0.07160279154777527,
      -0.11706298589706421,
      0.9905399084091187,
      0.9967275261878967,
      0.028952419757843018,
      0.07547172904014587,
      -0.037513405084609985,
      0.9927023649215698,
      0.1146068274974823
    ],
    "gravity" : [
      0.03751346468925476,
      -0.9927023649215698,
      -0.1146068349480629
    ],
    "userAcceleration" : [
      -0.028785381466150284,
      -0.0217171311378479,
      0.024152636528015137
    ]
  },
  {
    "timestamp" : 235286658059,
    "rotationMatrix" : [
      -0.07679152488708496,
      -0.118008553981781,
      0.9900389313697815,
      0.9962734580039978,
      0.030030399560928345,
      0.08085456490516663,
      -0.039272844791412354,
      0.992558479309082,
      0.11526265740394592
    ],
    "gravity" : [
      0.03927283361554146,
      -0.9925584197044373,
      -0.11526267230510712
    ],
    "userAcceleration" : [
      -0.006756298243999481,
      -0.010386466979980469,
      0.038465142250061035
    ]
  },
  {
    "timestamp" : 235286668079,
    "rotationMatrix" : [
      -0.08131587505340576,
      -0.11908826231956482,
      0.9895480871200562,
      0.9958579540252686,
      0.030809372663497925,
      0.08554229140281677,
      -0.04067432880401611,
      0.9924054145812988,
      0.11608979105949402
    ],
    "gravity" : [
      0.0406743623316288,
      -0.9924054741859436,
      -0.11608979105949402
    ],
    "userAcceleration" : [
      0.014150518923997879,
      0.007359147071838379,
      0.034729838371276855
    ]
  },
  {
    "timestamp" : 235286678099,
    "rotationMatrix" : [
      -0.08504295349121094,
      -0.12003481388092041,
      0.989120364189148,
      0.9955130815505981,
      0.031097710132598877,
      0.08936658501625061,
      -0.04148629307746887,
      0.9922823905944824,
      0.11685174703598022
    ],
    "gravity" : [
      0.04148632287979126,
      -0.9922823309898376,
      -0.11685174703598022
    ],
    "userAcceleration" : [
      0.03177116811275482,
      0.022586524486541748,
      0.01931753009557724
    ]
  },
  {
    "timestamp" : 235286688119,
    "rotationMatrix" : [
      -0.08893603086471558,
      -0.12063297629356384,
      0.9887052178382874,
      0.9951654672622681,
      0.030760139226913452,
      0.09327024221420288,
      -0.041664183139801025,
      0.9922204613685608,
      0.11731413006782532
    ],
    "gravity" : [
      0.041664183139801025,
      -0.9922204613685608,
      -0.11731407791376114
    ],
    "userAcceleration" : [
      0.04912567511200905,
      0.029696166515350342,
      -0.011348068714141846
    ]
  },
  {
    "timestamp" : 235286698139,
    "rotationMatrix" : [
      -0.09316062927246094,
      -0.12070539593696594,
      0.9883072376251221,
      0.9947918653488159,
      0.029943466186523438,
      0.09742900729179382,
      -0.0413534939289093,
      0.9922364950180054,
      0.117287278175354
    ],
    "gravity" : [
      0.04135347157716751,
      -0.9922365546226501,
      -0.11728732287883759
    ],
    "userAcceleration" : [
      0.04205112159252167,
      0.029223978519439697,
      -0.050788283348083496
    ]
  },
  {
    "timestamp" : 235286708158,
    "rotationMatrix" : [
      -0.0980876088142395,
      -0.12018600106239319,
      0.98789381980896,
      0.994342565536499,
      0.028826266527175903,
      0.1022348701953888,
      -0.04076454043388367,
      0.9923328161239624,
      0.11667856574058533
    ],
    "gravity" : [
      0.040764495730400085,
      -0.9923328161239624,
      -0.11667855083942413
    ],
    "userAcceleration" : [
      0.02344455197453499,
      0.014229178428649902,
      -0.07869507372379303
    ]
  },
  {
    "timestamp" : 235286718178,
    "rotationMatrix" : [
      -0.10359054803848267,
      -0.11908212304115295,
      0.9874655604362488,
      0.9938104152679443,
      0.02765578031539917,
      0.10759130120277405,
      -0.040121257305145264,
      0.9924991130828857,
      0.11548030376434326
    ],
    "gravity" : [
      0.040121279656887054,
      -0.9924991130828857,
      -0.11548026651144028
    ],
    "userAcceleration" : [
      0.009378287941217422,
      -0.007577061653137207,
      -0.08794998377561569
    ]
  },
  {
    "timestamp" : 235286728198,
    "rotationMatrix" : [
      -0.109843909740448,
      -0.11764690279960632,
      0.9869617223739624,
      0.9931603670120239,
      0.026551097631454468,
      0.11369875073432922,
      -0.03958117961883545,
      0.992700457572937,
      0.11392584443092346
    ],
    "gravity" : [
      0.03958120197057724,
      -0.992700457572937,
      -0.11392580717802048
    ],
    "userAcceleration" : [
      -0.0027922019362449646,
      -0.024358808994293213,
      -0.0725213885307312
    ]
  },
  {
    "timestamp" : 235286738218,
    "rotationMatrix" : [
      -0.116172194480896,
      -0.11629271507263184,
      0.986397385597229,
      0.9924558401107788,
      0.025584906339645386,
      0.11990219354629517,
      -0.03918054699897766,
      0.9928852915763855,
      0.11244329810142517
    ],
    "gravity" : [
      0.03918053209781647,
      -0.9928852915763855,
      -0.11244328320026398
    ],
    "userAcceleration" : [
      -0.010402396321296692,
      -0.02678316831588745,
      -0.038023702800273895
    ]
  },
  {
    "timestamp" : 235286748237,
    "rotationMatrix" : [
      -0.1226854920387268,
      -0.11533522605895996,
      0.9857209324836731,
      0.9916855096817017,
      0.024614542722702026,
      0.12630805373191833,
      -0.038830697536468506,
      0.9930213689804077,
      0.11135664582252502
    ],
    "gravity" : [
      0.03883065655827522,
      -0.9930214285850525,
      -0.11135666072368622
    ],
    "userAcceleration" : [
      -0.005596958100795746,
      -0.023656249046325684,
      0.00951947271823883
    ]
  },
  {
    "timestamp" : 235286758257,
    "rotationMatrix" : [
      -0.1291247010231018,
      -0.11482524871826172,
      0.9849578142166138,
      0.9908801317214966,
      0.02363726496696472,
      0.13265672326087952,
      -0.038514018058776855,
      0.9931044578552246,
      0.11072590947151184
    ],
    "gravity" : [
      0.038514044135808945,
      -0.9931044578552246,
      -0.11072589457035065
    ],
    "userAcceleration" : [
      -0.0011757239699363708,
      -0.021772801876068115,
      0.04332774877548218
    ]
  },
  {
    "timestamp" : 235286768277,
    "rotationMatrix" : [
      -0.13482236862182617,
      -0.11461144685745239,
      0.9842191338539124,
      0.9901261925697327,
      0.022894173860549927,
      0.13829746842384338,
      -0.038383424282073975,
      0.9931466579437256,
      0.11039307713508606
    ],
    "gravity" : [
      0.038383420556783676,
      -0.9931465983390808,
      -0.11039305478334427
    ],
    "userAcceleration" : [
      -0.0080183707177639,
      -0.02833777666091919,
      0.0492510050535202
    ]
  },
  {
    "timestamp" : 235286778297,
    "rotationMatrix" : [
      -0.14010518789291382,
      -0.11453387141227722,
      0.9834899306297302,
      0.989393949508667,
      0.0222683846950531,
      0.1435396373271942,
      -0.038340866565704346,
      0.9931696653366089,
      0.11019924283027649
    ],
    "gravity" : [
      0.03834081068634987,
      -0.9931696653366089,
      -0.11019926518201828
    ],
    "userAcceleration" : [
      -0.020930469036102295,
      -0.03441810607910156,
      0.0303499698638916
    ]
  },
  {
    "timestamp" : 235286788317,
    "rotationMatrix" : [
      -0.14545869827270508,
      -0.11430865526199341,
      0.9827386140823364,
      0.9886253476142883,
      0.021588921546936035,
      0.14884117245674133,
      -0.038230061531066895,
      0.9932106733322144,
      0.10986816883087158
    ],
    "gravity" : [
      0.038230050355196,
      -0.9932106733322144,
      -0.10986819118261337
    ],
    "userAcceleration" : [
      -0.01406008005142212,
      -0.01838594675064087,
      -0.006205499172210693
    ]
  },
  {
    "timestamp" : 235286798336,
    "rotationMatrix" : [
      -0.15114539861679077,
      -0.11372002959251404,
      0.9819483160972595,
      0.9877810478210449,
      0.020802676677703857,
      0.15445250272750854,
      -0.037991344928741455,
      0.993294894695282,
      0.10918641090393066
    ],
    "gravity" : [
      0.03799135610461235,
      -0.993294894695282,
      -0.10918640345335007
    ],
    "userAcceleration" : [
      -0.010144013911485672,
      -0.006384491920471191,
      -0.04388980567455292
    ]
  },
  {
    "timestamp" : 235286808356,
    "rotationMatrix" : [
      -0.15759551525115967,
      -0.11271727085113525,
      0.981049656867981,
      0.986788272857666,
      0.019833862781524658,
      0.16079622507095337,
      -0.03758242726325989,
      0.9934291243553162,
      0.10810238122940063
    ],
    "gravity" : [
      0.03758249804377556,
      -0.9934290647506714,
      -0.10810235887765884
    ],
    "userAcceleration" : [
      -0.012939490377902985,
      0.0058803558349609375,
      -0.06244516372680664
    ]
  },
  {
    "timestamp" : 235286818376,
    "rotationMatrix" : [
      -0.1649513840675354,
      -0.11135753989219666,
      0.9799950122833252,
      0.9856047630310059,
      0.018730103969573975,
      0.16802406311035156,
      -0.0370660126209259,
      0.9936037063598633,
      0.10666513442993164
    ],
    "gravity" : [
      0.03706599771976471,
      -0.9936037063598633,
      -0.10666517913341522
    ],
    "userAcceleration" : [
      -0.01933523267507553,
      0.013379275798797607,
      -0.010949596762657166
    ]
  },
  {
    "timestamp" : 235286828396,
    "rotationMatrix" : [
      -0.17219078540802002,
      -0.10977223515510559,
      0.9789280891418457,
      0.9843876361846924,
      0.017631441354751587,
      0.17512831091880798,
      -0.03648403286933899,
      0.9938002824783325,
      0.10502257943153381
    ],
    "gravity" : [
      0.03648403286933899,
      -0.9938002824783325,
      -0.1050226017832756
    ],
    "userAcceleration" : [
      -0.01875326782464981,
      0.01357579231262207,
      -0.012592189013957977
    ]
  },
  {
    "timestamp" : 235286838416,
    "rotationMatrix" : [
      -0.1801331639289856,
      -0.10815659165382385,
      0.9776779413223267,
      0.9829882383346558,
      0.016446948051452637,
      0.18293103575706482,
      -0.03586503863334656,
      0.9939978122711182,
      0.10335403680801392
    ],
    "gravity" : [
      0.03586503118276596,
      -0.9939978718757629,
      -0.10335402190685272
    ],
    "userAcceleration" : [
      -0.018134262412786484,
      0.013773322105407715,
      -0.01426076889038086
    ]
  },
  {
    "timestamp" : 235286848435,
    "rotationMatrix" : [
      -0.18725347518920898,
      -0.10645443201065063,
      0.976526141166687,
      0.9816797375679016,
      0.015367180109024048,
      0.18991699814796448,
      -0.03522384166717529,
      0.9941986799240112,
      0.10162678360939026
    ],
    "gravity" : [
      0.0352238230407238,
      -0.994198739528656,
      -0.10162677615880966
    ],
    "userAcceleration" : [
      -0.026282120496034622,
      0.005276679992675781,
      0.012728989124298096
    ]
  },
  {
    "timestamp" : 235286858455,
    "rotationMatrix" : [
      -0.19356751441955566,
      -0.10455411672592163,
      0.9754998683929443,
      0.9804762005805969,
      0.01446273922920227,
      0.19610509276390076,
      -0.034612029790878296,
      0.9944139719009399,
