[
  {
    "userAcceleration" : [
      -0.011988699436187744,
      0.012648940086364746,
      0.022747188806533813
    ],
    "timestamp" : 235205899126,
    "rotationMatrix" : [
      -0.9205013513565063,
      -0.10209621489048004,
      0.37716537714004517,
      0.390006959438324,
      -0.2991454005241394,
      0.870865523815155,
      0.023915201425552368,
      0.948729932308197,
      0.3151819109916687
    ],
    "gravity" : [
      -0.023915201425552368,
      -0.948729932308197,
      -0.3151819109916687
    ]
  },
  {
    "userAcceleration" : [
      0.012172741815447807,
      0.03131258487701416,
      0.025281548500061035
    ],
    "timestamp" : 235205909145,
    "rotationMatrix" : [
      -0.9194519519805908,
      -0.10099068284034729,
      0.38001197576522827,
      0.39247971773147583,
      -0.2942920923233032,
      0.8714079856872559,
      0.02383042871952057,
      0.9503647089004517,
      0.31022417545318604
    ],
    "gravity" : [
      -0.02383042685687542,
      -0.9503647089004517,
      -0.3102242052555084
    ]
  },
  {
    "userAcceleration" : [
      0.047711580991744995,
      0.04279416799545288,
      0.021518051624298096
    ],
    "timestamp" : 235205919163,
    "rotationMatrix" : [
      -0.9183987975120544,
      -0.09929849207401276,
      0.38299238681793213,
      0.39490556716918945,
      -0.28962990641593933,
      0.8718737959861755,
      0.0243503600358963,
      0.9519738554954529,
      0.3052094876766205
    ],
    "gravity" : [
      -0.02435033954679966,
      -0.9519737958908081,
      -0.3052094876766205
    ]
  },
  {
    "userAcceleration" : [
      0.0520874559879303,
      0.03659796714782715,
      0.003025740385055542
    ],
    "timestamp" : 235205929182,
    "rotationMatrix" : [
      -0.9172596335411072,
      -0.09716218709945679,
      0.3862560987472534,
      0.39748522639274597,
      -0.28489816188812256,
      0.8722603917121887,
      0.025292977690696716,
      0.9536206126213074,
      0.29994648694992065
    ],
    "gravity" : [
      -0.025292981415987015,
      -0.9536205530166626,
      -0.29994648694992065
    ]
  },
  {
    "userAcceleration" : [
      0.0378066748380661,
      0.019323289394378662,
      -0.019725412130355835
    ],
    "timestamp" : 235205939200,
    "rotationMatrix" : [
      -0.9161550998687744,
      -0.09490099549293518,
      0.3894267678260803,
      0.39996352791786194,
      -0.28005319833755493,
      0.8726964592933655,
      0.026240482926368713,
      0.9552820324897766,
      0.29452937841415405
    ],
    "gravity" : [
      -0.02624048851430416,
      -0.9552820324897766,
      -0.29452934861183167
    ]
  },
  {
    "userAcceleration" : [
      -0.0010492093861103058,
      -0.0017278790473937988,
      -0.04591977596282959
    ],
    "timestamp" : 235205949219,
    "rotationMatrix" : [
      -0.9153547883033752,
      -0.09279409050941467,
      0.3918096721172333,
      0.40175747871398926,
      -0.27517467737197876,
      0.873424232006073,
      0.02676752209663391,
      0.9569055438041687,
      0.2891632318496704
    ],
    "gravity" : [
      -0.026767520233988762,
      -0.9569054841995239,
      -0.289163202047348
    ]
  },
  {
    "userAcceleration" : [
      -0.0303562693297863,
      -0.003025949001312256,
      -0.06322413682937622
    ],
    "timestamp" : 235205959238,
    "rotationMatrix" : [
      -0.9150477051734924,
      -0.09088228642940521,
      0.39297303557395935,
      0.4024598002433777,
      -0.2702491283416748,
      0.8746378421783447,
      0.026711583137512207,
      0.958491325378418,
      0.2838675379753113
    ],
    "gravity" : [
      -0.02671157941222191,
      -0.958491325378418,
      -0.2838675081729889
    ]
  },
  {
    "userAcceleration" : [
      -0.03967564180493355,
      -0.011320412158966064,
      -0.06814473867416382
    ],
    "timestamp" : 235205969256,
    "rotationMatrix" : [
      -0.9151197671890259,
      -0.08922049403190613,
      0.39318573474884033,
      0.40234044194221497,
      -0.2650430202484131,
      0.8762842416763306,
      0.026028677821159363,
      0.9600998163223267,
      0.27844345569610596
    ],
    "gravity" : [
      -0.026028668507933617,
      -0.9600997567176819,
      -0.2784433960914612
    ]
  },
  {
    "userAcceleration" : [
      -0.04270763695240021,
      -0.0062462687492370605,
      -0.04829138517379761
    ],
    "timestamp" : 235205979275,
    "rotationMatrix" : [
      -0.9154364466667175,
      -0.08765603601932526,
      0.392800509929657,
      0.4016880989074707,
      -0.25950267910957336,
      0.878239631652832,
      0.024949803948402405,
      0.9617559909820557,
      0.2727687656879425
    ],
    "gravity" : [
      -0.0249498151242733,
      -0.9617559909820557,
      -0.2727688252925873
    ]
  },
  {
    "userAcceleration" : [
      -0.02677294798195362,
      0.007056593894958496,
      -0.013868272304534912
    ],
    "timestamp" : 235205989293,
    "rotationMatrix" : [
      -0.9158292412757874,
      -0.08593456447124481,
      0.392265260219574,
      0.4008568525314331,
      -0.25374260544776917,
      0.8803002238273621,
      0.023886188864707947,
      0.9634469151496887,
      0.2668323814868927
    ],
    "gravity" : [
      -0.023886198177933693,
      -0.9634469151496887,
      -0.2668323814868927
    ]
  },
  {
    "userAcceleration" : [
      -0.015336040407419205,
      0.013389885425567627,
      0.02701467275619507
    ],
    "timestamp" : 235205999312,
    "rotationMatrix" : [
      -0.9160655736923218,
      -0.0839553028345108,
      0.39214181900024414,
      0.40035974979400635,
      -0.24789777398109436,
      0.8821896910667419,
      0.0231466144323349,
      0.9651414752006531,
      0.26070305705070496
    ],
    "gravity" : [
      -0.023146608844399452,
      -0.9651415348052979,
      -0.26070302724838257
    ]
  },
  {
    "userAcceleration" : [
      -0.009215407073497772,
      0.01700228452682495,
      0.05981653928756714
    ],
    "timestamp" : 235206009331,
    "rotationMatrix" : [
      -0.916038990020752,
      -0.08173593878746033,
      0.39267241954803467,
      0.4004371166229248,
      -0.24216681718826294,
      0.883745014667511,
      0.022858530282974243,
      0.9667856097221375,
      0.25456446409225464
    ],
    "gravity" : [
      -0.022858532145619392,
      -0.9667856097221375,
      -0.25456446409225464
    ]
  },
  {
    "userAcceleration" : [
      -0.0015960615128278732,
      0.011223375797271729,
      0.08086313307285309
    ],
    "timestamp" : 235206019349,
    "rotationMatrix" : [
      -0.9155580997467041,
      -0.07941615581512451,
      0.3942664861679077,
      0.40152350068092346,
      -0.23670299351215363,
      0.8847318291664124,
      0.02306210994720459,
      0.9683308005332947,
      0.24860303103923798
    ],
    "gravity" : [
      -0.02306211180984974,
      -0.9683308005332947,
      -0.24860301613807678
    ]
  },
  {
    "userAcceleration" : [
      -0.007392833009362221,
      0.004473209381103516,
      0.0835777074098587
    ],
    "timestamp" : 235206029368,
    "rotationMatrix" : [
      -0.9147455096244812,
      -0.07712113857269287,
      0.3966013193130493,
      0.40334388613700867,
      -0.23149347305297852,
      0.8852819800376892,
      0.023536697030067444,
      0.9697746634483337,
      0.242864191532135
    ],
    "gravity" : [
      -0.023536693304777145,
      -0.969774603843689,
      -0.2428642213344574
    ]
  },
  {
    "userAcceleration" : [
      -0.029663942754268646,
      -0.015467464923858643,
      0.06244201958179474
    ],
    "timestamp" : 235206039387,
    "rotationMatrix" : [
      -0.9136651754379272,
      -0.075106680393219,
      0.3994675874710083,
      0.4057586193084717,
      -0.2265266627073288,
      0.885463297367096,
      0.02398592233657837,
      0.9711046814918518,
      0.23744507133960724
    ],
    "gravity" : [
      -0.02398592419922352,
      -0.9711046814918518,
      -0.23744507133960724
    ]
  },
  {
    "userAcceleration" : [
      -0.06246914342045784,
      -0.02474278211593628,
      0.0540289580821991
    ],
    "timestamp" : 235206049405,
    "rotationMatrix" : [
      -0.9126248955726624,
      -0.07361187040805817,
      0.4021148085594177,
      0.4080873131752014,
      -0.22198887169361115,
      0.8855423927307129,
      0.02407868206501007,
      0.9722663164138794,
      0.2326330989599228
    ],
    "gravity" : [
      -0.024078678339719772,
      -0.9722663164138794,
      -0.2326330840587616
    ]
  },
  {
    "userAcceleration" : [
      -0.0842142105102539,
      -0.030490458011627197,
      0.03486521542072296
    ],
    "timestamp" : 235206059424,
    "rotationMatrix" : [
      -0.9116296768188477,
      -0.07268515229225159,
      0.4045335650444031,
      0.41033148765563965,
      -0.21754756569862366,
      0.8856074810028076,
      0.023634880781173706,
      0.973339319229126,
      0.22814831137657166
    ],
    "gravity" : [
      -0.023634878918528557,
      -0.9733393788337708,
      -0.22814829647541046
    ]
  },
  {
    "userAcceleration" : [
      -0.06701289862394333,
      -0.03375452756881714,
      0.02476036548614502
    ],
    "timestamp" : 235206069442,
    "rotationMatrix" : [
      -0.9106107354164124,
      -0.07207983732223511,
      0.4069306254386902,
      0.4126322567462921,
      -0.21305233240127563,
      0.8856315612792969,
      0.02286134660243988,
      0.9743783473968506,
      0.22375023365020752
    ],
    "gravity" : [
      -0.02286135032773018,
      -0.9743783473968506,
      -0.2237502485513687
    ]
  },
  {
    "userAcceleration" : [
      -0.04253368079662323,
      -0.019417881965637207,
      0.022019818425178528
    ],
    "timestamp" : 235206079461,
    "rotationMatrix" : [
      -0.9095194935798645,
      -0.07154795527458191,
      0.4094565510749817,
      0.4150782823562622,
      -0.2084643542766571,
      0.8855801820755005,
      0.021995708346366882,
      0.9754092693328857,
      0.21930071711540222
    ],
    "gravity" : [
      -0.021995697170495987,
      -0.975409209728241,
      -0.21930070221424103
    ]
  },
  {
    "userAcceleration" : [
      -0.02405083179473877,
      -0.005044043064117432,
      0.012138307094573975
    ],
    "timestamp" : 235206089480,
    "rotationMatrix" : [
      -0.9085208177566528,
      -0.07083283364772797,
      0.4117915630340576,
      0.4173014760017395,
      -0.20379845798015594,
      0.8856215476989746,
      0.02119143307209015,
      0.9764469861984253,
      0.21471400558948517
    ],
    "gravity" : [
      -0.021191436797380447,
      -0.9764469265937805,
      -0.21471397578716278
    ]
  },
  {
    "userAcceleration" : [
      -0.024808378890156746,
      -0.003989517688751221,
      0.007360547780990601
    ],
    "timestamp" : 235206099498,
    "rotationMatrix" : [
      -0.9074399471282959,
      -0.07001064717769623,
      0.4143073558807373,
      0.41968387365341187,
      -0.19897019863128662,
      0.8855935335159302,
      0.02043391764163971,
      0.977501392364502,
      0.209936261177063
    ],
    "gravity" : [
      -0.020433910191059113,
      -0.977501392364502,
      -0.2099362164735794
    ]
  },
  {
    "userAcceleration" : [
      -0.033341988921165466,
      -0.00693202018737793,
      0.00041729211807250977
    ],
    "timestamp" : 235206109517,
    "rotationMatrix" : [
      -0.9058927893638611,
      -0.06934751570224762,
      0.41779088973999023,
      0.4230509400367737,
      -0.1939525157213211,
      0.8851046562194824,
      0.01965177059173584,
      0.978556752204895,
      0.2050376981496811
    ],
    "gravity" : [
      -0.019651761278510094,
      -0.9785568118095398,
      -0.2050376832485199
    ]
  },
  {
    "userAcceleration" : [
      -0.04106884449720383,
      -0.007790029048919678,
      -0.007008075714111328
    ],
    "timestamp" : 235206119536,
    "rotationMatrix" : [
      -0.9047430753707886,
      -0.06861552596092224,
      0.42039501667022705,
      0.42554718255996704,
      -0.1889275461435318,
      0.8849949836730957,
      0.018699809908866882,
      0.979590892791748,
      0.20012997090816498
    ],
    "gravity" : [
      -0.018699798732995987,
      -0.979590892791748,
      -0.20012998580932617
    ]
  },
  {
    "userAcceleration" : [
      -0.040860865265131,
      -0.0013580918312072754,
      -0.007956832647323608
    ],
    "timestamp" : 235206129554,
    "rotationMatrix" : [
      -0.9038534760475159,
      -0.06793516874313354,
      0.4224148392677307,
      0.42748087644577026,
      -0.18400174379348755,
      0.8851010203361511,
      0.01759551465511322,
      0.9805756211280823,
      0.195351243019104
    ],
    "gravity" : [
      -0.017595520243048668,
      -0.9805755615234375,
      -0.1953512728214264
    ]
  },
  {
    "userAcceleration" : [
      -0.021933378651738167,
      0.009208500385284424,
      0.0020516514778137207
    ],
    "timestamp" : 235206139573,
    "rotationMatrix" : [
      -0.9032577872276306,
      -0.06718015670776367,
      0.42380666732788086,
      0.428780734539032,
      -0.17929714918136597,
      0.8854374885559082,
      0.01650349795818329,
      0.9814984798431396,
      0.190757155418396
    ],
    "gravity" : [
      -0.01650349609553814,
      -0.9814984798431396,
      -0.19075711071491241
    ]
  },
  {
    "userAcceleration" : [
      0.0028324462473392487,
      0.018008947372436523,
      0.011439502239227295
    ],
    "timestamp" : 235206149591,
    "rotationMatrix" : [
      -0.9027963876724243,
      -0.06620629131793976,
      0.42494118213653564,
      0.4297812581062317,
      -0.17494790256023407,
      0.8858222365379333,
      0.015695586800575256,
      0.9823490977287292,
      0.1863967925310135
    ],
    "gravity" : [
      -0.015695588663220406,
      -0.9823490977287292,
      -0.1863967627286911
    ]
  },
  {
    "userAcceleration" : [
      0.028133723884820938,
      0.02473694086074829,
      0.02432231605052948
    ],
    "timestamp" : 235206159610,
    "rotationMatrix" : [
      -0.902328610420227,
      -0.06493113934993744,
      0.42613038420677185,
      0.43077725172042847,
      -0.17092904448509216,
      0.8861231207847595,
      0.015301048755645752,
      0.9831414818763733,
      0.1822049915790558
    ],
    "gravity" : [
      -0.015301059931516647,
      -0.9831415414810181,
      -0.18220500648021698
    ]
  },
  {
    "userAcceleration" : [
      0.04147329926490784,
      0.008255839347839355,
      0.02099931240081787
    ],
    "timestamp" : 235206169629,
    "rotationMatrix" : [
      -0.9016140103340149,
      -0.06339485943317413,
      0.4278702139854431,
      0.4322713613510132,
      -0.1669922173023224,
      0.886146068572998,
      0.01527392864227295,
      0.9839179515838623,
      0.17796650528907776
    ],
    "gravity" : [
      -0.01527393702417612,
      -0.9839179515838623,
      -0.17796647548675537
    ]
  },
  {
    "userAcceleration" : [
      0.006553217768669128,
      -0.004337728023529053,
      -0.02585020661354065
    ],
    "timestamp" : 235206179647,
    "rotationMatrix" : [
      -0.9009308815002441,
      -0.061488568782806396,
      0.42958322167396545,
      0.4336847960948944,
      -0.16291774809360504,
      0.8862137198448181,
      0.015494823455810547,
      0.9847214818000793,
      0.17344485223293304
    ],
    "gravity" : [
      -0.015494836494326591,
      -0.9847214818000793,
      -0.17344485223293304
    ]
  },
  {
    "userAcceleration" : [
      -0.03145202249288559,
      -0.019626915454864502,
      -0.021071553230285645
    ],
    "timestamp" : 235206189666,
    "rotationMatrix" : [
      -0.9002732634544373,
      -0.059317052364349365,
      0.4312649369239807,
      0.4350375533103943,
      -0.15859046578407288,
      0.8863358497619629,
      0.01581968367099762,
      0.9855610132217407,
      0.16857996582984924
    ],
    "gravity" : [
      -0.015819692984223366,
      -0.9855610132217407,
      -0.16857998073101044
    ]
  },
  {
    "userAcceleration" : [
      -0.0311800055205822,
      -0.018763720989227295,
      -0.026224851608276367
    ],
    "timestamp" : 235206199684,
    "rotationMatrix" : [
      -0.8998613953590393,
      -0.05696527659893036,
      0.4324401021003723,
      0.43587905168533325,
      -0.1540200114250183,
      0.8867284059524536,
      0.01609170436859131,
      0.9864242076873779,
      0.16342663764953613
    ],
    "gravity" : [
      -0.01609169878065586,
      -0.9864242076873779,
      -0.16342665255069733
    ]
  },
  {
    "userAcceleration" : [
      -0.031056223437190056,
      -0.017876029014587402,
      -0.03168874979019165
    ],
    "timestamp" : 235206209703,
    "rotationMatrix" : [
      -0.8993933200836182,
      -0.054619595408439636,
      0.43371427059173584,
      0.43683910369873047,
      -0.14910343289375305,
      0.8870961666107178,
      0.0162154883146286,
      0.987311840057373,
      0.15796276926994324
    ],
    "gravity" : [
      -0.016215480864048004,
      -0.987311840057373,
      -0.15796275436878204
    ]
  },
  {
    "userAcceleration" : [
      -0.023271307349205017,
      -0.012462317943572998,
      0.009780719876289368
    ],
    "timestamp" : 235206219722,
    "rotationMatrix" : [
      -0.8993114233016968,
      -0.05204762518405914,
      0.43419933319091797,
      0.4370051622390747,
      -0.1438874900341034,
      0.8878751993179321,
      0.01626420021057129,
      0.9882241487503052,
      0.15214529633522034
    ],
    "gravity" : [
      -0.0162641741335392,
      -0.9882241487503052,
      -0.15214523673057556
    ]
  },
  {
    "userAcceleration" : [
      -0.023089077323675156,
      -0.011549115180969238,
      0.00370575487613678
    ],
    "timestamp" : 235206229740,
    "rotationMatrix" : [
      -0.8992573618888855,
      -0.04923315346240997,
      0.43463993072509766,
      0.43711012601852417,
      -0.13850286602973938,
      0.8886796236038208,
      0.016446426510810852,
      0.9891374111175537,
      0.14607027173042297
    ],
    "gravity" : [
      -0.016446419060230255,
      -0.9891374111175537,
      -0.14607027173042297
    ]
  },
  {
    "userAcceleration" : [
      -0.007760008797049522,
      -0.0019507408142089844,
      0.030597686767578125
    ],
    "timestamp" : 235206239759,
    "rotationMatrix" : [
      -0.898736298084259,
      -0.0461806058883667,
      0.43605077266693115,
      0.4381618797779083,
      -0.13300862908363342,
      0.8890009522438049,
      0.016943931579589844,
      0.9900383353233337,
      0.139774352312088
    ],
    "gravity" : [
      -0.016943935304880142,
      -0.9900383353233337,
      -0.13977433741092682
    ]
  },
  {
    "userAcceleration" : [
      0.004782367497682571,
      -0.0006744861602783203,
      0.04705904424190521
    ],
    "timestamp" : 235206249778,
    "rotationMatrix" : [
      -0.8981696963310242,
      -0.042846351861953735,
      0.43755626678466797,
      0.43929174542427063,
      -0.12757784128189087,
      0.8892394304275513,
      0.017721787095069885,
      0.9909026622772217,
      0.1334085464477539
    ],
    "gravity" : [
      -0.017721794545650482,
      -0.9909026622772217,
      -0.1334085613489151
    ]
  },
  {
    "userAcceleration" : [
      0.0035575758665800095,
      -0.0037385225296020508,
      0.05971504747867584
    ],
    "timestamp" : 235206259796,
    "rotationMatrix" : [
      -0.897354781627655,
      -0.039579227566719055,
      0.43953078985214233,
      0.44091570377349854,
      -0.12246061861515045,
      0.8891549110412598,
      0.01863323152065277,
      0.9916837215423584,
      0.12734203040599823
    ],
    "gravity" : [
      -0.018633216619491577,
      -0.9916837215423584,
      -0.12734198570251465
    ]
  },
  {
    "userAcceleration" : [
      -0.009514978155493736,
      -0.011772632598876953,
      0.05489164590835571
    ],
    "timestamp" : 235206269815,
    "rotationMatrix" : [
      -0.8964417576789856,
      -0.03657214343547821,
      0.441649854183197,
      0.4427313208580017,
      -0.11780993640422821,
      0.8888812065124512,
      0.019522473216056824,
      0.9923624992370605,
      0.12180139124393463
    ],
    "gravity" : [
      -0.019522463902831078,
      -0.9923624992370605,
      -0.12180142849683762
    ]
  },
  {
    "userAcceleration" : [
      -0.03063632920384407,
      -0.025467991828918457,
      0.028888940811157227
    ],
    "timestamp" : 235206279833,
    "rotationMatrix" : [
      -0.8955145478248596,
      -0.03400468826293945,
      0.44373124837875366,
      0.4445747435092926,
      -0.11355768889188766,
      0.888514518737793,
      0.020175442099571228,
      0.992949366569519,
      0.1168101504445076
    ],
    "gravity" : [
      -0.02017541415989399,
      -0.9929493069648743,
      -0.11681011319160461
    ]
  },
  {
    "userAcceleration" : [
      -0.0558900311589241,
      -0.03320068120956421,
      0.006722629070281982
    ],
    "timestamp" : 235206289852,
    "rotationMatrix" : [
      -0.8949117660522461,
      -0.0318918377161026,
      0.4451019763946533,
      0.4457756280899048,
      -0.10953095555305481,
      0.8884183168411255,
      0.0204191654920578,
      0.993471622467041,
      0.11223718523979187
    ],
    "gravity" : [
      -0.020419150590896606,
      -0.9934715628623962,
      -0.11223719269037247
    ]
  },
  {
    "userAcceleration" : [
      -0.06746270507574081,
      -0.037055015563964844,
      -0.01248861849308014
    ],
    "timestamp" : 235206299871,
    "rotationMatrix" : [
      -0.8945654034614563,
      -0.030187875032424927,
      0.44591671228408813,
      0.44648072123527527,
      -0.1054517924785614,
      0.8885578513145447,
      0.020199015736579895,
      0.9939661622047424,
      0.10781165957450867
    ],
    "gravity" : [
      -0.020199012011289597,
      -0.9939661622047424,
      -0.10781169682741165
    ]
  },
  {
    "userAcceleration" : [
      -0.0383174866437912,
      -0.03268831968307495,
      -0.0015180110931396484
    ],
    "timestamp" : 235206309889,
    "rotationMatrix" : [
      -0.8944500088691711,
      -0.028691112995147705,
      0.44624677300453186,
      0.4467368423938751,
      -0.10115420818328857,
      0.8889285922050476,
      0.01963534951210022,
      0.994456946849823,
      0.10329467058181763
    ],
    "gravity" : [
      -0.019635358825325966,
      -0.9944570064544678,
      -0.10329464077949524
    ]
  },
  {
    "userAcceleration" : [
      -0.010719642043113708,
      -0.0104142427444458,
      0.030086219310760498
    ],
    "timestamp" : 235206319908,
    "rotationMatrix" : [
      -0.8943809270858765,
      -0.027271375060081482,
      0.44647377729415894,
      0.4469059109687805,
      -0.09668295085430145,
      0.8893410563468933,
      0.018912896513938904,
      0.9949415326118469,
      0.09865923225879669
    ],
    "gravity" : [
      -0.018912892788648605,
      -0.9949414730072021,
      -0.09865924715995789
    ]
  },
  {
    "userAcceleration" : [
      -0.01146840862929821,
      -0.009945213794708252,
      0.02538365125656128
    ],
    "timestamp" : 235206329926,
    "rotationMatrix" : [
      -0.8943055272102356,
      -0.025845646858215332,
      0.4467094838619232,
      0.44708770513534546,
      -0.09213993698358536,
      0.8897318243980408,
      0.018164128065109253,
      0.9954105019569397,
      0.09395667165517807
    ],
    "gravity" : [
      -0.018164118751883507,
      -0.9954105019569397,
      -0.09395666420459747
    ]
  },
  {
    "userAcceleration" : [
      -0.012088997289538383,
      -0.009509265422821045,
      0.020768634974956512
    ],
    "timestamp" : 235206339945,
    "rotationMatrix" : [
      -0.8937734365463257,
      -0.02443353831768036,
      0.44785311818122864,
      0.44817590713500977,
      -0.08770831674337387,
      0.8896324634552002,
      0.017543554306030273,
      0.9958466291427612,
      0.0893416777253151
    ],
    "gravity" : [
      -0.01754354126751423,
      -0.9958466291427612,
      -0.0893416777253151
    ]
  },
  {
    "userAcceleration" : [
      -0.00781615637242794,
      -0.0025238394737243652,
      0.023708708584308624
    ],
    "timestamp" : 235206349964,
    "rotationMatrix" : [
      -0.8932821154594421,
      -0.022920817136764526,
      0.4489114284515381,
      0.44917017221450806,
      -0.08354751765727997,
      0.8895312547683716,
      0.01711668074131012,
      0.9962401390075684,
      0.08492697775363922
    ],
    "gravity" : [
      -0.01711668260395527,
      -0.9962400794029236,
      -0.08492697775363922
    ]
  },
  {
    "userAcceleration" : [
      -0.014551009982824326,
      -0.001756429672241211,
      0.010566599667072296
    ],
    "timestamp" : 235206359982,
    "rotationMatrix" : [
      -0.8927476406097412,
      -0.021324321627616882,
      0.4500514268875122,
      0.45024341344833374,
      -0.07944762706756592,
      0.8893641233444214,
      0.016790494322776794,
      0.9966107606887817,
      0.0805281400680542
    ],
    "gravity" : [
      -0.016790496185421944,
      -0.9966107606887817,
      -0.0805281326174736
    ]
  },
  {
    "userAcceleration" : [
      -0.023731334134936333,
      -0.006101548671722412,
      -0.001190483570098877
    ],
    "timestamp" : 235206370001,
    "rotationMatrix" : [
      -0.8922513723373413,
      -0.019590049982070923,
      0.45111364126205444,
      0.45123809576034546,
      -0.07513777911663055,
      0.8892346620559692,
      0.016475573182106018,
      0.9969806671142578,
      0.07588167488574982
    ],
    "gravity" : [
      -0.016475558280944824,
      -0.996980607509613,
      -0.07588166743516922
    ]
  },
  {
    "userAcceleration" : [
      -0.027074556797742844,
      -0.006277322769165039,
      0.0005859732627868652
    ],
    "timestamp" : 235206380020,
    "rotationMatrix" : [
      -0.891792356967926,
      -0.017736539244651794,
      0.45209717750549316,
      0.45215487480163574,
      -0.07071372866630554,
      0.8891319036483765,
      0.016199305653572083,
      0.9973388910293579,
      0.07108160853385925
    ],
    "gravity" : [
      -0.016199331730604172,
      -0.9973389506340027,
      -0.07108163088560104
    ]
  },
  {
    "userAcceleration" : [
      -0.022493703290820122,
      -0.0018182992935180664,
      0.01040744036436081
    ],
    "timestamp" : 235206390038,
    "rotationMatrix" : [
      -0.8913549184799194,
      -0.015806779265403748,
      0.4530308246612549,
      0.4530255198478699,
      -0.0662454217672348,
      0.8890329599380493,
      0.01595841348171234,
      0.997678279876709,
      0.0662088543176651
    ],
    "gravity" : [
      -0.01595841720700264,
      -0.9976782202720642,
      -0.06620889157056808
    ]
  },
  {
    "userAcceleration" : [
      -0.013495713472366333,
      -0.000631868839263916,
      0.01299399882555008
    ],
    "timestamp" : 235206400057,
    "rotationMatrix" : [
      -0.8908740878105164,
      -0.013825684785842896,
      0.4540390968322754,
      0.45397624373435974,
      -0.06176675111055374,
      0.8888700604438782,
      0.01575535535812378,
      0.997994601726532,
      0.061303310096263885
    ],
    "gravity" : [
      -0.01575535535812378,
      -0.9979946613311768,
      -0.061303310096263885
    ]
  },
  {
    "userAcceleration" : [
      -0.007764920592308044,
      0.00026613473892211914,
      0.012501657009124756
    ],
    "timestamp" : 235206410075,
    "rotationMatrix" : [
      -0.8904204368591309,
      -0.011795446276664734,
      0.45498621463775635,
      0.4548707604408264,
      -0.05738520994782448,
      0.8887066841125488,
      0.015626758337020874,
      0.9982824325561523,
      0.05646228417754173
    ],
    "gravity" : [
      -0.015626760199666023,
      -0.9982824325561523,
      -0.05646226927638054
    ]
  },
  {
    "userAcceleration" : [
      -0.007028641179203987,
      0.007568359375,
      0.015271544456481934
    ],
    "timestamp" : 235206420094,
    "rotationMatrix" : [
      -0.8901025652885437,
      -0.00970485806465149,
      0.45565685629844666,
      0.4554920792579651,
      -0.05323045700788498,
      0.8886469602584839,
      0.015630632638931274,
      0.9985350370407104,
      0.05180109292268753
    ],
    "gravity" : [
      -0.01563064381480217,
      -0.9985350966453552,
      -0.051801107823848724
    ]
  },
  {
    "userAcceleration" : [
      -0.008137186989188194,
      0.00507354736328125,
      0.015170931816101074
    ],
    "timestamp" : 235206430113,
    "rotationMatrix" : [
      -0.8897075057029724,
      -0.007548913359642029,
      0.45646852254867554,
      0.4562578797340393,
      -0.04928186163306236,
      0.8884817957878113,
      0.015788540244102478,
      0.9987563490867615,
      0.04729071632027626
    ],
    "gravity" : [
      -0.015788549557328224,
      -0.9987563490867615,
      -0.04729071632027626
    ]
  },
  {
    "userAcceleration" : [
      -0.012482566758990288,
      0.0014615654945373535,
      0.008551057428121567
    ],
    "timestamp" : 235206440131,
    "rotationMatrix" : [
      -0.8892087340354919,
      -0.005232557654380798,
      0.4574720859527588,
      0.4572192430496216,
      -0.04531298205256462,
      0.8881990313529968,
      0.016081854701042175,
      0.9989592432975769,
      0.04268499091267586
    ],
    "gravity" : [
      -0.01608184725046158,
      -0.9989591836929321,
      -0.04268499091267586
    ]
  },
  {
    "userAcceleration" : [
      -0.02702305279672146,
      -0.001565396785736084,
      -0.009129941463470459
    ],
    "timestamp" : 235206450150,
    "rotationMatrix" : [
      -0.8886522650718689,
      -0.0026799291372299194,
      0.458573579788208,
      0.45828574895858765,
      -0.04109228029847145,
      0.8878543972969055,
      0.016464456915855408,
      0.9991516470909119,
      0.03774505481123924
    ],
    "gravity" : [
      -0.01646447367966175,
      -0.9991517066955566,
      -0.03774510324001312
    ]
  },
  {
    "userAcceleration" : [
      -0.03480314463376999,
      -0.003550112247467041,
      -0.02813500165939331
    ],
    "timestamp" : 235206460168,
    "rotationMatrix" : [
      -0.8881010413169861,
      0.00016745924949645996,
      0.4596480131149292,
      0.45933637022972107,
      -0.036496348679065704,
      0.8875122666358948,
      0.01692412793636322,
      0.9993336796760559,
      0.03233563154935837
    ],
    "gravity" : [
      -0.016924120485782623,
      -0.9993336796760559,
      -0.03233563154935837
    ]
  },
  {
    "userAcceleration" : [
      -0.04091529920697212,
      -0.005674481391906738,
      -0.03160011023283005
    ],
    "timestamp" : 235206470187,
    "rotationMatrix" : [
      -0.887700617313385,
      0.003248244524002075,
      0.4604087173938751,
      0.4600917100906372,
      -0.03150715306401253,
      0.8873119354248047,
      0.017388492822647095,
      0.9994980096817017,
      0.02647487446665764
    ],
    "gravity" : [
      -0.01738850399851799,
      -0.9994980096817017,
      -0.02647489123046398
    ]
  },
  {
    "userAcceleration" : [
      -0.044876180589199066,
      -0.01708930730819702,
      -0.016643641516566277
    ],
    "timestamp" : 235206480206,
    "rotationMatrix" : [
      -0.8872767686843872,
      0.006357967853546143,
      0.461192786693573,
      0.46089452505111694,
      -0.026282045990228653,
      0.8870654702186584,
      0.017761126160621643,
      0.9996342062950134,
      0.020389463752508163
    ],
    "gravity" : [
      -0.017761122435331345,
      -0.9996342062950134,
      -0.020389437675476074
    ]
  },
  {
    "userAcceleration" : [
      -0.05289280414581299,
      -0.020801663398742676,
      0.005829034373164177
    ],
    "timestamp" : 235206490224,
    "rotationMatrix" : [
      -0.8868841528892517,
      0.009190633893013,
      0.46190059185028076,
      0.46164655685424805,
      -0.02102573961019516,
      0.8868147730827332,
      0.017862185835838318,
      0.9997367262840271,
      0.01440451294183731
    ],
    "gravity" : [
      -0.01786218211054802,
      -0.9997366666793823,
      -0.014404542744159698
    ]
  },
  {
    "userAcceleration" : [
      -0.04783714935183525,
      -0.02969050407409668,
      0.015604914166033268
    ],
    "timestamp" : 235206500243,
    "rotationMatrix" : [
      -0.8865188360214233,
      0.011547058820724487,
      0.4625474512577057,
      0.4623546600341797,
      -0.01603376865386963,
      0.8865498304367065,
      0.01765352487564087,
      0.9998044967651367,
      0.008875846862792969
    ],
    "gravity" : [
      -0.017653530463576317,
      -0.9998045563697815,
      -0.008875803090631962
    ]
  },
  {
    "userAcceleration" : [
      -0.047837674617767334,
      -0.02465873956680298,
      0.027702271938323975
    ],
    "timestamp" : 235206510262,
    "rotationMatrix" : [
      -0.8862341642379761,
      0.013265326619148254,
      0.46304696798324585,
      0.4629233479499817,
      -0.011414021253585815,
      0.8863247036933899,
      0.01704266667366028,
      0.9998467564582825,
      0.003974944353103638
    ],
    "gravity" : [
      -0.01704266667366028,
      -0.9998466968536377,
      -0.0039749168790876865
    ]
  },
  {
    "userAcceleration" : [
      -0.05200017988681793,
      -0.0069811344146728516,
      0.025899410247802734
    ],
    "timestamp" : 235206520280,
    "rotationMatrix" : [
      -0.886055052280426,
      0.01448330283164978,
      0.4633534252643585,
      0.46329954266548157,
      -0.007079459726810455,
      0.88617342710495,
      0.01611506938934326,
      0.9998700022697449,
      -0.00043717771768569946
    ],
    "gravity" : [
      -0.016115039587020874,
      -0.9998699426651001,
      0.00043720437679439783
    ]
  },
  {
    "userAcceleration" : [
      -0.03968373313546181,
      0.003080308437347412,
      0.016306161880493164
    ],
    "timestamp" : 235206530299,
    "rotationMatrix" : [
      -0.8859472870826721,
      0.015487685799598694,
      0.4635273218154907,
      0.46354174613952637,
      -0.002861425280570984,
      0.8860704302787781,
      0.01504950225353241,
      0.9998759627342224,
      -0.004644140601158142
    ],
    "gravity" : [
      -0.01504951436072588,
      -0.9998759627342224,
      0.004644137807190418
    ]
  },
  {
    "userAcceleration" : [
      -0.029210969805717468,
      0.010757505893707275,
      0.012223958969116211
    ],
    "timestamp" : 235206540317,
    "rotationMatrix" : [
      -0.8857292532920837,
      0.01650451123714447,
      0.46390852332115173,
      0.4639926552772522,
      0.00146469846367836,
      0.8858377933502197,
      0.01394084095954895,
      0.9998626708984375,
      -0.008955206722021103
    ],
    "gravity" : [
      -0.01394085306674242,
      -0.9998626708984375,
      0.008955191820859909
    ]
  },
  {
    "userAcceleration" : [
      -0.01629778742790222,
      0.02031797170639038,
      0.010138869285583496
    ],
    "timestamp" : 235206550336,
    "rotationMatrix" : [
      -0.8854185938835144,
      0.017720386385917664,
      0.4644562602043152,
      0.4646140933036804,
      0.005927976220846176,
      0.8854933977127075,
      0.01293802261352539,
      0.9998253583908081,
      -0.013481739908456802
    ],
    "gravity" : [
      -0.012938031926751137,
      -0.9998253583908081,
      0.01348175574094057
    ]
  },
  {
    "userAcceleration" : [
      -0.008718609809875488,
      0.030889153480529785,
      0.005750056356191635
    ],
    "timestamp" : 235206560355,
    "rotationMatrix" : [
      -0.885110080242157,
      0.01918157935142517,
      0.46498554944992065,
      0.46522343158721924,
      0.010470625013113022,
      0.8851311206817627,
      0.01210959255695343,
      0.9997609853744507,
      -0.01819104328751564
    ],
    "gravity" : [
      -0.012109612114727497,
      -0.9997609853744507,
      0.018191006034612656
    ]
  },
  {
    "userAcceleration" : [
      -0.013344405218958855,
      0.04274606704711914,
      0.0022499579936265945
    ],
    "timestamp" : 235206570373,
    "rotationMatrix" : [
      -0.8848612308502197,
      0.02083076536655426,
      0.46538907289505005,
      0.4657142758369446,
      0.014998406171798706,
      0.8848081231117249,
      0.011451095342636108,
      0.9996705651283264,
      -0.022972851991653442
    ],
    "gravity" : [
      -0.011451098136603832,
      -0.9996705651283264,
      0.022972814738750458
    ]
  },
  {
    "userAcceleration" : [
      -0.01498991809785366,
      0.043975234031677246,
      0.01353740505874157
    ],
    "timestamp" : 235206580392,
    "rotationMatrix" : [
      -0.8846408724784851,
      0.02256666123867035,
      0.46572616696357727,
      0.4661446809768677,
      0.019412025809288025,
      0.8844953775405884,
      0.010919451713562012,
      0.9995567798614502,
      -0.0276917964220047
    ],
    "gravity" : [
      -0.010919463820755482,
      -0.9995567798614502,
      0.027691829949617386
    ]
  },
  {
    "userAcceleration" : [
      -0.010422652587294579,
      0.032108843326568604,
      0.03283857926726341
    ],
    "timestamp" : 235206590410,
    "rotationMatrix" : [
      -0.8842819333076477,
      0.024304404854774475,
      0.4663199186325073,
      0.4668358564376831,
      0.02366292104125023,
      0.8840271830558777,
      0.010451346635818481,
      0.999424397945404,
      -0.03227061405777931
    ],
    "gravity" : [
      -0.01045133825391531,
      -0.9994243383407593,
      0.032270584255456924
    ]
  },
  {
    "userAcceleration" : [
      -0.007586527615785599,
      0.024958014488220215,
      0.041924718767404556
    ],
    "timestamp" : 235206600429,
    "rotationMatrix" : [
      -0.8837368488311768,
      0.025971263647079468,
      0.46726304292678833,
      0.46787789463996887,
      0.027747973799705505,
      0.8833574652671814,
      0.009976312518119812,
      0.9992775321006775,
      -0.036673322319984436
    ],
    "gravity" : [
      -0.009976312518119812,
      -0.9992775321006775,
      0.036673303693532944
    ]
  },
  {
    "userAcceleration" : [
      -0.00034795328974723816,
      0.023166954517364502,
      0.03876805678009987
    ],
    "timestamp" : 235206610448,
    "rotationMatrix" : [
      -0.882840633392334,
      0.02754741907119751,
      0.4688641130924225,
      0.4695773124694824,
      0.031655944883823395,
      0.882323682308197,
      0.009463399648666382,
      0.9991191029548645,
      -0.040882788598537445
    ],
    "gravity" : [
      -0.00946341548115015,
      -0.9991191625595093,
      0.04088278487324715
    ]
  },
  {
    "userAcceleration" : [
      0.007664450444281101,
      0.02188044786453247,
      -0.008959650993347168
    ],
    "timestamp" : 235206620466,
    "rotationMatrix" : [
      -0.8818457722663879,
      0.02913929522037506,
      0.4706362783908844,
      0.4714517593383789,
      0.035452112555503845,
      0.8811788558959961,
      0.008991926908493042,
      0.9989463090896606,
      -0.045000866055488586
    ],
    "gravity" : [
      -0.00899194460362196,
      -0.9989463686943054,
      0.045000821352005005
    ]
  },
  {
    "userAcceleration" : [
      0.007268963381648064,
      0.021687805652618408,
      -0.013120774179697037
    ],
    "timestamp" : 235206630485,
    "rotationMatrix" : [
      -0.8809221982955933,
      0.03082829713821411,
      0.47225525975227356,
      0.4731823205947876,
      0.0392485186457634,
      0.8800896406173706,
      0.008596450090408325,
      0.9987536668777466,
      -0.04916197806596756
    ],
    "gravity" : [
      -0.008596436120569706,
      -0.9987536668777466,
      0.04916202649474144
    ]
  },
  {
    "userAcceleration" : [
      -0.003599613904953003,
      0.028455913066864014,
      -0.04155111685395241
    ],
    "timestamp" : 235206640504,
    "rotationMatrix" : [
