[
  {
    "gravity" : [
      0.06327050924301147,
      -0.7600409388542175,
      -0.6467878818511963
    ],
    "timestamp" : 235225938999,
    "rotationMatrix" : [
      -0.16246096789836884,
      -0.6472854614257812,
      0.744733452796936,
      0.9846843481063843,
      -0.05795809626579285,
      0.1644311249256134,
      -0.06327053904533386,
      0.7600409984588623,
      0.6467878818511963
    ],
    "userAcceleration" : [
      0.008354298770427704,
      0.017243146896362305,
      -0.02868819236755371
    ]
  },
  {
    "gravity" : [
      0.06143300607800484,
      -0.7587984800338745,
      -0.6484217643737793
    ],
    "timestamp" : 235225949018,
    "rotationMatrix" : [
      -0.15619298815727234,
      -0.6489534974098206,
      0.7446227073669434,
      0.9858141541481018,
      -0.0555344820022583,
      0.15838623046875,
      -0.06143301725387573,
      0.7587984800338745,
      0.6484217643737793
    ],
    "userAcceleration" : [
      0.010191813111305237,
      0.016000747680664062,
      -0.027054309844970703
    ]
  },
  {
    "gravity" : [
      0.0599965862929821,
      -0.7577630281448364,
      -0.6497657895088196
    ],
    "timestamp" : 235225959036,
    "rotationMatrix" : [
      -0.1509806513786316,
      -0.6503382325172424,
      0.7444897294044495,
      0.9867143034934998,
      -0.05343519151210785,
      0.1534256637096405,
      -0.059996604919433594,
      0.7577630281448364,
      0.6497657895088196
    ],
    "userAcceleration" : [
      -0.007582586258649826,
      0.0012475848197937012,
      -0.059844255447387695
    ]
  },
  {
    "gravity" : [
      0.05914609506726265,
      -0.7570810914039612,
      -0.6506381034851074
    ],
    "timestamp" : 235225969055,
    "rotationMatrix" : [
      -0.14600026607513428,
      -0.6513308882713318,
      0.7446151971817017,
      0.9875147938728333,
      -0.050952211022377014,
      0.1490578055381775,
      -0.059146106243133545,
      0.7570810914039612,
      0.6506381034851074
    ],
    "userAcceleration" : [
      -0.006732102483510971,
      0.000565648078918457,
      -0.05897188186645508
    ]
  },
  {
    "gravity" : [
      0.059027139097452164,
      -0.7568471431732178,
      -0.6509209275245667
    ],
    "timestamp" : 235225979074,
    "rotationMatrix" : [
      -0.1414363831281662,
      -0.6518204212188721,
      0.7450673580169678,
      0.9881857633590698,
      -0.04808461666107178,
      0.14552098512649536,
      -0.05902716517448425,
      0.7568471431732178,
      0.6509209275245667
    ],
    "userAcceleration" : [
      -0.024511713534593582,
      -0.011066615581512451,
      -0.07329165935516357
    ]
  },
  {
    "gravity" : [
      0.059670425951480865,
      -0.7570176720619202,
      -0.6506640315055847
    ],
    "timestamp" : 235225989093,
    "rotationMatrix" : [
      -0.13681116700172424,
      -0.6518765091896057,
      0.7458817958831787,
      0.9887983202934265,
      -0.04451102018356323,
      0.1424662172794342,
      -0.05967041850090027,
      0.7570177316665649,
      0.6506639719009399
    ],
    "userAcceleration" : [
      -0.03594295307993889,
      -0.01811349391937256,
      -0.07383859157562256
    ]
  },
  {
    "gravity" : [
      0.06063954904675484,
      -0.7574424147605896,
      -0.6500798463821411
    ],
    "timestamp" : 235225999111,
    "rotationMatrix" : [
      -0.13149277865886688,
      -0.6516643762588501,
      0.7470229864120483,
      0.989460825920105,
      -0.040181711316108704,
      0.13911479711532593,
      -0.06063956022262573,
      0.7574424743652344,
      0.6500798463821411
    ],
    "userAcceleration" : [
      -0.03160202503204346,
      -0.018253326416015625,
      -0.04569041728973389
    ]
  },
  {
    "gravity" : [
      0.061599139124155045,
      -0.7580059766769409,
      -0.6493323445320129
    ],
    "timestamp" : 235226009130,
    "rotationMatrix" : [
      -0.1262761354446411,
      -0.6512588262557983,
      0.748275637626648,
      0.9900808334350586,
      -0.03590208292007446,
      0.1358349621295929,
      -0.061599135398864746,
      0.7580059766769409,
      0.6493323445320129
    ],
    "userAcceleration" : [
      -0.02210933342576027,
      -0.008336126804351807,
      -0.0060021281242370605
    ]
  },
  {
    "gravity" : [
      0.06215192377567291,
      -0.758569061756134,
      -0.648621678352356
    ],
    "timestamp" : 235226019149,
    "rotationMatrix" : [
      -0.12072120606899261,
      -0.6508201956748962,
      0.74957275390625,
      0.9907388091087341,
      -0.03171496093273163,
      0.13202518224716187,
      -0.062151938676834106,
      0.758569061756134,
      0.648621678352356
    ],
    "userAcceleration" : [
      -0.023058846592903137,
      -0.009192049503326416,
      0.02571207284927368
    ]
  },
  {
    "gravity" : [
      0.062229301780462265,
      -0.7591075301170349,
      -0.647983968257904
    ],
    "timestamp" : 235226029168,
    "rotationMatrix" : [
      -0.11475765705108643,
      -0.6503783464431763,
      0.7508918046951294,
      0.9914424419403076,
      -0.02763362228870392,
      0.12758603692054749,
      -0.062229305505752563,
      0.7591075897216797,
      0.647983968257904
    ],
    "userAcceleration" : [
      -0.0018197111785411835,
      -0.012575089931488037,
      0.05199092626571655
    ]
  },
  {
    "gravity" : [
      0.06178929656744003,
      -0.7595736980438232,
      -0.6474795937538147
    ],
    "timestamp" : 235226039186,
    "rotationMatrix" : [
      -0.10839290916919708,
      -0.6499888896942139,
      0.7521736025810242,
      0.9921858310699463,
      -0.023705855011940002,
      0.12249484658241272,
      -0.06178933382034302,
      0.7595736980438232,
      0.6474795341491699
    ],
    "userAcceleration" : [
      0.008691098541021347,
      -0.002587437629699707,
      0.0457492470741272
    ]
  },
  {
    "gravity" : [
      0.060772791504859924,
      -0.7599483132362366,
      -0.6471360921859741
    ],
    "timestamp" : 235226049205,
    "rotationMatrix" : [
      -0.1020364910364151,
      -0.6496677398681641,
      0.7533392906188965,
      0.9929224252700806,
      -0.020248889923095703,
      0.11702471971511841,
      -0.06077280640602112,
      0.7599483132362366,
      0.6471360921859741
    ],
    "userAcceleration" : [
      0.026690635830163956,
      0.008254706859588623,
      0.03332078456878662
    ]
  },
  {
    "gravity" : [
      0.0595034696161747,
      -0.7601838111877441,
      -0.6469774842262268
    ],
    "timestamp" : 235226059224,
    "rotationMatrix" : [
      -0.09564073383808136,
      -0.64948570728302,
      0.7543348073959351,
      0.9936357736587524,
      -0.01699182391166687,
      0.11135125160217285,
      -0.0595034658908844,
      0.7601837515830994,
      0.6469774842262268
    ],
    "userAcceleration" : [
      0.027959957718849182,
      0.008490145206451416,
      0.03316217660903931
    ]
  },
  {
    "gravity" : [
      0.05827609449625015,
      -0.7602530717849731,
      -0.6470078825950623
    ],
    "timestamp" : 235226069243,
    "rotationMatrix" : [
      -0.08920969069004059,
      -0.6494823694229126,
      0.7551254034042358,
      0.9943065643310547,
      -0.013713628053665161,
      0.10567116737365723,
      -0.058276087045669556,
      0.7602530717849731,
      0.6470078825950623
    ],
    "userAcceleration" : [
      0.017148148268461227,
      0.01402205228805542,
      0.012608468532562256
    ]
  },
  {
    "gravity" : [
      0.05743104964494705,
      -0.7601749897003174,
      -0.6471750736236572
    ],
    "timestamp" : 235226079261,
    "rotationMatrix" : [
      -0.08396929502487183,
      -0.6496259570121765,
      0.7556023597717285,
      0.9948118329048157,
      -0.010947734117507935,
      0.10114017128944397,
      -0.05743107199668884,
      0.7601749897003174,
      0.6471750736236572
    ],
    "userAcceleration" : [
      0.012286420911550522,
      0.010144531726837158,
      -0.015468358993530273
    ]
  },
  {
    "gravity" : [
      0.05717119202017784,
      -0.7600593566894531,
      -0.6473338603973389
    ],
    "timestamp" : 235226089280,
    "rotationMatrix" : [
      -0.07933308184146881,
      -0.6498024463653564,
      0.7559515237808228,
      0.9952071905136108,
      -0.008136272430419922,
      0.09744799137115479,
      -0.05717119574546814,
      0.7600593566894531,
      0.6473338603973389
    ],
    "userAcceleration" : [
      -0.006084714084863663,
      0.0026284456253051758,
      -0.03621411323547363
    ]
  },
  {
    "gravity" : [
      0.05738234519958496,
      -0.7600655555725098,
      -0.6473079919815063
    ],
    "timestamp" : 235226099299,
    "rotationMatrix" : [
      -0.07506752014160156,
      -0.6498256325721741,
      0.7563672065734863,
      0.9955260157585144,
      -0.005189672112464905,
      0.09434479475021362,
      -0.05738231539726257,
      0.7600655555725098,
      0.6473079919815063
    ],
    "userAcceleration" : [
      -0.018609698861837387,
      -0.002797544002532959,
      -0.04212993383407593
    ]
  },
  {
    "gravity" : [
      0.05791622772812843,
      -0.7602745890617371,
      -0.6470149159431458
    ],
    "timestamp" : 235226109318,
    "rotationMatrix" : [
      -0.07075518369674683,
      -0.6495990753173828,
      0.7569774389266968,
      0.9958109855651855,
      -0.0019384324550628662,
      0.0914156436920166,
      -0.057916224002838135,
      0.7602745890617371,
      0.6470149755477905
    ],
    "userAcceleration" : [
      -0.01448965072631836,
      -0.012369394302368164,
      -0.03757065534591675
    ]
  },
  {
    "gravity" : [
      0.05861765518784523,
      -0.7606620788574219,
      -0.6464961171150208
    ],
    "timestamp" : 235226119337,
    "rotationMatrix" : [
      -0.06620495021343231,
      -0.6491460800170898,
      0.757777214050293,
      0.9960827827453613,
      0.0016178786754608154,
      0.08841103315353394,
      -0.05861768126487732,
      0.7606620788574219,
      0.6464961171150208
    ],
    "userAcceleration" : [
      -0.017144210636615753,
      -0.01919931173324585,
      -0.020862340927124023
    ]
  },
  {
    "gravity" : [
      0.05928581953048706,
      -0.7611125111579895,
      -0.6459047794342041
    ],
    "timestamp" : 235226129355,
    "rotationMatrix" : [
      -0.061649858951568604,
      -0.6485994458198547,
      0.7586290836334229,
      0.9963355660438538,
      0.005155980587005615,
      0.08537515997886658,
      -0.05928584933280945,
      0.7611124515533447,
      0.6459047794342041
    ],
    "userAcceleration" : [
      -0.016866330057382584,
      -0.025142371654510498,
      0.0009462833404541016
    ]
  },
  {
    "gravity" : [
      0.05976039543747902,
      -0.7615163922309875,
      -0.6453847885131836
    ],
    "timestamp" : 235226139374,
    "rotationMatrix" : [
      -0.05650441348552704,
      -0.6480844020843506,
      0.7594695091247559,
      0.9966123104095459,
      0.008919090032577515,
      0.0817587673664093,
      -0.05976039171218872,
      0.7615163326263428,
      0.6453848481178284
    ],
    "userAcceleration" : [
      -0.01325155422091484,
      -0.024784207344055176,
      0.021422386169433594
    ]
  },
  {
    "gravity" : [
      0.06000005453824997,
      -0.761822521686554,
      -0.6450011134147644
    ],
    "timestamp" : 235226149393,
    "rotationMatrix" : [
      -0.05110856890678406,
      -0.6476622819900513,
      0.7602114677429199,
      0.9968891143798828,
      0.012647658586502075,
      0.07779544591903687,
      -0.060000061988830566,
      0.761822521686554,
      0.6450011134147644
    ],
    "userAcceleration" : [
      -0.012590937316417694,
      -0.02443230152130127,
      0.03533613681793213
    ]
  },
  {
    "gravity" : [
      0.059843774884939194,
      -0.7620182037353516,
      -0.6447844505310059
    ],
    "timestamp" : 235226159412,
    "rotationMatrix" : [
      -0.04534591734409332,
      -0.6473506093025208,
      0.7608423233032227,
      0.9971773028373718,
      0.01629333198070526,
      0.07329431176185608,
      -0.05984380841255188,
      0.7620182037353516,
      0.6447844505310059
    ],
    "userAcceleration" : [
      -0.004301723092794418,
      -0.017858445644378662,
      0.03449392318725586
    ]
  },
  {
    "gravity" : [
      0.059161651879549026,
      -0.7621212005615234,
      -0.6447256207466125
    ],
    "timestamp" : 235226169430,
    "rotationMatrix" : [
      -0.03950484097003937,
      -0.6471383571624756,
      0.7613482475280762,
      0.9974663257598877,
      0.019572868943214417,
      0.0683932900428772,
      -0.05916166305541992,
      0.7621212005615234,
      0.6447256207466125
    ],
    "userAcceleration" : [
      -0.0005068108439445496,
      0.004171490669250488,
      2.6464462280273438e-05
    ]
  },
  {
    "gravity" : [
      0.058144792914390564,
      -0.7621641755104065,
      -0.6447673439979553
    ],
    "timestamp" : 235226179449,
    "rotationMatrix" : [
      -0.033626556396484375,
      -0.6469887495040894,
      0.7617576718330383,
      0.9977415800094604,
      0.022610962390899658,
      0.06324800848960876,
      -0.05814480781555176,
      0.7621641159057617,
      0.6447673439979553
    ],
    "userAcceleration" : [
      0.0005100518465042114,
      0.004214465618133545,
      6.818771362304688e-05
    ]
  },
  {
    "gravity" : [
      0.05700598657131195,
      -0.7622425556182861,
      -0.6447764039039612
    ],
    "timestamp" : 235226189468,
    "rotationMatrix" : [
      -0.028058737516403198,
      -0.6467947363853455,
      0.762147843837738,
      0.997979462146759,
      0.025355368852615356,
      0.05825874209403992,
      -0.057006001472473145,
      0.7622425556182861,
      0.6447764039039612
    ],
    "userAcceleration" : [
      0.0016488507390022278,
      0.004292786121368408,
      7.724761962890625e-05
    ]
  },
  {
    "gravity" : [
      0.05571034923195839,
      -0.7625096440315247,
      -0.6445737481117249
    ],
    "timestamp" : 235226199487,
    "rotationMatrix" : [
      -0.022910654544830322,
      -0.6463824510574341,
      0.7626693248748779,
      0.9981839656829834,
      0.02772103250026703,
      0.053479909896850586,
      -0.0557103157043457,
      0.7625096440315247,
      0.6445737481117249
    ],
    "userAcceleration" : [
      0.0018153339624404907,
      0.006314694881439209,
      -0.017367780208587646
    ]
  },
  {
    "gravity" : [
      0.05413156747817993,
      -0.7631113529205322,
      -0.6439958810806274
    ],
    "timestamp" : 235226209506,
    "rotationMatrix" : [
      -0.017491847276687622,
      -0.6455670595169067,
      0.7635029554367065,
      0.9983804225921631,
      0.030065014958381653,
      0.04829397797584534,
      -0.054131537675857544,
      0.7631113529205322,
      0.6439959406852722
    ],
    "userAcceleration" : [
      0.012503620237112045,
      0.007999718189239502,
      -0.02789437770843506
    ]
  },
  {
    "gravity" : [
      0.05241289362311363,
      -0.7640563249588013,
      -0.6430168747901917
    ],
    "timestamp" : 235226219524,
    "rotationMatrix" : [
      -0.01210014522075653,
      -0.6443403363227844,
      0.7646428346633911,
      0.9985520243644714,
      0.03229662775993347,
      0.04301708936691284,
      -0.05241289734840393,
      0.7640563249588013,
      0.6430168747901917
    ],
    "userAcceleration" : [
      0.021134518086910248,
      0.00920414924621582,
      -0.03337472677230835
    ]
  },
  {
    "gravity" : [
      0.05077920854091644,
      -0.7652456760406494,
      -0.6417324542999268
    ],
    "timestamp" : 235226229543,
    "rotationMatrix" : [
      -0.006829619407653809,
      -0.6428125500679016,
      0.7659931778907776,
      0.9986866116523743,
      0.03451372683048248,
      0.03786778450012207,
      -0.05077922344207764,
      0.7652456760406494,
      0.6417324542999268
    ],
    "userAcceleration" : [
      0.018129535019397736,
      0.0024436116218566895,
      -0.03999972343444824
    ]
  },
  {
    "gravity" : [
      0.04910597205162048,
      -0.766579806804657,
      -0.6402686238288879
    ],
    "timestamp" : 235226239562,
    "rotationMatrix" : [
      -0.0015878379344940186,
      -0.6411010026931763,
      0.7674547433853149,
      0.9987921714782715,
      0.036670029163360596,
      0.03269919753074646,
      -0.04910597205162048,
      0.7665797472000122,
      0.6402686834335327
    ],
    "userAcceleration" : [
      0.007122717797756195,
      0.003457307815551758,
      -0.02870720624923706
    ]
  },
  {
    "gravity" : [
      0.04730574041604996,
      -0.7680189609527588,
      -0.6386776566505432
    ],
    "timestamp" : 235226249581,
    "rotationMatrix" : [
      0.003607913851737976,
      -0.6392580270767212,
      0.7689839601516724,
      0.9988740682601929,
      0.03868161141872406,
      0.02746957540512085,
      -0.04730573296546936,
      0.7680189609527588,
      0.6386775970458984
    ],
    "userAcceleration" : [
      -0.0009952597320079803,
      0.0025618672370910645,
      -0.0061435699462890625
    ]
  },
  {
    "gravity" : [
      0.045490846037864685,
      -0.7695195078849792,
      -0.6370009183883667
    ],
    "timestamp" : 235226259599,
    "rotationMatrix" : [
      0.00926634669303894,
      -0.6373084783554077,
      0.770552933216095,
      0.9989216327667236,
      0.04095584154129028,
      0.02186119556427002,
      -0.04549086093902588,
      0.7695195078849792,
      0.6370009183883667
    ],
    "userAcceleration" : [
      -0.011768866330385208,
      -0.0202600359916687,
      -0.013023436069488525
    ]
  },
  {
    "gravity" : [
      0.04399118572473526,
      -0.7709954380989075,
      -0.6353194117546082
    ],
    "timestamp" : 235226269618,
    "rotationMatrix" : [
      0.014662951231002808,
      -0.6353682279586792,
      0.772070050239563,
      0.9989242553710938,
      0.043279945850372314,
      0.016645580530166626,
      -0.04399117827415466,
      0.7709954977035522,
      0.6353193521499634
    ],
    "userAcceleration" : [
      -0.0022735968232154846,
      -0.015045762062072754,
      -0.02131211757659912
    ]
  },
  {
    "gravity" : [
      0.04306905344128609,
      -0.7724697589874268,
      -0.6335893273353577
    ],
    "timestamp" : 235226279637,
    "rotationMatrix" : [
      0.019574925303459167,
      -0.6334034204483032,
      0.7735739350318909,
      0.99888014793396,
      0.045719608664512634,
      0.012159168720245361,
      -0.04306906461715698,
      0.7724697589874268,
      0.6335892677307129
    ],
    "userAcceleration" : [
      -0.0013514719903469086,
      -0.013571381568908691,
      -0.023042142391204834
    ]
  },
  {
    "gravity" : [
      0.04249197617173195,
      -0.7740646004676819,
      -0.6316789388656616
    ],
    "timestamp" : 235226289656,
    "rotationMatrix" : [
      0.024290412664413452,
      -0.631262481212616,
      0.7751885652542114,
      0.9988012909889221,
      0.048283129930496216,
      0.008021384477615356,
      -0.04249200224876404,
      0.7740645408630371,
      0.6316789388656616
    ],
    "userAcceleration" : [
      0.009464256465435028,
      -0.019804298877716064,
      -0.018696367740631104
    ]
  },
  {
    "gravity" : [
      0.04212373495101929,
      -0.7756741642951965,
      -0.629726231098175
    ],
    "timestamp" : 235226299674,
    "rotationMatrix" : [
      0.028644844889640808,
      -0.6290888786315918,
      0.7768052816390991,
      0.9987015724182129,
      0.05076040327548981,
      0.004280596971511841,
      -0.042123764753341675,
      0.7756741046905518,
      0.629726231098175
    ],
    "userAcceleration" : [
      0.009832501411437988,
      -0.01819479465484619,
      -0.020649194717407227
    ]
  },
  {
    "gravity" : [
      0.0419086292386055,
      -0.7772717475891113,
      -0.6277676224708557
    ],
    "timestamp" : 235226309693,
    "rotationMatrix" : [
      0.03283876180648804,
      -0.6269084215164185,
      0.7784003615379333,
      0.9985815286636353,
      0.05323684215545654,
      0.0007483065128326416,
      -0.0419086217880249,
      0.7772717475891113,
      0.6277676224708557
    ],
    "userAcceleration" : [
      0.01634947955608368,
      -0.010692000389099121,
      -0.014795243740081787
    ]
  },
  {
    "gravity" : [
      0.04173709452152252,
      -0.7788832783699036,
      -0.6257785558700562
    ],
    "timestamp" : 235226319712,
    "rotationMatrix" : [
      0.03712375462055206,
      -0.6246827244758606,
      0.7799955606460571,
      0.9984385371208191,
      0.05578604340553284,
      -0.002842545509338379,
      -0.041737109422683716,
      0.7788832783699036,
      0.6257785558700562
    ],
    "userAcceleration" : [
      0.010234400629997253,
      -0.00955355167388916,
      -0.010039985179901123
    ]
  },
  {
    "gravity" : [
      0.041470494121313095,
      -0.7805154919624329,
      -0.6237593293190002
    ],
    "timestamp" : 235226329731,
    "rotationMatrix" : [
      0.041673481464385986,
      -0.6224018335342407,
      0.7815876007080078,
      0.9982701539993286,
      0.05840706825256348,
      -0.0067154765129089355,
      -0.04147052764892578,
      0.7805154919624329,
      0.6237593293190002
    ],
    "userAcceleration" : [
      0.005358777940273285,
      -0.020753920078277588,
      0.0017958283424377441
    ]
  },
  {
    "gravity" : [
      0.0410982146859169,
      -0.7821524739265442,
      -0.6217302083969116
    ],
    "timestamp" : 235226339750,
    "rotationMatrix" : [
      0.04671292006969452,
      -0.6200713515281677,
      0.7831535339355469,
      0.9980625510215759,
      0.06122903525829315,
      -0.011052817106246948,
      -0.04109823703765869,
      0.782152533531189,
      0.6217302083969116
    ],
    "userAcceleration" : [
      0.0027708634734153748,
      -0.02471691370010376,
      0.008815109729766846
    ]
  },
  {
    "gravity" : [
      0.04075683280825615,
      -0.7837395668029785,
      -0.6197507977485657
    ],
    "timestamp" : 235226349768,
    "rotationMatrix" : [
      0.0519479364156723,
      -0.6177650094032288,
      0.7846448421478271,
      0.9978175759315491,
      0.06417447328567505,
      -0.0155353844165802,
      -0.04075685143470764,
      0.7837395668029785,
      0.6197507977485657
    ],
    "userAcceleration" : [
      0.006148740649223328,
      -0.020367980003356934,
      0.007690250873565674
    ]
  },
  {
    "gravity" : [
      0.040487855672836304,
      -0.78525710105896,
      -0.6178445816040039
    ],
    "timestamp" : 235226359787,
    "rotationMatrix" : [
      0.0572802871465683,
      -0.6155105233192444,
      0.7860442399978638,
      0.9975367188453674,
      0.06721560657024384,
      -0.02005898952484131,
      -0.040487855672836304,
      0.78525710105896,
      0.6178445816040039
    ],
    "userAcceleration" : [
      0.014687981456518173,
      -0.017538249492645264,
      0.0025949478149414062
    ]
  },
  {
    "gravity" : [
      0.040414243936538696,
      -0.7867116928100586,
      -0.6159961819648743
    ],
    "timestamp" : 235226369806,
    "rotationMatrix" : [
      0.06236143410205841,
      -0.6133119463920593,
      0.7873750925064087,
      0.9972350001335144,
      0.07023561000823975,
      -0.024273842573165894,
      -0.040414243936538696,
      0.7867116928100586,
      0.6159961819648743
    ],
    "userAcceleration" : [
      0.0002199709415435791,
      -0.0074776411056518555,
      0.005949735641479492
    ]
  },
  {
    "gravity" : [
      0.04066028073430061,
      -0.7881258726119995,
      -0.6141695976257324
    ],
    "timestamp" : 235226379825,
    "rotationMatrix" : [
      0.06730684638023376,
      -0.6111211776733398,
      0.7886700630187988,
      0.9969034194946289,
      0.07340539991855621,
      -0.028197824954986572,
      -0.04066029191017151,
      0.7881258726119995,
      0.6141695976257324
    ],
    "userAcceleration" : [
      -2.6069581508636475e-05,
      -0.006063520908355713,
      0.0041231513023376465
    ]
  },
  {
    "gravity" : [
      0.04128772392868996,
      -0.7894812226295471,
      -0.612384557723999
    ],
    "timestamp" : 235226389843,
    "rotationMatrix" : [
      0.07229965925216675,
      -0.6089397668838501,
      0.7899147272109985,
      0.9965280294418335,
      0.07688896358013153,
      -0.03193753957748413,
      -0.041287750005722046,
      0.7894811630249023,
      0.612384557723999
    ],
    "userAcceleration" : [
      -0.0006535127758979797,
      -0.004708230495452881,
      0.002338111400604248
    ]
  },
  {
    "gravity" : [
      0.042303554713726044,
      -0.7906814217567444,
      -0.6107645034790039
    ],
    "timestamp" : 235226399862,
    "rotationMatrix" : [
      0.07680034637451172,
      -0.6069295406341553,
      0.7910361886024475,
      0.9961487054824829,
      0.08037056028842926,
      -0.035049378871917725,
      -0.04230356216430664,
      0.7906814217567444,
      0.6107645034790039
    ],
    "userAcceleration" : [
      -0.013433869928121567,
      -0.00991666316986084,
      0.010514259338378906
    ]
  },
  {
    "gravity" : [
      0.04356462135910988,
      -0.791617751121521,
      -0.6094616651535034
    ],
    "timestamp" : 235226409881,
    "rotationMatrix" : [
      0.0817735493183136,
      -0.6051685214042664,
      0.7918865084648132,
      0.9956983923912048,
      0.084336057305336,
      -0.03836947679519653,
      -0.04356461763381958,
      0.7916176915168762,
      0.6094617247581482
    ],
    "userAcceleration" : [
      -0.0236060693860054,
      -0.02292686700820923,
      0.029459834098815918
    ]
  },
  {
    "gravity" : [
      0.044948264956474304,
      -0.792230486869812,
      -0.6085641980171204
    ],
    "timestamp" : 235226419900,
    "rotationMatrix" : [
      0.08741635084152222,
      -0.6037238836288452,
      0.7923860549926758,
      0.9951572418212891,
      0.08881485462188721,
      -0.04211747646331787,
      -0.04494822025299072,
      0.7922305464744568,
      0.6085641980171204
    ],
    "userAcceleration" : [
      -0.018458954989910126,
      -0.029470443725585938,
      0.04850560426712036
    ]
  },
  {
    "gravity" : [
      0.046281423419713974,
      -0.7924593687057495,
      -0.6081662178039551
    ],
    "timestamp" : 235226429919,
    "rotationMatrix" : [
      0.09362412989139557,
      -0.602697491645813,
      0.7924582958221436,
      0.9945312738418579,
      0.09361514449119568,
      -0.04629957675933838,
      -0.046281397342681885,
      0.7924593687057495,
      0.6081662178039551
    ],
    "userAcceleration" : [
      -0.010377436876296997,
      -0.018682539463043213,
      0.0586666464805603
    ]
  },
  {
    "gravity" : [
      0.04736388102173805,
      -0.7923694849014282,
      -0.6082000136375427
    ],
    "timestamp" : 235226439937,
    "rotationMatrix" : [
      0.09982725977897644,
      -0.6020801067352295,
      0.7921704649925232,
      0.9938768148422241,
      0.09823521971702576,
      -0.05058318376541138,
      -0.047363877296447754,
      0.7923694849014282,
      0.6082000136375427
    ],
    "userAcceleration" : [
      0.008483342826366425,
      -0.001163780689239502,
      0.05870044231414795
    ]
  },
  {
    "gravity" : [
      0.0479828380048275,
      -0.7921286821365356,
      -0.6084650158882141
    ],
    "timestamp" : 235226449956,
    "rotationMatrix" : [
      0.10589820146560669,
      -0.6016989946365356,
      0.7916714549064636,
      0.9932185411453247,
      0.10242202877998352,
      -0.055013686418533325,
      -0.04798281192779541,
      0.7921286821365356,
      0.6084650754928589
    ],
    "userAcceleration" : [
      0.028189092874526978,
      0.020568132400512695,
      0.052541494369506836
    ]
  },
  {
    "gravity" : [
      0.04803645610809326,
      -0.7919477820396423,
      -0.6086963415145874
    ],
    "timestamp" : 235226459975,
    "rotationMatrix" : [
      0.11215433478355408,
      -0.6012696623802185,
      0.7911360859870911,
      0.9925290942192078,
      0.10627129673957825,
      -0.05993753671646118,
      -0.04803645610809326,
      0.7919477820396423,
      0.6086963415145874
    ],
    "userAcceleration" : [
      0.041685279458761215,
      0.03523397445678711,
      0.021080374717712402
    ]
  },
  {
    "gravity" : [
      0.04757651686668396,
      -0.7919562458992004,
      -0.6087213754653931
    ],
    "timestamp" : 235226469994,
    "rotationMatrix" : [
      0.1184074878692627,
      -0.6006428003311157,
      0.7907006740570068,
      0.9918245077133179,
      0.10969601571559906,
      -0.0651969313621521,
      -0.04757651686668396,
      0.7919562458992004,
      0.6087213754653931
    ],
    "userAcceleration" : [
      0.015320263803005219,
      0.02221149206161499,
      0.0025964975357055664
    ]
  },
  {
    "gravity" : [
      0.04675262048840523,
      -0.7922014594078064,
      -0.6084660887718201
    ],
    "timestamp" : 235226480012,
    "rotationMatrix" : [
      0.12476798892021179,
      -0.5997305512428284,
      0.7904150485992432,
      0.9910836815834045,
      0.11287112534046173,
      -0.07080227136611938,
      -0.046752601861953735,
      0.7922013998031616,
      0.6084660887718201
    ],
    "userAcceleration" : [
      0.01614416390657425,
      0.022456645965576172,
      0.002341151237487793
    ]
  },
  {
    "gravity" : [
      0.04582587629556656,
      -0.7926279902458191,
      -0.6079809069633484
    ],
    "timestamp" : 235226490031,
    "rotationMatrix" : [
      0.13108700513839722,
      -0.5985857844352722,
      0.7902601957321167,
      0.9903110861778259,
      0.1159127801656723,
      -0.07647243142127991,
      -0.04582586884498596,
      0.7926280498504639,
      0.6079809069633484
    ],
    "userAcceleration" : [
      0.017070908099412918,
      0.022883236408233643,
      0.0018560290336608887
    ]
  },
  {
    "gravity" : [
      0.04481149837374687,
      -0.7930693626403809,
      -0.6074808239936829
    ],
    "timestamp" : 235226500050,
    "rotationMatrix" : [
      0.13780343532562256,
      -0.5973713397979736,
      0.7900365591049194,
      0.9894453287124634,
      0.1191156655550003,
      -0.08251860737800598,
      -0.044811517000198364,
      0.7930693626403809,
      0.6074808239936829
    ],
    "userAcceleration" : [
      0.007999226450920105,
      0.0029082894325256348,
      0.003934621810913086
    ]
  },
  {
    "gravity" : [
      0.04359867423772812,
      -0.793306827545166,
      -0.6072589755058289
    ],
    "timestamp" : 235226510069,
    "rotationMatrix" : [
      0.14448657631874084,
      -0.5964397192001343,
      0.7895462512969971,
      0.9885457754135132,
      0.12216393649578094,
      -0.08861824870109558,
      -0.043598681688308716,
      0.793306827545166,
      0.6072589755058289
    ],
    "userAcceleration" : [
      0.010859999805688858,
      -0.010724484920501709,
      0.017659306526184082
    ]
  },
  {
    "gravity" : [
      0.04205205291509628,
      -0.793289303779602,
      -0.6073908805847168
    ],
    "timestamp" : 235226520087,
    "rotationMatrix" : [
      0.15126203000545502,
      -0.5958660840988159,
      0.7887098789215088,
      0.9875987768173218,
      0.12504208087921143,
      -0.09493711590766907,
      -0.04205206036567688,
      0.793289303779602,
      0.6073908805847168
    ],
    "userAcceleration" : [
      0.023286134004592896,
      -0.010009527206420898,
      0.018050670623779297
    ]
  },
  {
    "gravity" : [
      0.04005061089992523,
      -0.7932054400444031,
      -0.6076356768608093
    ],
    "timestamp" : 235226530106,
    "rotationMatrix" : [
      0.15781645476818085,
      -0.5954688787460327,
      0.7877250909805298,
      0.9866559505462646,
      0.12744377553462982,
      -0.10133194923400879,
      -0.04005059599876404,
      0.7932054400444031,
      0.6076356172561646
    ],
    "userAcceleration" : [
      0.043613385409116745,
      0.007957696914672852,
      -0.0012511014938354492
    ]
  },
  {
    "gravity" : [
      0.03795434534549713,
      -0.7933194041252136,
      -0.6076213717460632
    ],
    "timestamp" : 235226540125,
    "rotationMatrix" : [
      0.16416360437870026,
      -0.5948479175567627,
      0.7868965864181519,
      0.985702633857727,
      0.12961548566818237,
      -0.10765707492828369,
      -0.037954360246658325,
      0.7933194041252136,
      0.6076213717460632
    ],
    "userAcceleration" : [
      0.052225153893232346,
      0.009368658065795898,
      -0.04206740856170654
    ]
  },
  {
    "gravity" : [
      0.03620833158493042,
      -0.793807864189148,
      -0.6070897579193115
    ],
    "timestamp" : 235226550144,
    "rotationMatrix" : [
      0.16997966170310974,
      -0.5937439203262329,
      0.7864954471588135,
      0.9847820997238159,
      0.13167062401771545,
      -0.11343267560005188,
      -0.03620836138725281,
      0.793807864189148,
      0.6070897579193115
    ],
    "userAcceleration" : [
      0.035294413566589355,
      0.004974365234375,
      -0.08239388465881348
    ]
  },
  {
    "gravity" : [
      0.03507884219288826,
      -0.7947489619255066,
      -0.6059236526489258
    ],
    "timestamp" : 235226560163,
    "rotationMatrix" : [
      0.17510390281677246,
      -0.5920300483703613,
      0.7866631746292114,
      0.9839247465133667,
      0.1336948573589325,
      -0.1183958649635315,
      -0.035078853368759155,
      0.7947489619255066,
      0.6059236526489258
    ],
    "userAcceleration" : [
      0.01796076074242592,
      -0.0026599764823913574,
      -0.10032939910888672
    ]
  },
  {
    "gravity" : [
      0.03455192223191261,
      -0.7960609793663025,
      -0.604229211807251
    ],
    "timestamp" : 235226570181,
    "rotationMatrix" : [
      0.17943747341632843,
      -0.5898239612579346,
      0.7873433828353882,
      0.9831622838973999,
      0.1356256604194641,
      -0.12246349453926086,
      -0.0345519483089447,
      0.7960609197616577,
      0.604229211807251
    ],
    "userAcceleration" : [
      0.0060822851955890656,
      -0.014562070369720459,
      -0.09204453229904175
    ]
  },
  {
    "gravity" : [
      0.034459371119737625,
      -0.7975279092788696,
      -0.6022970676422119
    ],
    "timestamp" : 235226580200,
    "rotationMatrix" : [
      0.18366312980651855,
      -0.5873376131057739,
      0.7882274389266968,
      0.9823850393295288,
      0.13778162002563477,
      -0.126237154006958,
      -0.03445938229560852,
      0.7975279092788696,
      0.6022970676422119
    ],
    "userAcceleration" : [
      0.03396109491586685,
      -0.007525742053985596,
      0.037431955337524414
    ]
  },
  {
    "gravity" : [
      0.03449235484004021,
      -0.7988443970680237,
      -0.6005480885505676
    ],
    "timestamp" : 235226590219,
    "rotationMatrix" : [
      0.1876385658979416,
      -0.5850433111190796,
      0.7889969348907471,
      0.9816323518753052,
      0.1399003267288208,
      -0.12971454858779907,
      -0.0344923734664917,
      0.7988443970680237,
      0.6005480885505676
    ],
    "userAcceleration" : [
      0.03392811492085457,
      -0.006209254264831543,
      0.03568291664123535
    ]
  },
  {
    "gravity" : [
      0.03435327112674713,
      -0.799782931804657,
      -0.5993054509162903
    ],
    "timestamp" : 235226600238,
    "rotationMatrix" : [
      0.1917077600955963,
      -0.5832502841949463,
      0.7893460988998413,
      0.9808506965637207,
      0.14200811088085175,
      -0.13328808546066284,
      -0.03435325622558594,
      0.7997829914093018,
      0.5993054509162903
    ],
    "userAcceleration" : [
      0.034067194908857346,
      -0.005270719528198242,
      0.03444033861160278
    ]
  },
  {
    "gravity" : [
      0.033767685294151306,
      -0.8003294467926025,
      -0.5986088514328003
    ],
    "timestamp" : 235226610256,
    "rotationMatrix" : [
      0.19585806131362915,
      -0.582037627696991,
      0.7892223596572876,
      0.9800507426261902,
      0.1438925564289093,
      -0.13709697127342224,
      -0.03376767039299011,
      0.8003294467926025,
      0.5986088514328003
    ],
    "userAcceleration" : [
      0.04345710203051567,
      -0.00246584415435791,
      0.06281167268753052
    ]
  },
  {
    "gravity" : [
      0.03263509273529053,
      -0.8005357980728149,
      -0.598395586013794
    ],
    "timestamp" : 235226620275,
    "rotationMatrix" : [
      0.20076081156730652,
      -0.5812609791755676,
      0.7885623574256897,
      0.9790964722633362,
      0.14586925506591797,
      -0.14174658060073853,
      -0.03263509273529053,
      0.8005357980728149,
      0.598395586013794
    ],
    "userAcceleration" : [
      0.04333847016096115,
      -0.011246919631958008,
      0.07157063484191895
    ]
  },
  {
    "gravity" : [
      0.031241856515407562,
      -0.8005819916725159,
      -0.5984081029891968
    ],
    "timestamp" : 235226630294,
    "rotationMatrix" : [
      0.20632216334342957,
      -0.580640435218811,
      0.7875833511352539,
      0.9779850244522095,
      0.14807051420211792,
      -0.1470373570919037,
      -0.03124186396598816,
      0.8005819320678711,
      0.5984081029891968
    ],
    "userAcceleration" : [
      0.032051652669906616,
      -0.01924210786819458,
      0.05627864599227905
    ]
  },
  {
    "gravity" : [
      0.029858749359846115,
      -0.8006383776664734,
      -0.5984034538269043
    ],
    "timestamp" : 235226640313,
    "rotationMatrix" : [
      0.21243281662464142,
      -0.5799108743667603,
      0.7864958047866821,
      0.9767193794250488,
      0.15060430765151978,
      -0.15276643633842468,
      -0.02985873818397522,
      0.8006383180618286,
      0.5984034538269043
    ],
    "userAcceleration" : [
      0.010195627808570862,
      -0.02370244264602661,
      0.027541637420654297
    ]
  },
  {
    "gravity" : [
      0.02869364619255066,
      -0.8007968664169312,
      -0.5982484221458435
    ],
    "timestamp" : 235226650332,
    "rotationMatrix" : [
      0.22030121088027954,
      -0.578712522983551,
      0.7852128744125366,
      0.9750098586082458,
      0.1543254554271698,
      -0.15981116890907288,
      -0.028693675994873047,
      0.8007968664169312,
      0.5982483625411987
    ],
    "userAcceleration" : [
      0.0021444223821163177,
      -0.019881784915924072,
      -0.0018035173416137695
    ]
  },
  {
    "gravity" : [
      0.02780994214117527,
      -0.8012005090713501,
      -0.5977493524551392
    ],
    "timestamp" : 235226660350,
    "rotationMatrix" : [
      0.22690138220787048,
      -0.5773120522499084,
      0.7843637466430664,
      0.9735205769538879,
      0.15744329988956451,
      -0.16573840379714966,
      -0.027809947729110718,
      0.8012005090713501,
      0.5977493524551392
    ],
    "userAcceleration" : [
      0.0017311275005340576,
      -0.0073168277740478516,
      -0.02282559871673584
    ]
  },
  {
    "gravity" : [
      0.027063818648457527,
      -0.8019934892654419,
      -0.5967193841934204
    ],
    "timestamp" : 235226670369,
    "rotationMatrix" : [
      0.23259462416172028,
      -0.5755020380020142,
      0.7840263843536377,
      0.9721971750259399,
      0.16001245379447937,
      -0.1709640920162201,
      -0.027063816785812378,
      0.8019934892654419,
      0.5967193841934204
    ],
    "userAcceleration" : [
      0.00948103703558445,
      0.00122755765914917,
      -0.02854001522064209
    ]
  },
  {
    "gravity" : [
      0.026453806087374687,
      -0.8031231760978699,
      -0.5952255129814148
    ],
    "timestamp" : 235226680388,
    "rotationMatrix" : [
      0.23826056718826294,
      -0.5732084512710571,
      0.7840051651000977,
      0.9708409309387207,
      0.1625586599111557,
      -0.1761890947818756,
      -0.026453793048858643,
      0.8031232357025146,
