[
  {
    "gravity" : [
      0.0701170265674591,
      -0.9896957278251648,
      0.12484364211559296
    ],
    "timestamp" : 235276089850,
    "rotationMatrix" : [
      0.9709553122520447,
      0.03901202231645584,
      -0.2360590398311615,
      -0.22875624895095825,
      -0.13776931166648865,
      -0.9636856913566589,
      -0.07011701911687851,
      0.9896957278251648,
      -0.12484358996152878
    ],
    "userAcceleration" : [
      0.0334443524479866,
      0.00553441047668457,
      -0.03670907020568848
    ]
  },
  {
    "gravity" : [
      0.06935229152441025,
      -0.989994466304779,
      0.12288692593574524
    ],
    "timestamp" : 235276099870,
    "rotationMatrix" : [
      0.9726527333259583,
      0.0397317111492157,
      -0.2288406491279602,
      -0.22166845202445984,
      -0.13539689779281616,
      -0.9656763076782227,
      -0.06935230642557144,
      0.9899944067001343,
      -0.12288688868284225
    ],
    "userAcceleration" : [
      0.012862041592597961,
      0.0011028647422790527,
      -0.03633926808834076
    ]
  },
  {
    "gravity" : [
      0.06828144937753677,
      -0.9902463555335999,
      0.1214483231306076
    ],
    "timestamp" : 235276109890,
    "rotationMatrix" : [
      0.9743192791938782,
      0.040006592869758606,
      -0.22158831357955933,
      -0.21456827223300934,
      -0.13345986604690552,
      -0.9675478339195251,
      -0.06828144937753677,
      0.9902463555335999,
      -0.12144837528467178
    ],
    "userAcceleration" : [
      0.01927347481250763,
      0.009411454200744629,
      -0.013904571533203125
    ]
  },
  {
    "gravity" : [
      0.06697589159011841,
      -0.9904704689979553,
      0.12034284323453903
    ],
    "timestamp" : 235276119909,
    "rotationMatrix" : [
      0.9758824110031128,
      0.03991331905126572,
      -0.21461695432662964,
      -0.20776847004890442,
      -0.13181455433368683,
      -0.9692559242248535,
      -0.06697589159011841,
      0.9904704093933105,
      -0.12034276872873306
    ],
    "userAcceleration" : [
      0.023874931037425995,
      0.0035015344619750977,
      0.00577092170715332
    ]
  },
  {
    "gravity" : [
      0.06557425856590271,
      -0.9906941056251526,
      0.11926904320716858
    ],
    "timestamp" : 235276129929,
    "rotationMatrix" : [
      0.9773527979850769,
      0.03966637700796127,
      -0.20786553621292114,
      -0.2012001872062683,
      -0.13019847869873047,
      -0.9708586931228638,
      -0.06557425856590271,
      0.9906940460205078,
      -0.11926895380020142
    ],
    "userAcceleration" : [
      0.0202411487698555,
      0.0022298097610473633,
      0.015816807746887207
    ]
  },
  {
    "gravity" : [
      0.06411474943161011,
      -0.9909491539001465,
      0.11793617159128189
    ],
    "timestamp" : 235276139948,
    "rotationMatrix" : [
      0.9788160920143127,
      0.03941863775253296,
      -0.20091095566749573,
      -0.19444367289543152,
      -0.1283191740512848,
      -0.9724843502044678,
      -0.06411474943161011,
      0.9909491539001465,
      -0.1179361641407013
    ],
    "userAcceleration" : [
      0.017763882875442505,
      0.00866466760635376,
      0.008421659469604492
    ]
  },
  {
    "gravity" : [
      0.06264346837997437,
      -0.9912444353103638,
      0.11623317003250122
    ],
    "timestamp" : 235276149968,
    "rotationMatrix" : [
      0.9803273677825928,
      0.03927168995141983,
      -0.1934322714805603,
      -0.187173992395401,
      -0.12606380879878998,
      -0.9742041230201721,
      -0.06264347583055496,
      0.991244375705719,
      -0.11623315513134003
    ],
    "userAcceleration" : [
      0.011788897216320038,
      0.012988269329071045,
      -0.0005869865417480469
    ]
  },
  {
    "gravity" : [
      0.06112729012966156,
      -0.991565465927124,
      0.11428634077310562
    ],
    "timestamp" : 235276159987,
    "rotationMatrix" : [
      0.9818481206893921,
      0.039137765765190125,
      -0.18558697402477264,
      -0.1795487254858017,
      -0.12355630099773407,
      -0.975959062576294,
      -0.06112729385495186,
      0.991565465927124,
      -0.1142863854765892
    ],
    "userAcceleration" : [
      0.018645640462636948,
      0.005496799945831299,
      -0.0052165985107421875
    ]
  },
  {
    "gravity" : [
      0.0594756081700325,
      -0.991879403591156,
      0.11241726577281952
    ],
    "timestamp" : 235276170007,
    "rotationMatrix" : [
      0.9833319783210754,
      0.03883156180381775,
      -0.17762401700019836,
      -0.17181628942489624,
      -0.12110786139965057,
      -0.9776563048362732,
      -0.0594756081700325,
      0.991879403591156,
      -0.11241734027862549
    ],
    "userAcceleration" : [
      0.025256440043449402,
      -0.00035375356674194336,
      -0.020345814526081085
    ]
  },
  {
    "gravity" : [
      0.05761190503835678,
      -0.9921636581420898,
      0.110867939889431
    ],
    "timestamp" : 235276180026,
    "rotationMatrix" : [
      0.9847804307937622,
      0.03823760151863098,
      -0.16954471170902252,
      -0.16397680342197418,
      -0.11894837766885757,
      -0.9792662858963013,
      -0.05761190876364708,
      0.9921636581420898,
      -0.1108679473400116
    ],
    "userAcceleration" : [
      0.019246593117713928,
      0.0018532276153564453,
      -0.03373493254184723
    ]
  },
  {
    "gravity" : [
      0.055511679500341415,
      -0.9924249053001404,
      0.10959484428167343
    ],
    "timestamp" : 235276190046,
    "rotationMatrix" : [
      0.986214280128479,
      0.03736273571848869,
      -0.16119983792304993,
      -0.15588396787643433,
      -0.11703242361545563,
      -0.9808176755905151,
      -0.05551167577505112,
      0.9924248456954956,
      -0.10959479212760925
    ],
    "userAcceleration" : [
      0.006927274167537689,
      -0.0009526610374450684,
      -0.03237021714448929
    ]
  },
  {
    "gravity" : [
      0.053341012448072433,
      -0.9926792979240417,
      0.10836193710565567
    ],
    "timestamp" : 235276200065,
    "rotationMatrix" : [
      0.9876107573509216,
      0.03640604391694069,
      -0.1526421755552292,
      -0.14757971465587616,
      -0.11516150832176208,
      -0.9823226928710938,
      -0.05334100499749184,
      0.9926793575286865,
      -0.10836195200681686
    ],
    "userAcceleration" : [
      -0.005977753549814224,
      -0.012294948101043701,
      -0.009210474789142609
    ]
  },
  {
    "gravity" : [
      0.051366012543439865,
      -0.9929475784301758,
      0.10684741288423538
    ],
    "timestamp" : 235276210085,
    "rotationMatrix" : [
      0.9889451861381531,
      0.03567151352763176,
      -0.14392675459384918,
      -0.1391003131866455,
      -0.11305918544530869,
      -0.9838029742240906,
      -0.05136601999402046,
      0.992947518825531,
      -0.10684742033481598
    ],
    "userAcceleration" : [
      -0.009999468922615051,
      -0.028048396110534668,
      0.014139287173748016
    ]
  },
  {
    "gravity" : [
      0.04982301965355873,
      -0.993248462677002,
      0.1047629714012146
    ],
    "timestamp" : 235276220104,
    "rotationMatrix" : [
      0.9901906251907349,
      0.035413555800914764,
      -0.13516077399253845,
      -0.1305381953716278,
      -0.11046936362981796,
      -0.9852697253227234,
      -0.04982301965355873,
      0.9932485222816467,
      -0.10476290434598923
    ],
    "userAcceleration" : [
      -0.009265158325433731,
      -0.03931385278701782,
      0.03451909124851227
    ]
  },
  {
    "gravity" : [
      0.0489504300057888,
      -0.9935869574546814,
      0.10192538797855377
    ],
    "timestamp" : 235276230124,
    "rotationMatrix" : [
      0.9913264513015747,
      0.03586915135383606,
      -0.12643302977085114,
      -0.12196622788906097,
      -0.1072302982211113,
      -0.986724853515625,
      -0.0489504337310791,
      0.9935870170593262,
      -0.10192540287971497
    ],
    "userAcceleration" : [
      -0.009689588099718094,
      -0.03921937942504883,
      0.02228093147277832
    ]
  },
  {
    "gravity" : [
      0.04885094240307808,
      -0.9939549565315247,
      0.09832216054201126
    ],
    "timestamp" : 235276240144,
    "rotationMatrix" : [
      0.9923546314239502,
      0.037129245698451996,
      -0.11770151555538177,
      -0.1133393719792366,
      -0.10332030057907104,
      -0.9881696105003357,
      -0.04885093867778778,
      0.9939549565315247,
      -0.09832218289375305
    ],
    "userAcceleration" : [
      -0.009590089321136475,
      -0.03885149955749512,
      0.02588428556919098
    ]
  },
  {
    "gravity" : [
      0.04934202507138252,
      -0.9943315982818604,
      0.09417971968650818
    ],
    "timestamp" : 235276250163,
    "rotationMatrix" : [
      0.9932878613471985,
      0.03897515684366226,
      -0.10890448093414307,
      -0.10461650043725967,
      -0.09892114996910095,
      -0.9895806312561035,
      -0.04934202507138252,
      0.9943315982818604,
      -0.09417973458766937
    ],
    "userAcceleration" : [
      -0.0031384453177452087,
      -0.014243721961975098,
      -0.005327947437763214
    ]
  },
  {
    "gravity" : [
      0.05013728514313698,
      -0.9946885108947754,
      0.08989322185516357
    ],
    "timestamp" : 235276260183,
    "rotationMatrix" : [
      0.9941478967666626,
      0.04108065366744995,
      -0.09991185367107391,
      -0.09568829834461212,
      -0.09437640756368637,
      -0.9909271001815796,
      -0.05013728514313698,
      0.9946885108947754,
      -0.0898931622505188
    ],
    "userAcceleration" : [
      0.004107687622308731,
      0.011564850807189941,
      -0.03989029675722122
    ]
  },
  {
    "gravity" : [
      0.050989482551813126,
      -0.9950137734413147,
      0.085716113448143
    ],
    "timestamp" : 235276270202,
    "rotationMatrix" : [
      0.9949516654014587,
      0.0431823693215847,
      -0.09058962017297745,
      -0.08643649518489838,
      -0.08990255743265152,
      -0.9921924471855164,
      -0.050989486277103424,
      0.9950137734413147,
      -0.08571615815162659
    ],
    "userAcceleration" : [
      0.01614917442202568,
      0.03425955772399902,
      -0.04944611340761185
    ]
  },
  {
    "gravity" : [
      0.05171406641602516,
      -0.9953152537345886,
      0.08168729394674301
    ],
    "timestamp" : 235276280222,
    "rotationMatrix" : [
      0.995688796043396,
      0.04508024826645851,
      -0.08106562495231628,
      -0.0770033746957779,
      -0.08552742004394531,
      -0.9933554530143738,
      -0.05171406641602516,
      0.9953152537345886,
      -0.08168735355138779
    ],
    "userAcceleration" : [
      0.03501686081290245,
      0.04098498821258545,
      -0.041541583836078644
    ]
  },
  {
    "gravity" : [
      0.05225243419408798,
      -0.9955990314483643,
      0.07779578119516373
    ],
    "timestamp" : 235276290241,
    "rotationMatrix" : [
      0.9963465929031372,
      0.046704743057489395,
      -0.07149925082921982,
      -0.0675511583685875,
      -0.08124761283397675,
      -0.9944021701812744,
      -0.05225243791937828,
      0.9955990314483643,
      -0.07779582589864731
    ],
    "userAcceleration" : [
      0.04519017040729523,
      0.04816561937332153,
      -0.030798912048339844
    ]
  },
  {
    "gravity" : [
      0.052631925791502,
      -0.9958702325820923,
      0.0739736407995224
    ],
    "timestamp" : 235276300261,
    "rotationMatrix" : [
      0.9969098567962646,
      0.04807201772928238,
      -0.06212731823325157,
      -0.05831468850374222,
      -0.07701493054628372,
      -0.9953230023384094,
      -0.052631925791502,
      0.9958702921867371,
      -0.0739736407995224
    ],
    "userAcceleration" : [
      0.048640649765729904,
      0.051748037338256836,
      -0.013991482555866241
    ]
  },
  {
    "gravity" : [
      0.05295195430517197,
      -0.996137797832489,
      0.07003917545080185
    ],
    "timestamp" : 235276310280,
    "rotationMatrix" : [
      0.9973771572113037,
      0.049291204661130905,
      -0.0530022531747818,
      -0.0493452362716198,
      -0.07266202569007874,
      -0.9961351156234741,
      -0.05295195430517197,
      0.9961377382278442,
      -0.07003915309906006
    ],
    "userAcceleration" : [
      0.02863677218556404,
      0.03477311134338379,
      0.0013108253479003906
    ]
  },
  {
    "gravity" : [
      0.05294128134846687,
      -0.9964208006858826,
      0.06590047478675842
    ],
    "timestamp" : 235276320300,
    "rotationMatrix" : [
      0.9977658987045288,
      0.050088949501514435,
      -0.044208113104104996,
      -0.040748998522758484,
      -0.06809360533952713,
      -0.9968464374542236,
      -0.05294128134846687,
      0.9964207410812378,
      -0.06590040028095245
    ],
    "userAcceleration" : [
      0.03382018581032753,
      0.03565108776092529,
      0.008028276264667511
    ]
  },
  {
    "gravity" : [
      0.05254044756293297,
      -0.9966877102851868,
      0.06207527592778206
    ],
    "timestamp" : 235276330319,
    "rotationMatrix" : [
      0.9980751872062683,
      0.050359465181827545,
      -0.036192577332258224,
      -0.0329466238617897,
      -0.0638573169708252,
      -0.9974151253700256,
      -0.05254044756293297,
      0.9966877102851868,
      -0.06207522749900818
    ],
    "userAcceleration" : [
      0.03583846613764763,
      0.018187284469604492,
      -0.00636553019285202
    ]
  },
  {
    "gravity" : [
      0.05183270573616028,
      -0.9969311356544495,
      0.058664556592702866
    ],
    "timestamp" : 235276340339,
    "rotationMatrix" : [
      0.9983113408088684,
      0.050182685256004333,
      -0.0292594563215971,
      -0.02622571587562561,
      -0.06008210405707359,
      -0.9978488683700562,
      -0.05183270573616028,
      0.9969311952590942,
      -0.05866457149386406
    ],
    "userAcceleration" : [
      0.02223345637321472,
      0.012785136699676514,
      -0.021341681480407715
    ]
  },
  {
    "gravity" : [
      0.05066241696476936,
      -0.9971737265586853,
      0.05547826364636421
    ],
    "timestamp" : 235276350358,
    "rotationMatrix" : [
      0.9985084533691406,
      0.049441736191511154,
      -0.023159537464380264,
      -0.020351145416498184,
      -0.05656887963414192,
      -0.998191237449646,
      -0.05066241696476936,
      0.9971736669540405,
      -0.055478308349847794
    ],
    "userAcceleration" : [
      0.023403748869895935,
      0.013027667999267578,
      -0.018155455589294434
    ]
  },
  {
    "gravity" : [
      0.049201175570487976,
      -0.9974098801612854,
      0.052466362714767456
    ],
    "timestamp" : 235276360378,
    "rotationMatrix" : [
      0.998680055141449,
      0.04835239797830582,
      -0.017326660454273224,
      -0.01474490575492382,
      -0.053249649703502655,
      -0.9984723925590515,
      -0.049201175570487976,
      0.9974098801612854,
      -0.052466411143541336
    ],
    "userAcceleration" : [
      -0.007926162332296371,
      0.009357571601867676,
      -0.043509602546691895
    ]
  },
  {
    "gravity" : [
      0.047769930213689804,
      -0.9976351261138916,
      0.04941863566637039
    ],
    "timestamp" : 235276370398,
    "rotationMatrix" : [
      0.9988181591033936,
      0.04726552590727806,
      -0.011326201260089874,
      -0.00896361842751503,
      -0.04990129917860031,
      -0.9987139701843262,
      -0.047769930213689804,
      0.9976351261138916,
      -0.049418650567531586
    ],
    "userAcceleration" : [
      -0.030268095433712006,
      -0.0039212703704833984,
      -0.055049292743206024
    ]
  },
  {
    "gravity" : [
      0.046606361865997314,
      -0.9978455901145935,
      0.04617409408092499
    ],
    "timestamp" : 235276380417,
    "rotationMatrix" : [
      0.9989098906517029,
      0.04643518105149269,
      -0.00477360375225544,
      -0.0026192180812358856,
      -0.04634621739387512,
      -0.9989221096038818,
      -0.046606361865997314,
      0.9978456497192383,
      -0.0461740717291832
    ],
    "userAcceleration" : [
      -0.03523857891559601,
      -0.01864910125732422,
      -0.06726181507110596
    ]
  },
  {
    "gravity" : [
      0.04588910937309265,
      -0.9980340600013733,
      0.04268522188067436
    ],
    "timestamp" : 235276390437,
    "rotationMatrix" : [
      0.998935878276825,
      0.046043992042541504,
      0.0026520173996686935,
      0.004612205550074577,
      -0.042518049478530884,
      -0.999085009098053,
      -0.04588910937309265,
      0.9980340600013733,
      -0.042685169726610184
    ],
    "userAcceleration" : [
      -0.03014204651117325,
      -0.023618042469024658,
      -0.07604110240936279
    ]
  },
  {
    "gravity" : [
      0.04560701549053192,
      -0.9981981515884399,
      0.038989149034023285
    ],
    "timestamp" : 235276400456,
    "rotationMatrix" : [
      0.9988794326782227,
      0.04606258496642113,
      0.010866587981581688,
      0.012642957270145416,
      -0.038449883460998535,
      -0.9991803765296936,
      -0.04560701549053192,
      0.9981980919837952,
      -0.03898916766047478
    ],
    "userAcceleration" : [
      -0.009565778076648712,
      -0.024720370769500732,
      -0.06808781623840332
    ]
  },
  {
    "gravity" : [
      0.04560030996799469,
      -0.9983357191085815,
      0.03529858589172363
    ],
    "timestamp" : 235276410476,
    "rotationMatrix" : [
      0.9987398386001587,
      0.04630323871970177,
      0.019358661025762558,
      0.020960893481969833,
      -0.03437130153179169,
      -0.9991890788078308,
      -0.04560031369328499,
      0.9983356595039368,
      -0.03529854491353035
    ],
    "userAcceleration" : [
      0.01456507295370102,
      -0.014710307121276855,
      -0.05681360140442848
    ]
  },
  {
    "gravity" : [
      0.04554600268602371,
      -0.998458206653595,
      0.031731341034173965
    ],
    "timestamp" : 235276420495,
    "rotationMatrix" : [
      0.9985372424125671,
      0.046430110931396484,
      0.027705851942300797,
      0.02913641929626465,
      -0.03042302094399929,
      -0.9991123676300049,
      -0.04554600641131401,
      0.9984581470489502,
      -0.03173132613301277
    ],
    "userAcceleration" : [
      0.038133181631565094,
      0.005477190017700195,
      -0.05274283513426781
    ]
  },
  {
    "gravity" : [
      0.0451158806681633,
      -0.9985781908035278,
      0.028389478102326393
    ],
    "timestamp" : 235276430515,
    "rotationMatrix" : [
      0.9982936978340149,
      0.04612116888165474,
      0.03581243008375168,
      0.037070874124765396,
      -0.026725387200713158,
      -0.9989551305770874,
      -0.0451158806681633,
      0.9985781908035278,
      -0.02838953770697117
    ],
    "userAcceleration" : [
      0.0437055267393589,
      0.009991884231567383,
      -0.0656667947769165
    ]
  },
  {
    "gravity" : [
      0.04434175789356232,
      -0.9986852407455444,
      0.025714505463838577
    ],
    "timestamp" : 235276440534,
    "rotationMatrix" : [
      0.9980185627937317,
      0.04543295130133629,
      0.04352869838476181,
      0.044639769941568375,
      -0.02373342029750347,
      -0.9987210035324097,
      -0.04434175789356232,
      0.9986852407455444,
      -0.025714511051774025
    ],
    "userAcceleration" : [
      0.04447966068983078,
      0.01009899377822876,
      -0.06299185752868652
    ]
  },
  {
    "gravity" : [
      0.04325694218277931,
      -0.9987813830375671,
      0.023755762726068497
    ],
    "timestamp" : 235276450554,
    "rotationMatrix" : [
      0.9977172017097473,
      0.04442065581679344,
      0.05086442455649376,
      0.05185769870877266,
      -0.02150128036737442,
      -0.9984228610992432,
      -0.04325694218277931,
      0.9987813234329224,
      -0.0237557515501976
    ],
    "userAcceleration" : [
      0.03157215192914009,
      0.01964026689529419,
      -0.049268607050180435
    ]
  },
  {
    "gravity" : [
      0.04185255244374275,
      -0.9988803863525391,
      0.022046547383069992
    ],
    "timestamp" : 235276460573,
    "rotationMatrix" : [
      0.9973918199539185,
      0.043068546801805496,
      0.05791986733675003,
      0.05880454555153847,
      -0.019564872607588768,
      -0.9980776309967041,
      -0.04185255616903305,
      0.9988803863525391,
      -0.022046469151973724
    ],
    "userAcceleration" : [
      0.03207627311348915,
      0.017160534858703613,
      -0.010770441964268684
    ]
  },
  {
    "gravity" : [
      0.040337760001420975,
      -0.9989840984344482,
      0.02008679136633873
    ],
    "timestamp" : 235276470593,
    "rotationMatrix" : [
      0.997042179107666,
      0.04155930504202843,
      0.06465108692646027,
      0.06542021036148071,
      -0.017419535666704178,
      -0.9977056384086609,
      -0.040337760001420975,
      0.9989840388298035,
      -0.020086830481886864
    ],
    "userAcceleration" : [
      0.03093603625893593,
      0.003882288932800293,
      0.02713906578719616
    ]
  },
  {
    "gravity" : [
      0.03904913738369942,
      -0.99908447265625,
      0.017469417303800583
    ],
    "timestamp" : 235276480613,
    "rotationMatrix" : [
      0.9966795444488525,
      0.04019332677125931,
      0.07081229239702225,
      0.0714496299624443,
      -0.014646265655755997,
      -0.9973365664482117,
      -0.03904913365840912,
      0.9990844130516052,
      -0.017469432204961777
    ],
    "userAcceleration" : [
      0.03162957355380058,
      -0.00788867473602295,
      0.05703914165496826
    ]
  },
  {
    "gravity" : [
      0.03817540407180786,
      -0.9991738796234131,
      0.013918948359787464
    ],
    "timestamp" : 235276490632,
    "rotationMatrix" : [
      0.996313750743866,
      0.0391295850276947,
      0.07634004950523376,
      0.07682165503501892,
      -0.01095337513834238,
      -0.9969845414161682,
      -0.03817540779709816,
      0.9991739392280579,
      -0.013918997719883919
    ],
    "userAcceleration" : [
      0.026048831641674042,
      -0.013811051845550537,
      0.05535578355193138
    ]
  },
  {
    "gravity" : [
      0.03771399334073067,
      -0.9992435574531555,
      0.009486849419772625
    ],
    "timestamp" : 235276500652,
    "rotationMatrix" : [
      0.9960317611694336,
      0.038355227559804916,
      0.08030909299850464,
      0.08061221241950989,
      -0.006420418154448271,
      -0.9967249035835266,
      -0.03771399334073067,
      0.9992435574531555,
      -0.009486840106546879
    ],
    "userAcceleration" : [
      0.019704829901456833,
      -0.003915071487426758,
      0.029224514961242676
    ]
  },
  {
    "gravity" : [
      0.03752168267965317,
      -0.9992856979370117,
      0.0044942996464669704
    ],
    "timestamp" : 235276510671,
    "rotationMatrix" : [
      0.9957831501960754,
      0.03776618093252182,
      0.08360420912504196,
      0.08371422439813614,
      -0.0013383524492383003,
      -0.9964888691902161,
      -0.03752168267965317,
      0.9992856383323669,
      -0.004494274966418743
    ],
    "userAcceleration" : [
      0.021758712828159332,
      0.005602896213531494,
      -0.005150556564331055
    ]
  },
  {
    "gravity" : [
      0.03729147091507912,
      -0.9993040561676025,
      -0.000626881665084511
    ],
    "timestamp" : 235276520691,
    "rotationMatrix" : [
      0.9954767227172852,
      0.037093788385391235,
      0.08746500313282013,
      0.08738090097904205,
      0.0038857702165842056,
      -0.9961671829223633,
      -0.03729146718978882,
      0.9993040561676025,
      0.0006269058212637901
    ],
    "userAcceleration" : [
      0.03181557357311249,
      0.0024628043174743652,
      -0.03149300813674927
    ]
  },
  {
    "gravity" : [
      0.03686496987938881,
      -0.9993059635162354,
      -0.005327244754880667
    ],
    "timestamp" : 235276530710,
    "rotationMatrix" : [
      0.9951725602149963,
      0.03622625395655632,
      0.09121009707450867,
      0.09095381200313568,
      0.008664006367325783,
      -0.9958173036575317,
      -0.03686496987938881,
      0.9993059635162354,
      0.005327265709638596
    ],
    "userAcceleration" : [
      0.04124477133154869,
      -0.010200142860412598,
      -0.05067265033721924
    ]
  },
  {
    "gravity" : [
      0.03621799871325493,
      -0.9993003010749817,
      -0.009320572949945927
    ],
    "timestamp" : 235276540730,
    "rotationMatrix" : [
      0.9948872923851013,
      0.03517509251832962,
      0.09466753900051117,
      0.09427347034215927,
      0.012701612897217274,
      -0.9954651594161987,
      -0.03621799871325493,
      0.9993002414703369,
      0.009320596233010292
    ],
    "userAcceleration" : [
      0.032721199095249176,
      -0.032239437103271484,
      -0.05070763826370239
    ]
  },
  {
    "gravity" : [
      0.03545910865068436,
      -0.9992884993553162,
      -0.012836450710892677
    ],
    "timestamp" : 235276550749,
    "rotationMatrix" : [
      0.9944134950637817,
      0.03400249779224396,
      0.09992799907922745,
      0.0994204580783844,
      0.016308093443512917,
      -0.9949117302894592,
      -0.03545910865068436,
      0.9992884993553162,
      0.01283644512295723
    ],
    "userAcceleration" : [
      0.03348008915781975,
      -0.032251179218292236,
      -0.047191739082336426
    ]
  },
  {
    "gravity" : [
      0.03474890813231468,
      -0.9992623925209045,
      -0.016344251111149788
    ],
    "timestamp" : 235276560769,
    "rotationMatrix" : [
      0.9942975044250488,
      0.032917167991399765,
      0.10143442451953888,
      0.1008215993642807,
      0.01977573335170746,
      -0.9947079420089722,
      -0.03474891185760498,
      0.9992624521255493,
      0.01634420081973076
    ],
    "userAcceleration" : [
      0.020838864147663116,
      -0.039464354515075684,
      -0.03144639730453491
    ]
  },
  {
    "gravity" : [
      0.03425834700465202,
      -0.9992091059684753,
      -0.02017831802368164
    ],
    "timestamp" : 235276570788,
    "rotationMatrix" : [
      0.993816614151001,
      0.03192592039704323,
      0.10634486377239227,
      0.10561658442020416,
      0.0236967746168375,
      -0.9941243529319763,
      -0.03425834700465202,
      0.9992091059684753,
      0.02017834410071373
    ],
    "userAcceleration" : [
      0.015622630715370178,
      -0.04894739389419556,
      -0.013848897069692612
    ]
  },
  {
    "gravity" : [
      0.034103553742170334,
      -0.9991204738616943,
      -0.024389522150158882
    ],
    "timestamp" : 235276580808,
    "rotationMatrix" : [
      0.9933105707168579,
      0.03119121864438057,
      0.11118091642856598,
      0.11032241582870483,
      0.028018014505505562,
      -0.9935007095336914,
      -0.03410356119275093,
      0.9991204738616943,
      0.02438949979841709
    ],
    "userAcceleration" : [
      0.017028655856847763,
      -0.04718977212905884,
      -0.011880753561854362
    ]
  },
  {
    "gravity" : [
      0.034134797751903534,
      -0.9989989995956421,
      -0.028906071558594704
    ],
    "timestamp" : 235276590828,
    "rotationMatrix" : [
      0.9927725195884705,
      0.030564025044441223,
      0.11605408042669296,
      0.11505444347858429,
      0.03265859931707382,
      -0.9928221106529236,
      -0.034134797751903534,
      0.9989990592002869,
      0.02890603244304657
    ],
    "userAcceleration" : [
      0.023299265652894974,
      -0.02910757064819336,
      -0.029413161799311638
    ]
  },
  {
    "gravity" : [
      0.03412821143865585,
      -0.9988566637039185,
      -0.03347596898674965
    ],
    "timestamp" : 235276600847,
    "rotationMatrix" : [
      0.9921945929527283,
      0.029842820018529892,
      0.12107570469379425,
      0.11993825435638428,
      0.03734678030014038,
      -0.9920786619186401,
      -0.03412821516394615,
      0.9988566637039185,
      0.033475976437330246
    ],
    "userAcceleration" : [
      0.03098105639219284,
      -0.019148707389831543,
      -0.059770647436380386
    ]
  },
  {
    "gravity" : [
      0.034138213843107224,
      -0.9987030625343323,
      -0.03777078539133072
    ],
    "timestamp" : 235276610867,
    "rotationMatrix" : [
      0.9915413856506348,
      0.029109790921211243,
      0.1264844685792923,
      0.12522093951702118,
      0.04176923632621765,
      -0.991249144077301,
      -0.03413820639252663,
      0.9987030625343323,
      0.037770770490169525
    ],
    "userAcceleration" : [
      0.01143980398774147,
      -0.025436222553253174,
      -0.09232580661773682
    ]
  },
  {
    "gravity" : [
      0.03408774733543396,
      -0.9985532760620117,
      -0.04158199578523636
    ],
    "timestamp" : 235276620886,
    "rotationMatrix" : [
      0.9907705187797546,
      0.028301887214183807,
      0.13256244361400604,
      0.1311938464641571,
      0.04571694880723953,
      -0.9903019070625305,
      -0.03408774733543396,
      0.9985533356666565,
      0.04158196970820427
    ],
    "userAcceleration" : [
      -0.0035091377794742584,
      -0.010754406452178955,
      -0.10346817970275879
    ]
  },
  {
    "gravity" : [
      0.03372525796294212,
      -0.9984374046325684,
      -0.04455523192882538
    ],
    "timestamp" : 235276630906,
    "rotationMatrix" : [
      0.9899492263793945,
      0.027245771139860153,
      0.138774111866951,
      0.13734333217144012,
      0.04878762364387512,
      -0.9893211722373962,
      -0.03372526168823242,
      0.9984373450279236,
      0.04455524682998657
    ],
    "userAcceleration" : [
      0.010082710534334183,
      -0.00891721248626709,
      -0.10363829135894775
    ]
  },
  {
    "gravity" : [
      0.033179715275764465,
      -0.9983628392219543,
      -0.0465879887342453
    ],
    "timestamp" : 235276640925,
    "rotationMatrix" : [
      0.9890735745429993,
      0.026100289076566696,
      0.14509406685829163,
      0.14364059269428253,
      0.05089309439063072,
      -0.9883202910423279,
      -0.033179715275764465,
      0.9983628392219543,
      0.046587951481342316
    ],
    "userAcceleration" : [
      -0.004874676465988159,
      -0.008671283721923828,
      -0.07546716928482056
    ]
  },
  {
    "gravity" : [
      0.03250407800078392,
      -0.9983124732971191,
      -0.048119548708200455
    ],
    "timestamp" : 235276650945,
    "rotationMatrix" : [
      0.9881741404533386,
      0.024881016463041306,
      0.15130384266376495,
      0.1498512625694275,
      0.05246852710843086,
      -0.9873152375221252,
      -0.03250407800078392,
      0.9983124136924744,
      0.04811958968639374
    ],
    "userAcceleration" : [
      -0.0011320114135742188,
      -0.006127715110778809,
      -0.035529255867004395
    ]
  },
  {
    "gravity" : [
      0.031769126653671265,
      -0.9982591867446899,
      -0.04968944564461708
    ],
    "timestamp" : 235276660964,
    "rotationMatrix" : [
      0.9872425198554993,
      0.023580394685268402,
      0.15746814012527466,
      0.1560223400592804,
      0.05405811965465546,
      -0.9862730503082275,
      -0.03176913410425186,
      0.9982591867446899,
      0.0496894046664238
    ],
    "userAcceleration" : [
      -0.0032809674739837646,
      -0.0010997653007507324,
      -0.0005121156573295593
    ]
  },
  {
    "gravity" : [
      0.031043609604239464,
      -0.9981852769851685,
      -0.05159890651702881
    ],
    "timestamp" : 235276670984,
    "rotationMatrix" : [
      0.9862807393074036,
      0.0222177654504776,
      0.16357453167438507,
      0.16213127970695496,
      0.055968958884477615,
      -0.9851806163787842,
      -0.031043604016304016,
      0.9981852769851685,
      0.051598913967609406
    ],
    "userAcceleration" : [
      -0.0027538202702999115,
      0.003937900066375732,
      0.017281770706176758
    ]
  },
  {
    "gravity" : [
      0.030282869935035706,
      -0.9980912804603577,
      -0.05382128059864044
    ],
    "timestamp" : 235276681004,
    "rotationMatrix" : [
      0.9852999448776245,
      0.020750924944877625,
      0.16956846415996552,
      0.16812796890735626,
      0.058165110647678375,
      -0.9840477705001831,
      -0.030282869935035706,
      0.9980913400650024,
      0.05382126569747925
    ],
    "userAcceleration" : [
      0.0028897393494844437,
      0.003645479679107666,
      0.0164065882563591
    ]
  },
  {
    "gravity" : [
      0.029381420463323593,
      -0.9979931712150574,
      -0.05609085038304329
    ],
    "timestamp" : 235276691023,
    "rotationMatrix" : [
      0.9842569828033447,
      0.019101597368717194,
      0.17570799589157104,
      0.1742839813232422,
      0.06037040054798126,
      -0.9828429818153381,
      -0.029381416738033295,
      0.9979931712150574,
      0.056090883910655975
    ],
    "userAcceleration" : [
      0.00298246368765831,
      0.002357304096221924,
      0.005278944969177246
    ]
  },
  {
    "gravity" : [
      0.028313791379332542,
      -0.9979077577590942,
      -0.05812561511993408
    ],
    "timestamp" : 235276701043,
    "rotationMatrix" : [
      0.9831861853599548,
      0.017307639122009277,
      0.18178370594978333,
      0.18039734661579132,
      0.06229528784751892,
      -0.9816191792488098,
      -0.02831379324197769,
      0.9979076981544495,
      0.05812561511993408
    ],
    "userAcceleration" : [
      -0.018105637282133102,
      -0.021593034267425537,
      0.005436889827251434
    ]
  },
  {
    "gravity" : [
      0.027192354202270508,
      -0.9978391528129578,
      -0.059813618659973145
    ],
    "timestamp" : 235276711062,
    "rotationMatrix" : [
      0.9819847345352173,
      0.015471436083316803,
      0.18832597136497498,
      0.18699362874031067,
      0.0638570711016655,
      -0.9802834987640381,
      -0.027192354202270508,
      0.9978392124176025,
      0.05981360375881195
    ],
    "userAcceleration" : [
      -0.01698421686887741,
      -0.021661579608917236,
      0.007124893367290497
    ]
  },
  {
    "gravity" : [
      0.026168042793869972,
      -0.9977738261222839,
      -0.06134030595421791
    ],
    "timestamp" : 235276721082,
    "rotationMatrix" : [
      0.981096625328064,
      0.013864271342754364,
      0.19302116334438324,
      0.19174101948738098,
      0.0652318000793457,
      -0.9792753458023071,
      -0.02616804838180542,
      0.9977737665176392,
      0.061340346932411194
    ],
    "userAcceleration" : [
      -0.028029605746269226,
      -0.032514870166778564,
      0.017410151660442352
    ]
  },
  {
    "gravity" : [
      0.0254339762032032,
      -0.9976878762245178,
      -0.06302385777235031
    ],
    "timestamp" : 235276731101,
    "rotationMatrix" : [
      0.9800512790679932,
      0.012454353272914886,
      0.1983540803194046,
      0.19711053371429443,
      0.06681153923273087,
      -0.9781020283699036,
      -0.025433972477912903,
      0.9976878762245178,
      0.06302385032176971
    ],
    "userAcceleration" : [
      -0.04020446538925171,
      -0.03374522924423218,
      0.02676885575056076
    ]
  },
  {
    "gravity" : [
      0.025150105357170105,
      -0.9975616931915283,
      -0.06510163843631744
    ],
    "timestamp" : 235276741121,
    "rotationMatrix" : [
      0.9789502024650574,
      0.011381924152374268,
      0.2037816345691681,
      0.20254376530647278,
      0.06885639578104019,
      -0.9768494367599487,
      -0.025150105357170105,
      0.9975616931915283,
      0.06510164588689804
    ],
    "userAcceleration" : [
      -0.04378107935190201,
      -0.031292736530303955,
      0.0316542312502861
    ]
  },
  {
    "gravity" : [
      0.025296589359641075,
      -0.9973893165588379,
      -0.06763552129268646
    ],
    "timestamp" : 235276751140,
    "rotationMatrix" : [
      0.9775722026824951,
      0.010530471801757812,
      0.2103370726108551,
      0.2090757191181183,
      0.07143941521644592,
      -0.9752864837646484,
      -0.025296583771705627,
      0.9973893165588379,
      0.06763551384210587
    ],
    "userAcceleration" : [
      -0.03873956575989723,
      -0.02337777614593506,
      0.020516276359558105
    ]
  },
  {
    "gravity" : [
      0.02578875608742237,
      -0.9971863031387329,
      -0.0703880563378334
    ],
    "timestamp" : 235276761160,
    "rotationMatrix" : [
      0.9761767983436584,
      0.009945861995220184,
      0.21674853563308716,
      0.2154386043548584,
      0.0743008553981781,
      -0.9736865758895874,
      -0.02578875422477722,
      0.9971863031387329,
      0.07038804888725281
    ],
    "userAcceleration" : [
      -0.03405901789665222,
      -0.008947670459747314,
      -0.005387246608734131
    ]
  },
  {
    "gravity" : [
      0.02642437443137169,
      -0.996975839138031,
      -0.07307986915111542
    ],
    "timestamp" : 235276771179,
    "rotationMatrix" : [
      0.9746195673942566,
      0.009436622262001038,
      0.22366848587989807,
      0.22230249643325806,
      0.077135369181633,
      -0.9719215035438538,
      -0.02642437070608139,
      0.996975839138031,
      0.07307986170053482
    ],
    "userAcceleration" : [
      -0.02558513544499874,
      0.006161808967590332,
      -0.024912230670452118
    ]
  },
  {
    "gravity" : [
      0.02706443890929222,
      -0.9967759847640991,
      -0.07552990317344666
    ],
    "timestamp" : 235276781199,
    "rotationMatrix" : [
      0.972925066947937,
      0.008916929364204407,
      0.23094859719276428,
      0.22953057289123535,
      0.07973538339138031,
      -0.9700297713279724,
      -0.02706444263458252,
      0.9967760443687439,
      0.07552985101938248
    ],
    "userAcceleration" : [
      -0.013072121888399124,
      0.008739113807678223,
      -0.019532494246959686
    ]
  },
  {
    "gravity" : [
      0.02762051671743393,
      -0.9965953230857849,
      -0.07768564671278
    ],
    "timestamp" : 235276791219,
    "rotationMatrix" : [
      0.9710806608200073,
      0.008313693106174469,
      0.23860688507556915,
      0.23714864253997803,
      0.08202949911355972,
      -0.968004047870636,
      -0.027620509266853333,
      0.9965953230857849,
      0.07768566906452179
    ],
    "userAcceleration" : [
      0.0027139782905578613,
      0.0016459822654724121,
      -0.001843281090259552
    ]
  },
  {
    "gravity" : [
      0.028276780620217323,
      -0.9964207410812378,
      -0.07966206967830658
    ],
    "timestamp" : 235276801238,
    "rotationMatrix" : [
      0.9691452383995056,
      0.0078061893582344055,
      0.2463667094707489,
      0.24486306309700012,
      0.08417055755853653,
      -0.9658971428871155,
      -0.028276778757572174,
      0.996420681476593,
      0.07966205477714539
    ],
    "userAcceleration" : [
      -0.020738914608955383,
      -0.011849462985992432,
      0.028758585453033447
    ]
  },
  {
    "gravity" : [
      0.029079636558890343,
      -0.9962319135665894,
      -0.08170682191848755
    ],
    "timestamp" : 235276811258,
    "rotationMatrix" : [
      0.9671984314918518,
      0.007407225668430328,
      0.2539139986038208,
      0.2523520886898041,
      0.08641041815280914,
      -0.9637693762779236,
      -0.029079630970954895,
      0.9962319731712341,
      0.08170679956674576
    ],
    "userAcceleration" : [
      -0.02154180221259594,
      -0.012038111686706543,
      0.030803389847278595
    ]
  },
  {
    "gravity" : [
      0.03003080189228058,
      -0.996013879776001,
      -0.08398964256048203
    ],
    "timestamp" : 235276821277,
    "rotationMatrix" : [
      0.9652166366577148,
      0.007063239812850952,
      0.2613558769226074,
      0.25972089171409607,
      0.08891697973012924,
      -0.961581289768219,
      -0.030030809342861176,
      0.9960138201713562,
      0.08398967981338501
    ],
    "userAcceleration" : [
      -0.021440081298351288,
      -0.020343363285064697,
      0.05132044106721878
    ]
  },
  {
    "gravity" : [
      0.031023506075143814,
      -0.99576735496521,
      -0.08651377260684967
    ],
