[
  {
    "timestamp" : 235256033568,
    "userAcceleration" : [
      -0.013518184423446655,
      0.006549417972564697,
      0.021364808082580566
    ],
    "gravity" : [
      -0.03534051775932312,
      -0.9517092108726501,
      0.30495962500572205
    ],
    "rotationMatrix" : [
      -0.005217552185058594,
      -0.3049704134464264,
      -0.9523473978042603,
      -0.9993616342544556,
      0.03524768352508545,
      -0.005812138319015503,
      0.03534051775932312,
      0.9517092704772949,
      -0.30495965480804443
    ]
  },
  {
    "timestamp" : 235256043587,
    "userAcceleration" : [
      -0.019948039203882217,
      0.005730152130126953,
      0.008444339036941528
    ],
    "gravity" : [
      -0.03551771491765976,
      -0.9520650506019592,
      0.30382680892944336
    ],
    "rotationMatrix" : [
      -0.008789151906967163,
      -0.3037092387676239,
      -0.9527242183685303,
      -0.9993304014205933,
      0.0365089476108551,
      -0.0024192631244659424,
      0.035517722368240356,
      0.9520649909973145,
      -0.30382680892944336
    ]
  },
  {
    "timestamp" : 235256053606,
    "userAcceleration" : [
      -0.019091147929430008,
      0.004268169403076172,
      0.0041453540325164795
    ],
    "gravity" : [
      -0.03559640049934387,
      -0.9524034261703491,
      0.3027544915676117
    ],
    "rotationMatrix" : [
      -0.011934906244277954,
      -0.30251991748809814,
      -0.953068196773529,
      -0.9992948770523071,
      0.03753933310508728,
      0.0005983412265777588,
      0.03559643030166626,
      0.9524034261703491,
      -0.3027545213699341
    ]
  },
  {
    "timestamp" : 235256063626,
    "userAcceleration" : [
      -0.009281054139137268,
      0.010832786560058594,
      0.013663411140441895
    ],
    "gravity" : [
      -0.035625625401735306,
      -0.952696681022644,
      0.30182722210884094
    ],
    "rotationMatrix" : [
      -0.01568514108657837,
      -0.3014487326145172,
      -0.9533532857894897,
      -0.9992420673370361,
      0.03869807720184326,
      0.004203915596008301,
      0.03562566637992859,
      0.952696681022644,
      -0.30182725191116333
    ]
  },
  {
    "timestamp" : 235256073645,
    "userAcceleration" : [
      0.0026629455387592316,
      0.017876863479614258,
      0.02006867527961731
    ],
    "gravity" : [
      -0.035667769610881805,
      -0.9529354572296143,
      0.3010677993297577
    ],
    "rotationMatrix" : [
      -0.019568294286727905,
      -0.30053579807281494,
      -0.953569769859314,
      -0.9991720914840698,
      0.039903074502944946,
      0.007927864789962769,
      0.0356677770614624,
      0.9529354572296143,
      -0.3010678291320801
    ]
  },
  {
    "timestamp" : 235256083664,
    "userAcceleration" : [
      0.01066586747765541,
      0.026475369930267334,
      0.026016801595687866
    ],
    "gravity" : [
      -0.03579714894294739,
      -0.9531415104866028,
      0.3003990948200226
    ],
    "rotationMatrix" : [
      -0.023550570011138916,
      -0.29970380663871765,
      -0.9537415504455566,
      -0.9990814924240112,
      0.04121589660644531,
      0.011718541383743286,
      0.03579714894294739,
      0.9531415700912476,
      -0.30039912462234497
    ]
  },
  {
    "timestamp" : 235256093683,
    "userAcceleration" : [
      0.012407757341861725,
      0.027553677558898926,
      0.022674083709716797
    ],
    "gravity" : [
      -0.0360131599009037,
      -0.9533348679542542,
      0.29975926876068115
    ],
    "rotationMatrix" : [
      -0.02757856249809265,
      -0.29889151453971863,
      -0.9538884162902832,
      -0.998970627784729,
      0.0426194965839386,
      0.015527606010437012,
      0.0360131561756134,
      0.9533348679542542,
      -0.29975926876068115
    ]
  },
  {
    "timestamp" : 235256103703,
    "userAcceleration" : [
      0.001608148217201233,
      0.017927169799804688,
      0.01573467254638672
    ],
    "gravity" : [
      -0.03632194921374321,
      -0.9535350203514099,
      0.2990846335887909
    ],
    "rotationMatrix" : [
      -0.03150692582130432,
      -0.2980406582355499,
      -0.9540330171585083,
      -0.9988433122634888,
      0.04407563805580139,
      0.019217580556869507,
      0.036321938037872314,
      0.9535349607467651,
      -0.2990846037864685
    ]
  },
  {
    "timestamp" : 235256113722,
    "userAcceleration" : [
      0.0019621476531028748,
      0.01815950870513916,
      0.016519546508789062
    ],
    "gravity" : [
      -0.03667594864964485,
      -0.9537672996520996,
      0.2982997000217438
    ],
    "rotationMatrix" : [
      -0.035362422466278076,
      -0.29707494378089905,
      -0.9541990756988525,
      -0.9987013339996338,
      0.04554474353790283,
      0.022832006216049194,
      0.03667595982551575,
      0.9537672996520996,
      -0.29829972982406616
    ]
  },
  {
    "timestamp" : 235256123741,
    "userAcceleration" : [
      -0.006509818136692047,
      0.009860515594482422,
      0.009605735540390015
    ],
    "gravity" : [
      -0.03705408051609993,
      -0.9540284276008606,
      0.29741623997688293
    ],
    "rotationMatrix" : [
      -0.04039573669433594,
      -0.29594752192497253,
      -0.9543495178222656,
      -0.9984962940216064,
      0.047377049922943115,
      0.02757275104522705,
      0.03705406188964844,
      0.9540284276008606,
      -0.2974162697792053
    ]
  },
  {
    "timestamp" : 235256133760,
    "userAcceleration" : [
      -0.013178221881389618,
      0.005917251110076904,
      0.00730094313621521
    ],
    "gravity" : [
      -0.03745049610733986,
      -0.9543118476867676,
      0.2964557111263275
    ],
    "rotationMatrix" : [
      -0.04422673583030701,
      -0.29479047656059265,
      -0.9545377492904663,
      -0.998319149017334,
      0.04885938763618469,
      0.031166166067123413,
      0.03745052218437195,
      0.9543118476867676,
      -0.2964557409286499
    ]
  },
  {
    "timestamp" : 235256143779,
    "userAcceleration" : [
      -0.015528582036495209,
      0.0006098747253417969,
      0.009246915578842163
    ],
    "gravity" : [
      -0.03780094161629677,
      -0.9545891880989075,
      0.295516699552536
    ],
    "rotationMatrix" : [
      -0.04771605134010315,
      -0.2936666011810303,
      -0.9547160267829895,
      -0.9981452226638794,
      0.050190359354019165,
      0.03444856405258179,
      0.03780090808868408,
      0.9545891284942627,
      -0.2955166697502136
    ]
  },
  {
    "timestamp" : 235256153799,
    "userAcceleration" : [
      -0.00913069024682045,
      -0.005354046821594238,
      0.019675344228744507
    ],
    "gravity" : [
      -0.03803428262472153,
      -0.9548507928848267,
      0.29464030265808105
    ],
    "rotationMatrix" : [
      -0.051174044609069824,
      -0.2926056981086731,
      -0.9548627138137817,
      -0.9979650378227234,
      0.05139565467834473,
      0.03773468732833862,
      0.038034260272979736,
      0.9548508524894714,
      -0.29464030265808105
    ]
  },
  {
    "timestamp" : 235256163818,
    "userAcceleration" : [
      -0.0021632127463817596,
      -0.006656050682067871,
      0.02594435214996338
    ],
    "gravity" : [
      -0.038120049983263016,
      -0.9551053643226624,
      0.29380348324775696
    ],
    "rotationMatrix" : [
      -0.05439692735671997,
      -0.2915979027748108,
      -0.9549930095672607,
      -0.9977914690971375,
      0.052386462688446045,
      0.04083913564682007,
      0.03812006115913391,
      0.9551053643226624,
      -0.29380345344543457
    ]
  },
  {
    "timestamp" : 235256173837,
    "userAcceleration" : [
      -0.002101883292198181,
      0.0030993223190307617,
      0.021614044904708862
    ],
    "gravity" : [
      -0.038181371986866,
      -0.9553849101066589,
      0.2928846478462219
    ],
    "rotationMatrix" : [
      -0.05820360779762268,
      -0.29047468304634094,
      -0.9551107883453369,
      -0.9975742101669312,
      0.053514569997787476,
      0.04451623558998108,
      0.03818139433860779,
      0.9553849697113037,
      -0.2928847074508667
    ]
  },
  {
    "timestamp" : 235256183856,
    "userAcceleration" : [
      -0.005345840007066727,
      0.011054694652557373,
      0.01601383090019226
    ],
    "gravity" : [
      -0.03826383128762245,
      -0.9556804299354553,
      0.2919083833694458
    ],
    "rotationMatrix" : [
      -0.06193765997886658,
      -0.28929248452186584,
      -0.9552346467971802,
      -0.9973461627960205,
      0.054631203413009644,
      0.04812324047088623,
      0.03826382756233215,
      0.9556803703308105,
      -0.2919084429740906
    ]
  },
  {
    "timestamp" : 235256193875,
    "userAcceleration" : [
      -0.010925043374300003,
      0.010818898677825928,
      0.012806743383407593
    ],
    "gravity" : [
      -0.038345642387866974,
      -0.9559786319732666,
      0.29091933369636536
    ],
    "rotationMatrix" : [
      -0.06528913974761963,
      -0.28811466693878174,
      -0.9553674459457397,
      -0.9971292018890381,
      0.055628299713134766,
      0.05136728286743164,
      0.038345664739608765,
      0.9559786319732666,
      -0.29091930389404297
    ]
  },
  {
    "timestamp" : 235256203895,
    "userAcceleration" : [
      -0.01438136026263237,
      -0.004517614841461182,
      0.02790018916130066
    ],
    "gravity" : [
      -0.03838358819484711,
      -0.9562975764274597,
      0.2898640036582947
    ],
    "rotationMatrix" : [
      -0.06861358880996704,
      -0.2868710160255432,
      -0.9555087089538574,
      -0.9969044327735901,
      0.05656474828720093,
      0.05460411310195923,
      0.03838357329368591,
      0.9562975764274597,
      -0.2898639440536499
    ]
  },
  {
    "timestamp" : 235256213914,
    "userAcceleration" : [
      -0.014406289905309677,
      -0.004179716110229492,
      0.029013901948928833
    ],
    "gravity" : [
      -0.0383586585521698,
      -0.9566357731819153,
      0.28875038027763367
    ],
    "rotationMatrix" : [
      -0.07199874520301819,
      -0.2855660617351532,
      -0.9556507468223572,
      -0.9966669082641602,
      0.05744704604148865,
      0.057922542095184326,
      0.03835862874984741,
      0.9566357731819153,
      -0.28875041007995605
    ]
  },
  {
    "timestamp" : 235256223933,
    "userAcceleration" : [
      -0.008995428681373596,
      -0.00643235445022583,
      0.030851393938064575
    ],
    "gravity" : [
      -0.03826110437512398,
      -0.956977128982544,
      0.28762999176979065
    ],
    "rotationMatrix" : [
      -0.0760757327079773,
      -0.2842157483100891,
      -0.9557374119758606,
      -0.9963677525520325,
      0.05844920873641968,
      0.06192830204963684,
      0.03826111555099487,
      0.956977128982544,
      -0.28762996196746826
    ]
  },
  {
    "timestamp" : 235256233952,
    "userAcceleration" : [
      -0.0037046000361442566,
      -0.0031555891036987305,
      0.03302741050720215
    ],
    "gravity" : [
      -0.03811979666352272,
      -0.9573240876197815,
      0.2864915430545807
    ],
    "rotationMatrix" : [
      -0.08027797937393188,
      -0.28283944725990295,
      -0.9558018445968628,
      -0.99604332447052,
      0.05943399667739868,
      0.06607028841972351,
      0.038119763135910034,
      0.9573240280151367,
      -0.2864915132522583
    ]
  },
  {
    "timestamp" : 235256243971,
    "userAcceleration" : [
      0.005339059978723526,
      0.005811929702758789,
      0.03134158253669739
    ],
    "gravity" : [
      -0.0380234457552433,
      -0.9576857089996338,
      0.2852934002876282
    ],
    "rotationMatrix" : [
      -0.08408734202384949,
      -0.2814207971096039,
      -0.9558931589126587,
      -0.9957326650619507,
      0.06033584475517273,
      0.06982862949371338,
      0.038023442029953,
      0.9576857089996338,
      -0.2852934002876282
    ]
  },
  {
    "timestamp" : 235256253991,
    "userAcceleration" : [
      0.009577486664056778,
      0.015700876712799072,
      0.022876858711242676
    ],
    "gravity" : [
      -0.038004666566848755,
      -0.9580683708190918,
      0.2840079069137573
    ],
    "rotationMatrix" : [
      -0.08787849545478821,
      -0.2799077332019806,
      -0.9559962749481201,
      -0.995405912399292,
      0.061290591955184937,
      0.0735558271408081,
      0.038004666566848755,
      0.9580683708190918,
      -0.2840079069137573
    ]
  },
  {
    "timestamp" : 235256264010,
    "userAcceleration" : [
      0.0028059035539627075,
      0.0220680832862854,
      0.008316963911056519
    ],
    "gravity" : [
      -0.038084276020526886,
      -0.9584386944770813,
      0.28274425864219666
    ],
    "rotationMatrix" : [
      -0.09141770005226135,
      -0.27842143177986145,
      -0.9560982584953308,
      -0.9950839281082153,
      0.06226041913032532,
      0.0770149827003479,
      0.03808426856994629,
      0.9584386944770813,
      -0.28274422883987427
    ]
  },
  {
    "timestamp" : 235256274029,
    "userAcceleration" : [
      -0.0036197230219841003,
      0.01881885528564453,
      -0.006316006183624268
    ],
    "gravity" : [
      -0.03825044259428978,
      -0.9587600231170654,
      0.2816302180290222
    ],
    "rotationMatrix" : [
      -0.09500429034233093,
      -0.2770708203315735,
      -0.95614093542099,
      -0.9947414994239807,
      0.06332919001579285,
      0.08048847317695618,
      0.03825044631958008,
      0.9587600231170654,
      -0.2816302180290222
    ]
  },
  {
    "timestamp" : 235256284048,
    "userAcceleration" : [
      -0.01175098866224289,
      0.013121604919433594,
      -0.012946337461471558
    ],
    "gravity" : [
      -0.038450486958026886,
      -0.9590139985084534,
      0.2807379961013794
    ],
    "rotationMatrix" : [
      -0.0984170138835907,
      -0.2759453058242798,
      -0.9561215043067932,
      -0.9944021701812744,
      0.06439265608787537,
      0.08377298712730408,
      0.03845047950744629,
      0.9590139389038086,
      -0.28073805570602417
    ]
  },
  {
    "timestamp" : 235256294068,
    "userAcceleration" : [
      -0.016425054520368576,
      0.009005844593048096,
      -0.009746640920639038
    ],
    "gravity" : [
      -0.0386592335999012,
      -0.9592317342758179,
      0.27996453642845154
    ],
    "rotationMatrix" : [
      -0.10151970386505127,
      -0.2749539613723755,
      -0.956082820892334,
      -0.9940822124481201,
      0.0653831958770752,
      0.08675134181976318,
      0.038659244775772095,
      0.9592317342758179,
      -0.2799645662307739
    ]
  },
  {
    "timestamp" : 235256304087,
    "userAcceleration" : [
      -0.01602466031908989,
      0.010878503322601318,
      0.0025750696659088135
    ],
    "gravity" : [
      -0.038876522332429886,
      -0.9594563841819763,
      0.2791632115840912
    ],
    "rotationMatrix" : [
      -0.1043311059474945,
      -0.27394992113113403,
      -0.956068217754364,
      -0.9937824606895447,
      0.06629404425621033,
      0.0894508957862854,
      0.03887653350830078,
      0.9594563841819763,
      -0.2791631817817688
    ]
  },
  {
    "timestamp" : 235256314106,
    "userAcceleration" : [
      -0.01692919060587883,
      0.00946575403213501,
      0.017921239137649536
    ],
    "gravity" : [
      -0.039009593427181244,
      -0.9597069025039673,
      0.2782822847366333
    ],
    "rotationMatrix" : [
      -0.10698074102401733,
      -0.2728823125362396,
      -0.9560807943344116,
      -0.9934955835342407,
      0.06706708669662476,
      0.09202507138252258,
      0.03900960087776184,
      0.9597069025039673,
      -0.2782822847366333
    ]
  },
  {
    "timestamp" : 235256324125,
    "userAcceleration" : [
      -0.025782715529203415,
      0.009251296520233154,
      0.031017392873764038
    ],
    "gravity" : [
      -0.03892986476421356,
      -0.9599804878234863,
      0.2773473858833313
    ],
    "rotationMatrix" : [
      -0.10986560583114624,
      -0.2717629671096802,
      -0.956072211265564,
      -0.9931836128234863,
      0.06769084930419922,
      0.09488928318023682,
      0.03892984986305237,
      0.9599804878234863,
      -0.2773473858833313
    ]
  },
  {
    "timestamp" : 235256334144,
    "userAcceleration" : [
      -0.025588374584913254,
      0.02030104398727417,
      0.043570756912231445
    ],
    "gravity" : [
      -0.03874273598194122,
      -0.9602728486061096,
      0.2763602137565613
    ],
    "rotationMatrix" : [
      -0.1129763126373291,
      -0.2705850899219513,
      -0.9560439586639404,
      -0.9928420782089233,
      0.06826192140579224,
      0.09800487756729126,
      0.03874275088310242,
      0.9602728486061096,
      -0.2763602137565613
    ]
  },
  {
    "timestamp" : 235256344164,
    "userAcceleration" : [
      -0.008274849504232407,
      0.03920632600784302,
      0.06058928370475769
    ],
    "gravity" : [
      -0.03855443000793457,
      -0.9605929255485535,
      0.27527180314064026
    ],
    "rotationMatrix" : [
      -0.11647579073905945,
      -0.26927876472473145,
      -0.9559927582740784,
      -0.9924448728561401,
      0.06892040371894836,
      0.10150402784347534,
      0.03855443000793457,
      0.9605929255485535,
      -0.27527177333831787
    ]
  },
  {
    "timestamp" : 235256354183,
    "userAcceleration" : [
      0.014642383903265,
      0.04950231313705444,
      0.07789358496665955
    ],
    "gravity" : [
      -0.03849192336201668,
      -0.9609705805778503,
      0.2739587426185608
    ],
    "rotationMatrix" : [
      -0.12134885787963867,
      -0.2676377296447754,
      -0.9558473825454712,
      -0.9918631315231323,
      0.07003724575042725,
      0.10631099343299866,
      0.03849193453788757,
      0.9609706401824951,
      -0.27395880222320557
    ]
  },
  {
    "timestamp" : 235256364202,
    "userAcceleration" : [
      0.027962904423475266,
      0.05033522844314575,
      0.07534942030906677
    ],
    "gravity" : [
      -0.03867463022470474,
      -0.9614068269729614,
      0.27239829301834106
    ],
    "rotationMatrix" : [
      -0.1264328956604004,
      -0.26570338010787964,
      -0.9557280540466309,
      -0.9912207722663879,
      0.07140278816223145,
      0.11127763986587524,
      0.038674622774124146,
      0.9614067673683167,
      -0.2723982334136963
    ]
  },
  {
    "timestamp" : 235256374221,
    "userAcceleration" : [
      0.02254784107208252,
      0.05019503831863403,
      0.041968345642089844
    ],
    "gravity" : [
      -0.039134200662374496,
      -0.9618465900421143,
      0.270775705575943
    ],
    "rotationMatrix" : [
      -0.13198217749595642,
      -0.2636335492134094,
      -0.9555510878562927,
      -0.9904791712760925,
      0.07313242554664612,
      0.11662963032722473,
      0.039134204387664795,
      0.9618465900421143,
      -0.2707756757736206
    ]
  },
  {
    "timestamp" : 235256384240,
    "userAcceleration" : [
      0.0010566040873527527,
      0.04189717769622803,
      0.009032636880874634
    ],
    "gravity" : [
      -0.03972243517637253,
      -0.9622616171836853,
      0.2692112922668457
    ],
    "rotationMatrix" : [
      -0.1374029517173767,
      -0.2616041898727417,
      -0.9553447961807251,
      -0.9897184371948242,
      0.0749390721321106,
      0.12182602286338806,
      0.039722442626953125,
      0.9622615575790405,
      -0.2692112922668457
    ]
  },
  {
    "timestamp" : 235256394260,
    "userAcceleration" : [
      -0.01078447699546814,
      0.027536094188690186,
      -0.002182573080062866
    ],
    "gravity" : [
      -0.040256232023239136,
      -0.96268630027771,
      0.2676090896129608
    ],
    "rotationMatrix" : [
      -0.14255550503730774,
      -0.2595527768135071,
      -0.9551494121551514,
      -0.9889678359031677,
      0.07659980654716492,
      0.12678757309913635,
      0.040256232023239136,
      0.96268630027771,
      -0.2676091194152832
    ]
  },
  {
    "timestamp" : 235256404279,
    "userAcceleration" : [
      -0.015461068600416183,
      0.02307051420211792,
      -0.007938653230667114
    ],
    "gravity" : [
      -0.040706586092710495,
      -0.9631185531616211,
      0.26597991585731506
    ],
    "rotationMatrix" : [
      -0.1475943624973297,
      -0.2574843168258667,
      -0.9549437761306763,
      -0.9882098436355591,
      0.07812979817390442,
      0.13166964054107666,
      0.04070660471916199,
      0.9631185531616211,
      -0.26597994565963745
    ]
  },
  {
    "timestamp" : 235256414298,
    "userAcceleration" : [
      0.0014420673251152039,
      0.04433053731918335,
      -0.02454701066017151
    ],
    "gravity" : [
      -0.04142014682292938,
      -0.9634435176849365,
      0.26468974351882935
    ],
    "rotationMatrix" : [
      -0.15205827355384827,
      -0.25575289130210876,
      -0.9547085762023926,
      -0.9875030517578125,
      0.07979270815849304,
      0.1359063982963562,
      0.041420161724090576,
      0.9634434580802917,
      -0.26468968391418457
    ]
  },
  {
    "timestamp" : 235256424317,
    "userAcceleration" : [
      0.029198039323091507,
      0.05513805150985718,
      -0.04138067364692688
    ],
    "gravity" : [
      -0.042473237961530685,
      -0.9635851383209229,
      0.26400628685951233
    ],
    "rotationMatrix" : [
      -0.15641433000564575,
      -0.25457343459129333,
      -0.954319953918457,
      -0.986777663230896,
      0.08182770013809204,
      0.1399061679840088,
      0.04247322678565979,
      0.9635851383209229,
      -0.26400625705718994
    ]
  },
  {
    "timestamp" : 235256434336,
    "userAcceleration" : [
      0.022468499839305878,
      0.060323238372802734,
      -0.01780560612678528
    ],
    "gravity" : [
      -0.043907150626182556,
      -0.9636128544807434,
      0.2636704444885254
    ],
    "rotationMatrix" : [
      -0.16034969687461853,
      -0.25370582938194275,
      -0.9538978338241577,
      -0.9860830307006836,
      0.08416256308555603,
      0.14337566494941711,
      0.04390713572502136,
      0.9636129140853882,
      -0.2636703848838806
    ]
  },
  {
    "timestamp" : 235256444356,
    "userAcceleration" : [
      0.0512334443628788,
      0.07230573892593384,
      0.015754252672195435
    ],
    "gravity" : [
      -0.045847151428461075,
      -0.9635869264602661,
      0.2634356617927551
    ],
    "rotationMatrix" : [
      -0.16389650106430054,
      -0.2528834939002991,
      -0.9535134434700012,
      -0.9854115843772888,
      0.08689206838607788,
      0.14633452892303467,
      0.04584711790084839,
      0.9635869264602661,
      -0.26343560218811035
    ]
  },
  {
    "timestamp" : 235256454375,
    "userAcceleration" : [
      0.058410096913576126,
      0.06809955835342407,
      0.05033189058303833
    ],
    "gravity" : [
      -0.04797312989830971,
      -0.9635918736457825,
      0.26303765177726746
    ],
    "rotationMatrix" : [
      -0.16772013902664185,
      -0.2518310546875,
      -0.9531267285346985,
      -0.9846664667129517,
      0.08984154462814331,
      0.14953291416168213,
      0.04797309637069702,
      0.9635918140411377,
      -0.2630375623703003
    ]
  },
  {
    "timestamp" : 235256464394,
    "userAcceleration" : [
      -0.04430440440773964,
      0.0006965994834899902,
      0.083741694688797
    ],
    "gravity" : [
      -0.049827124923467636,
      -0.9638161659240723,
      0.26186975836753845
    ],
    "rotationMatrix" : [
      -0.17091751098632812,
      -0.2500990033149719,
      -0.9530150890350342,
      -0.984024703502655,
      0.09224405884742737,
      0.15227127075195312,
      0.04982709884643555,
      0.9638161659240723,
      -0.26186975836753845
    ]
  },
  {
    "timestamp" : 235256474413,
    "userAcceleration" : [
      -0.042977891862392426,
      0.0012537240982055664,
      0.0860588550567627
    ],
    "gravity" : [
      -0.05115363374352455,
      -0.9643731713294983,
      0.25955265760421753
    ],
    "rotationMatrix" : [
      -0.1734166145324707,
      -0.2473674714565277,
      -0.9532763957977295,
      -0.9835190773010254,
      0.09377437829971313,
      0.1545846164226532,
      0.05115365982055664,
      0.9643731117248535,
      -0.25955265760421753
    ]
  },
  {
    "timestamp" : 235256484432,
    "userAcceleration" : [
      -0.042255595326423645,
      0.002053558826446533,
      0.0891941487789154
    ],
    "gravity" : [
      -0.051875922828912735,
      -0.9651728272438049,
      0.25641730427742004
    ],
    "rotationMatrix" : [
      -0.1764237880706787,
      -0.24386748671531677,
      -0.9536261558532715,
      -0.9829461574554443,
      0.09470859169960022,
      0.15762877464294434,
      0.051875919103622437,
      0.9651728868484497,
      -0.2564173638820648
    ]
  },
  {
    "timestamp" : 235256494452,
    "userAcceleration" : [
      -0.04433141276240349,
      -0.0038444995880126953,
      0.07784858345985413
    ],
    "gravity" : [
      -0.051997385919094086,
      -0.9660499095916748,
      0.2530687749385834
    ],
    "rotationMatrix" : [
      -0.17966049909591675,
      -0.24022778868675232,
      -0.9539458155632019,
      -0.9823534488677979,
      0.09506916999816895,
      0.1610698401927948,
      0.051997363567352295,
      0.9660499095916748,
      -0.253068745136261
    ]
  },
  {
    "timestamp" : 235256504471,
    "userAcceleration" : [
      -0.01681246981024742,
      0.004986941814422607,
      0.08176934719085693
    ],
    "gravity" : [
      -0.05174532160162926,
      -0.9669009447097778,
      0.24984991550445557
    ],
    "rotationMatrix" : [
      -0.18277832865715027,
      -0.23678964376449585,
      -0.9542131423950195,
      -0.9817914366722107,
      0.09504321217536926,
      0.16447579860687256,
      0.05174529552459717,
      0.9669009447097778,
      -0.24984991550445557
    ]
  },
  {
    "timestamp" : 235256514490,
    "userAcceleration" : [
      0.016128357499837875,
      0.017803609371185303,
      0.07741057872772217
    ],
    "gravity" : [
      -0.05137621611356735,
      -0.9676936864852905,
      0.24683856964111328
    ],
    "rotationMatrix" : [
      -0.18660476803779602,
      -0.23351016640663147,
      -0.9542806148529053,
      -0.981090784072876,
      0.09508863091468811,
      0.16857942938804626,
      0.05137619376182556,
      0.9676936864852905,
      -0.24683862924575806
    ]
  },
  {
    "timestamp" : 235256524509,
    "userAcceleration" : [
      0.02693578600883484,
      0.026873230934143066,
      0.05209723114967346
    ],
    "gravity" : [
      -0.051166802644729614,
      -0.9684015512466431,
      0.24409115314483643
    ],
    "rotationMatrix" : [
      -0.18981772661209106,
      -0.23052579164505005,
      -0.9543726444244385,
      -0.9804852604866028,
      0.095164954662323,
      0.1720244586467743,
      0.05116677284240723,
      0.9684015512466431,
      -0.24409115314483643
    ]
  },
  {
    "timestamp" : 235256534529,
    "userAcceleration" : [
      0.03810542821884155,
      0.0338214635848999,
      0.025619864463806152
    ],
    "gravity" : [
      -0.05136536806821823,
      -0.9690477848052979,
      0.24146980047225952
    ],
    "rotationMatrix" : [
      -0.19399744272232056,
      -0.22750139236450195,
      -0.9542577266693115,
      -0.9796562194824219,
      0.09586048126220703,
      0.17630720138549805,
      0.05136534571647644,
      0.9690477848052979,
      -0.24146980047225952
    ]
  },
  {
    "timestamp" : 235256544548,
    "userAcceleration" : [
      0.03800933435559273,
      0.03456234931945801,
      0.0175686776638031
    ],
    "gravity" : [
      -0.05191013962030411,
      -0.9696665406227112,
      0.23885518312454224
    ],
    "rotationMatrix" : [
      -0.19813808798789978,
      -0.22442257404327393,
      -0.9541360139846802,
      -0.9787983894348145,
      0.09685584902763367,
      0.1804782748222351,
      0.0519101619720459,
      0.9696665406227112,
      -0.23885518312454224
    ]
  },
  {
    "timestamp" : 235256554567,
    "userAcceleration" : [
      0.0229615718126297,
      0.012911021709442139,
      0.005561858415603638
    ],
    "gravity" : [
      -0.052578940987586975,
      -0.9702627062797546,
      0.23627473413944244
    ],
    "rotationMatrix" : [
      -0.20230963826179504,
      -0.2213461995124817,
      -0.9539793729782104,
      -0.9779091477394104,
      0.09795984625816345,
      0.1846553385257721,
      0.05257892608642578,
      0.9702627658843994,
      -0.23627471923828125
    ]
  },
  {
    "timestamp" : 235256564586,
    "userAcceleration" : [
      -0.002144690603017807,
      -0.0009477734565734863,
      -0.0004399716854095459
    ],
    "gravity" : [
      -0.05315322056412697,
      -0.970869243144989,
      0.2336399108171463
    ],
    "rotationMatrix" : [
      -0.20595195889472961,
      -0.21828225255012512,
      -0.9539059996604919,
      -0.9771175384521484,
      0.09882175922393799,
      0.18834999203681946,
      0.05315321683883667,
      0.9708693027496338,
      -0.2336399257183075
    ]
  },
  {
    "timestamp" : 235256574605,
    "userAcceleration" : [
      -0.01657763496041298,
      -0.018265187740325928,
      0.0007005631923675537
    ],
    "gravity" : [
      -0.0535365492105484,
      -0.97151118516922,
      0.23086665570735931
    ],
    "rotationMatrix" : [
      -0.208854079246521,
      -0.21519088745117188,
      -0.9539772272109985,
      -0.9764801263809204,
      0.09929034113883972,
      0.19138363003730774,
      0.053536564111709595,
      0.9715112447738647,
      -0.2308667004108429
    ]
  },
  {
    "timestamp" : 235256584625,
    "userAcceleration" : [
      -0.016419176012277603,
      -0.01762223243713379,
      0.0034606456756591797
    ],
    "gravity" : [
      -0.053695011883974075,
      -0.9721543192863464,
      0.22810663282871246
    ],
    "rotationMatrix" : [
      -0.2117021679878235,
      -0.21216067671775818,
      -0.9540281891822815,
      -0.9758579730987549,
      0.09951737523078918,
      0.19441527128219604,
      0.05369502305984497,
      0.9721543192863464,
      -0.22810664772987366
    ]
  },
  {
    "timestamp" : 235256594644,
    "userAcceleration" : [
      -0.004223763942718506,
      -0.017309367656707764,
      0.010192260146141052
    ],
    "gravity" : [
      -0.05363761633634567,
      -0.9727417826652527,
      0.2256016582250595
    ],
    "rotationMatrix" : [
      -0.21463802456855774,
      -0.20941492915153503,
      -0.9539787769317627,
      -0.9752194881439209,
      0.09959205985069275,
      0.19755500555038452,
      0.05363759398460388,
      0.9727417826652527,
      -0.2256016731262207
    ]
  },
  {
    "timestamp" : 235256604663,
    "userAcceleration" : [
      0.004989296197891235,
      -0.015769541263580322,
      0.01802349090576172
    ],
    "gravity" : [
      -0.05342074856162071,
      -0.9732440114021301,
      0.2234772890806198
    ],
    "rotationMatrix" : [
      -0.21783193945884705,
      -0.20704934000968933,
      -0.9537712335586548,
      -0.9745230674743652,
      0.09963178634643555,
      0.2009430229663849,
      0.05342075228691101,
      0.9732440710067749,
      -0.22347727417945862
    ]
  },
  {
    "timestamp" : 235256614682,
    "userAcceleration" : [
      0.015969958156347275,
      -0.0016782283782958984,
      0.02853114902973175
    ],
    "gravity" : [
      -0.053155671805143356,
      -0.973724365234375,
      0.22143827378749847
    ],
    "rotationMatrix" : [
      -0.22116953134536743,
      -0.20476466417312622,
      -0.9534962177276611,
      -0.9737854599952698,
      0.09965938329696655,
      0.20447397232055664,
      0.05315566062927246,
      0.973724365234375,
      -0.22143828868865967
    ]
  },
  {
    "timestamp" : 235256624701,
    "userAcceleration" : [
      0.025706592947244644,
      0.01232689619064331,
      0.04915685951709747
    ],
    "gravity" : [
      -0.052882540971040726,
      -0.9742559790611267,
      0.2191535383462906
    ],
    "rotationMatrix" : [
      -0.2245936393737793,
      -0.2022344470024109,
      -0.9532357454299927,
      -0.9730163216590881,
      0.09963029623031616,
      0.20811721682548523,
      0.05288252234458923,
      0.9742559194564819,
      -0.21915358304977417
    ]
  },
  {
    "timestamp" : 235256634721,
    "userAcceleration" : [
      0.027913015335798264,
      0.011168956756591797,
      0.05416977405548096
    ],
    "gravity" : [
      -0.05260178819298744,
      -0.974852979183197,
      0.21655160188674927
    ],
    "rotationMatrix" : [
      -0.22809311747550964,
      -0.19939056038856506,
      -0.9530041217803955,
      -0.972217321395874,
      0.09952375292778015,
      0.2118690311908722,
      0.05260181427001953,
      0.9748530387878418,
      -0.21655160188674927
    ]
  },
  {
    "timestamp" : 235256644740,
    "userAcceleration" : [
      0.02816387638449669,
      0.017553865909576416,
      0.05111193656921387
    ],
    "gravity" : [
      -0.052303336560726166,
      -0.9755005240440369,
      0.21368899941444397
    ],
    "rotationMatrix" : [
      -0.23163554072380066,
      -0.19629508256912231,
      -0.9527922868728638,
      -0.9713955521583557,
      0.09933221340179443,
      0.21569374203681946,
      0.052303314208984375,
      0.9755005836486816,
      -0.21368899941444397
    ]
  },
  {
    "timestamp" : 235256654759,
    "userAcceleration" : [
      0.030335478484630585,
      0.01671159267425537,
      0.04138012230396271
    ],
    "gravity" : [
      -0.052018266171216965,
      -0.9761534929275513,
      0.21075591444969177
    ],
    "rotationMatrix" : [
      -0.23511701822280884,
      -0.19313830137252808,
      -0.9525845050811768,
      -0.9705739617347717,
      0.09910434484481812,
      0.2194637954235077,
      0.05201828479766846,
      0.9761534929275513,
      -0.21075594425201416
    ]
  },
  {
    "timestamp" : 235256664778,
    "userAcceleration" : [
      0.033489711582660675,
      0.015667378902435303,
      0.024724453687667847
    ],
    "gravity" : [
      -0.05178504437208176,
      -0.9767724871635437,
      0.20792615413665771
    ],
    "rotationMatrix" : [
      -0.2389407455921173,
      -0.19003966450691223,
      -0.9522560834884644,
      -0.9696520566940308,
      0.09899497032165527,
      0.22354984283447266,
      0.05178499221801758,
      0.9767725467681885,
      -0.20792612433433533
    ]
  },
  {
    "timestamp" : 235256674798,
    "userAcceleration" : [
      0.0339064821600914,
      0.015526950359344482,
      0.011923402547836304
    ],
    "gravity" : [
      -0.05166776105761528,
      -0.9773340225219727,
      0.20530059933662415
    ],
    "rotationMatrix" : [
      -0.24290597438812256,
      -0.1871027946472168,
      -0.951834499835968,
      -0.9686727523803711,
      0.09904810786247253,
      0.22773325443267822,
      0.051667749881744385,
      0.9773340225219727,
      -0.20530059933662415
    ]
  },
  {
    "timestamp" : 235256684817,
    "userAcceleration" : [
      0.038253333419561386,
      0.011469721794128418,
      0.009237796068191528
    ],
    "gravity" : [
      -0.05168113112449646,
      -0.9778241515159607,
      0.20295092463493347
    ],
    "rotationMatrix" : [
      -0.24667638540267944,
      -0.1844262182712555,
      -0.9513872861862183,
      -0.9677189588546753,
      0.09923189878463745,
      0.23167473077774048,
      0.05168113112449646,
      0.9778241515159607,
      -0.20295095443725586
    ]
  },
  {
    "timestamp" : 235256694836,
    "userAcceleration" : [
      0.038371533155441284,
      -0.0013465285301208496,
      0.008984789252281189
    ],
    "gravity" : [
      -0.051707763224840164,
      -0.9782522916793823,
      0.20086923241615295
    ],
    "rotationMatrix" : [
      -0.25073298811912537,
      -0.18197891116142273,
      -0.9507977962493896,
      -0.9666742086410522,
      0.09952834248542786,
      0.2358705699443817,
      0.05170777440071106,
      0.9782522916793823,
      -0.20086920261383057
    ]
  },
  {
    "timestamp" : 235256704855,
    "userAcceleration" : [
      0.02788946032524109,
      -0.014428198337554932,
      0.007894635200500488
    ],
    "gravity" : [
      -0.05158641189336777,
      -0.978659451007843,
      0.19890765845775604
    ],
    "rotationMatrix" : [
      -0.25487199425697327,
      -0.17967566847801208,
      -0.9501351118087769,
      -0.9655976295471191,
      0.09971019625663757,
      0.24016422033309937,
      0.051586419343948364,
      0.978659451007843,
      -0.19890761375427246
    ]
  },
  {
    "timestamp" : 235256714874,
    "userAcceleration" : [
      0.013220887631177902,
      -0.021603167057037354,
      0.002124100923538208
    ],
    "gravity" : [
      -0.05126110836863518,
      -0.9790987372398376,
      0.1968199461698532
    ],
    "rotationMatrix" : [
      -0.2586092948913574,
      -0.17734301090240479,
      -0.9495635032653809,
      -0.9646209478378296,
      0.09957504272460938,
      0.2441132366657257,
      0.05126109719276428,
      0.9790987968444824,
      -0.19681990146636963
    ]
  },
  {
    "timestamp" : 235256724894,
    "userAcceleration" : [
      0.008359581232070923,
      -0.01847463846206665,
      0.002596139907836914
    ],
    "gravity" : [
      -0.0507638081908226,
      -0.9796178936958313,
      0.19434894621372223
    ],
    "rotationMatrix" : [
      -0.2615247070789337,
      -0.17477044463157654,
      -0.9492416977882385,
      -0.9638607501983643,
      0.09901437163352966,
      0.24732238054275513,
      0.05076378583908081,
      0.9796178936958313,
      -0.19434893131256104
    ]
  },
  {
    "timestamp" : 235256734913,
    "userAcceleration" : [
      0.021148107945919037,
      -0.011366784572601318,
      0.011886626482009888
    ],
    "gravity" : [
      -0.05015512555837631,
      -0.980225682258606,
      0.19142134487628937
    ],
    "rotationMatrix" : [
      -0.2638164758682251,
      -0.1718522310256958,
      -0.9491404891014099,
      -0.9632680416107178,
      0.098104327917099,
      0.24998044967651367,
      0.05015510320663452,
      0.980225682258606,
      -0.1914213001728058
    ]
  },
  {
    "timestamp" : 235256744932,
    "userAcceleration" : [
      0.043835584074258804,
      -0.006080508232116699,
      0.008880779147148132
    ],
    "gravity" : [
      -0.04957295581698418,
      -0.9808580875396729,
      0.18830861151218414
    ],
    "rotationMatrix" : [
      -0.26610255241394043,
      -0.16875454783439636,
      -0.9490582346916199,
      -0.9626692533493042,
      0.09715688228607178,
      0.25264307856559753,
      0.04957294464111328,
      0.9808580875396729,
      -0.18830859661102295
    ]
  },
  {
    "timestamp" : 235256754951,
    "userAcceleration" : [
      0.057471342384815216,
      0.002430140972137451,
      -0.010890841484069824
    ],
    "gravity" : [
      -0.049185872077941895,
      -0.9814186692237854,
      0.18546664714813232
    ],
    "rotationMatrix" : [
      -0.2685815989971161,
      -0.1658553183078766,
      -0.9488707184791565,
      -0.9620002508163452,
      0.09648409485816956,
      0.2554333508014679,
      0.049185872077941895,
      0.9814187288284302,
      -0.18546664714813232
    ]
  },
  {
    "timestamp" : 235256764970,
    "userAcceleration" : [
      0.06521251052618027,
      0.0133819580078125,
      -0.029537424445152283
    ],
    "gravity" : [
      -0.04914506897330284,
      -0.981842041015625,
      0.1832238882780075
    ],
    "rotationMatrix" : [
      -0.2709941267967224,
      -0.16345635056495667,
      -0.948601245880127,
      -0.9613256454467773,
      0.09627163410186768,
      0.25804027915000916,
      0.04914507269859314,
      0.981842041015625,
      -0.1832239031791687
    ]
  },
  {
    "timestamp" : 235256774990,
    "userAcceleration" : [
      0.06361550837755203,
      0.018857955932617188,
      -0.03280101716518402
    ],
    "gravity" : [
      -0.04945541173219681,
      -0.9821301102638245,
