[
  {
    "timestamp" : 235245991859,
    "gravity" : [
      0.05224911496043205,
      -0.9979257583618164,
      0.037600379437208176
    ],
    "userAcceleration" : [
      -0.006060712039470673,
      0.007340669631958008,
      -0.03987408056855202
    ],
    "rotationMatrix" : [
      -0.01882302761077881,
      0.036661237478256226,
      0.999150276184082,
      0.9984564781188965,
      0.05291271209716797,
      0.016868621110916138,
      -0.05224919319152832,
      0.9979257583618164,
      -0.03760039806365967
    ]
  },
  {
    "timestamp" : 235246001878,
    "gravity" : [
      0.051234640181064606,
      -0.9980867505073547,
      0.034601904451847076
    ],
    "userAcceleration" : [
      -0.007686007767915726,
      0.0016270875930786133,
      -0.035288698971271515
    ],
    "rotationMatrix" : [
      -0.014873355627059937,
      0.03388124704360962,
      0.9993149042129517,
      0.9985756278038025,
      0.05171447992324829,
      0.013109266757965088,
      -0.051234692335128784,
      0.9980867505073547,
      -0.03460189700126648
    ]
  },
  {
    "timestamp" : 235246011897,
    "gravity" : [
      0.050323229283094406,
      -0.9982313513755798,
      0.03164404630661011
    ],
    "userAcceleration" : [
      -0.004867244511842728,
      -0.0071242451667785645,
      -0.02326703816652298
    ],
    "rotationMatrix" : [
      -0.011386126279830933,
      0.031108945608139038,
      0.9994509220123291,
      0.99866783618927,
      0.05065616965293884,
      0.00980067253112793,
      -0.0503232479095459,
      0.9982312917709351,
      -0.03164404630661011
    ]
  },
  {
    "timestamp" : 235246021916,
    "gravity" : [
      0.04956671595573425,
      -0.9983605742454529,
      0.02862086147069931
    ],
    "userAcceleration" : [
      -0.007147226482629776,
      -0.005377709865570068,
      0.0049788933247327805
    ],
    "rotationMatrix" : [
      -0.00807538628578186,
      0.02825462818145752,
      0.9995680451393127,
      0.9987380504608154,
      0.04977652430534363,
      0.006661742925643921,
      -0.049566686153411865,
      0.9983605146408081,
      -0.02862083911895752
    ]
  },
  {
    "timestamp" : 235246031935,
    "gravity" : [
      0.04891787841916084,
      -0.998477041721344,
      0.025501854717731476
    ],
    "userAcceleration" : [
      -0.006498396396636963,
      -0.00526118278503418,
      0.008097885176539421
    ],
    "rotationMatrix" : [
      -0.004736602306365967,
      0.025300323963165283,
      0.9996684789657593,
      0.9987913966178894,
      0.04902258515357971,
      0.0034918487071990967,
      -0.04891785979270935,
      0.9984769821166992,
      -0.025501877069473267
    ]
  },
  {
    "timestamp" : 235246041954,
    "gravity" : [
      0.048316262662410736,
      -0.9985828995704651,
      0.02230706252157688
    ],
    "userAcceleration" : [
      -0.0033638179302215576,
      -0.0024393796920776367,
      0.016144990921020508
    ],
    "rotationMatrix" : [
      -0.002488374710083008,
      0.02221277356147766,
      0.9997501373291016,
      0.9988290071487427,
      0.04835975170135498,
      0.0014116466045379639,
      -0.048316240310668945,
      0.9985829591751099,
      -0.02230703830718994
    ]
  },
  {
    "timestamp" : 235246051973,
    "gravity" : [
      0.0477299802005291,
      -0.998676598072052,
      0.01915006712079048
    ],
    "userAcceleration" : [
      -0.008713200688362122,
      -0.0032458901405334473,
      0.0162044744938612
    ],
    "rotationMatrix" : [
      0.001057744026184082,
      0.019222497940063477,
      0.9998145699501038,
      0.9988596439361572,
      0.04770094156265259,
      -0.001973778009414673,
      -0.04772990942001343,
      0.9986766576766968,
      -0.019150078296661377
    ]
  },
  {
    "timestamp" : 235246061992,
    "gravity" : [
      0.04716140776872635,
      -0.9987562298774719,
      0.016182996332645416
    ],
    "userAcceleration" : [
      -0.013149507343769073,
      -0.0058672428131103516,
      0.006415130570530891
    ],
    "rotationMatrix" : [
      0.004980862140655518,
      0.016435891389846802,
      0.9998525381088257,
      0.9988749027252197,
      0.047073811292648315,
      -0.005749791860580444,
      -0.047161370515823364,
      0.9987561702728271,
      -0.01618298888206482
    ]
  },
  {
    "timestamp" : 235246072011,
    "gravity" : [
      0.04658765345811844,
      -0.9988246560096741,
      0.013367421925067902
    ],
    "userAcceleration" : [
      -0.015429150313138962,
      -0.001236259937286377,
      -0.0018013715744018555
    ],
    "rotationMatrix" : [
      0.009084880352020264,
      0.013805180788040161,
      0.9998633861541748,
      0.9988728761672974,
      0.04645994305610657,
      -0.009717285633087158,
      -0.04658770561218262,
      0.9988246560096741,
      -0.013367444276809692
    ]
  },
  {
    "timestamp" : 235246082031,
    "gravity" : [
      0.04604203253984451,
      -0.9988833665847778,
      0.01058960147202015
    ],
    "userAcceleration" : [
      -0.010504256933927536,
      0.0029270052909851074,
      -0.005218625068664551
    ],
    "rotationMatrix" : [
      0.014718741178512573,
      0.01127806305885315,
      0.999828040599823,
      0.998831033706665,
      0.04587829113006592,
      -0.015221506357192993,
      -0.046042025089263916,
      0.9988833665847778,
      -0.010589569807052612
    ]
  },
  {
    "timestamp" : 235246092050,
    "gravity" : [
      0.04547076299786568,
      -0.9989358186721802,
      0.007717854809015989
    ],
    "userAcceleration" : [
      -0.0084986612200737,
      0.0069925785064697266,
      -0.0013703107833862305
    ],
    "rotationMatrix" : [
      0.018874913454055786,
      0.00858357548713684,
      0.9997849464416504,
      0.9987872838973999,
      0.045315325260162354,
      -0.019245058298110962,
      -0.0454707145690918,
      0.9989358186721802,
      -0.007717818021774292
    ]
  },
  {
    "timestamp" : 235246102069,
    "gravity" : [
      0.04494083300232887,
      -0.9989784955978394,
      0.004693718161433935
    ],
    "userAcceleration" : [
      -0.0027197077870368958,
      0.011292457580566406,
      0.007467507850378752
    ],
    "rotationMatrix" : [
      0.022170215845108032,
      0.0056948065757751465,
      0.9997378587722778,
      0.99874347448349,
      0.04482513666152954,
      -0.022403359413146973,
      -0.044940829277038574,
      0.9989784955978394,
      -0.004693716764450073
    ]
  },
  {
    "timestamp" : 235246112088,
    "gravity" : [
      0.0444682240486145,
      -0.9990097880363464,
      0.0014201314188539982
    ],
    "userAcceleration" : [
      0.002284768968820572,
      0.0045182108879089355,
      0.017363309860229492
    ],
    "rotationMatrix" : [
      0.025210201740264893,
      0.0025432705879211426,
      0.9996789693832397,
      0.9986926913261414,
      0.044418126344680786,
      -0.025298386812210083,
      -0.04446825385093689,
      0.9990098476409912,
      -0.0014201700687408447
    ]
  },
  {
    "timestamp" : 235246122107,
    "gravity" : [
      0.044112466275691986,
      -0.9990242123603821,
      -0.0020830377470701933
    ],
    "userAcceleration" : [
      -0.01068040356040001,
      -0.0014944076538085938,
      0.0168839693069458
    ],
    "rotationMatrix" : [
      0.02839374542236328,
      -0.0008302927017211914,
      0.9995962977409363,
      0.9986228346824646,
      0.04415401816368103,
      -0.02832922339439392,
      -0.04411250352859497,
      0.9990241527557373,
      0.002083033323287964
    ]
  },
  {
    "timestamp" : 235246132126,
    "gravity" : [
      0.04390689730644226,
      -0.9990196228027344,
      -0.005638320930302143
    ],
    "userAcceleration" : [
      -0.022544536739587784,
      -0.004886507987976074,
      -0.0003279442898929119
    ],
    "rotationMatrix" : [
      0.03155449032783508,
      -0.004254072904586792,
      0.999492883682251,
      0.9985370635986328,
      0.04406261444091797,
      -0.03133672475814819,
      -0.04390689730644226,
      0.9990196824073792,
      0.005638331174850464
    ]
  },
  {
    "timestamp" : 235246142145,
    "gravity" : [
      0.043819740414619446,
      -0.9989975094795227,
      -0.00916056428104639
    ],
    "userAcceleration" : [
      -0.02245737612247467,
      -0.00490880012512207,
      0.0031942715868353844
    ],
    "rotationMatrix" : [
      0.03429698944091797,
      -0.007659703493118286,
      0.9993823766708374,
      0.9984506368637085,
      0.04410684108734131,
      -0.03392702341079712,
      -0.04381978511810303,
      0.9989975094795227,
      0.009160518646240234
    ]
  },
  {
    "timestamp" : 235246152164,
    "gravity" : [
      0.04379153624176979,
      -0.9989603161811829,
      -0.012663762085139751
    ],
    "userAcceleration" : [
      -0.019362155348062515,
      -0.002626478672027588,
      0.009276211261749268
    ],
    "rotationMatrix" : [
      0.036961108446121216,
      -0.011047124862670898,
      0.9992555379867554,
      0.9983565807342529,
      0.044227153062820435,
      -0.03643879294395447,
      -0.04379156231880188,
      0.9989602565765381,
      0.012663781642913818
    ]
  },
  {
    "timestamp" : 235246162183,
    "gravity" : [
      0.04375969618558884,
      -0.998911440372467,
      -0.016149889677762985
    ],
    "userAcceleration" : [
      -0.011746704578399658,
      0.0003916621208190918,
      0.011816324666142464
    ],
    "rotationMatrix" : [
      0.03977254033088684,
      -0.014410555362701416,
      0.9991047382354736,
      0.9982499480247498,
      0.04436296224594116,
      -0.03909856081008911,
      -0.043759703636169434,
      0.998911440372467,
      0.016149908304214478
    ]
  },
  {
    "timestamp" : 235246172202,
    "gravity" : [
      0.043715763837099075,
      -0.9988518357276917,
      -0.019590262323617935
    ],
    "userAcceleration" : [
      -0.006530046463012695,
      0.007671535015106201,
      0.01368504948914051
    ],
    "rotationMatrix" : [
      0.042627960443496704,
      -0.017726123332977295,
      0.9989336729049683,
      0.9981340765953064,
      0.044504314661026,
      -0.04180401563644409,
      -0.04371574521064758,
      0.9988518357276917,
      0.019590258598327637
    ]
  },
  {
    "timestamp" : 235246182222,
    "gravity" : [
      0.043609652668237686,
      -0.9987842440605164,
      -0.022975342348217964
    ],
    "userAcceleration" : [
      -0.0021209530532360077,
      0.012547850608825684,
      0.016688646748661995
    ],
    "rotationMatrix" : [
      0.04525157809257507,
      -0.020998656749725342,
      0.9987546801567078,
      0.9980230927467346,
      0.04459524154663086,
      -0.04428061842918396,
      -0.043609678745269775,
      0.9987841844558716,
      0.02297535538673401
    ]
  },
  {
    "timestamp" : 235246192241,
    "gravity" : [
      0.04342637583613396,
      -0.998711884021759,
      -0.02623913623392582
    ],
    "userAcceleration" : [
      -0.0008237846195697784,
      0.009561002254486084,
      0.01542055793106556
    ],
    "rotationMatrix" : [
      0.04854714870452881,
      -0.024123311042785645,
      0.9985294342041016,
      0.9978762865066528,
      0.04463645815849304,
      -0.047436922788619995,
      -0.04342639446258545,
      0.9987118244171143,
      0.026239126920700073
    ]
  },
  {
    "timestamp" : 235246202260,
    "gravity" : [
      0.0432877354323864,
      -0.9986305236816406,
      -0.029372863471508026
    ],
    "userAcceleration" : [
      -0.00765841081738472,
      0.0023996829986572266,
      0.01136738620698452
    ],
    "rotationMatrix" : [
      0.05191445350646973,
      -0.027112066745758057,
      0.9982831478118896,
      0.9977126717567444,
      0.0447385311126709,
      -0.05066952109336853,
      -0.0432877242565155,
      0.9986305236816406,
      0.029372870922088623
    ]
  },
  {
    "timestamp" : 235246212279,
    "gravity" : [
      0.043227870017290115,
      -0.9985359907150269,
      -0.032510410994291306
    ],
    "userAcceleration" : [
      -0.010909702628850937,
      0.0014048218727111816,
      0.013391081243753433
    ],
    "rotationMatrix" : [
      0.05496832728385925,
      -0.03011423349380493,
      0.9980337023735046,
      0.9975517392158508,
      0.044930070638656616,
      -0.05358591675758362,
      -0.04322785139083862,
      0.9985359907150269,
      0.03251039981842041
    ]
  },
  {
    "timestamp" : 235246222298,
    "gravity" : [
      0.04327433183789253,
      -0.9984207153320312,
      -0.0358194075524807
    ],
    "userAcceleration" : [
      -0.010864607989788055,
      0.0004960894584655762,
      0.01596767082810402
    ],
    "rotationMatrix" : [
      0.05853313207626343,
      -0.03325754404067993,
      0.9977311491966248,
      0.9973469376564026,
      0.04527294635772705,
      -0.057001322507858276,
      -0.04327434301376343,
      0.9984207153320312,
      0.035819411277770996
    ]
  },
  {
    "timestamp" : 235246232317,
    "gravity" : [
      0.04341752082109451,
      -0.998283326625824,
      -0.039309799671173096
    ],
    "userAcceleration" : [
      -0.006781112402677536,
      -0.004981935024261475,
      0.01294255256652832
    ],
    "rotationMatrix" : [
      0.06131553649902344,
      -0.03661006689071655,
      0.9974467158317566,
      0.9971736073493958,
      0.04571700096130371,
      -0.05962070822715759,
      -0.043417513370513916,
      0.9982832670211792,
      0.039309799671173096
    ]
  },
  {
    "timestamp" : 235246242336,
    "gravity" : [
      0.04365772381424904,
      -0.9981288909912109,
      -0.042809221893548965
    ],
    "userAcceleration" : [
      -0.006868723779916763,
      -0.002908647060394287,
      -0.0007852315902709961
    ],
    "rotationMatrix" : [
      0.06384050846099854,
      -0.03997522592544556,
      0.9971591234207153,
      0.9970046877861023,
      0.04626670479774475,
      -0.06197574734687805,
      -0.04365769028663635,
      0.9981288909912109,
      0.04280921816825867
    ]
  },
  {
    "timestamp" : 235246252355,
    "gravity" : [
      0.0439009815454483,
      -0.9979698657989502,
      -0.04613932967185974
    ],
    "userAcceleration" : [
      -0.005509812384843826,
      0.0029137134552001953,
      -0.01044035330414772
    ],
    "rotationMatrix" : [
      0.06596335768699646,
      -0.043187499046325684,
      0.9968870282173157,
      0.9968558549880981,
      0.046807825565338135,
      -0.06393346190452576,
      -0.043901026248931885,
      0.9979698657989502,
      0.04613932967185974
    ]
  },
  {
    "timestamp" : 235246262374,
    "gravity" : [
      0.044042106717824936,
      -0.9978172779083252,
      -0.04920240119099617
    ],
    "userAcceleration" : [
      0.007669985294342041,
      0.010039687156677246,
      -0.006888985633850098
    ],
    "rotationMatrix" : [
      0.06805652379989624,
      -0.04613912105560303,
      0.9966139793395996,
      0.996708869934082,
      0.047241538763046265,
      -0.06587585806846619,
      -0.044042110443115234,
      0.9978172779083252,
      0.049202412366867065
    ]
  },
  {
    "timestamp" : 235246272393,
    "gravity" : [
      0.04403703287243843,
      -0.9976762533187866,
      -0.05198751389980316
    ],
    "userAcceleration" : [
      0.017074473202228546,
      0.012614667415618896,
      0.007263898849487305
    ],
    "rotationMatrix" : [
      0.06975910067558289,
      -0.048840075731277466,
      0.9963675141334534,
      0.996591329574585,
      0.04750370979309082,
      -0.06744614243507385,
      -0.044037044048309326,
      0.9976762533187866,
      0.05198749899864197
    ]
  },
  {
    "timestamp" : 235246282413,
    "gravity" : [
      0.043830230832099915,
      -0.9975457787513733,
      -0.05460158362984657
    ],
    "userAcceleration" : [
      0.022347193211317062,
      0.017672181129455566,
      0.02318364381790161
    ],
    "rotationMatrix" : [
      0.07159358263015747,
      -0.05137726664543152,
      0.9961097836494446,
      0.9964703321456909,
      0.04756888747215271,
      -0.06916594505310059,
      -0.04383021593093872,
      0.9975457191467285,
      0.054601579904556274
    ]
  },
  {
    "timestamp" : 235246292432,
    "gravity" : [
      0.0433865450322628,
      -0.9974194765090942,
      -0.05720026046037674
    ],
    "userAcceleration" : [
      0.028543446213006973,
      0.01812577247619629,
      0.04513049125671387
    ],
    "rotationMatrix" : [
      0.07396867871284485,
      -0.05388998985290527,
      0.9958033561706543,
      0.9963163137435913,
      0.04743552207946777,
      -0.0714397132396698,
      -0.0433865487575531,
      0.9974194765090942,
      0.057200223207473755
    ]
  },
  {
    "timestamp" : 235246302451,
    "gravity" : [
      0.04275371879339218,
      -0.9972865581512451,
      -0.05993027240037918
    ],
    "userAcceleration" : [
      0.034638915210962296,
      0.009722530841827393,
      0.06023538112640381
    ],
    "rotationMatrix" : [
      0.07664322853088379,
      -0.05653446912765503,
      0.9954544901847839,
      0.9961414933204651,
      0.04715263843536377,
      -0.07401815056800842,
      -0.042753756046295166,
      0.9972865581512451,
      0.059930264949798584
    ]
  },
  {
    "timestamp" : 235246312470,
    "gravity" : [
      0.04198446869850159,
      -0.9971386790275574,
      -0.06286279112100601
    ],
    "userAcceleration" : [
      0.03365340456366539,
      -0.0012132525444030762,
      0.06542617082595825
    ],
    "rotationMatrix" : [
      0.07993140816688538,
      -0.05936440825462341,
      0.9950311183929443,
      0.9959157705307007,
      0.046800583600997925,
      -0.07721033692359924,
      -0.04198446869850159,
      0.9971387386322021,
      0.0628628134727478
    ]
  },
  {
    "timestamp" : 235246322489,
    "gravity" : [
      0.04115448147058487,
      -0.9969686269760132,
      -0.06602940708398819
    ],
    "userAcceleration" : [
      0.023161374032497406,
      -0.011835634708404541,
      0.05325770378112793
    ],
    "rotationMatrix" : [
      0.08346733450889587,
      -0.0624239444732666,
      0.9945533275604248,
      0.9956603050231934,
      0.04644164443016052,
      -0.08064529299736023,
      -0.04115447402000427,
      0.9969686269760132,
      0.06602942943572998
    ]
  },
  {
    "timestamp" : 235246332508,
    "gravity" : [
      0.04038320854306221,
      -0.9967789053916931,
      -0.06928889453411102
    ],
    "userAcceleration" : [
      0.005393214523792267,
      -0.01860189437866211,
      0.028013765811920166
    ],
    "rotationMatrix" : [
      0.08664959669113159,
      -0.06559059023857117,
      0.9940773248672485,
      0.995419979095459,
      0.0461479127407074,
      -0.08372169733047485,
      -0.040383219718933105,
      0.9967789053916931,
      0.06928887963294983
    ]
  },
  {
    "timestamp" : 235246342527,
    "gravity" : [
      0.03980273753404617,
      -0.9965786337852478,
      -0.07243390381336212
    ],
    "userAcceleration" : [
      -0.014228951185941696,
      -0.024966657161712646,
      0.00868261605501175
    ],
    "rotationMatrix" : [
      0.08963727951049805,
      -0.06863775849342346,
      0.9936065077781677,
      0.9951788187026978,
      0.0460411012172699,
      -0.08659857511520386,
      -0.039802730083465576,
      0.9965786337852478,
      0.07243391871452332
    ]
  },
  {
    "timestamp" : 235246352546,
    "gravity" : [
      0.03950988128781319,
      -0.996371865272522,
      -0.07537850737571716
    ],
    "userAcceleration" : [
      -0.02141290158033371,
      -0.027233421802520752,
      -0.003173828125
    ],
    "rotationMatrix" : [
      0.09211736917495728,
      -0.07148405909538269,
      0.9931788444519043,
      0.9949638843536377,
      0.04618409276008606,
      -0.088958740234375,
      -0.039509862661361694,
      0.996371865272522,
      0.07537850737571716
    ]
  },
  {
    "timestamp" : 235246362565,
    "gravity" : [
      0.03951038047671318,
      -0.9961552023887634,
      -0.07818993180990219
    ],
    "userAcceleration" : [
      -0.017674997448921204,
      -0.022445201873779297,
      -0.002101898193359375
    ],
    "rotationMatrix" : [
      0.09393006563186646,
      -0.07420176267623901,
      0.9928097724914551,
      0.9947944283485413,
      0.04657071828842163,
      -0.09063714742660522,
      -0.03951039910316467,
      0.9961552023887634,
      0.0781899094581604
    ]
  },
  {
    "timestamp" : 235246372584,
    "gravity" : [
      0.03974460810422897,
      -0.9959195852279663,
      -0.08102098107337952
    ],
    "userAcceleration" : [
      -0.011927779763936996,
      -0.01714181900024414,
      0.009686052799224854
    ],
    "rotationMatrix" : [
      0.09550407528877258,
      -0.07692751288414001,
      0.9924520254135132,
      0.9946352243423462,
      0.04718253016471863,
      -0.09205687046051025,
      -0.03974461555480957,
      0.9959195852279663,
      0.0810210108757019
    ]
  },
  {
    "timestamp" : 235246382604,
    "gravity" : [
      0.04006955772638321,
      -0.9956626296043396,
      -0.08396606147289276
    ],
    "userAcceleration" : [
      0.01519782841205597,
      -0.003391265869140625,
      0.025173842906951904
    ],
    "rotationMatrix" : [
      0.09680011868476868,
      -0.07977011799812317,
      0.9921020269393921,
      0.9944969415664673,
      0.04788103699684143,
      -0.09318384528160095,
      -0.040069580078125,
      0.9956625699996948,
      0.08396607637405396
    ]
  },
  {
    "timestamp" : 235246392623,
    "gravity" : [
      0.04034782573580742,
      -0.9953911304473877,
      -0.08699636161327362
    ],
    "userAcceleration" : [
      0.01491956040263176,
      -0.003662705421447754,
      0.02820415049791336
    ],
    "rotationMatrix" : [
      0.09807923436164856,
      -0.08270123600959778,
      0.9917362928390503,
      0.9943603277206421,
      0.04854702949523926,
      -0.09429028630256653,
      -0.04034784436225891,
      0.9953911304473877,
      0.08699634671211243
    ]
  },
  {
    "timestamp" : 235246402642,
    "gravity" : [
      0.0404660701751709,
      -0.9951251745223999,
      -0.08993547409772873
    ],
    "userAcceleration" : [
      0.014801319688558578,
      -0.003928720951080322,
      0.03114330768585205
    ],
    "rotationMatrix" : [
      0.09888514876365662,
      -0.08557876944541931,
      0.9914121627807617,
      0.994275689125061,
      0.04901185631752014,
      -0.09494006633758545,
      -0.040466099977493286,
      0.9951251745223999,
      0.08993548154830933
    ]
  },
  {
    "timestamp" : 235246412661,
    "gravity" : [
      0.04038887470960617,
      -0.994881272315979,
      -0.09262769669294357
    ],
    "userAcceleration" : [
      0.015961889177560806,
      -0.00876551866531372,
      0.02951723337173462
    ],
    "rotationMatrix" : [
      0.10022059082984924,
      -0.08820214867591858,
      0.9910479784011841,
      0.9941451549530029,
      0.04931056499481201,
      -0.0961451530456543,
      -0.040388911962509155,
      0.994881272315979,
      0.09262767434120178
    ]
  },
  {
    "timestamp" : 235246422680,
    "gravity" : [
      0.04018762335181236,
      -0.9946690797805786,
      -0.09496421366930008
    ],
    "userAcceleration" : [
      0.011677056550979614,
      -0.022008657455444336,
      0.026375897228717804
    ],
    "rotationMatrix" : [
      0.10181477665901184,
      -0.09046968817710876,
      0.9906809329986572,
      0.9939911365509033,
      0.04948195815086365,
      -0.0976361334323883,
      -0.04018759727478027,
      0.9946690797805786,
      0.09496420621871948
    ]
  },
  {
    "timestamp" : 235246432699,
    "gravity" : [
      0.03991446644067764,
      -0.9944819808006287,
      -0.09701770544052124
    ],
    "userAcceleration" : [
      0.0038630589842796326,
      -0.023447036743164062,
      0.024156928062438965
    ],
    "rotationMatrix" : [
      0.10359203815460205,
      -0.0924532413482666,
      0.9903136491775513,
      0.9938186407089233,
      0.04957813024520874,
      -0.09933015704154968,
      -0.039914488792419434,
      0.9944819211959839,
      0.09701770544052124
    ]
  },
  {
    "timestamp" : 235246442718,
    "gravity" : [
      0.03969747945666313,
      -0.9943047761917114,
      -0.09890425205230713
    ],
    "userAcceleration" : [
      -0.002008214592933655,
      -0.021198034286499023,
      0.020458757877349854
    ],
    "rotationMatrix" : [
      0.10857927799224854,
      -0.09410354495048523,
      0.9896236062049866,
      0.9932947158813477,
      0.05002453923225403,
      -0.10422518849372864,
      -0.039697468280792236,
      0.9943047761917114,
      0.09890422224998474
    ]
  },
  {
    "timestamp" : 235246452737,
    "gravity" : [
      0.03960585966706276,
      -0.9941272735595703,
      -0.10070893913507462
    ],
    "userAcceleration" : [
      -0.010110564529895782,
      -0.021741807460784912,
      0.019150614738464355
    ],
    "rotationMatrix" : [
      0.11057969927787781,
      -0.09580817818641663,
      0.9892385005950928,
      0.9930777549743652,
      0.050316065549850464,
      -0.10613566637039185,
      -0.03960585594177246,
      0.9941272139549255,
      0.1007089614868164
    ]
  },
  {
    "timestamp" : 235246462756,
    "gravity" : [
      0.03974102437496185,
      -0.9939396381378174,
      -0.10249194502830505
    ],
    "userAcceleration" : [
      -0.013572145253419876,
      -0.024599671363830566,
      0.02329874038696289
    ],
    "rotationMatrix" : [
      0.11153587698936462,
      -0.09751930832862854,
      0.9889639019966125,
      0.9929654598236084,
      0.0507340133190155,
      -0.10698437690734863,
      -0.03974097967147827,
      0.9939396381378174,
      0.10249197483062744
    ]
  },
  {
    "timestamp" : 235246472776,
    "gravity" : [
      0.04003931209445,
      -0.9937387704849243,
      -0.10430779308080673
    ],
    "userAcceleration" : [
      -0.009140212088823318,
      -0.026768982410430908,
      0.034895479679107666
    ],
    "rotationMatrix" : [
      0.1124776303768158,
      -0.09924551844596863,
      0.9886854887008667,
      0.992847204208374,
      0.051318585872650146,
      -0.10779964923858643,
      -0.040039271116256714,
      0.9937387704849243,
      0.10430780053138733
    ]
  },
  {
    "timestamp" : 235246482795,
    "gravity" : [
      0.04043663293123245,
      -0.9935278296470642,
      -0.10614719986915588
    ],
    "userAcceleration" : [
      -0.0031898729503154755,
      -0.019884586334228516,
      0.02727442979812622
    ],
    "rotationMatrix" : [
      0.11335313320159912,
      -0.1009867787361145,
      0.988409161567688,
      0.992731511592865,
      0.05200013518333435,
      -0.10853585600852966,
      -0.04043665528297424,
      0.9935277700424194,
      0.10614719986915588
    ]
  },
  {
    "timestamp" : 235246492814,
    "gravity" : [
      0.040853101760149,
      -0.9933207631111145,
      -0.10791072249412537
    ],
    "userAcceleration" : [
      -0.003606349229812622,
      -0.020091593265533447,
      0.0290379598736763
    ],
    "rotationMatrix" : [
      0.11462506651878357,
      -0.10262846946716309,
      0.9880932569503784,
      0.9925683736801147,
      0.05273604393005371,
      -0.10966667532920837,
      -0.0408531129360199,
      0.9933207035064697,
      0.10791072249412537
    ]
  },
  {
    "timestamp" : 235246502833,
    "gravity" : [
      0.04127028211951256,
      -0.9931278824806213,
      -0.10951530188322067
    ],
    "userAcceleration" : [
      -0.0040235258638858795,
      -0.02028447389602661,
      0.030642516911029816
    ],
    "rotationMatrix" : [
      0.1148453950881958,
      -0.10416695475578308,
      0.9879066944122314,
      0.992525577545166,
      0.0533486008644104,
      -0.10975703597068787,
      -0.04127025604248047,
      0.9931278228759766,
      0.10951530933380127
    ]
  },
  {
    "timestamp" : 235246512852,
    "gravity" : [
      0.0416613332927227,
      -0.9929560422897339,
      -0.11091752350330353
    ],
    "userAcceleration" : [
      0.00011729076504707336,
      -0.017099440097808838,
      0.02691781520843506
    ],
    "rotationMatrix" : [
      0.11579322814941406,
      -0.10546737909317017,
      0.9876581430435181,
      0.992399275302887,
      0.05399066209793091,
      -0.11058369278907776,
      -0.041661351919174194,
      0.9929560422897339,
      0.11091750860214233
    ]
  },
  {
    "timestamp" : 235246522871,
    "gravity" : [
      0.04199986904859543,
      -0.9928076863288879,
      -0.11211052536964417
    ],
    "userAcceleration" : [
      0.0065078772604465485,
      -0.01756817102432251,
      0.023929893970489502
    ],
    "rotationMatrix" : [
      0.116923987865448,
      -0.10655438899993896,
      0.9874081611633301,
      0.9922523498535156,
      0.054579466581344604,
      -0.11160770058631897,
      -0.04199984669685364,
      0.9928077459335327,
      0.11211052536964417
    ]
  },
  {
    "timestamp" : 235246532890,
    "gravity" : [
      0.04232295602560043,
      -0.9926760792732239,
      -0.11315084248781204
    ],
    "userAcceleration" : [
      0.008092142641544342,
      -0.0158536434173584,
      0.023505374789237976
    ],
    "rotationMatrix" : [
      0.11766248941421509,
      -0.10751202702522278,
      0.9872166514396667,
      0.9921513795852661,
      0.05509549379348755,
      -0.11225053668022156,
      -0.04232293367385864,
      0.9926760196685791,
      0.11315083503723145
    ]
  },
  {
    "timestamp" : 235246542909,
    "gravity" : [
      0.04266476631164551,
      -0.9925510287284851,
      -0.11411423236131668
    ],
    "userAcceleration" : [
      0.005217369645833969,
      -0.018175840377807617,
      0.02816140651702881
    ],
    "rotationMatrix" : [
      0.11850979924201965,
      -0.1083841621875763,
      0.9870198965072632,
      0.9920358657836914,
      0.055634647607803345,
      -0.11300280690193176,
      -0.04266476631164551,
      0.9925510883331299,
      0.11411422491073608
    ]
  },
  {
    "timestamp" : 235246552928,
    "gravity" : [
      0.043017011135816574,
      -0.9924184083938599,
      -0.11513137072324753
    ],
    "userAcceleration" : [
      0.005658585578203201,
      -0.016721606254577637,
      0.034717485308647156
    ],
    "rotationMatrix" : [
      0.11909538507461548,
      -0.10932266712188721,
      0.986845850944519,
      0.991950511932373,
      0.05616277456283569,
      -0.11348974704742432,
      -0.04301699995994568,
      0.9924184083938599,
      0.11513137817382812
    ]
  },
  {
    "timestamp" : 235246562948,
    "gravity" : [
      0.04342186823487282,
      -0.9922698140144348,
      -0.11625552922487259
    ],
    "userAcceleration" : [
      -0.0032301582396030426,
      -0.014734029769897461,
      0.03605525195598602
    ],
    "rotationMatrix" : [
      0.12004110217094421,
      -0.11034044623374939,
      0.9866180419921875,
      0.991818904876709,
      0.05679616332054138,
      -0.11432203650474548,
      -0.04342183470726013,
      0.99226975440979,
      0.11625552177429199
    ]
  },
  {
    "timestamp" : 235246572967,
    "gravity" : [
      0.04388521984219551,
      -0.9921095371246338,
      -0.11744257807731628
    ],
    "userAcceleration" : [
      -0.011948522180318832,
      -0.012803733348846436,
      0.03809678554534912
    ],
    "rotationMatrix" : [
      0.12129619717597961,
      -0.11139485239982605,
      0.9863460063934326,
      0.9916456937789917,
      0.05753135681152344,
      -0.11545050144195557,
      -0.043885231018066406,
      0.9921095371246338,
      0.11744257807731628
    ]
  },
  {
    "timestamp" : 235246582986,
    "gravity" : [
      0.04441838338971138,
      -0.9919470548629761,
      -0.1186087504029274
    ],
    "userAcceleration" : [
      -0.016571037471294403,
      -0.01658254861831665,
      0.03624171018600464
    ],
    "rotationMatrix" : [
      0.12253102660179138,
      -0.11242002248764038,
      0.9860770106315613,
      0.9914701581001282,
      0.05833321809768677,
      -0.11655071377754211,
      -0.044418394565582275,
      0.9919470548629761,
      0.1186087429523468
    ]
  },
  {
    "timestamp" : 235246593005,
    "gravity" : [
      0.04505297169089317,
      -0.991784393787384,
      -0.11972441524267197
    ],
    "userAcceleration" : [
      -0.022103693336248398,
      -0.017264068126678467,
      0.03172688186168671
    ],
    "rotationMatrix" : [
      0.12382513284683228,
      -0.11337780952453613,
      0.9858056902885437,
      0.9912807941436768,
      0.05923834443092346,
      -0.11769980192184448,
      -0.045052945613861084,
      0.991784393787384,
      0.11972442269325256
    ]
  },
  {
    "timestamp" : 235246603024,
    "gravity" : [
      0.04581115394830704,
      -0.9916099309921265,
      -0.12087652832269669
    ],
    "userAcceleration" : [
      -0.02771417424082756,
      -0.01093822717666626,
      0.032085537910461426
    ],
    "rotationMatrix" : [
      0.12499010562896729,
      -0.11436283588409424,
      0.9855448603630066,
      0.9910998344421387,
      0.060257285833358765,
      -0.11870238184928894,
      -0.04581111669540405,
      0.9916099309921265,
      0.12087652087211609
    ]
  },
  {
    "timestamp" : 235246613043,
    "gravity" : [
      0.046732641756534576,
      -0.9913991689682007,
      -0.12224473059177399
    ],
    "userAcceleration" : [
      -0.0255686417222023,
      -0.005152285099029541,
      0.03842812776565552
    ],
    "rotationMatrix" : [
      0.1260603368282318,
      -0.11554676294326782,
      0.9852703809738159,
      0.9909211993217468,
      0.06145447492599487,
      -0.1195763349533081,
      -0.04673266410827637,
      0.9913991689682007,
      0.1222446858882904
    ]
  },
  {
    "timestamp" : 235246623062,
    "gravity" : [
      0.0478103831410408,
      -0.9911242723464966,
      -0.12404338270425797
    ],
    "userAcceleration" : [
      -0.013539087027311325,
      -0.0028331875801086426,
      0.053135693073272705
    ],
    "rotationMatrix" : [
      0.127218097448349,
      -0.1171317994594574,
      0.9849343299865723,
      0.9907217025756836,
      0.06287068128585815,
      -0.12048876285552979,
      -0.04781034588813782,
      0.9911242723464966,
      0.12404337525367737
    ]
  },
  {
    "timestamp" : 235246633081,
    "gravity" : [
      0.04892326518893242,
      -0.9907776713371277,
      -0.12635605037212372
    ],
    "userAcceleration" : [
      0.003170289099216461,
      -0.004217267036437988,
      0.06289465725421906
    ],
    "rotationMatrix" : [
      0.12836036086082458,
      -0.11922153830528259,
      0.9845352172851562,
      0.9905200004577637,
      0.06438592076301575,
      -0.1213437020778656,
      -0.04892325401306152,
      0.9907776117324829,
      0.1263560652732849
    ]
  },
  {
    "timestamp" : 235246643100,
    "gravity" : [
      0.04982653632760048,
      -0.9903807044029236,
      -0.12908662855625153
    ],
    "userAcceleration" : [
      0.019402645528316498,
      0.0027709603309631348,
      0.06040674448013306
    ],
    "rotationMatrix" : [
      0.1294969916343689,
      -0.12174996733665466,
      0.984076976776123,
      0.9903271198272705,
      0.06574946641921997,
      -0.12218493223190308,
      -0.04982650279998779,
      0.9903807044029236,
      0.12908661365509033
    ]
  },
  {
    "timestamp" : 235246653119,
    "gravity" : [
      0.05036052316427231,
      -0.9899806380271912,
      -0.13191771507263184
    ],
    "userAcceleration" : [
      0.023263197392225266,
      0.011053025722503662,
      0.04279105365276337
    ],
    "rotationMatrix" : [
      0.13097450137138367,
      -0.12439829111099243,
      0.9835501909255981,
      0.990105926990509,
      0.06680989265441895,
      -0.12339752912521362,
      -0.050360530614852905,
      0.9899806380271912,
      0.13191774487495422
    ]
  },
  {
    "timestamp" : 235246663139,
    "gravity" : [
      0.05042911693453789,
      -0.9896297454833984,
      -0.1344974935054779
    ],
    "userAcceleration" : [
      0.027451790869235992,
      0.013082683086395264,
      0.025412335991859436
    ],
    "rotationMatrix" : [
      0.1325366199016571,
      -0.12684637308120728,
      0.9830279350280762,
      0.9898943305015564,
      0.06739920377731323,
      -0.12476533651351929,
      -0.05042913556098938,
      0.9896298050880432,
      0.1344974935054779
    ]
  },
  {
    "timestamp" : 235246673158,
    "gravity" : [
      0.05009949952363968,
      -0.9893434643745422,
      -0.1367093026638031
    ],
    "userAcceleration" : [
      0.026301309466362,
      0.006906449794769287,
      0.01589013636112213
    ],
    "rotationMatrix" : [
      0.13415470719337463,
      -0.12897440791130066,
      0.9825314283370972,
      0.9896930456161499,
      0.06756457686424255,
      -0.12626346945762634,
      -0.05009949207305908,
      0.9893434047698975,
      0.1367092728614807
    ]
  },
  {
    "timestamp" : 235246683177,
    "gravity" : [
      0.049448929727077484,
      -0.9890990853309631,
      -0.13869944214820862
    ],
    "userAcceleration" : [
      0.021214574575424194,
      0.0010926127433776855,
      0.02229006588459015
    ],
    "rotationMatrix" : [
      0.1356506049633026,
      -0.13093149662017822,
      0.9820670485496521,
      0.989521861076355,
      0.06737691164016724,
      -0.12769737839698792,
      -0.04944890737533569,
      0.9890991449356079,
      0.13869944214820862
    ]
  },
  {
    "timestamp" : 235246693196,
    "gravity" : [
      0.048595428466796875,
      -0.9888516068458557,
      -0.140750914812088
    ],
    "userAcceleration" : [
      0.013248499482870102,
      -0.008935749530792236,
      0.03975290060043335
    ],
    "rotationMatrix" : [
      0.13742971420288086,
      -0.13295739889144897,
      0.9815473556518555,
      0.9893186688423157,
      0.06704214215278625,
      -0.12943634390830994,
      -0.048595428466796875,
      0.9888515472412109,
      0.140750914812088
    ]
  },
  {
    "timestamp" : 235246703215,
    "gravity" : [
      0.04773359373211861,
      -0.9885455965995789,
      -0.14317452907562256
    ],
    "userAcceleration" : [
      0.006084207445383072,
      -0.024515807628631592,
      0.06054814159870148
    ],
    "rotationMatrix" : [
      0.1399419605731964,
      -0.13530558347702026,
      0.9808712601661682,
      0.989008367061615,
      0.0668567419052124,
      -0.1318802535533905,
      -0.0477336049079895,
      0.9885455369949341,
      0.14317455887794495
    ]
  },
  {
    "timestamp" : 235246713234,
    "gravity" : [
      0.047107961028814316,
      -0.98813396692276,
      -0.14619149267673492
    ],
    "userAcceleration" : [
      -0.01121922954916954,
      -0.04010993242263794,
      0.061932384967803955
    ],
    "rotationMatrix" : [
      0.14304199814796448,
      -0.13817226886749268,
      0.9800240993499756,
      0.9885947704315186,
      0.06707850098609924,
      -0.1348356306552887,
      -0.04710793495178223,
      0.9881340265274048,
      0.14619147777557373
    ]
  },
  {
    "timestamp" : 235246723253,
    "gravity" : [
      0.04691196233034134,
      -0.9876120686531067,
      -0.14973805844783783
    ],
    "userAcceleration" : [
      -0.03514738008379936,
      -0.04685741662979126,
      0.04223978519439697
    ],
    "rotationMatrix" : [
      0.14609837532043457,
      -0.14150720834732056,
      0.9790970087051392,
      0.9881570935249329,
      0.06780791282653809,
      -0.13765007257461548,
      -0.04691198468208313,
      0.9876120686531067,
      0.14973807334899902
    ]
  },
  {
    "timestamp" : 235246733272,
    "gravity" : [
      0.04727601259946823,
      -0.9870090484619141,
      -0.1535508930683136
    ],
    "userAcceleration" : [
