[
  {
    "timestamp" : 235266070385,
    "gravity" : [
      0.045874711126089096,
      -0.980641782283783,
      0.19036129117012024
    ],
    "rotationMatrix" : [
      0.8167954087257385,
      0.14653010666370392,
      0.558009147644043,
      0.5751007199287415,
      -0.12988774478435516,
      -0.8077056407928467,
      -0.04587468504905701,
      0.9806417226791382,
      -0.19036129117012024
    ],
    "userAcceleration" : [
      -0.010794728994369507,
      0.020558714866638184,
      -0.011665672063827515
    ]
  },
  {
    "timestamp" : 235266080404,
    "gravity" : [
      0.04582363739609718,
      -0.9801650643348694,
      0.19281239807605743
    ],
    "rotationMatrix" : [
      0.8193956017494202,
      0.14728404581546783,
      0.5539839863777161,
      0.5713939666748047,
      -0.13260409235954285,
      -0.8098919987678528,
      -0.045823633670806885,
      0.9801650643348694,
      -0.19281241297721863
    ],
    "userAcceleration" : [
      -0.009660281240940094,
      0.02737569808959961,
      -0.01753482222557068
    ]
  },
  {
    "timestamp" : 235266090423,
    "gravity" : [
      0.04571501538157463,
      -0.9796962738037109,
      0.19520552456378937
    ],
    "rotationMatrix" : [
      0.8217584490776062,
      0.147989884018898,
      0.5502835512161255,
      0.5679992437362671,
      -0.13525554537773132,
      -0.8118390440940857,
      -0.04571503400802612,
      0.9796962141990662,
      -0.19520552456378937
    ],
    "userAcceleration" : [
      -0.006698276847600937,
      0.03206449747085571,
      -0.034179702401161194
    ]
  },
  {
    "timestamp" : 235266100443,
    "gravity" : [
      0.04555003345012665,
      -0.9791979789733887,
      0.19772876799106598
    ],
    "rotationMatrix" : [
      0.8239877820014954,
      0.1487324833869934,
      0.54673832654953,
      0.564773678779602,
      -0.13802218437194824,
      -0.8136219382286072,
      -0.04555004835128784,
      0.9791979193687439,
      -0.19772879779338837
    ],
    "userAcceleration" : [
      -0.006518024951219559,
      0.026774883270263672,
      -0.047536611557006836
    ]
  },
  {
    "timestamp" : 235266110462,
    "gravity" : [
      0.04534219205379486,
      -0.9786587357521057,
      0.20042791962623596
    ],
    "rotationMatrix" : [
      0.82612144947052,
      0.14953948557376862,
      0.543287456035614,
      0.561664879322052,
      -0.1409439742565155,
      -0.8152714371681213,
      -0.04534219205379486,
      0.9786587357521057,
      -0.20042791962623596
    ],
    "userAcceleration" : [
      -0.011498168110847473,
      0.022603988647460938,
      -0.05133447051048279
    ]
  },
  {
    "timestamp" : 235266120482,
    "gravity" : [
      0.0450240820646286,
      -0.978069007396698,
      0.20335637032985687
    ],
    "rotationMatrix" : [
      0.828312873840332,
      0.150346040725708,
      0.5397164225578308,
      0.5584537386894226,
      -0.14414247870445251,
      -0.8169163465499878,
      -0.045024096965789795,
      0.9780690670013428,
      -0.20335640013217926
    ],
    "userAcceleration" : [
      -0.017253059893846512,
      0.014842748641967773,
      -0.05629229545593262
    ]
  },
  {
    "timestamp" : 235266130501,
    "gravity" : [
      0.04471205174922943,
      -0.9774036407470703,
      0.20659801363945007
    ],
    "rotationMatrix" : [
      0.8302718997001648,
      0.1513650268316269,
      0.5364114046096802,
      0.5555621981620789,
      -0.1475483775138855,
      -0.8182785511016846,
      -0.04471202194690704,
      0.9774036407470703,
      -0.2065979391336441
    ],
    "userAcceleration" : [
      -0.020435284823179245,
      0.009737133979797363,
      -0.0522250235080719
    ]
  },
  {
    "timestamp" : 235266140520,
    "gravity" : [
      0.044411588460206985,
      -0.9766933917999268,
      0.20999513566493988
    ],
    "rotationMatrix" : [
      0.8322101831436157,
      0.15245886147022247,
      0.5330877304077148,
      0.5526788234710693,
      -0.15108487010002136,
      -0.8195851445198059,
      -0.04441159963607788,
      0.976693332195282,
      -0.20999516546726227
    ],
    "userAcceleration" : [
      -0.018059641122817993,
      0.012948155403137207,
      -0.029712647199630737
    ]
  },
  {
    "timestamp" : 235266150540,
    "gravity" : [
      0.04410265013575554,
      -0.9760101437568665,
      0.21321097016334534
    ],
    "rotationMatrix" : [
      0.8342707753181458,
      0.15338753163814545,
      0.5295889377593994,
      0.549588143825531,
      -0.15451934933662415,
      -0.821021556854248,
      -0.04410266876220703,
      0.9760102033615112,
      -0.21321094036102295
    ],
    "userAcceleration" : [
      -0.010350190103054047,
      0.031536996364593506,
      0.009139880537986755
    ]
  },
  {
    "timestamp" : 235266160559,
    "gravity" : [
      0.04377146437764168,
      -0.9754153490066528,
      0.2159835398197174
    ],
    "rotationMatrix" : [
      0.8361766338348389,
      0.15407660603523254,
      0.5263734459877014,
      0.546710729598999,
      -0.157560333609581,
      -0.8223637342453003,
      -0.04377146065235138,
      0.9754153490066528,
      -0.21598362922668457
    ],
    "userAcceleration" : [
      -0.010019008070230484,
      0.030942142009735107,
      0.006367325782775879
    ]
  },
  {
    "timestamp" : 235266170578,
    "gravity" : [
      0.043510958552360535,
      -0.9749528169631958,
      0.21811437606811523
    ],
    "rotationMatrix" : [
      0.8380984663963318,
      0.1544519066810608,
      0.5231975317001343,
      0.543781042098999,
      -0.1600365787744522,
      -0.8238268494606018,
      -0.04351094365119934,
      0.9749528765678406,
      -0.21811443567276
    ],
    "userAcceleration" : [
      -0.013359569013118744,
      0.0226670503616333,
      0.017465978860855103
    ]
  },
  {
    "timestamp" : 235266180598,
    "gravity" : [
      0.043454136699438095,
      -0.9746267795562744,
      0.2195775955915451
    ],
    "rotationMatrix" : [
      0.8399382829666138,
      0.15464287996292114,
      0.5201818943023682,
      0.5409393310546875,
      -0.16182759404182434,
      -0.8253462910652161,
      -0.04345415532588959,
      0.9746268391609192,
      -0.2195776104927063
    ],
    "userAcceleration" : [
      -0.02763073518872261,
      0.005525827407836914,
      0.020031005144119263
    ]
  },
  {
    "timestamp" : 235266190617,
    "gravity" : [
      0.043688639998435974,
      -0.9743804931640625,
      0.2206215262413025
    ],
    "rotationMatrix" : [
      0.8420550227165222,
      0.15475156903266907,
      0.5167158842086792,
      0.5376194715499878,
      -0.16320079565048218,
      -0.8272427916526794,
      -0.04368862509727478,
      0.9743804335594177,
      -0.2206214964389801
    ],
    "userAcceleration" : [
      -0.03579982742667198,
      -0.010147035121917725,
      0.007237792015075684
    ]
  },
  {
    "timestamp" : 235266200637,
    "gravity" : [
      0.044260282069444656,
      -0.9741149544715881,
      0.22167687118053436
    ],
    "rotationMatrix" : [
      0.8441562056541443,
      0.1551341414451599,
      0.5131604671478271,
      0.5342670679092407,
      -0.16441726684570312,
      -0.8291714191436768,
      -0.04426029324531555,
      0.9741148948669434,
      -0.22167691588401794
    ],
    "userAcceleration" : [
      -0.03974366560578346,
      -0.02661728858947754,
      -0.00898483395576477
    ]
  },
  {
    "timestamp" : 235266210656,
    "gravity" : [
      0.04517700523138046,
      -0.9737785458564758,
      0.22296710312366486
    ],
    "rotationMatrix" : [
      0.8470451235771179,
      0.1556641161441803,
      0.5082157850265503,
      0.5295976400375366,
      -0.1659034937620163,
      -0.8318668007850647,
      -0.045176997780799866,
      0.9737785458564758,
      -0.22296707332134247
    ],
    "userAcceleration" : [
      -0.03580807149410248,
      -0.025153279304504395,
      -0.015356183052062988
    ]
  },
  {
    "timestamp" : 235266220675,
    "gravity" : [
      0.04622374847531319,
      -0.9734115600585938,
      0.22435049712657928
    ],
    "rotationMatrix" : [
      0.8518814444541931,
      0.15570449829101562,
      0.500054121017456,
      0.5216909050941467,
      -0.16800568997859955,
      -0.8364285230636597,
      -0.04622374475002289,
      0.9734115600585938,
      -0.22435054183006287
    ],
    "userAcceleration" : [
      -0.017155736684799194,
      -0.0139540433883667,
      -0.015366315841674805
    ]
  },
  {
    "timestamp" : 235266230695,
    "gravity" : [
      0.04725686460733414,
      -0.9730658531188965,
      0.22563141584396362
    ],
    "rotationMatrix" : [
      0.8558709621429443,
      0.1559106856584549,
      0.4931296110153198,
      0.5150259733200073,
      -0.1698075532913208,
      -0.8401865363121033,
      -0.04725688695907593,
      0.9730657935142517,
      -0.22563138604164124
    ],
    "userAcceleration" : [
      -0.006485346704721451,
      -0.0018638968467712402,
      -0.02453601360321045
    ]
  },
  {
    "timestamp" : 235266240714,
    "gravity" : [
      0.048096079379320145,
      -0.97279953956604,
      0.22660039365291595
    ],
    "rotationMatrix" : [
      0.8595146536827087,
      0.15587948262691498,
      0.4867609143257141,
      0.5088431239128113,
      -0.17135508358478546,
      -0.8436326384544373,
      -0.048096075654029846,
      0.9727995991706848,
      -0.22660040855407715
    ],
    "userAcceleration" : [
      -0.004135493189096451,
      0.0062621235847473145,
      -0.0413893461227417
    ]
  },
  {
    "timestamp" : 235266250733,
    "gravity" : [
      0.04875415936112404,
      -0.9726132154464722,
      0.22725902497768402
    ],
    "rotationMatrix" : [
      0.8628391623497009,
      0.15562380850315094,
      0.4809260368347168,
      0.5031219124794006,
      -0.17264091968536377,
      -0.8467960953712463,
      -0.04875415563583374,
      0.9726132750511169,
      -0.22725909948349
    ],
    "userAcceleration" : [
      -0.01681748777627945,
      -0.008633732795715332,
      -0.05492636561393738
    ]
  },
  {
    "timestamp" : 235266260753,
    "gravity" : [
      0.049346622079610825,
      -0.9724811315536499,
      0.2276955544948578
    ],
    "rotationMatrix" : [
      0.8655948638916016,
      0.15537956357002258,
      0.4760280251502991,
      0.49830755591392517,
      -0.17360174655914307,
      -0.8494421243667603,
      -0.04934662580490112,
      0.9724811315536499,
      -0.22769558429718018
    ],
    "userAcceleration" : [
      -0.017409954220056534,
      -0.008765757083892822,
      -0.05536293983459473
    ]
  },
  {
    "timestamp" : 235266270772,
    "gravity" : [
      0.04997804015874863,
      -0.9723514914512634,
      0.2281108796596527
    ],
    "rotationMatrix" : [
      0.8683881163597107,
      0.15512873232364655,
      0.4709959030151367,
      0.49336016178131104,
      -0.17454931139945984,
      -0.8521314859390259,
      -0.04997803270816803,
      0.9723514318466187,
      -0.2281108796596527
    ],
    "userAcceleration" : [
      -0.01804136112332344,
      -0.008895337581634521,
      -0.05577827990055084
    ]
  },
  {
    "timestamp" : 235266280791,
    "gravity" : [
      0.05066375806927681,
      -0.9721417427062988,
      0.2288522571325302
    ],
    "rotationMatrix" : [
      0.8723621964454651,
      0.1546371877193451,
      0.4637579917907715,
      0.4862276613712311,
      -0.1761462688446045,
      -0.855894148349762,
      -0.05066375434398651,
      0.972141683101654,
      -0.22885221242904663
    ],
    "userAcceleration" : [
      -0.01527860015630722,
      -0.011317610740661621,
      -0.08033861219882965
    ]
  },
  {
    "timestamp" : 235266290811,
    "gravity" : [
      0.05133387818932533,
      -0.9718287587165833,
      0.23002921044826508
    ],
    "rotationMatrix" : [
      0.8754894137382507,
      0.15461337566375732,
      0.4578351080417633,
      0.4805029630661011,
      -0.17788571119308472,
      -0.8587626814842224,
      -0.051333874464035034,
      0.9718287587165833,
      -0.23002924025058746
    ],
    "userAcceleration" : [
      -0.017505109310150146,
      0.008007466793060303,
      -0.09248661994934082
    ]
  },
  {
    "timestamp" : 235266300830,
    "gravity" : [
      0.05170391499996185,
      -0.9714362621307373,
      0.23159852623939514
    ],
    "rotationMatrix" : [
      0.8779250979423523,
      0.15474985539913177,
      0.4531003534793854,
      0.47599804401397705,
      -0.17989909648895264,
      -0.8608494400978088,
      -0.05170390009880066,
      0.9714362025260925,
      -0.23159854114055634
    ],
    "userAcceleration" : [
      -0.008643582463264465,
      0.02444547414779663,
      -0.10162441432476044
    ]
  },
  {
    "timestamp" : 235266310850,
    "gravity" : [
      0.05157608911395073,
      -0.9709853529930115,
      0.23351038992404938
    ],
    "rotationMatrix" : [
      0.88006991147995,
      0.15471020340919495,
      0.4489339590072632,
      0.4720347821712494,
      -0.1823512315750122,
      -0.862514317035675,
      -0.05157609283924103,
      0.9709853529930115,
      -0.23351043462753296
    ],
    "userAcceleration" : [
      -0.0005354136228561401,
      0.036689817905426025,
      -0.09743261337280273
    ]
  },
  {
    "timestamp" : 235266320869,
    "gravity" : [
      0.05095644295215607,
      -0.9704872369766235,
      0.23570701479911804
    ],
    "rotationMatrix" : [
      0.8819338083267212,
      0.15446989238262177,
      0.44534456729888916,
      0.46861088275909424,
      -0.18518483638763428,
      -0.8637768030166626,
      -0.05095645785331726,
      0.9704872369766235,
      -0.23570704460144043
    ],
    "userAcceleration" : [
      -0.0033490099012851715,
      0.035932302474975586,
      -0.07581031322479248
    ]
  },
  {
    "timestamp" : 235266330888,
    "gravity" : [
      0.04994131997227669,
      -0.9699788093566895,
      0.23800645768642426
    ],
    "rotationMatrix" : [
      0.8835242986679077,
      0.154027059674263,
      0.44233524799346924,
      0.465715229511261,
      -0.18819373846054077,
      -0.864692211151123,
      -0.04994131624698639,
      0.9699788093566895,
      -0.23800651729106903
    ],
    "userAcceleration" : [
      -0.007857538759708405,
      0.027779042720794678,
      -0.03965756297111511
    ]
  },
  {
    "timestamp" : 235266340908,
    "gravity" : [
      0.04874846339225769,
      -0.9694883823394775,
      0.24024128913879395
    ],
    "rotationMatrix" : [
      0.885195255279541,
      0.15334941446781158,
      0.43921899795532227,
      0.4626585841178894,
      -0.19124916195869446,
      -0.8656620383262634,
      -0.04874846339225769,
      0.9694883227348328,
      -0.24024125933647156
    ],
    "userAcceleration" : [
      -0.011761140078306198,
      0.01762986183166504,
      -0.001593947410583496
    ]
  },
  {
    "timestamp" : 235266350927,
    "gravity" : [
      0.04762893542647362,
      -0.9690119624137878,
      0.2423783838748932
    ],
    "rotationMatrix" : [
      0.8875234723091125,
      0.15238817036151886,
      0.4348331689834595,
      0.458294153213501,
      -0.19440583884716034,
      -0.8672789931297302,
      -0.047628939151763916,
      0.9690119624137878,
      -0.2423783540725708
    ],
    "userAcceleration" : [
      -0.015844855457544327,
      0.0004755854606628418,
      0.018211036920547485
    ]
  },
  {
    "timestamp" : 235266360946,
    "gravity" : [
      0.04657968878746033,
      -0.9685860872268677,
      0.2442765086889267
    ],
    "rotationMatrix" : [
      0.8901349306106567,
      0.15122093260288239,
      0.4298744201660156,
      0.45331019163131714,
      -0.19741566479206085,
      -0.8692160844802856,
      -0.04657968878746033,
      0.9685860872268677,
      -0.24427655339241028
    ],
    "userAcceleration" : [
      -0.02454599365592003,
      0.0014383792877197266,
      0.02221807837486267
    ]
  },
  {
    "timestamp" : 235266370966,
    "gravity" : [
      0.04566983878612518,
      -0.9682081341743469,
      0.2459414005279541
    ],
    "rotationMatrix" : [
      0.8928766846656799,
      0.1499706208705902,
      0.4245939254760742,
      0.44797930121421814,
      -0.2002042531967163,
      -0.8713396787643433,
      -0.04566985368728638,
      0.9682081937789917,
      -0.24594144523143768
    ],
    "userAcceleration" : [
      -0.030594132840633392,
      0.007240176200866699,
      0.010818123817443848
    ]
  },
  {
    "timestamp" : 235266380985,
    "gravity" : [
      0.04488905891776085,
      -0.9678649306297302,
      0.24743203818798065
    ],
    "rotationMatrix" : [
      0.8956097364425659,
      0.1487167775630951,
      0.4192451536655426,
      0.44256994128227234,
      -0.20278309285640717,
      -0.8735049962997437,
      -0.04488906264305115,
      0.9678648710250854,
      -0.24743211269378662
    ],
    "userAcceleration" : [
      -0.029813341796398163,
      0.006896853446960449,
      0.009327441453933716
    ]
  },
  {
    "timestamp" : 235266391005,
    "gravity" : [
      0.04407685622572899,
      -0.9675113558769226,
      0.24895606935024261
    ],
    "rotationMatrix" : [
      0.8987622261047363,
      0.1472119688987732,
      0.41298314929008484,
      0.4362151622772217,
      -0.20554934442043304,
      -0.8760513067245483,
      -0.04407685995101929,
      0.9675112962722778,
      -0.2489560842514038
    ],
    "userAcceleration" : [
      -0.013193048536777496,
      0.010342717170715332,
      -0.006020992994308472
    ]
  },
  {
    "timestamp" : 235266401024,
    "gravity" : [
      0.04328136146068573,
      -0.9671197533607483,
      0.25061163306236267
    ],
    "rotationMatrix" : [
      0.9015571475028992,
      0.14589664340019226,
      0.4073191285133362,
      0.43048974871635437,
      -0.20831133425235748,
      -0.8782283067703247,
      -0.04328136146068573,
      0.9671196937561035,
      -0.2506115734577179
    ],
    "userAcceleration" : [
      -0.030372392386198044,
      0.0035576820373535156,
      -0.02484270930290222
    ]
  },
  {
    "timestamp" : 235266411043,
    "gravity" : [
      0.0425630621612072,
      -0.9667659401893616,
      0.25209540128707886
    ],
    "rotationMatrix" : [
      0.9045871496200562,
      0.14441244304180145,
      0.40108242630958557,
      0.42415851354599,
      -0.21097087860107422,
      -0.8806707262992859,
      -0.04256308078765869,
      0.9667659401893616,
      -0.2520953118801117
    ],
    "userAcceleration" : [
      -0.04032000154256821,
      -0.003098011016845703,
      -0.018788665533065796
    ]
  },
  {
    "timestamp" : 235266421063,
    "gravity" : [
      0.0420636422932148,
      -0.966512143611908,
      0.2531498968601227
    ],
    "rotationMatrix" : [
      0.9072727560997009,
      0.14306479692459106,
      0.39546000957489014,
      0.4184337258338928,
      -0.21304160356521606,
      -0.8829079866409302,
      -0.0420636385679245,
      0.9665122032165527,
      -0.25314998626708984
    ],
    "userAcceleration" : [
      -0.05405701696872711,
      -0.023447632789611816,
      -0.011328786611557007
    ]
  },
  {
    "timestamp" : 235266431082,
    "gravity" : [
      0.041946928948163986,
      -0.9663580060005188,
      0.25375622510910034
    ],
    "rotationMatrix" : [
      0.9103519320487976,
      0.14162342250347137,
      0.3888472318649292,
      0.41170352697372437,
      -0.2146965116262436,
      -0.88566654920578,
      -0.041946932673454285,
      0.9663580060005188,
      -0.25375625491142273
    ],
    "userAcceleration" : [
      -0.05783131346106529,
      -0.013134002685546875,
      -0.0034055113792419434
    ]
  },
  {
    "timestamp" : 235266441101,
    "gravity" : [
      0.04205979406833649,
      -0.9662723541259766,
      0.25406360626220703
    ],
    "rotationMatrix" : [
      0.9126052260398865,
      0.14065903425216675,
      0.3838837146759033,
      0.4066726565361023,
      -0.2157137393951416,
      -0.8877412676811218,
      -0.04205979406833649,
      0.9662722945213318,
      -0.2540636658668518
    ],
    "userAcceleration" : [
      -0.044165484607219696,
      -0.0028284192085266113,
      0.0011394917964935303
    ]
  },
  {
    "timestamp" : 235266451121,
    "gravity" : [
      0.042309194803237915,
      -0.9662604928016663,
      0.2540678083896637
    ],
    "rotationMatrix" : [
      0.9147100448608398,
      0.1397523581981659,
      0.37917643785476685,
      0.401889830827713,
      -0.2163558006286621,
      -0.8897610306739807,
      -0.04230917990207672,
      0.9662604928016663,
      -0.25406789779663086
    ],
    "userAcceleration" : [
      -0.02117575705051422,
      0.01505821943283081,
      0.02495419979095459
    ]
  },
  {
    "timestamp" : 235266461140,
    "gravity" : [
      0.042513828724622726,
      -0.966332197189331,
      0.2537611424922943
    ],
    "rotationMatrix" : [
      0.9170197248458862,
      0.1385578066110611,
      0.37400078773498535,
      0.3965696096420288,
      -0.2168036848306656,
      -0.8920363187789917,
      -0.042513832449913025,
      0.966332197189331,
      -0.25376105308532715
    ],
    "userAcceleration" : [
      0.003659293055534363,
      0.026055097579956055,
      0.03903964161872864
    ]
  },
  {
    "timestamp" : 235266471160,
    "gravity" : [
      0.04255281388759613,
      -0.9664686918258667,
      0.2532341480255127
    ],
    "rotationMatrix" : [
      0.9196727871894836,
      0.13692618906497955,
      0.36803966760635376,
      0.39037322998046875,
      -0.21723145246505737,
      -0.8946616053581238,
      -0.04255281388759613,
      0.9664687514305115,
      -0.2532341480255127
    ],
    "userAcceleration" : [
      0.013584282249212265,
      0.0321272611618042,
      0.008804947137832642
    ]
  },
  {
    "timestamp" : 235266481179,
    "gravity" : [
      0.04239204153418541,
      -0.9666189551353455,
      0.25268661975860596
    ],
    "rotationMatrix" : [
      0.9222742319107056,
      0.13511818647384644,
      0.3621509075164795,
      0.3842045068740845,
      -0.21769402921199799,
      -0.8972156643867493,
      -0.042392030358314514,
      0.9666189551353455,
      -0.25268661975860596
    ],
    "userAcceleration" : [
      0.013745058327913284,
      0.032277584075927734,
      0.009352445602416992
    ]
  },
  {
    "timestamp" : 235266491198,
    "gravity" : [
      0.0419422872364521,
      -0.9667215347290039,
      0.25236907601356506
    ],
    "rotationMatrix" : [
      0.9254553318023682,
      0.13278162479400635,
      0.3548260033130646,
      0.37652796506881714,
      -0.21867406368255615,
      -0.9002267122268677,
      -0.041942298412323,
      0.9667215347290039,
      -0.2523690462112427
    ],
    "userAcceleration" : [
      0.0005076751112937927,
      0.03077799081802368,
      -0.030582785606384277
    ]
  },
  {
    "timestamp" : 235266501218,
    "gravity" : [
      0.041187021881341934,
      -0.9667623043060303,
      0.25233757495880127
    ],
    "rotationMatrix" : [
      0.9282363653182983,
      0.13047203421592712,
      0.3483593463897705,
      0.3697036802768707,
      -0.21988102793693542,
      -0.9027577042579651,
      -0.04118703305721283,
      0.9667622447013855,
      -0.25233757495880127
    ],
    "userAcceleration" : [
      -0.020572390407323837,
      0.02962857484817505,
      -0.04944157600402832
    ]
  },
  {
    "timestamp" : 235266511237,
    "gravity" : [
      0.04027025029063225,
      -0.9667578935623169,
      0.2525020241737366
    ],
    "rotationMatrix" : [
      0.9303503036499023,
      0.12845367193222046,
      0.3434354364871979,
      0.3644537925720215,
      -0.22108516097068787,
      -0.9045963883399963,
      -0.04027023911476135,
      0.9667579531669617,
      -0.25250208377838135
    ],
    "userAcceleration" : [
      -0.03340378403663635,
      0.017386674880981445,
      -0.042831212282180786
    ]
  },
  {
    "timestamp" : 235266521257,
    "gravity" : [
      0.03941156715154648,
      -0.9667098522186279,
      0.2528214156627655
    ],
    "rotationMatrix" : [
      0.9322901368141174,
      0.12662047147750854,
      0.3388250172138214,
      0.3595578968524933,
      -0.22234921157360077,
      -0.9062443375587463,
      -0.039411574602127075,
      0.9667097926139832,
      -0.2528213560581207
    ],
    "userAcceleration" : [
      -0.02187921851873398,
      0.006504833698272705,
      -0.01693594455718994
    ]
  },
  {
    "timestamp" : 235266531276,
    "gravity" : [
      0.038578178733587265,
      -0.9667020440101624,
      0.252979576587677
    ],
    "rotationMatrix" : [
      0.934183657169342,
      0.1247568354010582,
      0.33427029848098755,
      0.3547007441520691,
      -0.22343385219573975,
      -0.9078902006149292,
      -0.038578182458877563,
      0.9667021036148071,
      -0.252979576587677
    ],
    "userAcceleration" : [
      -0.0014840476214885712,
      0.006802201271057129,
      0.012874126434326172
    ]
  },
  {
    "timestamp" : 235266541295,
    "gravity" : [
      0.03769684582948685,
      -0.9667677283287048,
      0.25286194682121277
    ],
    "rotationMatrix" : [
      0.9360159635543823,
      0.12277142703533173,
      0.32985031604766846,
      0.34993284940719604,
      -0.22424852848052979,
      -0.9095381498336792,
      -0.037696853280067444,
      0.9667676687240601,
      -0.25286194682121277
    ],
    "userAcceleration" : [
      -0.003898613154888153,
      0.012193083763122559,
      0.006720453500747681
    ]
  },
  {
    "timestamp" : 235266551315,
    "gravity" : [
      0.03681274503469467,
      -0.9668526649475098,
      0.25266677141189575
    ],
    "rotationMatrix" : [
      0.9379170536994934,
      0.12069135159254074,
      0.3251849114894867,
      0.34490063786506653,
      -0.22500954568386078,
      -0.9112705588340759,
      -0.03681275248527527,
      0.9668527245521545,
      -0.25266680121421814
    ],
    "userAcceleration" : [
      -0.009652096778154373,
      0.013849854469299316,
      -0.010601550340652466
    ]
  },
  {
    "timestamp" : 235266561334,
    "gravity" : [
      0.03591814637184143,
      -0.9668874144554138,
      0.2526624798774719
    ],
    "rotationMatrix" : [
      0.9397866129875183,
      0.11866293847560883,
      0.32049986720085144,
      0.33986902236938477,
      -0.22593708336353302,
      -0.9129300713539124,
      -0.03591814637184143,
      0.9668874144554138,
      -0.2526625096797943
    ],
    "userAcceleration" : [
      -0.012999419122934341,
      0.01507478952407837,
      -0.02423858642578125
    ]
  },
  {
    "timestamp" : 235266571353,
    "gravity" : [
      0.035036154091358185,
      -0.9668385982513428,
      0.25297272205352783
    ],
    "rotationMatrix" : [
      0.9416452050209045,
      0.11673081666231155,
      0.31571853160858154,
      0.33477866649627686,
      -0.22714902460575104,
      -0.9145087599754333,
      -0.03503616154193878,
      0.9668386578559875,
      -0.2529727816581726
    ],
    "userAcceleration" : [
      -0.015596434473991394,
      0.0152701735496521,
      -0.01472213864326477
    ]
  },
  {
    "timestamp" : 235266581373,
    "gravity" : [
      0.03414956480264664,
      -0.9667397141456604,
      0.2534709572792053
    ],
    "rotationMatrix" : [
      0.9435012340545654,
      0.1148277223110199,
      0.3108375072479248,
      0.3296045660972595,
      -0.22853514552116394,
      -0.9160414338111877,
      -0.034149572253227234,
      0.9667397141456604,
      -0.25347092747688293
    ],
    "userAcceleration" : [
      -0.018051527440547943,
      0.018131613731384277,
      0.0007097125053405762
    ]
  },
  {
    "timestamp" : 235266591392,
    "gravity" : [
      0.03321531042456627,
      -0.9666568040847778,
      0.2539122402667999
    ],
    "rotationMatrix" : [
      0.9453829526901245,
      0.11281350255012512,
      0.30581730604171753,
      0.32426509261131287,
      -0.22988656163215637,
      -0.9176080226898193,
      -0.033215299248695374,
      0.9666568040847778,
      -0.2539123296737671
    ],
    "userAcceleration" : [
      -0.019238244742155075,
      0.012250006198883057,
      0.012200862169265747
    ]
  },
  {
    "timestamp" : 235266601412,
    "gravity" : [
      0.032242536544799805,
      -0.9666275382041931,
      0.254148930311203
    ],
    "rotationMatrix" : [
      0.9472181797027588,
      0.11070099472999573,
      0.300870418548584,
      0.3189641833305359,
      -0.23103374242782593,
      -0.919176459312439,
      -0.032242551445961,
      0.9666275978088379,
      -0.25414901971817017
    ],
    "userAcceleration" : [
      -0.020264364778995514,
      0.00791776180267334,
      0.015412718057632446
    ]
  },
  {
    "timestamp" : 235266611431,
    "gravity" : [
      0.03118528611958027,
      -0.9666330814361572,
      0.2542591691017151
    ],
    "rotationMatrix" : [
      0.9491782188415527,
      0.10834962874650955,
      0.2955012917518616,
      0.3131902813911438,
      -0.2321220338344574,
      -0.9208860397338867,
      -0.03118528425693512,
      0.9666330814361572,
      -0.25425922870635986
    ],
    "userAcceleration" : [
      -0.01131834089756012,
      0.012791037559509277,
      0.012906759977340698
    ]
  },
  {
    "timestamp" : 235266621450,
    "gravity" : [
      0.030166171491146088,
      -0.9665641188621521,
      0.2546446621417999
    ],
    "rotationMatrix" : [
      0.9512642025947571,
      0.10598288476467133,
      0.28959280252456665,
      0.30689799785614014,
      -0.2334984540939331,
      -0.922654926776886,
      -0.03016616404056549,
      0.9665641188621521,
      -0.2546446621417999
    ],
    "userAcceleration" : [
      -0.017028339207172394,
      -0.006031155586242676,
      -0.005316227674484253
    ]
  },
  {
    "timestamp" : 235266631470,
    "gravity" : [
      0.029332542791962624,
      -0.9664155840873718,
      0.2553043067455292
    ],
    "rotationMatrix" : [
      0.9532390236854553,
      0.10390441864728928,
      0.2837942838668823,
      0.3007904887199402,
      -0.23504158854484558,
      -0.9242728352546692,
      -0.02933254837989807,
      0.9664155840873718,
      -0.2553042769432068
    ],
    "userAcceleration" : [
      -0.030278585851192474,
      -0.008224189281463623,
      -0.010965496301651001
    ]
  },
  {
    "timestamp" : 235266641489,
    "gravity" : [
      0.028668437153100967,
      -0.9662929773330688,
      0.25584274530410767
    ],
    "rotationMatrix" : [
      0.9549900889396667,
      0.10207655280828476,
      0.27852165699005127,
      0.2952491343021393,
      -0.23634245991706848,
      -0.9257265329360962,
      -0.02866843342781067,
      0.9662929773330688,
      -0.2558427155017853
    ],
    "userAcceleration" : [
      -0.03641989827156067,
      -0.011017024517059326,
      -0.01054266095161438
    ]
  },
  {
    "timestamp" : 235266651508,
    "gravity" : [
      0.028196046128869057,
      -0.9662435054779053,
      0.2560829818248749
    ],
    "rotationMatrix" : [
      0.9565830826759338,
      0.10042902082204819,
      0.2736106514930725,
      0.2900926470756531,
      -0.23724985122680664,
      -0.9271238446235657,
      -0.028196051716804504,
      0.9662434458732605,
      -0.2560829222202301
    ],
    "userAcceleration" : [
      -0.04858178645372391,
      -0.013111352920532227,
      -0.014567017555236816
    ]
  },
  {
    "timestamp" : 235266661528,
    "gravity" : [
      0.02794095128774643,
      -0.966250479221344,
      0.25608476996421814
    ],
    "rotationMatrix" : [
      0.9579605460166931,
      0.09906177222728729,
      0.2692551910877228,
      0.28553617000579834,
      -0.23779582977294922,
      -0.9283976554870605,
      -0.027940958738327026,
      0.9662504196166992,
      -0.25608474016189575
    ],
    "userAcceleration" : [
      -0.05000513792037964,
      -0.011075019836425781,
      -0.01867339015007019
    ]
  },
  {
    "timestamp" : 235266671547,
    "gravity" : [
      0.0278466809540987,
      -0.9662867784500122,
      0.25595760345458984
    ],
    "rotationMatrix" : [
      0.9591547846794128,
      0.09793886542320251,
      0.2653867304325104,
      0.2815079092979431,
      -0.23811279237270355,
      -0.9295458793640137,
      -0.02784668654203415,
      0.9662867784500122,
      -0.25595757365226746
    ],
    "userAcceleration" : [
      -0.04086240381002426,
      -0.006323695182800293,
      -0.015479177236557007
    ]
  },
  {
    "timestamp" : 235266681567,
    "gravity" : [
      0.02790042757987976,
      -0.9663317799568176,
      0.2557821273803711
    ],
    "rotationMatrix" : [
      0.9601786136627197,
      0.0970679298043251,
      0.26198244094848633,
      0.2779901921749115,
      -0.23828715085983276,
      -0.9305593371391296,
      -0.027900435030460358,
      0.9663317799568176,
      -0.2557821571826935
    ],
    "userAcceleration" : [
      -0.04273194819688797,
      -0.010459601879119873,
      -0.0075675249099731445
    ]
  },
  {
    "timestamp" : 235266691586,
    "gravity" : [
      0.028101958334445953,
      -0.9663827419281006,
      0.25556740164756775
    ],
    "rotationMatrix" : [
      0.9611979126930237,
      0.09631354361772537,
      0.2585001289844513,
      0.27442467212677,
      -0.23838649690151215,
      -0.9315916299819946,
      -0.028101958334445953,
      0.9663827419281006,
      -0.25556740164756775
    ],
    "userAcceleration" : [
      -0.03724195063114166,
      -0.005022287368774414,
      0.0049000084400177
    ]
  },
  {
    "timestamp" : 235266701605,
    "gravity" : [
      0.028454508632421494,
      -0.9664205312728882,
      0.25538498163223267
    ],
    "rotationMatrix" : [
      0.962187647819519,
      0.09571979939937592,
      0.25501495599746704,
      0.27089715003967285,
      -0.23847199976444244,
      -0.9326016306877136,
      -0.028454497456550598,
      0.966420590877533,
      -0.25538504123687744
    ],
    "userAcceleration" : [
      -0.0351531058549881,
      -0.005732119083404541,
      0.016633272171020508
    ]
  },
  {
    "timestamp" : 235266711625,
    "gravity" : [
      0.028994517400860786,
      -0.9664402008056641,
      0.2552494406700134
    ],
    "rotationMatrix" : [
      0.9632282853126526,
      0.09525222331285477,
      0.2512335181236267,
      0.2671152949333191,
      -0.23857906460762024,
      -0.9336643218994141,
      -0.028994515538215637,
      0.9664402008056641,
      -0.25524941086769104
    ],
    "userAcceleration" : [
      -0.03308386355638504,
      0.0026037096977233887,
      0.02931150794029236
    ]
  },
  {
    "timestamp" : 235266721644,
    "gravity" : [
      0.029614713042974472,
      -0.9664740562438965,
      0.2550501525402069
    ],
    "rotationMatrix" : [
      0.964332640171051,
      0.09477031975984573,
      0.24714592099189758,
      0.26303136348724365,
      -0.23863404989242554,
      -0.9348090887069702,
      -0.029614709317684174,
      0.9664740562438965,
      -0.2550501823425293
    ],
    "userAcceleration" : [
      -0.018475791439414024,
      0.019300103187561035,
      0.04737889766693115
    ]
  },
  {
    "timestamp" : 235266731663,
    "gravity" : [
      0.0301338043063879,
      -0.9665539264678955,
      0.2546864449977875
    ],
    "rotationMatrix" : [
      0.9655117988586426,
      0.09407128393650055,
      0.24277067184448242,
      0.2586096525192261,
      -0.23858711123466492,
      -0.9360539317131042,
      -0.03013380616903305,
      0.9665539860725403,
      -0.2546864151954651
    ],
    "userAcceleration" : [
      -0.0010505523532629013,
      0.03404366970062256,
      0.058027029037475586
    ]
  },
  {
    "timestamp" : 235266741683,
    "gravity" : [
      0.030321815982460976,
      -0.9666803479194641,
      0.2541842758655548
    ],
    "rotationMatrix" : [
      0.9668222665786743,
      0.09289675951004028,
      0.23795989155769348,
      0.25364404916763306,
      -0.2385355681180954,
      -0.9374248385429382,
      -0.030321814119815826,
      0.9666803479194641,
      -0.25418421626091003
    ],
    "userAcceleration" : [
      0.008267661556601524,
      0.04442393779754639,
      0.05306649208068848
    ]
  },
  {
    "timestamp" : 235266751702,
    "gravity" : [
      0.030131956562399864,
      -0.9667850136756897,
      0.2538087069988251
    ],
    "rotationMatrix" : [
      0.968357264995575,
      0.0911712571978569,
      0.2323186695575714,
      0.24774226546287537,
      -0.2387772649526596,
      -0.9389405250549316,
      -0.030131958425045013,
      0.9667850732803345,
      -0.2538086771965027
    ],
    "userAcceleration" : [
      0.01593434251844883,
      0.03772306442260742,
      0.038793712854385376
    ]
  },
  {
    "timestamp" : 235266761722,
    "gravity" : [
      0.029698679223656654,
      -0.9667817950248718,
      0.25387170910835266
    ],
    "rotationMatrix" : [
      0.9700965285301208,
      0.08908872306346893,
      0.2257784903049469,
      0.24089564383029938,
      -0.23957471549510956,
      -0.9405175447463989,
      -0.029698677361011505,
      0.9667818546295166,
      -0.2538716793060303
    ],
    "userAcceleration" : [
      0.008494073525071144,
      0.0191347599029541,
      0.017154693603515625
    ]
  },
  {
    "timestamp" : 235266771741,
    "gravity" : [
      0.02919101156294346,
      -0.9666591882705688,
      0.2543964982032776
    ],
    "rotationMatrix" : [
      0.9718685746192932,
      0.08695255219936371,
      0.21888527274131775,
      0.23370791971683502,
      -0.2408505231142044,
      -0.9420039057731628,
      -0.02919100970029831,
      0.9666592478752136,
      -0.25439655780792236
    ],
    "userAcceleration" : [
      0.002867715433239937,
      -0.0013582706451416016,
      0.010587424039840698
    ]
  },
  {
    "timestamp" : 235266781760,
    "gravity" : [
      0.028856178745627403,
      -0.96652752161026,
      0.254934698343277
    ],
    "rotationMatrix" : [
      0.9735872745513916,
      0.08496309071779251,
      0.21191757917404175,
      0.2264842391014099,
      -0.2420860230922699,
      -0.9434506297111511,
      -0.028856173157691956,
      0.96652752161026,
      -0.2549346685409546
    ],
    "userAcceleration" : [
      -0.04553401842713356,
      -0.02077704668045044,
      0.02504861354827881
    ]
  },
  {
    "timestamp" : 235266791780,
    "gravity" : [
      0.028824031352996826,
      -0.9665002226829529,
      0.25504186749458313
    ],
    "rotationMatrix" : [
      0.9752567410469055,
      0.08314038068056107,
      0.20484621822834015,
      0.21918821334838867,
      -0.24282683432102203,
      -0.9449823498725891,
      -0.028824031352996826,
      0.9665002226829529,
      -0.2550418972969055
    ],
    "userAcceleration" : [
      -0.04550187662243843,
      -0.02080446481704712,
      0.024941474199295044
    ]
  },
  {
    "timestamp" : 235266801799,
    "gravity" : [
      0.029275061562657356,
      -0.9665926098823547,
      0.25463995337486267
    ],
    "rotationMatrix" : [
      0.9764248132705688,
      0.08215853571891785,
      0.19961091876029968,
      0.2138633131980896,
      -0.24279312789440155,
      -0.9462102055549622,
      -0.029275067150592804,
      0.9665926098823547,
      -0.2546399235725403
    ],
    "userAcceleration" : [
      -0.058465104550123215,
      -0.03595554828643799,
      0.02036905288696289
    ]
  },
  {
    "timestamp" : 235266811819,
    "gravity" : [
      0.030307473614811897,
      -0.9667988419532776,
      0.2537344694137573
    ],
    "rotationMatrix" : [
      0.9774990677833557,
      0.08168435841798782,
      0.19448202848434448,
      0.20875117182731628,
      -0.24213089048862457,
      -0.9475205540657043,
      -0.030307471752166748,
      0.9667988419532776,
      -0.25373440980911255
