[
  {
    "timestamp" : 235215920271,
    "userAcceleration" : [
      0.01430124044418335,
      0.04097169637680054,
      0.07092323899269104
    ],
    "rotationMatrix" : [
      -0.6341863870620728,
      0.3021756410598755,
      -0.7116860747337341,
      -0.7730027437210083,
      -0.2675020694732666,
      0.5752469897270203,
      -0.016551971435546875,
      0.9149492383003235,
      0.40322911739349365
    ],
    "gravity" : [
      0.016551988199353218,
      -0.9149492383003235,
      -0.40322911739349365
    ]
  },
  {
    "timestamp" : 235215930290,
    "userAcceleration" : [
      0.01824653521180153,
      0.03268200159072876,
      0.07395303249359131
    ],
    "rotationMatrix" : [
      -0.6371439695358276,
      0.29806435108184814,
      -0.7107776403427124,
      -0.7705857753753662,
      -0.2650642395019531,
      0.5796017646789551,
      -0.015643209218978882,
      0.9170050621032715,
      0.3985684812068939
    ],
    "gravity" : [
      0.01564319059252739,
      -0.9170050621032715,
      -0.3985684812068939
    ]
  },
  {
    "timestamp" : 235215940309,
    "userAcceleration" : [
      0.01735098659992218,
      0.020387709140777588,
      0.04999375343322754
    ],
    "rotationMatrix" : [
      -0.6408893465995789,
      0.2938076853752136,
      -0.7091808319091797,
      -0.7674992680549622,
      -0.26249608397483826,
      0.5848420858383179,
      -0.014326214790344238,
      0.9191150665283203,
      0.39372846484184265
    ],
    "gravity" : [
      0.014326211996376514,
      -0.9191150665283203,
      -0.39372849464416504
    ]
  },
  {
    "timestamp" : 235215950327,
    "userAcceleration" : [
      0.010596749372780323,
      0.018630921840667725,
      0.01816737651824951
    ],
    "rotationMatrix" : [
      -0.6448573470115662,
      0.28935113549232483,
      -0.7074143290519714,
      -0.764195442199707,
      -0.25962841510772705,
      0.5904223322868347,
      -0.012825429439544678,
      0.9213408827781677,
      0.3885440230369568
    ],
    "gravity" : [
      0.012825459241867065,
      -0.9213409423828125,
      -0.3885440528392792
    ]
  },
  {
    "timestamp" : 235215960346,
    "userAcceleration" : [
      0.007679718546569347,
      0.018348515033721924,
      -0.0034294724464416504
    ],
    "rotationMatrix" : [
      -0.6485530138015747,
      0.2848384976387024,
      -0.7058652639389038,
      -0.7610847353935242,
      -0.2564944922924042,
      0.5957854986190796,
      -0.011347919702529907,
      0.9236218929290771,
      0.38313665986061096
    ],
    "gravity" : [
      0.011347934603691101,
      -0.9236218929290771,
      -0.38313671946525574
    ]
  },
  {
    "timestamp" : 235215970365,
    "userAcceleration" : [
      0.01029712613672018,
      0.013693094253540039,
      -0.022690415382385254
    ],
    "rotationMatrix" : [
      -0.6517859101295471,
      0.28023919463157654,
      -0.704727828502655,
      -0.758334755897522,
      -0.25329428911209106,
      0.600641667842865,
      -0.010180115699768066,
      0.9259093403816223,
      0.37760865688323975
    ],
    "gravity" : [
      0.010180127806961536,
      -0.9259093403816223,
      -0.37760868668556213
    ]
  },
  {
    "timestamp" : 235215980383,
    "userAcceleration" : [
      0.009563860483467579,
      0.004952430725097656,
      -0.04093056917190552
    ],
    "rotationMatrix" : [
      -0.6548842191696167,
      0.2754088044166565,
      -0.703758955001831,
      -0.7556688189506531,
      -0.2504133880138397,
      0.6051923632621765,
      -0.00955536961555481,
      0.9281396269798279,
      0.3721095621585846
    ],
    "gravity" : [
      0.00955536961555481,
      -0.9281396865844727,
      -0.3721095621585846
    ]
  },
  {
    "timestamp" : 235215990402,
    "userAcceleration" : [
      0.00651831179857254,
      0.0021753907203674316,
      -0.0406985878944397
    ],
    "rotationMatrix" : [
      -0.6574321985244751,
      0.27066731452941895,
      -0.7032225131988525,
      -0.7534551620483398,
      -0.2477549910545349,
      0.6090341806411743,
      -0.009381294250488281,
      0.9302453994750977,
      0.3668178915977478
    ],
    "gravity" : [
      0.009381287731230259,
      -0.9302453994750977,
      -0.3668179214000702
    ]
  },
  {
    "timestamp" : 235216000421,
    "userAcceleration" : [
      0.009387727826833725,
      0.004199206829071045,
      -0.028697937726974487
    ],
    "rotationMatrix" : [
      -0.6596509218215942,
      0.26606541872024536,
      -0.7029006481170654,
      -0.7515121102333069,
      -0.2452925443649292,
      0.6124220490455627,
      -0.009472072124481201,
      0.932223379611969,
      0.3617591857910156
    ],
    "gravity" : [
      0.009472076781094074,
      -0.932223379611969,
      -0.3617591857910156
    ]
  },
  {
    "timestamp" : 235216010439,
    "userAcceleration" : [
      0.02074037678539753,
      -0.00701671838760376,
      0.004665970802307129
    ],
    "rotationMatrix" : [
      -0.6617009043693542,
      0.2616717517375946,
      -0.702623724937439,
      -0.7497071027755737,
      -0.2428705096244812,
      0.6155919432640076,
      -0.009563535451889038,
      0.9340996146202087,
      0.35688459873199463
    ],
    "gravity" : [
      0.009563539177179337,
      -0.934099555015564,
      -0.35688459873199463
    ]
  },
  {
    "timestamp" : 235216020458,
    "userAcceleration" : [
      0.020744964480400085,
      -0.005171477794647217,
      -0.00020167231559753418
    ],
    "rotationMatrix" : [
      -0.6639111638069153,
      0.25730425119400024,
      -0.702150821685791,
      -0.7477498650550842,
      -0.24041955173015594,
      0.6189248561859131,
      -0.009558916091918945,
      0.935944676399231,
      0.3520169258117676
    ],
    "gravity" : [
      0.009558944962918758,
      -0.935944676399231,
      -0.35201695561408997
    ]
  },
  {
    "timestamp" : 235216030477,
    "userAcceleration" : [
      0.020838210359215736,
      -0.003303706645965576,
      -0.005205810070037842
    ],
    "rotationMatrix" : [
      -0.6662943959236145,
      0.25285065174102783,
      -0.7015113830566406,
      -0.7456286549568176,
      -0.23785293102264404,
      0.622465968132019,
      -0.009465694427490234,
      0.9378125667572021,
      0.34701281785964966
    ],
    "gravity" : [
      0.009465686045587063,
      -0.9378125667572021,
      -0.34701284766197205
    ]
  },
  {
    "timestamp" : 235216040495,
    "userAcceleration" : [
      0.023990236222743988,
      -0.003072023391723633,
      -0.01685333251953125
    ],
    "rotationMatrix" : [
      -0.6687304973602295,
      0.24813896417617798,
      -0.7008750438690186,
      -0.7434449791908264,
      -0.2350785732269287,
      0.6261206269264221,
      -0.00939592719078064,
      0.939768373966217,
      0.34168243408203125
    ],
    "gravity" : [
      0.00939593743532896,
      -0.9397683143615723,
      -0.34168243408203125
    ]
  },
  {
    "timestamp" : 235216050514,
    "userAcceleration" : [
      0.006611737422645092,
      -0.029766499996185303,
      0.0012493729591369629
    ],
    "rotationMatrix" : [
      -0.6710670590400696,
      0.24314963817596436,
      -0.7003908157348633,
      -0.7413369417190552,
      -0.23205673694610596,
      0.629737377166748,
      -0.009409964084625244,
      0.9418215751647949,
      0.33598142862319946
    ],
    "gravity" : [
      0.009409958496689796,
      -0.9418215751647949,
      -0.33598145842552185
    ]
  },
  {
    "timestamp" : 235216060533,
    "userAcceleration" : [
      0.0064646657556295395,
      -0.027670860290527344,
      -0.004688292741775513
    ],
    "rotationMatrix" : [
      -0.6734703779220581,
      0.2378987967967987,
      -0.699886679649353,
      -0.7391520738601685,
      -0.22896331548690796,
      0.6334269046783447,
      -0.009557008743286133,
      0.9439171552658081,
      0.3300437331199646
    ],
    "gravity" : [
      0.009557020850479603,
      -0.9439171552658081,
      -0.330043762922287
    ]
  },
  {
    "timestamp" : 235216070551,
    "userAcceleration" : [
      0.006039025261998177,
      -0.025570988655090332,
      -0.010769128799438477
    ],
    "rotationMatrix" : [
      -0.676109254360199,
      0.23231258988380432,
      -0.6992188692092896,
      -0.7367336750030518,
      -0.2260143905878067,
      0.6372918486595154,
      -0.009982675313949585,
      0.9460170865058899,
      0.3239629864692688
    ],
    "gravity" : [
      0.009982655756175518,
      -0.9460170865058899,
      -0.3239629864692688
    ]
  },
  {
    "timestamp" : 235216080570,
    "userAcceleration" : [
      -0.007015001028776169,
      -0.025221586227416992,
      -0.016989827156066895
    ],
    "rotationMatrix" : [
      -0.6788483262062073,
      0.22653454542160034,
      -0.6984603404998779,
      -0.7342000603675842,
      -0.22330215573310852,
      0.6411600708961487,
      -0.010722845792770386,
      0.9480602145195007,
      0.3179101049900055
    ],
    "gravity" : [
      0.010722840204834938,
      -0.9480602145195007,
      -0.3179100751876831
    ]
  },
  {
    "timestamp" : 235216090589,
    "userAcceleration" : [
      0.006708815693855286,
      -0.015244245529174805,
      -0.01605084538459778
    ],
    "rotationMatrix" : [
      -0.681438148021698,
      0.22085174918174744,
      -0.6977579593658447,
      -0.7317821979522705,
      -0.22081789374351501,
      0.644774317741394,
      -0.011677950620651245,
      0.9499808549880981,
      0.3120894134044647
    ],
    "gravity" : [
      0.011677968315780163,
      -0.9499808549880981,
      -0.31208938360214233
    ]
  },
  {
    "timestamp" : 235216100607,
    "userAcceleration" : [
      0.018060877919197083,
      -0.011944174766540527,
      -0.023334592580795288
    ],
    "rotationMatrix" : [
      -0.6832824349403381,
      0.2155306339263916,
      -0.6976186633110046,
      -0.7300419211387634,
      -0.21842312812805176,
      0.6475570797920227,
      -0.012807607650756836,
      0.9517552256584167,
      0.3065909743309021
    ],
    "gravity" : [
      0.012807616963982582,
      -0.9517552256584167,
      -0.3065909445285797
    ]
  },
  {
    "timestamp" : 235216110626,
    "userAcceleration" : [
      0.02698347344994545,
      0.0005564093589782715,
      -0.028561562299728394
    ],
    "rotationMatrix" : [
      -0.6846075057983398,
      0.21054568886756897,
      -0.6978414058685303,
      -0.7287784814834595,
      -0.2160021811723709,
      0.6497880816459656,
      -0.013925284147262573,
      0.9534218907356262,
      0.3013182282447815
    ],
    "gravity" : [
      0.013925299048423767,
      -0.9534218907356262,
      -0.3013181984424591
    ]
  },
  {
    "timestamp" : 235216120645,
    "userAcceleration" : [
      0.033347442746162415,
      0.009931802749633789,
      -0.02589404582977295
    ],
    "rotationMatrix" : [
      -0.6855552196502686,
      0.20580092072486877,
      -0.6983264684677124,
      -0.7278702259063721,
      -0.2132485806941986,
      0.6517130732536316,
      -0.014793992042541504,
      0.9550763964653015,
      0.29599013924598694
    ],
    "gravity" : [
      0.014793990179896355,
      -0.9550763964653015,
      -0.29599010944366455
    ]
  },
  {
    "timestamp" : 235216130664,
    "userAcceleration" : [
      0.034139879047870636,
      0.01278841495513916,
      -0.011389851570129395
    ],
    "rotationMatrix" : [
      -0.6870986223220825,
      0.2009449303150177,
      -0.698223888874054,
      -0.7264037132263184,
      -0.21018242835998535,
      0.6543400883674622,
      -0.015268027782440186,
      0.9567885994911194,
      0.2903832197189331
    ],
    "gravity" : [
      0.015268047340214252,
      -0.9567885994911194,
      -0.2903832197189331
    ]
  },
  {
    "timestamp" : 235216140682,
    "userAcceleration" : [
      0.02719295211136341,
      -0.001148998737335205,
      0.016100913286209106
    ],
    "rotationMatrix" : [
      -0.6892101764678955,
      0.19600984454154968,
      -0.697545051574707,
      -0.7243989706039429,
      -0.20677785575389862,
      0.6576387882232666,
      -0.01533326506614685,
      0.9585524797439575,
      0.28450292348861694
    ],
    "gravity" : [
      0.015333252027630806,
      -0.9585524201393127,
      -0.2845029830932617
    ]
  },
  {
    "timestamp" : 235216150701,
    "userAcceleration" : [
      -0.014661225490272045,
      -0.0290071964263916,
      0.019681572914123535
    ],
    "rotationMatrix" : [
      -0.6915816068649292,
      0.1910422444343567,
      -0.6965758800506592,
      -0.722136378288269,
      -0.2033076137304306,
      0.6611998677253723,
      -0.015302032232284546,
      0.9602963328361511,
      0.27856218814849854
    ],
    "gravity" : [
      0.01530204527080059,
      -0.9602963328361511,
      -0.2785622179508209
    ]
  },
  {
    "timestamp" : 235216160720,
    "userAcceleration" : [
      -0.014939799904823303,
      -0.027377188205718994,
      0.01398351788520813
    ],
    "rotationMatrix" : [
      -0.6940741539001465,
      0.1860325038433075,
      -0.6954513192176819,
      -0.7197345495223999,
      -0.2002233862876892,
      0.6647498607635498,
      -0.01558065414428711,
      0.9619263410568237,
      0.2728641629219055
    ],
    "gravity" : [
      0.015580623410642147,
      -0.961926281452179,
      -0.2728641629219055
    ]
  },
  {
    "timestamp" : 235216170738,
    "userAcceleration" : [
      -0.014547592028975487,
      -0.030607759952545166,
      -0.015137314796447754
    ],
    "rotationMatrix" : [
      -0.696311354637146,
      0.1810239851474762,
      -0.6945360898971558,
      -0.717555046081543,
      -0.1975121796131134,
      0.6679096817970276,
      -0.016271770000457764,
      0.9634411931037903,
      0.26742491126060486
    ],
    "gravity" : [
      0.01627177931368351,
      -0.9634411931037903,
      -0.26742494106292725
    ]
  },
  {
    "timestamp" : 235216180757,
    "userAcceleration" : [
      -0.015684116631746292,
      -0.029103577136993408,
      -0.02068963646888733
    ],
    "rotationMatrix" : [
      -0.6985124349594116,
      0.1756594479084015,
      -0.6937028169631958,
      -0.7153857946395874,
      -0.19499731063842773,
      0.6709685921669006,
      -0.017408281564712524,
      0.9649452567100525,
      0.26187264919281006
    ],
    "gravity" : [
      0.017408300191164017,
      -0.9649453163146973,
      -0.26187264919281006
    ]
  },
  {
    "timestamp" : 235216190776,
    "userAcceleration" : [
      -0.01969115249812603,
      -0.027067184448242188,
      -0.033292293548583984
    ],
    "rotationMatrix" : [
      -0.7003263831138611,
      0.16991427540779114,
      -0.6933048963546753,
      -0.7135698795318604,
      -0.19248011708259583,
      0.6736239194869995,
      -0.018989205360412598,
      0.9664782285690308,
      0.2560448944568634
    ],
    "gravity" : [
      0.018989209085702896,
      -0.9664782881736755,
      -0.2560448944568634
    ]
  },
  {
    "timestamp" : 235216200794,
    "userAcceleration" : [
      -0.015938488766551018,
      -0.019647955894470215,
      -0.017338544130325317
    ],
    "rotationMatrix" : [
      -0.7020642161369324,
      0.16390669345855713,
      -0.6929935812950134,
      -0.7118053436279297,
      -0.1901441514492035,
      0.6761495471000671,
      -0.02094334363937378,
      0.9679771065711975,
      0.2501632869243622
    ],
    "gravity" : [
      0.02094331942498684,
      -0.9679770469665527,
      -0.2501632571220398
    ]
  },
  {
    "timestamp" : 235216210813,
    "userAcceleration" : [
      -0.008000753819942474,
      -0.016115248203277588,
      0.014509439468383789
    ],
    "rotationMatrix" : [
      -0.7040040493011475,
      0.15794464945793152,
      -0.6924101114273071,
      -0.709821343421936,
      -0.1881432831287384,
      0.6787897944450378,
      -0.023061126470565796,
      0.9693582653999329,
      0.2445661723613739
    ],
    "gravity" : [
      0.02306113950908184,
      -0.9693583250045776,
      -0.2445662021636963
    ]
  },
  {
    "timestamp" : 235216220832,
    "userAcceleration" : [
      0.00993751734495163,
      -0.015792131423950195,
      0.041662901639938354
    ],
    "rotationMatrix" : [
      -0.7061712741851807,
      0.15216657519340515,
      -0.6914966106414795,
      -0.7075923681259155,
      -0.18643279373645782,
      0.6815834045410156,
      -0.025203436613082886,
      0.9706122875213623,
      0.23932532966136932
    ],
    "gravity" : [
      0.025203432887792587,
      -0.9706123471260071,
      -0.23932529985904694
    ]
  },
  {
    "timestamp" : 235216230850,
    "userAcceleration" : [
      0.01941858045756817,
      -0.017375051975250244,
      0.04663069546222687
    ],
    "rotationMatrix" : [
      -0.708775520324707,
      0.1464628279209137,
      -0.6900620460510254,
      -0.7049022912979126,
      -0.18501296639442444,
      0.6847500801086426,
      -0.0273800790309906,
      0.971760630607605,
      0.23437485098838806
    ],
    "gravity" : [
      0.027380069717764854,
      -0.9717605710029602,
      -0.23437485098838806
    ]
  },
  {
    "timestamp" : 235216240869,
    "userAcceleration" : [
      0.020200422033667564,
      -0.007013440132141113,
      0.026040509343147278
    ],
    "rotationMatrix" : [
      -0.7111416459083557,
      0.14094629883766174,
      -0.6887750625610352,
      -0.7024253606796265,
      -0.18367455899715424,
      0.6876494884490967,
      -0.029588937759399414,
      0.9728295803070068,
      0.22962327301502228
    ],
    "gravity" : [
      0.029588958248496056,
      -0.9728295803070068,
      -0.22962327301502228
    ]
  },
  {
    "timestamp" : 235216250888,
    "userAcceleration" : [
      0.02179761976003647,
      0.00735163688659668,
      -0.0002416372299194336
    ],
    "rotationMatrix" : [
      -0.7132408618927002,
      0.135615736246109,
      -0.6876739263534546,
      -0.7002015113830566,
      -0.18222981691360474,
      0.6902969479560852,
      -0.03169965744018555,
      0.9738585352897644,
      0.22493237257003784
    ],
    "gravity" : [
      0.031699661165475845,
      -0.9738585352897644,
      -0.22493234276771545
    ]
  },
  {
    "timestamp" : 235216260906,
    "userAcceleration" : [
      0.022894032299518585,
      0.025909066200256348,
      -0.02365317940711975
    ],
    "rotationMatrix" : [
      -0.7154629230499268,
      0.13022828102111816,
      -0.6864063739776611,
      -0.6978464126586914,
      -0.18034258484840393,
      0.6931717395782471,
      -0.033517688512802124,
      0.9749447107315063,
      0.21990761160850525
    ],
    "gravity" : [
      0.033517662435770035,
      -0.9749447703361511,
      -0.21990762650966644
    ]
  },
  {
    "timestamp" : 235216270925,
    "userAcceleration" : [
      0.022547099739313126,
      0.04002922773361206,
      -0.03558075428009033
    ],
    "rotationMatrix" : [
      -0.7175301909446716,
      0.12477165460586548,
      -0.6852607727050781,
      -0.6956537961959839,
      -0.17762798070907593,
      0.6960703730583191,
      -0.0348716676235199,
      0.9761558175086975,
      0.21425139904022217
    ],
    "gravity" : [
      0.0348716676235199,
      -0.9761558771133423,
      -0.21425139904022217
    ]
  },
  {
    "timestamp" : 235216280944,
    "userAcceleration" : [
      0.031824469566345215,
      0.03682988882064819,
      -0.04132966697216034
    ],
    "rotationMatrix" : [
      -0.7196560502052307,
      0.11925968527793884,
      -0.6840115785598755,
      -0.6934075355529785,
      -0.17422127723693848,
      0.6991657018661499,
      -0.03578716516494751,
      0.9774577617645264,
      0.20807522535324097
    ],
    "gravity" : [
      0.035787176340818405,
      -0.9774578213691711,
      -0.20807521045207977
    ]
  },
  {
    "timestamp" : 235216290962,
    "userAcceleration" : [
      0.033384960144758224,
      0.025243163108825684,
      -0.045264169573783875
    ],
    "rotationMatrix" : [
      -0.7213337421417236,
      0.11383891105651855,
      -0.683167576789856,
      -0.6916216611862183,
      -0.17046988010406494,
      0.7018542289733887,
      -0.03656131029129028,
      0.9787647724151611,
      0.2016993761062622
    ],
    "gravity" : [
      0.03656128793954849,
      -0.9787647724151611,
      -0.201699361205101
    ]
  },
  {
    "timestamp" : 235216300981,
    "userAcceleration" : [
      0.014401458203792572,
      0.0027625560760498047,
      0.03006090223789215
    ],
    "rotationMatrix" : [
      -0.72242671251297,
      0.10867112874984741,
      -0.6828542351722717,
      -0.6904340982437134,
      -0.16681554913520813,
      0.703898549079895,
      -0.03741735219955444,
      0.9799810647964478,
      0.19554248452186584
    ],
    "gravity" : [
      0.03741733729839325,
      -0.9799810647964478,
      -0.19554248452186584
    ]
  },
  {
    "timestamp" : 235216311000,
    "userAcceleration" : [
      0.013342618942260742,
      0.0038300156593322754,
      0.02442134916782379
    ],
    "rotationMatrix" : [
      -0.7231066823005676,
      0.1038275957107544,
      -0.6828879117965698,
      -0.6896634101867676,
      -0.16359473764896393,
      0.7054081559181213,
      -0.03847616910934448,
      0.9810485243797302,
      0.18990294635295868
    ],
    "gravity" : [
      0.03847616910934448,
      -0.9810485243797302,
      -0.18990294635295868
    ]
  },
  {
    "timestamp" : 235216321019,
    "userAcceleration" : [
      0.012149874120950699,
      0.00474095344543457,
      0.01940150558948517
    ],
    "rotationMatrix" : [
      -0.7238451242446899,
      0.09931135177612305,
      -0.6827774047851562,
      -0.6888207793235779,
      -0.16091151535511017,
      0.7068473100662231,
      -0.03966894745826721,
      0.9819594621658325,
      0.18488304316997528
    ],
    "gravity" : [
      0.039668917655944824,
      -0.9819594621658325,
      -0.18488304316997528
    ]
  },
  {
    "timestamp" : 235216331037,
    "userAcceleration" : [
      0.000982135534286499,
      0.003162980079650879,
      0.042113542556762695
    ],
    "rotationMatrix" : [
      -0.7246811985969543,
      0.09505990147590637,
      -0.6824957728385925,
      -0.6878699064254761,
      -0.1585637331008911,
      0.7083024382591248,
      -0.04088795185089111,
      0.9827619194984436,
      0.18029719591140747
    ],
    "gravity" : [
      0.040887948125600815,
      -0.9827619194984436,
      -0.1802971363067627
    ]
  },
  {
    "timestamp" : 235216341056,
    "userAcceleration" : [
      0.0022943243384361267,
      -0.002105534076690674,
      0.04969668388366699
    ],
    "rotationMatrix" : [
      -0.7260596752166748,
      0.09088742733001709,
      -0.6815985441207886,
      -0.6863494515419006,
      -0.15628978610038757,
      0.7102800607681274,
      -0.041971355676651,
      0.9835206270217896,
      0.17585638165473938
    ],
    "gravity" : [
      0.04197138175368309,
      -0.9835206270217896,
      -0.17585638165473938
    ]
  },
  {
    "timestamp" : 235216351075,
    "userAcceleration" : [
      0.012302760034799576,
      -0.0029600858688354492,
      0.036611273884773254
    ],
    "rotationMatrix" : [
      -0.7276030778884888,
      0.0868329405784607,
      -0.6804801225662231,
      -0.6846587657928467,
      -0.15386977791786194,
      0.7124366760253906,
      -0.042842477560043335,
      0.984268069267273,
      0.17140743136405945
    ],
    "gravity" : [
      0.04284246638417244,
      -0.9842681288719177,
      -0.17140741646289825
    ]
  },
  {
    "timestamp" : 235216361093,
    "userAcceleration" : [
      0.009699452668428421,
      0.008603334426879883,
      -0.004990696907043457
    ],
    "rotationMatrix" : [
      -0.7293047904968262,
      0.08284202218055725,
      -0.6791551113128662,
      -0.6828070878982544,
      -0.15118251740932465,
      0.7147855162620544,
      -0.043462127447128296,
      0.9850284457206726,
      0.16682328283786774
    ],
    "gravity" : [
      0.0434621125459671,
      -0.9850283861160278,
      -0.16682329773902893
    ]
  },
  {
    "timestamp" : 235216371112,
    "userAcceleration" : [
      0.004120837897062302,
      0.02252429723739624,
      -0.05073215067386627
    ],
    "rotationMatrix" : [
      -0.7304016947746277,
      0.07898357510566711,
      -0.678435742855072,
      -0.6816155910491943,
      -0.14790798723697662,
      0.716605544090271,
      -0.04374593496322632,
      0.985842227935791,
      0.161868616938591
    ],
    "gravity" : [
      0.04374595731496811,
      -0.9858421683311462,
      -0.1618686318397522
    ]
  },
  {
    "timestamp" : 235216381131,
    "userAcceleration" : [
      0.00019227340817451477,
      0.02536189556121826,
      -0.07198931276798248
    ],
    "rotationMatrix" : [
      -0.7312585115432739,
      0.07503801584243774,
      -0.6779605150222778,
      -0.6806968450546265,
      -0.14401330053806305,
      0.7182702422142029,
      -0.0437377393245697,
      0.986726701259613,
      0.15638898313045502
    ],
    "gravity" : [
      0.0437377467751503,
      -0.986726701259613,
      -0.1563890278339386
    ]
  },
  {
    "timestamp" : 235216391149,
    "userAcceleration" : [
      -0.015379417687654495,
      0.017310738563537598,
      -0.05264151096343994
    ],
    "rotationMatrix" : [
      -0.7321653366088867,
      0.07094302773475647,
      -0.677422285079956,
      -0.6797324419021606,
      -0.13971123099327087,
      0.7200309634208679,
      -0.0435623824596405,
      0.9876475930213928,
      0.15051403641700745
    ],
    "gravity" : [
      0.043562352657318115,
      -0.9876475930213928,
      -0.15051403641700745
    ]
  },
  {
    "timestamp" : 235216401168,
    "userAcceleration" : [
      -0.05822516605257988,
      -0.012728691101074219,
      0.026265859603881836
    ],
    "rotationMatrix" : [
      -0.7332661747932434,
      0.06679224967956543,
      -0.6766529083251953,
      -0.678560197353363,
      -0.13528336584568024,
      0.7219793796539307,
      -0.0433172881603241,
      0.9885529279708862,
      0.14452151954174042
    ],
    "gravity" : [
      0.0433172844350338,
      -0.9885529279708862,
      -0.14452150464057922
    ]
  },
  {
    "timestamp" : 235216411187,
    "userAcceleration" : [
      -0.08022794872522354,
      -0.02838963270187378,
      0.05626702308654785
    ],
    "rotationMatrix" : [
      -0.734707236289978,
      0.06254115700721741,
      -0.6754952669143677,
      -0.6770057678222656,
      -0.13104277849197388,
      0.7242175340652466,
      -0.043225377798080444,
      0.9894020557403564,
      0.13861876726150513
    ],
    "gravity" : [
      0.043225355446338654,
      -0.9894020557403564,
      -0.13861875236034393
    ]
  },
  {
    "timestamp" : 235216421205,
    "userAcceleration" : [
      -0.08048780262470245,
      -0.02763068675994873,
      0.05065268278121948
    ],
    "rotationMatrix" : [
      -0.7372947931289673,
      0.058031290769577026,
      -0.6730740070343018,
      -0.6741700172424316,
      -0.12733213603496552,
      0.7275171279907227,
      -0.04348522424697876,
      0.9901609420776367,
      0.13300438225269318
    ],
    "gravity" : [
      0.043485209345817566,
      -0.9901610016822815,
      -0.13300438225269318
    ]
  },
  {
    "timestamp" : 235216431224,
    "userAcceleration" : [
      -0.08210665732622147,
      -0.048741698265075684,
      0.06471110880374908
    ],
    "rotationMatrix" : [
      -0.7399725317955017,
      0.05353006720542908,
      -0.6705032587051392,
      -0.6711846590042114,
      -0.12422503530979156,
      0.7308070659637451,
      -0.044173240661621094,
      0.9908088445663452,
      0.12785200774669647
    ],
    "gravity" : [
      0.04417327046394348,
      -0.99080890417099,
      -0.12785200774669647
    ]
  },
  {
    "timestamp" : 235216441243,
    "userAcceleration" : [
      -0.05994724854826927,
      -0.050902366638183594,
      0.030297711491584778
    ],
    "rotationMatrix" : [
      -0.7427303194999695,
      0.048898845911026,
      -0.6678022742271423,
      -0.6680519580841064,
      -0.12167711555957794,
      0.7340986132621765,
      -0.04535984992980957,
      0.9913643002510071,
      0.12304066121578217
    ],
    "gravity" : [
      0.045359812676906586,
      -0.9913643002510071,
      -0.12304062396287918
    ]
  },
  {
    "timestamp" : 235216451261,
    "userAcceleration" : [
      -0.051680076867341995,
      -0.03571242094039917,
      -0.033001482486724854
    ],
    "rotationMatrix" : [
      -0.7446083426475525,
      0.04424777626991272,
      -0.6660332083702087,
      -0.6658492088317871,
      -0.11939594149589539,
      0.7364706993103027,
      -0.046934545040130615,
      0.9918601512908936,
      0.11836573481559753
    ],
    "gravity" : [
      0.04693456366658211,
      -0.9918601512908936,
      -0.11836574226617813
    ]
  },
  {
    "timestamp" : 235216461280,
    "userAcceleration" : [
      -0.036806415766477585,
      -0.025552451610565186,
      -0.09186577796936035
    ],
    "rotationMatrix" : [
      -0.7457886934280396,
      0.039391785860061646,
      -0.6650168299674988,
      -0.6643960475921631,
      -0.11703678965568542,
      0.7381600141525269,
      -0.048753976821899414,
      0.9923460483551025,
      0.11345651745796204
    ],
    "gravity" : [
      0.048753995448350906,
      -0.9923460483551025,
      -0.11345651000738144
    ]
  },
  {
    "timestamp" : 235216471299,
    "userAcceleration" : [
      -0.042902201414108276,
      -0.015204966068267822,
      -0.12561096251010895
    ],
    "rotationMatrix" : [
      -0.7459731101989746,
      0.03403604030609131,
      -0.665105938911438,
      -0.6640389561653137,
      -0.11413359642028809,
      0.7389357089996338,
      -0.050760418176651,
      0.992882251739502,
      0.10774171352386475
    ],
    "gravity" : [
      0.05076044425368309,
      -0.992882251739502,
      -0.10774174332618713
    ]
  },
  {
    "timestamp" : 235216481317,
    "userAcceleration" : [
      -0.05324872210621834,
      -0.008462309837341309,
      -0.1086166501045227
    ],
    "rotationMatrix" : [
      -0.7458952069282532,
      0.028130322694778442,
      -0.6654689908027649,
      -0.6639715433120728,
      -0.11052171885967255,
      0.7395448684692383,
      -0.052745163440704346,
      0.9934755563735962,
      0.10111536085605621
    ],
    "gravity" : [
      0.05274515226483345,
      -0.9934754967689514,
      -0.101115383207798
    ]
  },
  {
    "timestamp" : 235216491336,
    "userAcceleration" : [
      -0.04671222344040871,
      -0.010179281234741211,
      -0.04188370704650879
    ],
    "rotationMatrix" : [
      -0.7460207343101501,
      0.022038251161575317,
      -0.6655578017234802,
      -0.6636803150177002,
      -0.10655392706394196,
      0.7403880953788757,
      -0.05460095405578613,
      0.994062602519989,
      0.09411792457103729
    ],
    "gravity" : [
      0.05460096150636673,
      -0.994062602519989,
      -0.09411793947219849
    ]
  },
  {
    "timestamp" : 235216501355,
    "userAcceleration" : [
      -0.03660391643643379,
      -0.01005476713180542,
      0.029796898365020752
    ],
    "rotationMatrix" : [
      -0.7465464472770691,
      0.016191154718399048,
      -0.6651359796524048,
      -0.6629400253295898,
      -0.10281535983085632,
      0.7415789365768433,
      -0.05637925863265991,
      0.9945685863494873,
      0.08749040961265564
    ],
    "gravity" : [
      0.05637925863265991,
      -0.9945685863494873,
      -0.08749040216207504
    ]
  },
  {
    "timestamp" : 235216511374,
    "userAcceleration" : [
      -0.01525786891579628,
      -0.008434176445007324,
      0.0726577639579773
    ],
    "rotationMatrix" : [
      -0.7474871873855591,
      0.010787755250930786,
      -0.6641886234283447,
      -0.6617180109024048,
      -0.09975786507129669,
      0.7430865168571472,
      -0.058241814374923706,
      0.9949532151222229,
      0.0817062109708786
    ],
    "gravity" : [
      0.0582418218255043,
      -0.9949532151222229,
      -0.08170623332262039
    ]
  },
  {
    "timestamp" : 235216521392,
    "userAcceleration" : [
      0.00416632741689682,
      -0.021980226039886475,
      0.06832175701856613
    ],
    "rotationMatrix" : [
      -0.7486927509307861,
      0.005680829286575317,
      -0.6628929972648621,
      -0.6601675748825073,
      -0.09737361967563629,
      0.7447800636291504,
      -0.060317277908325195,
      0.9952317476272583,
      0.07665310800075531
    ],
    "gravity" : [
      0.060317281633615494,
      -0.9952317476272583,
      -0.07665310800075531
    ]
  },
  {
    "timestamp" : 235216531411,
    "userAcceleration" : [
      0.03158419206738472,
      0.01834547519683838,
      -0.04554492235183716
    ],
    "rotationMatrix" : [
      -0.7498087286949158,
      0.000782310962677002,
      -0.6616541147232056,
      -0.6587046384811401,
      -0.09520646929740906,
      0.7463537454605103,
      -0.062409907579422,
      0.9954571723937988,
      0.07190200686454773
    ],
    "gravity" : [
      0.0624098926782608,
      -0.9954572319984436,
      -0.07190199196338654
    ]
  },
  {
    "timestamp" : 235216541430,
    "userAcceleration" : [
      0.029668547213077545,
      0.01856321096420288,
      -0.05041355639696121
    ],
    "rotationMatrix" : [
      -0.7507398128509521,
      -0.004027813673019409,
      -0.660585880279541,
      -0.6574589014053345,
      -0.0928172916173935,
      0.7477519512176514,
      -0.06432554125785828,
      0.9956750869750977,
      0.06703342497348785
    ],
    "gravity" : [
      0.06432554125785828,
      -0.9956750869750977,
      -0.06703340262174606
    ]
  },
  {
    "timestamp" : 235216551448,
    "userAcceleration" : [
      0.031489692628383636,
      0.033373892307281494,
      -0.0728347897529602
    ],
    "rotationMatrix" : [
      -0.7514597177505493,
      -0.008783102035522461,
      -0.6597204804420471,
      -0.656481921672821,
      -0.08988402783870697,
      0.7489674687385559,
      -0.06587660312652588,
      0.9959134459495544,
      0.061778321862220764
    ],
    "gravity" : [
      0.06587659567594528,
      -0.9959135055541992,
      -0.061778321862220764
    ]
  },
  {
    "timestamp" : 235216561467,
    "userAcceleration" : [
      0.03047505021095276,
      0.03364342451095581,
      -0.07853502780199051
    ],
    "rotationMatrix" : [
      -0.7513940334320068,
      -0.013316720724105835,
      -0.6597194075584412,
      -0.6564545631408691,
      -0.0862661749124527,
      0.7494168281555176,
      -0.06689125299453735,
      0.9961831569671631,
      0.05607806146144867
    ],
    "gravity" : [
      0.06689124554395676,
      -0.9961830973625183,
      -0.05607805401086807
    ]
  },
  {
    "timestamp" : 235216571486,
    "userAcceleration" : [
      0.03245546668767929,
      0.04003089666366577,
      -0.06141537055373192
    ],
    "rotationMatrix" : [
      -0.7518244385719299,
      -0.01775643229484558,
      -0.6591238975524902,
      -0.6559187173843384,
      -0.0819002091884613,
      0.750374972820282,
      -0.06730648875236511,
      0.9964821934700012,
      0.04992803931236267
    ],
    "gravity" : [
      0.06730645895004272,
      -0.9964821934700012,
      -0.04992804676294327
    ]
  },
  {
    "timestamp" : 235216581504,
    "userAcceleration" : [
      0.02861212193965912,
      0.03545421361923218,
      -0.020555201917886734
    ],
    "rotationMatrix" : [
      -0.751998782157898,
      -0.02197602391242981,
      -0.658798098564148,
      -0.6557397842407227,
      -0.07680761814117432,
      0.7510699033737183,
      -0.06710624694824219,
      0.9968037605285645,
      0.04334867000579834
    ],
    "gravity" : [
      0.06710623949766159,
      -0.9968037605285645,
      -0.04334864392876625
    ]
  },
  {
    "timestamp" : 235216591523,
    "userAcceleration" : [
      0.018851004540920258,
      0.026293516159057617,
      0.01856279745697975
    ],
    "rotationMatrix" : [
      -0.7528212070465088,
      -0.02605709433555603,
      -0.6577087640762329,
      -0.6548608541488647,
      -0.07124093174934387,
      0.7523840069770813,
      -0.06646081805229187,
      0.9971185326576233,
      0.036568135023117065
    ],
    "gravity" : [
      0.06646083295345306,
      -0.9971185922622681,
      -0.036568187177181244
    ]
  },
  {
    "timestamp" : 235216601542,
    "userAcceleration" : [
      0.012182198464870453,
      0.0068849921226501465,
      0.044780436903238297
    ],
    "rotationMatrix" : [
      -0.7540945410728455,
      -0.02992609143257141,
      -0.6560831665992737,
      -0.6534771919250488,
      -0.06564775109291077,
      0.7540938258171082,
      -0.06563758850097656,
      0.997393786907196,
      0.02994897961616516
    ],
    "gravity" : [
      0.06563758850097656,
      -0.9973938465118408,
      -0.029948921874165535
    ]
  },
  {
    "timestamp" : 235216611560,
    "userAcceleration" : [
      0.004998333752155304,
      -0.01110309362411499,
      0.04297363758087158
    ],
    "rotationMatrix" : [
      -0.7558313012123108,
      -0.033585190773010254,
      -0.6539044380187988,
      -0.6515433192253113,
      -0.06039051711559296,
      0.7562038898468018,
      -0.0648868978023529,
      0.9976096153259277,
      0.023762837052345276
    ],
    "gravity" : [
      0.06488689035177231,
      -0.9976096153259277,
      -0.02376285381615162
    ]
  },
  {
    "timestamp" : 235216621579,
    "userAcceleration" : [
      -0.0030645281076431274,
      -0.014596402645111084,
      0.0328981876373291
    ],
    "rotationMatrix" : [
      -0.7576847672462463,
      -0.036930620670318604,
      -0.6515750885009766,
      -0.6494442820549011,
      -0.055721014738082886,
      0.7583649754524231,
      -0.06431326270103455,
      0.9977632164955139,
      0.018234461545944214
    ],
    "gravity" : [
      0.06431327760219574,
      -0.9977632164955139,
      -0.018234489485621452
    ]
  },
  {
    "timestamp" : 235216631598,
    "userAcceleration" : [
      0.022225208580493927,
      -0.0024001598358154297,
      0.01008516550064087
    ],
    "rotationMatrix" : [
      -0.7595494389533997,
      -0.039826393127441406,
      -0.6492288708686829,
      -0.6473154425621033,
      -0.05157849192619324,
      0.7604749202728271,
      -0.0637732744216919,
      0.99787437915802,
      0.013396352529525757
    ],
    "gravity" : [
      0.06377328187227249,
      -0.99787437915802,
      -0.013396341353654861
    ]
  },
  {
    "timestamp" : 235216641616,
    "userAcceleration" : [
      0.02060835063457489,
      0.002390265464782715,
      -0.06903713941574097
    ],
    "rotationMatrix" : [
      -0.7614606618881226,
      -0.04237908124923706,
      -0.6468241214752197,
      -0.6451292634010315,
      -0.04763898253440857,
      0.762586772441864,
      -0.06313183903694153,
      0.9979651570320129,
      0.008935362100601196
    ],
    "gravity" : [
      0.06313183158636093,
      -0.9979651570320129,
      -0.008935347199440002
    ]
  },
  {
    "timestamp" : 235216651635,
    "userAcceleration" : [
      0.021404515951871872,
      0.002470672130584717,
      -0.07357865571975708
    ],
    "rotationMatrix" : [
      -0.7631288766860962,
      -0.04482510685920715,
      -0.6446901559829712,
      -0.6432331800460815,
      -0.0435403436422348,
      0.7644314765930176,
      -0.06233566999435425,
      0.9980456829071045,
      0.004393711686134338
    ],
    "gravity" : [
      0.06233568489551544,
      -0.9980456829071045,
      -0.004393742885440588
    ]
  },
  {
    "timestamp" : 235216661654,
    "userAcceleration" : [
      0.022382255643606186,
      0.002540767192840576,
      -0.07853412628173828
    ],
    "rotationMatrix" : [
      -0.7645249962806702,
      -0.047359973192214966,
      -0.6428518295288086,
