[
  {
    "gravity" : [
      0.06543193757534027,
      -0.8515337109565735,
      -0.5202007293701172
    ],
    "rotationMatrix" : [
      0.3664817810058594,
      0.5053926706314087,
      -0.7811973094940186,
      -0.9281215667724609,
      0.13952887058258057,
      -0.34514036774635315,
      -0.06543198227882385,
      0.8515337705612183,
      0.5202007293701172
    ],
    "timestamp" : 235235965342,
    "userAcceleration" : [
      -0.01744312047958374,
      -0.020231246948242188,
      0.06559562683105469
    ]
  },
  {
    "gravity" : [
      0.06792152673006058,
      -0.8490629196166992,
      -0.5239071249961853
    ],
    "rotationMatrix" : [
      0.3639647662639618,
      0.5100170373916626,
      -0.7793664336204529,
      -0.928932785987854,
      0.13774800300598145,
      -0.3436700999736786,
      -0.06792151927947998,
      0.8490629196166992,
      0.5239071249961853
    ],
    "timestamp" : 235235975361,
    "userAcceleration" : [
      -0.014149628579616547,
      -0.0039948225021362305,
      0.0463985800743103
    ]
  },
  {
    "gravity" : [
      0.0703715831041336,
      -0.8464349508285522,
      -0.5278217196464539
    ],
    "rotationMatrix" : [
      0.3615586757659912,
      0.5147960782051086,
      -0.7773418426513672,
      -0.9296898245811462,
      0.1361357569694519,
      -0.3422629237174988,
      -0.07037156820297241,
      0.8464348912239075,
      0.5278217196464539
    ],
    "timestamp" : 235235985380,
    "userAcceleration" : [
      -0.008512519299983978,
      0.01678413152694702,
      0.021367192268371582
    ]
  },
  {
    "gravity" : [
      0.07287869602441788,
      -0.8438380360603333,
      -0.5316256880760193
    ],
    "rotationMatrix" : [
      0.3592832684516907,
      0.5194672346115112,
      -0.7752865552902222,
      -0.9303784370422363,
      0.13450241088867188,
      -0.3410349190235138,
      -0.07287868857383728,
      0.843838095664978,
      0.5316256880760193
    ],
    "timestamp" : 235235995399,
    "userAcceleration" : [
      -0.009386934340000153,
      0.018993854522705078,
      -0.004217207431793213
    ]
  },
  {
    "gravity" : [
      0.07548374682664871,
      -0.8413445353507996,
      -0.5352023839950562
    ],
    "rotationMatrix" : [
      0.35741981863975525,
      0.523897647857666,
      -0.7731637954711914,
      -0.9308884143829346,
      0.1329306662082672,
      -0.340258926153183,
      -0.07548373937606812,
      0.8413444757461548,
      0.5352023839950562
    ],
    "timestamp" : 235236005418,
    "userAcceleration" : [
      -0.013487346470355988,
      0.025960683822631836,
      -0.004134833812713623
    ]
  },
  {
    "gravity" : [
      0.07787198573350906,
      -0.8389822840690613,
      -0.5385580062866211
    ],
    "rotationMatrix" : [
      0.3557416796684265,
      0.5280213356018066,
      -0.7711299657821655,
      -0.9313344955444336,
      0.13153812289237976,
      -0.3395790457725525,
      -0.07787200808525085,
      0.8389822840690613,
      0.5385580658912659
    ],
    "timestamp" : 235236015437,
    "userAcceleration" : [
      -5.222111940383911e-05,
      0.025658249855041504,
      0.011076867580413818
    ]
  },
  {
    "gravity" : [
      0.07974318414926529,
      -0.8368721604347229,
      -0.5415588021278381
    ],
    "rotationMatrix" : [
      0.3538433909416199,
      0.5316727161407471,
      -0.7694926857948303,
      -0.9318990707397461,
      0.1302652359008789,
      -0.3385189175605774,
      -0.07974320650100708,
      0.8368721604347229,
      0.5415588021278381
    ],
    "timestamp" : 235236025455,
    "userAcceleration" : [
      0.011534832417964935,
      0.02154940366744995,
      0.01915884017944336
    ]
  },
  {
    "gravity" : [
      0.08085411041975021,
      -0.8350879549980164,
      -0.5441421270370483
    ],
    "rotationMatrix" : [
      0.351449191570282,
      0.5347521305084229,
      -0.7684553861618042,
      -0.9327089786529541,
      0.12910553812980652,
      -0.33672788739204407,
      -0.08085408806800842,
      0.8350880146026611,
      0.5441421270370483
    ],
    "timestamp" : 235236035474,
    "userAcceleration" : [
      0.03070283681154251,
      0.03360486030578613,
      0.02577054500579834
    ]
  },
  {
    "gravity" : [
      0.08081302791833878,
      -0.8335908055305481,
      -0.5464390516281128
    ],
    "rotationMatrix" : [
      0.34879738092422485,
      0.5372193455696106,
      -0.767942488193512,
      -0.9337074160575867,
      0.12853676080703735,
      -0.33416861295700073,
      -0.08081299066543579,
      0.8335908055305481,
      0.5464390516281128
    ],
    "timestamp" : 235236045493,
    "userAcceleration" : [
      0.05822499841451645,
      0.06384599208831787,
      0.03237038850784302
    ]
  },
  {
    "gravity" : [
      0.07954401522874832,
      -0.8323125839233398,
      -0.5485695004463196
    ],
    "rotationMatrix" : [
      0.345802903175354,
      0.539179265499115,
      -0.76792311668396,
      -0.9349294304847717,
      0.12861326336860657,
      -0.33070456981658936,
      -0.07954403758049011,
      0.8323125839233398,
      0.5485695004463196
    ],
    "timestamp" : 235236055512,
    "userAcceleration" : [
      0.0720977783203125,
      0.07504945993423462,
      0.026352643966674805
    ]
  },
  {
    "gravity" : [
      0.07731561362743378,
      -0.8311836123466492,
      -0.5505959391593933
    ],
    "rotationMatrix" : [
      0.342859148979187,
      0.5407333374023438,
      -0.7681503295898438,
      -0.9361995458602905,
      0.12938687205314636,
      -0.32678595185279846,
      -0.07731559872627258,
      0.831183671951294,
      0.5505959391593933
    ],
    "timestamp" : 235236065531,
    "userAcceleration" : [
      0.059509873390197754,
      0.075644850730896,
      0.01664513349533081
    ]
  },
  {
    "gravity" : [
      0.07460861653089523,
      -0.8300600051879883,
      -0.5526605844497681
    ],
    "rotationMatrix" : [
      0.3402698040008545,
      0.542134165763855,
      -0.7683142423629761,
      -0.9373632669448853,
      0.13073089718818665,
      -0.3228921592235565,
      -0.07460862398147583,
      0.8300600051879883,
      0.5526605844497681
    ],
    "timestamp" : 235236075550,
    "userAcceleration" : [
      0.03307259827852249,
      0.05242645740509033,
      0.010790407657623291
    ]
  },
  {
    "gravity" : [
      0.07216048985719681,
      -0.8287492394447327,
      -0.5549482703208923
    ],
    "rotationMatrix" : [
      0.33767905831336975,
      0.5438401699066162,
      -0.7682517766952515,
      -0.9384912252426147,
      0.13195699453353882,
      -0.3190949857234955,
      -0.07216048240661621,
      0.8287491798400879,
      0.5549482703208923
    ],
    "timestamp" : 235236085569,
    "userAcceleration" : [
      -0.016298122704029083,
      0.015471100807189941,
      0.006577849388122559
    ]
  },
  {
    "gravity" : [
      0.07070145756006241,
      -0.8269972205162048,
      -0.5577427744865417
    ],
    "rotationMatrix" : [
      0.33538755774497986,
      0.546297550201416,
      -0.7675117254257202,
      -0.9394235610961914,
      0.1327957808971405,
      -0.3159886300563812,
      -0.07070145010948181,
      0.8269971609115601,
      0.5577427744865417
    ],
    "timestamp" : 235236095588,
    "userAcceleration" : [
      -0.06191246211528778,
      -0.01975870132446289,
      0.009723305702209473
    ]
  },
  {
    "gravity" : [
      0.07047318667173386,
      -0.8246339559555054,
      -0.5612595081329346
    ],
    "rotationMatrix" : [
      0.33354049921035767,
      0.5497527122497559,
      -0.7658475637435913,
      -0.9400979280471802,
      0.13323107361793518,
      -0.3137916028499603,
      -0.07047319412231445,
      0.8246339559555054,
      0.5612595081329346
    ],
    "timestamp" : 235236105607,
    "userAcceleration" : [
      -0.07346397638320923,
      -0.03129243850708008,
      0.01331639289855957
    ]
  },
  {
    "gravity" : [
      0.0714171752333641,
      -0.8217289447784424,
      -0.5653857588768005
    ],
    "rotationMatrix" : [
      0.3320908844470978,
      0.5540827512741089,
      -0.7633529901504517,
      -0.9405398368835449,
      0.13324296474456787,
      -0.31245967745780945,
      -0.0714171826839447,
      0.8217289447784424,
      0.5653857588768005
    ],
    "timestamp" : 235236115626,
    "userAcceleration" : [
      -0.06694640964269638,
      -0.029329955577850342,
      0.015001177787780762
    ]
  },
  {
    "gravity" : [
      0.07300353050231934,
      -0.8184500336647034,
      -0.56992107629776
    ],
    "rotationMatrix" : [
      0.3304256796836853,
      0.559020459651947,
      -0.7604702711105347,
      -0.9410044550895691,
      0.13279953598976135,
      -0.31124740839004517,
      -0.07300353050231934,
      0.8184500336647034,
      0.56992107629776
    ],
    "timestamp" : 235236125645,
    "userAcceleration" : [
      -0.03781682252883911,
      -0.012253642082214355,
      0.026784420013427734
    ]
  },
  {
    "gravity" : [
      0.07453534007072449,
      -0.8149973154067993,
      -0.5746509432792664
    ],
    "rotationMatrix" : [
      0.3285444378852844,
      0.564150333404541,
      -0.7574911117553711,
      -0.9415428638458252,
      0.13233855366706848,
      -0.30981186032295227,
      -0.07453534007072449,
      0.8149973154067993,
      0.5746509432792664
    ],
    "timestamp" : 235236135664,
    "userAcceleration" : [
      -0.0024376288056373596,
      0.013025999069213867,
      0.03412359952926636
    ]
  },
  {
    "gravity" : [
      0.07543104887008667,
      -0.811521589756012,
      -0.5794332027435303
    ],
    "rotationMatrix" : [
      0.3262231647968292,
      0.5691954493522644,
      -0.7547152042388916,
      -0.9422784447669983,
      0.1320955753326416,
      -0.3076721727848053,
      -0.07543101906776428,
      0.8115216493606567,
      0.5794332027435303
    ],
    "timestamp" : 235236145683,
    "userAcceleration" : [
      0.007408857345581055,
      0.02639591693878174,
      0.03490805625915527
    ]
  },
  {
    "gravity" : [
      0.07544250786304474,
      -0.8082185983657837,
      -0.5840300917625427
    ],
    "rotationMatrix" : [
      0.3231624960899353,
      0.5739049911499023,
      -0.7524620294570923,
      -0.9433315992355347,
      0.13196897506713867,
      -0.3044827878475189,
      -0.07544255256652832,
      0.8082185983657837,
      0.5840300917625427
    ],
    "timestamp" : 235236155702,
    "userAcceleration" : [
      0.009670957922935486,
      0.019064605236053467,
      0.01382434368133545
    ]
  },
  {
    "gravity" : [
      0.07472384721040726,
      -0.8052831888198853,
      -0.5881627798080444
    ],
    "rotationMatrix" : [
      0.31956830620765686,
      0.5780431032180786,
      -0.7508277893066406,
      -0.9446123838424683,
      0.1318534016609192,
      -0.3005366325378418,
      -0.07472383975982666,
      0.8052831888198853,
      0.5881627798080444
    ],
    "timestamp" : 235236165721,
    "userAcceleration" : [
      0.00912313163280487,
      0.01055973768234253,
      -0.022677123546600342
    ]
  },
  {
    "gravity" : [
      0.07369983196258545,
      -0.8027403354644775,
      -0.5917569994926453
    ],
    "rotationMatrix" : [
      0.31593698263168335,
      0.5816013813018799,
      -0.7496157288551331,
      -0.9459134340286255,
      0.13171136379241943,
      -0.29647934436798096,
      -0.07369983196258545,
      0.8027403354644775,
      0.5917569994926453
    ],
    "timestamp" : 235236175740,
    "userAcceleration" : [
      0.0018616318702697754,
      0.010168373584747314,
      -0.05248439311981201
    ]
  },
  {
    "gravity" : [
      0.0729575827717781,
      -0.8004627227783203,
      -0.5949256420135498
    ],
    "rotationMatrix" : [
      0.31261348724365234,
      0.5848081707954407,
      -0.7485132217407227,
      -0.9470743536949158,
      0.1313720941543579,
      -0.29290154576301575,
      -0.07295757532119751,
      0.8004627227783203,
      0.5949256420135498
    ],
    "timestamp" : 235236185759,
    "userAcceleration" : [
      -0.003423355519771576,
      0.011095166206359863,
      -0.0717155933380127
    ]
  },
  {
    "gravity" : [
      0.07295028865337372,
      -0.7982222437858582,
      -0.5979293584823608
    ],
    "rotationMatrix" : [
      0.3102491497993469,
      0.587943434715271,
      -0.7470394372940063,
      -0.9478521347045898,
      0.13101032376289368,
      -0.2905384600162506,
      -0.07295027375221252,
      0.7982223033905029,
      0.5979293584823608
    ],
    "timestamp" : 235236195778,
    "userAcceleration" : [
      -0.017850860953330994,
      0.015583813190460205,
      -0.07016158103942871
    ]
  },
  {
    "gravity" : [
      0.07377433776855469,
      -0.7958869934082031,
      -0.6009337306022644
    ],
    "rotationMatrix" : [
      0.30854445695877075,
      0.5912267565727234,
      -0.745151937007904,
      -0.9483447670936584,
      0.13044166564941406,
      -0.2891838848590851,
      -0.07377433776855469,
      0.7958869934082031,
      0.6009337306022644
    ],
    "timestamp" : 235236205797,
    "userAcceleration" : [
      -0.02348143607378006,
      0.0098915696144104,
      -0.05896317958831787
    ]
  },
  {
    "gravity" : [
      0.07516466826200485,
      -0.7935705780982971,
      -0.6038177609443665
    ],
    "rotationMatrix" : [
      0.30726224184036255,
      0.5944991111755371,
      -0.7430750131607056,
      -0.9486516714096069,
      0.129677414894104,
      -0.28851956129074097,
      -0.07516467571258545,
      0.7935705780982971,
      0.6038177609443665
    ],
    "timestamp" : 235236215816,
    "userAcceleration" : [
      -0.01809687912464142,
      0.01337355375289917,
      -0.044894397258758545
    ]
  },
  {
    "gravity" : [
      0.07680263370275497,
      -0.7914888858795166,
      -0.6063387989997864
    ],
    "rotationMatrix" : [
      0.3061616122722626,
      0.5974758863449097,
      -0.7411393523216248,
      -0.9488763809204102,
      0.12871620059013367,
      -0.28821125626564026,
      -0.07680261135101318,
      0.7914888858795166,
      0.6063387989997864
    ],
    "timestamp" : 235236225835,
    "userAcceleration" : [
      -0.0038961991667747498,
      0.023529350757598877,
      -0.0334928035736084
    ]
  },
  {
    "gravity" : [
      0.07864946126937866,
      -0.7896323800086975,
      -0.6085185408592224
    ],
    "rotationMatrix" : [
      0.3051753044128418,
      0.600175142288208,
      -0.739362895488739,
      -0.9490426778793335,
      0.12755438685417175,
      -0.2881796956062317,
      -0.07864946126937866,
      0.7896323800086975,
      0.6085186004638672
    ],
    "timestamp" : 235236235854,
    "userAcceleration" : [
      -0.005544684827327728,
      0.03526848554611206,
      -0.009050428867340088
    ]
  },
  {
    "gravity" : [
      0.08065198361873627,
      -0.7876959443092346,
      -0.6107620596885681
    ],
    "rotationMatrix" : [
      0.3045122027397156,
      0.6029340624809265,
      -0.737389087677002,
      -0.9490876793861389,
      0.12651261687278748,
      -0.28849083185195923,
      -0.08065196871757507,
      0.7876959443092346,
      0.6107620596885681
    ],
    "timestamp" : 235236245873,
    "userAcceleration" : [
      -0.0050294846296310425,
      0.042166829109191895,
      0.03164517879486084
    ]
  },
  {
    "gravity" : [
      0.08255856484174728,
      -0.7854174971580505,
      -0.613435685634613
    ],
    "rotationMatrix" : [
      0.3038739562034607,
      0.6060640811920166,
      -0.7350828051567078,
      -0.949128270149231,
      0.12571978569030762,
      -0.2887036204338074,
      -0.08255857229232788,
      0.7854174971580505,
      0.613435685634613
    ],
    "timestamp" : 235236255891,
    "userAcceleration" : [
      0.005331993103027344,
      0.05000501871109009,
      0.06892579793930054
    ]
  },
  {
    "gravity" : [
      0.08389878273010254,
      -0.7828137874603271,
      -0.6165739297866821
    ],
    "rotationMatrix" : [
      0.30319327116012573,
      0.609472393989563,
      -0.7325414419174194,
      -0.9492284059524536,
      0.12548178434371948,
      -0.2884777784347534,
      -0.08389881253242493,
      0.7828137874603271,
      0.6165739297866821
    ],
    "timestamp" : 235236265910,
    "userAcceleration" : [
      0.014703437685966492,
      0.0606306791305542,
      0.0925261378288269
    ]
  },
  {
    "gravity" : [
      0.08397526293992996,
      -0.7800572514533997,
      -0.6200473308563232
    ],
    "rotationMatrix" : [
      0.3018589913845062,
      0.6129215955734253,
      -0.7302109599113464,
      -0.9496468305587769,
      0.1258472502231598,
      -0.286937415599823,
      -0.08397525548934937,
      0.7800572514533997,
      0.6200473308563232
    ],
    "timestamp" : 235236275929,
    "userAcceleration" : [
      0.038964733481407166,
      0.06309264898300171,
      0.10219460725784302
    ]
  },
  {
    "gravity" : [
      0.08242610841989517,
      -0.7773720622062683,
      -0.62361741065979
    ],
    "rotationMatrix" : [
      0.29950153827667236,
      0.6161432266235352,
      -0.7284685969352722,
      -0.9505287408828735,
      0.12672951817512512,
      -0.28361040353775024,
      -0.08242613077163696,
      0.7773720622062683,
      0.62361741065979
    ],
    "timestamp" : 235236285948,
    "userAcceleration" : [
      0.056886568665504456,
      0.06274199485778809,
      0.07658976316452026
    ]
  },
  {
    "gravity" : [
      0.07954663783311844,
      -0.7749007940292358,
      -0.6270573735237122
    ],
    "rotationMatrix" : [
      0.296671599149704,
      0.6189494132995605,
      -0.7272464632987976,
      -0.9516607522964478,
      0.1281801462173462,
      -0.27912628650665283,
      -0.07954663038253784,
      0.7749007940292358,
      0.6270574331283569
    ],
    "timestamp" : 235236295967,
    "userAcceleration" : [
      0.04690288007259369,
      0.05665445327758789,
      0.024869263172149658
    ]
  },
  {
    "gravity" : [
      0.0761299878358841,
      -0.772639274597168,
      -0.6302639842033386
    ],
    "rotationMatrix" : [
      0.29389479756355286,
      0.6214048266410828,
      -0.7262793183326721,
      -0.9528010487556458,
      0.1299397051334381,
      -0.2743821442127228,
      -0.0761299729347229,
      0.772639274597168,
      0.6302639842033386
    ],
    "timestamp" : 235236305986,
    "userAcceleration" : [
      0.024837352335453033,
      0.04740440845489502,
      -0.029358208179473877
    ]
  },
  {
    "gravity" : [
      0.07294441014528275,
      -0.7705127596855164,
      -0.6332370042800903
    ],
    "rotationMatrix" : [
      0.2919696569442749,
      0.6236094236373901,
      -0.7251653671264648,
      -0.9536417722702026,
      0.1319892704486847,
      -0.2704550623893738,
      -0.07294443249702454,
      0.7705127596855164,
      0.6332370042800903
    ],
    "timestamp" : 235236316005,
    "userAcceleration" : [
      0.007209956645965576,
      0.03543591499328613,
      -0.06619536876678467
    ]
  },
  {
    "gravity" : [
      0.07053152471780777,
      -0.7683948278427124,
      -0.6360775232315063
    ],
    "rotationMatrix" : [
      0.2909661531448364,
      0.62578284740448,
      -0.723694920539856,
      -0.9541299343109131,
      0.1340337097644806,
      -0.267714262008667,
      -0.07053151726722717,
      0.7683948278427124,
      0.6360775232315063
    ],
    "timestamp" : 235236326024,
    "userAcceleration" : [
      -0.008336767554283142,
      0.022179067134857178,
      -0.07656896114349365
    ]
  },
  {
    "gravity" : [
      0.06895577907562256,
      -0.7661730647087097,
      -0.6389238834381104
    ],
    "rotationMatrix" : [
      0.29066118597984314,
      0.6280919909477234,
      -0.7218145132064819,
      -0.9543378949165344,
      0.13593712449073792,
      -0.2660072445869446,
      -0.06895580887794495,
      0.7661730647087097,
      0.6389238834381104
    ],
    "timestamp" : 235236336043,
    "userAcceleration" : [
      -0.013413861393928528,
      0.015166103839874268,
      -0.06024903059005737
    ]
  },
  {
    "gravity" : [
      0.06789705157279968,
      -0.7638347744941711,
      -0.6418305039405823
    ],
    "rotationMatrix" : [
      0.2911110520362854,
      0.6304881572723389,
      -0.7195407748222351,
      -0.9542768001556396,
      0.13798928260803223,
      -0.2651689648628235,
      -0.0678970217704773,
      0.7638347744941711,
      0.6418305039405823
    ],
    "timestamp" : 235236346062,
    "userAcceleration" : [
      -0.013774186372756958,
      0.011851191520690918,
      -0.03924560546875
    ]
  },
  {
    "gravity" : [
      0.0670040100812912,
      -0.7614464163780212,
      -0.6447556614875793
    ],
    "rotationMatrix" : [
      0.2917119264602661,
      0.6329225301742554,
      -0.7171564102172852,
      -0.9541565179824829,
      0.14003053307533264,
      -0.26453137397766113,
      -0.06700402498245239,
      0.761446475982666,
      0.6447556018829346
    ],
    "timestamp" : 235236356081,
    "userAcceleration" : [
      -0.01591765135526657,
      0.013109683990478516,
      -0.01794886589050293
    ]
  },
  {
    "gravity" : [
      0.06599707156419754,
      -0.759084165096283,
      -0.6476383805274963
    ],
    "rotationMatrix" : [
      0.2922839820384979,
      0.6352899670600891,
      -0.7148261070251465,
      -0.9540514349937439,
      0.1421179473400116,
      -0.26379531621932983,
      -0.06599706411361694,
      0.759084165096283,
      0.6476383805274963
    ],
    "timestamp" : 235236366100,
    "userAcceleration" : [
      -0.00799848884344101,
      0.01135784387588501,
      -0.007207810878753662
    ]
  },
  {
    "gravity" : [
      0.06470942497253418,
      -0.7567418813705444,
      -0.6505031585693359
    ],
    "rotationMatrix" : [
      0.2927376925945282,
      0.6375851035118103,
      -0.7125937342643738,
      -0.9540006518363953,
      0.14431527256965637,
      -0.26278460025787354,
      -0.06470942497253418,
      0.7567418813705444,
      0.6505031585693359
    ],
    "timestamp" : 235236376119,
    "userAcceleration" : [
      -0.009747341275215149,
      0.01833862066268921,
      0.0005397796630859375
    ]
  },
  {
    "gravity" : [
      0.06299979239702225,
      -0.7544359564781189,
      -0.6533432006835938
    ],
    "rotationMatrix" : [
      0.29298242926597595,
      0.6397799253463745,
      -0.7105228900909424,
      -0.9540399312973022,
      0.14665533602237701,
      -0.2613423764705658,
      -0.06299981474876404,
      0.7544358968734741,
      0.6533432006835938
    ],
    "timestamp" : 235236386138,
    "userAcceleration" : [
      -0.0021630674600601196,
      0.019435465335845947,
      -0.01540374755859375
    ]
  },
  {
    "gravity" : [
      0.0609896183013916,
      -0.7522441148757935,
      -0.6560555696487427
    ],
    "rotationMatrix" : [
      0.2934953570365906,
      0.6417377591133118,
      -0.7085427045822144,
      -0.9540128111839294,
      0.1493355631828308,
      -0.2599194049835205,
      -0.060989588499069214,
      0.7522441148757935,
      0.6560555696487427
    ],
    "timestamp" : 235236396157,
    "userAcceleration" : [
      -0.00015288963913917542,
      0.017243564128875732,
      -0.012691378593444824
    ]
  },
  {
    "gravity" : [
      0.058943457901477814,
      -0.7501118183135986,
      -0.6586788296699524
    ],
    "rotationMatrix" : [
      0.2945575416088104,
      0.643516480922699,
      -0.7064858078956604,
      -0.9538140892982483,
      0.15237613022327423,
      -0.2588821053504944,
      -0.05894345045089722,
      0.7501118779182434,
      0.6586788296699524
    ],
    "timestamp" : 235236406176,
    "userAcceleration" : [
      -0.0077045150101184845,
      0.010823607444763184,
      -0.008343875408172607
    ]
  },
  {
    "gravity" : [
      0.057259127497673035,
      -0.7477011680603027,
      -0.6615620255470276
    ],
    "rotationMatrix" : [
      0.29591134190559387,
      0.6455831527709961,
      -0.7040303349494934,
      -0.9534976482391357,
      0.15545155107975006,
      -0.25821876525878906,
      -0.05725914239883423,
      0.7477011680603027,
      0.6615620255470276
    ],
    "timestamp" : 235236416195,
    "userAcceleration" : [
      -0.03595792129635811,
      -0.0026039481163024902,
      0.017564773559570312
    ]
  },
  {
    "gravity" : [
      0.05589165911078453,
      -0.7447357773780823,
      -0.6650148034095764
    ],
    "rotationMatrix" : [
      0.29718858003616333,
      0.6482753157615662,
      -0.7010121941566467,
      -0.9531815648078918,
      0.15845409035682678,
      -0.2575600743293762,
      -0.05589169263839722,
      0.7447357773780823,
      0.6650148630142212
    ],
    "timestamp" : 235236426214,
    "userAcceleration" : [
      -0.0647723376750946,
      -0.02407824993133545,
      0.04302072525024414
    ]
  },
  {
    "gravity" : [
      0.05482327193021774,
      -0.7412921786308289,
      -0.6689396500587463
    ],
    "rotationMatrix" : [
      0.29760661721229553,
      0.6516284346580505,
      -0.6977181434631348,
      -0.9531131386756897,
      0.16082969307899475,
      -0.25633782148361206,
      -0.05482327938079834,
      0.7412921786308289,
      0.6689396500587463
    ],
    "timestamp" : 235236436233,
    "userAcceleration" : [
      -0.09496921300888062,
      -0.05549120903015137,
      0.04050636291503906
    ]
  },
  {
    "gravity" : [
      0.0537756122648716,
      -0.7376469969749451,
      -0.6730416417121887
    ],
    "rotationMatrix" : [
      0.29729706048965454,
      0.6552778482437134,
      -0.6944243907928467,
      -0.953269362449646,
      0.16275019943714142,
      -0.25453826785087585,
      -0.0537756085395813,
      0.7376470565795898,
      0.673041582107544
    ],
    "timestamp" : 235236446252,
    "userAcceleration" : [
      -0.10776126384735107,
      -0.06404972076416016,
      0.022788286209106445
    ]
  },
  {
    "gravity" : [
      0.05252408608794212,
      -0.7340916395187378,
      -0.6770159006118774
    ],
    "rotationMatrix" : [
      0.2959609627723694,
      0.6589364409446716,
      -0.6915270090103149,
      -0.953754723072052,
      0.1640484780073166,
      -0.2518724203109741,
      -0.05252408981323242,
      0.7340916991233826,
      0.6770159006118774
    ],
    "timestamp" : 235236456271,
    "userAcceleration" : [
      -0.0900149941444397,
      -0.052514076232910156,
      -0.010362029075622559
    ]
  },
  {
    "gravity" : [
      0.05095057561993599,
      -0.7308019399642944,
      -0.6806853413581848
    ],
    "rotationMatrix" : [
      0.29409557580947876,
      0.6623276472091675,
      -0.6890789866447449,
      -0.9544169902801514,
      0.1650775820016861,
      -0.24867159128189087,
      -0.050950586795806885,
      0.7308019399642944,
      0.6806853413581848
    ],
    "timestamp" : 235236466290,
    "userAcceleration" : [
      -0.06428682804107666,
      -0.03613525629043579,
      -0.041574180126190186
    ]
  },
  {
    "gravity" : [
      0.04929262399673462,
      -0.7277769446372986,
      -0.6840401887893677
    ],
    "rotationMatrix" : [
      0.2922877371311188,
      0.6654011607170105,
      -0.6868836879730225,
      -0.9550592303276062,
      0.16607826948165894,
      -0.24551965296268463,
      -0.04929259419441223,
      0.7277769446372986,
      0.6840401887893677
    ],
    "timestamp" : 235236476309,
    "userAcceleration" : [
      -0.05327523127198219,
      -0.02702951431274414,
      -0.0663108229637146
    ]
  },
  {
    "gravity" : [
      0.04810628294944763,
      -0.724938690662384,
      -0.6871314644813538
    ],
    "rotationMatrix" : [
      0.2906081974506378,
      0.6683262586593628,
      -0.6847531795501709,
      -0.9556320905685425,
      0.1667451113462448,
      -0.24282383918762207,
      -0.048106253147125244,
      0.724938690662384,
      0.6871314644813538
    ],
    "timestamp" : 235236486328,
    "userAcceleration" : [
      -0.08816066384315491,
      -0.04044210910797119,
      -0.10267871618270874
    ]
  },
  {
    "gravity" : [
      0.048033419996500015,
      -0.7221637964248657,
      -0.690052330493927
    ],
    "rotationMatrix" : [
      0.2894810438156128,
      0.6712649464607239,
      -0.6823518872261047,
      -0.955977737903595,
      0.16698136925697327,
      -0.24129590392112732,
      -0.04803341627120972,
      0.7221637964248657,
      0.690052330493927
    ],
    "timestamp" : 235236496347,
    "userAcceleration" : [
      -0.08808780461549759,
      -0.0432170033454895,
      -0.09975790977478027
    ]
  },
  {
    "gravity" : [
      0.04925016313791275,
      -0.7193537354469299,
      -0.692895770072937
    ],
    "rotationMatrix" : [
      0.2890937924385071,
      0.6743088960647583,
      -0.6795088052749634,
      -0.9560329914093018,
      0.16684597730636597,
      -0.2411704659461975,
      -0.04925015568733215,
      0.7193537354469299,
      0.692895770072937
    ],
    "timestamp" : 235236506366,
    "userAcceleration" : [
      -0.10143528878688812,
      -0.04535567760467529,
      -0.08963596820831299
    ]
  },
  {
    "gravity" : [
      0.051445603370666504,
      -0.7164827585220337,
      -0.6957051753997803
    ],
    "rotationMatrix" : [
      0.2891128659248352,
      0.6774823665618896,
      -0.6763366460800171,
      -0.9559115171432495,
      0.1663428097963333,
      -0.24199780821800232,
      -0.051445573568344116,
      0.7164827585220337,
      0.6957051753997803
    ],
    "timestamp" : 235236516385,
    "userAcceleration" : [
      -0.09462803602218628,
      -0.04480868577957153,
      -0.06045937538146973
    ]
  },
  {
    "gravity" : [
      0.05392678827047348,
      -0.7136255502700806,
      -0.6984485983848572
    ],
    "rotationMatrix" : [
      0.28913038969039917,
      0.6806619763374329,
      -0.6731290221214294,
      -0.9557694792747498,
      0.16564305126667023,
      -0.243036687374115,
      -0.05392676591873169,
      0.7136255502700806,
      0.6984485387802124
    ],
    "timestamp" : 235236526404,
    "userAcceleration" : [
      -0.07795944809913635,
      -0.03487902879714966,
      -0.028449654579162598
    ]
  },
  {
    "gravity" : [
      0.05583819001913071,
      -0.7110074758529663,
      -0.7009639739990234
    ],
    "rotationMatrix" : [
      0.2885982394218445,
      0.6835848689079285,
      -0.6703899502754211,
      -0.955820620059967,
      0.16486361622810364,
      -0.24336566030979156,
      -0.055838167667388916,
      0.7110074758529663,
      0.7009639739990234
    ],
    "timestamp" : 235236536423,
    "userAcceleration" : [
      -0.04677453637123108,
      -0.018652498722076416,
      -0.009744644165039062
    ]
  },
  {
    "gravity" : [
      0.05648822709918022,
      -0.7089632153511047,
      -0.7029794454574585
    ],
    "rotationMatrix" : [
      0.28755417466163635,
      0.6858209371566772,
      -0.6685522198677063,
      -0.9560970067977905,
      0.16437935829162598,
      -0.24260608851909637,
      -0.056488215923309326,
      0.7089632153511047,
      0.7029794454574585
    ],
    "timestamp" : 235236546442,
    "userAcceleration" : [
      -0.018524419516324997,
      -0.0010739564895629883,
      -0.007225632667541504
    ]
  },
  {
    "gravity" : [
      0.055833082646131516,
      -0.7076376676559448,
      -0.7043660283088684
    ],
    "rotationMatrix" : [
      0.2858673930168152,
      0.6872622966766357,
      -0.6677948236465454,
      -0.9566410779953003,
      0.164070263504982,
      -0.24066241085529327,
      -0.05583307147026062,
      0.7076376676559448,
      0.7043660283088684
    ],
    "timestamp" : 235236556461,
    "userAcceleration" : [
      -0.014191914349794388,
      0.007976531982421875,
      -0.016840636730194092
    ]
  },
  {
    "gravity" : [
      0.05435807257890701,
      -0.7068063020706177,
      -0.7053155899047852
    ],
    "rotationMatrix" : [
      0.28400567173957825,
      0.6881297826766968,
      -0.6676961183547974,
      -0.9572805166244507,
      0.1640189290046692,
      -0.2381424456834793,
      -0.054358094930648804,
      0.7068063616752625,
      0.7053155303001404
    ],
    "timestamp" : 235236566479,
    "userAcceleration" : [
      -0.022894516587257385,
      0.013172388076782227,
      -0.022055745124816895
    ]
  },
  {
    "gravity" : [
      0.05261128395795822,
      -0.7060430645942688,
      -0.7062118649482727
    ],
    "rotationMatrix" : [
      0.2824300527572632,
      0.6888386011123657,
      -0.6676335334777832,
      -0.9578440189361572,
      0.16433043777942657,
      -0.23564839363098145,
      -0.05261126160621643,
      0.706043004989624,
      0.7062118649482727
    ],
    "timestamp" : 235236576498,
    "userAcceleration" : [
      -0.037962909787893295,
      0.010440707206726074,
      -0.01409459114074707
    ]
  },
  {
    "gravity" : [
      0.051111169159412384,
      -0.7049939632415771,
      -0.7073690891265869
    ],
    "rotationMatrix" : [
      0.28092190623283386,
      0.6898448467254639,
      -0.6672306656837463,
      -0.9583685398101807,
      0.1646125465631485,
      -0.23330695927143097,
      -0.05111116170883179,
      0.7049940228462219,
      0.7073690891265869
    ],
    "timestamp" : 235236586517,
    "userAcceleration" : [
      -0.05028725415468216,
      -0.0100327730178833,
      -0.009259939193725586
    ]
  },
  {
    "gravity" : [
      0.0503602996468544,
      -0.7034501433372498,
      -0.7089581489562988
    ],
    "rotationMatrix" : [
      0.2798619866371155,
      0.6913590431213379,
      -0.6661080121994019,
      -0.9587184190750122,
      0.16486506164073944,
      -0.23168596625328064,
      -0.05036032199859619,
      0.7034502029418945,
      0.7089581489562988
    ],
    "timestamp" : 235236596536,
    "userAcceleration" : [
      -0.058798469603061676,
      -0.02088451385498047,
      -0.015254497528076172
    ]
  },
  {
    "gravity" : [
      0.050539176911115646,
      -0.7013999819755554,
      -0.7109739184379578
    ],
    "rotationMatrix" : [
      0.2791769206523895,
      0.6934265494346619,
      -0.6642438173294067,
      -0.95890873670578,
      0.16491718590259552,
      -0.2308598905801773,
      -0.05053916573524475,
      0.7013999819755554,
      0.7109739184379578
    ],
    "timestamp" : 235236606555,
    "userAcceleration" : [
      -0.06242582947015762,
      -0.009308576583862305,
      -0.02021205425262451
    ]
  },
  {
    "gravity" : [
      0.051286738365888596,
      -0.6990800499916077,
      -0.7132017016410828
    ],
    "rotationMatrix" : [
      0.2787758708000183,
      0.6957755088806152,
      -0.661952018737793,
      -0.9589858055114746,
      0.16487407684326172,
      -0.2305707186460495,
      -0.05128675699234009,
      0.6990801095962524,
      0.7132017016410828
    ],
    "timestamp" : 235236616574,
    "userAcceleration" : [
      -0.04748736694455147,
      -0.0013287663459777832,
      -0.01914393901824951
    ]
  },
  {
    "gravity" : [
      0.051906343549489975,
      -0.6968835592269897,
      -0.7153034210205078
    ],
    "rotationMatrix" : [
      0.2785072326660156,
      0.6979524493217468,
      -0.6597695350646973,
      -0.9590303301811218,
      0.1649709790945053,
      -0.230315163731575,
      -0.051906317472457886,
      0.6968835592269897,
      0.7153034210205078
    ],
    "timestamp" : 235236626593,
    "userAcceleration" : [
      -0.03313808888196945,
      0.0043177008628845215,
      -0.009962141513824463
    ]
  },
  {
    "gravity" : [
      0.05165980011224747,
      -0.6951587200164795,
      -0.7169976234436035
    ],
    "rotationMatrix" : [
      0.27775347232818604,
      0.6996304988861084,
      -0.6583085060119629,
      -0.9592623710632324,
      0.16514049470424652,
      -0.2292255014181137,
      -0.05165979266166687,
      0.6951587200164795,
      0.7169976234436035
    ],
    "timestamp" : 235236636612,
    "userAcceleration" : [
      -0.01493196189403534,
      0.012648403644561768,
      -0.00674206018447876
    ]
  },
  {
    "gravity" : [
      0.05023154243826866,
      -0.6941089034080505,
      -0.7181153893470764
    ],
    "rotationMatrix" : [
      0.27667754888534546,
      0.7005530595779419,
      -0.6577802896499634,
      -0.9596490859985352,
      0.16564509272575378,
      -0.22723422944545746,
      -0.05023154616355896,
      0.6941088438034058,
      0.7181153893470764
    ],
    "timestamp" : 235236646631,
    "userAcceleration" : [
      0.006927821785211563,
      0.019487380981445312,
      -0.01918935775756836
    ]
  },
  {
    "gravity" : [
      0.04804536700248718,
      -0.6936639547348022,
      -0.7186945676803589
    ],
    "rotationMatrix" : [
      0.27576056122779846,
      0.7007725238800049,
      -0.6579314470291138,
      -0.9600247144699097,
      0.16657708585262299,
      -0.22495394945144653,
      -0.04804536700248718,
      0.6936639547348022,
      0.7186945676803589
    ],
    "timestamp" : 235236656650,
    "userAcceleration" : [
      0.0065657831728458405,
      0.02813667058944702,
      -0.03522694110870361
    ]
  },
  {
    "gravity" : [
      0.0455433689057827,
      -0.693541407585144,
      -0.7189756035804749
    ],
    "rotationMatrix" : [
      0.27513396739959717,
      0.7005947828292847,
      -0.658382773399353,
      -0.9603263139724731,
      0.167829692363739,
      -0.22272416949272156,
      -0.045543372631073,
      0.693541407585144,
      0.7189756035804749
    ],
    "timestamp" : 235236666669,
    "userAcceleration" : [
      -0.0035665109753608704,
      0.031035423278808594,
      -0.036960065364837646
    ]
  },
  {
    "gravity" : [
      0.043021947145462036,
      -0.6935043334960938,
      -0.7191667556762695
    ],
    "rotationMatrix" : [
      0.2749451994895935,
      0.7002567648887634,
      -0.6588213443756104,
      -0.9604968428611755,
      0.16938766837120056,
      -0.22080208361148834,
      -0.043021947145462036,
      0.6935043334960938,
      0.7191667556762695
    ],
    "timestamp" : 235236676688,
    "userAcceleration" : [
      -0.011024326086044312,
      0.011222898960113525,
      -0.03000926971435547
    ]
  },
  {
    "gravity" : [
      0.04066118597984314,
      -0.6934121251106262,
      -0.7193930149078369
    ],
    "rotationMatrix" : [
      0.2748787999153137,
      0.6999699473381042,
      -0.6591538190841675,
      -0.960618793964386,
      0.17094391584396362,
      -0.21906591951847076,
      -0.04066118597984314,
      0.6934121251106262,
      0.7193930149078369
    ],
    "timestamp" : 235236686707,
    "userAcceleration" : [
      -0.031780630350112915,
      -0.009163498878479004,
      -0.020078420639038086
    ]
  },
  {
    "gravity" : [
      0.038629163056612015,
      -0.6931948661804199,
      -0.7197142839431763
    ],
    "rotationMatrix" : [
      0.2746700048446655,
      0.6998737454414368,
      -0.6593430042266846,
      -0.9607623219490051,
      0.1722140610218048,
      -0.21743537485599518,
      -0.03862917423248291,
      0.6931948661804199,
      0.7197142839431763
    ],
    "timestamp" : 235236696726,
    "userAcceleration" : [
      -0.05989997461438179,
      -0.0324978232383728,
      -0.01183784008026123
    ]
  },
  {
    "gravity" : [
      0.036958131939172745,
      -0.6928256750106812,
      -0.7201573252677917
    ],
    "rotationMatrix" : [
      0.2742695212364197,
      0.7000085711479187,
      -0.6593663692474365,
      -0.9609423279762268,
      0.1731482744216919,
      -0.21589188277721405,
      -0.036958128213882446,
      0.6928256750106812,
      0.7201573252677917
    ],
    "timestamp" : 235236706745,
    "userAcceleration" : [
      -0.07197712361812592,
      -0.0428156852722168,
      -0.004146873950958252
    ]
  },
  {
    "gravity" : [
