[
  {
    "rotationMatrix" : [
      0.6736288666725159,
      0.22349900007247925,
      0.7044660449028015,
      0.7332034707069397,
      -0.08223436027765274,
      -0.6750187277793884,
      -0.09293472766876221,
      0.9712290167808533,
      -0.21926568448543549
    ],
    "userAcceleration" : [
      0.018561318516731262,
      0.03610938787460327,
      0.05906978249549866
    ],
    "timestamp" : 235376334758,
    "gravity" : [
      0.09293470531702042,
      -0.9712290167808533,
      0.21926571428775787
    ]
  },
  {
    "rotationMatrix" : [
      0.6765784621238708,
      0.22558221220970154,
      0.7009667158126831,
      0.730474591255188,
      -0.08538683503866196,
      -0.6775810718536377,
      -0.09299692511558533,
      0.9704750776290894,
      -0.22255298495292664
    ],
    "userAcceleration" : [
      0.0031029507517814636,
      0.02507096529006958,
      0.044490963220596313
    ],
    "timestamp" : 235376344779,
    "gravity" : [
      0.09299694001674652,
      -0.9704750776290894,
      0.22255294024944305
    ]
  },
  {
    "rotationMatrix" : [
      0.6792991161346436,
      0.2277507483959198,
      0.6976261138916016,
      0.7279102802276611,
      -0.08828850090503693,
      -0.6799641847610474,
      -0.09326985478401184,
      0.9697083234786987,
      -0.22575636208057404
    ],
    "userAcceleration" : [
      -0.00412798672914505,
      0.023984134197235107,
      0.02486903965473175
    ],
    "timestamp" : 235376354800,
    "gravity" : [
      0.09326985478401184,
      -0.9697083830833435,
      0.22575637698173523
    ]
  },
  {
    "rotationMatrix" : [
      0.6816110610961914,
      0.22982661426067352,
      0.6946841478347778,
      0.7257134318351746,
      -0.09099011868238449,
      -0.6819534301757812,
      -0.0935215950012207,
      0.9689686298370361,
      -0.22880813479423523
    ],
    "userAcceleration" : [
      0.004989176988601685,
      0.04390472173690796,
      0.023968786001205444
    ],
    "timestamp" : 235376364821,
    "gravity" : [
      0.0935215950012207,
      -0.9689686298370361,
      0.22880810499191284
    ]
  },
  {
    "rotationMatrix" : [
      0.6837665438652039,
      0.23168635368347168,
      0.6919427514076233,
      0.7236613631248474,
      -0.09355556964874268,
      -0.6837848424911499,
      -0.09368854761123657,
      0.9682813882827759,
      -0.23163263499736786
    ],
    "userAcceleration" : [
      0.021408557891845703,
      0.04468214511871338,
      0.02869740128517151
    ],
    "timestamp" : 235376374842,
    "gravity" : [
      0.09368852525949478,
      -0.9682814478874207,
      0.23163266479969025
    ]
  },
  {
    "rotationMatrix" : [
      0.6867421865463257,
      0.2331770658493042,
      0.6884864568710327,
      0.7208074927330017,
      -0.09606538712978363,
      -0.6864457130432129,
      -0.09392359852790833,
      0.9676774740219116,
      -0.23404790461063385
    ],
    "userAcceleration" : [
      0.022806160151958466,
      0.030269145965576172,
      0.04288361966609955
    ],
    "timestamp" : 235376384862,
    "gravity" : [
      0.09392359852790833,
      -0.9676774740219116,
      0.23404796421527863
    ]
  },
  {
    "rotationMatrix" : [
      0.6888566017150879,
      0.23442897200584412,
      0.6859442591667175,
      0.718752384185791,
      -0.09793298691511154,
      -0.6883341073989868,
      -0.0941888689994812,
      0.9671876430511475,
      -0.23595817387104034
    ],
    "userAcceleration" : [
      0.026386097073554993,
      0.03489100933074951,
      0.04669557511806488
    ],
    "timestamp" : 235376394883,
    "gravity" : [
      0.0941888839006424,
      -0.9671876430511475,
      0.23595809936523438
    ]
  },
  {
    "rotationMatrix" : [
      0.6903322339057922,
      0.2356506735086441,
      0.6840395331382751,
      0.7172848582267761,
      -0.09933321177959442,
      -0.6896629929542542,
      -0.09457165002822876,
      0.9667478203773499,
      -0.23760154843330383
    ],
    "userAcceleration" : [
      0.025423504412174225,
      0.02843928337097168,
      0.034508317708969116
    ],
    "timestamp" : 235376404904,
    "gravity" : [
      0.09457162767648697,
      -0.9667478203773499,
      0.23760150372982025
    ]
  },
  {
    "rotationMatrix" : [
      0.6916221380233765,
      0.2368827611207962,
      0.6823087930679321,
      0.715975284576416,
      -0.10051407665014267,
      -0.6908518075942993,
      -0.09506925940513611,
      0.9663246870040894,
      -0.2391199767589569
    ],
    "userAcceleration" : [
      0.018242523074150085,
      0.03917020559310913,
      0.029465079307556152
    ],
    "timestamp" : 235376414925,
    "gravity" : [
      0.0950692743062973,
      -0.9663246870040894,
      0.23911993205547333
    ]
  },
  {
    "rotationMatrix" : [
      0.6927753686904907,
      0.2380160391330719,
      0.6807426810264587,
      0.7147986888885498,
      -0.1015959233045578,
      -0.6919111013412476,
      -0.09552526473999023,
      0.9659329652786255,
      -0.24051670730113983
    ],
    "userAcceleration" : [
      0.04012541472911835,
      0.051626384258270264,
      0.0475996732711792
    ],
    "timestamp" : 235376424946,
    "gravity" : [
      0.09552525728940964,
      -0.9659329652786255,
      0.24051669239997864
    ]
  },
  {
    "rotationMatrix" : [
      0.6941461563110352,
      0.23901252448558807,
      0.6789949536323547,
      0.7134182453155518,
      -0.10277073085308075,
      -0.6931613087654114,
      -0.09589344263076782,
      0.965562641620636,
      -0.24185380339622498
    ],
    "userAcceleration" : [
      0.03975725173950195,
      0.05125594139099121,
      0.046262532472610474
    ],
    "timestamp" : 235376434967,
    "gravity" : [
      0.09589343518018723,
      -0.965562641620636,
      0.2418537735939026
    ]
  },
  {
    "rotationMatrix" : [
      0.6955912709236145,
      0.23999063670635223,
      0.6771685481071472,
      0.7119629979133606,
      -0.1040075272321701,
      -0.6944715976715088,
      -0.09623599052429199,
      0.9651874303817749,
      -0.24321117997169495
    ],
    "userAcceleration" : [
      0.0476086288690567,
      0.04573863744735718,
      0.0524582713842392
    ],
    "timestamp" : 235376444988,
    "gravity" : [
      0.09623599797487259,
      -0.9651873707771301,
      0.24321115016937256
    ]
  },
  {
    "rotationMatrix" : [
      0.6977158784866333,
      0.24075590074062347,
      0.6747065782546997,
      0.7098386883735657,
      -0.10541225969791412,
      -0.6964315176010132,
      -0.09654757380485535,
      0.9648442268371582,
      -0.24444565176963806
    ],
    "userAcceleration" : [
      0.05646759271621704,
      0.041275739669799805,
      0.05512997508049011
    ],
    "timestamp" : 235376455009,
    "gravity" : [
      0.09654756635427475,
      -0.964844286441803,
      0.24444565176963806
    ]
  },
  {
    "rotationMatrix" : [
      0.7001749873161316,
      0.24124844372272491,
      0.6719777584075928,
      0.7073732614517212,
      -0.1067417711019516,
      -0.6987340450286865,
      -0.09684035181999207,
      0.9645751714706421,
      -0.2453906089067459
    ],
    "userAcceleration" : [
      0.05046801269054413,
      0.03377377986907959,
      0.045975834131240845
    ],
    "timestamp" : 235376465030,
    "gravity" : [
      0.09684038162231445,
      -0.9645752310752869,
      0.2453906536102295
    ]
  },
  {
    "rotationMatrix" : [
      0.7029033303260803,
      0.24148327112197876,
      0.6690385937690735,
      0.7046200633049011,
      -0.10793504863977432,
      -0.7013274431228638,
      -0.09714603424072266,
      0.9643834829330444,
      -0.2460218220949173
    ],
    "userAcceleration" : [
      0.028220221400260925,
      0.02869945764541626,
      0.022166460752487183
    ],
    "timestamp" : 235376475051,
    "gravity" : [
      0.09714600443840027,
      -0.9643834233283997,
      0.24602185189723969
    ]
  },
  {
    "rotationMatrix" : [
      0.7052185535430908,
      0.24172823131084442,
      0.6665090322494507,
      0.702252209186554,
      -0.10886144638061523,
      -0.7035560011863708,
      -0.09751224517822266,
      0.9642181992530823,
      -0.24652531743049622
    ],
    "userAcceleration" : [
      0.013663344085216522,
      0.02508544921875,
      -0.009022325277328491
    ],
    "timestamp" : 235376485072,
    "gravity" : [
      0.09751223772764206,
      -0.9642181396484375,
      0.24652525782585144
    ]
  },
  {
    "rotationMatrix" : [
      0.7071263194084167,
      0.24210257828235626,
      0.6643482446670532,
      0.7002707719802856,
      -0.10963581502437592,
      -0.7054081559181213,
      -0.09794467687606812,
      0.9640364050865173,
      -0.24706369638442993
    ],
    "userAcceleration" : [
      0.01403961330652237,
      0.02037191390991211,
      -0.02802397310733795
    ],
    "timestamp" : 235376495093,
    "gravity" : [
      0.09794466942548752,
      -0.9640363454818726,
      0.24706371128559113
    ]
  },
  {
    "rotationMatrix" : [
      0.7084815502166748,
      0.24260759353637695,
      0.6627181768417358,
      0.6988440155982971,
      -0.1103239506483078,
      -0.7067144513130188,
      -0.09834051132202148,
      0.9638307690620422,
      -0.2477073222398758
    ],
    "userAcceleration" : [
      0.0189080610871315,
      0.026819288730621338,
      -0.032436519861221313
    ],
    "timestamp" : 235376505114,
    "gravity" : [
      0.09834049642086029,
      -0.963830828666687,
      0.24770736694335938
    ]
  },
  {
    "rotationMatrix" : [
      0.7094836831092834,
      0.24314583837985992,
      0.6614476442337036,
      0.6977946758270264,
      -0.11110419780015945,
      -0.7076287865638733,
      -0.09856733679771423,
      0.9636057019233704,
      -0.24849246442317963
    ],
    "userAcceleration" : [
      0.024235427379608154,
      0.043164968490600586,
      -0.031253308057785034
    ],
    "timestamp" : 235376515135,
    "gravity" : [
      0.09856735169887543,
      -0.9636057019233704,
      0.2484925240278244
    ]
  },
  {
    "rotationMatrix" : [
      0.7101423144340515,
      0.24364779889583588,
      0.6605556011199951,
      0.6971287131309509,
      -0.11202672868967056,
      -0.7081394791603088,
      -0.09853672981262207,
      0.9633720517158508,
      -0.2494087666273117
    ],
    "userAcceleration" : [
      0.0284775048494339,
      0.057640910148620605,
      -0.010883569717407227
    ],
    "timestamp" : 235376525155,
    "gravity" : [
      0.09853670001029968,
      -0.9633720517158508,
      0.2494087964296341
    ]
  },
  {
    "rotationMatrix" : [
      0.7104860544204712,
      0.2440367043018341,
      0.6600421071052551,
      0.6968152523040771,
      -0.11298522353172302,
      -0.7082953453063965,
      -0.09827494621276855,
      0.9631614685058594,
      -0.2503228783607483
    ],
    "userAcceleration" : [
      0.03873378038406372,
      0.0637170672416687,
      0.020260989665985107
    ],
    "timestamp" : 235376535176,
    "gravity" : [
      0.09827490895986557,
      -0.9631614685058594,
      0.25032293796539307
    ]
  },
  {
    "rotationMatrix" : [
      0.7110766172409058,
      0.24413740634918213,
      0.6593685746192932,
      0.6962727308273315,
      -0.11399401724338531,
      -0.708667516708374,
      -0.09784817695617676,
      0.9630172252655029,
      -0.25104469060897827
    ],
    "userAcceleration" : [
      0.04733923077583313,
      0.06239783763885498,
      0.0497363805770874
    ],
    "timestamp" : 235376545197,
    "gravity" : [
      0.09784816950559616,
      -0.9630172848701477,
      0.25104469060897827
    ]
  },
  {
    "rotationMatrix" : [
      0.7121071815490723,
      0.2439819723367691,
      0.6583130955696106,
      0.6952863931655884,
      -0.11503776162862778,
      -0.7094667553901672,
      -0.09736621379852295,
      0.9629325270652771,
      -0.2515565752983093
    ],
    "userAcceleration" : [
      0.04202284663915634,
      0.0608634352684021,
      0.05883753299713135
    ],
    "timestamp" : 235376555218,
    "gravity" : [
      0.09736622124910355,
      -0.9629325270652771,
      0.2515565752983093
    ]
  },
  {
    "rotationMatrix" : [
      0.7138358950614929,
      0.2435990869998932,
      0.6565803289413452,
      0.6935802698135376,
      -0.11622340977191925,
      -0.7109419703483582,
      -0.09687480330467224,
      0.9628871083259583,
      -0.2519199848175049
    ],
    "userAcceleration" : [
      0.03355732560157776,
      0.05555379390716553,
      0.055651307106018066
    ],
    "timestamp" : 235376565239,
    "gravity" : [
      0.09687482565641403,
      -0.9628871083259583,
      0.2519199848175049
    ]
  },
  {
    "rotationMatrix" : [
      0.7159900665283203,
      0.24303670227527618,
      0.6544397473335266,
      0.6914262771606445,
      -0.11746086180210114,
      -0.7128341197967529,
      -0.0963737964630127,
      0.962878942489624,
      -0.2521427869796753
    ],
    "userAcceleration" : [
      0.03248672932386398,
      0.046832919120788574,
      0.047158241271972656
    ],
    "timestamp" : 235376575260,
    "gravity" : [
      0.0963737815618515,
      -0.9628790020942688,
      0.2521427273750305
    ]
  },
  {
    "rotationMatrix" : [
      0.7182355523109436,
      0.24238398671150208,
      0.6522175073623657,
      0.6891610622406006,
      -0.11863324791193008,
      -0.7148309946060181,
      -0.09588894248008728,
      0.962899923324585,
      -0.25224822759628296
    ],
    "userAcceleration" : [
      0.026852846145629883,
      0.035424888134002686,
      0.0353492796421051
    ],
    "timestamp" : 235376585281,
    "gravity" : [
      0.0958889052271843,
      -0.962899923324585,
      0.25224819779396057
    ]
  },
  {
    "rotationMatrix" : [
      0.7205054759979248,
      0.2417462319135666,
      0.6499465703964233,
      0.6868404150009155,
      -0.11969410628080368,
      -0.7168843746185303,
      -0.09550926089286804,
      0.9629287719726562,
      -0.2522813081741333
    ],
    "userAcceleration" : [
      0.020884796977043152,
      0.027275264263153076,
      0.02257511019706726
    ],
    "timestamp" : 235376595302,
    "gravity" : [
      0.09550926089286804,
      -0.9629287719726562,
      0.2522813081741333
    ]
  },
  {
    "rotationMatrix" : [
      0.7225974202156067,
      0.24123112857341766,
      0.6478121280670166,
      0.6846770644187927,
      -0.1206473782658577,
      -0.7187915444374084,
      -0.09523800015449524,
      0.9629389643669128,
      -0.25234484672546387
    ],
    "userAcceleration" : [
      0.020911961793899536,
      0.03172570466995239,
      0.012684822082519531
    ],
    "timestamp" : 235376605323,
    "gravity" : [
      0.09523797035217285,
      -0.9629390239715576,
      0.25234490633010864
    ]
  },
  {
    "rotationMatrix" : [
      0.7245411276817322,
      0.24075374007225037,
      0.6458155512809753,
      0.6826549768447876,
      -0.1215403750538826,
      -0.7205622792243958,
      -0.09498542547225952,
      0.9629462361335754,
      -0.2524127662181854
    ],
    "userAcceleration" : [
      0.02284296602010727,
      0.043924689292907715,
      0.014402389526367188
    ],
    "timestamp" : 235376615344,
    "gravity" : [
      0.09498541802167892,
      -0.9629462361335754,
      0.25241267681121826
    ]
  },
  {
    "rotationMatrix" : [
      0.7264066338539124,
      0.24015448987483978,
      0.6439403295516968,
      0.6807133555412292,
      -0.12234485149383545,
      -0.7222610116004944,
      -0.09467139840126038,
      0.9629940390586853,
      -0.25234848260879517
    ],
    "userAcceleration" : [
      0.02448452264070511,
      0.05276155471801758,
      0.029404878616333008
    ],
    "timestamp" : 235376625365,
    "gravity" : [
      0.09467139840126038,
      -0.9629940390586853,
      0.25234851241111755
    ]
  },
  {
    "rotationMatrix" : [
      0.7279950380325317,
      0.23939958214759827,
      0.6424259543418884,
      0.6790633201599121,
      -0.12287645041942596,
      -0.7237226963043213,
      -0.09431988000869751,
      0.9631143808364868,
      -0.252020925283432
    ],
    "userAcceleration" : [
      0.02773522585630417,
      0.05562835931777954,
      0.04387739300727844
    ],
    "timestamp" : 235376635386,
    "gravity" : [
      0.09431988000869751,
      -0.9631143808364868,
      0.2520209550857544
    ]
  },
  {
    "rotationMatrix" : [
      0.729619562625885,
      0.23836170136928558,
      0.6409672498703003,
      0.6773735880851746,
      -0.12318212538957596,
      -0.7252525091171265,
      -0.09391668438911438,
      0.9633326530456543,
      -0.2513359785079956
    ],
    "userAcceleration" : [
      0.032670289278030396,
      0.05776923894882202,
      0.05103200674057007
    ],
    "timestamp" : 235376645407,
    "gravity" : [
      0.09391666948795319,
      -0.9633327126502991,
      0.25133606791496277
    ]
  },
  {
    "rotationMatrix" : [
      0.730863094329834,
      0.23699724674224854,
      0.640055775642395,
      0.676103413105011,
      -0.12306626886129379,
      -0.7264564037322998,
      -0.09339883923530579,
      0.96368408203125,
      -0.2501792311668396
    ],
    "userAcceleration" : [
      0.0354311466217041,
      0.0668182373046875,
      0.061008334159851074
    ],
    "timestamp" : 235376655427,
    "gravity" : [
      0.09339885413646698,
      -0.9636840224266052,
      0.2501792311668396
    ]
  },
  {
    "rotationMatrix" : [
      0.7320426106452942,
      0.2351895421743393,
      0.639374315738678,
      0.6749231815338135,
      -0.12267261743545532,
      -0.7276195883750916,
      -0.09269481897354126,
      0.9641770720481873,
      -0.24853648245334625
    ],
    "userAcceleration" : [
      0.04941029101610184,
      0.07207190990447998,
      0.06428387761116028
    ],
    "timestamp" : 235376665448,
    "gravity" : [
      0.09269484132528305,
      -0.9641770720481873,
      0.24853646755218506
    ]
  },
  {
    "rotationMatrix" : [
      0.7338283658027649,
      0.23298820853233337,
      0.6381319165229797,
      0.673102855682373,
      -0.12242409586906433,
      -0.7293452620506287,
      -0.09180605411529541,
      0.9647427201271057,
      -0.24666328728199005
    ],
    "userAcceleration" : [
      0.05385436862707138,
      0.06525254249572754,
      0.05799350142478943
    ],
    "timestamp" : 235376675469,
    "gravity" : [
      0.09180604666471481,
      -0.9647427201271057,
      0.24666325747966766
    ]
  },
  {
    "rotationMatrix" : [
      0.7359147667884827,
      0.230940043926239,
      0.6364716291427612,
      0.6709461212158203,
      -0.12255046516656876,
      -0.7313088774681091,
      -0.09088858962059021,
      0.9652191996574402,
      -0.24513503909111023
    ],
    "userAcceleration" : [
      0.046303197741508484,
      0.05541384220123291,
      0.03150668740272522
    ],
    "timestamp" : 235376685490,
    "gravity" : [
      0.0908886194229126,
      -0.9652191996574402,
      0.24513506889343262
    ]
  },
  {
    "rotationMatrix" : [
      0.7385789155960083,
      0.22922949492931366,
      0.633999228477478,
      0.6681421995162964,
      -0.12344156205654144,
      -0.7337222099304199,
      -0.08992895483970642,
      0.9655133485794067,
      -0.24432924389839172
    ],
    "userAcceleration" : [
      0.036734290421009064,
      0.051939189434051514,
      0.010660320520401001
    ],
    "timestamp" : 235376695511,
    "gravity" : [
      0.08992895483970642,
      -0.9655134081840515,
      0.24432922899723053
    ]
  },
  {
    "rotationMatrix" : [
      0.7414462566375732,
      0.2278839498758316,
      0.6311309933662415,
      0.6650934815406799,
      -0.12493244558572769,
      -0.7362353205680847,
      -0.08892744779586792,
      0.9656400084495544,
      -0.24419482052326202
    ],
    "userAcceleration" : [
      0.020844317972660065,
      0.043215811252593994,
      0.014761924743652344
    ],
    "timestamp" : 235376705532,
    "gravity" : [
      0.08892744034528732,
      -0.9656400084495544,
      0.24419483542442322
    ]
  },
  {
    "rotationMatrix" : [
      0.7440791130065918,
      0.22666174173355103,
      0.6284669637680054,
      0.6622812151908875,
      -0.12645277380943298,
      -0.7385075092315674,
      -0.08791998028755188,
      0.965729832649231,
      -0.24420468509197235
    ],
    "userAcceleration" : [
      0.017213061451911926,
      0.025742709636688232,
      0.03948664665222168
    ],
    "timestamp" : 235376715553,
    "gravity" : [
      0.08792001754045486,
      -0.965729832649231,
      0.24420467019081116
    ]
  },
  {
    "rotationMatrix" : [
      0.7466816306114197,
      0.22527018189430237,
      0.6258752346038818,
      0.6594655513763428,
      -0.1276128590106964,
      -0.7408238649368286,
      -0.0870157778263092,
      0.9659028053283691,
      -0.24384407699108124
    ],
    "userAcceleration" : [
      0.013402357697486877,
      0.009970247745513916,
      0.06476485729217529
    ],
    "timestamp" : 235376725574,
    "gravity" : [
      0.0870157778263092,
      -0.9659027457237244,
      0.24384401738643646
    ]
  },
  {
    "rotationMatrix" : [
      0.7489750385284424,
      0.22374401986598969,
      0.6236785650253296,
      0.6569421887397766,
      -0.12802952527999878,
      -0.7429906129837036,
      -0.08639034628868103,
      0.9662022590637207,
      -0.2428777813911438
    ],
    "userAcceleration" : [
      0.008336260914802551,
      -0.002013564109802246,
      0.07604597508907318
    ],
    "timestamp" : 235376735595,
    "gravity" : [
      0.08639033138751984,
      -0.9662022590637207,
      0.24287782609462738
    ]
  },
  {
    "rotationMatrix" : [
      0.7509562969207764,
      0.2221456915140152,
      0.621864914894104,
      0.6547197103500366,
      -0.12773823738098145,
      -0.7450001239776611,
      -0.08606263995170593,
      0.9666097164154053,
      -0.24136899411678314
    ],
    "userAcceleration" : [
      0.014263942837715149,
      -0.0053904056549072266,
      0.07047474384307861
    ],
    "timestamp" : 235376745616,
    "gravity" : [
      0.08606261759996414,
      -0.9666096568107605,
      0.24136897921562195
    ]
  },
  {
    "rotationMatrix" : [
      0.7527642250061035,
      0.220415860414505,
      0.6202924847602844,
      0.6526734828948975,
      -0.12707042694091797,
      -0.7469068169593811,
      -0.08580911159515381,
      0.967093288898468,
      -0.23951362073421478
    ],
    "userAcceleration" : [
      0.020025841891765594,
      0.00928407907485962,
      0.06006188690662384
    ],
    "timestamp" : 235376755637,
    "gravity" : [
      0.0858091413974762,
      -0.967093288898468,
      0.23951369524002075
    ]
  },
  {
    "rotationMatrix" : [
      0.7546940445899963,
      0.21858666837215424,
      0.6185925006866455,
      0.6504892110824585,
      -0.12650859355926514,
      -0.7489052414894104,
      -0.0854434072971344,
      0.9675821661949158,
      -0.23766355216503143
    ],
    "userAcceleration" : [
      0.030645467340946198,
      0.017325937747955322,
      0.04076336324214935
    ],
    "timestamp" : 235376765658,
    "gravity" : [
      0.08544342964887619,
      -0.9675821661949158,
      0.23766355216503143
    ]
  },
  {
    "rotationMatrix" : [
      0.7571648955345154,
      0.2167610228061676,
      0.6162109375,
      0.6476924419403076,
      -0.12662273645401,
      -0.7513061165809631,
      -0.0848274827003479,
      0.9679778218269348,
      -0.23626874387264252
    ],
    "userAcceleration" : [
      0.04371258616447449,
      0.016516149044036865,
      0.022367462515830994
    ],
    "timestamp" : 235376775679,
    "gravity" : [
      0.0848274827003479,
      -0.9679778218269348,
      0.2362688183784485
    ]
  },
  {
    "rotationMatrix" : [
      0.7599266171455383,
      0.21505504846572876,
      0.6134026646614075,
      0.6445680260658264,
      -0.12747274339199066,
      -0.7538452744483948,
      -0.08392608165740967,
      0.9682468771934509,
      -0.23548752069473267
    ],
    "userAcceleration" : [
      0.03815951198339462,
      0.013992667198181152,
      0.015519410371780396
    ],
    "timestamp" : 235376785699,
    "gravity" : [
      0.08392609655857086,
      -0.9682468771934509,
      0.23548753559589386
    ]
  },
  {
    "rotationMatrix" : [
      0.7627947330474854,
      0.21342726051807404,
      0.6104040145874023,
      0.6413155794143677,
      -0.1287960559129715,
      -0.7563900351524353,
      -0.08281666040420532,
      0.9684318900108337,
      -0.23511917889118195
    ],
    "userAcceleration" : [
      0.02368973195552826,
      0.01025623083114624,
      0.02357831597328186
    ],
    "timestamp" : 235376795720,
    "gravity" : [
      0.08281665295362473,
      -0.9684319496154785,
      0.23511913418769836
    ]
  },
  {
    "rotationMatrix" : [
      0.7657252550125122,
      0.2117985635995865,
      0.6072940826416016,
      0.6379589438438416,
      -0.13018858432769775,
      -0.7589855194091797,
      -0.08168923854827881,
      0.9686031341552734,
      -0.23480747640132904
    ],
    "userAcceleration" : [
      0.017599724233150482,
      0.0011807680130004883,
      0.040018439292907715
    ],
    "timestamp" : 235376805741,
    "gravity" : [
      0.08168925344944,
      -0.9686031341552734,
      0.23480746150016785
    ]
  },
  {
    "rotationMatrix" : [
      0.7684493064880371,
      0.2101873904466629,
      0.6044062376022339,
      0.6348052620887756,
      -0.1313212513923645,
      -0.7614308595657349,
      -0.08067172765731812,
      0.9688012599945068,
      -0.23434177041053772
    ],
    "userAcceleration" : [
      0.019242815673351288,
      -0.005548655986785889,
      0.049151062965393066
    ],
    "timestamp" : 235376815762,
    "gravity" : [
      0.0806717500090599,
      -0.9688012599945068,
      0.2343418002128601
    ]
  },
  {
    "rotationMatrix" : [
      0.7712739109992981,
      0.2084597498178482,
      0.6013991832733154,
      0.6315048336982727,
      -0.13243478536605835,
      -0.7639779448509216,
      -0.0796123743057251,
      0.969022810459137,
      -0.23378680646419525
    ],
    "userAcceleration" : [
      0.0260700061917305,
      0.01791214942932129,
      0.046318620443344116
    ],
    "timestamp" : 235376825783,
    "gravity" : [
      0.07961239665746689,
      -0.969022810459137,
      0.23378682136535645
    ]
  },
  {
    "rotationMatrix" : [
      0.7743820548057556,
      0.2065909504890442,
      0.5980406999588013,
      0.6278552412986755,
      -0.13393959403038025,
      -0.7667190432548523,
      -0.07829591631889343,
      0.9692164063453674,
      -0.2334296554327011
    ],
    "userAcceleration" : [
      0.05805668234825134,
      0.042977333068847656,
      0.04162517189979553
    ],
    "timestamp" : 235376835804,
    "gravity" : [
      0.07829590886831284,
      -0.9692163467407227,
      0.23342961072921753
    ]
  },
  {
    "rotationMatrix" : [
      0.7778444886207581,
      0.2047177106142044,
      0.5941789150238037,
      0.6237475872039795,
      -0.13595634698867798,
      -0.7697106599807739,
      -0.0767909586429596,
      0.9693328142166138,
      -0.23344504833221436
    ],
    "userAcceleration" : [
      0.05928695946931839,
      0.030566513538360596,
      0.04426467418670654
    ],
    "timestamp" : 235376845825,
    "gravity" : [
      0.0767909586429596,
      -0.9693328738212585,
      0.23344509303569794
    ]
  },
  {
    "rotationMatrix" : [
      0.7814803719520569,
      0.2028575837612152,
      0.5900315046310425,
      0.6193770170211792,
      -0.13819491863250732,
      -0.7728351354598999,
      -0.07523602247238159,
      0.9694074392318726,
      -0.23364190757274628
    ],
    "userAcceleration" : [
      0.0374806746840477,
      0.029252469539642334,
      0.0505528450012207
    ],
    "timestamp" : 235376855846,
    "gravity" : [
      0.07523602247238159,
      -0.9694074988365173,
      0.23364198207855225
    ]
  },
  {
    "rotationMatrix" : [
      0.7850991487503052,
      0.201013445854187,
      0.5858436822891235,
      0.6149635314941406,
      -0.14035913348197937,
      -0.775963306427002,
      -0.07375046610832214,
      0.9694806337356567,
      -0.23381175100803375
    ],
    "userAcceleration" : [
      0.015757590532302856,
      0.013197183609008789,
      0.04163968563079834
    ],
    "timestamp" : 235376865867,
    "gravity" : [
      0.07375049591064453,
      -0.9694806337356567,
      0.23381176590919495
    ]
  },
  {
    "rotationMatrix" : [
      0.7884156703948975,
      0.199297696352005,
      0.5819631814956665,
      0.6108435392379761,
      -0.14199399948120117,
      -0.7789144515991211,
      -0.0726006031036377,
      0.9695968627929688,
      -0.2336900234222412
    ],
    "userAcceleration" : [
      -0.02355881780385971,
      -0.0030288100242614746,
      0.03884708881378174
    ],
    "timestamp" : 235376875888,
    "gravity" : [
      0.0726005882024765,
      -0.9695968627929688,
      0.23368999361991882
    ]
  },
  {
    "rotationMatrix" : [
      0.7908521294593811,
      0.19782263040542603,
      0.5791537761688232,
      0.6077579855918884,
      -0.142535999417305,
      -0.7812257409095764,
      -0.07199382781982422,
      0.9698193669319153,
      -0.23295319080352783
    ],
    "userAcceleration" : [
      -0.04011821001768112,
      -0.009138703346252441,
      0.05299639701843262
    ],
    "timestamp" : 235376885909,
    "gravity" : [
      0.07199384272098541,
      -0.9698193669319153,
      0.23295319080352783
    ]
  },
  {
    "rotationMatrix" : [
      0.7929454445838928,
      0.19646292924880981,
      0.576749324798584,
      0.6050336956977844,
      -0.14216823875904083,
      -0.7834042906761169,
      -0.0719144344329834,
      0.9701496958732605,
      -0.231598362326622
    ],
    "userAcceleration" : [
      -0.0207669660449028,
      -0.010486841201782227,
      0.060927748680114746
    ],
    "timestamp" : 235376895930,
    "gravity" : [
      0.07191445678472519,
      -0.9701496362686157,
      0.23159833252429962
    ]
  },
  {
    "rotationMatrix" : [
      0.7948414087295532,
      0.19525255262851715,
      0.5745463967323303,
      0.6024966239929199,
      -0.1411464363336563,
      -0.7855413556098938,
      -0.07228368520736694,
      0.9705430865287781,
      -0.22982800006866455
    ],
    "userAcceleration" : [
      0.005688764154911041,
      0.0073626041412353516,
      0.06436121463775635
    ],
    "timestamp" : 235376905950,
    "gravity" : [
      0.07228368520736694,
      -0.9705430865287781,
      0.22982807457447052
    ]
  },
  {
    "rotationMatrix" : [
      0.7966635823249817,
      0.194046288728714,
      0.5724274516105652,
      0.6000182628631592,
      -0.1397724449634552,
      -0.7876811027526855,
      -0.07283692061901093,
      0.9709837436676025,
      -0.22778289020061493
    ],
    "userAcceleration" : [
      0.02990056574344635,
      0.03502500057220459,
      0.06633007526397705
    ],
    "timestamp" : 235376915971,
    "gravity" : [
      0.07283689826726913,
      -0.9709838032722473,
      0.2277829796075821
    ]
  },
  {
    "rotationMatrix" : [
      0.7988311052322388,
      0.19262641668319702,
      0.5698806047439575,
      0.5970748662948608,
      -0.13848312199115753,
      -0.7901416420936584,
      -0.07328325510025024,
      0.9714511036872864,
      -0.22563700377941132
    ],
    "userAcceleration" : [
      0.05438707768917084,
      0.06068462133407593,
      0.06096862256526947
    ],
    "timestamp" : 235376925992,
    "gravity" : [
      0.07328324019908905,
      -0.9714511632919312,
      0.2256370633840561
    ]
  },
  {
    "rotationMatrix" : [
      0.8013551831245422,
      0.19099120795726776,
      0.5668793320655823,
      0.5936674475669861,
      -0.13763034343719482,
      -0.7928533554077148,
      -0.07340812683105469,
      0.9718949794769287,
      -0.22367604076862335
    ],
    "userAcceleration" : [
      0.07382393628358841,
      0.07539552450180054,
      0.04466484487056732
    ],
    "timestamp" : 235376936013,
    "gravity" : [
      0.07340813428163528,
      -0.9718949794769287,
      0.22367611527442932
    ]
  },
  {
    "rotationMatrix" : [
      0.8041872978210449,
      0.18916398286819458,
      0.5634711980819702,
      0.5898650288581848,
      -0.1374208927154541,
      -0.7957228422164917,
      -0.0730893611907959,
      0.9722821712493896,
      -0.2220933437347412
    ],
    "userAcceleration" : [
      0.07705714553594589,
      0.08191651105880737,
      0.026151686906814575
    ],
    "timestamp" : 235376946034,
    "gravity" : [
      0.07308938354253769,
      -0.9722821116447449,
      0.22209341824054718
    ]
  },
  {
    "rotationMatrix" : [
      0.8071677088737488,
      0.18708255887031555,
      0.5598932504653931,
      0.5858769416809082,
      -0.13770143687725067,
      -0.7986153960227966,
      -0.07230895757675171,
      0.972645103931427,
      -0.22075550258159637
    ],
    "userAcceleration" : [
      0.06778205186128616,
      0.0742533802986145,
      0.022896766662597656
    ],
    "timestamp" : 235376956055,
    "gravity" : [
      0.07230892777442932,
      -0.9726450443267822,
      0.2207554280757904
    ]
  },
  {
    "rotationMatrix" : [
      0.8100936412811279,
      0.18479086458683014,
      0.5564176440238953,
      0.5819573402404785,
      -0.13813373446464539,
      -0.8014018535614014,
      -0.07123170793056488,
      0.9730218648910522,
      -0.21944165229797363
    ],
    "userAcceleration" : [
      0.05338688939809799,
      0.056334733963012695,
      0.022379547357559204
    ],
    "timestamp" : 235376966076,
    "gravity" : [
      0.07123167812824249,
      -0.9730218648910522,
      0.21944166719913483
    ]
  },
  {
    "rotationMatrix" : [
      0.8129803538322449,
      0.1823132336139679,
      0.5530142784118652,
      0.578061580657959,
      -0.13843128085136414,
      -0.8041650652885437,
      -0.07005545496940613,
      0.9734466671943665,
      -0.21793018281459808
    ],
    "userAcceleration" : [
      0.04018933326005936,
      0.049176156520843506,
      0.031154155731201172
    ],
    "timestamp" : 235376976097,
    "gravity" : [
      0.07005544751882553,
      -0.9734466671943665,
      0.2179301530122757
    ]
  },
  {
    "rotationMatrix" : [
      0.8154919147491455,
      0.1795872151851654,
      0.5502012968063354,
      0.5746647119522095,
      -0.13824068009853363,
      -0.8066288232803345,
      -0.06880004703998566,
      0.9739805459976196,
      -0.2159365862607956
    ],
    "userAcceleration" : [
      0.04072757810354233,
      0.053143084049224854,
      0.048742204904556274
    ],
    "timestamp" : 235376986118,
    "gravity" : [
      0.06880005449056625,
      -0.9739805459976196,
      0.21593661606311798
    ]
  },
  {
    "rotationMatrix" : [
      0.8180637359619141,
      0.17666983604431152,
      0.5473203659057617,
      0.5711424350738525,
      -0.13771869242191315,
      -0.8092157244682312,
      -0.06758776307106018,
      0.9745878577232361,
      -0.21356630325317383
    ],
    "userAcceleration" : [
      0.048852063715457916,
      0.04453408718109131,
      0.05364552140235901
    ],
    "timestamp" : 235376996139,
    "gravity" : [
      0.06758777797222137,
      -0.9745878577232361,
      0.21356631815433502
    ]
  },
  {
    "rotationMatrix" : [
      0.8208109736442566,
      0.17379352450370789,
      0.5441187024116516,
      0.5673136711120605,
      -0.13711094856262207,
      -0.8120071291923523,
      -0.0665169507265091,
      0.9751903414726257,
      -0.21113760769367218
    ],
    "userAcceleration" : [
      0.05009074509143829,
      0.04129153490066528,
      0.04847526550292969
    ],
    "timestamp" : 235377006160,
    "gravity" : [
      0.0665169358253479,
      -0.9751904010772705,
      0.211137592792511
    ]
  },
  {
    "rotationMatrix" : [
      0.8236626982688904,
      0.1709940880537033,
      0.5406854152679443,
      0.5632799863815308,
      -0.13650450110435486,
      -0.8149121999740601,
      -0.06553909182548523,
      0.975770115852356,
      -0.20875117182731628
    ],
    "userAcceleration" : [
      0.050717659294605255,
      0.04744070768356323,
      0.029590845108032227
    ],
    "timestamp" : 235377016181,
    "gravity" : [
      0.06553909927606583,
      -0.975770115852356,
      0.20875123143196106
    ]
  },
  {
    "rotationMatrix" : [
      0.826923668384552,
      0.1681600958108902,
      0.53658127784729,
      0.5585926175117493,
      -0.13605071604251862,
      -0.8182083368301392,
      -0.0645877867937088,
      0.9763261079788208,
      -0.20643657445907593
    ],
    "userAcceleration" : [
      0.051668934524059296,
      0.04799652099609375,
      0.031905680894851685
    ],
    "timestamp" : 235377026201,
    "gravity" : [
      0.06458780169487,
      -0.9763261079788208,
      0.20643649995326996
    ]
  },
  {
    "rotationMatrix" : [
      0.8296807408332825,
      0.16548681259155273,
      0.5331453680992126,
      0.5545943379402161,
      -0.13540497422218323,
      -0.8210301399230957,
      -0.06367908418178558,
      0.9768723249435425,
      -0.204120934009552
    ],
    "userAcceleration" : [
      0.03683056682348251,
      0.04869544506072998,
      0.017161846160888672
    ],
    "timestamp" : 235377036222,
    "gravity" : [
      0.06367909908294678,
      -0.9768722653388977,
      0.204120934009552
    ]
  },
  {
    "rotationMatrix" : [
      0.832460880279541,
      0.1627485454082489,
      0.5296430587768555,
      0.5505117177963257,
      -0.13457170128822327,
      -0.8239097595214844,
      -0.06281514465808868,
      0.9774473905563354,
      -0.20162063837051392
    ],
    "userAcceleration" : [
      0.030751772224903107,
      0.05078113079071045,
      0.014672517776489258
    ],
    "timestamp" : 235377046243,
    "gravity" : [
      0.06281513720750809,
      -0.9774473309516907,
      0.2016206532716751
    ]
  },
  {
    "rotationMatrix" : [
      0.8349440097808838,
      0.16001470386981964,
      0.5265584588050842,
      0.5468314290046692,
      -0.13343192636966705,
      -0.8265418410301208,
      -0.061999157071113586,
      0.9780548214912415,
      -0.19890925288200378
    ],
    "userAcceleration" : [
      0.03419230505824089,
      0.04958796501159668,
      0.008930593729019165
    ],
    "timestamp" : 235377056264,
    "gravity" : [
      0.061999138444662094,
      -0.9780548214912415,
      0.19890926778316498
    ]
  },
  {
    "rotationMatrix" : [
      0.8371533155441284,
      0.1573871672153473,
      0.5238355398178101,
      0.543527364730835,
      -0.13211388885974884,
      -0.8289294838905334,
      -0.06125694513320923,
      0.9786599278450012,
      -0.19614380598068237
    ],
    "userAcceleration" : [
      0.03362226113677025,
      0.049094438552856445,
      0.0017779171466827393
    ],
    "timestamp" : 235377066285,
    "gravity" : [
      0.06125693395733833,
      -0.9786599278450012,
      0.1961437314748764
    ]
  },
  {
    "rotationMatrix" : [
      0.8392616510391235,
      0.15479756891727448,
      0.5212270021438599,
      0.5403457880020142,
      -0.1306956261396408,
      -0.8312311172485352,
      -0.06055048108100891,
      0.979263186454773,
      -0.19333204627037048
    ],
    "userAcceleration" : [
      0.04087469354271889,
      0.053680360317230225,
      0.015484452247619629
    ],
    "timestamp" : 235377076306,
    "gravity" : [
      0.060550492256879807,
      -0.9792631268501282,
      0.19333197176456451
    ]
  },
  {
    "rotationMatrix" : [
      0.843702495098114,
      0.1516721099615097,
      0.5149385333061218,
      0.5334576368331909,
      -0.12983939051628113,
