[
  {
    "userAcceleration" : [
      -0.0021722540259361267,
      0.004642665386199951,
      -0.019690871238708496
    ],
    "rotationMatrix" : [
      -0.25061118602752686,
      -0.16233056783676147,
      -0.9543808102607727,
      -0.9634880423545837,
      -0.05416429042816162,
      0.2622154951095581,
      -0.09425896406173706,
      0.9852486848831177,
      -0.1428292989730835
    ],
    "gravity" : [
      0.09425897896289825,
      -0.9852486848831177,
      0.1428293138742447
    ],
    "timestamp" : 235366306309
  },
  {
    "userAcceleration" : [
      0.01622425764799118,
      0.01129680871963501,
      -0.014169707894325256
    ],
    "rotationMatrix" : [
      -0.2476634979248047,
      -0.16131344437599182,
      -0.955322265625,
      -0.9642702341079712,
      -0.05467870831489563,
      0.2592162489891052,
      -0.09405091404914856,
      0.9853872656822205,
      -0.1420077383518219
    ],
    "gravity" : [
      0.09405093640089035,
      -0.9853872656822205,
      0.1420077234506607
    ],
    "timestamp" : 235366316329
  },
  {
    "userAcceleration" : [
      0.024065397679805756,
      0.010705232620239258,
      -0.013710752129554749
    ],
    "rotationMatrix" : [
      -0.2439957857131958,
      -0.1603201925754547,
      -0.9564324617385864,
      -0.9652208089828491,
      -0.05533158779144287,
      0.25551286339759827,
      -0.09388497471809387,
      0.9855128526687622,
      -0.141243577003479
    ],
    "gravity" : [
      0.09388495981693268,
      -0.9855127930641174,
      0.141243577003479
    ],
    "timestamp" : 235366326350
  },
  {
    "userAcceleration" : [
      0.025600053369998932,
      0.01782125234603882,
      -0.008420228958129883
    ],
    "rotationMatrix" : [
      -0.24110984802246094,
      -0.15935754776000977,
      -0.9573250412940979,
      -0.9659631252288818,
      -0.05584067106246948,
      0.25258076190948486,
      -0.093708336353302,
      0.9856404066085815,
      -0.1404697299003601
    ],
    "gravity" : [
      0.0937083512544632,
      -0.9856404066085815,
      0.1404697149991989
    ],
    "timestamp" : 235366336371
  },
  {
    "userAcceleration" : [
      0.03288064897060394,
      0.02185136079788208,
      -0.006053075194358826
    ],
    "rotationMatrix" : [
      -0.23806822299957275,
      -0.15823426842689514,
      -0.9582720994949341,
      -0.966744065284729,
      -0.05630633234977722,
      0.24947047233581543,
      -0.09343156218528748,
      0.9857949018478394,
      -0.13956734538078308
    ],
    "gravity" : [
      0.09343154728412628,
      -0.9857949018478394,
      0.1395673304796219
    ],
    "timestamp" : 235366346392
  },
  {
    "userAcceleration" : [
      0.027993574738502502,
      0.0273706316947937,
      -0.012464657425880432
    ],
    "rotationMatrix" : [
      -0.23499411344528198,
      -0.15694385766983032,
      -0.9592424035072327,
      -0.9675247073173523,
      -0.056787461042404175,
      0.2463144063949585,
      -0.09313064813613892,
      0.9859733581542969,
      -0.13850215077400208
    ],
    "gravity" : [
      0.09313061088323593,
      -0.9859733581542969,
      0.1385021209716797
    ],
    "timestamp" : 235366356413
  },
  {
    "userAcceleration" : [
      0.012454017996788025,
      -0.0071904659271240234,
      -0.012039914727210999
    ],
    "rotationMatrix" : [
      -0.23203331232070923,
      -0.15547305345535278,
      -0.9602022171020508,
      -0.9682590365409851,
      -0.05738455057144165,
      0.24327194690704346,
      -0.0929231345653534,
      0.9861718416213989,
      -0.13722288608551025
    ],
    "gravity" : [
      0.0929231122136116,
      -0.9861718416213989,
      0.13722294569015503
    ],
    "timestamp" : 235366366434
  },
  {
    "userAcceleration" : [
      0.012332834303379059,
      -0.0069966912269592285,
      -0.010556802153587341
    ],
    "rotationMatrix" : [
      -0.22864675521850586,
      -0.1538553237915039,
      -0.9612747430801392,
      -0.969052791595459,
      -0.0584045946598053,
      0.23984473943710327,
      -0.09304428100585938,
      0.9863657355308533,
      -0.13573983311653137
    ],
    "gravity" : [
      0.09304430335760117,
      -0.9863657355308533,
      0.13573984801769257
    ],
    "timestamp" : 235366376455
  },
  {
    "userAcceleration" : [
      -0.0013276934623718262,
      -0.022136270999908447,
      -0.012046679854393005
    ],
    "rotationMatrix" : [
      -0.22517669200897217,
      -0.1521381437778473,
      -0.9623667001724243,
      -0.9698163270950317,
      -0.05984148383140564,
      0.23637986183166504,
      -0.09355178475379944,
      0.9865460395812988,
      -0.1340712010860443
    ],
    "gravity" : [
      0.09355176240205765,
      -0.986545979976654,
      0.13407112658023834
    ],
    "timestamp" : 235366386476
  },
  {
    "userAcceleration" : [
      0.005182251334190369,
      -0.004190981388092041,
      -0.01442195475101471
    ],
    "rotationMatrix" : [
      -0.2214025855064392,
      -0.1503550410270691,
      -0.9635216593742371,
      -0.9706147313117981,
      -0.06154131889343262,
      0.2326360046863556,
      -0.09427446126937866,
      0.9867147207260132,
      -0.13231128454208374
    ],
    "gravity" : [
      0.09427446871995926,
      -0.9867146611213684,
      0.13231129944324493
    ],
    "timestamp" : 235366396497
  },
  {
    "userAcceleration" : [
      0.024117372930049896,
      0.009761214256286621,
      -0.02005136013031006
    ],
    "rotationMatrix" : [
      -0.2177538275718689,
      -0.14857816696166992,
      -0.964628279209137,
      -0.9713610410690308,
      -0.06329530477523804,
      0.2290228009223938,
      -0.09508424997329712,
      0.9868729710578918,
      -0.13054025173187256
    ],
    "gravity" : [
      0.09508422762155533,
      -0.9868729114532471,
      0.13054025173187256
    ],
    "timestamp" : 235366406518
  },
  {
    "userAcceleration" : [
      0.030825883150100708,
      0.015324175357818604,
      -0.02009202539920807
    ],
    "rotationMatrix" : [
      -0.21443259716033936,
      -0.14674168825149536,
      -0.9656528234481812,
      -0.9720165133476257,
      -0.06503871083259583,
      0.22572916746139526,
      -0.09592881798744202,
      0.987034261226654,
      -0.12868884205818176
    ],
    "gravity" : [
      0.09592880308628082,
      -0.987034261226654,
      0.12868882715702057
    ],
    "timestamp" : 235366416539
  },
  {
    "userAcceleration" : [
      0.0405840128660202,
      0.03418231010437012,
      -0.01865255832672119
    ],
    "rotationMatrix" : [
      -0.21110546588897705,
      -0.1447206735610962,
      -0.9666904211044312,
      -0.9726850986480713,
      -0.06656572222709656,
      0.2223798930644989,
      -0.09653136134147644,
      0.9872308969497681,
      -0.1267152726650238
    ],
    "gravity" : [
      0.09653139859437943,
      -0.9872309565544128,
      0.12671521306037903
    ],
    "timestamp" : 235366426559
  },
  {
    "userAcceleration" : [
      0.05549570173025131,
      0.03910475969314575,
      -0.031090840697288513
    ],
    "rotationMatrix" : [
      -0.20817244052886963,
      -0.14272108674049377,
      -0.9676233530044556,
      -0.9732794761657715,
      -0.06779256463050842,
      0.21938848495483398,
      -0.09690901637077332,
      0.9874385595321655,
      -0.12479498982429504
    ],
    "gravity" : [
      0.09690903127193451,
      -0.9874385595321655,
      0.12479496002197266
    ],
    "timestamp" : 235366436580
  },
  {
    "userAcceleration" : [
      0.03910161554813385,
      0.022137999534606934,
      -0.0479283332824707
    ],
    "rotationMatrix" : [
      -0.20515340566635132,
      -0.1407977044582367,
      -0.9685494303703308,
      -0.9738922119140625,
      -0.06890204548835754,
      0.21630147099494934,
      -0.09718984365463257,
      0.9876378774642944,
      -0.12298628687858582
    ],
    "gravity" : [
      0.09718982130289078,
      -0.9876377582550049,
      0.12298626452684402
    ],
    "timestamp" : 235366446601
  },
  {
    "userAcceleration" : [
      0.02144111692905426,
      0.011886656284332275,
      -0.05603887140750885
    ],
    "rotationMatrix" : [
      -0.20187610387802124,
      -0.13894948363304138,
      -0.9695043563842773,
      -0.9745516777038574,
      -0.06998372077941895,
      0.21295741200447083,
      -0.09744003415107727,
      0.9878233671188354,
      -0.12128525972366333
    ],
    "gravity" : [
      0.09744002670049667,
      -0.9878233671188354,
      0.12128528207540512
    ],
    "timestamp" : 235366456622
  },
  {
    "userAcceleration" : [
      0.012526609003543854,
      0.00869452953338623,
      -0.05956566333770752
    ],
    "rotationMatrix" : [
      -0.19787311553955078,
      -0.13719794154167175,
      -0.970578670501709,
      -0.9753493070602417,
      -0.07110407948493958,
      0.20889675617218018,
      -0.09767234325408936,
      0.9879883527755737,
      -0.11974635720252991
    ],
    "gravity" : [
      0.09767229110002518,
      -0.987988293170929,
      0.11974634230136871
    ],
    "timestamp" : 235366466643
  },
  {
    "userAcceleration" : [
      0.006237313151359558,
      0.007513940334320068,
      -0.051501646637916565
    ],
    "rotationMatrix" : [
      -0.19300580024719238,
      -0.13554465770721436,
      -0.9717901945114136,
      -0.9762870073318481,
      -0.07243296504020691,
      0.2040020227432251,
      -0.09804120659828186,
      0.9881198406219482,
      -0.11835035681724548
    ],
    "gravity" : [
      0.09804116934537888,
      -0.9881198406219482,
      0.11835035681724548
    ],
    "timestamp" : 235366476664
  },
  {
    "userAcceleration" : [
      0.007064305245876312,
      0.009289145469665527,
      -0.023082375526428223
    ],
    "rotationMatrix" : [
      -0.18801885843276978,
      -0.13380879163742065,
      -0.9730077385902405,
      -0.9772095084190369,
      -0.0739094614982605,
      0.19899487495422363,
      -0.09854167699813843,
      0.988247275352478,
      -0.11686289310455322
    ],
    "gravity" : [
      0.09854170680046082,
      -0.9882472157478333,
      0.11686284095048904
    ],
    "timestamp" : 235366486685
  },
  {
    "userAcceleration" : [
      0.010488159954547882,
      0.024496614933013916,
      0.004315614700317383
    ],
    "rotationMatrix" : [
      -0.18357133865356445,
      -0.13186714053153992,
      -0.9741213917732239,
      -0.97801673412323,
      -0.07521724700927734,
      0.19448760151863098,
      -0.09891730546951294,
      0.9884095191955566,
      -0.11516058444976807
    ],
    "gravity" : [
      0.09891729056835175,
      -0.9884095191955566,
      0.11516054719686508
    ],
    "timestamp" : 235366496706
  },
  {
    "userAcceleration" : [
      0.025708504021167755,
      0.05004769563674927,
      0.014068841934204102
    ],
    "rotationMatrix" : [
      -0.17909115552902222,
      -0.12984615564346313,
      -0.9752261638641357,
      -0.9788400530815125,
      -0.07621622085571289,
      0.189902663230896,
      -0.09898626804351807,
      0.988600492477417,
      -0.11344891786575317
    ],
    "gravity" : [
      0.09898625314235687,
      -0.988600492477417,
      0.113448865711689
    ],
    "timestamp" : 235366506727
  },
  {
    "userAcceleration" : [
      0.04195798933506012,
      0.05050176382064819,
      0.016324877738952637
    ],
    "rotationMatrix" : [
      -0.17566555738449097,
      -0.12793558835983276,
      -0.9761014580726624,
      -0.9794867634773254,
      -0.07672321796417236,
      0.18633079528808594,
      -0.0987280011177063,
      0.9888104200363159,
      -0.11183363199234009
    ],
    "gravity" : [
      0.09872797876596451,
      -0.9888104200363159,
      0.11183362454175949
    ],
    "timestamp" : 235366516748
  },
  {
    "userAcceleration" : [
      0.03286229074001312,
      0.04384803771972656,
      0.025752782821655273
    ],
    "rotationMatrix" : [
      -0.17325806617736816,
      -0.1259528398513794,
      -0.9767893552780151,
      -0.9799659252166748,
      -0.07686823606491089,
      0.18373337388038635,
      -0.09822586178779602,
      0.9890536069869995,
      -0.1101112961769104
    ],
    "gravity" : [
      0.0982259064912796,
      -0.9890536069869995,
      0.11011135578155518
    ],
    "timestamp" : 235366526769
  },
  {
    "userAcceleration" : [
      0.025684267282485962,
      0.04348498582839966,
      0.02408156543970108
    ],
    "rotationMatrix" : [
      -0.1719985008239746,
      -0.12373897433280945,
      -0.9772946834564209,
      -0.9802601337432861,
      -0.07669192552566528,
      0.1822308599948883,
      -0.09749984741210938,
      0.9893466234207153,
      -0.10810524225234985
    ],
    "gravity" : [
      0.09749985486268997,
      -0.9893465638160706,
      0.10810523480176926
    ],
    "timestamp" : 235366536790
  },
  {
    "userAcceleration" : [
      0.020651638507843018,
      0.02588963508605957,
      0.004739642143249512
    ],
    "rotationMatrix" : [
      -0.17062652111053467,
      -0.12125712633132935,
      -0.9778462648391724,
      -0.9805743098258972,
      -0.07654678821563721,
      0.18059474229812622,
      -0.0967494547367096,
      0.9896652102470398,
      -0.10584068298339844
    ],
    "gravity" : [
      0.09674941748380661,
      -0.9896652102470398,
      0.10584071278572083
    ],
    "timestamp" : 235366546810
  },
  {
    "userAcceleration" : [
      0.005612067878246307,
      0.016188502311706543,
      -0.016245469450950623
    ],
    "rotationMatrix" : [
      -0.16944724321365356,
      -0.11859714984893799,
      -0.9783774614334106,
      -0.9808410406112671,
      -0.07652628421783447,
      0.17915019392967224,
      -0.09611818194389343,
      0.989989161491394,
      -0.10335785150527954
    ],
    "gravity" : [
      0.09611822664737701,
      -0.9899892210960388,
      0.10335784405469894
    ],
    "timestamp" : 235366556831
  },
  {
    "userAcceleration" : [
      -0.0007741972804069519,
      0.017976999282836914,
      -0.03932332992553711
    ],
    "rotationMatrix" : [
      -0.16753941774368286,
      -0.11576071381568909,
      -0.9790453910827637,
      -0.9812229871749878,
      -0.07668137550354004,
      0.1769787073135376,
      -0.09556171298027039,
      0.9903128147125244,
      -0.10073989629745483
    ],
    "gravity" : [
      0.09556172788143158,
      -0.9903127551078796,
      0.10073988884687424
    ],
    "timestamp" : 235366566852
  },
  {
    "userAcceleration" : [
      0.0013754218816757202,
      0.028838276863098145,
      -0.0678112581372261
    ],
    "rotationMatrix" : [
      -0.16508996486663818,
      -0.11291137337684631,
      -0.9797939658164978,
      -0.9816970825195312,
      -0.07682913541793823,
      0.17426449060440063,
      -0.09495323896408081,
      0.9906302094459534,
      -0.09816092252731323
    ],
    "gravity" : [
      0.09495323896408081,
      -0.9906301498413086,
      0.09816090017557144
    ],
    "timestamp" : 235366576873
  },
  {
    "userAcceleration" : [
      0.001600027084350586,
      0.043345868587493896,
      -0.08736586570739746
    ],
    "rotationMatrix" : [
      -0.1615775227546692,
      -0.11018779873847961,
      -0.9806891083717346,
      -0.9823542833328247,
      -0.07689327001571655,
      0.17049148678779602,
      -0.09419459104537964,
      0.9909318685531616,
      -0.09581911563873291
    ],
    "gravity" : [
      0.09419458359479904,
      -0.9909318685531616,
      0.0958191528916359
    ],
    "timestamp" : 235366586894
  },
  {
    "userAcceleration" : [
      -0.00026673078536987305,
      0.052807390689849854,
      -0.08864033967256546
    ],
    "rotationMatrix" : [
      -0.15716159343719482,
      -0.10765394568443298,
      -0.9816876649856567,
      -0.983167290687561,
      -0.07673197984695435,
      0.16581317782402039,
      -0.09317734837532043,
      0.9912227392196655,
      -0.09378236532211304
    ],
    "gravity" : [
      0.0931774228811264,
      -0.9912227988243103,
      0.09378237277269363
    ],
    "timestamp" : 235366596915
  },
  {
    "userAcceleration" : [
      -0.006131216883659363,
      0.05460166931152344,
      -0.07344197481870651
    ],
    "rotationMatrix" : [
      -0.151808500289917,
      -0.10530117154121399,
      -0.9827848076820374,
      -0.984129786491394,
      -0.07633101940155029,
      0.16019463539123535,
      -0.091885507106781,
      0.9915065765380859,
      -0.09204244613647461
    ],
    "gravity" : [
      0.09188555926084518,
      -0.9915065765380859,
      0.09204235672950745
    ],
    "timestamp" : 235366606936
  },
  {
    "userAcceleration" : [
      -0.012580238282680511,
      0.04035383462905884,
      -0.0335538387298584
    ],
    "rotationMatrix" : [
      -0.1462538242340088,
      -0.10303056240081787,
      -0.9838670492172241,
      -0.9850994348526001,
      -0.07580912113189697,
      0.15437579154968262,
      -0.09049153327941895,
      0.9917850494384766,
      -0.09040796756744385
    ],
    "gravity" : [
      0.09049154818058014,
      -0.9917850494384766,
      0.09040798991918564
    ],
    "timestamp" : 235366616957
  },
  {
    "userAcceleration" : [
      -0.011876784265041351,
      0.01731032133102417,
      0.01443541795015335
    ],
    "rotationMatrix" : [
      -0.14123255014419556,
      -0.10075083374977112,
      -0.9848363995552063,
      -0.9859503507614136,
      -0.07531338930130005,
      0.1490969955921173,
      -0.08919304609298706,
      0.9920570850372314,
      -0.0886986255645752
    ],
    "gravity" : [
      0.08919300884008408,
      -0.9920570850372314,
      0.08869870007038116
    ],
    "timestamp" : 235366626978
  },
  {
    "userAcceleration" : [
      -0.017870672047138214,
      0.00211411714553833,
      0.04719340056180954
    ],
    "rotationMatrix" : [
      -0.13691335916519165,
      -0.09826168417930603,
      -0.9856972694396973,
      -0.9866580963134766,
      -0.0749627947807312,
      0.14451980590820312,
      -0.08809152245521545,
      0.9923330545425415,
      -0.08668708801269531
    ],
    "gravity" : [
      0.08809154480695724,
      -0.9923330545425415,
      0.0866871252655983
    ],
    "timestamp" : 235366636999
  },
  {
    "userAcceleration" : [
      -0.0206664577126503,
      -0.0033977627754211426,
      0.07241320610046387
    ],
    "rotationMatrix" : [
      -0.13356536626815796,
      -0.09544751048088074,
      -0.9864329695701599,
      -0.9871926307678223,
      -0.07480615377426147,
      0.14090651273727417,
      -0.08724051713943481,
      0.9926195740699768,
      -0.08423352241516113
    ],
    "gravity" : [
      0.08724048733711243,
      -0.9926196336746216,
      0.08423352241516113
    ],
    "timestamp" : 235366647020
  },
  {
    "userAcceleration" : [
      -0.019329242408275604,
      -0.011256635189056396,
      0.07439291477203369
    ],
    "rotationMatrix" : [
      -0.13147664070129395,
      -0.09237414598464966,
      -0.9870060086250305,
      -0.9875249266624451,
      -0.07482486963272095,
      0.13854864239692688,
      -0.08665090799331665,
      0.9929089546203613,
      -0.08138400316238403
    ],
    "gravity" : [
      0.08665095269680023,
      -0.9929089546203613,
      0.08138397336006165
    ],
    "timestamp" : 235366657040
  },
  {
    "userAcceleration" : [
      -0.01875407248735428,
      -0.012719929218292236,
      0.05998265743255615
    ],
    "rotationMatrix" : [
      -0.13083237409591675,
      -0.0892210304737091,
      -0.9873815774917603,
      -0.9876394271850586,
      -0.07498544454574585,
      0.13764232397079468,
      -0.0863199234008789,
      0.9931851029396057,
      -0.0783076286315918
    ],
    "gravity" : [
      0.0863199234008789,
      -0.9931851625442505,
      0.07830767333507538
    ],
    "timestamp" : 235366667061
  },
  {
    "userAcceleration" : [
      -0.023910850286483765,
      -0.013742804527282715,
      0.023425571620464325
    ],
    "rotationMatrix" : [
      -0.13032633066177368,
      -0.08609360456466675,
      -0.987726092338562,
      -0.9877104163169861,
      -0.07541298866271973,
      0.13689756393432617,
      -0.0862734317779541,
      0.9934287071228027,
      -0.0752071738243103
    ],
    "gravity" : [
      0.0862734466791153,
      -0.9934287071228027,
      0.07520715892314911
    ],
    "timestamp" : 235366677082
  },
  {
    "userAcceleration" : [
      -0.03040672093629837,
      -0.01694542169570923,
      -0.016330726444721222
    ],
    "rotationMatrix" : [
      -0.1296425461769104,
      -0.08293640613555908,
      -0.9880861043930054,
      -0.9877820014953613,
      -0.07611066102981567,
      0.13599124550819397,
      -0.08648267388343811,
      0.9936439990997314,
      -0.07205569744110107
    ],
    "gravity" : [
      0.0864826887845993,
      -0.9936439990997314,
      0.07205567508935928
    ],
    "timestamp" : 235366687103
  },
  {
    "userAcceleration" : [
      -0.03677837550640106,
      -0.020123720169067383,
      -0.038417816162109375
    ],
    "rotationMatrix" : [
      -0.12809425592422485,
      -0.07962033152580261,
      -0.9885607957839966,
      -0.9879457950592041,
      -0.07711368799209595,
      0.1342255175113678,
      -0.08691871166229248,
      0.9938380718231201,
      -0.06878268718719482
    ],
    "gravity" : [
      0.08691868931055069,
      -0.9938380122184753,
      0.06878271698951721
    ],
    "timestamp" : 235366697124
  },
  {
    "userAcceleration" : [
      -0.046799711883068085,
      -0.02426445484161377,
      -0.05723893642425537
    ],
    "rotationMatrix" : [
      -0.12594497203826904,
      -0.07627061009407043,
      -0.9891009330749512,
      -0.9881618022918701,
      -0.07839822769165039,
      0.13187074661254883,
      -0.0876016914844513,
      0.9940001964569092,
      -0.06549382209777832
    ],
    "gravity" : [
      0.08760164678096771,
      -0.994000256061554,
      0.06549383699893951
    ],
    "timestamp" : 235366707145
  },
  {
    "userAcceleration" : [
      -0.05130532383918762,
      -0.02231675386428833,
      -0.06882178038358688
    ],
    "rotationMatrix" : [
      -0.12299960851669312,
      -0.07308879494667053,
      -0.9897116422653198,
      -0.9884508848190308,
      -0.0799340009689331,
      0.1287458837032318,
      -0.08852148056030273,
      0.994117021560669,
      -0.062412917613983154
    ],
    "gravity" : [
      0.08852145075798035,
      -0.994117021560669,
      0.06241292878985405
    ],
    "timestamp" : 235366717166
  },
  {
    "userAcceleration" : [
      -0.04409033805131912,
      -0.013666212558746338,
      -0.06497620791196823
    ],
    "rotationMatrix" : [
      -0.11978596448898315,
      -0.07021081447601318,
      -0.9903140068054199,
      -0.9887504577636719,
      -0.08156383037567139,
      0.12537944316864014,
      -0.08957669138908386,
      0.9941921234130859,
      -0.05965083837509155
    ],
    "gravity" : [
      0.08957672864198685,
      -0.9941921234130859,
      0.05965082719922066
    ],
    "timestamp" : 235366727187
  },
  {
    "userAcceleration" : [
      -0.02334868162870407,
      0.0032051801681518555,
      -0.05176365375518799
    ],
    "rotationMatrix" : [
      -0.11654579639434814,
      -0.06761613488197327,
      -0.9908809661865234,
      -0.9890490770339966,
      -0.08305662870407104,
      0.12199807167053223,
      -0.0905483067035675,
      0.9942482709884644,
      -0.05719572305679321
    ],
    "gravity" : [
      0.0905483216047287,
      -0.9942482113838196,
      0.057195745408535004
    ],
    "timestamp" : 235366737208
  },
  {
    "userAcceleration" : [
      -0.0018556565046310425,
      0.03072655200958252,
      -0.030689232051372528
    ],
    "rotationMatrix" : [
      -0.11297279596328735,
      -0.06509342789649963,
      -0.9914636015892029,
      -0.9894042015075684,
      -0.08421629667282104,
      0.1182672381401062,
      -0.09119576215744019,
      0.9943191409111023,
      -0.054889559745788574
    ],
    "gravity" : [
      0.09119580686092377,
      -0.9943191409111023,
      0.054889578372240067
    ],
    "timestamp" : 235366747229
  },
  {
    "userAcceleration" : [
      0.0115986168384552,
      0.04993695020675659,
      -0.0058972835540771484
    ],
    "rotationMatrix" : [
      -0.10970872640609741,
      -0.06255745887756348,
      -0.9919931888580322,
      -0.9897540807723999,
      -0.0848800539970398,
      0.11481380462646484,
      -0.09138283133506775,
      0.9944254159927368,
      -0.05260443687438965
    ],
    "gravity" : [
      0.09138288348913193,
      -0.9944254159927368,
      0.05260435864329338
    ],
    "timestamp" : 235366757250
  },
  {
    "userAcceleration" : [
      -0.013894453644752502,
      0.021387696266174316,
      0.026076555252075195
    ],
    "rotationMatrix" : [
      -0.10704153776168823,
      -0.06004369258880615,
      -0.992439866065979,
      -0.9900661706924438,
      -0.08508729934692383,
      0.11193341016769409,
      -0.09116485714912415,
      0.9945626854896545,
      -0.05033940076828003
    ],
    "gravity" : [
      0.09116489440202713,
      -0.9945626854896545,
      0.05033937096595764
    ],
    "timestamp" : 235366767270
  },
  {
    "userAcceleration" : [
      -0.013457879424095154,
      0.021538913249969482,
      0.028327584266662598
    ],
    "rotationMatrix" : [
      -0.1051098108291626,
      -0.057582706212997437,
      -0.992792010307312,
      -0.9903131723403931,
      -0.08501970767974854,
      0.10977864265441895,
      -0.0907282829284668,
      0.9947139024734497,
      -0.0480884313583374
    ],
    "gravity" : [
      0.09072832018136978,
      -0.9947139024734497,
      0.048088375478982925
    ],
    "timestamp" : 235366777291
  },
  {
    "userAcceleration" : [
      -0.012998528778553009,
      0.021690666675567627,
      0.03065788745880127
    ],
    "rotationMatrix" : [
      -0.10455143451690674,
      -0.05515816807746887,
      -0.9929885864257812,
      -0.9904142618179321,
      -0.08485192060470581,
      0.10899373888969421,
      -0.09026893973350525,
      0.9948655366897583,
      -0.045757949352264404
    ],
    "gravity" : [
      0.09026896953582764,
      -0.9948656558990479,
      0.04575799033045769
    ],
    "timestamp" : 235366787312
  },
  {
    "userAcceleration" : [
      -0.020296849310398102,
      0.012700498104095459,
      0.029177304357290268
    ],
    "rotationMatrix" : [
      -0.10376083850860596,
      -0.05240312218666077,
      -0.9932206869125366,
      -0.9905288219451904,
      -0.08484047651290894,
      0.10795596241950989,
      -0.08992263674736023,
      0.9950155019760132,
      -0.04310363531112671
    ],
    "gravity" : [
      0.08992262929677963,
      -0.9950154423713684,
      0.043103545904159546
    ],
    "timestamp" : 235366797333
  },
  {
    "userAcceleration" : [
      -0.025558561086654663,
      0.009043335914611816,
      0.016716957092285156
    ],
    "rotationMatrix" : [
      -0.10301804542541504,
      -0.04922601580619812,
      -0.9934605956077576,
      -0.9906190633773804,
      -0.08507484197616577,
      0.1069389283657074,
      -0.08978277444839478,
      0.9951577186584473,
      -0.03999990224838257
    ],
    "gravity" : [
      0.08978273719549179,
      -0.995157778263092,
      0.03999992832541466
    ],
    "timestamp" : 235366807354
  },
  {
    "userAcceleration" : [
      -0.030380532145500183,
      0.004649460315704346,
      -0.003561854362487793
    ],
    "rotationMatrix" : [
      -0.10184693336486816,
      -0.04566463828086853,
      -0.9937514066696167,
      -0.9907290935516357,
      -0.08562362194061279,
      0.10547176003456116,
      -0.08990499377250671,
      0.9952805042266846,
      -0.03652071952819824
    ],
    "gravity" : [
      0.08990500122308731,
      -0.9952805042266846,
      0.03652069717645645
    ],
    "timestamp" : 235366817375
  },
  {
    "userAcceleration" : [
      -0.03328113257884979,
      -0.0034522414207458496,
      -0.02272045612335205
    ],
    "rotationMatrix" : [
      -0.09997296333312988,
      -0.04186517000198364,
      -0.9941089153289795,
      -0.9908837676048279,
      -0.08648824691772461,
      0.10329097509384155,
      -0.09030315279960632,
      0.9953727126121521,
      -0.0328369140625
    ],
    "gravity" : [
      0.09030316025018692,
      -0.9953727722167969,
      0.03283694013953209
    ],
    "timestamp" : 235366827396
  },
  {
    "userAcceleration" : [
      -0.035451725125312805,
      -0.01301044225692749,
      -0.04059087857604027
    ],
    "rotationMatrix" : [
      -0.09707474708557129,
      -0.03803589940071106,
      -0.9945501089096069,
      -0.9911130666732788,
      -0.08761835098266602,
      0.10009017586708069,
      -0.09094789624214172,
      0.9954277276992798,
      -0.029192328453063965
    ],
    "gravity" : [
      0.09094788134098053,
      -0.9954277276992798,
      0.02919238992035389
    ],
    "timestamp" : 235366837417
  },
  {
    "userAcceleration" : [
      -0.03455902636051178,
      -0.01667022705078125,
      -0.05429697036743164
    ],
    "rotationMatrix" : [
      -0.09427839517593384,
      -0.03447312116622925,
      -0.99494868516922,
      -0.9913061261177063,
      -0.08888387680053711,
      0.09701305627822876,
      -0.09177941083908081,
      0.9954450726509094,
      -0.025793373584747314
    ],
    "gravity" : [
      0.09177941083908081,
      -0.9954451322555542,
      0.025793451815843582
    ],
    "timestamp" : 235366847438
  },
  {
    "userAcceleration" : [
      -0.02284446358680725,
      -0.012721896171569824,
      -0.05940985679626465
    ],
    "rotationMatrix" : [
      -0.09143412113189697,
      -0.03124791383743286,
      -0.995320737361908,
      -0.9914942383766174,
      -0.0901099443435669,
      0.09391158819198608,
      -0.09262281656265259,
      0.9954414963722229,
      -0.02274298667907715
    ],
    "gravity" : [
      0.09262283891439438,
      -0.9954414963722229,
      0.022742927074432373
    ],
    "timestamp" : 235366857459
  },
  {
    "userAcceleration" : [
      -0.007126607000827789,
      -0.003179192543029785,
      -0.05511581897735596
    ],
    "rotationMatrix" : [
      -0.08873224258422852,
      -0.02831593155860901,
      -0.9956529140472412,
      -0.9916712045669556,
      -0.09117436408996582,
      0.09097036719322205,
      -0.09335395693778992,
      0.9954322576522827,
      -0.019989967346191406
    ],
    "gravity" : [
      0.09335396438837051,
      -0.9954323172569275,
      0.019990000873804092
    ],
    "timestamp" : 235366867480
  },
  {
    "userAcceleration" : [
      0.01662202924489975,
      0.007960855960845947,
      -0.037204623222351074
    ],
    "rotationMatrix" : [
      -0.08568441867828369,
      -0.025532782077789307,
      -0.995995044708252,
      -0.9918921589851379,
      -0.0919809341430664,
      0.08768951892852783,
      -0.09385153651237488,
      0.9954333305358887,
      -0.017444372177124023
    ],
    "gravity" : [
      0.09385153651237488,
      -0.9954333305358887,
      0.017444375902414322
    ],
    "timestamp" : 235366877500
  },
  {
    "userAcceleration" : [
      0.01639591157436371,
      0.007979333400726318,
      -0.0347599983215332
    ],
    "rotationMatrix" : [
      -0.08239126205444336,
      -0.022799670696258545,
      -0.9963393211364746,
      -0.9921497702598572,
      -0.09249752759933472,
      0.08416140079498291,
      -0.0940777063369751,
      0.9954519271850586,
      -0.014999806880950928
    ],
    "gravity" : [
      0.09407766163349152,
      -0.9954519271850586,
      0.014999794773757458
    ],
    "timestamp" : 235366887521
  },
  {
    "userAcceleration" : [
      0.019959494471549988,
      0.005038738250732422,
      -0.026151176542043686
    ],
    "rotationMatrix" : [
      -0.07908320426940918,
      -0.02013373374938965,
      -0.9966648817062378,
      -0.9924212694168091,
      -0.09274041652679443,
      0.08061987161636353,
      -0.09405413269996643,
      0.9954869151115417,
      -0.012647151947021484
    ],
    "gravity" : [
      0.09405413269996643,
      -0.995486855506897,
      0.012647125869989395
    ],
    "timestamp" : 235366897542
  },
  {
    "userAcceleration" : [
      0.013202935457229614,
      0.004333794116973877,
      -0.024860501289367676
    ],
    "rotationMatrix" : [
      -0.07555127143859863,
      -0.017625749111175537,
      -0.9969860315322876,
      -0.9927137494087219,
      -0.09279263019561768,
      0.07686811685562134,
      -0.09386789798736572,
      0.9955293536186218,
      -0.010486602783203125
    ],
    "gravity" : [
      0.09386791288852692,
      -0.9955293536186218,
      0.010486602783203125
    ],
    "timestamp" : 235366907563
  },
  {
    "userAcceleration" : [
      0.0035914257168769836,
      0.004357337951660156,
      -0.020580649375915527
    ],
    "rotationMatrix" : [
      -0.07257390022277832,
      -0.015383034944534302,
      -0.997244119644165,
      -0.9929560422897339,
      -0.09277456998825073,
      0.0736931562423706,
      -0.09365272521972656,
      0.995568037033081,
      -0.008541405200958252
    ],
    "gravity" : [
      0.09365276247262955,
      -0.995568037033081,
      0.00854140892624855
    ],
    "timestamp" : 235366917584
  },
  {
    "userAcceleration" : [
      -0.009802654385566711,
      -0.004036247730255127,
      -0.0058509111404418945
    ],
    "rotationMatrix" : [
      -0.06959891319274902,
      -0.013177722692489624,
      -0.9974880218505859,
      -0.9931838512420654,
      -0.09280073642730713,
      0.07052463293075562,
      -0.09349706768989563,
      0.9955974221229553,
      -0.006628990173339844
    ],
    "gravity" : [
      0.09349704533815384,
      -0.9955974221229553,
      0.006629027426242828
    ],
    "timestamp" : 235366927605
  },
  {
    "userAcceleration" : [
      -0.018519796431064606,
      -0.010451734066009521,
      0.005287051200866699
    ],
    "rotationMatrix" : [
      -0.06696656346321106,
      -0.010840237140655518,
      -0.9976963996887207,
      -0.9933616518974304,
      -0.09301251173019409,
      0.06768617033958435,
      -0.09353196620941162,
      0.9956059455871582,
      -0.004539579153060913
    ],
    "gravity" : [
      0.09353193640708923,
      -0.9956059455871582,
      0.004539588466286659
    ],
    "timestamp" : 235366937626
  },
  {
    "userAcceleration" : [
      -0.019900791347026825,
      -0.011762917041778564,
      0.007878422737121582
    ],
    "rotationMatrix" : [
      -0.0645219087600708,
      -0.008182793855667114,
      -0.9978824853897095,
      -0.9935009479522705,
      -0.09343421459197998,
      0.06500497460365295,
      -0.09376844763755798,
      0.9955916404724121,
      -0.002100825309753418
    ],
    "gravity" : [
      0.09376850724220276,
      -0.9955916404724121,
      0.002100817859172821
    ],
    "timestamp" : 235366947647
  },
  {
    "userAcceleration" : [
      -0.01708114892244339,
      -0.009491682052612305,
      -0.0015489459037780762
    ],
    "rotationMatrix" : [
      -0.061957985162734985,
      -0.0051934123039245605,
      -0.9980651140213013,
      -0.9936292171478271,
      -0.09399682283401489,
      0.0621718168258667,
      -0.0941379964351654,
      0.9955588579177856,
      0.0006636679172515869
    ],
    "gravity" : [
      0.09413795173168182,
      -0.9955587983131409,
      -0.0006636686739511788
    ],
    "timestamp" : 235366957668
  },
  {
    "userAcceleration" : [
      -0.01565609872341156,
      0.0018343925476074219,
      -0.026113033294677734
    ],
    "rotationMatrix" : [
      -0.05925893783569336,
      -0.002050846815109253,
      -0.9982405304908752,
      -0.9937583208084106,
      -0.09455841779708862,
      0.059187114238739014,
      -0.09451347589492798,
      0.9955171942710876,
      0.003565371036529541
    ],
    "gravity" : [
      0.09451345354318619,
      -0.9955171942710876,
      -0.003565389197319746
    ],
    "timestamp" : 235366967689
  },
  {
    "userAcceleration" : [
      -0.011752970516681671,
      0.013836085796356201,
      -0.052640557289123535
    ],
    "rotationMatrix" : [
      -0.0561392605304718,
      0.0010402500629425049,
      -0.9984225034713745,
      -0.9939160346984863,
      -0.09496867656707764,
      0.055786848068237305,
      -0.09476074576377869,
      0.9954798221588135,
      0.006365269422531128
    ],
    "gravity" : [
      0.09476073086261749,
      -0.9954798221588135,
      -0.006365232635289431
    ],
    "timestamp" : 235366977710
  },
  {
    "userAcceleration" : [
      -0.0061713457107543945,
      0.023120641708374023,
      -0.07240921258926392
    ],
    "rotationMatrix" : [
      -0.05282247066497803,
      0.003810197114944458,
      -0.9985966086387634,
      -0.9940929412841797,
      -0.09514200687408447,
      0.05222135782241821,
      -0.09480959177017212,
      0.9954563975334167,
      0.00881338119506836
    ],
    "gravity" : [
      0.09480958431959152,
      -0.995456337928772,
      -0.008813358843326569
    ],
    "timestamp" : 235366987731
  },
  {
    "userAcceleration" : [
      -0.0016892105340957642,
      0.03763163089752197,
      -0.08090561628341675
    ],
    "rotationMatrix" : [
      -0.04903635382652283,
      0.0062215328216552734,
      -0.9987775087356567,
      -0.9943068027496338,
      -0.09501594305038452,
      0.04822510480880737,
      -0.09459987282752991,
      0.9954561591148376,
      0.01084551215171814
    ],
    "gravity" : [
      0.0945998951792717,
      -0.9954561591148376,
      -0.010845537297427654
    ],
    "timestamp" : 235366997751
  },
  {
    "userAcceleration" : [
      -0.0038639232516288757,
      0.05134451389312744,
      -0.07319825887680054
    ],
    "rotationMatrix" : [
      -0.04425853490829468,
      0.008385241031646729,
      -0.9989849328994751,
      -0.994576632976532,
      -0.09457844495773315,
      0.04326939582824707,
      -0.09411957859992981,
      0.9954820871353149,
      0.012525677680969238
    ],
    "gravity" : [
      0.0941196084022522,
      -0.9954820871353149,
      -0.012525682337582111
    ],
    "timestamp" : 235367007772
  },
  {
    "userAcceleration" : [
      -0.005263634026050568,
      0.06333059072494507,
      -0.05346769094467163
    ],
    "rotationMatrix" : [
      -0.038827598094940186,
      0.010433226823806763,
      -0.9991915225982666,
      -0.9948772192001343,
      -0.09380626678466797,
      0.03768041729927063,
      -0.09333732724189758,
      0.9955358505249023,
      0.01402205228805542
    ],
    "gravity" : [
      0.09333730489015579,
      -0.9955357909202576,
      -0.014022047631442547
    ],
    "timestamp" : 235367017793
  },
  {
    "userAcceleration" : [
      -0.009957149624824524,
      0.07300323247909546,
      -0.026789603754878044
    ],
    "rotationMatrix" : [
      -0.033150821924209595,
      0.012431412935256958,
      -0.9993728399276733,
      -0.9951783418655396,
      -0.09276282787322998,
      0.0318579375743866,
      -0.09230872988700867,
      0.9956104755401611,
      0.015446752309799194
    ],
    "gravity" : [
      0.09230875968933105,
      -0.9956104755401611,
      -0.015446792356669903
    ],
    "timestamp" : 235367027814
  },
  {
    "userAcceleration" : [
      -0.020185254514217377,
      0.0761559009552002,
      0.002812979742884636
    ],
    "rotationMatrix" : [
      -0.02734553813934326,
      0.014459282159805298,
      -0.9995215535163879,
      -0.9954642057418823,
      -0.0915418267250061,
      0.025910168886184692,
      -0.09112328290939331,
      0.9956963062286377,
      0.01689690351486206
    ],
    "gravity" : [
      0.0911233052611351,
      -0.9956963062286377,
      -0.016896910965442657
    ],
    "timestamp" : 235367037835
  },
  {
    "userAcceleration" : [
      -0.027727879583835602,
