[
  {
    "rotationMatrix" : [
      -0.9868308901786804,
      0.009707756340503693,
      -0.16146191954612732,
      -0.15700840950012207,
      -0.2974914014339447,
      0.9417254328727722,
      -0.038891520351171494,
      0.9546748995780945,
      0.29509827494621277
    ],
    "timestamp" : 235356285408,
    "gravity" : [
      0.038891520351171494,
      -0.9546748995780945,
      -0.29509830474853516
    ],
    "userAcceleration" : [
      0.01881719008088112,
      -0.01610434055328369,
      0.009285956621170044
    ]
  },
  {
    "rotationMatrix" : [
      -0.986493706703186,
      0.009660191833972931,
      -0.1635129749774933,
      -0.1590038239955902,
      -0.29622939229011536,
      0.9417885541915894,
      -0.03933951258659363,
      0.9550678730010986,
      0.2937646806240082
    ],
    "timestamp" : 235356295429,
    "gravity" : [
      0.03933951258659363,
      -0.9550678133964539,
      -0.2937646806240082
    ],
    "userAcceleration" : [
      0.010739833116531372,
      -0.027888000011444092,
      0.023256927728652954
    ]
  },
  {
    "rotationMatrix" : [
      -0.986271858215332,
      0.009629078209400177,
      -0.16484807431697845,
      -0.16033917665481567,
      -0.29454416036605835,
      0.9420907497406006,
      -0.03948357701301575,
      0.9555892944335938,
      0.2920446991920471
    ],
    "timestamp" : 235356305450,
    "gravity" : [
      0.039483580738306046,
      -0.9555892944335938,
      -0.29204463958740234
    ],
    "userAcceleration" : [
      -0.006799269467592239,
      -0.044670045375823975,
      0.017859458923339844
    ]
  },
  {
    "rotationMatrix" : [
      -0.9860687851905823,
      0.009461760520935059,
      -0.16606977581977844,
      -0.16154278814792633,
      -0.29249343276023865,
      0.9425240755081177,
      -0.03965635597705841,
      0.9562207460403442,
      0.28994688391685486
    ],
    "timestamp" : 235356315471,
    "gravity" : [
      0.03965635970234871,
      -0.956220805644989,
      -0.28994691371917725
    ],
    "userAcceleration" : [
      -0.0294482484459877,
      -0.04773116111755371,
      -0.0001379251480102539
    ]
  },
  {
    "rotationMatrix" : [
      -0.9857791662216187,
      0.009124718606472015,
      -0.16779795289039612,
      -0.16318941116333008,
      -0.29029884934425354,
      0.9429187774658203,
      -0.040107689797878265,
      0.9568924903869629,
      0.287659615278244
    ],
    "timestamp" : 235356325492,
    "gravity" : [
      0.040107689797878265,
      -0.9568925499916077,
      -0.2876596450805664
    ],
    "userAcceleration" : [
      -0.02989957481622696,
      -0.04705941677093506,
      -0.0024251937866210938
    ]
  },
  {
    "rotationMatrix" : [
      -0.9853880405426025,
      0.008657291531562805,
      -0.17010480165481567,
      -0.16534869372844696,
      -0.2882682681083679,
      0.9431656002998352,
      -0.0408705472946167,
      0.9575106501579285,
      0.28548747301101685
    ],
    "timestamp" : 235356335513,
    "gravity" : [
      0.0408705398440361,
      -0.9575106501579285,
      -0.28548744320869446
    ],
    "userAcceleration" : [
      -0.027992118149995804,
      -0.02961099147796631,
      0.0023300349712371826
    ]
  },
  {
    "rotationMatrix" : [
      -0.9849066734313965,
      0.00816308706998825,
      -0.172891765832901,
      -0.1679503321647644,
      -0.28655630350112915,
      0.943227231502533,
      -0.041843608021736145,
      0.9580283761024475,
      0.28360265493392944
    ],
    "timestamp" : 235356345534,
    "gravity" : [
      0.041843611747026443,
      -0.9580283761024475,
      -0.28360268473625183
    ],
    "userAcceleration" : [
      -0.020832274109125137,
      -0.015253305435180664,
      0.02017495036125183
    ]
  },
  {
    "rotationMatrix" : [
      -0.9843376874923706,
      0.007798418402671814,
      -0.176120787858963,
      -0.17100310325622559,
      -0.2851356863975525,
      0.9431095719337463,
      -0.04286356270313263,
      0.958455502986908,
      0.28200334310531616
    ],
    "timestamp" : 235356355555,
    "gravity" : [
      0.04286355525255203,
      -0.9584554433822632,
      -0.2820033133029938
    ],
    "userAcceleration" : [
      -0.01718301698565483,
      -0.009226500988006592,
      0.035360246896743774
    ]
  },
  {
    "rotationMatrix" : [
      -0.983749270439148,
      0.007570162415504456,
      -0.17938852310180664,
      -0.17413029074668884,
      -0.2838113009929657,
      0.9429367780685425,
      -0.04377429932355881,
      0.9588502645492554,
      0.28051725029945374
    ],
    "timestamp" : 235356365576,
    "gravity" : [
      0.04377429932355881,
      -0.9588503241539001,
      -0.2805173099040985
    ],
    "userAcceleration" : [
      -0.020626723766326904,
      -0.007443070411682129,
      0.041412025690078735
    ]
  },
  {
    "rotationMatrix" : [
      -0.9831881523132324,
      0.0075201913714408875,
      -0.18244142830371857,
      -0.17711222171783447,
      -0.28231149911880493,
      0.9428316950798035,
      -0.04441501200199127,
      0.9592934250831604,
      0.2788969874382019
    ],
    "timestamp" : 235356375597,
    "gravity" : [
      0.04441501200199127,
      -0.9592934250831604,
      -0.2788970172405243
    ],
    "userAcceleration" : [
      -0.028912104666233063,
      0.000202178955078125,
      0.04615464806556702
    ]
  },
  {
    "rotationMatrix" : [
      -0.9827269911766052,
      0.007682681083679199,
      -0.1849004030227661,
      -0.17960026860237122,
      -0.28049588203430176,
      0.942902684211731,
      -0.04461979866027832,
      0.9598243236541748,
      0.2770310044288635
    ],
    "timestamp" : 235356385618,
    "gravity" : [
      0.04461980611085892,
      -0.9598243236541748,
      -0.2770310044288635
    ],
    "userAcceleration" : [
      -0.025958333164453506,
      0.0054634809494018555,
      0.05271157622337341
    ]
  },
  {
    "rotationMatrix" : [
      -0.9824055433273315,
      0.008120797574520111,
      -0.18658329546451569,
      -0.1814345419406891,
      -0.27837449312210083,
      0.9431803226470947,
      -0.04428066313266754,
      0.9604382514953613,
      0.2749500870704651
    ],
    "timestamp" : 235356395639,
    "gravity" : [
      0.04428065940737724,
      -0.9604382514953613,
      -0.2749500870704651
    ],
    "userAcceleration" : [
      -0.019378315657377243,
      0.0060620903968811035,
      0.06460767984390259
    ]
  },
  {
    "rotationMatrix" : [
      -0.9821962118148804,
      0.008911654353141785,
      -0.18764613568782806,
      -0.18277312815189362,
      -0.2761545479297638,
      0.9435743689537048,
      -0.043410524725914,
      0.9610719084739685,
      0.272866815328598
    ],
    "timestamp" : 235356405660,
    "gravity" : [
      0.0434105321764946,
      -0.9610719084739685,
      -0.2728668451309204
    ],
    "userAcceleration" : [
      -0.012648820877075195,
      0.007855415344238281,
      0.08171999454498291
    ]
  },
  {
    "rotationMatrix" : [
      -0.9821268320083618,
      0.009975641965866089,
      -0.18795467913150787,
      -0.18345105648040771,
      -0.27408090233802795,
      0.944047212600708,
      -0.04209734499454498,
      0.961654782295227,
      0.2710125148296356
    ],
    "timestamp" : 235356415681,
    "gravity" : [
      0.042097337543964386,
      -0.961654782295227,
      -0.2710125148296356
    ],
    "userAcceleration" : [
      -0.00712420791387558,
      0.0039827823638916016,
      0.09097406268119812
    ]
  },
  {
    "rotationMatrix" : [
      -0.9821565747261047,
      0.011198721826076508,
      -0.18772956728935242,
      -0.18364205956459045,
      -0.2722865641117096,
      0.9445290565490723,
      -0.04053875803947449,
      0.9621508121490479,
      0.2694850265979767
    ],
    "timestamp" : 235356425702,
    "gravity" : [
      0.04053875803947449,
      -0.9621508121490479,
      -0.2694849967956543
    ],
    "userAcceleration" : [
      -0.008861534297466278,
      -0.0035015344619750977,
      0.08325150609016418
    ]
  },
  {
    "rotationMatrix" : [
      -0.9822202324867249,
      0.012404561042785645,
      -0.18732059001922607,
      -0.18363583087921143,
      -0.2707592844963074,
      0.9449692964553833,
      -0.03899689018726349,
      0.9625669717788696,
      0.26822352409362793
    ],
    "timestamp" : 235356435722,
    "gravity" : [
      0.03899689018726349,
      -0.9625669717788696,
      -0.2682235538959503
    ],
    "userAcceleration" : [
      -0.018840037286281586,
      -0.01028752326965332,
      0.05702671408653259
    ]
  },
  {
    "rotationMatrix" : [
      -0.9822412729263306,
      0.01339634507894516,
      -0.1871441900730133,
      -0.18378296494483948,
      -0.2694667875766754,
      0.9453103542327881,
      -0.037765420973300934,
      0.9629166126251221,
      0.26714321970939636
    ],
    "timestamp" : 235356445743,
    "gravity" : [
      0.037765417248010635,
      -0.9629165530204773,
      -0.26714324951171875
    ],
    "userAcceleration" : [
      -0.031387247145175934,
      -0.01518702507019043,
      0.01851654052734375
    ]
  },
  {
    "rotationMatrix" : [
      -0.9820821285247803,
      0.014220282435417175,
      -0.18791696429252625,
      -0.18478918075561523,
      -0.2683643698692322,
      0.9454277753829956,
      -0.03698594868183136,
      0.9632126092910767,
      0.26618343591690063
    ],
    "timestamp" : 235356455764,
    "gravity" : [
      0.03698594495654106,
      -0.9632126092910767,
      -0.26618343591690063
    ],
    "userAcceleration" : [
      -0.04369981586933136,
      -0.013212621212005615,
      -0.016867130994796753
    ]
  },
  {
    "rotationMatrix" : [
      -0.9817212820053101,
      0.014887236058712006,
      -0.18974028527736664,
      -0.1867617964744568,
      -0.2673173248767853,
      0.9453365802764893,
      -0.03664743900299072,
      0.9634934663772583,
      0.26521167159080505
    ],
    "timestamp" : 235356465785,
    "gravity" : [
      0.03664744272828102,
      -0.9634934663772583,
      -0.26521170139312744
    ],
    "userAcceleration" : [
      -0.054851189255714417,
      -0.006675541400909424,
      -0.03492867946624756
    ]
  },
  {
    "rotationMatrix" : [
      -0.9811846017837524,
      0.015401899814605713,
      -0.19245584309101105,
      -0.18955817818641663,
      -0.26613593101501465,
      0.9451133012771606,
      -0.03666289150714874,
      0.9638123512268066,
      0.2640482187271118
    ],
    "timestamp" : 235356475806,
    "gravity" : [
      0.03666289150714874,
      -0.9638122916221619,
      -0.2640482783317566
    ],
    "userAcceleration" : [
      -0.060146186500787735,
      -0.00023788213729858398,
      -0.03853347897529602
    ]
  },
  {
    "rotationMatrix" : [
      -0.9805248379707336,
      0.015867747366428375,
      -0.19575132429599762,
      -0.19291192293167114,
      -0.26466104388237,
      0.9448487162590027,
      -0.03681516647338867,
      0.9642106890678406,
      0.2625682055950165
    ],
    "timestamp" : 235356485827,
    "gravity" : [
      0.03681516647338867,
      -0.9642107486724854,
      -0.2625682055950165
    ],
    "userAcceleration" : [
      -0.05587339401245117,
      -0.00011408329010009766,
      -0.019353121519088745
    ]
  },
  {
    "rotationMatrix" : [
      -0.9799057245254517,
      0.016330033540725708,
      -0.1987912356853485,
      -0.1960311233997345,
      -0.26287227869033813,
      0.9447062015533447,
      -0.0368296280503273,
      0.9646923542022705,
      0.2607913613319397
    ],
    "timestamp" : 235356495848,
    "gravity" : [
      0.0368296317756176,
      -0.9646923542022705,
      -0.2607913613319397
    ],
    "userAcceleration" : [
      -0.04744977504014969,
      -0.005781769752502441,
      0.015964090824127197
    ]
  },
  {
    "rotationMatrix" : [
      -0.979434609413147,
      0.016911156475543976,
      -0.20105120539665222,
      -0.19843825697898865,
      -0.2608489692211151,
      0.9447644948959351,
      -0.03646696358919144,
      0.9652314186096191,
      0.2588404715061188
    ],
    "timestamp" : 235356505869,
    "gravity" : [
      0.03646695986390114,
      -0.9652313590049744,
      -0.25884050130844116
    ],
    "userAcceleration" : [
      -0.04253997281193733,
      -0.011514127254486084,
      0.06133076548576355
    ]
  },
  {
    "rotationMatrix" : [
      -0.9792314767837524,
      0.017616763710975647,
      -0.20197725296020508,
      -0.19958987832069397,
      -0.2588060796260834,
      0.9450835585594177,
      -0.03562365472316742,
      0.9657683968544006,
      0.2569475471973419
    ],
    "timestamp" : 235356515890,
    "gravity" : [
      0.03562365844845772,
      -0.9657684564590454,
      -0.2569475471973419
    ],
    "userAcceleration" : [
      -0.030710343271493912,
      -0.01703476905822754,
      0.09473136067390442
    ]
  },
  {
    "rotationMatrix" : [
      -0.9792650938034058,
      0.018469542264938354,
      -0.20174013078212738,
      -0.19964493811130524,
      -0.2569936215877533,
      0.9455666542053223,
      -0.03438173234462738,
      0.9662367105484009,
      0.25535205006599426
    ],
    "timestamp" : 235356525911,
    "gravity" : [
      0.03438172489404678,
      -0.9662366509437561,
      -0.25535205006599426
    ],
    "userAcceleration" : [
      -0.015704989433288574,
      -0.01900804042816162,
      0.10528182983398438
    ]
  },
  {
    "rotationMatrix" : [
      -0.9793718457221985,
      0.019474729895591736,
      -0.20112401247024536,
      -0.19935625791549683,
      -0.2555454969406128,
      0.9460196495056152,
      -0.03297289460897446,
      0.9666006565093994,
      0.2541568875312805
    ],
    "timestamp" : 235356535932,
    "gravity" : [
      0.032972902059555054,
      -0.9666006565093994,
      -0.2541568875312805
    ],
    "userAcceleration" : [
      -0.01838551089167595,
      -0.01879650354385376,
      0.0865848958492279
    ]
  },
  {
    "rotationMatrix" : [
      -0.9794573783874512,
      0.020405970513820648,
      -0.20061683654785156,
      -0.19913941621780396,
      -0.2544395327568054,
      0.946363627910614,
      -0.03173337131738663,
      0.9668734669685364,
      0.25327616930007935
    ],
    "timestamp" : 235356545953,
    "gravity" : [
      0.03173337131738663,
      -0.9668734073638916,
      -0.25327616930007935
    ],
    "userAcceleration" : [
      -0.04040037840604782,
      -0.021499454975128174,
      0.04603132605552673
    ]
  },
  {
    "rotationMatrix" : [
      -0.9793916940689087,
      0.02108979970216751,
      -0.20086556673049927,
      -0.19958534836769104,
      -0.2534278631210327,
      0.9465410709381104,
      -0.030942581593990326,
      0.967124342918396,
      0.2524144649505615
    ],
    "timestamp" : 235356555974,
    "gravity" : [
      0.030942577868700027,
      -0.967124342918396,
      -0.25241443514823914
    ],
    "userAcceleration" : [
      -0.07208029925823212,
      -0.03287559747695923,
      0.00026297569274902344
    ]
  },
  {
    "rotationMatrix" : [
      -0.979188859462738,
      0.02140340954065323,
      -0.20181898772716522,
      -0.2006252408027649,
      -0.25219041109085083,
      0.9466516375541687,
      -0.030635252594947815,
      0.9674407839775085,
      0.2512362003326416
    ],
    "timestamp" : 235356565995,
    "gravity" : [
      0.030635248869657516,
      -0.9674408435821533,
      -0.2512362003326416
    ],
    "userAcceleration" : [
      -0.09533253312110901,
      -0.034893691539764404,
      -0.0301511287689209
    ]
  },
  {
    "rotationMatrix" : [
      -0.9788462519645691,
      0.021427109837532043,
      -0.2034710794687271,
      -0.2022814005613327,
      -0.25052809715270996,
      0.9467405676841736,
      -0.030689343810081482,
      0.9678720831871033,
      0.2495630532503128
    ],
    "timestamp" : 235356576015,
    "gravity" : [
      0.030689338222146034,
      -0.9678720235824585,
      -0.2495630532503128
    ],
    "userAcceleration" : [
      -0.10225306451320648,
      -0.029930591583251953,
      -0.03837031126022339
    ]
  },
  {
    "rotationMatrix" : [
      -0.9784561991691589,
      0.0213593989610672,
      -0.20534488558769226,
      -0.20414450764656067,
      -0.24841566383838654,
      0.9468971490859985,
      -0.03078576922416687,
      0.968417763710022,
      0.24742470681667328
    ],
    "timestamp" : 235356586036,
    "gravity" : [
      0.030785776674747467,
      -0.9684178233146667,
      -0.24742469191551208
    ],
    "userAcceleration" : [
      -0.09153103828430176,
      -0.0224267840385437,
      -0.01990930736064911
    ]
  },
  {
    "rotationMatrix" : [
      -0.9781368374824524,
      0.021330319344997406,
      -0.20686431229114532,
      -0.2056867778301239,
      -0.24594049155712128,
      0.9472095370292664,
      -0.03067205846309662,
      0.9690499901771545,
      0.24495114386081696
    ],
    "timestamp" : 235356596057,
    "gravity" : [
      0.030672064051032066,
      -0.9690499901771545,
      -0.24495115876197815
    ],
    "userAcceleration" : [
      -0.073457732796669,
      -0.019810974597930908,
      0.013856828212738037
    ]
  },
  {
    "rotationMatrix" : [
      -0.9778646230697632,
      0.021506592631340027,
      -0.2081300914287567,
      -0.20703977346420288,
      -0.2432711124420166,
      0.9476041197776794,
      -0.030252300202846527,
      0.9697198271751404,
      0.24233901500701904
    ],
    "timestamp" : 235356606078,
    "gravity" : [
      0.030252309516072273,
      -0.9697198271751404,
      -0.24233902990818024
    ],
    "userAcceleration" : [
      -0.06276880204677582,
      -0.021735191345214844,
      0.04756057262420654
    ]
  },
  {
    "rotationMatrix" : [
      -0.97775799036026,
      0.021791331470012665,
      -0.20860052108764648,
      -0.2076476514339447,
      -0.24056799709796906,
      0.9481610059738159,
      -0.02952093631029129,
      0.9703875780105591,
      0.23974238336086273
    ],
    "timestamp" : 235356616099,
    "gravity" : [
      0.02952093631029129,
      -0.9703875780105591,
      -0.23974238336086273
    ],
    "userAcceleration" : [
      -0.05675788223743439,
      -0.026331722736358643,
      0.07278066873550415
    ]
  },
  {
    "rotationMatrix" : [
      -0.9777125120162964,
      0.022148944437503815,
      -0.20877596735954285,
      -0.20798057317733765,
      -0.23798374831676483,
      0.9487401247024536,
      -0.028671734035015106,
      0.971016526222229,
      0.23728640377521515
    ],
    "timestamp" : 235356626120,
    "gravity" : [
      0.02867172285914421,
      -0.9710164666175842,
      -0.23728638887405396
    ],
    "userAcceleration" : [
      -0.056961528956890106,
      -0.038947463035583496,
      0.08312684297561646
    ]
  },
  {
    "rotationMatrix" : [
      -0.9777654409408569,
      0.022363752126693726,
      -0.20850442349910736,
      -0.20783399045467377,
      -0.23570728302001953,
      0.9493401646614075,
      -0.027915239334106445,
      0.9715666174888611,
      0.2351146936416626
    ],
    "timestamp" : 235356636141,
    "gravity" : [
      0.027915237471461296,
      -0.9715665578842163,
      -0.23511472344398499
    ],
    "userAcceleration" : [
      -0.06851889938116074,
      -0.04622507095336914,
      0.08269472420215607
    ]
  },
  {
    "rotationMatrix" : [
      -0.9778991937637329,
      0.022328250110149384,
      -0.20788219571113586,
      -0.20727381110191345,
      -0.23386679589748383,
      0.9499180316925049,
      -0.027406714856624603,
      0.9720124006271362,
      0.23332597315311432
    ],
    "timestamp" : 235356646162,
    "gravity" : [
      0.027406707406044006,
      -0.9720123410224915,
      -0.23332591354846954
    ],
    "userAcceleration" : [
      -0.0722065269947052,
      -0.04628300666809082,
      0.07280346751213074
    ]
  },
  {
    "rotationMatrix" : [
      -0.9779632091522217,
      0.022117644548416138,
      -0.2076013684272766,
      -0.206991508603096,
      -0.23246130347251892,
      0.9503241181373596,
      -0.027240373194217682,
      0.972353994846344,
      0.23191705346107483
    ],
    "timestamp" : 235356656183,
    "gravity" : [
      0.02724037691950798,
      -0.972353994846344,
      -0.23191702365875244
    ],
    "userAcceleration" : [
      -0.08000528812408447,
      -0.048931896686553955,
      0.053068771958351135
    ]
  },
  {
    "rotationMatrix" : [
      -0.9779562950134277,
      0.021723300218582153,
      -0.20767590403556824,
      -0.20700734853744507,
      -0.23123037815093994,
      0.9506210088729858,
      -0.02737037092447281,
      0.9726563692092896,
      0.2306302785873413
    ],
    "timestamp" : 235356666204,
    "gravity" : [
      0.027370374649763107,
      -0.9726563692092896,
      -0.2306302785873413
    ],
    "userAcceleration" : [
      -0.0840568020939827,
      -0.044494450092315674,
      0.02861917018890381
    ]
  },
  {
    "rotationMatrix" : [
      -0.9779125452041626,
      0.021113239228725433,
      -0.20794469118118286,
      -0.2071687877178192,
      -0.22980840504169464,
      0.950930655002594,
      -0.027710244059562683,
      0.9730067849159241,
      0.22910670936107635
    ],
    "timestamp" : 235356676225,
    "gravity" : [
      0.027710236608982086,
      -0.9730067849159241,
      -0.22910669445991516
    ],
    "userAcceleration" : [
      -0.07669097185134888,
      -0.04217565059661865,
      0.0042989253997802734
    ]
  },
  {
    "rotationMatrix" : [
      -0.9777914881706238,
      0.020347416400909424,
      -0.20859014987945557,
      -0.20767547190189362,
      -0.22794684767723083,
      0.951268196105957,
      -0.02819162607192993,
      0.9734610319137573,
      0.2271101176738739
    ],
    "timestamp" : 235356686246,
    "gravity" : [
      0.028191618621349335,
      -0.9734609723091125,
      -0.2271101325750351
    ],
    "userAcceleration" : [
      -0.07026010751724243,
      -0.034076809883117676,
      -0.015596151351928711
    ]
  },
  {
    "rotationMatrix" : [
      -0.9776129126548767,
      0.019468143582344055,
      -0.20950773358345032,
      -0.208437979221344,
      -0.22561921179294586,
      0.9516561031341553,
      -0.028742022812366486,
      0.9740209579467773,
      0.22462646663188934
    ],
    "timestamp" : 235356696267,
    "gravity" : [
      0.028742019087076187,
      -0.9740208983421326,
      -0.22462645173072815
    ],
    "userAcceleration" : [
      -0.06168576329946518,
      -0.022164344787597656,
      -0.020658552646636963
    ]
  },
  {
    "rotationMatrix" : [
      -0.9773545265197754,
      0.018638715147972107,
      -0.21078473329544067,
      -0.20957431197166443,
      -0.22300268709659576,
      0.9520231485366821,
      -0.029261097311973572,
      0.9746394157409668,
      0.22185920178890228
    ],
    "timestamp" : 235356706288,
    "gravity" : [
      0.029261097311973572,
      -0.9746394157409668,
      -0.22185923159122467
    ],
    "userAcceleration" : [
      -0.053904056549072266,
      -0.010818779468536377,
      -0.007007330656051636
    ]
  },
  {
    "rotationMatrix" : [
      -0.9770796298980713,
      0.01790750026702881,
      -0.2121192216873169,
      -0.21079473197460175,
      -0.2203170210123062,
      0.952379047870636,
      -0.02967875450849533,
      0.9752638936042786,
      0.21904216706752777
    ],
    "timestamp" : 235356716308,
    "gravity" : [
      0.02967875450849533,
      -0.9752638936042786,
      -0.21904216706752777
    ],
    "userAcceleration" : [
      -0.04670759290456772,
      -0.00451815128326416,
      0.01469641923904419
    ]
  },
  {
    "rotationMatrix" : [
      -0.9767792820930481,
      0.017364978790283203,
      -0.2135426551103592,
      -0.21214446425437927,
      -0.21770261228084564,
      0.9526805281639099,
      -0.029945537447929382,
      0.9758606553077698,
      0.21633143723011017
    ],
    "timestamp" : 235356726329,
    "gravity" : [
      0.029945526272058487,
      -0.975860595703125,
      -0.2163313776254654
    ],
    "userAcceleration" : [
      -0.04351060464978218,
      0.0004425644874572754,
      0.034126222133636475
    ]
  },
  {
    "rotationMatrix" : [
      -0.9764928817749023,
      0.016902849078178406,
      -0.21488666534423828,
      -0.21343496441841125,
      -0.2151496559381485,
      0.952972412109375,
      -0.030124835669994354,
      0.9764349460601807,
      0.2136995643377304
    ],
    "timestamp" : 235356736350,
    "gravity" : [
      0.030124826356768608,
      -0.9764349460601807,
      -0.21369953453540802
    ],
    "userAcceleration" : [
      -0.05096835643053055,
      -0.0008142590522766113,
      0.03919997811317444
    ]
  },
  {
    "rotationMatrix" : [
      -0.976276695728302,
      0.01638925075531006,
      -0.21590574085712433,
      -0.21440160274505615,
      -0.2125353217124939,
      0.9533419013023376,
      -0.030263036489486694,
      0.977016031742096,
      0.21100711822509766
    ],
    "timestamp" : 235356746371,
    "gravity" : [
      0.030263029038906097,
      -0.9770159721374512,
      -0.21100707352161407
    ],
    "userAcceleration" : [
      -0.0625658854842186,
      -0.0021709799766540527,
      0.03998655080795288
    ]
  },
  {
    "rotationMatrix" : [
      -0.9761072397232056,
      0.015907347202301025,
      -0.21670454740524292,
      -0.21516622602939606,
      -0.20978184044361115,
      0.9537791013717651,
      -0.03028864413499832,
      0.9776185750961304,
      0.20819275081157684
    ],
    "timestamp" : 235356756392,
    "gravity" : [
      0.030288638547062874,
      -0.9776186347007751,
      -0.20819275081157684
    ],
    "userAcceleration" : [
      -0.06007380783557892,
      9.495019912719727e-05,
      0.04297061264514923
    ]
  },
  {
    "rotationMatrix" : [
      -0.9760422706604004,
      0.015299640595912933,
      -0.2170417308807373,
      -0.21545812487602234,
      -0.20694495737552643,
      0.9543329477310181,
      -0.030314750969409943,
      0.9782328605651855,
      0.20528362691402435
    ],
    "timestamp" : 235356766413,
    "gravity" : [
      0.030314747244119644,
      -0.9782328605651855,
      -0.20528359711170197
    ],
    "userAcceleration" : [
      -0.041941966861486435,
      0.0005260109901428223,
      0.04799598455429077
    ]
  },
  {
    "rotationMatrix" : [
      -0.976052463054657,
      0.014513567090034485,
      -0.21705114841461182,
      -0.2153874635696411,
      -0.20435963571071625,
      0.9549060463905334,
      -0.03049737960100174,
      0.9787883162498474,
      0.20259161293506622
    ],
    "timestamp" : 235356776434,
    "gravity" : [
      0.03049737773835659,
      -0.9787883162498474,
      -0.20259162783622742
    ],
    "userAcceleration" : [
      -0.04114803671836853,
      -0.011171340942382812,
      0.05735844373703003
    ]
  },
  {
    "rotationMatrix" : [
      -0.976090133190155,
      0.013744749128818512,
      -0.2169301062822342,
      -0.21517911553382874,
      -0.20228242874145508,
      0.955394983291626,
      -0.03074951469898224,
      0.9792306423187256,
      0.20040374994277954
    ],
    "timestamp" : 235356786455,
    "gravity" : [
      0.030749518424272537,
      -0.9792306423187256,
      -0.20040374994277954
    ],
    "userAcceleration" : [
      0.005169667303562164,
      0.004026293754577637,
      0.038141801953315735
    ]
  },
  {
    "rotationMatrix" : [
      -0.9761422276496887,
      0.013042084872722626,
      -0.21673822402954102,
      -0.2148999571800232,
      -0.20073378086090088,
      0.9557842016220093,
      -0.031041301786899567,
      0.9795587062835693,
      0.1987479329109192
    ],
    "timestamp" : 235356796476,
    "gravity" : [
      0.031041311100125313,
      -0.9795587658882141,
      -0.19874794781208038
    ],
    "userAcceleration" : [
      0.004877863451838493,
      0.0043544769287109375,
      0.03648599982261658
    ]
  },
  {
    "rotationMatrix" : [
      -0.976186215877533,
      0.012522004544734955,
      -0.2165726125240326,
      -0.21467089653015137,
      -0.19959720969200134,
      0.9560739398002625,
      -0.0312553271651268,
      0.9797980189323425,
      0.19753214716911316
    ],
    "timestamp" : 235356806497,
    "gravity" : [
      0.0312553308904171,
      -0.9797980189323425,
      -0.19753210246562958
    ],
    "userAcceleration" : [
      0.00466383621096611,
      0.004593610763549805,
      0.035270094871520996
    ]
  },
  {
    "rotationMatrix" : [
      -0.9762250185012817,
      0.01232079416513443,
      -0.21640881896018982,
      -0.21450179815292358,
      -0.19862619042396545,
      0.9563140273094177,
      -0.031201906502246857,
      0.9799978137016296,
      0.1965467631816864
    ],
    "timestamp" : 235356816518,
    "gravity" : [
      0.031201915815472603,
      -0.9799978137016296,
      -0.1965467929840088
    ],
    "userAcceleration" : [
      0.012819673866033554,
      0.01068335771560669,
      0.011778116226196289
    ]
  },
  {
    "rotationMatrix" : [
      -0.9761750102043152,
      0.012513279914855957,
      -0.21662229299545288,
      -0.21478703618049622,
      -0.19741226732730865,
      0.9565011858940125,
      -0.030794955790042877,
      0.980240523815155,
      0.19539694488048553
    ],
    "timestamp" : 235356826539,
    "gravity" : [
      0.030794961377978325,
      -0.980240523815155,
      -0.19539695978164673
    ],
    "userAcceleration" : [
      0.018567202612757683,
      0.01007157564163208,
      -0.027488157153129578
    ]
  },
  {
    "rotationMatrix" : [
      -0.975928008556366,
      0.013128109276294708,
      -0.21769702434539795,
      -0.21601557731628418,
      -0.1956169307231903,
      0.9565935134887695,
      -0.030026964843273163,
      0.9805924892425537,
      0.19374403357505798
    ],
    "timestamp" : 235356836560,
    "gravity" : [
      0.030026966705918312,
      -0.9805924892425537,
      -0.1937439888715744
    ],
    "userAcceleration" : [
      0.0012535247951745987,
      0.016481220722198486,
      -0.059399306774139404
    ]
  },
  {
    "rotationMatrix" : [
      -0.9754704833030701,
      0.014038622379302979,
      -0.21968263387680054,
      -0.21821172535419464,
      -0.19315379858016968,
      0.9565956592559814,
      -0.029003232717514038,
      0.9810680150985718,
      0.19147908687591553
    ],
    "timestamp" : 235356846581,
    "gravity" : [
      0.029003234580159187,
      -0.9810680747032166,
      -0.1914791613817215
    ],
    "userAcceleration" : [
      -0.022625064477324486,
      0.017521381378173828,
      -0.0671115517616272
    ]
  },
  {
    "rotationMatrix" : [
      -0.9749059081077576,
      0.015187390148639679,
      -0.22209903597831726,
      -0.2208854854106903,
      -0.1902083158493042,
      0.9565722346305847,
      -0.027717240154743195,
      0.9816263318061829,
      0.18878978490829468
    ],
    "timestamp" : 235356856601,
    "gravity" : [
      0.027717240154743195,
      -0.9816263318061829,
      -0.18878981471061707
    ],
    "userAcceleration" : [
      -0.04015316441655159,
      0.003003835678100586,
      -0.03861197829246521
    ]
  },
  {
    "rotationMatrix" : [
      -0.9744698405265808,
      0.016391240060329437,
      -0.2239195704460144,
      -0.22298288345336914,
      -0.18710939586162567,
      0.9566968083381653,
      -0.02621600776910782,
      0.9822023510932922,
      0.18598736822605133
    ],
    "timestamp" : 235356866622,
    "gravity" : [
      0.026215996593236923,
      -0.9822023510932922,
      -0.18598736822605133
    ],
    "userAcceleration" : [
      -0.037278614938259125,
      -0.01886570453643799,
      0.009641528129577637
    ]
  },
  {
    "rotationMatrix" : [
      -0.9743187427520752,
      0.017588339745998383,
      -0.22448444366455078,
      -0.2238350212574005,
      -0.18414820730686188,
      0.9570721983909607,
      -0.024505123496055603,
      0.9827410578727722,
      0.1833561509847641
    ],
    "timestamp" : 235356876643,
    "gravity" : [
      0.024505123496055603,
      -0.9827409982681274,
      -0.1833561360836029
    ],
    "userAcceleration" : [
      -0.024001600220799446,
      -0.04118466377258301,
      0.05910386145114899
    ]
  },
  {
    "rotationMatrix" : [
      -0.9744117259979248,
      0.018755055963993073,
      -0.2239852249622345,
      -0.2236187756061554,
      -0.18157808482646942,
      0.9576135277748108,
      -0.022710755467414856,
      0.9831975102424622,
      0.1811261922121048
    ],
    "timestamp" : 235356886664,
    "gravity" : [
      0.022710753604769707,
      -0.9831974506378174,
      -0.1811261624097824
    ],
    "userAcceleration" : [
      -0.0090694110840559,
      -0.04728943109512329,
      0.0846753865480423
    ]
  },
  {
    "rotationMatrix" : [
      -0.9746720194816589,
      0.01977604627609253,
      -0.22276106476783752,
      -0.2226402908563614,
      -0.17975011467933655,
      0.958186149597168,
      -0.021092243492603302,
      0.9835132360458374,
      0.17960086464881897
    ],
    "timestamp" : 235356896685,
    "gravity" : [
      0.021092239767313004,
      -0.9835132360458374,
      -0.17960087954998016
    ],
    "userAcceleration" : [
      -0.007618755102157593,
      -0.04738563299179077,
      0.08112062513828278
    ]
  },
  {
    "rotationMatrix" : [
      -0.9749029278755188,
      0.020578235387802124,
      -0.22167640924453735,
      -0.2217363715171814,
      -0.17885234951972961,
      0.9585638046264648,
      -0.019921816885471344,
      0.9836605787277222,
      0.17892685532569885
    ],
    "timestamp" : 235356906706,
    "gravity" : [
      0.019921820610761642,
      -0.9836605787277222,
      -0.17892685532569885
    ],
    "userAcceleration" : [
      -0.01877742074429989,
      -0.04395776987075806,
      0.05588001012802124
    ]
  },
  {
    "rotationMatrix" : [
      -0.9749319553375244,
      0.02102632075548172,
      -0.2215052843093872,
      -0.221649169921875,
      -0.1788061112165451,
      0.958592414855957,
      -0.019450895488262177,
      0.9836592674255371,
      0.1789848357439041
    ],
    "timestamp" : 235356916727,
    "gravity" : [
      0.019450895488262177,
      -0.9836593866348267,
      -0.1789848357439041
    ],
    "userAcceleration" : [
      -0.025966426357626915,
      -0.043760478496551514,
      0.014342501759529114
    ]
  },
  {
    "rotationMatrix" : [
      -0.9747774600982666,
      0.020865142345428467,
      -0.22220052778720856,
      -0.222293883562088,
      -0.17930611968040466,
      0.958349883556366,
      -0.01984584331512451,
      0.9835719466209412,
      0.1794220507144928
    ],
    "timestamp" : 235356926748,
    "gravity" : [
      0.019845839589834213,
      -0.9835718870162964,
      -0.1794220507144928
    ],
    "userAcceleration" : [
      -0.03113737143576145,
      -0.04384803771972656,
      -0.02382497489452362
    ]
  },
  {
    "rotationMatrix" : [
      -0.9744141101837158,
      0.020126089453697205,
      -0.22385548055171967,
      -0.2237716168165207,
      -0.18009787797927856,
      0.9578572511672974,
      -0.021038025617599487,
      0.9834425449371338,
      0.17999404668807983
    ],
    "timestamp" : 235356936769,
    "gravity" : [
      0.021038031205534935,
      -0.9834425449371338,
      -0.17999407649040222
    ],
    "userAcceleration" : [
      -0.02939985878765583,
      -0.041291773319244385,
      -0.04511885344982147
    ]
  },
  {
    "rotationMatrix" : [
      -0.9739120006561279,
      0.019070342183113098,
      -0.22612281143665314,
      -0.22579152882099152,
      -0.18093155324459076,
      0.9572261571884155,
      -0.02265813946723938,
      0.9833106994628906,
      0.18051744997501373
    ],
    "timestamp" : 235356946790,
    "gravity" : [
      0.022658132016658783,
      -0.9833106994628906,
      -0.18051744997501373
    ],
    "userAcceleration" : [
      -0.003950875252485275,
      -0.0261344313621521,
      -0.05034804344177246
    ]
  },
  {
    "rotationMatrix" : [
      -0.97334223985672,
      0.018020562827587128,
      -0.2286481261253357,
      -0.2280678153038025,
      -0.1816018968820572,
      0.9565593004226685,
      -0.024285227060317993,
      0.9832069873809814,
      0.18087081611156464
    ],
    "timestamp" : 235356956811,
    "gravity" : [
      0.02428521402180195,
      -0.9832069277763367,
      -0.18087083101272583
    ],
    "userAcceleration" : [
      0.01915654167532921,
      0.006263017654418945,
      -0.03803175687789917
    ]
  },
  {
    "rotationMatrix" : [
      -0.9728226065635681,
      0.017344452440738678,
      -0.23090067505836487,
      -0.23014885187149048,
      -0.18200959265232086,
      0.9559832215309143,
      -0.025445163249969482,
      0.9831437468528748,
      0.1810549944639206
    ],
    "timestamp" : 235356966832,
    "gravity" : [
      0.025445153936743736,
      -0.98314368724823,
      -0.1810549944639206
    ],
    "userAcceleration" : [
      0.043112583458423615,
      0.040684640407562256,
      -0.012563824653625488
    ]
  },
  {
    "rotationMatrix" : [
      -0.9725565314292908,
      0.017399489879608154,
      -0.23201504349708557,
      -0.23125393688678741,
      -0.18200835585594177,
      0.9557167291641235,
      -0.025599688291549683,
      0.9831429719924927,
      0.18103715777397156
    ],
    "timestamp" : 235356976852,
    "gravity" : [
      0.02559969574213028,
      -0.9831429719924927,
      -0.18103717267513275
    ],
    "userAcceleration" : [
      0.07416224479675293,
      0.06485384702682495,
      0.00684279203414917
    ]
  },
  {
    "rotationMatrix" : [
      -0.9724602699279785,
      0.018444299697875977,
      -0.23233875632286072,
      -0.23177891969680786,
      -0.18130022287368774,
      0.9557243585586548,
      -0.024495363235473633,
      0.9832549095153809,
      0.1805819869041443
    ],
    "timestamp" : 235356986873,
    "gravity" : [
      0.024495365098118782,
      -0.9832549691200256,
      -0.1805819869041443
    ],
    "userAcceleration" : [
      0.08591721206903458,
      0.08205556869506836,
      -0.0030575543642044067
    ]
  },
  {
    "rotationMatrix" : [
      -0.972419261932373,
      0.020213007926940918,
      -0.23236075043678284,
      -0.2321605682373047,
      -0.17954081296920776,
      0.9559634327888489,
      -0.022395379841327667,
      0.9835426211357117,
      0.17928200960159302
    ],
    "timestamp" : 235356996894,
    "gravity" : [
      0.022395383566617966,
      -0.9835426211357117,
      -0.1792820394039154
    ],
    "userAcceleration" : [
      0.06076499819755554,
      0.082480788230896,
      -0.04332838952541351
    ]
  },
  {
    "rotationMatrix" : [
      -0.9722897410392761,
      0.02223058044910431,
      -0.23271845281124115,
      -0.23293302953243256,
      -0.17667578160762787,
      0.9563093185424805,
      -0.019856438040733337,
      0.9840178489685059,
      0.17695863544940948
    ],
    "timestamp" : 235357006915,
    "gravity" : [
      0.019856438040733337,
      -0.9840178489685059,
      -0.17695863544940948
    ],
    "userAcceleration" : [
      0.013209331780672073,
      0.06755983829498291,
      -0.08018247783184052
    ]
  },
  {
    "rotationMatrix" : [
      -0.9719815254211426,
      0.024047456681728363,
      -0.23382410407066345,
      -0.234406977891922,
      -0.17311422526836395,
      0.9566006064414978,
      -0.017474450170993805,
      0.9846081137657166,
      0.17390067875385284
    ],
    "timestamp" : 235357016936,
    "gravity" : [
      0.017474452033638954,
      -0.9846081137657166,
      -0.17390070855617523
    ],
    "userAcceleration" : [
      -0.02736215479671955,
      0.04019594192504883,
      -0.07587045431137085
    ]
  },
  {
    "rotationMatrix" : [
      -0.9715434312820435,
      0.02528466284275055,
      -0.23550739884376526,
