[
  {
    "userAcceleration" : [
      -0.00863290298730135,
      -0.0005291104316711426,
      0.021367907524108887
    ],
    "timestamp" : 235306159989,
    "gravity" : [
      0.0141717828810215,
      -0.9812365174293518,
      0.19228558242321014
    ],
    "rotationMatrix" : [
      -0.14270755648612976,
      -0.19232124090194702,
      -0.9709000587463379,
      -0.989663302898407,
      0.013681381940841675,
      0.14275553822517395,
      -0.014171749353408813,
      0.9812365770339966,
      -0.19228559732437134
    ]
  },
  {
    "userAcceleration" : [
      -0.026649266481399536,
      -0.01207512617111206,
      0.009758725762367249
    ],
    "timestamp" : 235306170009,
    "gravity" : [
      0.01566287875175476,
      -0.9823707342147827,
      0.18628621101379395
    ],
    "rotationMatrix" : [
      -0.14597636461257935,
      -0.18655943870544434,
      -0.971538245677948,
      -0.9891641139984131,
      0.011976242065429688,
      0.146325021982193,
      -0.01566290855407715,
      0.9823707342147827,
      -0.18628615140914917
    ]
  },
  {
    "userAcceleration" : [
      -0.06851072609424591,
      0.005808234214782715,
      -0.011652812361717224
    ],
    "timestamp" : 235306180030,
    "gravity" : [
      0.017500532791018486,
      -0.9836524724960327,
      0.17922474443912506
    ],
    "rotationMatrix" : [
      -0.1485549509525299,
      -0.179820716381073,
      -0.9724175930023193,
      -0.9887493252754211,
      0.009606868028640747,
      0.1492733657360077,
      -0.01750051975250244,
      0.9836524724960327,
      -0.17922478914260864
    ]
  },
  {
    "userAcceleration" : [
      -0.07088104635477066,
      0.007126569747924805,
      -0.004001989960670471
    ],
    "timestamp" : 235306190050,
    "gravity" : [
      0.019870849326252937,
      -0.9849706292152405,
      0.17157384753227234
    ],
    "rotationMatrix" : [
      -0.14977899193763733,
      -0.17260399460792542,
      -0.9735367298126221,
      -0.9885196685791016,
      0.00635334849357605,
      0.150957852602005,
      -0.019870847463607788,
      0.9849706888198853,
      -0.17157387733459473
    ]
  },
  {
    "userAcceleration" : [
      -0.07375692576169968,
      0.008398294448852539,
      0.0038398653268814087
    ],
    "timestamp" : 235306200071,
    "gravity" : [
      0.0227467343211174,
      -0.9862425923347473,
      0.1637321263551712
    ],
    "rotationMatrix" : [
      -0.15202221274375916,
      -0.16528213024139404,
      -0.9744593501091003,
      -0.9881153106689453,
      0.0027250945568084717,
      0.1536903977394104,
      -0.022746741771697998,
      0.9862425923347473,
      -0.16373211145401
    ]
  },
  {
    "userAcceleration" : [
      -0.029013708233833313,
      0.0016494989395141602,
      0.02572011947631836
    ],
    "timestamp" : 235306210091,
    "gravity" : [
      0.02580930106341839,
      -0.9874587655067444,
      0.155752494931221
    ],
    "rotationMatrix" : [
      -0.1535952091217041,
      -0.1578715443611145,
      -0.9754408597946167,
      -0.9877966046333313,
      -0.0012525320053100586,
      0.1557435393333435,
      -0.025809288024902344,
      0.9874587655067444,
      -0.1557525396347046
    ]
  },
  {
    "userAcceleration" : [
      -0.003984514623880386,
      0.009112000465393066,
      0.02123822271823883
    ],
    "timestamp" : 235306220112,
    "gravity" : [
      0.02893257513642311,
      -0.9885736703872681,
      0.14793595671653748
    ],
    "rotationMatrix" : [
      -0.15534013509750366,
      -0.1506466269493103,
      -0.9763069152832031,
      -0.9874373078346252,
      -0.005266726016998291,
      0.15792369842529297,
      -0.028932571411132812,
      0.9885736703872681,
      -0.14793598651885986
    ]
  },
  {
    "userAcceleration" : [
      0.020251702517271042,
      0.030325591564178467,
      0.009503960609436035
    ],
    "timestamp" : 235306230132,
    "gravity" : [
      0.031719669699668884,
      -0.9895998239517212,
      0.1403067260980606
    ],
    "rotationMatrix" : [
      -0.15746653079986572,
      -0.1435721516609192,
      -0.9770318269729614,
      -0.9870147109031677,
      -0.008897453546524048,
      0.1603829264640808,
      -0.03171965479850769,
      0.9895997643470764,
      -0.1403067409992218
    ]
  },
  {
    "userAcceleration" : [
      0.04275365546345711,
      0.04987180233001709,
      0.00011730194091796875
    ],
    "timestamp" : 235306240153,
    "gravity" : [
      0.03401324898004532,
      -0.9905608296394348,
      0.13278676569461823
    ],
    "rotationMatrix" : [
      -0.15972626209259033,
      -0.13654357194900513,
      -0.9776724576950073,
      -0.986575186252594,
      -0.012044280767440796,
      0.16286292672157288,
      -0.0340133011341095,
      0.9905608892440796,
      -0.13278672099113464
    ]
  },
  {
    "userAcceleration" : [
      0.04385518655180931,
      0.06027030944824219,
      -0.01275847852230072
    ],
    "timestamp" : 235306250173,
    "gravity" : [
      0.035841409116983414,
      -0.9914684891700745,
      0.12532247602939606
    ],
    "rotationMatrix" : [
      -0.15900719165802002,
      -0.12946319580078125,
      -0.9787522554397583,
      -0.9866266250610352,
      -0.015152692794799805,
      0.16229069232940674,
      -0.03584137558937073,
      0.9914684295654297,
      -0.12532246112823486
    ]
  },
  {
    "userAcceleration" : [
      0.030573908239603043,
      0.06278997659683228,
      -0.024922356009483337
    ],
    "timestamp" : 235306260194,
    "gravity" : [
      0.03731238469481468,
      -0.992324948310852,
      0.11789415776729584
    ],
    "rotationMatrix" : [
      -0.159859299659729,
      -0.1223842203617096,
      -0.9795238971710205,
      -0.9864344596862793,
      -0.0177018940448761,
      0.1631987988948822,
      -0.03731235861778259,
      0.992324948310852,
      -0.11789420247077942
    ]
  },
  {
    "userAcceleration" : [
      0.017737530171871185,
      0.06066077947616577,
      -0.030713334679603577
    ],
    "timestamp" : 235306270214,
    "gravity" : [
      0.03844526782631874,
      -0.993140459060669,
      0.11042512208223343
    ],
    "rotationMatrix" : [
      -0.16071200370788574,
      -0.11521366238594055,
      -0.9802536368370056,
      -0.9862521886825562,
      -0.019939303398132324,
      0.16403919458389282,
      -0.03844529390335083,
      0.9931405186653137,
      -0.11042511463165283
    ]
  },
  {
    "userAcceleration" : [
      0.018330272287130356,
      0.037155985832214355,
      -0.05643188953399658
    ],
    "timestamp" : 235306280235,
    "gravity" : [
      0.03934789076447487,
      -0.9938819408416748,
      0.10320009291172028
    ],
    "rotationMatrix" : [
      -0.16167253255844116,
      -0.1082516610622406,
      -0.980889081954956,
      -0.9860595464706421,
      -0.02191123366355896,
      0.1649428904056549,
      -0.03934788703918457,
      0.9938819408416748,
      -0.10320010781288147
    ]
  },
  {
    "userAcceleration" : [
      0.0176190584897995,
      0.03778904676437378,
      -0.04984916001558304
    ],
    "timestamp" : 235306290255,
    "gravity" : [
      0.04005910083651543,
      -0.9945150017738342,
      0.09661729633808136
    ],
    "rotationMatrix" : [
      -0.16260385513305664,
      -0.1018945574760437,
      -0.981415867805481,
      -0.9858776926994324,
      -0.023604094982147217,
      0.1657939851284027,
      -0.04005908966064453,
      0.9945149421691895,
      -0.09661728143692017
    ]
  },
  {
    "userAcceleration" : [
      0.017198875546455383,
      0.03830158710479736,
      -0.04423379898071289
    ],
    "timestamp" : 235306300276,
    "gravity" : [
      0.04047928377985954,
      -0.9950276017189026,
      0.09100185334682465
    ],
    "rotationMatrix" : [
      -0.1647111177444458,
      -0.09647569060325623,
      -0.9816122055053711,
      -0.9855107069015503,
      -0.024745792150497437,
      0.1677975356578827,
      -0.04047933220863342,
      0.9950275421142578,
      -0.09100183844566345
    ]
  },
  {
    "userAcceleration" : [
      0.019128788262605667,
      0.036891818046569824,
      -0.03434562683105469
    ],
    "timestamp" : 235306310296,
    "gravity" : [
      0.04054827243089676,
      -0.99541836977005,
      0.08659164607524872
    ],
    "rotationMatrix" : [
      -0.16758620738983154,
      -0.09221062064170837,
      -0.9815355539321899,
      -0.9850231409072876,
      -0.025288015604019165,
      0.17055734992027283,
      -0.040548235177993774,
      0.9954183101654053,
      -0.08659163117408752
    ]
  },
  {
    "userAcceleration" : [
      0.02034243568778038,
      0.04413336515426636,
      -0.020195014774799347
    ],
    "timestamp" : 235306320317,
    "gravity" : [
      0.04025014862418175,
      -0.995701789855957,
      0.08341199904680252
    ],
    "rotationMatrix" : [
      -0.1715627908706665,
      -0.08912694454193115,
      -0.9811331629753113,
      -0.9843504428863525,
      -0.025180190801620483,
      0.17441293597221375,
      -0.04025012254714966,
      0.995701789855957,
      -0.08341202139854431
    ]
  },
  {
    "userAcceleration" : [
      0.026221279054880142,
      0.05125933885574341,
      -0.007986187934875488
    ],
    "timestamp" : 235306330337,
    "gravity" : [
      0.039513520896434784,
      -0.9959156513214111,
      0.08118250966072083
    ],
    "rotationMatrix" : [
      -0.17664283514022827,
      -0.08692857623100281,
      -0.9804288148880005,
      -0.9834815263748169,
      -0.024399876594543457,
      0.17935621738433838,
      -0.03951355814933777,
      0.9959156513214111,
      -0.08118253946304321
    ]
  },
  {
    "userAcceleration" : [
      0.025402717292308807,
      0.06189560890197754,
      0.00026810169219970703
    ],
    "timestamp" : 235306340358,
    "gravity" : [
      0.03836370259523392,
      -0.9960996508598328,
      0.07945907115936279
    ],
    "rotationMatrix" : [
      -0.18246537446975708,
      -0.0851636528968811,
      -0.9795170426368713,
      -0.982463538646698,
      -0.023079395294189453,
      0.18502086400985718,
      -0.038363754749298096,
      0.9960996508598328,
      -0.07945901155471802
    ]
  },
  {
    "userAcceleration" : [
      0.025946378707885742,
      0.07696181535720825,
      0.023104429244995117
    ],
    "timestamp" : 235306350378,
    "gravity" : [
      0.03670614957809448,
      -0.996319055557251,
      0.07746615260839462
    ],
    "rotationMatrix" : [
      -0.1883150339126587,
      -0.08302575349807739,
      -0.9785929322242737,
      -0.981422483921051,
      -0.021332383155822754,
      0.19066941738128662,
      -0.03670614957809448,
      0.996319055557251,
      -0.07746613025665283
    ]
  },
  {
    "userAcceleration" : [
      0.02570398896932602,
      0.06738853454589844,
      0.04774569720029831
    ],
    "timestamp" : 235306360399,
    "gravity" : [
      0.03485808148980141,
      -0.9966028928756714,
      0.07461446523666382
    ],
    "rotationMatrix" : [
      -0.19386446475982666,
      -0.07998481392860413,
      -0.97776198387146,
      -0.9804086685180664,
      -0.019617587327957153,
      0.19599422812461853,
      -0.03485807776451111,
      0.9966027736663818,
      -0.07461443543434143
    ]
  },
  {
    "userAcceleration" : [
      0.00874832272529602,
      0.03713071346282959,
      0.0535811185836792
    ],
    "timestamp" : 235306370419,
    "gravity" : [
      0.033243805170059204,
      -0.996938943862915,
      0.07076258957386017
    ],
    "rotationMatrix" : [
      -0.19873535633087158,
      -0.07598176598548889,
      -0.9771032333374023,
      -0.9794890880584717,
      -0.01841944456100464,
      0.200653076171875,
      -0.033243775367736816,
      0.996938943862915,
      -0.07076257467269897
    ]
  },
  {
    "userAcceleration" : [
      -0.006105590611696243,
      0.018592119216918945,
      0.03785371780395508
    ],
    "timestamp" : 235306380440,
    "gravity" : [
      0.03204547241330147,
      -0.9973060488700867,
      0.06598219275474548
    ],
    "rotationMatrix" : [
      -0.2030712366104126,
      -0.07113587856292725,
      -0.9765764474868774,
      -0.9786393642425537,
      -0.017895668745040894,
      0.20480379462242126,
      -0.032045453786849976,
      0.9973059892654419,
      -0.06598219275474548
    ]
  },
  {
    "userAcceleration" : [
      -0.013249661773443222,
      0.01609969139099121,
      0.009451624006032944
    ],
    "timestamp" : 235306390460,
    "gravity" : [
      0.031239710748195648,
      -0.9976821541786194,
      0.0604487843811512
    ],
    "rotationMatrix" : [
      -0.2061147689819336,
      -0.0656089186668396,
      -0.9763256311416626,
      -0.9780288338661194,
      -0.01804053783416748,
      0.20768684148788452,
      -0.031239718198776245,
      0.9976821541786194,
      -0.06044876575469971
    ]
  },
  {
    "userAcceleration" : [
      -0.0097074955701828,
      0.024092137813568115,
      -0.020858772099018097
    ],
    "timestamp" : 235306400481,
    "gravity" : [
      0.030627230182290077,
      -0.9980451464653015,
      0.05447380989789963
    ],
    "rotationMatrix" : [
      -0.2078472375869751,
      -0.05966752767562866,
      -0.9763395190238953,
      -0.9776814579963684,
      -0.018580138683319092,
      0.20926859974861145,
      -0.030627310276031494,
      0.9980452060699463,
      -0.054473817348480225
    ]
  },
  {
    "userAcceleration" : [
      -0.0005774106830358505,
      0.03873169422149658,
      -0.04427850991487503
    ],
    "timestamp" : 235306410501,
    "gravity" : [
      0.029981032013893127,
      -0.9983720183372498,
      0.04852030798792839
    ],
    "rotationMatrix" : [
      -0.2089848518371582,
      -0.053730398416519165,
      -0.9764415621757507,
      -0.9774590730667114,
      -0.019134610891342163,
      0.2102556824684143,
      -0.02998107671737671,
      0.9983720183372498,
      -0.048520296812057495
    ]
  },
  {
    "userAcceleration" : [
      0.008198760449886322,
      0.0555683970451355,
      -0.05910754203796387
    ],
    "timestamp" : 235306420522,
    "gravity" : [
      0.029154693707823753,
      -0.9986530542373657,
      0.04291795566678047
    ],
    "rotationMatrix" : [
      -0.20969253778457642,
      -0.048091381788253784,
      -0.9765838384628296,
      -0.9773324728012085,
      -0.01947230100631714,
      0.2108122706413269,
      -0.029154658317565918,
      0.998652994632721,
      -0.04291796684265137
    ]
  },
  {
    "userAcceleration" : [
      0.010847151279449463,
      0.05740302801132202,
      -0.053261756896972656
    ],
    "timestamp" : 235306430542,
    "gravity" : [
      0.02806270122528076,
      -0.9989007711410522,
      0.03754520043730736
    ],
    "rotationMatrix" : [
      -0.21048051118850708,
      -0.04262280464172363,
      -0.9766683578491211,
      -0.977195143699646,
      -0.019505351781845093,
      0.21144527196884155,
      -0.028062671422958374,
      0.9989007115364075,
      -0.037545233964920044
    ]
  },
  {
    "userAcceleration" : [
      0.008943619206547737,
      0.038920819759368896,
      -0.035010699182748795
    ],
    "timestamp" : 235306440563,
    "gravity" : [
      0.02676188200712204,
      -0.9991104602813721,
      0.032584477216005325
    ],
    "rotationMatrix" : [
      -0.211395263671875,
      -0.03751552104949951,
      -0.9766801595687866,
      -0.9770339727401733,
      -0.019249379634857178,
      0.21221140027046204,
      -0.02676185965538025,
      0.9991104602813721,
      -0.03258448839187622
    ]
  },
  {
    "userAcceleration" : [
      -0.0004567224532365799,
      0.018888235092163086,
      -0.0311888474971056
    ],
    "timestamp" : 235306450583,
    "gravity" : [
      0.025496333837509155,
      -0.9992652535438538,
      0.028610067442059517
    ],
    "rotationMatrix" : [
      -0.21293967962265015,
      -0.033391475677490234,
      -0.9764944314956665,
      -0.9767324924468994,
      -0.018804609775543213,
      0.2136346697807312,
      -0.02549627423286438,
      0.9992652535438538,
      -0.02861011028289795
    ]
  },
  {
    "userAcceleration" : [
      -0.005886062979698181,
      0.010361790657043457,
      -0.0332789421081543
    ],
    "timestamp" : 235306460604,
    "gravity" : [
      0.024211805313825607,
      -0.9993754029273987,
      0.025740930810570717
    ],
    "rotationMatrix" : [
      -0.2153618335723877,
      -0.03035801649093628,
      -0.9760623574256897,
      -0.9762341380119324,
      -0.01808863878250122,
      0.21596232056617737,
      -0.0242118239402771,
      0.9993754625320435,
      -0.02574092149734497
    ]
  },
  {
    "userAcceleration" : [
      0.0059102606028318405,
      0.020277976989746094,
      -0.02348804473876953
    ],
    "timestamp" : 235306470624,
    "gravity" : [
      0.022684648633003235,
      -0.9994649291038513,
      0.023564236238598824
    ],
    "rotationMatrix" : [
      -0.21835798025131226,
      -0.027954429388046265,
      -0.9754682779312134,
      -0.9756050109863281,
      -0.01698276400566101,
      0.2188752293586731,
      -0.022684693336486816,
      0.9994649291038513,
      -0.023564249277114868
    ]
  },
  {
    "userAcceleration" : [
      0.010526802390813828,
      0.04099005460739136,
      -0.011312484741210938
    ],
    "timestamp" : 235306480645,
    "gravity" : [
      0.020890982821583748,
      -0.9995471239089966,
      0.021657804027199745
    ],
    "rotationMatrix" : [
      -0.22167450189590454,
      -0.025754332542419434,
      -0.9747805595397949,
      -0.9748969078063965,
      -0.015563100576400757,
      0.22211217880249023,
      -0.0208909809589386,
      0.9995471239089966,
      -0.021657854318618774
    ]
  },
  {
    "userAcceleration" : [
      0.003603832796216011,
      0.057292401790618896,
      0.0016667824238538742
    ],
    "timestamp" : 235306490665,
    "gravity" : [
      0.018918080255389214,
      -0.9996292591094971,
      0.01957334578037262
    ],
    "rotationMatrix" : [
      -0.2247886061668396,
      -0.023328274488449097,
      -0.9741280674934387,
      -0.9742237329483032,
      -0.014028578996658325,
      0.22514685988426208,
      -0.018918097019195557,
      0.9996292591094971,
      -0.019573301076889038
    ]
  },
  {
    "userAcceleration" : [
      -0.0019265729933977127,
      0.05647885799407959,
      0.016753673553466797
    ],
    "timestamp" : 235306500686,
    "gravity" : [
      0.016819091513752937,
      -0.9997161030769348,
      0.016876695677638054
    ],
    "rotationMatrix" : [
      -0.22714614868164062,
      -0.02025812864303589,
      -0.9736499190330505,
      -0.9737154245376587,
      -0.01254245638847351,
      0.22742238640785217,
      -0.016819119453430176,
      0.9997161626815796,
      -0.016876667737960815
    ]
  },
  {
    "userAcceleration" : [
      -0.003098771907389164,
      0.05291801691055298,
      0.03753674030303955
    ],
    "timestamp" : 235306510706,
    "gravity" : [
      0.014771687798202038,
      -0.9998021125793457,
      0.013320724479854107
    ],
    "rotationMatrix" : [
      -0.22930151224136353,
      -0.01635444164276123,
      -0.9732179641723633,
      -0.9732432961463928,
      -0.011321544647216797,
      0.22949770092964172,
      -0.01477167010307312,
      0.9998021125793457,
      -0.013320744037628174
    ]
  },
  {
    "userAcceleration" : [
      -0.010405566543340683,
      0.02918839454650879,
      0.05323970317840576
    ],
    "timestamp" : 235306520727,
    "gravity" : [
      0.012984242290258408,
      -0.9998762011528015,
      0.008878718130290508
    ],
    "rotationMatrix" : [
      -0.23118633031845093,
      -0.011640876531600952,
      -0.9728397130966187,
      -0.9728226661682129,
      -0.010578781366348267,
      0.23130902647972107,
      -0.012984246015548706,
      0.9998761415481567,
      -0.0088786780834198
    ]
  },
  {
    "userAcceleration" : [
      -0.012972778640687466,
      0.017581582069396973,
      0.04499781131744385
    ],
    "timestamp" : 235306530747,
    "gravity" : [
      0.01149261649698019,
      -0.9999270439147949,
      0.0036929810885339975
    ],
    "rotationMatrix" : [
      -0.23283255100250244,
      -0.006267815828323364,
      -0.972496509552002,
      -0.9724488258361816,
      -0.010316580533981323,
      0.23288774490356445,
      -0.011492609977722168,
      0.9999270439147949,
      -0.0036929547786712646
    ]
  },
  {
    "userAcceleration" : [
      -0.020517759025096893,
      0.019506990909576416,
      0.021596252918243408
    ],
    "timestamp" : 235306540768,
    "gravity" : [
      0.010279054753482342,
      -0.9999451041221619,
      -0.0019887748640030622
    ],
    "rotationMatrix" : [
      -0.23440617322921753,
      -0.0004762113094329834,
      -0.972138524055481,
      -0.9720842838287354,
      -0.010458767414093018,
      0.23439830541610718,
      -0.010279059410095215,
      0.9999451041221619,
      0.0019887685775756836
    ]
  },
  {
    "userAcceleration" : [
      -0.0106382230296731,
      0.006808221340179443,
      -0.06002163887023926
    ],
    "timestamp" : 235306550788,
    "gravity" : [
      0.00918857753276825,
      -0.9999263882637024,
      -0.00791058037430048
    ],
    "rotationMatrix" : [
      -0.23557287454605103,
      0.005523502826690674,
      -0.9718408584594727,
      -0.9718131422996521,
      -0.010793209075927734,
      0.23550492525100708,
      -0.009188532829284668,
      0.9999263882637024,
      0.007910549640655518
    ]
  },
  {
    "userAcceleration" : [
      -0.009761079214513302,
      0.006752312183380127,
      -0.05415201187133789
    ],
    "timestamp" : 235306560809,
    "gravity" : [
      0.008311433717608452,
      -0.9998704791069031,
      -0.013780160807073116
    ],
    "rotationMatrix" : [
      -0.23612594604492188,
      0.011428534984588623,
      -0.9716552495956421,
      -0.9716868996620178,
      -0.011329710483551025,
      0.2360004186630249,
      -0.008311450481414795,
      0.9998705387115479,
      0.013780176639556885
    ]
  },
  {
    "userAcceleration" : [
      -0.009645700454711914,
      0.00665360689163208,
      -0.04820966720581055
    ],
    "timestamp" : 235306570829,
    "gravity" : [
      0.008196056820452213,
      -0.9997718334197998,
      -0.019722532480955124
    ],
    "rotationMatrix" : [
      -0.23579281568527222,
      0.01723465323448181,
      -0.9716504216194153,
      -0.9717687368392944,
      -0.012614041566848755,
      0.23559778928756714,
      -0.008195996284484863,
      0.999771773815155,
      0.01972249150276184
    ]
  },
  {
    "userAcceleration" : [
      -0.0460214726626873,
      -0.008871972560882568,
      -0.04369330406188965
    ],
    "timestamp" : 235306580850,
    "gravity" : [
      0.00874419417232275,
      -0.9996117949485779,
      -0.02645142935216427
    ],
    "rotationMatrix" : [
      -0.2337619662284851,
      0.023676037788391113,
      -0.9720054864883423,
      -0.9722544550895691,
      -0.01468271017074585,
      0.23346427083015442,
      -0.00874418020248413,
      0.9996118545532227,
      0.026451468467712402
    ]
  },
  {
    "userAcceleration" : [
      -0.04569288343191147,
      0.016771912574768066,
      -0.01739060878753662
    ],
    "timestamp" : 235306590870,
    "gravity" : [
      0.009590529836714268,
      -0.9993768334388733,
      -0.03397054597735405
    ],
    "rotationMatrix" : [
      -0.23020339012145996,
      0.0308530330657959,
      -0.9726533889770508,
      -0.9730952978134155,
      -0.01714840531349182,
      0.22976404428482056,
      -0.00959053635597229,
      0.9993768334388733,
      0.03397056460380554
    ]
  },
  {
    "userAcceleration" : [
      -0.035452987998723984,
      0.008559763431549072,
      -0.003832876682281494
    ],
    "timestamp" : 235306600891,
    "gravity" : [
      0.010733691044151783,
      -0.999083936214447,
      -0.04142475873231888
    ],
    "rotationMatrix" : [
      -0.22635698318481445,
      0.03792405128479004,
      -0.973305881023407,
      -0.9739853143692017,
      -0.019823968410491943,
      0.22574248909950256,
      -0.01073366403579712,
      0.9990839958190918,
      0.041424691677093506
    ]
  },
  {
    "userAcceleration" : [
      -0.020065538585186005,
      0.00414663553237915,
      0.014955691993236542
    ],
    "timestamp" : 235306610911,
    "gravity" : [
      0.011871510185301304,
      -0.9987603425979614,
      -0.04834196716547012
    ],
    "rotationMatrix" : [
      -0.22303229570388794,
      0.04448261857032776,
      -0.9737956523895264,
      -0.9747388362884521,
      -0.022342294454574585,
      0.22222769260406494,
      -0.011871516704559326,
      0.9987603425979614,
      0.048341959714889526
    ]
  },
  {
    "userAcceleration" : [
      0.011787728406488895,
      0.028431177139282227,
      0.03152543306350708
    ],
    "timestamp" : 235306620931,
    "gravity" : [
      0.012611016631126404,
      -0.9984170794487,
      -0.05481043457984924
    ],
    "rotationMatrix" : [
      -0.22157347202301025,
      0.05066165328025818,
      -0.9738266468048096,
      -0.9750620126724243,
      -0.024425387382507324,
      0.22058391571044922,
      -0.01261100172996521,
      0.9984170198440552,
      0.054810404777526855
    ]
  },
  {
    "userAcceleration" : [
      0.021534282714128494,
      0.04972219467163086,
      0.03380286693572998
    ],
    "timestamp" : 235306630952,
    "gravity" : [
      0.012813192792236805,
      -0.9980558753013611,
      -0.060994137078523636
    ],
    "rotationMatrix" : [
      -0.22095531225204468,
      0.056665122509002686,
      -0.9736363887786865,
      -0.9751997590065002,
      -0.025952398777008057,
      0.2197996973991394,
      -0.012813210487365723,
      0.9980558753013611,
      0.06099414825439453
    ]
  },
  {
    "userAcceleration" : [
      0.02088422141969204,
      0.05367159843444824,
      0.02558290958404541
    ],
    "timestamp" : 235306640972,
    "gravity" : [
      0.012593502178788185,
      -0.9976717829704285,
      -0.06702583283185959
    ],
    "rotationMatrix" : [
      -0.22087591886520386,
      0.06259980797767639,
      -0.9732909202575684,
      -0.9752206802368164,
      -0.02706161141395569,
      0.21957328915596008,
      -0.012593507766723633,
      0.9976718425750732,
      0.0670258104801178
    ]
  },
  {
    "userAcceleration" : [
      -0.0005983160808682442,
      0.044947803020477295,
      0.02413111925125122
    ],
    "timestamp" : 235306650993,
    "gravity" : [
      0.01222545187920332,
      -0.9972487688064575,
      -0.07311185449361801
    ],
    "rotationMatrix" : [
      -0.22080206871032715,
      0.06862002611160278,
      -0.9729016423225403,
      -0.9752419590950012,
      -0.028037339448928833,
      0.21935579180717468,
      -0.012225508689880371,
      0.9972487688064575,
      0.07311186194419861
    ]
  },
  {
    "userAcceleration" : [
      -0.003302396275103092,
      -0.0023212432861328125,
      -0.013744108378887177
    ],
    "timestamp" : 235306661013,
    "gravity" : [
      0.011877774260938168,
      -0.9967783689498901,
      -0.07931932061910629
    ],
    "rotationMatrix" : [
      -0.22078406810760498,
      0.07475259900093079,
      -0.9724537134170532,
      -0.975250244140625,
      -0.029062896966934204,
      0.2191850244998932,
      -0.011877745389938354,
      0.9967783689498901,
      0.07931932806968689
    ]
  },
  {
    "userAcceleration" : [
      -0.0030688103288412094,
      -0.002834320068359375,
      -0.007508032023906708
    ],
    "timestamp" : 235306671034,
    "gravity" : [
      0.011644190177321434,
      -0.9962652921676636,
      -0.08555534482002258
    ],
    "rotationMatrix" : [
      -0.2210821509361267,
      0.08087852597236633,
      -0.971895694732666,
      -0.9751856327056885,
      -0.030231624841690063,
      0.2193148136138916,
      -0.011644214391708374,
      0.9962652921676636,
      0.08555534482002258
    ]
  },
  {
    "userAcceleration" : [
      -0.0030284374952316284,
      -0.003390371799468994,
      -0.001257181167602539
    ],
    "timestamp" : 235306681054,
    "gravity" : [
      0.011603818275034428,
      -0.995709240436554,
      -0.09180623292922974
    ],
    "rotationMatrix" : [
      -0.22098475694656372,
      0.08698862791061401,
      -0.9713900685310364,
      -0.9752082228660583,
      -0.03155958652496338,
      0.21902719140052795,
      -0.011603832244873047,
      0.9957093000411987,
      0.09180623292922974
    ]
  },
  {
    "userAcceleration" : [
      -0.003180878236889839,
      0.006964623928070068,
      -0.01884537935256958
    ],
    "timestamp" : 235306691075,
    "gravity" : [
      0.01180203352123499,
      -0.9950932264328003,
      -0.0982353687286377
    ],
    "rotationMatrix" : [
      -0.21960389614105225,
      0.09326428174972534,
      -0.9711209535598755,
      -0.9755176901817322,
      -0.03303408622741699,
      0.21742567420005798,
      -0.011802047491073608,
      0.9950932264328003,
      0.0982353687286377
    ]
  },
  {
    "userAcceleration" : [
      -0.00813275296241045,
      0.017666637897491455,
      -0.023669064044952393
    ],
    "timestamp" : 235306701095,
    "gravity" : [
      0.012420413084328175,
      -0.9943969249725342,
      -0.10497783124446869
    ],
    "rotationMatrix" : [
      -0.21727710962295532,
      0.09979337453842163,
      -0.9709951877593994,
      -0.9760307669639587,
      -0.03486934304237366,
      0.21482038497924805,
      -0.012420445680618286,
      0.9943969249725342,
      0.10497787594795227
    ]
  },
  {
    "userAcceleration" : [
      -0.02788941189646721,
      0.004867732524871826,
      -0.020438551902770996
    ],
    "timestamp" : 235306711116,
    "gravity" : [
      0.013668162748217583,
      -0.9936219453811646,
      -0.11193147301673889
    ],
    "rotationMatrix" : [
      -0.2140560746192932,
      0.10643917322158813,
      -0.9710050225257874,
      -0.9767257571220398,
      -0.03723153471946716,
      0.21123597025871277,
      -0.013668179512023926,
      0.9936219453811646,
      0.11193153262138367
    ]
  },
  {
    "userAcceleration" : [
      -0.03864877298474312,
      -0.014278531074523926,
      -0.009891383349895477
    ],
    "timestamp" : 235306721136,
    "gravity" : [
      0.015607942827045918,
      -0.992786169052124,
      -0.1188776046037674
    ],
    "rotationMatrix" : [
      -0.2109987735748291,
      0.11294427514076233,
      -0.9709391593933105,
      -0.9773615598678589,
      -0.040237247943878174,
      0.2077139914035797,
      -0.01560792326927185,
      0.992786169052124,
      0.1188775897026062
    ]
  },
  {
    "userAcceleration" : [
      -0.03607109561562538,
      -0.02423912286758423,
      0.010097384452819824
    ],
    "timestamp" : 235306731157,
    "gravity" : [
      0.017928335815668106,
      -0.9919045567512512,
      -0.1257132589817047
    ],
    "rotationMatrix" : [
      -0.20789313316345215,
      0.11928722262382507,
      -0.9708506464958191,
      -0.9779871702194214,
      -0.0435405969619751,
      0.20407149195671082,
      -0.01792830228805542,
      0.9919044971466064,
      0.12571322917938232
    ]
  },
  {
    "userAcceleration" : [
      -0.013545991852879524,
      -0.01026386022567749,
      0.022547364234924316
    ],
    "timestamp" : 235306741177,
    "gravity" : [
      0.0201377272605896,
      -0.9910330176353455,
      -0.132090225815773
    ],
    "rotationMatrix" : [
      -0.20561319589614868,
      0.1251877248287201,
      -0.9705930948257446,
      -0.9784259796142578,
      -0.04670491814613342,
      0.20124861598014832,
      -0.020137697458267212,
      0.9910329580307007,
      0.1320902407169342
    ]
  },
  {
    "userAcceleration" : [
      0.004968218505382538,
      0.016223490238189697,
      0.015123322606086731
    ],
    "timestamp" : 235306751198,
    "gravity" : [
      0.021841414272785187,
      -0.9902376532554626,
      -0.1376667022705078
    ],
    "rotationMatrix" : [
      -0.20426595211029053,
      0.13037464022636414,
      -0.9701945781707764,
      -0.9786715507507324,
      -0.049310892820358276,
      0.19942447543144226,
      -0.02184140682220459,
      0.9902375936508179,
      0.1376667320728302
    ]
  },
  {
    "userAcceleration" : [
      0.027129529044032097,
      0.0387611985206604,
      0.019809842109680176
    ],
    "timestamp" : 235306761218,
    "gravity" : [
      0.02258354425430298,
      -0.9895362257957458,
      -0.14250585436820984
    ],
    "rotationMatrix" : [
      -0.20444709062576294,
      0.13495859503746033,
      -0.9695295095443726,
      -0.9786169528961182,
      -0.051030248403549194,
      0.19926002621650696,
      -0.02258351445198059,
      0.9895362854003906,
      0.14250585436820984
    ]
  },
  {
    "userAcceleration" : [
      0.04805344343185425,
      0.05103933811187744,
      0.030076682567596436
    ],
    "timestamp" : 235306771239,
    "gravity" : [
      0.022365808486938477,
      -0.9889054894447327,
      -0.14685223996639252
    ],
    "rotationMatrix" : [
      -0.2058919072151184,
      0.13918408751487732,
      -0.9686259627342224,
      -0.9783190488815308,
      -0.051899731159210205,
      0.2004947066307068,
      -0.022365808486938477,
      0.9889054894447327,
      0.1468522548675537
    ]
  },
  {
    "userAcceleration" : [
      0.044747017323970795,
      0.036873579025268555,
      0.023776844143867493
    ],
    "timestamp" : 235306781259,
    "gravity" : [
      0.02152184024453163,
      -0.988258957862854,
      -0.15126407146453857
    ],
    "rotationMatrix" : [
      -0.2073085904121399,
      0.1435992419719696,
      -0.9676787853240967,
      -0.9780386686325073,
      -0.05218443274497986,
      0.2017841637134552,
      -0.021521836519241333,
      0.988258957862854,
      0.1512640416622162
    ]
  },
  {
    "userAcceleration" : [
      0.020626382902264595,
      0.03648656606674194,
      0.015290215611457825
    ],
    "timestamp" : 235306791280,
    "gravity" : [
      0.02048073336482048,
      -0.9874904155731201,
      -0.15634246170520782
    ],
    "rotationMatrix" : [
      -0.20860713720321655,
      0.14871260523796082,
      -0.966626763343811,
      -0.9777848720550537,
      -0.052411288022994995,
      0.20295196771621704,
      -0.02048078179359436,
      0.9874904751777649,
      0.15634247660636902
    ]
  },
  {
    "userAcceleration" : [
      -0.019200176000595093,
      0.022021174430847168,
      0.007524475455284119
    ],
    "timestamp" : 235306801300,
    "gravity" : [
      0.019749432802200317,
      -0.9865598082542419,
      -0.1622028946876526
    ],
    "rotationMatrix" : [
      -0.2089242935180664,
      0.15458062291145325,
      -0.9656373262405396,
      -0.9777324199676514,
      -0.052958905696868896,
      0.20306342840194702,
      -0.019749432802200317,
      0.9865598082542419,
      0.1622028946876526
    ]
  },
  {
    "userAcceleration" : [
      -0.03453689068555832,
      -0.015509963035583496,
      -0.007866427302360535
    ],
    "timestamp" : 235306811321,
    "gravity" : [
      0.019476402550935745,
      -0.985496997833252,
      -0.16857098042964935
    ],
    "rotationMatrix" : [
      -0.20840167999267578,
      0.1608978807926178,
      -0.9647177457809448,
      -0.9778492450714111,
      -0.05391955375671387,
      0.20224568247795105,
      -0.019476383924484253,
      0.9854968786239624,
      0.16857099533081055
    ]
  },
  {
    "userAcceleration" : [
      -0.01746334880590439,
      -0.03509336709976196,
      -0.025453031063079834
    ],
    "timestamp" : 235306821341,
    "gravity" : [
      0.019462190568447113,
      -0.9843920469284058,
      -0.17491015791893005
    ],
    "rotationMatrix" : [
      -0.2077033817768097,
      0.16714587807655334,
      -0.9638057947158813,
      -0.9779982566833496,
      -0.05508720874786377,
      0.20120850205421448,
      -0.01946219801902771,
      0.9843920469284058,
      0.17491015791893005
    ]
  },
  {
    "userAcceleration" : [
      -0.0029854606837034225,
      -0.021251142024993896,
      -0.03794772922992706
    ],
    "timestamp" : 235306831362,
    "gravity" : [
      0.019419120624661446,
      -0.9833418130874634,
      -0.1807260513305664
    ],
    "rotationMatrix" : [
      -0.2064226269721985,
      0.17292240262031555,
      -0.9630615711212158,
      -0.9782702922821045,
      -0.05600780248641968,
      0.1996259093284607,
      -0.019419103860855103,
      0.9833417534828186,
      0.1807260513305664
    ]
  },
  {
    "userAcceleration" : [
      0.00964374840259552,
      -0.004218399524688721,
      -0.033339738845825195
    ],
    "timestamp" : 235306841382,
    "gravity" : [
      0.019042715430259705,
      -0.9823843240737915,
      -0.1858985722064972
    ],
    "rotationMatrix" : [
      -0.20534542202949524,
      0.1781255602836609,
      -0.9623430967330933,
      -0.9785041213035583,
      -0.056498944759368896,
      0.19833627343177795,
      -0.01904270052909851,
      0.9823843240737915,
      0.1858985722064972
    ]
  },
  {
    "userAcceleration" : [
      0.020866265520453453,
      -0.006128430366516113,
      -0.02535802125930786
    ],
    "timestamp" : 235306851403,
    "gravity" : [
      0.01866919733583927,
      -0.9814813733100891,
      -0.19064544141292572
    ],
    "rotationMatrix" : [
      -0.2043660581111908,
      0.182906836271286,
      -0.961654543876648,
      -0.9787163734436035,
      -0.056914716958999634,
      0.19716686010360718,
      -0.018669188022613525,
      0.9814813733100891,
      0.19064545631408691
    ]
  },
  {
    "userAcceleration" : [
      -0.011525364592671394,
      -0.023676276206970215,
      -0.01762029528617859
    ],
    "timestamp" : 235306861423,
    "gravity" : [
      0.018513834103941917,
      -0.9805352091789246,
      -0.19546876847743988
    ],
    "rotationMatrix" : [
      -0.20347842574119568,
      0.1877157986164093,
      -0.9609159231185913,
      -0.9789044857025146,
      -0.05756393074989319,
      0.19604238867759705,
      -0.01851382851600647,
      0.9805351495742798,
      0.19546878337860107
    ]
  },
  {
    "userAcceleration" : [
      -0.029212068766355515,
      -0.036097586154937744,
      -0.006651401519775391
    ],
    "timestamp" : 235306871444,
    "gravity" : [
      0.01882077381014824,
      -0.9794968366622925,
      -0.2005782276391983
    ],
    "rotationMatrix" : [
      -0.20233267545700073,
      0.19273152947425842,
      -0.960164487361908,
      -0.9791358709335327,
      -0.058654457330703735,
      0.19455698132514954,
      -0.018820762634277344,
      0.9794968366622925,
      0.2005782425403595
    ]
  },
  {
    "userAcceleration" : [
      -0.05269844830036163,
      -0.06505823135375977,
      -0.009944319725036621
    ],
    "timestamp" : 235306881464,
    "gravity" : [
      0.019953027367591858,
      -0.9783682227134705,
      -0.20590655505657196
    ],
    "rotationMatrix" : [
      -0.2003830075263977,
      0.19785547256469727,
      -0.9595310688018799,
      -0.979514479637146,
      -0.06040576100349426,
      0.19210052490234375,
      -0.019953042268753052,
      0.9783682823181152,
      0.20590654015541077
    ]
  },
  {
    "userAcceleration" : [
      -0.07133568078279495,
      -0.07896310091018677,
      -0.00274503231048584
    ],
    "timestamp" : 235306891485,
    "gravity" : [
      0.02179032936692238,
      -0.977173924446106,
      -0.21132060885429382
    ],
    "rotationMatrix" : [
      -0.19853943586349487,
      0.20293155312538147,
      -0.9588540196418762,
      -0.9798507690429688,
      -0.06284928321838379,
      0.18958553671836853,
      -0.02179032564163208,
      0.977173924446106,
      0.21132057905197144
    ]
  },
  {
