[
  {
    "timestamp" : 235296137048,
    "rotationMatrix" : [
      -0.8155463337898254,
      -0.13855357468128204,
      -0.5618600845336914,
      -0.5781948566436768,
      0.15487796068191528,
      0.8010638952255249,
      -0.023970574140548706,
      0.9781694412231445,
      -0.20642101764678955
    ],
    "userAcceleration" : [
      0.02116490714251995,
      0.03770941495895386,
      0.031509265303611755
    ],
    "gravity" : [
      0.02397056668996811,
      -0.9781694412231445,
      0.20642095804214478
    ]
  },
  {
    "timestamp" : 235296147069,
    "rotationMatrix" : [
      -0.8172144293785095,
      -0.14119911193847656,
      -0.5587692260742188,
      -0.5758398175239563,
      0.1599229872226715,
      0.8017686605453491,
      -0.023849040269851685,
      0.9769786596298218,
      -0.2119993269443512
    ],
    "userAcceleration" : [
      0.02128642424941063,
      0.03651857376098633,
      0.025930985808372498
    ],
    "gravity" : [
      0.02384902909398079,
      -0.9769786596298218,
      0.21199931204319
    ]
  },
  {
    "timestamp" : 235296157089,
    "rotationMatrix" : [
      -0.8190932273864746,
      -0.14361445605754852,
      -0.555392861366272,
      -0.5731791257858276,
      0.1652330607175827,
      0.8025981783866882,
      -0.023495405912399292,
      0.9757422804832458,
      -0.2176581174135208
    ],
    "userAcceleration" : [
      0.02164006046950817,
      0.035282015800476074,
      0.020272046327590942
    ],
    "gravity" : [
      0.023495400324463844,
      -0.9757422804832458,
      0.2176581472158432
    ]
  },
  {
    "timestamp" : 235296167109,
    "rotationMatrix" : [
      -0.8212090730667114,
      -0.14587527513504028,
      -0.5516666173934937,
      -0.5701627731323242,
      0.17075476050376892,
      0.8035901784896851,
      -0.02302423119544983,
      0.9744553565979004,
      -0.22339800000190735
    ],
    "userAcceleration" : [
      0.021348288282752037,
      0.034681856632232666,
      0.02649521827697754
    ],
    "gravity" : [
      0.02302422933280468,
      -0.9744552969932556,
      0.22339795529842377
    ]
  },
  {
    "timestamp" : 235296177130,
    "rotationMatrix" : [
      -0.8235066533088684,
      -0.14795807003974915,
      -0.547672688961029,
      -0.5668603181838989,
      0.1763138771057129,
      0.8047253489494324,
      -0.022503256797790527,
      0.9731504321098328,
      -0.22906726598739624
    ],
    "userAcceleration" : [
      0.016757549718022346,
      0.02863144874572754,
      0.022580653429031372
    ],
    "gravity" : [
      0.02250327728688717,
      -0.9731504917144775,
      0.22906722128391266
    ]
  },
  {
    "timestamp" : 235296187150,
    "rotationMatrix" : [
      -0.8257713913917542,
      -0.14972084760665894,
      -0.543769121170044,
      -0.5635824203491211,
      0.181749165058136,
      0.8058175444602966,
      -0.021818161010742188,
      0.9718800187110901,
      -0.23446309566497803
    ],
    "userAcceleration" : [
      0.007204025983810425,
      0.03206080198287964,
      0.020343288779258728
    ],
    "gravity" : [
      0.02181815356016159,
      -0.9718799591064453,
      0.2344631552696228
    ]
  },
  {
    "timestamp" : 235296197170,
    "rotationMatrix" : [
      -0.8278422355651855,
      -0.15133915841579437,
      -0.5401605367660522,
      -0.5605654716491699,
      0.18704071640968323,
      0.8067106008529663,
      -0.021054893732070923,
      0.970624566078186,
      -0.2396756112575531
    ],
    "userAcceleration" : [
      0.0018484778702259064,
      0.027906179428100586,
      0.008111834526062012
    ],
    "gravity" : [
      0.021054919809103012,
      -0.9706246256828308,
      0.2396756112575531
    ]
  },
  {
    "timestamp" : 235296207191,
    "rotationMatrix" : [
      -0.8295913338661194,
      -0.15296670794487,
      -0.5370092988014221,
      -0.5580013990402222,
      0.19214925169944763,
      0.8072873950004578,
      -0.020302236080169678,
      0.9693707823753357,
      -0.24476084113121033
    ],
    "userAcceleration" : [
      -0.00426526740193367,
      0.018214285373687744,
      -0.007364645600318909
    ],
    "gravity" : [
      0.02030222676694393,
      -0.9693707823753357,
      0.2447609007358551
    ]
  },
  {
    "timestamp" : 235296217211,
    "gravity" : [
      0.01958032138645649,
      -0.9681151509284973,
      0.2497391402721405
    ],
    "rotationMatrix" : [
      -0.8310039639472961,
      -0.15464727580547333,
      -0.5343377590179443,
      -0.5559219121932983,
      0.19707168638706207,
      0.8075355291366577,
      -0.019580334424972534,
      0.9681152105331421,
      -0.24973921477794647
    ],
    "userAcceleration" : [
      -0.009143339470028877,
      0.01038205623626709,
      -0.00852823257446289
    ]
  },
  {
    "timestamp" : 235296227231,
    "gravity" : [
      0.018889306113123894,
      -0.9667943120002747,
      0.254856675863266
    ],
    "rotationMatrix" : [
      -0.8323074579238892,
      -0.15644408762454987,
      -0.5317795276641846,
      -0.5539922714233398,
      0.20207414031028748,
      0.8076252937316895,
      -0.018889307975769043,
      0.9667943716049194,
      -0.2548566162586212
    ],
    "userAcceleration" : [
      -0.013136785477399826,
      0.006039917469024658,
      -0.004154771566390991
    ]
  },
  {
    "timestamp" : 235296237251,
    "gravity" : [
      0.018346348777413368,
      -0.9653499722480774,
      0.26031267642974854
    ],
    "rotationMatrix" : [
      -0.8338000774383545,
      -0.15845100581645966,
      -0.5288388729095459,
      -0.5517614483833313,
      0.20734655857086182,
      0.8078159689903259,
      -0.018346339464187622,
      0.9653499722480774,
      -0.26031267642974854
    ],
    "userAcceleration" : [
      0.012873096391558647,
      0.006762444972991943,
      0.039079904556274414
    ]
  },
  {
    "timestamp" : 235296247272,
    "gravity" : [
      0.01799268089234829,
      -0.9638713598251343,
      0.2657594680786133
    ],
    "rotationMatrix" : [
      -0.8355898261070251,
      -0.1604609489440918,
      -0.5253968238830566,
      -0.5490590333938599,
      0.21261267364025116,
      0.8082882761955261,
      -0.01799270510673523,
      0.963871419429779,
      -0.2657594680786133
    ],
    "userAcceleration" : [
      0.013226781040430069,
      0.005283832550048828,
      0.03363311290740967
    ]
  },
  {
    "timestamp" : 235296257292,
    "gravity" : [
      0.01764758676290512,
      -0.9624519944190979,
      0.2708772122859955
    ],
    "rotationMatrix" : [
      -0.8376142978668213,
      -0.16217005252838135,
      -0.5216346979141235,
      -0.5459765791893005,
      0.21768534183502197,
      0.8090256452560425,
      -0.017647594213485718,
      0.9624519348144531,
      -0.27087724208831787
    ],
    "userAcceleration" : [
      0.0026007965207099915,
      0.02208346128463745,
      0.06924101710319519
    ]
  },
  {
    "timestamp" : 235296267312,
    "gravity" : [
      0.01742475852370262,
      -0.9611059427261353,
      0.275629460811615
    ],
    "rotationMatrix" : [
      -0.8399022221565247,
      -0.16363292932510376,
      -0.5174826383590698,
      -0.5424577593803406,
      0.22248488664627075,
      0.8100864291191101,
      -0.01742476224899292,
      0.96110600233078,
      -0.2756294012069702
    ],
    "userAcceleration" : [
      0.0028236210346221924,
      0.02073734998703003,
      0.06448888778686523
    ]
  },
  {
    "timestamp" : 235296277333,
    "gravity" : [
      0.017505725845694542,
      -0.9597477912902832,
      0.2803170680999756
    ],
    "rotationMatrix" : [
      -0.8425410389900208,
      -0.16511425375938416,
      -0.512700617313385,
      -0.538347601890564,
      0.22720348834991455,
      0.8115172982215881,
      -0.017505720257759094,
      0.9597477316856384,
      -0.28031712770462036
    ],
    "userAcceleration" : [
      -0.012531403452157974,
      0.010712146759033203,
      0.05545249581336975
    ]
  },
  {
    "timestamp" : 235296287353,
    "gravity" : [
      0.017958225682377815,
      -0.958328127861023,
      0.28510481119155884
    ],
    "rotationMatrix" : [
      -0.8455621600151062,
      -0.16673052310943604,
      -0.5071741342544556,
      -0.5335748791694641,
      0.2319658249616623,
      0.8133201599121094,
      -0.017958223819732666,
      0.958328127861023,
      -0.28510475158691406
    ],
    "userAcceleration" : [
      -0.0164628978818655,
      -0.003936886787414551,
      0.039297014474868774
    ]
  },
  {
    "timestamp" : 235296297373,
    "gravity" : [
      0.018591342493891716,
      -0.9569282531738281,
      0.289728045463562
    ],
    "rotationMatrix" : [
      -0.84880131483078,
      -0.16824676096439362,
      -0.5012273192405701,
      -0.5283845067024231,
      0.23660340905189514,
      0.8153700828552246,
      -0.01859132945537567,
      0.9569282531738281,
      -0.2897280752658844
    ],
    "userAcceleration" : [
      -0.018682915717363358,
      -0.007320225238800049,
      0.0254574716091156
    ]
  },
  {
    "timestamp" : 235296307394,
    "gravity" : [
      0.019288955256342888,
      -0.955620288848877,
      0.29396864771842957
    ],
    "rotationMatrix" : [
      -0.8519970774650574,
      -0.16956962645053864,
      -0.4953249394893646,
      -0.5231907963752747,
      0.24090632796287537,
      0.8174567222595215,
      -0.019288986921310425,
      0.955620288848877,
      -0.29396864771842957
    ],
    "userAcceleration" : [
      -0.013643249869346619,
      -0.002631545066833496,
      0.01093241572380066
    ]
  },
  {
    "timestamp" : 235296317414,
    "gravity" : [
      0.020066173747181892,
      -0.9544216990470886,
      0.2977859377861023
    ],
    "rotationMatrix" : [
      -0.8549001216888428,
      -0.17081503570079803,
      -0.4898652136325836,
      -0.5184043049812317,
      0.24474763870239258,
      0.8193628787994385,
      -0.020066171884536743,
      0.9544216394424438,
      -0.29778599739074707
    ],
    "userAcceleration" : [
      -0.018784457817673683,
      -0.0030825138092041016,
      -0.01243138313293457
    ]
  },
  {
    "timestamp" : 235296327434,
    "gravity" : [
      0.02086721919476986,
      -0.9533142447471619,
      0.30125823616981506
    ],
    "rotationMatrix" : [
      -0.8572785258293152,
      -0.17210505902767181,
      -0.4852355122566223,
      -0.5144299864768982,
      0.24813663959503174,
      0.8208471536636353,
      -0.02086721360683441,
      0.9533143043518066,
      -0.30125826597213745
    ],
    "userAcceleration" : [
      -0.03191462159156799,
      -0.008111536502838135,
      -0.04195043444633484
    ]
  },
  {
    "timestamp" : 235296337455,
    "gravity" : [
      0.021700860932469368,
      -0.9522033333778381,
      0.3046925663948059
    ],
    "rotationMatrix" : [
      -0.8590782880783081,
      -0.17364832758903503,
      -0.4814876914024353,
      -0.5113836526870728,
      0.25130632519721985,
      0.8217856884002686,
      -0.02170085906982422,
      0.9522033929824829,
      -0.3046925961971283
    ],
    "userAcceleration" : [
      -0.0439177006483078,
      -0.01614975929260254,
      -0.07089737057685852
    ]
  },
  {
    "timestamp" : 235296347475,
    "gravity" : [
      0.02261904440820217,
      -0.9510096311569214,
      0.30833202600479126
    ],
    "rotationMatrix" : [
      -0.8604683876037598,
      -0.1755407452583313,
      -0.47830864787101746,
      -0.5090010762214661,
      0.2544914186000824,
      0.822284460067749,
      -0.022619038820266724,
      0.9510096311569214,
      -0.3083321154117584
    ],
    "userAcceleration" : [
      -0.044835880398750305,
      -0.017343461513519287,
      -0.07453694939613342
    ]
  },
  {
    "timestamp" : 235296357495,
    "gravity" : [
      0.023622263222932816,
      -0.9497153162956238,
      0.31222206354141235
    ],
    "rotationMatrix" : [
      -0.8616971373558044,
      -0.1776876598596573,
      -0.4752945005893707,
      -0.5068725347518921,
      0.2578134834766388,
      0.8225644826889038,
      -0.023622244596481323,
      0.949715256690979,
      -0.31222203373908997
    ],
    "userAcceleration" : [
      -0.0458390899002552,
      -0.01863783597946167,
      -0.07842695713043213
    ]
  },
  {
    "timestamp" : 235296367516,
    "gravity" : [
      0.024600625038146973,
      -0.9483759999275208,
      0.31619203090667725
    ],
    "rotationMatrix" : [
      -0.8629369735717773,
      -0.17982766032218933,
      -0.47223007678985596,
      -0.5047118663787842,
      0.2612369954586029,
      0.8228128552436829,
      -0.024600625038146973,
      0.9483759999275208,
      -0.31619206070899963
    ],
    "userAcceleration" : [
      -0.02334943599998951,
      -0.009601116180419922,
      -0.052321940660476685
    ]
  },
  {
    "timestamp" : 235296377536,
    "gravity" : [
      0.025361081585288048,
      -0.9470346570014954,
      0.32012805342674255
    ],
    "rotationMatrix" : [
      -0.8642420172691345,
      -0.1817181408405304,
      -0.4691098630428314,
      -0.5024363994598389,
      0.26477116346359253,
      0.8230758309364319,
      -0.025361090898513794,
      0.9470346570014954,
      -0.32012808322906494
    ],
    "userAcceleration" : [
      -0.0013590473681688309,
      0.010770738124847412,
      -0.03309500217437744
    ]
  },
  {
    "timestamp" : 235296387556,
    "gravity" : [
      0.025774534791707993,
      -0.9456667304039001,
      0.32411396503448486
    ],
    "rotationMatrix" : [
      -0.8655785918235779,
      -0.18331187963485718,
      -0.46601516008377075,
      -0.5001090168952942,
      0.2685350477695465,
      0.823273777961731,
      -0.025774523615837097,
      0.9456666707992554,
      -0.32411399483680725
    ],
    "userAcceleration" : [
      0.01290646567940712,
      0.029010295867919922,
      -0.030016183853149414
    ]
  },
  {
    "timestamp" : 235296397577,
    "gravity" : [
      0.025860611349344254,
      -0.9442365765571594,
      0.32825061678886414
    ],
    "rotationMatrix" : [
      -0.8669350147247314,
      -0.18467950820922852,
      -0.4629440903663635,
      -0.497749924659729,
      0.2725999355316162,
      0.823367714881897,
      -0.02586062252521515,
      0.9442366361618042,
      -0.3282506465911865
    ],
    "userAcceleration" : [
      0.013751178979873657,
      0.036735355854034424,
      -0.031558722257614136
    ]
  },
  {
    "timestamp" : 235296407597,
    "gravity" : [
      0.025727232918143272,
      -0.9427458047866821,
      0.33251842856407166
    ],
    "rotationMatrix" : [
      -0.8683517575263977,
      -0.1858743131160736,
      -0.4597999155521393,
      -0.49528107047080994,
      0.27691352367401123,
      0.8234170079231262,
      -0.02572724223136902,
      0.9427457451820374,
      -0.33251839876174927
    ],
    "userAcceleration" : [
      0.002852456644177437,
      0.036968767642974854,
      -0.025603145360946655
    ]
  },
  {
    "timestamp" : 235296417617,
    "gravity" : [
      0.02551647089421749,
      -0.9412323236465454,
      0.33679434657096863
    ],
    "rotationMatrix" : [
      -0.8699508309364319,
      -0.18687894940376282,
      -0.45635682344436646,
      -0.4924776256084442,
      0.2813500761985779,
      0.8235944509506226,
      -0.025516480207443237,
      0.9412323236465454,
      -0.336794376373291
    ],
    "userAcceleration" : [
      -0.00581740215420723,
      0.03020644187927246,
      -0.004717379808425903
    ]
  },
  {
    "timestamp" : 235296427638,
    "gravity" : [
      0.025356043130159378,
      -0.9397614598274231,
      0.34088924527168274
    ],
    "rotationMatrix" : [
      -0.8718327283859253,
      -0.18764017522335052,
      -0.452436625957489,
      -0.48914700746536255,
      0.2857263684272766,
      0.8240725994110107,
      -0.025356054306030273,
      0.9397615194320679,
      -0.3408892750740051
    ],
    "userAcceleration" : [
      -0.011668950319290161,
      0.030719101428985596,
      0.019904762506484985
    ]
  },
  {
    "timestamp" : 235296437658,
    "gravity" : [
      0.02526923082768917,
      -0.9384023547172546,
      0.34461942315101624
    ],
    "rotationMatrix" : [
      -0.874011754989624,
      -0.18807090818881989,
      -0.4480322003364563,
      -0.4852473735809326,
      0.2898799180984497,
      0.8249270915985107,
      -0.025269225239753723,
      0.9384024143218994,
      -0.34461939334869385
    ],
    "userAcceleration" : [
      -0.005951626226305962,
      0.02636927366256714,
      0.03927639126777649
    ]
  },
  {
    "timestamp" : 235296447678,
    "gravity" : [
      0.02519260346889496,
      -0.9371444582939148,
      0.34803149104118347
    ],
    "rotationMatrix" : [
      -0.8764283061027527,
      -0.18817012012004852,
      -0.44324469566345215,
      -0.48087334632873535,
      0.2938578724861145,
      0.8260802030563354,
      -0.025192588567733765,
      0.93714439868927,
      -0.34803152084350586
    ],
    "userAcceleration" : [
      0.008193615823984146,
      0.03290843963623047,
      0.012182801961898804
    ]
  },
  {
    "timestamp" : 235296457699,
    "gravity" : [
      0.024979980662465096,
      -0.9359857439994812,
      0.3511507511138916
    ],
    "rotationMatrix" : [
      -0.8790126442909241,
      -0.18786758184432983,
      -0.43822675943374634,
      -0.47614383697509766,
      0.29771894216537476,
      0.8274361491203308,
      -0.024979963898658752,
      0.9359857439994812,
      -0.3511507511138916
    ],
    "userAcceleration" : [
      0.00840623490512371,
      0.031749844551086426,
      0.009063392877578735
    ]
  },
  {
    "timestamp" : 235296467719,
    "gravity" : [
      0.024584859609603882,
      -0.9348599910736084,
      0.3541640341281891
    ],
    "rotationMatrix" : [
      -0.8817067742347717,
      -0.18724454939365387,
      -0.4330500066280365,
      -0.4711564779281616,
      0.3016226291656494,
      0.8288758993148804,
      -0.024584859609603882,
      0.9348599910736084,
      -0.3541640639305115
    ],
    "userAcceleration" : [
      0.00880134105682373,
      0.03062427043914795,
      0.006050080060958862
    ]
  },
  {
    "timestamp" : 235296477739,
    "gravity" : [
      0.024083336815238,
      -0.9336525797843933,
      0.35736918449401855
    ],
    "rotationMatrix" : [
      -0.8844628930091858,
      -0.18652567267417908,
      -0.42770713567733765,
      -0.465988427400589,
      0.30577921867370605,
      0.8302733898162842,
      -0.02408336102962494,
      0.9336526393890381,
      -0.3573691248893738
    ],
    "userAcceleration" : [
      -0.0005695521831512451,
      0.01788109540939331,
      -0.022545665502548218
    ]
  },
  {
    "timestamp" : 235296487760,
    "gravity" : [
      0.023637937381863594,
      -0.9323212504386902,
      0.3608575761318207
    ],
    "rotationMatrix" : [
      -0.8871818780899048,
      -0.18594390153884888,
      -0.4222947955131531,
      -0.4608137011528015,
      0.31016427278518677,
      0.8315339684486389,
      -0.023637935519218445,
      0.9323212504386902,
      -0.3608575463294983
    ],
    "userAcceleration" : [
      -0.01886196807026863,
      0.0037630200386047363,
      -0.045992523431777954
    ]
  },
  {
    "timestamp" : 235296497780,
    "gravity" : [
      0.023275630548596382,
      -0.9309182167053223,
      0.36448541283607483
    ],
    "rotationMatrix" : [
      -0.8897334933280945,
      -0.18554295599460602,
      -0.41707080602645874,
      -0.45588648319244385,
      0.3145872950553894,
      0.8325877785682678,
      -0.023275628685951233,
      0.9309181571006775,
      -0.36448538303375244
    ],
    "userAcceleration" : [
      -0.04532461240887642,
      -0.0023246407508850098,
      -0.057036131620407104
    ]
  },
  {
    "timestamp" : 235296507800,
    "gravity" : [
      0.022961925715208054,
      -0.9294930696487427,
      0.36812418699264526
    ],
    "rotationMatrix" : [
      -0.8921383619308472,
      -0.18522822856903076,
      -0.41204342246055603,
      -0.45117849111557007,
      0.31895631551742554,
      0.8334895372390747,
      -0.022961914539337158,
      0.9294930696487427,
      -0.36812418699264526
    ],
    "userAcceleration" : [
      -0.05145011842250824,
      -0.0010031461715698242,
      -0.05144330859184265
    ]
  },
  {
    "timestamp" : 235296517821,
    "gravity" : [
      0.022632107138633728,
      -0.928136944770813,
      0.3715498745441437
    ],
    "rotationMatrix" : [
      -0.8944862484931946,
      -0.18478919565677643,
      -0.4071204364299774,
      -0.4465219974517822,
      0.3231324255466461,
      0.8343880772590637,
      -0.022632122039794922,
      0.9281370043754578,
      -0.3715498745441437
    ],
    "userAcceleration" : [
      -0.04808379337191582,
      -0.0005280375480651855,
      -0.04133442044258118
    ]
  },
  {
    "timestamp" : 235296527841,
    "gravity" : [
      0.02224234864115715,
      -0.9269129037857056,
      0.374616414308548
    ],
    "rotationMatrix" : [
      -0.8967592716217041,
      -0.1841444969177246,
      -0.40238451957702637,
      -0.441959023475647,
      0.3269910216331482,
      0.8353136777877808,
      -0.022242337465286255,
      0.9269129037857056,
      -0.37461644411087036
    ],
    "userAcceleration" : [
      -0.041834644973278046,
      0.004961729049682617,
      -0.030103564262390137
    ]
  },
  {
    "timestamp" : 235296537861,
    "gravity" : [
      0.021889396011829376,
      -0.9257724285125732,
      0.37744683027267456
    ],
    "rotationMatrix" : [
      -0.8989699482917786,
      -0.18342405557632446,
      -0.3977540135383606,
      -0.43746256828308105,
      0.33060699701309204,
      0.8362568020820618,
      -0.02188938856124878,
      0.9257723689079285,
      -0.3774467706680298
    ],
    "userAcceleration" : [
      -0.03411171957850456,
      0.002432703971862793,
      -0.029653310775756836
    ]
  },
  {
    "timestamp" : 235296547882,
    "gravity" : [
      0.021618317812681198,
      -0.9246444702148438,
      0.3802175521850586
    ],
    "rotationMatrix" : [
      -0.9011444449424744,
      -0.18272507190704346,
      -0.3931289315223694,
      -0.4329797625541687,
      0.33413201570510864,
      0.8371883630752563,
      -0.021618321537971497,
      0.9246444702148438,
      -0.3802175521850586
    ],
    "userAcceleration" : [
      -0.028973089531064034,
      -0.0002213120460510254,
      -0.03774935007095337
    ]
  },
  {
    "timestamp" : 235296557902,
    "gravity" : [
      0.021359773352742195,
      -0.9235498309135437,
      0.3828831911087036
    ],
    "rotationMatrix" : [
      -0.903246283531189,
      -0.18200141191482544,
      -0.3886151909828186,
      -0.4285907745361328,
      0.33753702044487,
      0.8380804061889648,
      -0.021359771490097046,
      0.9235497713088989,
      -0.382883220911026
    ],
    "userAcceleration" : [
      -0.020352715626358986,
      0.004467189311981201,
      -0.04735761880874634
    ]
  },
  {
    "timestamp" : 235296567922,
    "gravity" : [
      0.021037518978118896,
      -0.9224886298179626,
      0.3854505121707916
    ],
    "rotationMatrix" : [
      -0.905197262763977,
      -0.1812596619129181,
      -0.3843991756439209,
      -0.4244705140590668,
      0.3408219814300537,
      0.8388474583625793,
      -0.021037504076957703,
      0.9224886298179626,
      -0.38545048236846924
    ],
    "userAcceleration" : [
      -0.020030470564961433,
      0.0034059882164001465,
      -0.049925029277801514
    ]
  },
  {
    "timestamp" : 235296577943,
    "gravity" : [
      0.020609311759471893,
      -0.9214387536048889,
      0.38797613978385925
    ],
    "rotationMatrix" : [
      -0.9069925546646118,
      -0.1804996132850647,
      -0.380504846572876,
      -0.42064154148101807,
      0.3440498411655426,
      0.8394582867622375,
      -0.02060931921005249,
      0.9214387536048889,
      -0.38797613978385925
    ],
    "userAcceleration" : [
      -0.02527853660285473,
      0.013815701007843018,
      -0.055304110050201416
    ]
  },
  {
    "timestamp" : 235296587963,
    "gravity" : [
      0.020021570846438408,
      -0.9203484058380127,
      0.39058610796928406
    ],
    "rotationMatrix" : [
      -0.9087449908256531,
      -0.1796412616968155,
      -0.3767107129096985,
      -0.4168705940246582,
      0.3474012315273285,
      0.8399589657783508,
      -0.020021557807922363,
      0.9203483462333679,
      -0.39058610796928406
    ],
    "userAcceleration" : [
      -0.0250264760106802,
      0.021148204803466797,
      -0.05231410264968872
    ]
  },
  {
    "timestamp" : 235296597983,
    "gravity" : [
      0.019407421350479126,
      -0.9191462993621826,
      0.3934372663497925
    ],
    "rotationMatrix" : [
      -0.9106625318527222,
      -0.17868119478225708,
      -0.3725129961967468,
      -0.41269391775131226,
      0.35105955600738525,
      0.8405002355575562,
      -0.019407421350479126,
      0.9191462993621826,
      -0.39343714714050293
    ],
    "userAcceleration" : [
      -0.02113170363008976,
      0.029101431369781494,
      -0.040013253688812256
    ]
  },
  {
    "timestamp" : 235296608004,
    "gravity" : [
      0.018955092877149582,
      -0.9178577065467834,
      0.3964565098285675
    ],
    "rotationMatrix" : [
      -0.912896990776062,
      -0.1776013970375061,
      -0.3675276041030884,
      -0.40774935483932495,
      0.354957640171051,
      0.8412761092185974,
      -0.01895509660243988,
      0.9178577065467834,
      -0.3964565396308899
    ],
    "userAcceleration" : [
      -0.018421044573187828,
      0.030742287635803223,
      -0.014849543571472168
    ]
  },
  {
    "timestamp" : 235296618024,
    "gravity" : [
      0.01872820407152176,
      -0.9166165590286255,
      0.3993285000324249
    ],
    "rotationMatrix" : [
      -0.9154341220855713,
      -0.1763194501399994,
      -0.3617894947528839,
      -0.40203163027763367,
      0.35878342390060425,
      0.842404305934906,
      -0.018728196620941162,
      0.9166164994239807,
      -0.3993285298347473
    ],
    "userAcceleration" : [
      -0.012792548164725304,
      0.029684245586395264,
      0.01334536075592041
    ]
  },
  {
    "timestamp" : 235296628044,
    "gravity" : [
      0.018723048269748688,
      -0.9155660271644592,
      0.401731014251709
    ],
    "rotationMatrix" : [
      -0.9181098937988281,
      -0.17483818531036377,
      -0.3556758761405945,
      -0.395882785320282,
      0.36217424273490906,
      0.8438639640808105,
      -0.018723055720329285,
      0.915566086769104,
      -0.40173104405403137
    ],
    "userAcceleration" : [
      -0.016815727576613426,
      0.03133469820022583,
      0.02452307939529419
    ]
  },
  {
    "timestamp" : 235296638065,
    "gravity" : [
      0.01892654411494732,
      -0.9147087335586548,
      0.4036702513694763
    ],
    "rotationMatrix" : [
      -0.9207174777984619,
      -0.17334052920341492,
      -0.3496173024177551,
      -0.38977041840553284,
      0.36504924297332764,
      0.8454691171646118,
      -0.018926545977592468,
      0.9147087335586548,
      -0.40367019176483154
    ],
    "userAcceleration" : [
      -0.028081828728318214,
      0.028783440589904785,
      0.013215124607086182
    ]
  },
  {
    "timestamp" : 235296648085,
    "gravity" : [
      0.019332868978381157,
      -0.9140029549598694,
      0.4052464962005615
    ],
    "rotationMatrix" : [
      -0.9230864644050598,
      -0.17203310132026672,
      -0.34397047758102417,
      -0.3841058909893036,
      0.367427796125412,
      0.8470297455787659,
      -0.019332870841026306,
      0.9140029549598694,
      -0.40524646639823914
    ],
    "userAcceleration" : [
      -0.044219970703125,
      0.024202048778533936,
      -0.014987707138061523
    ]
  },
  {
    "timestamp" : 235296658105,
    "gravity" : [
      0.019853876903653145,
      -0.9134122133255005,
      0.4065511226654053
    ],
    "rotationMatrix" : [
      -0.9251259565353394,
      -0.17098449170589447,
      -0.33897823095321655,
      -0.37914079427719116,
      0.36938104033470154,
      0.8484160900115967,
      -0.019853875041007996,
      0.9134122133255005,
      -0.40655115246772766
    ],
    "userAcceleration" : [
      -0.055467914789915085,
      0.02365696430206299,
      -0.03803616762161255
    ]
  },
  {
    "timestamp" : 235296668126,
    "gravity" : [
      0.0203798096626997,
      -0.9129036664962769,
      0.40766584873199463
    ],
    "rotationMatrix" : [
      -0.9268367886543274,
      -0.17015251517295837,
      -0.3346959054470062,
      -0.37491050362586975,
      0.37101882696151733,
      0.8495805263519287,
      -0.02037981152534485,
      0.9129036664962769,
      -0.4076657295227051
    ],
    "userAcceleration" : [
      -0.05324726179242134,
      0.027222514152526855,
      -0.053753554821014404
    ]
  },
  {
    "timestamp" : 235296678146,
    "gravity" : [
      0.020797807723283768,
      -0.9124210476875305,
      0.40872323513031006
    ],
    "rotationMatrix" : [
      -0.928321123123169,
      -0.16940608620643616,
      -0.33093926310539246,
      -0.3711962401866913,
      0.3725441098213196,
      0.8505433201789856,
      -0.020797818899154663,
      0.9124210476875305,
      -0.40872329473495483
    ],
    "userAcceleration" : [
      -0.04660044610500336,
      0.041571736335754395,
      -0.05490264296531677
    ]
  },
  {
    "timestamp" : 235296688166,
    "gravity" : [
      0.021063221618533134,
      -0.911919116973877,
      0.40982872247695923
    ],
    "rotationMatrix" : [
      -0.9297927021980286,
      -0.16853803396224976,
      -0.3272308111190796,
      -0.3674798011779785,
      0.37416353821754456,
      0.8514459133148193,
      -0.021063223481178284,
      0.911919116973877,
      -0.40982869267463684
    ],
    "userAcceleration" : [
      -0.029135137796401978,
      0.056023240089416504,
      -0.04259553551673889
    ]
  },
  {
    "timestamp" : 235296698187,
    "gravity" : [
      0.021192705258727074,
      -0.9113813638687134,
      0.4110167622566223
    ],
    "rotationMatrix" : [
      -0.9314659833908081,
      -0.16735172271728516,
      -0.32305479049682617,
      -0.3632104992866516,
      0.37600186467170715,
      0.85246741771698,
      -0.021192699670791626,
      0.9113813638687134,
      -0.4110167920589447
    ],
    "userAcceleration" : [
      -0.00391978956758976,
      0.07213276624679565,
      -0.02142941951751709
    ]
  },
  {
    "timestamp" : 235296708207,
    "gravity" : [
      0.02117851749062538,
      -0.91086745262146,
      0.4121551513671875
    ],
    "rotationMatrix" : [
      -0.9334391951560974,
      -0.16567781567573547,
      -0.31818515062332153,
      -0.3581095039844513,
      0.3779832422733307,
      0.8537483215332031,
      -0.021178528666496277,
      0.91086745262146,
      -0.41215506196022034
    ],
    "userAcceleration" : [
      0.019928647205233574,
      0.07938557863235474,
      0.0052032470703125
    ]
  },
  {
    "timestamp" : 235296718227,
    "gravity" : [
      0.021125540137290955,
      -0.9104219675064087,
      0.41314101219177246
    ],
    "rotationMatrix" : [
      -0.9357379078865051,
      -0.16352170705795288,
      -0.3124980926513672,
      -0.3520626425743103,
      0.3799901008605957,
      0.8553708791732788,
      -0.02112552523612976,
      0.9104219675064087,
      -0.4131409525871277
    ],
    "userAcceleration" : [
      0.028679126873612404,
      0.08098483085632324,
      0.02332139015197754
    ]
  },
  {
    "timestamp" : 235296728248,
    "gravity" : [
      0.021057115867733955,
      -0.9100497364997864,
      0.41396379470825195
    ],
    "rotationMatrix" : [
      -0.9382567405700684,
      -0.16099214553833008,
      -0.30619552731513977,
      -0.3452981114387512,
      0.3819568157196045,
      0.8572503924369812,
      -0.02105712890625,
      0.9100497364997864,
      -0.41396379470825195
    ],
    "userAcceleration" : [
      0.024765007197856903,
      0.07234227657318115,
      0.023505687713623047
    ]
  },
  {
    "timestamp" : 235296738268,
    "gravity" : [
      0.02102615498006344,
      -0.9097946286201477,
      0.4145255386829376
    ],
    "rotationMatrix" : [
      -0.9408127069473267,
      -0.158290296792984,
      -0.29969191551208496,
      -0.3382735252380371,
      0.3836897611618042,
      0.8592747449874878,
      -0.02102614939212799,
      0.9097945690155029,
      -0.41452550888061523
    ],
    "userAcceleration" : [
      0.007584040984511375,
      0.059010446071624756,
      0.005426734685897827
    ]
  },
  {
    "timestamp" : 235296748288,
    "gravity" : [
      0.021060440689325333,
      -0.9096788763999939,
      0.414777547121048
    ],
    "rotationMatrix" : [
      -0.9432228207588196,
      -0.1556347906589508,
      -0.2934415340423584,
      -0.3314914405345917,
      0.3850480616092682,
      0.8613079190254211,
      -0.021060451865196228,
      0.9096788763999939,
      -0.414777547121048
    ],
    "userAcceleration" : [
      -0.020389065146446228,
      0.04241526126861572,
      -0.012479722499847412
    ]
  },
  {
    "timestamp" : 235296758309,
    "gravity" : [
      0.02118869125843048,
      -0.909687876701355,
      0.4147513508796692
    ],
    "rotationMatrix" : [
      -0.9453948140144348,
      -0.15318390727043152,
      -0.28768518567085266,
      -0.3252370059490204,
      0.38600844144821167,
      0.8632602691650391,
      -0.021188706159591675,
      0.909687876701355,
      -0.4147512912750244
    ],
    "userAcceleration" : [
      -0.032754868268966675,
      0.024235785007476807,
      -0.03544846177101135
    ]
  },
  {
    "timestamp" : 235296768329,
    "gravity" : [
      0.021495914086699486,
      -0.9097668528556824,
      0.4145627021789551
    ],
    "rotationMatrix" : [
      -0.9473501443862915,
      -0.15103968977928162,
      -0.28233784437179565,
      -0.31947702169418335,
      0.3866669237613678,
      0.8651145100593567,
      -0.021495923399925232,
      0.9097668528556824,
      -0.4145626723766327
    ],
    "userAcceleration" : [
      -0.03979121148586273,
      0.013496160507202148,
      -0.04974031448364258
    ]
  },
  {
    "timestamp" : 235296778349,
    "gravity" : [
      0.0219576358795166,
      -0.9098817110061646,
      0.41428616642951965
    ],
    "rotationMatrix" : [
      -0.9491380453109741,
      -0.14915913343429565,
      -0.2772873640060425,
      -0.3140932619571686,
      0.3871263265609741,
      0.8668786287307739,
      -0.021957650780677795,
      0.9098817110061646,
      -0.41428613662719727
    ],
    "userAcceleration" : [
      -0.033417001366615295,
      0.006958186626434326,
      -0.055567264556884766
    ]
  },
  {
    "timestamp" : 235296788370,
    "gravity" : [
      0.02235703356564045,
      -0.9100280404090881,
      0.41394299268722534
    ],
    "rotationMatrix" : [
      -0.9507880806922913,
      -0.14734025299549103,
      -0.27256637811660767,
      -0.3090335726737976,
      0.3874785900115967,
      0.8685381412506104,
      -0.022357046604156494,
      0.9100281000137329,
      -0.41394299268722534
    ],
    "userAcceleration" : [
      -0.025088375434279442,
      0.01638197898864746,
      -0.056826382875442505
    ]
  },
  {
    "timestamp" : 235296798390,
    "gravity" : [
      0.022564847022294998,
      -0.910157322883606,
      0.41364800930023193
    ],
    "rotationMatrix" : [
      -0.9523721933364868,
      -0.14542485773563385,
      -0.2680283188819885,
      -0.3041025996208191,
      0.38789862394332886,
      0.8700898885726929,
      -0.0225648432970047,
      0.910157322883606,
      -0.4136480689048767
    ],
    "userAcceleration" : [
      -0.010769816115498543,
      0.028702735900878906,
      -0.05111446976661682
    ]
  },
  {
    "timestamp" : 235296808410,
    "gravity" : [
      0.02259243093430996,
      -0.9101587533950806,
      0.413642555475235
    ],
    "rotationMatrix" : [
      -0.9539533853530884,
      -0.1434103101491928,
      -0.26344960927963257,
      -0.29910165071487427,
      0.3886442184448242,
      0.8714892864227295,
      -0.022592417895793915,
      0.9101587533950806,
      -0.4136425256729126
    ],
    "userAcceleration" : [
      -0.010797392576932907,
      0.028704524040222168,
      -0.051109135150909424
    ]
  },
  {
    "timestamp" : 235296818431,
    "gravity" : [
      0.02250792272388935,
      -0.9100610017776489,
      0.4138627350330353
    ],
    "rotationMatrix" : [
      -0.9555773735046387,
      -0.14127117395401,
      -0.2586783766746521,
      -0.2938799560070038,
      0.3896555006504059,
      0.8728134036064148,
      -0.0225079208612442,
      0.9100610613822937,
      -0.41386279463768005
    ],
    "userAcceleration" : [
      -0.010712899267673492,
      0.028606534004211426,
      -0.051329195499420166
    ]
  },
  {
    "timestamp" : 235296828451,
    "gravity" : [
      0.022326042875647545,
      -0.9099851250648499,
      0.41403910517692566
    ],
    "rotationMatrix" : [
      -0.9572352170944214,
      -0.13894525170326233,
      -0.2537606358528137,
      -0.28844720125198364,
      0.3906676471233368,
      0.8741720914840698,
      -0.022326037287712097,
      0.9099850654602051,
      -0.4140390455722809
    ],
    "userAcceleration" : [
      -0.0026727505028247833,
      0.021206557750701904,
      -0.029288768768310547
    ]
  },
  {
    "timestamp" : 235296838471,
    "gravity" : [
      0.022254494950175285,
      -0.9100280404090881,
      0.41394898295402527
    ],
    "rotationMatrix" : [
      -0.9589266180992126,
      -0.13654443621635437,
      -0.24862688779830933,
      -0.28277987241744995,
      0.3914135992527008,
      0.8756888508796692,
      -0.022254489362239838,
      0.9100280404090881,
      -0.4139489233493805
    ],
    "userAcceleration" : [
      0.0022205859422683716,
      0.01459646224975586,
      -0.003762185573577881
    ]
  },
  {
    "timestamp" : 235296848492,
    "gravity" : [
      0.022519558668136597,
      -0.9101668000221252,
      0.4136291742324829
    ],
    "rotationMatrix" : [
      -0.9606952667236328,
      -0.13420608639717102,
      -0.24300870299339294,
      -0.2766900062561035,
      0.3918992280960083,
      0.8774152994155884,
      -0.022519566118717194,
      0.91016685962677,
      -0.4136291742324829
    ],
    "userAcceleration" : [
      -0.004056453704833984,
      0.005595386028289795,
      0.00922238826751709
    ]
  },
  {
    "timestamp" : 235296858512,
    "gravity" : [
      0.02326209470629692,
      -0.9102889895439148,
      0.41331884264945984
    ],
    "rotationMatrix" : [
      -0.962528645992279,
      -0.13212350010871887,
      -0.23681505024433136,
      -0.2701793313026428,
      0.39232274889945984,
      0.8792530298233032,
      -0.02326209843158722,
      0.9102890491485596,
      -0.4133187234401703
    ],
    "userAcceleration" : [
      -0.013420205563306808,
      -0.007923722267150879,
      0.006435126066207886
    ]
  },
  {
    "timestamp" : 235296868532,
    "gravity" : [
      0.02448623813688755,
      -0.9103299379348755,
      0.4131581485271454
    ],
    "rotationMatrix" : [
      -0.9643453359603882,
      -0.1304459273815155,
      -0.23026442527770996,
      -0.26351141929626465,
      0.39278900623321533,
      0.881066620349884,
      -0.024486243724822998,
      0.9103298783302307,
      -0.4131581783294678
    ],
    "userAcceleration" : [
      -0.03693742677569389,
      -0.01964735984802246,
      -0.014919042587280273
    ]
  },
  {
    "timestamp" : 235296878553,
    "gravity" : [
      0.02593841962516308,
      -0.9103904366493225,
      0.41293618083000183
    ],
    "rotationMatrix" : [
      -0.9660220146179199,
      -0.12908706068992615,
      -0.22391480207443237,
      -0.2571546137332916,
