[
  {
    "userAcceleration" : [
      0.0359957218170166,
      0.019716739654541016,
      0.039349377155303955
    ],
    "timestamp" : 235336221280,
    "rotationMatrix" : [
      0.20413359999656677,
      -0.3716451823711395,
      0.9056540727615356,
      0.9740476608276367,
      0.1695132553577423,
      -0.14998775720596313,
      -0.0977780818939209,
      0.9127678275108337,
      0.39660346508026123
    ],
    "gravity" : [
      0.09777812659740448,
      -0.9127678275108337,
      -0.39660346508026123
    ]
  },
  {
    "userAcceleration" : [
      0.04225819557905197,
      0.013119518756866455,
      0.04325699806213379
    ],
    "timestamp" : 235336231300,
    "rotationMatrix" : [
      0.20619317889213562,
      -0.37412115931510925,
      0.9041668176651001,
      0.9737043380737305,
      0.16992530226707458,
      -0.15174022316932678,
      -0.09687149524688721,
      0.9116790294647217,
      0.39932090044021606
    ],
    "gravity" : [
      0.09687148779630661,
      -0.9116790294647217,
      -0.39932090044021606
    ]
  },
  {
    "userAcceleration" : [
      0.04169625788927078,
      0.013556480407714844,
      0.027295231819152832
    ],
    "timestamp" : 235336241321,
    "rotationMatrix" : [
      0.20864135026931763,
      -0.3767254054546356,
      0.9025224447250366,
      0.9732931852340698,
      0.17033734917640686,
      -0.1539006233215332,
      -0.0957549512386322,
      0.9105290174484253,
      0.402203768491745
    ],
    "gravity" : [
      0.0957549661397934,
      -0.9105290174484253,
      -0.402203768491745
    ]
  },
  {
    "userAcceleration" : [
      0.01539497822523117,
      0.003344118595123291,
      0.011242866516113281
    ],
    "timestamp" : 235336251341,
    "rotationMatrix" : [
      0.21156853437423706,
      -0.3791884779930115,
      0.9008079767227173,
      0.9727721810340881,
      0.17092612385749817,
      -0.15652039647102356,
      -0.0946209728717804,
      0.909395694732666,
      0.40502652525901794
    ],
    "gravity" : [
      0.09462094306945801,
      -0.909395694732666,
      -0.40502652525901794
    ]
  },
  {
    "userAcceleration" : [
      0.005907431244850159,
      -0.016387343406677246,
      0.007410824298858643
    ],
    "timestamp" : 235336261362,
    "rotationMatrix" : [
      0.2147398293018341,
      -0.38146698474884033,
      0.8990938663482666,
      0.9721763134002686,
      0.1717056930065155,
      -0.1593436896800995,
      -0.09359514713287354,
      0.9082951545715332,
      0.4077252149581909
    ],
    "gravity" : [
      0.09359517693519592,
      -0.9082951545715332,
      -0.4077252149581909
    ]
  },
  {
    "userAcceleration" : [
      0.00698157399892807,
      -0.028116285800933838,
      -0.0005122721195220947
    ],
    "timestamp" : 235336271382,
    "rotationMatrix" : [
      0.21836847066879272,
      -0.3835301995277405,
      0.8973402976989746,
      0.9714428782463074,
      0.17288631200790405,
      -0.16250836849212646,
      -0.09281095862388611,
      0.9072016477584839,
      0.4103306531906128
    ],
    "gravity" : [
      0.09281094372272491,
      -0.9072015881538391,
      -0.4103306829929352
    ]
  },
  {
    "userAcceleration" : [
      0.007716335356235504,
      -0.0323910117149353,
      -0.022999107837677002
    ],
    "timestamp" : 235336281403,
    "rotationMatrix" : [
      0.22144439816474915,
      -0.38552311062812805,
      0.8957312107086182,
      0.9707655906677246,
      0.17438119649887085,
      -0.16494083404541016,
      -0.09261021018028259,
      0.9060702323913574,
      0.4128682315349579
    ],
    "gravity" : [
      0.09261025488376617,
      -0.9060701727867126,
      -0.4128682613372803
    ]
  },
  {
    "userAcceleration" : [
      0.015040405094623566,
      -0.01834172010421753,
      -0.044589847326278687
    ],
    "timestamp" : 235336291423,
    "rotationMatrix" : [
      0.22351711988449097,
      -0.38762572407722473,
      0.8943077325820923,
      0.9702407121658325,
      0.17614924907684326,
      -0.16614565253257751,
      -0.09312918782234192,
      0.9048300981521606,
      0.4154626727104187
    ],
    "gravity" : [
      0.09312919527292252,
      -0.9048301577568054,
      -0.4154627025127411
    ]
  },
  {
    "userAcceleration" : [
      0.022513940930366516,
      0.0020080208778381348,
      -0.052440375089645386
    ],
    "timestamp" : 235336301444,
    "rotationMatrix" : [
      0.22412359714508057,
      -0.3900313973426819,
      0.893109142780304,
      0.9700002074241638,
      0.17782965302467346,
      -0.16575881838798523,
      -0.09417003393173218,
      0.9034665822982788,
      0.4181864559650421
    ],
    "gravity" : [
      0.09417006373405457,
      -0.9034665822982788,
      -0.4181864857673645
    ]
  },
  {
    "userAcceleration" : [
      0.036284059286117554,
      0.01247549057006836,
      -0.03929293155670166
    ],
    "timestamp" : 235336311465,
    "rotationMatrix" : [
      0.22394922375679016,
      -0.39267516136169434,
      0.8919938802719116,
      0.9699310064315796,
      0.17928722500801086,
      -0.16459041833877563,
      -0.09529253840446472,
      0.9020323157310486,
      0.4210190176963806
    ],
    "gravity" : [
      0.09529253095388412,
      -0.9020323157310486,
      -0.4210190176963806
    ]
  },
  {
    "userAcceleration" : [
      0.04311242699623108,
      0.012624740600585938,
      -0.016739368438720703
    ],
    "timestamp" : 235336321485,
    "rotationMatrix" : [
      0.2237159013748169,
      -0.39532437920570374,
      0.8908814191818237,
      0.9699012041091919,
      0.18045896291732788,
      -0.16348126530647278,
      -0.09613937139511108,
      0.9006403684616089,
      0.4237971901893616
    ],
    "gravity" : [
      0.0961393341422081,
      -0.9006403684616089,
      -0.4237971901893616
    ]
  },
  {
    "userAcceleration" : [
      0.04703911393880844,
      0.010564088821411133,
      -0.002305954694747925
    ],
    "timestamp" : 235336331506,
    "rotationMatrix" : [
      0.22325092554092407,
      -0.39788055419921875,
      0.8898594975471497,
      0.9699693918228149,
      0.1810840666294098,
      -0.16238147020339966,
      -0.09653091430664062,
      0.8993883728981018,
      0.42635926604270935
    ],
    "gravity" : [
      0.09653086960315704,
      -0.8993883728981018,
      -0.42635926604270935
    ]
  },
  {
    "userAcceleration" : [
      0.0479876771569252,
      0.01414179801940918,
      0.02188962697982788
    ],
    "timestamp" : 235336341526,
    "rotationMatrix" : [
      0.22334137558937073,
      -0.4001942574977875,
      0.8887985348701477,
      0.9699639081954956,
      0.18140271306037903,
      -0.16205769777297974,
      -0.09637576341629028,
      0.8982968926429749,
      0.4286889433860779
    ],
    "gravity" : [
      0.09637576341629028,
      -0.8982968926429749,
      -0.4286889433860779
    ]
  },
  {
    "userAcceleration" : [
      0.054883383214473724,
      0.004178941249847412,
      0.03948873281478882
    ],
    "timestamp" : 235336351547,
    "rotationMatrix" : [
      0.2240416407585144,
      -0.40233632922172546,
      0.8876546621322632,
      0.9698764085769653,
      0.1814168095588684,
      -0.16256552934646606,
      -0.09562936425209045,
      0.8973367810249329,
      0.4308614730834961
    ],
    "gravity" : [
      0.09562936425209045,
      -0.8973367810249329,
      -0.4308614730834961
    ]
  },
  {
    "userAcceleration" : [
      0.055522769689559937,
      -0.004812896251678467,
      0.048317670822143555
    ],
    "timestamp" : 235336361567,
    "rotationMatrix" : [
      0.22529339790344238,
      -0.4043968915939331,
      0.8864004611968994,
      0.9697058200836182,
      0.1812320351600647,
      -0.16378441452980042,
      -0.09441015124320984,
      0.8964474201202393,
      0.43297654390335083
    ],
    "gravity" : [
      0.09441014379262924,
      -0.8964473605155945,
      -0.43297654390335083
    ]
  },
  {
    "userAcceleration" : [
      0.03675351291894913,
      -0.0018302202224731445,
      0.04730895161628723
    ],
    "timestamp" : 235336371588,
    "rotationMatrix" : [
      0.2269001603126526,
      -0.40625616908073425,
      0.8851395845413208,
      0.9694638252258301,
      0.18103671073913574,
      -0.16542497277259827,
      -0.09303781390190125,
      0.8956458568572998,
      0.4349279999732971
    ],
    "gravity" : [
      0.09303779155015945,
      -0.8956458568572998,
      -0.4349279999732971
    ]
  },
  {
    "userAcceleration" : [
      0.0014821216464042664,
      -0.001454174518585205,
      0.049353986978530884
    ],
    "timestamp" : 235336381608,
    "rotationMatrix" : [
      0.22874242067337036,
      -0.4078921377658844,
      0.8839121460914612,
      0.9691522121429443,
      0.18100666999816895,
      -0.16727334260940552,
      -0.09176439046859741,
      0.8949080109596252,
      0.43671363592147827
    ],
    "gravity" : [
      0.09176438301801682,
      -0.8949080109596252,
      -0.4367136061191559
    ]
  },
  {
    "userAcceleration" : [
      0.0073556676506996155,
      -0.012708604335784912,
      0.0568619966506958
    ],
    "timestamp" : 235336391629,
    "rotationMatrix" : [
      0.23053210973739624,
      -0.40960386395454407,
      0.8826547861099243,
      0.9688500165939331,
      0.18095481395721436,
      -0.16907086968421936,
      -0.09046849608421326,
      0.8941364288330078,
      0.4385606646537781
    ],
    "gravity" : [
      0.09046848118305206,
      -0.8941364288330078,
      -0.4385606646537781
    ]
  },
  {
    "userAcceleration" : [
      0.02063640207052231,
      -0.021289944648742676,
      0.052197813987731934
    ],
    "timestamp" : 235336401649,
    "rotationMatrix" : [
      0.23252874612808228,
      -0.4115101993083954,
      0.8812432289123535,
      0.9685019254684448,
      0.18095433712005615,
      -0.1710536777973175,
      -0.08907434344291687,
      0.8932607173919678,
      0.4406256079673767
    ],
    "gravity" : [
      0.08907434344291687,
      -0.8932607173919678,
      -0.4406256079673767
    ]
  },
  {
    "userAcceleration" : [
      0.011917047202587128,
      -0.027482807636260986,
      0.037724852561950684
    ],
    "timestamp" : 235336411670,
    "rotationMatrix" : [
      0.23454010486602783,
      -0.413422554731369,
      0.8798139691352844,
      0.9681388139724731,
      0.1810261607170105,
      -0.1730218529701233,
      -0.08773815631866455,
      0.892362654209137,
      0.44270843267440796
    ],
    "gravity" : [
      0.08773815631866455,
      -0.8923627138137817,
      -0.44270843267440796
    ]
  },
  {
    "userAcceleration" : [
      0.005837269127368927,
      -0.03477513790130615,
      0.012668341398239136
    ],
    "timestamp" : 235336421690,
    "rotationMatrix" : [
      0.23600047826766968,
      -0.41513922810554504,
      0.8786142468452454,
      0.9678713083267212,
      0.18115073442459106,
      -0.17438283562660217,
      -0.08676838874816895,
      0.8915400505065918,
      0.4445531368255615
    ],
    "gravity" : [
      0.08676836639642715,
      -0.8915400505065918,
      -0.4445531368255615
    ]
  },
  {
    "userAcceleration" : [
      0.009713463485240936,
      -0.01941913366317749,
      -0.013349354267120361
    ],
    "timestamp" : 235336431711,
    "rotationMatrix" : [
      0.2365058809518814,
      -0.4165475368499756,
      0.8778115510940552,
      0.9678012132644653,
      0.1811182200908661,
      -0.17480549216270447,
      -0.08617278933525085,
      0.8908895254135132,
      0.4459707736968994
    ],
    "gravity" : [
      0.08617281913757324,
      -0.890889585018158,
      -0.4459707736968994
    ]
  },
  {
    "userAcceleration" : [
      0.0086931511759758,
      -0.010184943675994873,
      -0.005772769451141357
    ],
    "timestamp" : 235336441731,
    "rotationMatrix" : [
      0.23638711869716644,
      -0.4175809323787689,
      0.8773523569107056,
      0.9678655862808228,
      0.180901437997818,
      -0.1746731996536255,
      -0.08577403426170349,
      0.8904497623443604,
      0.4469250440597534
    ],
    "gravity" : [
      0.08577406406402588,
      -0.8904497623443604,
      -0.4469250440597534
    ]
  },
  {
    "userAcceleration" : [
      0.004742048680782318,
      -0.01141124963760376,
      0.030975371599197388
    ],
    "timestamp" : 235336451752,
    "rotationMatrix" : [
      0.23611842095851898,
      -0.4184104800224304,
      0.8770293593406677,
      0.9679649472236633,
      0.18058881163597107,
      -0.1744457185268402,
      -0.08539164066314697,
      0.8901236057281494,
      0.4476471543312073
    ],
    "gravity" : [
      0.08539166301488876,
      -0.8901236057281494,
      -0.4476471543312073
    ]
  },
  {
    "userAcceleration" : [
      0.021351054310798645,
      -0.03371948003768921,
      0.09759491682052612
    ],
    "timestamp" : 235336461773,
    "rotationMatrix" : [
      0.23677241802215576,
      -0.4192509353160858,
      0.8764515519142151,
      0.9678500890731812,
      0.1805938482284546,
      -0.17507648468017578,
      -0.08488070964813232,
      0.8897271156311035,
      0.4485318660736084
    ],
    "gravity" : [
      0.08488068729639053,
      -0.8897271156311035,
      -0.4485318660736084
    ]
  },
  {
    "userAcceleration" : [
      0.022020556032657623,
      -0.03435641527175903,
      0.09898209571838379
    ],
    "timestamp" : 235336471793,
    "rotationMatrix" : [
      0.23834307491779327,
      -0.4204435348510742,
      0.8754539489746094,
      0.9675230979919434,
      0.1809581220149994,
      -0.17650240659713745,
      -0.08421120047569275,
      0.8890901207923889,
      0.44991904497146606
    ],
    "gravity" : [
      0.08421118557453156,
      -0.8890901207923889,
      -0.4499190151691437
    ]
  },
  {
    "userAcceleration" : [
      0.02271605283021927,
      -0.035372793674468994,
      0.10111391544342041
    ],
    "timestamp" : 235336481814,
    "rotationMatrix" : [
      0.2405480295419693,
      -0.4222542941570282,
      0.8739781379699707,
      0.967037558555603,
      0.18173089623451233,
      -0.17835941910743713,
      -0.08351567387580872,
      0.8880738019943237,
      0.4520508646965027
    ],
    "gravity" : [
      0.08351568877696991,
      -0.8880738019943237,
      -0.4520508348941803
    ]
  },
  {
    "userAcceleration" : [
      0.02403891086578369,
      -0.025977015495300293,
      0.06953960657119751
    ],
    "timestamp" : 235336491834,
    "rotationMatrix" : [
      0.24271798133850098,
      -0.42477336525917053,
      0.8721556663513184,
      0.9665539264678955,
      0.1826564371585846,
      -0.18002799153327942,
      -0.08283370733261108,
      0.8866815567016602,
      0.4549004137516022
    ],
    "gravity" : [
      0.08283369988203049,
      -0.8866815567016602,
      -0.4549004137516022
    ]
  },
  {
    "userAcceleration" : [
      0.036087557673454285,
      -0.018257558345794678,
      0.022962570190429688
    ],
    "timestamp" : 235336501855,
    "rotationMatrix" : [
      0.24473413825035095,
      -0.4276520311832428,
      0.8701832294464111,
      0.9660996198654175,
      0.18363997340202332,
      -0.18146005272865295,
      -0.08219859004020691,
      0.8850932121276855,
      0.45809751749038696
    ],
    "gravity" : [
      0.0821986272931099,
      -0.8850932121276855,
      -0.45809751749038696
    ]
  },
  {
    "userAcceleration" : [
      0.042185716331005096,
      -0.01904982328414917,
      -0.033967167139053345
    ],
    "timestamp" : 235336511875,
    "rotationMatrix" : [
      0.24597392976284027,
      -0.4303227663040161,
      0.8685153722763062,
      0.9658036231994629,
      0.1845937967300415,
      -0.18206647038459778,
      -0.08197513222694397,
      0.883599042892456,
      0.46101272106170654
    ],
    "gravity" : [
      0.08197509497404099,
      -0.8835989832878113,
      -0.46101272106170654
    ]
  },
  {
    "userAcceleration" : [
      0.04137913137674332,
      -0.004359185695648193,
      -0.07933175563812256
    ],
    "timestamp" : 235336521896,
    "rotationMatrix" : [
      0.24639636278152466,
      -0.4321870505809784,
      0.8674694299697876,
      0.9656664133071899,
      0.1855091154575348,
      -0.18186470866203308,
      -0.08232393860816956,
      0.8824968338012695,
      0.4630572497844696
    ],
    "gravity" : [
      0.08232393115758896,
      -0.8824968934059143,
      -0.4630572497844696
    ]
  },
  {
    "userAcceleration" : [
      0.04392006993293762,
      0.017240285873413086,
      -0.07720828056335449
    ],
    "timestamp" : 235336531916,
    "rotationMatrix" : [
      0.24737069010734558,
      -0.43287989497184753,
      0.8668464422225952,
      0.9653656482696533,
      0.1866808831691742,
      -0.18226155638694763,
      -0.08292630314826965,
      0.881909966468811,
      0.4640668034553528
    ],
    "gravity" : [
      0.08292629569768906,
      -0.8819100260734558,
      -0.4640668034553528
    ]
  },
  {
    "userAcceleration" : [
      0.06828919053077698,
      0.013604342937469482,
      -0.04181098937988281
    ],
    "timestamp" : 235336541937,
    "rotationMatrix" : [
      0.24679754674434662,
      -0.4331049621105194,
      0.866897463798523,
      0.9654902219772339,
      0.18668392300605774,
      -0.18159809708595276,
      -0.0831848680973053,
      0.8817989826202393,
      0.46423161029815674
    ],
    "gravity" : [
      0.0831848606467247,
      -0.8817989230155945,
      -0.4642316401004791
    ]
  },
  {
    "userAcceleration" : [
      0.09322400391101837,
      0.006658375263214111,
      -0.0029946565628051758
    ],
    "timestamp" : 235336551957,
    "rotationMatrix" : [
      0.24580861628055573,
      -0.4329966902732849,
      0.8672323226928711,
      0.9657648205757141,
      0.18593934178352356,
      -0.18089976906776428,
      -0.08292350172996521,
      0.8820092678070068,
      0.4638785719871521
    ],
    "gravity" : [
      0.0829235091805458,
      -0.8820092082023621,
      -0.4638785421848297
    ]
  },
  {
    "userAcceleration" : [
      0.08612795919179916,
      0.014070391654968262,
      0.04464101791381836
    ],
    "timestamp" : 235336561978,
    "rotationMatrix" : [
      0.24459029734134674,
      -0.4328937530517578,
      0.8676280379295349,
      0.9661418199539185,
      0.18459919095039368,
      -0.1802581250667572,
      -0.0821307897567749,
      0.8823411464691162,
      0.46338802576065063
    ],
    "gravity" : [
      0.08213075995445251,
      -0.882341206073761,
      -0.46338802576065063
    ]
  },
  {
    "userAcceleration" : [
      0.06263712793588638,
      -0.01002645492553711,
      0.050036847591400146
    ],
    "timestamp" : 235336571998,
    "rotationMatrix" : [
      0.2433493733406067,
      -0.4329429566860199,
      0.8679524660110474,
      0.9665651321411133,
      0.18281301856040955,
      -0.17980867624282837,
      -0.0808260440826416,
      0.8826889395713806,
      0.4629550278186798
    ],
    "gravity" : [
      0.0808260589838028,
      -0.8826889395713806,
      -0.4629550278186798
    ]
  },
  {
    "userAcceleration" : [
      0.06424475461244583,
      -0.009675204753875732,
      0.0496448278427124
    ],
    "timestamp" : 235336582019,
    "rotationMatrix" : [
      0.24201489984989166,
      -0.4331020414829254,
      0.8682461977005005,
      0.9670332670211792,
      0.1807282269001007,
      -0.1793992519378662,
      -0.07921841740608215,
      0.883040189743042,
      0.4625629782676697
    ],
    "gravity" : [
      0.07921843230724335,
      -0.883040189743042,
      -0.4625629484653473
    ]
  },
  {
    "userAcceleration" : [
      0.032492496073246,
      -0.04129308462142944,
      0.031016558408737183
    ],
    "timestamp" : 235336592040,
    "rotationMatrix" : [
      0.2406700849533081,
      -0.4331318736076355,
      0.8686048984527588,
      0.967490017414093,
      0.17871412634849548,
      -0.17895251512527466,
      -0.07772180438041687,
      0.8834351897239685,
      0.4620620906352997
    ],
    "gravity" : [
      0.07772178202867508,
      -0.8834351897239685,
      -0.46206212043762207
    ]
  },
  {
    "userAcceleration" : [
      0.016861721873283386,
      -0.06920486688613892,
      -0.00039756298065185547
    ],
    "timestamp" : 235336602060,
    "rotationMatrix" : [
      0.2398729920387268,
      -0.43262097239494324,
      0.8690799474716187,
      0.9677534103393555,
      0.17747488617897034,
      -0.17876207828521729,
      -0.0769035816192627,
      0.8839353322982788,
      0.4612419307231903
    ],
    "gravity" : [
      0.07690358906984329,
      -0.8839353322982788,
      -0.4612419307231903
    ]
  },
  {
    "userAcceleration" : [
      0.01183880865573883,
      -0.06812244653701782,
      -0.03379189968109131
    ],
    "timestamp" : 235336612081,
    "rotationMatrix" : [
      0.23794081807136536,
      -0.43173354864120483,
      0.8700518608093262,
      0.968209445476532,
      0.1765977442264557,
      -0.17715421319007874,
      -0.07716575264930725,
      0.8845447301864624,
      0.46002835035324097
    ],
    "gravity" : [
      0.07716576009988785,
      -0.8845447301864624,
      -0.4600283205509186
    ]
  },
  {
    "userAcceleration" : [
      0.017411522567272186,
      -0.028245091438293457,
      -0.0352148711681366
    ],
    "timestamp" : 235336622101,
    "rotationMatrix" : [
      0.23490671813488007,
      -0.430667906999588,
      0.8714033365249634,
      0.9688658714294434,
      0.17587947845458984,
      -0.1742560863494873,
      -0.0782153308391571,
      0.885206937789917,
      0.4585748314857483
    ],
    "gravity" : [
      0.0782153531908989,
      -0.885206937789917,
      -0.4585748314857483
    ]
  },
  {
    "userAcceleration" : [
      0.04862544685602188,
      -0.005290687084197998,
      0.004384934902191162
    ],
    "timestamp" : 235336632122,
    "rotationMatrix" : [
      0.23079000413417816,
      -0.4297568202018738,
      0.8729519844055176,
      0.9697614312171936,
      0.17477571964263916,
      -0.17034175992012024,
      -0.07936528325080872,
      0.8858683109283447,
      0.45709800720214844
    ],
    "gravity" : [
      0.0793653279542923,
      -0.8858682513237,
      -0.45709800720214844
    ]
  },
  {
    "userAcceleration" : [
      0.0708109438419342,
      0.0004233717918395996,
      0.05512052774429321
    ],
    "timestamp" : 235336642142,
    "rotationMatrix" : [
      0.22660037875175476,
      -0.4290420711040497,
      0.8743999600410461,
      0.9706950187683105,
      0.1732388138771057,
      -0.16655215620994568,
      -0.08002221584320068,
      0.8865164518356323,
      0.4557248651981354
    ],
    "gravity" : [
      0.08002223819494247,
      -0.8865164518356323,
      -0.455724835395813
    ]
  },
  {
    "userAcceleration" : [
      0.08334628492593765,
      -0.0046569108963012695,
      0.08444765210151672
    ],
    "timestamp" : 235336652163,
    "rotationMatrix" : [
      0.2231791615486145,
      -0.4284108877182007,
      0.8755884170532227,
      0.9715003967285156,
      0.1713482141494751,
      -0.1637883186340332,
      -0.07986173033714294,
      0.8871886730194092,
      0.4544427990913391
    ],
    "gravity" : [
      0.07986177504062653,
      -0.8871886730194092,
      -0.4544427990913391
    ]
  },
  {
    "userAcceleration" : [
      0.07516370713710785,
      -0.016406238079071045,
      0.08549734950065613
    ],
    "timestamp" : 235336662183,
    "rotationMatrix" : [
      0.22051431238651276,
      -0.4277476370334625,
      0.8765872120857239,
      0.972184419631958,
      0.1691177785396576,
      -0.16203835606575012,
      -0.07893484830856323,
      0.8879363536834717,
      0.4531426429748535
    ],
    "gravity" : [
      0.07893484830856323,
      -0.8879362940788269,
      -0.45314261317253113
    ]
  },
  {
    "userAcceleration" : [
      0.05214428901672363,
      -0.03371584415435791,
      0.062205731868743896
    ],
    "timestamp" : 235336672204,
    "rotationMatrix" : [
      0.2186860889196396,
      -0.4267919361591339,
      0.877510666847229,
      0.9727083444595337,
      0.1668199598789215,
      -0.1612747311592102,
      -0.07755544781684875,
      0.8888304829597473,
      0.45162534713745117
    ],
    "gravity" : [
      0.07755547016859055,
      -0.8888304829597473,
      -0.45162534713745117
    ]
  },
  {
    "userAcceleration" : [
      0.028566285967826843,
      -0.051619529724121094,
      0.032178282737731934
    ],
    "timestamp" : 235336682224,
    "rotationMatrix" : [
      0.21695441007614136,
      -0.42538657784461975,
      0.87862229347229,
      0.973212718963623,
      0.16439974308013916,
      -0.16071677207946777,
      -0.07607853412628174,
      0.8899545669555664,
      0.4496588110923767
    ],
    "gravity" : [
      0.07607854157686234,
      -0.8899545073509216,
      -0.4496588110923767
    ]
  },
  {
    "userAcceleration" : [
      0.01951652020215988,
      -0.05589914321899414,
      0.005383104085922241
    ],
    "timestamp" : 235336692245,
    "rotationMatrix" : [
      0.2148919701576233,
      -0.4234638214111328,
      0.8800565600395203,
      0.9737668037414551,
      0.16194364428520203,
      -0.15985026955604553,
      -0.0748286247253418,
      0.8913205862045288,
      0.447155624628067
    ],
    "gravity" : [
      0.0748286172747612,
      -0.8913205862045288,
      -0.447155624628067
    ]
  },
  {
    "userAcceleration" : [
      0.017891697585582733,
      -0.043793439865112305,
      -0.006370365619659424
    ],
    "timestamp" : 235336702265,
    "rotationMatrix" : [
      0.21258893609046936,
      -0.42107346653938293,
      0.8817611932754517,
      0.9743392467498779,
      0.1596405804157257,
      -0.1586746871471405,
      -0.07395097613334656,
      0.8928670883178711,
      0.4442064166069031
    ],
    "gravity" : [
      0.07395099848508835,
      -0.8928670883178711,
      -0.4442064166069031
    ]
  },
  {
    "userAcceleration" : [
      0.030867815017700195,
      -0.026963114738464355,
      -0.0009994208812713623
    ],
    "timestamp" : 235336712286,
    "rotationMatrix" : [
      0.20913705229759216,
      -0.4187059998512268,
      0.8837119340896606,
      0.9751268029212952,
      0.15713578462600708,
      -0.1563194990158081,
      -0.07341077923774719,
      0.8944234848022461,
      0.44115450978279114
    ],
    "gravity" : [
      0.07341079413890839,
      -0.8944234848022461,
      -0.4411545395851135
    ]
  },
  {
    "userAcceleration" : [
      0.04764189571142197,
      -0.0018212199211120605,
      0.020102977752685547
    ],
    "timestamp" : 235336722307,
    "rotationMatrix" : [
      0.2047252655029297,
      -0.41667264699935913,
      0.885703980922699,
      0.9760951399803162,
      0.15437206625938416,
      -0.1529955267906189,
      -0.0729789137840271,
      0.8958533406257629,
      0.4383159577846527
    ],
    "gravity" : [
      0.07297889143228531,
      -0.8958533406257629,
      -0.4383159577846527
    ]
  },
  {
    "userAcceleration" : [
      0.0618438720703125,
      0.011145174503326416,
      0.05778425931930542
    ],
    "timestamp" : 235336732327,
    "rotationMatrix" : [
      0.1990910768508911,
      -0.4152316153049469,
      0.887662947177887,
      0.9773015975952148,
      0.15106317400932312,
      -0.14853143692016602,
      -0.07241827249526978,
      0.8970856666564941,
      0.4358818233013153
    ],
    "gravity" : [
      0.07241826504468918,
      -0.8970856070518494,
      -0.4358818233013153
    ]
  },
  {
    "userAcceleration" : [
      0.0725778341293335,
      0.00403285026550293,
      0.0998319685459137
    ],
    "timestamp" : 235336742348,
    "rotationMatrix" : [
      0.19364342093467712,
      -0.4144023656845093,
      0.8892540335655212,
      0.9784733057022095,
      0.1475057601928711,
      -0.1443323791027069,
      -0.071358323097229,
      0.8980604410171509,
      0.43404528498649597
    ],
    "gravity" : [
      0.07135836780071259,
      -0.8980604410171509,
      -0.4340452551841736
    ]
  },
  {
    "userAcceleration" : [
      0.07482091337442398,
      -0.00567173957824707,
      0.12775123119354248
    ],
    "timestamp" : 235336752368,
    "rotationMatrix" : [
      0.18840914964675903,
      -0.414342999458313,
      0.8904054164886475,
      0.979629635810852,
      0.14343416690826416,
      -0.14054295420646667,
      -0.06948152184486389,
      0.8987470865249634,
      0.43292707204818726
    ],
    "gravity" : [
      0.0694815069437027,
      -0.8987471461296082,
      -0.43292707204818726
    ]
  },
  {
    "userAcceleration" : [
      0.07209625095129013,
      -0.023890137672424316,
      0.12756097316741943
    ],
    "timestamp" : 235336762389,
    "rotationMatrix" : [
      0.1839938759803772,
      -0.41483885049819946,
      0.8910976648330688,
      0.9806639552116394,
      0.13896334171295166,
      -0.13779503107070923,
      -0.06666722893714905,
      0.8992207646369934,
      0.4323858618736267
    ],
    "gravity" : [
      0.06666722893714905,
      -0.8992207646369934,
      -0.4323858618736267
    ]
  },
  {
    "userAcceleration" : [
      0.0610949769616127,
      -0.04917365312576294,
      0.10276007652282715
    ],
    "timestamp" : 235336772409,
    "rotationMatrix" : [
      0.1808662712574005,
      -0.41535553336143494,
      0.891497015953064,
      0.9814815521240234,
      0.1343788206577301,
      -0.1365140676498413,
      -0.06309637427330017,
      0.8996788263320923,
      0.4319685101509094
    ],
    "gravity" : [
      0.06309635937213898,
      -0.8996787667274475,
      -0.4319685399532318
    ]
  },
  {
    "userAcceleration" : [
      0.03228846192359924,
      -0.06555688381195068,
      0.053728461265563965
    ],
    "timestamp" : 235336782430,
    "rotationMatrix" : [
      0.17850342392921448,
      -0.4154151380062103,
      0.891945481300354,
      0.9821619987487793,
      0.12968704104423523,
      -0.13615775108337402,
      -0.05911174416542053,
      0.9003396034240723,
      0.43115460872650146
    ],
    "gravity" : [
      0.059111736714839935,
      -0.9003396034240723,
      -0.43115463852882385
    ]
  },
  {
    "userAcceleration" : [
      0.010738156735897064,
      -0.07345670461654663,
      0.00510600209236145
    ],
    "timestamp" : 235336792450,
    "rotationMatrix" : [
      0.17643412947654724,
      -0.4148179292678833,
      0.8926347494125366,
      0.9827678203582764,
      0.12501966953277588,
      -0.13615119457244873,
      -0.05511879920959473,
      0.901274561882019,
      0.4297276437282562
    ],
    "gravity" : [
      0.055118829011917114,
      -0.9012746214866638,
      -0.4297276437282562
    ]
  },
  {
    "userAcceleration" : [
      0.0017983466386795044,
      -0.07056021690368652,
      -0.03308755159378052
    ],
    "timestamp" : 235336802471,
    "rotationMatrix" : [
      0.1744687557220459,
      -0.41362646222114563,
      0.893573522567749,
      0.9833213090896606,
      0.12054106593132019,
      -0.13619455695152283,
      -0.051378607749938965,
      0.9024316072463989,
      0.42775842547416687
    ],
    "gravity" : [
      0.051378585398197174,
      -0.9024316668510437,
      -0.42775845527648926
    ]
  },
  {
    "userAcceleration" : [
      0.002171352505683899,
      -0.057473063468933105,
      -0.05333182215690613
    ],
    "timestamp" : 235336812491,
    "rotationMatrix" : [
      0.1710568368434906,
      -0.4123651385307312,
      0.8948153257369995,
      0.9840837121009827,
      0.1158936619758606,
      -0.1347135305404663,
      -0.04815217852592468,
      0.9036169052124023,
      0.42562630772590637
    ],
    "gravity" : [
      0.04815218597650528,
      -0.9036169052124023,
      -0.42562633752822876
    ]
  },
  {
    "userAcceleration" : [
      -0.004258275032043457,
      -0.04092848300933838,
      -0.053623735904693604
    ],
    "timestamp" : 235336822512,
    "rotationMatrix" : [
      0.16668230295181274,
      -0.4112933278083801,
      0.8961331844329834,
      0.9849614500999451,
      0.11136779189109802,
      -0.13209059834480286,
      -0.045472294092178345,
      0.9046739339828491,
      0.42367127537727356
    ],
    "gravity" : [
      0.045472320169210434,
      -0.9046738743782043,
      -0.42367124557495117
    ]
  },
  {
    "userAcceleration" : [
      -0.010289229452610016,
      -0.03642827272415161,
      -0.04497724771499634
    ],
    "timestamp" : 235336832532,
    "rotationMatrix" : [
      0.1608586609363556,
      -0.4105834662914276,
      0.8975220918655396,
      0.9860167503356934,
      0.10696661472320557,
      -0.12778586149215698,
      -0.043538182973861694,
      0.9055271744728088,
      0.4220485985279083
    ],
    "gravity" : [
      0.04353818669915199,
      -0.9055271744728088,
      -0.42204856872558594
    ]
  },
  {
    "userAcceleration" : [
      -0.020906180143356323,
      -0.041673123836517334,
      -0.021838247776031494
    ],
    "timestamp" : 235336842553,
    "rotationMatrix" : [
      0.15397077798843384,
      -0.4103055000305176,
      0.8988561630249023,
      0.9871670007705688,
      0.10287889838218689,
      -0.12213650345802307,
      -0.042360126972198486,
      0.9061266183853149,
      0.42088034749031067
    ],
    "gravity" : [
      0.0423600971698761,
      -0.9061266183853149,
      -0.42088037729263306
    ]
  },
  {
    "userAcceleration" : [
      -0.005274210125207901,
      -0.03889542818069458,
      0.008149862289428711
    ],
    "timestamp" : 235336852574,
    "rotationMatrix" : [
      0.14640775322914124,
      -0.4105794131755829,
      0.8999939560890198,
      0.9883533716201782,
      0.09888005256652832,
      -0.11567232012748718,
      -0.041498661041259766,
      0.9064474105834961,
      0.4202745258808136
    ],
    "gravity" : [
      0.04149863123893738,
      -0.9064475297927856,
      -0.4202745258808136
    ]
  },
  {
    "userAcceleration" : [
      0.019355077296495438,
      -0.041026532649993896,
      0.033665090799331665
    ],
    "timestamp" : 235336862594,
    "rotationMatrix" : [
      0.13851919770240784,
      -0.41136816143989563,
      0.9008819460868835,
      0.9895340204238892,
      0.09462344646453857,
      -0.10894247889518738,
      -0.04042893648147583,
      0.9065440893173218,
      0.42017021775245667
    ],
    "gravity" : [
      0.04042891412973404,
      -0.9065440893173218,
      -0.42017024755477905
    ]
  },
  {
    "userAcceleration" : [
      0.02584420144557953,
      -0.04515206813812256,
      0.03495761752128601
    ],
    "timestamp" : 235336872615,
    "rotationMatrix" : [
      0.1313190758228302,
      -0.4123411178588867,
      0.9015152454376221,
      0.9905729293823242,
      0.09034639596939087,
      -0.10296833515167236,
      -0.03899046778678894,
      0.9065384864807129,
      0.4203183352947235
    ],
    "gravity" : [
      0.03899044543504715,
      -0.9065384864807129,
      -0.4203183352947235
    ]
  },
  {
    "userAcceleration" : [
      0.029191534966230392,
      -0.035513877868652344,
      0.01188129186630249
    ],
    "timestamp" : 235336882635,
    "rotationMatrix" : [
      0.1241503655910492,
      -0.4132244884967804,
      0.9021264910697937,
      0.991564154624939,
      0.08579146862030029,
      -0.09716147184371948,
      -0.03724527359008789,
      0.9065789580345154,
      0.4203896224498749
    ],
    "gravity" : [
      0.03724529221653938,
      -0.9065788984298706,
      -0.4203896224498749
    ]
  },
  {
    "userAcceleration" : [
      0.03041844815015793,
      -0.02958303689956665,
      -0.013478726148605347
    ],
    "timestamp" : 235336892656,
    "rotationMatrix" : [
      0.11654683947563171,
      -0.41386136412620544,
      0.902848482131958,
      0.9925503730773926,
      0.08102637529373169,
      -0.090984046459198,
      -0.03549954295158386,
      0.9067266583442688,
      0.42022183537483215
    ],
    "gravity" : [
      0.03549957275390625,
      -0.906726598739624,
      -0.42022183537483215
    ]
  },
  {
    "userAcceleration" : [
      0.008865531533956528,
      -0.019864141941070557,
      -0.017292916774749756
    ],
    "timestamp" : 235336902676,
    "rotationMatrix" : [
      0.10820138454437256,
      -0.4143228232860565,
      0.9036751985549927,
      0.9935547113418579,
      0.07595944404602051,
      -0.08413669466972351,
      -0.03378283977508545,
      0.9069545269012451,
      0.41987144947052
    ],
    "gravity" : [
      0.03378284350037575,
      -0.9069545865058899,
      -0.41987144947052
    ]
  },
  {
    "userAcceleration" : [
      0.0014473497867584229,
      -0.011733174324035645,
      0.0038872957229614258
    ],
    "timestamp" : 235336912697,
    "rotationMatrix" : [
      0.09931135177612305,
      -0.4147184491157532,
      0.9045141935348511,
      0.9945442080497742,
      0.07053259015083313,
      -0.07685717940330505,
      -0.03192368149757385,
      0.9072121381759644,
      0.4194604456424713
    ],
    "gravity" : [
      0.031923677772283554,
      -0.9072120785713196,
      -0.4194604754447937
    ]
  },
  {
    "userAcceleration" : [
      0.006690097972750664,
      -0.011400401592254639,
      0.031311094760894775
    ],
    "timestamp" : 235336922717,
    "rotationMatrix" : [
      0.0911969542503357,
      -0.41512638330459595,
      0.905181348323822,
      0.9953861832618713,
      0.06522238254547119,
      -0.07037338614463806,
      -0.029824256896972656,
      0.9074227809906006,
      0.4191591143608093
    ],
    "gravity" : [
      0.02982424758374691,
      -0.9074228405952454,
      -0.4191591143608093
    ]
  },
  {
    "userAcceleration" : [
      0.0017441827803850174,
      -0.017829418182373047,
      0.06090199947357178
    ],
    "timestamp" : 235336932738,
    "rotationMatrix" : [
      0.08323311805725098,
      -0.41567447781562805,
      0.9056969881057739,
      0.9961546659469604,
      0.059652894735336304,
      -0.06416812539100647,
      -0.027354419231414795,
      0.907555103302002,
      0.41904112696647644
    ],
    "gravity" : [
      0.027354389429092407,
      -0.907555103302002,
      -0.41904112696647644
    ]
  },
  {
    "userAcceleration" : [
      0.00942465290427208,
      -0.02940523624420166,
      0.07036995887756348
    ],
    "timestamp" : 235336942758,
    "rotationMatrix" : [
      0.07662397623062134,
      -0.4162449538707733,
      0.9060182571411133,
      0.9967625141143799,
      0.05417826771736145,
      -0.0594078004360199,
      -0.024358361959457397,
      0.9076370000839233,
      0.41904863715171814
    ],
    "gravity" : [
      0.024358367547392845,
      -0.9076370596885681,
      -0.41904863715171814
    ]
  },
  {
    "userAcceleration" : [
      0.020801743492484093,
      -0.047221243381500244,
      0.0541703999042511
    ],
    "timestamp" : 235336952779,
    "rotationMatrix" : [
      0.07150048017501831,
      -0.41673943400382996,
      0.9062095880508423,
      0.9972192049026489,
      0.04900190234184265,
      -0.05614656209945679,
      -0.021007388830184937,
      0.9077041745185852,
      0.4190843403339386
    ],
    "gravity" : [
      0.021007396280765533,
      -0.9077041745185852,
      -0.4190843403339386
    ]
  },
  {
    "userAcceleration" : [
      0.023120077326893806,
      -0.049036383628845215,
      0.011290878057479858
    ],
    "timestamp" : 235336962800,
    "rotationMatrix" : [
      0.06680119037628174,
      -0.41703569889068604,
      0.9064317345619202,
      0.9976108074188232,
      0.04394650459289551,
      -0.05330157279968262,
      -0.017605721950531006,
      0.907826840877533,
      0.41897523403167725
    ],
    "gravity" : [
      0.01760568656027317,
      -0.907826840877533,
      -0.41897523403167725
    ]
  },
