[
  {
    "timestamp" : 235386358140,
    "gravity" : [
      0.13954047858715057,
      -0.9703598618507385,
      0.197306826710701
    ],
    "rotationMatrix" : [
      -0.6240835785865784,
      -0.2408829629421234,
      -0.7432999610900879,
      -0.7687963247299194,
      0.019415706396102905,
      0.6391986608505249,
      -0.139540433883667,
      0.9703598022460938,
      -0.19730684161186218
    ],
    "userAcceleration" : [
      0.02855028212070465,
      0.007164180278778076,
      0.020359739661216736
    ]
  },
  {
    "timestamp" : 235386368160,
    "gravity" : [
      0.13848581910133362,
      -0.9710174202919006,
      0.1947994828224182
    ],
    "rotationMatrix" : [
      -0.619695246219635,
      -0.23839175701141357,
      -0.7477613687515259,
      -0.7725279331207275,
      0.01716199517250061,
      0.6347487568855286,
      -0.13848581910133362,
      0.9710174202919006,
      -0.19479945302009583
    ],
    "userAcceleration" : [
      0.043002158403396606,
      0.018945276737213135,
      0.0222262442111969
    ]
  },
  {
    "timestamp" : 235386378181,
    "gravity" : [
      0.13703638315200806,
      -0.971627414226532,
      0.1927720159292221
    ],
    "rotationMatrix" : [
      -0.6151836514472961,
      -0.23600757122039795,
      -0.7522295713424683,
      -0.776382565498352,
      0.015507519245147705,
      0.6300710439682007,
      -0.13703641295433044,
      0.9716274738311768,
      -0.1927720308303833
    ],
    "userAcceleration" : [
      0.05055512487888336,
      0.027093172073364258,
      0.0266493558883667
    ]
  },
  {
    "timestamp" : 235386388202,
    "gravity" : [
      0.13510440289974213,
      -0.9722363948822021,
      0.19105732440948486
    ],
    "rotationMatrix" : [
      -0.6111535429954529,
      -0.23354500532150269,
      -0.7562721967697144,
      -0.7798959612846375,
      0.014589875936508179,
      0.6257389783859253,
      -0.13510441780090332,
      0.9722363948822021,
      -0.19105729460716248
    ],
    "userAcceleration" : [
      0.050610244274139404,
      0.035484254360198975,
      0.03658851981163025
    ]
  },
  {
    "timestamp" : 235386398223,
    "gravity" : [
      0.13276182115077972,
      -0.9729255437850952,
      0.18918277323246002
    ],
    "rotationMatrix" : [
      -0.6076274514198303,
      -0.23069080710411072,
      -0.7599806785583496,
      -0.7830473184585571,
      0.014056265354156494,
      0.6218032836914062,
      -0.13276180624961853,
      0.9729255437850952,
      -0.18918275833129883
    ],
    "userAcceleration" : [
      0.04449950158596039,
      0.037927985191345215,
      0.06019154191017151
    ]
  },
  {
    "timestamp" : 235386408244,
    "gravity" : [
      0.13023324310779572,
      -0.9737112522125244,
      0.18688373267650604
    ],
    "rotationMatrix" : [
      -0.6045132875442505,
      -0.22738239169120789,
      -0.7634531855583191,
      -0.7858771085739136,
      0.013546854257583618,
      0.6182342767715454,
      -0.13023322820663452,
      0.9737112522125244,
      -0.18688377737998962
    ],
    "userAcceleration" : [
      0.03047226369380951,
      0.03100806474685669,
      0.06790757179260254
    ]
  },
  {
    "timestamp" : 235386418265,
    "gravity" : [
      0.12776079773902893,
      -0.9745821952819824,
      0.1840289682149887
    ],
    "rotationMatrix" : [
      -0.6016361713409424,
      -0.22366702556610107,
      -0.7668161392211914,
      -0.7884865999221802,
      0.012749433517456055,
      0.6149197816848755,
      -0.12776082754135132,
      0.9745821952819824,
      -0.1840289831161499
    ],
    "userAcceleration" : [
      0.0245523601770401,
      0.016269266605377197,
      0.0646129846572876
    ]
  },
  {
    "timestamp" : 235386428286,
    "gravity" : [
      0.12537284195423126,
      -0.9755349159240723,
      0.18059095740318298
    ],
    "rotationMatrix" : [
      -0.5992693305015564,
      -0.21953245997428894,
      -0.7698582410812378,
      -0.7906692028045654,
      0.011703401803970337,
      0.6121315956115723,
      -0.12537282705307007,
      0.9755349159240723,
      -0.18059101700782776
    ],
    "userAcceleration" : [
      0.020165428519248962,
      0.007517457008361816,
      0.04725313186645508
    ]
  },
  {
    "timestamp" : 235386438306,
    "gravity" : [
      0.12309565395116806,
      -0.9765252470970154,
      0.17676375806331635
    ],
    "rotationMatrix" : [
      -0.5968431234359741,
      -0.21515324711799622,
      -0.7729726433753967,
      -0.7928588390350342,
      0.010351032018661499,
      0.6093170642852783,
      -0.12309563159942627,
      0.9765251874923706,
      -0.17676380276679993
    ],
    "userAcceleration" : [
      0.012890584766864777,
      0.006417453289031982,
      0.011209219694137573
    ]
  },
  {
    "timestamp" : 235386448327,
    "gravity" : [
      0.12095894664525986,
      -0.9774951934814453,
      0.1728346049785614
    ],
    "rotationMatrix" : [
      -0.5942989587783813,
      -0.21077200770378113,
      -0.77613365650177,
      -0.795095682144165,
      0.00883534550666809,
      0.6064193248748779,
      -0.12095892429351807,
      0.9774951934814453,
      -0.1728346049785614
    ],
    "userAcceleration" : [
      0.0006382837891578674,
      0.0013600587844848633,
      -0.026167169213294983
    ]
  },
  {
    "timestamp" : 235386458348,
    "gravity" : [
      0.11905592679977417,
      -0.978367269039154,
      0.1691828966140747
    ],
    "rotationMatrix" : [
      -0.5915865302085876,
      -0.2067457139492035,
      -0.7792824506759644,
      -0.7974023818969727,
      0.007308334112167358,
      0.6034034490585327,
      -0.11905592679977417,
      0.9783673286437988,
      -0.16918286681175232
    ],
    "userAcceleration" : [
      -0.012320779263973236,
      -0.012507796287536621,
      -0.0545283704996109
    ]
  },
  {
    "timestamp" : 235386468369,
    "gravity" : [
      0.11752215027809143,
      -0.979083776473999,
      0.16608233749866486
    ],
    "rotationMatrix" : [
      -0.5883522629737854,
      -0.2033761739730835,
      -0.7826106548309326,
      -0.8000186681747437,
      0.0057409703731536865,
      0.599947452545166,
      -0.11752212047576904,
      0.979083776473999,
      -0.16608235239982605
    ],
    "userAcceleration" : [
      -0.012785866856575012,
      -0.0176965594291687,
      -0.06903648376464844
    ]
  },
  {
    "timestamp" : 235386478390,
    "gravity" : [
      0.1163012683391571,
      -0.9796587824821472,
      0.16353078186511993
    ],
    "rotationMatrix" : [
      -0.5848500728607178,
      -0.20062503218650818,
      -0.7859386205673218,
      -0.802760124206543,
      0.004235625267028809,
      0.5962867140769958,
      -0.1163012683391571,
      0.9796587824821472,
      -0.16353082656860352
    ],
    "userAcceleration" : [
      -0.0016162693500518799,
      -0.012406468391418457,
      -0.06784297525882721
    ]
  },
  {
    "timestamp" : 235386488411,
    "gravity" : [
      0.11524852365255356,
      -0.9801580905914307,
      0.16126905381679535
    ],
    "rotationMatrix" : [
      -0.580692708492279,
      -0.1981993317604065,
      -0.7896282076835632,
      -0.8059239983558655,
      0.002644479274749756,
      0.5920129418373108,
      -0.11524850130081177,
      0.9801580309867859,
      -0.16126906871795654
    ],
    "userAcceleration" : [
      0.01013287901878357,
      0.004053473472595215,
      -0.05488480627536774
    ]
  },
  {
    "timestamp" : 235386498432,
    "gravity" : [
      0.11415844410657883,
      -0.9806651473045349,
      0.15894468128681183
    ],
    "rotationMatrix" : [
      -0.5763262510299683,
      -0.19568994641304016,
      -0.7934437990188599,
      -0.8092067241668701,
      0.0010259151458740234,
      0.5875228643417358,
      -0.11415842175483704,
      0.9806650876998901,
      -0.1589447259902954
    ],
    "userAcceleration" : [
      0.022804386913776398,
      0.01949894428253174,
      -0.037850990891456604
    ]
  },
  {
    "timestamp" : 235386508452,
    "gravity" : [
      0.11301395297050476,
      -0.9812079071998596,
      0.15639229118824005
    ],
    "rotationMatrix" : [
      -0.5712663531303406,
      -0.19295096397399902,
      -0.7977620363235474,
      -0.8129465579986572,
      -0.00081634521484375,
      0.5823374390602112,
      -0.11301398277282715,
      0.9812079071998596,
      -0.15639227628707886
    ],
    "userAcceleration" : [
      0.020713992416858673,
      0.018363237380981445,
      -0.025334611535072327
    ]
  },
  {
    "timestamp" : 235386518473,
    "gravity" : [
      0.11176002770662308,
      -0.9817979335784912,
      0.15356524288654327
    ],
    "rotationMatrix" : [
      -0.5656934380531311,
      -0.18990713357925415,
      -0.8024499416351318,
      -0.8170068860054016,
      -0.0028108060359954834,
      0.5766209363937378,
      -0.11176005005836487,
      0.9817979335784912,
      -0.1535651981830597
    ],
    "userAcceleration" : [
      0.017771758139133453,
      0.02594172954559326,
      -0.01611413061618805
    ]
  },
  {
    "timestamp" : 235386528494,
    "gravity" : [
      0.1101466491818428,
      -0.9824274778366089,
      0.1506776064634323
    ],
    "rotationMatrix" : [
      -0.5604408979415894,
      -0.18659156560897827,
      -0.8069010972976685,
      -0.8208370804786682,
      -0.004431426525115967,
      0.5711451172828674,
      -0.1101466715335846,
      0.9824275374412537,
      -0.1506776213645935
    ],
    "userAcceleration" : [
      0.03903849422931671,
      0.03975486755371094,
      -0.010861396789550781
    ]
  },
  {
    "timestamp" : 235386538515,
    "gravity" : [
      0.10809400677680969,
      -0.9830566644668579,
      0.1480368673801422
    ],
    "rotationMatrix" : [
      -0.5556643605232239,
      -0.1832214891910553,
      -0.8109663724899292,
      -0.8243496417999268,
      -0.005401492118835449,
      0.5660548806190491,
      -0.1080939769744873,
      0.9830566048622131,
      -0.1480368971824646
    ],
    "userAcceleration" : [
      0.05662456154823303,
      0.046197712421417236,
      -0.009655013680458069
    ]
  },
  {
    "timestamp" : 235386548536,
    "gravity" : [
      0.10569033771753311,
      -0.983664333820343,
      0.14571842551231384
    ],
    "rotationMatrix" : [
      -0.5519270300865173,
      -0.1799238622188568,
      -0.8142504096031189,
      -0.8271673917770386,
      -0.0056324005126953125,
      0.5619272589683533,
      -0.1056903600692749,
      0.983664333820343,
      -0.14571839570999146
    ],
    "userAcceleration" : [
      0.052558496594429016,
      0.04178518056869507,
      -0.0021944046020507812
    ]
  },
  {
    "timestamp" : 235386558557,
    "gravity" : [
      0.10297185182571411,
      -0.9842838048934937,
      0.1434645652770996
    ],
    "rotationMatrix" : [
      -0.5486533045768738,
      -0.17650988698005676,
      -0.8172047138214111,
      -0.8296843767166138,
      -0.005436688661575317,
      0.5582062005996704,
      -0.10297185182571411,
      0.9842838048934937,
      -0.14346453547477722
    ],
    "userAcceleration" : [
      0.05527700483798981,
      0.04240459203720093,
      5.9485435485839844e-05
    ]
  },
  {
    "timestamp" : 235386568578,
    "gravity" : [
      0.10007462650537491,
      -0.984940230846405,
      0.14098916947841644
    ],
    "rotationMatrix" : [
      -0.5464072227478027,
      -0.1728239357471466,
      -0.8194944858551025,
      -0.831519365310669,
      -0.004973232746124268,
      0.5554736256599426,
      -0.10007461905479431,
      0.984940230846405,
      -0.14098912477493286
    ],
    "userAcceleration" : [
      0.034935109317302704,
      0.03775078058242798,
      -0.0041026771068573
    ]
  },
  {
    "timestamp" : 235386578598,
    "gravity" : [
      0.0971636101603508,
      -0.9856147766113281,
      0.13828447461128235
    ],
    "rotationMatrix" : [
      -0.5444387793540955,
      -0.16894596815109253,
      -0.8216102123260498,
      -0.8331537842750549,
      -0.004543006420135498,
      0.5530224442481995,
      -0.0971636176109314,
      0.9856147170066833,
      -0.13828444480895996
    ],
    "userAcceleration" : [
      0.011402621865272522,
      0.0206947922706604,
      -0.02265346050262451
    ]
  },
  {
    "timestamp" : 235386588619,
    "gravity" : [
      0.09449266642332077,
      -0.9862269163131714,
      0.13574737310409546
    ],
    "rotationMatrix" : [
      -0.542482316493988,
      -0.16534423828125,
      -0.8236345648765564,
      -0.8347357511520386,
      -0.004186689853668213,
      0.5506346225738525,
      -0.09449267387390137,
      0.9862269163131714,
      -0.13574743270874023
    ],
    "userAcceleration" : [
      -0.013987362384796143,
      -0.0011844635009765625,
      -0.05434180796146393
    ]
  },
  {
    "timestamp" : 235386598640,
    "gravity" : [
      0.09227248281240463,
      -0.9867130517959595,
      0.13372664153575897
    ],
    "rotationMatrix" : [
      -0.5403238534927368,
      -0.1624242663383484,
      -0.825631856918335,
      -0.836382269859314,
      -0.003927111625671387,
      0.5481321811676025,
      -0.09227249026298523,
      0.9867130517959595,
      -0.1337265968322754
    ],
    "userAcceleration" : [
      -0.031069539487361908,
      -0.012584865093231201,
      -0.08088554441928864
    ]
  },
  {
    "timestamp" : 235386608661,
    "gravity" : [
      0.0905279889702797,
      -0.9870954751968384,
      0.13208644092082977
    ],
    "rotationMatrix" : [
      -0.5375846028327942,
      -0.1600833237171173,
      -0.8278741836547852,
      -0.8383358716964722,
      -0.003937900066375732,
      0.5451396703720093,
      -0.0905279815196991,
      0.9870954751968384,
      -0.1320863962173462
    ],
    "userAcceleration" : [
      -0.03350597620010376,
      -0.007426440715789795,
      -0.07729221880435944
    ]
  },
  {
    "timestamp" : 235386618682,
    "gravity" : [
      0.08917780965566635,
      -0.9874473810195923,
      0.1303631216287613
    ],
    "rotationMatrix" : [
      -0.5337212681770325,
      -0.1578826606273651,
      -0.8307912945747375,
      -0.8409450054168701,
      -0.004510283470153809,
      0.5411015748977661,
      -0.08917784690856934,
      0.9874473810195923,
      -0.13036316633224487
    ],
    "userAcceleration" : [
      -0.02489260584115982,
      0.014333546161651611,
      -0.05565620958805084
    ]
  },
  {
    "timestamp" : 235386628703,
    "gravity" : [
      0.08807313442230225,
      -0.9878324866294861,
      0.12817956507205963
    ],
    "rotationMatrix" : [
      -0.529351532459259,
      -0.15542033314704895,
      -0.8340451121330261,
      -0.8438186645507812,
      -0.005604803562164307,
      0.5365990400314331,
      -0.08807313442230225,
      0.9878324270248413,
      -0.12817955017089844
    ],
    "userAcceleration" : [
      -0.009719312191009521,
      0.03539419174194336,
      -0.03499424457550049
    ]
  },
  {
    "timestamp" : 235386638724,
    "gravity" : [
      0.0870155617594719,
      -0.9882786273956299,
      0.12543289363384247
    ],
    "rotationMatrix" : [
      -0.5242906808853149,
      -0.15249338746070862,
      -0.8377736806869507,
      -0.8470816612243652,
      -0.007135868072509766,
      0.5314146280288696,
      -0.08701550960540771,
      0.9882786273956299,
      -0.12543296813964844
    ],
    "userAcceleration" : [
      0.009648799896240234,
      0.057523131370544434,
      -0.014730468392372131
    ]
  },
  {
    "timestamp" : 235386648744,
    "gravity" : [
      0.08587592095136642,
      -0.9887754917144775,
      0.12226200848817825
    ],
    "rotationMatrix" : [
      -0.5189011693000793,
      -0.14914599061012268,
      -0.8417223691940308,
      -0.850509524345398,
      -0.008841544389724731,
      0.5258851051330566,
      -0.08587592840194702,
      0.9887754917144775,
      -0.12226197123527527
    ],
    "userAcceleration" : [
      0.029144763946533203,
      0.07175296545028687,
      0.002417430281639099
    ]
  },
  {
    "timestamp" : 235386658765,
    "gravity" : [
      0.08458871394395828,
      -0.9892895221710205,
      0.11895791441202164
    ],
    "rotationMatrix" : [
      -0.5143828988075256,
      -0.14560291171073914,
      -0.8451094627380371,
      -0.8533785343170166,
      -0.010296791791915894,
      0.5211900472640991,
      -0.08458873629570007,
      0.9892895221710205,
      -0.11895790696144104
    ],
    "userAcceleration" : [
      0.012426614761352539,
      0.05809146165847778,
      0.003036022186279297
    ]
  },
  {
    "timestamp" : 235386668786,
    "gravity" : [
      0.08332695066928864,
      -0.9897783994674683,
      0.1157379075884819
    ],
    "rotationMatrix" : [
      -0.5101165175437927,
      -0.14213746786117554,
      -0.8482792973518372,
      -0.8560592532157898,
      -0.011644631624221802,
      0.5167462825775146,
      -0.08332693576812744,
      0.9897783994674683,
      -0.11573788523674011
    ],
    "userAcceleration" : [
      0.013688363134860992,
      0.05858033895492554,
      0.006256103515625
    ]
  },
  {
    "timestamp" : 235386678807,
    "gravity" : [
      0.08245870471000671,
      -0.9902337193489075,
      0.1124177873134613
    ],
    "rotationMatrix" : [
      -0.5079760551452637,
      -0.13881054520606995,
      -0.8501129150390625,
      -0.8574151992797852,
      -0.01299363374710083,
      0.5144612193107605,
      -0.08245870471000671,
      0.9902337193489075,
      -0.11241775751113892
    ],
    "userAcceleration" : [
      -0.022323869168758392,
      0.020369887351989746,
      0.007729887962341309
    ]
  },
  {
    "timestamp" : 235386688828,
    "gravity" : [
      0.08207684010267258,
      -0.9906813502311707,
      0.10869044810533524
    ],
    "rotationMatrix" : [
      -0.5047752261161804,
      -0.13535824418067932,
      -0.8525724411010742,
      -0.8593398332595825,
      -0.015112102031707764,
      0.5111813545227051,
      -0.08207687735557556,
      0.9906814098358154,
      -0.10869038105010986
    ],
    "userAcceleration" : [
      -0.04150377959012985,
      0.009022533893585205,
      -0.005296945571899414
    ]
  },
  {
    "timestamp" : 235386698849,
    "gravity" : [
      0.0821814090013504,
      -0.9911076426506042,
      0.10465037077665329
    ],
    "rotationMatrix" : [
      -0.5016556978225708,
      -0.1318710446357727,
      -0.854956865310669,
      -0.8611547350883484,
      -0.017762988805770874,
      0.5080322623252869,
      -0.0821814239025116,
      0.9911076426506042,
      -0.1046503484249115
    ],
    "userAcceleration" : [
      -0.04592657834291458,
      0.008289098739624023,
      -0.03185081481933594
    ]
  },
  {
    "timestamp" : 235386708870,
    "gravity" : [
      0.08272822946310043,
      -0.9914953112602234,
      0.10046335309743881
    ],
    "rotationMatrix" : [
      -0.49765777587890625,
      -0.12844136357307434,
      -0.8578107357025146,
      -0.8634190559387207,
      -0.020968645811080933,
      0.5040512084960938,
      -0.08272820711135864,
      0.9914952516555786,
      -0.10046336054801941
    ],
    "userAcceleration" : [
      -0.04387941211462021,
      0.01305609941482544,
      -0.041671283543109894
    ]
  },
  {
    "timestamp" : 235386718890,
    "gravity" : [
      0.08364873379468918,
      -0.9918401837348938,
      0.09620564430952072
    ],
    "rotationMatrix" : [
      -0.49311143159866333,
      -0.1250949501991272,
      -0.8609249591827393,
      -0.8659350275993347,
      -0.024574875831604004,
      0.49955201148986816,
      -0.08364871144294739,
      0.991840124130249,
      -0.09620565176010132
    ],
    "userAcceleration" : [
      -0.028000004589557648,
      0.0187264084815979,
      -0.03910733759403229
    ]
  },
  {
    "timestamp" : 235386728911,
    "gravity" : [
      0.08472537249326706,
      -0.9921634197235107,
      0.09183412045240402
    ],
    "rotationMatrix" : [
      -0.4886067509651184,
      -0.12169349193572998,
      -0.8639758825302124,
      -0.8683808445930481,
      -0.028329998254776,
      0.4950881004333496,
      -0.08472535014152527,
      0.9921634197235107,
      -0.091834157705307
    ],
    "userAcceleration" : [
      -0.007363364100456238,
      0.028845489025115967,
      -0.030066601932048798
    ]
  },
  {
    "timestamp" : 235386738932,
    "gravity" : [
      0.0857829675078392,
      -0.9924729466438293,
      0.08739998191595078
    ],
    "rotationMatrix" : [
      -0.4838755130767822,
      -0.11818411946296692,
      -0.8671200275421143,
      -0.8709224462509155,
      -0.032093435525894165,
      0.4903715252876282,
      -0.0857829749584198,
      0.9924729466438293,
      -0.08739998936653137
    ],
    "userAcceleration" : [
      0.006746277213096619,
      0.04029393196105957,
      -0.027616135776042938
    ]
  },
  {
    "timestamp" : 235386748953,
    "gravity" : [
      0.08676335960626602,
      -0.9927650690078735,
      0.08300312608480453
    ],
    "rotationMatrix" : [
      -0.4794721007347107,
      -0.11464583873748779,
      -0.8700360059738159,
      -0.8732573986053467,
      -0.03568950295448303,
      0.4859502613544464,
      -0.08676335215568542,
      0.9927650690078735,
      -0.08300313353538513
    ],
    "userAcceleration" : [
      0.0073527991771698,
      0.03584069013595581,
      -0.02836155891418457
    ]
  },
  {
    "timestamp" : 235386758974,
    "gravity" : [
      0.08775705099105835,
      -0.9930261969566345,
      0.07872465252876282
    ],
    "rotationMatrix" : [
      -0.4751018285751343,
      -0.1111859679222107,
      -0.872877836227417,
      -0.8755437135696411,
      -0.039198875427246094,
      0.48154598474502563,
      -0.08775705099105835,
      0.9930261969566345,
      -0.07872462272644043
    ],
    "userAcceleration" : [
      -0.009601593017578125,
      0.024169445037841797,
      -0.03044593334197998
    ]
  },
  {
    "timestamp" : 235386768995,
    "gravity" : [
      0.08887981623411179,
      -0.9932481646537781,
      0.07455451041460037
    ],
    "rotationMatrix" : [
      -0.4707285761833191,
      -0.10785099864006042,
      -0.8756612539291382,
      -0.8777897357940674,
      -0.042733579874038696,
      0.47713616490364075,
      -0.08887982368469238,
      0.9932482242584229,
      -0.07455453276634216
    ],
    "userAcceleration" : [
      -0.02103929966688156,
      0.01795220375061035,
      -0.02839672565460205
    ]
  },
  {
    "timestamp" : 235386779016,
    "gravity" : [
      0.09003514796495438,
      -0.9934476017951965,
      0.070395328104496
    ],
    "rotationMatrix" : [
      -0.4666498899459839,
      -0.10452404618263245,
      -0.8782440423965454,
      -0.8798474073410034,
      -0.04622286558151245,
      0.4730030596256256,
      -0.09003514051437378,
      0.9934476613998413,
      -0.07039529085159302
    ],
    "userAcceleration" : [
      -0.013252973556518555,
      0.022118866443634033,
      -0.016104571521282196
    ]
  },
  {
    "timestamp" : 235386789036,
    "gravity" : [
      0.0910588800907135,
      -0.9936409592628479,
      0.06622591614723206
    ],
    "rotationMatrix" : [
      -0.46273255348205566,
      -0.10110491514205933,
      -0.8807135224342346,
      -0.8818088173866272,
      -0.04955187439918518,
      0.46899649500846863,
      -0.09105885028839111,
      0.9936408996582031,
      -0.06622591614723206
    ],
    "userAcceleration" : [
      0.0011041387915611267,
      0.028751492500305176,
      -0.008425712585449219
    ]
  },
  {
    "timestamp" : 235386799057,
    "gravity" : [
      0.0917893722653389,
      -0.9938401579856873,
      0.062101855874061584
    ],
    "rotationMatrix" : [
      -0.4587985873222351,
      -0.0975601077079773,
      -0.8831682801246643,
      -0.883786678314209,
      -0.05257341265678406,
      0.4649272561073303,
      -0.0917893648147583,
      0.9938401579856873,
      -0.06210187077522278
    ],
    "userAcceleration" : [
      0.012122929096221924,
      0.04240882396697998,
      -0.014128319919109344
    ]
  },
  {
    "timestamp" : 235386809078,
    "gravity" : [
      0.09192513674497604,
      -0.9940752983093262,
      0.058001816272735596
    ],
    "rotationMatrix" : [
      -0.45522403717041016,
      -0.09375837445259094,
      -0.8854267597198486,
      -0.885619044303894,
      -0.05498921871185303,
      0.4611455500125885,
      -0.09192511439323425,
      0.9940752983093262,
      -0.05800187587738037
    ],
    "userAcceleration" : [
      0.04760117083787918,
      0.052760541439056396,
      -0.010730020701885223
    ]
  },
  {
    "timestamp" : 235386819099,
    "gravity" : [
      0.09133809059858322,
      -0.9943568706512451,
      0.053959921002388
    ],
    "rotationMatrix" : [
      -0.45211637020111084,
      -0.08968767523765564,
      -0.8874384164810181,
      -0.8872700929641724,
      -0.056660741567611694,
      0.4577569365501404,
      -0.09133809804916382,
      0.9943569302558899,
      -0.053959935903549194
    ],
    "userAcceleration" : [
      0.0684213638305664,
      0.04962432384490967,
      -0.003392338752746582
    ]
  },
  {
    "timestamp" : 235386829120,
    "gravity" : [
      0.09016093611717224,
      -0.9946693181991577,
      0.05003875866532326
    ],
    "rotationMatrix" : [
      -0.44985342025756836,
      -0.08549946546554565,
      -0.889000415802002,
      -0.888539731502533,
      -0.057642996311187744,
      0.4551641643047333,
      -0.09016096591949463,
      0.9946693181991577,
      -0.05003875494003296
    ],
    "userAcceleration" : [
      0.05768141895532608,
      0.036844611167907715,
      -0.009831897914409637
    ]
  },
  {
    "timestamp" : 235386839141,
    "gravity" : [
      0.08883893489837646,
      -0.9949768781661987,
      0.0461353175342083
    ],
    "rotationMatrix" : [
      -0.4478225111961365,
      -0.08127224445343018,
      -0.8904210329055786,
      -0.8896979689598083,
      -0.058443546295166016,
      0.4527932405471802,
      -0.08883890509605408,
      0.9949768781661987,
      -0.04613536596298218
    ],
    "userAcceleration" : [
      0.023313097655773163,
      0.006634712219238281,
      -0.017433643341064453
    ]
  },
  {
    "timestamp" : 235386849162,
    "gravity" : [
      0.08792320638895035,
      -0.9952455759048462,
      0.041900698095560074
    ],
    "rotationMatrix" : [
      -0.4456750154495239,
      -0.07692146301269531,
      -0.8918838500976562,
      -0.8908665180206299,
      -0.05974310636520386,
      0.4503193199634552,
      -0.08792319893836975,
      0.9952455759048462,
      -0.041900694370269775
    ],
    "userAcceleration" : [
      -0.054811686277389526,
      -0.04261142015457153,
      -0.05551159381866455
    ]
  },
  {
    "timestamp" : 235386859182,
    "gravity" : [
      0.08758656680583954,
      -0.9954623579978943,
      0.03719214349985123
    ],
    "rotationMatrix" : [
      -0.4429242014884949,
      -0.07235875725746155,
      -0.8936343193054199,
      -0.892270565032959,
      -0.06179702281951904,
      0.4472520351409912,
      -0.08758652210235596,
      0.9954622983932495,
      -0.03719216585159302
    ],
    "userAcceleration" : [
      -0.05447504669427872,
      -0.04239463806152344,
      -0.05080306529998779
    ]
  },
  {
    "timestamp" : 235386869203,
    "gravity" : [
      0.0878528356552124,
      -0.9956070780754089,
      0.032379552721977234
    ],
    "rotationMatrix" : [
      -0.4397099018096924,
      -0.06792622804641724,
      -0.8955675363540649,
      -0.893832802772522,
      -0.06444054841995239,
      0.44374579191207886,
      -0.0878528356552124,
      0.9956070780754089,
      -0.03237956762313843
    ],
    "userAcceleration" : [
      -0.05474131554365158,
      -0.04224991798400879,
      -0.0459904670715332
    ]
  },
  {
    "timestamp" : 235386879224,
    "gravity" : [
      0.08873050659894943,
      -0.9956658482551575,
      0.027863379567861557
    ],
    "rotationMatrix" : [
      -0.43679141998291016,
      -0.064035564661026,
      -0.8972806930541992,
      -0.8951759338378906,
      -0.06744560599327087,
      0.4405803084373474,
      -0.08873048424720764,
      0.9956658482551575,
      -0.027863353490829468
    ],
    "userAcceleration" : [
      -0.05653451383113861,
      -0.040054917335510254,
      -0.055619239807128906
    ]
  },
  {
    "timestamp" : 235386889245,
    "gravity" : [
      0.0900777131319046,
      -0.9956508874893188,
      0.0237724669277668
    ],
    "rotationMatrix" : [
      -0.4338037967681885,
      -0.06071072816848755,
      -0.8989593982696533,
      -0.8964930772781372,
      -0.07066342234611511,
      0.4373859763145447,
      -0.09007769823074341,
      0.9956508278846741,
      -0.023772448301315308
    ],
    "userAcceleration" : [
      -0.03363551199436188,
      -0.0253756046295166,
      -0.044646501541137695
    ]
  },
  {
    "timestamp" : 235386899266,
    "gravity" : [
      0.09164755046367645,
      -0.9955940246582031,
      0.019826889038085938
    ],
    "rotationMatrix" : [
      -0.4307282567024231,
      -0.05758589506149292,
      -0.900642454624176,
      -0.8978160619735718,
      -0.07400161027908325,
      0.4341081380844116,
      -0.09164756536483765,
      0.9955940246582031,
      -0.019826889038085938
    ],
    "userAcceleration" : [
      -0.003329738974571228,
      -0.0094107985496521,
      -0.02095615863800049
    ]
  },
  {
    "timestamp" : 235386909287,
    "gravity" : [
      0.09337694942951202,
      -0.995507538318634,
      0.015671564266085625
    ],
    "rotationMatrix" : [
      -0.4274144172668457,
      -0.054296910762786865,
      -0.9024239778518677,
      -0.8992207050323486,
      -0.07756742835044861,
      0.4305643141269684,
      -0.09337696433067322,
      0.9955075979232788,
      -0.015671581029891968
    ],
    "userAcceleration" : [
      0.005042187869548798,
      -0.001974821090698242,
      -0.010865090414881706
    ]
  },
  {
    "timestamp" : 235386919308,
    "gravity" : [
      0.0954013243317604,
      -0.9953770637512207,
      0.011087130755186081
    ],
    "rotationMatrix" : [
      -0.4234389066696167,
      -0.05065929889678955,
      -0.904507040977478,
      -0.9008873105049133,
      -0.08159637451171875,
      0.4263143539428711,
      -0.09540128707885742,
      0.9953770637512207,
      -0.011087179183959961
    ],
    "userAcceleration" : [
      -0.009570695459842682,
      0.0033269524574279785,
      -0.011377096176147461
    ]
  },
  {
    "timestamp" : 235386929328,
    "gravity" : [
      0.09774981439113617,
      -0.9951934218406677,
      0.005915714427828789
    ],
    "rotationMatrix" : [
      -0.4191780686378479,
      -0.046562254428863525,
      -0.9067091941833496,
      -0.9026265144348145,
      -0.0861508846282959,
      0.421714723110199,
      -0.09774979948997498,
      0.9951934218406677,
      -0.005915701389312744
    ],
    "userAcceleration" : [
      -0.021196536719799042,
      0.01629638671875,
      -0.0059767961502075195
    ]
  },
  {
    "timestamp" : 235386939349,
    "gravity" : [
      0.10030291974544525,
      -0.9949569702148438,
      4.103315222891979e-05
    ],
    "rotationMatrix" : [
      -0.41399115324020386,
      -0.04177248477935791,
      -0.9093220233917236,
      -0.9047379493713379,
      -0.09119069576263428,
      0.41609323024749756,
      -0.10030293464660645,
      0.9949569702148438,
      -4.106760025024414e-05
    ],
    "userAcceleration" : [
      -0.016532212495803833,
      0.022361695766448975,
      0.01123511791229248
    ]
  },
  {
    "timestamp" : 235386949370,
    "gravity" : [
      0.10297564417123795,
      -0.9946638345718384,
      -0.0063199917785823345
    ],
    "rotationMatrix" : [
      -0.40868306159973145,
      -0.03651571273803711,
      -0.911945641040802,
      -0.9068484902381897,
      -0.09649109840393066,
      0.41026246547698975,
      -0.10297566652297974,
      0.9946638345718384,
      0.006319999694824219
    ],
    "userAcceleration" : [
      -0.01256735622882843,
      0.010075151920318604,
      0.023364007472991943
    ]
  },
  {
    "timestamp" : 235386959391,
    "gravity" : [
      0.10562267154455185,
      -0.9943253993988037,
      -0.01268317736685276
    ],
    "rotationMatrix" : [
      -0.4044176936149597,
      -0.031300365924835205,
      -0.9140386581420898,
      -0.9084548354148865,
      -0.10167250037193298,
      0.40542885661125183,
      -0.10562267899513245,
      0.9943253993988037,
      0.012683242559432983
    ],
    "userAcceleration" : [
      0.017500437796115875,
      0.00018483400344848633,
      0.00683903694152832
    ]
  },
  {
    "timestamp" : 235386969412,
    "gravity" : [
      0.10809574276208878,
      -0.9939674735069275,
      -0.01854625530540943
    ],
    "rotationMatrix" : [
      -0.4013292193412781,
      -0.026562213897705078,
      -0.91554856300354,
      -0.909532904624939,
      -0.10641005635261536,
      0.4017794728279114,
      -0.10809573531150818,
      0.9939674735069275,
      0.018546253442764282
    ],
    "userAcceleration" : [
      0.015027359127998352,
      -0.00017309188842773438,
      0.01270204782485962
    ]
  },
  {
    "timestamp" : 235386979433,
    "gravity" : [
      0.11026284843683243,
      -0.9936184883117676,
      -0.023753853514790535
    ],
    "rotationMatrix" : [
      -0.39954400062561035,
      -0.022429078817367554,
      -0.9164394736289978,
      -0.9100584983825684,
      -0.11053982377052307,
      0.39946746826171875,
      -0.11026281118392944,
      0.9936184883117676,
      0.023753851652145386
    ],
    "userAcceleration" : [
      0.0329103097319603,
      0.010876297950744629,
      -0.00043141841888427734
    ]
  },
  {
    "timestamp" : 235386989453,
    "gravity" : [
      0.11185800284147263,
      -0.9933144450187683,
      -0.02853304147720337
    ],
    "rotationMatrix" : [
      -0.3988795876502991,
      -0.018582671880722046,
      -0.916814923286438,
      -0.9101552963256836,
      -0.11393427848815918,
      0.39829152822494507,
      -0.11185798048973083,
      0.9933144450187683,
      0.02853304147720337
    ],
    "userAcceleration" : [
      0.0573161244392395,
      0.024640798568725586,
      -0.004319190979003906
    ]
  },
  {
    "timestamp" : 235386999474,
    "gravity" : [
      0.11276701837778091,
      -0.9930716753005981,
      -0.03304433450102806
    ],
    "rotationMatrix" : [
      -0.39856278896331787,
      -0.014744669198989868,
      -0.9170223474502563,
      -0.9101817607879639,
      -0.11657989025115967,
      0.3974643051624298,
      -0.11276701092720032,
      0.9930716753005981,
      0.03304433822631836
    ],
    "userAcceleration" : [
      0.06499779224395752,
      0.03735285997390747,
      -0.019552763551473618
    ]
  },
  {
    "timestamp" : 235387009495,
    "gravity" : [
      0.11312225461006165,
      -0.9928788542747498,
      -0.03734757378697395
    ],
    "rotationMatrix" : [
      -0.39835596084594727,
      -0.010886579751968384,
      -0.9171662330627441,
      -0.9102283716201782,
      -0.11862945556640625,
      0.3967507779598236,
      -0.11312222480773926,
      0.992878794670105,
      0.03734755516052246
    ],
    "userAcceleration" : [
      0.05821862816810608,
      0.04480463266372681,
      -0.040975868701934814
    ]
  },
  {
    "timestamp" : 235387019516,
    "gravity" : [
      0.11323398351669312,
      -0.9926944375038147,
      -0.04166196659207344
    ],
    "rotationMatrix" : [
      -0.3973572850227356,
      -0.006813496351242065,
      -0.9176386594772339,
      -0.9106509685516357,
      -0.12046259641647339,
      0.3952259123325348,
      -0.1132340133190155,
      0.9926944971084595,
      0.041661977767944336
    ],
    "userAcceleration" : [
      0.03395222872495651,
      0.03648728132247925,
      -0.04940253496170044
    ]
  },
  {
    "timestamp" : 235387029537,
    "gravity" : [
      0.11346279084682465,
      -0.9924681782722473,
      -0.04618237540125847
    ],
    "rotationMatrix" : [
      -0.3959237337112427,
      -0.002533525228500366,
      -0.9182796478271484,
      -0.9112465381622314,
      -0.12247508764266968,
      0.3932293951511383,
      -0.11346277594566345,
      0.9924682378768921,
      0.046182334423065186
    ],
    "userAcceleration" : [
      0.011949121952056885,
      0.031195104122161865,
      -0.047689732164144516
    ]
  },
  {
    "timestamp" : 235387039558,
    "gravity" : [
      0.11385509371757507,
      -0.9921916723251343,
      -0.05091540515422821
    ],
    "rotationMatrix" : [
      -0.3932937979698181,
      0.0020494461059570312,
      -0.9194101691246033,
      -0.9123356342315674,
      -0.12470397353172302,
      0.38998982310295105,
      -0.11385506391525269,
      0.9921915531158447,
      0.05091544985771179
    ],
    "userAcceleration" : [
      0.009344294667243958,
      0.031635820865631104,
      -0.047931067645549774
    ]
  },
  {
    "timestamp" : 235387049579,
    "gravity" : [
      0.11434545367956161,
      -0.9918773770332336,
      -0.05571393668651581
    ],
    "rotationMatrix" : [
      -0.38941580057144165,
      0.0068419575691223145,
      -0.9210363626480103,
      -0.9139364957809448,
      -0.1270119547843933,
      0.38547059893608093,
      -0.11434543132781982,
      0.9918773174285889,
      0.05571389198303223
    ],
    "userAcceleration" : [
      0.007450118660926819,
      0.04741954803466797,
      -0.038432829082012177
    ]
  },
  {
    "timestamp" : 235387059599,
    "gravity" : [
      0.11470209062099457,
      -0.9915584921836853,
      -0.060457244515419006
    ],
    "rotationMatrix" : [
      -0.38568222522735596,
      0.011634916067123413,
      -0.9225582480430603,
      -0.9154739379882812,
      -0.1291365623474121,
      0.38109201192855835,
      -0.11470204591751099,
      0.9915584921836853,
      0.06045722961425781
    ],
    "userAcceleration" : [
      0.022657468914985657,
      0.058178484439849854,
      -0.010526716709136963
    ]
  },
  {
    "timestamp" : 235387069620,
    "gravity" : [
      0.11460816860198975,
      -0.9912865161895752,
      -0.06493039429187775
    ],
    "rotationMatrix" : [
      -0.3822133541107178,
      0.016328543424606323,
      -0.9239296913146973,
      -0.9169392585754395,
      -0.1307070255279541,
      0.3770116865634918,
      -0.11460816860198975,
      0.9912865161895752,
      0.06493043899536133
    ],
    "userAcceleration" : [
      0.03967338800430298,
      0.04707270860671997,
      0.011219441890716553
    ]
  },
  {
    "timestamp" : 235387079641,
    "gravity" : [
      0.11395525187253952,
      -0.991098940372467,
      -0.06882540881633759
    ],
    "rotationMatrix" : [
      -0.3806566596031189,
      0.02043241262435913,
      -0.9244905710220337,
      -0.9176679849624634,
      -0.13154935836791992,
      0.3749401569366455,
      -0.11395525932312012,
      0.9910989999771118,
      0.06882542371749878
    ],
    "userAcceleration" : [
      0.037839122116565704,
      0.036524415016174316,
      0.017143845558166504
    ]
  },
  {
    "timestamp" : 235387089662,
    "gravity" : [
      0.11271705478429794,
      -0.9910093545913696,
      -0.07207875698804855
    ],
    "rotationMatrix" : [
      -0.3801160454750061,
      0.024016380310058594,
      -0.9246270060539246,
      -0.9180450439453125,
      -0.13161957263946533,
      0.373991459608078,
      -0.11271709203720093,
      0.9910093545913696,
      0.07207876443862915
    ],
    "userAcceleration" : [
      0.03030351549386978,
      0.036480605602264404,
      0.015499114990234375
    ]
  },
  {
    "timestamp" : 235387099683,
    "gravity" : [
      0.11100172251462936,
      -0.9909927845001221,
      -0.07491356879472733
    ],
    "rotationMatrix" : [
      -0.38040000200271606,
