[
  {
    "timestamp" : 235326200814,
    "userAcceleration" : [
      0.019754178822040558,
      0.007110595703125,
      -0.00929725170135498
    ],
    "gravity" : [
      0.08768295496702194,
      -0.9956053495407104,
      0.03288727626204491
    ],
    "rotationMatrix" : [
      -0.8964093923568726,
      -0.06446157395839691,
      0.43851423263549805,
      0.4344671964645386,
      0.06793071329593658,
      0.8981223106384277,
      -0.08768294751644135,
      0.9956053495407104,
      -0.032887205481529236
    ]
  },
  {
    "timestamp" : 235326210834,
    "userAcceleration" : [
      -0.01081954687833786,
      -0.0174105167388916,
      -0.008839249610900879
    ],
    "gravity" : [
      0.08632006496191025,
      -0.9954677820205688,
      0.0399060919880867
    ],
    "rotationMatrix" : [
      -0.8976547122001648,
      -0.060338094830513,
      0.4365488290786743,
      0.43216246366500854,
      0.0735049918293953,
      0.8987950086593628,
      -0.08632005751132965,
      0.9954677820205688,
      -0.03990601748228073
    ]
  },
  {
    "timestamp" : 235326220855,
    "userAcceleration" : [
      -0.02139516919851303,
      -0.017938613891601562,
      -0.0031499937176704407
    ],
    "gravity" : [
      0.08532948791980743,
      -0.9952142834663391,
      0.04761403053998947
    ],
    "rotationMatrix" : [
      -0.8987941145896912,
      -0.056262895464897156,
      0.4347448945045471,
      0.4299854636192322,
      0.07989203929901123,
      0.899293839931488,
      -0.08532947301864624,
      0.9952142834663391,
      -0.04761403799057007
    ]
  },
  {
    "timestamp" : 235326230875,
    "userAcceleration" : [
      0.0014143884181976318,
      0.015887796878814697,
      0.02076709270477295
    ],
    "gravity" : [
      0.08423323929309845,
      -0.9948763847351074,
      0.055908333510160446
    ],
    "rotationMatrix" : [
      -0.8996626734733582,
      -0.05181063711643219,
      0.43350088596343994,
      0.4283831715583801,
      0.08681376278400421,
      0.8994172215461731,
      -0.08423323929309845,
      0.9948764443397522,
      -0.055908430367708206
    ]
  },
  {
    "timestamp" : 235326240895,
    "userAcceleration" : [
      0.03811071068048477,
      0.04963773488998413,
      0.044185273349285126
    ],
    "gravity" : [
      0.08263209462165833,
      -0.9944923520088196,
      0.0644724890589714
    ],
    "rotationMatrix" : [
      -0.9002209901809692,
      -0.04673324525356293,
      0.4329175353050232,
      0.427520215511322,
      0.09381261467933655,
      0.899124801158905,
      -0.08263210952281952,
      0.9944923520088196,
      -0.06447240710258484
    ]
  },
  {
    "timestamp" : 235326250916,
    "userAcceleration" : [
      0.06566984951496124,
      0.06319302320480347,
      0.058750271797180176
    ],
    "gravity" : [
      0.08043305575847626,
      -0.9940859079360962,
      0.07296356558799744
    ],
    "rotationMatrix" : [
      -0.900504469871521,
      -0.041087329387664795,
      0.4329010844230652,
      0.4273430109024048,
      0.10052359104156494,
      0.8984836935997009,
      -0.08043305575847626,
      0.994085967540741,
      -0.07296347618103027
    ]
  },
  {
    "timestamp" : 235326260936,
    "userAcceleration" : [
      0.0720517635345459,
      0.05982518196105957,
      0.07547055929899216
    ],
    "gravity" : [
      0.07782004773616791,
      -0.9936781525611877,
      0.08091679215431213
    ],
    "rotationMatrix" : [
      -0.9005423784255981,
      -0.03523872792720795,
      0.43333733081817627,
      0.4277464747428894,
      0.10659149289131165,
      0.8975918292999268,
      -0.07782004773616791,
      0.9936782121658325,
      -0.08091673254966736
    ]
  },
  {
    "timestamp" : 235326270956,
    "userAcceleration" : [
      0.06711740791797638,
      0.047370970249176025,
      0.08217501640319824
    ],
    "gravity" : [
      0.07501824200153351,
      -0.9932937622070312,
      0.08797571063041687
    ],
    "rotationMatrix" : [
      -0.9004549980163574,
      -0.029572471976280212,
      0.43394237756729126,
      0.42843055725097656,
      0.11177188903093338,
      0.8966348767280579,
      -0.07501824200153351,
      0.9932937026023865,
      -0.08797567337751389
    ]
  },
  {
    "timestamp" : 235326280977,
    "userAcceleration" : [
      0.048943258821964264,
      0.03197455406188965,
      0.06735825538635254
    ],
    "gravity" : [
      0.07228783518075943,
      -0.9929425120353699,
      0.0940186157822609
    ],
    "rotationMatrix" : [
      -0.9004210233688354,
      -0.02442646026611328,
      0.4343329668045044,
      0.42897117137908936,
      0.11605348438024521,
      0.8958321213722229,
      -0.07228784263134003,
      0.9929425120353699,
      -0.09401867538690567
    ]
  },
  {
    "timestamp" : 235326290997,
    "userAcceleration" : [
      0.005559645593166351,
      0.01537090539932251,
      0.03821849822998047
    ],
    "gravity" : [
      0.06994084268808365,
      -0.992604672908783,
      0.09921739250421524
    ],
    "rotationMatrix" : [
      -0.9006074070930481,
      -0.02006034553050995,
      0.43417006731033325,
      0.4289689064025879,
      0.11972229927778244,
      0.8953502774238586,
      -0.06994086503982544,
      0.992604672908783,
      -0.09921742230653763
    ]
  },
  {
    "timestamp" : 235326301018,
    "userAcceleration" : [
      -0.036785341799259186,
      -0.003898799419403076,
      -0.008373618125915527
    ],
    "gravity" : [
      0.06811163574457169,
      -0.9922406673431396,
      0.10401566326618195
    ],
    "rotationMatrix" : [
      -0.90108722448349,
      -0.01642926037311554,
      0.43332651257514954,
      0.4282553195953369,
      0.12324170768260956,
      0.8952144384384155,
      -0.06811162829399109,
      0.9922406673431396,
      -0.10401560366153717
    ]
  },
  {
    "timestamp" : 235326311038,
    "userAcceleration" : [
      -0.035448722541332245,
      -0.004336297512054443,
      -0.013296127319335938
    ],
    "gravity" : [
      0.06677504628896713,
      -0.9918031096458435,
      0.10893813520669937
    ],
    "rotationMatrix" : [
      -0.9018341898918152,
      -0.013280883431434631,
      0.4318777918815613,
      0.4268909692764282,
      0.127082958817482,
      0.895328938961029,
      -0.06677503883838654,
      0.9918031096458435,
      -0.10893814265727997
    ]
  },
  {
    "timestamp" : 235326321058,
    "userAcceleration" : [
      -0.03764120489358902,
      0.007241785526275635,
      -0.014010787010192871
    ],
    "gravity" : [
      0.06570214033126831,
      -0.9912810325622559,
      0.11421526223421097
    ],
    "rotationMatrix" : [
      -0.9027482867240906,
      -0.01028434932231903,
      0.4300459921360016,
      0.4251217842102051,
      0.131362646818161,
      0.8955530524253845,
      -0.06570214033126831,
      0.9912809729576111,
      -0.11421521753072739
    ]
  },
  {
    "timestamp" : 235326331079,
    "userAcceleration" : [
      -0.026069775223731995,
      0.030211448669433594,
      0.005205288529396057
    ],
    "gravity" : [
      0.06459825485944748,
      -0.9906912446022034,
      0.11982524394989014
    ],
    "rotationMatrix" : [
      -0.9036850929260254,
      -0.007141217589378357,
      0.4281381368637085,
      0.4232969880104065,
      0.13594120740890503,
      0.8957341909408569,
      -0.06459824740886688,
      0.9906911849975586,
      -0.11982519179582596
    ]
  },
  {
    "timestamp" : 235326341099,
    "userAcceleration" : [
      -0.003916554152965546,
      0.049973368644714355,
      0.031941771507263184
    ],
    "gravity" : [
      0.06325799226760864,
      -0.9900672435760498,
      0.12555934488773346
    ],
    "rotationMatrix" : [
      -0.904323399066925,
      -0.0036491304636001587,
      0.4268321394920349,
      0.4221343398094177,
      0.14054693281650543,
      0.8955719470977783,
      -0.06325799226760864,
      0.9900672435760498,
      -0.12555937469005585
    ]
  },
  {
    "timestamp" : 235326351120,
    "userAcceleration" : [
      0.02822449803352356,
      0.06489509344100952,
      0.057221412658691406
    ],
    "gravity" : [
      0.06152770295739174,
      -0.98945552110672,
      0.1311178356409073
    ],
    "rotationMatrix" : [
      -0.9044945240020752,
      0.00027117133140563965,
      0.4264847934246063,
      0.42202332615852356,
      0.1448361724615097,
      0.8949405550956726,
      -0.06152769923210144,
      0.98945552110672,
      -0.1311178356409073
    ]
  },
  {
    "timestamp" : 235326361140,
    "userAcceleration" : [
      0.03862488642334938,
      0.06375551223754883,
      0.06646883487701416
    ],
    "gravity" : [
      0.05953489989042282,
      -0.9888805150985718,
      0.13627463579177856
    ],
    "rotationMatrix" : [
      -0.9041064977645874,
      0.004451587796211243,
      0.42728391289711,
      0.42313939332962036,
      0.14864517748355865,
      0.8937883377075195,
      -0.05953490734100342,
      0.9888805150985718,
      -0.13627468049526215
    ]
  },
  {
    "timestamp" : 235326371160,
    "userAcceleration" : [
      0.03394455090165138,
      0.05101519823074341,
      0.05769181251525879
    ],
    "gravity" : [
      0.05736406520009041,
      -0.9883472919464111,
      0.14099282026290894
    ],
    "rotationMatrix" : [
      -0.9032501578330994,
      0.00877755880355835,
      0.42902445793151855,
      0.4252627491950989,
      0.15196241438388824,
      0.8922213315963745,
      -0.05736406147480011,
      0.9883472919464111,
      -0.14099280536174774
    ]
  },
  {
    "timestamp" : 235326381181,
    "userAcceleration" : [
      0.004996445029973984,
      0.031517982482910156,
      0.02030704915523529
    ],
    "gravity" : [
      0.05529104918241501,
      -0.9878013730049133,
      0.14557123184204102
    ],
    "rotationMatrix" : [
      -0.9021100401878357,
      0.013066768646240234,
      0.43130719661712646,
      0.4279480576515198,
      0.15516912937164307,
      0.8903834819793701,
      -0.055291056632995605,
      0.9878013134002686,
      -0.14557117223739624
    ]
  },
  {
    "timestamp" : 235326391201,
    "userAcceleration" : [
      -0.03649654611945152,
      0.0035010576248168945,
      -0.021313562989234924
    ],
    "gravity" : [
      0.05355587974190712,
      -0.9871892333030701,
      0.15029600262641907
    ],
    "rotationMatrix" : [
      -0.9009508490562439,
      0.01713395118713379,
      0.43358197808265686,
      0.43060269951820374,
      0.15863049030303955,
      0.888491690158844,
      -0.05355587601661682,
      0.9871892333030701,
      -0.1502959132194519
    ]
  },
  {
    "timestamp" : 235326401222,
    "userAcceleration" : [
      -0.05229532718658447,
      0.004218876361846924,
      -0.05542422831058502
    ],
    "gravity" : [
      0.05221904069185257,
      -0.9864727854728699,
      0.15538448095321655
    ],
    "rotationMatrix" : [
      -0.9000436663627625,
      0.02092200517654419,
      0.4352966547012329,
      0.4326593279838562,
      0.16258391737937927,
      0.8867762088775635,
      -0.052219048142433167,
      0.9864727258682251,
      -0.15538451075553894
    ]
  },
  {
    "timestamp" : 235326411242,
    "userAcceleration" : [
      -0.05125277116894722,
      0.0034027695655822754,
      -0.06085526943206787
    ],
    "gravity" : [
      0.051176488399505615,
      -0.98565673828125,
      0.1608155518770218
    ],
    "rotationMatrix" : [
      -0.8996238708496094,
      0.024423405528068542,
      0.4359818696975708,
      0.43365615606307983,
      0.1669856607913971,
      0.8854705095291138,
      -0.05117650330066681,
      0.98565673828125,
      -0.16081556677818298
    ]
  },
  {
    "timestamp" : 235326421262,
    "userAcceleration" : [
      -0.05034136027097702,
      0.002533257007598877,
      -0.0663752555847168
    ],
    "gravity" : [
      0.050265081226825714,
      -0.9847871661186218,
      0.16633549332618713
    ],
    "rotationMatrix" : [
      -0.8997516632080078,
      0.027637779712677002,
      0.43552595376968384,
      0.4334975481033325,
      0.17155252397060394,
      0.8846748471260071,
      -0.05026505887508392,
      0.9847871661186218,
      -0.16633547842502594
    ]
  },
  {
    "timestamp" : 235326431283,
    "userAcceleration" : [
      -0.0432717502117157,
      0.01960831880569458,
      -0.029891476035118103
    ],
    "gravity" : [
      0.049375295639038086,
      -0.9839180111885071,
      0.17166082561016083
    ],
    "rotationMatrix" : [
      -0.9002633094787598,
      0.030588284134864807,
      0.4342699348926544,
      0.4325368404388428,
      0.17598208785057068,
      0.884274959564209,
      -0.049375295639038086,
      0.9839180707931519,
      -0.17166081070899963
    ]
  },
  {
    "timestamp" : 235326441303,
    "userAcceleration" : [
      -0.029387596994638443,
      0.025276899337768555,
      0.011342644691467285
    ],
    "gravity" : [
      0.04846111685037613,
      -0.9830862283706665,
      0.17661511898040771
    ],
    "rotationMatrix" : [
      -0.9008588790893555,
      0.033351629972457886,
      0.4328290522098541,
      0.4313986897468567,
      0.18008071184158325,
      0.8840057253837585,
      -0.04846110939979553,
      0.9830862879753113,
      -0.1766151785850525
    ]
  },
  {
    "timestamp" : 235326451324,
    "userAcceleration" : [
      -0.02196258306503296,
      0.02544426918029785,
      0.04371771216392517
    ],
    "gravity" : [
      0.04752108454704285,
      -0.9822921752929688,
      0.18122725188732147
    ],
    "rotationMatrix" : [
      -0.9012146592140198,
      0.03607846796512604,
      0.43186765909194946,
      0.4307587146759033,
      0.18384799361228943,
      0.883542001247406,
      -0.04752108454704285,
      0.982292115688324,
      -0.18122729659080505
    ]
  },
  {
    "timestamp" : 235326461344,
    "userAcceleration" : [
      -0.009002838283777237,
      0.018717467784881592,
      0.054730892181396484
    ],
    "gravity" : [
      0.04660053551197052,
      -0.9814859628677368,
      0.18577808141708374
    ],
    "rotationMatrix" : [
      -0.9010435342788696,
      0.03898373246192932,
      0.43197280168533325,
      0.43121758103370667,
      0.18752449750900269,
      0.8825451135635376,
      -0.04660053551197052,
      0.9814859628677368,
      -0.18577808141708374
    ]
  },
  {
    "timestamp" : 235326471364,
    "userAcceleration" : [
      -0.004414349794387817,
      0.01210331916809082,
      0.045038461685180664
    ],
    "gravity" : [
      0.04576568678021431,
      -0.9805938005447388,
      0.19063346087932587
    ],
    "rotationMatrix" : [
      -0.9002772569656372,
      0.04221220314502716,
      0.4332650899887085,
      0.43290412425994873,
      0.1914518028497696,
      0.8808746337890625,
      -0.04576568305492401,
      0.9805938005447388,
      -0.1906334012746811
    ]
  },
  {
    "timestamp" : 235326481385,
    "userAcceleration" : [
      -0.01292935386300087,
      0.012691855430603027,
      0.025292128324508667
    ],
    "gravity" : [
      0.045033879578113556,
      -0.9796106219291687,
      0.19579240679740906
    ],
    "rotationMatrix" : [
      -0.8991126418113708,
      0.04567457735538483,
      0.43532729148864746,
      0.4353940486907959,
      0.19564419984817505,
      0.8787236213684082,
      -0.04503388702869415,
      0.9796106815338135,
      -0.19579243659973145
    ]
  },
  {
    "timestamp" : 235326491405,
    "userAcceleration" : [
      -0.009076293557882309,
      0.012665510177612305,
      0.00907185673713684
    ],
    "gravity" : [
      0.0443088598549366,
      -0.9785926938056946,
      0.20098064839839935
    ],
    "rotationMatrix" : [
      -0.8978745341300964,
      0.04919719696044922,
      0.43749409914016724,
      0.43801620602607727,
      0.19984015822410583,
      0.8764734864234924,
      -0.0443088561296463,
      0.9785926938056946,
      -0.20098063349723816
    ]
  },
  {
    "timestamp" : 235326501426,
    "userAcceleration" : [
      -0.005303524434566498,
      0.014949321746826172,
      -0.005223274230957031
    ],
    "gravity" : [
      0.04352680221199989,
      -0.9775804877281189,
      0.20601360499858856
    ],
    "rotationMatrix" : [
      -0.8968499302864075,
      0.052622586488723755,
      0.43919333815574646,
      0.44018784165382385,
      0.20388011634349823,
      0.8744526505470276,
      -0.043526798486709595,
      0.9775804877281189,
      -0.20601357519626617
    ]
  },
  {
    "timestamp" : 235326511446,
    "userAcceleration" : [
      -0.006806645542383194,
      0.024132490158081055,
      -0.0163804292678833
    ],
    "gravity" : [
      0.042619045823812485,
      -0.9766013026237488,
      0.21079257130622864
    ],
    "rotationMatrix" : [
      -0.8962078094482422,
      0.0558820515871048,
      0.44010090827941895,
      0.44158267974853516,
      0.20767062902450562,
      0.872856080532074,
      -0.04261903464794159,
      0.9766013026237488,
      -0.21079260110855103
    ]
  },
  {
    "timestamp" : 235326521466,
    "userAcceleration" : [
      -0.006988301873207092,
      0.028717994689941406,
      -0.013125434517860413
    ],
    "gravity" : [
      0.04157998785376549,
      -0.9756478071212769,
      0.21536536514759064
    ],
    "rotationMatrix" : [
      -0.8958879709243774,
      0.05902071297168732,
      0.44034191966056824,
      0.4423297047615051,
      0.2112528383731842,
      0.8716171979904175,
      -0.041579991579055786,
      0.9756478071212769,
      -0.21536538004875183
    ]
  },
  {
    "timestamp" : 235326531487,
    "userAcceleration" : [
      -0.010158021003007889,
      0.028246045112609863,
      -0.007260769605636597
    ],
    "gravity" : [
      0.04046201705932617,
      -0.9746572375297546,
      0.22001402080059052
    ],
    "rotationMatrix" : [
      -0.8958115577697754,
      0.062149643898010254,
      0.4400671422481537,
      0.4425883889198303,
      0.2148970514535904,
      0.8705945014953613,
      -0.04046201705932617,
      0.9746571779251099,
      -0.22001396119594574
    ]
  },
  {
    "timestamp" : 235326541507,
    "userAcceleration" : [
      -0.021271489560604095,
      0.02538210153579712,
      0.0055283308029174805
    ],
    "gravity" : [
      0.03944474458694458,
      -0.9735631346702576,
      0.22498616576194763
    ],
    "rotationMatrix" : [
      -0.895622193813324,
      0.0653911679983139,
      0.43998265266418457,
      0.44306302070617676,
      0.21885770559310913,
      0.8693655133247375,
      -0.03944474458694458,
      0.9735631346702576,
      -0.22498619556427002
    ]
  },
  {
    "timestamp" : 235326551528,
    "userAcceleration" : [
      -0.030202612280845642,
      0.01914346218109131,
      0.03523421287536621
    ],
    "gravity" : [
      0.038701772689819336,
      -0.9723751544952393,
      0.2301923632621765
    ],
    "rotationMatrix" : [
      -0.8950996398925781,
      0.06866545975208282,
      0.4405467212200165,
      0.44418299198150635,
      0.22309522330760956,
      0.8677153587341309,
      -0.038701772689819336,
      0.9723751544952393,
      -0.2301923781633377
    ]
  },
  {
    "timestamp" : 235326561548,
    "userAcceleration" : [
      -0.033709485083818436,
      0.017954468727111816,
      0.06932219862937927
    ],
    "gravity" : [
      0.03828712925314903,
      -0.9711708426475525,
      0.23528893291950226
    ],
    "rotationMatrix" : [
      -0.8942143321037292,
      0.07179383933544159,
      0.44184356927871704,
      0.445997953414917,
      0.22731608152389526,
      0.8656864166259766,
      -0.03828713297843933,
      0.9711707830429077,
      -0.23528897762298584
    ]
  },
  {
    "timestamp" : 235326571568,
    "userAcceleration" : [
      -0.026235245168209076,
      0.018398821353912354,
      0.09081943333148956
    ],
    "gravity" : [
      0.038167644292116165,
      -0.970012903213501,
      0.24003684520721436
    ],
    "rotationMatrix" : [
      -0.8928571343421936,
      0.07476167380809784,
      0.44408997893333435,
      0.4487186670303345,
      0.2312690019607544,
      0.8632298707962036,
      -0.03816762566566467,
      0.970012903213501,
      -0.24003678560256958
    ]
  },
  {
    "timestamp" : 235326581589,
    "userAcceleration" : [
      -0.005518786609172821,
      0.026949524879455566,
      0.08572052419185638
    ],
    "gravity" : [
      0.038218386471271515,
      -0.968935489654541,
      0.24434226751327515
    ],
    "rotationMatrix" : [
      -0.8911518454551697,
      0.07757817208766937,
      0.447022944688797,
      0.4520920515060425,
      0.2348307967185974,
      0.8605039715766907,
      -0.03821837902069092,
      0.9689354300498962,
      -0.24434220790863037
    ]
  },
  {
    "timestamp" : 235326591609,
    "userAcceleration" : [
      0.01297757774591446,
      0.045113444328308105,
      0.06863725185394287
    ],
    "gravity" : [
      0.03816991299390793,
      -0.9679496884346008,
      0.24822673201560974
    ],
    "rotationMatrix" : [
      -0.8892104029655457,
      0.08043132722377777,
      0.4503728747367859,
      0.45590347051620483,
      0.23791643977165222,
      0.8576408624649048,
      -0.03816989064216614,
      0.9679497480392456,
      -0.24822673201560974
    ]
  },
  {
    "timestamp" : 235326601629,
    "userAcceleration" : [
      0.030626147985458374,
      0.060610949993133545,
      0.03594443202018738
    ],
    "gravity" : [
      0.03776375576853752,
      -0.9670286178588867,
      0.25185155868530273
    ],
    "rotationMatrix" : [
      -0.8871276378631592,
      0.08356821537017822,
      0.45389461517333984,
      0.4599759578704834,
      0.24056556820869446,
      0.854722261428833,
      -0.03776372969150543,
      0.9670286178588867,
      -0.25185152888298035
    ]
  },
  {
    "timestamp" : 235326611650,
    "userAcceleration" : [
      -0.02045951411128044,
      0.021906256675720215,
      -0.01411360502243042
    ],
    "gravity" : [
      0.03696953505277634,
      -0.9661198854446411,
      0.25543129444122314
    ],
    "rotationMatrix" : [
      -0.8849568963050842,
      0.08708292245864868,
      0.45745721459388733,
      0.464202344417572,
      0.24295812845230103,
      0.8517553806304932,
      -0.036969542503356934,
      0.9661198854446411,
      -0.25543129444122314
    ]
  },
  {
    "timestamp" : 235326621670,
    "userAcceleration" : [
      -0.019483134150505066,
      0.020942330360412598,
      -0.017869502305984497
    ],
    "gravity" : [
      0.03599318116903305,
      -0.9651560187339783,
      0.2591872215270996
    ],
    "rotationMatrix" : [
      -0.8831835985183716,
      0.09064386785030365,
      0.46018481254577637,
      0.4676439166069031,
      0.2454736977815628,
      0.849147617816925,
      -0.035993173718452454,
      0.9651560187339783,
      -0.2591872811317444
    ]
  },
  {
    "timestamp" : 235326631691,
    "userAcceleration" : [
      -0.018697980791330338,
      0.019876420497894287,
      -0.021912842988967896
    ],
    "gravity" : [
      0.035208020359277725,
      -0.9640901684761047,
      0.26323050260543823
    ],
    "rotationMatrix" : [
      -0.8810590505599976,
      0.09437479078769684,
      0.46349528431892395,
      0.47169363498687744,
      0.2482406497001648,
      0.8460978269577026,
      -0.03520801663398743,
      0.96409010887146,
      -0.26323050260543823
    ]
  },
  {
    "timestamp" : 235326641711,
    "userAcceleration" : [
      -0.04192885383963585,
      -0.011563718318939209,
      -0.005902409553527832
    ],
    "gravity" : [
      0.034940361976623535,
      -0.962954044342041,
      0.26739218831062317
    ],
    "rotationMatrix" : [
      -0.8793473243713379,
      0.09751640260219574,
      0.46608877182006836,
      0.47489720582962036,
      0.2514159679412842,
      0.843363881111145,
      -0.034940361976623535,
      0.962954044342041,
      -0.2673921585083008
    ]
  },
  {
    "timestamp" : 235326651731,
    "userAcceleration" : [
      -0.03421349450945854,
      -0.030062496662139893,
      0.020574361085891724
    ],
    "gravity" : [
      0.03525112196803093,
      -0.9618504047393799,
      0.2712957561016083
    ],
    "rotationMatrix" : [
      -0.8775932192802429,
      0.10007721185684204,
      0.46884435415267944,
      0.47810858488082886,
      0.2546144127845764,
      0.8405852913856506,
      -0.03525114059448242,
      0.9618503451347351,
      -0.27129578590393066
    ]
  },
  {
    "timestamp" : 235326661752,
    "userAcceleration" : [
      -0.006306823343038559,
      -0.020421862602233887,
      0.040303200483322144
    ],
    "gravity" : [
      0.035954661667346954,
      -0.9608707427978516,
      0.2746533453464508
    ],
    "rotationMatrix" : [
      -0.8760978579521179,
      0.10191522538661957,
      0.4712381362915039,
      0.48079031705856323,
      0.2575666606426239,
      0.8381527662277222,
      -0.03595465421676636,
      0.9608707427978516,
      -0.27465328574180603
    ]
  },
  {
    "timestamp" : 235326671772,
    "userAcceleration" : [
      0.024422604590654373,
      0.005876779556274414,
      0.042516857385635376
    ],
    "gravity" : [
      0.036734648048877716,
      -0.9600698947906494,
      0.27733781933784485
    ],
    "rotationMatrix" : [
      -0.8747332096099854,
      0.103302001953125,
      0.4734664559364319,
      0.4832104444503784,
      0.25998926162719727,
      0.8360103368759155,
      -0.03673465549945831,
      0.9600698947906494,
      -0.27733778953552246
    ]
  },
  {
    "timestamp" : 235326681793,
    "userAcceleration" : [
      0.04588330164551735,
      0.02195155620574951,
      0.033005475997924805
    ],
    "gravity" : [
      0.03735342621803284,
      -0.95945143699646,
      0.2793877124786377
    ],
    "rotationMatrix" : [
      -0.8736699223518372,
      0.10436055064201355,
      0.47519418597221375,
      0.48508283495903015,
      0.26184290647506714,
      0.8343456983566284,
      -0.03735342621803284,
      0.95945143699646,
      -0.2793877124786377
    ]
  },
  {
    "timestamp" : 235326691813,
    "userAcceleration" : [
      0.054751571267843246,
      0.02217543125152588,
      0.012685239315032959
    ],
    "gravity" : [
      0.03767094016075134,
      -0.9589275121688843,
      0.2811378836631775
    ],
    "rotationMatrix" : [
      -0.8725177645683289,
      0.10558126866817474,
      0.4770374000072479,
      0.48712724447250366,
      0.2632686495780945,
      0.8327043056488037,
      -0.03767094016075134,
      0.9589275121688843,
      -0.2811378240585327
    ]
  },
  {
    "timestamp" : 235326701833,
    "userAcceleration" : [
      0.04642957076430321,
      0.015263259410858154,
      -0.013930201530456543
    ],
    "gravity" : [
      0.03772267326712608,
      -0.9583631753921509,
      0.28304943442344666
    ],
    "rotationMatrix" : [
      -0.8716002702713013,
      0.10698646306991577,
      0.4784003496170044,
      0.4887637495994568,
      0.2647525668144226,
      0.8312737941741943,
      -0.037722691893577576,
      0.9583631753921509,
      -0.2830495238304138
    ]
  },
  {
    "timestamp" : 235326711854,
    "userAcceleration" : [
      0.04031834378838539,
      -0.005679786205291748,
      -0.025741219520568848
    ],
    "gravity" : [
      0.03765410929918289,
      -0.9576684832572937,
      0.2853999435901642
    ],
    "rotationMatrix" : [
      -0.8710452318191528,
      0.10852056741714478,
      0.47906506061553955,
      0.4897572994232178,
      0.26663509011268616,
      0.8300864696502686,
      -0.037654101848602295,
      0.9576685428619385,
      -0.2853998839855194
    ]
  },
  {
    "timestamp" : 235326721874,
    "userAcceleration" : [
      0.07121316343545914,
      -0.01833200454711914,
      -0.02483201026916504
    ],
    "gravity" : [
      0.03750574588775635,
      -0.9568266272544861,
      0.2882291376590729
    ],
    "rotationMatrix" : [
      -0.8698368668556213,
      0.11072361469268799,
      0.48075342178344727,
      0.49191147089004517,
      0.26874351501464844,
      0.8281303644180298,
      -0.03750574588775635,
      0.9568265676498413,
      -0.28822916746139526
    ]
  },
  {
    "timestamp" : 235326731895,
    "userAcceleration" : [
      0.0714307576417923,
      -0.01933377981185913,
      -0.02816486358642578
    ],
    "gravity" : [
      0.03728814795613289,
      -0.9558247923851013,
      0.291562020778656
    ],
    "rotationMatrix" : [
      -0.8688170313835144,
      0.11314395070075989,
      0.4820324182510376,
      0.49372705817222595,
      0.27128827571868896,
      0.8262180089950562,
      -0.037288129329681396,
      0.9558247327804565,
      -0.291562020778656
    ]
  },
  {
    "timestamp" : 235326741915,
    "userAcceleration" : [
      0.07188260555267334,
      -0.020478904247283936,
      -0.031949639320373535
    ],
    "gravity" : [
      0.03683628886938095,
      -0.9546796679496765,
      0.29534679651260376
    ],
    "rotationMatrix" : [
      -0.867621123790741,
      0.11609654128551483,
      0.4834822714328766,
      0.49585944414138794,
      0.27405884861946106,
      0.8240237236022949,
      -0.03683629631996155,
      0.9546797275543213,
      -0.29534676671028137
    ]
  },
  {
    "timestamp" : 235326751935,
    "userAcceleration" : [
      0.07357476651668549,
      -0.011127352714538574,
      -0.05242028832435608
    ],
    "gravity" : [
      0.035952840000391006,
      -0.9534263014793396,
      0.2994753122329712
    ],
    "rotationMatrix" : [
      -0.8665533065795898,
      0.11952567100524902,
      0.4845605492591858,
      0.49778783321380615,
      0.2769327461719513,
      0.8218974471092224,
      -0.0359528511762619,
      0.9534263014793396,
      -0.29947540163993835
    ]
  },
  {
    "timestamp" : 235326761956,
    "userAcceleration" : [
      0.059632450342178345,
      -0.012149631977081299,
      -0.07549187541007996
    ],
    "gravity" : [
      0.034651629626750946,
      -0.9520685076713562,
      0.30391597747802734
    ],
    "rotationMatrix" : [
      -0.8659100532531738,
      0.12323448061943054,
      0.48478156328201294,
      0.4989981949329376,
      0.27996230125427246,
      0.8201353549957275,
      -0.03465162217617035,
      0.9520684480667114,
      -0.30391597747802734
    ]
  },
  {
    "timestamp" : 235326771976,
    "userAcceleration" : [
      0.02778254821896553,
      -0.033525824546813965,
      -0.07762396335601807
    ],
    "gravity" : [
      0.03316108137369156,
      -0.9506049752235413,
      0.308626651763916
    ],
    "rotationMatrix" : [
      -0.8657846450805664,
      0.12694986164569855,
      0.4840460419654846,
      0.4993167519569397,
      0.28325578570365906,
      0.818809449672699,
      -0.033161088824272156,
      0.9506049752235413,
      -0.3086266815662384
    ]
  },
  {
    "timestamp" : 235326781997,
    "userAcceleration" : [
      0.009931296110153198,
      -0.05339747667312622,
      -0.055452942848205566
    ],
    "gravity" : [
      0.03174049034714699,
      -0.9490895867347717,
      0.3134027421474457
    ],
    "rotationMatrix" : [
      -0.8660929799079895,
      0.13038915395736694,
      0.48257768154144287,
      0.49887382984161377,
      0.2867533564567566,
      0.8178614377975464,
      -0.03174048662185669,
      0.9490896463394165,
      -0.3134026527404785
    ]
  },
  {
    "timestamp" : 235326792017,
    "userAcceleration" : [
      -0.0016749165952205658,
      -0.08022713661193848,
      -0.02698001265525818
    ],
    "gravity" : [
      0.030712414532899857,
      -0.9476045370101929,
      0.31796494126319885
    ],
    "rotationMatrix" : [
      -0.8668187260627747,
      0.13314193487167358,
      0.48051804304122925,
      0.49767571687698364,
      0.2903764545917511,
      0.8173127174377441,
      -0.030712410807609558,
      0.9476045370101929,
      -0.31796494126319885
    ]
  },
  {
    "timestamp" : 235326802037,
    "userAcceleration" : [
      -0.016052616760134697,
      -0.09123218059539795,
      -0.005358606576919556
    ],
    "gravity" : [
      0.030090728774666786,
      -0.9462738037109375,
      0.3219631314277649
    ],
    "rotationMatrix" : [
      -0.8680305480957031,
      0.13497008383274078,
      0.47781336307525635,
      0.4955977201461792,
      0.2938518226146698,
      0.8173334002494812,
      -0.030090734362602234,
      0.9462737441062927,
      -0.3219631016254425
    ]
  },
  {
    "timestamp" : 235326812058,
    "userAcceleration" : [
      -0.018760930746793747,
      -0.07576686143875122,
      0.01552724838256836
    ],
    "gravity" : [
      0.029686249792575836,
      -0.945168137550354,
      0.32523196935653687
    ],
    "rotationMatrix" : [
      -0.8696801662445068,
      0.1359669417142868,
      0.47452017664909363,
      0.49272215366363525,
      0.296934574842453,
      0.8179575800895691,
      -0.02968624234199524,
      0.9451680779457092,
      -0.32523205876350403
    ]
  },
  {
    "timestamp" : 235326822078,
    "userAcceleration" : [
      -0.015073636546730995,
      -0.06267416477203369,
      0.02718973159790039
    ],
    "gravity" : [
      0.029477974399924278,
      -0.9442532062530518,
      0.3278975188732147
    ],
    "rotationMatrix" : [
      -0.8715986609458923,
      0.13630880415439606,
      0.47088783979415894,
      0.48933273553848267,
      0.2996760606765747,
      0.8189918398857117,
      -0.029477998614311218,
      0.944253146648407,
      -0.32789748907089233
    ]
  },
  {
    "timestamp" : 235326832099,
    "userAcceleration" : [
      -0.0020522326231002808,
      -0.056075453758239746,
      0.03227198123931885
    ],
    "gravity" : [
      0.02944178879261017,
      -0.943451464176178,
      0.3302004337310791
    ],
    "rotationMatrix" : [
      -0.8735886216163635,
      0.136255145072937,
      0.4672013819217682,
      0.48577338457107544,
      0.3022148013114929,
      0.8201769590377808,
      -0.029441803693771362,
      0.9434514045715332,
      -0.3302004337310791
    ]
  },
  {
    "timestamp" : 235326842119,
    "userAcceleration" : [
      0.009452871978282928,
      -0.046223342418670654,
      0.03236380219459534
    ],
    "gravity" : [
      0.02957913838326931,
      -0.9426378011703491,
      0.33250436186790466
    ],
    "rotationMatrix" : [
      -0.8753659725189209,
      0.136163592338562,
      0.4638901948928833,
      0.4825553894042969,
      0.3047843873500824,
      0.821125328540802,
      -0.029579132795333862,
      0.9426377415657043,
      -0.33250442147254944
    ]
  },
  {
    "timestamp" : 235326852139,
    "userAcceleration" : [
      0.014802064746618271,
      -0.03566265106201172,
      0.04221007227897644
    ],
    "gravity" : [
      0.02987571991980076,
      -0.9417545199394226,
      0.33497199416160583
    ],
    "rotationMatrix" : [
      -0.8766217827796936,
      0.13632841408252716,
      0.4614643454551697,
      0.4802522659301758,
      0.3074300289154053,
      0.8214893341064453,
      -0.029875725507736206,
      0.9417544603347778,
      -0.334972083568573
    ]
  },
  {
    "timestamp" : 235326862160,
    "userAcceleration" : [
      0.022077107802033424,
      -0.023955583572387695,
      0.04603469371795654
    ],
    "gravity" : [
      0.030321594327688217,
      -0.9406744241714478,
      0.33795273303985596
    ],
    "rotationMatrix" : [
      -0.877079963684082,
      0.13711930811405182,
      0.4603573977947235,
      0.4793863296508789,
      0.31037047505378723,
      0.8208891153335571,
      -0.030321598052978516,
      0.9406744241714478,
      -0.3379528224468231
    ]
  },
  {
    "timestamp" : 235326872180,
    "userAcceleration" : [
      0.04210474342107773,
      -0.021550297737121582,
      0.03240001201629639
    ],
    "gravity" : [
      0.030939117074012756,
      -0.9392498135566711,
      0.3418370485305786
    ],
    "rotationMatrix" : [
      -0.8765860795974731,
      0.13882680237293243,
      0.46078628301620483,
      0.4802495837211609,
      0.3139059245586395,
      0.8190380930900574,
      -0.03093913197517395,
      0.9392498135566711,
      -0.341837078332901
    ]
  },
  {
    "timestamp" : 235326882201,
    "userAcceleration" : [
      0.05902658775448799,
      -0.029481112957000732,
      0.019336730241775513
    ],
    "gravity" : [
      0.03173272684216499,
      -0.937498927116394,
      0.3465384542942047
    ],
    "rotationMatrix" : [
      -0.8752956986427307,
      0.1413235068321228,
      0.46247729659080505,
      0.48254597187042236,
      0.3179991841316223,
      0.8161041736602783,
      -0.03173273801803589,
      0.937498927116394,
      -0.3465384244918823
    ]
  },
  {
    "timestamp" : 235326892221,
    "userAcceleration" : [
      0.06626510620117188,
      -0.028277039527893066,
      0.007169574499130249
    ],
    "gravity" : [
      0.03248979151248932,
      -0.9356052875518799,
      0.3515491783618927
    ],
    "rotationMatrix" : [
      -0.8736207485198975,
      0.14428091049194336,
      0.4647250175476074,
      0.4855210781097412,
      0.3222198188304901,
      0.812676727771759,
      -0.03248979151248932,
      0.9356052279472351,
      -0.3515491783618927
    ]
  },
  {
    "timestamp" : 235326902241,
    "userAcceleration" : [
      0.06476221233606339,
      -0.02873164415359497,
      -0.010836869478225708
    ],
    "gravity" : [
      0.032985612750053406,
      -0.9336857795715332,
      0.35657045245170593
    ],
    "rotationMatrix" : [
      -0.8720204830169678,
      0.1474371999502182,
      0.46673548221588135,
      0.4883561134338379,
      0.32633262872695923,
      0.8093301057815552,
      -0.0329856276512146,
      0.9336857795715332,
      -0.35657042264938354
    ]
  },
  {
    "timestamp" : 235326912262,
    "userAcceleration" : [
      0.044434357434511185,
      -0.026522040367126465,
      -0.03729584813117981
    ],
    "gravity" : [
      0.0331413559615612,
      -0.9317297339439392,
      0.36163660883903503
    ],
    "rotationMatrix" : [
      -0.8708475232124329,
      0.15063385665416718,
      0.4679034948348999,
      0.4904344081878662,
      0.330437570810318,
      0.8064025044441223,
      -0.0331413596868515,
      0.9317297339439392,
      -0.3616366684436798
    ]
  },
  {
    "timestamp" : 235326922282,
    "userAcceleration" : [
      0.024052750319242477,
      -0.025587081909179688,
      -0.05384725332260132
    ],
    "gravity" : [
      0.03296937420964241,
      -0.9296891689300537,
      0.36686596274375916
    ],
    "rotationMatrix" : [
      -0.8702448606491089,
      0.15381301939487457,
      0.4679901897907257,
      0.49151426553726196,
      0.33469298481941223,
      0.8039864301681519,
      -0.032969385385513306,
      0.9296891689300537,
      -0.36686596274375916
    ]
  },
  {
    "timestamp" : 235326932303,
    "userAcceleration" : [
      0.013629317283630371,
      -0.01991933584213257,
      -0.037073343992233276
    ],
    "gravity" : [
      0.032620105892419815,
      -0.9275599122047424,
      0.3722479045391083
    ],
    "rotationMatrix" : [
      -0.8700827956199646,
      0.1569216251373291,
      0.4672595262527466,
      0.4918249845504761,
      0.3391285836696625,
      0.8019351363182068,
      -0.03262011706829071,
      0.9275599122047424,
      -0.3722479045391083
    ]
  },
  {
    "timestamp" : 235326942323,
    "userAcceleration" : [
      0.010142717510461807,
      -0.013644278049468994,
      0.003466963768005371
    ],
    "gravity" : [
      0.032292015850543976,
      -0.9253968000411987,
      0.37762126326560974
    ],
    "rotationMatrix" : [
      -0.8700448274612427,
      0.15992434322834015,
      0.46631094813346863,
      0.4919135570526123,
      0.34360575675964355,
      0.7999725341796875,
      -0.03229200839996338,
