[
  {
    "userAcceleration" : [
      -0.008826225996017456,
      0.019654035568237305,
      -0.04064208269119263
    ],
    "gravity" : [
      0.12464047223329544,
      -0.9880987405776978,
      -0.09014100581407547
    ],
    "rotationMatrix" : [
      -0.9231806993484497,
      -0.14878249168395996,
      0.35440218448638916,
      0.36359578371047974,
      -0.03904341161251068,
      0.9307381510734558,
      -0.12464047223329544,
      0.9880988001823425,
      0.09014095366001129
    ],
    "timestamp" : 235346256991
  },
  {
    "userAcceleration" : [
      0.0043733566999435425,
      0.025151431560516357,
      -0.04237020015716553
    ],
    "gravity" : [
      0.12610457837581635,
      -0.9880267381668091,
      -0.08888594806194305
    ],
    "rotationMatrix" : [
      -0.9245966672897339,
      -0.14952951669692993,
      0.3503739833831787,
      0.3594699501991272,
      -0.03799985721707344,
      0.9323826432228088,
      -0.12610456347465515,
      0.9880267977714539,
      0.08888591080904007
    ],
    "timestamp" : 235346267012
  },
  {
    "userAcceleration" : [
      0.008567720651626587,
      0.024572312831878662,
      -0.04055876284837723
    ],
    "gravity" : [
      0.1270524114370346,
      -0.9880580306053162,
      -0.08717259019613266
    ],
    "rotationMatrix" : [
      -0.9260603189468384,
      -0.1496451050043106,
      0.3464374542236328,
      0.3553452491760254,
      -0.03671149164438248,
      0.9340140223503113,
      -0.1270524114370346,
      0.9880580306053162,
      0.08717259019613266
    ],
    "timestamp" : 235346277033
  },
  {
    "userAcceleration" : [
      -0.0011133402585983276,
      0.019624769687652588,
      -0.04083942621946335
    ],
    "gravity" : [
      0.12744082510471344,
      -0.9882220029830933,
      -0.08470991253852844
    ],
    "rotationMatrix" : [
      -0.9273435473442078,
      -0.14901407063007355,
      0.3432610034942627,
      0.3518410921096802,
      -0.034809403121471405,
      0.9354120492935181,
      -0.12744084000587463,
      0.9882220029830933,
      0.08470989018678665
    ],
    "timestamp" : 235346287054
  },
  {
    "userAcceleration" : [
      -0.01956033706665039,
      -0.008891761302947998,
      -0.021692685782909393
    ],
    "gravity" : [
      0.1274247020483017,
      -0.988498866558075,
      -0.0814414918422699
    ],
    "rotationMatrix" : [
      -0.9285283088684082,
      -0.14775514602661133,
      0.3405923545360565,
      0.3487085700035095,
      -0.032220691442489624,
      0.936677098274231,
      -0.1274246871471405,
      0.9884989261627197,
      0.08144155144691467
    ],
    "timestamp" : 235346297074
  },
  {
    "userAcceleration" : [
      -0.01935538649559021,
      -0.008562982082366943,
      -0.025450341403484344
    ],
    "gravity" : [
      0.1272197663784027,
      -0.988827645778656,
      -0.07768382132053375
    ],
    "rotationMatrix" : [
      -0.9295726418495178,
      -0.1461825668811798,
      0.33841490745544434,
      0.34599006175994873,
      -0.02915935218334198,
      0.9377847909927368,
      -0.1272197812795639,
      0.9888275861740112,
      0.07768382132053375
    ],
    "timestamp" : 235346307095
  },
  {
    "userAcceleration" : [
      -0.029727652668952942,
      -0.022026240825653076,
      -0.0032564401626586914
    ],
    "gravity" : [
      0.12701769173145294,
      -0.9891431331634521,
      -0.07390730082988739
    ],
    "rotationMatrix" : [
      -0.9306780099868774,
      -0.14461857080459595,
      0.336041122674942,
      0.34308114647865295,
      -0.02610059455037117,
      0.9389430284500122,
      -0.12701767683029175,
      0.9891431331634521,
      0.0739072933793068
    ],
    "timestamp" : 235346317116
  },
  {
    "userAcceleration" : [
      -0.037830084562301636,
      -0.03179037570953369,
      0.020088613033294678
    ],
    "gravity" : [
      0.12704820930957794,
      -0.9893887639045715,
      -0.07048843801021576
    ],
    "rotationMatrix" : [
      -0.9316936135292053,
      -0.14341622591018677,
      0.33373433351516724,
      0.34030216932296753,
      -0.023273184895515442,
      0.9400280714035034,
      -0.12704820930957794,
      0.9893887042999268,
      0.07048843801021576
    ],
    "timestamp" : 235346327137
  },
  {
    "userAcceleration" : [
      -0.046366021037101746,
      -0.03822445869445801,
      0.03022419661283493
    ],
    "gravity" : [
      0.12752756476402283,
      -0.9895312786102295,
      -0.06756246089935303
    ],
    "rotationMatrix" : [
      -0.9326691627502441,
      -0.14281675219535828,
      0.3312581181526184,
      0.33743932843208313,
      -0.020769022405147552,
      0.9411182403564453,
      -0.12752756476402283,
      0.9895312786102295,
      0.06756243854761124
    ],
    "timestamp" : 235346337158
  },
  {
    "userAcceleration" : [
      -0.05551876127719879,
      -0.04471611976623535,
      0.029291868209838867
    ],
    "gravity" : [
      0.12857787311077118,
      -0.9895550012588501,
      -0.06518057733774185
    ],
    "rotationMatrix" : [
      -0.9336544871330261,
      -0.1429465413093567,
      0.3284132778644562,
      0.33430033922195435,
      -0.018629323691129684,
      0.9422824382781982,
      -0.12857785820960999,
      0.9895550012588501,
      0.06518059223890305
    ],
    "timestamp" : 235346347179
  },
  {
    "userAcceleration" : [
      -0.07061070203781128,
      -0.04612600803375244,
      0.021349072456359863
    ],
    "gravity" : [
      0.13018105924129486,
      -0.9894726872444153,
      -0.06321921199560165
    ],
    "rotationMatrix" : [
      -0.9347051978111267,
      -0.14374414086341858,
      0.3250594437122345,
      0.330724835395813,
      -0.01677461713552475,
      0.9435780644416809,
      -0.13018107414245605,
      0.9894726872444153,
      0.06321916729211807
    ],
    "timestamp" : 235346357199
  },
  {
    "userAcceleration" : [
      -0.07644511759281158,
      -0.03818786144256592,
      0.002524726092815399
    ],
    "gravity" : [
      0.13220076262950897,
      -0.9893237948417664,
      -0.06133214384317398
    ],
    "rotationMatrix" : [
      -0.9357712864875793,
      -0.14497128129005432,
      0.3214275538921356,
      0.3268872797489166,
      -0.014899998903274536,
      0.9449459314346313,
      -0.13220077753067017,
      0.9893237352371216,
      0.061332136392593384
    ],
    "timestamp" : 235346367220
  },
  {
    "userAcceleration" : [
      -0.06940901279449463,
      -0.01907050609588623,
      -0.01769465208053589
    ],
    "gravity" : [
      0.13442674279212952,
      -0.9891539216041565,
      -0.059194400906562805
    ],
    "rotationMatrix" : [
      -0.9370011687278748,
      -0.14632177352905273,
      0.31720465421676636,
      0.3224256634712219,
      -0.01282448973506689,
      0.9465079307556152,
      -0.13442674279212952,
      0.9891539812088013,
      0.05919443070888519
    ],
    "timestamp" : 235346377241
  },
  {
    "userAcceleration" : [
      -0.05679744482040405,
      0.0003191232681274414,
      -0.021730657666921616
    ],
    "gravity" : [
      0.13653987646102905,
      -0.9890122413635254,
      -0.05666901543736458
    ],
    "rotationMatrix" : [
      -0.938297688961029,
      -0.14746206998825073,
      0.31281259655952454,
      0.3177320659160614,
      -0.01046067662537098,
      0.9481226801872253,
      -0.13653987646102905,
      0.9890121817588806,
      0.056668996810913086
    ],
    "timestamp" : 235346387262
  },
  {
    "userAcceleration" : [
      -0.03803896903991699,
      0.009853839874267578,
      -0.012880798429250717
    ],
    "gravity" : [
      0.13830448687076569,
      -0.9889338612556458,
      -0.05367806553840637
    ],
    "rotationMatrix" : [
      -0.9395879507064819,
      -0.1481529027223587,
      0.30858439207077026,
      0.3131221532821655,
      -0.0077562774531543255,
      0.9496809840202332,
      -0.1383044719696045,
      0.9889338612556458,
      0.053678110241889954
    ],
    "timestamp" : 235346397283
  },
  {
    "userAcceleration" : [
      -0.02427370846271515,
      0.008210718631744385,
      -0.001073889434337616
    ],
    "gravity" : [
      0.13969118893146515,
      -0.9889233708381653,
      -0.050165120512247086
    ],
    "rotationMatrix" : [
      -0.9408299326896667,
      -0.14835315942764282,
      0.3046795129776001,
      0.30874690413475037,
      -0.004635439720004797,
      0.9511327147483826,
      -0.13969118893146515,
      0.9889233708381653,
      0.05016513168811798
    ],
    "timestamp" : 235346407304
  },
  {
    "userAcceleration" : [
      -0.024318620562553406,
      0.006222784519195557,
      -0.00048505887389183044
    ],
    "gravity" : [
      0.1407737135887146,
      -0.9889649748802185,
      -0.04616110771894455
    ],
    "rotationMatrix" : [
      -0.9419372081756592,
      -0.14814504981040955,
      0.3013419508934021,
      0.3048551678657532,
      -0.0010596276260912418,
      0.9523980021476746,
      -0.1407737135887146,
      0.9889649748802185,
      0.04616107791662216
    ],
    "timestamp" : 235346417324
  },
  {
    "userAcceleration" : [
      -0.03311990201473236,
      0.005662798881530762,
      -0.0031012892723083496
    ],
    "gravity" : [
      0.14167097210884094,
      -0.989030659198761,
      -0.04180536046624184
    ],
    "rotationMatrix" : [
      -0.943072497844696,
      -0.14768396317958832,
      0.29799947142601013,
      0.3009045720100403,
      0.002792396117001772,
      0.9536501169204712,
      -0.14167097210884094,
      0.9890305995941162,
      0.041805364191532135
    ],
    "timestamp" : 235346427345
  },
  {
    "userAcceleration" : [
      -0.04793559014797211,
      0.00234907865524292,
      -0.008716817945241928
    ],
    "gravity" : [
      0.1425248086452484,
      -0.9890890717506409,
      -0.03727319464087486
    ],
    "rotationMatrix" : [
      -0.944359302520752,
      -0.147164449095726,
      0.29415610432624817,
      0.29643189907073975,
      0.0067254346795380116,
      0.9550302624702454,
      -0.1425248086452484,
      0.9890890717506409,
      0.03727317228913307
    ],
    "timestamp" : 235346437366
  },
  {
    "userAcceleration" : [
      -0.06738889217376709,
      0.0033530592918395996,
      -0.008578948676586151
    ],
    "gravity" : [
      0.1434691995382309,
      -0.9891163110733032,
      -0.03263506665825844
    ],
    "rotationMatrix" : [
      -0.9457552433013916,
      -0.1467430591583252,
      0.2898493707180023,
      0.2914837598800659,
      0.010720095597207546,
      0.9565154314041138,
      -0.1434692144393921,
      0.9891163110733032,
      0.03263505548238754
    ],
    "timestamp" : 235346447387
  },
  {
    "userAcceleration" : [
      -0.07439269125461578,
      0.0029161572456359863,
      -0.005017522722482681
    ],
    "gravity" : [
      0.14452210068702698,
      -0.9891070127487183,
      -0.027941469103097916
    ],
    "rotationMatrix" : [
      -0.9472897052764893,
      -0.1464613825082779,
      0.2849407494068146,
      0.28592926263809204,
      0.014711549505591393,
      0.9581378102302551,
      -0.14452210068702698,
      0.9891069531440735,
      0.027941515669226646
    ],
    "timestamp" : 235346457408
  },
  {
    "userAcceleration" : [
      -0.07470187544822693,
      0.0017167329788208008,
      0.011572420597076416
    ],
    "gravity" : [
      0.14562475681304932,
      -0.9890671372413635,
      -0.023230144754052162
    ],
    "rotationMatrix" : [
      -0.9488649368286133,
      -0.14627601206302643,
      0.2797476053237915,
      0.2800871729850769,
      0.018695887178182602,
      0.9597925543785095,
      -0.14562475681304932,
      0.9890671372413635,
      0.023230131715536118
    ],
    "timestamp" : 235346467429
  },
  {
    "userAcceleration" : [
      -0.06204394996166229,
      -0.0024887919425964355,
      0.03235125541687012
    ],
    "gravity" : [
      0.1466691941022873,
      -0.9890120029449463,
      -0.018526814877986908
    ],
    "rotationMatrix" : [
      -0.9503408074378967,
      -0.14608192443847656,
      0.27479469776153564,
      0.27448171377182007,
      0.022697284817695618,
      0.9613243341445923,
      -0.1466692090034485,
      0.9890120029449463,
      0.01852680742740631
    ],
    "timestamp" : 235346477449
  },
  {
    "userAcceleration" : [
      -0.04135659337043762,
      0.006803750991821289,
      0.061258792877197266
    ],
    "gravity" : [
      0.14749674499034882,
      -0.9889661073684692,
      -0.013803957030177116
    ],
    "rotationMatrix" : [
      -0.9518043398857117,
      -0.14572128653526306,
      0.26987677812576294,
      0.2689105272293091,
      0.026667430996894836,
      0.9627958536148071,
      -0.14749674499034882,
      0.9889661073684692,
      0.013803974725306034
    ],
    "timestamp" : 235346487470
  },
  {
    "userAcceleration" : [
      -0.04192955791950226,
      0.0067729949951171875,
      0.056513428688049316
    ],
    "gravity" : [
      0.14806970953941345,
      -0.9889353513717651,
      -0.009058639407157898
    ],
    "rotationMatrix" : [
      -0.9530817866325378,
      -0.145134836435318,
      0.2656511962413788,
      0.26402658224105835,
      0.030701495707035065,
      0.9640265107154846,
      -0.14806970953941345,
      0.9889352917671204,
      0.009058631956577301
    ],
    "timestamp" : 235346497491
  },
  {
    "userAcceleration" : [
      -0.07433640956878662,
      -0.014824926853179932,
      0.04644125699996948
    ],
    "gravity" : [
      0.14843307435512543,
      -0.9889132976531982,
      -0.0042202225886285305
    ],
    "rotationMatrix" : [
      -0.9537951350212097,
      -0.14428658783435822,
      0.263544499874115,
      0.26123160123825073,
      0.03509378433227539,
      0.964637815952301,
      -0.14843305945396423,
      0.9889132380485535,
      0.004220189526677132
    ],
    "timestamp" : 235346507512
  },
  {
    "userAcceleration" : [
      -0.07471494376659393,
      -0.014873206615447998,
      0.04129219055175781
    ],
    "gravity" : [
      0.14881160855293274,
      -0.9888651371002197,
      0.0009288442088291049
    ],
    "rotationMatrix" : [
      -0.9545596837997437,
      -0.14340367913246155,
      0.2612491846084595,
      0.2582070231437683,
      0.03976352885365486,
      0.96527099609375,
      -0.14881160855293274,
      0.9888651371002197,
      -0.0009287989232689142
    ],
    "timestamp" : 235346517533
  },
  {
    "userAcceleration" : [
      -0.0970805436372757,
      -0.027942359447479248,
      0.0177609920501709
    ],
    "gravity" : [
      0.1494334191083908,
      -0.9887505769729614,
      0.006454749032855034
    ],
    "rotationMatrix" : [
      -0.9551762938499451,
      -0.142665833234787,
      0.25939232110977173,
      0.2555534541606903,
      0.04492754489183426,
      0.9657503366470337,
      -0.149433434009552,
      0.9887505769729614,
      -0.00645481888204813
    ],
    "timestamp" : 235346527554
  },
  {
    "userAcceleration" : [
      -0.11499257385730743,
      -0.0312885046005249,
      0.004479407332837582
    ],
    "gravity" : [
      0.15051501989364624,
      -0.988532543182373,
      0.012183165177702904
    ],
    "rotationMatrix" : [
      -0.955771267414093,
      -0.14235487580299377,
      0.2573634386062622,
      0.2526777982711792,
      0.0503816157579422,
      0.9662377834320068,
      -0.15051501989364624,
      0.988532543182373,
      -0.012183173559606075
    ],
    "timestamp" : 235346537574
  },
  {
    "userAcceleration" : [
      -0.12823593616485596,
      -0.031693220138549805,
      0.0025466661900281906
    ],
    "gravity" : [
      0.15220749378204346,
      -0.9881887435913086,
      0.017762765288352966
    ],
    "rotationMatrix" : [
      -0.9574283957481384,
      -0.14296172559261322,
      0.25078296661376953,
      0.24528153240680695,
      0.05517793819308281,
      0.9678801894187927,
      -0.15220749378204346,
      0.9881888031959534,
      -0.01776270940899849
    ],
    "timestamp" : 235346547595
  },
  {
    "userAcceleration" : [
      -0.12898674607276917,
      -0.021400809288024902,
      0.010460138320922852
    ],
    "gravity" : [
      0.15442311763763428,
      -0.9877391457557678,
      0.022910790517926216
    ],
    "rotationMatrix" : [
      -0.9584659337997437,
      -0.14413811266422272,
      0.24610435962677002,
      0.2397846132516861,
      0.059963375329971313,
      0.9689725041389465,
      -0.15442311763763428,
      0.9877391457557678,
      -0.02291080355644226
    ],
    "timestamp" : 235346557616
  },
  {
    "userAcceleration" : [
      -0.11853860318660736,
      -0.007433474063873291,
      0.02544117346405983
    ],
    "gravity" : [
      0.15694501996040344,
      -0.9872259497642517,
      0.027445796877145767
    ],
    "rotationMatrix" : [
      -0.9595964550971985,
      -0.14586308598518372,
      0.24062198400497437,
      0.2335449457168579,
      0.06410114467144012,
      0.9702309370040894,
      -0.15694501996040344,
      0.9872260093688965,
      -0.027445806190371513
    ],
    "timestamp" : 235346567637
  },
  {
    "userAcceleration" : [
      -0.06995570659637451,
      0.014454960823059082,
      0.03797614574432373
    ],
    "gravity" : [
      0.15947899222373962,
      -0.9866991639137268,
      0.03148183226585388
    ],
    "rotationMatrix" : [
      -0.9607684016227722,
      -0.1477998048067093,
      0.23468902707099915,
      0.2269144505262375,
      0.06767487525939941,
      0.971560537815094,
      -0.15947899222373962,
      0.9866991639137268,
      -0.031481802463531494
    ],
    "timestamp" : 235346577658
  },
  {
    "userAcceleration" : [
      -0.04105910658836365,
      0.030918598175048828,
      0.03295290470123291
    ],
    "gravity" : [
      0.16177137196063995,
      -0.9861949682235718,
      0.03534543141722679
    ],
    "rotationMatrix" : [
      -0.9618877172470093,
      -0.14958009123802185,
      0.2289050668478012,
      0.22045806050300598,
      0.07102874666452408,
      0.9728067517280579,
      -0.16177137196063995,
      0.9861950278282166,
      -0.035345401614904404
    ],
    "timestamp" : 235346587679
  },
  {
    "userAcceleration" : [
      -0.04284206032752991,
      0.030473172664642334,
      0.028959278017282486
    ],
    "gravity" : [
      0.1635543555021286,
      -0.9857497215270996,
      0.03933899849653244
    ],
    "rotationMatrix" : [
      -0.9630095958709717,
      -0.15087105333805084,
      0.22327247262001038,
      0.2141556590795517,
      0.07440095394849777,
      0.9739619493484497,
      -0.1635543704032898,
      0.9857497215270996,
      -0.039339013397693634
    ],
    "timestamp" : 235346597699
  },
  {
    "userAcceleration" : [
      -0.04398106038570404,
      0.030103743076324463,
      0.024686455726623535
    ],
    "gravity" : [
      0.16469337046146393,
      -0.9853801131248474,
      0.043611884117126465
    ],
    "rotationMatrix" : [
      -0.9639312028884888,
      -0.15142109990119934,
      0.2188790887594223,
      0.20907533168792725,
      0.07808688282966614,
      0.9747768044471741,
      -0.16469337046146393,
      0.9853801131248474,
      -0.04361185431480408
    ],
    "timestamp" : 235346607720
  },
  {
    "userAcceleration" : [
      -0.04172259569168091,
      0.03147995471954346,
      0.0184856578707695
    ],
    "gravity" : [
      0.1652272343635559,
      -0.9850777983665466,
      0.04817994311451912
    ],
    "rotationMatrix" : [
      -0.9648534655570984,
      -0.15132713317871094,
      0.21484196186065674,
      0.20434513688087463,
      0.0819847509264946,
      0.9754595160484314,
      -0.1652272343635559,
      0.9850777983665466,
      -0.048179928213357925
    ],
    "timestamp" : 235346617741
  },
  {
    "userAcceleration" : [
      -0.05069282650947571,
      0.035144925117492676,
      0.017848603427410126
    ],
    "gravity" : [
      0.16521000862121582,
      -0.9848364591598511,
      0.052936896681785583
    ],
    "rotationMatrix" : [
      -0.965808629989624,
      -0.1506778448820114,
      0.21097183227539062,
      0.19979636371135712,
      0.08598197996616364,
      0.9760574698448181,
      -0.16521000862121582,
      0.9848365187644958,
      -0.052936896681785583
    ],
    "timestamp" : 235346627762
  },
  {
    "userAcceleration" : [
      -0.049264296889305115,
      0.03657156229019165,
      0.02497708424925804
    ],
    "gravity" : [
      0.16474278271198273,
      -0.9846457242965698,
      0.0577254518866539
    ],
    "rotationMatrix" : [
      -0.9667533040046692,
      -0.1495908945798874,
      0.20738840103149414,
      0.19556890428066254,
      0.08997239172458649,
      0.9765539169311523,
      -0.16474279761314392,
      0.9846457242965698,
      -0.05772547423839569
    ],
    "timestamp" : 235346637783
  },
  {
    "userAcceleration" : [
      -0.05109502375125885,
      0.03053593635559082,
      0.03742516040802002
    ],
    "gravity" : [
      0.16404056549072266,
      -0.984484851360321,
      0.062291041016578674
    ],
    "rotationMatrix" : [
      -0.9676533341407776,
      -0.14832361042499542,
      0.2040753960609436,
      0.19166989624500275,
      0.09375294297933578,
      0.9769712686538696,
      -0.16404056549072266,
      0.9844847917556763,
      -0.06229100748896599
    ],
    "timestamp" : 235346647804
  },
  {
    "userAcceleration" : [
      -0.059682026505470276,
      0.01555103063583374,
      0.05203663557767868
    ],
    "gravity" : [
      0.1633654683828354,
      -0.9843313694000244,
      0.06635623425245285
    ],
    "rotationMatrix" : [
      -0.9684671759605408,
      -0.14718139171600342,
      0.20101825892925262,
      0.18810218572616577,
      0.09710361063480377,
      0.9773372411727905,
      -0.1633654683828354,
      0.9843313694000244,
      -0.06635622680187225
    ],
    "timestamp" : 235346657824
  },
  {
    "userAcceleration" : [
      -0.06686179339885712,
      -0.0088614821434021,
      0.05879046022891998
    ],
    "gravity" : [
      0.1629006713628769,
      -0.984165370464325,
      0.06987158954143524
    ],
    "rotationMatrix" : [
      -0.969161868095398,
      -0.14634113013744354,
      0.1982671171426773,
      0.18490253388881683,
      0.10001460462808609,
      0.9776545166969299,
      -0.1629006713628769,
      0.984165370464325,
      -0.06987162679433823
    ],
    "timestamp" : 235346667845
  },
  {
    "userAcceleration" : [
      -0.0693407654762268,
      -0.027592718601226807,
      0.045382626354694366
    ],
    "gravity" : [
      0.162755087018013,
      -0.9839581847190857,
      0.07305611670017242
    ],
    "rotationMatrix" : [
      -0.9697241187095642,
      -0.14585871994495392,
      0.19585853815078735,
      0.18206073343753815,
      0.10272113978862762,
      0.977907121181488,
      -0.1627551019191742,
      0.9839581847190857,
      -0.07305611670017242
    ],
    "timestamp" : 235346677866
  },
  {
    "userAcceleration" : [
      -0.0705697238445282,
      -0.03676474094390869,
      0.013542763888835907
    ],
    "gravity" : [
      0.1629921942949295,
      -0.983681857585907,
      0.0761788934469223
    ],
    "rotationMatrix" : [
      -0.9702234864234924,
      -0.14578290283679962,
      0.1934245377779007,
      0.1791626363992691,
      0.10543760657310486,
      0.9781530499458313,
      -0.1629921942949295,
      0.983681857585907,
      -0.07617887854576111
    ],
    "timestamp" : 235346687887
  },
  {
    "userAcceleration" : [
      -0.06734183430671692,
      -0.030759155750274658,
      -0.019093506038188934
    ],
    "gravity" : [
      0.1634874939918518,
      -0.9833552837371826,
      0.07927422225475311
    ],
    "rotationMatrix" : [
      -0.9707511067390442,
      -0.14602872729301453,
      0.1905733048915863,
      0.17582494020462036,
      0.10811174660921097,
      0.9784669280052185,
      -0.1634874939918518,
      0.9833552241325378,
      -0.07927422970533371
    ],
    "timestamp" : 235346697908
  },
  {
    "userAcceleration" : [
      -0.05386477708816528,
      -0.019018471240997314,
      -0.04094470292329788
    ],
    "gravity" : [
      0.1639874428510666,
      -0.9830259680747986,
      0.0822654515504837
    ],
    "rotationMatrix" : [
      -0.9713218212127686,
      -0.14635328948497772,
      0.18738716840744019,
      0.1721666306257248,
      0.11063583195209503,
      0.9788349866867065,
      -0.16398745775222778,
      0.9830259084701538,
      -0.08226554095745087
    ],
    "timestamp" : 235346707929
  },
  {
    "userAcceleration" : [
      -0.04115965962409973,
      -0.007116258144378662,
      -0.056641578674316406
    ],
    "gravity" : [
      0.16432857513427734,
      -0.9827213287353516,
      0.08517546206712723
    ],
    "rotationMatrix" : [
      -0.9720588326454163,
      -0.14666002988815308,
      0.18328174948692322,
      0.16762304306030273,
      0.11291410773992538,
      0.9793635010719299,
      -0.16432857513427734,
      0.9827212691307068,
      -0.08517543226480484
    ],
    "timestamp" : 235346717949
  },
  {
    "userAcceleration" : [
      -0.03279310464859009,
      -0.00087738037109375,
      -0.06843031197786331
    ],
    "gravity" : [
      0.16440017521381378,
      -0.9824446439743042,
      0.08817511051893234
    ],
    "rotationMatrix" : [
      -0.9729626178741455,
      -0.14681114256381989,
      0.17829738557338715,
      0.162222221493721,
      0.11510339379310608,
      0.9800178408622742,
      -0.16440017521381378,
      0.982444703578949,
      -0.08817514777183533
    ],
    "timestamp" : 235346727970
  },
  {
    "userAcceleration" : [
      -0.018045291304588318,
      -0.005521953105926514,
      -0.06244505196809769
    ],
    "gravity" : [
      0.16416345536708832,
      -0.9821945428848267,
      0.09134519845247269
    ],
    "rotationMatrix" : [
      -0.9739447236061096,
      -0.1467004269361496,
      0.17294572293758392,
      0.15646596252918243,
      0.1173568069934845,
      0.9806863069534302,
      -0.16416345536708832,
      0.9821945428848267,
      -0.09134522080421448
    ],
    "timestamp" : 235346737991
  },
  {
    "userAcceleration" : [
      -0.006816655397415161,
      -0.010321974754333496,
      -0.040063388645648956
    ],
    "gravity" : [
      0.16367699205875397,
      -0.9819722175598145,
      0.09455251693725586
    ],
    "rotationMatrix" : [
      -0.97491055727005,
      -0.14635030925273895,
      0.1677214652299881,
      0.1508600264787674,
      0.11963266879320145,
      0.9812894463539124,
      -0.16367699205875397,
      0.9819721579551697,
      -0.09455250948667526
    ],
    "timestamp" : 235346748012
  },
  {
    "userAcceleration" : [
      3.828108310699463e-05,
      -0.008308470249176025,
      -0.012363076210021973
    ],
    "gravity" : [
      0.1629255712032318,
      -0.9818037152290344,
      0.09755285084247589
    ],
    "rotationMatrix" : [
      -0.9758028388023376,
      -0.14573350548744202,
      0.16300424933433533,
      0.1458214521408081,
      0.12175005674362183,
      0.9817906618118286,
      -0.1629255712032318,
      0.9818037748336792,
      -0.09755289554595947
    ],
    "timestamp" : 235346758033
  },
  {
    "userAcceleration" : [
      0.01128077507019043,
      -0.001628279685974121,
      0.008706092834472656
    ],
    "gravity" : [
      0.16181494295597076,
      -0.9817242622375488,
      0.10016536712646484
    ],
    "rotationMatrix" : [
      -0.9766073822975159,
      -0.1447472870349884,
      0.1590145379304886,
      0.14160975813865662,
      0.12355348467826843,
      0.9821817874908447,
      -0.16181494295597076,
      0.9817242622375488,
      -0.10016533732414246
    ],
    "timestamp" : 235346768054
  },
  {
    "userAcceleration" : [
      0.016865447163581848,
      0.0025786161422729492,
      0.0058656856417655945
    ],
    "gravity" : [
      0.16028906404972076,
      -0.9817349910736084,
      0.10248690098524094
    ],
    "rotationMatrix" : [
      -0.9773891568183899,
      -0.1433531641960144,
      0.15543413162231445,
      0.13790330290794373,
      0.1250842809677124,
      0.982515275478363,
      -0.16028904914855957,
      0.9817349314689636,
      -0.10248690843582153
    ],
    "timestamp" : 235346778075
  },
  {
    "userAcceleration" : [
      0.010015025734901428,
      0.0017259716987609863,
      -0.01411796361207962
    ],
    "gravity" : [
      0.15842673182487488,
      -0.9817978739738464,
      0.10475517064332962
    ],
    "rotationMatrix" : [
      -0.9781538844108582,
      -0.14159971475601196,
      0.152197003364563,
      0.1345933973789215,
      0.12657909095287323,
      0.9827828407287598,
      -0.15842673182487488,
      0.9817978143692017,
      -0.10475518554449081
    ],
    "timestamp" : 235346788095
  },
  {
    "userAcceleration" : [
      -0.03116026520729065,
      -0.03906744718551636,
      -0.043631911277770996
    ],
    "gravity" : [
      0.15641967952251434,
      -0.9818675518035889,
      0.10709314048290253
    ],
    "rotationMatrix" : [
      -0.9789034724235535,
      -0.13968293368816376,
      0.14911913871765137,
      0.1314561516046524,
      0.1281590759754181,
      0.983002781867981,
      -0.15641969442367554,
      0.9818675518035889,
      -0.10709311813116074
    ],
    "timestamp" : 235346798116
  },
  {
    "userAcceleration" : [
      -0.029272884130477905,
      -0.039030611515045166,
      -0.04600737988948822
    ],
    "gravity" : [
      0.1545322835445404,
      -0.9819045066833496,
      0.1094687357544899
    ],
    "rotationMatrix" : [
      -0.9797019958496094,
      -0.13797307014465332,
      0.1454223096370697,
      0.12768706679344177,
      0.12971913814544678,
      0.9832949042320251,
      -0.1545322835445404,
      0.9819044470787048,
      -0.10946881771087646
    ],
    "timestamp" : 235346808137
  },
  {
    "userAcceleration" : [
      -0.027708441019058228,
      -0.03904521465301514,
      -0.04831147938966751
    ],
    "gravity" : [
      0.15296782553195953,
      -0.9818897247314453,
      0.11177279055118561
    ],
    "rotationMatrix" : [
      -0.9803427457809448,
      -0.13651101291179657,
      0.1424509733915329,
      0.12461294233798981,
      0.13136637210845947,
      0.9834705591201782,
      -0.15296782553195953,
      0.9818897247314453,
      -0.11177278310060501
    ],
    "timestamp" : 235346818158
  },
  {
    "userAcceleration" : [
      -0.03598038852214813,
      -0.052526772022247314,
      -0.04775439202785492
    ],
    "gravity" : [
      0.15199296176433563,
      -0.9818055629730225,
      0.11382495611906052
    ],
    "rotationMatrix" : [
      -0.9810236692428589,
      -0.13583166897296906,
      0.13835632801055908,
      0.12037799507379532,
      0.1326940506696701,
      0.9838199019432068,
      -0.15199294686317444,
      0.9818056225776672,
      -0.11382492631673813
    ],
    "timestamp" : 235346828179
  },
  {
    "userAcceleration" : [
      -0.05016036331653595,
      -0.06266433000564575,
      -0.0448913648724556
    ],
    "gravity" : [
      0.15181437134742737,
      -0.9816470742225647,
      0.11541742831468582
    ],
    "rotationMatrix" : [
      -0.98167484998703,
      -0.1361411064863205,
      0.13334062695503235,
      0.11518038809299469,
      0.1335456818342209,
      0.9843265414237976,
      -0.15181437134742737,
      0.9816470742225647,
      -0.1154174953699112
    ],
    "timestamp" : 235346838200
  },
  {
    "userAcceleration" : [
      -0.040593236684799194,
      -0.05344653129577637,
      -0.03556440770626068
    ],
    "gravity" : [
      0.1522570699453354,
      -0.9814656376838684,
      0.1163749098777771
    ],
    "rotationMatrix" : [
      -0.9823715090751648,
      -0.13736282289028168,
      0.12679816782474518,
      0.10846245288848877,
      0.1336292326450348,
      0.9850782752037048,
      -0.1522570699453354,
      0.9814656376838684,
      -0.11637488007545471
    ],
    "timestamp" : 235346848220
  },
  {
    "userAcceleration" : [
      -0.013605356216430664,
      -0.030641257762908936,
      -0.02502785623073578
    ],
    "gravity" : [
      0.15311644971370697,
      -0.9812911152839661,
      0.1167178750038147
    ],
    "rotationMatrix" : [
      -0.9830538630485535,
      -0.13920429348945618,
      0.11927737295627594,
      0.10079821199178696,
      0.13300330936908722,
      0.9859765768051147,
      -0.15311644971370697,
      0.9812911748886108,
      -0.11671780049800873
    ],
    "timestamp" : 235346858241
  },
  {
    "userAcceleration" : [
      0.005972579121589661,
      -0.008545160293579102,
      -0.013901442289352417
    ],
    "gravity" : [
      0.15410742163658142,
      -0.9811400175094604,
      0.1166846975684166
    ],
    "rotationMatrix" : [
      -0.9836934804916382,
      -0.1412704586982727,
      0.11131143569946289,
      0.09272801131010056,
      0.13193567097187042,
      0.9869117140769958,
      -0.15410742163658142,
      0.9811400771141052,
      -0.11668471992015839
    ],
    "timestamp" : 235346868262
  },
  {
    "userAcceleration" : [
      0.0352679044008255,
      0.0014238357543945312,
      -0.016928918659687042
    ],
    "gravity" : [
      0.1550397127866745,
      -0.9809921979904175,
      0.11669085174798965
    ],
    "rotationMatrix" : [
      -0.9842111468315125,
      -0.1431690901517868,
      0.10407029837369919,
      0.08538563549518585,
      0.13098368048667908,
      0.9877005815505981,
      -0.1550396978855133,
      0.9809921979904175,
      -0.11669084429740906
    ],
    "timestamp" : 235346878283
  },
  {
    "userAcceleration" : [
      0.06111173331737518,
      0.011183977127075195,
      -0.03342247009277344
    ],
    "gravity" : [
      0.15550203621387482,
      -0.9808647036552429,
      0.11714744567871094
    ],
    "rotationMatrix" : [
      -0.9846857190132141,
      -0.1444496512413025,
      0.09761269390583038,
      0.07882292568683624,
      0.13053244352340698,
      0.9883056879043579,
      -0.15550203621387482,
      0.9808646440505981,
      -0.11714744567871094
    ],
    "timestamp" : 235346888304
  },
  {
    "userAcceleration" : [
      0.07320469617843628,
      0.02969270944595337,
      -0.05676175653934479
    ],
    "gravity" : [
      0.15528039634227753,
      -0.9807575941085815,
      0.11833090335130692
    ],
    "rotationMatrix" : [
      -0.9851952791213989,
      -0.14493608474731445,
      0.09155973047018051,
      0.07264747470617294,
      0.13079683482646942,
      0.988743782043457,
      -0.15528038144111633,
      0.9807575941085815,
      -0.11833091080188751
    ],
    "timestamp" : 235346898325
  },
  {
    "userAcceleration" : [
      0.07465878129005432,
      0.04945105314254761,
      -0.06884981691837311
    ],
    "gravity" : [
      0.15431460738182068,
      -0.9806795120239258,
      0.12022607773542404
    ],
    "rotationMatrix" : [
      -0.9857348799705505,
      -0.1445399820804596,
      0.08622020483016968,
      0.06717690080404282,
      0.1318165808916092,
      0.9889950752258301,
      -0.15431460738182068,
      0.9806793928146362,
      -0.12022601068019867
    ],
    "timestamp" : 235346908345
  },
  {
    "userAcceleration" : [
      0.07618939876556396,
      0.04939699172973633,
      -0.07122242450714111
    ],
    "gravity" : [
      0.15278400480747223,
      -0.980625569820404,
      0.12259870022535324
    ],
    "rotationMatrix" : [
      -0.9863397479057312,
      -0.14358070492744446,
      0.0807352364063263,
      0.061568230390548706,
      0.1332591325044632,
      0.9891669154167175,
      -0.15278400480747223,
      0.980625569820404,
      -0.12259863317012787
    ],
    "timestamp" : 235346918366
  },
  {
    "userAcceleration" : [
      0.06592950224876404,
      0.03886055946350098,
      -0.056066036224365234
    ],
    "gravity" : [
      0.15095892548561096,
      -0.9806024432182312,
      0.12502045929431915
    ],
    "rotationMatrix" : [
      -0.9868524074554443,
      -0.14210465550422668,
      0.07699555158615112,
      0.057736027985811234,
      0.1350000500679016,
      0.989162027835846,
      -0.15095892548561096,
      0.9806024432182312,
      -0.12502044439315796
    ],
    "timestamp" : 235346928387
  },
  {
    "userAcceleration" : [
      0.045788317918777466,
      0.01759403944015503,
      -0.03382137417793274
    ],
    "gravity" : [
      0.14917321503162384,
      -0.9806064963340759,
      0.12711361050605774
    ],
    "rotationMatrix" : [
      -0.9873858094215393,
      -0.14082324504852295,
      0.07237101346254349,
      0.0530669167637825,
      0.13630636036396027,
      0.989244282245636,
      -0.14917322993278503,
      0.9806064963340759,
      -0.1271136850118637
    ],
    "timestamp" : 235346938408
  },
  {
    "userAcceleration" : [
      0.02663898468017578,
      -0.0077751874923706055,
      -0.012851223349571228
    ],
    "gravity" : [
      0.14776897430419922,
      -0.9806128740310669,
      0.12869587540626526
    ],
    "rotationMatrix" : [
      -0.9878261089324951,
      -0.13993878662586212,
      0.06794530898332596,
      0.048618484288454056,
      0.13716945052146912,
      0.9893536567687988,
      -0.14776897430419922,
      0.9806128740310669,
      -0.12869587540626526
    ],
    "timestamp" : 235346948429
  },
  {
    "userAcceleration" : [
      0.011526107788085938,
      -0.029113829135894775,
      -0.009353622794151306
    ],
    "gravity" : [
      0.14693640172481537,
      -0.9805755019187927,
      0.1299285739660263
    ],
    "rotationMatrix" : [
      -0.9881379008293152,
      -0.139585942029953,
      0.0640263557434082,
      0.044646479189395905,
      0.13779506087303162,
      0.9894540309906006,
      -0.14693640172481537,
      0.9805755615234375,
      -0.1299285590648651
    ],
    "timestamp" : 235346958450
  },
  {
    "userAcceleration" : [
      0.003229096531867981,
      -0.03829646110534668,
      -0.0313730388879776
    ],
    "gravity" : [
      0.14671902358531952,
      -0.980441153049469,
      0.13118071854114532
    ],
    "rotationMatrix" : [
      -0.9883286952972412,
      -0.1398041695356369,
      0.06050332263112068,
      0.040980324149131775,
      0.13852696120738983,
      0.9895102977752686,
      -0.14671902358531952,
      0.9804410934448242,
      -0.13118071854114532
    ],
    "timestamp" : 235346968471
  },
  {
    "userAcceleration" : [
      0.0016241073608398438,
      -0.031440019607543945,
      -0.07036922872066498
    ],
    "gravity" : [
      0.14702701568603516,
      -0.9801719784736633,
      0.1328386664390564
    ],
    "rotationMatrix" : [
      -0.9884272813796997,
      -0.1405206024646759,
      0.05714567005634308,
      0.0373460091650486,
      0.13970321416854858,
      0.989488959312439,
      -0.14702701568603516,
      0.9801719188690186,
      -0.1328386664390564
    ],
    "timestamp" : 235346978491
  },
  {
    "userAcceleration" : [
      0.004595443606376648,
      -0.018418848514556885,
      -0.11893081665039062
    ],
    "gravity" : [
      0.14761099219322205,
      -0.9797805547714233,
      0.13505932688713074
    ],
    "rotationMatrix" : [
      -0.9885005950927734,
      -0.14161545038223267,
      0.0530247800052166,
      0.032826147973537445,
      0.14133332669734955,
      0.9894176125526428,
      -0.14761099219322205,
      0.9797804951667786,
      -0.13505937159061432
    ],
    "timestamp" : 235346988512
  },
  {
    "userAcceleration" : [
      0.0031106919050216675,
      0.008663475513458252,
      -0.14484764635562897
    ],
    "gravity" : [
      0.14827173948287964,
      -0.9793207049369812,
      0.13764546811580658
    ],
    "rotationMatrix" : [
      -0.9885863065719604,
      -0.14301910996437073,
      0.04735247790813446,
