[
  {
    "rotationMatrix" : [
      0.8616490960121155,
      0.2113676518201828,
      0.46139413118362427,
      0.504013180732727,
      -0.2499375343322754,
      -0.8267417550086975,
      -0.059426769614219666,
      0.9449099898338318,
      -0.32189053297042847
    ],
    "timestamp" : 235316180445,
    "gravity" : [
      0.059426769614219666,
      -0.9449099898338318,
      0.3218904733657837
    ],
    "userAcceleration" : [
      -0.021676503121852875,
      0.012201309204101562,
      0.016000032424926758
    ]
  },
  {
    "rotationMatrix" : [
      0.8586151599884033,
      0.21413132548332214,
      0.4657551050186157,
      0.5090956687927246,
      -0.24982498586177826,
      -0.8236560225486755,
      -0.0600133091211319,
      0.9443174004554749,
      -0.3235168755054474
    ],
    "timestamp" : 235316190465,
    "gravity" : [
      0.06001333147287369,
      -0.9443174600601196,
      0.3235169053077698
    ],
    "userAcceleration" : [
      -0.037582866847515106,
      0.0008664131164550781,
      0.025161534547805786
    ]
  },
  {
    "rotationMatrix" : [
      0.8553685545921326,
      0.21712727844715118,
      0.47031939029693604,
      0.5144341588020325,
      -0.24940389394760132,
      -0.8204604387283325,
      -0.06084489822387695,
      0.943744421005249,
      -0.32502996921539307
    ],
    "timestamp" : 235316200486,
    "gravity" : [
      0.06084491312503815,
      -0.943744421005249,
      0.3250298798084259
    ],
    "userAcceleration" : [
      -0.04225967079401016,
      0.004077613353729248,
      0.02427425980567932
    ]
  },
  {
    "rotationMatrix" : [
      0.8522439002990723,
      0.22033143043518066,
      0.47448331117630005,
      0.5194784998893738,
      -0.24923324584960938,
      -0.8173279166221619,
      -0.061826035380363464,
      0.9430466294288635,
      -0.32686495780944824
    ],
    "timestamp" : 235316210506,
    "gravity" : [
      0.06182602420449257,
      -0.9430466294288635,
      0.32686495780944824
    ],
    "userAcceleration" : [
      -0.042020075023174286,
      0.00337982177734375,
      0.015603214502334595
    ]
  },
  {
    "rotationMatrix" : [
      0.8495568633079529,
      0.22364094853401184,
      0.47774243354797363,
      0.523734450340271,
      -0.24963326752185822,
      -0.8144845366477966,
      -0.06289160251617432,
      0.9421611428260803,
      -0.32920610904693604
    ],
    "timestamp" : 235316220527,
    "gravity" : [
      0.06289159506559372,
      -0.9421610832214355,
      0.32920607924461365
    ],
    "userAcceleration" : [
      -0.030375108122825623,
      0.0031354427337646484,
      0.02336329221725464
    ]
  },
  {
    "rotationMatrix" : [
      0.8476294279098511,
      0.2267240285873413,
      0.479708731174469,
      0.5267210602760315,
      -0.250593900680542,
      -0.8122604489326477,
      -0.06394678354263306,
      0.9411686062812805,
      -0.33183106780052185
    ],
    "timestamp" : 235316230547,
    "gravity" : [
      0.06394676864147186,
      -0.9411686062812805,
      0.33183109760284424
    ],
    "userAcceleration" : [
      0.007906891405582428,
      0.0070258378982543945,
      0.04918065667152405
    ]
  },
  {
    "rotationMatrix" : [
      0.846572756767273,
      0.22932922840118408,
      0.48033595085144043,
      0.5282958745956421,
      -0.2519088387489319,
      -0.8108299970626831,
      -0.06494615972042084,
      0.9401861429214478,
      -0.3344128429889679
    ],
    "timestamp" : 235316240567,
    "gravity" : [
      0.06494616717100143,
      -0.9401861429214478,
      0.3344128131866455
    ],
    "userAcceleration" : [
      0.041926413774490356,
      0.02706974744796753,
      0.07861196994781494
    ]
  },
  {
    "rotationMatrix" : [
      0.846305251121521,
      0.23123008012771606,
      0.4798959195613861,
      0.5286262631416321,
      -0.253373920917511,
      -0.8101577758789062,
      -0.0657397210597992,
      0.9393264055252075,
      -0.33666595816612244
    ],
    "timestamp" : 235316250588,
    "gravity" : [
      0.0657397136092186,
      -0.9393263459205627,
      0.33666589856147766
    ],
    "userAcceleration" : [
      0.059351854026317596,
      0.038432300090789795,
      0.08612439036369324
    ]
  },
  {
    "rotationMatrix" : [
      0.8465014696121216,
      0.23241719603538513,
      0.4789755046367645,
      0.5282622575759888,
      -0.25491729378700256,
      -0.8099110722541809,
      -0.06613805890083313,
      0.938615620136261,
      -0.3385651111602783
    ],
    "timestamp" : 235316260608,
    "gravity" : [
      0.06613808870315552,
      -0.938615620136261,
      0.3385651409626007
    ],
    "userAcceleration" : [
      0.07091639190912247,
      0.04168879985809326,
      0.07468855381011963
    ]
  },
  {
    "rotationMatrix" : [
      0.8469805121421814,
      0.23309028148651123,
      0.4778001308441162,
      0.5274977087974548,
      -0.2567152976989746,
      -0.8098414540290833,
      -0.06610752642154694,
      0.9379584193229675,
      -0.3403874337673187
    ],
    "timestamp" : 235316270628,
    "gravity" : [
      0.06610751897096634,
      -0.9379584193229675,
      0.3403874635696411
    ],
    "userAcceleration" : [
      0.06554532796144485,
      0.036514997482299805,
      0.038182973861694336
    ]
  },
  {
    "rotationMatrix" : [
      0.8474503755569458,
      0.23349130153656006,
      0.4767700731754303,
      0.5267968773841858,
      -0.2587662637233734,
      -0.8096449971199036,
      -0.06567302346229553,
      0.9372949004173279,
      -0.34229403734207153
    ],
    "timestamp" : 235316280649,
    "gravity" : [
      0.06567302346229553,
      -0.9372949004173279,
      0.3422940671443939
    ],
    "userAcceleration" : [
      0.04803549498319626,
      0.03238767385482788,
      -0.00933218002319336
    ]
  },
  {
    "rotationMatrix" : [
      0.8475044965744019,
      0.23390574753284454,
      0.47647058963775635,
      0.5268061757087708,
      -0.26092296838760376,
      -0.8089463710784912,
      -0.06489504873752594,
      0.9365932941436768,
      -0.34435638785362244
    ],
    "timestamp" : 235316290669,
    "gravity" : [
      0.06489506363868713,
      -0.936593234539032,
      0.3443562984466553
    ],
    "userAcceleration" : [
      0.03254757821559906,
      0.020730435848236084,
      -0.04529944062232971
    ]
  },
  {
    "rotationMatrix" : [
      0.8472087383270264,
      0.23440669476985931,
      0.47675034403800964,
      0.5274088978767395,
      -0.26324257254600525,
      -0.8078014850616455,
      -0.06385311484336853,
      0.9358187913894653,
      -0.3466495871543884
    ],
    "timestamp" : 235316300690,
    "gravity" : [
      0.06385308504104614,
      -0.9358188509941101,
      0.34664955735206604
    ],
    "userAcceleration" : [
      0.015126451849937439,
      0.012127935886383057,
      -0.07278499007225037
    ]
  },
  {
    "rotationMatrix" : [
      0.8461951613426208,
      0.23530687391757965,
      0.4781050384044647,
      0.5291794538497925,
      -0.26561635732650757,
      -0.8058642148971558,
      -0.06263282895088196,
      0.9349217414855957,
      -0.3492828607559204
    ],
    "timestamp" : 235316310710,
    "gravity" : [
      0.06263285130262375,
      -0.9349217414855957,
      0.3492829203605652
    ],
    "userAcceleration" : [
      0.0008742660284042358,
      0.006927907466888428,
      -0.08803734183311462
    ]
  },
  {
    "rotationMatrix" : [
      0.8446796536445618,
      0.23660063743591309,
      0.48014211654663086,
      0.5317408442497253,
      -0.2680346369743347,
      -0.8033735752105713,
      -0.061383962631225586,
      0.9339045286178589,
      -0.35221362113952637
    ],
    "timestamp" : 235316320730,
    "gravity" : [
      0.0613839365541935,
      -0.9339045286178589,
      0.35221368074417114
    ],
    "userAcceleration" : [
      -0.010099098086357117,
      0.009481191635131836,
      -0.08138558268547058
    ]
  },
  {
    "rotationMatrix" : [
      0.842917263507843,
      0.23814767599105835,
      0.482468843460083,
      0.5346507430076599,
      -0.27019956707954407,
      -0.8007127642631531,
      -0.0603250116109848,
      0.9328868985176086,
      -0.3550817370414734
    ],
    "timestamp" : 235316330751,
    "gravity" : [
      0.0603250227868557,
      -0.9328868985176086,
      0.3550816774368286
    ],
    "userAcceleration" : [
      -0.008704520761966705,
      0.016901731491088867,
      -0.035196512937545776
    ]
  },
  {
    "rotationMatrix" : [
      0.8415348529815674,
      0.23957370221614838,
      0.4841730296611786,
      0.5368963479995728,
      -0.2719126045703888,
      -0.7986275553703308,
      -0.05967739224433899,
      0.9320237040519714,
      -0.3574501872062683
    ],
    "timestamp" : 235316340771,
    "gravity" : [
      0.05967741832137108,
      -0.9320236444473267,
      0.3574502170085907
    ],
    "userAcceleration" : [
      0.0027920976281166077,
      0.017182886600494385,
      0.02942100167274475
    ]
  },
  {
    "rotationMatrix" : [
      0.8406233191490173,
      0.24079331755638123,
      0.4851505160331726,
      0.5383384227752686,
      -0.27300211787223816,
      -0.7972840070724487,
      -0.059533581137657166,
      0.931390643119812,
      -0.35912024974823
    ],
    "timestamp" : 235316350792,
    "gravity" : [
      0.05953357741236687,
      -0.931390643119812,
      0.3591201901435852
    ],
    "userAcceleration" : [
      0.029608290642499924,
      0.042321979999542236,
      0.040598899126052856
    ]
  },
  {
    "rotationMatrix" : [
      0.8401628136634827,
      0.24174709618091583,
      0.48547372221946716,
      0.5390318632125854,
      -0.2735898196697235,
      -0.7966134548187256,
      -0.059758275747299194,
      0.9309707880020142,
      -0.36016935110092163
    ],
    "timestamp" : 235316360812,
    "gravity" : [
      0.05975828692317009,
      -0.9309708476066589,
      0.36016935110092163
    ],
    "userAcceleration" : [
      0.029383566230535507,
      0.04190230369567871,
      0.039549678564071655
    ]
  },
  {
    "rotationMatrix" : [
      0.8399587869644165,
      0.24250884354114532,
      0.48544690012931824,
      0.5393118858337402,
      -0.2739890515804291,
      -0.7962867617607117,
      -0.060099393129348755,
      0.930655300617218,
      -0.36092740297317505
    ],
    "timestamp" : 235316370832,
    "gravity" : [
      0.06009942665696144,
      -0.9306553602218628,
      0.36092740297317505
    ],
    "userAcceleration" : [
      0.029042460024356842,
      0.04158675670623779,
      0.038791656494140625
    ]
  },
  {
    "rotationMatrix" : [
      0.839599609375,
      0.2433180958032608,
      0.48566320538520813,
      0.5398396253585815,
      -0.2743729054927826,
      -0.795796811580658,
      -0.06037893891334534,
      0.9303309321403503,
      -0.3617161512374878
    ],
    "timestamp" : 235316380853,
    "gravity" : [
      0.06037893518805504,
      -0.9303309917449951,
      0.3617161512374878
    ],
    "userAcceleration" : [
      0.019577141851186752,
      0.04942589998245239,
      -0.013815879821777344
    ]
  },
  {
    "rotationMatrix" : [
      0.8389837145805359,
      0.24426940083503723,
      0.4862496554851532,
      0.5407841205596924,
      -0.2749517261981964,
      -0.7949551939964294,
      -0.0604880154132843,
      0.9299106001853943,
      -0.3627770245075226
    ],
    "timestamp" : 235316390873,
    "gravity" : [
      0.060488011687994,
      -0.9299106001853943,
      0.3627769947052002
    ],
    "userAcceleration" : [
      0.024564482271671295,
      0.05803883075714111,
      -0.052962690591812134
    ]
  },
  {
    "rotationMatrix" : [
      0.8383307456970215,
      0.245319664478302,
      0.48684677481651306,
      0.5418015718460083,
      -0.27591684460639954,
      -0.7939274311065674,
      -0.060436755418777466,
      0.9293481111526489,
      -0.3642241656780243
    ],
    "timestamp" : 235316400893,
    "gravity" : [
      0.060436781495809555,
      -0.9293481111526489,
      0.36422407627105713
    ],
    "userAcceleration" : [
      0.026156872510910034,
      0.05566048622131348,
      -0.07790830731391907
    ]
  },
  {
    "rotationMatrix" : [
      0.8375207185745239,
      0.24646620452404022,
      0.487661212682724,
      0.5430797338485718,
      -0.2771584391593933,
      -0.7926207780838013,
      -0.06019487977027893,
      0.9286752939224243,
      -0.3659767508506775
    ],
    "timestamp" : 235316410914,
    "gravity" : [
      0.06019489839673042,
      -0.9286752939224243,
      0.3659767210483551
    ],
    "userAcceleration" : [
      0.02310284972190857,
      0.05874115228652954,
      -0.09610983729362488
    ]
  },
  {
    "rotationMatrix" : [
      0.8364363312721252,
      0.2476397603750229,
      0.48892614245414734,
      0.5448027849197388,
      -0.27851447463035583,
      -0.7909610271453857,
      -0.059700340032577515,
      0.9279569387435913,
      -0.36787447333335876
    ],
    "timestamp" : 235316420934,
    "gravity" : [
      0.0597003810107708,
      -0.9279568791389465,
      0.3678744435310364
    ],
    "userAcceleration" : [
      0.018195755779743195,
      0.06470626592636108,
      -0.09094288945198059
    ]
  },
  {
    "rotationMatrix" : [
      0.8349308967590332,
      0.2488979697227478,
      0.4908565580844879,
      0.5471784472465515,
      -0.27973437309265137,
      -0.7888882160186768,
      -0.05904325842857361,
      0.927253246307373,
      -0.3697504997253418
    ],
    "timestamp" : 235316430955,
    "gravity" : [
      0.05904325097799301,
      -0.927253246307373,
      0.3697504997253418
    ],
    "userAcceleration" : [
      0.01133032888174057,
      0.07089948654174805,
      -0.07456931471824646
    ]
  },
  {
    "rotationMatrix" : [
      0.8331279158592224,
      0.25015920400619507,
      0.49327293038368225,
      0.5499930381774902,
      -0.2806198000907898,
      -0.7866131067276001,
      -0.05835637450218201,
      0.9266461133956909,
      -0.3713780641555786
    ],
    "timestamp" : 235316440975,
    "gravity" : [
      0.05835641175508499,
      -0.9266460537910461,
      0.37137797474861145
    ],
    "userAcceleration" : [
      0.019158262759447098,
      0.07184863090515137,
      -0.039713114500045776
    ]
  },
  {
    "rotationMatrix" : [
      0.8312397003173828,
      0.2514592707157135,
      0.49579110741615295,
      0.5528891086578369,
      -0.28103965520858765,
      -0.7844299674034119,
      -0.05791524052619934,
      0.926166832447052,
      -0.3726404309272766
    ],
    "timestamp" : 235316450995,
    "gravity" : [
      0.05791521817445755,
      -0.926166832447052,
      0.3726404309272766
    ],
    "userAcceleration" : [
      0.02130844071507454,
      0.06912636756896973,
      0.02730754017829895
    ]
  },
  {
    "rotationMatrix" : [
      0.8294253945350647,
      0.25269585847854614,
      0.49819496273994446,
      0.5556291937828064,
      -0.28106802701950073,
      -0.7824810743331909,
      -0.057702988386154175,
      0.9258214235305786,
      -0.37353014945983887
    ],
    "timestamp" : 235316461016,
    "gravity" : [
      0.057702984660863876,
      -0.9258214235305786,
      0.3735301196575165
    ],
    "userAcceleration" : [
      0.021520670503377914,
      0.06878113746643066,
      0.026417821645736694
    ]
  },
  {
    "rotationMatrix" : [
      0.8281216621398926,
      0.253663033246994,
      0.4998694956302643,
      0.5575742721557617,
      -0.2810208797454834,
      -0.7811134457588196,
      -0.057665854692459106,
      0.9255713820457458,
      -0.3741554915904999
    ],
    "timestamp" : 235316471036,
    "gravity" : [
      0.057665854692459106,
      -0.9255713820457458,
      0.3741554617881775
    ],
    "userAcceleration" : [
      0.021557804197072983,
      0.06853091716766357,
      0.02579250931739807
    ]
  },
  {
    "rotationMatrix" : [
      0.8265578746795654,
      0.25479400157928467,
      0.5018786191940308,
      0.5598825812339783,
      -0.28072792291641235,
      -0.77956622838974,
      -0.057737499475479126,
      0.9253496527671814,
      -0.3746926188468933
    ],
    "timestamp" : 235316481057,
    "gravity" : [
      0.057737525552511215,
      -0.9253497123718262,
      0.3746926486492157
    ],
    "userAcceleration" : [
      0.015443678945302963,
      0.07371073961257935,
      0.019579142332077026
    ]
  },
  {
    "rotationMatrix" : [
      0.8250551223754883,
      0.2559097409248352,
      0.503779947757721,
      0.5620751976966858,
      -0.28029537200927734,
      -0.7781426906585693,
      -0.05792711675167084,
      0.9251728057861328,
      -0.37509965896606445
    ],
    "timestamp" : 235316491077,
    "gravity" : [
      0.057927120476961136,
      -0.925172746181488,
      0.3750995695590973
    ],
    "userAcceleration" : [
      0.01577286794781685,
      0.08973884582519531,
      0.022315382957458496
    ]
  },
  {
    "rotationMatrix" : [
      0.8239012360572815,
      0.25674349069595337,
      0.5052420496940613,
      0.5637389421463013,
      -0.27975183725357056,
      -0.7771340608596802,
      -0.05818171799182892,
      0.925106406211853,
      -0.37522420287132263
    ],
    "timestamp" : 235316501097,
    "gravity" : [
      0.05818173661828041,
      -0.9251063466072083,
      0.37522420287132263
    ],
    "userAcceleration" : [
      0.01916509121656418,
      0.08095955848693848,
      0.031376659870147705
    ]
  },
  {
    "rotationMatrix" : [
      0.8226648569107056,
      0.2574143409729004,
      0.5069127082824707,
      0.565520703792572,
      -0.2789451479911804,
      -0.7761287689208984,
      -0.058385878801345825,
      0.9251635074615479,
      -0.37505149841308594
    ],
    "timestamp" : 235316511118,
    "gravity" : [
      0.05838587135076523,
      -0.9251635074615479,
      0.3750515282154083
    ],
    "userAcceleration" : [
      0.02160072699189186,
      0.09008044004440308,
      0.028894364833831787
    ]
  },
  {
    "rotationMatrix" : [
      0.8212254047393799,
      0.2578606903553009,
      0.5090153217315674,
      0.5676090717315674,
      -0.2778945565223694,
      -0.7749801874160767,
      -0.058384284377098083,
      0.9253551959991455,
      -0.3745781481266022
    ],
    "timestamp" : 235316521138,
    "gravity" : [
      0.058384280651807785,
      -0.9253551363945007,
      0.3745780885219574
    ],
    "userAcceleration" : [
      0.0334584079682827,
      0.09616219997406006,
      0.020212382078170776
    ]
  },
  {
    "rotationMatrix" : [
      0.8198475241661072,
      0.25786566734313965,
      0.5112292170524597,
      0.5696349740028381,
      -0.2768537402153015,
      -0.7738656997680664,
      -0.05801771581172943,
      0.9256658554077148,
      -0.3738671541213989
    ],
    "timestamp" : 235316531158,
    "gravity" : [
      0.05801769718527794,
      -0.9256659150123596,
      0.37386709451675415
    ],
    "userAcceleration" : [
      0.046810220927000046,
      0.10919862985610962,
      0.016605138778686523
    ]
  },
  {
    "rotationMatrix" : [
      0.8185797929763794,
      0.2575034499168396,
      0.5134385228157043,
      0.571523129940033,
      -0.27589863538742065,
      -0.7728137373924255,
      -0.05734521150588989,
      0.926051676273346,
      -0.3730142116546631
    ],
    "timestamp" : 235316541179,
    "gravity" : [
      0.057345200330019,
      -0.926051676273346,
      0.3730142116546631
    ],
    "userAcceleration" : [
      0.0642978847026825,
      0.11320078372955322,
      0.017519116401672363
    ]
  },
  {
    "rotationMatrix" : [
      0.8176567554473877,
      0.2566351890563965,
      0.5153404474258423,
      0.5729514360427856,
      -0.2752853333950043,
      -0.7719744443893433,
      -0.05625014007091522,
      0.9264751672744751,
      -0.372128427028656
    ],
    "timestamp" : 235316551199,
    "gravity" : [
      0.056250154972076416,
      -0.9264751672744751,
      0.37212833762168884
    ],
    "userAcceleration" : [
      0.07193894684314728,
      0.10930603742599487,
      0.015047997236251831
    ]
  },
  {
    "rotationMatrix" : [
      0.8168081045150757,
      0.25537213683128357,
      0.5173099637031555,
      0.5743240118026733,
      -0.27514564990997314,
      -0.771003782749176,
      -0.05455730855464935,
      0.9268656373023987,
      -0.37140750885009766
    ],
    "timestamp" : 235316561220,
    "gravity" : [
      0.05455728620290756,
      -0.9268656373023987,
      0.3714074492454529
    ],
    "userAcceleration" : [
      0.07602746784687042,
      0.11283975839614868,
      -0.003594517707824707
    ]
  },
  {
    "rotationMatrix" : [
      0.8159465193748474,
      0.25394582748413086,
      0.5193676948547363,
      0.5757550001144409,
      -0.2756368815898895,
      -0.7697600722312927,
      -0.05232049524784088,
      0.9271115660667419,
      -0.3711155354976654
    ],
    "timestamp" : 235316571240,
    "gravity" : [
      0.052320487797260284,
      -0.9271115660667419,
      0.371115505695343
    ],
    "userAcceleration" : [
      0.0608082041144371,
      0.10687530040740967,
      -0.028815239667892456
    ]
  },
  {
    "rotationMatrix" : [
      0.8149569034576416,
      0.2527076005935669,
      0.5215209722518921,
      0.5773709416389465,
      -0.2765965163707733,
      -0.768203854560852,
      -0.04988004267215729,
      0.9271640777587891,
      -0.3713202476501465
    ],
    "timestamp" : 235316581260,
    "gravity" : [
      0.04988004267215729,
      -0.9271640777587891,
      0.37132027745246887
    ],
    "userAcceleration" : [
      0.0313882976770401,
      0.08838838338851929,
      -0.0343606173992157
    ]
  },
  {
    "rotationMatrix" : [
      0.8140741586685181,
      0.25158339738845825,
      0.5234396457672119,
      0.5788084864616394,
      -0.2776247262954712,
      -0.7667497396469116,
      -0.04758167266845703,
      0.9271624088287354,
      -0.3716256618499756
    ],
    "timestamp" : 235316591281,
    "gravity" : [
      0.04758168011903763,
      -0.9271624684333801,
      0.37162575125694275
    ],
    "userAcceleration" : [
      0.011240988969802856,
      0.06409478187561035,
      -0.0024699866771698
    ]
  },
  {
    "rotationMatrix" : [
      0.8133067488670349,
      0.25044941902160645,
      0.525173544883728,
      0.580042839050293,
      -0.2782147526741028,
      -0.7656023502349854,
      -0.045633673667907715,
      0.9272927045822144,
      -0.37154531478881836
    ],
    "timestamp" : 235316601301,
    "gravity" : [
      0.04563365876674652,
      -0.9272927045822144,
      0.37154528498649597
    ],
    "userAcceleration" : [
      -0.0008948668837547302,
      0.03929215669631958,
      0.04297485947608948
    ]
  },
  {
    "rotationMatrix" : [
      0.8125501871109009,
      0.2492413967847824,
      0.5269163250923157,
      0.5812191367149353,
      -0.27802574634552,
      -0.7647781372070312,
      -0.04411797225475311,
      0.9276745319366455,
      -0.3707737326622009
    ],
    "timestamp" : 235316611322,
    "gravity" : [
      0.04411797598004341,
      -0.9276745319366455,
      0.3707737624645233
    ],
    "userAcceleration" : [
      -0.0043382830917835236,
      0.026902616024017334,
      0.07369932532310486
    ]
  },
  {
    "rotationMatrix" : [
      0.8116635084152222,
      0.24806685745716095,
      0.5288336873054504,
      0.5825372338294983,
      -0.2770487368106842,
      -0.7641295194625854,
      -0.04304242134094238,
      0.9282814264297485,
      -0.3693785071372986
    ],
    "timestamp" : 235316621342,
    "gravity" : [
      0.04304245114326477,
      -0.9282814264297485,
      0.3693785071372986
    ],
    "userAcceleration" : [
      -0.005383733659982681,
      0.02305394411087036,
      0.0758574903011322
    ]
  },
  {
    "rotationMatrix" : [
      0.8106734752655029,
      0.24695971608161926,
      0.5308666229248047,
      0.5839672088623047,
      -0.27551040053367615,
      -0.7635940313339233,
      -0.04231764376163483,
      0.9290341138839722,
      -0.3675653338432312
    ],
    "timestamp" : 235316631362,
    "gravity" : [
      0.04231762886047363,
      -0.9290341138839722,
      0.36756524443626404
    ],
    "userAcceleration" : [
      -0.0055897049605846405,
      0.026324450969696045,
      0.05913129448890686
    ]
  },
  {
    "rotationMatrix" : [
      0.8097658157348633,
      0.24587413668632507,
      0.5327524542808533,
      0.5852600336074829,
      -0.27372851967811584,
      -0.7632451057434082,
      -0.04183264076709747,
      0.9298485517501831,
      -0.3655562996864319
    ],
    "timestamp" : 235316641383,
    "gravity" : [
      0.04183264821767807,
      -0.9298485517501831,
      0.3655563294887543
    ],
    "userAcceleration" : [
      -0.0011526867747306824,
      0.034844398498535156,
      0.03556656837463379
    ]
  },
  {
    "rotationMatrix" : [
      0.8089773058891296,
      0.24480542540550232,
      0.5344399213790894,
      0.5863746404647827,
      -0.2719055712223053,
      -0.7630414962768555,
      -0.041479527950286865,
      0.9306652545928955,
      -0.36351311206817627
    ],
    "timestamp" : 235316651403,
    "gravity" : [
      0.04147952049970627,
      -0.9306652545928955,
      0.36351314187049866
    ],
    "userAcceleration" : [
      0.0061889588832855225,
      0.04760855436325073,
      0.013073712587356567
    ]
  },
  {
    "rotationMatrix" : [
      0.8081422448158264,
      0.24380852282047272,
      0.5361561179161072,
      0.5875446796417236,
      -0.2700340151786804,
      -0.7628055810928345,
      -0.0411980003118515,
      0.9314711093902588,
      -0.36147427558898926
    ],
    "timestamp" : 235316661423,
    "gravity" : [
      0.0411979965865612,
      -0.9314711689949036,
      0.36147430539131165
    ],
    "userAcceleration" : [
      0.01046827808022499,
      0.05081033706665039,
      -0.004128962755203247
    ]
  },
  {
    "rotationMatrix" : [
      0.8071420192718506,
      0.24294213950634003,
      0.5380527377128601,
      0.5889332294464111,
      -0.268087238073349,
      -0.7624214887619019,
      -0.04097919166088104,
      0.9322596788406372,
      -0.3594611883163452
    ],
    "timestamp" : 235316671444,
    "gravity" : [
      0.04097919166088104,
      -0.9322596192359924,
      0.35946109890937805
    ],
    "userAcceleration" : [
      0.008352510631084442,
      0.04723477363586426,
      -0.015421420335769653
    ]
  },
  {
    "rotationMatrix" : [
      0.8060411214828491,
      0.2421281933784485,
      0.5400663614273071,
      0.5904490351676941,
      -0.2660035490989685,
      -0.7619790434837341,
      -0.04083701968193054,
      0.9330680966377258,
      -0.3573741316795349
    ],
    "timestamp" : 235316681464,
    "gravity" : [
      0.04083702340722084,
      -0.9330680966377258,
      0.3573741614818573
    ],
    "userAcceleration" : [
      0.008967690169811249,
      0.043282270431518555,
      -0.02796754240989685
    ]
  },
  {
    "rotationMatrix" : [
      0.8045634627342224,
      0.24135437607765198,
      0.5426100492477417,
      0.5924745798110962,
      -0.26369360089302063,
      -0.7612091898918152,
      -0.04063829779624939,
      0.9339237809181213,
      -0.3551545739173889
    ],
    "timestamp" : 235316691485,
    "gravity" : [
      0.04063833877444267,
      -0.9339237809181213,
      0.3551546037197113
    ],
    "userAcceleration" : [
      0.016414303332567215,
      0.04168140888214111,
      -0.028494596481323242
    ]
  },
  {
    "rotationMatrix" : [
      0.8029956221580505,
      0.240511953830719,
      0.5452999472618103,
      0.5946158170700073,
      -0.26132455468177795,
      -0.760356068611145,
      -0.04037439823150635,
      0.9348065853118896,
      -0.3528546690940857
    ],
    "timestamp" : 235316701505,
    "gravity" : [
      0.04037441313266754,
      -0.9348065853118896,
      0.35285472869873047
    ],
    "userAcceleration" : [
      0.02526891976594925,
      0.046500980854034424,
      -0.03458702564239502
    ]
  },
  {
    "rotationMatrix" : [
      0.8011379241943359,
      0.23973983526229858,
      0.5483638048171997,
      0.5971404910087585,
      -0.2589385211467743,
      -0.7591931223869324,
      -0.040016353130340576,
      0.9356686472892761,
      -0.350603848695755
    ],
    "timestamp" : 235316711525,
    "gravity" : [
      0.040016353130340576,
      -0.9356686472892761,
      0.350603848695755
    ],
    "userAcceleration" : [
      0.02062210440635681,
      0.05676227807998657,
      -0.04515346884727478
    ]
  },
  {
    "rotationMatrix" : [
      0.7988207936286926,
      0.23908990621566772,
      0.5520156621932983,
      0.6002765893936157,
      -0.256685346364975,
      -0.7574831247329712,
      -0.039412230253219604,
      0.9364553689956665,
      -0.34856563806533813
    ],
    "timestamp" : 235316721546,
    "gravity" : [
      0.039412226527929306,
      -0.9364553689956665,
      0.34856563806533813
    ],
    "userAcceleration" : [
      0.015611004084348679,
      0.06502586603164673,
      -0.05451366305351257
    ]
  },
  {
    "rotationMatrix" : [
      0.7963485717773438,
      0.2384905368089676,
      0.5558338165283203,
      0.6036044359207153,
      -0.2547014355659485,
      -0.7555056810379028,
      -0.03860929608345032,
      0.9371496438980103,
      -0.3467850685119629
    ],
    "timestamp" : 235316731566,
    "gravity" : [
      0.038609281182289124,
      -0.9371495842933655,
      0.3467850089073181
    ],
    "userAcceleration" : [
      0.015467885881662369,
      0.07009947299957275,
      -0.04994070529937744
    ]
  },
  {
    "rotationMatrix" : [
      0.7938716411590576,
      0.23785340785980225,
      0.5596369504928589,
      0.6069118976593018,
      -0.2527783215045929,
      -0.7534987926483154,
      -0.03775802254676819,
      0.9378316402435303,
      -0.3450295627117157
    ],
    "timestamp" : 235316741587,
    "gravity" : [
      0.03775803744792938,
      -0.937831699848175,
      0.3450296223163605
    ],
    "userAcceleration" : [
      0.011680461466312408,
      0.07508474588394165,
      -0.014738142490386963
    ]
  },
  {
    "rotationMatrix" : [
      0.791759192943573,
      0.23696884512901306,
      0.5629948377609253,
      0.6097046136856079,
      -0.25058525800704956,
      -0.7519755363464355,
      -0.03711649775505066,
      0.9386440515518188,
      -0.3428841829299927
    ],
    "timestamp" : 235316751607,
    "gravity" : [
      0.03711651638150215,
      -0.9386440515518188,
      0.3428841829299927
    ],
    "userAcceleration" : [
      0.02101948857307434,
      0.06941193342208862,
      0.035915106534957886
    ]
  },
  {
    "rotationMatrix" : [
      0.7899071574211121,
      0.23576077818870544,
      0.5660948753356934,
      0.6121281385421753,
      -0.2479202151298523,
      -0.750889003276825,
      -0.03668370842933655,
      0.9396552443504333,
      -0.34014976024627686
    ],
    "timestamp" : 235316761627,
    "gravity" : [
      0.036683741956949234,
      -0.9396552443504333,
      0.3401497006416321
    ],
    "userAcceleration" : [
      0.01089317724108696,
      0.046283841133117676,
      0.0723409354686737
    ]
  },
  {
    "rotationMatrix" : [
      0.7885249853134155,
      0.234130859375,
      0.5686924457550049,
      0.6139317154884338,
      -0.2451193630695343,
      -0.7503360509872437,
      -0.03627929091453552,
      0.9407970905303955,
      -0.3370231091976166
    ],
    "timestamp" : 235316771648,
    "gravity" : [
      0.03627929836511612,
      -0.9407970905303955,
      0.3370230495929718
    ],
    "userAcceleration" : [
      0.01701968163251877,
      0.05644351243972778,
      0.07241594791412354
    ]
  },
  {
    "rotationMatrix" : [
      0.7877430319786072,
      0.232198104262352,
      0.5705654621124268,
      0.6149565577507019,
      -0.2424391210079193,
      -0.7503674030303955,
      -0.03590640425682068,
      0.941969633102417,
      -0.3337714672088623
    ],
    "timestamp" : 235316781668,
    "gravity" : [
      0.03590640798211098,
      -0.9419696927070618,
      0.3337714672088623
    ],
    "userAcceleration" : [
      0.029874254018068314,
      0.06333833932876587,
      0.05273348093032837
    ]
  },
  {
    "rotationMatrix" : [
      0.7870282530784607,
      0.2301715761423111,
      0.5723700523376465,
      0.6158966422080994,
      -0.2398175299167633,
      -0.7504387497901917,
      -0.03546521067619324,
      0.9431373476982117,
      -0.3305050730705261
    ],
    "timestamp" : 235316791688,
    "gravity" : [
      0.03546520695090294,
      -0.9431374073028564,
      0.3305050730705261
    ],
    "userAcceleration" : [
      0.019924234598875046,
      0.06348365545272827,
      0.022628843784332275
    ]
  },
  {
    "rotationMatrix" : [
      0.7864904403686523,
      0.2279137670993805,
      0.5740105509757996,
      0.6166214942932129,
      -0.2374134659767151,
      -0.7506084442138672,
      -0.034796178340911865,
      0.9442936182022095,
      -0.32725995779037476
    ],
    "timestamp" : 235316801709,
    "gravity" : [
      0.03479619696736336,
      -0.9442935585975647,
      0.32725995779037476
    ],
    "userAcceleration" : [
      0.009973134845495224,
      0.06436491012573242,
      -0.013035863637924194
    ]
  },
  {
    "rotationMatrix" : [
      0.7857009172439575,
      0.22559699416160583,
      0.5760035514831543,
      0.6176787614822388,
      -0.23512612283229828,
      -0.750458836555481,
      -0.03386774659156799,
      0.9454213380813599,
      -0.3240852653980255
    ],
    "timestamp" : 235316811729,
    "gravity" : [
      0.03386775404214859,
      -0.9454213380813599,
      0.3240852355957031
    ],
    "userAcceleration" : [
      -0.005120161920785904,
      0.060426950454711914,
      -0.042286068201065063
    ]
  },
  {
    "rotationMatrix" : [
      0.7845944166183472,
      0.22338707745075226,
      0.5783681869506836,
      0.6191405653953552,
      -0.23292480409145355,
      -0.7499404549598694,
      -0.03281062841415405,
      0.9464903473854065,
      -0.3210594654083252
    ],
    "timestamp" : 235316821750,
    "gravity" : [
      0.032810650765895844,
      -0.9464903473854065,
      0.3210594952106476
    ],
    "userAcceleration" : [
      -0.012745317071676254,
      0.049014270305633545,
      -0.053084760904312134
    ]
  },
  {
    "rotationMatrix" : [
      0.7834563255310059,
      0.22150065004825592,
      0.5806321501731873,
      0.6206236481666565,
      -0.2307988703250885,
      -0.7493718862533569,
      -0.031977176666259766,
      0.9474542140960693,
      -0.3182893991470337
    ],
    "timestamp" : 235316831770,
    "gravity" : [
      0.03197717294096947,
      -0.9474542140960693,
      0.3182893395423889
    ],
    "userAcceleration" : [
      -0.015100911259651184,
      0.02734917402267456,
      -0.040213316679000854
    ]
  },
  {
    "rotationMatrix" : [
      0.7823425531387329,
      0.2200147807598114,
      0.5826951265335083,
      0.6220494508743286,
      -0.2286311537027359,
      -0.7488538026809692,
      -0.031536638736724854,
      0.9483253955841064,
      -0.31572794914245605
    ],
    "timestamp" : 235316841790,
    "gravity" : [
      0.03153662383556366,
      -0.9483253955841064,
      0.31572794914245605
    ],
    "userAcceleration" : [
      -0.02383090928196907,
      0.01581507921218872,
      -0.023262858390808105
    ]
  },
  {
    "rotationMatrix" : [
      0.7813222408294678,
      0.21866439282894135,
      0.5845694541931152,
      0.6233366131782532,
      -0.22624266147613525,
      -0.7485091686248779,
      -0.03141781687736511,
      0.9492104053497314,
      -0.3130699396133423
    ],
    "timestamp" : 235316851811,
    "gravity" : [
      0.031417809426784515,
      -0.9492104053497314,
      0.3130699098110199
    ],
    "userAcceleration" : [
      -0.02073662355542183,
      0.01651674509048462,
      -0.004735618829727173
    ]
  },
  {
    "rotationMatrix" : [
      0.7801705002784729,
      0.21722957491874695,
      0.5866389274597168,
      0.6247738599777222,
      -0.22336646914482117,
      -0.7481741905212402,
      -0.03148999810218811,
      0.9502201080322266,
      -0.3099832534790039
    ],
    "timestamp" : 235316861831,
    "gravity" : [
      0.0314900279045105,
      -0.9502201080322266,
      0.3099832236766815
    ],
    "userAcceleration" : [
      -0.02233472466468811,
      0.034723520278930664,
      0.008177578449249268
    ]
  },
  {
    "rotationMatrix" : [
      0.7788699269294739,
      0.21558775007724762,
      0.5889682769775391,
      0.6263880133628845,
      -0.22004538774490356,
      -0.7478089928627014,
      -0.031618744134902954,
      0.951368510723114,
      -0.30642831325531006
    ],
    "timestamp" : 235316871851,
    "gravity" : [
      0.03161872550845146,
      -0.9513685703277588,
      0.3064284026622772
    ],
    "userAcceleration" : [
      -0.02475222572684288,
      0.05013853311538696,
      0.013807713985443115
    ]
  },
  {
    "rotationMatrix" : [
      0.7776292562484741,
      0.213838592171669,
      0.5912408828735352,
      0.6279174089431763,
      -0.21655282378196716,
      -0.7475455403327942,
      -0.03181910514831543,
      0.9525637030601501,
      -0.30267077684402466
    ],
    "timestamp" : 235316881872,
    "gravity" : [
      0.031819116324186325,
      -0.9525637030601501,
      0.30267077684402466
    ],
    "userAcceleration" : [
      -0.0036361142992973328,
      0.0432468056678772,
      -0.012799769639968872
    ]
  },
  {
    "rotationMatrix" : [
      0.7765652537345886,
      0.21213829517364502,
      0.5932484865188599,
      0.629217803478241,
      -0.2131388932466507,
      -0.7474331855773926,
      -0.03211480379104614,
      0.9537131786346436,
      -0.2989974021911621
    ],
    "timestamp" : 235316891892,
    "gravity" : [
      0.03211478516459465,
      -0.9537131786346436,
      0.2989974617958069
    ],
    "userAcceleration" : [
      -0.003931760787963867,
      0.044396281242370605,
      -0.009126454591751099
    ]
  },
  {
    "rotationMatrix" : [
      0.7755358219146729,
      0.21053722500801086,
      0.5951623916625977,
      0.6304686069488525,
      -0.20982667803764343,
      -0.7473165392875671,
      -0.03245702385902405,
      0.9548019766807556,
      -0.29546523094177246
    ],
    "timestamp" : 235316901913,
    "gravity" : [
      0.03245703876018524,
      -0.9548020362854004,
      0.29546523094177246
    ],
    "userAcceleration" : [
      -0.004274014383554459,
      0.04548501968383789,
      -0.005594134330749512
    ]
  },
  {
    "rotationMatrix" : [
      0.7744315266609192,
      0.20895995199680328,
      0.597152829170227,
      0.6318036913871765,
      -0.20641419291496277,
      -0.7471392750740051,
      -0.032861292362213135,
      0.9558915495872498,
      -0.29187533259391785
    ],
    "timestamp" : 235316911933,
    "gravity" : [
      0.03286131098866463,
      -0.9558915495872498,
      0.29187533259391785
    ],
    "userAcceleration" : [
      -0.001214541494846344,
      0.04318720102310181,
      -0.005574852228164673
    ]
  },
  {
    "rotationMatrix" : [
      0.7733286619186401,
      0.2073703110218048,
      0.5991329550743103,
      0.6331207752227783,
      -0.2026856541633606,
      -0.7470451593399048,
      -0.033479273319244385,
      0.9570349454879761,
      -0.28803306818008423
    ],
    "timestamp" : 235316921953,
    "gravity" : [
      0.033479250967502594,
      -0.9570349454879761,
      0.28803303837776184
    ],
    "userAcceleration" : [
      0.002241615206003189,
      0.036121368408203125,
      0.012732744216918945
    ]
  },
  {
    "rotationMatrix" : [
      0.7720442414283752,
      0.20589399337768555,
      0.601294755935669,
