[
  {
    "timestamp" : 235466585227,
    "userAcceleration" : [
      0.04954424127936363,
      0.04295992851257324,
      0.03736764192581177
    ],
    "rotationMatrix" : [
      0.9482952952384949,
      -0.001370653510093689,
      0.3173864185810089,
      0.3136463165283203,
      0.15717071294784546,
      -0.9364417791366577,
      -0.04860028624534607,
      0.9875704050064087,
      0.1494741439819336
    ],
    "gravity" : [
      0.048600293695926666,
      -0.9875704646110535,
      -0.1494741141796112
    ]
  },
  {
    "timestamp" : 235466595248,
    "userAcceleration" : [
      0.06322653591632843,
      0.047989845275878906,
      0.023676633834838867
    ],
    "rotationMatrix" : [
      0.9479748606681824,
      -0.000725090503692627,
      0.3183443546295166,
      0.314680814743042,
      0.15342454612255096,
      -0.9367160201072693,
      -0.048162639141082764,
      0.9881600737571716,
      0.1456707864999771
    ],
    "gravity" : [
      0.048162635415792465,
      -0.9881600737571716,
      -0.1456708014011383
    ]
  },
  {
    "timestamp" : 235466605269,
    "userAcceleration" : [
      0.05674711987376213,
      0.03986400365829468,
      0.0076078325510025024
    ],
    "rotationMatrix" : [
      0.947749137878418,
      -7.69495964050293e-05,
      0.31901663541793823,
      0.3154327869415283,
      0.14969812333583832,
      -0.937065839767456,
      -0.04768405854701996,
      0.9887316226959229,
      0.14190053939819336
    ],
    "gravity" : [
      0.04768404737114906,
      -0.9887316226959229,
      -0.14190053939819336
    ]
  },
  {
    "timestamp" : 235466615290,
    "userAcceleration" : [
      0.0477571040391922,
      0.03224056959152222,
      -0.00018531084060668945
    ],
    "rotationMatrix" : [
      0.9476433396339417,
      0.0005745589733123779,
      0.319330096244812,
      0.3158347010612488,
      0.1458785980939865,
      -0.9375327229499817,
      -0.047122061252593994,
      0.9893022179603577,
      0.13805942237377167
    ],
    "gravity" : [
      0.04712206497788429,
      -0.9893022179603577,
      -0.13805943727493286
    ]
  },
  {
    "timestamp" : 235466625311,
    "userAcceleration" : [
      0.0436750128865242,
      0.020452678203582764,
      -0.00889807939529419
    ],
    "rotationMatrix" : [
      0.9475633502006531,
      0.0013831108808517456,
      0.3195649981498718,
      0.3161436915397644,
      0.1419418752193451,
      -0.9380328059196472,
      -0.046657025814056396,
      0.9898739457130432,
      0.13406166434288025
    ],
    "gravity" : [
      0.04665704444050789,
      -0.9898739457130432,
      -0.13406164944171906
    ]
  },
  {
    "timestamp" : 235466635332,
    "userAcceleration" : [
      0.02610119804739952,
      0.009013116359710693,
      -0.01960282027721405
    ],
    "rotationMatrix" : [
      0.9475254416465759,
      0.002489998936653137,
      0.31967073678970337,
      0.31628715991973877,
      0.13800868391990662,
      -0.9385711550712585,
      -0.04645434021949768,
      0.9904277920722961,
      0.1299791932106018
    ],
    "gravity" : [
      0.04645434021949768,
      -0.9904277920722961,
      -0.1299791783094406
    ]
  },
  {
    "timestamp" : 235466645353,
    "userAcceleration" : [
      0.010951787233352661,
      0.0073351263999938965,
      -0.02027750015258789
    ],
    "rotationMatrix" : [
      0.9474360346794128,
      0.003828480839729309,
      0.31992238759994507,
      0.3165439963340759,
      0.13419821858406067,
      -0.9390370845794678,
      -0.04652808606624603,
      0.9909471273422241,
      0.12593235075473785
    ],
    "gravity" : [
      0.046528082340955734,
      -0.9909471273422241,
      -0.12593232095241547
    ]
  },
  {
    "timestamp" : 235466655374,
    "userAcceleration" : [
      0.012846346944570541,
      0.01043158769607544,
      -0.011702895164489746
    ],
    "rotationMatrix" : [
      0.9473807215690613,
      0.0052253007888793945,
      0.32006627321243286,
      0.31668731570243835,
      0.13050112128257751,
      -0.9395097494125366,
      -0.046678200364112854,
      0.9914343357086182,
      0.12197946757078171
    ],
    "gravity" : [
      0.04667820408940315,
      -0.9914343357086182,
      -0.1219794899225235
    ]
  },
  {
    "timestamp" : 235466665395,
    "userAcceleration" : [
      0.037513408809900284,
      0.02379244565963745,
      0.0031205862760543823
    ],
    "rotationMatrix" : [
      0.947501540184021,
      0.006426557898521423,
      0.3196866512298584,
      0.3163495659828186,
      0.12660765647888184,
      -0.9401561617851257,
      -0.04651676118373871,
      0.9919320940971375,
      0.1179279014468193
    ],
    "gravity" : [
      0.04651676490902901,
      -0.9919321537017822,
      -0.11792789399623871
    ]
  },
  {
    "timestamp" : 235466675416,
    "userAcceleration" : [
      0.08105704188346863,
      0.043353378772735596,
      0.0056866854429244995
    ],
    "rotationMatrix" : [
      0.9478546977043152,
      0.007354736328125,
      0.31861793994903564,
      0.31538742780685425,
      0.12218092381954193,
      -0.9410645961761475,
      -0.045850321650505066,
      0.9924806356430054,
      0.11349017173051834
    ],
    "gravity" : [
      0.045850321650505066,
      -0.9924805760383606,
      -0.11349020898342133
    ]
  },
  {
    "timestamp" : 235466685437,
    "userAcceleration" : [
      0.10295718908309937,
      0.054501473903656006,
      -0.0023298710584640503
    ],
    "rotationMatrix" : [
      0.9482783079147339,
      0.007957309484481812,
      0.3173403739929199,
      0.31427034735679626,
      0.11738747358322144,
      -0.9420477747917175,
      -0.04474790394306183,
      0.9930540919303894,
      0.1088152527809143
    ],
    "gravity" : [
      0.04474789276719093,
      -0.9930541515350342,
      -0.1088152676820755
    ]
  },
  {
    "timestamp" : 235466695458,
    "userAcceleration" : [
      0.0995781272649765,
      0.06020170450210571,
      -0.0041916221380233765
    ],
    "rotationMatrix" : [
      0.9485742449760437,
      0.008290484547615051,
      0.3164461851119995,
      0.3135554790496826,
      0.11267724633216858,
      -0.9428608417510986,
      -0.043473020195961,
      0.9935969114303589,
      0.10428321361541748
    ],
    "gravity" : [
      0.0434730164706707,
      -0.9935969114303589,
      -0.10428320616483688
    ]
  },
  {
    "timestamp" : 235466705479,
    "userAcceleration" : [
      0.07342135906219482,
      0.04685401916503906,
      -0.009798884391784668
    ],
    "rotationMatrix" : [
      0.9485470652580261,
      0.008765548467636108,
      0.31651487946510315,
      0.31375035643577576,
      0.1086331456899643,
      -0.9432706236839294,
      -0.042652249336242676,
      0.9940431714057922,
      0.10029345750808716
    ],
    "gravity" : [
      0.04265226796269417,
      -0.994043231010437,
      -0.10029340535402298
    ]
  },
  {
    "timestamp" : 235466715500,
    "userAcceleration" : [
      0.016163744032382965,
      0.011454641819000244,
      -0.005128100514411926
    ],
    "rotationMatrix" : [
      0.9481247067451477,
      0.00971280038356781,
      0.31775030493736267,
      0.31501108407974243,
      0.10571035742759705,
      -0.9431825280189514,
      -0.04275044798851013,
      0.9943495392799377,
      0.09716695547103882
    ],
    "gravity" : [
      0.04275044798851013,
      -0.9943495392799377,
      -0.09716694802045822
    ]
  },
  {
    "timestamp" : 235466725521,
    "userAcceleration" : [
      -0.014804314821958542,
      -0.015235662460327148,
      0.010621070861816406
    ],
    "rotationMatrix" : [
      0.9474193453788757,
      0.011212185025215149,
      0.31979823112487793,
      0.3169856071472168,
      0.10384904593229294,
      -0.9427276849746704,
      -0.04378078877925873,
      0.9945298433303833,
      0.09483449161052704
    ],
    "gravity" : [
      0.04378077760338783,
      -0.9945299029350281,
      -0.09483446180820465
    ]
  },
  {
    "timestamp" : 235466735542,
    "userAcceleration" : [
      -0.00990404561161995,
      -0.024241626262664795,
      0.013175614178180695
    ],
    "rotationMatrix" : [
      0.9466114640235901,
      0.01321496069431305,
      0.32210573554039,
      0.3191492557525635,
      0.10261416435241699,
      -0.9421325922012329,
      -0.045502811670303345,
      0.9946333169937134,
      0.09291820973157883
    ],
    "gravity" : [
      0.04550280049443245,
      -0.9946333765983582,
      -0.09291818737983704
    ]
  },
  {
    "timestamp" : 235466745563,
    "userAcceleration" : [
      0.010753381997346878,
      -0.010310828685760498,
      0.011664681136608124
    ],
    "rotationMatrix" : [
      0.9458546042442322,
      0.015448033809661865,
      0.32422277331352234,
      0.32110005617141724,
      0.101561538875103,
      -0.9415838122367859,
      -0.047474175691604614,
      0.994709312915802,
      0.09110209345817566
    ],
    "gravity" : [
      0.04747416824102402,
      -0.9947093725204468,
      -0.09110204875469208
    ]
  },
  {
    "timestamp" : 235466755584,
    "userAcceleration" : [
      0.04372140392661095,
      0.009969890117645264,
      0.005785584449768066
    ],
    "rotationMatrix" : [
      0.9452858567237854,
      0.01756313443183899,
      0.32577016949653625,
      0.32251134514808655,
      0.10029641538858414,
      -0.9412369132041931,
      -0.04920464754104614,
      0.9948025345802307,
      0.08914446830749512
    ],
    "gravity" : [
      0.049204643815755844,
      -0.9948025345802307,
      -0.08914449065923691
    ]
  },
  {
    "timestamp" : 235466765605,
    "userAcceleration" : [
      0.07531878352165222,
      0.03224235773086548,
      -0.008265145123004913
    ],
    "rotationMatrix" : [
      0.9448654651641846,
      0.019324854016304016,
      0.3268880248069763,
      0.3235595226287842,
      0.09849581122398376,
      -0.9410673975944519,
      -0.05038312077522278,
      0.9949498772621155,
      0.08681254088878632
    ],
    "gravity" : [
      0.05038312450051308,
      -0.9949498772621155,
      -0.08681251853704453
    ]
  },
  {
    "timestamp" : 235466775626,
    "userAcceleration" : [
      0.09178958833217621,
      0.04390662908554077,
      -0.026071302592754364
    ],
    "rotationMatrix" : [
      0.9445050358772278,
      0.020703434944152832,
      0.3278438448905945,
      0.32452306151390076,
      0.09595812857151031,
      -0.9409976601600647,
      -0.05094112455844879,
      0.9951699376106262,
      0.08391420543193817
    ],
    "gravity" : [
      0.05094113200902939,
      -0.9951699376106262,
      -0.08391419798135757
    ]
  },
  {
    "timestamp" : 235466785647,
    "userAcceleration" : [
      0.08864825963973999,
      0.042098164558410645,
      -0.038324058055877686
    ],
    "rotationMatrix" : [
      0.9440860748291016,
      0.021768242120742798,
      0.3289797008037567,
      0.325740247964859,
      0.09258048236370087,
      -0.9409156441688538,
      -0.0509391725063324,
      0.9954672455787659,
      0.08031314611434937
    ],
    "gravity" : [
      0.0509391687810421,
      -0.9954672455787659,
      -0.08031315356492996
    ]
  },
  {
    "timestamp" : 235466795668,
    "userAcceleration" : [
      0.07418352365493774,
      0.04114186763763428,
      -0.0369945764541626
    ],
    "rotationMatrix" : [
      0.9437019228935242,
      0.02271541953086853,
      0.330016165971756,
      0.32691076397895813,
      0.08843187987804413,
      -0.9409087300300598,
      -0.050557076930999756,
      0.9958232045173645,
      0.07602742314338684
    ],
    "gravity" : [
      0.05055708438158035,
      -0.9958232045173645,
      -0.07602741569280624
    ]
  },
  {
    "timestamp" : 235466805689,
    "userAcceleration" : [
      0.06282002478837967,
      0.030585527420043945,
      -0.014690093696117401
    ],
    "rotationMatrix" : [
      0.9432989954948425,
      0.023592695593833923,
      0.33110475540161133,
      0.32815873622894287,
      0.08393178880214691,
      -0.9408862590789795,
      -0.04998822510242462,
      0.9961919784545898,
      0.07143063843250275
    ],
    "gravity" : [
      0.04998820647597313,
      -0.9961919784545898,
      -0.07143064588308334
    ]
  },
  {
    "timestamp" : 235466815710,
    "userAcceleration" : [
      0.047346170991659164,
      0.013126850128173828,
      0.02255881577730179
    ],
    "rotationMatrix" : [
      0.9428232908248901,
      0.024454265832901,
      0.3323945999145508,
      0.329600989818573,
      0.07962030917406082,
      -0.9407569169998169,
      -0.04947084188461304,
      0.9965251684188843,
      0.06700773537158966
    ],
    "gravity" : [
      0.04947085306048393,
      -0.9965251684188843,
      -0.06700776517391205
    ]
  },
  {
    "timestamp" : 235466825731,
    "userAcceleration" : [
      0.030258353799581528,
      0.0049569010734558105,
      0.05028439313173294
    ],
    "rotationMatrix" : [
      0.9422734975814819,
      0.02532792091369629,
      0.33388495445251465,
      0.3312153220176697,
      0.0759030282497406,
      -0.9404970407485962,
      -0.04916365444660187,
      0.996793270111084,
      0.06313242018222809
    ],
    "gravity" : [
      0.04916364699602127,
      -0.996793270111084,
      -0.06313243508338928
    ]
  },
  {
    "timestamp" : 235466835752,
    "userAcceleration" : [
      0.009391941130161285,
      -0.0053021907806396484,
      0.06849713623523712
    ],
    "rotationMatrix" : [
      0.9417334198951721,
      0.026359155774116516,
      0.3353257179260254,
      0.3327353596687317,
      0.07295878231525421,
      -0.9401934742927551,
      -0.04924757778644562,
      0.9969863295555115,
      0.05993711203336716
    ],
    "gravity" : [
      0.049247585237026215,
      -0.9969863891601562,
      -0.05993707850575447
    ]
  },
  {
    "timestamp" : 235466845773,
    "userAcceleration" : [
      -0.012904632836580276,
      -0.018450379371643066,
      0.08186458796262741
    ],
    "rotationMatrix" : [
      0.9413183927536011,
      0.027717992663383484,
      0.33637988567352295,
      0.333821177482605,
      0.07068353146314621,
      -0.939982533454895,
      -0.049830928444862366,
      0.9971135854721069,
      0.05728285759687424
    ],
    "gravity" : [
      0.049830932170152664,
      -0.9971135854721069,
      -0.057282816618680954
    ]
  },
  {
    "timestamp" : 235466855794,
    "userAcceleration" : [
      -0.017528686672449112,
      -0.034643352031707764,
      0.07840924710035324
    ],
    "rotationMatrix" : [
      0.9411041140556335,
      0.029487162828445435,
      0.3368285894393921,
      0.3342590630054474,
      0.06891780346632004,
      -0.9399581551551819,
      -0.05093018710613251,
      0.9971864819526672,
      0.05500248074531555
    ],
    "gravity" : [
      0.050930190831422806,
      -0.997186541557312,
      -0.05500241741538048
    ]
  },
  {
    "timestamp" : 235466865815,
    "userAcceleration" : [
      -0.004955846816301346,
      -0.03729981184005737,
      0.07094837725162506
    ],
    "rotationMatrix" : [
      0.9410735964775085,
      0.03152720630168915,
      0.33672916889190674,
      0.3341185450553894,
      0.06758139282464981,
      -0.9401048421859741,
      -0.052395448088645935,
      0.9972152709960938,
      0.05306524783372879
    ],
    "gravity" : [
      0.05239543318748474,
      -0.9972153306007385,
      -0.0530652217566967
    ]
  },
  {
    "timestamp" : 235466875836,
    "userAcceleration" : [
      0.01736699417233467,
      -0.02434408664703369,
      0.050742506980895996
    ],
    "rotationMatrix" : [
      0.9410594701766968,
      0.033585309982299805,
      0.3365696370601654,
      0.33390554785728455,
      0.0665670707821846,
      -0.9402530193328857,
      -0.05398312211036682,
      0.9972164630889893,
      0.051429253071546555
    ],
    "gravity" : [
      0.05398312583565712,
      -0.997216522693634,
      -0.05142926052212715
    ]
  },
  {
    "timestamp" : 235466885857,
    "userAcceleration" : [
      0.03563585877418518,
      0.024034202098846436,
      -0.02549416571855545
    ],
    "rotationMatrix" : [
      0.9409304261207581,
      0.03551220893859863,
      0.3367325961589813,
      0.3340197205543518,
      0.06567114591598511,
      -0.9402756094932556,
      -0.05550488829612732,
      0.9972092509269714,
      0.04993019998073578
    ],
    "gravity" : [
      0.055504895746707916,
      -0.9972092509269714,
      -0.04993017017841339
    ]
  },
  {
    "timestamp" : 235466895878,
    "userAcceleration" : [
      0.03428995609283447,
      0.02403634786605835,
      -0.027075886726379395
    ],
    "rotationMatrix" : [
      0.9405102133750916,
      0.03724449872970581,
      0.3377178907394409,
      0.33497539162635803,
      0.06467171013355255,
      -0.940004825592041,
      -0.05685079097747803,
      0.9972113370895386,
      0.04834841564297676
    ],
    "gravity" : [
      0.056850798428058624,
      -0.9972112774848938,
      -0.04834842309355736
    ]
  },
  {
    "timestamp" : 235466905899,
    "userAcceleration" : [
      0.03319862484931946,
      0.0240628719329834,
      -0.028955459594726562
    ],
    "rotationMatrix" : [
      0.9395650029182434,
      0.03874003887176514,
      0.340171754360199,
      0.33743196725845337,
      0.06337083131074905,
      -0.9392144083976746,
      -0.057942137122154236,
      0.9972378611564636,
      0.04646889120340347
    ],
    "gravity" : [
      0.05794214457273483,
      -0.9972378015518188,
      -0.046468887478113174
    ]
  },
  {
    "timestamp" : 235466915920,
    "userAcceleration" : [
      0.03427934646606445,
      0.02183353900909424,
      -0.01935500279068947
    ],
    "rotationMatrix" : [
      0.9387660026550293,
      0.04019057750701904,
      0.3422032594680786,
      0.3395063877105713,
      0.061502162367105484,
      -0.9385908842086792,
      -0.05876874923706055,
      0.9972974061965942,
      0.044091179966926575
    ],
    "gravity" : [
      0.05876876413822174,
      -0.997297465801239,
      -0.04409119486808777
    ]
  },
  {
    "timestamp" : 235466925941,
    "userAcceleration" : [
      0.043993446975946426,
      0.013794481754302979,
      0.0005361437797546387
    ],
    "rotationMatrix" : [
      0.9380955100059509,
      0.04157388210296631,
      0.34387266635894775,
      0.3412639796733856,
      0.05901117995381355,
      -0.938113272190094,
      -0.05929329991340637,
      0.9973911643028259,
      0.04117046296596527
    ],
    "gravity" : [
      0.059293314814567566,
      -0.9973911643028259,
      -0.04117044061422348
    ]
  },
  {
    "timestamp" : 235466935962,
    "userAcceleration" : [
      0.0521651990711689,
      0.018582940101623535,
      0.01915847882628441
    ],
    "rotationMatrix" : [
      0.937616765499115,
      0.04283423721790314,
      0.3450218439102173,
      0.34254157543182373,
      0.056017689406871796,
      -0.9378312230110168,
      -0.05949865281581879,
      0.9975106120109558,
      0.03785061091184616
    ],
    "gravity" : [
      0.05949863791465759,
      -0.9975106120109558,
      -0.03785061091184616
    ]
  },
  {
    "timestamp" : 235466945983,
    "userAcceleration" : [
      0.05122329667210579,
      0.02988743782043457,
      0.039088960736989975
    ],
    "rotationMatrix" : [
      0.9381504058837891,
      0.04403986036777496,
      0.34341567754745483,
      0.3410966396331787,
      0.052571237087249756,
      -0.9385570883750916,
      -0.0593876987695694,
      0.9976456761360168,
      0.0342978797852993
    ],
    "gravity" : [
      0.0593876950442791,
      -0.9976456165313721,
      -0.03429786115884781
    ]
  },
  {
    "timestamp" : 235466956004,
    "userAcceleration" : [
      0.045278310775756836,
      0.023936152458190918,
      0.05810994282364845
    ],
    "rotationMatrix" : [
      0.938481867313385,
      0.04506996273994446,
      0.3423747420310974,
      0.3402351140975952,
      0.0489763543009758,
      -0.9390639066696167,
      -0.05909179151058197,
      0.9977823495864868,
      0.03062904253602028
    ],
    "gravity" : [
      0.05909179896116257,
      -0.9977824091911316,
      -0.030629022046923637
    ]
  },
  {
    "timestamp" : 235466966025,
    "userAcceleration" : [
      0.030881736427545547,
      0.004598557949066162,
      0.06881475448608398
    ],
    "rotationMatrix" : [
      0.9388733506202698,
      0.04612560570240021,
      0.3411586880683899,
      0.3391944169998169,
      0.04547697678208351,
      -0.9396162629127502,
      -0.058855220675468445,
      0.9978998303413391,
      0.027051575481891632
    ],
    "gravity" : [
      0.05885521322488785,
      -0.9978998303413391,
      -0.02705157734453678
    ]
  },
  {
    "timestamp" : 235466976046,
    "userAcceleration" : [
      0.007122352719306946,
      0.005503594875335693,
      0.06915706396102905
    ],
    "rotationMatrix" : [
      0.9392346739768982,
      0.04720510542392731,
      0.3400144577026367,
      0.33819764852523804,
      0.04249213635921478,
      -0.940115213394165,
      -0.05882616341114044,
      0.9979809522628784,
      0.023945432156324387
    ],
    "gravity" : [
      0.05882614850997925,
      -0.9979809522628784,
      -0.023945406079292297
    ]
  },
  {
    "timestamp" : 235466986067,
    "userAcceleration" : [
      -0.010655857622623444,
      -0.018617630004882812,
      0.05462813377380371
    ],
    "rotationMatrix" : [
      0.9394153356552124,
      0.04834224283695221,
      0.3393549919128418,
      0.3376365900039673,
      0.040376558899879456,
      -0.9404102563858032,
      -0.05916355550289154,
      0.9980144500732422,
      0.021608244627714157
    ],
    "gravity" : [
      0.05916355550289154,
      -0.998014509677887,
      -0.021608242765069008
    ]
  },
  {
    "timestamp" : 235466996088,
    "userAcceleration" : [
      -0.011577587574720383,
      -0.01864159107208252,
      0.05313974618911743
    ],
    "rotationMatrix" : [
      0.9394928812980652,
      0.04973024129867554,
      0.33893951773643494,
      0.33725783228874207,
      0.03926776349544525,
      -0.9405929446220398,
      -0.060085296630859375,
      0.9979904294013977,
      0.02011987194418907
    ],
    "gravity" : [
      0.060085296630859375,
      -0.9979903697967529,
      -0.020119894295930862
    ]
  },
  {
    "timestamp" : 235467006109,
    "userAcceleration" : [
      -0.0020014718174934387,
      -0.007546782493591309,
      0.03863400220870972
    ],
    "rotationMatrix" : [
      0.9391725063323975,
      0.05134408175945282,
      0.33958613872528076,
      0.33788424730300903,
      0.03908829391002655,
      -0.940375566482544,
      -0.061556532979011536,
      0.9979157447814941,
      0.019362300634384155
    ],
    "gravity" : [
      0.06155654042959213,
      -0.9979157447814941,
      -0.019362272694706917
    ]
  },
  {
    "timestamp" : 235467016130,
    "userAcceleration" : [
      -0.0038251280784606934,
      -0.007653713226318359,
      0.038251280784606934
    ],
    "rotationMatrix" : [
      0.9387749433517456,
      0.05315545201301575,
      0.34040579199790955,
      0.3386510908603668,
      0.03939255326986313,
      -0.940087080001831,
      -0.06338021159172058,
      0.9978089332580566,
      0.01897958666086197
    ],
    "gravity" : [
      0.06338019669055939,
      -0.9978089928627014,
      -0.018979568034410477
    ]
  },
  {
    "timestamp" : 235467026151,
    "userAcceleration" : [
      0.013153769075870514,
      0.012436985969543457,
      0.017785191535949707
    ],
    "rotationMatrix" : [
      0.9382312297821045,
      0.05497606098651886,
      0.3416135311126709,
      0.3398045301437378,
      0.039729200303554535,
      -0.9396565556526184,
      -0.06523063778877258,
      0.9976969361305237,
      0.018594060093164444
    ],
    "gravity" : [
      0.06523064523935318,
      -0.9976969361305237,
      -0.018594058230519295
    ]
  },
  {
    "timestamp" : 235467036172,
    "userAcceleration" : [
      0.03827247768640518,
      0.038155317306518555,
      0.0008626580238342285
    ],
    "rotationMatrix" : [
      0.9376818537712097,
      0.05656208097934723,
      0.34286069869995117,
      0.34103190898895264,
      0.039619624614715576,
      -0.9392163753509521,
      -0.06670801341533661,
      0.9976125955581665,
      0.01786113902926445
    ],
    "gravity" : [
      0.06670800596475601,
      -0.9976125955581665,
      -0.01786109060049057
    ]
  },
  {
    "timestamp" : 235467046193,
    "userAcceleration" : [
      0.05530523508787155,
      0.06124919652938843,
      -0.00549083948135376
    ],
    "rotationMatrix" : [
      0.9371808171272278,
      0.05782623589038849,
      0.3440178632736206,
      0.34222763776779175,
      0.038751810789108276,
      -0.93881756067276,
      -0.06761957705020905,
      0.9975741505622864,
      0.016527723520994186
    ],
    "gravity" : [
      0.06761956959962845,
      -0.9975742101669312,
      -0.016527725383639336
    ]
  },
  {
    "timestamp" : 235467056214,
    "userAcceleration" : [
      0.05731304734945297,
      0.06731903553009033,
      0.009412288665771484
    ],
    "rotationMatrix" : [
      0.936937689781189,
      0.05875658988952637,
      0.3445219397544861,
      0.34283700585365295,
      0.037001416087150574,
      -0.9386658668518066,
      -0.06790059804916382,
      0.9975863695144653,
      0.014524087309837341
    ],
    "gravity" : [
      0.06790059804916382,
      -0.9975863099098206,
      -0.014524121768772602
    ]
  },
  {
    "timestamp" : 235467066235,
    "userAcceleration" : [
      0.05770538002252579,
      0.05768120288848877,
      0.03399240970611572
    ],
    "rotationMatrix" : [
      0.9370052218437195,
      0.059367358684539795,
      0.3442334532737732,
      0.3427058458328247,
      0.03455757722258568,
      -0.9388068318367004,
      -0.067630335688591,
      0.9976378083229065,
      0.01203509047627449
    ],
    "gravity" : [
      0.0676303282380104,
      -0.9976377487182617,
      -0.012035132385790348
    ]
  },
  {
    "timestamp" : 235467076256,
    "userAcceleration" : [
      0.041605375707149506,
      0.047876179218292236,
      0.05830788612365723
    ],
    "rotationMatrix" : [
      0.93726646900177,
      0.05975872278213501,
      0.3434537351131439,
      0.34210458397865295,
      0.031828828155994415,
      -0.9391224980354309,
      -0.0670524537563324,
      0.9977051615715027,
      0.009388364851474762
    ],
    "gravity" : [
      0.06705246865749359,
      -0.9977051615715027,
      -0.009388340637087822
    ]
  },
  {
    "timestamp" : 235467086277,
    "userAcceleration" : [
      0.021860085427761078,
      0.03405362367630005,
      0.07289367914199829
    ],
    "rotationMatrix" : [
      0.937781035900116,
      0.060043931007385254,
      0.34199628233909607,
      0.3408169150352478,
      0.029211528599262238,
      -0.9396755695343018,
      -0.06641200184822083,
      0.9977680444717407,
      0.0069300346076488495
    ],
    "gravity" : [
      0.06641200184822083,
      -0.997767984867096,
      -0.006930067669600248
    ]
  },
  {
    "timestamp" : 235467096298,
    "userAcceleration" : [
      0.00853370875120163,
      0.017468750476837158,
      0.07662498950958252
    ],
    "rotationMatrix" : [
      0.9384785294532776,
      0.06030316650867462,
      0.3400316834449768,
      0.33899468183517456,
      0.02698066085577011,
      -0.9404011964797974,
      -0.06588341295719147,
      0.9978152513504028,
      0.004878323525190353
    ],
    "gravity" : [
      0.06588342040777206,
      -0.9978153109550476,
      -0.004878333304077387
    ]
  },
  {
    "timestamp" : 235467106319,
    "userAcceleration" : [
      -0.0003085210919380188,
      0.01421445608139038,
      0.06703048944473267
    ],
    "rotationMatrix" : [
      0.9392273426055908,
      0.06064324080944061,
      0.3378969430923462,
      0.3369724750518799,
      0.025184037163853645,
      -0.941177487373352,
      -0.06558562815189362,
      0.9978415966033936,
      0.003218434751033783
    ],
    "gravity" : [
      0.06558563560247421,
      -0.9978416562080383,
      -0.003218371421098709
    ]
  },
  {
    "timestamp" : 235467116340,
    "userAcceleration" : [
      -0.0013047829270362854,
      0.015394628047943115,
      0.04099828004837036
    ],
    "rotationMatrix" : [
      0.9397686719894409,
      0.06112731993198395,
      0.3363008499145508,
      0.3354650139808655,
      0.02376668155193329,
      -0.9417526721954346,
      -0.06555953621864319,
      0.9978468418121338,
      0.0018291100859642029
    ],
    "gravity" : [
      0.06555954366922379,
      -0.9978469014167786,
      -0.0018290771404281259
    ]
  },
  {
    "timestamp" : 235467126361,
    "userAcceleration" : [
      -0.003047153353691101,
      0.02740877866744995,
      0.02100473642349243
    ],
    "rotationMatrix" : [
      0.9400642514228821,
      0.061701178550720215,
      0.33536869287490845,
      0.33460235595703125,
      0.022668937221169472,
      -0.9420865774154663,
      -0.0657302588224411,
      0.9978370666503906,
      0.0006649009883403778
    ],
    "gravity" : [
      0.0657302737236023,
      -0.9978370666503906,
      -0.0006648940034210682
    ]
  },
  {
    "timestamp" : 235467136382,
    "userAcceleration" : [
      0.005955934524536133,
      0.03328067064285278,
      0.01410055160522461
    ],
    "rotationMatrix" : [
      0.9402111768722534,
      0.06232134997844696,
      0.3348417282104492,
      0.33413517475128174,
      0.021743884310126305,
      -0.9422741532325745,
      -0.06600452959537506,
      0.9978191256523132,
      -0.00037990882992744446
    ],
    "gravity" : [
      0.06600452214479446,
      -0.9978191256523132,
      0.00037989445263519883
    ]
  },
  {
    "timestamp" : 235467146403,
    "userAcceleration" : [
      0.015061892569065094,
      0.03558987379074097,
      0.018904924392700195
    ],
    "rotationMatrix" : [
      0.9402693510055542,
      0.0630083829164505,
      0.3345496654510498,
      0.3338981866836548,
      0.02091357856988907,
      -0.9423770308494568,
      -0.066374272108078,
      0.9977937340736389,
      -0.001373983919620514
    ],
    "gravity" : [
      0.06637425720691681,
      -0.9977937340736389,
      0.0013739189598709345
    ]
  },
  {
    "timestamp" : 235467156424,
    "userAcceleration" : [
      0.025402873754501343,
      0.03186875581741333,
      0.028200507164001465
    ],
    "rotationMatrix" : [
      0.9402855038642883,
      0.06370507180690765,
      0.33437222242355347,
      0.33377259969711304,
      0.0201493501663208,
      -0.9424381852149963,
      -0.06677545607089996,
      0.9977652430534363,
      -0.0023168660700321198
    ],
    "gravity" : [
      0.06677547842264175,
      -0.997765302658081,
      0.0023168795742094517
    ]
  },
  {
    "timestamp" : 235467166445,
    "userAcceleration" : [
      0.03894776105880737,
      0.03607302904129028,
      0.03520989418029785
    ],
    "rotationMatrix" : [
      0.9403573870658875,
      0.06430844962596893,
      0.3340545892715454,
      0.3335110545158386,
      0.019327735528349876,
      -0.9425480961799622,
      -0.06707032024860382,
      0.9977429509162903,
      -0.0032725967466831207
    ],
    "gravity" : [
      0.06707031279802322,
      -0.9977428913116455,
      0.0032725934870541096
    ]
  },
  {
    "timestamp" : 235467176466,
    "userAcceleration" : [
      0.03833497315645218,
      0.051433026790618896,
      0.031630635261535645
    ],
    "rotationMatrix" : [
      0.940477192401886,
      0.06471273303031921,
      0.33363884687423706,
      0.3331693410873413,
      0.018235180526971817,
      -0.9426905512809753,
      -0.06708802282810211,
      0.9977372288703918,
      -0.004410523921251297
    ],
    "gravity" : [
      0.06708801537752151,
      -0.9977372288703918,
      0.004410524386912584
    ]
  },
  {
    "timestamp" : 235467186487,
    "userAcceleration" : [
      0.03640501946210861,
      0.06280291080474854,
      0.02690422534942627
    ],
    "rotationMatrix" : [
      0.9407168030738831,
      0.06486953794956207,
      0.3329322636127472,
      0.33256757259368896,
      0.016659054905176163,
      -0.9429321885108948,
      -0.06671389937400818,
      0.9977546334266663,
      -0.005902048200368881
    ],
    "gravity" : [
      0.06671389937400818,
      -0.997754693031311,
      0.00590208824723959
    ]
  },
  {
    "timestamp" : 235467196508,
    "userAcceleration" : [
      0.03423648327589035,
      0.06999599933624268,
      0.02975642681121826
    ],
    "rotationMatrix" : [
      0.9411653876304626,
      0.06481043994426727,
      0.3316735625267029,
      0.33144527673721313,
      0.014557458460330963,
      -0.9433619976043701,
      -0.06596800684928894,
      0.9977912902832031,
      -0.007780130952596664
    ],
    "gravity" : [
      0.06596799194812775,
      -0.9977912902832031,
      0.007780111860483885
    ]
  },
  {
    "timestamp" : 235467206528,
    "userAcceleration" : [
      0.03688931465148926,
      0.06369560956954956,
      0.038022756576538086
    ],
    "rotationMatrix" : [
      0.9417526721954346,
      0.06458286941051483,
      0.3300468921661377,
      0.3299722671508789,
      0.012127241119742393,
      -0.94391268491745,
      -0.06496311724185944,
      0.9978386759757996,
      -0.009889688342809677
    ],
    "gravity" : [
      0.06496312469244003,
      -0.99783855676651,
      0.009889673441648483
    ]
  },
  {
    "timestamp" : 235467216549,
    "userAcceleration" : [
      0.03639528900384903,
      0.05579221248626709,
      0.047560930252075195
    ],
    "rotationMatrix" : [
      0.9424342513084412,
      0.0642690658569336,
      0.3281572759151459,
      0.3282291889190674,
      0.009737864136695862,
      -0.9445478320121765,
      -0.06390073895454407,
      0.9978850483894348,
      -0.011917684227228165
    ],
    "gravity" : [
      0.06390073895454407,
      -0.9978850483894348,
      0.01191768515855074
    ]
  },
  {
    "timestamp" : 235467226570,
    "userAcceleration" : [
      0.028972283005714417,
      0.04795646667480469,
      0.05255734920501709
    ],
    "rotationMatrix" : [
      0.9429508447647095,
      0.06394730508327484,
      0.3267330527305603,
      0.32692140340805054,
      0.007791437208652496,
      -0.9450194239616394,
      -0.06297717988491058,
      0.9979228377342224,
      -0.013558804988861084
    ],
    "gravity" : [
      0.06297717988491058,
      -0.9979228377342224,
      0.013558798469603062
    ]
  },
  {
    "timestamp" : 235467236591,
    "userAcceleration" : [
      0.022351592779159546,
      0.04006314277648926,
      0.057352662086486816
    ],
    "rotationMatrix" : [
      0.9432846307754517,
      0.06368504464626312,
      0.3258195221424103,
      0.3260834813117981,
      0.00649690069258213,
      -0.9453185200691223,
      -0.062319427728652954,
      0.9979488253593445,
      -0.014638207852840424
    ],
    "gravity" : [
      0.06231943145394325,
      -0.9979487657546997,
      0.014638190157711506
    ]
  },
  {
    "timestamp" : 235467246612,
    "userAcceleration" : [
      0.013497475534677505,
      0.03334677219390869,
      0.06150543689727783
    ],
    "rotationMatrix" : [
      0.943473756313324,
      0.06354811787605286,
      0.3252980709075928,
      0.3255990445613861,
      0.005852164700627327,
      -0.9454897046089172,
      -0.0619877427816391,
      0.9979614615440369,
      -0.015169836580753326
    ],
    "gravity" : [
      0.061987753957509995,
      -0.9979615211486816,
      0.015169871971011162
    ]
  },
  {
    "timestamp" : 235467256633,
    "userAcceleration" : [
      0.005847476422786713,
      0.026114165782928467,
      0.0646897554397583
    ],
    "rotationMatrix" : [
      0.9437077641487122,
      0.06356517970561981,
      0.3246152997016907,
      0.3249279260635376,
      0.005644695833325386,
      -0.9457219243049622,
      -0.061947330832481384,
      0.997961699962616,
      -0.01532716304063797
    ],
    "gravity" : [
      0.061947356909513474,
      -0.997961699962616,
      0.01532716490328312
    ]
  },
  {
    "timestamp" : 235467266654,
    "userAcceleration" : [
      0.006015162914991379,
      0.02000105381011963,
      0.06834077835083008
    ],
    "rotationMatrix" : [
      0.9440973997116089,
      0.06372019648551941,
      0.323449969291687,
      0.3237649202346802,
      0.005605487152934074,
      -0.9461209177970886,
      -0.06210009753704071,
      0.9979520440101624,
      -0.015338238328695297
    ],
    "gravity" : [
      0.06210009753704071,
      -0.9979520440101624,
      0.015338221564888954
    ]
  },
  {
    "timestamp" : 235467276675,
    "userAcceleration" : [
      0.013686135411262512,
      0.011121511459350586,
      0.061525940895080566
    ],
    "rotationMatrix" : [
      0.9446549415588379,
      0.0639490932226181,
      0.3217724561691284,
      0.32209235429763794,
      0.005525093525648117,
      -0.9466921091079712,
      -0.062317922711372375,
      0.997937798500061,
      -0.015378206968307495
    ],
    "gravity" : [
      0.062317922711372375,
      -0.997937798500061,
      0.015378217212855816
    ]
  },
  {
    "timestamp" : 235467286696,
    "userAcceleration" : [
      0.030286893248558044,
      0.013203144073486328,
      0.045800209045410156
    ],
    "rotationMatrix" : [
      0.9453298449516296,
      0.06409956514835358,
      0.31975406408309937,
      0.3200821280479431,
      0.005361845716834068,
      -0.9473745822906494,
      -0.062440767884254456,
      0.9979290962219238,
      -0.015448413789272308
    ],
    "gravity" : [
      0.06244077533483505,
      -0.9979290962219238,
      0.015448397025465965
    ]
  },
  {
    "timestamp" : 235467296717,
    "userAcceleration" : [
      0.04698631167411804,
      0.023737728595733643,
      0.03317534923553467
    ],
    "rotationMatrix" : [
      0.9460445642471313,
      0.0640154629945755,
      0.31765034794807434,
      0.3179798126220703,
      0.005245469510555267,
      -0.9480829834938049,
      -0.062358200550079346,
      0.9979351162910461,
      -0.015393178910017014
    ],
    "gravity" : [
      0.06235819682478905,
      -0.9979351162910461,
      0.015393195673823357
    ]
  },
  {
    "timestamp" : 235467306738,
    "userAcceleration" : [
      0.054449040442705154,
      0.03120976686477661,
      0.024747133255004883
    ],
    "rotationMatrix" : [
      0.9466679096221924,
      0.06360122561454773,
      0.31587132811546326,
      0.31618234515190125,
      0.005379391834139824,
      -0.9486831426620483,
      -0.06203657388687134,
      0.9979608058929443,
      -0.015017081052064896
    ],
    "gravity" : [
      0.062036577612161636,
      -0.9979608058929443,
      0.015017102472484112
    ]
  },
  {
    "timestamp" : 235467316759,
    "userAcceleration" : [
      0.053398601710796356,
      0.02424800395965576,
      0.02234828658401966
    ],
    "rotationMatrix" : [
      0.9471156001091003,
      0.06289815902709961,
      0.3146679401397705,
      0.31493818759918213,
      0.0058293696492910385,
      -0.949094295501709,
      -0.06153060495853424,
      0.9980028867721558,
      -0.014287944883108139
    ],
    "gravity" : [
      0.06153060495853424,
      -0.9980029463768005,
      0.01428796723484993
    ]
  },
  {
    "timestamp" : 235467326780,
    "userAcceleration" : [
      0.04591728746891022,
      0.01030343770980835,
      0.011387469246983528
    ],
    "rotationMatrix" : [
      0.9474468231201172,
      0.06207595765590668,
      0.3138328194618225,
      0.31405240297317505,
      0.006440905854105949,
      -0.9493838548660278,
      -0.06095530092716217,
      0.9980506896972656,
