[
  {
    "rotationMatrix" : [
      0.6114370822906494,
      0.2241629660129547,
      -0.7588777542114258,
      -0.7880178689956665,
      0.08532971143722534,
      -0.6097100973129272,
      -0.07191979885101318,
      0.9708086252212524,
      0.22881826758384705
    ],
    "gravity" : [
      0.07191980630159378,
      -0.9708086252212524,
      -0.22881823778152466
    ],
    "timestamp" : 235416453139,
    "userAcceleration" : [
      -0.05716460943222046,
      -0.03511154651641846,
      0.0042851269245147705
    ]
  },
  {
    "rotationMatrix" : [
      0.6108030080795288,
      0.22411060333251953,
      -0.7594037055969238,
      -0.7883971929550171,
      0.08354943990707397,
      -0.6094663739204407,
      -0.07314017415046692,
      0.9709756970405579,
      0.2277204692363739
    ],
    "gravity" : [
      0.07314017415046692,
      -0.9709756970405579,
      -0.2277204692363739
    ],
    "timestamp" : 235416463160,
    "userAcceleration" : [
      -0.0453997403383255,
      -0.03399860858917236,
      0.03861820697784424
    ]
  },
  {
    "rotationMatrix" : [
      0.609891951084137,
      0.2240847945213318,
      -0.7601432800292969,
      -0.7889901995658875,
      0.08171692490577698,
      -0.6089473962783813,
      -0.07433924078941345,
      0.9711377620697021,
      0.22663918137550354
    ],
    "gravity" : [
      0.07433921843767166,
      -0.9711377024650574,
      -0.22663916647434235
    ],
    "timestamp" : 235416473180,
    "userAcceleration" : [
      -0.02456510066986084,
      -0.028984367847442627,
      0.07498195767402649
    ]
  },
  {
    "rotationMatrix" : [
      0.6084324717521667,
      0.22399082779884338,
      -0.7613396048545837,
      -0.7900305986404419,
      0.07999616861343384,
      -0.6078256964683533,
      -0.07524323463439941,
      0.9713024497032166,
      0.2256319373846054
    ],
    "gravity" : [
      0.07524324208498001,
      -0.9713025093078613,
      -0.2256319224834442
    ],
    "timestamp" : 235416483201,
    "userAcceleration" : [
      -0.005541160702705383,
      -0.02489793300628662,
      0.09854133427143097
    ]
  },
  {
    "rotationMatrix" : [
      0.6058969497680664,
      0.22376936674118042,
      -0.7634239196777344,
      -0.7919360995292664,
      0.0783764123916626,
      -0.6055526733398438,
      -0.07566985487937927,
      0.9714854955673218,
      0.22469916939735413
    ],
    "gravity" : [
      0.07566986232995987,
      -0.9714855551719666,
      -0.22469910979270935
    ],
    "timestamp" : 235416493222,
    "userAcceleration" : [
      0.005644157528877258,
      -0.023890912532806396,
      0.10059930384159088
    ]
  },
  {
    "rotationMatrix" : [
      0.602536678314209,
      0.22338005900382996,
      -0.7661924362182617,
      -0.7944988012313843,
      0.07690158486366272,
      -0.6023766994476318,
      -0.07563754916191101,
      0.9716930389404297,
      0.22381126880645752
    ],
    "gravity" : [
      0.0756375640630722,
      -0.9716930389404297,
      -0.2238112986087799
    ],
    "timestamp" : 235416503243,
    "userAcceleration" : [
      0.011947840452194214,
      -0.02301204204559326,
      0.07580095529556274
    ]
  },
  {
    "rotationMatrix" : [
      0.5989190936088562,
      0.2228865921497345,
      -0.7691667079925537,
      -0.7972590923309326,
      0.07561126351356506,
      -0.5988830327987671,
      -0.07532534003257751,
      0.9719076156616211,
      0.22298339009284973
    ],
    "gravity" : [
      0.0753253698348999,
      -0.9719076156616211,
      -0.22298340499401093
    ],
    "timestamp" : 235416513264,
    "userAcceleration" : [
      0.005942888557910919,
      -0.022904276847839355,
      0.03797048330307007
    ]
  },
  {
    "rotationMatrix" : [
      0.5953527688980103,
      0.2224408984184265,
      -0.7720589637756348,
      -0.7999545931816101,
      0.0743856132030487,
      -0.5954321026802063,
      -0.07501843571662903,
      0.9721042513847351,
      0.2222283035516739
    ],
    "gravity" : [
      0.07501841336488724,
      -0.9721042513847351,
      -0.2222282886505127
    ],
    "timestamp" : 235416523284,
    "userAcceleration" : [
      -0.00847490131855011,
      -0.027315795421600342,
      -0.00514298677444458
    ]
  },
  {
    "rotationMatrix" : [
      0.5924835205078125,
      0.2220856249332428,
      -0.7743649482727051,
      -0.8020831346511841,
      0.07312887907028198,
      -0.5927180051803589,
      -0.07500585913658142,
      0.972280740737915,
      0.22145886719226837
    ],
    "gravity" : [
      0.07500585168600082,
      -0.9722808003425598,
      -0.22145883738994598
    ],
    "timestamp" : 235416533305,
    "userAcceleration" : [
      -0.023858442902565002,
      -0.030541956424713135,
      -0.04770629107952118
    ]
  },
  {
    "rotationMatrix" : [
      0.5905093550682068,
      0.22180333733558655,
      -0.7759522199630737,
      -0.8034982681274414,
      0.07172155380249023,
      -0.5909707546234131,
      -0.07542684674263,
      0.9724500179290771,
      0.2205708771944046
    ],
    "gravity" : [
      0.0754268616437912,
      -0.9724500775337219,
      -0.2205708920955658
    ],
    "timestamp" : 235416543326,
    "userAcceleration" : [
      -0.025820598006248474,
      -0.029838621616363525,
      -0.07261155545711517
    ]
  },
  {
    "rotationMatrix" : [
      0.5893585681915283,
      0.22144287824630737,
      -0.776929497718811,
      -0.8042686581611633,
      0.07010278105735779,
      -0.5901163220405579,
      -0.07621222734451294,
      0.9726502299308777,
      0.2194153070449829
    ],
    "gravity" : [
      0.07621221989393234,
      -0.9726502299308777,
      -0.2194153070449829
    ],
    "timestamp" : 235416553347,
    "userAcceleration" : [
      -0.015573851764202118,
      -0.030584514141082764,
      -0.07514046132564545
    ]
  },
  {
    "rotationMatrix" : [
      0.5890324115753174,
      0.22077220678329468,
      -0.7773676514625549,
      -0.8044258952140808,
      0.06844490766525269,
      -0.5900968909263611,
      -0.07707005739212036,
      0.972920835018158,
      0.21791109442710876
    ],
    "gravity" : [
      0.07707006484270096,
      -0.9729208946228027,
      -0.21791110932826996
    ],
    "timestamp" : 235416563368,
    "userAcceleration" : [
      0.0011006370186805725,
      -0.02018207311630249,
      -0.0681455135345459
    ]
  },
  {
    "rotationMatrix" : [
      0.58902907371521,
      0.2195814549922943,
      -0.7777073383331299,
      -0.8043676614761353,
      0.06677770614624023,
      -0.5903670787811279,
      -0.07770013809204102,
      0.9733060598373413,
      0.21595825254917145
    ],
    "gravity" : [
      0.0777001678943634,
      -0.9733060002326965,
      -0.21595831215381622
    ],
    "timestamp" : 235416573389,
    "userAcceleration" : [
      0.01604977250099182,
      -0.010580599308013916,
      -0.05421394109725952
    ]
  },
  {
    "rotationMatrix" : [
      0.5890892148017883,
      0.21773618459701538,
      -0.7781804203987122,
      -0.8043087124824524,
      0.06521043181419373,
      -0.5906225442886353,
      -0.07785451412200928,
      0.9738266468048096,
      0.21354195475578308
    ],
    "gravity" : [
      0.07785452902317047,
      -0.9738267064094543,
      -0.2135419249534607
    ],
    "timestamp" : 235416583409,
    "userAcceleration" : [
      0.03380922973155975,
      -0.008305191993713379,
      0.009669184684753418
    ]
  },
  {
    "rotationMatrix" : [
      0.5884424448013306,
      0.21536925435066223,
      -0.7793276309967041,
      -0.804824948310852,
      0.0637412965297699,
      -0.5900795459747314,
      -0.07740965485572815,
      0.9744501113891602,
      0.21084266901016235
    ],
    "gravity" : [
      0.07740967720746994,
      -0.9744501709938049,
      -0.21084266901016235
    ],
    "timestamp" : 235416593430,
    "userAcceleration" : [
      0.03425409644842148,
      -0.007681727409362793,
      0.006969869136810303
    ]
  },
  {
    "rotationMatrix" : [
      0.5876235365867615,
      0.21264368295669556,
      -0.7806926965713501,
      -0.8055198788642883,
      0.06264340877532959,
      -0.5892480611801147,
      -0.07639473676681519,
      0.9751195907592773,
      0.20809955894947052
    ],
    "gravity" : [
      0.07639475911855698,
      -0.9751195907592773,
      -0.20809954404830933
    ],
    "timestamp" : 235416603451,
    "userAcceleration" : [
      0.027532778680324554,
      -0.020607829093933105,
      0.026535168290138245
    ]
  },
  {
    "rotationMatrix" : [
      0.5859053134918213,
      0.20994779467582703,
      -0.7827112674713135,
      -0.8068975210189819,
      0.061700522899627686,
      -0.5874601602554321,
      -0.07504221796989441,
      0.9757637977600098,
      0.20555701851844788
    ],
    "gravity" : [
      0.0750422403216362,
      -0.975763738155365,
      -0.20555704832077026
    ],
    "timestamp" : 235416613472,
    "userAcceleration" : [
      0.005752980709075928,
      -0.03571075201034546,
      0.03256809711456299
    ]
  },
  {
    "rotationMatrix" : [
      0.5839108228683472,
      0.2075301706790924,
      -0.7848435640335083,
      -0.8084714412689209,
      0.06096351146697998,
      -0.5853694081306458,
      -0.07363501191139221,
      0.976327121257782,
      0.20337948203086853
    ],
    "gravity" : [
      0.07363500446081161,
      -0.9763270616531372,
      -0.2033795267343521
    ],
    "timestamp" : 235416623493,
    "userAcceleration" : [
      -0.017864175140857697,
      -0.05004000663757324,
      0.017847776412963867
    ]
  },
  {
    "rotationMatrix" : [
      0.5817397832870483,
      0.20554009079933167,
      -0.7869765758514404,
      -0.8101423978805542,
      0.060245394706726074,
      -0.5831294655799866,
      -0.07244473695755005,
      0.9767926335334778,
      0.20156385004520416
    ],
    "gravity" : [
      0.07244473695755005,
      -0.9767926335334778,
      -0.20156382024288177
    ],
    "timestamp" : 235416633513,
    "userAcceleration" : [
      -0.03792940080165863,
      -0.05784481763839722,
      -0.00990787148475647
    ]
  },
  {
    "rotationMatrix" : [
      0.5799041986465454,
      0.20392626523971558,
      -0.788749098777771,
      -0.8115268349647522,
      0.05943405628204346,
      -0.5812844634056091,
      -0.07166072726249695,
      0.9771803021430969,
      0.19995775818824768
    ],
    "gravity" : [
      0.07166073471307755,
      -0.9771803617477417,
      -0.1999577283859253
    ],
    "timestamp" : 235416643534,
    "userAcceleration" : [
      -0.060674458742141724,
      -0.06145477294921875,
      -0.04467129707336426
    ]
  },
  {
    "rotationMatrix" : [
      0.578777015209198,
      0.20250800251960754,
      -0.7899414896965027,
      -0.812355637550354,
      0.05838418006896973,
      -0.5802320241928101,
      -0.07138174772262573,
      0.9775384664535522,
      0.1983000487089157
    ],
    "gravity" : [
      0.07138174027204514,
      -0.9775384664535522,
      -0.19830003380775452
    ],
    "timestamp" : 235416653555,
    "userAcceleration" : [
      -0.07103084772825241,
      -0.05925029516220093,
      -0.07178059220314026
    ]
  },
  {
    "rotationMatrix" : [
      0.578386664390564,
      0.20106303691864014,
      -0.7905962467193604,
      -0.8126140832901001,
      0.05693918466567993,
      -0.5800138115882874,
      -0.07160356640815735,
      0.9779219031333923,
      0.19631963968276978
    ],
    "gravity" : [
      0.07160360366106033,
      -0.9779218435287476,
      -0.19631966948509216
    ],
    "timestamp" : 235416663576,
    "userAcceleration" : [
      -0.07006252557039261,
      -0.05557096004486084,
      -0.07714840769767761
    ]
  },
  {
    "rotationMatrix" : [
      0.5781614780426025,
      0.19945171475410461,
      -0.7911689281463623,
      -0.8127238750457764,
      0.05500337481498718,
      -0.5800468921661377,
      -0.07217445969581604,
      0.9783626794815063,
      0.19390003383159637
    ],
    "gravity" : [
      0.07217445969581604,
      -0.9783626198768616,
      -0.19390004873275757
    ],
    "timestamp" : 235416673597,
    "userAcceleration" : [
      -0.05844159424304962,
      -0.04663115739822388,
      -0.06021988391876221
    ]
  },
  {
    "rotationMatrix" : [
      0.5785475373268127,
      0.19759729504585266,
      -0.7913519740104675,
      -0.812385082244873,
      0.052892595529556274,
      -0.5807173848152161,
      -0.07289159297943115,
      0.9788551926612854,
      0.1911260187625885
    ],
    "gravity" : [
      0.07289160788059235,
      -0.9788551926612854,
      -0.1911260485649109
    ],
    "timestamp" : 235416683618,
    "userAcceleration" : [
      -0.043106503784656525,
      -0.03638821840286255,
      -0.025243625044822693
    ]
  },
  {
    "rotationMatrix" : [
      0.5787676572799683,
      0.19559794664382935,
      -0.7916876077651978,
      -0.8121659159660339,
      0.05065596103668213,
      -0.5812230706214905,
      -0.07358244061470032,
      0.9793749451637268,
      0.18817606568336487
    ],
    "gravity" : [
      0.07358242571353912,
      -0.979374885559082,
      -0.18817608058452606
    ],
    "timestamp" : 235416693638,
    "userAcceleration" : [
      -0.020710766315460205,
      -0.017390131950378418,
      0.047688305377960205
    ]
  },
  {
    "rotationMatrix" : [
      0.5785576701164246,
      0.19361335039138794,
      -0.7923287153244019,
      -0.8122604489326477,
      0.048409610986709595,
      -0.5812823176383972,
      -0.07418790459632874,
      0.9798826575279236,
      0.18527235090732574
    ],
    "gravity" : [
      0.07418789714574814,
      -0.9798827171325684,
      -0.18527229130268097
    ],
    "timestamp" : 235416703659,
    "userAcceleration" : [
      -0.02131626009941101,
      -0.01688230037689209,
      0.04478450119495392
    ]
  },
  {
    "rotationMatrix" : [
      0.5786082744598389,
      0.19172659516334534,
      -0.7927505970001221,
      -0.8121873140335083,
      0.0465485155582428,
      -0.5815368890762329,
      -0.07459470629692078,
      0.9803439378738403,
      0.18265122175216675
    ],
    "gravity" : [
      0.07459469139575958,
      -0.9803439378738403,
      -0.18265120685100555
    ],
    "timestamp" : 235416713680,
    "userAcceleration" : [
      -0.018900148570537567,
      -0.011080622673034668,
      0.0723453015089035
    ]
  },
  {
    "rotationMatrix" : [
      0.5777608156204224,
      0.19020289182662964,
      -0.7937350869178772,
      -0.8127688765525818,
      0.04491642117500305,
      -0.5808523297309875,
      -0.07482796907424927,
      0.9807168841362,
      0.18054187297821045
    ],
    "gravity" : [
      0.07482793927192688,
      -0.9807168841362,
      -0.18054188787937164
    ],
    "timestamp" : 235416723701,
    "userAcceleration" : [
      -0.018050044775009155,
      -0.010356783866882324,
      0.09054546058177948
    ]
  },
  {
    "rotationMatrix" : [
      0.5763804912567139,
      0.18920138478279114,
      -0.7949770092964172,
      -0.8137344121932983,
      0.04362526535987854,
      -0.579597532749176,
      -0.07497954368591309,
      0.9809687733650208,
      0.17910440266132355
    ],
    "gravity" : [
      0.07497954368591309,
      -0.9809687733650208,
      -0.17910438776016235
    ],
    "timestamp" : 235416733722,
    "userAcceleration" : [
      -0.020505733788013458,
      -0.008136391639709473,
      0.09417390823364258
    ]
  },
  {
    "rotationMatrix" : [
      0.574544370174408,
      0.18884021043777466,
      -0.7963905930519104,
      -0.8150190711021423,
      0.04270052909851074,
      -0.5778583288192749,
      -0.07511675357818604,
      0.9810788631439209,
      0.1784418374300003
    ],
    "gravity" : [
      0.07511675357818604,
      -0.9810788631439209,
      -0.17844179272651672
    ],
    "timestamp" : 235416743742,
    "userAcceleration" : [
      -0.017530135810375214,
      -0.006698668003082275,
      0.08186884224414825
    ]
  },
  {
    "rotationMatrix" : [
      0.5724014639854431,
      0.18914449214935303,
      -0.7978601455688477,
      -0.8165037631988525,
      0.04205915331840515,
      -0.5758060216903687,
      -0.07535326480865479,
      0.9810479879379272,
      0.17851196229457855
    ],
    "gravity" : [
      0.07535327225923538,
      -0.9810479879379272,
      -0.17851197719573975
    ],
    "timestamp" : 235416753763,
    "userAcceleration" : [
      -0.01807183027267456,
      -0.006409168243408203,
      0.050811052322387695
    ]
  },
  {
    "rotationMatrix" : [
      0.569805383682251,
      0.19010183215141296,
      -0.7994892597198486,
      -0.8182703256607056,
      0.04143628478050232,
      -0.5733380913734436,
      -0.07586482167243958,
      0.9808894991874695,
      0.17916536331176758
    ],
    "gravity" : [
      0.07586485147476196,
      -0.9808894991874695,
      -0.1791653335094452
    ],
    "timestamp" : 235416763784,
    "userAcceleration" : [
      -0.02725040912628174,
      -0.007559537887573242,
      0.017467856407165527
    ]
  },
  {
    "rotationMatrix" : [
      0.5678772926330566,
      0.19149556756019592,
      -0.800527811050415,
      -0.8195279836654663,
      0.040865153074264526,
      -0.5715801119804382,
      -0.07674148678779602,
      0.9806422591209412,
      0.18014244735240936
    ],
    "gravity" : [
      0.07674150168895721,
      -0.9806422591209412,
      -0.18014243245124817
    ],
    "timestamp" : 235416773805,
    "userAcceleration" : [
      -0.028157584369182587,
      -0.005807816982269287,
      -0.0133085697889328
    ]
  },
  {
    "rotationMatrix" : [
      0.566177487373352,
      0.1931077241897583,
      -0.8013441562652588,
      -0.8205922842025757,
      0.040147870779037476,
      -0.5701022148132324,
      -0.07791882753372192,
      0.9803558588027954,
      0.1811935156583786
    ],
    "gravity" : [
      0.07791884243488312,
      -0.9803558588027954,
      -0.1811935156583786
    ],
    "timestamp" : 235416783826,
    "userAcceleration" : [
      -0.02509298175573349,
      0.0068451762199401855,
      -0.033986032009124756
    ]
  },
  {
    "rotationMatrix" : [
      0.5646592974662781,
      0.1947038173675537,
      -0.8020288944244385,
      -0.8215084075927734,
      0.039256930351257324,
      -0.568843424320221,
      -0.07927083969116211,
      0.9800761342048645,
      0.18211762607097626
    ],
    "gravity" : [
      0.07927083969116211,
      -0.9800761938095093,
      -0.18211759626865387
    ],
    "timestamp" : 235416793847,
    "userAcceleration" : [
      -0.012940935790538788,
      0.025318562984466553,
      -0.0439109206199646
    ]
  },
  {
    "rotationMatrix" : [
      0.5633907318115234,
      0.19608783721923828,
      -0.8025835752487183,
      -0.8222533464431763,
      0.03835409879684448,
      -0.5678275227546692,
      -0.0805618166923523,
      0.9798358082771301,
      0.18284228444099426
    ],
    "gravity" : [
      0.0805618017911911,
      -0.9798358678817749,
      -0.18284229934215546
    ],
    "timestamp" : 235416803867,
    "userAcceleration" : [
      0.00674891471862793,
      0.04378557205200195,
      -0.03972248733043671
    ]
  },
  {
    "rotationMatrix" : [
      0.562290370464325,
      0.1971014440059662,
      -0.8031067252159119,
      -0.8229098320007324,
      0.03760674595832825,
      -0.5669257640838623,
      -0.08153975009918213,
      0.9796614646911621,
      0.18334272503852844
    ],
    "gravity" : [
      0.08153976500034332,
      -0.9796614050865173,
      -0.18334273993968964
    ],
    "timestamp" : 235416813888,
    "userAcceleration" : [
      0.030535966157913208,
      0.05908358097076416,
      -0.03465966880321503
    ]
  },
  {
    "rotationMatrix" : [
      0.5610077977180481,
      0.19771119952201843,
      -0.8038535118103027,
      -0.8237277269363403,
      0.03700438141822815,
      -0.565776526927948,
      -0.08211436867713928,
      0.9795615077018738,
      0.18362002074718475
    ],
    "gravity" : [
      0.08211436867713928,
      -0.9795615077018738,
      -0.18361999094486237
    ],
    "timestamp" : 235416823909,
    "userAcceleration" : [
      0.05194929242134094,
      0.07181626558303833,
      -0.03299383819103241
    ]
  },
  {
    "rotationMatrix" : [
      0.5598719716072083,
      0.1979830265045166,
      -0.8045781850814819,
      -0.8244860172271729,
      0.03671804070472717,
      -0.5646897554397583,
      -0.0822564959526062,
      0.9795174598693848,
      0.18379166722297668
    ],
    "gravity" : [
      0.0822564959526062,
      -0.9795174598693848,
      -0.18379168212413788
    ],
    "timestamp" : 235416833930,
    "userAcceleration" : [
      0.06215263158082962,
      0.08527618646621704,
      -0.02648979425430298
    ]
  },
  {
    "rotationMatrix" : [
      0.5589805245399475,
      0.19805103540420532,
      -0.8051810264587402,
      -0.8251158595085144,
      0.03682476282119751,
      -0.5637620091438293,
      -0.08200308680534363,
      0.9794996380805969,
      0.18399940431118011
    ],
    "gravity" : [
      0.08200307935476303,
      -0.9794996976852417,
      -0.18399938941001892
    ],
    "timestamp" : 235416843951,
    "userAcceleration" : [
      0.0705542266368866,
      0.08771508932113647,
      -0.018637418746948242
    ]
  },
  {
    "rotationMatrix" : [
      0.5580132007598877,
      0.197998046875,
      -0.805864691734314,
      -0.8258329629898071,
      0.037276625633239746,
      -0.5626811385154724,
      -0.08136993646621704,
      0.9794932007789612,
      0.18431423604488373
    ],
    "gravity" : [
      0.08136998116970062,
      -0.9794932007789612,
      -0.18431425094604492
    ],
    "timestamp" : 235416853971,
    "userAcceleration" : [
      0.0748036578297615,
      0.07989621162414551,
      -0.02036719024181366
    ]
  },
  {
    "rotationMatrix" : [
      0.5569623708724976,
      0.19776570796966553,
      -0.8066484928131104,
      -0.8266314268112183,
      0.03791031241416931,
      -0.5614653825759888,
      -0.08045825362205505,
      0.9795160293579102,
      0.18459391593933105
    ],
    "gravity" : [
      0.08045826107263565,
      -0.9795159697532654,
      -0.18459394574165344
    ],
    "timestamp" : 235416863992,
    "userAcceleration" : [
      0.060822829604148865,
      0.07021421194076538,
      -0.033438995480537415
    ]
  },
  {
    "rotationMatrix" : [
      0.5559746026992798,
      0.1972392499446869,
      -0.8074583411216736,
      -0.827399730682373,
      0.03854838013648987,
      -0.5602889657020569,
      -0.07938474416732788,
      0.979597270488739,
      0.18462759256362915
    ],
    "gravity" : [
      0.07938472181558609,
      -0.9795972108840942,
      -0.18462759256362915
    ],
    "timestamp" : 235416874013,
    "userAcceleration" : [
      0.04508115351200104,
      0.056745707988739014,
      -0.051578521728515625
    ]
  },
  {
    "rotationMatrix" : [
      0.5551549196243286,
      0.19630438089370728,
      -0.8082497119903564,
      -0.8280628323554993,
      0.039083659648895264,
      -0.5592713952064514,
      -0.07819804549217224,
      0.9797638058662415,
      0.1842498481273651
    ],
    "gravity" : [
      0.07819805294275284,
      -0.9797637462615967,
      -0.1842498928308487
    ],
    "timestamp" : 235416884034,
    "userAcceleration" : [
      0.032992683351039886,
      0.05584418773651123,
      -0.06874090433120728
    ]
  },
  {
    "rotationMatrix" : [
      0.554836630821228,
      0.19498208165168762,
      -0.8087880611419678,
      -0.8283931016921997,
      0.039562076330184937,
      -0.5587482452392578,
      -0.0769486129283905,
      0.9800084829330444,
      0.18347233533859253
    ],
    "gravity" : [
      0.0769486203789711,
      -0.9800084829330444,
      -0.18347235023975372
    ],
    "timestamp" : 235416894055,
    "userAcceleration" : [
      0.017548978328704834,
      0.062451839447021484,
      -0.07289068400859833
    ]
  },
  {
    "rotationMatrix" : [
      0.5550193190574646,
      0.1933717429637909,
      -0.8090493083000183,
      -0.8283882141113281,
      0.04000866413116455,
      -0.558723509311676,
      -0.075672447681427,
      0.9803093075752258,
      0.18239255249500275
    ],
    "gravity" : [
      0.07567247748374939,
      -0.9803093075752258,
      -0.18239256739616394
    ],
    "timestamp" : 235416904076,
    "userAcceleration" : [
      0.011867128312587738,
      0.059334754943847656,
      -0.05860482156276703
    ]
  },
  {
    "rotationMatrix" : [
      0.5555983185768127,
      0.19158124923706055,
      -0.8090778589248657,
      -0.8281207084655762,
      0.04050290584564209,
      -0.559084415435791,
      -0.07434019446372986,
      0.9806405305862427,
      0.18115584552288055
    ],
    "gravity" : [
      0.07434020936489105,
      -0.9806405305862427,
      -0.18115586042404175
    ],
    "timestamp" : 235416914096,
    "userAcceleration" : [
      0.013153620064258575,
      0.05376076698303223,
      -0.0319027304649353
    ]
  },
  {
    "rotationMatrix" : [
      0.5559786558151245,
      0.18977370858192444,
      -0.8092426061630249,
      -0.8279910087585449,
      0.04102638363838196,
      -0.5592383146286011,
      -0.0729285478591919,
      0.9809702634811401,
      0.17994077503681183
    ],
    "gravity" : [
      0.0729285404086113,
      -0.9809702038764954,
      -0.17994074523448944
    ],
    "timestamp" : 235416924117,
    "userAcceleration" : [
      0.01569446176290512,
      0.04485887289047241,
      0.0003752708435058594
    ]
  },
  {
    "rotationMatrix" : [
      0.5561111569404602,
      0.18813136219978333,
      -0.8095349669456482,
      -0.8280339241027832,
      0.04171949625015259,
      -0.5591235160827637,
      -0.07141536474227905,
      0.9812573194503784,
      0.17897987365722656
    ],
    "gravity" : [
      0.07141536474227905,
      -0.9812572598457336,
      -0.17897987365722656
    ],
    "timestamp" : 235416934138,
    "userAcceleration" : [
      0.018077366054058075,
      0.03390020132064819,
      0.02749049663543701
    ]
  },
  {
    "rotationMatrix" : [
      0.555903971195221,
      0.18682709336280823,
      -0.8099792003631592,
      -0.8283053636550903,
      0.042603999376297,
      -0.5586545467376709,
      -0.06986355781555176,
      0.9814684391021729,
      0.17843368649482727
    ],
    "gravity" : [
      0.06986358016729355,
      -0.9814684391021729,
      -0.17843368649482727
    ],
    "timestamp" : 235416944159,
    "userAcceleration" : [
      0.013174682855606079,
      0.019279837608337402,
      0.0379917174577713
    ]
  },
  {
    "rotationMatrix" : [
      0.5550808906555176,
      0.18592604994773865,
      -0.8107507824897766,
      -0.828982949256897,
      0.04355457425117493,
      -0.5575753450393677,
      -0.06835585832595825,
      0.9815980195999146,
      0.17830580472946167
    ],
    "gravity" : [
      0.06835583597421646,
      -0.9815980195999146,
      -0.17830577492713928
    ],
    "timestamp" : 235416954180,
    "userAcceleration" : [
      0.0030552297830581665,
      0.011795103549957275,
      0.03179071843624115
    ]
  },
  {
    "rotationMatrix" : [
      0.5540081262588501,
      0.18538835644721985,
      -0.8116071820259094,
      -0.82981276512146,
      0.04453843832015991,
      -0.5562618970870972,
      -0.06697672605514526,
      0.981655478477478,
      0.17851227521896362
    ],
    "gravity" : [
      0.06697673350572586,
      -0.9816555380821228,
      -0.17851224541664124
    ],
    "timestamp" : 235416964200,
    "userAcceleration" : [
      -0.003118745982646942,
      0.005505025386810303,
      0.010833308100700378
    ]
  },
  {
    "rotationMatrix" : [
      0.5528629422187805,
      0.1850125789642334,
      -0.8124732971191406,
      -0.830676794052124,
      0.04547432065010071,
      -0.5548946261405945,
      -0.06571584939956665,
      0.9816834330558777,
      0.1788267344236374
    ],
    "gravity" : [
      0.06571584194898605,
      -0.9816834330558777,
      -0.17882674932479858
    ],
    "timestamp" : 235416974221,
    "userAcceleration" : [
      -0.009365193545818329,
      0.004510641098022461,
      -0.014746308326721191
    ]
  },
  {
    "rotationMatrix" : [
      0.5517371296882629,
      0.1845942735671997,
      -0.8133333325386047,
      -0.8315117359161377,
      0.04620307683944702,
      -0.5535824298858643,
      -0.06460964679718018,
      0.981728196144104,
      0.17898426949977875
    ],
    "gravity" : [
      0.06460961699485779,
      -0.981728196144104,
      -0.17898426949977875
    ],
    "timestamp" : 235416984242,
    "userAcceleration" : [
      -0.018100865185260773,
      0.002922654151916504,
      -0.0367751270532608
    ]
  },
  {
    "rotationMatrix" : [
      0.5509053468704224,
      0.18402159214019775,
      -0.8140266537666321,
      -0.8321325778961182,
      0.04666164517402649,
      -0.5526103973388672,
      -0.0637083649635315,
      0.9818140268325806,
      0.17883644998073578
    ],
    "gravity" : [
      0.06370837241411209,
      -0.9818140864372253,
      -0.17883647978305817
    ],
    "timestamp" : 235416994263,
    "userAcceleration" : [
      -0.019381634891033173,
      0.0019403696060180664,
      -0.04554416239261627
    ]
  },
  {
    "rotationMatrix" : [
      0.5503273010253906,
      0.18343767523765564,
      -0.8145492076873779,
      -0.8325656652450562,
      0.046903759241104126,
      -0.5519367456436157,
      -0.06304070353507996,
      0.9819116592407227,
      0.17853638529777527
    ],
    "gravity" : [
      0.06304068118333817,
      -0.9819115996360779,
      -0.17853638529777527
    ],
    "timestamp" : 235417004284,
    "userAcceleration" : [
      -0.016562484204769135,
      0.002129673957824707,
      -0.0310278981924057
    ]
  },
  {
    "rotationMatrix" : [
      0.5502112507820129,
      0.1830623745918274,
      -0.8147120475769043,
      -0.8326743245124817,
      0.047118574380874634,
      -0.5517545938491821,
      -0.06261751055717468,
      0.9819713830947876,
      0.1783565729856491
    ],
    "gravity" : [
      0.06261750310659409,
      -0.9819714426994324,
      -0.17835655808448792
    ],
    "timestamp" : 235417014305,
    "userAcceleration" : [
      -0.015406861901283264,
      0.0007550716400146484,
      -0.006335914134979248
    ]
  },
  {
    "rotationMatrix" : [
      0.5499624013900757,
      0.1831149458885193,
      -0.8148682117462158,
      -0.8328514695167542,
      0.04729050397872925,
      -0.5514724850654602,
      -0.062447428703308105,
      0.9819533228874207,
      0.17851562798023224
    ],
    "gravity" : [
      0.062447428703308105,
      -0.9819533228874207,
      -0.17851559817790985
    ],
    "timestamp" : 235417024325,
    "userAcceleration" : [
      -0.014336533844470978,
      -0.002528369426727295,
      0.019351065158843994
    ]
  },
  {
    "rotationMatrix" : [
      0.5495021343231201,
      0.1836695671081543,
      -0.8150538206100464,
      -0.8331518173217773,
      0.04749298095703125,
      -0.5510010719299316,
      -0.062492936849594116,
      0.9818398952484131,
      0.1791222095489502
    ],
    "gravity" : [
      0.06249292194843292,
      -0.9818398952484131,
      -0.1791222095489502
    ],
    "timestamp" : 235417034346,
    "userAcceleration" : [
      -0.013512283563613892,
      -0.002229750156402588,
      0.041228488087654114
    ]
  },
  {
    "rotationMatrix" : [
      0.5487664937973022,
      0.1847546100616455,
      -0.8153042197227478,
      -0.8336243629455566,
      0.0478435754776001,
      -0.5502556562423706,
      -0.06265527009963989,
      0.9816193580627441,
      0.18027092516422272
    ],
    "gravity" : [
      0.06265527009963989,
      -0.9816193580627441,
      -0.18027091026306152
    ],
    "timestamp" : 235417044367,
    "userAcceleration" : [
      -0.010821223258972168,
      -0.0018399953842163086,
      0.05513346195220947
    ]
  },
  {
    "rotationMatrix" : [
      0.5473645925521851,
      0.18626025319099426,
      -0.815903902053833,
      -0.8345315456390381,
      0.048271119594573975,
      -0.5488415956497192,
      -0.06284281611442566,
      0.981313943862915,
      0.18186193704605103
    ],
    "gravity" : [
      0.06284280121326447,
      -0.981313943862915,
      -0.18186192214488983
    ],
    "timestamp" : 235417054388,
    "userAcceleration" : [
      -0.009086154401302338,
      -0.0041291117668151855,
      0.050956666469573975
    ]
  },
  {
    "rotationMatrix" : [
      0.545438289642334,
      0.1879945695400238,
      -0.8167956471443176,
      -0.835776686668396,
      0.04869389533996582,
      -0.5469059944152832,
      -0.06304240226745605,
      0.9809622764587402,
      0.18368102610111237
    ],
    "gravity" : [
      0.06304243206977844,
      -0.9809622764587402,
      -0.18368104100227356
    ],
    "timestamp" : 235417064409,
    "userAcceleration" : [
      -0.010979503393173218,
      -0.005549013614654541,
      0.026362821459770203
    ]
  },
  {
    "rotationMatrix" : [
      0.543148934841156,
      0.18975722789764404,
      -0.817912757396698,
      -0.8372457027435303,
      0.0489463210105896,
      -0.5446315407752991,
      -0.06331413984298706,
      0.9806100726127625,
      0.18545867502689362
    ],
    "gravity" : [
      0.06331416219472885,
      -0.9806100130081177,
      -0.18545867502689362
    ],
    "timestamp" : 235417074429,
    "userAcceleration" : [
      -0.01416565477848053,
      -0.005412757396697998,
      -0.00722937285900116
    ]
  },
  {
    "rotationMatrix" : [
      0.5410326719284058,
      0.19146987795829773,
      -0.8189157247543335,
      -0.8385809659957886,
      0.048996925354003906,
      -0.5425689220428467,
      -0.0637613832950592,
      0.9802746772766113,
      0.1870720088481903
    ],
    "gravity" : [
      0.06376136839389801,
      -0.9802746772766113,
      -0.18707194924354553
    ],
    "timestamp" : 235417084450,
    "userAcceleration" : [
      -0.01290389895439148,
      0.006535172462463379,
      -0.03372280299663544
    ]
  },
  {
    "rotationMatrix" : [
      0.5396629571914673,
      0.19314244389533997,
      -0.819426417350769,
      -0.8394122123718262,
      0.048958271741867065,
      -0.541285514831543,
      -0.06442764401435852,
      0.9799482822418213,
      0.18854719400405884
    ],
    "gravity" : [
      0.06442765146493912,
      -0.9799483418464661,
      -0.18854719400405884
    ],
    "timestamp" : 235417094471,
    "userAcceleration" : [
      -0.007939673960208893,
      0.01808023452758789,
      -0.045309096574783325
    ]
  },
  {
    "rotationMatrix" : [
      0.5388208031654358,
      0.19478538632392883,
      -0.8195918798446655,
      -0.8398898839950562,
      0.04885938763618469,
      -0.5405532717704773,
      -0.06524711847305298,
      0.9796282649040222,
      0.18992473185062408
    ],
    "gravity" : [
      0.06524712592363358,
      -0.9796282052993774,
      -0.18992473185062408
    ],
    "timestamp" : 235417104492,
    "userAcceleration" : [
      -0.001953713595867157,
      0.021910369396209717,
      -0.034318506717681885
    ]
  },
  {
    "rotationMatrix" : [
      0.538277268409729,
      0.1962578296661377,
      -0.8195977210998535,
      -0.8401761054992676,
      0.048755496740341187,
      -0.5401173830032349,
      -0.0660424530506134,
      0.9793393611907959,
      0.19113516807556152
    ],
    "gravity" : [
      0.066042460501194,
      -0.9793393611907959,
      -0.19113516807556152
    ],
    "timestamp" : 235417114513,
    "userAcceleration" : [
      0.008374601602554321,
      0.017288029193878174,
      -0.016414940357208252
    ]
  },
  {
    "rotationMatrix" : [
      0.5377830266952515,
      0.1973908245563507,
      -0.8196500539779663,
      -0.8404402732849121,
      0.04859533905982971,
      -0.5397208333015442,
      -0.06670480966567993,
      0.979119598865509,
      0.1920289844274521
    ],
    "gravity" : [
      0.06670480221509933,
      -0.9791196584701538,
      -0.1920289844274521
    ],
    "timestamp" : 235417124534,
    "userAcceleration" : [
      0.02127731591463089,
      0.020944058895111084,
      -0.0028105974197387695
    ]
  },
  {
    "rotationMatrix" : [
      0.5370956063270569,
      0.19813436269760132,
      -0.8199213743209839,
      -0.8408498167991638,
      0.0484585165977478,
      -0.5390949249267578,
      -0.06708106398582458,
      0.9789762496948242,
      0.19262813031673431
    ],
    "gravity" : [
      0.06708107888698578,
      -0.9789762496948242,
      -0.1926281452178955
    ],
    "timestamp" : 235417134554,
    "userAcceleration" : [
      0.03333695977926254,
      0.037844717502593994,
      0.011857211589813232
    ]
  },
  {
    "rotationMatrix" : [
      0.5364928245544434,
      0.198520690202713,
      -0.8202223777770996,
      -0.8412436246871948,
      0.04868096113204956,
      -0.538459837436676,
      -0.06696638464927673,
      0.9788867831230164,
      0.19312135875225067
    ],
    "gravity" : [
      0.06696640700101852,
      -0.9788867831230164,
      -0.19312134385108948
    ],
    "timestamp" : 235417144575,
    "userAcceleration" : [
      0.04376655071973801,
      0.043828368186950684,
      0.0343078076839447
    ]
  },
  {
    "rotationMatrix" : [
      0.5353229641914368,
      0.1986222267150879,
      -0.8209620118141174,
      -0.8420417308807373,
      0.04920685291290283,
      -0.5371633768081665,
      -0.0662955641746521,
      0.9788401126861572,
      0.1935897320508957
    ],
    "gravity" : [
      0.06629559397697449,
      -0.9788401126861572,
      -0.19358974695205688
    ],
    "timestamp" : 235417154596,
    "userAcceleration" : [
      0.041553474962711334,
      0.030445396900177002,
      0.048539578914642334
    ]
  },
  {
    "rotationMatrix" : [
      0.5338178277015686,
      0.19839048385620117,
      -0.821997344493866,
      -0.8430806398391724,
      0.049895256757736206,
      -0.5354673266410828,
      -0.06521797180175781,
      0.9788520932197571,
      0.19389425218105316
    ],
    "gravity" : [
      0.06521796435117722,
      -0.9788520932197571,
      -0.19389425218105316
    ],
    "timestamp" : 235417164616,
    "userAcceleration" : [
      0.031019143760204315,
      0.011200904846191406,
      0.049271360039711
    ]
  },
  {
    "rotationMatrix" : [
      0.5315015912055969,
      0.19793212413787842,
      -0.8236071467399597,
      -0.8446429967880249,
      0.050485193729400635,
      -0.5329437851905823,
      -0.06390690803527832,
      0.9789145588874817,
      0.1940150409936905
    ],
    "gravity" : [
      0.06390689313411713,
      -0.9789145588874817,
      -0.19401505589485168
    ],
    "timestamp" : 235417174637,
    "userAcceleration" : [
      0.007809340953826904,
      -0.008145809173583984,
      0.036788418889045715
    ]
  },
  {
    "rotationMatrix" : [
      0.5288010835647583,
      0.19744285941123962,
      -0.8254608511924744,
      -0.8464430570602417,
      0.05108904838562012,
      -0.5300224423408508,
      -0.0624772310256958,
      0.978982150554657,
      0.19414018094539642
    ],
    "gravity" : [
      0.0624772384762764,
      -0.9789820909500122,
      -0.19414022564888
    ],
    "timestamp" : 235417184658,
    "userAcceleration" : [
      0.009239017963409424,
      -0.008078277111053467,
      0.036913588643074036
    ]
  },
  {
    "rotationMatrix" : [
      0.5262038707733154,
      0.19711026549339294,
      -0.8271981477737427,
      -0.8481608629226685,
      0.05177024006843567,
      -0.5272026062011719,
      -0.06109294295310974,
      0.9790133237838745,
      0.19442304968833923
    ],
    "gravity" : [
      0.06109294667840004,
      -0.9790132641792297,
      -0.19442307949066162
    ],
    "timestamp" : 235417194678,
    "userAcceleration" : [
