[
  {
    "gravity" : [
      0.03723461553454399,
      -0.9982197880744934,
      -0.046591442078351974
    ],
    "rotationMatrix" : [
      -0.9965899586677551,
      -0.040528491139411926,
      0.07187378406524658,
      0.07363411784172058,
      -0.043756306171417236,
      0.9963249564170837,
      -0.03723461925983429,
      0.9982197880744934,
      0.04659140110015869
    ],
    "timestamp" : 235426481490,
    "userAcceleration" : [
      -0.04547436162829399,
      0.007161498069763184,
      0.03975546360015869
    ]
  },
  {
    "gravity" : [
      0.0375325083732605,
      -0.9979906678199768,
      -0.05104663223028183
    ],
    "rotationMatrix" : [
      -0.9964073896408081,
      -0.041255883872509,
      0.07395826280117035,
      0.0759156346321106,
      -0.04808720573782921,
      0.9959539771080017,
      -0.0375325083732605,
      0.9979906678199768,
      0.051046643406152725
    ],
    "timestamp" : 235426491511,
    "userAcceleration" : [
      -0.05375262722373009,
      -0.004114925861358643,
      0.05589890852570534
    ]
  },
  {
    "gravity" : [
      0.03810957819223404,
      -0.9977077841758728,
      -0.055916935205459595
    ],
    "rotationMatrix" : [
      -0.9961835741996765,
      -0.04232925921678543,
      0.07632924616336823,
      0.07852119952440262,
      -0.052794426679611206,
      0.9955134391784668,
      -0.03810958191752434,
      0.997707724571228,
      0.05591687560081482
    ],
    "timestamp" : 235426501532,
    "userAcceleration" : [
      -0.04238206520676613,
      -0.008853375911712646,
      0.06391251087188721
    ]
  },
  {
    "gravity" : [
      0.03885282203555107,
      -0.9973670244216919,
      -0.06123305484652519
    ],
    "rotationMatrix" : [
      -0.9959365725517273,
      -0.04363388568162918,
      0.0787818431854248,
      0.08124624937772751,
      -0.05792338773608208,
      0.9950095415115356,
      -0.03885282576084137,
      0.9973670244216919,
      0.0612330324947834
    ],
    "timestamp" : 235426511553,
    "userAcceleration" : [
      -0.030155286192893982,
      -0.00116807222366333,
      0.05972236394882202
    ]
  },
  {
    "gravity" : [
      0.039661530405282974,
      -0.9969692230224609,
      -0.06692835688591003
    ],
    "rotationMatrix" : [
      -0.9957035183906555,
      -0.04504263773560524,
      0.08090735971927643,
      0.0836767852306366,
      -0.0634320005774498,
      0.994472086429596,
      -0.03966153413057327,
      0.9969692826271057,
      0.06692830473184586
    ],
    "timestamp" : 235426521574,
    "userAcceleration" : [
      -0.02051173895597458,
      0.009389936923980713,
      0.042849957942962646
    ]
  },
  {
    "gravity" : [
      0.04044290632009506,
      -0.9965260028839111,
      -0.0728035569190979
    ],
    "rotationMatrix" : [
      -0.9954765439033508,
      -0.0464550256729126,
      0.08287609368562698,
      0.08597026765346527,
      -0.06912247091531754,
      0.9938969612121582,
      -0.04044290632009506,
      0.9965260028839111,
      0.07280351966619492
    ],
    "timestamp" : 235426531594,
    "userAcceleration" : [
      -0.012595616281032562,
      0.019856750965118408,
      0.0262642502784729
    ]
  },
  {
    "gravity" : [
      0.04119928181171417,
      -0.9960678815841675,
      -0.07842925190925598
    ],
    "rotationMatrix" : [
      -0.9952550530433655,
      -0.04783680662512779,
      0.08472495526075363,
      0.08814361691474915,
      -0.07456623017787933,
      0.9933128356933594,
      -0.041199274361133575,
      0.9960678815841675,
      0.07842929661273956
    ],
    "timestamp" : 235426541615,
    "userAcceleration" : [
      -0.012543294578790665,
      0.013539373874664307,
      0.01097012311220169
    ]
  },
  {
    "gravity" : [
      0.041840579360723495,
      -0.9956353306770325,
      -0.08342219144105911
    ],
    "rotationMatrix" : [
      -0.9950243830680847,
      -0.049079373478889465,
      0.08670078217983246,
      0.09041668474674225,
      -0.07937916368246078,
      0.9927353262901306,
      -0.041840583086013794,
      0.9956353306770325,
      0.08342216163873672
    ],
    "timestamp" : 235426551636,
    "userAcceleration" : [
      -0.009324077516794205,
      0.003112316131591797,
      -0.008939258754253387
    ]
  },
  {
    "gravity" : [
      0.04250257462263107,
      -0.9952456951141357,
      -0.08763117343187332
    ],
    "rotationMatrix" : [
      -0.9947923421859741,
      -0.050288692116737366,
      0.08864859491586685,
      0.09263399243354797,
      -0.08340667188167572,
      0.992200493812561,
      -0.04250257462263107,
      0.9952456951141357,
      0.08763112127780914
    ],
    "timestamp" : 235426561657,
    "userAcceleration" : [
      -0.010138705372810364,
      0.00037282705307006836,
      -0.02468877285718918
    ]
  },
  {
    "gravity" : [
      0.04307665303349495,
      -0.9948984980583191,
      -0.09121990948915482
    ],
    "rotationMatrix" : [
      -0.9946852326393127,
      -0.051254741847515106,
      0.08929596841335297,
      0.09351588040590286,
      -0.08688827604055405,
      0.9918189644813538,
      -0.04307665303349495,
      0.9948984980583191,
      0.09121987968683243
    ],
    "timestamp" : 235426571678,
    "userAcceleration" : [
      -0.014283332973718643,
      0.014933466911315918,
      -0.032223694026470184
    ]
  },
  {
    "gravity" : [
      0.043380893766880035,
      -0.9946005344390869,
      -0.09427347034215927
    ],
    "rotationMatrix" : [
      -0.9946176409721375,
      -0.05188245326280594,
      0.08968508988618851,
      0.0940919890999794,
      -0.08987516164779663,
      0.9914982914924622,
      -0.043380893766880035,
      0.9946005940437317,
      0.09427344799041748
    ],
    "timestamp" : 235426581699,
    "userAcceleration" : [
      -0.014587566256523132,
      0.014635562896728516,
      -0.029170140624046326
    ]
  },
  {
    "gravity" : [
      0.04357318952679634,
      -0.9943459033966064,
      -0.09683829545974731
    ],
    "rotationMatrix" : [
      -0.9942911267280579,
      -0.052611369639635086,
      0.0928296148777008,
      0.09739954769611359,
      -0.09224066138267517,
      0.9909616708755493,
      -0.04357318580150604,
      0.9943459033966064,
      0.0968383252620697
    ],
    "timestamp" : 235426591719,
    "userAcceleration" : [
      -0.0009248852729797363,
      0.00839930772781372,
      -0.012033164501190186
    ]
  },
  {
    "gravity" : [
      0.04383282735943794,
      -0.9940980672836304,
      -0.0992356464266777
    ],
    "rotationMatrix" : [
      -0.994114100933075,
      -0.053251609206199646,
      0.09434603154659271,
      0.09907366335391998,
      -0.09451598674058914,
      0.9905811548233032,
      -0.043832823634147644,
      0.9940980672836304,
      0.0992356464266777
    ],
    "timestamp" : 235426601740,
    "userAcceleration" : [
      -0.0013065598905086517,
      -0.014309465885162354,
      0.0114518404006958
    ]
  },
  {
    "gravity" : [
      0.04417216777801514,
      -0.9938082098960876,
      -0.10195062309503555
    ],
    "rotationMatrix" : [
      -0.9939296245574951,
      -0.05401004105806351,
      0.09584637731313705,
      0.10075927525758743,
      -0.09709788113832474,
      0.9901612997055054,
      -0.04417216032743454,
      0.9938081502914429,
      0.10195063799619675
    ],
    "timestamp" : 235426611761,
    "userAcceleration" : [
      -0.002302028238773346,
      -0.022854268550872803,
      0.038718223571777344
    ]
  },
  {
    "gravity" : [
      0.0444721095263958,
      -0.9934602379798889,
      -0.1051613911986351
    ],
    "rotationMatrix" : [
      -0.9937406778335571,
      -0.054789770394563675,
      0.09735246747732162,
      0.10247758030891418,
      -0.10017364472150803,
      0.9896784424781799,
      -0.0444721058011055,
      0.9934602379798889,
      0.10516137629747391
    ],
    "timestamp" : 235426621782,
    "userAcceleration" : [
      0.0005413033068180084,
      -0.014443755149841309,
      0.05619591474533081
    ]
  },
  {
    "gravity" : [
      0.04460823908448219,
      -0.9930680394172668,
      -0.10874712467193604
    ],
    "rotationMatrix" : [
      -0.993709921836853,
      -0.055300578474998474,
      0.09737812727689743,
      0.10271687805652618,
      -0.10371924936771393,
      0.9892883896827698,
      -0.04460824280977249,
      0.9930680394172668,
      0.10874710977077484
    ],
    "timestamp" : 235426631803,
    "userAcceleration" : [
      0.00718008354306221,
      -0.006672501564025879,
      0.06709063053131104
    ]
  },
  {
    "gravity" : [
      0.04454097896814346,
      -0.9926683902740479,
      -0.11236236989498138
    ],
    "rotationMatrix" : [
      -0.9935153126716614,
      -0.05579252541065216,
      0.09906648844480515,
      0.1046091616153717,
      -0.1072210744023323,
      0.9887165427207947,
      -0.04454097896814346,
      0.9926684498786926,
      0.11236237734556198
    ],
    "timestamp" : 235426641824,
    "userAcceleration" : [
      0.014068029820919037,
      -0.008613169193267822,
      0.061108119785785675
    ]
  },
  {
    "gravity" : [
      0.04429054260253906,
      -0.9923099875450134,
      -0.11558108031749725
    ],
    "rotationMatrix" : [
      -0.9932336211204529,
      -0.05617076903581619,
      0.1016426682472229,
      0.1073533222079277,
      -0.11029696464538574,
      0.9880837202072144,
      -0.04429054260253906,
      0.9923099279403687,
      0.11558109521865845
    ],
    "timestamp" : 235426651844,
    "userAcceleration" : [
      0.0069484710693359375,
      -0.014510512351989746,
      0.041804805397987366
    ]
  },
  {
    "gravity" : [
      0.043849337846040726,
      -0.9920386672019958,
      -0.11805284023284912
    ],
    "rotationMatrix" : [
      -0.99290531873703,
      -0.056347958743572235,
      0.10470832884311676,
      0.11052674800157547,
      -0.11262386292219162,
      0.987471342086792,
      -0.04384933412075043,
      0.9920387268066406,
      0.11805284768342972
    ],
    "timestamp" : 235426661865,
    "userAcceleration" : [
      0.001576106995344162,
      -0.020320892333984375,
      -0.01619398593902588
    ]
  },
  {
    "gravity" : [
      0.043362781405448914,
      -0.9918649196624756,
      -0.11968153715133667
    ],
    "rotationMatrix" : [
      -0.9925791621208191,
      -0.056393422186374664,
      0.10773314535617828,
      0.11360598355531693,
      -0.11412180215120316,
      0.9869497418403625,
      -0.043362777680158615,
      0.9918648600578308,
      0.11968152970075607
    ],
    "timestamp" : 235426671886,
    "userAcceleration" : [
      -0.014310035854578018,
      -0.02820032835006714,
      -0.01136094331741333
    ]
  },
  {
    "gravity" : [
      0.042967114597558975,
      -0.9917576909065247,
      -0.1207076758146286
    ],
    "rotationMatrix" : [
      -0.9923927187919617,
      -0.0563187301158905,
      0.10947346687316895,
      0.11536926031112671,
      -0.11508548259735107,
      0.9866332411766052,
      -0.04296711087226868,
      0.9917576909065247,
      0.1207076907157898
    ],
    "timestamp" : 235426681907,
    "userAcceleration" : [
      -0.013914357870817184,
      -0.028307557106018066,
      -0.01033484935760498
    ]
  },
  {
    "gravity" : [
      0.04276186227798462,
      -0.9916604161262512,
      -0.12157650291919708
    ],
    "rotationMatrix" : [
      -0.9921367764472961,
      -0.05647541582584381,
      0.11168956756591797,
      0.1176242083311081,
      -0.11584421992301941,
      0.9862779974937439,
      -0.04276186227798462,
      0.9916604161262512,
      0.12157651782035828
    ],
    "timestamp" : 235426691928,
    "userAcceleration" : [
      -0.013709131628274918,
      -0.02840477228164673,
      -0.009465985000133514
    ]
  },
  {
    "gravity" : [
      0.04273435100913048,
      -0.9915157556533813,
      -0.12276043742895126
    ],
    "rotationMatrix" : [
      -0.9917916655540466,
      -0.05692177638411522,
      0.11449354141950607,
      0.12050989270210266,
      -0.1168598085641861,
      0.9858098030090332,
      -0.04273434728384018,
      0.9915157556533813,
      0.12276045978069305
    ],
    "timestamp" : 235426701949,
    "userAcceleration" : [
      -0.0066778287291526794,
      -0.03552275896072388,
      0.022769570350646973
    ]
  },
  {
    "gravity" : [
      0.042859312146902084,
      -0.9912949204444885,
      -0.12448917329311371
    ],
    "rotationMatrix" : [
      -0.9915573000907898,
      -0.05746833235025406,
      0.11623980104923248,
      0.12238211184740067,
      -0.11845629662275314,
      0.9853886961936951,
      -0.042859312146902084,
      0.9912949204444885,
      0.1244891956448555
    ],
    "timestamp" : 235426711969,
    "userAcceleration" : [
      0.003206968307495117,
      -0.0394819974899292,
      0.05089598894119263
    ]
  },
  {
    "gravity" : [
      0.04310249164700508,
      -0.9910042881965637,
      -0.12669843435287476
    ],
    "rotationMatrix" : [
      -0.9913187623023987,
      -0.058189619332551956,
      0.11790089309215546,
      0.1242128312587738,
      -0.12051652371883392,
      0.9849094748497009,
      -0.04310249164700508,
      0.9910042881965637,
      0.12669844925403595
    ],
    "timestamp" : 235426721990,
    "userAcceleration" : [
      0.009784456342458725,
      -0.03913170099258423,
      0.05617232620716095
    ]
  },
  {
    "gravity" : [
      0.04338524118065834,
      -0.9906771779060364,
      -0.129135861992836
    ],
    "rotationMatrix" : [
      -0.9910901188850403,
      -0.05897029861807823,
      0.11942355334758759,
      0.12592537701129913,
      -0.12280364334583282,
      0.9844092130661011,
      -0.04338524118065834,
      0.9906771183013916,
      0.1291358321905136
    ],
    "timestamp" : 235426732011,
    "userAcceleration" : [
      0.010234158486127853,
      -0.02989143133163452,
      0.04420545697212219
    ]
  },
  {
    "gravity" : [
      0.04359421506524086,
      -0.9903583526611328,
      -0.13149051368236542
    ],
    "rotationMatrix" : [
      -0.9908323287963867,
      -0.05970527231693268,
      0.12118794769048691,
      0.12787017226219177,
      -0.12500189244747162,
      0.983881950378418,
      -0.04359421879053116,
      0.9903583526611328,
      0.13149048388004303
    ],
    "timestamp" : 235426742032,
    "userAcceleration" : [
      0.010269295424222946,
      -0.020566880702972412,
      0.03264409303665161
    ]
  },
  {
    "gravity" : [
      0.043669551610946655,
      -0.9900845885276794,
      -0.13351158797740936
    ],
    "rotationMatrix" : [
      -0.9905512928962708,
      -0.06029997766017914,
      0.1231740266084671,
      0.1300034523010254,
      -0.1268710196018219,
      0.9833629727363586,
      -0.043669551610946655,
      0.9900845885276794,
      0.13351157307624817
    ],
    "timestamp" : 235426752053,
    "userAcceleration" : [
      0.009766709059476852,
      -0.018765389919281006,
      0.020627036690711975
    ]
  },
  {
    "gravity" : [
      0.04366126284003258,
      -0.9898674488067627,
      -0.1351146399974823
    ],
    "rotationMatrix" : [
      -0.9902654886245728,
      -0.06077134981751442,
      0.12522217631340027,
      0.13216446340084076,
      -0.12833179533481598,
      0.9828851222991943,
      -0.043661266565322876,
      0.9898674488067627,
      0.1351146548986435
    ],
    "timestamp" : 235426762074,
    "userAcceleration" : [
      0.011255133897066116,
      -0.020798325538635254,
      0.006254151463508606
    ]
  },
  {
    "gravity" : [
      0.04364882782101631,
      -0.9896833896636963,
      -0.13646021485328674
    ],
    "rotationMatrix" : [
      -0.9900134205818176,
      -0.061175387352705,
      0.12700659036636353,
      0.1340443342924118,
      -0.12955360114574432,
      0.9824702739715576,
      -0.04364883154630661,
      0.9896833896636963,
      0.13646019995212555
    ],
    "timestamp" : 235426772094,
    "userAcceleration" : [
      0.00858202576637268,
      -0.01916658878326416,
      0.0021675974130630493
    ]
  },
  {
    "gravity" : [
      0.043688565492630005,
      -0.9894861578941345,
      -0.13787083327770233
    ],
    "rotationMatrix" : [
      -0.9898200035095215,
      -0.06158175319433212,
      0.12831199169158936,
      0.13545328378677368,
      -0.13086149096488953,
      0.9821036458015442,
      -0.043688561767339706,
      0.9894861578941345,
      0.13787081837654114
    ],
    "timestamp" : 235426782115,
    "userAcceleration" : [
      0.009335722774267197,
      -0.020142078399658203,
      0.01569366455078125
    ]
  },
  {
    "gravity" : [
      0.04376935213804245,
      -0.9892336130142212,
      -0.13964588940143585
    ],
    "rotationMatrix" : [
      -0.9896645545959473,
      -0.062039170414209366,
      0.129285991191864,
      0.13655757904052734,
      -0.13254369795322418,
      0.9817249774932861,
      -0.04376935213804245,
      0.9892336130142212,
      0.13964591920375824
    ],
    "timestamp" : 235426792136,
    "userAcceleration" : [
      0.014946464449167252,
      -0.014657318592071533,
      0.03996020555496216
    ]
  },
  {
    "gravity" : [
      0.04381122812628746,
      -0.9889058470726013,
      -0.14193613827228546
    ],
    "rotationMatrix" : [
      -0.989488422870636,
      -0.06255103647708893,
      0.13038529455661774,
      0.13781704008579254,
      -0.13473191857337952,
      0.9812511801719666,
      -0.04381122812628746,
      0.9889058470726013,
      0.14193609356880188
    ],
    "timestamp" : 235426802157,
    "userAcceleration" : [
      0.02157270535826683,
      -0.010117650032043457,
      0.06936530768871307
    ]
  },
  {
    "gravity" : [
      0.04366111755371094,
      -0.9885169267654419,
      -0.14466536045074463
    ],
    "rotationMatrix" : [
      -0.9892231225967407,
      -0.06303257495164871,
      0.13215447962284088,
      0.13975557684898376,
      -0.13733646273612976,
      0.9806157350540161,
      -0.04366111755371094,
      0.9885169267654419,
      0.14466539025306702
    ],
    "timestamp" : 235426812178,
    "userAcceleration" : [
      0.03373148664832115,
      -0.01271897554397583,
      0.09167158603668213
    ]
  },
  {
    "gravity" : [
      0.043211501091718674,
      -0.9881152510643005,
      -0.147515207529068
    ],
    "rotationMatrix" : [
      -0.9888352155685425,
      -0.06337639689445496,
      0.13486161828041077,
      0.14260782301425934,
      -0.14004036784172058,
      0.9798220992088318,
      -0.043211501091718674,
      0.9881152510643005,
      0.147515207529068
    ],
    "timestamp" : 235426822199,
    "userAcceleration" : [
      0.03512713313102722,
      -0.018751025199890137,
      0.0914238840341568
    ]
  },
  {
    "gravity" : [
      0.04244432970881462,
      -0.9877619743347168,
      -0.1500815600156784
    ],
    "rotationMatrix" : [
      -0.9883447885513306,
      -0.06349141895771027,
      0.13835668563842773,
      0.14619238674640656,
      -0.14245954155921936,
      0.9789446592330933,
      -0.04244432970881462,
      0.9877619743347168,
      0.150081604719162
    ],
    "timestamp" : 235426832219,
    "userAcceleration" : [
      0.03000442311167717,
      -0.019409477710723877,
      0.06060405075550079
    ]
  },
  {
    "gravity" : [
      0.041502904146909714,
      -0.9874770641326904,
      -0.15220530331134796
    ],
    "rotationMatrix" : [
      -0.987840473651886,
      -0.06339868903160095,
      0.1419564038515091,
      0.14982831478118896,
      -0.14446289837360382,
      0.9781011343002319,
      -0.04150289669632912,
      0.9874770641326904,
      0.15220533311367035
    ],
    "timestamp" : 235426842240,
    "userAcceleration" : [
      0.023911532014608383,
      -0.015498340129852295,
      0.011397182941436768
    ]
  },
  {
    "gravity" : [
      0.040581509470939636,
      -0.9872401356697083,
      -0.15398009121418
    ],
    "rotationMatrix" : [
      -0.9874199628829956,
      -0.06319530308246613,
      0.1449405550956726,
      0.15282195806503296,
      -0.14616091549396515,
      0.9773853421211243,
      -0.040581513196229935,
      0.9872401356697083,
      0.1539800614118576
    ],
    "timestamp" : 235426852261,
    "userAcceleration" : [
      0.016287997364997864,
      -0.012057900428771973,
      -0.0305444598197937
    ]
  },
  {
    "gravity" : [
      0.03993440791964531,
      -0.9870144128799438,
      -0.1555875688791275
    ],
    "rotationMatrix" : [
      -0.9871968626976013,
      -0.06303819268941879,
      0.1465187966823578,
      0.15442413091659546,
      -0.1477440893650055,
      0.976895272731781,
      -0.03993440791964531,
      0.9870143532752991,
      0.1555875837802887
    ],
    "timestamp" : 235426862282,
    "userAcceleration" : [
      0.00916837528347969,
      -0.013809382915496826,
      -0.053778275847435
    ]
  },
  {
    "gravity" : [
      0.03970104083418846,
      -0.9867660999298096,
      -0.15721441805362701
    ],
    "rotationMatrix" : [
      -0.9871475696563721,
      -0.06310845911502838,
      0.14682185649871826,
      0.1548004001379013,
      -0.14936469495296478,
      0.9765893816947937,
      -0.03970104455947876,
      0.9867660403251648,
      0.15721441805362701
    ],
    "timestamp" : 235426872303,
    "userAcceleration" : [
      0.006639938801527023,
      -0.025608718395233154,
      -0.04946589469909668
    ]
  },
  {
    "gravity" : [
      0.0398123525083065,
      -0.9864734411239624,
      -0.15901239216327667
    ],
    "rotationMatrix" : [
      -0.987206220626831,
      -0.06342294067144394,
      0.14629077911376953,
      0.15439701080322266,
      -0.15115369856357574,
      0.9763780236244202,
      -0.039812345057725906,
      0.9864735007286072,
      0.15901242196559906
    ],
    "timestamp" : 235426882324,
    "userAcceleration" : [
      0.0076577328145504,
      -0.03336286544799805,
      -0.021544858813285828
    ]
  },
  {
    "gravity" : [
      0.03996305167675018,
      -0.9861421585083008,
      -0.16101695597171783
    ],
    "rotationMatrix" : [
      -0.9872569441795349,
      -0.0638110339641571,
      0.14577943086624146,
      0.15403389930725098,
      -0.15313918888568878,
      0.9761258363723755,
      -0.03996305167675018,
      0.9861421585083008,
      0.16101692616939545
    ],
    "timestamp" : 235426892344,
    "userAcceleration" : [
      0.015990950167179108,
      -0.029025018215179443,
      0.01940011978149414
    ]
  },
  {
    "gravity" : [
      0.039853859692811966,
      -0.9858108758926392,
      -0.16305944323539734
    ],
    "rotationMatrix" : [
      -0.9872312545776367,
      -0.06403643637895584,
      0.1458538919687271,
      0.15422609448432922,
      -0.15516431629657745,
      0.9757756590843201,
      -0.039853859692811966,
      0.9858109354972839,
      0.16305939853191376
    ],
    "timestamp" : 235426902365,
    "userAcceleration" : [
      0.032488055527210236,
      -0.02316117286682129,
      0.05022074282169342
    ]
  },
  {
    "gravity" : [
      0.039355870336294174,
      -0.9855132699012756,
      -0.1649681031703949
    ],
    "rotationMatrix" : [
      -0.9870947003364563,
      -0.06399140506982803,
      0.14679458737373352,
      0.15522456169128418,
      -0.15706168115139008,
      0.9753136038780212,
      -0.03935586288571358,
      0.9855132699012756,
      0.1649680882692337
    ],
    "timestamp" : 235426912386,
    "userAcceleration" : [
      0.04159200191497803,
      -0.021490395069122314,
      0.061223581433296204
    ]
  },
  {
    "gravity" : [
      0.03847857937216759,
      -0.9852590560913086,
      -0.16668452322483063
    ],
    "rotationMatrix" : [
      -0.9868436455726624,
      -0.06368130445480347,
      0.148605614900589,
      0.15702973306179047,
      -0.15877318382263184,
      0.974747359752655,
      -0.03847857564687729,
      0.9852591156959534,
      0.1666845679283142
    ],
    "timestamp" : 235426922407,
    "userAcceleration" : [
      0.0448039248585701,
      -0.016587138175964355,
      0.056928038597106934
    ]
  },
  {
    "gravity" : [
      0.03735982999205589,
      -0.9850199818611145,
      -0.16834381222724915
    ],
    "rotationMatrix" : [
      -0.986544132232666,
      -0.06318819522857666,
      0.15078981220722198,
      0.1591683328151703,
      -0.1604449599981308,
      0.9741265773773193,
      -0.03735983744263649,
      0.9850200414657593,
      0.16834379732608795
    ],
    "timestamp" : 235426932428,
    "userAcceleration" : [
      0.0411771722137928,
      -0.016521036624908447,
      0.04888278245925903
    ]
  },
  {
    "gravity" : [
      0.03620777279138565,
      -0.9847371578216553,
      -0.17023925483226776
    ],
    "rotationMatrix" : [
      -0.9862179756164551,
      -0.06272915750741959,
      0.1530962884426117,
      0.16143858432769775,
      -0.16234943270683289,
      0.9734370708465576,
      -0.03620777651667595,
      0.9847371578216553,
      0.17023923993110657
    ],
    "timestamp" : 235426942449,
    "userAcceleration" : [
      0.021455220878124237,
      -0.0170021653175354,
      0.04566653072834015
    ]
  },
  {
    "gravity" : [
      0.035258036106824875,
      -0.9843578934669495,
      -0.1726161539554596
    ],
    "rotationMatrix" : [
      -0.9859250783920288,
      -0.06250590831041336,
      0.155063197016716,
      0.1634272038936615,
      -0.16471931338310242,
      0.9727070331573486,
      -0.03525803983211517,
      0.9843578338623047,
      0.1726161539554596
    ],
    "timestamp" : 235426952469,
    "userAcceleration" : [
      0.004277512431144714,
      -0.02429378032684326,
      0.04010879993438721
    ]
  },
  {
    "gravity" : [
      0.03468912094831467,
      -0.9838403463363647,
      -0.1756557822227478
    ],
    "rotationMatrix" : [
      -0.9856308698654175,
      -0.06275196373462677,
      0.15682509541511536,
      0.16531358659267426,
      -0.1676916629076004,
      0.9718801975250244,
      -0.03468911722302437,
      0.9838403463363647,
      0.1756557673215866
    ],
    "timestamp" : 235426962490,
    "userAcceleration" : [
      -0.010915938764810562,
      -0.03672856092453003,
      0.03432886302471161
    ]
  },
  {
    "gravity" : [
      0.03444269672036171,
      -0.9831790328025818,
      -0.17936627566814423
    ],
    "rotationMatrix" : [
      -0.985368549823761,
      -0.06338254362344742,
      0.15821073949337006,
      0.16691818833351135,
      -0.17129233479499817,
      0.9709771871566772,
      -0.03444269672036171,
      0.9831790924072266,
      0.17936626076698303
    ],
    "timestamp" : 235426972511,
    "userAcceleration" : [
      -0.012988824397325516,
      -0.04103642702102661,
      0.028044849634170532
    ]
  },
  {
    "gravity" : [
      0.03432561829686165,
      -0.9824211597442627,
      -0.1834941953420639
    ],
    "rotationMatrix" : [
      -0.9851078391075134,
      -0.06420973688364029,
      0.15949603915214539,
      0.16847440600395203,
      -0.17528648674488068,
      0.9699951410293579,
      -0.03432562202215195,
      0.9824211597442627,
      0.1834941953420639
    ],
    "timestamp" : 235426982532,
    "userAcceleration" : [
      -0.002877224236726761,
      -0.04049736261367798,
      0.013862267136573792
    ]
  },
  {
    "gravity" : [
      0.0341208316385746,
      -0.9816486239433289,
      -0.18762050569057465
    ],
    "rotationMatrix" : [
      -0.9848816394805908,
      -0.0649280995130539,
      0.1605987399816513,
      0.16983339190483093,
      -0.17930401861667633,
      0.9690234065055847,
      -0.0341208279132843,
      0.9816486239433289,
      0.18762050569057465
    ],
    "timestamp" : 235426992553,
    "userAcceleration" : [
      0.010724786669015884,
      -0.03345745801925659,
      -0.01478731632232666
    ]
  },
  {
    "gravity" : [
      0.033669617027044296,
      -0.9809423685073853,
      -0.1913592368364334
    ],
    "rotationMatrix" : [
      -0.9846969246864319,
      -0.06531740725040436,
      0.16157174110412598,
      0.1709916591644287,
      -0.18299074470996857,
      0.9681302309036255,
      -0.033669620752334595,
      0.9809423685073853,
      0.1913592666387558
    ],
    "timestamp" : 235427002574,
    "userAcceleration" : [
      0.0202091746032238,
      -0.02511531114578247,
      -0.04814273118972778
    ]
  },
  {
    "gravity" : [
      0.03298065438866615,
      -0.9803538918495178,
      -0.19446997344493866
    ],
    "rotationMatrix" : [
      -0.9845638871192932,
      -0.06533221155405045,
      0.1623753011226654,
      0.17189040780067444,
      -0.18611295521259308,
      0.9673757553100586,
      -0.03298064321279526,
      0.9803539514541626,
      0.19447003304958344
    ],
    "timestamp" : 235427012594,
    "userAcceleration" : [
      0.02652861922979355,
      -0.020775198936462402,
      -0.06866782903671265
    ]
  },
  {
    "gravity" : [
      0.03207763284444809,
      -0.9798613786697388,
      -0.1970849335193634
    ],
    "rotationMatrix" : [
      -0.9845207929611206,
      -0.06497081369161606,
      0.16277915239334106,
      0.17230579257011414,
      -0.18881238996982574,
      0.9667782783508301,
      -0.032077640295028687,
      0.9798613786697388,
      0.19708488881587982
    ],
    "timestamp" : 235427022615,
    "userAcceleration" : [
      0.03095642477273941,
      -0.020397841930389404,
      -0.0774206817150116
    ]
  },
  {
    "gravity" : [
      0.03098459541797638,
      -0.9793931245803833,
      -0.19957216084003448
    ],
    "rotationMatrix" : [
      -0.9845429062843323,
      -0.06434118747711182,
      0.16289670765399933,
      0.17238062620162964,
      -0.19143998622894287,
      0.9662481546401978,
      -0.03098459541797638,
      0.9793931245803833,
      0.1995721459388733
    ],
    "timestamp" : 235427032636,
    "userAcceleration" : [
      0.03009633906185627,
      -0.023109257221221924,
      -0.05727905035018921
    ]
  },
  {
    "gravity" : [
      0.029907088726758957,
      -0.9788717031478882,
      -0.2022760957479477
    ],
    "rotationMatrix" : [
      -0.9845831990242004,
      -0.06374116986989975,
      0.16288837790489197,
      0.17234015464782715,
      -0.19428595900535583,
      0.965687096118927,
      -0.029907092452049255,
      0.9788716435432434,
      0.2022760808467865
    ],
    "timestamp" : 235427042657,
    "userAcceleration" : [
      0.030868692323565483,
      -0.035425662994384766,
      -0.01984606683254242
    ]
  },
  {
    "gravity" : [
      0.028996864333748817,
      -0.9782062768936157,
      -0.20560072362422943
    ],
    "rotationMatrix" : [
      -0.9845587015151978,
      -0.06347449123859406,
      0.16314157843589783,
      0.17263652384281158,
      -0.19769538938999176,
      0.9649420976638794,
      -0.028996862471103668,
      0.9782062768936157,
      0.20560072362422943
    ],
    "timestamp" : 235427052678,
    "userAcceleration" : [
      0.017359327524900436,
      -0.065418541431427,
      0.014865875244140625
    ]
  },
  {
    "gravity" : [
      0.02801191620528698,
      -0.9773848056793213,
      -0.2096044421195984
    ],
    "rotationMatrix" : [
      -0.9843794703483582,
      -0.06343303620815277,
      0.16423389315605164,
      0.17381557822227478,
      -0.20172962546348572,
      0.9638947248458862,
      -0.028011910617351532,
      0.9773848056793213,
      0.20960447192192078
    ],
    "timestamp" : 235427062699,
    "userAcceleration" : [
      0.012790104374289513,
      -0.07702791690826416,
      0.04895991086959839
    ]
  },
  {
    "gravity" : [
      0.02695498988032341,
      -0.9765000343322754,
      -0.21382495760917664
    ],
    "rotationMatrix" : [
      -0.9840444326400757,
      -0.06355291604995728,
      0.16618508100509644,
      0.1758689284324646,
      -0.20593370497226715,
      0.9626325368881226,
      -0.02695498615503311,
      0.9765000343322754,
      0.21382497251033783
    ],
    "timestamp" : 235427072719,
    "userAcceleration" : [
      0.026038823649287224,
      -0.09437698125839233,
      0.04132431745529175
    ]
  },
  {
    "gravity" : [
      0.025835726410150528,
      -0.9756202101707458,
      -0.21793915331363678
    ],
    "rotationMatrix" : [
      -0.9835945963859558,
      -0.06374403089284897,
      0.168753981590271,
      0.17853212356567383,
      -0.21000368893146515,
      0.9612618684768677,
      -0.025835730135440826,
      0.9756202697753906,
      0.2179391235113144
    ],
    "timestamp" : 235427082740,
    "userAcceleration" : [
      0.022122668102383614,
      -0.0984000563621521,
      0.00370575487613678
    ]
  },
  {
    "gravity" : [
      0.024521201848983765,
      -0.9747788310050964,
      -0.22182129323482513
    ],
    "rotationMatrix" : [
      -0.9831573367118835,
      -0.06371180713176727,
      0.1712944060564041,
      0.1811068207025528,
      -0.213884636759758,
      0.9599235653877258,
      -0.024521201848983765,
      0.9747788310050964,
      0.22182132303714752
    ],
    "timestamp" : 235427092761,
    "userAcceleration" : [
      0.022277522832155228,
      -0.08762949705123901,
      -0.04169796407222748
    ]
  },
  {
    "gravity" : [
      0.02305787056684494,
      -0.9740262627601624,
      -0.22525787353515625
    ],
    "rotationMatrix" : [
      -0.982790470123291,
      -0.06339101493358612,
      0.17350545525550842,
      0.1832781881093979,
      -0.21738050878047943,
      0.9587255120277405,
      -0.02305787056684494,
      0.9740262627601624,
      0.22525788843631744
    ],
    "timestamp" : 235427102782,
    "userAcceleration" : [
      0.024778438732028008,
      -0.08780229091644287,
      -0.07968901097774506
    ]
  },
  {
    "gravity" : [
      0.02156252972781658,
      -0.9734193086624146,
      -0.22801262140274048
    ],
    "rotationMatrix" : [
      -0.9824966788291931,
      -0.06283973902463913,
      0.1753600835800171,
      0.18502715229988098,
      -0.22024033963680267,
      0.9577364325523376,
      -0.02156253159046173,
      0.9734193682670593,
      0.22801263630390167
    ],
    "timestamp" : 235427112803,
    "userAcceleration" : [
      0.016874371096491814,
      -0.1040647029876709,
      -0.10450690984725952
    ]
  },
  {
    "gravity" : [
      0.020156612619757652,
      -0.9729775190353394,
      -0.23001819849014282
    ],
    "rotationMatrix" : [
      -0.9822901487350464,
      -0.06213710084557533,
      0.17676152288913727,
      0.18627765774726868,
      -0.222381591796875,
      0.9569989442825317,
      -0.020156607031822205,
      0.9729775190353394,
      0.2300182580947876
    ],
    "timestamp" : 235427122824,
    "userAcceleration" : [
      0.020431790500879288,
      -0.12826448678970337,
      -0.11658519506454468
    ]
  },
  {
    "gravity" : [
      0.01899012178182602,
      -0.9726617336273193,
      -0.23144814372062683
    ],
    "rotationMatrix" : [
      -0.9822232723236084,
      -0.061388008296489716,
      0.1773928999900818,
      0.18675145506858826,
      -0.22396473586559296,
      0.956537127494812,
      -0.018990129232406616,
      0.9726617336273193,
      0.23144812881946564
    ],
    "timestamp" : 235427132844,
    "userAcceleration" : [
      0.01766149140894413,
      -0.14039045572280884,
      -0.12296776473522186
    ]
  },
  {
    "gravity" : [
      0.018063390627503395,
      -0.9724074602127075,
      -0.23258870840072632
    ],
    "rotationMatrix" : [
      -0.982336699962616,
      -0.06059383600950241,
      0.177040234208107,
      0.18624868988990784,
      -0.22528256475925446,
      0.9563259482383728,
      -0.018063396215438843,
      0.9724075198173523,
      0.23258869349956512
    ],
    "timestamp" : 235427142865,
    "userAcceleration" : [
      0.01068418100476265,
      -0.1376388669013977,
      -0.12118631601333618
    ]
  },
  {
    "gravity" : [
      0.017283959314227104,
      -0.972163200378418,
      -0.23366615176200867
    ],
    "rotationMatrix" : [
      -0.9826887845993042,
      -0.059630658477544785,
      0.17540404200553894,
      0.1844550222158432,
      -0.22658932209014893,
      0.9563646912574768,
      -0.017283953726291656,
      0.9721631407737732,
      0.23366618156433105
    ],
    "timestamp" : 235427152886,
    "userAcceleration" : [
      0.008198222145438194,
      -0.12994855642318726,
      -0.07805562019348145
    ]
  },
  {
    "gravity" : [
      0.01642431505024433,
      -0.9719237685203552,
      -0.23472176492214203
    ],
    "rotationMatrix" : [
      -0.9830645322799683,
      -0.05855027586221695,
      0.1736534833908081,
      0.18252098560333252,
      -0.22789432108402252,
      0.9564256072044373,
      -0.01642432063817978,
      0.9719237685203552,
      0.23472176492214203
    ],
    "timestamp" : 235427162907,
    "userAcceleration" : [
      0.009057881310582161,
      -0.13018798828125,
      -0.07700008153915405
    ]
  },
  {
    "gravity" : [
      0.015212982892990112,
      -0.9717321991920471,
      -0.23559516668319702
    ],
    "rotationMatrix" : [
      -0.983029842376709,
      -0.0576152503490448,
      0.17416223883628845,
      0.18281292915344238,
      -0.2289474457502365,
      0.9561183452606201,
      -0.015212982892990112,
      0.9717321395874023,
      0.23559518158435822
    ],
    "timestamp" : 235427172927,
    "userAcceleration" : [
      0.006378220394253731,
      -0.1311119794845581,
      -0.06092888116836548
    ]
  },
  {
    "gravity" : [
      0.013562981970608234,
      -0.9716716408729553,
      -0.23594513535499573
    ],
    "rotationMatrix" : [
      -0.9831169843673706,
      -0.05602037161588669,
      0.17419059574604034,
      0.1824738085269928,
      -0.2295989841222763,
      0.9560268521308899,
      -0.013562977313995361,
      0.9716716408729553,
      0.23594512045383453
    ],
    "timestamp" : 235427182948,
    "userAcceleration" : [
      -0.004895973950624466,
      -0.1333698034286499,
      -0.061753809452056885
    ]
  },
  {
    "gravity" : [
      0.011730040423572063,
      -0.9718196392059326,
      -0.23543302714824677
    ],
    "rotationMatrix" : [
      -0.9830602407455444,
      -0.05427567660808563,
      0.17505984008312225,
      0.1829048991203308,
      -0.22939106822013855,
      0.9559942483901978,
      -0.011730045080184937,
      0.9718196392059326,
      0.23543301224708557
    ],
    "timestamp" : 235427192968,
    "userAcceleration" : [
      -0.030834026634693146,
      -0.14783960580825806,
      -0.08271268010139465
    ]
  },
  {
    "gravity" : [
      0.010097388178110123,
      -0.9721733927726746,
      -0.23404428362846375
    ],
    "rotationMatrix" : [
      -0.9829225540161133,
      -0.05265752971172333,
      0.17632272839546204,
      0.18374046683311462,
      -0.22826673090457916,
      0.9561032056808472,
      -0.010097391903400421,
      0.9721733331680298,
      0.23404429852962494
    ],
    "timestamp" : 235427202989,
    "userAcceleration" : [
      -0.05659090727567673,
      -0.1681310534477234,
      -0.10663871467113495
    ]
  },
  {
    "gravity" : [
      0.008943452499806881,
      -0.9726396799087524,
      -0.2321467250585556
    ],
    "rotationMatrix" : [
      -0.9833715558052063,
      -0.05066612362861633,
      0.1743946075439453,
      0.1813850849866867,
      -0.22672690451145172,
      0.956919252872467,
      -0.008943445980548859,
      0.9726397395133972,
      0.23214678466320038
    ],
    "timestamp" : 235427213010,
    "userAcceleration" : [
      -0.07521236687898636,
      -0.18345773220062256,
      -0.10916188359260559
    ]
  },
  {
    "gravity" : [
      0.008462551049888134,
      -0.9731062650680542,
      -0.23020145297050476
    ],
    "rotationMatrix" : [
      -0.9833897352218628,
      -0.04983963817358017,
      0.17453089356422424,
      0.1813102662563324,
