[
  {
    "timestamp" : 235406432347,
    "userAcceleration" : [
      -0.051791153848171234,
      0.019344031810760498,
      0.029835104942321777
    ],
    "rotationMatrix" : [
      0.903934895992279,
      -0.05910046398639679,
      0.4235668182373047,
      0.4245504140853882,
      0.24341395497322083,
      -0.8720702528953552,
      -0.05156226456165314,
      0.9681201577186584,
      0.24512150883674622
    ],
    "gravity" : [
      0.05156227573752403,
      -0.9681201577186584,
      -0.24512147903442383
    ]
  },
  {
    "timestamp" : 235406442367,
    "userAcceleration" : [
      -0.078086718916893,
      0.02024710178375244,
      0.015005409717559814
    ],
    "rotationMatrix" : [
      0.9047542214393616,
      -0.05933333933353424,
      0.42178115248680115,
      0.42269206047058105,
      0.24701964855194092,
      -0.8719590902328491,
      -0.0524519681930542,
      0.9671921730041504,
      0.24857181310653687
    ],
    "gravity" : [
      0.0524519681930542,
      -0.9671922326087952,
      -0.24857181310653687
    ]
  },
  {
    "timestamp" : 235406452388,
    "userAcceleration" : [
      -0.07922723889350891,
      0.019254207611083984,
      0.018597513437271118
    ],
    "rotationMatrix" : [
      0.9056975841522217,
      -0.059313103556632996,
      0.4197545051574707,
      0.42052316665649414,
      0.2508798837661743,
      -0.8719056248664856,
      -0.053592488169670105,
      0.9661993384361267,
      0.2521638572216034
    ],
    "gravity" : [
      0.053592484444379807,
      -0.9661992788314819,
      -0.2521638870239258
    ]
  },
  {
    "timestamp" : 235406462409,
    "userAcceleration" : [
      -0.08480703830718994,
      0.03589600324630737,
      0.02017343044281006
    ],
    "rotationMatrix" : [
      0.9060359597206116,
      -0.05973416566848755,
      0.41896384954452515,
      0.41964462399482727,
      0.2548806071281433,
      -0.8711682558059692,
      -0.05474720895290375,
      0.9651256799697876,
      0.2559981048107147
    ],
    "gravity" : [
      0.05474723130464554,
      -0.9651256799697876,
      -0.2559981346130371
    ]
  },
  {
    "timestamp" : 235406472430,
    "userAcceleration" : [
      -0.08864030987024307,
      0.033820927143096924,
      0.007458090782165527
    ],
    "rotationMatrix" : [
      0.9066386222839355,
      -0.059974342584609985,
      0.4176236391067505,
      0.4181850850582123,
      0.25894930958747864,
      -0.8706701993942261,
      -0.05592548847198486,
      0.9640271663665771,
      0.2598538100719452
    ],
    "gravity" : [
      0.05592547729611397,
      -0.9640271663665771,
      -0.2598538100719452
    ]
  },
  {
    "timestamp" : 235406482450,
    "userAcceleration" : [
      -0.08139146864414215,
      0.03530603647232056,
      -0.00641709566116333
    ],
    "rotationMatrix" : [
      0.90740567445755,
      -0.06002502143383026,
      0.4159470200538635,
      0.4163629412651062,
      0.26280754804611206,
      -0.8703873157501221,
      -0.05706898868083954,
      0.9629793167114258,
      0.2634652853012085
    ],
    "gravity" : [
      0.05706897750496864,
      -0.9629793167114258,
      -0.2634652256965637
    ]
  },
  {
    "timestamp" : 235406492471,
    "userAcceleration" : [
      -0.0687396228313446,
      0.039380431175231934,
      -0.014845699071884155
    ],
    "rotationMatrix" : [
      0.9086581468582153,
      -0.05960531532764435,
      0.4132644236087799,
      0.4134652614593506,
      0.2663981020450592,
      -0.8706769347190857,
      -0.05819582939147949,
      0.9620181918144226,
      0.266709566116333
    ],
    "gravity" : [
      0.0581958144903183,
      -0.9620181918144226,
      -0.266709566116333
    ]
  },
  {
    "timestamp" : 235406502492,
    "userAcceleration" : [
      -0.05164504796266556,
      0.050595223903656006,
      0.00010496377944946289
    ],
    "rotationMatrix" : [
      0.9097445607185364,
      -0.05925080180168152,
      0.4109186828136444,
      0.4109218716621399,
      0.26970773935317993,
      -0.8708621263504028,
      -0.05922865867614746,
      0.9611176252365112,
      0.2697125971317291
    ],
    "gravity" : [
      0.059228669852018356,
      -0.9611175656318665,
      -0.2697126269340515
    ]
  },
  {
    "timestamp" : 235406512513,
    "userAcceleration" : [
      -0.03551020473241806,
      0.05447888374328613,
      0.03331702947616577
    ],
    "rotationMatrix" : [
      0.9108268022537231,
      -0.05907928943634033,
      0.4085390865802765,
      0.408400297164917,
      0.27290481328964233,
      -0.8710522651672363,
      -0.060031116008758545,
      0.9602252244949341,
      0.2726970314979553
    ],
    "gravity" : [
      0.060031112283468246,
      -0.9602252244949341,
      -0.27269700169563293
    ]
  },
  {
    "timestamp" : 235406522534,
    "userAcceleration" : [
      -0.03378208354115486,
      0.04386180639266968,
      0.06797313690185547
    ],
    "rotationMatrix" : [
      0.9121190905570984,
      -0.05912996828556061,
      0.4056382179260254,
      0.4054384231567383,
      0.27613741159439087,
      -0.8714171051979065,
      -0.06048499047756195,
      0.9592974781990051,
      0.2758437693119049
    ],
    "gravity" : [
      0.06048497557640076,
      -0.9592975378036499,
      -0.2758437395095825
    ]
  },
  {
    "timestamp" : 235406532554,
    "userAcceleration" : [
      -0.03350672870874405,
      0.027010202407836914,
      0.08243203163146973
    ],
    "rotationMatrix" : [
      0.9134654998779297,
      -0.05956548452377319,
      0.40253281593322754,
      0.4023820161819458,
      0.2794876992702484,
      -0.8717656135559082,
      -0.06057584285736084,
      0.9582997560501099,
      0.2792704701423645
    ],
    "gravity" : [
      0.06057583540678024,
      -0.9582997560501099,
      -0.2792704999446869
    ]
  },
  {
    "timestamp" : 235406542575,
    "userAcceleration" : [
      -0.04508101940155029,
      0.02988332509994507,
      0.0676882266998291
    ],
    "rotationMatrix" : [
      0.9153090119361877,
      -0.05991503596305847,
      0.39827072620391846,
      0.39817413687705994,
      0.2832934558391571,
      -0.8724689483642578,
      -0.06055344641208649,
      0.9571598768234253,
      0.28315767645835876
    ],
    "gravity" : [
      0.06055346131324768,
      -0.9571598172187805,
      -0.28315770626068115
    ]
  },
  {
    "timestamp" : 235406552596,
    "userAcceleration" : [
      -0.06868373602628708,
      0.033576905727386475,
      0.05186372995376587
    ],
    "rotationMatrix" : [
      0.9170836806297302,
      -0.06023050844669342,
      0.3941190242767334,
      0.3940346837043762,
      0.2876209020614624,
      -0.8729323148727417,
      -0.060779690742492676,
      0.9558485746383667,
      0.2875053286552429
    ],
    "gravity" : [
      0.060779690742492676,
      -0.9558485746383667,
      -0.2875053286552429
    ]
  },
  {
    "timestamp" : 235406562617,
    "userAcceleration" : [
      -0.07782994955778122,
      0.03394526243209839,
      0.0497933030128479
    ],
    "rotationMatrix" : [
      0.918350100517273,
      -0.06073044240474701,
      0.39108169078826904,
      0.3909825086593628,
      0.2924339771270752,
      -0.8727055788040161,
      -0.06136573851108551,
      0.9543553590774536,
      0.29230132699012756
    ],
    "gravity" : [
      0.06136573851108551,
      -0.9543552994728088,
      -0.29230132699012756
    ]
  },
  {
    "timestamp" : 235406572638,
    "userAcceleration" : [
      -0.08079595863819122,
      0.021232306957244873,
      0.045661866664886475
    ],
    "rotationMatrix" : [
      0.9194114804267883,
      -0.061124980449676514,
      0.38851797580718994,
      0.388323575258255,
      0.29768577218055725,
      -0.8721168637275696,
      -0.06234809756278992,
      0.9527049660682678,
      0.297432005405426
    ],
    "gravity" : [
      0.06234809383749962,
      -0.9527050256729126,
      -0.29743197560310364
    ]
  },
  {
    "timestamp" : 235406582658,
    "userAcceleration" : [
      -0.08258864283561707,
      0.008711040019989014,
      0.05002865195274353
    ],
    "rotationMatrix" : [
      0.9205670356750488,
      -0.06122240424156189,
      0.3857566714286804,
      0.3853707015514374,
      0.30320557951927185,
      -0.8715250492095947,
      -0.06360670924186707,
      0.9509564638137817,
      0.30271434783935547
    ],
    "gravity" : [
      0.06360672414302826,
      -0.9509565234184265,
      -0.30271434783935547
    ]
  },
  {
    "timestamp" : 235406592679,
    "userAcceleration" : [
      -0.06825301796197891,
      0.00146406888961792,
      0.03809136152267456
    ],
    "rotationMatrix" : [
      0.9219700694084167,
      -0.061000436544418335,
      0.3824266195297241,
      0.38178226351737976,
      0.30869603157043457,
      -0.8711767196655273,
      -0.0649113655090332,
      0.9492025375366211,
      0.3078973889350891
    ],
    "gravity" : [
      0.0649113729596138,
      -0.9492025971412659,
      -0.3078973591327667
    ]
  },
  {
    "timestamp" : 235406602700,
    "userAcceleration" : [
      -0.0446431040763855,
      0.010765492916107178,
      0.012319296598434448
    ],
    "rotationMatrix" : [
      0.9235610961914062,
      -0.06055188179016113,
      0.3786400556564331,
      0.37771156430244446,
      0.3138704001903534,
      -0.8711021542549133,
      -0.0660969614982605,
      0.9475328326225281,
      0.3127496838569641
    ],
    "gravity" : [
      0.0660969540476799,
      -0.9475328922271729,
      -0.3127496838569641
    ]
  },
  {
    "timestamp" : 235406612721,
    "userAcceleration" : [
      -0.016629144549369812,
      0.0096091628074646,
      -0.01575946807861328
    ],
    "rotationMatrix" : [
      0.925235390663147,
      -0.06002752482891083,
      0.37461477518081665,
      0.3734228014945984,
      0.3185746967792511,
      -0.8712436556816101,
      -0.06704418361186981,
      0.9459951519966125,
      0.31717222929000854
    ],
    "gravity" : [
      0.06704418361186981,
      -0.9459951519966125,
      -0.31717219948768616
    ]
  },
  {
    "timestamp" : 235406622741,
    "userAcceleration" : [
      -0.005971990525722504,
      0.0009784102439880371,
      -0.03195136785507202
    ],
    "rotationMatrix" : [
      0.9269789457321167,
      -0.059407636523246765,
      0.3703792691230774,
      0.36893510818481445,
      0.3228558897972107,
      -0.8715795874595642,
      -0.0678006261587143,
      0.9445818066596985,
      0.32119816541671753
    ],
    "gravity" : [
      0.0678006261587143,
      -0.9445818066596985,
      -0.32119816541671753
    ]
  },
  {
    "timestamp" : 235406632762,
    "userAcceleration" : [
      -0.012828528881072998,
      -0.023426294326782227,
      -0.04341587424278259
    ],
    "rotationMatrix" : [
      0.9286943674087524,
      -0.0585821270942688,
      0.3661896884441376,
      0.3644488453865051,
      0.32679176330566406,
      -0.8720001578330994,
      -0.06858417391777039,
      0.9432790875434875,
      0.32483986020088196
    ],
    "gravity" : [
      0.06858415901660919,
      -0.9432790279388428,
      -0.32483986020088196
    ]
  },
  {
    "timestamp" : 235406642783,
    "userAcceleration" : [
      -0.027902454137802124,
      -0.026683449745178223,
      -0.055320560932159424
    ],
    "rotationMatrix" : [
      0.9301320910453796,
      -0.05761781334877014,
      0.36267685890197754,
      0.3605653643608093,
      0.3305274546146393,
      -0.872206449508667,
      -0.06962001323699951,
      0.9420359134674072,
      0.32820916175842285
    ],
    "gravity" : [
      0.06962001323699951,
      -0.9420359134674072,
      -0.32820919156074524
    ]
  },
  {
    "timestamp" : 235406652804,
    "userAcceleration" : [
      -0.058353669941425323,
      -0.010576248168945312,
      -0.04594475030899048
    ],
    "rotationMatrix" : [
      0.931100070476532,
      -0.05648115277290344,
      0.36036449670791626,
      0.3577410578727722,
      0.3343261778354645,
      -0.8719215989112854,
      -0.07123212516307831,
      0.9407634139060974,
      0.3314967453479767
    ],
    "gravity" : [
      0.07123211026191711,
      -0.9407634139060974,
      -0.3314967453479767
    ]
  },
  {
    "timestamp" : 235406662825,
    "userAcceleration" : [
      -0.051508113741874695,
      -0.012834429740905762,
      -0.022808730602264404
    ],
    "rotationMatrix" : [
      0.9315758943557739,
      -0.05513030290603638,
      0.35934239625930786,
      0.35603708028793335,
      0.3382185995578766,
      -0.8711174130439758,
      -0.0735112875699997,
      0.939451277256012,
      0.334704726934433
    ],
    "gravity" : [
      0.07351129502058029,
      -0.9394512176513672,
      -0.33470478653907776
    ]
  },
  {
    "timestamp" : 235406672845,
    "userAcceleration" : [
      -0.036787308752536774,
      -0.011508345603942871,
      0.020899981260299683
    ],
    "rotationMatrix" : [
      0.9318404197692871,
      -0.05368851125240326,
      0.3588745594024658,
      0.3548033833503723,
      0.34215879440307617,
      -0.8700816631317139,
      -0.07607871294021606,
      0.9381071329116821,
      0.337886244058609
    ],
    "gravity" : [
      0.07607871294021606,
      -0.9381071329116821,
      -0.3378862142562866
    ]
  },
  {
    "timestamp" : 235406682866,
    "userAcceleration" : [
      -0.015538625419139862,
      -0.01322704553604126,
      0.05985555052757263
    ],
    "rotationMatrix" : [
      0.9321542978286743,
      -0.05234768986701965,
      0.358256995677948,
      0.3534395098686218,
      0.3462151288986206,
      -0.8690313696861267,
      -0.07854218780994415,
      0.9366934895515442,
      0.341227650642395
    ],
    "gravity" : [
      0.07854218780994415,
      -0.9366934895515442,
      -0.3412276804447174
    ]
  },
  {
    "timestamp" : 235406692887,
    "userAcceleration" : [
      0.011963076889514923,
      -0.01661461591720581,
      0.08326864242553711
    ],
    "rotationMatrix" : [
      0.9328140616416931,
      -0.05135779082775116,
      0.3566795587539673,
      0.351271390914917,
      0.3504626154899597,
      -0.8682075142860413,
      -0.08041363954544067,
      0.9351674914360046,
      0.34495699405670166
    ],
    "gravity" : [
      0.08041363209486008,
      -0.9351674914360046,
      -0.34495699405670166
    ]
  },
  {
    "timestamp" : 235406702908,
    "userAcceleration" : [
      0.02726670354604721,
      -0.018908023834228516,
      0.06907021999359131
    ],
    "rotationMatrix" : [
      0.9339138269424438,
      -0.050869524478912354,
      0.3538605272769928,
      0.34811341762542725,
      0.3547106981277466,
      -0.8677542209625244,
      -0.08137586712837219,
      0.9335912466049194,
      0.34897756576538086
    ],
    "gravity" : [
      0.08137587457895279,
      -0.9335912466049194,
      -0.34897756576538086
    ]
  },
  {
    "timestamp" : 235406712929,
    "userAcceleration" : [
      0.04936337471008301,
      -0.0053452253341674805,
      0.02754083275794983
    ],
    "rotationMatrix" : [
      0.9354398250579834,
      -0.05092674493789673,
      0.34979820251464844,
      0.3440246284008026,
      0.35857975482940674,
      -0.8677946925163269,
      -0.08123661577701569,
      0.9321089386940002,
      0.352949857711792
    ],
    "gravity" : [
      0.08123660832643509,
      -0.9321088790893555,
      -0.352949857711792
    ]
  },
  {
    "timestamp" : 235406722949,
    "userAcceleration" : [
      0.051319338381290436,
      0.008462369441986084,
      -0.022580385208129883
    ],
    "rotationMatrix" : [
      0.9371580481529236,
      -0.051482126116752625,
      0.3450860381126404,
      0.3395850658416748,
      0.36166250705718994,
      -0.8682639598846436,
      -0.08010463416576385,
      0.9308866262435913,
      0.3564174771308899
    ],
    "gravity" : [
      0.08010461926460266,
      -0.9308866262435913,
      -0.3564175069332123
    ]
  },
  {
    "timestamp" : 235406732970,
    "userAcceleration" : [
      0.029313303530216217,
      0.001255035400390625,
      -0.058310866355895996
    ],
    "rotationMatrix" : [
      0.9388911128044128,
      -0.05223192274570465,
      0.34022822976112366,
      0.3351779580116272,
      0.36372146010398865,
      -0.8691158294677734,
      -0.07835271954536438,
      0.9300421476364136,
      0.35900184512138367
    ],
    "gravity" : [
      0.07835271954536438,
      -0.9300421476364136,
      -0.35900187492370605
    ]
  },
  {
    "timestamp" : 235406742991,
    "userAcceleration" : [
      -0.0056604743003845215,
      -0.010163187980651855,
      -0.0751238763332367
    ],
    "rotationMatrix" : [
      0.9404480457305908,
      -0.05293522775173187,
      0.33579057455062866,
      0.3312267065048218,
      0.3648780882358551,
      -0.8701452016830444,
      -0.07646127045154572,
      0.9295492172241211,
      0.3606824576854706
    ],
    "gravity" : [
      0.07646127790212631,
      -0.9295491576194763,
      -0.36068248748779297
    ]
  },
  {
    "timestamp" : 235406753012,
    "userAcceleration" : [
      -0.03362288326025009,
      -0.03213512897491455,
      -0.0625581443309784
    ],
    "rotationMatrix" : [
      0.9417628049850464,
      -0.0533502995967865,
      0.3320188522338867,
      0.32783785462379456,
      0.3654760718345642,
      -0.8711770176887512,
      -0.074867382645607,
      0.9292904734611511,
      0.3616820275783539
    ],
    "gravity" : [
      0.0748673751950264,
      -0.9292904734611511,
      -0.36168205738067627
    ]
  },
  {
    "timestamp" : 235406763033,
    "userAcceleration" : [
      -0.03916177898645401,
      -0.028746485710144043,
      -0.041984736919403076
    ],
    "rotationMatrix" : [
      0.9427055716514587,
      -0.05346648395061493,
      0.3293136656284332,
      0.3253541588783264,
      0.3657662868499756,
      -0.8719859719276428,
      -0.0738297700881958,
      0.9291695952415466,
      0.36220547556877136
    ],
    "gravity" : [
      0.0738297700881958,
      -0.9291696548461914,
      -0.362205445766449
    ]
  },
  {
    "timestamp" : 235406773053,
    "userAcceleration" : [
      -0.027199089527130127,
      -0.011912286281585693,
      -0.006643831729888916
    ],
    "rotationMatrix" : [
      0.9432956576347351,
      -0.05339708924293518,
      0.3276309370994568,
      0.32375726103782654,
      0.3659607470035553,
      -0.8724986910820007,
      -0.07331116497516632,
      0.9290971159934998,
      0.36249688267707825
    ],
    "gravity" : [
      0.07331117242574692,
      -0.9290971159934998,
      -0.36249688267707825
    ]
  },
  {
    "timestamp" : 235406783074,
    "userAcceleration" : [
      -0.011159487068653107,
      -0.006158351898193359,
      0.04180142283439636
    ],
    "rotationMatrix" : [
      0.9437968730926514,
      -0.05322733521461487,
      0.3262121081352234,
      0.3223423659801483,
      0.3664850890636444,
      -0.8728024363517761,
      -0.0730949193239212,
      0.9289001822471619,
      0.3630448877811432
    ],
    "gravity" : [
      0.0730949193239212,
      -0.9289002418518066,
      -0.3630448579788208
    ]
  },
  {
    "timestamp" : 235406793095,
    "userAcceleration" : [
      0.0021250545978546143,
      -0.004576742649078369,
      0.07698097825050354
    ],
    "rotationMatrix" : [
      0.9441930651664734,
      -0.053289175033569336,
      0.32505345344543457,
      0.3211960792541504,
      0.36772459745407104,
      -0.8727036118507385,
      -0.07302446663379669,
      0.9284065365791321,
      0.3643192946910858
    ],
    "gravity" : [
      0.07302447408437729,
      -0.9284065365791321,
      -0.3643192946910858
    ]
  },
  {
    "timestamp" : 235406803116,
    "userAcceleration" : [
      -0.002470545470714569,
      -0.019338905811309814,
      0.08369484543800354
    ],
    "rotationMatrix" : [
      0.9446131587028503,
      -0.05340786278247833,
      0.32381099462509155,
      0.3199159502983093,
      0.3699515461921692,
      -0.8722325563430786,
      -0.07321028411388397,
      0.9275146722793579,
      0.3665471076965332
    ],
    "gravity" : [
      0.07321028411388397,
      -0.9275146126747131,
      -0.3665471076965332
    ]
  },
  {
    "timestamp" : 235406813136,
    "userAcceleration" : [
      -0.00019206851720809937,
      -0.030118882656097412,
      0.07821661233901978
    ],
    "rotationMatrix" : [
      0.9450769424438477,
      -0.05357883870601654,
      0.32242655754089355,
      0.3184424042701721,
      0.3732181489467621,
      -0.8713796138763428,
      -0.0736478939652443,
      0.9261950254440308,
      0.36978164315223694
    ],
    "gravity" : [
      0.0736478939652443,
      -0.9261950850486755,
      -0.36978161334991455
    ]
  },
  {
    "timestamp" : 235406823157,
    "userAcceleration" : [
      -0.001704774796962738,
      -0.035759150981903076,
      0.05174756050109863
    ],
    "rotationMatrix" : [
      0.9455574154853821,
      -0.05382974445819855,
      0.32097285985946655,
      0.3168843388557434,
      0.3771207332611084,
      -0.8702667951583862,
      -0.07419928163290024,
      0.9245984554290771,
      0.37364712357521057
    ],
    "gravity" : [
      0.07419928163290024,
      -0.9245984554290771,
      -0.3736470937728882
    ]
  },
  {
    "timestamp" : 235406833178,
    "userAcceleration" : [
      -0.018132135272026062,
      -0.03500860929489136,
      0.026825249195098877
    ],
    "rotationMatrix" : [
      0.9461323022842407,
      -0.053739726543426514,
      0.3192894458770752,
      0.31498101353645325,
      0.38110512495040894,
      -0.8692213892936707,
      -0.07497113943099976,
      0.9229685664176941,
      0.3775028586387634
    ],
    "gravity" : [
      0.07497113198041916,
      -0.9229685664176941,
      -0.3775028586387634
    ]
  },
  {
    "timestamp" : 235406843199,
    "userAcceleration" : [
      -0.014623641967773438,
      -0.0312843918800354,
      0.028046488761901855
    ],
    "rotationMatrix" : [
      0.9468398094177246,
      -0.05321712791919708,
      0.3172732889652252,
      0.3126267194747925,
      0.38484978675842285,
      -0.8684211373329163,
      -0.07588768005371094,
      0.92144376039505,
      0.3810281753540039
    ],
    "gravity" : [
      0.07588768005371094,
      -0.92144376039505,
      -0.3810281753540039
    ]
  },
  {
    "timestamp" : 235406853220,
    "userAcceleration" : [
      -0.014716781675815582,
      -0.033241331577301025,
      0.035959482192993164
    ],
    "rotationMatrix" : [
      0.9475998878479004,
      -0.052445441484451294,
      0.3151251971721649,
      0.3100742697715759,
      0.38834401965141296,
      -0.8677803874015808,
      -0.07686584442853928,
      0.9200208783149719,
      0.3842567503452301
    ],
    "gravity" : [
      0.07686583697795868,
      -0.9200208783149719,
      -0.3842567205429077
    ]
  },
  {
    "timestamp" : 235406863240,
    "userAcceleration" : [
      -0.017294682562351227,
      -0.024293959140777588,
      0.04226350784301758
    ],
    "rotationMatrix" : [
      0.9485067129135132,
      -0.05136123299598694,
      0.31256526708602905,
      0.30703189969062805,
      0.39171159267425537,
      -0.8673484325408936,
      -0.07788733392953873,
      0.9186533689498901,
      0.38731062412261963
    ],
    "gravity" : [
      0.07788734138011932,
      -0.9186533093452454,
      -0.38731059432029724
    ]
  },
  {
    "timestamp" : 235406873261,
    "userAcceleration" : [
      0.004958823323249817,
      -0.018337011337280273,
      0.04530000686645508
    ],
    "rotationMatrix" : [
      0.9495148658752441,
      -0.05019126832485199,
      0.3096809983253479,
      0.3036612868309021,
      0.39501798152923584,
      -0.8670355081558228,
      -0.07881195843219757,
      0.9173012971878052,
      0.39031660556793213
    ],
    "gravity" : [
      0.07881195843219757,
      -0.9173012971878052,
      -0.39031657576560974
    ]
  },
  {
    "timestamp" : 235406883282,
    "userAcceleration" : [
      0.03322251886129379,
      0.017002403736114502,
      0.016844242811203003
    ],
    "rotationMatrix" : [
      0.950457751750946,
      -0.049273714423179626,
      0.30692365765571594,
      0.30049723386764526,
      0.3983762860298157,
      -0.8666011691093445,
      -0.07957044243812561,
      0.9158975481987,
      0.3934464454650879
    ],
    "gravity" : [
      0.07957044243812561,
      -0.9158975481987,
      -0.3934464752674103
    ]
  },
  {
    "timestamp" : 235406893303,
    "userAcceleration" : [
      0.0328640341758728,
      0.01555776596069336,
      0.020118117332458496
    ],
    "rotationMatrix" : [
      0.9512302279472351,
      -0.0489879846572876,
      0.3045673370361328,
      0.2979470491409302,
      0.4017161726951599,
      -0.8659396767616272,
      -0.07992894947528839,
      0.9144529700279236,
      0.39672037959098816
    ],
    "gravity" : [
      0.0799289420247078,
      -0.9144529104232788,
      -0.39672037959098816
    ]
  },
  {
    "timestamp" : 235406903324,
    "userAcceleration" : [
      0.052534572780132294,
      0.01763439178466797,
      0.00830078125
    ],
    "rotationMatrix" : [
      0.9522379040718079,
      -0.04904278367757797,
      0.3013930320739746,
      0.2948225140571594,
      0.40468040108680725,
      -0.8656288981437683,
      -0.07951498031616211,
      0.9131421446800232,
      0.39981094002723694
    ],
    "gravity" : [
      0.0795149877667427,
      -0.9131421446800232,
      -0.39981091022491455
    ]
  },
  {
    "timestamp" : 235406913344,
    "userAcceleration" : [
      0.041545696556568146,
      0.002419590950012207,
      -0.00844496488571167
    ],
    "rotationMatrix" : [
      0.9532537460327148,
      -0.049500055611133575,
      0.29808902740478516,
      0.29180580377578735,
      0.4069622755050659,
      -0.8655813336372375,
      -0.07846467941999435,
      0.9121027588844299,
      0.4023827016353607
    ],
    "gravity" : [
      0.07846467941999435,
      -0.9121026992797852,
      -0.4023827612400055
    ]
  },
  {
    "timestamp" : 235406923365,
    "userAcceleration" : [
      0.016129150986671448,
      -0.007951617240905762,
      -0.013902842998504639
    ],
    "rotationMatrix" : [
      0.9543436169624329,
      -0.04981246590614319,
      0.2945283055305481,
      0.28855204582214355,
      0.40868738293647766,
      -0.8658592104911804,
      -0.07723939418792725,
      0.9113139510154724,
      0.4044017195701599
    ],
    "gravity" : [
      0.07723939418792725,
      -0.9113140106201172,
      -0.4044016897678375
    ]
  },
  {
    "timestamp" : 235406933386,
    "userAcceleration" : [
      0.0032512471079826355,
      -0.018032550811767578,
      -0.0050421953201293945
    ],
    "rotationMatrix" : [
      0.955353319644928,
      -0.04992259293794632,
      0.29121774435043335,
      0.2854786515235901,
      0.4100549519062042,
      -0.8662314414978027,
      -0.07617076486349106,
      0.9106935262680054,
      0.40599921345710754
    ],
    "gravity" : [
      0.07617076486349106,
      -0.9106935262680054,
      -0.40599918365478516
    ]
  },
  {
    "timestamp" : 235406943407,
    "userAcceleration" : [
      -0.0024003610014915466,
      -0.011445343494415283,
      0.006204128265380859
    ],
    "rotationMatrix" : [
      0.9562518000602722,
      -0.04977646470069885,
      0.2882789969444275,
      0.2826575040817261,
      0.4112330377101898,
      -0.8665980100631714,
      -0.07541366666555405,
      0.9101700782775879,
      0.4073120057582855
    ],
    "gravity" : [
      0.07541367411613464,
      -0.9101701378822327,
      -0.4073120057582855
    ]
  },
  {
    "timestamp" : 235406953428,
    "userAcceleration" : [
      0.009082533419132233,
      0.0055277347564697266,
      0.02805805206298828
    ],
    "rotationMatrix" : [
      0.9571599960327148,
      -0.04954811930656433,
      0.28528892993927,
      0.27977365255355835,
      0.4122267961502075,
      -0.8670614957809448,
      -0.07464244216680527,
      0.9097329378128052,
      0.40842923521995544
    ],
    "gravity" : [
      0.07464244216680527,
      -0.9097329378128052,
      -0.40842923521995544
    ]
  },
  {
    "timestamp" : 235406963448,
    "userAcceleration" : [
      0.030884169042110443,
      0.025083184242248535,
      0.037895143032073975
    ],
    "rotationMatrix" : [
      0.9578046202659607,
      -0.049942709505558014,
      0.28304779529571533,
      0.27784696221351624,
      0.41293320059776306,
      -0.867344856262207,
      -0.07356224954128265,
      0.909390926361084,
      0.4093857407569885
    ],
    "gravity" : [
      0.07356225699186325,
      -0.909390926361084,
      -0.40938571095466614
    ]
  },
  {
    "timestamp" : 235406973469,
    "userAcceleration" : [
      0.038390062749385834,
      0.013189077377319336,
      0.07081019878387451
    ],
    "rotationMatrix" : [
      0.9584928154945374,
      -0.05042374134063721,
      0.2806224226951599,
      0.2757700979709625,
      0.41389787197113037,
      -0.8675479292869568,
      -0.07240401208400726,
      0.9089257121086121,
      0.4106234908103943
    ],
    "gravity" : [
      0.07240401208400726,
      -0.9089257121086121,
      -0.41062355041503906
    ]
  },
  {
    "timestamp" : 235406983490,
    "userAcceleration" : [
      0.04436866194009781,
      0.0023865699768066406,
      0.0858997106552124
    ],
    "rotationMatrix" : [
      0.9593053460121155,
      -0.050868064165115356,
      0.27775120735168457,
      0.2732345759868622,
      0.4154135584831238,
      -0.8676257729530334,
      -0.07124719023704529,
      0.9082092642784119,
      0.41240736842155457
    ],
    "gravity" : [
      0.07124718278646469,
      -0.9082092642784119,
      -0.41240736842155457
    ]
  },
  {
    "timestamp" : 235406993511,
    "userAcceleration" : [
      0.017890535295009613,
      -0.006185352802276611,
      0.030226171016693115
    ],
    "rotationMatrix" : [
      0.9601489305496216,
      -0.05165836215019226,
      0.27467334270477295,
      0.2706282138824463,
      0.4173378646373749,
      -0.867519199848175,
      -0.06981699168682098,
      0.9072819352149963,
      0.4146867096424103
    ],
    "gravity" : [
      0.06981697678565979,
      -0.9072819352149963,
      -0.41468673944473267
    ]
  },
  {
    "timestamp" : 235407003531,
    "userAcceleration" : [
      0.01945871114730835,
      -0.007272183895111084,
      0.032855331897735596
    ],
    "rotationMatrix" : [
      0.9610198736190796,
      -0.05261773616075516,
      0.27142608165740967,
      0.2679232060909271,
      0.4195733964443207,
      -0.8672804236412048,
      -0.06824883818626404,
      0.9061951041221619,
      0.41731590032577515
    ],
    "gravity" : [
      0.06824883073568344,
      -0.9061951041221619,
      -0.41731590032577515
    ]
  },
  {
    "timestamp" : 235407013552,
    "userAcceleration" : [
      0.03927524387836456,
      0.011369824409484863,
      0.007113099098205566
    ],
    "rotationMatrix" : [
      0.9622683525085449,
      -0.05343576520681381,
      0.2668037414550781,
      0.2639242708683014,
      0.4218769967556,
      -0.8673890233039856,
      -0.06620876491069794,
      0.9050770401954651,
      0.420061856508255
    ],
    "gravity" : [
      0.06620876491069794,
      -0.9050770401954651,
      -0.4200618267059326
    ]
  },
  {
    "timestamp" : 235407023573,
    "userAcceleration" : [
      0.04302387684583664,
      -0.04484361410140991,
      -0.0319439172744751
    ],
    "rotationMatrix" : [
      0.9632678031921387,
      -0.05471956729888916,
      0.2629084289073944,
      0.2608081102371216,
      0.42389971017837524,
      -0.86734539270401,
      -0.06398602575063705,
      0.904054582118988,
      0.42260023951530457
    ],
    "gravity" : [
      0.06398603320121765,
      -0.904054582118988,
      -0.42260023951530457
    ]
  },
  {
    "timestamp" : 235407033594,
    "userAcceleration" : [
      -0.003502320498228073,
      -0.06105440855026245,
      -0.08355098962783813
    ],
    "rotationMatrix" : [
      0.964145839214325,
      -0.055475927889347076,
      0.2595096230506897,
      0.2579762041568756,
      0.42521098256111145,
      -0.8675504922866821,
      -0.062218159437179565,
      0.9033925533294678,
      0.42427685856819153
    ],
    "gravity" : [
      0.062218163162469864,
      -0.9033925533294678,
      -0.42427685856819153
    ]
  },
  {
    "timestamp" : 235407043615,
    "userAcceleration" : [
      -0.00930420309305191,
      -0.04855954647064209,
      -0.09185785055160522
    ],
    "rotationMatrix" : [
      0.9648869037628174,
      -0.05537775903940201,
      0.2567616403102875,
      0.25542566180229187,
      0.4257465898990631,
      -0.8680423498153687,
      -0.0612451434135437,
      0.9031462669372559,
      0.4249422252178192
    ],
    "gravity" : [
      0.0612451396882534,
      -0.9031462669372559,
      -0.4249421954154968
    ]
  },
  {
    "timestamp" : 235407053635,
    "userAcceleration" : [
      0.000873960554599762,
      -0.05559825897216797,
      -0.05207633972167969
    ],
    "rotationMatrix" : [
      0.9653893113136292,
      -0.05489368736743927,
      0.2549709677696228,
      0.25359398126602173,
      0.4259803891181946,
      -0.8684645891189575,
      -0.06093941628932953,
      0.90306556224823,
      0.4251576364040375
    ],
    "gravity" : [
      0.060939401388168335,
      -0.90306556224823,
      -0.4251576364040375
    ]
  },
  {
    "timestamp" : 235407063656,
    "userAcceleration" : [
      0.01297571137547493,
      -0.044091880321502686,
      -0.019347161054611206
    ],
    "rotationMatrix" : [
      0.9653260111808777,
      -0.05497545748949051,
      0.2551927864551544,
      0.25380939245224,
      0.4262581467628479,
      -0.8682652711868286,
      -0.06104469299316406,
      0.902929425239563,
      0.42543137073516846
    ],
    "gravity" : [
      0.061044685542583466,
      -0.902929425239563,
      -0.42543137073516846
    ]
  },
  {
    "timestamp" : 235407073677,
    "userAcceleration" : [
      0.030239291489124298,
      -0.03615212440490723,
      0.004600644111633301
    ],
    "rotationMatrix" : [
      0.96511310338974,
      -0.05516534298658371,
      0.25595611333847046,
      0.2545349597930908,
      0.42686861753463745,
      -0.8677528500556946,
      -0.0613897442817688,
      0.9026294350624084,
      0.42601796984672546
    ],
    "gravity" : [
      0.0613897480070591,
      -0.9026294946670532,
      -0.42601799964904785
    ]
  },
  {
    "timestamp" : 235407083698,
    "userAcceleration" : [
      0.025369606912136078,
      -0.050310373306274414,
      0.03367301821708679
    ],
    "rotationMatrix" : [
      0.9648732542991638,
      -0.05551605671644211,
      0.2567831873893738,
      0.25535380840301514,
      0.4279465675354004,
      -0.8669809699058533,
      -0.06175808608531952,
      0.9020972847938538,
      0.42709043622016907
    ],
    "gravity" : [
      0.061758093535900116,
      -0.9020972847938538,
      -0.42709046602249146
    ]
  },
  {
    "timestamp" : 235407093719,
    "userAcceleration" : [
      0.010782986879348755,
      -0.06677120923995972,
      0.05243903398513794
    ],
    "rotationMatrix" : [
      0.9647742509841919,
      -0.055819518864154816,
      0.25708919763565063,
      0.2556576132774353,
      0.42940860986709595,
      -0.8661683201789856,
      -0.06204722076654434,
      0.9013836979866028,
      0.42855304479599
    ],
    "gravity" : [
      0.06204722076654434,
      -0.901383638381958,
      -0.42855304479599
    ]
  },
  {
    "timestamp" : 235407103739,
    "userAcceleration" : [
      0.007122371345758438,
      -0.07797425985336304,
      0.05620020627975464
    ],
    "rotationMatrix" : [
      0.9648866653442383,
      -0.0558900460600853,
      0.25665146112442017,
      0.25518491864204407,
      0.4310038983821869,
      -0.8655151128768921,
      -0.06224410980939865,
      0.9006175994873047,
      0.4301322102546692
    ],
    "gravity" : [
      0.06224410608410835,
      -0.9006175398826599,
      -0.4301322102546692
    ]
  },
  {
    "timestamp" : 235407113760,
    "userAcceleration" : [
      0.019657503813505173,
      -0.07616889476776123,
      0.04580104351043701
    ],
    "rotationMatrix" : [
      0.9653069972991943,
      -0.055486977100372314,
      0.25515395402908325,
      0.2535583972930908,
      0.43260452151298523,
      -0.8651944994926453,
      -0.062373749911785126,
      0.899874746799469,
      0.4316653609275818
    ],
    "gravity" : [
      0.06237374618649483,
      -0.8998746871948242,
      -0.43166542053222656
    ]
  },
  {
    "timestamp" : 235407123781,
    "userAcceleration" : [
      0.035716429352760315,
      -0.057869017124176025,
      0.03078848123550415
    ],
    "rotationMatrix" : [
      0.9659081101417542,
      -0.05497924983501434,
      0.25297993421554565,
      0.2512871026992798,
      0.4341166615486145,
      -0.8650997281074524,
      -0.062260255217552185,
      0.8991773724555969,
      0.4331323802471161
    ],
    "gravity" : [
      0.062260255217552185,
      -0.8991774320602417,
      -0.4331323504447937
    ]
  },
  {
    "timestamp" : 235407133802,
    "userAcceleration" : [
      0.047708895057439804,
      -0.04903876781463623,
      0.0018372535705566406
    ],
    "rotationMatrix" : [
      0.9665756225585938,
      -0.054621048271656036,
      0.2504958510398865,
      0.2488173544406891,
      0.4354332387447357,
      -0.8651518225669861,
      -0.06181870400905609,
      0.8985623717308044,
      0.4344698190689087
    ],
    "gravity" : [
      0.061818692833185196,
      -0.8985624313354492,
      -0.4344697892665863
    ]
  },
  {
    "timestamp" : 235407143822,
    "userAcceleration" : [
      0.056552156805992126,
      -0.04568725824356079,
      -0.029574483633041382
    ],
    "rotationMatrix" : [
      0.96723872423172,
      -0.0543450266122818,
      0.24798351526260376,
      0.24637757241725922,
      0.43648484349250793,
      -0.865320086479187,
      -0.06121518462896347,
      0.8980686664581299,
      0.4355744421482086
    ],
    "gravity" : [
      0.061215173453092575,
      -0.8980686664581299,
      -0.4355745017528534
    ]
  },
  {
    "timestamp" : 235407153842,
    "userAcceleration" : [
      0.04948066920042038,
      -0.049931883811950684,
      -0.04567152261734009
    ],
    "rotationMatrix" : [
      0.9677507281303406,
      -0.054112955927848816,
      0.24602901935577393,
      0.2444750815629959,
      0.4372718930244446,
      -0.8654624223709106,
      -0.06074884533882141,
      0.8976998329162598,
      0.4363994896411896
    ],
    "gravity" : [
      0.060748837888240814,
      -0.8976998925209045,
      -0.4363994896411896
    ]
  },
  {
    "timestamp" : 235407163863,
    "userAcceleration" : [
      0.026692256331443787,
      -0.05477571487426758,
      -0.04351907968521118
    ],
    "rotationMatrix" : [
      0.9680620431900024,
      -0.05383369326591492,
      0.24486277997493744,
      0.24327576160430908,
      0.4377897083759308,
      -0.8655385971069336,
      -0.06060327589511871,
      0.8974642753601074,
      0.43690404295921326
    ],
    "gravity" : [
      0.06060327589511871,
      -0.8974642753601074,
      -0.43690407276153564
    ]
  },
  {
    "timestamp" : 235407173884,
    "userAcceleration" : [
      0.009599573910236359,
      -0.05778378248214722,
      -0.02089017629623413
    ],
    "rotationMatrix" : [
      0.9681903719902039,
      -0.05347415804862976,
      0.24443380534648895,
      0.24272185564041138,
      0.4379945993423462,
      -0.8655904531478882,
      -0.060773953795433044,
      0.897385835647583,
      0.4370414912700653
    ],
    "gravity" : [
      0.06077396497130394,
      -0.897385835647583,
      -0.4370414614677429
    ]
