[
  {
    "timestamp" : 235486649948,
    "rotationMatrix" : [
      0.9114736318588257,
      0.045840367674827576,
      0.40879642963409424,
      0.4010412096977234,
      0.12215088307857513,
      -0.9078795313835144,
      -0.09155237674713135,
      0.9914523959159851,
      0.09295342862606049
    ],
    "userAcceleration" : [
      0.030746839940547943,
      0.014325380325317383,
      0.07421553134918213
    ],
    "gravity" : [
      0.09155238419771194,
      -0.9914523363113403,
      -0.09295347332954407
    ]
  },
  {
    "timestamp" : 235486659969,
    "rotationMatrix" : [
      0.911554217338562,
      0.045130982995033264,
      0.40869563817977905,
      0.4008890986442566,
      0.12343451380729675,
      -0.9077728986740112,
      -0.09141580760478973,
      0.991325855255127,
      0.09442472457885742
    ],
    "userAcceleration" : [
      0.025527559220790863,
      0.010857224464416504,
      0.03847063332796097
    ],
    "gravity" : [
      0.09141580760478973,
      -0.991325855255127,
      -0.09442473948001862
    ]
  },
  {
    "timestamp" : 235486669990,
    "rotationMatrix" : [
      0.91178297996521,
      0.04444959759712219,
      0.40825968980789185,
      0.40043890476226807,
      0.1243155300617218,
      -0.9078513383865356,
      -0.09110657870769501,
      0.9912464618682861,
      0.09554944932460785
    ],
    "userAcceleration" : [
      0.01718505471944809,
      0.015279233455657959,
      0.004133954644203186
    ],
    "gravity" : [
      0.09110657870769501,
      -0.9912464618682861,
      -0.09554946422576904
    ]
  },
  {
    "timestamp" : 235486680011,
    "rotationMatrix" : [
      0.911841630935669,
      0.043821483850479126,
      0.4081966280937195,
      0.4003653824329376,
      0.12509262561798096,
      -0.9077770709991455,
      -0.09084250032901764,
      0.9911767244338989,
      0.0965200662612915
    ],
    "userAcceleration" : [
      0.0015647485852241516,
      0.010692834854125977,
      -0.013007640838623047
    ],
    "gravity" : [
      0.09084250032901764,
      -0.9911767840385437,
      -0.09652005136013031
    ]
  },
  {
    "timestamp" : 235486690032,
    "rotationMatrix" : [
      0.9116203784942627,
      0.04335090517997742,
      0.40874072909355164,
      0.40087243914604187,
      0.1259702742099762,
      -0.9074317812919617,
      -0.0908271074295044,
      0.9910861849784851,
      0.09745889902114868
    ],
    "userAcceleration" : [
      -0.008490659296512604,
      0.011090636253356934,
      -0.0173024982213974
    ],
    "gravity" : [
      0.0908270999789238,
      -0.9910861849784851,
      -0.09745895117521286
    ]
  },
  {
    "timestamp" : 235486700053,
    "rotationMatrix" : [
      0.9111493229866028,
      0.04320146143436432,
      0.40980544686317444,
      0.401847243309021,
      0.1270550787448883,
      -0.9068493843078613,
      -0.09124508500099182,
      0.9909543991088867,
      0.09840577095746994
    ],
    "userAcceleration" : [
      -0.02084100991487503,
      0.008288443088531494,
      -0.013548076152801514
    ],
    "gravity" : [
      0.09124506264925003,
      -0.9909543991088867,
      -0.09840579330921173
    ]
  },
  {
    "timestamp" : 235486710075,
    "rotationMatrix" : [
      0.9103763103485107,
      0.04333209991455078,
      0.4115060865879059,
      0.40339982509613037,
      0.12842732667922974,
      -0.9059661030769348,
      -0.09210595488548279,
      0.9907715916633606,
      0.09943705797195435
    ],
    "userAcceleration" : [
      -0.030124761164188385,
      0.013537943363189697,
      -0.004902705550193787
    ],
    "gravity" : [
      0.09210596233606339,
      -0.9907715916633606,
      -0.09943703562021255
    ]
  },
  {
    "timestamp" : 235486720096,
    "rotationMatrix" : [
      0.9093598127365112,
      0.04351271688938141,
      0.4137285649776459,
      0.40544164180755615,
      0.1300482451915741,
      -0.9048229455947876,
      -0.0931759774684906,
      0.9905524253845215,
      0.10061877965927124
    ],
    "userAcceleration" : [
      -0.022817693650722504,
      0.03114086389541626,
      0.01397925615310669
    ],
    "gravity" : [
      0.0931759774684906,
      -0.9905524253845215,
      -0.10061877965927124
    ]
  },
  {
    "timestamp" : 235486730117,
    "rotationMatrix" : [
      0.9083877801895142,
      0.04360325634479523,
      0.41584891080856323,
      0.40737414360046387,
      0.13182277977466583,
      -0.9036973118782043,
      -0.09422247111797333,
      0.990313708782196,
      0.10198336839675903
    ],
    "userAcceleration" : [
      -0.004622884094715118,
      0.04675614833831787,
      0.04139060527086258
    ],
    "gravity" : [
      0.09422249346971512,
      -0.990313708782196,
      -0.10198340564966202
    ]
  },
  {
    "timestamp" : 235486740138,
    "rotationMatrix" : [
      0.9075506925582886,
      0.043451324105262756,
      0.4176885485649109,
      0.40904396772384644,
      0.1336623877286911,
      -0.9026721715927124,
      -0.09505148231983185,
      0.9900736808776855,
      0.10353189706802368
    ],
    "userAcceleration" : [
      0.009913749992847443,
      0.052543461322784424,
      0.06794829666614532
    ],
    "gravity" : [
      0.09505147486925125,
      -0.9900737404823303,
      -0.10353189706802368
    ]
  },
  {
    "timestamp" : 235486750159,
    "rotationMatrix" : [
      0.9070794582366943,
      0.042943164706230164,
      0.41876325011253357,
      0.40998905897140503,
      0.13550136983394623,
      -0.9019690752029419,
      -0.09547635912895203,
      0.9898459911346436,
      0.1053042858839035
    ],
    "userAcceleration" : [
      0.023343831300735474,
      0.053078532218933105,
      0.07794518023729324
    ],
    "gravity" : [
      0.09547636657953262,
      -0.9898459911346436,
      -0.1053043082356453
    ]
  },
  {
    "timestamp" : 235486760180,
    "rotationMatrix" : [
      0.907005786895752,
      0.04212464392185211,
      0.4190060496330261,
      0.4101383090019226,
      0.1373618245124817,
      -0.9016197919845581,
      -0.09553582966327667,
      0.9896247386932373,
      0.10731104016304016
    ],
    "userAcceleration" : [
      0.030288174748420715,
      0.054901957511901855,
      0.07546579837799072
    ],
    "gravity" : [
      0.09553582966327667,
      -0.9896247982978821,
      -0.10731103271245956
    ]
  },
  {
    "timestamp" : 235486770201,
    "rotationMatrix" : [
      0.9071726202964783,
      0.04110206663608551,
      0.41874629259109497,
      0.40980660915374756,
      0.13927844166755676,
      -0.9014765024185181,
      -0.09537483751773834,
      0.989399790763855,
      0.10950568318367004
    ],
    "userAcceleration" : [
      0.017692796885967255,
      0.05078601837158203,
      0.059441447257995605
    ],
    "gravity" : [
      0.09537483751773834,
      -0.989399790763855,
      -0.10950565338134766
    ]
  },
  {
    "timestamp" : 235486780222,
    "rotationMatrix" : [
      0.9074262976646423,
      0.04007108509540558,
      0.4182963967323303,
      0.40927934646606445,
      0.1413014829158783,
      -0.9014012813568115,
      -0.09522600471973419,
      0.9891552925109863,
      0.11182041466236115
    ],
    "userAcceleration" : [
      -0.003947913646697998,
      0.039310991764068604,
      0.0397530198097229
    ],
    "gravity" : [
      0.09522601217031479,
      -0.9891552925109863,
      -0.11182039976119995
    ]
  },
  {
    "timestamp" : 235486790243,
    "rotationMatrix" : [
      0.9076223373413086,
      0.039196744561195374,
      0.41795361042022705,
      0.4088273048400879,
      0.14349061250686646,
      -0.9012605547904968,
      -0.0952988713979721,
      0.9888750910758972,
      0.1142105832695961
    ],
    "userAcceleration" : [
      -0.020301908254623413,
      0.030943632125854492,
      0.01168668270111084
    ],
    "gravity" : [
      0.0952988788485527,
      -0.9888750910758972,
      -0.1142105981707573
    ]
  },
  {
    "timestamp" : 235486800265,
    "rotationMatrix" : [
      0.9074931740760803,
      0.0384221076965332,
      0.41830599308013916,
      0.40902239084243774,
      0.1460229605436325,
      -0.9007651805877686,
      -0.09569154679775238,
      0.9885348081588745,
      0.11679933965206146
    ],
    "userAcceleration" : [
      -0.023334398865699768,
      0.03772920370101929,
      -0.00286024808883667
    ],
    "gravity" : [
      0.09569157660007477,
      -0.9885348081588745,
      -0.11679930984973907
    ]
  },
  {
    "timestamp" : 235486810286,
    "rotationMatrix" : [
      0.907024085521698,
      0.03769034147262573,
      0.4193885326385498,
      0.4098952114582062,
      0.14898952841758728,
      -0.8998820781707764,
      -0.09640128910541534,
      0.9881200790405273,
      0.1196880042552948
    ],
    "userAcceleration" : [
      -0.01960381120443344,
      0.04070204496383667,
      0.0030039027333259583
    ],
    "gravity" : [
      0.09640129655599594,
      -0.9881200790405273,
      -0.11968795955181122
    ]
  },
  {
    "timestamp" : 235486820307,
    "rotationMatrix" : [
      0.9064056873321533,
      0.03690916299819946,
      0.4207925796508789,
      0.41105467081069946,
      0.15233859419822693,
      -0.8987919688224792,
      -0.09727658331394196,
      0.9876388907432556,
      0.12290889024734497
    ],
    "userAcceleration" : [
      -0.006822474300861359,
      0.044355928897857666,
      0.017760396003723145
    ],
    "gravity" : [
      0.09727659821510315,
      -0.9876388907432556,
      -0.12290886789560318
    ]
  },
  {
    "timestamp" : 235486830328,
    "rotationMatrix" : [
      0.9059932231903076,
      0.03602337837219238,
      0.4217565953731537,
      0.4117691218852997,
      0.1558971405029297,
      -0.8978542685508728,
      -0.09809437394142151,
      0.9871161580085754,
      0.1264084279537201
    ],
    "userAcceleration" : [
      0.014256119728088379,
      0.03927081823348999,
      0.037678420543670654
    ],
    "gravity" : [
      0.09809436649084091,
      -0.9871161580085754,
      -0.1264083981513977
    ]
  },
  {
    "timestamp" : 235486840349,
    "rotationMatrix" : [
      0.9058835506439209,
      0.0349859744310379,
      0.4220793843269348,
      0.4118773937225342,
      0.15935803949832916,
      -0.8971966505050659,
      -0.09865100681781769,
      0.9866006374359131,
      0.1299498975276947
    ],
    "userAcceleration" : [
      0.02392282336950302,
      0.03474223613739014,
      0.038213908672332764
    ],
    "gravity" : [
      0.09865102916955948,
      -0.9866006970405579,
      -0.12994986772537231
    ]
  },
  {
    "timestamp" : 235486850370,
    "rotationMatrix" : [
      0.9060532450675964,
      0.03382585942745209,
      0.4218095541000366,
      0.4114564061164856,
      0.1624254435300827,
      -0.8968396782875061,
      -0.09884895384311676,
      0.986140787601471,
      0.1332482397556305
    ],
    "userAcceleration" : [
      0.031628936529159546,
      0.03216135501861572,
      0.017952755093574524
    ],
    "gravity" : [
      0.09884896129369736,
      -0.9861407279968262,
      -0.1332482546567917
    ]
  },
  {
    "timestamp" : 235486860391,
    "rotationMatrix" : [
      0.9062888026237488,
      0.032508984208106995,
      0.4214068651199341,
      0.4109702706336975,
      0.16507817804813385,
      -0.896578311920166,
      -0.09871195256710052,
      0.9857445955276489,
      0.13624827563762665
    ],
    "userAcceleration" : [
      0.030835188925266266,
      0.0353509783744812,
      0.0007349252700805664
    ],
    "gravity" : [
      0.09871194511651993,
      -0.9857445359230042,
      -0.13624832034111023
    ]
  },
  {
    "timestamp" : 235486870412,
    "rotationMatrix" : [
      0.9065970778465271,
      0.03110840916633606,
      0.420849084854126,
      0.41036102175712585,
      0.16758915781974792,
      -0.8963913917541504,
      -0.09841501712799072,
      0.9853658676147461,
      0.13917016983032227
    ],
    "userAcceleration" : [
      0.017200857400894165,
      0.02610701322555542,
      -0.0038353055715560913
    ],
    "gravity" : [
      0.09841500967741013,
      -0.9853659272193909,
      -0.13917015492916107
    ]
  },
  {
    "timestamp" : 235486880434,
    "rotationMatrix" : [
      0.9067555069923401,
      0.029490262269973755,
      0.4206242561340332,
      0.4101143181324005,
      0.1701262891292572,
      -0.8960261940956116,
      -0.0979832261800766,
      0.9849807620048523,
      0.1421685814857483
    ],
    "userAcceleration" : [
      0.017632611095905304,
      0.02572190761566162,
      -0.0008369535207748413
    ],
    "gravity" : [
      0.09798324108123779,
      -0.9849807620048523,
      -0.1421685516834259
    ]
  },
  {
    "timestamp" : 235486890455,
    "rotationMatrix" : [
      0.9062905311584473,
      0.027561649680137634,
      0.4217556118965149,
      0.4112545847892761,
      0.17269805073738098,
      -0.8950111865997314,
      -0.0975043773651123,
      0.9845890998840332,
      0.14517974853515625
    ],
    "userAcceleration" : [
      0.021910928189754486,
      0.025360703468322754,
      -0.0034257173538208008
    ],
    "gravity" : [
      0.09750436246395111,
      -0.984589159488678,
      -0.14517976343631744
    ]
  },
  {
    "timestamp" : 235486900476,
    "rotationMatrix" : [
      0.9061003923416138,
      0.02567403018474579,
      0.42228299379348755,
      0.4117887616157532,
      0.17537307739257812,
      -0.8942452073097229,
      -0.09701597690582275,
      0.9841672778129578,
      0.14833331108093262
    ],
    "userAcceleration" : [
      0.02111756056547165,
      0.02251255512237549,
      0.008547469973564148
    ],
    "gravity" : [
      0.09701600670814514,
      -0.9841672778129578,
      -0.1483333706855774
    ]
  },
  {
    "timestamp" : 235486910497,
    "rotationMatrix" : [
      0.9058272242546082,
      0.023693591356277466,
      0.42298418283462524,
      0.41248711943626404,
      0.17833450436592102,
      -0.8933371305465698,
      -0.0965990424156189,
      0.9836846590042114,
      0.15176695585250854
    ],
    "userAcceleration" : [
      0.014362893998622894,
      0.010967433452606201,
      0.02469158172607422
    ],
    "gravity" : [
      0.0965990275144577,
      -0.9836846590042114,
      -0.15176692605018616
    ]
  },
  {
    "timestamp" : 235486920518,
    "rotationMatrix" : [
      0.9055378437042236,
      0.02167852222919464,
      0.42371129989624023,
      0.41319721937179565,
      0.18156743049621582,
      -0.8923571109771729,
      -0.09627711772918701,
      0.9831395149230957,
      0.15545867383480072
    ],
    "userAcceleration" : [
      0.004095189273357391,
      0.007935106754302979,
      0.029985561966896057
    ],
    "gravity" : [
      0.0962771326303482,
      -0.9831394553184509,
      -0.15545867383480072
    ]
  },
  {
    "timestamp" : 235486930539,
    "rotationMatrix" : [
      0.9054902195930481,
      0.01992449164390564,
      0.4238991141319275,
      0.4133264720439911,
      0.18496230244636536,
      -0.8915997743606567,
      -0.09617000818252563,
      0.9825435876846313,
      0.15924623608589172
    ],
    "userAcceleration" : [
      -0.007363855838775635,
      -0.002533257007598877,
      0.02492302656173706
    ],
    "gravity" : [
      0.09617002308368683,
      -0.9825435876846313,
      -0.15924625098705292
    ]
  },
  {
    "timestamp" : 235486940560,
    "rotationMatrix" : [
      0.9054020643234253,
      0.01819586753845215,
      0.4241650402545929,
      0.4135337173938751,
      0.18837086856365204,
      -0.8907896876335144,
      -0.09610900282859802,
      0.981929361820221,
      0.16302677989006042
    ],
    "userAcceleration" : [
      -0.020120203495025635,
      -0.0023692846298217773,
      0.02223384380340576
    ],
    "gravity" : [
      0.09610900282859802,
      -0.9819293022155762,
      -0.16302677989006042
    ]
  },
  {
    "timestamp" : 235486950581,
    "rotationMatrix" : [
      0.9055483341217041,
      0.016577914357185364,
      0.42391905188560486,
      0.4132525324821472,
      0.19150295853614807,
      -0.8902521133422852,
      -0.09594026207923889,
      0.9813519716262817,
      0.16656433045864105
    ],
    "userAcceleration" : [
      -0.005409866571426392,
      -0.00026106834411621094,
      0.01444929838180542
    ],
    "gravity" : [
      0.09594026207923889,
      -0.9813519716262817,
      -0.16656430065631866
    ]
  },
  {
    "timestamp" : 235486960603,
    "rotationMatrix" : [
      0.9060099720954895,
      0.015090614557266235,
      0.4229872226715088,
      0.41232770681381226,
      0.19416236877441406,
      -0.8901048302650452,
      -0.09556037187576294,
      0.980853259563446,
      0.16969077289104462
    ],
    "userAcceleration" : [
      0.003957435488700867,
      0.004245102405548096,
      -0.0008416026830673218
    ],
    "gravity" : [
      0.09556038677692413,
      -0.980853259563446,
      -0.16969074308872223
    ]
  },
  {
    "timestamp" : 235486970624,
    "rotationMatrix" : [
      0.9064151644706726,
      0.013408362865447998,
      0.4221750497817993,
      0.4116062819957733,
      0.19634583592414856,
      -0.8899596929550171,
      -0.09482516348361969,
      0.9804428815841675,
      0.17245188355445862
    ],
    "userAcceleration" : [
      0.022835388779640198,
      0.019978582859039307,
      -0.010577365756034851
    ],
    "gravity" : [
      0.0948251485824585,
      -0.9804428815841675,
      -0.1724518984556198
    ]
  },
  {
    "timestamp" : 235486980645,
    "rotationMatrix" : [
      0.9066522717475891,
      0.011387795209884644,
      0.42172497510910034,
      0.41133350133895874,
      0.1982439011335373,
      -0.8896650671958923,
      -0.0937356948852539,
      0.9800865054130554,
      0.17505410313606262
    ],
    "userAcceleration" : [
      0.0239248126745224,
      0.01962214708328247,
      -0.007975205779075623
    ],
    "gravity" : [
      0.0937357097864151,
      -0.9800865054130554,
      -0.17505408823490143
    ]
  },
  {
    "timestamp" : 235486990666,
    "rotationMatrix" : [
      0.9071564078330994,
      0.009282976388931274,
      0.42069119215011597,
      0.41051554679870605,
      0.20009127259254456,
      -0.8896293640136719,
      -0.09243501722812653,
      0.9797332286834717,
      0.17770329117774963
    ],
    "userAcceleration" : [
      0.028262019157409668,
      0.01264655590057373,
      -0.0018470138311386108
    ],
    "gravity" : [
      0.09243501722812653,
      -0.9797332286834717,
      -0.17770329117774963
    ]
  },
  {
    "timestamp" : 235487000687,
    "rotationMatrix" : [
      0.907525897026062,
      0.0069876015186309814,
      0.41993796825408936,
      0.41000115871429443,
      0.202092707157135,
      -0.8894141316413879,
      -0.09108124673366547,
      0.979341447353363,
      0.18053942918777466
    ],
    "userAcceleration" : [
      0.02717437595129013,
      0.0052967071533203125,
      -0.0011012405157089233
    ],
    "gravity" : [
      0.09108124673366547,
      -0.9793413877487183,
      -0.18053947389125824
    ]
  },
  {
    "timestamp" : 235487010708,
    "rotationMatrix" : [
      0.907651960849762,
      0.004591509699821472,
      0.41969844698905945,
      0.4099985957145691,
      0.20430445671081543,
      -0.8889098167419434,
      -0.08982768654823303,
      0.9788964986801147,
      0.18355484306812286
    ],
    "userAcceleration" : [
      0.015595316886901855,
      0.0031276345252990723,
      -0.008446559309959412
    ],
    "gravity" : [
      0.08982767909765244,
      -0.9788964986801147,
      -0.18355487287044525
    ]
  },
  {
    "timestamp" : 235487020729,
    "rotationMatrix" : [
      0.9074766039848328,
      0.0021772831678390503,
      0.4200969338417053,
      0.41062670946121216,
      0.2065952718257904,
      -0.8880900740623474,
      -0.08872364461421967,
      0.9784240126609802,
      0.18658633530139923
    ],
    "userAcceleration" : [
      0.00041822344064712524,
      0.008712828159332275,
      -0.015287503600120544
    ],
    "gravity" : [
      0.08872364461421967,
      -0.9784240126609802,
      -0.18658635020256042
    ]
  },
  {
    "timestamp" : 235487030750,
    "rotationMatrix" : [
      0.9073657989501953,
      -0.00015658140182495117,
      0.420341819524765,
      0.41110652685165405,
      0.20879949629306793,
      -0.8873523473739624,
      -0.08762821555137634,
      0.9779584407806396,
      0.1895218938589096
    ],
    "userAcceleration" : [
      -0.004528835415840149,
      0.010215580463409424,
      -0.004997193813323975
    ],
    "gravity" : [
      0.08762822300195694,
      -0.9779584407806396,
      -0.1895219385623932
    ]
  },
  {
    "timestamp" : 235487040772,
    "rotationMatrix" : [
      0.9073680639266968,
      -0.0023277848958969116,
      0.4203305244445801,
      0.41133737564086914,
      0.21073591709136963,
      -0.886787474155426,
      -0.08651451766490936,
      0.9775403141975403,
      0.19217254221439362
    ],
    "userAcceleration" : [
      -0.009274497628211975,
      -0.004866242408752441,
      0.0044130682945251465
    ],
    "gravity" : [
      0.08651451766490936,
      -0.9775403141975403,
      -0.1921725869178772
    ]
  },
  {
    "timestamp" : 235487050793,
    "rotationMatrix" : [
      0.9075626134872437,
      -0.004304423928260803,
      0.4198946952819824,
      0.41114795207977295,
      0.21239204704761505,
      -0.886479914188385,
      -0.08536644279956818,
      0.9771749377250671,
      0.19452884793281555
    ],
    "userAcceleration" : [
      -0.014504611492156982,
      -0.0067574381828308105,
      0.011011257767677307
    ],
    "gravity" : [
      0.08536643534898758,
      -0.9771749377250671,
      -0.19452883303165436
    ]
  },
  {
    "timestamp" : 235487060814,
    "rotationMatrix" : [
      0.9079338312149048,
      -0.006184786558151245,
      0.419067919254303,
      0.41057834029197693,
      0.21388977766036987,
      -0.8863840103149414,
      -0.0841522365808487,
      0.976838231086731,
      0.1967371106147766
    ],
    "userAcceleration" : [
      -0.011688232421875,
      -0.0005329251289367676,
      0.01991814374923706
    ],
    "gravity" : [
      0.08415225148200989,
      -0.9768381714820862,
      -0.1967371106147766
    ]
  },
  {
    "timestamp" : 235487070835,
    "rotationMatrix" : [
      0.9082459211349487,
      -0.008185341954231262,
      0.4183567762374878,
      0.41014349460601807,
      0.21548479795455933,
      -0.886198878288269,
      -0.08289563655853271,
      0.9764728546142578,
      0.19907036423683167
    ],
    "userAcceleration" : [
      -0.00026929378509521484,
      0.007402479648590088,
      0.027683496475219727
    ],
    "gravity" : [
      0.08289564400911331,
      -0.9764728546142578,
      -0.19907031953334808
    ]
  },
  {
    "timestamp" : 235487080856,
    "rotationMatrix" : [
      0.9085347056388855,
      -0.010333985090255737,
      0.4176815450191498,
      0.40975502133369446,
      0.2173844277858734,
      -0.88591468334198,
      -0.08164241909980774,
      0.9760313034057617,
      0.2017357051372528
    ],
    "userAcceleration" : [
      0.0053327009081840515,
      0.016284167766571045,
      0.03843599557876587
    ],
    "gravity" : [
      0.08164242655038834,
      -0.9760313630104065,
      -0.20173567533493042
    ]
  },
  {
    "timestamp" : 235487090877,
    "rotationMatrix" : [
      0.9087293148040771,
      -0.012619540095329285,
      0.4171951711177826,
      0.4095541834831238,
      0.21968162059783936,
      -0.8854407668113708,
      -0.08047628402709961,
      0.9754900336265564,
      0.20479950308799744
    ],
    "userAcceleration" : [
      0.004896670579910278,
      0.021388530731201172,
      0.04285788536071777
    ],
    "gravity" : [
      0.08047626912593842,
      -0.9754899740219116,
      -0.2047995626926422
    ]
  },
  {
    "timestamp" : 235487100898,
    "rotationMatrix" : [
      0.9088304042816162,
      -0.01492840051651001,
      0.4168986678123474,
      0.40951666235923767,
      0.22242406010627747,
      -0.8847732543945312,
      -0.07952003180980682,
      0.9748357534408569,
      0.20825916528701782
    ],
    "userAcceleration" : [
      -0.00299718976020813,
      0.024091124534606934,
      0.04805693030357361
    ],
    "gravity" : [
      0.07952004671096802,
      -0.9748357534408569,
      -0.20825912058353424
    ]
  },
  {
    "timestamp" : 235487110919,
    "rotationMatrix" : [
      0.9087868332862854,
      -0.01730690896511078,
      0.4169016480445862,
      0.40976083278656006,
      0.22560063004493713,
      -0.8838554620742798,
      -0.07875648140907288,
      0.9740661382675171,
      0.2121145874261856
    ],
    "userAcceleration" : [
      -0.007665760815143585,
      0.02493894100189209,
      0.055223554372787476
    ],
    "gravity" : [
      0.07875646650791168,
      -0.9740661382675171,
      -0.21211455762386322
    ]
  },
  {
    "timestamp" : 235487120941,
    "rotationMatrix" : [
      0.9088186025619507,
      -0.01978982985019684,
      0.41672182083129883,
      0.4098338484764099,
      0.22911840677261353,
      -0.8829160332679749,
      -0.078005850315094,
      0.9731972813606262,
      0.21633762121200562
    ],
    "userAcceleration" : [
      0.002438493072986603,
      0.02777808904647827,
      0.06521447002887726
    ],
    "gravity" : [
      0.0780058428645134,
      -0.9731972813606262,
      -0.2163376361131668
    ]
  },
  {
    "timestamp" : 235487130962,
    "rotationMatrix" : [
      0.9091158509254456,
      -0.022413671016693115,
      0.41593989729881287,
      0.4093543291091919,
      0.23279179632663727,
      -0.8821772933006287,
      -0.07705453038215637,
      0.9722681641578674,
      0.22080984711647034
    ],
    "userAcceleration" : [
      0.021929241716861725,
      0.029320955276489258,
      0.07032759487628937
    ],
    "gravity" : [
      0.07705451548099518,
      -0.9722681641578674,
      -0.22080986201763153
    ]
  },
  {
    "timestamp" : 235487140983,
    "rotationMatrix" : [
      0.9096752405166626,
      -0.025335371494293213,
      0.41454681754112244,
      0.40837544202804565,
      0.23633411526679993,
      -0.8816890120506287,
      -0.07563361525535583,
      0.9713414311408997,
      0.22533364593982697
    ],
    "userAcceleration" : [
      0.038258008658885956,
      0.02921813726425171,
      0.06456691026687622
    ],
    "gravity" : [
      0.07563361525535583,
      -0.9713414311408997,
      -0.22533364593982697
    ]
  },
  {
    "timestamp" : 235487151004,
    "rotationMatrix" : [
      0.9105779528617859,
      -0.02834470570087433,
      0.41236430406570435,
      0.4067082405090332,
      0.2393997609615326,
      -0.8816325664520264,
      -0.07373026013374329,
      0.9705071449279785,
      0.22952017188072205
    ],
    "userAcceleration" : [
      0.03732319921255112,
      0.022249877452850342,
      0.03620649874210358
    ],
    "gravity" : [
      0.07373026758432388,
      -0.9705071449279785,
      -0.22952018678188324
    ]
  },
  {
    "timestamp" : 235487161025,
    "rotationMatrix" : [
      0.9115575551986694,
      -0.03130215406417847,
      0.4099792242050171,
      0.40489423274993896,
      0.2419143170118332,
      -0.8817811012268066,
      -0.07157815992832184,
      0.9697924852371216,
      0.23319289088249207
    ],
    "userAcceleration" : [
      0.021271608769893646,
      0.010670900344848633,
      0.00045043230056762695
    ],
    "gravity" : [
      0.07157814502716064,
      -0.9697924852371216,
      -0.23319286108016968
    ]
  },
  {
    "timestamp" : 235487171046,
    "rotationMatrix" : [
      0.9123987555503845,
      -0.03410981595516205,
      0.40787869691848755,
      0.4033600091934204,
      0.24412396550178528,
      -0.8818752765655518,
      -0.06949229538440704,
      0.9691438674926758,
      0.2364969551563263
    ],
    "userAcceleration" : [
      -0.0012549757957458496,
      0.005093693733215332,
      -0.01977454125881195
    ],
    "gravity" : [
      0.06949228793382645,
      -0.9691438674926758,
      -0.2364969253540039
    ]
  },
  {
    "timestamp" : 235487181067,
    "rotationMatrix" : [
      0.9129394888877869,
      -0.03673994541168213,
      0.4064377546310425,
      0.40243029594421387,
      0.24641305208206177,
      -0.8816633224487305,
      -0.06775924563407898,
      0.968468189239502,
      0.23974549770355225
    ],
    "userAcceleration" : [
      -0.013590522110462189,
      0.007988572120666504,
      -0.024872586131095886
    ],
    "gravity" : [
      0.06775924563407898,
      -0.968468189239502,
      -0.23974546790122986
    ]
  },
  {
    "timestamp" : 235487191088,
    "rotationMatrix" : [
      0.9130091071128845,
      -0.039322033524513245,
      0.40603962540626526,
      0.40247565507888794,
      0.24918435513973236,
      -0.8808634877204895,
      -0.06654134392738342,
      0.9676573872566223,
      0.24333375692367554
    ],
    "userAcceleration" : [
      -0.02848590910434723,
      0.004080295562744141,
      -0.005644083023071289
    ],
    "gravity" : [
      0.06654135882854462,
      -0.9676574468612671,
      -0.24333369731903076
    ]
  },
  {
    "timestamp" : 235487201110,
    "rotationMatrix" : [
      0.9130019545555115,
      -0.04183724522590637,
      0.40580421686172485,
      0.402627170085907,
      0.252649188041687,
      -0.8798064589500427,
      -0.06571735441684723,
      0.9666528105735779,
      0.2475140392780304
    ],
    "userAcceleration" : [
      -0.03487931936979294,
      -0.005514919757843018,
      0.03175462782382965
    ],
    "gravity" : [
      0.06571734696626663,
      -0.9666528701782227,
      -0.247514009475708
    ]
  },
  {
    "timestamp" : 235487211131,
    "rotationMatrix" : [
      0.9131398797035217,
      -0.044288694858551025,
      0.4052332639694214,
      0.40242868661880493,
      0.25647714734077454,
      -0.8787892460823059,
      -0.06501263380050659,
      0.9655349850654602,
      0.25202256441116333
    ],
    "userAcceleration" : [
      -0.0285593643784523,
      -0.016245901584625244,
      0.041756391525268555
    ],
    "gravity" : [
      0.0650126188993454,
      -0.9655349850654602,
      -0.2520225942134857
    ]
  },
  {
    "timestamp" : 235487221152,
    "rotationMatrix" : [
      0.9135083556175232,
      -0.04663357138633728,
      0.40413835644721985,
      0.4017256498336792,
      0.260122686624527,
      -0.8780389428138733,
      -0.06417939066886902,
      0.9644486308097839,
      0.25635814666748047
    ],
    "userAcceleration" : [
      -0.022217698395252228,
      -0.010831892490386963,
      0.020563989877700806
    ],
    "gravity" : [
      0.06417939066886902,
      -0.9644486904144287,
      -0.25635814666748047
    ]
  },
  {
    "timestamp" : 235487231172,
    "rotationMatrix" : [
      0.9142037630081177,
      -0.04882821440696716,
      0.40230247378349304,
      0.4003249704837799,
      0.263182133436203,
      -0.8777670860290527,
      -0.0630190372467041,
      0.9635096788406372,
      0.2601492702960968
    ],
    "userAcceleration" : [
      -0.01742575317621231,
      -0.003668546676635742,
      -0.008176684379577637
    ],
    "gravity" : [
      0.0630190372467041,
      -0.963509738445282,
      -0.2601492404937744
    ]
  },
  {
    "timestamp" : 235487241193,
    "rotationMatrix" : [
      0.9148896932601929,
      -0.05104197561740875,
      0.40046417713165283,
      0.39898520708084106,
      0.26554569602012634,
      -0.8776652812957764,
      -0.0615437775850296,
      0.962746262550354,
      0.2633100152015686
    ],
    "userAcceleration" : [
      -0.010640446096658707,
      -0.0031656622886657715,
      -0.037639230489730835
    ],
    "gravity" : [
      0.061543792486190796,
      -0.9627462029457092,
      -0.2633100152015686
    ]
  },
  {
    "timestamp" : 235487251214,
    "rotationMatrix" : [
      0.9153956174850464,
      -0.05332018435001373,
      0.39900845289230347,
      0.39807289838790894,
      0.26740193367004395,
      -0.8775158524513245,
      -0.05990630388259888,
      0.9621086716651917,
      0.26600387692451477
    ],
    "userAcceleration" : [
      -0.004440575838088989,
      -0.006320834159851074,
      -0.05108910799026489
    ],
    "gravity" : [
      0.05990630015730858,
      -0.9621086716651917,
      -0.26600390672683716
    ]
  },
  {
    "timestamp" : 235487261235,
    "rotationMatrix" : [
      0.9156362414360046,
      -0.055693164467811584,
      0.39813128113746643,
      0.3977622985839844,
      0.2690602242946625,
      -0.8771498799324036,
      -0.05827006697654724,
      0.9615117907524109,
      0.26851391792297363
    ],
    "userAcceleration" : [
      -0.0019650980830192566,
      -0.012655079364776611,
      -0.04944881796836853
    ],
    "gravity" : [
      0.05827005207538605,
      -0.9615117907524109,
      -0.268513947725296
    ]
  },
  {
    "timestamp" : 235487271256,
    "rotationMatrix" : [
      0.9156718254089355,
      -0.0581434965133667,
      0.39769893884658813,
      0.39790835976600647,
      0.27070701122283936,
      -0.8765766620635986,
      -0.05669263005256653,
      0.9609042406082153,
      0.27101457118988037
    ],
    "userAcceleration" : [
      -0.0054688602685928345,
      -0.021563291549682617,
      -0.03118586540222168
    ],
    "gravity" : [
      0.05669264495372772,
      -0.9609042406082153,
      -0.27101457118988037
    ]
  },
  {
    "timestamp" : 235487281278,
    "rotationMatrix" : [
      0.9158991575241089,
      -0.060381293296813965,
      0.39684104919433594,
      0.3975945711135864,
      0.27242013812065125,
      -0.8761880993843079,
      -0.05520208179950714,
      0.9602817893028259,
      0.2735166549682617
    ],
    "userAcceleration" : [
      -0.03287847712635994,
      -0.03684943914413452,
      0.02926918864250183
    ],
    "gravity" : [
      0.05520208925008774,
      -0.9602817296981812,
      -0.2735167145729065
    ]
  },
  {
    "timestamp" : 235487291299,
    "rotationMatrix" : [
      0.916297972202301,
      -0.06248946487903595,
      0.3955920934677124,
      0.3968769311904907,
      0.27418848872184753,
      -0.8759620189666748,
      -0.05372841656208038,
      0.9596436023712158,
      0.2760389745235443
    ],
    "userAcceleration" : [
      -0.03140481188893318,
      -0.037487804889678955,
      0.03179141879081726
    ],
    "gravity" : [
      0.05372843146324158,
      -0.959643542766571,
      -0.2760390043258667
    ]
  },
  {
    "timestamp" : 235487301320,
    "rotationMatrix" : [
      0.916215717792511,
      -0.06508679687976837,
      0.3953637480735779,
      0.39728373289108276,
      0.2758660316467285,
      -0.8752504587173462,
      -0.052100107073783875,
      0.9589897394180298,
      0.2786107361316681
    ],
    "userAcceleration" : [
      -0.02977646514773369,
      -0.03814136981964111,
      0.03436318039894104
    ],
    "gravity" : [
      0.05210009589791298,
      -0.9589897990226746,
      -0.2786107063293457
    ]
  },
  {
    "timestamp" : 235487311341,
    "rotationMatrix" : [
      0.9176792502403259,
      -0.06668266654014587,
      0.391686350107193,
      0.3941238522529602,
      0.2776032090187073,
      -0.8761293292045593,
      -0.05031070113182068,
      0.9583786129951477,
      0.2810319662094116
    ],
    "userAcceleration" : [
      -0.03644043952226639,
      -0.05082225799560547,
      0.03391578793525696
    ],
    "gravity" : [
      0.05031069740653038,
      -0.9583786129951477,
      -0.28103193640708923
    ]
  },
  {
    "timestamp" : 235487321362,
    "rotationMatrix" : [
      0.9189559817314148,
      -0.06822550296783447,
      0.38841360807418823,
      0.3913497030735016,
      0.2792327404022217,
      -0.8768547177314758,
      -0.04863385856151581,
      0.9577965140342712,
      0.2833026349544525
    ],
    "userAcceleration" : [
      -0.04474284499883652,
      -0.053891539573669434,
      0.005470484495162964
    ],
    "gravity" : [
      0.04863384738564491,
      -0.9577965140342712,
      -0.2833026051521301
    ]
  },
  {
    "timestamp" : 235487331383,
    "rotationMatrix" : [
      0.9206488728523254,
      -0.06913578510284424,
      0.3842211961746216,
      0.3875005543231964,
      0.28139039874076843,
      -0.877873957157135,
      -0.04742364585399628,
      0.9570996165275574,
      0.2858518958091736
    ],
    "userAcceleration" : [
      -0.05395437404513359,
      -0.03807854652404785,
      -0.02043783664703369
    ],
    "gravity" : [
      0.04742363467812538,
      -0.9570996165275574,
      -0.28585192561149597
    ]
  },
  {
    "timestamp" : 235487341404,
    "rotationMatrix" : [
      0.9219871163368225,
      -0.06988364458084106,
      0.38086217641830444,
      0.38436129689216614,
      0.2844740152359009,
      -0.8782601356506348,
      -0.04696936905384064,
      0.956133246421814,
      0.2891419529914856
    ],
    "userAcceleration" : [
      -0.055560044944286346,
      -0.027204036712646484,
      -0.029476940631866455
    ],
    "gravity" : [
      0.04696936532855034,
      -0.956133246421814,
      -0.2891419529914856
    ]
  },
  {
    "timestamp" : 235487351425,
    "rotationMatrix" : [
      0.9230626225471497,
      -0.07032875716686249,
      0.37816566228866577,
      0.3817177414894104,
      0.2886422276496887,
      -0.8780530095100403,
      -0.047402188181877136,
      0.9548504948616028,
      0.29328060150146484
    ],
    "userAcceleration" : [
      -0.05233073607087135,
      -0.02357351779937744,
      -0.03484451770782471
    ],
    "gravity" : [
      0.047402169555425644,
      -0.954850435256958,
      -0.29328060150146484
    ]
  },
  {
    "timestamp" : 235487361447,
    "rotationMatrix" : [
      0.9237753748893738,
      -0.07067273557186127,
      0.3763567805290222,
      0.3798479437828064,
      0.2936541438102722,
      -0.8772016763687134,
      -0.048524513840675354,
      0.9532957077026367,
      0.2981153726577759
    ],
    "userAcceleration" : [
      -0.04686129465699196,
      -0.009472787380218506,
      -0.03641843795776367
    ],
    "gravity" : [
      0.04852452501654625,
      -0.9532956480979919,
      -0.29811540246009827
    ]
  },
  {
    "timestamp" : 235487371468,
    "rotationMatrix" : [
      0.9243288040161133,
      -0.07104255259037018,
      0.37492552399635315,
      0.37831127643585205,
      0.29925692081451416,
      -0.875971257686615,
      -0.049967795610427856,
      0.9515240788459778,
      0.30348801612854004
    ],
    "userAcceleration" : [
      -0.03480053320527077,
      0.00018447637557983398,
      -0.023736804723739624
    ],
    "gravity" : [
      0.049967776983976364,
      -0.9515240788459778,
      -0.30348801612854004
    ]
  },
  {
    "timestamp" : 235487381489,
    "rotationMatrix" : [
      0.9252209663391113,
      -0.0713779628276825,
      0.3726544976234436,
      0.37595295906066895,
      0.30509212613105774,
      -0.8749731779098511,
      -0.05124010145664215,
      0.9496440887451172,
      0.30911239981651306
    ],
    "userAcceleration" : [
      -0.025330685079097748,
      0.005521893501281738,
      -0.01013210415840149
    ],
    "gravity" : [
      0.05124010890722275,
      -0.9496440887451172,
      -0.3091123700141907
    ]
  },
  {
    "timestamp" : 235487391510,
    "rotationMatrix" : [
      0.9262288212776184,
      -0.07208579778671265,
      0.37000519037246704,
      0.3733779191970825,
      0.3104642629623413,
      -0.8741858005523682,
      -0.051856979727745056,
      0.947847843170166,
      0.3144761919975281
    ],
    "userAcceleration" : [
      -0.0024642683565616608,
      0.014406859874725342,
      -0.03856658935546875
    ],
