[
  {
    "rotationMatrix" : [
      0.9339523315429688,
      0.10030673444271088,
      0.34303295612335205,
      0.3528854250907898,
      -0.10677780956029892,
      -0.9295538067817688,
      -0.05661219358444214,
      0.989210307598114,
      -0.1351221650838852
    ],
    "gravity" : [
      0.05661220848560333,
      -0.989210307598114,
      0.1351221650838852
    ],
    "timestamp" : 235456556729,
    "userAcceleration" : [
      0.010236550122499466,
      0.03919816017150879,
      -0.027715682983398438
    ]
  },
  {
    "rotationMatrix" : [
      0.9355053901672363,
      0.09930316358804703,
      0.3390701115131378,
      0.34887027740478516,
      -0.1079278513789177,
      -0.9309355616569519,
      -0.055849701166152954,
      0.989186704158783,
      -0.13561099767684937
    ],
    "gravity" : [
      0.055849697440862656,
      -0.989186704158783,
      0.13561107218265533
    ],
    "timestamp" : 235456566750,
    "userAcceleration" : [
      0.007123343646526337,
      0.03212493658065796,
      -0.004675611853599548
    ]
  },
  {
    "rotationMatrix" : [
      0.9374395608901978,
      0.09807439148426056,
      0.33404862880706787,
      0.3438122272491455,
      -0.10983115434646606,
      -0.9325932860374451,
      -0.05477456748485565,
      0.9890998005867004,
      -0.13667923212051392
    ],
    "gravity" : [
      0.05477456375956535,
      -0.9890998601913452,
      0.1366792768239975
    ],
    "timestamp" : 235456576771,
    "userAcceleration" : [
      -0.009440682828426361,
      0.02060931921005249,
      0.017953157424926758
    ]
  },
  {
    "rotationMatrix" : [
      0.939655601978302,
      0.09660445153713226,
      0.32819950580596924,
      0.33790749311447144,
      -0.11195243149995804,
      -0.934497058391571,
      -0.05353379249572754,
      0.9890064597129822,
      -0.13784009218215942
    ],
    "gravity" : [
      0.05353379249572754,
      -0.989006519317627,
      0.1378401517868042
    ],
    "timestamp" : 235456586792,
    "userAcceleration" : [
      -0.03265977278351784,
      0.01540440320968628,
      0.036643967032432556
    ]
  },
  {
    "rotationMatrix" : [
      0.942006528377533,
      0.09488819539546967,
      0.32190048694610596,
      0.3315027952194214,
      -0.11377407610416412,
      -0.9365689158439636,
      -0.05224542319774628,
      0.9889649748802185,
      -0.13863161206245422
    ],
    "gravity" : [
      0.052245404571294785,
      -0.9889649152755737,
      0.13863156735897064
    ],
    "timestamp" : 235456596813,
    "userAcceleration" : [
      -0.04807974398136139,
      0.0029724836349487305,
      0.03962148725986481
    ]
  },
  {
    "rotationMatrix" : [
      0.9443230628967285,
      0.09313341230154037,
      0.3155631124973297,
      0.3250263035297394,
      -0.11508417874574661,
      -0.9386764168739319,
      -0.051105797290802,
      0.9889801144599915,
      -0.13894745707511902
    ],
    "gravity" : [
      0.0511058084666729,
      -0.9889801144599915,
      0.13894745707511902
    ],
    "timestamp" : 235456606834,
    "userAcceleration" : [
      -0.0589183047413826,
      -0.017703115940093994,
      0.022017359733581543
    ]
  },
  {
    "rotationMatrix" : [
      0.9464288353919983,
      0.0915791392326355,
      0.3096540570259094,
      0.3189782500267029,
      -0.11590869724750519,
      -0.940647542476654,
      -0.0502520352602005,
      0.9890288710594177,
      -0.13891108334064484
    ],
    "gravity" : [
      0.050252027809619904,
      -0.9890288710594177,
      0.13891112804412842
    ],
    "timestamp" : 235456616855,
    "userAcceleration" : [
      -0.0697374939918518,
      -0.02580249309539795,
      -0.005122199654579163
    ]
  },
  {
    "rotationMatrix" : [
      0.9481831789016724,
      0.09032313525676727,
      0.30461519956588745,
      0.31381481885910034,
      -0.11629769206047058,
      -0.9423349499702454,
      -0.04968860745429993,
      0.989098846912384,
      -0.13861624896526337
    ],
    "gravity" : [
      0.049688611179590225,
      -0.9890989065170288,
      0.13861623406410217
    ],
    "timestamp" : 235456626876,
    "userAcceleration" : [
      -0.07085253298282623,
      -0.02055990695953369,
      -0.022329092025756836
    ]
  },
  {
    "rotationMatrix" : [
      0.9495724439620972,
      0.08934713900089264,
      0.3005483150482178,
      0.30963635444641113,
      -0.11627883464097977,
      -0.9437183737754822,
      -0.049371108412742615,
      0.9891896843910217,
      -0.13808029890060425
    ],
    "gravity" : [
      0.049371130764484406,
      -0.989189624786377,
      0.13808026909828186
    ],
    "timestamp" : 235456636897,
    "userAcceleration" : [
      -0.0653470829129219,
      -0.012778699398040771,
      -0.022342562675476074
    ]
  },
  {
    "rotationMatrix" : [
      0.9507319331169128,
      0.08872850239276886,
      0.2970454692840576,
      0.3060576319694519,
      -0.11604323983192444,
      -0.9449140429496765,
      -0.04937068372964859,
      0.9892730116844177,
      -0.13748206198215485
    ],
    "gravity" : [
      0.04937068000435829,
      -0.9892730116844177,
      0.13748207688331604
    ],
    "timestamp" : 235456646918,
    "userAcceleration" : [
      -0.064690500497818,
      -0.0199127197265625,
      -0.015045762062072754
    ]
  },
  {
    "rotationMatrix" : [
      0.9518155455589294,
      0.08855972439050674,
      0.2936057448387146,
      0.3026083707809448,
      -0.11589807271957397,
      -0.9460420608520508,
      -0.049752846360206604,
      0.9893051385879517,
      -0.13711249828338623
    ],
    "gravity" : [
      0.049752846360206604,
      -0.9893051385879517,
      0.13711251318454742
    ],
    "timestamp" : 235456656939,
    "userAcceleration" : [
      -0.06035768613219261,
      -0.02261185646057129,
      -0.005810752511024475
    ]
  },
  {
    "rotationMatrix" : [
      0.9529201984405518,
      0.08860006928443909,
      0.2899881601333618,
      0.29902002215385437,
      -0.11593446135520935,
      -0.9471779465675354,
      -0.050300389528274536,
      0.9892972111701965,
      -0.13696947693824768
    ],
    "gravity" : [
      0.050300389528274536,
      -0.9892972111701965,
      0.13696947693824768
    ],
    "timestamp" : 235456666960,
    "userAcceleration" : [
      -0.04817941412329674,
      -0.002691805362701416,
      0.010460853576660156
    ]
  },
  {
    "rotationMatrix" : [
      0.9540979266166687,
      0.08849730342626572,
      0.2861211597919464,
      0.29517003893852234,
      -0.11608897149562836,
      -0.9483658075332642,
      -0.050712279975414276,
      0.989288330078125,
      -0.1368820071220398
    ],
    "gravity" : [
      0.050712283700704575,
      -0.989288330078125,
      0.13688208162784576
    ],
    "timestamp" : 235456676981,
    "userAcceleration" : [
      -0.02559630200266838,
      0.018936216831207275,
      0.02765333652496338
    ]
  },
  {
    "rotationMatrix" : [
      0.9554054737091064,
      0.08806432783603668,
      0.2818599045276642,
      0.29088687896728516,
      -0.11632285267114639,
      -0.9496597647666931,
      -0.05084436386823654,
      0.989299476146698,
      -0.13675224781036377
    ],
    "gravity" : [
      0.05084436386823654,
      -0.9892995357513428,
      0.13675230741500854
    ],
    "timestamp" : 235456687002,
    "userAcceleration" : [
      -0.010393310338258743,
      0.03251248598098755,
      0.04089033603668213
    ]
  },
  {
    "rotationMatrix" : [
      0.9569100141525269,
      0.08725237846374512,
      0.2769661545753479,
      0.2859290540218353,
      -0.1166716143488884,
      -0.9511215686798096,
      -0.05067351460456848,
      0.9893304109573364,
      -0.13659222424030304
    ],
    "gravity" : [
      0.050673507153987885,
      -0.9893304109573364,
      0.13659217953681946
    ],
    "timestamp" : 235456697023,
    "userAcceleration" : [
      -0.0013113021850585938,
      0.0358697772026062,
      0.04268324375152588
    ]
  },
  {
    "rotationMatrix" : [
      0.9585669040679932,
      0.08611029386520386,
      0.2715410590171814,
      0.28040802478790283,
      -0.11721496284008026,
      -0.9526970386505127,
      -0.05020831525325775,
      0.9893661737442017,
      -0.1365043967962265
    ],
    "gravity" : [
      0.05020831525325775,
      -0.9893662333488464,
      0.13650445640087128
    ],
    "timestamp" : 235456707044,
    "userAcceleration" : [
      -0.006171431392431259,
      0.03416609764099121,
      0.026871204376220703
    ]
  },
  {
    "rotationMatrix" : [
      0.9603007435798645,
      0.08478447049856186,
      0.2657706141471863,
      0.2745286226272583,
      -0.11795348674058914,
      -0.9543168544769287,
      -0.04956264793872833,
      0.989392876625061,
      -0.13654658198356628
    ],
    "gravity" : [
      0.04956265538930893,
      -0.989392876625061,
      0.13654659688472748
    ],
    "timestamp" : 235456717065,
    "userAcceleration" : [
      -0.020082660019397736,
      0.02128392457962036,
      0.012745246291160583
    ]
  },
  {
    "rotationMatrix" : [
      0.9619960188865662,
      0.08344610780477524,
      0.2600007951259613,
      0.26865020394325256,
      -0.11873185634613037,
      -0.9558920860290527,
      -0.04889509081840515,
      0.9894136190414429,
      -0.1366373896598816
    ],
    "gravity" : [
      0.04889509454369545,
      -0.9894136786460876,
      0.1366373896598816
    ],
    "timestamp" : 235456727086,
    "userAcceleration" : [
      -0.03801557421684265,
      0.0014223456382751465,
      0.001622319221496582
    ]
  },
  {
    "rotationMatrix" : [
      0.9635489583015442,
      0.0822361633181572,
      0.25457924604415894,
      0.26312485337257385,
      -0.1192927435040474,
      -0.9573578238487244,
      -0.048359937965869904,
      0.989447295665741,
      -0.13658277690410614
    ],
    "gravity" : [
      0.04835993051528931,
      -0.989447295665741,
      0.13658279180526733
    ],
    "timestamp" : 235456737107,
    "userAcceleration" : [
      -0.05856804549694061,
      -0.012108862400054932,
      -0.005403190851211548
    ]
  },
  {
    "rotationMatrix" : [
      0.9649032950401306,
      0.08119606226682663,
      0.24973750114440918,
      0.2581803500652313,
      -0.11946804076433182,
      -0.9586815237998962,
      -0.04800548404455185,
      0.9895122647285461,
      -0.13623833656311035
    ],
    "gravity" : [
      0.048005491495132446,
      -0.9895122051239014,
      0.13623833656311035
    ],
    "timestamp" : 235456747128,
    "userAcceleration" : [
      -0.06691111624240875,
      -0.021504580974578857,
      -0.005577445030212402
    ]
  },
  {
    "rotationMatrix" : [
      0.9660825729370117,
      0.08028722554445267,
      0.24543523788452148,
      0.25376901030540466,
      -0.11920472234487534,
      -0.9598913192749023,
      -0.04780995100736618,
      0.9896180629730225,
      -0.13553601503372192
    ],
    "gravity" : [
      0.04780994728207588,
      -0.9896181225776672,
      0.1355360746383667
    ],
    "timestamp" : 235456757149,
    "userAcceleration" : [
      -0.06320606917142868,
      -0.018240034580230713,
      -0.002143874764442444
    ]
  },
  {
    "rotationMatrix" : [
      0.9671586155891418,
      0.0794408842921257,
      0.2414400577545166,
      0.24965694546699524,
      -0.11863381415605545,
      -0.9610395431518555,
      -0.04770281910896301,
      0.9897549152374268,
      -0.13457068800926208
    ],
    "gravity" : [
      0.04770283028483391,
      -0.9897549152374268,
      0.13457071781158447
    ],
    "timestamp" : 235456767170,
    "userAcceleration" : [
      -0.05731586739420891,
      -0.015860140323638916,
      -0.0017125755548477173
    ]
  },
  {
    "rotationMatrix" : [
      0.9682350158691406,
      0.07855931669473648,
      0.2373802810907364,
      0.24547609686851501,
      -0.11805316805839539,
      -0.9621873497962952,
      -0.04756523668766022,
      0.989894688129425,
      -0.13358764350414276
    ],
    "gravity" : [
      0.04756523296236992,
      -0.989894688129425,
      0.13358770310878754
    ],
    "timestamp" : 235456777191,
    "userAcceleration" : [
      -0.047855157405138016,
      -0.005619049072265625,
      -0.002560630440711975
    ]
  },
  {
    "rotationMatrix" : [
      0.9694294929504395,
      0.07760270684957504,
      0.2327752411365509,
      0.24075362086296082,
      -0.1176740825176239,
      -0.9634264707565308,
      -0.04737289994955063,
      0.9900155067443848,
      -0.13275985419750214
    ],
    "gravity" : [
      0.04737289249897003,
      -0.9900155067443848,
      0.13275980949401855
    ],
    "timestamp" : 235456787212,
    "userAcceleration" : [
      -0.026392046362161636,
      -0.01593548059463501,
      -0.0024498552083969116
    ]
  },
  {
    "rotationMatrix" : [
      0.9708079099655151,
      0.07660222053527832,
      0.22729746997356415,
      0.23517683148384094,
      -0.11767762154340744,
      -0.9648023843765259,
      -0.04715816676616669,
      0.9900928735733032,
      -0.13225743174552917
    ],
    "gravity" : [
      0.04715816304087639,
      -0.9900928735733032,
      0.13225741684436798
    ],
    "timestamp" : 235456797233,
    "userAcceleration" : [
      -0.026177313178777695,
      -0.015857994556427002,
      -0.0019475221633911133
    ]
  },
  {
    "rotationMatrix" : [
      0.972274899482727,
      0.07560399174690247,
      0.221281498670578,
      0.22908133268356323,
      -0.11800525337457657,
      -0.9662278890609741,
      -0.046938300132751465,
      0.9901306629180908,
      -0.13205301761627197
    ],
    "gravity" : [
      0.046938296407461166,
      -0.9901306629180908,
      0.13205300271511078
    ],
    "timestamp" : 235456807254,
    "userAcceleration" : [
      -0.030672430992126465,
      -0.013271987438201904,
      -0.023868322372436523
    ]
  },
  {
    "rotationMatrix" : [
      0.973637044429779,
      0.07456941157579422,
      0.21556974947452545,
      0.22328990697860718,
      -0.11846455931663513,
      -0.9675265550613403,
      -0.04661048948764801,
      0.9901542663574219,
      -0.13199207186698914
    ],
    "gravity" : [
      0.04661049693822861,
      -0.9901542663574219,
      0.1319921612739563
    ],
    "timestamp" : 235456817275,
    "userAcceleration" : [
      -0.041086796671152115,
      -0.00528329610824585,
      -0.047214508056640625
    ]
  },
  {
    "rotationMatrix" : [
      0.9747627377510071,
      0.07354758679866791,
      0.21078038215637207,
      0.2184191793203354,
      -0.11897256970405579,
      -0.9685754179954529,
      -0.0461592897772789,
      0.9901697039604187,
      -0.13203422725200653
    ],
    "gravity" : [
      0.0461592897772789,
      -0.9901697039604187,
      0.13203421235084534
    ],
    "timestamp" : 235456827296,
    "userAcceleration" : [
      -0.0540785938501358,
      -0.000842750072479248,
      -0.060943618416786194
    ]
  },
  {
    "rotationMatrix" : [
      0.9756994247436523,
      0.07260151207447052,
      0.20673570036888123,
      0.21430416405200958,
      -0.11960376799106598,
      -0.9694165587425232,
      -0.045654721558094025,
      0.9901635050773621,
      -0.1322561353445053
    ],
    "gravity" : [
      0.045654717832803726,
      -0.9901634454727173,
      0.13225603103637695
    ],
    "timestamp" : 235456837317,
    "userAcceleration" : [
      -0.057053036987781525,
      0.00040227174758911133,
      -0.0484396368265152
    ]
  },
  {
    "rotationMatrix" : [
      0.9765592813491821,
      0.07165388762950897,
      0.20297223329544067,
      0.2104729861021042,
      -0.12034059315919876,
      -0.9701643586158752,
      -0.0450902134180069,
      0.9901431202888489,
      -0.13260091841220856
    ],
    "gravity" : [
      0.0450902096927166,
      -0.9901431202888489,
      0.13260091841220856
    ],
    "timestamp" : 235456847337,
    "userAcceleration" : [
      -0.044388312846422195,
      0.0024114251136779785,
      -0.018099218606948853
    ]
  },
  {
    "rotationMatrix" : [
      0.9774303436279297,
      0.07055888324975967,
      0.1991264820098877,
      0.20654064416885376,
      -0.12108970433473587,
      -0.9709160327911377,
      -0.04439457505941391,
      0.9901305437088013,
      -0.13293002545833588
    ],
    "gravity" : [
      0.04439457505941391,
      -0.9901305437088013,
      0.13293001055717468
    ],
    "timestamp" : 235456857358,
    "userAcceleration" : [
      -0.03690251335501671,
      0.01835942268371582,
      0.007832154631614685
    ]
  },
  {
    "rotationMatrix" : [
      0.9783749580383301,
      0.06920032203197479,
      0.1949198842048645,
      0.20221351087093353,
      -0.12182219326496124,
      -0.9717349410057068,
      -0.04349879175424576,
      0.9901365637779236,
      -0.13318102061748505
    ],
    "gravity" : [
      0.04349879175424576,
      -0.9901366233825684,
      0.1331811100244522
    ],
    "timestamp" : 235456867379,
    "userAcceleration" : [
      -0.033595841377973557,
      0.028207361698150635,
      0.024625182151794434
    ]
  },
  {
    "rotationMatrix" : [
      0.979399561882019,
      0.06753205507993698,
      0.1903047114610672,
      0.19743677973747253,
      -0.12251006066799164,
      -0.9726305603981018,
      -0.04236951470375061,
      0.9901670813560486,
      -0.13331961631774902
    ],
    "gravity" : [
      0.04236951097846031,
      -0.9901670217514038,
      0.13331952691078186
    ],
    "timestamp" : 235456877400,
    "userAcceleration" : [
      -0.03948558494448662,
      0.03049600124359131,
      0.03603757917881012
    ]
  },
  {
    "rotationMatrix" : [
      0.9804807305335999,
      0.06557870656251907,
      0.18535642325878143,
      0.19228190183639526,
      -0.12298405170440674,
      -0.973602831363678,
      -0.0410517156124115,
      0.9902394413948059,
      -0.13319309055805206
    ],
    "gravity" : [
      0.041051723062992096,
      -0.9902394413948059,
      0.13319306075572968
    ],
    "timestamp" : 235456887421,
    "userAcceleration" : [
      -0.053350288420915604,
      0.03040069341659546,
      0.05450521409511566
    ]
  },
  {
    "rotationMatrix" : [
      0.9815845489501953,
      0.06337075680494308,
      0.18021081387996674,
      0.18687748908996582,
      -0.12296323478221893,
      -0.9746573567390442,
      -0.03960546851158142,
      0.9903859496116638,
      -0.13254137337207794
    ],
    "gravity" : [
      0.03960546851158142,
      -0.990385890007019,
      0.13254135847091675
    ],
    "timestamp" : 235456897442,
    "userAcceleration" : [
      -0.05190404877066612,
      0.030547022819519043,
      0.05515684187412262
    ]
  },
  {
    "rotationMatrix" : [
      0.9827083349227905,
      0.06104118376970291,
      0.1748093068599701,
      0.1811850666999817,
      -0.12243320792913437,
      -0.9757980108261108,
      -0.03816138952970505,
      0.9905977249145508,
      -0.13137587904930115
    ],
    "gravity" : [
      0.03816138580441475,
      -0.9905977249145508,
      0.13137589395046234
    ],
    "timestamp" : 235456907463,
    "userAcceleration" : [
      -0.060561299324035645,
      0.015408635139465332,
      0.05157683789730072
    ]
  },
  {
    "rotationMatrix" : [
      0.9838468432426453,
      0.05873282253742218,
      0.1691032350063324,
      0.17518724501132965,
      -0.12165780365467072,
      -0.9769896864891052,
      -0.036808617413043976,
      0.9908328652381897,
      -0.1299818903207779
    ],
    "gravity" : [
      0.036808621138334274,
      -0.9908328652381897,
      0.1299819052219391
    ],
    "timestamp" : 235456917484,
    "userAcceleration" : [
      -0.06050550937652588,
      0.005435585975646973,
      0.0340498685836792
    ]
  },
  {
    "rotationMatrix" : [
      0.9849726557731628,
      0.05658683180809021,
      0.16317716240882874,
      0.1689954549074173,
      -0.12087129056453705,
      -0.9781773686408997,
      -0.03562851995229721,
      0.991054117679596,
      -0.12861783802509308
    ],
    "gravity" : [
      0.03562851995229721,
      -0.991054117679596,
      0.12861788272857666
    ],
    "timestamp" : 235456927505,
    "userAcceleration" : [
      -0.06336899846792221,
      0.007945477962493896,
      0.017378121614456177
    ]
  },
  {
    "rotationMatrix" : [
      0.9860553741455078,
      0.05458907037973404,
      0.15720969438552856,
      0.16278702020645142,
      -0.12014447897672653,
      -0.9793187379837036,
      -0.034572191536426544,
      0.9912542104721069,
      -0.12735548615455627
    ],
    "gravity" : [
      0.03457219526171684,
      -0.9912542700767517,
      0.12735557556152344
    ],
    "timestamp" : 235456937526,
    "userAcceleration" : [
      -0.06261783838272095,
      0.01391369104385376,
      0.008661136031150818
    ]
  },
  {
    "rotationMatrix" : [
      0.987087070941925,
      0.05269506573677063,
      0.15126898884773254,
      0.15662208199501038,
      -0.11944369226694107,
      -0.9804095029830933,
      -0.03359462693333626,
      0.9914416074752808,
      -0.12615454196929932
    ],
    "gravity" : [
      0.03359462693333626,
      -0.9914416074752808,
      0.12615446746349335
    ],
    "timestamp" : 235456947547,
    "userAcceleration" : [
      -0.06399013102054596,
      0.014436542987823486,
      0.009053483605384827
    ]
  },
  {
    "rotationMatrix" : [
      0.9880748987197876,
      0.05097542330622673,
      0.14529123902320862,
      0.1504465788602829,
      -0.11879731714725494,
      -0.9814544916152954,
      -0.03276984766125679,
      0.9916090965270996,
      -0.12504972517490387
    ],
    "gravity" : [
      0.03276984021067619,
      -0.9916090369224548,
      0.1250496357679367
    ],
    "timestamp" : 235456957568,
    "userAcceleration" : [
      -0.0685822069644928,
      0.0019393563270568848,
      0.0069081783294677734
    ]
  },
  {
    "rotationMatrix" : [
      0.9889974594116211,
      0.04949655011296272,
      0.139406219124794,
      0.1443968415260315,
      -0.11820250004529953,
      -0.9824345111846924,
      -0.032148946076631546,
      0.9917550086975098,
      -0.1240491196513176
    ],
    "gravity" : [
      0.032148949801921844,
      -0.9917550683021545,
      0.12404918670654297
    ],
    "timestamp" : 235456967589,
    "userAcceleration" : [
      -0.07037220895290375,
      -0.005498290061950684,
      0.0030869245529174805
    ]
  },
  {
    "rotationMatrix" : [
      0.9898285269737244,
      0.048220034688711166,
      0.13384446501731873,
      0.13869409263134003,
      -0.11758996546268463,
      -0.9833293557167053,
      -0.031677402555942535,
      0.9918908476829529,
      -0.123081736266613
    ],
    "gravity" : [
      0.03167739883065224,
      -0.9918909072875977,
      0.12308180332183838
    ],
    "timestamp" : 235456977610,
    "userAcceleration" : [
      -0.06495682150125504,
      -0.003089010715484619,
      0.002757325768470764
    ]
  },
  {
    "rotationMatrix" : [
      0.9905650019645691,
      0.047030892223119736,
      0.1287209391593933,
      0.13343636691570282,
      -0.11690685153007507,
      -0.9841378331184387,
      -0.03123651072382927,
      0.992028534412384,
      -0.12207946926355362
    ],
    "gravity" : [
      0.03123650699853897,
      -0.9920285940170288,
      0.1220795214176178
    ],
    "timestamp" : 235456987631,
    "userAcceleration" : [
      -0.052598800510168076,
      0.006463468074798584,
      0.008504986763000488
    ]
  },
  {
    "rotationMatrix" : [
      0.991220235824585,
      0.04583832621574402,
      0.12402139604091644,
      0.12859979271888733,
      -0.11619739979505539,
      -0.9848652482032776,
      -0.030733585357666016,
      0.9921675324440002,
      -0.12107200920581818
    ],
    "gravity" : [
      0.030733585357666016,
      -0.992167592048645,
      0.12107203900814056
    ],
    "timestamp" : 235456997652,
    "userAcceleration" : [
      -0.03479241579771042,
      0.01882493495941162,
      0.0169282928109169
    ]
  },
  {
    "rotationMatrix" : [
      0.9918116331100464,
      0.044472042471170425,
      0.11971613019704819,
      0.1241351068019867,
      -0.11548136174678802,
      -0.9855222702026367,
      -0.030003182590007782,
      0.9923133850097656,
      -0.12005630135536194
    ],
    "gravity" : [
      0.030003178864717484,
      -0.9923133850097656,
      0.12005636841058731
    ],
    "timestamp" : 235457007673,
    "userAcceleration" : [
      -0.01582774892449379,
      0.03804415464401245,
      0.03187524527311325
    ]
  },
  {
    "rotationMatrix" : [
      0.9923713803291321,
      0.04268743842840195,
      0.11565811932086945,
      0.11986494809389114,
      -0.11466389149427414,
      -0.9861461520195007,
      -0.02883422002196312,
      0.9924865365028381,
      -0.11890589445829391
    ],
    "gravity" : [
      0.02883422002196312,
      -0.9924865961074829,
      0.1189059391617775
    ],
    "timestamp" : 235457017694,
    "userAcceleration" : [
      -0.0030010920017957687,
      0.05483412742614746,
      0.06015574187040329
    ]
  },
  {
    "rotationMatrix" : [
      0.9929730892181396,
      0.040425676852464676,
      0.11122164130210876,
      0.11516104638576508,
      -0.11369521915912628,
      -0.9868186712265015,
      -0.027247432619333267,
      0.9926927089691162,
      -0.11755175143480301
    ],
    "gravity" : [
      0.027247432619333267,
      -0.992692768573761,
      0.11755175143480301
    ],
    "timestamp" : 235457027715,
    "userAcceleration" : [
      -0.006831159815192223,
      0.04229921102523804,
      0.09791743010282516
    ]
  },
  {
    "rotationMatrix" : [
      0.9936792254447937,
      0.03791803494095802,
      0.10565906763076782,
      0.10931193828582764,
      -0.11265935003757477,
      -0.9876023530960083,
      -0.02554444596171379,
      0.9929096698760986,
      -0.11609214544296265
    ],
    "gravity" : [
      0.02554444782435894,
      -0.9929097294807434,
      0.11609214544296265
    ],
    "timestamp" : 235457037736,
    "userAcceleration" : [
      -0.02578859031200409,
      0.011723995208740234,
      0.12282978743314743
    ]
  },
  {
    "rotationMatrix" : [
      0.9944844245910645,
      0.03548352047801018,
      0.09869977831840515,
      0.10208608210086823,
      -0.11154845356941223,
      -0.9885016083717346,
      -0.024065710604190826,
      0.9931253790855408,
      -0.11455556750297546
    ],
    "gravity" : [
      0.024065708741545677,
      -0.9931252598762512,
      0.11455551534891129
    ],
    "timestamp" : 235457047757,
    "userAcceleration" : [
      -0.053515177220106125,
      -0.02025669813156128,
      0.1255871206521988
    ]
  },
  {
    "rotationMatrix" : [
      0.995309591293335,
      0.0333954393863678,
      0.09079375863075256,
      0.09395898878574371,
      -0.11026301234960556,
      -0.9894511699676514,
      -0.02303195744752884,
      0.9933412075042725,
      -0.11288363486528397
    ],
    "gravity" : [
      0.02303195931017399,
      -0.9933411478996277,
      0.11288363486528397
    ],
    "timestamp" : 235457057778,
    "userAcceleration" : [
      -0.07816194742918015,
      -0.04295945167541504,
      0.1025092601776123
    ]
  },
  {
    "rotationMatrix" : [
      0.9960708618164062,
      0.031780969351530075,
      0.0826607197523117,
      0.08565491437911987,
      -0.1086321473121643,
      -0.9903848171234131,
      -0.022495774552226067,
      0.993573784828186,
      -0.110927514731884
    ],
    "gravity" : [
      0.022495776414871216,
      -0.993573784828186,
      0.1109275072813034
    ],
    "timestamp" : 235457067799,
    "userAcceleration" : [
      -0.08659796416759491,
      -0.04741126298904419,
      0.07373416423797607
    ]
  },
  {
    "rotationMatrix" : [
      0.9967244267463684,
      0.030659934505820274,
      0.0748354122042656,
      0.07770413905382156,
      -0.10659260302782059,
      -0.9912616610527039,
      -0.022415107116103172,
      0.9938297867774963,
      -0.1086258590221405
    ],
    "gravity" : [
      0.022415107116103172,
      -0.9938297867774963,
      0.10862590372562408
    ],
    "timestamp" : 235457077820,
    "userAcceleration" : [
      -0.08419793844223022,
      -0.048497915267944336,
      0.049073562026023865
    ]
  },
  {
    "rotationMatrix" : [
      0.9972492456436157,
      0.030002065002918243,
      0.06777757406234741,
      0.07056006789207458,
      -0.10424376279115677,
      -0.992045521736145,
      -0.022698016837239265,
      0.9940990209579468,
      -0.10607396066188812
    ],
    "gravity" : [
      0.022698016837239265,
      -0.9940990805625916,
      0.10607405006885529
    ],
    "timestamp" : 235457087841,
    "userAcceleration" : [
      -0.07755337655544281,
      -0.05067014694213867,
      0.018605351448059082
    ]
  },
  {
    "rotationMatrix" : [
      0.9976444244384766,
      0.02970283292233944,
      0.0618332214653492,
      0.06455880403518677,
      -0.10182823985815048,
      -0.9927051067352295,
      -0.023189786821603775,
      0.9943585395812988,
      -0.10350595414638519
    ],
    "gravity" : [
      0.023189784958958626,
      -0.9943585395812988,
      0.10350596904754639
    ],
    "timestamp" : 235457097862,
    "userAcceleration" : [
      -0.06171822547912598,
      -0.04656559228897095,
      -0.010686859488487244
    ]
  },
  {
    "rotationMatrix" : [
      0.9979363679885864,
      0.02961921878159046,
      0.05697134882211685,
      0.05966106057167053,
      -0.09967511892318726,
      -0.9932296872138977,
      -0.02374006249010563,
      0.994579017162323,
      -0.10123653709888458
    ],
    "gravity" : [
      0.02374006249010563,
      -0.994579017162323,
      0.10123652964830399
    ],
    "timestamp" : 235457107883,
    "userAcceleration" : [
      -0.044415704905986786,
      -0.04457497596740723,
      -0.032892584800720215
    ]
  },
  {
    "rotationMatrix" : [
      0.9981569051742554,
      0.029582776129245758,
      0.052987538278102875,
      0.05565474182367325,
      -0.09812707453966141,
      -0.9936163425445557,
      -0.02419441193342209,
      0.9947340488433838,
      -0.09959263354539871
    ],
    "gravity" : [
      0.024194413796067238,
      -0.994733989238739,
      0.0995926782488823
    ],
    "timestamp" : 235457117904,
    "userAcceleration" : [
      -0.03469245880842209,
      -0.038636863231658936,
      -0.04157888889312744
    ]
  },
  {
    "rotationMatrix" : [
      0.9983453750610352,
      0.029466373845934868,
      0.04937870055437088,
      0.05203183740377426,
      -0.0973595455288887,
      -0.9938880801200867,
      -0.024478785693645477,
      0.9948127865791321,
      -0.0987316370010376
    ],
    "gravity" : [
      0.024478787556290627,
      -0.9948127865791321,
      0.09873155504465103
    ],
    "timestamp" : 235457127925,
    "userAcceleration" : [
      -0.03252016752958298,
      -0.034422874450683594,
      -0.027641072869300842
    ]
  },
  {
    "rotationMatrix" : [
      0.9985330700874329,
      0.02917138673365116,
      0.0456145778298378,
      0.04825613647699356,
      -0.09739012271165848,
      -0.9940757155418396,
      -0.02455615997314453,
      0.9948186278343201,
      -0.09865495562553406
    ],
    "gravity" : [
      0.024556158110499382,
      -0.9948186874389648,
      0.09865498542785645
    ],
    "timestamp" : 235457137946,
    "userAcceleration" : [
      -0.03679370880126953,
      -0.03714841604232788,
      -0.003562331199645996
    ]
  },
  {
    "rotationMatrix" : [
      0.9987383484840393,
      0.028661776334047318,
      0.04123422130942345,
      0.04386396333575249,
      -0.09815885126590729,
      -0.994203507900238,
      -0.024448130279779434,
      0.9947578310966492,
      -0.09929222613573074
    ],
    "gravity" : [
      0.024448132142424583,
      -0.994757890701294,
      0.09929224848747253
    ],
    "timestamp" : 235457147967,
    "userAcceleration" : [
      -0.03680776059627533,
      -0.03447788953781128,
      0.020153403282165527
    ]
  },
  {
    "rotationMatrix" : [
      0.9989678859710693,
      0.027882471680641174,
      0.035857606679201126,
      0.038467295467853546,
      -0.0995122417807579,
      -0.9942925572395325,
      -0.024155065417289734,
      0.9946456551551819,
      -0.10048209875822067
    ],
    "gravity" : [
      0.024155065417289734,
      -0.9946456551551819,
      0.10048206150531769
    ],
    "timestamp" : 235457157988,
    "userAcceleration" : [
      -0.022354530170559883,
      -0.030195653438568115,
      0.043469205498695374
    ]
  },
  {
    "rotationMatrix" : [
      0.9992061257362366,
      0.02675720490515232,
      0.029516154900193214,
      0.03208060562610626,
      -0.1011139377951622,
      -0.9943573474884033,
      -0.023621728643774986,
      0.9945148229598999,
      -0.10189204663038254
    ],
    "gravity" : [
      0.023621730506420135,
      -0.9945148229598999,
      0.10189204663038254
    ],
    "timestamp" : 235457168008,
    "userAcceleration" : [
      -0.010056678205728531,
      -0.020942211151123047,
      0.05451034754514694
    ]
  },
  {
    "rotationMatrix" : [
      0.9994356036186218,
      0.024934224784374237,
      0.02251129038631916,
      0.024960678070783615,
      -0.10272824764251709,
      -0.9943962097167969,
      -0.022481953725218773,
      0.9943969249725342,
      -0.10329264402389526
    ],
    "gravity" : [
      0.022481953725218773,
      -0.9943968653678894,
      0.10329263657331467
    ],
    "timestamp" : 235457178029,
    "userAcceleration" : [
      0.003152817487716675,
      0.01070857048034668,
      0.04331362247467041
    ]
  },
  {
    "rotationMatrix" : [
      0.9996471405029297,
      0.022125834599137306,
      0.014697162434458733,
      0.01693817786872387,
      -0.10476625710725784,
      -0.9943526983261108,
      -0.02046111412346363,
      0.9942507743835449,
      -0.10510406643152237
    ],
    "gravity" : [
      0.02046111598610878,
      -0.9942507743835449,
      0.10510407388210297
    ],
    "timestamp" : 235457188050,
    "userAcceleration" : [
      0.01930329017341137,
      0.01858842372894287,
      0.015531793236732483
    ]
  },
  {
    "rotationMatrix" : [
      0.9997997283935547,
      0.018992260098457336,
      0.006308628246188164,
      0.008316940627992153,
      -0.10759590566158295,
      -0.9941598773002625,
      -0.018202560022473335,
      0.994013249874115,
      -0.10773231089115143
    ],
    "gravity" : [
      0.018202560022473335,
      -0.994013249874115,
      0.10773231089115143
    ],
    "timestamp" : 235457198071,
    "userAcceleration" : [
      -0.03217961639165878,
      -0.02905791997909546,
      -0.004033684730529785
    ]
  },
  {
    "rotationMatrix" : [
      0.9998695850372314,
      0.01599203236401081,
      -0.002238959539681673,
      -0.00045191822573542595,
      -0.11088607460260391,
      -0.9938331246376038,
      -0.016141681000590324,
      0.9937044978141785,
      -0.11086439341306686
    ],
    "gravity" : [
      0.016141681000590324,
      -0.9937044978141785,
      0.11086432635784149
    ],
    "timestamp" : 235457208092,
    "userAcceleration" : [
      -0.050657059997320175,
      -0.06482827663421631,
      -0.004526004195213318
    ]
  },
  {
    "rotationMatrix" : [
      0.999859631061554,
      0.01324053667485714,
      -0.010269577614963055,
      -0.008689478039741516,
      -0.11431607604026794,
      -0.993406355381012,
      -0.014327212236821651,
      0.9933561682701111,
      -0.11418497562408447
    ],
    "gravity" : [
      0.014327213168144226,
      -0.9933561682701111,
      0.11418498307466507
    ],
    "timestamp" : 235457218113,
    "userAcceleration" : [
      -0.04867475479841232,
      -0.06844186782836914,
      -0.013919591903686523
    ]
  },
  {
    "rotationMatrix" : [
      0.9997901320457458,
      0.010778834111988544,
      -0.017420604825019836,
      -0.016029274091124535,
      -0.1179090291261673,
      -0.9928950667381287,
      -0.012756296433508396,
      0.9929659962654114,
      -0.11771151423454285
    ],
    "gravity" : [
      0.01275629736483097,
      -0.9929659366607666,
      0.11771147698163986
    ],
    "timestamp" : 235457228134,
    "userAcceleration" : [
      -0.04153436794877052,
      -0.053710758686065674,
      -0.01744614541530609
    ]
  },
  {
    "rotationMatrix" : [
      0.9996819496154785,
      0.008723940700292587,
      -0.023660808801651,
      -0.02242634817957878,
      -0.12152976542711258,
      -0.9923343062400818,
      -0.011532559990882874,
      0.9925493597984314,
      -0.12129547446966171
    ],
    "gravity" : [
      0.011532559059560299,
      -0.9925493597984314,
      0.12129539996385574
    ],
    "timestamp" : 235457238155,
    "userAcceleration" : [
      -0.027874723076820374,
      -0.06160396337509155,
      0.0012630149722099304
    ]
  },
  {
    "rotationMatrix" : [
      0.9995556473731995,
      0.007304747588932514,
      -0.028898367658257484,
      -0.027763117104768753,
      -0.12468989938497543,
      -0.991807222366333,
      -0.010848240926861763,
      0.9921687841415405,
      -0.12443169206380844
    ],
    "gravity" : [
      0.010848239995539188,
      -0.9921687841415405,
      0.12443172931671143
    ],
    "timestamp" : 235457248176,
    "userAcceleration" : [
      -0.04209824278950691,
      -0.06442594528198242,
      0.031070463359355927
    ]
  },
  {
    "rotationMatrix" : [
      0.9994390606880188,
      0.006743490695953369,
      -0.032804086804389954,
      -0.031685106456279755,
      -0.1268264502286911,
      -0.9914186000823975,
      -0.01084605511277914,
      0.9919018745422363,
      -0.1265416443347931
    ],
    "gravity" : [
      0.010846054181456566,
      -0.9919019341468811,
      0.12654173374176025
    ],
    "timestamp" : 235457258197,
    "userAcceleration" : [
      -0.06196301430463791,
      -0.06312119960784912,
      0.049391984939575195
    ]
  },
  {
    "rotationMatrix" : [
      0.9993458390235901,
      0.006981087848544121,
      -0.03548511862754822,
      -0.03430285304784775,
      -0.12784159183502197,
      -0.9912011027336121,
      -0.011456141248345375,
      0.9917699694633484,
      -0.12751848995685577
    ],
    "gravity" : [
      0.0114561403170228,
      -0.9917699098587036,
      0.12751848995685577
    ],
    "timestamp" : 235457268218,
    "userAcceleration" : [
      -0.04519334062933922,
      -0.034200429916381836,
      0.0651540756225586
    ]
  },
  {
    "rotationMatrix" : [
      0.9992547035217285,
      0.007682684808969498,
      -0.03782857209444046,
      -0.036532942205667496,
      -0.1282259225845337,
      -0.9910718202590942,
      -0.012464695610105991,
      0.9917151927947998,
      -0.12784968316555023
    ],
    "gravity" : [
      0.012464696541428566,
      -0.9917151927947998,
      0.12784965336322784
    ],
    "timestamp" : 235457278239,
    "userAcceleration" : [
      -0.04620189219713211,
      -0.03425520658493042,
      0.06482291221618652
    ]
  },
  {
    "rotationMatrix" : [
      0.9991247653961182,
      0.008361470885574818,
      -0.04098561406135559,
      -0.039569783955812454,
      -0.12878187000751495,
      -0.9908831119537354,
      -0.013563448563218117,
      0.9916375875473022,
      -0.1283382922410965
    ],
    "gravity" : [
      0.013563447631895542,
      -0.991637647151947,
      0.12833835184574127
    ],
    "timestamp" : 235457288260,
    "userAcceleration" : [
      -0.011213600635528564,
      -0.020309925079345703,
      0.06195390224456787
    ]
  },
  {
    "rotationMatrix" : [
      0.9989187121391296,
      0.008570728823542595,
      -0.045693859457969666,
      -0.04419418424367905,
      -0.13003309071063995,
      -0.990524172782898,
      -0.01443122886121273,
      0.991472601890564,
