[
  {
    "userAcceleration" : [
      -0.03118196874856949,
      0.00737917423248291,
      -0.06013333797454834
    ],
    "timestamp" : 235476618807,
    "gravity" : [
      0.11685999482870102,
      -0.7847076058387756,
      -0.6087509989738464
    ],
    "rotationMatrix" : [
      0.006620228290557861,
      0.6135525703430176,
      -0.7896261811256409,
      -0.993126392364502,
      -0.08824566006660461,
      -0.07689473032951355,
      -0.116860032081604,
      0.7847076654434204,
      0.6087509393692017
    ]
  },
  {
    "userAcceleration" : [
      -0.017395734786987305,
      0.006664097309112549,
      -0.04393523931503296
    ],
    "timestamp" : 235476628828,
    "gravity" : [
      0.11717288941144943,
      -0.7848317623138428,
      -0.6085306406021118
    ],
    "rotationMatrix" : [
      -0.0035234540700912476,
      0.6124190092086792,
      -0.7905253171920776,
      -0.9931051731109619,
      -0.09477223455905914,
      -0.06899353861808777,
      -0.11717289686203003,
      0.7848317623138428,
      0.6085306406021118
    ]
  },
  {
    "userAcceleration" : [
      -0.009842529892921448,
      0.01060497760772705,
      -0.026338696479797363
    ],
    "timestamp" : 235476638849,
    "gravity" : [
      0.11740165948867798,
      -0.785232663154602,
      -0.6079691648483276
    ],
    "rotationMatrix" : [
      -0.013658270239830017,
      0.6108680963516235,
      -0.7916144132614136,
      -0.9929904937744141,
      -0.10124064981937408,
      -0.06099197268486023,
      -0.11740168929100037,
      0.785232663154602,
      0.6079691648483276
    ]
  },
  {
    "userAcceleration" : [
      -0.0017978176474571228,
      0.009924829006195068,
      -0.006047844886779785
    ],
    "timestamp" : 235476648870,
    "gravity" : [
      0.11744411289691925,
      -0.7858189344406128,
      -0.6072028875350952
    ],
    "rotationMatrix" : [
      -0.023895934224128723,
      0.6090209484100342,
      -0.7927939295768738,
      -0.9927917718887329,
      -0.10761862993240356,
      -0.05274796485900879,
      -0.11744415760040283,
      0.7858189940452576,
      0.6072028875350952
    ]
  },
  {
    "userAcceleration" : [
      -0.001628592610359192,
      0.007801830768585205,
      0.01073998212814331
    ],
    "timestamp" : 235476658891,
    "gravity" : [
      0.11727487295866013,
      -0.7864424586296082,
      -0.6064278483390808
    ],
    "rotationMatrix" : [
      -0.034114986658096313,
      0.6070907115936279,
      -0.7938997149467468,
      -0.9925131797790527,
      -0.11379270255565643,
      -0.04436686635017395,
      -0.11727488040924072,
      0.7864425182342529,
      0.6064278483390808
    ]
  },
  {
    "userAcceleration" : [
      -0.005359292030334473,
      0.007604122161865234,
      0.02014833688735962
    ],
    "timestamp" : 235476668912,
    "gravity" : [
      0.116977259516716,
      -0.7869619727134705,
      -0.6058112382888794
    ],
    "rotationMatrix" : [
      -0.04462556540966034,
      0.6052179932594299,
      -0.7948080897331238,
      -0.9921315312385559,
      -0.12000918388366699,
      -0.035678207874298096,
      -0.1169772744178772,
      0.7869619727134705,
      0.6058111786842346
    ]
  },
  {
    "userAcceleration" : [
      -0.00884167104959488,
      0.0022637248039245605,
      0.023452043533325195
    ],
    "timestamp" : 235476678933,
    "gravity" : [
      0.116705983877182,
      -0.7873131036758423,
      -0.6054069995880127
    ],
    "rotationMatrix" : [
      -0.055013105273246765,
      0.6035118103027344,
      -0.7954537868499756,
      -0.9916415214538574,
      -0.12613947689533234,
      -0.027120769023895264,
      -0.116705983877182,
      0.7873131036758423,
      0.6054069995880127
    ]
  },
  {
    "userAcceleration" : [
      -0.015305183827877045,
      -0.0006551146507263184,
      0.029720187187194824
    ],
    "timestamp" : 235476688954,
    "gravity" : [
      0.11656243354082108,
      -0.7874307632446289,
      -0.6052817702293396
    ],
    "rotationMatrix" : [
      -0.06531417369842529,
      0.6020395159721375,
      -0.7957905530929565,
      -0.9910334944725037,
      -0.13229279220104218,
      -0.018744856119155884,
      -0.11656245589256287,
      0.7874307632446289,
      0.6052817702293396
    ]
  },
  {
    "userAcceleration" : [
      -0.024272628128528595,
      -0.014862596988677979,
      0.011960268020629883
    ],
    "timestamp" : 235476698975,
    "gravity" : [
      0.11654245853424072,
      -0.7872918844223022,
      -0.6054661273956299
    ],
    "rotationMatrix" : [
      -0.07588520646095276,
      0.6007794737815857,
      -0.7958047389984131,
      -0.9902822375297546,
      -0.13869091868400574,
      -0.010272413492202759,
      -0.11654242873191833,
      0.7872918844223022,
      0.6054661273956299
    ]
  },
  {
    "userAcceleration" : [
      -0.024415329098701477,
      -0.015165209770202637,
      0.012326061725616455
    ],
    "timestamp" : 235476708996,
    "gravity" : [
      0.11668515205383301,
      -0.7869893312454224,
      -0.6058319807052612
    ],
    "rotationMatrix" : [
      -0.08675286173820496,
      0.5995907783508301,
      -0.7955908179283142,
      -0.989372730255127,
      -0.1453912854194641,
      -0.0016897320747375488,
      -0.11668515205383301,
      0.7869893312454224,
      0.6058319807052612
    ]
  },
  {
    "userAcceleration" : [
      -0.0225970521569252,
      -0.004317641258239746,
      -0.0021277666091918945
    ],
    "timestamp" : 235476719018,
    "gravity" : [
      0.11698785424232483,
      -0.7866063714027405,
      -0.6062707304954529
    ],
    "rotationMatrix" : [
      -0.09770995378494263,
      0.5983844995498657,
      -0.7952287197113037,
      -0.9883149862289429,
      -0.15227079391479492,
      0.006855577230453491,
      -0.11698785424232483,
      0.7866064310073853,
      0.6062707304954529
    ]
  },
  {
    "userAcceleration" : [
      -0.017702214419841766,
      0.007656872272491455,
      -0.01506727933883667
    ],
    "timestamp" : 235476729039,
    "gravity" : [
      0.1174641102552414,
      -0.7862060070037842,
      -0.6066978573799133
    ],
    "rotationMatrix" : [
      -0.10909456014633179,
      0.5970137715339661,
      -0.79477858543396,
      -0.9870666861534119,
      -0.1595453917980194,
      0.01564309000968933,
      -0.11746406555175781,
      0.7862060070037842,
      0.6066979169845581
    ]
  },
  {
    "userAcceleration" : [
      -0.016892172396183014,
      0.014926254749298096,
      -0.02280789613723755
    ],
    "timestamp" : 235476739060,
    "gravity" : [
      0.11805786937475204,
      -0.7858612537384033,
      -0.6070290803909302
    ],
    "rotationMatrix" : [
      -0.12025706470012665,
      0.5954897403717041,
      -0.7943108081817627,
      -0.9856977462768555,
      -0.16677410900592804,
      0.02420327067375183,
      -0.11805787682533264,
      0.7858612537384033,
      0.6070290803909302
    ]
  },
  {
    "userAcceleration" : [
      -0.016581647098064423,
      0.011197090148925781,
      -0.021107912063598633
    ],
    "timestamp" : 235476749081,
    "gravity" : [
      0.11863236129283905,
      -0.7856873869895935,
      -0.6071422100067139
    ],
    "rotationMatrix" : [
      -0.13136032223701477,
      0.5936670899391174,
      -0.7939167022705078,
      -0.9842106699943542,
      -0.1739385724067688,
      0.032780081033706665,
      -0.11863234639167786,
      0.7856873273849487,
      0.6071422100067139
    ]
  },
  {
    "userAcceleration" : [
      -0.017148643732070923,
      0.011249542236328125,
      -0.021286845207214355
    ],
    "timestamp" : 235476759102,
    "gravity" : [
      0.11919935792684555,
      -0.7857398390769958,
      -0.6069632768630981
    ],
    "rotationMatrix" : [
      -0.14222335815429688,
      0.5915048122406006,
      -0.793658971786499,
      -0.9826312065124512,
      -0.18092799186706543,
      0.04124361276626587,
      -0.11919939517974854,
      0.7857398390769958,
      0.6069632768630981
    ]
  },
  {
    "userAcceleration" : [
      -0.01557207852602005,
      0.018731117248535156,
      -0.010995566844940186
    ],
    "timestamp" : 235476769123,
    "gravity" : [
      0.11986583471298218,
      -0.7859277129173279,
      -0.6065886616706848
    ],
    "rotationMatrix" : [
      -0.15329067409038544,
      0.5890154838562012,
      -0.7934499979019165,
      -0.9808845520019531,
      -0.1880919635295868,
      0.04987248778343201,
      -0.11986586451530457,
      0.7859277725219727,
      0.6065887212753296
    ]
  },
  {
    "userAcceleration" : [
      -0.008627787232398987,
      0.028166353702545166,
      0.0022352933883666992
    ],
    "timestamp" : 235476779144,
    "gravity" : [
      0.12074930220842361,
      -0.7860856056213379,
      -0.6062087416648865
    ],
    "rotationMatrix" : [
      -0.16418549418449402,
      0.5864512920379639,
      -0.7931694984436035,
      -0.979011058807373,
      -0.19530533254146576,
      0.05825027823448181,
      -0.12074926495552063,
      0.7860856056213379,
      0.6062087416648865
    ]
  },
  {
    "userAcceleration" : [
      -0.00584760308265686,
      0.037046611309051514,
      0.020198702812194824
    ],
    "timestamp" : 235476789165,
    "gravity" : [
      0.12184485048055649,
      -0.7860547304153442,
      -0.6060293912887573
    ],
    "rotationMatrix" : [
      -0.17443880438804626,
      0.5841160416603088,
      -0.7927037477493286,
      -0.9771000742912292,
      -0.20230185985565186,
      0.06594705581665039,
      -0.12184485793113708,
      0.7860547304153442,
      0.6060293912887573
    ]
  },
  {
    "userAcceleration" : [
      0.0006488785147666931,
      0.038922131061553955,
      0.03387284278869629
    ],
    "timestamp" : 235476799186,
    "gravity" : [
      0.12302353978157043,
      -0.7857635021209717,
      -0.6061690449714661
    ],
    "rotationMatrix" : [
      -0.18451566994190216,
      0.582047700881958,
      -0.7919434309005737,
      -0.9750995635986328,
      -0.20927536487579346,
      0.07338014245033264,
      -0.12302353978157043,
      0.7857635021209717,
      0.6061690449714661
    ]
  },
  {
    "userAcceleration" : [
      -0.0009598806500434875,
      0.04080837965011597,
      0.03087007999420166
    ],
    "timestamp" : 235476809208,
    "gravity" : [
      0.12411349266767502,
      -0.7853304147720337,
      -0.6065079569816589
    ],
    "rotationMatrix" : [
      -0.19423991441726685,
      0.5801796317100525,
      -0.7909881472587585,
      -0.9730706810951233,
      -0.21598030626773834,
      0.08053448796272278,
      -0.12411350011825562,
      0.7853304147720337,
      0.6065079569816589
    ]
  },
  {
    "userAcceleration" : [
      -0.00419384241104126,
      0.04444265365600586,
      0.021922647953033447
    ],
    "timestamp" : 235476819229,
    "gravity" : [
      0.1250433772802353,
      -0.7849516272544861,
      -0.606807291507721
    ],
    "rotationMatrix" : [
      -0.20354896783828735,
      0.5783016681671143,
      -0.7900221943855286,
      -0.9710469245910645,
      -0.22230206429958344,
      0.08746328949928284,
      -0.12504339218139648,
      0.7849516868591309,
      0.606807291507721
    ]
  },
  {
    "userAcceleration" : [
      -0.008981779217720032,
      0.03996974229812622,
      0.01653587818145752
    ],
    "timestamp" : 235476829250,
    "gravity" : [
      0.12569619715213776,
      -0.7848122119903564,
      -0.6068527102470398
    ],
    "rotationMatrix" : [
      -0.21286875009536743,
      0.5761205554008484,
      -0.7891589999198914,
      -0.9689620137214661,
      -0.22837425768375397,
      0.09464582800865173,
      -0.12569618225097656,
      0.7848122119903564,
      0.6068527102470398
    ]
  },
  {
    "userAcceleration" : [
      -0.009961292147636414,
      0.033618807792663574,
      0.02532726526260376
    ],
    "timestamp" : 235476839271,
    "gravity" : [
      0.12603484094142914,
      -0.7849920392036438,
      -0.6065497994422913
    ],
    "rotationMatrix" : [
      -0.22214142978191376,
      0.573566198348999,
      -0.7884637117385864,
      -0.9668341875076294,
      -0.23411370813846588,
      0.10208997130393982,
      -0.12603482604026794,
      0.7849920988082886,
      0.6065497994422913
    ]
  },
  {
    "userAcceleration" : [
      -0.009447798132896423,
      0.027921974658966064,
      0.0509379506111145
    ],
    "timestamp" : 235476849292,
    "gravity" : [
      0.12597908079624176,
      -0.7853376865386963,
      -0.6061137318611145
    ],
    "rotationMatrix" : [
      -0.2317093461751938,
      0.5707873702049255,
      -0.7877259254455566,
      -0.9645929932594299,
      -0.23967917263507843,
      0.11006292700767517,
      -0.12597909569740295,
      0.7853376865386963,
      0.6061137318611145
    ]
  },
  {
    "userAcceleration" : [
      -0.014259591698646545,
      0.01609182357788086,
      0.08186125755310059
    ],
    "timestamp" : 235476859313,
    "gravity" : [
      0.12560290098190308,
      -0.7856382727622986,
      -0.6058022975921631
    ],
    "rotationMatrix" : [
      -0.241227924823761,
      0.5681260228157043,
      -0.7867921590805054,
      -0.9623060822486877,
      -0.2449597865343094,
      0.11815962195396423,
      -0.12560290098190308,
      0.7856382131576538,
      0.6058022975921631
    ]
  },
  {
    "userAcceleration" : [
      -0.013676047325134277,
      0.016119956970214844,
      0.08194547891616821
    ],
    "timestamp" : 235476869334,
    "gravity" : [
      0.12501934170722961,
      -0.7856663465499878,
      -0.6058865189552307
    ],
    "rotationMatrix" : [
      -0.2508481740951538,
      0.5658063888549805,
      -0.7854541540145874,
      -0.9599193334579468,
      -0.25018247961997986,
      0.12634629011154175,
      -0.12501934170722961,
      0.7856664061546326,
      0.6058864593505859
    ]
  },
  {
    "userAcceleration" : [
      -0.018355123698711395,
      0.012688815593719482,
      0.08633291721343994
    ],
    "timestamp" : 235476879355,
    "gravity" : [
      0.12429683655500412,
      -0.785256564617157,
      -0.6065660715103149
    ],
    "rotationMatrix" : [
      -0.2602067291736603,
      0.564116358757019,
      -0.7836229205131531,
      -0.9575189352035522,
      -0.25523436069488525,
      0.13421127200126648,
      -0.12429684400558472,
      0.7852565050125122,
      0.6065660715103149
    ]
  },
  {
    "userAcceleration" : [
      -0.0272311270236969,
      0.004506826400756836,
      0.07259982824325562
    ],
    "timestamp" : 235476889376,
    "gravity" : [
      0.12333090603351593,
      -0.7844292521476746,
      -0.6078323125839233
    ],
    "rotationMatrix" : [
      -0.2699415385723114,
      0.5628931522369385,
      -0.7812057733535767,
      -0.9549453258514404,
      -0.26042595505714417,
      0.14232802391052246,
      -0.12333089113235474,
      0.7844292521476746,
      0.6078323125839233
    ]
  },
  {
    "userAcceleration" : [
      -0.03545576333999634,
      -0.00821542739868164,
      0.03217911720275879
    ],
    "timestamp" : 235476899397,
    "gravity" : [
      0.12203406542539597,
      -0.7834715247154236,
      -0.6093275547027588
    ],
    "rotationMatrix" : [
      -0.28000664710998535,
      0.5618029236793518,
      -0.7784432172775269,
      -0.9522101283073425,
      -0.2656123638153076,
      0.15081804990768433,
      -0.12203404307365417,
      0.7834715247154236,
      0.6093275547027588
    ]
  },
  {
    "userAcceleration" : [
      -0.041971564292907715,
      -0.011631667613983154,
      -0.016630053520202637
    ],
    "timestamp" : 235476909419,
    "gravity" : [
      0.12053900957107544,
      -0.7827256321907043,
      -0.6105825304985046
    ],
    "rotationMatrix" : [
      -0.2902495265007019,
      0.560401439666748,
      -0.7756968140602112,
      -0.9493290185928345,
      -0.27072304487228394,
      0.15963545441627502,
      -0.12053900957107544,
      0.7827255725860596,
      0.6105824708938599
    ]
  },
  {
    "userAcceleration" : [
      -0.04131308197975159,
      -0.006423354148864746,
      -0.040268778800964355
    ],
    "timestamp" : 235476919440,
    "gravity" : [
      0.11908706277608871,
      -0.782318651676178,
      -0.6113883256912231
    ],
    "rotationMatrix" : [
      -0.30015549063682556,
      0.5585925579071045,
      -0.773227334022522,
      -0.9464272260665894,
      -0.2755928635597229,
      0.16829627752304077,
      -0.11908707022666931,
      0.782318651676178,
      0.6113883256912231
    ]
  },
  {
    "userAcceleration" : [
      -0.020855538547039032,
      -0.02014392614364624,
      0.02095210552215576
    ],
    "timestamp" : 235476929461,
    "gravity" : [
      0.11782508343458176,
      -0.782102108001709,
      -0.611909806728363
    ],
    "rotationMatrix" : [
      -0.3094577193260193,
      0.5565993785858154,
      -0.770995020866394,
      -0.9435853958129883,
      -0.28020280599594116,
      0.17644605040550232,
      -0.11782509088516235,
      0.782102108001709,
      0.6119097471237183
    ]
  },
  {
    "userAcceleration" : [
      -0.019726812839508057,
      -0.020381569862365723,
      0.021471858024597168
    ],
    "timestamp" : 235476939482,
    "gravity" : [
      0.11669634282588959,
      -0.7818645238876343,
      -0.6124294996261597
    ],
    "rotationMatrix" : [
      -0.31810685992240906,
      0.554731547832489,
      -0.7688179612159729,
      -0.9408454298973083,
      -0.28453630208969116,
      0.1839812695980072,
      -0.11669635772705078,
      0.7818645238876343,
      0.6124294996261597
    ]
  },
  {
    "userAcceleration" : [
      -0.018636085093021393,
      -0.020814597606658936,
      0.022230923175811768
    ],
    "timestamp" : 235476949503,
    "gravity" : [
      0.11560561507940292,
      -0.7814313769340515,
      -0.6131885647773743
    ],
    "rotationMatrix" : [
      -0.32651615142822266,
      0.5531246066093445,
      -0.7664463520050049,
      -0.9380950331687927,
      -0.28882142901420593,
      0.19120579957962036,
      -0.11560562252998352,
      0.7814314365386963,
      0.6131885051727295
    ]
  },
  {
    "userAcceleration" : [
      -0.024946682155132294,
      -0.024411320686340332,
      0.03262990713119507
    ],
    "timestamp" : 235476959524,
    "gravity" : [
      0.11443940550088882,
      -0.7807338833808899,
      -0.6142949461936951
    ],
    "rotationMatrix" : [
      -0.33507853746414185,
      0.5517858266830444,
      -0.7637113332748413,
      -0.9352145195007324,
      -0.29323577880859375,
      0.19846105575561523,
      -0.11443942785263062,
      0.7807338833808899,
      0.6142949461936951
    ]
  },
  {
    "userAcceleration" : [
      -0.030923470854759216,
      -0.031678974628448486,
      0.02364492416381836
    ],
    "timestamp" : 235476969545,
    "gravity" : [
      0.11290887743234634,
      -0.7799206972122192,
      -0.6156096458435059
    ],
    "rotationMatrix" : [
      -0.34371718764305115,
      0.5506609678268433,
      -0.7606779336929321,
      -0.9322606325149536,
      -0.2974829077720642,
      0.20589765906333923,
      -0.11290889978408813,
      0.7799206972122192,
      0.6156096458435059
    ]
  },
  {
    "userAcceleration" : [
      -0.03913000226020813,
      -0.04399919509887695,
      -0.00996774435043335
    ],
    "timestamp" : 235476979566,
    "gravity" : [
      0.11080046743154526,
      -0.779365062713623,
      -0.6166954636573792
    ],
    "rotationMatrix" : [
      -0.35315465927124023,
      0.549143373966217,
      -0.7574450969696045,
      -0.9289805293083191,
      -0.30171412229537964,
      0.21439114212989807,
      -0.11080047488212585,
      0.779365062713623,
      0.6166954636573792
    ]
  },
  {
    "userAcceleration" : [
      -0.04440852254629135,
      -0.042971909046173096,
      -0.041518211364746094
    ],
    "timestamp" : 235476989587,
    "gravity" : [
      0.10820545256137848,
      -0.7793394923210144,
      -0.6171884536743164
    ],
    "rotationMatrix" : [
      -0.3628805875778198,
      0.5470311641693115,
      -0.7543703317642212,
      -0.9255318641662598,
      -0.3055926561355591,
      0.22361540794372559,
      -0.10820543766021729,
      0.7793394327163696,
      0.6171884536743164
    ]
  },
  {
    "userAcceleration" : [
      -0.04080259054899216,
      -0.036588847637176514,
      -0.052535176277160645
    ],
    "timestamp" : 235476999608,
    "gravity" : [
      0.10536245256662369,
      -0.7797409892082214,
      -0.6171730160713196
    ],
    "rotationMatrix" : [
      -0.3725985884666443,
      0.5444613695144653,
      -0.75148606300354,
      -0.9219914674758911,
      -0.3091360926628113,
      0.2331649363040924,
      -0.10536244511604309,
      0.7797410488128662,
      0.6171730756759644
    ]
  },
  {
    "userAcceleration" : [
      -0.045976392924785614,
      -0.04072028398513794,
      -0.05769139528274536
    ],
    "timestamp" : 235477009630,
    "gravity" : [
      0.10272375494241714,
      -0.78030925989151,
      -0.6168996095657349
    ],
    "rotationMatrix" : [
      -0.3818155527114868,
      0.5417411923408508,
      -0.748820960521698,
      -0.9185119271278381,
      -0.3124634921550751,
      0.24228471517562866,
      -0.10272377729415894,
      0.78030925989151,
      0.6168996095657349
    ]
  },
  {
    "userAcceleration" : [
      -0.06221427768468857,
      -0.05335599184036255,
      -0.05392730236053467
    ],
    "timestamp" : 235477019651,
    "gravity" : [
      0.1008189469575882,
      -0.7808266878128052,
      -0.6165591478347778
    ],
    "rotationMatrix" : [
      -0.3904808759689331,
      0.538935661315918,
      -0.746373176574707,
      -0.9150738716125488,
      -0.31600308418273926,
      0.25056299567222595,
      -0.10081896185874939,
      0.7808266878128052,
      0.6165591478347778
    ]
  },
  {
    "userAcceleration" : [
      -0.07211221754550934,
      -0.055964529514312744,
      -0.04268163442611694
    ],
    "timestamp" : 235477029672,
    "gravity" : [
      0.09991365671157837,
      -0.7811477780342102,
      -0.6162996888160706
    ],
    "rotationMatrix" : [
      -0.3986210823059082,
      0.5360941290855408,
      -0.7441128492355347,
      -0.9116567969322205,
      -0.3200170397758484,
      0.25781896710395813,
      -0.09991362690925598,
      0.781147837638855,
      0.6162996888160706
    ]
  },
  {
    "userAcceleration" : [
      -0.062234580516815186,
      -0.047910869121551514,
      -0.0221443772315979
    ],
    "timestamp" : 235477039693,
    "gravity" : [
      0.09989319741725922,
      -0.7811752557754517,
      -0.6162680983543396
    ],
    "rotationMatrix" : [
      -0.4060547947883606,
      0.5334376096725464,
      -0.7419995069503784,
      -0.9083722829818726,
      -0.3243591785430908,
      0.2639133930206299,
      -0.09989318251609802,
      0.7811752557754517,
      0.6162680983543396
    ]
  },
  {
    "userAcceleration" : [
      -0.006192594766616821,
      -0.028409123420715332,
      0.017116665840148926
    ],
    "timestamp" : 235477049714,
    "gravity" : [
      0.10021719336509705,
      -0.7809170484542847,
      -0.6165429353713989
    ],
    "rotationMatrix" : [
      -0.41331082582473755,
      0.5309942960739136,
      -0.7397428750991821,
      -0.9050585031509399,
      -0.32895880937576294,
      0.26954665780067444,
      -0.10021716356277466,
      0.7809170484542847,
      0.6165429353713989
    ]
  },
  {
    "userAcceleration" : [
      -0.006153687834739685,
      -0.02879798412322998,
      0.017615079879760742
    ],
    "timestamp" : 235477059735,
    "gravity" : [
      0.10017828643321991,
      -0.7805281281471252,
      -0.6170413494110107
    ],
    "rotationMatrix" : [
      -0.42074817419052124,
      0.528749406337738,
      -0.7371529340744019,
      -0.9016289114952087,
      -0.3334656357765198,
      0.27543675899505615,
      -0.10017827153205872,
      0.7805280685424805,
      0.6170413494110107
    ]
  },
  {
    "userAcceleration" : [
      -0.0007645785808563232,
      -0.026033639907836914,
      -0.00039011240005493164
    ],
    "timestamp" : 235477069756,
    "gravity" : [
      0.09951938688755035,
      -0.780286431312561,
      -0.6174535155296326
    ],
    "rotationMatrix" : [
      -0.4288792014122009,
      0.5262971520423889,
      -0.7342163324356079,
      -0.8978630900382996,
      -0.3378816843032837,
      0.28227198123931885,
      -0.09951940178871155,
      0.780286431312561,
      0.6174535155296326
    ]
  },
  {
    "userAcceleration" : [
      -0.009838685393333435,
      -0.015845894813537598,
      -0.018811047077178955
    ],
    "timestamp" : 235477079777,
    "gravity" : [
      0.09821752458810806,
      -0.7803576588630676,
      -0.617572009563446
    ],
    "rotationMatrix" : [
      -0.43702441453933716,
      0.5237094759941101,
      -0.7312576174736023,
      -0.8940708041191101,
      -0.34171628952026367,
      0.2895980477333069,
      -0.09821754693984985,
      0.7803576588630676,
      0.617572009563446
    ]
  },
  {
    "userAcceleration" : [
      -0.016784273087978363,
      -0.010281085968017578,
      -0.04058372974395752
    ],
    "timestamp" : 235477089798,
    "gravity" : [
      0.09632828831672668,
      -0.7809175848960876,
      -0.6171616911888123
    ],
    "rotationMatrix" : [
      -0.4451397657394409,
      0.5207842588424683,
      -0.7284464240074158,
      -0.8902647495269775,
      -0.3448931574821472,
      0.29745131731033325,
      -0.0963282585144043,
      0.7809175848960876,
      0.6171616315841675
    ]
  },
  {
    "userAcceleration" : [
      -0.03898791968822479,
      -0.012876808643341064,
      -0.036696791648864746
    ],
    "timestamp" : 235477099820,
    "gravity" : [
      0.09417890012264252,
      -0.7819534540176392,
      -0.6161810159683228
    ],
    "rotationMatrix" : [
      -0.453421413898468,
      0.5173221230506897,
      -0.7258007526397705,
      -0.8863064646720886,
      -0.34774476289749146,
      0.30583369731903076,
      -0.09417888522148132,
      0.7819534540176392,
      0.6161810159683228
    ]
  },
  {
    "userAcceleration" : [
      -0.03630723059177399,
      -0.02261573076248169,
      -0.007565319538116455
    ],
    "timestamp" : 235477109841,
    "gravity" : [
      0.09198648482561111,
      -0.783124566078186,
      -0.6150237917900085
    ],
    "rotationMatrix" : [
      -0.46178048849105835,
      0.5136619806289673,
      -0.7231249809265137,
      -0.8822113275527954,
      -0.35052362084388733,
      0.31438183784484863,
      -0.0919865071773529,
      0.783124566078186,
      0.6150237321853638
    ]
  },
  {
    "userAcceleration" : [
      -0.031834542751312256,
      -0.030201256275177002,
      0.0091094970703125
    ],
    "timestamp" : 235477119862,
    "gravity" : [
      0.08998573571443558,
      -0.7840535044670105,
      -0.6141357421875
    ],
    "rotationMatrix" : [
      -0.470103919506073,
      0.5101821422576904,
      -0.7202197313308716,
      -0.8780118227005005,
      -0.3535171151161194,
      0.3226775527000427,
      -0.08998572826385498,
      0.7840535044670105,
      0.6141357421875
    ]
  },
  {
    "userAcceleration" : [
      -0.048282474279403687,
      -0.0132293701171875,
      -0.009993195533752441
    ],
    "timestamp" : 235477132388,
    "gravity" : [
      0.08812312036752701,
      -0.7846221327781677,
      -0.6136793494224548
    ],
    "rotationMatrix" : [
      -0.4800187349319458,
      0.506374180316925,
      -0.7163565754890442,
      -0.8728206753730774,
      -0.3577050566673279,
      0.3320102095603943,
      -0.0881231427192688,
      0.7846221327781677,
      0.6136793494224548
    ]
  },
  {
    "userAcceleration" : [
      -0.047329530119895935,
      -0.013098835945129395,
      -0.010023951530456543
    ],
    "timestamp" : 235477142409,
    "gravity" : [
      0.08717016875743866,
      -0.7847527265548706,
      -0.6136485934257507
    ],
    "rotationMatrix" : [
      -0.4872874915599823,
      0.5036803483963013,
      -0.7133422493934631,
      -0.868880033493042,
      -0.36120545864105225,
      0.3384941816329956,
      -0.08717018365859985,
      0.7847527265548706,
      0.613648533821106
    ]
  },
  {
    "userAcceleration" : [
      -0.05383751541376114,
      -0.011316359043121338,
      -0.02314603328704834
    ],
    "timestamp" : 235477152430,
    "gravity" : [
      0.08639971166849136,
      -0.7849329710006714,
      -0.6135269403457642
    ],
    "rotationMatrix" : [
      -0.49476897716522217,
      0.5007120370864868,
      -0.7102755308151245,
      -0.864719033241272,
      -0.36492177844047546,
      0.3450990319252014,
      -0.08639976382255554,
      0.7849330306053162,
      0.6135269403457642
    ]
  },
  {
    "userAcceleration" : [
      -0.04554206132888794,
      -0.011152982711791992,
      -0.032738566398620605
    ],
    "timestamp" : 235477162451,
    "gravity" : [
      0.08550477027893066,
      -0.7854320406913757,
      -0.6130133867263794
    ],
    "rotationMatrix" : [
      -0.5025385618209839,
      0.4972713589668274,
      -0.7072314023971558,
      -0.8603162169456482,
      -0.36853453516960144,
      0.35219085216522217,
      -0.08550480008125305,
      0.7854321002960205,
      0.6130133867263794
    ]
  },
  {
    "userAcceleration" : [
      -0.035224609076976776,
      -0.004730641841888428,
      -0.04544174671173096
    ],
    "timestamp" : 235477172473,
    "gravity" : [
      0.0845409482717514,
      -0.7863154411315918,
      -0.6120136380195618
    ],
    "rotationMatrix" : [
      -0.5106140375137329,
      0.4932471513748169,
      -0.7042585015296936,
      -0.8556433916091919,
      -0.3720413148403168,
      0.35980427265167236,
      -0.0845409631729126,
      0.7863154411315918,
      0.6120136380195618
    ]
  },
  {
    "userAcceleration" : [
      -0.028253555297851562,
      0.01150280237197876,
      -0.034046947956085205
    ],
    "timestamp" : 235477182494,
    "gravity" : [
      0.08373445272445679,
      -0.787412166595459,
      -0.6107131838798523
    ],
    "rotationMatrix" : [
      -0.5177974700927734,
      0.48924872279167175,
      -0.7017989158630371,
      -0.8513956069946289,
      -0.3749905228614807,
      0.3667529821395874,
      -0.08373445272445679,
      0.787412166595459,
      0.6107132434844971
    ]
  },
  {
    "userAcceleration" : [
      -0.018013551831245422,
      0.01669210195541382,
      -0.005705833435058594
    ],
    "timestamp" : 235477192515,
    "gravity" : [
      0.08307696878910065,
      -0.788481593132019,
      -0.6094217896461487
    ],
    "rotationMatrix" : [
      -0.5243240594863892,
      0.48546314239501953,
      -0.699578046798706,
      -0.8474563360214233,
      -0.37765324115753174,
      0.3730891942977905,
      -0.08307698369026184,
      0.788481593132019,
      0.6094217300415039
    ]
  },
  {
    "userAcceleration" : [
      -0.011088833212852478,
      0.015570342540740967,
      0.021425306797027588
    ],
    "timestamp" : 235477202536,
    "gravity" : [
      0.0824999138712883,
      -0.7893892526626587,
      -0.6083241105079651
    ],
    "rotationMatrix" : [
      -0.5305502414703369,
      0.4819279909133911,
      -0.6973243951797485,
      -0.8436288833618164,
      -0.3802756369113922,
      0.3790518045425415,
      -0.0824999213218689,
      0.7893892526626587,
      0.6083241105079651
    ]
  },
  {
    "userAcceleration" : [
      -0.006703533232212067,
      0.009113729000091553,
      0.04359191656112671
    ],
    "timestamp" : 235477212557,
    "gravity" : [
      0.0816546380519867,
      -0.7901500463485718,
      -0.6074498891830444
    ],
    "rotationMatrix" : [
      -0.5367790460586548,
      0.47867223620414734,
      -0.6947954893112183,
      -0.8397620916366577,
      -0.38279959559440613,
      0.38505029678344727,
      -0.0816546380519867,
      0.7901500463485718,
      0.6074498891830444
    ]
  },
  {
    "userAcceleration" : [
      0.0012329891324043274,
      -0.0020890235900878906,
      0.04414200782775879
    ],
    "timestamp" : 235477222578,
    "gravity" : [
      0.0802794024348259,
      -0.7908644676208496,
      -0.6067030429840088
    ],
    "rotationMatrix" : [
      -0.5433921217918396,
      0.4755449593067169,
      -0.6917961835861206,
      -0.8356316089630127,
      -0.385214626789093,
      0.39157307147979736,
      -0.0802794098854065,
      0.7908644676208496,
      0.6067030429840088
    ]
  },
  {
    "userAcceleration" : [
      -0.008352391421794891,
      -0.005240440368652344,
      0.035931408405303955
    ],
    "timestamp" : 235477232599,
    "gravity" : [
      0.07831387966871262,
      -0.7915887236595154,
      -0.6060150265693665
    ],
    "rotationMatrix" : [
      -0.5501693487167358,
      0.47261667251586914,
      -0.6884382963180542,
      -0.8313727378845215,
      -0.38732513785362244,
      0.3984953761100769,
      -0.07831385731697083,
      0.7915887236595154,
      0.6060150265693665
    ]
  },
  {
    "userAcceleration" : [
      -0.010219819843769073,
      -0.02715885639190674,
      0.0008184313774108887
    ],
    "timestamp" : 235477242620,
    "gravity" : [
      0.0758020281791687,
      -0.7923600673675537,
      -0.6053258776664734
    ],
    "rotationMatrix" : [
      -0.5573290586471558,
      0.46972227096557617,
      -0.6846494078636169,
      -0.8268239498138428,
      -0.389263391494751,
      0.4059996008872986,
      -0.0758020281791687,
      0.7923601269721985,
      0.6053258776664734
    ]
  },
  {
    "userAcceleration" : [
      -0.007406644523143768,
      -0.026322782039642334,
      6.872415542602539e-05
    ],
    "timestamp" : 235477252641,
    "gravity" : [
      0.07298886030912399,
      -0.7931962013244629,
      -0.6045761108398438
    ],
    "rotationMatrix" : [
      -0.5647339820861816,
      0.466776579618454,
      -0.6805839538574219,
      -0.8220386505126953,
      -0.3910996615886688,
      0.4138755798339844,
      -0.07298889756202698,
      0.7931962013244629,
      0.6045761108398438
    ]
  },
  {
    "userAcceleration" : [
      -0.014913208782672882,
      -0.02557063102722168,
      -0.017558574676513672
    ],
    "timestamp" : 235477262663,
    "gravity" : [
      0.0702262669801712,
      -0.793994128704071,
      -0.6038556098937988
    ],
    "rotationMatrix" : [
      -0.5724439024925232,
      0.46367621421813965,
      -0.6762489080429077,
      -0.8169311285018921,
      -0.3931639492511749,
      0.42195478081703186,
      -0.0702262818813324,
      0.7939941883087158,
      0.6038556098937988
    ]
  },
  {
    "userAcceleration" : [
      -0.021053634583950043,
      -0.02863842248916626,
      -0.02797865867614746
    ],
    "timestamp" : 235477272684,
    "gravity" : [
      0.06786753982305527,
      -0.794603705406189,
      -0.603323221206665
    ],
    "rotationMatrix" : [
      -0.5798035860061646,
      0.4607073962688446,
      -0.6719942688941956,
      -0.8119245767593384,
      -0.3954154849052429,
      0.4294470548629761,
      -0.06786751747131348,
      0.794603705406189,
      0.6033231616020203
    ]
  },
  {
    "userAcceleration" : [
      -0.025504812598228455,
      -0.032742321491241455,
      -0.03534591197967529
    ],
    "timestamp" : 235477282705,
    "gravity" : [
      0.06606262177228928,
      -0.7950316667556763,
      -0.6029596924781799
    ],
    "rotationMatrix" : [
      -0.5864394903182983,
      0.4579639434814453,
      -0.6681002378463745,
      -0.8072946071624756,
      -0.3977358639240265,
      0.4359835684299469,
      -0.06606262922286987,
      0.7950316667556763,
      0.6029596924781799
    ]
  },
  {
    "userAcceleration" : [
      -0.02821952849626541,
      -0.03452634811401367,
      -0.03718209266662598
    ],
    "timestamp" : 235477292726,
    "gravity" : [
      0.06477952748537064,
      -0.795383870601654,
      -0.6026341915130615
    ],
    "rotationMatrix" : [
      -0.5929387807846069,
      0.45505520701408386,
      -0.6643400192260742,
      -0.8026372194290161,
      -0.40036070346832275,
      0.44213587045669556,
      -0.06477952003479004,
      0.795383870601654,
      0.6026341915130615
    ]
  },
  {
    "userAcceleration" : [
      -0.02843618392944336,
      -0.037609100341796875,
      -0.03513282537460327
    ],
    "timestamp" : 235477302747,
    "gravity" : [
      0.06374495476484299,
      -0.7958106398582458,
      -0.6021810173988342
    ],
    "rotationMatrix" : [
      -0.5996507406234741,
      0.45178723335266113,
      -0.6605353355407715,
      -0.7977187633514404,
      -0.4032040238380432,
      0.44840940833091736,
      -0.06374499201774597,
      0.7958105802536011,
      0.6021810173988342
    ]
  },
  {
    "userAcceleration" : [
      0.009756810963153839,
      -0.010671555995941162,
      -0.023923218250274658
    ],
    "timestamp" : 235477312768,
    "gravity" : [
      0.06276817619800568,
      -0.7964115142822266,
      -0.6014887690544128
    ],
    "rotationMatrix" : [
      -0.6065106987953186,
      0.44818276166915894,
      -0.6567164659500122,
      -0.7925935387611389,
      -0.40603017807006836,
      0.45490068197250366,
      -0.06276819109916687,
      0.7964115738868713,
      0.6014887690544128
    ]
  },
  {
    "userAcceleration" : [
      0.010764386504888535,
      -0.00993114709854126,
      -0.02480030059814453
    ],
    "timestamp" : 235477322789,
    "gravity" : [
      0.06176058575510979,
      -0.7971519231796265,
      -0.6006116271018982
    ],
    "rotationMatrix" : [
      -0.6132246255874634,
      0.44448065757751465,
      -0.6529872417449951,
      -0.7874903678894043,
      -0.4086386561393738,
      0.4613818824291229,
      -0.06176057457923889,
      0.7971519231796265,
      0.6006116271018982
    ]
  },
  {
    "userAcceleration" : [
      0.011776212602853775,
      -0.00916987657546997,
      -0.02570861577987671
    ],
    "timestamp" : 235477332810,
    "gravity" : [
      0.060748759657144547,
      -0.797913134098053,
      -0.599703311920166
    ],
    "rotationMatrix" : [
      -0.6198129653930664,
      0.4407874345779419,
      -0.6492594480514526,
      -0.7823944091796875,
      -0.41114547848701477,
      0.46777981519699097,
      -0.06074875593185425,
      0.797913134098053,
      0.599703311920166
    ]
  },
  {
    "userAcceleration" : [
      0.019598830491304398,
      0.000928044319152832,
      -0.020802021026611328
    ],
    "timestamp" : 235477342831,
    "gravity" : [
      0.05980785936117172,
      -0.7985507249832153,
      -0.5989488959312439
    ],
    "rotationMatrix" : [
      -0.6264493465423584,
      0.43712639808654785,
      -0.645354151725769,
      -0.7771643400192261,
      -0.4138084053993225,
      0.474107950925827,
      -0.05980786681175232,
      0.7985507249832153,
      0.5989488959312439
    ]
  },
  {
    "userAcceleration" : [
      0.019036192446947098,
      0.0023265480995178223,
      -0.015417814254760742
    ],
    "timestamp" : 235477352853,
    "gravity" : [
      0.05892091616988182,
      -0.799018383026123,
      -0.5984127521514893
    ],
    "rotationMatrix" : [
      -0.6327208280563354,
      0.4337734282016754,
      -0.6414861679077148,
      -0.7721349000930786,
      -0.41642510890960693,
      0.479997456073761,
      -0.05892091989517212,
      0.7990184426307678,
      0.5984127521514893
    ]
  },
  {
    "userAcceleration" : [
      0.015098102390766144,
      -0.002787470817565918,
      -0.015207767486572266
    ],
    "timestamp" : 235477362874,
    "gravity" : [
      0.05788462981581688,
      -0.7994280457496643,
      -0.5979666709899902
    ],
    "rotationMatrix" : [
      -0.6388157606124878,
      0.4306294918060303,
      -0.6375520825386047,
      -0.7671791315078735,
