[
  {
    "rotationMatrix" : [
      0.998420238494873,
      0.03269125148653984,
      -0.04569774121046066,
      -0.04774549975991249,
      0.0648743137717247,
      -0.99675053358078,
      -0.029620414599776268,
      0.9973577857017517,
      0.06633269041776657
    ],
    "userAcceleration" : [
      -0.00039982981979846954,
      0.01557689905166626,
      0.007830321788787842
    ],
    "timestamp" : 235446533253,
    "gravity" : [
      0.02962041273713112,
      -0.9973578453063965,
      -0.06633266061544418
    ]
  },
  {
    "rotationMatrix" : [
      0.9985179901123047,
      0.032601915299892426,
      -0.04357623681426048,
      -0.0456196665763855,
      0.06480906158685684,
      -0.996854305267334,
      -0.029675226658582687,
      0.99736487865448,
      0.06620030105113983
    ],
    "userAcceleration" : [
      -0.015576101839542389,
      0.004796028137207031,
      0.015464730560779572
    ],
    "timestamp" : 235446543274,
    "gravity" : [
      0.029675226658582687,
      -0.99736487865448,
      -0.06620033830404282
    ]
  },
  {
    "rotationMatrix" : [
      0.9986077547073364,
      0.03256316855549812,
      -0.04149863123893738,
      -0.04354049637913704,
      0.06472686678171158,
      -0.9969525933265686,
      -0.02977786958217621,
      0.99737149477005,
      0.0660545751452446
    ],
    "userAcceleration" : [
      -0.023125050589442253,
      -0.0072060227394104,
      0.03837496042251587
    ],
    "timestamp" : 235446553295,
    "gravity" : [
      0.02977786958217621,
      -0.99737149477005,
      -0.06605453789234161
    ]
  },
  {
    "rotationMatrix" : [
      0.9986819624900818,
      0.03270690143108368,
      -0.03955553472042084,
      -0.04161354899406433,
      0.06484084576368332,
      -0.9970274567604065,
      -0.03004487417638302,
      0.9973593354225159,
      0.06611643731594086
    ],
    "userAcceleration" : [
      -0.02168305590748787,
      -0.012390851974487305,
      0.0541839674115181
    ],
    "timestamp" : 235446563316,
    "gravity" : [
      0.03004487417638302,
      -0.9973593354225159,
      -0.06611648947000504
    ]
  },
  {
    "rotationMatrix" : [
      0.9987471699714661,
      0.033066995441913605,
      -0.037558332085609436,
      -0.03965597599744797,
      0.06524964421987534,
      -0.9970806837081909,
      -0.030519792810082436,
      0.9973208904266357,
      0.06647919863462448
    ],
    "userAcceleration" : [
      -0.017122579738497734,
      -0.003686070442199707,
      0.06147420406341553
    ],
    "timestamp" : 235446573337,
    "gravity" : [
      0.030519794672727585,
      -0.9973209500312805,
      -0.06647921353578568
    ]
  },
  {
    "rotationMatrix" : [
      0.9988021850585938,
      0.03363538160920143,
      -0.03553606569766998,
      -0.037700388580560684,
      0.06606516987085342,
      -0.997102677822113,
      -0.03119024820625782,
      0.997248113155365,
      0.06725411117076874
    ],
    "userAcceleration" : [
      -0.01222359761595726,
      0.007517457008361816,
      0.0688408687710762
    ],
    "timestamp" : 235446583358,
    "gravity" : [
      0.03119024634361267,
      -0.9972480535507202,
      -0.06725410372018814
    ]
  },
  {
    "rotationMatrix" : [
      0.9988476634025574,
      0.03437542915344238,
      -0.03349156677722931,
      -0.035753488540649414,
      0.06744489073753357,
      -0.9970821142196655,
      -0.032016292214393616,
      0.9971306324005127,
      0.06859621405601501
    ],
    "userAcceleration" : [
      -0.005008239299058914,
      0.010650038719177246,
      0.0720292329788208
    ],
    "timestamp" : 235446593379,
    "gravity" : [
      0.032016292214393616,
      -0.9971306920051575,
      -0.06859614700078964
    ]
  },
  {
    "rotationMatrix" : [
      0.9988788366317749,
      0.03516979143023491,
      -0.031688909977674484,
      -0.034070905297994614,
      0.06933517009019852,
      -0.9970113039016724,
      -0.03286753222346306,
      0.9969731569290161,
      0.07045570015907288
    ],
    "userAcceleration" : [
      -0.002166859805583954,
      0.013239145278930664,
      0.05870635062456131
    ],
    "timestamp" : 235446603400,
    "gravity" : [
      0.03286753222346306,
      -0.9969730973243713,
      -0.07045573741197586
    ]
  },
  {
    "rotationMatrix" : [
      0.9989027976989746,
      0.03592023625969887,
      -0.030049722641706467,
      -0.03255779668688774,
      0.07140915095806122,
      -0.9969155788421631,
      -0.03366361930966377,
      0.9968000650405884,
      0.07250028103590012
    ],
    "userAcceleration" : [
      0.0034762509167194366,
      0.014759719371795654,
      0.028631150722503662
    ],
    "timestamp" : 235446613421,
    "gravity" : [
      0.03366361930966377,
      -0.9968000650405884,
      -0.07250028848648071
    ]
  },
  {
    "rotationMatrix" : [
      0.998924970626831,
      0.03646491467952728,
      -0.02862091176211834,
      -0.031235352158546448,
      0.07327046245336533,
      -0.9968226552009583,
      -0.034251995384693146,
      0.9966450333595276,
      0.07433069497346878
    ],
    "userAcceleration" : [
      0.0046731531620025635,
      0.01785498857498169,
      -0.004206471145153046
    ],
    "timestamp" : 235446623441,
    "gravity" : [
      0.034251999109983444,
      -0.9966450929641724,
      -0.074330635368824
    ]
  },
  {
    "rotationMatrix" : [
      0.9989554286003113,
      0.03672393783926964,
      -0.02719097211956978,
      -0.029875630512833595,
      0.07465149462223053,
      -0.9967619180679321,
      -0.03457518294453621,
      0.9965331554412842,
      0.07567066699266434
    ],
    "userAcceleration" : [
      0.0038922056555747986,
      0.02460944652557373,
      -0.027692489326000214
    ],
    "timestamp" : 235446633462,
    "gravity" : [
      0.03457518294453621,
      -0.9965331554412842,
      -0.07567065209150314
    ]
  },
  {
    "rotationMatrix" : [
      0.9990034103393555,
      0.03665871173143387,
      -0.025462791323661804,
      -0.028179539367556572,
      0.0756080374121666,
      -0.9967392683029175,
      -0.034613993018865585,
      0.996463418006897,
      0.0765657052397728
    ],
    "userAcceleration" : [
      0.01129968836903572,
      0.03223013877868652,
      -0.027392558753490448
    ],
    "timestamp" : 235446643483,
    "gravity" : [
      0.034613993018865585,
      -0.996463418006897,
      -0.0765657052397728
    ]
  },
  {
    "rotationMatrix" : [
      0.9990664124488831,
      0.03631564602255821,
      -0.023398682475090027,
      -0.02611881121993065,
      0.07633128017187119,
      -0.9967401623725891,
      -0.0344112254679203,
      0.9964208006858826,
      0.07720854133367538
    ],
    "userAcceleration" : [
      0.016736216843128204,
      0.023871541023254395,
      -0.00590621680021286
    ],
    "timestamp" : 235446653504,
    "gravity" : [
      0.0344112254679203,
      -0.9964208006858826,
      -0.07720852643251419
    ]
  },
  {
    "rotationMatrix" : [
      0.999132513999939,
      0.03585807606577873,
      -0.021175429224967957,
      -0.023889223113656044,
      0.07702730596065521,
      -0.9967426061630249,
      -0.03411019593477249,
      0.996383786201477,
      0.07781710475683212
    ],
    "userAcceleration" : [
      0.007714133709669113,
      0.007934927940368652,
      0.018704429268836975
    ],
    "timestamp" : 235446663525,
    "gravity" : [
      0.03411019593477249,
      -0.996383786201477,
      -0.07781708985567093
    ]
  },
  {
    "rotationMatrix" : [
      0.9991922974586487,
      0.03548398241400719,
      -0.018859252333641052,
      -0.021578822284936905,
      0.07788974046707153,
      -0.9967284798622131,
      -0.03389895334839821,
      0.9963303208351135,
      0.07859252393245697
    ],
    "userAcceleration" : [
      -0.007806416600942612,
      -9.906291961669922e-05,
      0.03788190335035324
    ],
    "timestamp" : 235446673546,
    "gravity" : [
      0.03389895334839821,
      -0.9963303804397583,
      -0.07859247177839279
    ]
  },
  {
    "rotationMatrix" : [
      0.9992414712905884,
      0.035326048731803894,
      -0.016388054937124252,
      -0.019141780212521553,
      0.07907889783382416,
      -0.9966844320297241,
      -0.033912982791662216,
      0.9962421655654907,
      0.07969511300325394
    ],
    "userAcceleration" : [
      -0.016075480729341507,
      -0.0029642581939697266,
      0.045500047504901886
    ],
    "timestamp" : 235446683567,
    "gravity" : [
      0.033912982791662216,
      -0.996242105960846,
      -0.07969511300325394
    ]
  },
  {
    "rotationMatrix" : [
      0.9992800951004028,
      0.03537031263113022,
      -0.013721946626901627,
      -0.016539063304662704,
      0.08062603324651718,
      -0.9966071248054504,
      -0.03414396196603775,
      0.996116578578949,
      0.08115298300981522
    ],
    "userAcceleration" : [
      -0.021997980773448944,
      0.0032120347023010254,
      0.05017758160829544
    ],
    "timestamp" : 235446693588,
    "gravity" : [
      0.03414396196603775,
      -0.9961165189743042,
      -0.08115305006504059
    ]
  },
  {
    "rotationMatrix" : [
      0.9993075728416443,
      0.03553013876080513,
      -0.011045556515455246,
      -0.013945738784968853,
      0.08244304358959198,
      -0.9964979887008667,
      -0.034495092928409576,
      0.9959620237350464,
      0.08288145065307617
    ],
    "userAcceleration" : [
      -0.013865206390619278,
      0.009161114692687988,
      0.05161608010530472
    ],
    "timestamp" : 235446703609,
    "gravity" : [
      0.034495092928409576,
      -0.9959620237350464,
      -0.08288144320249557
    ]
  },
  {
    "rotationMatrix" : [
      0.9993261694908142,
      0.035645365715026855,
      -0.008753088302910328,
      -0.01173253171145916,
      0.08425423502922058,
      -0.9963750839233398,
      -0.03477868065237999,
      0.9958063364028931,
      0.08461567759513855
    ],
    "userAcceleration" : [
      -0.0016366057097911835,
      0.014605402946472168,
      0.04804021865129471
    ],
    "timestamp" : 235446713630,
    "gravity" : [
      0.03477868065237999,
      -0.9958063364028931,
      -0.08461564034223557
    ]
  },
  {
    "rotationMatrix" : [
      0.9993430972099304,
      0.035561781376600266,
      -0.006982260383665562,
      -0.010014968924224377,
      0.08582942187786102,
      -0.9962594509124756,
      -0.034829482436180115,
      0.9956749677658081,
      0.08612918853759766
    ],
    "userAcceleration" : [
      0.013464592397212982,
      0.024498939514160156,
      0.02997666597366333
    ],
    "timestamp" : 235446723651,
    "gravity" : [
      0.034829482436180115,
      -0.9956749677658081,
      -0.08612916618585587
    ]
  },
  {
    "rotationMatrix" : [
      0.9993687868118286,
      0.035107847303152084,
      -0.0054276809096336365,
      -0.008473213762044907,
      0.08718998730182648,
      -0.9961556196212769,
      -0.034499641507864,
      0.9955728054046631,
      0.08743242919445038
    ],
    "userAcceleration" : [
      0.020035244524478912,
      0.03872472047805786,
      0.01811165362596512
    ],
    "timestamp" : 235446733672,
    "gravity" : [
      0.034499641507864,
      -0.9955727458000183,
      -0.08743245899677277
    ]
  },
  {
    "rotationMatrix" : [
      0.9994080662727356,
      0.034192752093076706,
      -0.0037838565185666084,
      -0.00679248571395874,
      0.08830767124891281,
      -0.9960700273513794,
      -0.033724237233400345,
      0.9955061674118042,
      0.0884876549243927
    ],
    "userAcceleration" : [
      0.02555614709854126,
      0.035407960414886475,
      0.008531451225280762
    ],
    "timestamp" : 235446743693,
    "gravity" : [
      0.033724237233400345,
      -0.9955061674118042,
      -0.08848763257265091
    ]
  },
  {
    "rotationMatrix" : [
      0.9994548559188843,
      0.03296329826116562,
      -0.001858878880739212,
      -0.004791508428752422,
      0.08911236375570297,
      -0.9960100054740906,
      -0.032666128128767014,
      0.9954759478569031,
      0.08922173082828522
    ],
    "userAcceleration" : [
      0.016421377658843994,
      0.03134942054748535,
      0.0036045312881469727
    ],
    "timestamp" : 235446753713,
    "gravity" : [
      0.032666128128767014,
      -0.9954758882522583,
      -0.08922172337770462
    ]
  },
  {
    "rotationMatrix" : [
      0.9995032548904419,
      0.03150508925318718,
      0.0008353590965270996,
      -0.0020019197836518288,
      0.0899188220500946,
      -0.995947003364563,
      -0.03145251423120499,
      0.9954506158828735,
      0.089937224984169
    ],
    "userAcceleration" : [
      0.007823605090379715,
      0.039975881576538086,
      0.023042500019073486
    ],
    "timestamp" : 235446763734,
    "gravity" : [
      0.03145251423120499,
      -0.9954506754875183,
      -0.08993718773126602
    ]
  },
  {
    "rotationMatrix" : [
      0.9995412826538086,
      0.030021458864212036,
      0.003997090272605419,
      0.0012401565909385681,
      0.09129509329795837,
      -0.9958230257034302,
      -0.030260976403951645,
      0.9953711032867432,
      0.09121598303318024
    ],
    "userAcceleration" : [
      -0.005633298307657242,
      0.02872699499130249,
      0.07398868352174759
    ],
    "timestamp" : 235446773755,
    "gravity" : [
      0.030260976403951645,
      -0.9953711032867432,
      -0.09121598303318024
    ]
  },
  {
    "rotationMatrix" : [
      0.9995622038841248,
      0.02878383919596672,
      0.006845574826002121,
      0.004131671041250229,
      0.09330891817808151,
      -0.9956285953521729,
      -0.029296766966581345,
      0.9952210187911987,
      0.09314914792776108
    ],
    "userAcceleration" : [
      -0.006423860788345337,
      -0.009799003601074219,
      0.10822468996047974
    ],
    "timestamp" : 235446783776,
    "gravity" : [
      0.029296766966581345,
      -0.9952210783958435,
      -0.09314914047718048
    ]
  },
  {
    "rotationMatrix" : [
      0.9995699524879456,
      0.02795376069843769,
      0.008860551752150059,
      0.006144264712929726,
      0.09580134600400925,
      -0.9953814744949341,
      -0.028673510998487473,
      0.9950078725814819,
      0.09558838605880737
    ],
    "userAcceleration" : [
      -0.015962956473231316,
      -0.02037292718887329,
      0.11450910568237305
    ],
    "timestamp" : 235446793797,
    "gravity" : [
      0.028673509135842323,
      -0.9950078725814819,
      -0.09558835625648499
    ]
  },
  {
    "rotationMatrix" : [
      0.9995742440223694,
      0.02746201679110527,
      0.009858616627752781,
      0.0071061747148633,
      0.09857967495918274,
      -0.9951037764549255,
      -0.028299417346715927,
      0.9947502017021179,
      0.09834255278110504
    ],
    "userAcceleration" : [
      -0.01958663947880268,
      -0.028305768966674805,
      0.0971674919128418
    ],
    "timestamp" : 235446803818,
    "gravity" : [
      0.028299417346715927,
      -0.9947502017021179,
      -0.09834254533052444
    ]
  },
  {
    "rotationMatrix" : [
      0.999581515789032,
      0.027097905054688454,
      0.010125395841896534,
      0.007326805964112282,
      0.10145217180252075,
      -0.9948134422302246,
      -0.027984604239463806,
      0.9944713115692139,
      0.10121117532253265
    ],
    "userAcceleration" : [
      -0.006103510037064552,
      -0.021306216716766357,
      0.06301826238632202
    ],
    "timestamp" : 235446813839,
    "gravity" : [
      0.027984602376818657,
      -0.9944712519645691,
      -0.10121115297079086
    ]
  },
  {
    "rotationMatrix" : [
      0.9995904564857483,
      0.026781942695379257,
      0.010079951956868172,
      0.007236625999212265,
      0.10421696305274963,
      -0.9945283532142639,
      -0.027685901150107384,
      0.994193971157074,
      0.10398047417402267
    ],
    "userAcceleration" : [
      -0.0025546811521053314,
      -0.009040892124176025,
      0.03137896955013275
    ],
    "timestamp" : 235446823860,
    "gravity" : [
      0.027685901150107384,
      -0.994193971157074,
      -0.10398045182228088
    ]
  },
  {
    "rotationMatrix" : [
      0.9996017217636108,
      0.026444897055625916,
      0.009851782582700253,
      0.006976675242185593,
      0.10669047385454178,
      -0.9942676424980164,
      -0.027344398200511932,
      0.9939404129981995,
      0.1064634844660759
    ],
    "userAcceleration" : [
      0.00862056203186512,
      -0.001664876937866211,
      0.008944407105445862
    ],
    "timestamp" : 235446833881,
    "gravity" : [
      0.02734440006315708,
      -0.9939404129981995,
      -0.10646345466375351
    ]
  },
  {
    "rotationMatrix" : [
      0.9996137619018555,
      0.02600424364209175,
      0.009801999665796757,
      0.006915058009326458,
      0.10887129604816437,
      -0.9940316081047058,
      -0.026916202157735825,
      0.9937154650688171,
      0.10864942520856857
    ],
    "userAcceleration" : [
      0.013061810284852982,
      0.00685352087020874,
      -0.007943138480186462
    ],
    "timestamp" : 235446843902,
    "gravity" : [
      0.026916202157735825,
      -0.9937155246734619,
      -0.1086493730545044
    ]
  },
  {
    "rotationMatrix" : [
      0.9996218681335449,
      0.025424137711524963,
      0.010472947731614113,
      0.00759362056851387,
      0.11081571877002716,
      -0.993811845779419,
      -0.0264273788779974,
      0.9935156106948853,
      0.11058075726032257
    ],
    "userAcceleration" : [
      0.01324547827243805,
      0.01309281587600708,
      -0.01628093421459198
    ],
    "timestamp" : 235446853923,
    "gravity" : [
      0.0264273788779974,
      -0.9935156106948853,
      -0.11058076471090317
    ]
  },
  {
    "rotationMatrix" : [
      0.9996209144592285,
      0.024752045050263405,
      0.01205526664853096,
      0.009192438796162605,
      0.11267877370119095,
      -0.9935888051986694,
      -0.025951728224754333,
      0.9933229684829712,
      0.11240852624177933
    ],
    "userAcceleration" : [
      0.020175572484731674,
      0.011343777179718018,
      -0.004519693553447723
    ],
    "timestamp" : 235446863944,
    "gravity" : [
      0.025951728224754333,
      -0.9933229684829712,
      -0.11240854859352112
    ]
  },
  {
    "rotationMatrix" : [
      0.9996080994606018,
      0.024057772010564804,
      0.014313207939267159,
      0.011463306844234467,
      0.11468291282653809,
      -0.9933358430862427,
      -0.025538930669426918,
      0.9931106567382812,
      0.1143621876835823
    ],
    "userAcceleration" : [
      0.029469003900885582,
      0.005714595317840576,
      0.025754287838935852
    ],
    "timestamp" : 235446873965,
    "gravity" : [
      0.025538930669426918,
      -0.9931106567382812,
      -0.1143621876835823
    ]
  },
  {
    "rotationMatrix" : [
      0.9995876550674438,
      0.02331770583987236,
      0.016756992787122726,
      0.013918795622885227,
      0.11696220189332962,
      -0.9930387139320374,
      -0.025115318596363068,
      0.9928625226020813,
      0.11658941954374313
    ],
    "userAcceleration" : [
      0.03544682264328003,
      -0.0037804245948791504,
      0.057339370250701904
    ],
    "timestamp" : 235446883985,
    "gravity" : [
      0.025115318596363068,
      -0.9928625226020813,
      -0.11658938974142075
    ]
  },
  {
    "rotationMatrix" : [
      0.9995724558830261,
      0.022496599704027176,
      0.018676476553082466,
      0.015862606465816498,
      0.11934292316436768,
      -0.9927262663841248,
      -0.024561872705817223,
      0.9925981163978577,
      0.11893504858016968
    ],
    "userAcceleration" : [
      0.03999805450439453,
      -0.016221344470977783,
      0.07382988929748535
    ],
    "timestamp" : 235446894006,
    "gravity" : [
      0.024561872705817223,
      -0.9925981760025024,
      -0.1189350038766861
    ]
  },
  {
    "rotationMatrix" : [
      0.9995818734169006,
      0.0214943066239357,
      0.019340181723237038,
      0.016590259969234467,
      0.1214722990989685,
      -0.9924561381340027,
      -0.023681452497839928,
      0.9923620820045471,
      0.1210649162530899
    ],
    "userAcceleration" : [
      0.04382343590259552,
      -0.02498716115951538,
      0.06869661808013916
    ],
    "timestamp" : 235446904027,
    "gravity" : [
      0.023681452497839928,
      -0.9923620223999023,
      -0.12106490880250931
    ]
  },
  {
    "rotationMatrix" : [
      0.9996205568313599,
      0.02020195871591568,
      0.018725218251347542,
      0.01609909161925316,
      0.12312281876802444,
      -0.9922608137130737,
      -0.022351114079356194,
      0.9921857118606567,
      0.12275086343288422
    ],
    "userAcceleration" : [
      0.04266658425331116,
      -0.02179121971130371,
      0.045205533504486084
    ],
    "timestamp" : 235446914048,
    "gravity" : [
      0.022351114079356194,
      -0.9921857118606567,
      -0.12275084853172302
    ]
  },
  {
    "rotationMatrix" : [
      0.9996764659881592,
      0.01858036406338215,
      0.017371801659464836,
      0.014930211938917637,
      0.12430985271930695,
      -0.9921311140060425,
      -0.02059364505112171,
      0.9920694828033447,
      0.12399222701787949
    ],
    "userAcceleration" : [
      0.032217010855674744,
      -0.012798070907592773,
      0.01307593286037445
    ],
    "timestamp" : 235446924069,
    "gravity" : [
      0.02059364505112171,
      -0.9920695424079895,
      -0.1239921897649765
    ]
  },
  {
    "rotationMatrix" : [
      0.9997291564941406,
      0.01665203645825386,
      0.016258766874670982,
      0.014046912081539631,
      0.12526832520961761,
      -0.9920233488082886,
      -0.01855591870844364,
      0.9919830560684204,
      0.1250004768371582
    ],
    "userAcceleration" : [
      0.011946382001042366,
      -0.009618997573852539,
      -0.012557625770568848
    ],
    "timestamp" : 235446934090,
    "gravity" : [
      0.01855591870844364,
      -0.9919830560684204,
      -0.1250004768371582
    ]
  },
  {
    "rotationMatrix" : [
      0.9997609257698059,
      0.014599192887544632,
      0.01627826876938343,
      0.014306964352726936,
      0.12622873485088348,
      -0.9918979406356812,
      -0.016535693779587746,
      0.9918936491012573,
      0.12598967552185059
    ],
    "userAcceleration" : [
      -0.01108831912279129,
      -0.007923126220703125,
      -0.02321086823940277
    ],
    "timestamp" : 235446944111,
    "gravity" : [
      0.016535695642232895,
      -0.9918936491012573,
      -0.12598972022533417
    ]
  },
  {
    "rotationMatrix" : [
      0.9997637867927551,
      0.012696987949311733,
      0.017638957127928734,
      0.01587948575615883,
      0.12737680971622467,
      -0.9917271137237549,
      -0.014838742092251778,
      0.9917730093002319,
      0.12714511156082153
    ],
    "userAcceleration" : [
      -0.027793455868959427,
      -0.020235538482666016,
      -0.006537184119224548
    ],
    "timestamp" : 235446954132,
    "gravity" : [
      0.014838742092251778,
      -0.9917730093002319,
      -0.12714515626430511
    ]
  },
  {
    "rotationMatrix" : [
      0.9997395277023315,
      0.01114700734615326,
      0.01991472765803337,
      0.018313828855752945,
      0.12885040044784546,
      -0.9914947152137756,
      -0.013618218712508678,
      0.9916011691093445,
      0.1286126971244812
    ],
    "userAcceleration" : [
      -0.03244756907224655,
      -0.03116464614868164,
      0.021694272756576538
    ],
    "timestamp" : 235446964153,
    "gravity" : [
      0.013618219643831253,
      -0.9916011691093445,
      -0.1286127269268036
    ]
  },
  {
    "rotationMatrix" : [
      0.9996988773345947,
      0.01001708023250103,
      0.02240164950489998,
      0.020901508629322052,
      0.130708247423172,
      -0.9912003874778748,
      -0.012857012450695038,
      0.9913701415061951,
      0.1304595172405243
    ],
    "userAcceleration" : [
      -0.02729182317852974,
      -0.038582682609558105,
      0.05141885578632355
    ],
    "timestamp" : 235446974174,
    "gravity" : [
      0.012857012450695038,
      -0.9913701415061951,
      -0.1304595172405243
    ]
  },
  {
    "rotationMatrix" : [
      0.9996564984321594,
      0.00924568623304367,
      0.024523962289094925,
      0.023080114275217056,
      0.13281162083148956,
      -0.9908723831176758,
      -0.012418360449373722,
      0.9910980463027954,
      0.1325526088476181
    ],
    "userAcceleration" : [
      -0.009885395877063274,
      -0.042501628398895264,
      0.06132449209690094
    ],
    "timestamp" : 235446984195,
    "gravity" : [
      0.012418360449373722,
      -0.9910980463027954,
      -0.1325526237487793
    ]
  },
  {
    "rotationMatrix" : [
      0.9996184706687927,
      0.008681334555149078,
      0.026220403611660004,
      0.02480994537472725,
      0.13498082756996155,
      -0.9905374646186829,
      -0.012138438411056995,
      0.9908100962638855,
      0.13471394777297974
    ],
    "userAcceleration" : [
      0.008811878971755505,
      -0.03055208921432495,
      0.060357704758644104
    ],
    "timestamp" : 235446994216,
    "gravity" : [
      0.01213843747973442,
      -0.9908100962638855,
      -0.13471391797065735
    ]
  },
  {
    "rotationMatrix" : [
      0.999589741230011,
      0.00817833561450243,
      0.027449022978544235,
      0.02606946974992752,
      0.13713228702545166,
      -0.9902095794677734,
      -0.011862412095069885,
      0.9905189275741577,
      0.1368628293275833
    ],
    "userAcceleration" : [
      0.022057879716157913,
      -0.019979000091552734,
      0.04537093639373779
    ],
    "timestamp" : 235447004237,
    "gravity" : [
      0.01186241116374731,
      -0.9905189871788025,
      -0.13686278462409973
    ]
  },
  {
    "rotationMatrix" : [
      0.9995660185813904,
      0.007674976252019405,
      0.028441181406378746,
      0.027096837759017944,
      0.1392260640859604,
      -0.9898897409439087,
      -0.011557133868336678,
      0.9902307987213135,
      0.138957679271698
    ],
    "userAcceleration" : [
      0.03174731135368347,
      -0.009784340858459473,
      0.025478020310401917
    ],
    "timestamp" : 235447014257,
    "gravity" : [
      0.011557132937014103,
      -0.9902307987213135,
      -0.13895772397518158
    ]
  },
  {
    "rotationMatrix" : [
      0.9995288848876953,
      0.007061502896249294,
      0.02986864373087883,
      0.028571289032697678,
      0.1413908153772354,
      -0.9895414113998413,
      -0.011210799217224121,
      0.9899286031723022,
      0.14112244546413422
    ],
    "userAcceleration" : [
      0.036381348967552185,
      0.013717114925384521,
      0.01439809799194336
    ],
    "timestamp" : 235447024278,
    "gravity" : [
      0.011210800148546696,
      -0.9899286031723022,
      -0.14112244546413422
    ]
  },
  {
    "rotationMatrix" : [
      0.9994741678237915,
      0.006324713118374348,
      0.03180190175771713,
      0.0305633582174778,
      0.14376221597194672,
      -0.989139974117279,
      -0.010827935300767422,
      0.9895918965339661,
      0.14349332451820374
    ],
    "userAcceleration" : [
      0.03949554264545441,
      0.02229166030883789,
      0.02014113962650299
    ],
    "timestamp" : 235447034299,
    "gravity" : [
      0.010827934369444847,
      -0.9895918965339661,
      -0.14349333941936493
    ]
  },
  {
    "rotationMatrix" : [
      0.999406635761261,
      0.005454299971461296,
      0.034009385854005814,
      0.03284570574760437,
      0.14636896550655365,
      -0.9886846542358398,
      -0.010370499454438686,
      0.9892150163650513,
      0.14610296487808228
    ],
    "userAcceleration" : [
      0.044286467134952545,
      0.021670520305633545,
      0.028335511684417725
    ],
    "timestamp" : 235447044320,
    "gravity" : [
      0.010370499454438686,
      -0.9892150163650513,
      -0.14610294997692108
    ]
  },
  {
    "rotationMatrix" : [
      0.99933922290802,
      0.004504957236349583,
      0.03606657311320305,
      0.03499224781990051,
      0.1491273045539856,
      -0.9881986975669861,
      -0.00983030442148447,
      0.988807737827301,
      0.14887113869190216
    ],
    "userAcceleration" : [
      0.034572783857584,
      0.017845213413238525,
      0.030828997492790222
    ],
    "timestamp" : 235447054341,
    "gravity" : [
      0.00983030442148447,
      -0.988807737827301,
      -0.14887113869190216
    ]
  },
  {
    "rotationMatrix" : [
      0.9992726445198059,
      0.003604661673307419,
      0.037962641566991806,
      0.0369756817817688,
      0.1518489271402359,
      -0.9877118468284607,
      -0.009324953891336918,
      0.9883971810340881,
      0.15160518884658813
    ],
    "userAcceleration" : [
      0.014555037952959538,
      0.0024199485778808594,
      0.01407758891582489
    ],
    "timestamp" : 235447064362,
    "gravity" : [
      0.009324953891336918,
      -0.9883971810340881,
      -0.15160520374774933
    ]
  },
  {
    "rotationMatrix" : [
      0.9992026090621948,
      0.002876056358218193,
      0.03982268646359444,
      0.03890262544155121,
      0.15428702533245087,
      -0.9872598052024841,
      -0.008983534760773182,
      0.9880217909812927,
      0.15405210852622986
    ],
    "userAcceleration" : [
      -0.0075644850730896,
      -0.005004823207855225,
      -0.01121591031551361
    ],
    "timestamp" : 235447074383,
    "gravity" : [
      0.008983535692095757,
      -0.988021731376648,
      -0.15405216813087463
    ]
  },
  {
    "rotationMatrix" : [
      0.9991325736045837,
      0.002321641892194748,
      0.04157816618680954,
      0.04070614278316498,
      0.1561383157968521,
      -0.9868959784507751,
      -0.008783161640167236,
      0.9877323508262634,
      0.15590837597846985
    ],
    "userAcceleration" : [
      0.005987334065139294,
      -0.008193373680114746,
      -0.02605275809764862
    ],
    "timestamp" : 235447084404,
    "gravity" : [
      0.008783159777522087,
      -0.9877324104309082,
      -0.15590839087963104
    ]
  },
  {
    "rotationMatrix" : [
      0.9990692734718323,
      0.0019173044711351395,
      0.043091945350170135,
      0.04225409775972366,
      0.1573174148797989,
      -0.9866436123847961,
      -0.008670806884765625,
      0.9875461459159851,
      0.1570899784564972
    ],
    "userAcceleration" : [
      0.0060997046530246735,
      -0.008379638195037842,
      -0.024871155619621277
    ],
    "timestamp" : 235447094425,
    "gravity" : [
      0.0086708078160882,
      -0.9875460863113403,
      -0.15709003806114197
    ]
  },
  {
    "rotationMatrix" : [
      0.9990031123161316,
      0.0015712566673755646,
      0.04461303725838661,
      0.04380341246724129,
      0.15814782679080963,
      -0.9864433407783508,
      -0.008605409413576126,
      0.9874141812324524,
      0.15792134404182434
    ],
    "userAcceleration" : [
      0.02624567225575447,
      0.005587458610534668,
      -0.013358652591705322
    ],
    "timestamp" : 235447104446,
    "gravity" : [
      0.008605407550930977,
      -0.9874141216278076,
      -0.15792135894298553
    ]
  },
  {
    "rotationMatrix" : [
      0.9989191293716431,
      0.0010921359062194824,
      0.046469543129205704,
      0.04570388421416283,
      0.15912427008152008,
      -0.9861999750137329,
      -0.008471492677927017,
      0.9872578382492065,
      0.1589023619890213
    ],
    "userAcceleration" : [
      0.03460408002138138,
      0.02943331003189087,
      -0.01094333827495575
    ],
    "timestamp" : 235447114467,
    "gravity" : [
      0.008471493609249592,
      -0.9872578978538513,
      -0.1589023619890213
    ]
  },
  {
    "rotationMatrix" : [
      0.9987936019897461,
      0.0003117937594652176,
      0.0491047278046608,
      0.048418186604976654,
      0.16049526631832123,
      -0.9858481884002686,
      -0.00818844884634018,
      0.9870364665985107,
      0.160286545753479
    ],
    "userAcceleration" : [
      0.02875308319926262,
      0.05246627330780029,
      -0.005363032221794128
    ],
    "timestamp" : 235447124488,
    "gravity" : [
      0.008188447915017605,
      -0.987036406993866,
      -0.16028650104999542
    ]
  },
  {
    "rotationMatrix" : [
      0.9986380934715271,
      -0.0008275918662548065,
      0.0521659255027771,
      0.051609206944704056,
      0.1622002273797989,
      -0.9854071736335754,
      -0.0076458025723695755,
      0.9867573380470276,
      0.16202203929424286
    ],
    "userAcceleration" : [
      0.022459782660007477,
      0.05056983232498169,
      0.00528360903263092
    ],
    "timestamp" : 235447134509,
    "gravity" : [
      0.0076458025723695755,
      -0.9867573976516724,
      -0.16202202439308167
    ]
  },
  {
    "rotationMatrix" : [
      0.998529314994812,
      -0.0021044649183750153,
      0.054174020886421204,
      0.05378531664609909,
      0.16399255394935608,
      -0.984994113445282,
      -0.006811244413256645,
      0.9864591956138611,
      0.16386455297470093
    ],
    "userAcceleration" : [
      0.00991237722337246,
      0.03064882755279541,
      0.01481659710407257
    ],
    "timestamp" : 235447144529,
    "gravity" : [
      0.006811242550611496,
      -0.9864591956138611,
      -0.1638645976781845
    ]
  },
  {
    "rotationMatrix" : [
      0.9984056949615479,
      -0.0035984404385089874,
      0.05633007735013962,
      0.05614667758345604,
      0.1657637506723404,
      -0.9845657348632812,
      -0.005794575437903404,
      0.9861588478088379,
      0.1657015085220337
    ],
    "userAcceleration" : [
      -0.0023003043606877327,
      0.01576101779937744,
      0.02867746353149414
    ],
    "timestamp" : 235447154550,
    "gravity" : [
      0.005794576834887266,
      -0.9861588478088379,
      -0.1657014936208725
    ]
  },
  {
    "rotationMatrix" : [
      0.9983044266700745,
      -0.005095617845654488,
      0.05798519402742386,
      0.058018699288368225,
      0.16752083599567413,
      -0.9841598272323608,
      -0.004698826000094414,
      0.9858553409576416,
      0.16753244400024414
    ],
    "userAcceleration" : [
      -0.014174535870552063,
      -0.008193612098693848,
      0.03882443904876709
    ],
    "timestamp" : 235447164571,
    "gravity" : [
      0.004698824603110552,
      -0.9858553409576416,
      -0.16753242909908295
    ]
  },
  {
    "rotationMatrix" : [
      0.9982437491416931,
      -0.006192173808813095,
      0.0589161291718483,
      0.0591137520968914,
      0.1691756397485733,
      -0.9838115572929382,
      -0.003875240683555603,
      0.9855664372444153,
      0.16924455761909485
    ],
    "userAcceleration" : [
      -0.035949207842350006,
      -0.015196442604064941,
      0.023645028471946716
    ],
    "timestamp" : 235447174592,
    "gravity" : [
      0.003875239286571741,
      -0.9855664968490601,
      -0.16924452781677246
    ]
  },
  {
    "rotationMatrix" : [
      0.9982110261917114,
      -0.006664864718914032,
      0.05941667780280113,
      0.05968067795038223,
      0.17094998061656952,
      -0.9834705591201782,
      -0.003602582961320877,
      0.9852571487426758,
      0.17104192078113556
    ],
    "userAcceleration" : [
      -0.03567655757069588,
      -0.015505671501159668,
      0.025442421436309814
    ],
    "timestamp" : 235447184613,
    "gravity" : [
      0.003602581098675728,
      -0.9852571487426758,
      -0.17104192078113556
    ]
  },
  {
    "rotationMatrix" : [
      0.998175859451294,
      -0.006471393629908562,
      0.0600254163146019,
      0.06023820489645004,
      0.1732187569141388,
      -0.9830394387245178,
      -0.004035888239741325,
      0.9848620295524597,
      0.1732926070690155
    ],
    "userAcceleration" : [
      -0.036109864711761475,
      -0.015900790691375732,
      0.02769315242767334
    ],
    "timestamp" : 235447194634,
    "gravity" : [
      0.004035888239741325,
      -0.9848620295524597,
      -0.1732926070690155
    ]
  },
  {
    "rotationMatrix" : [
      0.9981198310852051,
      -0.005599519237875938,
      0.061036862432956696,
      0.06106775254011154,
      0.17617660760879517,
      -0.9824622869491577,
      -0.005251942202448845,
      0.9843424558639526,
      0.17618730664253235
    ],
    "userAcceleration" : [
      -0.0300932414829731,
      -0.0005816221237182617,
      0.021341055631637573
    ],
    "timestamp" : 235447204655,
    "gravity" : [
      0.005251942668110132,
      -0.9843424558639526,
      -0.17618736624717712
    ]
  },
  {
    "rotationMatrix" : [
      0.99802565574646,
      -0.004287268966436386,
      0.06266075372695923,
      0.062409114092588425,
      0.1798492819070816,
      -0.9817123413085938,
      -0.007060620933771133,
      0.983684778213501,
      0.17976176738739014
    ],
    "userAcceleration" : [
      -0.015712345018982887,
      0.022289633750915527,
      0.02129906415939331
    ],
    "timestamp" : 235447214676,
    "gravity" : [
      0.007060619071125984,
      -0.983684778213501,
      -0.17976173758506775
    ]
  },
  {
    "rotationMatrix" : [
      0.9978922605514526,
      -0.0028199944645166397,
      0.0648314356803894,
      0.06424248218536377,
      0.1840076744556427,
      -0.9808230996131897,
      -0.009163562208414078,
      0.9829207062721252,
      0.18380099534988403
    ],
    "userAcceleration" : [
      0.00728541798889637,
      0.038813769817352295,
      0.013543307781219482
    ],
    "timestamp" : 235447224697,
    "gravity" : [
      0.009163563139736652,
      -0.9829207062721252,
      -0.18380098044872284
    ]
  },
  {
    "rotationMatrix" : [
      0.9977315068244934,
      -0.0014587640762329102,
      0.06730306148529053,
      0.06637290865182877,
      0.18832965195178986,
      -0.9798605442047119,
      -0.011245783418416977,
      0.9821048974990845,
      0.18799924850463867
    ],
    "userAcceleration" : [
      0.03057856112718582,
      0.0500674843788147,
      0.006694167852401733
    ],
    "timestamp" : 235447234718,
    "gravity" : [
      0.011245782487094402,
      -0.9821048378944397,
      -0.18799924850463867
    ]
  },
  {
    "rotationMatrix" : [
      0.9975582361221313,
      -0.00039242208003997803,
      0.06983858346939087,
      0.06860748678445816,
      0.19251999258995056,
      -0.9788916110992432,
      -0.013061169534921646,
      0.9812928438186646,
      0.19207683205604553
    ],
    "userAcceleration" : [
      0.04173312708735466,
      0.05474883317947388,
      0.005751565098762512
    ],
    "timestamp" : 235447244739,
    "gravity" : [
      0.013061169534921646,
      -0.9812928438186646,
      -0.19207677245140076
    ]
  },
  {
    "rotationMatrix" : [
      0.9973848462104797,
      0.0003289133310317993,
      0.07227277755737305,
      0.0708015039563179,
      0.19634945690631866,
      -0.9779742956161499,
      -0.014512371271848679,
      0.9805337190628052,
      0.19581268727779388
    ],
    "userAcceleration" : [
      0.03988520801067352,
      0.05382198095321655,
      0.00529131293296814
    ],
    "timestamp" : 235447254760,
    "gravity" : [
      0.014512374065816402,
      -0.98053377866745,
      -0.1958126574754715
    ]
  },
  {
    "rotationMatrix" : [
      0.9972310066223145,
      0.0008151829242706299,
      0.07436143606901169,
      0.07270153611898422,
      0.1996828019618988,
      -0.9771596789360046,
      -0.015645252540707588,
      0.9798601269721985,
      0.19907061755657196
    ],
    "userAcceleration" : [
      0.03193166106939316,
      0.04707527160644531,
      0.008274644613265991
    ],
    "timestamp" : 235447264781,
    "gravity" : [
      0.01564525067806244,
      -0.9798600673675537,
      -0.19907063245773315
    ]
  },
  {
    "rotationMatrix" : [
      0.9971186518669128,
      0.0012019947171211243,
      0.07584817707538605,
      0.07403256744146347,
