[
  {
    "timestamp" : 235396386489,
    "gravity" : [
      0.02897970750927925,
      -0.9820953011512756,
      -0.18614204227924347
    ],
    "userAcceleration" : [
      0.015942182391881943,
      0.022683799266815186,
      -0.02543632686138153
    ],
    "rotationMatrix" : [
      -0.9678810834884644,
      -0.0740945041179657,
      0.24024108052253723,
      0.24973174929618835,
      -0.17320109903812408,
      0.9526988863945007,
      -0.028979696333408356,
      0.9820953011512756,
      0.18614207208156586
    ]
  },
  {
    "timestamp" : 235396396510,
    "gravity" : [
      0.02715952694416046,
      -0.9835456013679504,
      -0.17860715091228485
    ],
    "userAcceleration" : [
      0.01832696795463562,
      0.036691904067993164,
      -0.02369387447834015
    ],
    "rotationMatrix" : [
      -0.9674766659736633,
      -0.07081551104784012,
      0.24284620583057404,
      0.2514984607696533,
      -0.16620276868343353,
      0.9534806609153748,
      -0.02715952694416046,
      0.9835456013679504,
      0.17860718071460724
    ]
  },
  {
    "timestamp" : 235396406531,
    "gravity" : [
      0.02557963877916336,
      -0.9848427176475525,
      -0.1715525984764099
    ],
    "userAcceleration" : [
      0.03518088907003403,
      0.04192596673965454,
      -0.013261854648590088
    ],
    "rotationMatrix" : [
      -0.9671735763549805,
      -0.06778205931186676,
      0.24490875005722046,
      0.2528248429298401,
      -0.15965628623962402,
      0.9542480111122131,
      -0.025579623878002167,
      0.9848427176475525,
      0.1715526580810547
    ]
  },
  {
    "timestamp" : 235396416551,
    "gravity" : [
      0.024536635726690292,
      -0.9859805703163147,
      -0.16504588723182678
    ],
    "userAcceleration" : [
      -0.02337694726884365,
      0.004352271556854248,
      -0.022698283195495605
    ],
    "rotationMatrix" : [
      -0.9671755433082581,
      -0.06518141180276871,
      0.24560675024986267,
      0.2529214322566986,
      -0.15360191464424133,
      0.9552157521247864,
      -0.02453663945198059,
      0.9859805703163147,
      0.16504588723182678
    ]
  },
  {
    "timestamp" : 235396426572,
    "gravity" : [
      0.024122919887304306,
      -0.9869944453239441,
      -0.15893396735191345
    ],
    "userAcceleration" : [
      -0.022963227704167366,
      0.005366086959838867,
      -0.028810203075408936
    ],
    "rotationMatrix" : [
      -0.967339038848877,
      -0.06317297369241714,
      0.2454877346754074,
      0.2523353695869446,
      -0.1478210985660553,
      0.9562822580337524,
      -0.02412290871143341,
      0.9869945049285889,
      0.15893396735191345
    ]
  },
  {
    "timestamp" : 235396436593,
    "gravity" : [
      0.024248486384749413,
      -0.9879611730575562,
      -0.15278984606266022
    ],
    "userAcceleration" : [
      -0.02308879978954792,
      0.006332814693450928,
      -0.03495430946350098
    ],
    "rotationMatrix" : [
      -0.9671350717544556,
      -0.061877354979515076,
      0.24661889672279358,
      0.25310415029525757,
      -0.1417883038520813,
      0.9569923877716064,
      -0.024248473346233368,
      0.9879611730575562,
      0.1527898907661438
    ]
  },
  {
    "timestamp" : 235396446614,
    "gravity" : [
      0.02465793304145336,
      -0.9889498353004456,
      -0.1461847871541977
    ],
    "userAcceleration" : [
      -0.02516143210232258,
      0.007275760173797607,
      -0.037943050265312195
    ],
    "rotationMatrix" : [
      -0.9672204852104187,
      -0.060569196939468384,
      0.24660757184028625,
      0.2527368366718292,
      -0.1353118121623993,
      0.9580262899398804,
      -0.02465793490409851,
      0.9889497756958008,
      0.1461847722530365
    ]
  },
  {
    "timestamp" : 235396456635,
    "gravity" : [
      0.024962864816188812,
      -0.9899640083312988,
      -0.13909634947776794
    ],
    "userAcceleration" : [
      -0.006911726668477058,
      0.021076858043670654,
      -0.02142612636089325
    ],
    "rotationMatrix" : [
      -0.9671875834465027,
      -0.05910636484622955,
      0.2470908910036087,
      0.2528325915336609,
      -0.12836383283138275,
      0.958956778049469,
      -0.024962857365608215,
      0.9899640679359436,
      0.13909633457660675
    ]
  },
  {
    "timestamp" : 235396466656,
    "gravity" : [
      0.024816498160362244,
      -0.990967333316803,
      -0.13178667426109314
    ],
    "userAcceleration" : [
      0.026010550558567047,
      0.04538029432296753,
      0.006283119320869446
    ],
    "rotationMatrix" : [
      -0.9670873284339905,
      -0.05719061195850372,
      0.24793344736099243,
      0.2532309293746948,
      -0.1212962418794632,
      0.9597713947296143,
      -0.024816490709781647,
      0.9909673929214478,
      0.13178668916225433
    ]
  },
  {
    "timestamp" : 235396476676,
    "gravity" : [
      0.024048877879977226,
      -0.9919165372848511,
      -0.12459077686071396
    ],
    "userAcceleration" : [
      0.05166526883840561,
      0.07301723957061768,
      0.02740754932165146
    ],
    "rotationMatrix" : [
      -0.9676056504249573,
      -0.054424963891506195,
      0.2465289831161499,
      0.2513170540332794,
      -0.1146257072687149,
      0.9610932469367981,
      -0.02404887229204178,
      0.9919165968894958,
      0.12459079921245575
    ]
  },
  {
    "timestamp" : 235396486697,
    "gravity" : [
      0.022706827148795128,
      -0.9927882552146912,
      -0.11771022528409958
    ],
    "userAcceleration" : [
      0.06631296128034592,
      0.07846647500991821,
      0.049183011054992676
    ],
    "rotationMatrix" : [
      -0.9674578309059143,
      -0.05150023102760315,
      0.24773506820201874,
      0.2520105838775635,
      -0.10825423896312714,
      0.9616504311561584,
      -0.02270682156085968,
      0.9927882552146912,
      0.11771024763584137
    ]
  },
  {
    "timestamp" : 235396496718,
    "gravity" : [
      0.02136147953569889,
      -0.9935563802719116,
      -0.11130715906620026
    ],
    "userAcceleration" : [
      0.048798441886901855,
      0.052409589290618896,
      0.06577491760253906
    ],
    "rotationMatrix" : [
      -0.9670631289482117,
      -0.04877875745296478,
      0.24981823563575745,
      0.2536379098892212,
      -0.10230444371700287,
      0.9618738889694214,
      -0.02136147767305374,
      0.9935563802719116,
      0.11130721867084503
    ]
  },
  {
    "timestamp" : 235396506739,
    "gravity" : [
      0.020415807142853737,
      -0.9941890835762024,
      -0.10569413751363754
    ],
    "userAcceleration" : [
      0.010895270854234695,
      0.018267512321472168,
      0.07061415910720825
    ],
    "rotationMatrix" : [
      -0.9665256142616272,
      -0.04666919261217117,
      0.25229018926620483,
      0.25575682520866394,
      -0.0970054492354393,
      0.9618619680404663,
      -0.020415805280208588,
      0.9941891431808472,
      0.10569415241479874
    ]
  },
  {
    "timestamp" : 235396516760,
    "gravity" : [
      0.020114336162805557,
      -0.9946926832199097,
      -0.10090482234954834
    ],
    "userAcceleration" : [
      -0.021991126239299774,
      -0.021191656589508057,
      0.01420438289642334
    ],
    "rotationMatrix" : [
      -0.9659724235534668,
      -0.045364610850811005,
      0.25463566184043884,
      0.2578617334365845,
      -0.09234942495822906,
      0.9617581963539124,
      -0.020114339888095856,
      0.9946927428245544,
      0.10090480744838715
    ]
  },
  {
    "timestamp" : 235396526781,
    "gravity" : [
      0.02048717997968197,
      -0.9951110482215881,
      -0.09661264717578888
    ],
    "userAcceleration" : [
      -0.022363970056176186,
      -0.020773231983184814,
      0.009912200272083282
    ],
    "rotationMatrix" : [
      -0.9655618071556091,
      -0.04476161301136017,
      0.25629329681396484,
      0.2593648433685303,
      -0.0880345031619072,
      0.9617584943771362,
      -0.020487189292907715,
      0.9951109886169434,
      0.09661263972520828
    ]
  },
  {
    "timestamp" : 235396536801,
    "gravity" : [
      0.02133343368768692,
      -0.9954942464828491,
      -0.09238892048597336
    ],
    "userAcceleration" : [
      -0.023210221901535988,
      -0.020389974117279053,
      0.005688436329364777
    ],
    "rotationMatrix" : [
      -0.964809238910675,
      -0.04472377896308899,
      0.25911784172058105,
      0.2620823383331299,
      -0.0836094468832016,
      0.9614166021347046,
      -0.021333426237106323,
      0.9954942464828491,
      0.09238894283771515
    ]
  },
  {
    "timestamp" : 235396546822,
    "gravity" : [
      0.022208450362086296,
      -0.9958763718605042,
      -0.08795914798974991
    ],
    "userAcceleration" : [
      0.004402894526720047,
      -0.006107151508331299,
      -0.0210496187210083
    ],
    "rotationMatrix" : [
      -0.9641848206520081,
      -0.04459422081708908,
      0.26145437359809875,
      0.2642987370491028,
      -0.07900216430425644,
      0.9611995816230774,
      -0.02220844477415085,
      0.9958763718605042,
      0.08795920759439468
    ]
  },
  {
    "timestamp" : 235396556843,
    "gravity" : [
      0.022741910070180893,
      -0.9962784051895142,
      -0.08313799649477005
    ],
    "userAcceleration" : [
      0.036462195217609406,
      0.02272200584411621,
      -0.04578351229429245
    ],
    "rotationMatrix" : [
      -0.963616132736206,
      -0.043996937572956085,
      0.2636430263519287,
      0.26631972193717957,
      -0.07411714643239975,
      0.9610307812690735,
      -0.022741898894309998,
      0.9962783455848694,
      0.08313802629709244
    ]
  },
  {
    "timestamp" : 235396566864,
    "gravity" : [
      0.022865815088152885,
      -0.9967019557952881,
      -0.07786116003990173
    ],
    "userAcceleration" : [
      0.05165813863277435,
      0.04430943727493286,
      -0.07208698987960815
    ],
    "rotationMatrix" : [
      -0.9632157683372498,
      -0.04282214492559433,
      0.26529550552368164,
      0.2677547335624695,
      -0.06893087923526764,
      0.9610181450843811,
      -0.02286582440137863,
      0.9967018961906433,
      0.07786111533641815
    ]
  },
  {
    "timestamp" : 235396576885,
    "gravity" : [
      0.022809648886322975,
      -0.9971311092376709,
      -0.07217302918434143
    ],
    "userAcceleration" : [
      0.03579939156770706,
      0.040969789028167725,
      -0.08485519140958786
    ],
    "rotationMatrix" : [
      -0.9630621075630188,
      -0.041290268301963806,
      0.26609301567077637,
      0.26830971240997314,
      -0.06343720853328705,
      0.9612414836883545,
      -0.02280963957309723,
      0.9971311092376709,
      0.07217307388782501
    ]
  },
  {
    "timestamp" : 235396586906,
    "gravity" : [
      0.02283625677227974,
      -0.9975460767745972,
      -0.06618452072143555
    ],
    "userAcceleration" : [
      0.0015778113156557083,
      0.021136224269866943,
      -0.07555437088012695
    ],
    "rotationMatrix" : [
      -0.9630690813064575,
      -0.03971592336893082,
      0.26630938053131104,
      0.2682844400405884,
      -0.05765879526734352,
      0.9616127014160156,
      -0.02283625304698944,
      0.9975460767745972,
      0.06618452072143555
    ]
  },
  {
    "timestamp" : 235396596926,
    "gravity" : [
      0.023122267797589302,
      -0.9979245662689209,
      -0.060098547488451004
    ],
    "userAcceleration" : [
      -0.018239442259073257,
      0.0013578534126281738,
      -0.04158604145050049
    ],
    "rotationMatrix" : [
      -0.9631072878837585,
      -0.03835725039243698,
      0.26636970043182373,
      0.2681220769882202,
      -0.05172218382358551,
      0.9619954824447632,
      -0.02312227338552475,
      0.9979245662689209,
      0.06009857356548309
    ]
  },
  {
    "timestamp" : 235396606947,
    "gravity" : [
      0.023545879870653152,
      -0.9982564449310303,
      -0.05412472411990166
    ],
    "userAcceleration" : [
      -0.017625436186790466,
      -0.013950467109680176,
      -0.0015393495559692383
    ],
    "rotationMatrix" : [
      -0.9631158709526062,
      -0.037166811525821686,
      0.26650702953338623,
      0.2680540382862091,
      -0.04585304483771324,
      0.9623119831085205,
      -0.02354588359594345,
      0.9982564449310303,
      0.05412474647164345
    ]
  },
  {
    "timestamp" : 235396616968,
    "gravity" : [
      0.02390667051076889,
      -0.9985456466674805,
      -0.04832017794251442
    ],
    "userAcceleration" : [
      -0.016796039417386055,
      0.0074568986892700195,
      0.02530992403626442
    ],
    "rotationMatrix" : [
      -0.9630705714225769,
      -0.03596959263086319,
      0.2668346166610718,
      0.268184632062912,
      -0.040156323462724686,
      0.9625300765037537,
      -0.023906677961349487,
      0.9985455870628357,
      0.04832015559077263
    ]
  },
  {
    "timestamp" : 235396626989,
    "gravity" : [
      0.024080676957964897,
      -0.9987995624542236,
      -0.04265274479985237
    ],
    "userAcceleration" : [
      -0.008348843082785606,
      0.02214568853378296,
      0.05283034220337868
    ],
    "rotationMatrix" : [
      -0.9628635048866272,
      -0.03464844822883606,
      0.26775532960891724,
      0.26891177892684937,
      -0.03462081402540207,
      0.9625422358512878,
      -0.024080678820610046,
      0.9987996220588684,
      0.042652733623981476
    ]
  },
  {
    "timestamp" : 235396637010,
    "gravity" : [
      0.02407085709273815,
      -0.9990190267562866,
      -0.03716806322336197
    ],
    "userAcceleration" : [
      0.006217868998646736,
      0.014628827571868896,
      0.07420110702514648
    ],
    "rotationMatrix" : [
      -0.9623932838439941,
      -0.03321949392557144,
      0.26962101459503174,
      0.27059125900268555,
      -0.02928018383681774,
      0.9622489213943481,
      -0.024070851504802704,
      0.9990190267562866,
      0.037168025970458984
    ]
  },
  {
    "timestamp" : 235396647031,
    "gravity" : [
      0.023983845487236977,
      -0.9992017149925232,
      -0.0319475419819355
    ],
    "userAcceleration" : [
      0.006503213196992874,
      0.0021619796752929688,
      0.0840715765953064
    ],
    "rotationMatrix" : [
      -0.9616391062736511,
      -0.03179387003183365,
      0.2724686861038208,
      0.27326691150665283,
      -0.02418702095746994,
      0.9616340398788452,
      -0.023983851075172424,
      0.9992016553878784,
      0.03194750100374222
    ]
  },
  {
    "timestamp" : 235396657051,
    "gravity" : [
      0.023962276056408882,
      -0.9993454813957214,
      -0.027096524834632874
    ],
    "userAcceleration" : [
      0.011926429346203804,
      -0.014234721660614014,
      0.07487177848815918
    ],
    "rotationMatrix" : [
      -0.9607062339782715,
      -0.030516155064105988,
      0.2758840322494507,
      0.276530385017395,
      -0.019420847296714783,
      0.9608088731765747,
      -0.023962274193763733,
      0.9993455410003662,
      0.027096524834632874
    ]
  },
  {
    "timestamp" : 235396667072,
    "gravity" : [
      0.02407902106642723,
      -0.9994530081748962,
      -0.022668873891234398
    ],
    "userAcceleration" : [
      0.006560642272233963,
      -0.026746273040771484,
      0.04242897033691406
    ],
    "rotationMatrix" : [
      -0.9597890973091125,
      -0.02945542335510254,
      0.2791723310947418,
      0.2796873450279236,
      -0.01503513939678669,
      0.9599733948707581,
      -0.02407902479171753,
      0.9994530081748962,
      0.022668911144137383
    ]
  },
  {
    "timestamp" : 235396677093,
    "gravity" : [
      0.024236591532826424,
      -0.9995343685150146,
      -0.018530381843447685
    ],
    "userAcceleration" : [
      -0.005468277260661125,
      -0.0255814790725708,
      0.00533151812851429
    ],
    "rotationMatrix" : [
      -0.9590374827384949,
      -0.0284796804189682,
      0.28184300661087036,
      0.28223955631256104,
      -0.01094013825058937,
      0.9592814445495605,
      -0.024236589670181274,
      0.9995343685150146,
      0.018530365079641342
    ]
  },
  {
    "timestamp" : 235396687114,
    "gravity" : [
      0.02433641068637371,
      -0.999602198600769,
      -0.014244431629776955
    ],
    "userAcceleration" : [
      -0.016600174829363823,
      -0.01565641164779663,
      -0.07015198469161987
    ],
    "rotationMatrix" : [
      -0.9586374163627625,
      -0.027376234531402588,
      0.2833094596862793,
      0.2835867702960968,
      -0.006760261952877045,
      0.9589226245880127,
      -0.02433641254901886,
      0.999602198600769,
      0.014244474470615387
    ]
  },
  {
    "timestamp" : 235396697135,
    "gravity" : [
      0.024285845458507538,
      -0.9996607899665833,
      -0.009397105313837528
    ],
    "userAcceleration" : [
      -0.016549600288271904,
      -0.015597879886627197,
      -0.07499927282333374
    ],
    "rotationMatrix" : [
      -0.9584041833877563,
      -0.02595539391040802,
      0.28423118591308594,
      0.28437870740890503,
      -0.002103246748447418,
      0.9587096571922302,
      -0.02428583800792694,
      0.9996607899665833,
      0.00939711183309555
    ]
  },
  {
    "timestamp" : 235396707155,
    "gravity" : [
      0.024012524634599686,
      -0.9997045397758484,
      -0.0037198481149971485
    ],
    "userAcceleration" : [
      -0.016276279464364052,
      -0.01555401086807251,
      -0.08067655563354492
    ],
    "rotationMatrix" : [
      -0.957815945148468,
      -0.02407190203666687,
      0.28637105226516724,
      0.28637605905532837,
      0.003313913941383362,
      0.9581113457679749,
      -0.024012520909309387,
      0.9997045397758484,
      0.0037198811769485474
    ]
  },
  {
    "timestamp" : 235396717176,
    "gravity" : [
      0.02357451431453228,
      -0.9997177720069885,
      0.0029214739333838224
    ],
    "userAcceleration" : [
      -0.025710707530379295,
      -0.0144423246383667,
      -0.0863107442855835
    ],
    "rotationMatrix" : [
      -0.9577403664588928,
      -0.02174648642539978,
      0.2868107557296753,
      0.28666627407073975,
      0.009559517726302147,
      0.9579827785491943,
      -0.02357451617717743,
      0.9997178316116333,
      -0.002921516075730324
    ]
  },
  {
    "timestamp" : 235396727197,
    "gravity" : [
      0.023137176409363747,
      -0.9996793866157532,
      0.010274013504385948
    ],
    "userAcceleration" : [
      -0.040547437965869904,
      -0.013900816440582275,
      -0.06697571277618408
    ],
    "rotationMatrix" : [
      -0.9577454924583435,
      -0.01921728253364563,
      0.2869737148284912,
      0.2866843044757843,
      0.016479890793561935,
      0.9578832387924194,
      -0.023137181997299194,
      0.999679446220398,
      -0.010274071246385574
    ]
  },
  {
    "timestamp" : 235396737218,
    "gravity" : [
      0.022925367578864098,
      -0.9995805025100708,
      0.017703311517834663
    ],
    "userAcceleration" : [
      -0.04944511130452156,
      -0.026252686977386475,
      -0.009845016524195671
    ],
    "rotationMatrix" : [
      -0.9576927423477173,
      -0.016876429319381714,
      0.287297785282135,
      0.28687846660614014,
      0.023540614172816277,
      0.9576777219772339,
      -0.022925376892089844,
      0.9995805025100708,
      -0.01770329661667347
    ]
  },
  {
    "timestamp" : 235396747239,
    "gravity" : [
      0.02306620217859745,
      -0.9994298219680786,
      0.02465784177184105
    ],
    "userAcceleration" : [
      -0.051783256232738495,
      -0.03912907838821411,
      0.05365025997161865
    ],
    "rotationMatrix" : [
      -0.957542359828949,
      -0.014996379613876343,
      0.28790202736854553,
      0.2873680889606476,
      0.030251752585172653,
      0.9573423862457275,
      -0.023066192865371704,
      0.9994298219680786,
      -0.024657774716615677
    ]
  },
  {
    "timestamp" : 235396757260,
    "gravity" : [
      0.023559093475341797,
      -0.9992431402206421,
      0.030948908999562263
    ],
    "userAcceleration" : [
      -0.053145863115787506,
      -0.03600454330444336,
      0.09281516075134277
    ],
    "rotationMatrix" : [
      -0.9571704864501953,
      -0.01360979676246643,
      0.2892036437988281,
      0.2885635793209076,
      0.036437056958675385,
      0.9567669630050659,
      -0.023559093475341797,
      0.9992431402206421,
      -0.030948854982852936
    ]
  },
  {
    "timestamp" : 235396767280,
    "gravity" : [
      0.024313487112522125,
      -0.9990341663360596,
      0.03660188987851143
    ],
    "userAcceleration" : [
      -0.04245616868138313,
      -0.02763819694519043,
      0.11125576496124268
    ],
    "rotationMatrix" : [
      -0.9564983248710632,
      -0.012599781155586243,
      0.2914661169052124,
      0.29072344303131104,
      0.04209606721997261,
      0.9558807015419006,
      -0.024313494563102722,
      0.9990342259407043,
      -0.03660191223025322
    ]
  },
  {
    "timestamp" : 235396777301,
    "gravity" : [
      0.02523300051689148,
      -0.9988069534301758,
      0.041805047541856766
    ],
    "userAcceleration" : [
      -0.030817672610282898,
      -0.028277218341827393,
      0.10640358924865723
    ],
    "rotationMatrix" : [
      -0.9555258750915527,
      -0.01180616021156311,
      0.2946699261665344,
      0.29382485151290894,
      0.0473814457654953,
      0.9546840786933899,
      -0.025232985615730286,
      0.9988070130348206,
      -0.04180498421192169
    ]
  },
  {
    "rotationMatrix" : [
      -0.9546079039573669,
      -0.011079281568527222,
      0.2976590692996979,
      0.29671114683151245,
      0.052511222660541534,
      0.9535224437713623,
      -0.026194781064987183,
      0.9985588788986206,
      -0.04684024304151535
    ],
    "timestamp" : 235396787322,
    "gravity" : [
      0.02619478479027748,
      -0.9985588788986206,
      0.04684029892086983
    ],
    "userAcceleration" : [
      -0.0235702283680439,
      -0.02272707223892212,
      0.06842458248138428
    ]
  },
  {
    "rotationMatrix" : [
      -0.9536062479019165,
      -0.01014755666255951,
      0.30088502168655396,
      0.29984068870544434,
      0.05770160257816315,
      0.9522425532341003,
      -0.027024447917938232,
      0.998282253742218,
      -0.051981791853904724
    ],
    "timestamp" : 235396797343,
    "gravity" : [
      0.027024438604712486,
      -0.9982821941375732,
      0.05198173597455025
    ],
    "userAcceleration" : [
      -0.010697489604353905,
      0.015265345573425293,
      -0.015345454216003418
    ]
  },
  {
    "rotationMatrix" : [
      -0.9527014493942261,
      -0.008757129311561584,
      0.3037821650505066,
      0.3026593327522278,
      0.06319455057382584,
      0.9510015845298767,
      -0.027525439858436584,
      0.9979628920555115,
      -0.05755528062582016
    ],
    "timestamp" : 235396807364,
    "gravity" : [
      0.027525445446372032,
      -0.9979628920555115,
      0.05755528062582016
    ],
    "userAcceleration" : [
      -0.011198543012142181,
      0.0149458646774292,
      -0.020918957889080048
    ]
  },
  {
    "rotationMatrix" : [
      -0.9521231651306152,
      -0.006954282522201538,
      0.3056342601776123,
      0.3044517934322357,
      0.06916144490242004,
      0.9500133991241455,
      -0.027744710445404053,
      0.9975811243057251,
      -0.06373259425163269
    ],
    "timestamp" : 235396817385,
    "gravity" : [
      0.0277447197586298,
      -0.9975810647010803,
      0.06373269110918045
    ],
    "userAcceleration" : [
      -0.0004924852401018143,
      0.02701544761657715,
      -0.042141564190387726
    ]
  },
  {
    "rotationMatrix" : [
      -0.9516645669937134,
      -0.004947662353515625,
      0.3070993423461914,
      0.30587559938430786,
      0.0753365010023117,
      0.9490861296653748,
      -0.027831539511680603,
      0.9971458315849304,
      -0.07018168270587921
    ],
    "timestamp" : 235396827405,
    "gravity" : [
      0.027831541374325752,
      -0.9971458911895752,
      0.0701816976070404
    ],
    "userAcceleration" : [
      -0.0076899342238903046,
      0.02246028184890747,
      -0.025275111198425293
    ]
  },
  {
    "rotationMatrix" : [
      -0.9511988759040833,
      -0.0028662532567977905,
      0.30856427550315857,
      0.3073195815086365,
      0.08140161633491516,
      0.9481181502342224,
      -0.027835160493850708,
      0.9966771006584167,
      -0.0765480101108551
    ],
    "timestamp" : 235396837426,
    "gravity" : [
      0.027835149317979813,
      -0.9966771006584167,
      0.0765480026602745
    ],
    "userAcceleration" : [
      -0.02011418156325817,
      0.018558382987976074,
      0.007482163608074188
    ]
  },
  {
    "rotationMatrix" : [
      -0.9505960941314697,
      -0.0006312578916549683,
      0.3104296922683716,
      0.3091939091682434,
      0.08723890781402588,
      0.9469891786575317,
      -0.027679339051246643,
      0.9961872100830078,
      -0.08273375034332275
    ],
    "timestamp" : 235396847447,
    "gravity" : [
      0.027679329738020897,
      -0.996187150478363,
      0.08273370563983917
    ],
    "userAcceleration" : [
      -0.020675528794527054,
      0.028581678867340088,
      0.031844496726989746
    ]
  },
  {
    "rotationMatrix" : [
      -0.9497211575508118,
      0.0020567625761032104,
      0.3130900263786316,
      0.3119192123413086,
      0.09286083281040192,
      0.9455596804618835,
      -0.027128979563713074,
      0.9956769347190857,
      -0.08883337676525116
    ],
    "timestamp" : 235396857468,
    "gravity" : [
      0.027128979563713074,
      -0.9956769347190857,
      0.08883330971002579
    ],
    "userAcceleration" : [
      -0.004118733108043671,
      0.04206365346908569,
      0.04420805722475052
    ]
  },
  {
    "rotationMatrix" : [
      -0.9485349655151367,
      0.005339756608009338,
      0.3166274428367615,
      0.3155949115753174,
      0.09835390746593475,
      0.9437829852104187,
      -0.0261019766330719,
      0.9951371550559998,
      -0.09497733414173126
    ],
    "timestamp" : 235396867489,
    "gravity" : [
      0.026101967319846153,
      -0.9951371550559998,
      0.0949772447347641
    ],
    "userAcceleration" : [
      0.016149623319506645,
      0.051197946071624756,
      0.0408412367105484
    ]
  },
  {
    "rotationMatrix" : [
      -0.9471643567085266,
      0.009212389588356018,
      0.32061582803726196,
      0.3198035955429077,
      0.10377988964319229,
      0.9417830109596252,
      -0.0245974063873291,
      0.9945575594902039,
      -0.10124262422323227
    ],
    "timestamp" : 235396877510,
    "gravity" : [
      0.024597393348813057,
      -0.9945576190948486,
      0.10124267637729645
    ],
    "userAcceleration" : [
      0.02030923403799534,
      0.05421954393386841,
      0.025206923484802246
    ]
  },
  {
    "rotationMatrix" : [
      -0.9458425045013428,
      0.013403847813606262,
      0.32434868812561035,
      0.3238266110420227,
      0.1090133935213089,
      0.9398149847984314,
      -0.02276119589805603,
      0.993949830532074,
      -0.10744993388652802
    ],
    "timestamp" : 235396887530,
    "gravity" : [
      0.022761203348636627,
      -0.9939498901367188,
      0.1074499562382698
    ],
    "userAcceleration" : [
      0.012746032327413559,
      0.047416746616363525,
      -0.009366512298583984
    ]
  },
  {
    "rotationMatrix" : [
      -0.9447343349456787,
      0.017416685819625854,
      0.32737356424331665,
      0.3271690905094147,
      0.11377546191215515,
      0.9380912780761719,
      -0.020908638834953308,
      0.9933537244796753,
      -0.11318567395210266
    ],
    "timestamp" : 235396897551,
    "gravity" : [
      0.020908623933792114,
      -0.9933537244796753,
      0.11318562924861908
    ],
    "userAcceleration" : [
      -0.01031901128590107,
      0.037116050720214844,
      -0.024760961532592773
    ]
  },
  {
    "rotationMatrix" : [
      -0.9438380002975464,
      0.020958170294761658,
      0.32974228262901306,
      0.3298419117927551,
      0.11814366281032562,
      0.9366141557693481,
      -0.019327163696289062,
      0.9927752017974854,
      -0.11842109262943268
    ],
    "timestamp" : 235396907572,
    "gravity" : [
      0.01932716928422451,
      -0.9927752017974854,
      0.11842107772827148
    ],
    "userAcceleration" : [
      -0.028238296508789062,
      0.008873403072357178,
      -0.022611156105995178
    ]
  },
  {
    "rotationMatrix" : [
      -0.9431901574134827,
      0.023987486958503723,
      0.33138608932495117,
      0.3317585587501526,
      0.12239241600036621,
      0.9353909492492676,
      -0.01812148094177246,
      0.9921917915344238,
      -0.12339729070663452
    ],
    "timestamp" : 235396917593,
    "gravity" : [
      0.018121469765901566,
      -0.9921917915344238,
      0.12339729070663452
    ],
    "userAcceleration" : [
      -0.033792220056056976,
      -0.010112166404724121,
      -0.0343317985534668
    ]
  },
  {
    "rotationMatrix" : [
      -0.9426893591880798,
      0.02667619287967682,
      0.3326031565666199,
      0.3332252502441406,
      0.12678542733192444,
      0.9342837929725647,
      -0.017246082425117493,
      0.9915712475776672,
      -0.12840834259986877
    ],
    "timestamp" : 235396927614,
    "gravity" : [
      0.017246084287762642,
      -0.9915713667869568,
      0.1284082978963852
    ],
    "userAcceleration" : [
      -0.0395696759223938,
      -0.0052242279052734375,
      -0.04750621318817139
    ]
  },
  {
    "rotationMatrix" : [
      -0.942264199256897,
      0.02920912206172943,
      0.33359295129776,
      0.33445680141448975,
      0.13151879608631134,
      0.9331887364387512,
      -0.016616061329841614,
      0.9908831715583801,
      -0.1336943358182907
    ],
    "timestamp" : 235396937634,
    "gravity" : [
      0.016616063192486763,
      -0.9908831119537354,
      0.1336943805217743
    ],
    "userAcceleration" : [
      -0.04374618083238602,
      3.8623809814453125e-05,
      -0.058071866631507874
    ]
  },
  {
    "rotationMatrix" : [
      -0.941871166229248,
      0.03190828859806061,
      0.33445507287979126,
      0.33559441566467285,
      0.13664096593856812,
      0.9320436716079712,
      -0.015960320830345154,
      0.990106463432312,
      -0.1394062638282776
    ],
    "timestamp" : 235396947655,
    "gravity" : [
      0.015960317105054855,
      -0.990106463432312,
      0.139406219124794
    ],
    "userAcceleration" : [
      -0.05160482972860336,
      0.014505445957183838,
      -0.0638294368982315
    ]
  },
  {
    "rotationMatrix" : [
      -0.9414393305778503,
      0.03508827090263367,
      0.335351824760437,
      0.3368486762046814,
      0.14211687445640564,
      0.9307716488838196,
      -0.014999985694885254,
      0.989227831363678,
      -0.1456138789653778
    ],
    "timestamp" : 235396957676,
    "gravity" : [
      0.014999989420175552,
      -0.9892277717590332,
      0.1456138640642166
    ],
    "userAcceleration" : [
      -0.041245076805353165,
      0.0424962043762207,
      -0.058516725897789
    ]
  },
  {
    "rotationMatrix" : [
      -0.9408278465270996,
      0.03886033594608307,
      0.3366486430168152,
      0.3386102318763733,
      0.14773142337799072,
      0.9292568564414978,
      -0.013622313737869263,
      0.9882636666297913,
      -0.15214812755584717
    ],
    "timestamp" : 235396967697,
    "gravity" : [
      0.01362230908125639,
      -0.9882636666297913,
      0.15214812755584717
    ],
    "userAcceleration" : [
      -0.015148174948990345,
      0.061536550521850586,
      -0.04020966589450836
    ]
  },
  {
    "rotationMatrix" : [
      -0.9400960803031921,
      0.04307256639003754,
      0.3381783366203308,
      0.3407040238380432,
      0.1532071977853775,
      0.9276036620140076,
      -0.011857107281684875,
      0.9872550368309021,
      -0.15870468318462372
    ],
    "timestamp" : 235396977718,
    "gravity" : [
      0.011857112869620323,
      -0.9872549772262573,
      0.15870463848114014
    ],
    "userAcceleration" : [
      0.007338462397456169,
      0.06133633852005005,
      -0.013120517134666443
    ]
  },
  {
    "rotationMatrix" : [
      -0.9391769170761108,
      0.04750226438045502,
      0.3401327133178711,
      0.3432919979095459,
      0.1583034098148346,
      0.92579185962677,
      -0.009866967797279358,
      0.986247181892395,
      -0.16498205065727234
    ],
    "timestamp" : 235396987739,
    "gravity" : [
      0.009866965934634209,
      -0.986247181892395,
      0.16498200595378876
    ],
    "userAcceleration" : [
      0.01559998095035553,
      0.05517125129699707,
      0.008403539657592773
    ]
  },
  {
    "rotationMatrix" : [
      -0.9381747245788574,
      0.05184468626976013,
      0.3422574996948242,
      0.34607309103012085,
      0.16287267208099365,
      0.9239620566368103,
      -0.007841840386390686,
      0.9852840304374695,
      -0.17074501514434814
    ],
    "timestamp" : 235396997759,
    "gravity" : [
      0.007841846905648708,
      -0.9852840304374695,
      0.17074500024318695
    ],
    "userAcceleration" : [
      -0.027769815176725388,
      0.04219937324523926,
      0.009537577629089355
    ]
  },
  {
    "rotationMatrix" : [
      -0.9373770952224731,
      0.055872827768325806,
      0.3438059091567993,
      0.3482664227485657,
      0.16705434024333954,
      0.9223901033401489,
      -0.005897745490074158,
      0.984363317489624,
      -0.1760515719652176
    ],
    "timestamp" : 235397007780,
    "gravity" : [
      0.005897749215364456,
      -0.9843633770942688,
      0.17605167627334595
    ],
    "userAcceleration" : [
      -0.02582569047808647,
      0.04127860069274902,
      0.004230871796607971
    ]
  },
  {
    "rotationMatrix" : [
      -0.9362993836402893,
      0.05990152060985565,
      0.34605562686920166,
      0.3511791229248047,
      0.1708773374557495,
      0.9205834865570068,
      -0.003988638520240784,
      0.9834696054458618,
      -0.18102818727493286
    ],
    "timestamp" : 235397017801,
    "gravity" : [
      0.00398864783346653,
      -0.9834696054458618,
      0.18102827668190002
    ],
    "userAcceleration" : [
      -0.029089340940117836,
      0.05636101961135864,
      -0.007139220833778381
    ]
  },
  {
    "rotationMatrix" : [
      -0.9356654286384583,
      0.06366507709026337,
      0.3470972180366516,
      0.35288184881210327,
      0.17446638643741608,
      0.9192582368850708,
      -0.0020321160554885864,
      0.9826027154922485,
      -0.1857082098722458
    ],
    "timestamp" : 235397027822,
    "gravity" : [
      0.0020321079064160585,
      -0.9826027154922485,
      0.1857081949710846
    ],
    "userAcceleration" : [
      -0.027224333956837654,
      0.062314748764038086,
      -0.0005428940057754517
    ]
  },
  {
    "rotationMatrix" : [
      -0.9351261854171753,
      0.06734474003314972,
      0.347856342792511,
      0.3543153405189514,
      0.1778838336467743,
      0.9180512428283691,
      -5.21242618560791e-05,
      0.9817444086074829,
      -0.19020524621009827
    ],
    "timestamp" : 235397037843,
    "gravity" : [
      5.212831820244901e-05,
      -0.9817444682121277,
      0.19020521640777588
    ],
    "userAcceleration" : [
      -0.025244353339076042,
      0.06145632266998291,
      -0.005039781332015991
    ]
  },
  {
    "rotationMatrix" : [
      -0.9345148801803589,
      0.07107503712177277,
      0.3487555980682373,
      0.35591912269592285,
      0.18131627142429352,
      0.9167584180831909,
      0.0019235461950302124,
      0.9808530807495117,
      -0.19473980367183685
    ],
    "timestamp" : 235397047864,
    "gravity" : [
      -0.001923551200889051,
      -0.9808531403541565,
      0.19473983347415924
    ],
    "userAcceleration" : [
      -0.0178212970495224,
      0.050936758518218994,
      0.00939229130744934
    ]
  },
  {
    "rotationMatrix" : [
      -0.9335457682609558,
      0.07501451671123505,
      0.35052114725112915,
      0.35843735933303833,
      0.1848282814025879,
      0.9150744080543518,
      0.003857657313346863,
      0.9799037575721741,
      -0.19943362474441528
    ],
    "timestamp" : 235397057884,
    "gravity" : [
      -0.003857658477500081,
      -0.9799036979675293,
      0.19943363964557648
    ],
    "userAcceleration" : [
      -0.010561865754425526,
      0.04620319604873657,
      0.02360403537750244
    ]
  },
  {
    "rotationMatrix" : [
      -0.93224036693573,
      0.0791161060333252,
      0.3530849814414978,
      0.361795037984848,
      0.18838125467300415,
      0.9130262732505798,
      0.005720451474189758,
      0.9789040684700012,
      -0.204240620136261
    ],
    "timestamp" : 235397067905,
    "gravity" : [
      -0.005720454268157482,
      -0.978904128074646,
      0.2042405605316162
    ],
    "userAcceleration" : [
      -0.0009476062841713428,
      0.033896684646606445,
      0.03524617850780487
    ]
  },
  {
    "rotationMatrix" : [
      -0.930621325969696,
      0.08324503898620605,
      0.35639071464538574,
      0.36590853333473206,
      0.19189584255218506,
      0.9106519222259521,
      0.007417351007461548,
      0.9778784513473511,
      -0.209042489528656
    ],
    "timestamp" : 235397077926,
    "gravity" : [
      -0.007417341228574514,
      -0.9778784513473511,
      0.2090424746274948
    ],
    "userAcceleration" : [
      -0.008344972506165504,
      0.0210912823677063,
      0.031176596879959106
    ]
  },
  {
    "rotationMatrix" : [
      -0.928909957408905,
      0.08715735375881195,
      0.35990166664123535,
      0.3701983094215393,
      0.1952715814113617,
      0.9081970453262329,
      0.008877545595169067,
      0.9768686294555664,
      -0.21365496516227722
    ],
    "timestamp" : 235397087947,
    "gravity" : [
      -0.008877546526491642,
      -0.9768686294555664,
      0.21365495026111603
    ],
    "userAcceleration" : [
      -0.02128903940320015,
      0.011765718460083008,
      0.012358158826828003
    ]
  },
  {
    "rotationMatrix" : [
      -0.9275844693183899,
      0.09054107964038849,
      0.3624761402606964,
      0.37347590923309326,
      0.1984322965145111,
      0.9061679244041443,
      0.010118484497070312,
      0.9759235978126526,
      -0.21787747740745544
    ],
    "timestamp" : 235397097968,
    "gravity" : [
      -0.010118473321199417,
      -0.9759235382080078,
      0.2178775668144226
    ],
    "userAcceleration" : [
      -0.0313091054558754,
      0.014513134956359863,
      -0.007458925247192383
    ]
  },
  {
    "rotationMatrix" : [
      -0.9263581037521362,
      0.09364840388298035,
      0.36481553316116333,
      0.37647396326065063,
      0.20115689933300018,
      0.9043246507644653,
      0.011303439736366272,
      0.9750721454620361,
      -0.22159941494464874
    ],
    "timestamp" : 235397107989,
    "gravity" : [
      -0.011303441599011421,
      -0.9750722050666809,
      0.22159937024116516
    ],
    "userAcceleration" : [
      -0.00787681620568037,
      0.046925902366638184,
      -0.0026968717575073242
    ]
  },
  {
    "rotationMatrix" : [
      -0.9255509972572327,
      0.0964534729719162,
      0.36613065004348755,
      0.37841349840164185,
      0.20353317260742188,
      0.9029824733734131,
      0.012576103210449219,
      0.974305272102356,
      -0.2248794436454773
    ],
    "timestamp" : 235397118009,
    "gravity" : [
      -0.012576095759868622,
      -0.974305272102356,
      0.22487948834896088
    ],
    "userAcceleration" : [
      -0.006604175083339214,
      0.04615908861160278,
      -0.005976930260658264
    ]
  },
  {
    "rotationMatrix" : [
      -0.9241739511489868,
      0.09976691007614136,
      0.368712842464447,
      0.38170984387397766,
      0.2054612934589386,
      0.9011566042900085,
      0.014149367809295654,
