[
  {
    "gravity" : [
      0.022533541545271873,
      -0.9686582088470459,
      -0.2473725825548172
    ],
    "rotationMatrix" : [
      -0.9384193420410156,
      0.06483431160449982,
      -0.3393595814704895,
      -0.3447617292404175,
      -0.23978593945503235,
      0.9075470566749573,
      -0.02253355085849762,
      0.9686582684516907,
      0.2473725974559784
    ],
    "userAcceleration" : [
      0.05420289561152458,
      0.031448304653167725,
      -0.050585776567459106
    ],
    "timestamp" : 235436504851
  },
  {
    "gravity" : [
      0.022381722927093506,
      -0.9684075117111206,
      -0.24836596846580505
    ],
    "rotationMatrix" : [
      -0.9382087588310242,
      0.06546926498413086,
      -0.3398199677467346,
      -0.345344603061676,
      -0.24062466621398926,
      0.9071033596992493,
      -0.022381722927093506,
      0.9684075713157654,
      0.24836593866348267
    ],
    "userAcceleration" : [
      0.049807582050561905,
      0.03991037607192993,
      -0.039582639932632446
    ],
    "timestamp" : 235436514872
  },
  {
    "gravity" : [
      0.022297533228993416,
      -0.968178927898407,
      -0.24926334619522095
    ],
    "rotationMatrix" : [
      -0.9379605650901794,
      0.06603515148162842,
      -0.3403953015804291,
      -0.3460237383842468,
      -0.24138903617858887,
      0.90664142370224,
      -0.022297531366348267,
      0.968178927898407,
      0.24926334619522095
    ],
    "userAcceleration" : [
      0.04934246838092804,
      0.05234652757644653,
      -0.014530584216117859
    ],
    "timestamp" : 235436524893
  },
  {
    "gravity" : [
      0.02217380702495575,
      -0.9678873419761658,
      -0.250404417514801
    ],
    "rotationMatrix" : [
      -0.9376817345619202,
      0.06674550473690033,
      -0.3410247564315796,
      -0.3467869162559509,
      -0.2423614263534546,
      0.9060903191566467,
      -0.02217380702495575,
      0.9678873419761658,
      0.250404417514801
    ],
    "userAcceleration" : [
      0.048199716955423355,
      0.06494855880737305,
      0.015556395053863525
    ],
    "timestamp" : 235436534914
  },
  {
    "gravity" : [
      0.021733516827225685,
      -0.9674742221832275,
      -0.25203409790992737
    ],
    "rotationMatrix" : [
      -0.937461256980896,
      0.0678795874118805,
      -0.34140661358833313,
      -0.34741008281707764,
      -0.24369210004806519,
      0.9054944515228271,
      -0.021733522415161133,
      0.9674742221832275,
      0.25203412771224976
    ],
    "userAcceleration" : [
      0.05837510526180267,
      0.07265311479568481,
      0.04205787181854248
    ],
    "timestamp" : 235436544935
  },
  {
    "gravity" : [
      0.020776761695742607,
      -0.9669505953788757,
      -0.2541157305240631
    ],
    "rotationMatrix" : [
      -0.937272310256958,
      0.06962677836418152,
      -0.3415733575820923,
      -0.3479778468608856,
      -0.24527227878570557,
      0.9048495292663574,
      -0.020776763558387756,
      0.966950535774231,
      0.2541157007217407
    ],
    "userAcceleration" : [
      0.07047078013420105,
      0.08673214912414551,
      0.05491220951080322
    ],
    "timestamp" : 235436554956
  },
  {
    "gravity" : [
      0.019146986305713654,
      -0.9664400219917297,
      -0.2561775743961334
    ],
    "rotationMatrix" : [
      -0.9373102188110352,
      0.07182393968105316,
      -0.3410142660140991,
      -0.34796953201293945,
      -0.2466472089290619,
      0.9044790267944336,
      -0.01914699375629425,
      0.9664400815963745,
      0.2561775743961334
    ],
    "userAcceleration" : [
      0.06399814039468765,
      0.08638942241668701,
      0.04725426435470581
    ],
    "timestamp" : 235436564977
  },
  {
    "gravity" : [
      0.01701166294515133,
      -0.9661291241645813,
      -0.2574974298477173
    ],
    "rotationMatrix" : [
      -0.9376089572906494,
      0.0740336924791336,
      -0.3397177457809448,
      -0.3472747206687927,
      -0.24721090495586395,
      0.9045920372009277,
      -0.01701165735721588,
      0.9661291837692261,
      0.2574974000453949
    ],
    "userAcceleration" : [
      0.051652856171131134,
      0.05409616231918335,
      0.014287590980529785
    ],
    "timestamp" : 235436574998
  },
  {
    "gravity" : [
      0.014711974188685417,
      -0.966097354888916,
      -0.25775790214538574
    ],
    "rotationMatrix" : [
      -0.9380667209625244,
      0.07590396702289581,
      -0.3380362093448639,
      -0.3461408019065857,
      -0.24676698446273804,
      0.9051475524902344,
      -0.014711976051330566,
      0.966097354888916,
      0.2577579617500305
    ],
    "userAcceleration" : [
      0.03205620497465134,
      0.04515331983566284,
      -0.02936670184135437
    ],
    "timestamp" : 235436585019
  },
  {
    "gravity" : [
      0.012670986354351044,
      -0.9662556052207947,
      -0.2572730481624603
    ],
    "rotationMatrix" : [
      -0.93830406665802,
      0.07743248343467712,
      -0.3370303511619568,
      -0.34557878971099854,
      -0.24567079544067383,
      0.9056605696678162,
      -0.012671008706092834,
      0.9662556052207947,
      0.2572730779647827
    ],
    "userAcceleration" : [
      0.01993703842163086,
      0.05046892166137695,
      -0.05551689863204956
    ],
    "timestamp" : 235436595039
  },
  {
    "gravity" : [
      0.011256225407123566,
      -0.9664327502250671,
      -0.2566727101802826
    ],
    "rotationMatrix" : [
      -0.9381077885627747,
      0.07865464687347412,
      -0.33729344606399536,
      -0.346159964799881,
      -0.24458320438861847,
      0.9057329297065735,
      -0.011256217956542969,
      0.9664327502250671,
      0.256672739982605
    ],
    "userAcceleration" : [
      0.012623767368495464,
      0.055162668228149414,
      -0.05298912525177002
    ],
    "timestamp" : 235436605060
  },
  {
    "gravity" : [
      0.010639682412147522,
      -0.9664881825447083,
      -0.2564903795719147
    ],
    "rotationMatrix" : [
      -0.9374884963035583,
      0.07958969473838806,
      -0.3387928307056427,
      -0.34785327315330505,
      -0.24406136572360992,
      0.9052248597145081,
      -0.010639667510986328,
      0.9664881825447083,
      0.25649040937423706
    ],
    "userAcceleration" : [
      0.0036577945575118065,
      0.06460225582122803,
      -0.027140021324157715
    ],
    "timestamp" : 235436615081
  },
  {
    "gravity" : [
      0.01072194054722786,
      -0.9663769602775574,
      -0.2569052577018738
    ],
    "rotationMatrix" : [
      -0.9366468787193298,
      0.08024924993515015,
      -0.3409574627876282,
      -0.3501099646091461,
      -0.244284987449646,
      0.9042938947677612,
      -0.010721936821937561,
      0.9663770198822021,
      0.2569052577018738
    ],
    "userAcceleration" : [
      -0.006998826749622822,
      0.06504040956497192,
      0.013222426176071167
    ],
    "timestamp" : 235436625102
  },
  {
    "gravity" : [
      0.011152150109410286,
      -0.9661830067634583,
      -0.2576157748699188
    ],
    "rotationMatrix" : [
      -0.9360103011131287,
      0.0805525928735733,
      -0.3426308035850525,
      -0.35179567337036133,
      -0.24495205283164978,
      0.9034590125083923,
      -0.01115216314792633,
      0.9661830067634583,
      0.2576157748699188
    ],
    "userAcceleration" : [
      -0.006376178935170174,
      0.0451168417930603,
      0.052964866161346436
    ],
    "timestamp" : 235436635123
  },
  {
    "gravity" : [
      0.011555992066860199,
      -0.9660090804100037,
      -0.258249431848526
    ],
    "rotationMatrix" : [
      -0.9357025623321533,
      0.08062402904033661,
      -0.343453049659729,
      -0.3525999188423157,
      -0.24561342597007751,
      0.9029657244682312,
      -0.011555999517440796,
      0.9660090804100037,
      0.258249431848526
    ],
    "userAcceleration" : [
      0.0037790611386299133,
      0.03612333536148071,
      0.065042644739151
    ],
    "timestamp" : 235436645144
  },
  {
    "gravity" : [
      0.011549687944352627,
      -0.9659209847450256,
      -0.2585790455341339
    ],
    "rotationMatrix" : [
      -0.935613751411438,
      0.08080892264842987,
      -0.343651682138443,
      -0.35283589363098145,
      -0.2458990514278412,
      0.9027957916259766,
      -0.011549681425094604,
      0.9659209251403809,
      0.2585790455341339
    ],
    "userAcceleration" : [
      0.01995968073606491,
      0.05701601505279541,
      0.05742239952087402
    ],
    "timestamp" : 235436655165
  },
  {
    "gravity" : [
      0.010820365510880947,
      -0.965923011302948,
      -0.25860312581062317
    ],
    "rotationMatrix" : [
      -0.9357301592826843,
      0.08140024542808533,
      -0.3431950807571411,
      -0.3525504171848297,
      -0.24569612741470337,
      0.9029626250267029,
      -0.010820373892784119,
      0.965923011302948,
      0.2586030960083008
    ],
    "userAcceleration" : [
      0.045743949711322784,
      0.07954001426696777,
      0.04635334014892578
    ],
    "timestamp" : 235436665186
  },
  {
    "gravity" : [
      0.009450049139559269,
      -0.9660199880599976,
      -0.2582939863204956
    ],
    "rotationMatrix" : [
      -0.9359331727027893,
      0.08239559829235077,
      -0.3424023687839508,
      -0.35204988718032837,
      -0.24498136341571808,
      0.9033517837524414,
      -0.009450048208236694,
      0.9660199880599976,
      0.2582939565181732
    ],
    "userAcceleration" : [
      0.06069457530975342,
      0.09199672937393188,
      0.03148737549781799
    ],
    "timestamp" : 235436675207
  },
  {
    "gravity" : [
      0.007660514675080776,
      -0.966164231300354,
      -0.2578137516975403
    ],
    "rotationMatrix" : [
      -0.9360904097557068,
      0.08374355733394623,
      -0.3416457176208496,
      -0.35167616605758667,
      -0.24395418167114258,
      0.9037756323814392,
      -0.007660523056983948,
      0.9661642909049988,
      0.2578137516975403
    ],
    "userAcceleration" : [
      0.05154355987906456,
      0.09641337394714355,
      0.015763580799102783
    ],
    "timestamp" : 235436685228
  },
  {
    "gravity" : [
      0.005668459925800562,
      -0.9662982225418091,
      -0.25736263394355774
    ],
    "rotationMatrix" : [
      -0.9360134601593018,
      0.08544638752937317,
      -0.3414344787597656,
      -0.3519182503223419,
      -0.24283023178577423,
      0.9039839506149292,
      -0.005668461322784424,
      0.9662982225418091,
      0.2573626637458801
    ],
    "userAcceleration" : [
      0.04349533095955849,
      0.09370917081832886,
      0.012810051441192627
    ],
    "timestamp" : 235436695248
  },
  {
    "gravity" : [
      0.003724147565662861,
      -0.9664655923843384,
      -0.2567693293094635
    ],
    "rotationMatrix" : [
      -0.9359541535377502,
      0.08704155683517456,
      -0.3411945700645447,
      -0.3521023988723755,
      -0.2415950447320938,
      0.9042432308197021,
      -0.003724128007888794,
      0.9664655923843384,
      0.2567693293094635
    ],
    "userAcceleration" : [
      0.01940816268324852,
      0.0791211724281311,
      0.018472760915756226
    ],
    "timestamp" : 235436705269
  },
  {
    "gravity" : [
      0.0021839102264493704,
      -0.9667466282844543,
      -0.2557264268398285
    ],
    "rotationMatrix" : [
      -0.9360066056251526,
      0.088033527135849,
      -0.34079509973526,
      -0.35197505354881287,
      -0.2401057332754135,
      0.9046891331672668,
      -0.0021839290857315063,
      0.9667466282844543,
      0.2557264268398285
    ],
    "userAcceleration" : [
      -0.020463954657316208,
      0.039897382259368896,
      0.01669749617576599
    ],
    "timestamp" : 235436715290
  },
  {
    "gravity" : [
      0.0012941963504999876,
      -0.9671025276184082,
      -0.25438371300697327
    ],
    "rotationMatrix" : [
      -0.9361269474029541,
      0.08828510344028473,
      -0.34040021896362305,
      -0.35166019201278687,
      -0.23857605457305908,
      0.9052163362503052,
      -0.0012941956520080566,
      0.9671025276184082,
      0.2543836832046509
    ],
    "userAcceleration" : [
      -0.058880891650915146,
      0.013092577457427979,
      0.009586989879608154
    ],
    "timestamp" : 235436725311
  },
  {
    "gravity" : [
      0.0010185018181800842,
      -0.9673914313316345,
      -0.2532833218574524
    ],
    "rotationMatrix" : [
      -0.9362558126449585,
      0.08806012570858002,
      -0.3401023745536804,
      -0.35131633281707764,
      -0.23748405277729034,
      0.9056366086006165,
      -0.0010184943675994873,
      0.9673914313316345,
      0.2532833218574524
    ],
    "userAcceleration" : [
      -0.06722640246152878,
      0.010574042797088623,
      0.027544856071472168
    ],
    "timestamp" : 235436735332
  },
  {
    "gravity" : [
      0.0011837617494165897,
      -0.9674994349479675,
      -0.2528705894947052
    ],
    "rotationMatrix" : [
      -0.9363819360733032,
      0.08768050372600555,
      -0.33985474705696106,
      -0.35098105669021606,
      -0.23718582093715668,
      0.9058451056480408,
      -0.0011837482452392578,
      0.9674994349479675,
      0.2528705596923828
    ],
    "userAcceleration" : [
      -0.048196107149124146,
      0.019089341163635254,
      0.0553455650806427
    ],
    "timestamp" : 235436745353
  },
  {
    "gravity" : [
      0.0016087659168988466,
      -0.9674049019813538,
      -0.253229558467865
    ],
    "rotationMatrix" : [
      -0.936532735824585,
      0.08731915056705475,
      -0.3395323157310486,
      -0.3505769968032837,
      -0.23770412802696228,
      0.9058657288551331,
      -0.0016087591648101807,
      0.9674049019813538,
      0.2532295286655426
    ],
    "userAcceleration" : [
      -0.016684481874108315,
      0.022580742835998535,
      0.07308429479598999
    ],
    "timestamp" : 235436755374
  },
  {
    "gravity" : [
      0.00217347196303308,
      -0.9671502709388733,
      -0.2541956305503845
    ],
    "rotationMatrix" : [
      -0.9366827607154846,
      0.08704347908496857,
      -0.3391876518726349,
      -0.3501715660095215,
      -0.23883768916130066,
      0.9057241082191467,
      -0.002173483371734619,
      0.9671502709388733,
      0.2541956603527069
    ],
    "userAcceleration" : [
      0.006310409866273403,
      0.022799193859100342,
      0.06753489375114441
    ],
    "timestamp" : 235436765395
  },
  {
    "gravity" : [
      0.0027785333804786205,
      -0.9668315649032593,
      -0.25539955496788025
    ],
    "rotationMatrix" : [
      -0.9367056488990784,
      0.08690133690834045,
      -0.3391612768173218,
      -0.350106418132782,
      -0.2401764988899231,
      0.9053952693939209,
      -0.0027785450220108032,
      0.9668315649032593,
      0.25539958477020264
    ],
    "userAcceleration" : [
      0.014753784984350204,
      0.028355062007904053,
      0.03751927614212036
    ],
    "timestamp" : 235436775416
  },
  {
    "gravity" : [
      0.0033331154845654964,
      -0.9665591716766357,
      -0.2564217150211334
    ],
    "rotationMatrix" : [
      -0.9365472793579102,
      0.08686588704586029,
      -0.339607298374176,
      -0.35052490234375,
      -0.24128282070159912,
      0.9049390554428101,
      -0.0033331066370010376,
      0.9665591716766357,
      0.25642168521881104
    ],
    "userAcceleration" : [
      0.015343621373176575,
      0.03394210338592529,
      -0.003023475408554077
    ],
    "timestamp" : 235436785436
  },
  {
    "gravity" : [
      0.003696667728945613,
      -0.9664463996887207,
      -0.2568418085575104
    ],
    "rotationMatrix" : [
      -0.9361693263053894,
      0.08694417774677277,
      -0.34062841534614563,
      -0.3515300154685974,
      -0.24170656502246857,
      0.9044360518455505,
      -0.003696650266647339,
      0.9664463400840759,
      0.2568417489528656
    ],
    "userAcceleration" : [
      0.009135955013334751,
      0.04173332452774048,
      -0.03118312358856201
    ],
    "timestamp" : 235436795457
  },
  {
    "gravity" : [
      0.0037075334694236517,
      -0.9665632247924805,
      -0.25640127062797546
    ],
    "rotationMatrix" : [
      -0.9358957409858704,
      0.0869663655757904,
      -0.3413727581501007,
      -0.3522566854953766,
      -0.24123024940490723,
      0.9042802453041077,
      -0.0037075281143188477,
      0.9665631651878357,
      0.2564012408256531
    ],
    "userAcceleration" : [
      0.004120192024856806,
      0.03954613208770752,
      -0.033210545778274536
    ],
    "timestamp" : 235436805478
  },
  {
    "gravity" : [
      0.0032107732258737087,
      -0.9669033885002136,
      -0.25512227416038513
    ],
    "rotationMatrix" : [
      -0.9358453750610352,
      0.08699944615364075,
      -0.34150248765945435,
      -0.3523954451084137,
      -0.23985132575035095,
      0.9045929908752441,
      -0.003210783004760742,
      0.9669033288955688,
      0.2551223337650299
    ],
    "userAcceleration" : [
      0.011574977077543736,
      0.034972965717315674,
      -0.014515787363052368
    ],
    "timestamp" : 235436815499
  },
  {
    "gravity" : [
      0.0022771195508539677,
      -0.9673857688903809,
      -0.25329744815826416
    ],
    "rotationMatrix" : [
      -0.9360338449478149,
      0.08707454800605774,
      -0.34096723794937134,
      -0.35190263390541077,
      -0.23787140846252441,
      0.9053075313568115,
      -0.0022771209478378296,
      0.9673857688903809,
      0.25329744815826416
    ],
    "userAcceleration" : [
      0.02286933735013008,
      0.025872766971588135,
      0.01332247257232666
    ],
    "timestamp" : 235436825520
  },
  {
    "gravity" : [
      0.0010981864761561155,
      -0.967869222164154,
      -0.2514515519142151
    ],
    "rotationMatrix" : [
      -0.9364131689071655,
      0.08723843097686768,
      -0.33988165855407715,
      -0.35089725255966187,
      -0.23583564162254333,
      0.9062297940254211,
      -0.0010981857776641846,
      0.967869222164154,
      0.2514515221118927
    ],
    "userAcceleration" : [
      0.026382870972156525,
      0.026035785675048828,
      0.03531080484390259
    ],
    "timestamp" : 235436835541
  },
  {
    "gravity" : [
      -3.658178320620209e-05,
      -0.9682343602180481,
      -0.2500443160533905
    ],
    "rotationMatrix" : [
      -0.9366748929023743,
      0.08759866654872894,
      -0.3390670716762543,
      -0.35019993782043457,
      -0.23419779539108276,
      0.9069241285324097,
      3.656744956970215e-05,
      0.9682344198226929,
      0.2500443458557129
    ],
    "userAcceleration" : [
      0.0280364491045475,
      0.02429521083831787,
      0.04431009292602539
    ],
    "timestamp" : 235436845562
  },
  {
    "gravity" : [
      -0.0008037802181206644,
      -0.9684246182441711,
      -0.24930542707443237
    ],
    "rotationMatrix" : [
      -0.9366641044616699,
      0.08804306387901306,
      -0.3389825224876404,
      -0.35022860765457153,
      -0.23324307799339294,
      0.907159149646759,
      0.0008037835359573364,
      0.9684246182441711,
      0.24930539727210999
    ],
    "userAcceleration" : [
      0.018168263137340546,
      0.018961668014526367,
      0.039680153131484985
    ],
    "timestamp" : 235436855583
  },
  {
    "gravity" : [
      -0.0010860203765332699,
      -0.9684502482414246,
      -0.24920432269573212
    ],
    "rotationMatrix" : [
      -0.9363238215446472,
      0.08848929405212402,
      -0.339804083108902,
      -0.3511352837085724,
      -0.23296675086021423,
      0.9068793654441833,
      0.0010860264301300049,
      0.9684502482414246,
      0.2492043673992157
    ],
    "userAcceleration" : [
      0.004229306243360043,
      0.014013051986694336,
      0.03225487470626831
    ],
    "timestamp" : 235436865604
  },
  {
    "gravity" : [
      -0.0010542665841057897,
      -0.9683713912963867,
      -0.2495107352733612
    ],
    "rotationMatrix" : [
      -0.9356300830841064,
      0.08902755379676819,
      -0.3415699601173401,
      -0.3529799282550812,
      -0.23308947682380676,
      0.9061314463615417,
      0.0010542720556259155,
      0.9683713316917419,
      0.2495107352733612
    ],
    "userAcceleration" : [
      0.0022444226779043674,
      0.011813223361968994,
      0.02775472402572632
    ],
    "timestamp" : 235436875625
  },
  {
    "gravity" : [
      -0.0010349361691623926,
      -0.9682972431182861,
      -0.24979829788208008
    ],
    "rotationMatrix" : [
      -0.934812605381012,
      0.08965007960796356,
      -0.3436392545700073,
      -0.35513943433761597,
      -0.23315879702568054,
      0.9052694439888,
      0.0010349452495574951,
      0.9682973027229309,
      0.2497982680797577
    ],
    "userAcceleration" : [
      0.003827281529083848,
      0.014806151390075684,
      0.030148044228553772
    ],
    "timestamp" : 235436885645
  },
  {
    "gravity" : [
      -0.0012360647087916732,
      -0.9683272838592529,
      -0.2496810108423233
    ],
    "rotationMatrix" : [
      -0.9341549277305603,
      0.09022071957588196,
      -0.3452746868133545,
      -0.3568653166294098,
      -0.23281387984752655,
      0.9046793580055237,
      0.001236051321029663,
      0.9683273434638977,
      0.2496810108423233
    ],
    "userAcceleration" : [
      0.0013275868259370327,
      0.01610267162322998,
      0.03718709945678711
    ],
    "timestamp" : 235436895666
  },
  {
    "gravity" : [
      -0.0018023233860731125,
      -0.9685090184211731,
      -0.24897149205207825
    ],
    "rotationMatrix" : [
      -0.93385249376297,
      0.09067577123641968,
      -0.34597232937812805,
      -0.35765305161476135,
      -0.23187889158725739,
      0.9046083092689514,
      0.0018023252487182617,
      0.9685090184211731,
      0.24897150695323944
    ],
    "userAcceleration" : [
      -0.008100644685328007,
      0.0025057196617126465,
      0.04938650131225586
    ],
    "timestamp" : 235436905687
  },
  {
    "gravity" : [
      -0.00268309167586267,
      -0.9688146710395813,
      -0.24777203798294067
    ],
    "rotationMatrix" : [
      -0.933977484703064,
      0.09096290171146393,
      -0.3455604910850525,
      -0.35732215642929077,
      -0.2304864376783371,
      0.9050950407981873,
      0.002683088183403015,
      0.9688146710395813,
      0.24777205288410187
    ],
    "userAcceleration" : [
      -0.0020471462048590183,
      -0.010769009590148926,
      0.060836613178253174
    ],
    "timestamp" : 235436915708
  },
  {
    "gravity" : [
      -0.0036671655252575874,
      -0.9691252112388611,
      -0.24654173851013184
    ],
    "rotationMatrix" : [
      -0.9342187643051147,
      0.09125825762748718,
      -0.3448290228843689,
      -0.3566814959049225,
      -0.22905932366847992,
      0.9057096838951111,
      0.0036671608686447144,
      0.9691252112388611,
      0.24654175341129303
    ],
    "userAcceleration" : [
      0.0008900412358343601,
      -0.00929880142211914,
      0.06293272972106934
    ],
    "timestamp" : 235436925729
  },
  {
    "gravity" : [
      -0.004521788097918034,
      -0.9693103432655334,
      -0.2457984983921051
    ],
    "rotationMatrix" : [
      -0.9344120621681213,
      0.09164218604564667,
      -0.34420281648635864,
      -0.3561648726463318,
      -0.2281205952167511,
      0.9061498045921326,
      0.004521787166595459,
      0.9693103432655334,
      0.2457984983921051
    ],
    "userAcceleration" : [
      0.006947907153517008,
      -0.0037120580673217773,
      0.061426520347595215
    ],
    "timestamp" : 235436935750
  },
  {
    "gravity" : [
      -0.005110580008476973,
      -0.9693285226821899,
      -0.24571526050567627
    ],
    "rotationMatrix" : [
      -0.9344316720962524,
      0.09213198721408844,
      -0.34401893615722656,
      -0.35610562562942505,
      -0.2278459221124649,
      0.9062421321868896,
      0.005110591650009155,
      0.9693285226821899,
      0.24571524560451508
    ],
    "userAcceleration" : [
      0.012358488515019417,
      -0.006974518299102783,
      0.05124199390411377
    ],
    "timestamp" : 235436945771
  },
  {
    "gravity" : [
      -0.005318730603903532,
      -0.9692444205284119,
      -0.24604225158691406
    ],
    "rotationMatrix" : [
      -0.934137761592865,
      0.09262390434741974,
      -0.34468400478363037,
      -0.3568724989891052,
      -0.2280038595199585,
      0.9059006571769714,
      0.005318731069564819,
      0.9692444205284119,
      0.2460421919822693
    ],
    "userAcceleration" : [
      0.012780265882611275,
      -0.013436734676361084,
      0.03374667465686798
    ],
    "timestamp" : 235436955792
  },
  {
    "gravity" : [
      -0.004991251043975353,
      -0.9691406488418579,
      -0.24645763635635376
    ],
    "rotationMatrix" : [
      -0.9336720108985901,
      0.09277363121509552,
      -0.3459034562110901,
      -0.35809385776519775,
      -0.22838391363620758,
      0.9053227305412292,
      0.004991248250007629,
      0.9691405892372131,
      0.24645762145519257
    ],
    "userAcceleration" : [
      0.002397232223302126,
      -0.031484901905059814,
      0.01310497522354126
    ],
    "timestamp" : 235436965813
  },
  {
    "gravity" : [
      -0.004257538355886936,
      -0.9690639972686768,
      -0.24677304923534393
    ],
    "rotationMatrix" : [
      -0.932889461517334,
      0.09272299706935883,
      -0.3480229377746582,
      -0.3601379990577698,
      -0.22873038053512573,
      0.904424250125885,
      0.004257529973983765,
      0.9690640568733215,
      0.24677306413650513
    ],
    "userAcceleration" : [
      -0.005645446013659239,
      -0.04248684644699097,
      0.0065844058990478516
    ],
    "timestamp" : 235436975833
  },
  {
    "gravity" : [
      -0.0033844118006527424,
      -0.9690349698066711,
      -0.24689991772174835
    ],
    "rotationMatrix" : [
      -0.931909441947937,
      0.09260167181491852,
      -0.3506697714328766,
      -0.36267465353012085,
      -0.22890141606330872,
      0.9033664464950562,
      0.003384411334991455,
      0.9690350294113159,
      0.24689993262290955
    ],
    "userAcceleration" : [
      0.0021026572212576866,
      -0.029240667819976807,
      0.012280762195587158
    ],
    "timestamp" : 235436985854
  },
  {
    "gravity" : [
      -0.0027177119627594948,
      -0.9690680503845215,
      -0.24677830934524536
    ],
    "rotationMatrix" : [
      -0.9308760762214661,
      0.09260636568069458,
      -0.35340240597724915,
      -0.3653242588043213,
      -0.22875939309597015,
      0.9023342132568359,
      0.0027177035808563232,
      0.9690680503845215,
      0.24677832424640656
    ],
    "userAcceleration" : [
      0.016893092542886734,
      -0.011309027671813965,
      0.027814701199531555
    ],
    "timestamp" : 235436995875
  },
  {
    "gravity" : [
      -0.002484201220795512,
      -0.9691630005836487,
      -0.24640744924545288
    ],
    "rotationMatrix" : [
      -0.9299672842025757,
      0.09282702207565308,
      -0.355729341506958,
      -0.36763304471969604,
      -0.2282669097185135,
      0.9015207886695862,
      0.0024842023849487305,
      0.9691630005836487,
      0.2464074343442917
    ],
    "userAcceleration" : [
      0.036587584763765335,
      -0.0023334622383117676,
      0.045937493443489075
    ],
    "timestamp" : 235437005896
  },
  {
    "gravity" : [
      -0.002808300545439124,
      -0.9692754149436951,
      -0.24596144258975983
    ],
    "rotationMatrix" : [
      -0.9292963147163391,
      0.09336955845355988,
      -0.35733702778816223,
      -0.36932337284088135,
      -0.22756731510162354,
      0.9010066390037537,
      0.002808302640914917,
      0.9692754149436951,
      0.2459614872932434
    ],
    "userAcceleration" : [
      0.046890925616025925,
      -0.002022683620452881,
      0.06404615938663483
    ],
    "timestamp" : 235437015917
  },
  {
    "gravity" : [
      -0.0036503809969872236,
      -0.9693688750267029,
      -0.2455817461013794
    ],
    "rotationMatrix" : [
      -0.9288601875305176,
      0.09425431489944458,
      -0.3582373857498169,
      -0.37041136622428894,
      -0.22680313885211945,
      0.900752604007721,
      0.003650367259979248,
      0.9693688750267029,
      0.24558179080486298
    ],
    "userAcceleration" : [
      0.04988449811935425,
      -0.02548879384994507,
      0.07594980299472809
    ],
    "timestamp" : 235437025938
  },
  {
    "gravity" : [
      -0.004619318060576916,
      -0.9694291353225708,
      -0.24532799422740936
    ],
    "rotationMatrix" : [
      -0.9285070896148682,
      0.095246821641922,
      -0.3588908314704895,
      -0.37128594517707825,
      -0.22613093256950378,
      0.9005618095397949,
      0.004619315266609192,
      0.9694291353225708,
      0.24532797932624817
    ],
    "userAcceleration" : [
      0.0417896993458271,
      -0.053092777729034424,
      0.05941492319107056
    ],
    "timestamp" : 235437035959
  },
  {
    "gravity" : [
      -0.005382423754781485,
      -0.9694334268569946,
      -0.24529509246349335
    ],
    "rotationMatrix" : [
      -0.9281449317932129,
      0.09613947570323944,
      -0.3595881462097168,
      -0.37217938899993896,
      -0.22573372721672058,
      0.9002923965454102,
      0.005382433533668518,
      0.9694334268569946,
      0.24529507756233215
    ],
    "userAcceleration" : [
      0.02100740373134613,
      -0.06041264533996582,
      0.03295375406742096
    ],
    "timestamp" : 235437045980
  },
  {
    "gravity" : [
      -0.005797212012112141,
      -0.9693747162818909,
      -0.2455177903175354
    ],
    "rotationMatrix" : [
      -0.9276602864265442,
      0.09688782691955566,
      -0.3606368899345398,
      -0.37338000535964966,
      -0.2256663739681244,
      0.8998122215270996,
      0.005797192454338074,
      0.9693747758865356,
      0.2455178201198578
    ],
    "userAcceleration" : [
      0.00942879356443882,
      -0.07473838329315186,
      0.0246925950050354
    ],
    "timestamp" : 235437056001
  },
  {
    "gravity" : [
      -0.005875774193555117,
      -0.9692957997322083,
      -0.24582695960998535
    ],
    "rotationMatrix" : [
      -0.9270856976509094,
      0.09741997718811035,
      -0.36196792125701904,
      -0.37480250000953674,
      -0.2257756143808365,
      0.8991929888725281,
      0.005875766277313232,
      0.9692957997322083,
      0.24582700431346893
    ],
    "userAcceleration" : [
      0.018281152471899986,
      -0.0871921181678772,
      0.010872140526771545
    ],
    "timestamp" : 235437066022
  },
  {
    "gravity" : [
      -0.005628535058349371,
      -0.9692569375038147,
      -0.24598602950572968
    ],
    "rotationMatrix" : [
      -0.9262869954109192,
      0.09773814678192139,
      -0.3639221489429474,
      -0.3767763078212738,
      -0.22580517828464508,
      0.8983604907989502,
      0.005628526210784912,
      0.9692569971084595,
      0.24598602950572968
    ],
    "userAcceleration" : [
      0.028211522847414017,
      -0.08147847652435303,
      -0.01019376516342163
    ],
    "timestamp" : 235437076042
  },
  {
    "gravity" : [
      -0.005239538382738829,
      -0.9692851305007935,
      -0.24588334560394287
    ],
    "rotationMatrix" : [
      -0.9253095388412476,
      0.09793485701084137,
      -0.3663472533226013,
      -0.3791755437850952,
      -0.22559839487075806,
      0.8974022269248962,
      0.005239546298980713,
      0.9692850708961487,
      0.2458832859992981
    ],
    "userAcceleration" : [
      0.023504285141825676,
      -0.06750369071960449,
      -0.019802674651145935
    ],
    "timestamp" : 235437086063
  },
  {
    "gravity" : [
      -0.004908549599349499,
      -0.969414234161377,
      -0.24538102746009827
    ],
    "rotationMatrix" : [
      -0.9242775440216064,
      0.0980597585439682,
      -0.36891067028045654,
      -0.38168931007385254,
      -0.22498926520347595,
      0.8964892625808716,
      0.004908546805381775,
      0.969414234161377,
      0.24538102746009827
    ],
    "userAcceleration" : [
      0.029063181951642036,
      -0.06504005193710327,
      -0.01896226406097412
    ],
    "timestamp" : 235437096084
  },
  {
    "gravity" : [
      -0.004741467069834471,
      -0.9696432948112488,
      -0.24447807669639587
    ],
    "rotationMatrix" : [
      -0.9233102798461914,
      0.09813310205936432,
      -0.37130624055862427,
      -0.3840259909629822,
      -0.22396868467330933,
      0.8957467079162598,
      0.004741474986076355,
      0.969643235206604,
      0.2444780468940735
    ],
    "userAcceleration" : [
      0.02500511147081852,
      -0.062415480613708496,
      -0.014478892087936401
    ],
    "timestamp" : 235437106105
  },
  {
    "gravity" : [
      -0.004799249581992626,
      -0.9699156880378723,
      -0.2433936595916748
    ],
    "rotationMatrix" : [
      -0.9224534630775452,
      0.098265141248703,
      -0.3733944296836853,
      -0.38607823848724365,
      -0.2227272391319275,
      0.8951737284660339,
      0.004799246788024902,
      0.9699156880378723,
      0.2433936595916748
    ],
    "userAcceleration" : [
      0.017143595963716507,
      -0.06032717227935791,
      0.0025947093963623047
    ],
    "timestamp" : 235437116126
  },
  {
    "gravity" : [
      -0.0050401329062879086,
      -0.9701560139656067,
      -0.2424290031194687
    ],
    "rotationMatrix" : [
      -0.9216693043708801,
      0.09855793416500092,
      -0.37524905800819397,
      -0.38794344663619995,
      -0.22154802083969116,
      0.8946598172187805,
      0.0050401389598846436,
      0.9701560139656067,
      0.24242901802062988
    ],
    "userAcceleration" : [
      0.013554522767663002,
      -0.06278765201568604,
      0.018582582473754883
    ],
    "timestamp" : 235437126147
  },
  {
    "gravity" : [
      -0.005440940614789724,
      -0.9703059792518616,
      -0.24181951582431793
    ],
    "rotationMatrix" : [
      -0.9210051894187927,
      0.09905688464641571,
      -0.376745343208313,
      -0.3895121216773987,
      -0.22066709399223328,
      0.8941958546638489,
      0.005440950393676758,
      0.9703059792518616,
      0.24181947112083435
    ],
    "userAcceleration" : [
      0.008462151512503624,
      -0.06785619258880615,
      0.03349125385284424
    ],
    "timestamp" : 235437136168
  },
  {
    "gravity" : [
      -0.005998887121677399,
      -0.9703665971755981,
      -0.24156247079372406
    ],
    "rotationMatrix" : [
      -0.9204839468002319,
      0.09974828362464905,
      -0.3778343200683594,
      -0.3907333016395569,
      -0.22008751332759857,
      0.8938055634498596,
      0.005998894572257996,
      0.9703665375709534,
      0.24156250059604645
    ],
    "userAcceleration" : [
      0.00981355831027031,
      -0.0754401683807373,
      0.03714050352573395
    ],
    "timestamp" : 235437146189
  },
  {
    "gravity" : [
      -0.006692342925816774,
      -0.9703877568244934,
      -0.2414594441652298
    ],
    "rotationMatrix" : [
      -0.9201212525367737,
      0.10052964091300964,
      -0.3785107731819153,
      -0.3915760815143585,
      -0.21963872015476227,
      0.8935473561286926,
      0.006692349910736084,
      0.9703877568244934,
      0.2414594143629074
    ],
    "userAcceleration" : [
      0.011163156479597092,
      -0.07641083002090454,
      0.013691484928131104
    ],
    "timestamp" : 235437156210
  },
  {
    "gravity" : [
      -0.007544039282947779,
      -0.9703924059867859,
      -0.24141563475131989
    ],
    "rotationMatrix" : [
      -0.9197226166725159,
      0.10149338841438293,
      -0.3792215883731842,
      -0.39249587059020996,
      -0.21917441487312317,
      0.8932576775550842,
      0.007544040679931641,
      0.9703924059867859,
      0.24141564965248108
    ],
    "userAcceleration" : [
      0.011145103722810745,
      -0.07300347089767456,
      -0.021752700209617615
    ],
    "timestamp" : 235437166230
  },
  {
    "gravity" : [
      -0.008438371121883392,
      -0.9704099297523499,
      -0.241315558552742
    ],
    "rotationMatrix" : [
      -0.9192588329315186,
      0.10250765085220337,
      -0.38007256388664246,
      -0.393562912940979,
      -0.21862417459487915,
      0.8929230570793152,
      0.00843837857246399,
      0.9704099297523499,
      0.2413155436515808
    ],
    "userAcceleration" : [
      0.014938591048121452,
      -0.07281816005706787,
      -0.05166846513748169
    ],
    "timestamp" : 235437176251
  },
  {
    "gravity" : [
      -0.00914624985307455,
      -0.9704890847206116,
      -0.24097172915935516
    ],
    "rotationMatrix" : [
      -0.9185812473297119,
      0.10337670147418976,
      -0.3814736306667328,
      -0.3951268196105957,
      -0.21786318719387054,
      0.8924184441566467,
      0.009146243333816528,
      0.9704890847206116,
      0.24097169935703278
    ],
    "userAcceleration" : [
      0.005102656781673431,
      -0.0834965705871582,
      -0.07952389121055603
    ],
    "timestamp" : 235437186273
  },
  {
    "gravity" : [
      -0.009573523886501789,
      -0.970628559589386,
      -0.24039217829704285
    ],
    "rotationMatrix" : [
      -0.9177339673042297,
      0.10399232804775238,
      -0.3833402395248413,
      -0.3970799446105957,
      -0.216946080327034,
      0.8917745351791382,
      0.009573519229888916,
      0.9706286191940308,
      0.24039219319820404
    ],
    "userAcceleration" : [
      -0.00365586020052433,
      -0.09263426065444946,
      -0.08968591690063477
    ],
    "timestamp" : 235437196294
  },
  {
    "gravity" : [
      -0.009653729386627674,
      -0.9707674384117126,
      -0.23982757329940796
    ],
    "rotationMatrix" : [
      -0.916725754737854,
      0.10438789427280426,
      -0.3856378197669983,
      -0.3993997573852539,
      -0.21613305807113647,
      0.890935480594635,
      0.009653732180595398,
      0.9707674384117126,
      0.23982757329940796
    ],
    "userAcceleration" : [
      -0.002797466702759266,
      -0.09460115432739258,
      -0.08236175775527954
    ],
    "timestamp" : 235437206315
  },
  {
    "gravity" : [
      -0.00936553068459034,
      -0.9708435535430908,
      -0.2395305633544922
    ],
    "rotationMatrix" : [
      -0.9156051874160767,
      0.10461805760860443,
      -0.3882289528846741,
      -0.4019688367843628,
      -0.21567928791046143,
      0.8898894190788269,
      0.00936552882194519,
      0.970843493938446,
      0.2395305633544922
    ],
    "userAcceleration" : [
      -0.0014682328328490257,
      -0.09392988681793213,
      -0.06373785436153412
    ],
    "timestamp" : 235437216336
  },
  {
    "gravity" : [
      -0.008831728249788284,
      -0.9708234071731567,
      -0.23963291943073273
    ],
    "rotationMatrix" : [
      -0.9144126176834106,
      0.1048247367143631,
      -0.39097487926483154,
      -0.4046870470046997,
      -0.2156703919172287,
      0.8886590003967285,
      0.008831724524497986,
      0.9708234071731567,
      0.23963291943073273
    ],
    "userAcceleration" : [
      0.0070769526064395905,
      -0.09163075685501099,
      -0.03868740797042847
    ],
    "timestamp" : 235437226357
  },
  {
    "gravity" : [
      -0.008339783176779747,
      -0.9707286953926086,
      -0.24003402888774872
    ],
    "rotationMatrix" : [
      -0.9132088422775269,
      0.10519185662269592,
      -0.39368078112602234,
      -0.40740683674812317,
      -0.21591804921627045,
      0.8873552083969116,
      0.008339792490005493,
      0.9707287549972534,
      0.24003399908542633
    ],
    "userAcceleration" : [
      0.02130972221493721,
      -0.08530163764953613,
      -0.020280927419662476
    ],
    "timestamp" : 235437236378
  },
  {
    "gravity" : [
      -0.008211132138967514,
      -0.9706400632858276,
      -0.24039611220359802
    ],
    "rotationMatrix" : [
      -0.9121128916740417,
      0.10580456256866455,
      -0.3960492014884949,
