[
  {
    "timestamp" : 235496691125,
    "rotationMatrix" : [
      0.4666069746017456,
      0.3907090723514557,
      -0.7934886813163757,
      -0.882790207862854,
      0.15055221319198608,
      -0.44498926401138306,
      -0.05439990758895874,
      0.9081191420555115,
      0.41516292095184326
    ],
    "userAcceleration" : [
      -0.11073543131351471,
      -0.05223846435546875,
      -0.035444438457489014
    ],
    "gravity" : [
      0.05439992621541023,
      -0.9081191420555115,
      -0.41516292095184326
    ]
  },
  {
    "timestamp" : 235496701147,
    "rotationMatrix" : [
      0.46972471475601196,
      0.39039346575737,
      -0.791802704334259,
      -0.8810181617736816,
      0.15013539791107178,
      -0.4486270546913147,
      -0.056263506412506104,
      0.9083238244056702,
      0.41446608304977417
    ],
    "userAcceleration" : [
      -0.09988842904567719,
      -0.04148989915847778,
      -0.008904337882995605
    ],
    "gravity" : [
      0.056263502687215805,
      -0.9083238244056702,
      -0.41446608304977417
    ]
  },
  {
    "timestamp" : 235496711168,
    "rotationMatrix" : [
      0.47256579995155334,
      0.3899351954460144,
      -0.7903366088867188,
      -0.8794011473655701,
      0.1498751938343048,
      -0.4518747925758362,
      -0.057750165462493896,
      0.9085635542869568,
      0.41373544931411743
    ],
    "userAcceleration" : [
      -0.07650329172611237,
      -0.03423112630844116,
      0.028420478105545044
    ],
    "gravity" : [
      0.05775018036365509,
      -0.9085635542869568,
      -0.41373544931411743
    ]
  },
  {
    "timestamp" : 235496721189,
    "rotationMatrix" : [
      0.4745290279388428,
      0.3891226053237915,
      -0.7895605564117432,
      -0.8783000707626343,
      0.1497933268547058,
      -0.45403853058815,
      -0.058405786752700806,
      0.9089255332946777,
      0.41284769773483276
    ],
    "userAcceleration" : [
      -0.05393499135971069,
      -0.027002811431884766,
      0.05341160297393799
    ],
    "gravity" : [
      0.058405764400959015,
      -0.908925473690033,
      -0.41284772753715515
    ]
  },
  {
    "timestamp" : 235496731210,
    "rotationMatrix" : [
      0.4753870666027069,
      0.3878011107444763,
      -0.7896944284439087,
      -0.8778566718101501,
      0.14982202649116516,
      -0.45488548278808594,
      -0.058091580867767334,
      0.9094852209091187,
      0.4116573929786682
    ],
    "userAcceleration" : [
      -0.0372939333319664,
      -0.02961677312850952,
      0.06046101450920105
    ],
    "gravity" : [
      0.058091599494218826,
      -0.9094852209091187,
      -0.4116573929786682
    ]
  },
  {
    "timestamp" : 235496741231,
    "rotationMatrix" : [
      0.4754941463470459,
      0.38603562116622925,
      -0.7904946208000183,
      -0.877870500087738,
      0.14999791979789734,
      -0.45480096340179443,
      -0.05699688196182251,
      0.9102071523666382,
      0.4102124869823456
    ],
    "userAcceleration" : [
      -0.02287827804684639,
      -0.04088836908340454,
      0.04822814464569092
    ],
    "gravity" : [
      0.056996867060661316,
      -0.9102071523666382,
      -0.4102124869823456
    ]
  },
  {
    "timestamp" : 235496751253,
    "rotationMatrix" : [
      0.47545909881591797,
      0.3840881586074829,
      -0.7914637327194214,
      -0.8779811859130859,
      0.15034398436546326,
      -0.45447275042533875,
      -0.05556592345237732,
      0.9109734296798706,
      0.4087046980857849
    ],
    "userAcceleration" : [
      -0.027108371257781982,
      -0.04837697744369507,
      0.027418047189712524
    ],
    "gravity" : [
      0.05556594580411911,
      -0.9109734892845154,
      -0.4087047278881073
    ]
  },
  {
    "timestamp" : 235496761274,
    "rotationMatrix" : [
      0.4758647084236145,
      0.3821655809879303,
      -0.7921502590179443,
      -0.8778414726257324,
      0.15078550577163696,
      -0.4545963406562805,
      -0.05428647994995117,
      0.9117087721824646,
      0.40723443031311035
    ],
    "userAcceleration" : [
      -0.039851728826761246,
      -0.058872103691101074,
      -0.005546391010284424
    ],
    "gravity" : [
      0.05428646504878998,
      -0.9117087721824646,
      -0.40723440051078796
    ]
  },
  {
    "timestamp" : 235496771295,
    "rotationMatrix" : [
      0.47703349590301514,
      0.3803204894065857,
      -0.7923352718353271,
      -0.8772522807121277,
      0.15111684799194336,
      -0.4556225836277008,
      -0.05354750156402588,
      0.9124252796173096,
      0.4057249426841736
    ],
    "userAcceleration" : [
      -0.06120746582746506,
      -0.06822651624679565,
      -0.038687318563461304
    ],
    "gravity" : [
      0.05354749783873558,
      -0.9124252200126648,
      -0.4057249426841736
    ]
  },
  {
    "timestamp" : 235496781316,
    "rotationMatrix" : [
      0.4786733388900757,
      0.3784540295600891,
      -0.7922400236129761,
      -0.8763670325279236,
      0.15105855464935303,
      -0.4573422372341156,
      -0.05340847373008728,
      0.9132106304168701,
      0.40397244691848755
    ],
    "userAcceleration" : [
      -0.08568088710308075,
      -0.07908356189727783,
      -0.05655309557914734
    ],
    "gravity" : [
      0.05340847745537758,
      -0.9132106304168701,
      -0.40397244691848755
    ]
  },
  {
    "timestamp" : 235496791337,
    "rotationMatrix" : [
      0.48036229610443115,
      0.3763245642185211,
      -0.792232096195221,
      -0.8754249811172485,
      0.15042489767074585,
      -0.4593507945537567,
      -0.05369377136230469,
      0.9141945838928223,
      0.40170252323150635
    ],
    "userAcceleration" : [
      -0.10412411391735077,
      -0.09109997749328613,
      -0.05859410762786865
    ],
    "gravity" : [
      0.05369376391172409,
      -0.914194643497467,
      -0.40170252323150635
    ]
  },
  {
    "timestamp" : 235496801359,
    "rotationMatrix" : [
      0.4816874861717224,
      0.373813271522522,
      -0.7926163673400879,
      -0.8746646642684937,
      0.1491255760192871,
      -0.4612191319465637,
      -0.05421057343482971,
      0.9154370427131653,
      0.3987932801246643
    ],
    "userAcceleration" : [
      -0.1102408766746521,
      -0.09860092401504517,
      -0.05131050944328308
    ],
    "gravity" : [
      0.054210543632507324,
      -0.9154370427131653,
      -0.3987932503223419
    ]
  },
  {
    "timestamp" : 235496811380,
    "rotationMatrix" : [
      0.4826217591762543,
      0.3711254298686981,
      -0.7933107614517212,
      -0.8741092681884766,
      0.1473749876022339,
      -0.46283185482025146,
      -0.05485460162162781,
      0.9168131351470947,
      0.39553067088127136
    ],
    "userAcceleration" : [
      -0.10060053318738937,
      -0.09885752201080322,
      -0.028923064470291138
    ],
    "gravity" : [
      0.054854609072208405,
      -0.9168131351470947,
      -0.39553070068359375
    ]
  },
  {
    "timestamp" : 235496821401,
    "rotationMatrix" : [
      0.48312079906463623,
      0.3686152696609497,
      -0.7941769361495972,
      -0.8737877607345581,
      0.14540696144104004,
      -0.46406006813049316,
      -0.05558076500892639,
      0.9181392192840576,
      0.39234066009521484
    ],
    "userAcceleration" : [
      -0.08226846158504486,
      -0.09261816740036011,
      0.001212000846862793
    ],
    "gravity" : [
      0.05558077245950699,
      -0.9181392192840576,
      -0.39234066009521484
    ]
  },
  {
    "timestamp" : 235496831422,
    "rotationMatrix" : [
      0.48352211713790894,
      0.36643853783607483,
      -0.7949395775794983,
      -0.8735154867172241,
      0.1435176134109497,
      -0.4651593565940857,
      -0.056364595890045166,
      0.9193069338798523,
      0.3894837498664856
    ],
    "userAcceleration" : [
      -0.06475698947906494,
      -0.08372944593429565,
      0.024935990571975708
    ],
    "gravity" : [
      0.05636458843946457,
      -0.9193069338798523,
      -0.3894837498664856
    ]
  },
  {
    "timestamp" : 235496841443,
    "rotationMatrix" : [
      0.483712375164032,
      0.3645836114883423,
      -0.7956764698028564,
      -0.8733584880828857,
      0.14169269800186157,
      -0.46601277589797974,
      -0.0571591854095459,
      0.9203270077705383,
      0.3869507908821106
    ],
    "userAcceleration" : [
      -0.04895000904798508,
      -0.08011537790298462,
      0.03410652279853821
    ],
    "gravity" : [
      0.0571591816842556,
      -0.9203270077705383,
      -0.3869507908821106
    ]
  },
  {
    "timestamp" : 235496851465,
    "rotationMatrix" : [
      0.4838164448738098,
      0.36279430985450745,
      -0.7964307069778442,
      -0.8732562065124512,
      0.13998162746429443,
      -0.4667212963104248,
      -0.05783817172050476,
      0.9212955236434937,
      0.38453781604766846
    ],
    "userAcceleration" : [
      -0.04196909815073013,
      -0.07763630151748657,
      0.029755592346191406
    ],
    "gravity" : [
      0.05783817172050476,
      -0.9212954640388489,
      -0.38453781604766846
    ]
  },
  {
    "timestamp" : 235496861486,
    "rotationMatrix" : [
      0.48375681042671204,
      0.36073407530784607,
      -0.7974021434783936,
      -0.8732544183731079,
      0.13819226622581482,
      -0.46725744009017944,
      -0.058360904455184937,
      0.9223739504814148,
      0.38186413049697876
    ],
    "userAcceleration" : [
      -0.045024801045656204,
      -0.07626789808273315,
      0.004208981990814209
    ],
    "gravity" : [
      0.05836092308163643,
      -0.9223739504814148,
      -0.38186413049697876
    ]
  },
  {
    "timestamp" : 235496871507,
    "rotationMatrix" : [
      0.48373520374298096,
      0.3582242429256439,
      -0.7985458374023438,
      -0.8732346296310425,
      0.13621199131011963,
      -0.46787524223327637,
      -0.05883285403251648,
      0.9236457347869873,
      0.3787044882774353
    ],
    "userAcceleration" : [
      -0.050226952880620956,
      -0.07668983936309814,
      -0.027499765157699585
    ],
    "gravity" : [
      0.058832839131355286,
      -0.9236457347869873,
      -0.3787044882774353
    ]
  },
  {
    "timestamp" : 235496881528,
    "rotationMatrix" : [
      0.4838317036628723,
      0.35533908009529114,
      -0.7997756600379944,
      -0.8731462955474854,
      0.13402065634727478,
      -0.4686727523803711,
      -0.05935126543045044,
      0.9250798225402832,
      0.3751063942909241
    ],
    "userAcceleration" : [
      -0.058924075216054916,
      -0.07087653875350952,
      -0.0430760383605957
    ],
    "gravity" : [
      0.05935126170516014,
      -0.9250798225402832,
      -0.3751063942909241
    ]
  },
  {
    "timestamp" : 235496891549,
    "rotationMatrix" : [
      0.4844227433204651,
      0.3521837294101715,
      -0.8008127808570862,
      -0.8727779388427734,
      0.13183525204658508,
      -0.4699764847755432,
      -0.05994284152984619,
      0.9265990853309631,
      0.3712422847747803
    ],
    "userAcceleration" : [
      -0.055838268250226974,
      -0.06453543901443481,
      -0.044559746980667114
    ],
    "gravity" : [
      0.059942811727523804,
      -0.9265990853309631,
      -0.3712422847747803
    ]
  },
  {
    "timestamp" : 235496901571,
    "rotationMatrix" : [
      0.48516330122947693,
      0.3489365577697754,
      -0.8017853498458862,
      -0.8723212480545044,
      0.12959396839141846,
      -0.47144556045532227,
      -0.06059810519218445,
      0.9281425476074219,
      0.36725905537605286
    ],
    "userAcceleration" : [
      -0.05335022881627083,
      -0.059955477714538574,
      -0.03165155649185181
    ],
    "gravity" : [
      0.06059809774160385,
      -0.9281425476074219,
      -0.36725905537605286
    ]
  },
  {
    "timestamp" : 235496911592,
    "rotationMatrix" : [
      0.4859696626663208,
      0.34568092226982117,
      -0.8027067184448242,
      -0.8718210458755493,
      0.12728890776634216,
      -0.4729961156845093,
      -0.061330199241638184,
      0.9296784400939941,
      0.36323052644729614
    ],
    "userAcceleration" : [
      -0.04936733841896057,
      -0.06389749050140381,
      -0.015584200620651245
    ],
    "gravity" : [
      0.06133018061518669,
      -0.9296784400939941,
      -0.36323055624961853
    ]
  },
  {
    "timestamp" : 235496921613,
    "rotationMatrix" : [
      0.4867074191570282,
      0.3424721956253052,
      -0.803634524345398,
      -0.8713477849960327,
      0.12482267618179321,
      -0.47452300786972046,
      -0.06219920516014099,
      0.9311991333961487,
      0.35916462540626526
    ],
    "userAcceleration" : [
      -0.05228108540177345,
      -0.06918221712112427,
      -0.006497085094451904
    ],
    "gravity" : [
      0.06219923496246338,
      -0.9311991333961487,
      -0.35916462540626526
    ]
  },
  {
    "timestamp" : 235496931634,
    "rotationMatrix" : [
      0.48762744665145874,
      0.33925169706344604,
      -0.8044425249099731,
      -0.8707568049430847,
      0.12221765518188477,
      -0.47628313302993774,
      -0.06326267123222351,
      0.9327225089073181,
      0.35500234365463257
    ],
    "userAcceleration" : [
      -0.053222447633743286,
      -0.06865072250366211,
      -0.009286046028137207
    ],
    "gravity" : [
      0.06326267868280411,
      -0.9327224493026733,
      -0.35500237345695496
    ]
  },
  {
    "timestamp" : 235496941655,
    "rotationMatrix" : [
      0.48885950446128845,
      0.3359784483909607,
      -0.8050682544708252,
      -0.8699687123298645,
      0.11944067478179932,
      -0.47842276096343994,
      -0.06458190083503723,
      0.9342657327651978,
      0.3506804406642914
    ],
    "userAcceleration" : [
      -0.056250616908073425,
      -0.06201106309890747,
      -0.011807441711425781
    ],
    "gravity" : [
      0.06458186358213425,
      -0.9342657327651978,
      -0.350680410861969
    ]
  },
  {
    "timestamp" : 235496951676,
    "rotationMatrix" : [
      0.49032044410705566,
      0.3325865864753723,
      -0.805587887763977,
      -0.8690374493598938,
      0.1165456473827362,
      -0.4808230996131897,
      -0.06602761149406433,
      0.9358435273170471,
      0.3461749851703644
    ],
    "userAcceleration" : [
      -0.06379988044500351,
      -0.055291056632995605,
      -0.009888887405395508
    ],
    "gravity" : [
      0.06602761149406433,
      -0.9358435273170471,
      -0.3461749851703644
    ]
  },
  {
    "timestamp" : 235496961698,
    "rotationMatrix" : [
      0.49139323830604553,
      0.32889094948768616,
      -0.8064512014389038,
      -0.8683334589004517,
      0.11345350742340088,
      -0.48283061385154724,
      -0.067303866147995,
      0.937528133392334,
      0.3413372337818146
    ],
    "userAcceleration" : [
      -0.06153607368469238,
      -0.04368823766708374,
      0.0007915198802947998
    ],
    "gravity" : [
      0.0673038586974144,
      -0.9375281929969788,
      -0.3413372337818146
    ]
  },
  {
    "timestamp" : 235496971719,
    "rotationMatrix" : [
      0.4918670058250427,
      0.32469022274017334,
      -0.8078633546829224,
      -0.8679916858673096,
      0.11013558506965637,
      -0.4842112064361572,
      -0.06824418902397156,
      0.9393861293792725,
      0.3360004723072052
    ],
    "userAcceleration" : [
      -0.04613427072763443,
      -0.03655064105987549,
      0.0052051544189453125
    ],
    "gravity" : [
      0.06824419647455215,
      -0.9393861889839172,
      -0.3360004723072052
    ]
  },
  {
    "timestamp" : 235496981740,
    "rotationMatrix" : [
      0.4923505187034607,
      0.3199840188026428,
      -0.8094449639320374,
      -0.8676661849021912,
      0.10682642459869385,
      -0.485534131526947,
      -0.06889307498931885,
      0.94138103723526,
      0.33023542165756226
    ],
    "userAcceleration" : [
      -0.038207732141017914,
      -0.030023932456970215,
      0.0047043561935424805
    ],
    "gravity" : [
      0.06889309734106064,
      -0.94138103723526,
      -0.33023542165756226
    ]
  },
  {
    "timestamp" : 235496991761,
    "rotationMatrix" : [
      0.49283671379089355,
      0.31500792503356934,
      -0.8110991716384888,
      -0.8673532009124756,
      0.10355076193809509,
      -0.4868013262748718,
      -0.06935641169548035,
      0.9434230923652649,
      0.3242568075656891
    ],
    "userAcceleration" : [
      -0.03766392916440964,
      -0.019604742527008057,
      0.009681522846221924
    ],
    "gravity" : [
      0.06935638189315796,
      -0.9434230923652649,
      -0.3242568075656891
    ]
  },
  {
    "timestamp" : 235497001782,
    "rotationMatrix" : [
      0.49344033002853394,
      0.3098994493484497,
      -0.8126986026763916,
      -0.8669748306274414,
      0.10026663541793823,
      -0.48816102743148804,
      -0.06979432702064514,
      0.9454675316810608,
      0.3181506395339966
    ],
    "userAcceleration" : [
      -0.03836129605770111,
      -0.016019225120544434,
      0.013432562351226807
    ],
    "gravity" : [
      0.06979433447122574,
      -0.9454675316810608,
      -0.31815066933631897
    ]
  },
  {
    "timestamp" : 235497011804,
    "rotationMatrix" : [
      0.4940071702003479,
      0.3047982454299927,
      -0.8142818212509155,
      -0.8666003942489624,
      0.09674549102783203,
      -0.4895343780517578,
      -0.07043120265007019,
      0.9474904537200928,
      0.311931312084198
    ],
    "userAcceleration" : [
      -0.05106786638498306,
      -0.022403836250305176,
      0.016353189945220947
    ],
    "gravity" : [
      0.07043121755123138,
      -0.9474905133247375,
      -0.3119312822818756
    ]
  },
  {
    "timestamp" : 235497021825,
    "rotationMatrix" : [
      0.49381619691848755,
      0.2999155819416046,
      -0.8162083625793457,
      -0.866634726524353,
      0.092734694480896,
      -0.49024930596351624,
      -0.07134261727333069,
      0.9494476318359375,
      0.30571120977401733
    ],
    "userAcceleration" : [
      -0.06494925171136856,
      -0.028991639614105225,
      0.04281747341156006
    ],
    "gravity" : [
      0.07134262472391129,
      -0.9494476318359375,
      -0.30571120977401733
    ]
  },
  {
    "timestamp" : 235497031846,
    "rotationMatrix" : [
      0.49355462193489075,
      0.29536888003349304,
      -0.8180225491523743,
      -0.8666839599609375,
      0.08858206868171692,
      -0.4909294843673706,
      -0.07254338264465332,
      0.9512676000595093,
      0.2997117042541504
    ],
    "userAcceleration" : [
      -0.0661499872803688,
      -0.027171552181243896,
      0.03681793808937073
    ],
    "gravity" : [
      0.07254336029291153,
      -0.9512676000595093,
      -0.299711674451828
    ]
  },
  {
    "timestamp" : 235497041867,
    "rotationMatrix" : [
      0.4952935576438904,
      0.29084524512290955,
      -0.8185923099517822,
      -0.865585446357727,
      0.08517530560493469,
      -0.49346432089805603,
      -0.07379791140556335,
      0.9529712200164795,
      0.29393821954727173
    ],
    "userAcceleration" : [
      -0.057669445872306824,
      -0.025345921516418457,
      0.0525745153427124
    ],
    "gravity" : [
      0.07379791885614395,
      -0.9529712796211243,
      -0.29393815994262695
    ]
  },
  {
    "timestamp" : 235497051888,
    "rotationMatrix" : [
      0.49507421255111694,
      0.28649330139160156,
      -0.8202579021453857,
      -0.8656082153320312,
      0.0811510682106018,
      -0.49410194158554077,
      -0.07499215006828308,
      0.9546391367912292,
      0.28816676139831543
    ],
    "userAcceleration" : [
      -0.043681174516677856,
      -0.0197717547416687,
      0.05142667889595032
    ],
    "gravity" : [
      0.07499214261770248,
      -0.9546391367912292,
      -0.2881668210029602
    ]
  },
  {
    "timestamp" : 235497061910,
    "rotationMatrix" : [
      0.4946298599243164,
      0.28192609548568726,
      -0.8221064805984497,
      -0.8657676577568054,
      0.0770348310470581,
      -0.49448150396347046,
      -0.07607641816139221,
      0.9563384652137756,
      0.28218626976013184
    ],
    "userAcceleration" : [
      -0.03460308909416199,
      -0.00560605525970459,
      0.03162163496017456
    ],
    "gravity" : [
      0.07607641816139221,
      -0.9563384652137756,
      -0.28218626976013184
    ]
  },
  {
    "timestamp" : 235497071931,
    "rotationMatrix" : [
      0.4944755434989929,
      0.27710336446762085,
      -0.823837161064148,
      -0.8657607436180115,
      0.07288855314254761,
      -0.4951219856739044,
      -0.07715156674385071,
      0.9580715894699097,
      0.2759467363357544
    ],
    "userAcceleration" : [
      -0.03746354579925537,
      0.006624996662139893,
      0.017264455556869507
    ],
    "gravity" : [
      0.0771515890955925,
      -0.9580715298652649,
      -0.27594679594039917
    ]
  },
  {
    "timestamp" : 235497081952,
    "rotationMatrix" : [
      0.49389904737472534,
      0.2723488211631775,
      -0.8257661461830139,
      -0.8659753203392029,
      0.06841340661048889,
      -0.49538475275039673,
      -0.07842409610748291,
      0.95976322889328,
      0.26963675022125244
    ],
    "userAcceleration" : [
      -0.05457467585802078,
      0.00524979829788208,
      0.017515748739242554
    ],
    "gravity" : [
      0.07842408865690231,
      -0.95976322889328,
      -0.2696368098258972
    ]
  },
  {
    "timestamp" : 235497091973,
    "rotationMatrix" : [
      0.49392169713974,
      0.2677153944969177,
      -0.8272663354873657,
      -0.8658357262611389,
      0.06410473585128784,
      -0.4962043762207031,
      -0.0798099935054779,
      0.9613629579544067,
      0.2634603977203369
    ],
    "userAcceleration" : [
      -0.06886950880289078,
      0.0009902119636535645,
      0.03196921944618225
    ],
    "gravity" : [
      0.0798099935054779,
      -0.9613629579544067,
      -0.2634603977203369
    ]
  },
  {
    "timestamp" : 235497101994,
    "rotationMatrix" : [
      0.49309301376342773,
      0.2632659673690796,
      -0.8291864991188049,
      -0.8661812543869019,
      0.059633880853652954,
      -0.49615901708602905,
      -0.08117419481277466,
      0.962878406047821,
      0.25744113326072693
    ],
    "userAcceleration" : [
      -0.06466425210237503,
      0.0031769275665283203,
      0.052027225494384766
    ],
    "gravity" : [
      0.08117418736219406,
      -0.962878406047821,
      -0.25744113326072693
    ]
  },
  {
    "timestamp" : 235497112016,
    "rotationMatrix" : [
      0.49194908142089844,
      0.2588314116001129,
      -0.8312594294548035,
      -0.8667162656784058,
      0.05523720383644104,
      -0.4957333505153656,
      -0.08239507675170898,
      0.9643416404724121,
      0.25150740146636963
    ],
    "userAcceleration" : [
      -0.040357157588005066,
      0.018495261669158936,
      0.06176424026489258
    ],
    "gravity" : [
      0.08239506185054779,
      -0.9643417000770569,
      -0.25150734186172485
    ]
  },
  {
    "timestamp" : 235497122037,
    "rotationMatrix" : [
      0.4910547137260437,
      0.2543567717075348,
      -0.833167314529419,
      -0.8671293258666992,
      0.05118122696876526,
      -0.49544617533683777,
      -0.08337774872779846,
      0.9657549858093262,
      0.2456931322813034
    ],
    "userAcceleration" : [
      -0.03219982981681824,
      0.029994726181030273,
      0.05019739270210266
    ],
    "gravity" : [
      0.08337774127721786,
      -0.965755045413971,
      -0.24569310247898102
    ]
  },
  {
    "timestamp" : 235497132058,
    "rotationMatrix" : [
      0.48951274156570435,
      0.24985593557357788,
      -0.8354334831237793,
      -0.8679364323616028,
      0.04726886749267578,
      -0.49442046880722046,
      -0.08404409885406494,
      0.967128336429596,
      0.23999793827533722
    ],
    "userAcceleration" : [
      -0.032866209745407104,
      0.03136807680130005,
      0.04450221359729767
    ],
    "gravity" : [
      0.08404410630464554,
      -0.9671283960342407,
      -0.23999789357185364
    ]
  },
  {
    "timestamp" : 235497142079,
    "rotationMatrix" : [
      0.48833560943603516,
      0.24507734179496765,
      -0.8375352621078491,
      -0.8685617446899414,
      0.0436423122882843,
      -0.4936554431915283,
      -0.08443185687065125,
      0.9685206413269043,
      0.23417696356773376
    ],
    "userAcceleration" : [
      -0.03325396776199341,
      0.03276026248931885,
      0.0386812686920166
    ],
    "gravity" : [
      0.08443188667297363,
      -0.9685206413269043,
      -0.23417696356773376
    ]
  },
  {
    "timestamp" : 235497152100,
    "rotationMatrix" : [
      0.4876369833946228,
      0.2399105727672577,
      -0.8394361734390259,
      -0.8689299821853638,
      0.040108680725097656,
      -0.4933071732521057,
      -0.08468091487884521,
      0.9699661135673523,
      0.2280239462852478
    ],
    "userAcceleration" : [
      -0.04654926806688309,
      0.018885791301727295,
      0.022136956453323364
    ],
    "gravity" : [
      0.08468091487884521,
      -0.9699661135673523,
      -0.2280239313840866
    ]
  },
  {
    "timestamp" : 235497162122,
    "rotationMatrix" : [
      0.48628103733062744,
      0.23453956842422485,
      -0.8417373895645142,
      -0.869658887386322,
      0.03620493412017822,
      -0.49232351779937744,
      -0.0849943459033966,
      0.971432089805603,
      0.22157526016235352
    ],
    "userAcceleration" : [
      -0.06413566321134567,
      -0.00018650293350219727,
      0.00840999186038971
    ],
    "gravity" : [
      0.0849943533539772,
      -0.9714320302009583,
      -0.2215753197669983
    ]
  },
  {
    "timestamp" : 235497172143,
    "rotationMatrix" : [
      0.48508310317993164,
      0.22918292880058289,
      -0.8439013957977295,
      -0.8702863454818726,
      0.032260119915008545,
      -0.49148833751678467,
      -0.08541646599769592,
      0.9728485345840454,
      0.21510368585586548
    ],
    "userAcceleration" : [
      -0.0731026828289032,
      0.0006349086761474609,
      0.005157887935638428
    ],
    "gravity" : [
      0.08541647344827652,
      -0.9728485941886902,
      -0.2151036560535431
    ]
  },
  {
    "timestamp" : 235497182164,
    "rotationMatrix" : [
      0.48402220010757446,
      0.22399300336837769,
      -0.845901608467102,
      -0.8708295226097107,
      0.02840861678123474,
      -0.4907633066177368,
      -0.08589676022529602,
      0.9741765260696411,
      0.20881019532680511
    ],
    "userAcceleration" : [
      -0.07068376988172531,
      0.001901865005493164,
      0.02076078951358795
    ],
    "gravity" : [
      0.08589673042297363,
      -0.9741765260696411,
      -0.2088102102279663
    ]
  },
  {
    "timestamp" : 235497192185,
    "rotationMatrix" : [
      0.48223450779914856,
      0.21889609098434448,
      -0.8482537269592285,
      -0.8717790246009827,
      0.024500280618667603,
      -0.48928630352020264,
      -0.08632034063339233,
      0.9754406213760376,
      0.20264387130737305
    ],
    "userAcceleration" : [
      -0.06833028048276901,
      -0.0022357702255249023,
      0.03079932928085327
    ],
    "gravity" : [
      0.08632034063339233,
      -0.9754405617713928,
      -0.20264390110969543
    ]
  },
  {
    "timestamp" : 235497202206,
    "rotationMatrix" : [
      0.4802788197994232,
      0.21363061666488647,
      -0.8507020473480225,
      -0.8728380799293518,
      0.020736008882522583,
      -0.4875686764717102,
      -0.08651965856552124,
      0.9766941666603088,
      0.1964241862297058
    ],
    "userAcceleration" : [
      -0.06027458608150482,
      0.013941049575805664,
      0.035031870007514954
    ],
    "gravity" : [
      0.08651964366436005,
      -0.9766941666603088,
      -0.19642417132854462
    ]
  },
  {
    "timestamp" : 235497212228,
    "rotationMatrix" : [
      0.4787769317626953,
      0.20810341835021973,
      -0.8529158234596252,
      -0.8736634254455566,
      0.017201989889144897,
      -0.4862261712551117,
      -0.08651363849639893,
      0.9779553413391113,
      0.19004838168621063
    ],
    "userAcceleration" : [
      -0.056728512048721313,
      0.02220606803894043,
      0.03317269682884216
    ],
    "gravity" : [
      0.08651360869407654,
      -0.9779554009437561,
      -0.19004841148853302
    ]
  },
  {
    "timestamp" : 235497222249,
    "rotationMatrix" : [
      0.4766092598438263,
      0.20235082507133484,
      -0.8555101156234741,
      -0.8748667240142822,
      0.01361769437789917,
      -0.484171986579895,
      -0.08632257580757141,
      0.9792183637619019,
      0.18352040648460388
    ],
    "userAcceleration" : [
      -0.07406985014677048,
      0.01132291555404663,
      0.03766162693500519
    ],
    "gravity" : [
      0.08632258325815201,
      -0.9792183041572571,
      -0.18352043628692627
    ]
  },
  {
    "timestamp" : 235497232270,
    "rotationMatrix" : [
      0.4741990566253662,
      0.1965300440788269,
      -0.8582022190093994,
      -0.8762025237083435,
      0.01007649302482605,
      -0.4818374514579773,
      -0.08604800701141357,
      0.980445921421051,
      0.1769784837961197
    ],
    "userAcceleration" : [
      -0.07591625303030014,
      0.015770137310028076,
      0.040183380246162415
    ],
    "gravity" : [
      0.08604800701141357,
      -0.9804458618164062,
      -0.17697849869728088
    ]
  },
  {
    "timestamp" : 235497242291,
    "rotationMatrix" : [
      0.47147321701049805,
      0.19099515676498413,
      -0.8609493374824524,
      -0.8776944279670715,
      0.00661855936050415,
      -0.47917476296424866,
      -0.08582192659378052,
      0.9815685749053955,
      0.17075592279434204
    ],
    "userAcceleration" : [
      -0.0798405334353447,
      0.013566374778747559,
      0.04821246862411499
    ],
    "gravity" : [
      0.08582192659378052,
      -0.9815685749053955,
      -0.17075589299201965
    ]
  },
  {
    "timestamp" : 235497252312,
    "rotationMatrix" : [
      0.4682868719100952,
      0.18577700853347778,
      -0.8638253211975098,
      -0.8794181942939758,
      0.003259718418121338,
      -0.47603875398635864,
      -0.08562132716178894,
      0.9825864434242249,
      0.16490225493907928
    ],
    "userAcceleration" : [
      -0.082279734313488,
      0.009731948375701904,
      0.05777013301849365
    ],
    "gravity" : [
      0.08562134951353073,
      -0.9825864434242249,
      -0.1649022102355957
    ]
  },
  {
    "timestamp" : 235497262334,
    "rotationMatrix" : [
      0.46493518352508545,
      0.18065989017486572,
      -0.8667162656784058,
      -0.8812047243118286,
      -0.00013110041618347168,
      -0.4727345108985901,
      -0.08551788330078125,
      0.9835454821586609,
      0.15913747251033783
    ],
    "userAcceleration" : [
      -0.07503515481948853,
      0.006006598472595215,
      0.04240770637989044
    ],
    "gravity" : [
      0.08551788330078125,
      -0.9835454821586609,
      -0.1591375321149826
    ]
  },
  {
    "timestamp" : 235497272355,
    "rotationMatrix" : [
      0.46167123317718506,
      0.1754467487335205,
      -0.8695274591445923,
      -0.882920503616333,
      -0.003600478172302246,
      -0.469508558511734,
      -0.08550450205802917,
      0.9844822883605957,
      0.153243288397789
    ],
    "userAcceleration" : [
      -0.08201029151678085,
      0.011368334293365479,
      0.00982588529586792
    ],
    "gravity" : [
      0.08550448715686798,
      -0.9844822883605957,
      -0.1532433182001114
    ]
  },
  {
    "timestamp" : 235497282376,
    "rotationMatrix" : [
      0.45807957649230957,
      0.17014408111572266,
      -0.8724758625030518,
      -0.8847769498825073,
      -0.007280856370925903,
      -0.46595796942710876,
      -0.08563232421875,
      0.9853923320770264,
      0.14720430970191956
    ],
    "userAcceleration" : [
      -0.07354738563299179,
      0.017542600631713867,
      0.007357403635978699
    ],
    "gravity" : [
      0.08563230186700821,
      -0.9853923320770264,
      -0.14720430970191956
    ]
  },
  {
    "timestamp" : 235497292397,
    "rotationMatrix" : [
      0.45504429936408997,
      0.16501271724700928,
      -0.8750459551811218,
      -0.886304497718811,
      -0.01099473237991333,
      -0.4629723131656647,
      -0.08601725101470947,
      0.9862301349639893,
      0.1412484347820282
    ],
    "userAcceleration" : [
      -0.07393237203359604,
      0.018380463123321533,
      0.0014016181230545044
    ],
    "gravity" : [
      0.08601725846529007,
      -0.9862300753593445,
      -0.14124849438667297
    ]
  },
  {
    "timestamp" : 235497302418,
    "rotationMatrix" : [
      0.4543933868408203,
      0.16018062829971313,
      -0.876281201839447,
      -0.8865887522697449,
      -0.014230161905288696,
      -0.4623395800590515,
      -0.08652746677398682,
      0.9869851469993591,
      0.13554826378822327
    ],
    "userAcceleration" : [
      -0.062098219990730286,
      0.012314796447753906,
      0.01697218418121338
    ],
    "gravity" : [
      0.08652748167514801,
      -0.9869850873947144,
      -0.13554827868938446
    ]
  },
  {
    "timestamp" : 235497312440,
    "rotationMatrix" : [
      0.4522002339363098,
      0.1554783284664154,
      -0.8782603740692139,
      -0.8876481056213379,
      -0.01776820421218872,
      -0.4601792097091675,
      -0.08715307712554932,
      0.9876793622970581,
      0.1299753338098526
    ],
    "userAcceleration" : [
      -0.06272386014461517,
      0.013009071350097656,
      0.011399224400520325
    ],
    "gravity" : [
      0.0871531143784523,
      -0.9876793622970581,
      -0.1299753338098526
    ]
  },
  {
    "timestamp" : 235497322461,
    "rotationMatrix" : [
      0.44994834065437317,
      0.150733083486557,
      -0.8802420496940613,
      -0.8887267112731934,
      -0.0213434100151062,
      -0.4579402506351471,
      -0.08781415224075317,
      0.9883440732955933,
      0.12435707449913025
    ],
    "userAcceleration" : [
      -0.06401049345731735,
      0.012086749076843262,
      0.013578101992607117
    ],
    "gravity" : [
      0.08781415224075317,
      -0.9883440732955933,
      -0.12435702979564667
    ]
  },
  {
    "timestamp" : 235497332482,
    "rotationMatrix" : [
      0.44771695137023926,
      0.14602136611938477,
      -0.8821718692779541,
      -0.8898049592971802,
      -0.024667203426361084,
      -0.45567384362220764,
      -0.08829882740974426,
      0.98897385597229,
      0.11888663470745087
    ],
    "userAcceleration" : [
      -0.05353941023349762,
      0.019125282764434814,
      0.02463299036026001
    ],
    "gravity" : [
      0.08829887211322784,
      -0.9889737963676453,
      -0.11888663470745087
    ]
  },
  {
    "timestamp" : 235497342503,
    "rotationMatrix" : [
      0.44559937715530396,
      0.14144650101661682,
      -0.8839876055717468,
      -0.890859842300415,
      -0.0274161696434021,
      -0.45345041155815125,
      -0.08837443590164185,
      0.9895662069320679,
      0.1137923151254654
    ],
    "userAcceleration" : [
      -0.032557837665081024,
      0.02713334560394287,
      0.05333690345287323
    ],
    "gravity" : [
      0.08837443590164185,
      -0.9895662665367126,
      -0.11379235237836838
    ]
  },
  {
    "timestamp" : 235497352524,
    "rotationMatrix" : [
      0.442618191242218,
      0.1369769275188446,
      -0.8861864805221558,
      -0.8923937082290649,
      -0.029563963413238525,
      -0.45028820633888245,
      -0.08787819743156433,
      0.9901330471038818,
      0.10915173590183258
    ],
    "userAcceleration" : [
      -0.008975081145763397,
      0.023549795150756836,
      0.07486516237258911
    ],
    "gravity" : [
      0.08787821233272552,
      -0.9901329874992371,
      -0.10915178805589676
    ]
  },
  {
    "timestamp" : 235497362546,
    "rotationMatrix" : [
      0.4389527440071106,
      0.13265621662139893,
      -0.8886635303497314,
      -0.8942973613739014,
      -0.031159281730651855,
      -0.4463868737220764,
      -0.08690610527992249,
      0.9906721711158752,
      0.10495667159557343
    ],
    "userAcceleration" : [
      0.006538644433021545,
      0.02025902271270752,
      0.08072566986083984
    ],
    "gravity" : [
      0.08690612018108368,
      -0.9906721711158752,
      -0.10495670884847641
    ]
  },
  {
    "timestamp" : 235497372567,
    "rotationMatrix" : [
      0.4342304468154907,
      0.12845322489738464,
      -0.8915960788726807,
      -0.8967344760894775,
      -0.032309889793395996,
      -0.4413878619670868,
      -0.08550509810447693,
      0.9911890029907227,
      0.1011585146188736
    ],
    "userAcceleration" : [
      0.002934791147708893,
      0.021004855632781982,
      0.07813292741775513
    ],
    "gravity" : [
      0.08550509810447693,
      -0.9911890625953674,
      -0.1011585146188736
    ]
  },
  {
    "timestamp" : 235497382588,
    "rotationMatrix" : [
      0.4287084937095642,
      0.12422129511833191,
      -0.8948620557785034,
      -0.8995492458343506,
      -0.033167123794555664,
      -0.43555814027786255,
      -0.08378568291664124,
      0.9916999936103821,
      0.09752421081066132
    ],
    "userAcceleration" : [
      -0.05549595504999161,
      0.0067909955978393555,
      -0.004816532135009766
    ],
    "gravity" : [
      0.08378567546606064,
      -0.9916999936103821,
      -0.09752421826124191
    ]
  },
  {
    "timestamp" : 235497392609,
    "rotationMatrix" : [
      0.42215874791145325,
      0.11990100145339966,
      -0.8985575437545776,
      -0.90279620885849,
      -0.034166157245635986,
      -0.42870911955833435,
      -0.0821029543876648,
      0.9921976327896118,
      0.09382268786430359
    ],
    "userAcceleration" : [
      -0.05381324887275696,
      0.007288753986358643,
      -0.008518092334270477
    ],
    "gravity" : [
      0.08210296928882599,
      -0.9921976923942566,
      -0.09382271021604538
    ]
  },
  {
    "timestamp" : 235497402630,
    "rotationMatrix" : [
      0.4160920977592468,
      0.11584100127220154,
      -0.9019135236740112,
      -0.9057362079620361,
      -0.035202592611312866,
      -0.4223769009113312,
      -0.08067843317985535,
      0.9926435947418213,
      0.09027400612831116
    ],
    "userAcceleration" : [
      -0.06892924010753632,
      0.014570653438568115,
      -0.009457521140575409
    ],
    "gravity" : [
      0.08067843317985535,
      -0.9926435947418213,
      -0.09027400612831116
    ]
  },
  {
    "timestamp" : 235497412652,
    "rotationMatrix" : [
      0.41100192070007324,
      0.11232227087020874,
      -0.9046883583068848,
      -0.908155620098114,
      -0.0361667275428772,
      -0.4170672595500946,
      -0.07956567406654358,
      0.9930132627487183,
      0.08714157342910767
    ],
    "userAcceleration" : [
      -0.06781648099422455,
      0.014940321445465088,
      -0.012589983642101288
    ],
    "gravity" : [
      0.07956568896770477,
      -0.993013322353363,
      -0.08714155852794647
    ]
  },
  {
    "timestamp" : 235497422673,
    "rotationMatrix" : [
      0.4057276248931885,
      0.1092289388179779,
      -0.9074437618255615,
      -0.9105848073959351,
      -0.03736516833305359,
      -0.41162964701652527,
      -0.07886871695518494,
      0.9933140277862549,
      0.08430217206478119
    ],
    "userAcceleration" : [
      -0.06650915741920471,
      0.017224669456481934,
      -0.025515437126159668
    ],
    "gravity" : [
      0.07886871695518494,
      -0.9933140277862549,
      -0.0843021497130394
    ]
  },
  {
    "timestamp" : 235497432694,
    "rotationMatrix" : [
      0.40027114748954773,
      0.10631763935089111,
      -0.9102084636688232,
      -0.9130321741104126,
      -0.038765907287597656,
      -0.40604084730148315,
      -0.07845446467399597,
      0.9935761094093323,
      0.08155462145805359
    ],
    "userAcceleration" : [
      -0.04268794506788254,
