[
  {
    "userAcceleration" : [
      0.037550006061792374,
      0.00473862886428833,
      0.02545565366744995
    ],
    "timestamp" : 235526762242,
    "rotationMatrix" : [
      -0.8889569640159607,
      0.2967885732650757,
      -0.348814457654953,
      -0.45785170793533325,
      -0.5571677088737488,
      0.692773699760437,
      0.011259138584136963,
      0.7755515575408936,
      0.6311837434768677
    ],
    "gravity" : [
      -0.011259134858846664,
      -0.7755515575408936,
      -0.6311837434768677
    ]
  },
  {
    "userAcceleration" : [
      0.03690633550286293,
      0.011349678039550781,
      -0.02629309892654419
    ],
    "timestamp" : 235526772263,
    "rotationMatrix" : [
      -0.8906316757202148,
      0.29741954803466797,
      -0.3439711630344391,
      -0.45452743768692017,
      -0.5599996447563171,
      0.6926792860031128,
      0.01339256763458252,
      0.7732666730880737,
      0.6339393258094788
    ],
    "gravity" : [
      -0.013392573222517967,
      -0.7732666730880737,
      -0.6339393854141235
    ]
  },
  {
    "userAcceleration" : [
      0.02239852212369442,
      0.009441137313842773,
      -0.0756310224533081
    ],
    "timestamp" : 235526782284,
    "rotationMatrix" : [
      -0.8919461369514465,
      0.2981215715408325,
      -0.3399348855018616,
      -0.45189452171325684,
      -0.5629237294197083,
      0.692031979560852,
      0.01495225727558136,
      0.7708699703216553,
      0.6368170976638794
    ],
    "gravity" : [
      -0.014952251687645912,
      -0.7708699703216553,
      -0.6368170380592346
    ]
  },
  {
    "userAcceleration" : [
      0.0011175014078617096,
      -0.003339529037475586,
      -0.10233092308044434
    ],
    "timestamp" : 235526792306,
    "rotationMatrix" : [
      -0.8929048776626587,
      0.2985546886920929,
      -0.33702561259269714,
      -0.44997909665107727,
      -0.5659738779067993,
      0.6907912492752075,
      0.015491306781768799,
      0.7684652805328369,
      0.6397039890289307
    ],
    "gravity" : [
      -0.015491303987801075,
      -0.7684652805328369,
      -0.6397039890289307
    ]
  },
  {
    "userAcceleration" : [
      -0.030115708708763123,
      -0.019073426723480225,
      -0.10493481159210205
    ],
    "timestamp" : 235526802327,
    "rotationMatrix" : [
      -0.8934581279754639,
      0.2985979914665222,
      -0.33551734685897827,
      -0.4489019513130188,
      -0.5690073370933533,
      0.6889975666999817,
      0.014821454882621765,
      0.7662048935890198,
      0.6424254179000854
    ],
    "gravity" : [
      -0.01482144370675087,
      -0.7662048935890198,
      -0.6424254179000854
    ]
  },
  {
    "userAcceleration" : [
      -0.03938804939389229,
      -0.023132741451263428,
      -0.0799608826637268
    ],
    "timestamp" : 235526812348,
    "rotationMatrix" : [
      -0.8940184712409973,
      0.2979509234428406,
      -0.3345987796783447,
      -0.4478309154510498,
      -0.5720069408416748,
      0.6872085332870483,
      0.013361617922782898,
      0.7642207145690918,
      0.6448163390159607
    ],
    "gravity" : [
      -0.013361619785428047,
      -0.7642207741737366,
      -0.6448163390159607
    ]
  },
  {
    "userAcceleration" : [
      -0.01792151667177677,
      -0.013714790344238281,
      -0.051095664501190186
    ],
    "timestamp" : 235526822369,
    "rotationMatrix" : [
      -0.8946992754936218,
      0.29674389958381653,
      -0.33385103940963745,
      -0.4465177357196808,
      -0.5747213363647461,
      0.6857969760894775,
      0.011634781956672668,
      0.7626523971557617,
      0.6467040181159973
    ],
    "gravity" : [
      -0.011634774506092072,
      -0.7626523971557617,
      -0.6467040181159973
    ]
  },
  {
    "userAcceleration" : [
      0.01708945818245411,
      0.010544836521148682,
      -0.009032666683197021
    ],
    "timestamp" : 235526832391,
    "rotationMatrix" : [
      -0.8956167697906494,
      0.29527100920677185,
      -0.3326951563358307,
      -0.4447084367275238,
      -0.5770759582519531,
      0.6849948763847351,
      0.010268807411193848,
      0.7614451050758362,
      0.6481480598449707
    ],
    "gravity" : [
      -0.010268807411193848,
      -0.7614451050758362,
      -0.6481481194496155
    ]
  },
  {
    "userAcceleration" : [
      0.061261050403118134,
      0.0321308970451355,
      0.024494528770446777
    ],
    "timestamp" : 235526842412,
    "rotationMatrix" : [
      -0.8966958522796631,
      0.29409539699554443,
      -0.33082306385040283,
      -0.44253724813461304,
      -0.5790072083473206,
      0.6847708225250244,
      0.009838953614234924,
      0.7604328393936157,
      0.6493419408798218
    ],
    "gravity" : [
      -0.009838945232331753,
      -0.7604328393936157,
      -0.6493419408798218
    ]
  },
  {
    "userAcceleration" : [
      0.08425498008728027,
      0.04106372594833374,
      0.029653489589691162
    ],
    "timestamp" : 235526852433,
    "rotationMatrix" : [
      -0.8979249000549316,
      0.2934368848800659,
      -0.3280637562274933,
      -0.44002193212509155,
      -0.5805529356002808,
      0.6850832104682922,
      0.010570317506790161,
      0.7595084309577942,
      0.6504114866256714
    ],
    "gravity" : [
      -0.010570310987532139,
      -0.759508490562439,
      -0.6504115462303162
    ]
  },
  {
    "userAcceleration" : [
      0.07151814550161362,
      0.035383641719818115,
      0.016247034072875977
    ],
    "timestamp" : 235526862454,
    "rotationMatrix" : [
      -0.8993110656738281,
      0.2931375503540039,
      -0.3245144486427307,
      -0.437139093875885,
      -0.5819042325019836,
      0.685781717300415,
      0.012191981077194214,
      0.7585891485214233,
      0.6514551043510437
    ],
    "gravity" : [
      -0.01219198852777481,
      -0.7585891485214233,
      -0.6514551043510437
    ]
  },
  {
    "userAcceleration" : [
      0.038144972175359726,
      0.019963502883911133,
      0.0007760524749755859
    ],
    "timestamp" : 235526872476,
    "rotationMatrix" : [
      -0.9006921052932739,
      0.2931192219257355,
      -0.3206779360771179,
      -0.4342261254787445,
      -0.583274781703949,
      0.6864674687385559,
      0.014173448085784912,
      0.7575427889823914,
      0.6526314616203308
    ],
    "gravity" : [
      -0.014173438772559166,
      -0.7575427889823914,
      -0.6526315212249756
    ]
  },
  {
    "userAcceleration" : [
      0.010359248146414757,
      -0.001691579818725586,
      -0.015450775623321533
    ],
    "timestamp" : 235526882497,
    "rotationMatrix" : [
      -0.9019473791122437,
      0.2932177782058716,
      -0.31703877449035645,
      -0.4315524101257324,
      -0.5849689841270447,
      0.6867119669914246,
      0.015898197889328003,
      0.7561971545219421,
      0.6541506052017212
    ],
    "gravity" : [
      -0.01589820720255375,
      -0.7561971545219421,
      -0.6541506052017212
    ]
  },
  {
    "userAcceleration" : [
      -0.007767420262098312,
      -0.020340561866760254,
      -0.02792125940322876
    ],
    "timestamp" : 235526892518,
    "rotationMatrix" : [
      -0.9031230211257935,
      0.2930818796157837,
      -0.3138018846511841,
      -0.42904990911483765,
      -0.5872430801391602,
      0.686339259147644,
      0.01687556505203247,
      0.7544854879379272,
      0.6560996770858765
    ],
    "gravity" : [
      -0.016875559464097023,
      -0.7544854879379272,
      -0.6560997366905212
    ]
  },
  {
    "userAcceleration" : [
      -0.009425383061170578,
      -0.021204233169555664,
      -0.029645025730133057
    ],
    "timestamp" : 235526902539,
    "rotationMatrix" : [
      -0.904101550579071,
      0.2927422821521759,
      -0.31129100918769836,
      -0.42698439955711365,
      -0.59013831615448,
      0.6851429343223572,
      0.016865551471710205,
      0.7523552775382996,
      0.6585416197776794
    ],
    "gravity" : [
      -0.016865532845258713,
      -0.7523553371429443,
      -0.6585415601730347
    ]
  },
  {
    "userAcceleration" : [
      -0.0033082831650972366,
      -0.012688159942626953,
      -0.01967179775238037
    ],
    "timestamp" : 235526912561,
    "rotationMatrix" : [
      -0.905059814453125,
      0.2920528054237366,
      -0.3091466426849365,
      -0.4249831438064575,
      -0.5937486886978149,
      0.6832654476165771,
      0.0159941166639328,
      0.7497782707214355,
      0.6614958047866821
    ],
    "gravity" : [
      -0.01599411852657795,
      -0.7497782707214355,
      -0.6614958047866821
    ]
  },
  {
    "userAcceleration" : [
      -0.017789874225854874,
      -0.013165414333343506,
      -0.012812376022338867
    ],
    "timestamp" : 235526922582,
    "rotationMatrix" : [
      -0.9059693813323975,
      0.2911456823348999,
      -0.3073332607746124,
      -0.42309653759002686,
      -0.5979158878326416,
      0.6807980537414551,
      0.014451980590820312,
      0.7468137741088867,
      0.6648761630058289
    ],
    "gravity" : [
      -0.01445197593420744,
      -0.7468137741088867,
      -0.6648761630058289
    ]
  },
  {
    "userAcceleration" : [
      -0.02877124585211277,
      0.004928231239318848,
      -0.044687628746032715
    ],
    "timestamp" : 235526932603,
    "rotationMatrix" : [
      -0.9071468114852905,
      0.2897494435310364,
      -0.30517226457595825,
      -0.42062413692474365,
      -0.6025173664093018,
      0.6782686710357666,
      0.01265639066696167,
      0.7436519861221313,
      0.6684471368789673
    ],
    "gravity" : [
      -0.012656394392251968,
      -0.7436519861221313,
      -0.6684471368789673
    ]
  },
  {
    "userAcceleration" : [
      -0.030555102974176407,
      0.0020428895950317383,
      -0.04146021604537964
    ],
    "timestamp" : 235526942624,
    "rotationMatrix" : [
      -0.9084769487380981,
      0.28797242045402527,
      -0.3028890788555145,
      -0.4177938401699066,
      -0.6069076657295227,
      0.6761002540588379,
      0.01087254285812378,
      0.7407666444778442,
      0.6716745495796204
    ],
    "gravity" : [
      -0.01087253913283348,
      -0.7407665848731995,
      -0.6716745495796204
    ]
  },
  {
    "userAcceleration" : [
      -0.02117535099387169,
      0.008723139762878418,
      -0.04820108413696289
    ],
    "timestamp" : 235526952645,
    "rotationMatrix" : [
      -0.9097594022750854,
      0.2862284183502197,
      -0.3006841540336609,
      -0.4150264263153076,
      -0.610477864742279,
      0.6745885610580444,
      0.009525343775749207,
      0.7385052442550659,
      0.6741804480552673
    ],
    "gravity" : [
      -0.00952536053955555,
      -0.7385052442550659,
      -0.6741804480552673
    ]
  },
  {
    "userAcceleration" : [
      0.02334935963153839,
      0.027707576751708984,
      -0.03721898794174194
    ],
    "timestamp" : 235526962667,
    "rotationMatrix" : [
      -0.9113096594810486,
      0.2843625545501709,
      -0.29774558544158936,
      -0.41162484884262085,
      -0.6136062741279602,
      0.6738339066505432,
      0.008914574980735779,
      0.7366308569908142,
      0.6762361526489258
    ],
    "gravity" : [
      -0.008914575912058353,
      -0.736630916595459,
      -0.6762362122535706
    ]
  },
  {
    "userAcceleration" : [
      0.0482758954167366,
      0.04536318778991699,
      -0.04835057258605957
    ],
    "timestamp" : 235526972688,
    "rotationMatrix" : [
      -0.9126472473144531,
      0.28299015760421753,
      -0.29494285583496094,
      -0.4086536169052124,
      -0.6162281036376953,
      0.6732494831085205,
      0.0087708979845047,
      0.734968900680542,
      0.6780440807342529
    ],
    "gravity" : [
      -0.008770904503762722,
      -0.734968900680542,
      -0.6780440211296082
    ]
  },
  {
    "userAcceleration" : [
      0.05443611368536949,
      0.04824256896972656,
      -0.05556678771972656
    ],
    "timestamp" : 235526982709,
    "rotationMatrix" : [
      -0.9135723114013672,
      0.28212180733680725,
      -0.2929039001464844,
      -0.40658673644065857,
      -0.6185362339019775,
      0.6723837852478027,
      0.008522436022758484,
      0.733362078666687,
      0.6797847151756287
    ],
    "gravity" : [
      -0.008522426709532738,
      -0.7333621382713318,
      -0.6797847151756287
    ]
  },
  {
    "userAcceleration" : [
      0.0455632247030735,
      0.042843759059906006,
      -0.03700459003448486
    ],
    "timestamp" : 235526992730,
    "rotationMatrix" : [
      -0.9141165018081665,
      0.28159138560295105,
      -0.2917145788669586,
      -0.405377060174942,
      -0.6209384799003601,
      0.6708986759185791,
      0.007782489061355591,
      0.7315338850021362,
      0.6817606687545776
    ],
    "gravity" : [
      -0.007782487664371729,
      -0.7315338850021362,
      -0.6817606687545776
    ]
  },
  {
    "userAcceleration" : [
      0.03633320331573486,
      0.027127623558044434,
      -0.02086770534515381
    ],
    "timestamp" : 235527002752,
    "rotationMatrix" : [
      -0.9138054847717285,
      0.28226858377456665,
      -0.2920341193675995,
      -0.4060969948768616,
      -0.6231573820114136,
      0.6684011220932007,
      0.006685405969619751,
      0.7293828725814819,
      0.6840730905532837
    ],
    "gravity" : [
      -0.006685406435281038,
      -0.7293828129768372,
      -0.6840730905532837
    ]
  },
  {
    "userAcceleration" : [
      0.017716381698846817,
      0.012326061725616455,
      -0.02393472194671631
    ],
    "timestamp" : 235527012773,
    "rotationMatrix" : [
      -0.913544774055481,
      0.28278541564941406,
      -0.2923496663570404,
      -0.40670228004455566,
      -0.6255404949188232,
      0.6658020615577698,
      0.005402565002441406,
      0.7271392941474915,
      0.6864687204360962
    ],
    "gravity" : [
      -0.0054025668650865555,
      -0.7271392941474915,
      -0.6864686608314514
    ]
  },
  {
    "userAcceleration" : [
      -0.005070798099040985,
      0.0038942694664001465,
      -0.02926456928253174
    ],
    "timestamp" : 235527022794,
    "rotationMatrix" : [
      -0.9132502675056458,
      0.2832028269767761,
      -0.29286545515060425,
      -0.4073792099952698,
      -0.6277140378952026,
      0.6633380055427551,
      0.004023447632789612,
      0.7251009345054626,
      0.6886308789253235
    ],
    "gravity" : [
      -0.004023452289402485,
      -0.7251009345054626,
      -0.6886308789253235
    ]
  },
  {
    "userAcceleration" : [
      -0.021453889086842537,
      -0.003151535987854004,
      -0.017203807830810547
    ],
    "timestamp" : 235527032815,
    "rotationMatrix" : [
      -0.9131690263748169,
      0.2832695245742798,
      -0.29305267333984375,
      -0.4075697064399719,
      -0.6295251250267029,
      0.6615015268325806,
      0.002899155020713806,
      0.7235023975372314,
      0.6903156638145447
    ],
    "gravity" : [
      -0.0028991508297622204,
      -0.7235023975372314,
      -0.6903156638145447
    ]
  },
  {
    "userAcceleration" : [
      -0.026146240532398224,
      -0.022308051586151123,
      0.0316501259803772
    ],
    "timestamp" : 235527042837,
    "rotationMatrix" : [
      -0.9131777286529541,
      0.2833874225616455,
      -0.29291197657585144,
      -0.40755361318588257,
      -0.6306530833244324,
      0.6604363918304443,
      0.0024335086345672607,
      0.7224733829498291,
      0.6913943886756897
    ],
    "gravity" : [
      -0.0024335021153092384,
      -0.7224733829498291,
      -0.6913943886756897
    ]
  },
  {
    "userAcceleration" : [
      -0.025671452283859253,
      -0.022792577743530273,
      0.032154202461242676
    ],
    "timestamp" : 235527052858,
    "rotationMatrix" : [
      -0.9136768579483032,
      0.28312936425209045,
      -0.29160213470458984,
      -0.40643027424812317,
      -0.6313233971595764,
      0.6604881286621094,
      0.0029082894325256348,
      0.7219889163970947,
      0.6918984055519104
    ],
    "gravity" : [
      -0.0029082908295094967,
      -0.7219889163970947,
      -0.6918984651565552
    ]
  },
  {
    "userAcceleration" : [
      -0.010454773902893066,
      -0.02872335910797119,
      0.03877037763595581
    ],
    "timestamp" : 235527062879,
    "rotationMatrix" : [
      -0.9140267372131348,
      0.2836070954799652,
      -0.2900373339653015,
      -0.4056297242641449,
      -0.6312779784202576,
      0.6610235571861267,
      0.0043767839670181274,
      0.7218411564826965,
      0.6920448541641235
    ],
    "gravity" : [
      -0.004376781638711691,
      -0.7218411564826965,
      -0.6920448541641235
    ]
  },
  {
    "userAcceleration" : [
      0.011755470186471939,
      -0.02585989236831665,
      0.030110836029052734
    ],
    "timestamp" : 235527072900,
    "rotationMatrix" : [
      -0.9148492217063904,
      0.28378015756607056,
      -0.2872622609138489,
      -0.40374231338500977,
      -0.6313110589981079,
      0.662146806716919,
      0.006552264094352722,
      0.7217444181442261,
      0.692128598690033
    ],
    "gravity" : [
      -0.006552251521497965,
      -0.7217444181442261,
      -0.692128598690033
    ]
  },
  {
    "userAcceleration" : [
      0.020442288368940353,
      -0.02098715305328369,
      0.008367955684661865
    ],
    "timestamp" : 235527082922,
    "rotationMatrix" : [
      -0.9155795574188232,
      0.2842090129852295,
      -0.28449708223342896,
      -0.4020407199859619,
      -0.6315303444862366,
      0.6629721522331238,
      0.008754074573516846,
      0.7213833928108215,
      0.6924805045127869
    ],
    "gravity" : [
      -0.008754079230129719,
      -0.7213833928108215,
      -0.6924805045127869
    ]
  },
  {
    "userAcceleration" : [
      0.016119586303830147,
      -0.025146305561065674,
      -0.011413216590881348
    ],
    "timestamp" : 235527092943,
    "rotationMatrix" : [
      -0.9159150123596191,
      0.28505846858024597,
      -0.28256094455718994,
      -0.4012390673160553,
      -0.6322022676467896,
      0.6628174185752869,
      0.010306015610694885,
      0.7204591631889343,
      0.6934207081794739
    ],
    "gravity" : [
      -0.010306017473340034,
      -0.7204591631889343,
      -0.6934207081794739
    ]
  },
  {
    "userAcceleration" : [
      -0.003060908056795597,
      -0.04288142919540405,
      -0.033061444759368896
    ],
    "timestamp" : 235527102964,
    "rotationMatrix" : [
      -0.9158282279968262,
      0.2861895263195038,
      -0.2816973328590393,
      -0.40142080187797546,
      -0.6333801746368408,
      0.6615815758705139,
      0.010916173458099365,
      0.7189745306968689,
      0.694950520992279
    ],
    "gravity" : [
      -0.010916171595454216,
      -0.7189745903015137,
      -0.694950520992279
    ]
  },
  {
    "userAcceleration" : [
      -0.03476407006382942,
      -0.06178760528564453,
      -0.049899280071258545
    ],
    "timestamp" : 235527112985,
    "rotationMatrix" : [
      -0.9156033992767334,
      0.28712841868400574,
      -0.28147396445274353,
      -0.4019370377063751,
      -0.6347713470458984,
      0.6599332094192505,
      0.01081395149230957,
      0.717371940612793,
      0.696606457233429
    ],
    "gravity" : [
      -0.01081396546214819,
      -0.717371940612793,
      -0.696606457233429
    ]
  },
  {
    "userAcceleration" : [
      -0.06324915587902069,
      -0.07435011863708496,
      -0.0599285364151001
    ],
    "timestamp" : 235527123007,
    "rotationMatrix" : [
      -0.9155292510986328,
      0.2874912917613983,
      -0.2813452482223511,
      -0.4021150767803192,
      -0.635886549949646,
      0.6587502956390381,
      0.010481312870979309,
      0.716238260269165,
      0.6977771520614624
    ],
    "gravity" : [
      -0.010481320321559906,
      -0.716238260269165,
      -0.6977771520614624
    ]
  },
  {
    "userAcceleration" : [
      -0.05897758901119232,
      -0.06861591339111328,
      -0.05345427989959717
    ],
    "timestamp" : 235527133028,
    "rotationMatrix" : [
      -0.9156383275985718,
      0.28724730014801025,
      -0.28123772144317627,
      -0.40187519788742065,
      -0.6364803910255432,
      0.6583223342895508,
      0.010098963975906372,
      0.7158079147338867,
      0.6982241272926331
    ],
    "gravity" : [
      -0.010098958387970924,
      -0.7158079147338867,
      -0.6982241272926331
    ]
  },
  {
    "userAcceleration" : [
      -0.024877894669771194,
      -0.042749881744384766,
      -0.020354747772216797
    ],
    "timestamp" : 235527143049,
    "rotationMatrix" : [
      -0.9158452749252319,
      0.28668883442878723,
      -0.28113454580307007,
      -0.40141305327415466,
      -0.6367470026016235,
      0.6583468317985535,
      0.009729072451591492,
      0.7157949805259705,
      0.6982426643371582
    ],
    "gravity" : [
      -0.009729069657623768,
      -0.7157949805259705,
      -0.6982426643371582
    ]
  },
  {
    "userAcceleration" : [
      0.01779821701347828,
      -0.01729869842529297,
      0.008319318294525146
    ],
    "timestamp" : 235527153070,
    "rotationMatrix" : [
      -0.9160012006759644,
      0.28626540303230286,
      -0.28105801343917847,
      -0.40106305480003357,
      -0.6368865966796875,
      0.6584251523017883,
      0.009482204914093018,
      0.7158402800559998,
      0.6981996297836304
    ],
    "gravity" : [
      -0.009482208639383316,
      -0.7158402800559998,
      -0.6981996297836304
    ]
  },
  {
    "userAcceleration" : [
      0.045654673129320145,
      0.0003675222396850586,
      0.02135491371154785
    ],
    "timestamp" : 235527163092,
    "rotationMatrix" : [
      -0.9159934520721436,
      0.28625184297561646,
      -0.2810966372489929,
      -0.4010816812515259,
      -0.6369135975837708,
      0.6583874821662903,
      0.00943031907081604,
      0.7158215641975403,
      0.6982194781303406
    ],
    "gravity" : [
      -0.009430324658751488,
      -0.7158215641975403,
      -0.6982194781303406
    ]
  },
  {
    "userAcceleration" : [
      0.05212056264281273,
      0.015769124031066895,
      0.031072258949279785
    ],
    "timestamp" : 235527173113,
    "rotationMatrix" : [
      -0.9157311916351318,
      0.28680533170700073,
      -0.2813868522644043,
      -0.4016777276992798,
      -0.6368641257286072,
      0.6580718755722046,
      0.009533286094665527,
      0.7156440019607544,
      0.6984001398086548
    ],
    "gravity" : [
      -0.0095332907512784,
      -0.7156439423561096,
      -0.6984001398086548
    ]
  },
  {
    "userAcceleration" : [
      0.031987253576517105,
      0.005856990814208984,
      0.045386314392089844
    ],
    "timestamp" : 235527183134,
    "rotationMatrix" : [
      -0.9153118133544922,
      0.287838339805603,
      -0.28169646859169006,
      -0.4026256799697876,
      -0.6369227170944214,
      0.6574356555938721,
      0.009816259145736694,
      0.715177059173584,
      0.6988743543624878
    ],
    "gravity" : [
      -0.009816261008381844,
      -0.7151769995689392,
      -0.6988743543624878
    ]
  },
  {
    "userAcceleration" : [
      -0.0007606428116559982,
      -0.027290940284729004,
      0.04237633943557739
    ],
    "timestamp" : 235527193155,
    "rotationMatrix" : [
      -0.9149788618087769,
      0.28903743624687195,
      -0.2815499007701874,
      -0.40336546301841736,
      -0.6371224522590637,
      0.6567882299423218,
      0.010454565286636353,
      0.7145150899887085,
      0.6995418667793274
    ],
    "gravity" : [
      -0.010454576462507248,
      -0.7145150899887085,
      -0.6995418667793274
    ]
  },
  {
    "userAcceleration" : [
      -0.04022388905286789,
      -0.061371803283691406,
      0.010764837265014648
    ],
    "timestamp" : 235527203176,
    "rotationMatrix" : [
      -0.9148834943771362,
      0.28997886180877686,
      -0.28089216351509094,
      -0.4035578966140747,
      -0.637285590171814,
      0.6565120220184326,
      0.011366099119186401,
      0.7139883041381836,
      0.7000653147697449
    ],
    "gravity" : [
      -0.011366100050508976,
      -0.7139883041381836,
      -0.7000653743743896
    ]
  },
  {
    "userAcceleration" : [
      -0.05854630097746849,
      -0.06904113292694092,
      -0.02397763729095459
    ],
    "timestamp" : 235527213198,
    "rotationMatrix" : [
      -0.9149525165557861,
      0.290446400642395,
      -0.2801826596260071,
      -0.403378963470459,
      -0.6373564600944519,
      0.6565529108047485,
      0.012117192149162292,
      0.7137347459793091,
      0.7003112435340881
    ],
    "gravity" : [
      -0.012117182835936546,
      -0.7137347459793091,
      -0.7003112435340881
    ]
  },
  {
    "userAcceleration" : [
      -0.03903897479176521,
      -0.05403774976730347,
      -0.04287225008010864
    ],
    "timestamp" : 235527223219,
    "rotationMatrix" : [
      -0.9150038957595825,
      0.29055121541023254,
      -0.27990734577178955,
      -0.4032575786113739,
      -0.6374925374984741,
      0.6564958691596985,
      0.012306854128837585,
      0.7135708928108215,
      0.7004749178886414
    ],
    "gravity" : [
      -0.012306860648095608,
      -0.7135708928108215,
      -0.7004749178886414
    ]
  },
  {
    "userAcceleration" : [
      -0.004583890549838543,
      -0.036064743995666504,
      -0.047298550605773926
    ],
    "timestamp" : 235527233240,
    "rotationMatrix" : [
      -0.9147999286651611,
      0.29069262742996216,
      -0.2804264426231384,
      -0.4037330746650696,
      -0.6377032995223999,
      0.6559986472129822,
      0.011865094304084778,
      0.7133249640464783,
      0.7007330656051636
    ],
    "gravity" : [
      -0.0118651008233428,
      -0.7133249044418335,
      -0.7007330656051636
    ]
  },
  {
    "userAcceleration" : [
      0.029439741745591164,
      -0.026294469833374023,
      -0.0510520339012146
    ],
    "timestamp" : 235527243261,
    "rotationMatrix" : [
      -0.9143053293228149,
      0.29103711247444153,
      -0.28167858719825745,
      -0.4048764407634735,
      -0.6378990411758423,
      0.6551026701927185,
      0.010976642370223999,
      0.7130090594291687,
      0.7010688781738281
    ],
    "gravity" : [
      -0.0109766386449337,
      -0.7130089998245239,
      -0.7010688781738281
    ]
  },
  {
    "userAcceleration" : [
      0.05276773124933243,
      -0.012704968452453613,
      -0.05616724491119385
    ],
    "timestamp" : 235527253283,
    "rotationMatrix" : [
      -0.9135655164718628,
      0.2916000187397003,
      -0.28349149227142334,
      -0.4065719544887543,
      -0.6379387974739075,
      0.6540132164955139,
      0.009860053658485413,
      0.7127435803413391,
      0.7013553380966187
    ],
    "gravity" : [
      -0.009860051795840263,
      -0.7127435803413391,
      -0.7013553380966187
    ]
  },
  {
    "userAcceleration" : [
      0.0697808489203453,
      0.002226889133453369,
      -0.058753013610839844
    ],
    "timestamp" : 235527263303,
    "rotationMatrix" : [
      -0.9124640226364136,
      0.2926575541496277,
      -0.2859382927417755,
      -0.409063458442688,
      -0.637597918510437,
      0.6527907252311707,
      0.008730441331863403,
      0.7126150727272034,
      0.7015008926391602
    ],
    "gravity" : [
      -0.008730440400540829,
      -0.7126150727272034,
      -0.7015008926391602
    ]
  },
  {
    "userAcceleration" : [
      0.07502712309360504,
      0.010475695133209229,
      -0.057928383350372314
    ],
    "timestamp" : 235527273324,
    "rotationMatrix" : [
      -0.9111237525939941,
      0.2940833866596222,
      -0.28873515129089355,
      -0.41205909848213196,
      -0.6368287801742554,
      0.6516563296318054,
      0.007766410708427429,
      0.7127156853675842,
      0.7014099955558777
    ],
    "gravity" : [
      -0.007766417693346739,
      -0.7127156853675842,
      -0.7014099955558777
    ]
  },
  {
    "userAcceleration" : [
      0.07084371894598007,
      0.009667694568634033,
      -0.057762205600738525
    ],
    "timestamp" : 235527283345,
    "rotationMatrix" : [
      -0.9096174836158752,
      0.2958363890647888,
      -0.29167965054512024,
      -0.4153851270675659,
      -0.6355197429656982,
      0.6508225202560425,
      0.007168799638748169,
      0.7131588459014893,
      0.7009658217430115
    ],
    "gravity" : [
      -0.007168807554990053,
      -0.713158905506134,
      -0.7009658217430115
    ]
  },
  {
    "userAcceleration" : [
      0.06831546872854233,
      0.0012258291244506836,
      -0.059084534645080566
    ],
    "timestamp" : 235527293367,
    "rotationMatrix" : [
      -0.9079755544662476,
      0.29784461855888367,
      -0.29473525285720825,
      -0.4189651906490326,
      -0.6336235404014587,
      0.6503763198852539,
      0.006959900259971619,
      0.7140096426010132,
      0.7001013159751892
    ],
    "gravity" : [
      -0.006959897466003895,
      -0.7140096426010132,
      -0.7001012563705444
    ]
  },
  {
    "userAcceleration" : [
      0.0710967630147934,
      0.003390014171600342,
      -0.04586297273635864
    ],
    "timestamp" : 235527303388,
    "rotationMatrix" : [
      -0.9061689972877502,
      0.30014610290527344,
      -0.2979430854320526,
      -0.4228566884994507,
      -0.6312453746795654,
      0.6501703858375549,
      0.00707089900970459,
      0.7151514887809753,
      0.6989337801933289
    ],
    "gravity" : [
      -0.007070902269333601,
      -0.7151514291763306,
      -0.6989337801933289
    ]
  },
  {
    "userAcceleration" : [
      0.08257198333740234,
      0.003585517406463623,
      -0.029446840286254883
    ],
    "timestamp" : 235527313409,
    "rotationMatrix" : [
      -0.904240608215332,
      0.3027670979499817,
      -0.3011322617530823,
      -0.42695653438568115,
      -0.6285896301269531,
      0.6500637531280518,
      0.007529273629188538,
      0.7163845300674438,
      0.6976649761199951
    ],
    "gravity" : [
      -0.0075292824767529964,
      -0.7163845896720886,
      -0.6976649761199951
    ]
  },
  {
    "userAcceleration" : [
      0.08371599018573761,
      -0.004461884498596191,
      -0.02514946460723877
    ],
    "timestamp" : 235527323430,
    "rotationMatrix" : [
      -0.9022496938705444,
      0.3056284189224243,
      -0.30419856309890747,
      -0.43113481998443604,
      -0.6258485317230225,
      0.6499511003494263,
      0.008261293172836304,
      0.7175687551498413,
      0.6964386701583862
    ],
    "gravity" : [
      -0.008261303417384624,
      -0.7175687551498413,
      -0.6964386701583862
    ]
  },
  {
    "userAcceleration" : [
      0.07232986390590668,
      -0.010485231876373291,
      -0.033328473567962646
    ],
    "timestamp" : 235527333452,
    "rotationMatrix" : [
      -0.9001469612121582,
      0.3086625635623932,
      -0.30734696984291077,
      -0.43549272418022156,
      -0.6231582760810852,
      0.649630069732666,
      0.008990645408630371,
      0.7186101675033569,
      0.6953549385070801
    ],
    "gravity" : [
      -0.008990643545985222,
      -0.7186101675033569,
      -0.6953549385070801
    ]
  },
  {
    "userAcceleration" : [
      0.05051767826080322,
      -0.020106375217437744,
      -0.05538755655288696
    ],
    "timestamp" : 235527343473,
    "rotationMatrix" : [
      -0.8978610634803772,
      0.3117307722568512,
      -0.31091588735580444,
      -0.4401797354221344,
      -0.6206493377685547,
      0.6488724946975708,
      0.00930371880531311,
      0.7194565534591675,
      0.6944751143455505
    ],
    "gravity" : [
      -0.009303723461925983,
      -0.7194564938545227,
      -0.6944751143455505
    ]
  },
  {
    "userAcceleration" : [
      0.03888283669948578,
      -0.027443349361419678,
      -0.0806472897529602
    ],
    "timestamp" : 235527353494,
    "rotationMatrix" : [
      -0.8953434228897095,
      0.31463950872421265,
      -0.3152164816856384,
      -0.4452882409095764,
      -0.6183781623840332,
      0.6475540399551392,
      0.008823022246360779,
      0.7201457023620605,
      0.693766713142395
    ],
    "gravity" : [
      -0.0088230324909091,
      -0.7201456427574158,
      -0.693766713142395
    ]
  },
  {
    "userAcceleration" : [
      0.042032402008771896,
      -0.02101999521255493,
      -0.09405261278152466
    ],
    "timestamp" : 235527363515,
    "rotationMatrix" : [
      -0.8924199342727661,
      0.3175355792045593,
      -0.3205578923225403,
      -0.45114314556121826,
      -0.616165816783905,
      0.6456076502799988,
      0.007486522197723389,
      0.7207707762718201,
      0.6931330561637878
    ],
    "gravity" : [
      -0.0074865254573524,
      -0.7207707166671753,
      -0.6931330561637878
    ]
  },
  {
    "userAcceleration" : [
      0.05023633688688278,
      -0.014444470405578613,
      -0.08962106704711914
    ],
    "timestamp" : 235527373536,
    "rotationMatrix" : [
      -0.8891792297363281,
      0.32037353515625,
      -0.3266814053058624,
      -0.4575250744819641,
      -0.6138901710510254,
      0.6432801485061646,
      0.005543351173400879,
      0.7214564085006714,
      0.6924376487731934
    ],
    "gravity" : [
      -0.005543355830013752,
      -0.7214564085006714,
      -0.6924376487731934
    ]
  },
  {
    "userAcceleration" : [
      0.06752875447273254,
      -0.00729525089263916,
      -0.07497310638427734
    ],
    "timestamp" : 235527383558,
    "rotationMatrix" : [
      -0.885628342628479,
      0.3233466148376465,
      -0.3333294987678528,
      -0.4643811583518982,
      -0.6113294363021851,
      0.6408008933067322,
      0.0034266263246536255,
      0.7223036885261536,
      0.6915674209594727
    ],
    "gravity" : [
      -0.003426616545766592,
      -0.7223037481307983,
      -0.6915674209594727
    ]
  },
  {
    "userAcceleration" : [
      0.08586549013853073,
      0.0007781982421875,
      -0.05672329664230347
    ],
    "timestamp" : 235527393579,
    "rotationMatrix" : [
      -0.8820286989212036,
      0.3263291120529175,
      -0.3399040699005127,
      -0.4711931347846985,
      -0.6084375381469727,
      0.6385772228240967,
      0.001575961709022522,
      0.7234039306640625,
      0.690423309803009
    ],
    "gravity" : [
      -0.0015759540256112814,
      -0.7234039306640625,
      -0.690423309803009
    ]
  },
  {
    "userAcceleration" : [
      0.09255987405776978,
      0.008744597434997559,
      -0.04050946235656738
    ],
    "timestamp" : 235527403600,
    "rotationMatrix" : [
      -0.8782775402069092,
      0.32954245805740356,
      -0.3464541435241699,
      -0.4781513214111328,
      -0.6050785183906555,
      0.6365935206413269,
      0.00015267729759216309,
      0.7247632145881653,
      0.6889979243278503
    ],
    "gravity" : [
      -0.00015267283015418798,
      -0.7247632741928101,
      -0.6889979839324951
    ]
  },
  {
    "userAcceleration" : [
      0.08482852578163147,
      0.011093616485595703,
      -0.022354304790496826
    ],
    "timestamp" : 235527413621,
    "rotationMatrix" : [
      -0.8742346167564392,
      0.33314386010169983,
      -0.3531692624092102,
      -0.4855022132396698,
      -0.6013391613960266,
      0.6345694661140442,
      -0.0009716004133224487,
      0.7262272238731384,
      0.6874539852142334
    ],
    "gravity" : [
      0.0009716079803183675,
      -0.7262272238731384,
      -0.6874539852142334
    ]
  },
  {
    "userAcceleration" : [
      0.0661637932062149,
      0.0036731958389282227,
      -0.0009634494781494141
    ],
    "timestamp" : 235527423643,
    "rotationMatrix" : [
      -0.8700991868972778,
      0.3369089663028717,
      -0.3597494959831238,
      -0.4928729832172394,
      -0.5975569486618042,
      0.6324570178985596,
      -0.0018903762102127075,
      0.7276111841201782,
      0.6859871745109558
    ],
    "gravity" : [
      0.001890381914563477,
      -0.7276111841201782,
      -0.6859871745109558
    ]
  },
  {
    "userAcceleration" : [
      0.0481518991291523,
      -0.010397493839263916,
      0.014526665210723877
    ],
    "timestamp" : 235527433664,
    "rotationMatrix" : [
      -0.8658344745635986,
      0.3409149646759033,
      -0.366207480430603,
      -0.5003237724304199,
      -0.5938442945480347,
      0.6300994753837585,
      -0.0026598572731018066,
      0.7287840247154236,
      0.6847384572029114
    ],
    "gravity" : [
      0.00265984027646482,
      -0.7287840843200684,
      -0.6847384572029114
    ]
  },
  {
    "userAcceleration" : [
      0.040252700448036194,
      -0.020329773426055908,
      0.019283413887023926
    ],
    "timestamp" : 235527443685,
    "rotationMatrix" : [
      -0.8617076873779297,
      0.34488701820373535,
      -0.3721725344657898,
      -0.5073941946029663,
      -0.5903958082199097,
      0.6276811957359314,
      -0.0032500773668289185,
      0.7297160029411316,
      0.6837425827980042
    ],
    "gravity" : [
      0.0032500717788934708,
      -0.7297160029411316,
      -0.6837425827980042
    ]
  },
  {
    "userAcceleration" : [
      0.04258112609386444,
      -0.0229719877243042,
      0.004916191101074219
    ],
    "timestamp" : 235527453706,
    "rotationMatrix" : [
      -0.8576978445053101,
      0.3488505482673645,
      -0.37770047783851624,
      -0.5141414403915405,
      -0.5870608687400818,
      0.6253142952919006,
      -0.0035919249057769775,
      0.7305222153663635,
      0.6828794479370117
    ],
    "gravity" : [
      0.0035919283982366323,
      -0.7305222153663635,
      -0.6828794479370117
    ]
  },
  {
    "userAcceleration" : [
      0.046558644622564316,
      -0.015533268451690674,
      -0.025362849235534668
    ],
    "timestamp" : 235527463728,
    "rotationMatrix" : [
      -0.8536648750305176,
      0.3528389632701874,
      -0.38309404253959656,
      -0.5208090543746948,
      -0.5836510062217712,
      0.6229842901229858,
      -0.003780066967010498,
      0.731338620185852,
      0.6820040345191956
    ],
    "gravity" : [
      0.0037800814025104046,
      -0.731338620185852,
      -0.6820040345191956
    ]
  },
  {
    "userAcceleration" : [
      0.05365802347660065,
      0.0038110017776489258,
      -0.05632740259170532
    ],
    "timestamp" : 235527473749,
    "rotationMatrix" : [
      -0.8494309186935425,
      0.35690948367118835,
      -0.38869255781173706,
      -0.5276843309402466,
      -0.5800018310546875,
      0.6206016540527344,
      -0.003943875432014465,
      0.7322654724121094,
      0.6810077428817749
    ],
    "gravity" : [
      0.0039438894018530846,
      -0.7322655320167542,
      -0.6810077428817749
    ]
  },
  {
    "userAcceleration" : [
      0.05561896786093712,
      0.006307125091552734,
      -0.07707375288009644
    ],
    "timestamp" : 235527483770,
    "rotationMatrix" : [
      -0.844809889793396,
      0.3611539602279663,
      -0.39479583501815796,
      -0.5350505709648132,
      -0.5758641362190247,
      0.6181432604789734,
      -0.0041038841009140015,
      0.733449399471283,
      0.6797316074371338
    ],
    "gravity" : [
      0.004103893879801035,
      -0.733449399471283,
      -0.6797316074371338
    ]
  },
  {
    "userAcceleration" : [
      0.0362728051841259,
      -0.002757132053375244,
      -0.08389890193939209
    ],
    "timestamp" : 235527493791,
    "rotationMatrix" : [
      -0.8399306535720825,
      0.36529290676116943,
      -0.4013442397117615,
      -0.5426759719848633,
      -0.5712709426879883,
      0.615753173828125,
      -0.004346072673797607,
      0.7349900007247925,
      0.6780639886856079
    ],
    "gravity" : [
      0.004346072673797607,
      -0.7349900007247925,
      -0.6780639886856079
    ]
  },
  {
    "userAcceleration" : [
      0.018981875851750374,
      -0.008392572402954102,
      -0.06949007511138916
    ],
    "timestamp" : 235527503813,
    "rotationMatrix" : [
      -0.8346431851387024,
      0.36940667033195496,
      -0.40854519605636597,
      -0.5507702827453613,
      -0.5661519169807434,
      0.6132893562316895,
