[
  {
    "timestamp" : 235556848671,
    "rotationMatrix" : [
      -0.9337359070777893,
      -0.039995551109313965,
      -0.3557203412055969,
      -0.35578861832618713,
      -0.0056382715702056885,
      0.9345492720603943,
      -0.039383530616760254,
      0.9991838335990906,
      -0.008964985609054565
    ],
    "userAcceleration" : [
      -0.04916445538401604,
      -0.031242072582244873,
      -0.013329030014574528
    ],
    "gravity" : [
      0.03938353434205055,
      -0.9991837739944458,
      0.00896501261740923
    ]
  },
  {
    "timestamp" : 235556858692,
    "rotationMatrix" : [
      -0.9330474734306335,
      -0.03974840044975281,
      -0.35755011439323425,
      -0.3575873374938965,
      -0.006412506103515625,
      0.9338575601577759,
      -0.03941217064857483,
      0.999189019203186,
      -0.008230149745941162
    ],
    "userAcceleration" : [
      -0.06300228834152222,
      -0.03825587034225464,
      -0.03999900817871094
    ],
    "gravity" : [
      0.03941216692328453,
      -0.999189019203186,
      0.008230175822973251
    ]
  },
  {
    "timestamp" : 235556868713,
    "rotationMatrix" : [
      -0.9321327209472656,
      -0.039879173040390015,
      -0.3599132299423218,
      -0.35992634296417236,
      -0.00709996372461319,
      0.9329534769058228,
      -0.03976087272167206,
      0.9991791248321533,
      -0.007735110819339752
    ],
    "userAcceleration" : [
      -0.05904800817370415,
      -0.032864153385162354,
      -0.05047500133514404
    ],
    "gravity" : [
      0.03976086154580116,
      -0.9991791248321533,
      0.007735112681984901
    ]
  },
  {
    "timestamp" : 235556878735,
    "rotationMatrix" : [
      -0.9309014081954956,
      -0.04010988771915436,
      -0.3630613684654236,
      -0.3630412220954895,
      -0.008041832596063614,
      0.9317383170127869,
      -0.04029163718223572,
      0.9991628527641296,
      -0.0070752836763858795
    ],
    "userAcceleration" : [
      -0.04216846078634262,
      -0.016172170639038086,
      -0.03492259979248047
    ],
    "gravity" : [
      0.040291618555784225,
      -0.9991628527641296,
      0.007075304165482521
    ]
  },
  {
    "timestamp" : 235556888756,
    "rotationMatrix" : [
      -0.9294432401657104,
      -0.04022285342216492,
      -0.36676645278930664,
      -0.36669328808784485,
      -0.009448941797018051,
      0.9302939176559448,
      -0.0408845990896225,
      0.9991461038589478,
      -0.005967315286397934
    ],
    "userAcceleration" : [
      -0.024878155440092087,
      0.00016838312149047852,
      -0.009553073905408382
    ],
    "gravity" : [
      0.0408845990896225,
      -0.9991461038589478,
      0.005967254284769297
    ]
  },
  {
    "timestamp" : 235556898778,
    "rotationMatrix" : [
      -0.9279622435569763,
      -0.04017585515975952,
      -0.3705021142959595,
      -0.37035906314849854,
      -0.011221598833799362,
      0.9288208484649658,
      -0.04147380590438843,
      0.9991295337677002,
      -0.004466187208890915
    ],
    "userAcceleration" : [
      -0.011948075145483017,
      0.004363417625427246,
      0.02026820182800293
    ],
    "gravity" : [
      0.04147381708025932,
      -0.999129593372345,
      0.004466190002858639
    ]
  },
  {
    "timestamp" : 235556908799,
    "rotationMatrix" : [
      -0.9266765713691711,
      -0.040038496255874634,
      -0.37372085452079773,
      -0.37350746989250183,
      -0.012965161353349686,
      0.9275364875793457,
      -0.04198253154754639,
      0.999113917350769,
      -0.0029400773346424103
    ],
    "userAcceleration" : [
      -0.007848653942346573,
      -0.001954019069671631,
      0.03581726551055908
    ],
    "gravity" : [
      0.041982535272836685,
      -0.9991139769554138,
      0.0029400764033198357
    ]
  },
  {
    "timestamp" : 235556918820,
    "rotationMatrix" : [
      -0.9257808923721313,
      -0.03987264633178711,
      -0.3759514093399048,
      -0.3756803572177887,
      -0.014371130615472794,
      0.9266377091407776,
      -0.04235038161277771,
      0.9991012215614319,
      -0.0016746260225772858
    ],
    "userAcceleration" : [
      -3.7789344787597656e-05,
      -0.004163980484008789,
      0.033832669258117676
    ],
    "gravity" : [
      0.042350392788648605,
      -0.9991012811660767,
      0.001674556522630155
    ]
  },
  {
    "timestamp" : 235556928842,
    "rotationMatrix" : [
      -0.9251937866210938,
      -0.039620161056518555,
      -0.37742099165916443,
      -0.3771126866340637,
      -0.01527366042137146,
      0.9260414838790894,
      -0.04245451092720032,
      0.9990980625152588,
      -0.0008101165294647217
    ],
    "userAcceleration" : [
      0.003993231803178787,
      -0.004853963851928711,
      0.02566385269165039
    ],
    "gravity" : [
      0.04245450347661972,
      -0.9990980625152588,
      0.0008101551211439073
    ]
  },
  {
    "timestamp" : 235556938863,
    "rotationMatrix" : [
      -0.924746036529541,
      -0.03928987681865692,
      -0.3785513639450073,
      -0.3782312870025635,
      -0.015570629388093948,
      0.9255802035331726,
      -0.042260199785232544,
      0.9991065859794617,
      -0.0004618056118488312
    ],
    "userAcceleration" : [
      -0.0022364258766174316,
      0.0007086992263793945,
      -0.0005686282529495656
    ],
    "gravity" : [
      0.042260199785232544,
      -0.9991065263748169,
      0.0004618048551492393
    ]
  },
  {
    "timestamp" : 235556948884,
    "rotationMatrix" : [
      -0.9242575764656067,
      -0.03888924419879913,
      -0.3797835111618042,
      -0.3794758915901184,
      -0.015294995158910751,
      0.9250751733779907,
      -0.041784271597862244,
      0.9991264343261719,
      -0.0006209872663021088
    ],
    "userAcceleration" : [
      -0.007970817387104034,
      0.00965505838394165,
      -0.02804112434387207
    ],
    "gravity" : [
      0.04178426414728165,
      -0.9991264343261719,
      0.0006209970451891422
    ]
  },
  {
    "timestamp" : 235556958906,
    "rotationMatrix" : [
      -0.9235652685165405,
      -0.038426563143730164,
      -0.3815104365348816,
      -0.38123202323913574,
      -0.01461714506149292,
      0.9243637323379517,
      -0.04109674692153931,
      0.9991544485092163,
      -0.0011493563652038574
    ],
    "userAcceleration" : [
      -0.007786847651004791,
      0.013284146785736084,
      -0.04245495796203613
    ],
    "gravity" : [
      0.0410967580974102,
      -0.9991544485092163,
      0.0011493705678731203
    ]
  },
  {
    "timestamp" : 235556968927,
    "rotationMatrix" : [
      -0.9225802421569824,
      -0.037959739565849304,
      -0.38393285870552063,
      -0.3836895227432251,
      -0.013790782541036606,
      0.9233590960502625,
      -0.040345221757888794,
      0.9991840720176697,
      -0.001841481775045395
    ],
    "userAcceleration" : [
      -0.01257425919175148,
      0.012138843536376953,
      -0.03917968273162842
    ],
    "gravity" : [
      0.04034522920846939,
      -0.9991840124130249,
      0.001841475022956729
    ]
  },
  {
    "timestamp" : 235556978949,
    "rotationMatrix" : [
      -0.9212625026702881,
      -0.03760889172554016,
      -0.3871190845966339,
      -0.38690462708473206,
      -0.013117995113134384,
      0.9220264554023743,
      -0.03975459933280945,
      0.9992064833641052,
      -0.0024660490453243256
    ],
    "userAcceleration" : [
      -0.021856054663658142,
      0.007171511650085449,
      -0.02071559429168701
    ],
    "gravity" : [
      0.039754606783390045,
      -0.9992064833641052,
      0.002466014586389065
    ]
  },
  {
    "timestamp" : 235556988970,
    "rotationMatrix" : [
      -0.9197276830673218,
      -0.03742286562919617,
      -0.39076849818229675,
      -0.3905661404132843,
      -0.012876160442829132,
      0.9204846620559692,
      -0.039478838443756104,
      0.9992164373397827,
      -0.002773292362689972
    ],
    "userAcceleration" : [
      -0.0361982062458992,
      -0.0012259483337402344,
      0.005588531494140625
    ],
    "gravity" : [
      0.03947882354259491,
      -0.9992164373397827,
      0.002773315878584981
    ]
  },
  {
    "timestamp" : 235556998991,
    "rotationMatrix" : [
      -0.9180963635444641,
      -0.03736317157745361,
      -0.3945915699005127,
      -0.39437851309776306,
      -0.013222698122262955,
      0.9188527464866638,
      -0.039548859000205994,
      0.9992141127586365,
      -0.0025952495634555817
    ],
    "userAcceleration" : [
      -0.042600661516189575,
      -0.00016009807586669922,
      0.03907656669616699
    ],
    "gravity" : [
      0.039548881351947784,
      -0.9992141127586365,
      0.0025952074211090803
    ]
  },
  {
    "timestamp" : 235557009013,
    "rotationMatrix" : [
      -0.9164023399353027,
      -0.037338435649871826,
      -0.39851242303848267,
      -0.39826416969299316,
      -0.01418793573975563,
      0.9171609282493591,
      -0.03989948332309723,
      0.9992018342018127,
      -0.0018684901297092438
    ],
    "userAcceleration" : [
      -0.03257527947425842,
      0.003871142864227295,
      0.06453776359558105
    ],
    "gravity" : [
      0.03989947959780693,
      -0.9992018342018127,
      0.0018685177201405168
    ]
  },
  {
    "timestamp" : 235557019034,
    "rotationMatrix" : [
      -0.9147920608520508,
      -0.03715464472770691,
      -0.40221139788627625,
      -0.4019089639186859,
      -0.015607967972755432,
      0.9155462980270386,
      -0.04029461741447449,
      0.9991873502731323,
      -0.0006542354822158813
    ],
    "userAcceleration" : [
      -0.014431014657020569,
      0.013881862163543701,
      0.07641780376434326
    ],
    "gravity" : [
      0.04029461741447449,
      -0.9991874098777771,
      0.0006542637129314244
    ]
  },
  {
    "timestamp" : 235557029056,
    "rotationMatrix" : [
      -0.913395881652832,
      -0.036710843443870544,
      -0.4054130017757416,
      -0.4050526022911072,
      -0.017107423394918442,
      0.9141331911087036,
      -0.04049423336982727,
      0.9991793632507324,
      0.0007563270628452301
    ],
    "userAcceleration" : [
      0.0016199983656406403,
      0.030673623085021973,
      0.07878971099853516
    ],
    "gravity" : [
      0.04049422964453697,
      -0.9991793632507324,
      -0.0007562742684967816
    ]
  },
  {
    "timestamp" : 235557039077,
    "rotationMatrix" : [
      -0.912402331829071,
      -0.036094725131988525,
      -0.4076992869377136,
      -0.40729930996894836,
      -0.01815013214945793,
      0.9131141901016235,
      -0.04035845398902893,
      0.9991834163665771,
      0.001859087496995926
    ],
    "userAcceleration" : [
      0.012635286897420883,
      0.0363081693649292,
      0.06652575731277466
    ],
    "gravity" : [
      0.04035845398902893,
      -0.9991834759712219,
      -0.0018590516410768032
    ]
  },
  {
    "timestamp" : 235557049098,
    "rotationMatrix" : [
      -0.9118216633796692,
      -0.03552481532096863,
      -0.4090459644794464,
      -0.408637672662735,
      -0.01841215044260025,
      0.9125107526779175,
      -0.03994825482368469,
      0.9991990327835083,
      0.0022721514105796814
    ],
    "userAcceleration" : [
      0.012389354407787323,
      0.02901482582092285,
      0.038313329219818115
    ],
    "gravity" : [
      0.03994825482368469,
      -0.9991990327835083,
      -0.0022721323184669018
    ]
  },
  {
    "timestamp" : 235557059120,
    "rotationMatrix" : [
      -0.9114365577697754,
      -0.035080522298812866,
      -0.4099421501159668,
      -0.4095516800880432,
      -0.01800420880317688,
      0.9121091961860657,
      -0.03937797248363495,
      0.9992222189903259,
      0.0020425021648406982
    ],
    "userAcceleration" : [
      0.003697577863931656,
      0.02322441339492798,
      0.01350182294845581
    ],
    "gravity" : [
      0.03937796503305435,
      -0.9992222189903259,
      -0.002042483538389206
    ]
  },
  {
    "timestamp" : 235557069141,
    "rotationMatrix" : [
      -0.9109587669372559,
      -0.03480687737464905,
      -0.4110259413719177,
      -0.41066011786460876,
      -0.017408233135938644,
      0.9116222262382507,
      -0.038885995745658875,
      0.99924236536026,
      0.0015645213425159454
    ],
    "userAcceleration" : [
      -0.04271596670150757,
      -0.006021857261657715,
      0.014137744903564453
    ],
    "gravity" : [
      0.03888598829507828,
      -0.99924236536026,
      -0.0015644915401935577
    ]
  },
  {
    "timestamp" : 235557079163,
    "rotationMatrix" : [
      -0.9103932976722717,
      -0.03471243381500244,
      -0.412284791469574,
      -0.4119240343570709,
      -0.017304677516222,
      0.9110537171363831,
      -0.03875938057899475,
      0.9992473721504211,
      0.0014553479850292206
    ],
    "userAcceleration" : [
      -0.042589373886585236,
      -0.006016790866851807,
      0.014028549194335938
    ],
    "gravity" : [
      0.03875938430428505,
      -0.9992474317550659,
      -0.0014553648652508855
    ]
  },
  {
    "timestamp" : 235557089184,
    "rotationMatrix" : [
      -0.908667266368866,
      -0.03471405804157257,
      -0.4160752296447754,
      -0.4156804084777832,
      -0.018250275403261185,
      0.9093276262283325,
      -0.03915996849536896,
      0.9992306232452393,
      0.0021535269916057587
    ],
    "userAcceleration" : [
      -0.042989954352378845,
      -0.006033658981323242,
      0.014726758003234863
    ],
    "gravity" : [
      0.03915996104478836,
      -0.9992305636405945,
      -0.0021535453852266073
    ]
  },
  {
    "timestamp" : 235557099205,
    "rotationMatrix" : [
      -0.9069831371307373,
      -0.034905850887298584,
      -0.4197176396846771,
      -0.419246643781662,
      -0.02022043988108635,
      0.9076470136642456,
      -0.040169090032577515,
      0.9991859197616577,
      0.003705579787492752
    ],
    "userAcceleration" : [
      -0.048485152423381805,
      -0.015355587005615234,
      0.031476616859436035
    ],
    "gravity" : [
      0.04016909375786781,
      -0.9991859197616577,
      -0.0037056156434118748
    ]
  },
  {
    "timestamp" : 235557109227,
    "rotationMatrix" : [
      -0.9051505327224731,
      -0.03525617718696594,
      -0.42362600564956665,
      -0.4230444133281708,
      -0.022951100021600723,
      0.9058181047439575,
      -0.041658446192741394,
      0.9991146326065063,
      0.00585952028632164
    ],
    "userAcceleration" : [
      -0.043047014623880386,
      -0.0178682804107666,
      0.04071056842803955
    ],
    "gravity" : [
      0.0416584387421608,
      -0.9991146326065063,
      -0.005859484896063805
    ]
  },
  {
    "timestamp" : 235557119248,
    "rotationMatrix" : [
      -0.903409481048584,
      -0.035636499524116516,
      -0.42729485034942627,
      -0.42658472061157227,
      -0.025973673909902573,
      0.9040744304656982,
      -0.04331652820110321,
      0.9990271329879761,
      0.008263114839792252
    ],
    "userAcceleration" : [
      -0.028622329235076904,
      -0.002986907958984375,
      0.03571361303329468
    ],
    "gravity" : [
      0.04331652447581291,
      -0.9990270733833313,
      -0.008263088762760162
    ]
  },
  {
    "timestamp" : 235557129270,
    "rotationMatrix" : [
      -0.9021331667900085,
      -0.03593146800994873,
      -0.42995867133140564,
      -0.4291265308856964,
      -0.028722524642944336,
      0.9027875065803528,
      -0.04478800296783447,
      0.9989413619041443,
      0.010492503643035889
    ],
    "userAcceleration" : [
      -0.010532069951295853,
      0.018396377563476562,
      0.01989191770553589
    ],
    "gravity" : [
      0.04478801041841507,
      -0.9989413022994995,
      -0.01049255020916462
    ]
  },
  {
    "timestamp" : 235557139291,
    "rotationMatrix" : [
      -0.9002991914749146,
      -0.03602860867977142,
      -0.43377697467803955,
      -0.4328482747077942,
      -0.030886340886354446,
      0.9009372591972351,
      -0.045857399702072144,
      0.9988730549812317,
      0.012212466448545456
    ],
    "userAcceleration" : [
      0.006190303713083267,
      0.033022522926330566,
      -0.00565558485686779
    ],
    "gravity" : [
      0.04585740715265274,
      -0.9988731145858765,
      -0.012212498113512993
    ]
  },
  {
    "timestamp" : 235557149312,
    "rotationMatrix" : [
      -0.8988470435142517,
      -0.036005690693855286,
      -0.43678027391433716,
      -0.4357925057411194,
      -0.032216839492321014,
      0.8994701504707336,
      -0.04645779728889465,
      0.9988319277763367,
      0.013267286121845245
    ],
    "userAcceleration" : [
      0.01852935180068016,
      0.04373878240585327,
      -0.029014823958277702
    ],
    "gravity" : [
      0.046457815915346146,
      -0.9988319873809814,
      -0.013267326168715954
    ]
  },
  {
    "timestamp" : 235557159334,
    "rotationMatrix" : [
      -0.8973067402839661,
      -0.03587640821933746,
      -0.43994688987731934,
      -0.43892842531204224,
      -0.03295905143022537,
      0.8979172706604004,
      -0.04671429097652435,
      0.9988125562667847,
      0.013827316462993622
    ],
    "userAcceleration" : [
      0.01870008558034897,
      0.04670989513397217,
      -0.04600244760513306
    ],
    "gravity" : [
      0.04671430587768555,
      -0.9988125562667847,
      -0.013827267102897167
    ]
  },
  {
    "timestamp" : 235557169355,
    "rotationMatrix" : [
      -0.8953545689582825,
      -0.03562435507774353,
      -0.44392678141593933,
      -0.44288894534111023,
      -0.03350609540939331,
      0.895950198173523,
      -0.046791911125183105,
      0.9988033771514893,
      0.014222264289855957
    ],
    "userAcceleration" : [
      -0.00850764662027359,
      0.04096353054046631,
      -0.02834981679916382
    ],
    "gravity" : [
      0.046791911125183105,
      -0.998803436756134,
      -0.014222217723727226
    ]
  },
  {
    "timestamp" : 235557179376,
    "rotationMatrix" : [
      -0.8929505944252014,
      -0.035271406173706055,
      -0.44877105951309204,
      -0.44771021604537964,
      -0.03417311608791351,
      0.8935255408287048,
      -0.04685179889202118,
      0.9987934231758118,
      0.01472337543964386
    ],
    "userAcceleration" : [
      -0.017066646367311478,
      0.028761625289916992,
      0.04293680191040039
    ],
    "gravity" : [
      0.04685177654027939,
      -0.9987934231758118,
      -0.014723362401127815
    ]
  },
  {
    "timestamp" : 235557189398,
    "rotationMatrix" : [
      -0.8905370235443115,
      -0.03486098349094391,
      -0.45357295870780945,
      -0.4524778723716736,
      -0.03509829193353653,
      0.891084611415863,
      -0.0469837486743927,
      0.9987756609916687,
      0.015482567250728607
    ],
    "userAcceleration" : [
      -0.01719861850142479,
      0.028743982315063477,
      0.04369598627090454
    ],
    "gravity" : [
      0.046983737498521805,
      -0.9987756609916687,
      -0.015482542105019093
    ]
  },
  {
    "timestamp" : 235557199419,
    "rotationMatrix" : [
      -0.8876386284828186,
      -0.034303829073905945,
      -0.4592612385749817,
      -0.45811736583709717,
      -0.036394961178302765,
      0.8881462812423706,
      -0.04718160629272461,
      0.9987485408782959,
      0.016590408980846405
    ],
    "userAcceleration" : [
      -0.007600355893373489,
      0.023116886615753174,
      0.07700002193450928
    ],
    "gravity" : [
      0.0471816286444664,
      -0.9987485408782959,
      -0.016590474173426628
    ]
  },
  {
    "timestamp" : 235557209441,
    "rotationMatrix" : [
      -0.885219931602478,
      -0.03358624875545502,
      -0.4639580249786377,
      -0.4627583622932434,
      -0.03789089620113373,
      0.8856741786003113,
      -0.04732632637023926,
      0.9987171292304993,
      0.017999783158302307
    ],
    "userAcceleration" : [
      -0.007745072245597839,
      0.023085594177246094,
      0.07840931415557861
    ],
    "gravity" : [
      0.047326333820819855,
      -0.9987171292304993,
      -0.017999786883592606
    ]
  },
  {
    "timestamp" : 235557219462,
    "rotationMatrix" : [
      -0.8835206627845764,
      -0.03264299035072327,
      -0.4672524333000183,
      -0.46600401401519775,
      -0.03932923078536987,
      0.8839077949523926,
      -0.04723016917705536,
      0.9986927509307861,
      0.019536852836608887
    ],
    "userAcceleration" : [
      0.006007693707942963,
      0.02162688970565796,
      0.08891856670379639
    ],
    "gravity" : [
      0.047230180352926254,
      -0.9986927509307861,
      -0.01953686960041523
    ]
  },
  {
    "timestamp" : 235557229483,
    "rotationMatrix" : [
      -0.8822122812271118,
      -0.031474173069000244,
      -0.4697980284690857,
      -0.46851974725723267,
      -0.04048767685890198,
      0.8825245499610901,
      -0.046797871589660645,
      0.9986839890480042,
      0.02097281813621521
    ],
    "userAcceleration" : [
      0.010468333959579468,
      0.021648645401000977,
      0.0754467248916626
    ],
    "gravity" : [
      0.04679786041378975,
      -0.9986839890480042,
      -0.020972875878214836
    ]
  },
  {
    "timestamp" : 235557239505,
    "rotationMatrix" : [
      -0.8810968995094299,
      -0.03019842505455017,
      -0.4719700813293457,
      -0.4706842005252838,
      -0.041258811950683594,
      0.8813363909721375,
      -0.04608796536922455,
      0.9986918568611145,
      0.022139370441436768
    ],
    "userAcceleration" : [
      0.00443384051322937,
      0.017963886260986328,
      0.04397463798522949
    ],
    "gravity" : [
      0.04608796536922455,
      -0.9986919164657593,
      -0.022139331325888634
    ]
  },
  {
    "timestamp" : 235557249526,
    "rotationMatrix" : [
      -0.8799304962158203,
      -0.02897787094116211,
      -0.47421741485595703,
      -0.47293955087661743,
      -0.041698046028614044,
      0.8801075220108032,
      -0.04527764022350311,
      0.9987097978591919,
      0.022986821830272675
    ],
    "userAcceleration" : [
      -0.008763421326875687,
      0.00992518663406372,
      0.010337235406041145
    ],
    "gravity" : [
      0.04527765512466431,
      -0.9987098574638367,
      -0.022986799478530884
    ]
  },
  {
    "timestamp" : 235557259548,
    "rotationMatrix" : [
      -0.8781392574310303,
      -0.027941659092903137,
      -0.4775881767272949,
      -0.47632092237472534,
      -0.042012229561805725,
      0.8782671689987183,
      -0.0446048378944397,
      0.9987262487411499,
      0.023583516478538513
    ],
    "userAcceleration" : [
      -0.021976076066493988,
      -0.0017314553260803223,
      -0.010947108268737793
    ],
    "gravity" : [
      0.0446048304438591,
      -0.9987262487411499,
      -0.023583507165312767
    ]
  },
  {
    "timestamp" : 235557269569,
    "rotationMatrix" : [
      -0.876000165939331,
      -0.027256205677986145,
      -0.48153990507125854,
      -0.4802718162536621,
      -0.04241020232439041,
      0.8760937452316284,
      -0.04430121183395386,
      0.9987283945083618,
      0.024061016738414764
    ],
    "userAcceleration" : [
      -0.038426611572504044,
      -0.015828430652618408,
      -0.02269190549850464
    ],
    "gravity" : [
      0.04430120810866356,
      -0.998728334903717,
      -0.02406105026602745
    ]
  },
  {
    "timestamp" : 235557279590,
    "rotationMatrix" : [
      -0.8733925819396973,
      -0.02681097388267517,
      -0.48627787828445435,
      -0.484989732503891,
      -0.043115563690662384,
      0.8734562397003174,
      -0.0443844199180603,
      0.9987101554870605,
      0.02465396374464035
    ],
    "userAcceleration" : [
      -0.05234954133629799,
      -0.021644949913024902,
      -0.019947469234466553
    ],
    "gravity" : [
      0.0443844236433506,
      -0.9987101554870605,
      -0.02465398609638214
    ]
  },
  {
    "timestamp" : 235557289612,
    "rotationMatrix" : [
      -0.8704517483711243,
      -0.02652604877948761,
      -0.49153855443000793,
      -0.490212619304657,
      -0.044128917157649994,
      0.8704850673675537,
      -0.04478159546852112,
      0.998673677444458,
      0.025408662855625153
    ],
    "userAcceleration" : [
      -0.0564088374376297,
      -0.019392788410186768,
      -0.003338877111673355
    ],
    "gravity" : [
      0.04478159919381142,
      -0.998673677444458,
      -0.025408657267689705
    ]
  },
  {
    "timestamp" : 235557299632,
    "rotationMatrix" : [
      -0.8674595952033997,
      -0.026343226432800293,
      -0.49680987000465393,
      -0.4954335689544678,
      -0.04535149782896042,
      0.8674611449241638,
      -0.04538276791572571,
      0.9986236691474915,
      0.02628917247056961
    ],
    "userAcceleration" : [
      -0.048816051334142685,
      -0.018710315227508545,
      0.01591324433684349
    ],
    "gravity" : [
      0.0453827939927578,
      -0.9986237287521362,
      -0.026289239525794983
    ]
  },
  {
    "timestamp" : 235557309654,
    "rotationMatrix" : [
      -0.8646718859672546,
      -0.02627292275428772,
      -0.5016497373580933,
      -0.5002174377441406,
      -0.046612948179244995,
      0.8646444082260132,
      -0.046100109815597534,
      0.9985675811767578,
      0.027162641286849976
    ],
    "userAcceleration" : [
      -0.039004791527986526,
      -0.01948368549346924,
      0.034593578428030014
    ],
    "gravity" : [
      0.04610008746385574,
      -0.998567521572113,
      -0.027162587270140648
    ]
  },
  {
    "timestamp" : 235557319675,
    "rotationMatrix" : [
      -0.8620442748069763,
      -0.026270970702171326,
      -0.5061517357826233,
      -0.5046635866165161,
      -0.04780985414981842,
      0.8619912266731262,
      -0.04684437811374664,
      0.9985108971595764,
      0.027956172823905945
    ],
    "userAcceleration" : [
      -0.028518594801425934,
      -0.019341886043548584,
      0.037401314824819565
    ],
    "gravity" : [
      0.046844370663166046,
      -0.9985109567642212,
      -0.0279561597853899
    ]
  },
  {
    "timestamp" : 235557329696,
    "rotationMatrix" : [
      -0.8594530820846558,
      -0.02617785334587097,
      -0.510543704032898,
      -0.5090007781982422,
      -0.04901798069477081,
      0.8593690395355225,
      -0.04752229154109955,
      0.9984546899795532,
      0.028804227709770203
    ],
    "userAcceleration" : [
      -0.01738622784614563,
      -0.0047190189361572266,
      0.036784589290618896
    ],
    "gravity" : [
      0.047522298991680145,
      -0.9984546899795532,
      -0.028804289177060127
    ]
  },
  {
    "timestamp" : 235557339718,
    "rotationMatrix" : [
      -0.856802761554718,
      -0.025842800736427307,
      -0.5149959325790405,
      -0.5133935809135437,
      -0.05045381188392639,
      0.8566687107086182,
      -0.04812227189540863,
      0.99839186668396,
      0.029961615800857544
    ],
    "userAcceleration" : [
      -0.005962260067462921,
      0.006921648979187012,
      0.037850379943847656
    ],
    "gravity" : [
      0.04812227189540863,
      -0.99839186668396,
      -0.02996162697672844
    ]
  },
  {
    "timestamp" : 235557349739,
    "rotationMatrix" : [
      -0.854093074798584,
      -0.025186747312545776,
      -0.5195093154907227,
      -0.5178326368331909,
      -0.052383966743946075,
      0.8538764119148254,
      -0.04872043430805206,
      0.9983091950416565,
      0.03169863671064377
    ],
    "userAcceleration" : [
      0.0015267059206962585,
      0.009844958782196045,
      0.05093992128968239
    ],
    "gravity" : [
      0.04872043430805206,
      -0.9983091950416565,
      -0.03169858828186989
    ]
  },
  {
    "timestamp" : 235557359761,
    "rotationMatrix" : [
      -0.8513079285621643,
      -0.024217262864112854,
      -0.5241070985794067,
      -0.5223318338394165,
      -0.05500908941030502,
      0.8509661555290222,
      -0.04943875968456268,
      0.9981921315193176,
      0.03418026119470596
    ],
    "userAcceleration" : [
      0.0009304843842983246,
      0.007194876670837402,
      0.06338554620742798
    ],
    "gravity" : [
      0.04943874478340149,
      -0.9981921315193176,
      -0.03418025001883507
    ]
  },
  {
    "timestamp" : 235557369782,
    "rotationMatrix" : [
      -0.8484517335891724,
      -0.022955089807510376,
      -0.5287749171257019,
      -0.5268720388412476,
      -0.05841981619596481,
      0.8479346036911011,
      -0.05035533010959625,
      0.9980281591415405,
      0.03747189790010452
    ],
    "userAcceleration" : [
      -0.00579969584941864,
      -0.0024906396865844727,
      0.0677301287651062
    ],
    "gravity" : [
      0.05035533756017685,
      -0.9980282187461853,
      -0.03747193515300751
    ]
  },
  {
    "timestamp" : 235557379803,
    "rotationMatrix" : [
      -0.8457006812095642,
      -0.021349668502807617,
      -0.5332300662994385,
      -0.5311791896820068,
      -0.06250554323196411,
      0.8449506163597107,
      -0.05136929452419281,
      0.9978161454200745,
      0.04152059555053711
    ],
    "userAcceleration" : [
      -0.009087231010198593,
      -0.007921040058135986,
      0.06669759750366211
    ],
    "gravity" : [
      0.0513693131506443,
      -0.9978162050247192,
      -0.0415206216275692
    ]
  },
  {
    "timestamp" : 235557389825,
    "rotationMatrix" : [
      -0.8431323170661926,
      -0.019454747438430786,
      -0.537354052066803,
      -0.5351519584655762,
      -0.06692945212125778,
      0.8421002626419067,
      -0.05234767496585846,
      0.9975680112838745,
      0.04601914435625076
    ],
    "userAcceleration" : [
      -0.006205130368471146,
      -0.006628155708312988,
      0.04913186654448509
    ],
    "gravity" : [
      0.05234767496585846,
      -0.9975680708885193,
      -0.04601910337805748
    ]
  },
  {
    "timestamp" : 235557399846,
    "rotationMatrix" : [
      -0.8408175110816956,
      -0.01737108826637268,
      -0.5410395860671997,
      -0.5387003421783447,
      -0.07132945209741592,
      0.8394723534584045,
      -0.05317464470863342,
      0.9973013997077942,
      0.05061741918325424
    ],
    "userAcceleration" : [
      -0.001874636858701706,
      -0.0011878013610839844,
      0.02243441715836525
    ],
    "gravity" : [
      0.053174663335084915,
      -0.997301459312439,
      -0.050617434084415436
    ]
  },
  {
    "timestamp" : 235557409868,
    "rotationMatrix" : [
      -0.8386820554733276,
      -0.015101999044418335,
      -0.5444116592407227,
      -0.5419648885726929,
      -0.07546322047710419,
      0.8370060920715332,
      -0.05372357368469238,
      0.9970340728759766,
      0.055105045437812805
    ],
    "userAcceleration" : [
      0.00969189777970314,
      0.009012341499328613,
      -0.0010625123977661133
    ],
    "gravity" : [
      0.05372358858585358,
      -0.9970341324806213,
      -0.05510507896542549
    ]
  },
  {
    "timestamp" : 235557419889,
    "rotationMatrix" : [
      -0.8366508483886719,
      -0.012641102075576782,
      -0.5475904941558838,
      -0.5450748205184937,
      -0.07921982556581497,
      0.8346361517906189,
      -0.053930774331092834,
      0.9967769980430603,
      0.059389106929302216
    ],
    "userAcceleration" : [
      0.01888413354754448,
      0.016827106475830078,
      -0.025846540927886963
    ],
    "gravity" : [
      0.05393076688051224,
      -0.9967769980430603,
      -0.05938907712697983
    ]
  },
  {
    "timestamp" : 235557429910,
    "rotationMatrix" : [
      -0.8345257043838501,
      -0.010005444288253784,
      -0.5508779287338257,
      -0.5483396053314209,
      -0.0824773907661438,
      0.8321784734725952,
      -0.05376133322715759,
      0.9965426921844482,
      0.06334322690963745
    ],
    "userAcceleration" : [
      0.01385033130645752,
      0.026510953903198242,
      -0.05845242738723755
    ],
    "gravity" : [
      0.05376133695244789,
      -0.9965426325798035,
      -0.06334321945905685
    ]
  },
  {
    "timestamp" : 235557439932,
    "rotationMatrix" : [
      -0.8320592045783997,
      -0.007324486970901489,
      -0.5546382665634155,
      -0.5521172285079956,
      -0.08519399166107178,
      0.8294023871421814,
      -0.053326815366744995,
      0.996337354183197,
      0.06684261560440063
    ],
    "userAcceleration" : [
      0.005282152444124222,
      0.03497272729873657,
      -0.09111642092466354
    ],
    "gravity" : [
      0.053326815366744995,
      -0.996337354183197,
      -0.06684260070323944
    ]
  },
  {
    "timestamp" : 235557449953,
    "rotationMatrix" : [
      -0.8290857076644897,
      -0.0046630799770355225,
      -0.5591018795967102,
      -0.5566236972808838,
      -0.08752727508544922,
      0.8261409401893616,
      -0.05278903245925903,
      0.9961511492729187,
      0.06997215747833252
    ],
    "userAcceleration" : [
      -0.009881384670734406,
      0.03545784950256348,
      -0.10690772533416748
    ],
    "gravity" : [
      0.052789054811000824,
      -0.9961511492729187,
      -0.06997217983007431
    ]
  },
  {
    "timestamp" : 235557459974,
    "rotationMatrix" : [
      -0.8255199790000916,
      -0.0019073486328125,
      -0.564369797706604,
      -0.56195467710495,
      -0.08969732373952866,
      0.8222903609275818,
      -0.052190810441970825,
      0.9959673285484314,
      0.07297501713037491
    ],
    "userAcceleration" : [
      -0.031087934970855713,
      0.032618939876556396,
      -0.09885424375534058
    ],
    "gravity" : [
      0.05219081789255142,
      -0.9959672689437866,
      -0.0729750394821167
    ]
  },
  {
    "timestamp" : 235557469996,
    "rotationMatrix" : [
      -0.8215453028678894,
      0.0010294318199157715,
      -0.5701419115066528,
      -0.567811131477356,
      -0.09182487428188324,
      0.8180211186408997,
      -0.05151119828224182,
      0.9957745671272278,
      0.07602305710315704
    ],
    "userAcceleration" : [
      -0.035687875002622604,
      0.03216683864593506,
      -0.07172786444425583
    ],
    "gravity" : [
      0.05151118338108063,
      -0.995774507522583,
      -0.07602301985025406
    ]
  },
  {
    "timestamp" : 235557480017,
    "rotationMatrix" : [
      -0.8176753520965576,
      0.004099249839782715,
      -0.5756651163101196,
      -0.5734371542930603,
      -0.09397780150175095,
      0.8138415217399597,
      -0.05076354742050171,
      0.9955658316612244,
      0.07919395714998245
    ],
    "userAcceleration" : [
      -0.03210208937525749,
      0.025457799434661865,
      -0.03309548646211624
    ],
    "gravity" : [
      0.0507635660469532,
      -0.9955658316612244,
      -0.07919400185346603
    ]
  },
  {
    "timestamp" : 235557490039,
    "rotationMatrix" : [
      -0.8141658306121826,
      0.0072866082191467285,
      -0.5805858373641968,
      -0.5784801840782166,
      -0.09617701917886734,
      0.8100062012672424,
      -0.04993698000907898,
      0.9953373074531555,
      0.08251973241567612
    ],
    "userAcceleration" : [
      -0.02630118653178215,
      0.01142030954360962,
      0.005874767899513245
    ],
    "gravity" : [
      0.049936991184949875,
      -0.9953373074531555,
      -0.08251972496509552
    ]
  },
  {
    "timestamp" : 235557500060,
    "rotationMatrix" : [
      -0.811188280582428,
      0.01058804988861084,
      -0.5846885442733765,
      -0.5827258229255676,
      -0.09845390915870667,
      0.8066826462745667,
      -0.049023836851119995,
      0.9950850605964661,
      0.08603504300117493
    ],
    "userAcceleration" : [
      -0.01789594069123268,
      0.003752291202545166,
      0.026098504662513733
    ],
    "gravity" : [
      0.0490238219499588,
      -0.9950850605964661,
      -0.08603502810001373
    ]
  },
  {
    "timestamp" : 235557510082,
    "rotationMatrix" : [
      -0.8085910081863403,
      0.014029979705810547,
      -0.5882035493850708,
      -0.5864085555076599,
      -0.10079659521579742,
      0.8037194013595581,
      -0.04801282286643982,
      0.9948080778121948,
      0.08973072469234467
    ],
    "userAcceleration" : [
      -0.011956322938203812,
      0.0074424147605896,
      -0.0036073848605155945
    ],
    "gravity" : [
      0.04801279306411743,
      -0.99480801820755,
      -0.08973067998886108
    ]
  },
  {
    "timestamp" : 235557520103,
    "rotationMatrix" : [
      -0.8065702319145203,
      0.01752343773841858,
      -0.590878427028656,
      -0.589262843132019,
      -0.103389672935009,
      0.8012987971305847,
      -0.04704922437667847,
      0.9944865107536316,
      0.09371698647737503
    ],
    "userAcceleration" : [
      -0.010992739349603653,
      0.007120847702026367,
      0.0003789663314819336
    ],
    "gravity" : [
      0.04704922437667847,
      -0.9944865107536316,
      -0.09371699392795563
    ]
  },
  {
    "timestamp" : 235557530124,
    "rotationMatrix" : [
      -0.8037675023078918,
      0.02129623293876648,
      -0.5945621728897095,
      -0.5931414365768433,
      -0.10640526562929153,
      0.798035740852356,
      -0.046269387006759644,
      0.994094729423523,
      0.09815686196088791
    ],
    "userAcceleration" : [
      -0.01021292433142662,
      0.006729066371917725,
      0.004818856716156006
    ],
    "gravity" : [
      0.04626940190792084,
      -0.994094729423523,
      -0.0981568843126297
    ]
  },
  {
    "timestamp" : 235557540146,
    "rotationMatrix" : [
      -0.8010596632957458,
      0.025196433067321777,
      -0.5980533361434937,
      -0.5968396067619324,
      -0.10983909666538239,
      0.7948065400123596,
      -0.04566347599029541,
      0.9936297535896301,
      0.10302631556987762
    ],
    "userAcceleration" : [
      -0.008020088076591492,
      0.009193897247314453,
      -0.011216267943382263
    ],
    "gravity" : [
      0.0456634946167469,
      -0.9936297535896301,
      -0.10302629321813583
    ]
  },
  {
    "timestamp" : 235557550167,
    "rotationMatrix" : [
      -0.7981598377227783,
      0.029136717319488525,
      -0.601740837097168,
      -0.600746750831604,
      -0.11345674842596054,
      0.7913476228713989,
      -0.045214295387268066,
      0.9931156635284424,
      0.1080603376030922
    ],
    "userAcceleration" : [
      -0.006106048822402954,
      0.015561282634735107,
      -0.035524919629096985
    ],
    "gravity" : [
      0.04521428421139717,
      -0.9931156635284424,
      -0.1080603078007698
    ]
  },
  {
    "timestamp" : 235557560188,
    "rotationMatrix" : [
      -0.7949317693710327,
      0.03306099772453308,
      -0.6057974100112915,
      -0.6050428152084351,
      -0.11692685633897781,
      0.7875604033470154,
      -0.04479646682739258,
      0.9925901293754578,
      0.11295216530561447
    ],
    "userAcceleration" : [
      0.0047793202102184296,
      0.023153483867645264,
      -0.05713760852813721
    ],
    "gravity" : [
      0.04479644447565079,
      -0.992590069770813,
      -0.11295215785503387
    ]
  },
  {
    "timestamp" : 235557570210,
    "rotationMatrix" : [
      -0.7914695143699646,
      0.03695592284202576,
      -0.6100901365280151,
      -0.6096063852310181,
      -0.11995206028223038,
      0.7835760116577148,
      -0.04422387480735779,
      0.9920915365219116,
      0.11746712774038315
    ],
    "userAcceleration" : [
      0.024028658866882324,
      0.034373700618743896,
      -0.07039910554885864
    ],
    "gravity" : [
      0.044223852455616,
      -0.9920915365219116,
      -0.11746709793806076
    ]
  },
  {
    "timestamp" : 235557580231,
    "rotationMatrix" : [
      -0.787741482257843,
      0.040865033864974976,
      -0.6146489381790161,
      -0.614478349685669,
      -0.12235211580991745,
      0.7793883085250854,
      -0.043353885412216187,
      0.991645097732544,
      0.12149257212877274
    ],
    "userAcceleration" : [
      0.03731932491064072,
      0.04163295030593872,
      -0.07249248027801514
    ],
    "gravity" : [
      0.0433538556098938,
      -0.991645097732544,
