[
  {
    "userAcceleration" : [
      -1.870468258857727e-05,
      0.008911311626434326,
      0.05421125888824463
    ],
    "timestamp" : 235586963162,
    "rotationMatrix" : [
      -0.531644880771637,
      0.012861490249633789,
      0.8468694686889648,
      0.8468457460403442,
      -0.008856549859046936,
      0.5317646265029907,
      0.014339745044708252,
      0.9998779296875,
      -0.0061829835176467896
    ],
    "gravity" : [
      -0.014339753426611423,
      -0.9998779296875,
      0.006182970944792032
    ]
  },
  {
    "userAcceleration" : [
      0.015392596833407879,
      0.013357877731323242,
      0.043325185775756836
    ],
    "timestamp" : 235586973184,
    "rotationMatrix" : [
      -0.5265601873397827,
      0.014155447483062744,
      0.8500199913978577,
      0.8499945998191833,
      -0.00958852469921112,
      0.5267040729522705,
      0.015606105327606201,
      0.9998537302017212,
      -0.006983086466789246
    ],
    "gravity" : [
      -0.015606158412992954,
      -0.9998538494110107,
      0.006983044091612101
    ]
  },
  {
    "userAcceleration" : [
      0.027437394484877586,
      0.013889133930206299,
      0.027583837509155273
    ],
    "timestamp" : 235586983205,
    "rotationMatrix" : [
      -0.5211206674575806,
      0.015788942575454712,
      0.8533369898796082,
      0.8533103466033936,
      -0.010473504662513733,
      0.5212981700897217,
      0.017168164253234863,
      0.9998204708099365,
      -0.00801493227481842
    ],
    "gravity" : [
      -0.01716817170381546,
      -0.9998204708099365,
      0.008014912717044353
    ]
  },
  {
    "userAcceleration" : [
      0.026901476085186005,
      0.008884906768798828,
      -0.002681613899767399
    ],
    "timestamp" : 235586993227,
    "rotationMatrix" : [
      -0.515571117401123,
      0.01792043447494507,
      0.8566592931747437,
      0.8566374182701111,
      -0.01131489872932434,
      0.5157947540283203,
      0.018936336040496826,
      0.9997752904891968,
      -0.009517580270767212
    ],
    "gravity" : [
      -0.018936332315206528,
      -0.9997752904891968,
      0.0095175476744771
    ]
  },
  {
    "userAcceleration" : [
      0.01817539893090725,
      0.004825174808502197,
      -0.039467692375183105
    ],
    "timestamp" : 235587003249,
    "rotationMatrix" : [
      -0.5101667046546936,
      0.020744919776916504,
      0.8598253130912781,
      0.8598225116729736,
      -0.011946111917495728,
      0.5104532241821289,
      0.02086085081100464,
      0.9997134208679199,
      -0.011742442846298218
    ],
    "gravity" : [
      -0.020860886201262474,
      -0.9997134208679199,
      0.011742410250008106
    ]
  },
  {
    "userAcceleration" : [
      0.006822757422924042,
      0.0095939040184021,
      -0.056090712547302246
    ],
    "timestamp" : 235587013270,
    "rotationMatrix" : [
      -0.5052456855773926,
      0.024243980646133423,
      0.8626347780227661,
      0.8626713752746582,
      -0.012342780828475952,
      0.5056141018867493,
      0.022905468940734863,
      0.9996297955513,
      -0.014678329229354858
    ],
    "gravity" : [
      -0.022905467078089714,
      -0.9996297955513,
      0.014678346924483776
    ]
  },
  {
    "userAcceleration" : [
      0.002159353345632553,
      0.003767251968383789,
      -0.04636704921722412
    ],
    "timestamp" : 235587023292,
    "rotationMatrix" : [
      -0.5006881952285767,
      0.02812957763671875,
      0.8651704788208008,
      0.8652674555778503,
      -0.012568622827529907,
      0.5011529326438904,
      0.024971216917037964,
      0.999525249004364,
      -0.018046647310256958
    ],
    "gravity" : [
      -0.02497119829058647,
      -0.999525249004364,
      0.018046673387289047
    ]
  },
  {
    "userAcceleration" : [
      0.0012512169778347015,
      -0.0077838897705078125,
      -0.024099230766296387
    ],
    "timestamp" : 235587033314,
    "rotationMatrix" : [
      -0.49643510580062866,
      0.03212761878967285,
      0.8674790859222412,
      0.867654025554657,
      -0.012709319591522217,
      0.4970059394836426,
      0.026992708444595337,
      0.9994028806686401,
      -0.021566271781921387
    ],
    "gravity" : [
      -0.02699274942278862,
      -0.9994029402732849,
      0.021566219627857208
    ]
  },
  {
    "userAcceleration" : [
      0.003466889262199402,
      -0.00834512710571289,
      -0.0011280737817287445
    ],
    "timestamp" : 235587043335,
    "rotationMatrix" : [
      -0.4920154809951782,
      0.03601914644241333,
      0.8698410391807556,
      0.8701070547103882,
      -0.012808620929718018,
      0.4926963448524475,
      0.02888798713684082,
      0.9992690682411194,
      -0.025038540363311768
    ],
    "gravity" : [
      -0.028887972235679626,
      -0.9992690086364746,
      0.02503853850066662
    ]
  },
  {
    "userAcceleration" : [
      0.0058829933404922485,
      -0.006387174129486084,
      0.02001810073852539
    ],
    "timestamp" : 235587053357,
    "rotationMatrix" : [
      -0.4875779151916504,
      0.039488136768341064,
      0.8721860647201538,
      0.8725446462631226,
      -0.01292368769645691,
      0.48836347460746765,
      0.03055638074874878,
      0.9991364479064941,
      -0.02815386652946472
    ],
    "gravity" : [
      -0.03055640310049057,
      -0.9991364479064941,
      0.028153838589787483
    ]
  },
  {
    "userAcceleration" : [
      0.006362121552228928,
      -0.009293556213378906,
      0.035751938819885254
    ],
    "timestamp" : 235587063379,
    "rotationMatrix" : [
      -0.48351138830184937,
      0.04219233989715576,
      0.8743205070495605,
      0.8747540712356567,
      -0.013186037540435791,
      0.4843875467777252,
      0.031966328620910645,
      0.9990224838256836,
      -0.030532240867614746
    ],
    "gravity" : [
      -0.03196631744503975,
      -0.9990224242210388,
      0.030532225966453552
    ]
  },
  {
    "userAcceleration" : [
      0.0009576790034770966,
      -0.011020839214324951,
      0.037909504026174545
    ],
    "timestamp" : 235587073400,
    "rotationMatrix" : [
      -0.4800850749015808,
      0.04389357566833496,
      0.8761229515075684,
      0.8765984773635864,
      -0.013637244701385498,
      0.48102906346321106,
      0.033062130212783813,
      0.9989430904388428,
      -0.031929850578308105
    ],
    "gravity" : [
      -0.033062104135751724,
      -0.998943030834198,
      0.031929861754179
    ]
  },
  {
    "userAcceleration" : [
      -0.011845078319311142,
      -0.008586347103118896,
      0.03993236646056175
    ],
    "timestamp" : 235587083422,
    "rotationMatrix" : [
      -0.4772825241088867,
      0.04456654191017151,
      0.8776189088821411,
      0.8781008720397949,
      -0.014184534549713135,
      0.47826510667800903,
      0.033763378858566284,
      0.998905599117279,
      -0.032363712787628174
    ],
    "gravity" : [
      -0.033763375133275986,
      -0.9989055395126343,
      0.032363682985305786
    ]
  },
  {
    "userAcceleration" : [
      -0.016382478177547455,
      -0.008510589599609375,
      0.035971760749816895
    ],
    "timestamp" : 235587093444,
    "rotationMatrix" : [
      -0.47499340772628784,
      0.04441109299659729,
      0.8788679838180542,
      0.8793299198150635,
      -0.014705270528793335,
      0.4759860634803772,
      0.03406301140785217,
      0.9989051222801208,
      -0.03206709027290344
    ],
    "gravity" : [
      -0.03406301885843277,
      -0.9989051222801208,
      0.03206707909703255
    ]
  },
  {
    "userAcceleration" : [
      -0.010083969682455063,
      -0.0023190975189208984,
      0.03703927993774414
    ],
    "timestamp" : 235587103465,
    "rotationMatrix" : [
      -0.4729772210121155,
      0.04360494017601013,
      0.8799947500228882,
      0.8804141283035278,
      -0.015270918607711792,
      0.47395944595336914,
      0.03410542011260986,
      0.9989320039749146,
      -0.031167417764663696
    ],
    "gravity" : [
      -0.03410542011260986,
      -0.9989320039749146,
      0.031167438253760338
    ]
  },
  {
    "userAcceleration" : [
      0.0016871020197868347,
      0.01030951738357544,
      0.04854941368103027
    ],
    "timestamp" : 235587113487,
    "rotationMatrix" : [
      -0.47088706493377686,
      0.042416006326675415,
      0.8811731338500977,
      0.8815343379974365,
      -0.01598179340362549,
      0.47184932231903076,
      0.03409668803215027,
      0.9989721775054932,
      -0.029865503311157227
    ],
    "gravity" : [
      -0.034096699208021164,
      -0.9989721775054932,
      0.029865462332963943
    ]
  },
  {
    "userAcceleration" : [
      0.015937432646751404,
      0.015747904777526855,
      0.04578697681427002
    ],
    "timestamp" : 235587123509,
    "rotationMatrix" : [
      -0.46820223331451416,
      0.04127421975135803,
      0.8826568126678467,
      0.8829643726348877,
      -0.016655653715133667,
      0.4691442847251892,
      0.034064799547195435,
      0.9990089535713196,
      -0.028645366430282593
    ],
    "gravity" : [
      -0.034064821898937225,
      -0.9990089535713196,
      0.028645344078540802
    ]
  },
  {
    "userAcceleration" : [
      0.015658199787139893,
      0.011074542999267578,
      0.030350327491760254
    ],
    "timestamp" : 235587133530,
    "rotationMatrix" : [
      -0.4648776054382324,
      0.040445804595947266,
      0.8844504952430725,
      0.8847229480743408,
      -0.01710537075996399,
      0.4658030569553375,
      0.03396868705749512,
      0.9990352392196655,
      -0.027831345796585083
    ],
    "gravity" : [
      -0.03396868705749512,
      -0.9990352392196655,
      0.027831317856907845
    ]
  },
  {
    "userAcceleration" : [
      0.01350037008523941,
      0.01093757152557373,
      0.014729980379343033
    ],
    "timestamp" : 235587143552,
    "rotationMatrix" : [
      -0.4609658122062683,
      0.03992781043052673,
      0.8865192532539368,
      0.8867713212966919,
      -0.01740396022796631,
      0.46188074350357056,
      0.033870816230773926,
      0.999051034450531,
      -0.02738422155380249
    ],
    "gravity" : [
      -0.03387080132961273,
      -0.999051034450531,
      0.027384236454963684
    ]
  },
  {
    "userAcceleration" : [
      -0.007480908185243607,
      -0.01560443639755249,
      -0.031647440046072006
    ],
    "timestamp" : 235587153574,
    "rotationMatrix" : [
      -0.45677536725997925,
      0.03966525197029114,
      0.8886972665786743,
      0.8889422416687012,
      -0.01753002405166626,
      0.4576837420463562,
      0.03373304009437561,
      0.99905925989151,
      -0.027252793312072754
    ],
    "gravity" : [
      -0.03373303636908531,
      -0.99905925989151,
      0.027252838015556335
    ]
  },
  {
    "userAcceleration" : [
      -0.007702905684709549,
      -0.015603482723236084,
      -0.03188323602080345
    ],
    "timestamp" : 235587163596,
    "rotationMatrix" : [
      -0.452783465385437,
      0.039695680141448975,
      0.89073646068573,
      0.8909905552864075,
      -0.017403066158294678,
      0.45368820428848267,
      0.03351101279258728,
      0.9990602135658264,
      -0.027488648891448975
    ],
    "gravity" : [
      -0.03351103514432907,
      -0.9990602731704712,
      0.02748865820467472
    ]
  },
  {
    "userAcceleration" : [
      -0.008033305406570435,
      -0.015611231327056885,
      -0.032558321952819824
    ],
    "timestamp" : 235587173617,
    "rotationMatrix" : [
      -0.44997578859329224,
      0.04009455442428589,
      0.8921400308609009,
      0.8924239873886108,
      -0.016928642988204956,
      0.45087987184524536,
      0.03318062424659729,
      0.9990523457527161,
      -0.02816370129585266
    ],
    "gravity" : [
      -0.03318063169717789,
      -0.9990524053573608,
      0.028163723647594452
    ]
  },
  {
    "userAcceleration" : [
      -0.0013871677219867706,
      -0.00758671760559082,
      -0.026895642280578613
    ],
    "timestamp" : 235587183639,
    "rotationMatrix" : [
      -0.44700437784194946,
      0.0407906174659729,
      0.8936012387275696,
      0.8939304947853088,
      -0.016250938177108765,
      0.447910875082016,
      0.03279244899749756,
      0.9990354776382446,
      -0.0291997492313385
    ],
    "gravity" : [
      -0.03279246389865875,
      -0.9990355372428894,
      0.029199710115790367
    ]
  },
  {
    "userAcceleration" : [
      0.00754006952047348,
      0.012789011001586914,
      0.004013776779174805
    ],
    "timestamp" : 235587193661,
    "rotationMatrix" : [
      -0.44395744800567627,
      0.041642844676971436,
      0.8950796127319336,
      0.8954575657844543,
      -0.01563313603401184,
      0.4448722302913666,
      0.0325186550617218,
      0.9990102052688599,
      -0.030348926782608032
    ],
    "gravity" : [
      -0.0325186587870121,
      -0.9990102648735046,
      0.030348937958478928
    ]
  },
  {
    "userAcceleration" : [
      0.029611334204673767,
      0.029878616333007812,
      0.05242037773132324
    ],
    "timestamp" : 235587203682,
    "rotationMatrix" : [
      -0.4403367042541504,
      0.042460888624191284,
      0.8968279957771301,
      0.8972426652908325,
      -0.0153922438621521,
      0.4412691295146942,
      0.03254091739654541,
      0.9989794492721558,
      -0.03131979703903198
    ],
    "gravity" : [
      -0.032540950924158096,
      -0.9989795088768005,
      0.03131979703903198
    ]
  },
  {
    "userAcceleration" : [
      0.05943254753947258,
      0.03512662649154663,
      0.09323477745056152
    ],
    "timestamp" : 235587213704,
    "rotationMatrix" : [
      -0.4346098303794861,
      0.04309028387069702,
      0.8995873928070068,
      0.9000183343887329,
      -0.015688687562942505,
      0.43556955456733704,
      0.03288218379020691,
      0.9989479780197144,
      -0.03196355700492859
    ],
    "gravity" : [
      -0.032882191240787506,
      -0.9989479184150696,
      0.031963519752025604
    ]
  },
  {
    "userAcceleration" : [
      0.07594951242208481,
      0.0374147891998291,
      0.11076080799102783
    ],
    "timestamp" : 235587223726,
    "rotationMatrix" : [
      -0.42891472578048706,
      0.04350769519805908,
      0.9022964239120483,
      0.9027199745178223,
      -0.0164983868598938,
      0.4299117624759674,
      0.03359106183052063,
      0.998916745185852,
      -0.03219866752624512
    ],
    "gravity" : [
      -0.03359106183052063,
      -0.9989166855812073,
      0.032198671251535416
    ]
  },
  {
    "userAcceleration" : [
      0.08874378353357315,
      0.0358128547668457,
      0.10705316066741943
    ],
    "timestamp" : 235587233747,
    "rotationMatrix" : [
      -0.42272382974624634,
      0.0436844527721405,
      0.9052051305770874,
      0.9055964946746826,
      -0.017812639474868774,
      0.42376625537872314,
      0.034636110067367554,
      0.9988865852355957,
      -0.03203067183494568
    ],
    "gravity" : [
      -0.03463607281446457,
      -0.9988865852355957,
      0.03203067556023598
    ]
  },
  {
    "userAcceleration" : [
      0.08480759710073471,
      0.029144287109375,
      0.08260250091552734
    ],
    "timestamp" : 235587243769,
    "rotationMatrix" : [
      -0.41618114709854126,
      0.043672144412994385,
      0.9082322120666504,
      0.9085713028907776,
      -0.01949980854988098,
      0.41727420687675476,
      0.03593364357948303,
      0.998855471611023,
      -0.03156372904777527
    ],
    "gravity" : [
      -0.03593364357948303,
      -0.998855471611023,
      0.03156369924545288
    ]
  },
  {
    "userAcceleration" : [
      0.038861535489559174,
      0.015985727310180664,
      -0.0009267330169677734
    ],
    "timestamp" : 235587261307,
    "rotationMatrix" : [
      -0.4048445224761963,
      0.04352831840515137,
      0.9133488535881042,
      0.9135696887969971,
      -0.022930234670639038,
      0.40603524446487427,
      0.03861737251281738,
      0.9987890124320984,
      -0.030482977628707886
    ],
    "gravity" : [
      -0.0386173278093338,
      -0.9987890124320984,
      0.030483005568385124
    ]
  },
  {
    "userAcceleration" : [
      0.027525383979082108,
      0.019903600215911865,
      -0.013054370880126953
    ],
    "timestamp" : 235587271329,
    "rotationMatrix" : [
      -0.3994441628456116,
      0.043878525495529175,
      0.9157068729400635,
      0.915864109992981,
      -0.02498859167098999,
      0.4007100760936737,
      0.04046475887298584,
      0.9987242221832275,
      -0.030205249786376953
    ],
    "gravity" : [
      -0.04046477749943733,
      -0.9987242817878723,
      0.030205190181732178
    ]
  },
  {
    "userAcceleration" : [
      0.02391672134399414,
      0.0184175968170166,
      -0.011426212266087532
    ],
    "timestamp" : 235587281350,
    "rotationMatrix" : [
      -0.3932599425315857,
      0.04485881328582764,
      0.9183322191238403,
      0.9184421896934509,
      -0.027054429054260254,
      0.39462873339653015,
      0.042547643184661865,
      0.9986268281936646,
      -0.030560672283172607
    ],
    "gravity" : [
      -0.04254763573408127,
      -0.9986268281936646,
      0.030560646206140518
    ]
  },
  {
    "userAcceleration" : [
      0.024829670786857605,
      0.004664301872253418,
      0.006265401840209961
    ],
    "timestamp" : 235587291372,
    "rotationMatrix" : [
      -0.38673484325408936,
      0.04640302062034607,
      0.9210225939750671,
      0.9211025238037109,
      -0.029068589210510254,
      0.3882330358028412,
      0.04478812217712402,
      0.9984996318817139,
      -0.03149998188018799
    ],
    "gravity" : [
      -0.04478809982538223,
      -0.9984996914863586,
      0.03150000423192978
    ]
  },
  {
    "userAcceleration" : [
      0.022600553929805756,
      -0.014749348163604736,
      0.02274477109313011
    ],
    "timestamp" : 235587301394,
    "rotationMatrix" : [
      -0.37986570596694946,
      0.04815724492073059,
      0.9237871170043945,
      0.9238451719284058,
      -0.03102162480354309,
      0.38150689005851746,
      0.04702979326248169,
      0.9983577728271484,
      -0.0327056348323822
    ],
    "gravity" : [
      -0.04702980816364288,
      -0.9983577728271484,
      0.03270562365651131
    ]
  },
  {
    "userAcceleration" : [
      0.014529503881931305,
      -0.02712339162826538,
      0.022458907216787338
    ],
    "timestamp" : 235587311414,
    "rotationMatrix" : [
      -0.3729718327522278,
      0.049750953912734985,
      0.9265076518058777,
      0.9265437126159668,
      -0.03284484148025513,
      0.37475016713142395,
      0.049075305461883545,
      0.9982212781906128,
      -0.03384602069854736
    ],
    "gravity" : [
      -0.049075327813625336,
      -0.9982212781906128,
      0.03384598344564438
    ]
  },
  {
    "userAcceleration" : [
      0.002574097365140915,
      -0.03135669231414795,
      0.011340852826833725
    ],
    "timestamp" : 235587321436,
    "rotationMatrix" : [
      -0.3662511706352234,
      0.05092352628707886,
      0.9291214346885681,
      0.9291303157806396,
      -0.034456223249435425,
      0.368143230676651,
      0.050761282444000244,
      0.99810791015625,
      -0.034694820642471313
    ],
    "gravity" : [
      -0.050761282444000244,
      -0.99810791015625,
      0.034694839268922806
    ]
  },
  {
    "userAcceleration" : [
      -0.002019725739955902,
      -0.028795063495635986,
      0.0027513504028320312
    ],
    "timestamp" : 235587331458,
    "rotationMatrix" : [
      -0.36007827520370483,
      0.05148473381996155,
      0.9315004348754883,
      0.9314694404602051,
      -0.035858482122421265,
      0.3620481789112091,
      0.052042096853256226,
      0.9980298280715942,
      -0.035044580698013306
    ],
    "gravity" : [
      -0.052042096853256226,
      -0.9980298280715942,
      0.0350445993244648
    ]
  },
  {
    "userAcceleration" : [
      -0.0057242922484874725,
      -0.015806972980499268,
      -0.006498217582702637
    ],
    "timestamp" : 235587341479,
    "rotationMatrix" : [
      -0.3547421097755432,
      0.05144393444061279,
      0.9335477352142334,
      0.9334620237350464,
      -0.03708788752555847,
      0.3567533791065216,
      0.05297619104385376,
      0.997986912727356,
      -0.034864217042922974
    ],
    "gravity" : [
      -0.052976205945014954,
      -0.997986912727356,
      0.034864239394664764
    ]
  },
  {
    "userAcceleration" : [
      -0.0045056939125061035,
      -0.00542372465133667,
      -0.01149917021393776
    ],
    "timestamp" : 235587351501,
    "rotationMatrix" : [
      -0.34993869066238403,
      0.05110064148902893,
      0.9353777170181274,
      0.9352325201034546,
      -0.03817209601402283,
      0.351969838142395,
      0.05369129776954651,
      0.9979636669158936,
      -0.0344330370426178
    ],
    "gravity" : [
      -0.05369126424193382,
      -0.9979636073112488,
      0.03443300724029541
    ]
  },
  {
    "userAcceleration" : [
      -0.0018108189105987549,
      -0.005869448184967041,
      -0.014884114265441895
    ],
    "timestamp" : 235587361523,
    "rotationMatrix" : [
      -0.3452944755554199,
      0.05081990361213684,
      0.937117338180542,
      0.9369268417358398,
      -0.039021313190460205,
      0.34734046459198,
      0.05421942472457886,
      0.9979451894760132,
      -0.03414064645767212
    ],
    "gravity" : [
      -0.05421938747167587,
      -0.9979451894760132,
      0.03414064273238182
    ]
  },
  {
    "userAcceleration" : [
      -0.0007275938987731934,
      -0.0028098225593566895,
      -0.008314251899719238
    ],
    "timestamp" : 235587371545,
    "rotationMatrix" : [
      -0.3404545783996582,
      0.05085420608520508,
      0.9388847351074219,
      0.9386769533157349,
      -0.03955361247062683,
      0.34252169728279114,
      0.05455493927001953,
      0.9979225397109985,
      -0.03426942229270935
    ],
    "gravity" : [
      -0.05455493554472923,
      -0.9979224801063538,
      0.03426944091916084
    ]
  },
  {
    "userAcceleration" : [
      -0.0006073601543903351,
      -0.006886482238769531,
      -0.002646561712026596
    ],
    "timestamp" : 235587381566,
    "rotationMatrix" : [
      -0.3350524306297302,
      0.051313817501068115,
      0.9408011436462402,
      0.9406082034111023,
      -0.03979119658470154,
      0.3371540904045105,
      0.05473622679710388,
      0.9978895783424377,
      -0.03493407368659973
    ],
    "gravity" : [
      -0.054736219346523285,
      -0.9978895783424377,
      0.034934114664793015
    ]
  },
  {
    "userAcceleration" : [
      -0.005010303109884262,
      -0.005238533020019531,
      0.0043792724609375
    ],
    "timestamp" : 235587391588,
    "rotationMatrix" : [
      -0.32945752143859863,
      0.052217185497283936,
      0.9427253007888794,
      0.9425784945487976,
      -0.03976595401763916,
      0.3316088318824768,
      0.054804056882858276,
      0.9978436827659607,
      -0.0361175537109375
    ],
    "gravity" : [
      -0.054804082959890366,
      -0.9978436827659607,
      0.03611753135919571
    ]
  },
  {
    "userAcceleration" : [
      -0.006413932889699936,
      0.004551947116851807,
      0.026433352380990982
    ],
    "timestamp" : 235587401610,
    "rotationMatrix" : [
      -0.32395756244659424,
      0.05335131287574768,
      0.9445661902427673,
      0.9444856643676758,
      -0.039549678564071655,
      0.32616376876831055,
      0.05475848913192749,
      0.9977923631668091,
      -0.03757724165916443
    ],
    "gravity" : [
      -0.05475849285721779,
      -0.9977923631668091,
      0.03757724165916443
    ]
  },
  {
    "userAcceleration" : [
      0.009020660072565079,
      -0.0005251169204711914,
      0.061293844133615494
    ],
    "timestamp" : 235587411631,
    "rotationMatrix" : [
      -0.3184092044830322,
      0.054283589124679565,
      0.9463977813720703,
      0.9463778734207153,
      -0.03933081030845642,
      0.32065853476524353,
      0.05462917685508728,
      0.9977506399154663,
      -0.038849443197250366
    ],
    "gravity" : [
      -0.0546291284263134,
      -0.9977506399154663,
      0.03884949907660484
    ]
  },
  {
    "userAcceleration" : [
      0.029840268194675446,
      -0.009960293769836426,
      0.08686172962188721
    ],
    "timestamp" : 235587421653,
    "rotationMatrix" : [
      -0.3126686215400696,
      0.05464181303977966,
      0.9482892751693726,
      0.9482958316802979,
      -0.03935524821281433,
      0.31493842601776123,
      0.05452892184257507,
      0.9977301359176636,
      -0.03951147198677063
    ],
    "gravity" : [
      -0.05452892556786537,
      -0.9977301955223083,
      0.039511505514383316
    ]
  },
  {
    "userAcceleration" : [
      0.03882644325494766,
      -0.015083372592926025,
      0.08271872997283936
    ],
    "timestamp" : 235587431675,
    "rotationMatrix" : [
      -0.30648374557495117,
      0.054323822259902954,
      0.9503244161605835,
      0.9503145217895508,
      -0.039696574211120605,
      0.30874982476234436,
      0.05449715256690979,
      0.9977339506149292,
      -0.039458274841308594
    ],
    "gravity" : [
      -0.05449715629220009,
      -0.9977338910102844,
      0.039458274841308594
    ]
  },
  {
    "userAcceleration" : [
      0.03677821159362793,
      -0.02334451675415039,
      0.05175924301147461
    ],
    "timestamp" : 235587441696,
    "rotationMatrix" : [
      -0.2999919652938843,
      0.05347737669944763,
      0.9524414539337158,
      0.9523847103118896,
      -0.040228843688964844,
      0.302232950925827,
      0.05447837710380554,
      0.9977582693099976,
      -0.03886258602142334
    ],
    "gravity" : [
      -0.054478343576192856,
      -0.9977583289146423,
      0.03886257857084274
    ]
  },
  {
    "userAcceleration" : [
      0.017040282487869263,
      -0.032820701599121094,
      0.01229715347290039
    ],
    "timestamp" : 235587451718,
    "rotationMatrix" : [
      -0.2938162088394165,
      0.05227574706077576,
      0.9544312357902527,
      0.9543180465698242,
      -0.04068177938461304,
      0.29600971937179565,
      0.0543021559715271,
      0.9978036284446716,
      -0.03793460130691528
    ],
    "gravity" : [
      -0.05430217832326889,
      -0.9978036284446716,
      0.03793465718626976
    ]
  },
  {
    "userAcceleration" : [
      -0.010147307068109512,
      -0.043168723583221436,
      -0.01417231559753418
    ],
    "timestamp" : 235587461740,
    "rotationMatrix" : [
      -0.2884041666984558,
      0.050720423460006714,
      0.9561643600463867,
      0.9559967517852783,
      -0.0408419668674469,
      0.29052016139030457,
      0.05378696322441101,
      0.9978773593902588,
      -0.03670951724052429
    ],
    "gravity" : [
      -0.053786952048540115,
      -0.9978773593902588,
      0.0367095060646534
    ]
  },
  {
    "userAcceleration" : [
      -0.030952047556638718,
      -0.04912453889846802,
      -0.028978344053030014
    ],
    "timestamp" : 235587471761,
    "rotationMatrix" : [
      -0.28415948152542114,
      0.048767805099487305,
      0.957535982131958,
      0.9573135375976562,
      -0.040729790925979614,
      0.28616777062416077,
      0.052955955266952515,
      0.9979794025421143,
      -0.035112351179122925
    ],
    "gravity" : [
      -0.05295597016811371,
      -0.9979794025421143,
      0.035112302750349045
    ]
  },
  {
    "userAcceleration" : [
      -0.03900691866874695,
      -0.03895068168640137,
      -0.020688176155090332
    ],
    "timestamp" : 235587481783,
    "rotationMatrix" : [
      -0.28099244832992554,
      0.04651153087615967,
      0.9585822820663452,
      0.9583028554916382,
      -0.0404699444770813,
      0.2828742265701294,
      0.05195072293281555,
      0.9980976581573486,
      -0.03320038318634033
    ],
    "gravity" : [
      -0.051950667053461075,
      -0.9980975985527039,
      0.03320037201046944
    ]
  },
  {
    "userAcceleration" : [
      -0.026247408241033554,
      -0.033489227294921875,
      0.011502740904688835
    ],
    "timestamp" : 235587491805,
    "rotationMatrix" : [
      -0.2784988284111023,
      0.04415711760520935,
      0.9594207406044006,
      0.9590882062911987,
      -0.04012349247932434,
      0.28024914860725403,
      0.05087047815322876,
      0.9982184171676636,
      -0.031176060438156128
    ],
    "gravity" : [
      -0.050870440900325775,
      -0.9982184171676636,
      0.031176075339317322
    ]
  },
  {
    "userAcceleration" : [
      -0.002843610942363739,
      -0.037226319313049316,
      0.05276786908507347
    ],
    "timestamp" : 235587501826,
    "rotationMatrix" : [
      -0.2758573889732361,
      0.041698575019836426,
      0.9602934122085571,
      0.9599137306213379,
      -0.039682358503341675,
      0.2774716317653656,
      0.049677103757858276,
      0.9983416795730591,
      -0.029080182313919067
    ],
    "gravity" : [
      -0.04967707395553589,
      -0.9983417391777039,
      0.02908020280301571
    ]
  },
  {
    "userAcceleration" : [
      0.020318958908319473,
      -0.034718215465545654,
      0.0764610767364502
    ],
    "timestamp" : 235587511848,
    "rotationMatrix" : [
      -0.27246522903442383,
      0.038976579904556274,
      0.9613755941390991,
      0.9609475135803223,
      -0.039233267307281494,
      0.27393463253974915,
      0.04839503765106201,
      0.9984694719314575,
      -0.02676457166671753
    ],
    "gravity" : [
      -0.0483950637280941,
      -0.9984694719314575,
      0.026764562353491783
    ]
  },
  {
    "userAcceleration" : [
      0.029244694858789444,
      -0.026393651962280273,
      0.06194281578063965
    ],
    "timestamp" : 235587521870,
    "rotationMatrix" : [
      -0.26842647790908813,
      0.0358891487121582,
      0.9626312255859375,
      0.9621487855911255,
      -0.038853228092193604,
      0.2697405517101288,
      0.04708215594291687,
      0.9986001253128052,
      -0.0241013765335083
    ],
    "gravity" : [
      -0.04708215221762657,
      -0.99860018491745,
      0.024101421236991882
    ]
  },
  {
    "userAcceleration" : [
      0.02619471773505211,
      -0.013237476348876953,
      0.025403497740626335
    ],
    "timestamp" : 235587531892,
    "rotationMatrix" : [
      -0.26412177085876465,
      0.03246983885765076,
      0.9639424681663513,
      0.9633980989456177,
      -0.038643091917037964,
      0.26527440547943115,
      0.045863211154937744,
      0.9987252950668335,
      -0.021074742078781128
    ],
    "gravity" : [
      -0.045863233506679535,
      -0.9987252950668335,
      0.02107476070523262
    ]
  },
  {
    "userAcceleration" : [
      0.02362007275223732,
      -0.001346588134765625,
      -0.0058214664459228516
    ],
    "timestamp" : 235587541913,
    "rotationMatrix" : [
      -0.2606324553489685,
      0.028839409351348877,
      0.9650071859359741,
      0.9643959403038025,
      -0.03865247964859009,
      0.2616225481033325,
      0.044844985008239746,
      0.9988363981246948,
      -0.0177384614944458
    ],
    "gravity" : [
      -0.04484499245882034,
      -0.9988363981246948,
      0.017738502472639084
    ]
  },
  {
    "userAcceleration" : [
      0.026876002550125122,
      0.005731165409088135,
      -0.014730215072631836
    ],
    "timestamp" : 235587551935,
    "rotationMatrix" : [
      -0.2578604221343994,
      0.025100022554397583,
      0.9658560752868652,
      0.9651744365692139,
      -0.03895530104637146,
      0.25869083404541016,
      0.04411837458610535,
      0.9989256858825684,
      -0.014180868864059448
    ],
    "gravity" : [
      -0.04411836713552475,
      -0.9989256858825684,
      0.014180888421833515
    ]
  },
  {
    "userAcceleration" : [
      0.028779178857803345,
      -0.0012551546096801758,
      -0.013717531226575375
    ],
    "timestamp" : 235587561957,
    "rotationMatrix" : [
      -0.2554473280906677,
      0.021431684494018555,
      0.9665855169296265,
      0.9658355116844177,
      -0.03951829671859741,
      0.256125271320343,
      0.043687015771865845,
      0.9989890456199646,
      -0.01060473918914795
    ],
    "gravity" : [
      -0.04368695616722107,
      -0.9989889860153198,
      0.010604722425341606
    ]
  },
  {
    "userAcceleration" : [
      0.014940191060304642,
      -0.02129262685775757,
      -0.015265106223523617
    ],
    "timestamp" : 235587571978,
    "rotationMatrix" : [
      -0.25298601388931274,
      0.018024355173110962,
      0.9673020839691162,
      0.9664968252182007,
      -0.040124982595443726,
      0.2535230219364166,
      0.04338252544403076,
      0.9990321397781372,
      -0.007269531488418579
    ],
    "gravity" : [
      -0.043382514268159866,
      -0.9990320801734924,
      0.007269491441547871
    ]
  },
  {
    "userAcceleration" : [
      -0.019584856927394867,
      -0.038423359394073486,
      -0.029146790504455566
    ],
    "timestamp" : 235587582000,
    "rotationMatrix" : [
      -0.25007230043411255,
      0.015069335699081421,
      0.9681099653244019,
      0.9672744274139404,
      -0.040461331605911255,
      0.25048622488975525,
      0.04294559359550476,
      0.9990675449371338,
      -0.004458039999008179
    ],
    "gravity" : [
      -0.04294559732079506,
      -0.9990675449371338,
      0.004458058159798384
    ]
  },
  {
    "userAcceleration" : [
      -0.04688500612974167,
      -0.028974473476409912,
      -0.04344785213470459
    ],
    "timestamp" : 235587592022,
    "rotationMatrix" : [
      -0.2467796802520752,
      0.012881845235824585,
      0.9689857959747314,
      0.9681476354598999,
      -0.04037126898765564,
      0.24710309505462646,
      0.04230251908302307,
      0.9991015195846558,
      -0.002508491277694702
    ],
    "gravity" : [
      -0.04230254516005516,
      -0.9991015195846558,
      0.002508471254259348
    ]
  },
  {
    "userAcceleration" : [
      -0.05280204862356186,
      -0.002652406692504883,
      -0.04001212120056152
    ],
    "timestamp" : 235587602043,
    "rotationMatrix" : [
      -0.24360555410385132,
      0.011717408895492554,
      0.9698033332824707,
      0.9689813852310181,
      -0.03995257616043091,
      0.2438819408416748,
      0.04160401225090027,
      0.9991326332092285,
      -0.0016210079193115234
    ],
    "gravity" : [
      -0.04160400480031967,
      -0.9991326332092285,
      0.0016209895256906748
    ]
  },
  {
    "userAcceleration" : [
      -0.03593455255031586,
      0.004074394702911377,
      -0.009250044822692871
    ],
    "timestamp" : 235587612065,
    "rotationMatrix" : [
      -0.2401876449584961,
      0.01133805513381958,
      0.9706599712371826,
      0.9698631763458252,
      -0.03935205936431885,
      0.24045038223266602,
      0.04092392325401306,
      0.999160885810852,
      -0.0015442371368408203
    ],
    "gravity" : [
      -0.04092390090227127,
      -0.999160885810852,
      0.001544274971820414
    ]
  },
  {
    "userAcceleration" : [
      -0.010075859725475311,
      0.003260016441345215,
      0.030631422996520996
    ],
    "timestamp" : 235587622087,
    "rotationMatrix" : [
      -0.23662394285202026,
      0.011156082153320312,
      0.9715372323989868,
      0.9707647562026978,
      -0.03876936435699463,
      0.23688098788261414,
      0.040308594703674316,
      0.9991858005523682,
      -0.0016561150550842285
    ],
    "gravity" : [
      -0.040308598428964615,
      -0.9991858601570129,
      0.0016560775693506002
    ]
  },
  {
    "userAcceleration" : [
      0.02192748710513115,
      0.004703223705291748,
      0.06442666053771973
    ],
    "timestamp" : 235587632108,
    "rotationMatrix" : [
      -0.2329789400100708,
      0.010519444942474365,
      0.9724246263504028,
      0.9716700911521912,
      -0.038322508335113525,
      0.2332129180431366,
      0.039719194173812866,
      0.9992098808288574,
      -0.001292884349822998
    ],
    "gravity" : [
      -0.03971916809678078,
      -0.9992098808288574,
      0.0012928805081173778
    ]
  },
  {
    "userAcceleration" : [
      0.021311484277248383,
      0.004728376865386963,
      0.06571781635284424
    ],
    "timestamp" : 235587642130,
    "rotationMatrix" : [
      -0.22944027185440063,
      0.008980423212051392,
      0.9732813835144043,
      0.9725369215011597,
      -0.03805798292160034,
      0.22961589694023132,
      0.039103180170059204,
      0.9992351531982422,
      -1.7881393432617188e-06
    ],
    "gravity" : [
      -0.03910316526889801,
      -0.9992351531982422,
      1.740480342959927e-06
    ]
  },
  {
    "gravity" : [
      -0.03843310475349426,
      -0.9992582201957703,
      -0.002347672823816538
    ],
    "userAcceleration" : [
      0.023113347589969635,
      0.004736363887786865,
      0.057965874671936035
    ],
    "rotationMatrix" : [
      -0.22697734832763672,
      0.006442040205001831,
      0.9738785624504089,
      0.9731411933898926,
      -0.03796190023422241,
      0.22705674171447754,
      0.03843313455581665,
      0.999258279800415,
      0.0023476481437683105
    ],
    "timestamp" : 235587652152
  },
  {
    "gravity" : [
      -0.03772126883268356,
      -0.9992722868919373,
      -0.005647849291563034
    ],
    "userAcceleration" : [
      0.01637428253889084,
      0.0024919509887695312,
      0.04040729999542236
    ],
    "rotationMatrix" : [
      -0.2252202033996582,
      0.002995133399963379,
      0.9743031859397888,
      0.9735773205757141,
      -0.03802388906478882,
      0.2251693606376648,
      0.037721216678619385,
      0.9992722868919373,
      0.005647838115692139
    ],
    "timestamp" : 235587662173
  },
  {
    "gravity" : [
      -0.03691599890589714,
      -0.9992729425430298,
      -0.009528205730021
    ],
    "userAcceleration" : [
      -0.0026805028319358826,
      0.00026482343673706055,
      0.023062705993652344
    ],
    "rotationMatrix" : [
      -0.2240694761276245,
      -0.0010148882865905762,
      0.9745725989341736,
      0.9738737344741821,
      -0.038112252950668335,
      0.22386911511421204,
      0.03691595792770386,
      0.9992729425430298,
      0.009528189897537231
    ],
    "timestamp" : 235587672195
  },
  {
    "gravity" : [
      -0.035963352769613266,
      -0.999263346195221,
      -0.013388358056545258
    ],
    "userAcceleration" : [
      -0.03160250559449196,
      -0.003742516040802002,
      0.015600801445543766
    ],
    "rotationMatrix" : [
      -0.22300857305526733,
      -0.005034536123275757,
      0.9748033881187439,
      0.9741528034210205,
      -0.03804287314414978,
      0.22266331315040588,
      0.035963356494903564,
      0.9992634057998657,
      0.013388365507125854
    ],
    "timestamp" : 235587682217
  },
  {
    "gravity" : [
      -0.03490232676267624,
      -0.9992501735687256,
      -0.016751818358898163
    ],
    "userAcceleration" : [
      -0.04171198979020119,
      -0.003892958164215088,
      0.022367002442479134
    ],
    "rotationMatrix" : [
      -0.22148782014846802,
      -0.008611023426055908,
      0.9751249551773071,
      0.9745381474494934,
      -0.03774431347846985,
      0.22102132439613342,
      0.034902334213256836,
      0.9992501735687256,
      0.016751796007156372
    ],
    "timestamp" : 235587692239
  },
  {
    "gravity" : [
      -0.03385040909051895,
      -0.9992377161979675,
      -0.0194429699331522
    ],
    "userAcceleration" : [
      -0.026360712945461273,
      -0.0020897388458251953,
      0.04985368251800537
    ],
    "rotationMatrix" : [
      -0.21827971935272217,
      -0.011592686176300049,
      0.9758172631263733,
      0.9752988815307617,
      -0.037275731563568115,
      0.21772095561027527,
      0.03385037183761597,
      0.9992376565933228,
      0.019442975521087646
    ],
    "timestamp" : 235587702260
  },
  {
    "gravity" : [
      -0.03298032656311989,
      -0.9992218017578125,
      -0.021633140742778778
    ],
