[
  {
    "timestamp" : 235546827285,
    "gravity" : [
      0.06808383762836456,
      -0.994818389415741,
      -0.0755021944642067
    ],
    "userAcceleration" : [
      -0.004485227167606354,
      -0.01599985361099243,
      0.04394698888063431
    ],
    "rotationMatrix" : [
      -0.9295528531074524,
      -0.035767510533332825,
      -0.36694881319999695,
      -0.3623470067977905,
      -0.0951661616563797,
      0.9271718263626099,
      -0.06808382272720337,
      0.9948183298110962,
      0.07550214231014252
    ]
  },
  {
    "timestamp" : 235546837306,
    "gravity" : [
      0.06596063077449799,
      -0.9953706860542297,
      -0.06990376114845276
    ],
    "userAcceleration" : [
      -0.018200650811195374,
      -0.02225327491760254,
      0.046939246356487274
    ],
    "rotationMatrix" : [
      -0.9293660521507263,
      -0.03578305244445801,
      -0.36742162704467773,
      -0.36321932077407837,
      -0.08920165151357651,
      0.9274237751960754,
      -0.06596061587333679,
      0.9953706860542297,
      0.06990370899438858
    ]
  },
  {
    "timestamp" : 235546847328,
    "gravity" : [
      0.06400945037603378,
      -0.9958773255348206,
      -0.06427429616451263
    ],
    "userAcceleration" : [
      -0.007399365305900574,
      -0.015566706657409668,
      0.05315065383911133
    ],
    "rotationMatrix" : [
      -0.9293824434280396,
      -0.036026209592819214,
      -0.36735624074935913,
      -0.3635261654853821,
      -0.08324974030256271,
      0.9278568029403687,
      -0.06400944292545319,
      0.9958772659301758,
      0.06427425891160965
    ]
  },
  {
    "timestamp" : 235546857349,
    "gravity" : [
      0.06214749068021774,
      -0.9963293671607971,
      -0.05886777117848396
    ],
    "userAcceleration" : [
      0.016648881137371063,
      -0.0049065351486206055,
      0.06138545274734497
    ],
    "rotationMatrix" : [
      -0.9295089244842529,
      -0.03629489243030548,
      -0.36700886487960815,
      -0.3635250926017761,
      -0.07752668112516403,
      0.9283528327941895,
      -0.062147483229637146,
      0.9963293075561523,
      0.05886781960725784
    ]
  },
  {
    "timestamp" : 235546867371,
    "gravity" : [
      0.06030842661857605,
      -0.9967203140258789,
      -0.053955987095832825
    ],
    "userAcceleration" : [
      0.040689464658498764,
      0.010636448860168457,
      0.05745023488998413
    ],
    "rotationMatrix" : [
      -0.9296088814735413,
      -0.03639453649520874,
      -0.36674559116363525,
      -0.363579124212265,
      -0.07227561622858047,
      0.9287552237510681,
      -0.06030842661857605,
      0.9967203736305237,
      0.05395599454641342
    ]
  },
  {
    "timestamp" : 235546877392,
    "gravity" : [
      0.05854886770248413,
      -0.9970484375953674,
      -0.04966089874505997
    ],
    "userAcceleration" : [
      0.05264190584421158,
      0.019311130046844482,
      0.04168051853775978
    ],
    "rotationMatrix" : [
      -0.9294636845588684,
      -0.03629454970359802,
      -0.36712315678596497,
      -0.3642371892929077,
      -0.06765240430831909,
      0.9288456439971924,
      -0.05854886770248413,
      0.9970484972000122,
      0.049660924822092056
    ]
  },
  {
    "timestamp" : 235546887413,
    "gravity" : [
      0.05691352114081383,
      -0.9973177909851074,
      -0.046018630266189575
    ],
    "userAcceleration" : [
      0.048372093588113785,
      0.014575660228729248,
      0.014249805361032486
    ],
    "rotationMatrix" : [
      -0.9287164807319641,
      -0.035970330238342285,
      -0.36904072761535645,
      -0.36639565229415894,
      -0.06374132633209229,
      0.92827308177948,
      -0.056913524866104126,
      0.9973177909851074,
      0.04601866006851196
    ]
  },
  {
    "timestamp" : 235546897435,
    "gravity" : [
      0.055577050894498825,
      -0.9975293278694153,
      -0.04297035187482834
    ],
    "userAcceleration" : [
      0.02556915581226349,
      0.010178923606872559,
      -0.0039809346199035645
    ],
    "rotationMatrix" : [
      -0.9275885224342346,
      -0.035660162568092346,
      -0.37189793586730957,
      -0.3694467544555664,
      -0.060527849942445755,
      0.9272785782814026,
      -0.05557703971862793,
      0.9975293278694153,
      0.042970310896635056
    ]
  },
  {
    "timestamp" : 235546907456,
    "gravity" : [
      0.05457201972603798,
      -0.9977019429206848,
      -0.04015965014696121
    ],
    "userAcceleration" : [
      -0.008688867092132568,
      -0.008065938949584961,
      -0.005845610052347183
    ],
    "rotationMatrix" : [
      -0.926202118396759,
      -0.035552605986595154,
      -0.3753471374511719,
      -0.3730567693710327,
      -0.05767936632037163,
      0.9260138273239136,
      -0.05457201600074768,
      0.99770188331604,
      0.040159691125154495
    ]
  },
  {
    "timestamp" : 235546917478,
    "gravity" : [
      0.05389396846294403,
      -0.9978633522987366,
      -0.03693171218037605
    ],
    "userAcceleration" : [
      -0.02401728183031082,
      -0.027206718921661377,
      -0.0054419636726379395
    ],
    "rotationMatrix" : [
      -0.9250014424324036,
      -0.03595918416976929,
      -0.37825751304626465,
      -0.37612131237983704,
      -0.05454748123884201,
      0.9249632954597473,
      -0.053893983364105225,
      0.9978633522987366,
      0.03693176060914993
    ]
  },
  {
    "timestamp" : 235546927499,
    "gravity" : [
      0.05328258126974106,
      -0.9980401992797852,
      -0.03281084820628166
    ],
    "userAcceleration" : [
      -0.002821803092956543,
      0.004738926887512207,
      0.022282302379608154
    ],
    "rotationMatrix" : [
      -0.9238843321800232,
      -0.036801502108573914,
      -0.3808978199958801,
      -0.37894392013549805,
      -0.05060853809118271,
      0.9240347146987915,
      -0.05328257381916046,
      0.9980401992797852,
      0.032810844480991364
    ]
  },
  {
    "timestamp" : 235546937520,
    "gravity" : [
      0.05237111449241638,
      -0.9982379674911499,
      -0.02789715863764286
    ],
    "userAcceleration" : [
      -0.0019103139638900757,
      0.004936575889587402,
      0.017368551343679428
    ],
    "rotationMatrix" : [
      -0.9234170317649841,
      -0.03777201473712921,
      -0.38193511962890625,
      -0.3802083730697632,
      -0.045763157308101654,
      0.9237680435180664,
      -0.052371129393577576,
      0.9982379674911499,
      0.02789715677499771
    ]
  },
  {
    "timestamp" : 235546947542,
    "gravity" : [
      0.05097603797912598,
      -0.9984431862831116,
      -0.022634511813521385
    ],
    "userAcceleration" : [
      0.04431508108973503,
      0.0278012752532959,
      0.04440873861312866
    ],
    "rotationMatrix" : [
      -0.9227942228317261,
      -0.0384228378534317,
      -0.3833717703819275,
      -0.38190531730651855,
      -0.04042953997850418,
      0.9233165383338928,
      -0.05097605288028717,
      0.9984431862831116,
      0.022634558379650116
    ]
  },
  {
    "timestamp" : 235546957563,
    "gravity" : [
      0.04905669391155243,
      -0.9986423850059509,
      -0.01751614734530449
    ],
    "userAcceleration" : [
      0.06991605460643768,
      0.0419926643371582,
      0.058745384216308594
    ],
    "rotationMatrix" : [
      -0.9230424165725708,
      -0.03862948715686798,
      -0.3827536404132843,
      -0.3815573453903198,
      -0.03494473919272423,
      0.9236844182014465,
      -0.04905670881271362,
      0.9986423850059509,
      0.01751616969704628
    ]
  },
  {
    "timestamp" : 235546967584,
    "gravity" : [
      0.04676583409309387,
      -0.9988244771957397,
      -0.012746776454150677
    ],
    "userAcceleration" : [
      0.08003467321395874,
      0.04473823308944702,
      0.04958146810531616
    ],
    "rotationMatrix" : [
      -0.9234883189201355,
      -0.03836736083030701,
      -0.3817026913166046,
      -0.3807649612426758,
      -0.02962195873260498,
      0.9241971373558044,
      -0.04676583409309387,
      0.998824417591095,
      0.012746751308441162
    ]
  },
  {
    "timestamp" : 235546977606,
    "gravity" : [
      0.044607240706682205,
      -0.9989697337150574,
      -0.008333053439855576
    ],
    "userAcceleration" : [
      0.0570925697684288,
      0.026450932025909424,
      0.013185322284698486
    ],
    "rotationMatrix" : [
      -0.9237266778945923,
      -0.038067981600761414,
      -0.38115549087524414,
      -0.380445659160614,
      -0.024699542671442032,
      0.924473226070404,
      -0.04460723698139191,
      0.9989697337150574,
      0.0083329938352108
    ]
  },
  {
    "timestamp" : 235546987627,
    "gravity" : [
      0.04305729642510414,
      -0.9990627765655518,
      -0.0043864925391972065
    ],
    "userAcceleration" : [
      0.007662877440452576,
      -0.004614412784576416,
      -0.023628652095794678
    ],
    "rotationMatrix" : [
      -0.9235057830810547,
      -0.038125231862068176,
      -0.38168424367904663,
      -0.38115936517715454,
      -0.020484883338212967,
      0.9242821931838989,
      -0.04305730760097504,
      0.9990627765655518,
      0.00438646599650383
    ]
  },
  {
    "timestamp" : 235546997649,
    "gravity" : [
      0.0423751175403595,
      -0.9991011023521423,
      -0.0011146279284730554
    ],
    "userAcceleration" : [
      -0.02436978369951248,
      -0.02792215347290039,
      -0.049330949783325195
    ],
    "rotationMatrix" : [
      -0.9225043654441833,
      -0.038697972893714905,
      -0.3840416371822357,
      -0.38365328311920166,
      -0.01730196177959442,
      0.9233151078224182,
      -0.0423751175403595,
      0.9991011023521423,
      0.0011146217584609985
    ]
  },
  {
    "timestamp" : 235547007670,
    "gravity" : [
      0.04269571974873543,
      -0.9990870356559753,
      0.001328971702605486
    ],
    "userAcceleration" : [
      -0.044191110879182816,
      -0.03484833240509033,
      -0.05624532699584961
    ],
    "rotationMatrix" : [
      -0.920611560344696,
      -0.039858877658843994,
      -0.3884389400482178,
      -0.3881373703479767,
      -0.015360802412033081,
      0.9214732646942139,
      -0.04269571602344513,
      0.9990869760513306,
      -0.001328974962234497
    ]
  },
  {
    "timestamp" : 235547017691,
    "gravity" : [
      0.04382377117872238,
      -0.9990347027778625,
      0.0029918148647993803
    ],
    "userAcceleration" : [
      -0.05026300996541977,
      -0.0262795090675354,
      -0.04231381416320801
    ],
    "rotationMatrix" : [
      -0.9180545806884766,
      -0.041452303528785706,
      -0.39428049325942993,
      -0.39402395486831665,
      -0.014532003551721573,
      0.91898512840271,
      -0.043823763728141785,
      0.9990346431732178,
      -0.002991829067468643
    ]
  },
  {
    "timestamp" : 235547027713,
    "gravity" : [
      0.04532983899116516,
      -0.9989622831344604,
      0.00437159975990653
    ],
    "userAcceleration" : [
      -0.038173507899045944,
      -0.01396167278289795,
      -0.013298035599291325
    ],
    "rotationMatrix" : [
      -0.9152226448059082,
      -0.04328325390815735,
      -0.4006161093711853,
      -0.400389701128006,
      -0.0141584612429142,
      0.9162353277206421,
      -0.04532983899116516,
      0.9989622831344604,
      -0.004371616989374161
    ]
  },
  {
    "timestamp" : 235547037734,
    "gravity" : [
      0.04681213200092316,
      -0.998883843421936,
      0.006272146478295326
    ],
    "userAcceleration" : [
      -0.022977933287620544,
      -0.008989512920379639,
      0.00437843706458807
    ],
    "rotationMatrix" : [
      -0.9127781391143799,
      -0.04532581567764282,
      -0.4059324264526367,
      -0.4057636857032776,
      -0.013277173042297363,
      0.9138814210891724,
      -0.04681213200092316,
      0.998883843421936,
      -0.0062721967697143555
    ]
  },
  {
    "timestamp" : 235547047756,
    "gravity" : [
      0.04793785139918327,
      -0.9988080263137817,
      0.009182795882225037
    ],
    "userAcceleration" : [
      0.004216652363538742,
      0.0026227831840515137,
      0.0019866228103637695
    ],
    "rotationMatrix" : [
      -0.9108774662017822,
      -0.04748651385307312,
      -0.40993523597717285,
      -0.40988269448280334,
      -0.011286832392215729,
      0.9120683073997498,
      -0.04793784022331238,
      0.998807966709137,
      -0.00918278843164444
    ]
  },
  {
    "timestamp" : 235547057777,
    "gravity" : [
      0.04851275309920311,
      -0.9987383484840393,
      0.01296093687415123
    ],
    "userAcceleration" : [
      0.027247115969657898,
      0.024129092693328857,
      -0.004919529892504215
    ],
    "rotationMatrix" : [
      -0.909386157989502,
      -0.04953216016292572,
      -0.4129924178123474,
      -0.41311341524124146,
      -0.00824858620762825,
      0.9106420278549194,
      -0.048512741923332214,
      0.9987382888793945,
      -0.012960929423570633
    ]
  },
  {
    "timestamp" : 235547067798,
    "gravity" : [
      0.04841924458742142,
      -0.9986798167228699,
      0.01714206486940384
    ],
    "userAcceleration" : [
      0.049069132655858994,
      0.0443648099899292,
      -0.008139373734593391
    ],
    "rotationMatrix" : [
      -0.9081436395645142,
      -0.05116213858127594,
      -0.4155198931694031,
      -0.41584843397140503,
      -0.004551306366920471,
      0.9094222784042358,
      -0.048419222235679626,
      0.9986797571182251,
      -0.017142072319984436
    ]
  },
  {
    "timestamp" : 235547077820,
    "gravity" : [
      0.04784395545721054,
      -0.9986287355422974,
      0.02124706283211708
    ],
    "userAcceleration" : [
      0.06394190341234207,
      0.05421656370162964,
      -0.0068732500076293945
    ],
    "rotationMatrix" : [
      -0.9069361090660095,
      -0.05234457552433014,
      -0.41800326108932495,
      -0.4185422658920288,
      -0.0007290765643119812,
      0.9081969261169434,
      -0.04784396290779114,
      0.9986287355422974,
      -0.021247081458568573
    ]
  },
  {
    "timestamp" : 235547087841,
    "gravity" : [
      0.0472135990858078,
      -0.9985758662223816,
      0.024839751422405243
    ],
    "userAcceleration" : [
      0.05451671779155731,
      0.03942370414733887,
      -0.00669705867767334
    ],
    "rotationMatrix" : [
      -0.9055378437042236,
      -0.05328480899333954,
      -0.4209059476852417,
      -0.4216300845146179,
      0.002620931714773178,
      0.9067640900611877,
      -0.0472135990858078,
      0.9985758662223816,
      -0.02483976259827614
    ]
  },
  {
    "timestamp" : 235547097862,
    "gravity" : [
      0.046918075531721115,
      -0.9985159039497375,
      0.027646366506814957
    ],
    "userAcceleration" : [
      0.0173824280500412,
      0.015880584716796875,
      -0.010266663506627083
    ],
    "rotationMatrix" : [
      -0.9036405086517334,
      -0.05422303080558777,
      -0.4248448610305786,
      -0.42571350932121277,
      0.005049750208854675,
      0.9048437476158142,
      -0.046918079257011414,
      0.9985159039497375,
      -0.027646377682685852
    ]
  },
  {
    "timestamp" : 235547107884,
    "gravity" : [
      0.04708116874098778,
      -0.9984525442123413,
      0.029597926884889603
    ],
    "userAcceleration" : [
      -0.013786517083644867,
      0.003091156482696533,
      -0.016307588666677475
    ],
    "rotationMatrix" : [
      -0.9011136293411255,
      -0.05523952841758728,
      -0.4300498962402344,
      -0.4310193657875061,
      0.006423786282539368,
      0.9023198485374451,
      -0.04708115756511688,
      0.9984524846076965,
      -0.029597923159599304
    ]
  },
  {
    "timestamp" : 235547117905,
    "gravity" : [
      0.047637540847063065,
      -0.9983900785446167,
      0.03078869916498661
    ],
    "userAcceleration" : [
      -0.020644769072532654,
      0.006355226039886475,
      -0.019955039024353027
    ],
    "rotationMatrix" : [
      -0.8981003165245056,
      -0.05630311369895935,
      -0.4361715316772461,
      -0.4372028112411499,
      0.006873279809951782,
      0.8993366360664368,
      -0.04763752222061157,
      0.9983900189399719,
      -0.030788689851760864
    ]
  },
  {
    "timestamp" : 235547127927,
    "gravity" : [
      0.04833332449197769,
      -0.9983344674110413,
      0.03149738907814026
    ],
    "userAcceleration" : [
      -0.011834323406219482,
      0.01522606611251831,
      -0.01977860927581787
    ],
    "rotationMatrix" : [
      -0.8947235345840454,
      -0.05729153752326965,
      -0.4429304003715515,
      -0.44399723410606384,
      0.006773211061954498,
      0.896002471446991,
      -0.048333317041397095,
      0.9983344674110413,
      -0.03149738162755966
    ]
  },
  {
    "timestamp" : 235547137948,
    "gravity" : [
      0.04894744232296944,
      -0.9982807040214539,
      0.03224135935306549
    ],
    "userAcceleration" : [
      0.006823401898145676,
      0.024846374988555908,
      -0.027282238006591797
    ],
    "rotationMatrix" : [
      -0.8912183046340942,
      -0.05822587013244629,
      -0.4498211145401001,
      -0.4509251117706299,
      0.006716765463352203,
      0.8925363421440125,
      -0.04894743859767914,
      0.9982807040214539,
      -0.03224130719900131
    ]
  },
  {
    "timestamp" : 235547147969,
    "gravity" : [
      0.049346257001161575,
      -0.998220682144165,
      0.03346990793943405
    ],
    "userAcceleration" : [
      0.024552039802074432,
      0.03603208065032959,
      -0.04146552458405495
    ],
    "rotationMatrix" : [
      -0.8879337310791016,
      -0.05918875336647034,
      -0.4561470150947571,
      -0.45731648802757263,
      0.007210038602352142,
      0.8892747163772583,
      -0.04934626817703247,
      0.998220682144165,
      -0.03346989303827286
    ]
  },
  {
    "timestamp" : 235547157991,
    "gravity" : [
      0.04947315528988838,
      -0.9981523752212524,
      0.035273198038339615
    ],
    "userAcceleration" : [
      0.03705940023064613,
      0.04522579908370972,
      -0.051111817359924316
    ],
    "rotationMatrix" : [
      -0.884901762008667,
      -0.06018182635307312,
      -0.46187344193458557,
      -0.46314290165901184,
      0.008362971246242523,
      0.8862441778182983,
      -0.04947313666343689,
      0.9981523752212524,
      -0.0352732315659523
    ]
  },
  {
    "timestamp" : 235547168012,
    "gravity" : [
      0.04949850216507912,
      -0.9980732202529907,
      0.03741389140486717
    ],
    "userAcceleration" : [
      0.041230227798223495,
      0.043315589427948,
      -0.054458022117614746
    ],
    "rotationMatrix" : [
      -0.8820001482963562,
      -0.06125734746456146,
      -0.46725088357925415,
      -0.4686424136161804,
      0.009870782494544983,
      0.8833328485488892,
      -0.04949851334095001,
      0.9980732202529907,
      -0.03741388022899628
    ]
  },
  {
    "timestamp" : 235547178034,
    "gravity" : [
      0.04971657693386078,
      -0.99798983335495,
      0.039300013333559036
    ],
    "userAcceleration" : [
      0.03248249366879463,
      0.03589272499084473,
      -0.05251419544219971
    ],
    "rotationMatrix" : [
      -0.878824770450592,
      -0.06240829825401306,
      -0.4730457067489624,
      -0.47454747557640076,
      0.011019594967365265,
      0.880160927772522,
      -0.04971657693386078,
      0.9979898929595947,
      -0.039300017058849335
    ]
  },
  {
    "timestamp" : 235547188055,
    "gravity" : [
      0.05034208670258522,
      -0.9979194402694702,
      0.040280211716890335
    ],
    "userAcceleration" : [
      0.011028748005628586,
      0.025980353355407715,
      -0.04116522893309593
    ],
    "rotationMatrix" : [
      -0.8751067519187927,
      -0.06351102888584137,
      -0.4797443151473999,
      -0.481304407119751,
      0.011098109185695648,
      0.8764833211898804,
      -0.050342097878456116,
      0.9979194402694702,
      -0.04028020054101944
    ]
  },
  {
    "timestamp" : 235547198076,
    "gravity" : [
      0.05158289521932602,
      -0.9978610873222351,
      0.04015369340777397
    ],
    "userAcceleration" : [
      -0.016197804361581802,
      0.014752626419067383,
      -0.02906060218811035
    ],
    "rotationMatrix" : [
      -0.8707516193389893,
      -0.06462736427783966,
      -0.48745739459991455,
      -0.4890098571777344,
      0.009819544851779938,
      0.8722229599952698,
      -0.05158291757106781,
      0.9978610873222351,
      -0.04015370458364487
    ]
  },
  {
    "timestamp" : 235547208098,
    "gravity" : [
      0.0535399429500103,
      -0.9977993965148926,
      0.039115771651268005
    ],
    "userAcceleration" : [
      -0.041500791907310486,
      0.0036739706993103027,
      -0.0141829214990139
    ],
    "rotationMatrix" : [
      -0.8657981157302856,
      -0.06590257585048676,
      -0.4960351586341858,
      -0.4975213408470154,
      0.0073084756731987,
      0.86742103099823,
      -0.053539931774139404,
      0.9977993965148926,
      -0.039115794003009796
    ]
  },
  {
    "timestamp" : 235547218119,
    "gravity" : [
      0.05606610327959061,
      -0.9977213740348816,
      0.0375295989215374
    ],
    "userAcceleration" : [
      -0.0490318238735199,
      -0.0011493563652038574,
      0.007148146629333496
    ],
    "rotationMatrix" : [
      -0.8605499863624573,
      -0.0673496425151825,
      -0.5048936009407043,
      -0.5062707662582397,
      0.003988787531852722,
      0.8623652458190918,
      -0.056066110730171204,
      0.9977214336395264,
      -0.0375296026468277
    ]
  },
  {
    "timestamp" : 235547228141,
    "gravity" : [
      0.05874134600162506,
      -0.9976291060447693,
      0.03584812581539154
    ],
    "userAcceleration" : [
      -0.025416206568479538,
      0.007440805435180664,
      0.02698754519224167
    ],
    "rotationMatrix" : [
      -0.8557236194610596,
      -0.06881384551525116,
      -0.5128360986709595,
      -0.5140872001647949,
      0.0005518421530723572,
      0.8577374815940857,
      -0.05874137580394745,
      0.9976291060447693,
      -0.035848118364810944
    ]
  },
  {
    "timestamp" : 235547238162,
    "gravity" : [
      0.06112463399767876,
      -0.9975330233573914,
      0.034518174827098846
    ],
    "userAcceleration" : [
      0.07864583283662796,
      0.04034930467605591,
      -0.004321098327636719
    ],
    "rotationMatrix" : [
      -0.8520641922950745,
      -0.07016025483608246,
      -0.5187138319015503,
      -0.5198559761047363,
      -0.0022944211959838867,
      0.8542507886886597,
      -0.06112465262413025,
      0.9975330829620361,
      -0.03451818227767944
    ]
  },
  {
    "timestamp" : 235547248183,
    "gravity" : [
      0.06312036514282227,
      -0.9974377155303955,
      0.03366917744278908
    ],
    "userAcceleration" : [
      0.07665009051561356,
      0.04025399684906006,
      -0.003472093492746353
    ],
    "rotationMatrix" : [
      -0.8490338325500488,
      -0.07139986753463745,
      -0.523491382598877,
      -0.5245540738105774,
      -0.004456475377082825,
      0.851365327835083,
      -0.06312036514282227,
      0.9974377155303955,
      -0.03366918861865997
    ]
  },
  {
    "timestamp" : 235547258205,
    "gravity" : [
      0.06473605334758759,
      -0.9973562359809875,
      0.033013083040714264
    ],
    "userAcceleration" : [
      0.08707361668348312,
      0.04612332582473755,
      -0.050499673932790756
    ],
    "rotationMatrix" : [
      -0.8451361656188965,
      -0.0723867416381836,
      -0.5296273231506348,
      -0.530616819858551,
      -0.006385520100593567,
      0.8475877642631531,
      -0.06473603844642639,
      0.9973562359809875,
      -0.03301306068897247
    ]
  },
  {
    "timestamp" : 235547268226,
    "gravity" : [
      0.06600918620824814,
      -0.9973016977310181,
      0.03212661296129227
    ],
    "userAcceleration" : [
      0.07339507341384888,
      0.055544495582580566,
      -0.09355854988098145
    ],
    "rotationMatrix" : [
      -0.8409594297409058,
      -0.07293282449245453,
      -0.5361604690551758,
      -0.5370568037033081,
      -0.008374370634555817,
      0.8435045480728149,
      -0.06600920855998993,
      0.9973016977310181,
      -0.03212658315896988
    ]
  },
  {
    "timestamp" : 235547278247,
    "gravity" : [
      0.0671352669596672,
      -0.9972653985023499,
      0.030891278758645058
    ],
    "userAcceleration" : [
      0.04565766453742981,
      0.05669856071472168,
      -0.1203230619430542
    ],
    "rotationMatrix" : [
      -0.8358592987060547,
      -0.07312211394309998,
      -0.5440511703491211,
      -0.5448223352432251,
      -0.010703951120376587,
      0.8384829759597778,
      -0.0671352744102478,
      0.9972653388977051,
      -0.030891209840774536
    ]
  },
  {
    "timestamp" : 235547288269,
    "gravity" : [
      0.06846890598535538,
      -0.9972171187400818,
      0.029494429007172585
    ],
    "userAcceleration" : [
      0.004910573363304138,
      0.04236799478530884,
      -0.1217796802520752
    ],
    "rotationMatrix" : [
      -0.8296347260475159,
      -0.0733325332403183,
      -0.5534693002700806,
      -0.5540919899940491,
      -0.013425745069980621,
      0.8323470950126648,
      -0.06846889853477478,
      0.9972171187400818,
      -0.029494382441043854
    ]
  },
  {
    "timestamp" : 235547298290,
    "gravity" : [
      0.07014334201812744,
      -0.9971411824226379,
      0.028094179928302765
    ],
    "userAcceleration" : [
      -0.019102729856967926,
      0.017801642417907715,
      -0.09343230724334717
    ],
    "rotationMatrix" : [
      -0.8226494193077087,
      -0.07375219464302063,
      -0.5637450218200684,
      -0.5642054080963135,
      -0.016431257128715515,
      0.8254709243774414,
      -0.07014337182044983,
      0.9971412420272827,
      -0.028094157576560974
    ]
  },
  {
    "timestamp" : 235547308312,
    "gravity" : [
      0.0720796063542366,
      -0.9970348477363586,
      0.0269447173923254
    ],
    "userAcceleration" : [
      -0.025250405073165894,
      0.004023432731628418,
      -0.054761528968811035
    ],
    "rotationMatrix" : [
      -0.8150245547294617,
      -0.07445046305656433,
      -0.5746232271194458,
      -0.574925422668457,
      -0.019457921385765076,
      0.817974328994751,
      -0.072079598903656,
      0.9970347881317139,
      -0.026944682002067566
    ]
  },
  {
    "timestamp" : 235547318333,
    "gravity" : [
      0.07418528944253922,
      -0.9968968033790588,
      0.026328200474381447
    ],
    "userAcceleration" : [
      -0.029431305825710297,
      4.017353057861328e-05,
      -0.024512410163879395
    ],
    "rotationMatrix" : [
      -0.8074824810028076,
      -0.075540691614151,
      -0.5850344896316528,
      -0.5852079391479492,
      -0.022141292691230774,
      0.810580849647522,
      -0.074185311794281,
      0.9968968629837036,
      -0.026328161358833313
    ]
  },
  {
    "timestamp" : 235547328354,
    "gravity" : [
      0.07624869048595428,
      -0.9967386722564697,
      0.026419982314109802
    ],
    "userAcceleration" : [
      -0.026260949671268463,
      -0.0008503198623657227,
      -0.009848952293395996
    ],
    "rotationMatrix" : [
      -0.8003968596458435,
      -0.07698714733123779,
      -0.5945061445236206,
      -0.5946013331413269,
      -0.02418375015258789,
      0.803656816482544,
      -0.07624870538711548,
      0.9967386722564697,
      -0.02641993761062622
    ]
  },
  {
    "timestamp" : 235547338376,
    "gravity" : [
      0.07804376631975174,
      -0.9965814352035522,
      0.02710125967860222
    ],
    "userAcceleration" : [
      0.014836438000202179,
      0.02972358465194702,
      0.010664224624633789
    ],
    "rotationMatrix" : [
      -0.7942007184028625,
      -0.07858103513717651,
      -0.6025528907775879,
      -0.6026226878166199,
      -0.025501519441604614,
      0.7976186275482178,
      -0.07804378867149353,
      0.9965814352035522,
      -0.027101248502731323
    ]
  },
  {
    "timestamp" : 235547348397,
    "gravity" : [
      0.07934316992759705,
      -0.9964521527290344,
      0.02806621976196766
    ],
    "userAcceleration" : [
      0.017763718962669373,
      0.0411604642868042,
      0.026361823081970215
    ],
    "rotationMatrix" : [
      -0.7881197333335876,
      -0.07994464039802551,
      -0.610308051109314,
      -0.6103866100311279,
      -0.02630414068698883,
      0.7916667461395264,
      -0.07934316992759705,
      0.9964520931243896,
      -0.028066232800483704
    ]
  },
  {
    "timestamp" : 235547358419,
    "gravity" : [
      0.08003488928079605,
      -0.9963666796684265,
      0.029115526005625725
    ],
    "userAcceleration" : [
      0.017071984708309174,
      0.041075050830841064,
      0.02531254105269909
    ],
    "rotationMatrix" : [
      -0.7822454571723938,
      -0.08088544011116028,
      -0.6176968216896057,
      -0.6178076267242432,
      -0.02666167914867401,
      0.7858770489692688,
      -0.08003491163253784,
      0.9963666796684265,
      -0.029115542769432068
    ]
  },
  {
    "timestamp" : 235547368440,
    "gravity" : [
      0.08018436282873154,
      -0.9963180422782898,
      0.030336590483784676
    ],
    "userAcceleration" : [
      0.015717051923274994,
      0.03890562057495117,
      0.03333830088376999
    ],
    "rotationMatrix" : [
      -0.7769293785095215,
      -0.08153662085533142,
      -0.6242849826812744,
      -0.6244601011276245,
      -0.026488125324249268,
      0.7806071639060974,
      -0.08018437027931213,
      0.9963180422782898,
      -0.03033655881881714
    ]
  },
  {
    "timestamp" : 235547378461,
    "gravity" : [
      0.07993804663419724,
      -0.996290385723114,
      0.03185820206999779
    ],
    "userAcceleration" : [
      0.004259884357452393,
      0.032560765743255615,
      0.03848480433225632
    ],
    "rotationMatrix" : [
      -0.7722521424293518,
      -0.08210733532905579,
      -0.6299875974655151,
      -0.630266547203064,
      -0.025757044553756714,
      0.7759512066841125,
      -0.07993805408477783,
      0.996290385723114,
      -0.031858235597610474
    ]
  },
  {
    "timestamp" : 235547388483,
    "gravity" : [
      0.07950740307569504,
      -0.996267557144165,
      0.03360959514975548
    ],
    "userAcceleration" : [
      -0.0061889588832855225,
      0.026693522930145264,
      0.049169305711984634
    ],
    "rotationMatrix" : [
      -0.7688303589820862,
      -0.08274757862091064,
      -0.6340764164924622,
      -0.6344908475875854,
      -0.024573758244514465,
      0.7725396156311035,
      -0.07950741052627563,
      0.996267557144165,
      -0.03360964357852936
    ]
  },
  {
    "timestamp" : 235547398504,
    "gravity" : [
      0.07921981066465378,
      -0.9962334036827087,
      0.03525826334953308
    ],
    "userAcceleration" : [
      -0.00977710634469986,
      0.017061710357666016,
      0.05247974395751953
    ],
    "rotationMatrix" : [
      -0.7655761241912842,
      -0.08345472812652588,
      -0.6379094123840332,
      -0.6384491920471191,
      -0.023542135953903198,
      0.7693037986755371,
      -0.07921981811523438,
      0.9962334632873535,
      -0.03525826334953308
    ]
  },
  {
    "timestamp" : 235547408526,
    "gravity" : [
      0.07948540896177292,
      -0.9961754679679871,
      0.03628484904766083
    ],
    "userAcceleration" : [
      -0.021715670824050903,
      0.014699697494506836,
      0.0483708381652832
    ],
    "rotationMatrix" : [
      -0.7619885206222534,
      -0.08418723940849304,
      -0.6420950293540955,
      -0.6426939964294434,
      -0.023388609290122986,
      0.765765905380249,
      -0.07948541641235352,
      0.9961754083633423,
      -0.03628478944301605
    ]
  },
  {
    "timestamp" : 235547418547,
    "gravity" : [
      0.08057194203138351,
      -0.9960902333259583,
      0.036227717995643616
    ],
    "userAcceleration" : [
      -0.0479029044508934,
      -0.001392066478729248,
      0.038326624780893326
    ],
    "rotationMatrix" : [
      -0.7573363780975342,
      -0.08480885624885559,
      -0.6474944353103638,
      -0.6480352878570557,
      -0.024733319878578186,
      0.7612085938453674,
      -0.08057191967964172,
      0.9960902333259583,
      -0.036227717995643616
    ]
  },
  {
    "timestamp" : 235547428568,
    "gravity" : [
      0.08239345997571945,
      -0.9959834218025208,
      0.035046808421611786
    ],
    "userAcceleration" : [
      -0.06573090702295303,
      0.002483665943145752,
      0.018419984728097916
    ],
    "rotationMatrix" : [
      -0.7517001032829285,
      -0.08519724011421204,
      -0.6539790034294128,
      -0.6543381214141846,
      -0.027538970112800598,
      0.7557004690170288,
      -0.08239346742630005,
      0.9959834814071655,
      -0.03504683077335358
    ]
  },
  {
    "timestamp" : 235547438590,
    "gravity" : [
      0.08473004400730133,
      -0.9958484172821045,
      0.03326915204524994
    ],
    "userAcceleration" : [
      -0.06327621638774872,
      0.010420560836791992,
      0.00022387877106666565
    ],
    "rotationMatrix" : [
      -0.7452706694602966,
      -0.08550119400024414,
      -0.661257266998291,
      -0.6613565683364868,
      -0.031233906745910645,
      0.7494211196899414,
      -0.08473005890846252,
      0.9958484172821045,
      -0.03326910734176636
    ]
  },
  {
    "timestamp" : 235547448611,
    "gravity" : [
      0.08719056844711304,
      -0.9956925511360168,
      0.031526513397693634
    ],
    "userAcceleration" : [
      -0.04788397252559662,
      0.018382489681243896,
      -0.01788521185517311
    ],
    "rotationMatrix" : [
      -0.7385740280151367,
      -0.08584785461425781,
      -0.6686839461326599,
      -0.6685101985931396,
      -0.03501805663108826,
      0.7428779602050781,
      -0.08719056844711304,
      0.9956926107406616,
      -0.031526535749435425
    ]
  },
  {
    "timestamp" : 235547458632,
    "gravity" : [
      0.08918952196836472,
      -0.9955546259880066,
      0.030268754810094833
    ],
    "userAcceleration" : [
      -0.008134894073009491,
      0.04896044731140137,
      -0.01998436450958252
    ],
    "rotationMatrix" : [
      -0.7317229509353638,
      -0.08611080050468445,
      -0.6761407852172852,
      -0.6757415533065796,
      -0.03815627098083496,
      0.7361503839492798,
      -0.08918949961662292,
      0.9955545663833618,
      -0.03026878833770752
    ]
  },
  {
    "timestamp" : 235547468654,
    "gravity" : [
      0.09022538363933563,
      -0.9954818487167358,
      0.02958187460899353
    ],
    "userAcceleration" : [
      0.045440442860126495,
      0.08451700210571289,
      -0.012339474633336067
    ],
    "rotationMatrix" : [
      -0.7254620790481567,
      -0.0860443115234375,
      -0.6828621625900269,
      -0.6823223829269409,
      -0.040150776505470276,
      0.7299478054046631,
      -0.09022536873817444,
      0.9954818487167358,
      -0.029581919312477112
    ]
  },
  {
    "timestamp" : 235547478675,
    "gravity" : [
      0.09011507034301758,
      -0.9954978823661804,
      0.029380444437265396
    ],
    "userAcceleration" : [
      0.09176965057849884,
      0.11054915189743042,
      -0.00168585404753685
    ],
    "rotationMatrix" : [
      -0.720136284828186,
      -0.08550980687141418,
      -0.6885431408882141,
      -0.6879556179046631,
      -0.040890172123909,
      0.7245998978614807,
      -0.09011507034301758,
      0.9954978823661804,
      -0.029380396008491516
    ]
  },
  {
    "timestamp" : 235547488697,
    "gravity" : [
      0.08897079527378082,
      -0.9955974817276001,
      0.02949453517794609
    ],
    "userAcceleration" : [
      0.08397226780653,
      0.10161560773849487,
      0.029709577560424805
    ],
    "rotationMatrix" : [
      -0.7153282761573792,
      -0.08447450399398804,
      -0.6936638355255127,
      -0.6931014657020569,
      -0.04061754047870636,
      0.7196947336196899,
      -0.08897078037261963,
      0.9955974817276001,
      -0.02949453890323639
    ]
  },
  {
    "timestamp" : 235547498718,
    "gravity" : [
      0.08705320954322815,
      -0.9957593083381653,
      0.02974747121334076
    ],
    "userAcceleration" : [
      0.08588986098766327,
      0.10177749395370483,
      0.029456613585352898
    ],
    "rotationMatrix" : [
      -0.7106944918632507,
      -0.08300149440765381,
      -0.6985869407653809,
      -0.6980936527252197,
      -0.03967268764972687,
      0.7149063944816589,
      -0.08705320954322815,
      0.9957593083381653,
      -0.029747501015663147
    ]
  },
  {
    "timestamp" : 235547508739,
    "gravity" : [
      0.08482857793569565,
      -0.9959425330162048,
      0.03004034236073494
    ],
    "userAcceleration" : [
      0.08811447024345398,
      0.10196071863174438,
      0.029163716360926628
    ],
    "rotationMatrix" : [
      -0.707092821598053,
      -0.08141297101974487,
      -0.702418327331543,
      -0.7020140290260315,
      -0.038343727588653564,
      0.7111300826072693,
      -0.08482858538627625,
      0.9959425330162048,
      -0.030040383338928223
    ]
  },
  {
    "timestamp" : 235547518761,
    "gravity" : [
      0.08272916078567505,
      -0.9961137175559998,
      0.030222736299037933
    ],
    "userAcceleration" : [
      0.05409636348485947,
      0.07591724395751953,
      0.03169739246368408
    ],
    "rotationMatrix" : [
      -0.7030410766601562,
      -0.07982927560806274,
      -0.70665442943573,
      -0.7063208222389221,
      -0.03721308708190918,
      0.7069129943847656,
      -0.08272913098335266,
      0.996113657951355,
      -0.030222773551940918
    ]
  },
  {
    "timestamp" : 235547528782,
    "gravity" : [
      0.08094427734613419,
      -0.9962704181671143,
      0.029883630573749542
    ],
    "userAcceleration" : [
      0.016422010958194733,
      0.05384194850921631,
      0.031822800636291504
    ],
    "rotationMatrix" : [
      -0.6986626386642456,
      -0.07809659838676453,
      -0.7111758589744568,
      -0.7108573913574219,
      -0.03668688237667084,
      0.7023786306381226,
      -0.08094429969787598,
      0.9962704181671143,
      -0.02988360822200775
    ]
  },
  {
    "timestamp" : 235547538804,
    "gravity" : [
      0.07952737808227539,
      -0.9964134693145752,
      0.028907084837555885
    ],
    "userAcceleration" : [
      -0.011229075491428375,
      0.04563838243484497,
      0.034264206886291504
    ],
    "rotationMatrix" : [
      -0.6935505867004395,
      -0.07613760232925415,
      -0.7163733243942261,
      -0.7160049676895142,
      -0.03692275285720825,
      0.6971181631088257,
      -0.07952737808227539,
      0.9964134693145752,
      -0.02890712022781372
    ]
  },
  {
    "timestamp" : 235547548825,
    "gravity" : [
      0.07841997593641281,
      -0.9965364933013916,
      0.02766142040491104
    ],
    "userAcceleration" : [
      -0.026265479624271393,
      0.03511083126068115,
      0.025133967399597168
    ],
    "rotationMatrix" : [
      -0.6881716847419739,
      -0.07418787479400635,
      -0.721744954586029,
      -0.7212973833084106,
      -0.03756336867809296,
      0.6916061043739319,
      -0.07841998338699341,
      0.9965365529060364,
      -0.027661427855491638
    ]
  },
  {
    "timestamp" : 235547558846,
    "gravity" : [
      0.07733684033155441,
      -0.9966515302658081,
      0.026543084532022476
    ],
    "userAcceleration" : [
      -0.025350190699100494,
      0.043251991271972656,
      0.025077341124415398
    ],
    "rotationMatrix" : [
      -0.6823215484619141,
      -0.07232004404067993,
      -0.7274659872055054,
      -0.7269497513771057,
      -0.03814883530139923,
      0.6856299638748169,
      -0.07733684778213501,
      0.9966515302658081,
      -0.02654309570789337
    ]
  },
  {
    "timestamp" : 235547568868,
    "gravity" : [
      0.07602257281541824,
      -0.9967716932296753,
