[
  {
    "gravity" : [
      0.0312981903553009,
      -0.7790350317955017,
      -0.6261985898017883
    ],
    "userAcceleration" : [
      -0.008699871599674225,
      -0.07406848669052124,
      -0.05840224027633667
    ],
    "rotationMatrix" : [
      -0.2612498998641968,
      -0.6111018657684326,
      0.7471963167190552,
      0.9647634029388428,
      -0.14020830392837524,
      0.222649484872818,
      -0.0312981903553009,
      0.7790350914001465,
      0.6261985898017883
    ],
    "timestamp" : 235516738530
  },
  {
    "gravity" : [
      0.030333280563354492,
      -0.7828177809715271,
      -0.6215112805366516
    ],
    "userAcceleration" : [
      -0.0065600257366895676,
      -0.06680679321289062,
      -0.06672120094299316
    ],
    "rotationMatrix" : [
      -0.2622326612472534,
      -0.6062495708465576,
      0.7507966756820679,
      0.9645278453826904,
      -0.140206441283226,
      0.22366982698440552,
      -0.03033331036567688,
      0.7828177809715271,
      0.6215112209320068
    ],
    "timestamp" : 235516748551
  },
  {
    "gravity" : [
      0.02976136840879917,
      -0.7865442037582397,
      -0.6168164014816284
    ],
    "userAcceleration" : [
      -0.007636070251464844,
      -0.058045029640197754,
      -0.06970703601837158
    ],
    "rotationMatrix" : [
      -0.26384642720222473,
      -0.6013848781585693,
      0.7541359663009644,
      0.9641053676605225,
      -0.14030061662197113,
      0.22542503476142883,
      -0.02976134419441223,
      0.7865442037582397,
      0.6168164014816284
    ],
    "timestamp" : 235516758572
  },
  {
    "gravity" : [
      0.029859628528356552,
      -0.7900904417037964,
      -0.6122625470161438
    ],
    "userAcceleration" : [
      -0.014066718518733978,
      -0.05263715982437134,
      -0.0633508563041687
    ],
    "rotationMatrix" : [
      -0.2657695412635803,
      -0.5967623591423035,
      0.7571269273757935,
      0.9635739922523499,
      -0.1401132196187973,
      0.22780108451843262,
      -0.029859602451324463,
      0.7900904417037964,
      0.6122625470161438
    ],
    "timestamp" : 235516768593
  },
  {
    "gravity" : [
      0.03078414872288704,
      -0.7933863997459412,
      -0.6079394221305847
    ],
    "userAcceleration" : [
      -0.030097439885139465,
      -0.05278968811035156,
      -0.04786807298660278
    ],
    "rotationMatrix" : [
      -0.26828059554100037,
      -0.5924676656723022,
      0.7596101760864258,
      0.9628487825393677,
      -0.13971441984176636,
      0.231088787317276,
      -0.030784130096435547,
      0.7933864593505859,
      0.6079394817352295
    ],
    "timestamp" : 235516778615
  },
  {
    "gravity" : [
      0.032348427921533585,
      -0.7964395880699158,
      -0.6038522124290466
    ],
    "userAcceleration" : [
      -0.05120823532342911,
      -0.06771135330200195,
      -0.02564913034439087
    ],
    "rotationMatrix" : [
      -0.2708648443222046,
      -0.5885445475578308,
      0.7617396712303162,
      0.9620736241340637,
      -0.13892120122909546,
      0.23476606607437134,
      -0.032348453998565674,
      0.7964395880699158,
      0.6038522124290466
    ],
    "timestamp" : 235516788636
  },
  {
    "gravity" : [
      0.03435112163424492,
      -0.7994190454483032,
      -0.5997908115386963
    ],
    "userAcceleration" : [
      -0.05102892220020294,
      -0.07901406288146973,
      -0.020921409130096436
    ],
    "rotationMatrix" : [
      -0.27373242378234863,
      -0.5847210884094238,
      0.7636566758155823,
      0.9611921310424805,
      -0.13794969022274017,
      0.23891282081604004,
      -0.03435111045837402,
      0.7994190454483032,
      0.5997908115386963
    ],
    "timestamp" : 235516798657
  },
  {
    "gravity" : [
      0.03660736605525017,
      -0.8024665713310242,
      -0.5955730080604553
    ],
    "userAcceleration" : [
      -0.03495936840772629,
      -0.06613993644714355,
      -0.017341971397399902
    ],
    "rotationMatrix" : [
      -0.2753714919090271,
      -0.580999493598938,
      0.7659046053886414,
      0.960640549659729,
      -0.13596603274345398,
      0.2422453761100769,
      -0.036607325077056885,
      0.8024665713310242,
      0.5955730676651001
    ],
    "timestamp" : 235516808678
  },
  {
    "gravity" : [
      0.038898855447769165,
      -0.8055490851402283,
      -0.5912507772445679
    ],
    "userAcceleration" : [
      -0.00015674158930778503,
      -0.03260082006454468,
      -0.014431595802307129
    ],
    "rotationMatrix" : [
      -0.27725228667259216,
      -0.577167272567749,
      0.7681204080581665,
      0.9600093364715576,
      -0.13404658436775208,
      0.24579155445098877,
      -0.038898855447769165,
      0.805549144744873,
      0.5912507772445679
    ],
    "timestamp" : 235516818699
  },
  {
    "gravity" : [
      0.04109857603907585,
      -0.8085575699806213,
      -0.5869800448417664
    ],
    "userAcceleration" : [
      0.042824819684028625,
      0.005151927471160889,
      -0.014628291130065918
    ],
    "rotationMatrix" : [
      -0.27871063351631165,
      -0.5734348893165588,
      0.7703849077224731,
      0.9594953656196594,
      -0.13193587958812714,
      0.24892094731330872,
      -0.041098564863204956,
      0.8085576295852661,
      0.5869800448417664
    ],
    "timestamp" : 235516828721
  },
  {
    "gravity" : [
      0.04316606745123863,
      -0.8114340305328369,
      -0.5828477740287781
    ],
    "userAcceleration" : [
      0.06498827785253525,
      0.034425973892211914,
      -0.015449345111846924
    ],
    "rotationMatrix" : [
      -0.28063130378723145,
      -0.569751501083374,
      0.7724177837371826,
      0.9588445425033569,
      -0.1302230805158615,
      0.2523077130317688,
      -0.04316607117652893,
      0.8114339709281921,
      0.5828477740287781
    ],
    "timestamp" : 235516838742
  },
  {
    "gravity" : [
      0.04504966735839844,
      -0.8141423463821411,
      -0.5789151191711426
    ],
    "userAcceleration" : [
      0.07088667154312134,
      0.037195444107055664,
      -0.007312297821044922
    ],
    "rotationMatrix" : [
      -0.2838546335697174,
      -0.5660494565963745,
      0.773960292339325,
      0.9578084945678711,
      -0.1294611096382141,
      0.25659841299057007,
      -0.04504966735839844,
      0.8141424059867859,
      0.5789151191711426
    ],
    "timestamp" : 235516848763
  },
  {
    "gravity" : [
      0.046533018350601196,
      -0.816719114780426,
      -0.575156033039093
    ],
    "userAcceleration" : [
      0.060507431626319885,
      0.024452388286590576,
      0.005789577960968018
    ],
    "rotationMatrix" : [
      -0.287362277507782,
      -0.5623852610588074,
      0.7753357887268066,
      0.9566908478736877,
      -0.12919938564300537,
      0.2608638405799866,
      -0.046533018350601196,
      0.816719114780426,
      0.575156033039093
    ],
    "timestamp" : 235516858784
  },
  {
    "gravity" : [
      0.047469913959503174,
      -0.8193977475166321,
      -0.5712563991546631
    ],
    "userAcceleration" : [
      0.0470583438873291,
      -0.0005942583084106445,
      -0.003343820571899414
    ],
    "rotationMatrix" : [
      -0.29068273305892944,
      -0.5584811568260193,
      0.776918351650238,
      0.9556410908699036,
      -0.12917406857013702,
      0.2646958529949188,
      -0.047469913959503174,
      0.8193976879119873,
      0.5712563991546631
    ],
    "timestamp" : 235516868805
  },
  {
    "gravity" : [
      0.04787849634885788,
      -0.8224219679832458,
      -0.5668595433235168
    ],
    "userAcceleration" : [
      0.0334203839302063,
      -0.0184440016746521,
      -0.01372218132019043
    ],
    "rotationMatrix" : [
      -0.2934548854827881,
      -0.5540475845336914,
      0.7790478467941284,
      0.9547731876373291,
      -0.12904806435108185,
      0.2678707242012024,
      -0.04787850379943848,
      0.8224219679832458,
      0.5668595433235168
    ],
    "timestamp" : 235516878827
  },
  {
    "gravity" : [
      0.047742098569869995,
      -0.8258309960365295,
      -0.561893105506897
    ],
    "userAcceleration" : [
      0.03346522897481918,
      -0.016225218772888184,
      -0.013500571250915527
    ],
    "rotationMatrix" : [
      -0.29557839035987854,
      -0.5490212440490723,
      0.7817986011505127,
      0.9541248083114624,
      -0.1287587583065033,
      0.2703092396259308,
      -0.047742098569869995,
      0.8258310556411743,
      0.561893105506897
    ],
    "timestamp" : 235516888848
  },
  {
    "gravity" : [
      0.046911194920539856,
      -0.8295654654502869,
      -0.5564354658126831
    ],
    "userAcceleration" : [
      0.048120591789484024,
      -0.00966787338256836,
      -0.010062336921691895
    ],
    "rotationMatrix" : [
      -0.2970772385597229,
      -0.5434297323226929,
      0.7851301431655884,
      0.9537004232406616,
      -0.1284729540348053,
      0.27193790674209595,
      -0.04691118001937866,
      0.8295654654502869,
      0.5564354658126831
    ],
    "timestamp" : 235516898869
  },
  {
    "gravity" : [
      0.04542337357997894,
      -0.8335915207862854,
      -0.5505106449127197
    ],
    "userAcceleration" : [
      0.05735988914966583,
      -0.003978729248046875,
      -0.015621006488800049
    ],
    "rotationMatrix" : [
      -0.2980280816555023,
      -0.5372918844223022,
      0.7889847159385681,
      0.953475832939148,
      -0.1282293051481247,
      0.27283915877342224,
      -0.04542338848114014,
      0.8335914611816406,
      0.5505106449127197
    ],
    "timestamp" : 235516908890
  },
  {
    "gravity" : [
      0.0434722974896431,
      -0.8377965688705444,
      -0.5442490577697754
    ],
    "userAcceleration" : [
      0.05868534743785858,
      0.002225339412689209,
      -0.02017354965209961
    ],
    "rotationMatrix" : [
      -0.2986305058002472,
      -0.530754566192627,
      0.7931703329086304,
      0.9533780813217163,
      -0.1280483901500702,
      0.2732647955417633,
      -0.04347231984138489,
      0.8377965688705444,
      0.5442490577697754
    ],
    "timestamp" : 235516918911
  },
  {
    "gravity" : [
      0.0412505641579628,
      -0.8420605659484863,
      -0.5378031730651855
    ],
    "userAcceleration" : [
      0.06661386787891388,
      0.005497574806213379,
      -0.03177684545516968
    ],
    "rotationMatrix" : [
      -0.29917946457862854,
      -0.5239739418029785,
      0.7974600791931152,
      0.953304648399353,
      -0.12800391018390656,
      0.27354156970977783,
      -0.041250526905059814,
      0.8420605659484863,
      0.5378031730651855
    ],
    "timestamp" : 235516928933
  },
  {
    "gravity" : [
      0.03907663747668266,
      -0.8462854027748108,
      -0.531294584274292
    ],
    "userAcceleration" : [
      0.05920527130365372,
      0.009630799293518066,
      -0.04586911201477051
    ],
    "rotationMatrix" : [
      -0.300001859664917,
      -0.5171076059341431,
      0.8016223311424255,
      0.9531377553939819,
      -0.1280646026134491,
      0.2740941643714905,
      -0.03907662630081177,
      0.8462854027748108,
      0.531294584274292
    ],
    "timestamp" : 235516938954
  },
  {
    "gravity" : [
      0.03731382638216019,
      -0.8503783941268921,
      -0.5248468518257141
    ],
    "userAcceleration" : [
      0.04625862091779709,
      0.0014404654502868652,
      -0.054971933364868164
    ],
    "rotationMatrix" : [
      -0.3013080656528473,
      -0.5103434324264526,
      0.805458128452301,
      0.9527963399887085,
      -0.12808579206466675,
      0.2752688229084015,
      -0.03731381893157959,
      0.8503783941268921,
      0.5248467922210693
    ],
    "timestamp" : 235516948975
  },
  {
    "gravity" : [
      0.03629995882511139,
      -0.8542436361312866,
      -0.5186039805412292
    ],
    "userAcceleration" : [
      0.02935866266489029,
      -0.0063062310218811035,
      -0.05553847551345825
    ],
    "rotationMatrix" : [
      -0.303241491317749,
      -0.503893256187439,
      0.8087867498397827,
      0.9522219896316528,
      -0.1279032826423645,
      0.27733349800109863,
      -0.03629997372627258,
      0.8542436361312866,
      0.5186039805412292
    ],
    "timestamp" : 235516958996
  },
  {
    "gravity" : [
      0.03613904118537903,
      -0.8578366637229919,
      -0.5126501321792603
    ],
    "userAcceleration" : [
      0.026483088731765747,
      -0.0021333694458007812,
      -0.053222060203552246
    ],
    "rotationMatrix" : [
      -0.3057946264743805,
      -0.4978713393211365,
      0.8115500211715698,
      0.9514111876487732,
      -0.12743695080280304,
      0.28031453490257263,
      -0.03613904118537903,
      0.8578366041183472,
      0.5126501321792603
    ],
    "timestamp" : 235516969017
  },
  {
    "gravity" : [
      0.0367562398314476,
      -0.8611987829208374,
      -0.5069373846054077
    ],
    "userAcceleration" : [
      0.03045877441763878,
      0.007439076900482178,
      -0.047505974769592285
    ],
    "rotationMatrix" : [
      -0.3089182674884796,
      -0.49222564697265625,
      0.8138077259063721,
      0.9503778219223022,
      -0.1266895979642868,
      0.28413257002830505,
      -0.0367562472820282,
      0.8611986637115479,
      0.5069374442100525
    ],
    "timestamp" : 235516979039
  },
  {
    "gravity" : [
      0.037832051515579224,
      -0.864446759223938,
      -0.5012986063957214
    ],
    "userAcceleration" : [
      0.03142763674259186,
      0.011007547378540039,
      -0.03724503517150879
    ],
    "rotationMatrix" : [
      -0.3123278319835663,
      -0.48675382137298584,
      0.8157950639724731,
      0.9492205381393433,
      -0.12570616602897644,
      0.2884058952331543,
      -0.037832051515579224,
      0.864446759223938,
      0.5012986063957214
    ],
    "timestamp" : 235516989060
  },
  {
    "gravity" : [
      0.03887884318828583,
      -0.8677709698677063,
      -0.4954412281513214
    ],
    "userAcceleration" : [
      0.03259338438510895,
      0.012134432792663574,
      -0.030315637588500977
    ],
    "rotationMatrix" : [
      -0.315504789352417,
      -0.4811130166053772,
      0.8179162740707397,
      0.9481272101402283,
      -0.12451443076133728,
      0.29249101877212524,
      -0.038878828287124634,
      0.8677709698677063,
      0.4954412281513214
    ],
    "timestamp" : 235516999081
  },
  {
    "gravity" : [
      0.0393863171339035,
      -0.8714113235473633,
      -0.4889692962169647
    ],
    "userAcceleration" : [
      0.04197359457612038,
      0.010190069675445557,
      -0.031736910343170166
    ],
    "rotationMatrix" : [
      -0.31796377897262573,
      -0.4748426377773285,
      0.8206237554550171,
      0.9472843408584595,
      -0.12315316498279572,
      0.29577958583831787,
      -0.03938630223274231,
      0.8714113235473633,
      0.4889693260192871
    ],
    "timestamp" : 235517009102
  },
  {
    "gravity" : [
      0.03920541703701019,
      -0.8754507899284363,
      -0.4817143678665161
    ],
    "userAcceleration" : [
      0.04232235252857208,
      0.00222092866897583,
      -0.029897600412368774
    ],
    "rotationMatrix" : [
      -0.3196062743663788,
      -0.4677462577819824,
      0.824053943157196,
      0.9467388391494751,
      -0.12165145576000214,
      0.2981378734111786,
      -0.03920543193817139,
      0.8754507303237915,
      0.4817143678665161
    ],
    "timestamp" : 235517019123
  },
  {
    "gravity" : [
      0.038610685616731644,
      -0.8797094225883484,
      -0.4739413559436798
    ],
    "userAcceleration" : [
      0.042917072772979736,
      0.0064795613288879395,
      -0.03767058253288269
    ],
    "rotationMatrix" : [
      -0.32078638672828674,
      -0.4601028561592102,
      0.8278895616531372,
      0.9463641047477722,
      -0.12006847560405731,
      0.2999638617038727,
      -0.03861066699028015,
      0.8797094821929932,
      0.4739413857460022
    ],
    "timestamp" : 235517029145
  },
  {
    "gravity" : [
      0.03800368681550026,
      -0.8839033842086792,
      -0.46612268686294556
    ],
    "userAcceleration" : [
      0.028173737227916718,
      0.00141143798828125,
      -0.03525063395500183
    ],
    "rotationMatrix" : [
      -0.3219654858112335,
      -0.45241519808769226,
      0.8316599130630493,
      0.9459880590438843,
      -0.11846913397312164,
      0.3017800450325012,
      -0.03800368309020996,
      0.8839033246040344,
      0.46612268686294556
    ],
    "timestamp" : 235517039166
  },
  {
    "gravity" : [
      0.03767623379826546,
      -0.8878796696662903,
      -0.4585305452346802
    ],
    "userAcceleration" : [
      0.015378639101982117,
      -0.005064606666564941,
      -0.0384635329246521
    ],
    "rotationMatrix" : [
      -0.32336699962615967,
      -0.44500023126602173,
      0.8351099491119385,
      0.9455233216285706,
      -0.11680985987186432,
      0.3038768470287323,
      -0.03767627477645874,
      0.8878796100616455,
      0.4585305452346802
    ],
    "timestamp" : 235517049187
  },
  {
    "gravity" : [
      0.037679556757211685,
      -0.8916915655136108,
      -0.45107242465019226
    ],
    "userAcceleration" : [
      0.010751891881227493,
      -0.01052999496459961,
      -0.04265624284744263
    ],
    "rotationMatrix" : [
      -0.3248571455478668,
      -0.4378052055835724,
      0.8383283019065857,
      0.9450122117996216,
      -0.11494623124599457,
      0.30616870522499084,
      -0.03767955303192139,
      0.8916915655136108,
      0.45107245445251465
    ],
    "timestamp" : 235517059208
  },
  {
    "gravity" : [
      0.03794047608971596,
      -0.8954979181289673,
      -0.4434456527233124
    ],
    "userAcceleration" : [
      0.01226099580526352,
      -0.02157050371170044,
      -0.05777508020401001
    ],
    "rotationMatrix" : [
      -0.3262016773223877,
      -0.43055421113967896,
      0.8415554761886597,
      0.9445385336875916,
      -0.11272372305393219,
      0.30844834446907043,
      -0.03794044256210327,
      0.8954979181289673,
      0.44344568252563477
    ],
    "timestamp" : 235517069229
  },
  {
    "gravity" : [
      0.03849215433001518,
      -0.8994368314743042,
      -0.43535250425338745
    ],
    "userAcceleration" : [
      0.011861909180879593,
      -0.019035398960113525,
      -0.07723605632781982
    ],
    "rotationMatrix" : [
      -0.3274305462837219,
      -0.4229751527309418,
      0.8449150919914246,
      0.9440909624099731,
      -0.11002518236637115,
      0.3107841908931732,
      -0.03849214315414429,
      0.8994368314743042,
      0.43535250425338745
    ],
    "timestamp" : 235517079251
  },
  {
    "gravity" : [
      0.03914380446076393,
      -0.9035521745681763,
      -0.4266861379146576
    ],
    "userAcceleration" : [
      0.022730641067028046,
      -0.01330256462097168,
      -0.08562770485877991
    ],
    "rotationMatrix" : [
      -0.32848697900772095,
      -0.41491615772247314,
      0.8484930992126465,
      0.9436968564987183,
      -0.10694749653339386,
      0.3130466938018799,
      -0.03914380073547363,
      0.9035521745681763,
      0.42668616771698
    ],
    "timestamp" : 235517089272
  },
  {
    "gravity" : [
      0.03992374613881111,
      -0.9078574776649475,
      -0.4173737168312073
    ],
    "userAcceleration" : [
      0.03951355814933777,
      -0.0069831013679504395,
      -0.10037228465080261
    ],
    "rotationMatrix" : [
      -0.32948651909828186,
      -0.4063050448894501,
      0.8522644639015198,
      0.9433157444000244,
      -0.10349337756633759,
      0.3153480887413025,
      -0.03992372751235962,
      0.9078574776649475,
      0.4173737168312073
    ],
    "timestamp" : 235517099293
  },
  {
    "gravity" : [
      0.04081808403134346,
      -0.9123001098632812,
      -0.40748292207717896
    ],
    "userAcceleration" : [
      0.05033797770738602,
      0.018074095249176025,
      -0.10536497831344604
    ],
    "rotationMatrix" : [
      -0.33084434270858765,
      -0.39715754985809326,
      0.8560419082641602,
      0.9428020715713501,
      -0.09987139701843262,
      0.3180406093597412,
      -0.040818095207214355,
      0.9123001098632812,
      0.40748292207717896
    ],
    "timestamp" : 235517109314
  },
  {
    "gravity" : [
      0.04187694936990738,
      -0.9167712926864624,
      -0.3972109854221344
    ],
    "userAcceleration" : [
      0.045159246772527695,
      0.026573657989501953,
      -0.09390842914581299
    ],
    "rotationMatrix" : [
      -0.33284610509872437,
      -0.38765114545822144,
      0.8596161007881165,
      0.9420507550239563,
      -0.09621195495128632,
      0.3213775157928467,
      -0.041876912117004395,
      0.9167712926864624,
      0.397210955619812
    ],
    "timestamp" : 235517119335
  },
  {
    "gravity" : [
      0.04338289052248001,
      -0.9210922718048096,
      -0.3869197368621826
    ],
    "userAcceleration" : [
      -0.005953032523393631,
      -0.007862746715545654,
      -0.015942811965942383
    ],
    "rotationMatrix" : [
      -0.3355768918991089,
      -0.37821799516677856,
      0.8627510070800781,
      0.9410132765769958,
      -0.09241269528865814,
      0.32550549507141113,
      -0.043382853269577026,
      0.9210922718048096,
      0.3869197368621826
    ],
    "timestamp" : 235517129357
  },
  {
    "gravity" : [
      0.04550163820385933,
      -0.9250694513320923,
      -0.3770624101161957
    ],
    "userAcceleration" : [
      -0.008071769028902054,
      -0.0038855671882629395,
      -0.02580016851425171
    ],
    "rotationMatrix" : [
      -0.33887872099876404,
      -0.36936530470848083,
      0.8652920126914978,
      0.9397289752960205,
      -0.08840614557266235,
      0.3302931785583496,
      -0.045501649379730225,
      0.9250694513320923,
      0.3770624101161957
    ],
    "timestamp" : 235517139378
  },
  {
    "gravity" : [
      0.0480995737016201,
      -0.928644597530365,
      -0.3678390681743622
    ],
    "userAcceleration" : [
      -0.018726348876953125,
      -0.02162688970565796,
      0.008036792278289795
    ],
    "rotationMatrix" : [
      -0.34233275055885315,
      -0.36128750443458557,
      0.8673404455184937,
      0.9383467435836792,
      -0.08420458436012268,
      0.3352833092212677,
      -0.04809960722923279,
      0.9286446571350098,
      0.3678390383720398
    ],
    "timestamp" : 235517149399
  },
  {
    "gravity" : [
      0.05101959407329559,
      -0.9319093823432922,
      -0.3590846061706543
    ],
    "userAcceleration" : [
      -0.01679408922791481,
      -0.030263960361480713,
      0.02035471796989441
    ],
    "rotationMatrix" : [
      -0.3454822599887848,
      -0.35382279753685,
      0.8691669702529907,
      0.9370372295379639,
      -0.07971273362636566,
      0.3400101661682129,
      -0.0510195791721344,
      0.931909441947937,
      0.3590846061706543
    ],
    "timestamp" : 235517159420
  },
  {
    "gravity" : [
      0.054025232791900635,
      -0.9349954128265381,
      -0.3505204916000366
    ],
    "userAcceleration" : [
      -0.0008483082056045532,
      -0.015443921089172363,
      0.026973098516464233
    ],
    "rotationMatrix" : [
      -0.3480336666107178,
      -0.3466525077819824,
      0.8710362315177917,
      0.9359238147735596,
      -0.07493482530117035,
      0.34413814544677734,
      -0.054025232791900635,
      0.9349954128265381,
      0.3505204916000366
    ],
    "timestamp" : 235517169441
  },
  {
    "gravity" : [
      0.056794822216033936,
      -0.9379644393920898,
      -0.3420480787754059
    ],
    "userAcceleration" : [
      0.03172147274017334,
      0.015875935554504395,
      0.032203078269958496
    ],
    "rotationMatrix" : [
      -0.3500548303127289,
      -0.3395601809024811,
      0.8730179071426392,
      0.935005784034729,
      -0.0701526403427124,
      0.34762436151504517,
      -0.05679479241371155,
      0.9379644989967346,
      0.3420480787754059
    ],
    "timestamp" : 235517179463
  },
  {
    "gravity" : [
      0.05910877510905266,
      -0.9408263564109802,
      -0.333694189786911
    ],
    "userAcceleration" : [
      0.05636979267001152,
      0.045135557651519775,
      0.028793036937713623
    ],
    "rotationMatrix" : [
      -0.3518953025341034,
      -0.3324583172798157,
      0.8750091791152954,
      0.9341711401939392,
      -0.06570462882518768,
      0.3507236838340759,
      -0.05910876393318176,
      0.9408263564109802,
      0.3336942195892334
    ],
    "timestamp" : 235517189484
  },
  {
    "gravity" : [
      0.06098390743136406,
      -0.9435705542564392,
      -0.3255079686641693
    ],
    "userAcceleration" : [
      0.04646854102611542,
      0.06017833948135376,
      0.05248245596885681
    ],
    "rotationMatrix" : [
      -0.35383835434913635,
      -0.3253726363182068,
      0.8768869638442993,
      0.933316171169281,
      -0.06170107424259186,
      0.35371407866477966,
      -0.060983896255493164,
      0.9435704946517944,
      0.3255079388618469
    ],
    "timestamp" : 235517199505
  },
  {
    "gravity" : [
      0.06241270899772644,
      -0.9461524486541748,
      -0.3176478445529938
    ],
    "userAcceleration" : [
      0.04503974691033363,
      0.06276017427444458,
      0.04462230205535889
    ],
    "rotationMatrix" : [
      -0.35585686564445496,
      -0.31844648718833923,
      0.8786112070083618,
      0.932453989982605,
      -0.05820062756538391,
      0.3565700054168701,
      -0.06241270899772644,
      0.9461524486541748,
      0.3176478147506714
    ],
    "timestamp" : 235517209526
  },
  {
    "gravity" : [
      0.06339840590953827,
      -0.9486001133918762,
      -0.31006211042404175
    ],
    "userAcceleration" : [
      0.03729439526796341,
      0.054908156394958496,
      0.05260056257247925
    ],
    "rotationMatrix" : [
      -0.357748806476593,
      -0.31164103746414185,
      0.8802816867828369,
      0.9316633343696594,
      -0.05511593818664551,
      0.3591180443763733,
      -0.06339839100837708,
      0.9486001133918762,
      0.31006211042404175
    ],
    "timestamp" : 235517219547
  },
  {
    "gravity" : [
      0.06383917480707169,
      -0.9509748816490173,
      -0.30260783433914185
    ],
    "userAcceleration" : [
      0.036899395287036896,
      0.05008065700531006,
      0.05623933672904968
    ],
    "rotationMatrix" : [
      -0.35916364192962646,
      -0.3048016428947449,
      0.8820984363555908,
      0.9310887455940247,
      -0.05237336456775665,
      0.361013799905777,
      -0.06383916735649109,
      0.9509749412536621,
      0.30260783433914185
    ],
    "timestamp" : 235517229569
  },
  {
    "gravity" : [
      0.0636492520570755,
      -0.9533310532569885,
      -0.2951415181159973
    ],
    "userAcceleration" : [
      0.041804276406764984,
      0.055168330669403076,
      0.05469346046447754
    ],
    "rotationMatrix" : [
      -0.35997462272644043,
      -0.2977633774280548,
      0.8841691017150879,
      0.9307882785797119,
      -0.049966633319854736,
      0.36212751269340515,
      -0.0636492669582367,
      0.9533309936523438,
      0.2951415181159973
    ],
    "timestamp" : 235517239590
  },
  {
    "gravity" : [
      0.06280864030122757,
      -0.9556493759155273,
      -0.2877311110496521
    ],
    "userAcceleration" : [
      0.042049795389175415,
      0.060324788093566895,
      0.05297461152076721
    ],
    "rotationMatrix" : [
      -0.36026692390441895,
      -0.2905711531639099,
      0.8864399194717407,
      0.9307321906089783,
      -0.047983795404434204,
      0.3625394403934479,
      -0.06280863285064697,
      0.9556493759155273,
      0.2877311408519745
    ],
    "timestamp" : 235517249611
  },
  {
    "gravity" : [
      0.06139195337891579,
      -0.9578778147697449,
      -0.28053727746009827
    ],
    "userAcceleration" : [
      0.03830903396010399,
      0.05940985679626465,
      0.04941236972808838
    ],
    "rotationMatrix" : [
      -0.360215961933136,
      -0.2833881378173828,
      0.8887832164764404,
      0.9308466911315918,
      -0.046489864587783813,
      0.36244064569473267,
      -0.061391979455947876,
      0.9578778147697449,
      0.28053727746009827
    ],
    "timestamp" : 235517259632
  },
  {
    "gravity" : [
      0.05949242785573006,
      -0.9599945545196533,
      -0.27362579107284546
    ],
    "userAcceleration" : [
      0.03318951651453972,
      0.058139145374298096,
      0.03760284185409546
    ],
    "rotationMatrix" : [
      -0.36000460386276245,
      -0.2762983441352844,
      0.8910980820655823,
      0.9310516715049744,
      -0.04549291729927063,
      0.36204010248184204,
      -0.05949246883392334,
      0.9599944949150085,
      0.27362576127052307
    ],
    "timestamp" : 235517269653
  },
  {
    "gravity" : [
      0.057476144284009933,
      -0.96201092004776,
      -0.2668921649456024
    ],
    "userAcceleration" : [
      0.0026282891631126404,
      0.042791008949279785,
      0.01661747694015503
    ],
    "rotationMatrix" : [
      -0.35977792739868164,
      -0.2693304419517517,
      0.8933202028274536,
      0.9312660098075867,
      -0.04467731714248657,
      0.3615903854370117,
      -0.05747613310813904,
      0.9620109796524048,
      0.26689213514328003
    ],
    "timestamp" : 235517279675
  },
  {
    "gravity" : [
      0.05583026632666588,
      -0.9639120101928711,
      -0.2603012025356293
    ],
    "userAcceleration" : [
      -0.026060301810503006,
      0.031310081481933594,
      0.002442866563796997
    ],
    "rotationMatrix" : [
      -0.3598816394805908,
      -0.26261115074157715,
      0.8952769637107849,
      0.931326150894165,
      -0.043694183230400085,
      0.36155569553375244,
      -0.05583024024963379,
      0.9639120101928711,
      0.2603011727333069
    ],
    "timestamp" : 235517289696
  },
  {
    "gravity" : [
      0.05480939894914627,
      -0.9656102657318115,
      -0.25415104627609253
    ],
    "userAcceleration" : [
      -0.0443112850189209,
      0.0313909649848938,
      0.017563462257385254
    ],
    "rotationMatrix" : [
      -0.36046385765075684,
      -0.2565035820007324,
      0.8968120217323303,
      0.9311615228652954,
      -0.04245859384536743,
      0.36212635040283203,
      -0.054809391498565674,
      0.9656102657318115,
      0.25415104627609253
    ],
    "timestamp" : 235517299717
  },
  {
    "gravity" : [
      0.05435609072446823,
      -0.9670621156692505,
      -0.24866874516010284
    ],
    "userAcceleration" : [
      -0.031055856496095657,
      0.021948039531707764,
      0.03309255838394165
    ],
    "rotationMatrix" : [
      -0.36122262477874756,
      -0.25121432542800903,
      0.8980028629302979,
      0.9308938384056091,
      -0.04101276397705078,
      0.3629798889160156,
      -0.05435606837272644,
      0.9670621156692505,
      0.24866878986358643
    ],
    "timestamp" : 235517309738
  },
  {
    "gravity" : [
      0.054261960089206696,
      -0.9683474898338318,
      -0.24363598227500916
    ],
    "userAcceleration" : [
      -0.03096175193786621,
      0.023233532905578613,
      0.028059810400009155
    ],
    "rotationMatrix" : [
      -0.3616328239440918,
      -0.24648913741111755,
      0.8991463780403137,
      0.9307398796081543,
      -0.03931707143783569,
      0.3635614812374115,
      -0.054261982440948486,
      0.968347430229187,
      0.24363595247268677
    ],
    "timestamp" : 235517319759
  },
  {
    "gravity" : [
      0.05436352640390396,
      -0.9696041941642761,
      -0.2385624200105667
    ],
    "userAcceleration" : [
      -0.012066103518009186,
      0.02821338176727295,
      -0.000817522406578064
    ],
    "rotationMatrix" : [
      -0.36161988973617554,
      -0.24181532859802246,
      0.9004199504852295,
      0.930739164352417,
      -0.03731875121593475,
      0.36377424001693726,
      -0.05436354875564575,
      0.9696041941642761,
      0.23856236040592194
    ],
    "timestamp" : 235517329781
  },
  {
    "gravity" : [
      0.05454571917653084,
      -0.9708742499351501,
      -0.2332979291677475
    ],
    "userAcceleration" : [
      -8.704513311386108e-05,
      0.0484042763710022,
      -0.018914639949798584
    ],
    "rotationMatrix" : [
      -0.3615507483482361,
      -0.23699510097503662,
      0.9017285108566284,
      0.9307554960250854,
      -0.03516359627246857,
      0.36394742131233215,
      -0.05454573035240173,
      0.9708743095397949,
      0.2332979291677475
    ],
    "timestamp" : 235517339802
  },
  {
    "gravity" : [
      0.0546879805624485,
      -0.9721131920814514,
      -0.22804602980613708
    ],
    "userAcceleration" : [
      0.007644210010766983,
      0.05911892652511597,
      -0.01939050853252411
    ],
    "rotationMatrix" : [
      -0.3617820143699646,
      -0.2321602702140808,
      0.9028925895690918,
      0.9306570887565613,
      -0.03312540054321289,
      0.3643896281719208,
      -0.05468800663948059,
      0.9721131324768066,
      0.2280460000038147
    ],
    "timestamp" : 235517349823
  },
  {
    "gravity" : [
      0.05498839169740677,
      -0.9732513427734375,
      -0.2230653315782547
    ],
    "userAcceleration" : [
      0.0006909966468811035,
      0.044525086879730225,
      -0.015170186758041382
    ],
    "rotationMatrix" : [
      -0.36253321170806885,
      -0.22761836647987366,
      0.9037474393844604,
      0.930347204208374,
      -0.031172990798950195,
      0.3653523623943329,
      -0.054988354444503784,
      0.9732513427734375,
      0.22306537628173828
    ],
    "timestamp" : 235517359844
  },
  {
    "gravity" : [
      0.055781710892915726,
      -0.9742274880409241,
      -0.21856145560741425
    ],
    "userAcceleration" : [
      -0.018580731004476547,
      0.027755439281463623,
      -0.007879018783569336
    ],
    "rotationMatrix" : [
      -0.36393582820892334,
      -0.2236817181110382,
      0.9041665196418762,
      0.9297521114349365,
      -0.029106348752975464,
      0.3670336604118347,
      -0.05578172206878662,
      0.9742274880409241,
      0.21856144070625305
    ],
    "timestamp" : 235517369865
  },
  {
    "gravity" : [
      0.05728743225336075,
      -0.9750010371208191,
      -0.2146877944469452
    ],
    "userAcceleration" : [
      -0.023229777812957764,
      0.027857661247253418,
      -0.0006442368030548096
    ],
    "rotationMatrix" : [
      -0.36611151695251465,
      -0.22057634592056274,
      0.9040509462356567,
      0.9288057684898376,
      -0.02680876851081848,
      0.36959555745124817,
      -0.05728742480278015,
      0.9750010967254639,
      0.2146877944469452
    ],
    "timestamp" : 235517379887
  },
  {
    "gravity" : [
      0.05941665545105934,
      -0.975567102432251,
      -0.211514413356781
    ],
    "userAcceleration" : [
      -0.010130707174539566,
      0.04085958003997803,
      0.008541956543922424
    ],
    "rotationMatrix" : [
      -0.3691070079803467,
      -0.2183426022529602,
      0.9033749103546143,
      0.9274855256080627,
      -0.024395838379859924,
      0.37306201457977295,
      -0.05941665172576904,
      0.975567102432251,
      0.2115144580602646
    ],
    "timestamp" : 235517389908
  },
  {
    "gravity" : [
      0.06184226647019386,
      -0.9759794473648071,
      -0.2089013159275055
    ],
    "userAcceleration" : [
      0.003801092505455017,
      0.05886518955230713,
      0.019158214330673218
    ],
    "rotationMatrix" : [
      -0.37266188859939575,
      -0.21674427390098572,
      0.9023000001907349,
      0.9259042739868164,
      -0.022049367427825928,
      0.3771141767501831,
      -0.06184229254722595,
      0.9759794473648071,
      0.2089012861251831
    ],
    "timestamp" : 235517399929
  },
  {
    "gravity" : [
      0.06409510225057602,
      -0.9763651490211487,
      -0.2064049392938614
    ],
    "userAcceleration" : [
      0.015586353838443756,
      0.0635232925415039,
      0.020262867212295532
    ],
    "rotationMatrix" : [
      -0.37607985734939575,
      -0.21521341800689697,
      0.9012476205825806,
      0.9243677854537964,
      -0.019859209656715393,
      0.3809853494167328,
      -0.06409510970115662,
      0.9763650894165039,
      0.20640496909618378
    ],
    "timestamp" : 235517409950
  },
  {
    "gravity" : [
      0.06573212891817093,
      -0.976894199848175,
      -0.2033635973930359
    ],
    "userAcceleration" : [
      0.03778354078531265,
      0.049755096435546875,
      -0.010503619909286499
    ],
    "rotationMatrix" : [
      -0.378559410572052,
      -0.21298208832740784,
      0.9007391929626465,
      0.9232398271560669,
      -0.017777547240257263,
      0.38381245732307434,
      -0.06573215126991272,
      0.9768942594528198,
      0.20336361229419708
    ],
    "timestamp" : 235517419971
  },
  {
    "gravity" : [
      0.0666632130742073,
      -0.9776678681373596,
      -0.1993028223514557
    ],
    "userAcceleration" : [
      0.03685246407985687,
      0.050528645515441895,
      -0.0145643949508667
    ],
    "rotationMatrix" : [
      -0.37996160984039307,
      -0.20957130193710327,
      0.9009490013122559,
      0.9225969910621643,
      -0.01566728949546814,
      0.3854469656944275,
      -0.06666320562362671,
      0.9776678681373596,
      0.1993028223514557
    ],
    "timestamp" : 235517429993
  },
  {
    "gravity" : [
      0.06695067137479782,
      -0.9786406755447388,
      -0.19437061250209808
    ],
    "userAcceleration" : [
      0.034657664597034454,
      0.058139026165008545,
      -0.021434485912322998
    ],
    "rotationMatrix" : [
      -0.3807980418205261,
      -0.20512419939041138,
      0.9016189575195312,
      0.922231137752533,
      -0.013651907444000244,
      0.38639771938323975,
      -0.06695067882537842,
      0.9786406755447388,
      0.19437062740325928
    ],
    "timestamp" : 235517440014
  },
  {
    "gravity" : [
      0.06684163212776184,
      -0.979659378528595,
      -0.18920719623565674
    ],
    "userAcceleration" : [
      0.02628280222415924,
      0.05393940210342407,
      -0.01478758454322815
    ],
    "rotationMatrix" : [
      -0.38174837827682495,
      -0.2003123164176941,
      0.9022984504699707,
      0.9218458533287048,
      -0.01191815733909607,
      0.38737282156944275,
      -0.06684166193008423,
      0.9796593189239502,
      0.18920716643333435
    ],
    "timestamp" : 235517450035
  },
  {
    "gravity" : [
      0.06666598469018936,
      -0.9805988073348999,
      -0.18434041738510132
    ],
    "userAcceleration" : [
      0.009582214057445526,
      0.03986406326293945,
      -0.011094197630882263
    ],
    "rotationMatrix" : [
      -0.38337087631225586,
      -0.1957433819770813,
      0.9026133418083191,
      0.9211850762367249,
      -0.010496929287910461,
      0.3889826536178589,
      -0.06666600704193115,
      0.9805988073348999,
      0.18434040248394012
    ],
    "timestamp" : 235517460056
  },
  {
    "gravity" : [
      0.06675396114587784,
      -0.9814158082008362,
      -0.1799073964357376
    ],
    "userAcceleration" : [
      -0.012936167418956757,
      0.020249545574188232,
      -0.00931684672832489
    ],
    "rotationMatrix" : [
      -0.3858673572540283,
      -0.19167271256446838,
      0.9024231433868408,
      0.9201358556747437,
      -0.009179890155792236,
      0.39149144291877747,
      -0.06675395369529724,
      0.981415867805481,
      0.17990738153457642
    ],
    "timestamp" : 235517470077
  },
  {
    "gravity" : [
      0.06738142669200897,
      -0.9821118116378784,
      -0.17582866549491882
    ],
    "userAcceleration" : [
      -0.0469956248998642,
      -0.00847327709197998,
      -0.0038893669843673706
    ],
    "rotationMatrix" : [
      -0.3890687823295593,
      -0.18814212083816528,
      0.9017912149429321,
      0.9187408089637756,
      -0.007645204663276672,
      0.39478665590286255,
      -0.06738141179084778,
