[
  {
    "timestamp" : 235536798503,
    "rotationMatrix" : [
      0.10093402862548828,
      0.22622418403625488,
      -0.9688316583633423,
      -0.9940280914306641,
      -0.017666876316070557,
      -0.1076841950416565,
      -0.041477084159851074,
      0.9739149212837219,
      0.22309011220932007
    ],
    "gravity" : [
      0.04147708788514137,
      -0.9739149808883667,
      -0.22309009730815887
    ],
    "userAcceleration" : [
      0.029186300933361053,
      0.015846192836761475,
      -0.014550328254699707
    ]
  },
  {
    "timestamp" : 235536808525,
    "rotationMatrix" : [
      0.10045546293258667,
      0.2313268780708313,
      -0.9676757454872131,
      -0.9939915537834167,
      -0.019155502319335938,
      -0.10776647925376892,
      -0.04346567392349243,
      0.9726873636245728,
      0.22801285982131958
    ],
    "gravity" : [
      0.04346570745110512,
      -0.9726873636245728,
      -0.22801285982131958
    ],
    "userAcceleration" : [
      0.02789957821369171,
      0.024613142013549805,
      -0.015975221991539
    ]
  },
  {
    "timestamp" : 235536818546,
    "rotationMatrix" : [
      0.10087785124778748,
      0.2364119291305542,
      -0.966401994228363,
      -0.993862509727478,
      -0.02037528157234192,
      -0.10872870683670044,
      -0.04539555311203003,
      0.9714391827583313,
      0.23290568590164185
    ],
    "gravity" : [
      0.04539557546377182,
      -0.9714391827583313,
      -0.23290567100048065
    ],
    "userAcceleration" : [
      0.031203482300043106,
      0.030506014823913574,
      -0.00844264030456543
    ]
  },
  {
    "timestamp" : 235536828567,
    "rotationMatrix" : [
      0.10151171684265137,
      0.24132609367370605,
      -0.9651203155517578,
      -0.9937177896499634,
      -0.021352946758270264,
      -0.10985884070396423,
      -0.04712000489234924,
      0.9702091217041016,
      0.23764246702194214
    ],
    "gravity" : [
      0.04711998626589775,
      -0.9702091813087463,
      -0.23764242231845856
    ],
    "userAcceleration" : [
      0.03832916542887688,
      0.027246594429016113,
      0.011842787265777588
    ]
  },
  {
    "timestamp" : 235536838588,
    "rotationMatrix" : [
      0.1016283929347992,
      0.24596506357192993,
      -0.9639362096786499,
      -0.9936425089836121,
      -0.02208206057548523,
      -0.11039501428604126,
      -0.04843893647193909,
      0.9690272212028503,
      0.24215710163116455
    ],
    "gravity" : [
      0.048438962548971176,
      -0.9690272212028503,
      -0.24215710163116455
    ],
    "userAcceleration" : [
      0.03682709485292435,
      0.011522889137268066,
      0.03253176808357239
    ]
  },
  {
    "timestamp" : 235536848610,
    "rotationMatrix" : [
      0.10143005847930908,
      0.25021710991859436,
      -0.9628621339797974,
      -0.993620753288269,
      -0.022475898265838623,
      -0.11051100492477417,
      -0.049292951822280884,
      0.9679288268089294,
      0.24634116888046265
    ],
    "gravity" : [
      0.0492929182946682,
      -0.9679288268089294,
      -0.24634115397930145
    ],
    "userAcceleration" : [
      0.03597312793135643,
      0.010424673557281494,
      0.036715805530548096
    ]
  },
  {
    "timestamp" : 235536858631,
    "rotationMatrix" : [
      0.09907317161560059,
      0.2541331350803375,
      -0.9620815515518188,
      -0.9938327074050903,
      -0.02312728762626648,
      -0.10845193266868591,
      -0.04981151223182678,
      0.9668927192687988,
      0.2502744495868683
    ],
    "gravity" : [
      0.04981154203414917,
      -0.9668927192687988,
      -0.2502744793891907
    ],
    "userAcceleration" : [
      0.024819139391183853,
      -0.0014452934265136719,
      0.041854530572891235
    ]
  },
  {
    "timestamp" : 235536868652,
    "rotationMatrix" : [
      0.09699487686157227,
      0.2580477297306061,
      -0.9612510204315186,
      -0.9940167665481567,
      -0.023624330759048462,
      -0.10664311051368713,
      -0.05022788047790527,
      0.9658434391021729,
      0.25421223044395447
    ],
    "gravity" : [
      0.05022783949971199,
      -0.9658433794975281,
      -0.25421223044395447
    ],
    "userAcceleration" : [
      0.022831182926893234,
      -0.0100630521774292,
      0.03913953900337219
    ]
  },
  {
    "timestamp" : 235536878673,
    "rotationMatrix" : [
      0.09536927938461304,
      0.26222407817840576,
      -0.9602826833724976,
      -0.9941470623016357,
      -0.02409568428993225,
      -0.10531213879585266,
      -0.050754278898239136,
      0.9647059440612793,
      0.25839152932167053
    ],
    "gravity" : [
      0.05075426027178764,
      -0.9647059440612793,
      -0.25839152932167053
    ],
    "userAcceleration" : [
      0.022014833986759186,
      -0.010040581226348877,
      0.027754932641983032
    ]
  },
  {
    "timestamp" : 235536888694,
    "rotationMatrix" : [
      0.0942709743976593,
      0.26677510142326355,
      -0.959136962890625,
      -0.9942108392715454,
      -0.02465909719467163,
      -0.10457688570022583,
      -0.05155012011528015,
      0.9634431004524231,
      0.2629062831401825
    ],
    "gravity" : [
      0.05155012384057045,
      -0.9634431004524231,
      -0.2629063129425049
    ],
    "userAcceleration" : [
      0.02131051942706108,
      -0.005917072296142578,
      0.015897005796432495
    ]
  },
  {
    "timestamp" : 235536898716,
    "rotationMatrix" : [
      0.09357967972755432,
      0.27169662714004517,
      -0.9578223824501038,
      -0.9942181706428528,
      -0.025382190942764282,
      -0.10433545708656311,
      -0.05265921354293823,
      0.9620481729507446,
      0.26775050163269043
    ],
    "gravity" : [
      0.052659258246421814,
      -0.9620481729507446,
      -0.26775050163269043
    ],
    "userAcceleration" : [
      0.021040629595518112,
      -0.0017426609992980957,
      -0.0020554661750793457
    ]
  },
  {
    "timestamp" : 235536908737,
    "rotationMatrix" : [
      0.0938819944858551,
      0.27683785557746887,
      -0.9563195109367371,
      -0.9941196441650391,
      -0.026001065969467163,
      -0.10511964559555054,
      -0.0539664626121521,
      0.9605647921562195,
      0.27276891469955444
    ],
    "gravity" : [
      0.05396642908453941,
      -0.9605647921562195,
      -0.27276888489723206
    ],
    "userAcceleration" : [
      0.01868060603737831,
      0.013726413249969482,
      -0.02125278115272522
    ]
  },
  {
    "timestamp" : 235536918758,
    "rotationMatrix" : [
      0.09466257691383362,
      0.2817612588405609,
      -0.954803466796875,
      -0.9939758777618408,
      -0.026463836431503296,
      -0.10635578632354736,
      -0.055234670639038086,
      0.9591195583343506,
      0.27755874395370483
    ],
    "gravity" : [
      0.055234648287296295,
      -0.9591195583343506,
      -0.2775587737560272
    ],
    "userAcceleration" : [
      0.018800929188728333,
      0.02399998903274536,
      -0.03748953342437744
    ]
  },
  {
    "timestamp" : 235536928779,
    "rotationMatrix" : [
      0.09562346339225769,
      0.2861189544200897,
      -0.9534107446670532,
      -0.9938244819641113,
      -0.026724159717559814,
      -0.10769668221473694,
      -0.05629327893257141,
      0.9578213691711426,
      0.2817966043949127
    ],
    "gravity" : [
      0.05629323422908783,
      -0.9578213095664978,
      -0.2817966043949127
    ],
    "userAcceleration" : [
      0.0175592340528965,
      0.026913166046142578,
      -0.03126806020736694
    ]
  },
  {
    "timestamp" : 235536938801,
    "rotationMatrix" : [
      0.0962858498096466,
      0.28985947370529175,
      -0.9522132873535156,
      -0.9937199950218201,
      -0.02679300308227539,
      -0.10863873362541199,
      -0.05700278282165527,
      0.9566938877105713,
      0.2854595482349396
    ],
    "gravity" : [
      0.05700277164578438,
      -0.9566939473152161,
      -0.28545957803726196
    ],
    "userAcceleration" : [
      0.03090304136276245,
      0.020048558712005615,
      0.008680373430252075
    ]
  },
  {
    "timestamp" : 235536948822,
    "rotationMatrix" : [
      0.09675493836402893,
      0.29315629601478577,
      -0.9511561393737793,
      -0.993655800819397,
      -0.026594936847686768,
      -0.10927501320838928,
      -0.057330578565597534,
      0.9556946754455566,
      0.2887232005596161
    ],
    "gravity" : [
      0.05733054503798485,
      -0.9556946158409119,
      -0.2887232005596161
    ],
    "userAcceleration" : [
      0.03057527169585228,
      0.01904916763305664,
      0.011943995952606201
    ]
  },
  {
    "timestamp" : 235536958843,
    "rotationMatrix" : [
      0.096066415309906,
      0.29628872871398926,
      -0.9502547979354858,
      -0.993719220161438,
      -0.026492923498153687,
      -0.10872095823287964,
      -0.05738779902458191,
      0.9547309279441833,
      0.29188272356987
    ],
    "gravity" : [
      0.0573878213763237,
      -0.9547309279441833,
      -0.29188272356987
    ],
    "userAcceleration" : [
      0.029632985591888428,
      0.016803741455078125,
      0.03605377674102783
    ]
  },
  {
    "timestamp" : 235536968864,
    "rotationMatrix" : [
      0.09575814008712769,
      0.2996402382850647,
      -0.9492343664169312,
      -0.9937520623207092,
      -0.026148200035095215,
      -0.1085030734539032,
      -0.05733272433280945,
      0.9536937475204468,
      0.2952643036842346
    ],
    "gravity" : [
      0.05733276158571243,
      -0.9536938071250916,
      -0.2952643036842346
    ],
    "userAcceleration" : [
      0.03495233133435249,
      0.011341571807861328,
      0.057547569274902344
    ]
  },
  {
    "timestamp" : 235536978885,
    "rotationMatrix" : [
      0.09552711248397827,
      0.3034999370574951,
      -0.9480308294296265,
      -0.9937785863876343,
      -0.025706887245178223,
      -0.10836657881736755,
      -0.05726015567779541,
      0.9524846076965332,
      0.2991560101509094
    ],
    "gravity" : [
      0.05726015195250511,
      -0.952484667301178,
      -0.29915598034858704
    ],
    "userAcceleration" : [
      0.038992226123809814,
      0.005783677101135254,
      0.07036566734313965
    ]
  },
  {
    "timestamp" : 235536988907,
    "rotationMatrix" : [
      0.09493264555931091,
      0.30791839957237244,
      -0.946664571762085,
      -0.9938364028930664,
      -0.025366514921188354,
      -0.10791391134262085,
      -0.057242393493652344,
      0.9510744214057922,
      0.3036125898361206
    ],
    "gravity" : [
      0.05724241957068443,
      -0.9510744214057922,
      -0.303612619638443
    ],
    "userAcceleration" : [
      0.033028505742549896,
      -0.003210127353668213,
      0.06414112448692322
    ]
  },
  {
    "timestamp" : 235536998928,
    "rotationMatrix" : [
      0.0940777063369751,
      0.3127804398536682,
      -0.9451547861099243,
      -0.993914783000946,
      -0.02512669563293457,
      -0.10724619030952454,
      -0.057293325662612915,
      0.9494929313659668,
      0.3085134029388428
    ],
    "gravity" : [
      0.05729328840970993,
      -0.949492871761322,
      -0.3085134029388428
    ],
    "userAcceleration" : [
      0.016269270330667496,
      -0.006195485591888428,
      0.0411946177482605
    ]
  },
  {
    "timestamp" : 235537008949,
    "rotationMatrix" : [
      0.09354269504547119,
      0.317752480506897,
      -0.9435482621192932,
      -0.9939610958099365,
      -0.02480459213256836,
      -0.10689395666122437,
      -0.057370007038116455,
      0.9478493332862854,
      0.3135131597518921
    ],
    "gravity" : [
      0.057369984686374664,
      -0.9478493332862854,
      -0.3135131895542145
    ],
    "userAcceleration" : [
      0.004351761192083359,
      0.001346588134765625,
      0.005804389715194702
    ]
  },
  {
    "timestamp" : 235537018970,
    "rotationMatrix" : [
      0.0931810736656189,
      0.3223907947540283,
      -0.9420092105865479,
      -0.9939924478530884,
      -0.02443486452102661,
      -0.10668563842773438,
      -0.05741238594055176,
      0.9462912082672119,
      0.3181772232055664
    ],
    "gravity" : [
      0.057412344962358475,
      -0.9462912082672119,
      -0.3181772530078888
    ],
    "userAcceleration" : [
      -0.007409360259771347,
      0.01017981767654419,
      -0.025130271911621094
    ]
  },
  {
    "timestamp" : 235537028991,
    "rotationMatrix" : [
      0.0928412675857544,
      0.32639166712760925,
      -0.9406639337539673,
      -0.994025707244873,
      -0.024065792560577393,
      -0.10645812749862671,
      -0.05738508701324463,
      0.944927990436554,
      0.32220762968063354
    ],
    "gravity" : [
      0.05738506838679314,
      -0.944927990436554,
      -0.32220765948295593
    ],
    "userAcceleration" : [
      -0.010830577462911606,
      0.008984565734863281,
      -0.03713688254356384
    ]
  },
  {
    "timestamp" : 235537039013,
    "rotationMatrix" : [
      0.09318262338638306,
      0.32972365617752075,
      -0.9394675493240356,
      -0.993999183177948,
      -0.02349001169204712,
      -0.10683569312095642,
      -0.0572943389415741,
      0.9437851905822754,
      0.3255561590194702
    ],
    "gravity" : [
      0.0572943389415741,
      -0.9437852501869202,
      -0.3255561590194702
    ],
    "userAcceleration" : [
      -0.012326743453741074,
      -0.0027632713317871094,
      -0.024190634489059448
    ]
  },
  {
    "timestamp" : 235537049034,
    "rotationMatrix" : [
      0.09331095218658447,
      0.33256539702415466,
      -0.9384525418281555,
      -0.9939916133880615,
      -0.023048847913742065,
      -0.10700112581253052,
      -0.057215213775634766,
      0.9427984356880188,
      0.3284166157245636
    ],
    "gravity" : [
      0.05721522495150566,
      -0.942798376083374,
      -0.3284166157245636
    ],
    "userAcceleration" : [
      -0.004709791392087936,
      -0.013973355293273926,
      0.010224997997283936
    ]
  },
  {
    "timestamp" : 235537059055,
    "rotationMatrix" : [
      0.09329837560653687,
      0.33537760376930237,
      -0.9374523162841797,
      -0.9939947128295898,
      -0.0226992666721344,
      -0.10704624652862549,
      -0.057180583477020264,
      0.9418100118637085,
      0.3312460482120514
    ],
    "gravity" : [
      0.05718062072992325,
      -0.9418100714683533,
      -0.3312460482120514
    ],
    "userAcceleration" : [
      0.000741664320230484,
      -0.020058035850524902,
      0.054939836263656616
    ]
  },
  {
    "timestamp" : 235537069076,
    "rotationMatrix" : [
      0.09297791123390198,
      0.338602215051651,
      -0.9363244771957397,
      -0.994025707244873,
      -0.022424638271331787,
      -0.10681703686714172,
      -0.057165294885635376,
      0.9406622648239136,
      0.3344944417476654
    ],
    "gravity" : [
      0.057165347039699554,
      -0.9406622648239136,
      -0.3344944417476654
    ],
    "userAcceleration" : [
      0.00524304062128067,
      -0.02294546365737915,
      0.08908724784851074
    ]
  },
  {
    "timestamp" : 235537079098,
    "rotationMatrix" : [
      0.09233948588371277,
      0.34244149923324585,
      -0.934990406036377,
      -0.9940891861915588,
      -0.022138744592666626,
      -0.10628432035446167,
      -0.05709576606750488,
      0.9392781853675842,
      0.33837324380874634
    ],
    "gravity" : [
      0.057095739990472794,
      -0.9392781853675842,
      -0.33837321400642395
    ],
    "userAcceleration" : [
      0.015505507588386536,
      -0.016547560691833496,
      0.09928321838378906
    ]
  },
  {
    "timestamp" : 235537089119,
    "rotationMatrix" : [
      0.09133067727088928,
      0.3468092679977417,
      -0.9334784746170044,
      -0.9941920042037964,
      -0.021834462881088257,
      -0.10538291931152344,
      -0.05692973732948303,
      0.9376815557479858,
      0.3428007960319519
    ],
    "gravity" : [
      0.05692971497774124,
      -0.9376814961433411,
      -0.3428007960319519
    ],
    "userAcceleration" : [
      0.015518959611654282,
      -0.009095847606658936,
      0.08189067244529724
    ]
  },
  {
    "timestamp" : 235537099140,
    "rotationMatrix" : [
      0.08981621265411377,
      0.35146328806877136,
      -0.9318833351135254,
      -0.9943481683731079,
      -0.02153801918029785,
      -0.10395973920822144,
      -0.05660906434059143,
      0.9359537959098816,
      0.34754252433776855
    ],
    "gravity" : [
      0.05660904943943024,
      -0.9359537959098816,
      -0.34754252433776855
    ],
    "userAcceleration" : [
      0.01548866555094719,
      0.0019176006317138672,
      0.05284947156906128
    ]
  },
  {
    "timestamp" : 235537109161,
    "rotationMatrix" : [
      0.0884392261505127,
      0.3560686409473419,
      -0.9302653074264526,
      -0.9945042133331299,
      -0.02097409963607788,
      -0.1025744378566742,
      -0.056035012006759644,
      0.9342243671417236,
      0.3522568345069885
    ],
    "gravity" : [
      0.056035030633211136,
      -0.9342243671417236,
      -0.3522568345069885
    ],
    "userAcceleration" : [
      0.01912970468401909,
      0.008733153343200684,
      0.01752471923828125
    ]
  },
  {
    "timestamp" : 235537119182,
    "rotationMatrix" : [
      0.08656790852546692,
      0.3602118194103241,
      -0.9288451075553894,
      -0.9947152137756348,
      -0.0204104483127594,
      -0.10062217712402344,
      -0.05520355701446533,
      0.9326471090316772,
      0.35654139518737793
    ],
    "gravity" : [
      0.05520354211330414,
      -0.9326471090316772,
      -0.35654139518737793
    ],
    "userAcceleration" : [
      0.01335413008928299,
      0.002395153045654297,
      -0.016230851411819458
    ]
  },
  {
    "timestamp" : 235537129204,
    "rotationMatrix" : [
      0.08508434891700745,
      0.3637297451496124,
      -0.9276105165481567,
      -0.99489426612854,
      -0.019701331853866577,
      -0.09898102283477783,
      -0.05427753925323486,
      0.9312961101531982,
      0.36019641160964966
    ],
    "gravity" : [
      0.05427750572562218,
      -0.9312961101531982,
      -0.36019638180732727
    ],
    "userAcceleration" : [
      -0.002901233732700348,
      -0.012108981609344482,
      -0.03169518709182739
    ]
  },
  {
    "timestamp" : 235537139225,
    "rotationMatrix" : [
      0.0834948718547821,
      0.3667898178100586,
      -0.9265493154525757,
      -0.9950757026672363,
      -0.01914837956428528,
      -0.09725016355514526,
      -0.053412407636642456,
      0.9301066994667053,
      0.3633849024772644
    ],
    "gravity" : [
      0.05341237783432007,
      -0.9301066994667053,
      -0.3633849024772644
    ],
    "userAcceleration" : [
      -0.007575035095214844,
      -0.020286917686462402,
      -0.02321183681488037
    ]
  },
  {
    "timestamp" : 235537149246,
    "rotationMatrix" : [
      0.08206987380981445,
      0.3697742223739624,
      -0.9254899024963379,
      -0.9952312707901001,
      -0.01871362328529358,
      -0.09573125839233398,
      -0.05271825194358826,
      0.9289331436157227,
      0.36647507548332214
    ],
    "gravity" : [
      0.052718255668878555,
      -0.9289331436157227,
      -0.36647507548332214
    ],
    "userAcceleration" : [
      -0.004790458828210831,
      -0.02033132314682007,
      -0.003932058811187744
    ]
  },
  {
    "timestamp" : 235537159267,
    "rotationMatrix" : [
      0.08087041974067688,
      0.3730037808418274,
      -0.9242987036705017,
      -0.9953518509864807,
      -0.0184309184551239,
      -0.09452494978904724,
      -0.05229389667510986,
      0.9276466369628906,
      0.3697795271873474
    ],
    "gravity" : [
      0.05229388177394867,
      -0.9276466965675354,
      -0.369779497385025
    ],
    "userAcceleration" : [
      -0.00041406601667404175,
      -0.016399264335632324,
      0.010862171649932861
    ]
  },
  {
    "timestamp" : 235537169288,
    "rotationMatrix" : [
      0.08006137609481812,
      0.3767031729221344,
      -0.9228676557540894,
      -0.9954290390014648,
      -0.01814684271812439,
      -0.09376350045204163,
      -0.05206829309463501,
      0.9261561632156372,
      0.3735285699367523
    ],
    "gravity" : [
      0.05206827074289322,
      -0.9261561036109924,
      -0.3735285699367523
    ],
    "userAcceleration" : [
      0.00596083328127861,
      -0.008948147296905518,
      0.027703315019607544
    ]
  },
  {
    "timestamp" : 235537179310,
    "rotationMatrix" : [
      0.07903978228569031,
      0.3807990252971649,
      -0.9212734699249268,
      -0.9955198764801025,
      -0.0179559588432312,
      -0.0928315818309784,
      -0.05189254879951477,
      0.9244834184646606,
      0.37767377495765686
    ],
    "gravity" : [
      0.05189252644777298,
      -0.9244834780693054,
      -0.37767377495765686
    ],
    "userAcceleration" : [
      0.013033561408519745,
      -0.006546735763549805,
      0.028186440467834473
    ]
  },
  {
    "timestamp" : 235537189331,
    "rotationMatrix" : [
      0.0774945616722107,
      0.3849661350250244,
      -0.9196712970733643,
      -0.9956555366516113,
      -0.01787513494491577,
      -0.09137952327728271,
      -0.05161735415458679,
      0.9227573871612549,
      0.381908655166626
    ],
    "gravity" : [
      0.051617398858070374,
      -0.9227574467658997,
      -0.381908655166626
    ],
    "userAcceleration" : [
      0.015734825283288956,
      -0.0008569955825805664,
      0.009731471538543701
    ]
  },
  {
    "timestamp" : 235537199352,
    "rotationMatrix" : [
      0.07591104507446289,
      0.38891443610191345,
      -0.9181409478187561,
      -0.9957998991012573,
      -0.017696797847747803,
      -0.08982786536216736,
      -0.05118370056152344,
      0.9211037158966064,
      0.38593775033950806
    ],
    "gravity" : [
      0.05118366330862045,
      -0.9211037158966064,
      -0.38593778014183044
    ],
    "userAcceleration" : [
      0.016885727643966675,
      0.008139967918395996,
      -0.004717797040939331
    ]
  },
  {
    "timestamp" : 235537209373,
    "rotationMatrix" : [
      0.07476705312728882,
      0.39255788922309875,
      -0.9166830778121948,
      -0.9959150552749634,
      -0.01727333664894104,
      -0.08862641453742981,
      -0.05062529444694519,
      0.919564962387085,
      0.3896630108356476
    ],
    "gravity" : [
      0.050625305622816086,
      -0.9195649027824402,
      -0.3896630108356476
    ],
    "userAcceleration" : [
      0.01466698944568634,
      0.011438190937042236,
      -0.007279157638549805
    ]
  },
  {
    "timestamp" : 235537219395,
    "rotationMatrix" : [
      0.07383710145950317,
      0.3959905505180359,
      -0.9152810573577881,
      -0.9960187077522278,
      -0.016684651374816895,
      -0.08756878972053528,
      -0.049947589635849,
      0.9181029796600342,
      0.39318209886550903
    ],
    "gravity" : [
      0.049947597086429596,
      -0.9181029796600342,
      -0.39318206906318665
    ],
    "userAcceleration" : [
      0.01183517649769783,
      0.016049206256866455,
      0.018471896648406982
    ]
  },
  {
    "timestamp" : 235537229416,
    "rotationMatrix" : [
      0.07303410768508911,
      0.3993304967880249,
      -0.9138934016227722,
      -0.9961204528808594,
      -0.015898555517196655,
      -0.08655226230621338,
      -0.04909253120422363,
      0.9166691303253174,
      0.39662012457847595
    ],
    "gravity" : [
      0.04909256845712662,
      -0.9166691899299622,
      -0.39662015438079834
    ],
    "userAcceleration" : [
      0.012690205127000809,
      0.014615416526794434,
      0.021910011768341064
    ]
  },
  {
    "timestamp" : 235537239437,
    "rotationMatrix" : [
      0.07107535004615784,
      0.40253233909606934,
      -0.9126421213150024,
      -0.9963207244873047,
      -0.015274465084075928,
      -0.0843290388584137,
      -0.04788544774055481,
      0.9152781963348389,
      0.3999658524990082
    ],
    "gravity" : [
      0.04788544028997421,
      -0.9152781963348389,
      -0.3999658524990082
    ],
    "userAcceleration" : [
      0.008495714515447617,
      0.014979243278503418,
      0.0326409637928009
    ]
  },
  {
    "timestamp" : 235537249458,
    "rotationMatrix" : [
      0.06878593564033508,
      0.40552738308906555,
      -0.9114909172058105,
      -0.9965560436248779,
      -0.014478355646133423,
      -0.08164680004119873,
      -0.04630705714225769,
      0.913968026638031,
      0.4031350612640381
    ],
    "gravity" : [
      0.04630706459283829,
      -0.913968026638031,
      -0.4031350612640381
    ],
    "userAcceleration" : [
      0.011004876345396042,
      0.011441349983215332,
      0.026731163263320923
    ]
  },
  {
    "timestamp" : 235537259479,
    "rotationMatrix" : [
      0.06649276614189148,
      0.40849244594573975,
      -0.910336434841156,
      -0.9967927932739258,
      -0.013518929481506348,
      -0.07887396216392517,
      -0.04452627897262573,
      0.9126614332199097,
      0.40628358721733093
    ],
    "gravity" : [
      0.04452629014849663,
      -0.9126614332199097,
      -0.40628358721733093
    ],
    "userAcceleration" : [
      0.0158221535384655,
      0.011843681335449219,
      0.02174675464630127
    ]
  },
  {
    "timestamp" : 235537269501,
    "rotationMatrix" : [
      0.06451550126075745,
      0.4116576015949249,
      -0.9090520739555359,
      -0.9969958066940308,
      -0.012536317110061646,
      -0.07643383741378784,
      -0.04286074638366699,
      0.9112523198127747,
      0.40961217880249023
    ],
    "gravity" : [
      0.04286077246069908,
      -0.9112523198127747,
      -0.40961217880249023
    ],
    "userAcceleration" : [
      0.018891479820013046,
      0.011792540550231934,
      0.011540830135345459
    ]
  },
  {
    "timestamp" : 235537279522,
    "rotationMatrix" : [
      0.06333377957344055,
      0.4150954484939575,
      -0.9075707197189331,
      -0.9971286058425903,
      -0.011509120464324951,
      -0.07484740018844604,
      -0.04151415824890137,
      0.9097051024436951,
      0.4131745994091034
    ],
    "gravity" : [
      0.04151413217186928,
      -0.9097051024436951,
      -0.4131745994091034
    ],
    "userAcceleration" : [
      0.01677437499165535,
      0.008643150329589844,
      0.006527841091156006
    ]
  },
  {
    "timestamp" : 235537289543,
    "rotationMatrix" : [
      0.0627826452255249,
      0.4187684655189514,
      -0.9059199690818787,
      -0.9972056746482849,
      -0.010497450828552246,
      -0.07396143674850464,
      -0.04048269987106323,
      0.9080321192741394,
      0.41693949699401855
    ],
    "gravity" : [
      0.040482714772224426,
      -0.9080321788787842,
      -0.41693949699401855
    ],
    "userAcceleration" : [
      0.021223757416009903,
      0.0057343244552612305,
      0.009209364652633667
    ]
  },
  {
    "timestamp" : 235537299564,
    "rotationMatrix" : [
      0.062419593334198,
      0.4225860834121704,
      -0.9041706323623657,
      -0.9972620010375977,
      -0.009581327438354492,
      -0.07332414388656616,
      -0.03964903950691223,
      0.9062720537185669,
      0.4208311438560486
    ],
    "gravity" : [
      0.03964905068278313,
      -0.9062720537185669,
      -0.4208311438560486
    ],
    "userAcceleration" : [
      0.026345144957304,
      0.00403517484664917,
      0.01583230495452881
    ]
  },
  {
    "timestamp" : 235537309585,
    "rotationMatrix" : [
      0.062294721603393555,
      0.426498144865036,
      -0.9023405313491821,
      -0.9973015785217285,
      -0.008583992719650269,
      -0.07290780544281006,
      -0.038840800523757935,
      0.904447615146637,
      0.4248127043247223
    ],
    "gravity" : [
      0.03884078934788704,
      -0.9044475555419922,
      -0.4248127043247223
    ],
    "userAcceleration" : [
      0.025627531111240387,
      0.009031414985656738,
      0.021446585655212402
    ]
  },
  {
    "timestamp" : 235537319607,
    "rotationMatrix" : [
      0.06197133660316467,
      0.43028613924980164,
      -0.9005628228187561,
      -0.9973626136779785,
      -0.007456034421920776,
      -0.07219496369361877,
      -0.037779152393341064,
      0.9026618003845215,
      0.42868930101394653
    ],
    "gravity" : [
      0.037779130041599274,
      -0.9026617407798767,
      -0.42868927121162415
    ],
    "userAcceleration" : [
      0.020677227526903152,
      0.006406307220458984,
      0.018334627151489258
    ]
  },
  {
    "timestamp" : 235537329628,
    "rotationMatrix" : [
      0.0610562264919281,
      0.4335697889328003,
      -0.8990491628646851,
      -0.9974708557128906,
      -0.00633317232131958,
      -0.07079443335533142,
      -0.03638815879821777,
      0.9010977745056152,
      0.4320864975452423
    ],
    "gravity" : [
      0.036388155072927475,
      -0.9010977745056152,
      -0.4320864975452423
    ],
    "userAcceleration" : [
      0.02006930112838745,
      0.0024161934852600098,
      0.0008273124694824219
    ]
  },
  {
    "timestamp" : 235537339649,
    "rotationMatrix" : [
      0.05976897478103638,
      0.43624264001846313,
      -0.8978419899940491,
      -0.997607409954071,
      -0.005205005407333374,
      -0.06893935799598694,
      -0.03474748134613037,
      0.8998141288757324,
      0.4348876178264618
    ],
    "gravity" : [
      0.03474745899438858,
      -0.8998141288757324,
      -0.4348876178264618
    ],
    "userAcceleration" : [
      0.028332315385341644,
      0.013339459896087646,
      0.001278519630432129
    ]
  },
  {
    "timestamp" : 235537349670,
    "rotationMatrix" : [
      0.05917854607105255,
      0.43868550658226013,
      -0.8966900110244751,
      -0.9977014064788818,
      -0.003713160753250122,
      -0.06766155362129211,
      -0.033011674880981445,
      0.8986330032348633,
      0.4374573826789856
    ],
    "gravity" : [
      0.033011674880981445,
      -0.8986330032348633,
      -0.4374573826789856
    ],
    "userAcceleration" : [
      0.04110020399093628,
      0.025097906589508057,
      0.01948857307434082
    ]
  },
  {
    "timestamp" : 235537359692,
    "rotationMatrix" : [
      0.0593203604221344,
      0.44136542081832886,
      -0.8953644037246704,
      -0.9977472424507141,
      -0.0019319653511047363,
      -0.06705579161643982,
      -0.03132602572441101,
      0.8973252773284912,
      0.44025668501853943
    ],
    "gravity" : [
      0.03132601082324982,
      -0.8973252773284912,
      -0.44025668501853943
    ],
    "userAcceleration" : [
      0.04188559204339981,
      0.032258808612823486,
      0.04500824213027954
    ]
  },
  {
    "timestamp" : 235537369713,
    "gravity" : [
      0.02980997785925865,
      -0.8958112597465515,
      -0.4434337317943573
    ],
    "userAcceleration" : [
      0.037801653146743774,
      0.02360367774963379,
      0.06480211019515991
    ],
    "rotationMatrix" : [
      0.06018140912055969,
      0.4444344639778137,
      -0.8937874436378479,
      -0.9977421164512634,
      4.273653030395508e-05,
      -0.06715968251228333,
      -0.029809951782226562,
      0.8958112001419067,
      0.4434337317943573
    ]
  },
  {
    "timestamp" : 235537379734,
    "gravity" : [
      0.028483282774686813,
      -0.8941012620925903,
      -0.4469582140445709
    ],
    "userAcceleration" : [
      0.028523486107587814,
      0.008145511150360107,
      0.08237993717193604
    ],
    "rotationMatrix" : [
      0.06103797256946564,
      0.4478610157966614,
      -0.8920173645019531,
      -0.9977290034294128,
      0.0018738210201263428,
      -0.06733071804046631,
      -0.028483301401138306,
      0.8941012620925903,
      0.4469582438468933
    ]
  },
  {
    "timestamp" : 235537389755,
    "gravity" : [
      0.027228523045778275,
      -0.8922115564346313,
      -0.450795978307724
    ],
    "userAcceleration" : [
      0.011543996632099152,
      -0.0010836124420166016,
      0.094594806432724
    ],
    "rotationMatrix" : [
      0.06172262132167816,
      0.4516032040119171,
      -0.8900812864303589,
      -0.997721791267395,
      0.0035887956619262695,
      -0.06736600399017334,
      -0.027228504419326782,
      0.8922115564346313,
      0.4507960081100464
    ]
  },
  {
    "timestamp" : 235537399776,
    "gravity" : [
      0.025854164734482765,
      -0.8902005553245544,
      -0.45483464002609253
    ],
    "userAcceleration" : [
      -0.00618564710021019,
      -0.006909370422363281,
      0.09364378452301025
    ],
    "rotationMatrix" : [
      0.06163373589515686,
      0.45554059743881226,
      -0.8880788683891296,
      -0.9977639317512512,
      0.0050726234912872314,
      -0.06664398312568665,
      -0.025854170322418213,
      0.8902004957199097,
      0.45483464002609253
    ]
  },
  {
    "timestamp" : 235537409798,
    "gravity" : [
      0.024220755323767662,
      -0.8882052302360535,
      -0.45880797505378723
    ],
    "userAcceleration" : [
      -0.025822987779974937,
      -0.022347688674926758,
      0.07713985443115234
    ],
    "rotationMatrix" : [
      0.060803160071372986,
      0.4594017267227173,
      -0.8861449360847473,
      -0.9978557825088501,
      0.00643390417098999,
      -0.06513264775276184,
      -0.024220764636993408,
      0.8882051706314087,
      0.4588080048561096
    ]
  },
  {
    "timestamp" : 235537419819,
    "gravity" : [
      0.02235350012779236,
      -0.8863514065742493,
      -0.46247321367263794
    ],
    "userAcceleration" : [
      -0.029860887676477432,
      -0.03263956308364868,
      0.062235116958618164
    ],
    "rotationMatrix" : [
      0.05922354757785797,
      0.46295037865638733,
      -0.8844034671783447,
      -0.9979944229125977,
      0.007619798183441162,
      -0.06284147500991821,
      -0.02235347032546997,
      0.8863514065742493,
      0.46247321367263794
    ]
  },
  {
    "timestamp" : 235537429840,
    "gravity" : [
      0.020316127687692642,
      -0.8845783472061157,
      -0.4659487307071686
    ],
    "userAcceleration" : [
      -0.016974519938230515,
      -0.03126931190490723,
      0.05489221215248108
    ],
    "rotationMatrix" : [
      0.056746527552604675,
      0.4663136303424835,
      -0.8827972412109375,
      -0.9981817007064819,
      0.008506059646606445,
      -0.05967029929161072,
      -0.020316094160079956,
      0.8845783472061157,
      0.46594876050949097
    ]
  },
  {
    "timestamp" : 235537439861,
    "gravity" : [
      0.018274448812007904,
      -0.8827114701271057,
      -0.46955975890159607
    ],
    "userAcceleration" : [
      0.00014284811913967133,
      -0.022043049335479736,
      0.04495343565940857
    ],
    "rotationMatrix" : [
      0.05400902032852173,
      0.4698238968849182,
      -0.8811062574386597,
      -0.9983730912208557,
      0.009258776903152466,
      -0.05626004934310913,
      -0.0182744562625885,
      0.8827114701271057,
      0.46955975890159607
    ]
  },
  {
    "timestamp" : 235537449883,
    "gravity" : [
      0.016454355791211128,
      -0.8806667923927307,
      -0.47345033288002014
    ],
    "userAcceleration" : [
      0.009699143469333649,
      -0.012872576713562012,
      0.024857163429260254
    ],
    "rotationMatrix" : [
      0.05117715895175934,
      0.4736354947090149,
      -0.8792327046394348,
      -0.9985539317131042,
      0.009762704372406006,
      -0.05286329984664917,
      -0.016454339027404785,
      0.8806667327880859,
      0.47345036268234253
    ]
  },
  {
    "timestamp" : 235537459904,
    "gravity" : [
      0.015026859007775784,
      -0.87844318151474,
      -0.47761037945747375
    ],
    "userAcceleration" : [
      0.007571341469883919,
      -0.013799130916595459,
      0.005350857973098755
    ],
    "rotationMatrix" : [
      0.0491102933883667,
      0.47773608565330505,
      -0.8771294355392456,
      -0.9986801147460938,
      0.010275155305862427,
      -0.0503193736076355,
      -0.015026837587356567,
      0.87844318151474,
      0.47761037945747375
    ]
  },
  {
    "timestamp" : 235537469925,
    "gravity" : [
      0.014049987308681011,
      -0.8761318922042847,
      -0.48186662793159485
    ],
    "userAcceleration" : [
      -0.006481687538325787,
      -0.021634161472320557,
      -0.004537820816040039
    ],
    "rotationMatrix" : [
      0.04791456460952759,
      0.4819505214691162,
      -0.8748873472213745,
      -0.9987525939941406,
      0.010796278715133667,
      -0.048750847578048706,
      -0.014050006866455078,
      0.8761318922042847,
      0.48186662793159485
    ]
  },
  {
    "timestamp" : 235537479946,
    "gravity" : [
      0.013504048809409142,
      -0.8738768100738525,
      -0.48595982789993286
    ],
    "userAcceleration" : [
      -0.022003257647156715,
      -0.027581870555877686,
      -0.011400401592254639
    ],
    "rotationMatrix" : [
      0.04705764353275299,
      0.48602110147476196,
      -0.8726792931556702,
      -0.9988009333610535,
      0.011083424091339111,
      -0.04768580198287964,
      -0.013504087924957275,
      0.8738768100738525,
      0.48595982789993286
    ]
  },
  {
    "timestamp" : 235537489967,
    "gravity" : [
      0.013256331905722618,
      -0.87179034948349,
      -0.4896996319293976
    ],
    "userAcceleration" : [
      -0.02845415100455284,
      -0.02959197759628296,
      0.002608567476272583
    ],
    "rotationMatrix" : [
      0.046388015151023865,
      0.489751398563385,
      -0.8706270456314087,
      -0.9988353848457336,
      0.011174947023391724,
      -0.04693278670310974,
      -0.013256341218948364,
      0.8717902898788452,
      0.4896996021270752
    ]
  },
  {
    "timestamp" : 235537499989,
    "gravity" : [
      0.013115301728248596,
      -0.8698810935020447,
      -0.4930870234966278
    ],
    "userAcceleration" : [
      -0.02164502441883087,
      -0.028556346893310547,
      0.02618330717086792
    ],
    "rotationMatrix" : [
      0.045441895723342896,
      0.4931384325027466,
      -0.8687632083892822,
      -0.9988808631896973,
      0.011012732982635498,
      -0.045996665954589844,
      -0.01311531662940979,
      0.8698810935020447,
      0.4930870234966278
    ]
  },
  {
    "timestamp" : 235537510010,
    "gravity" : [
      0.012743898667395115,
      -0.8680691123008728,
      -0.496279776096344
    ],
    "userAcceleration" : [
      -0.012713443487882614,
      -0.021335184574127197,
      0.05372905731201172
    ],
    "rotationMatrix" : [
      0.044125959277153015,
      0.49632489681243896,
      -0.8670147657394409,
      -0.9989447593688965,
      0.010849624872207642,
      -0.044629573822021484,
      -0.012743920087814331,
      0.8680691719055176,
      0.496279776096344
    ]
  },
  {
    "timestamp" : 235537520031,
    "gravity" : [
      0.011854727752506733,
      -0.8663342595100403,
      -0.49932390451431274
    ],
    "userAcceleration" : [
      0.004533149302005768,
      -0.02020132541656494,
      0.06293773651123047
    ],
    "rotationMatrix" : [
      0.041691362857818604,
      0.49935293197631836,
      -0.8653948903083801,
      -0.9990601539611816,
      0.010558485984802246,
      -0.04203832149505615,
      -0.011854767799377441,
      0.8663342595100403,
      0.49932390451431274
    ]
  },
  {
    "timestamp" : 235537530052,
    "gravity" : [
      0.010501589626073837,
      -0.8645875453948975,
      -0.5023722648620605
    ],
    "userAcceleration" : [
      0.016414854675531387,
      -0.016988813877105713,
      0.06279706954956055
    ],
    "rotationMatrix" : [
      0.038337111473083496,
      0.5023785829544067,
      -0.8637973070144653,
      -0.9992095232009888,
      0.010188311338424683,
      -0.038421452045440674,
      -0.010501563549041748,
      0.8645876049995422,
      0.5023722648620605
    ]
  },
  {
    "timestamp" : 235537540073,
    "gravity" : [
      0.008925850503146648,
      -0.8625725507736206,
      -0.5058544874191284
    ],
    "userAcceleration" : [
      0.022385120391845703,
