[
  {
    "userAcceleration" : [
      -0.04853919893503189,
      -0.0738840103149414,
      0.007493317127227783
    ],
    "timestamp" : 235576921539,
    "gravity" : [
      0.053162626922130585,
      -0.9931325316429138,
      -0.10421881079673767
    ],
    "rotationMatrix" : [
      -0.9676731824874878,
      -0.07700254768133163,
      0.24016472697257996,
      0.24654051661491394,
      -0.08808188885450363,
      0.9651213884353638,
      -0.053162626922130585,
      0.993132472038269,
      0.10421878844499588
    ]
  },
  {
    "userAcceleration" : [
      -0.03659118339419365,
      -0.05845904350280762,
      0.007062792778015137
    ],
    "timestamp" : 235576931560,
    "gravity" : [
      0.05294859781861305,
      -0.9932223558425903,
      -0.10346780717372894
    ],
    "rotationMatrix" : [
      -0.9669215083122253,
      -0.07688271999359131,
      0.243211030960083,
      0.2495175302028656,
      -0.08716745674610138,
      0.9644390940666199,
      -0.05294860154390335,
      0.9932224154472351,
      0.10346780717372894
    ]
  },
  {
    "userAcceleration" : [
      -0.02729913592338562,
      -0.04554933309555054,
      -0.0016232728958129883
    ],
    "timestamp" : 235576941582,
    "gravity" : [
      0.0524609200656414,
      -0.9933452606201172,
      -0.10253321379423141
    ],
    "rotationMatrix" : [
      -0.9660845994949341,
      -0.07647944986820221,
      0.246640145778656,
      0.252840518951416,
      -0.08611677587032318,
      0.9636677503585815,
      -0.052460916340351105,
      0.9933452606201172,
      0.1025332361459732
    ]
  },
  {
    "userAcceleration" : [
      -0.03113504871726036,
      -0.04580503702163696,
      -0.013357043266296387
    ],
    "timestamp" : 235576951603,
    "gravity" : [
      0.05158185586333275,
      -0.9935320615768433,
      -0.1011601984500885
    ],
    "rotationMatrix" : [
      -0.9652124047279358,
      -0.07559683918952942,
      0.25030019879341125,
      0.25632867217063904,
      -0.08473016321659088,
      0.962868869304657,
      -0.05158185213804245,
      0.993532121181488,
      0.1011602133512497
    ]
  },
  {
    "userAcceleration" : [
      -0.02459099516272545,
      -0.04973113536834717,
      -0.01382213830947876
    ],
    "timestamp" : 235576961625,
    "gravity" : [
      0.05028683692216873,
      -0.9938173294067383,
      -0.09898611158132553
    ],
    "rotationMatrix" : [
      -0.9642350673675537,
      -0.07413557916879654,
      0.2544690668582916,
      0.26023417711257935,
      -0.08264932036399841,
      0.9620016813278198,
      -0.05028683692216873,
      0.9938173294067383,
      0.09898605942726135
    ]
  },
  {
    "userAcceleration" : [
      -0.02288045361638069,
      -0.04934859275817871,
      -0.016856245696544647
    ],
    "timestamp" : 235576971646,
    "gravity" : [
      0.048576273024082184,
      -0.9941998720169067,
      -0.09595197439193726
    ],
    "rotationMatrix" : [
      -0.9630537033081055,
      -0.07209719717502594,
      0.25947868824005127,
      0.2648915648460388,
      -0.07980228215456009,
      0.9609702825546265,
      -0.048576273024082184,
      0.9941998720169067,
      0.09595202654600143
    ]
  },
  {
    "userAcceleration" : [
      -0.015589281916618347,
      -0.047898292541503906,
      -0.00025027990341186523
    ],
    "timestamp" : 235576981668,
    "gravity" : [
      0.04645780473947525,
      -0.9946430921554565,
      -0.09234005957841873
    ],
    "rotationMatrix" : [
      -0.9618832468986511,
      -0.06948182731866837,
      0.2644859850406647,
      0.26948511600494385,
      -0.07653286308050156,
      0.959958553314209,
      -0.04645780473947525,
      0.9946430921554565,
      0.09234002977609634
    ]
  },
  {
    "userAcceleration" : [
      -0.029180001467466354,
      -0.05693179368972778,
      0.014704771339893341
    ],
    "timestamp" : 235576991689,
    "gravity" : [
      0.04411834478378296,
      -0.9950852990150452,
      -0.08864887803792953
    ],
    "rotationMatrix" : [
      -0.9605440497398376,
      -0.06664252281188965,
      0.27002495527267456,
      0.2746056616306305,
      -0.07323788851499557,
      0.9587636590003967,
      -0.04411834478378296,
      0.9950852990150452,
      0.08864886313676834
    ]
  },
  {
    "userAcceleration" : [
      -0.05600915476679802,
      -0.07303857803344727,
      0.02092421054840088
    ],
    "timestamp" : 235577001711,
    "gravity" : [
      0.04187951982021332,
      -0.995473325252533,
      -0.08531630784273148
    ],
    "rotationMatrix" : [
      -0.9591644406318665,
      -0.06396530568599701,
      0.27552083134651184,
      0.2797309160232544,
      -0.07029351592063904,
      0.9575015902519226,
      -0.041879527270793915,
      0.995473325252533,
      0.08531627058982849
    ]
  },
  {
    "userAcceleration" : [
      -0.07297379523515701,
      -0.07989323139190674,
      0.009121894836425781
    ],
    "timestamp" : 235577011732,
    "gravity" : [
      0.03993852809071541,
      -0.9957902431488037,
      -0.08250144124031067
    ],
    "rotationMatrix" : [
      -0.9578096866607666,
      -0.06167188286781311,
      0.2807075083255768,
      0.28461384773254395,
      -0.06780948489904404,
      0.9562408924102783,
      -0.03993851691484451,
      0.9957902431488037,
      0.08250150829553604
    ]
  },
  {
    "userAcceleration" : [
      -0.08251121640205383,
      -0.07817894220352173,
      -0.019456975162029266
    ],
    "timestamp" : 235577021754,
    "gravity" : [
      0.038398053497076035,
      -0.9960549473762512,
      -0.07999981194734573
    ],
    "rotationMatrix" : [
      -0.9565344452857971,
      -0.05979862064123154,
      0.28542160987854004,
      0.289079487323761,
      -0.06556274741888046,
      0.9550572037696838,
      -0.03839803487062454,
      0.9960549473762512,
      0.07999984174966812
    ]
  },
  {
    "userAcceleration" : [
      -0.0774664506316185,
      -0.07138770818710327,
      -0.03717923164367676
    ],
    "timestamp" : 235577031775,
    "gravity" : [
      0.0372900627553463,
      -0.996300220489502,
      -0.07742954790592194
    ],
    "rotationMatrix" : [
      -0.9553724527359009,
      -0.05826513469219208,
      0.28960078954696655,
      0.29304081201553345,
      -0.06317482143640518,
      0.9540104866027832,
      -0.0372900515794754,
      0.996300220489502,
      0.07742955535650253
    ]
  },
  {
    "userAcceleration" : [
      -0.05695492774248123,
      -0.05696845054626465,
      -0.04766249656677246
    ],
    "timestamp" : 235577041796,
    "gravity" : [
      0.036416586488485336,
      -0.9965593218803406,
      -0.07445361465215683
    ],
    "rotationMatrix" : [
      -0.9547169208526611,
      -0.05670764297246933,
      0.2920609712600708,
      0.2952781617641449,
      -0.06044619530439377,
      0.9534972310066223,
      -0.036416590213775635,
      0.9965593218803406,
      0.07445365935564041
    ]
  },
  {
    "userAcceleration" : [
      -0.037480756640434265,
      -0.03731733560562134,
      -0.04152406007051468
    ],
    "timestamp" : 235577051818,
    "gravity" : [
      0.035619232803583145,
      -0.9968470931053162,
      -0.07090272009372711
    ],
    "rotationMatrix" : [
      -0.9538199305534363,
      -0.055084578692913055,
      0.29528558254241943,
      0.2982602119445801,
      -0.057110726833343506,
      0.9527745246887207,
      -0.03561922907829285,
      0.9968471527099609,
      0.07090270519256592
    ]
  },
  {
    "userAcceleration" : [
      -0.02429095283150673,
      -0.03257012367248535,
      -0.02200382947921753
    ],
    "timestamp" : 235577061839,
    "gravity" : [
      0.03474323824048042,
      -0.9971539378166199,
      -0.06690913438796997
    ],
    "rotationMatrix" : [
      -0.9528244733810425,
      -0.053249143064022064,
      0.29881399869918823,
      0.30152642726898193,
      -0.053370777517557144,
      0.9519628882408142,
      -0.034743234515190125,
      0.9971539378166199,
      0.06690913438796997
    ]
  },
  {
    "userAcceleration" : [
      -0.03346426039934158,
      -0.05029207468032837,
      -0.008617587387561798
    ],
    "timestamp" : 235577071861,
    "gravity" : [
      0.03395256772637367,
      -0.9974527359008789,
      -0.06273254752159119
    ],
    "rotationMatrix" : [
      -0.9517681002616882,
      -0.05142122507095337,
      0.3024785816669464,
      0.3049338757991791,
      -0.04943695291876793,
      0.9510895609855652,
      -0.033952564001083374,
      0.9974526762962341,
      0.06273260712623596
    ]
  },
  {
    "userAcceleration" : [
      -0.07378752529621124,
      -0.07298803329467773,
      0.007943868637084961
    ],
    "timestamp" : 235577081882,
    "gravity" : [
      0.03362639620900154,
      -0.99770587682724,
      -0.058755651116371155
    ],
    "rotationMatrix" : [
      -0.9507164359092712,
      -0.05006285011768341,
      0.30599358677864075,
      0.3082330822944641,
      -0.045570485293865204,
      0.9502187371253967,
      -0.033626407384872437,
      0.99770587682724,
      0.05875558406114578
    ]
  },
  {
    "userAcceleration" : [
      -0.07415302842855453,
      -0.07280319929122925,
      0.0044939517974853516
    ],
    "timestamp" : 235577091904,
    "gravity" : [
      0.03399190306663513,
      -0.9978907108306885,
      -0.05530571565032005
    ],
    "rotationMatrix" : [
      -0.9496871829032898,
      -0.049490198493003845,
      0.30926501750946045,
      0.3113497495651245,
      -0.0420105867087841,
      0.9493663311004639,
      -0.03399190306663513,
      0.9978907108306885,
      0.055305738002061844
    ]
  },
  {
    "userAcceleration" : [
      -0.07140569388866425,
      -0.06232064962387085,
      0.0011126436293125153
    ],
    "timestamp" : 235577101925,
    "gravity" : [
      0.03498295694589615,
      -0.9980124235153198,
      -0.052412718534469604
    ],
    "rotationMatrix" : [
      -0.9490755200386047,
      -0.0496065616607666,
      0.3111180067062378,
      0.3130997121334076,
      -0.03885958716273308,
      0.9489247798919678,
      -0.03498294949531555,
      0.9980124235153198,
      0.05241270735859871
    ]
  },
  {
    "userAcceleration" : [
      -0.04866946488618851,
      -0.043489813804626465,
      -0.0006421208381652832
    ],
    "timestamp" : 235577111947,
    "gravity" : [
      0.036416660994291306,
      -0.9980902671813965,
      -0.049895018339157104
    ],
    "rotationMatrix" : [
      -0.948482871055603,
      -0.050244614481925964,
      0.31281888484954834,
      0.31472843885421753,
      -0.03593270480632782,
      0.9485013484954834,
      -0.036416664719581604,
      0.9980902671813965,
      0.04989500343799591
    ]
  },
  {
    "userAcceleration" : [
      -0.013883795589208603,
      -0.02040696144104004,
      -0.0020141005516052246
    ],
    "timestamp" : 235577121968,
    "gravity" : [
      0.03799270838499069,
      -0.9981476664543152,
      -0.047515977174043655
    ],
    "rotationMatrix" : [
      -0.9479859471321106,
      -0.05104030668735504,
      0.3141935169696808,
      0.31603676080703735,
      -0.033107392489910126,
      0.9481691122055054,
      -0.03799271583557129,
      0.99814772605896,
      0.04751593619585037
    ]
  },
  {
    "userAcceleration" : [
      0.01726796105504036,
      0.004051148891448975,
      -0.005562424659729004
    ],
    "timestamp" : 235577131990,
    "gravity" : [
      0.03935742378234863,
      -0.9982069730758667,
      -0.04509679228067398
    ],
    "rotationMatrix" : [
      -0.9474742412567139,
      -0.051616981625556946,
      0.3156391978263855,
      0.3174009919166565,
      -0.030305230990052223,
      0.9478069543838501,
      -0.03935740888118744,
      0.9982069730758667,
      0.04509679228067398
    ]
  },
  {
    "userAcceleration" : [
      0.039828766137361526,
      0.027603566646575928,
      -0.010532256215810776
    ],
    "timestamp" : 235577142011,
    "gravity" : [
      0.04017310217022896,
      -0.9982912540435791,
      -0.04243103787302971
    ],
    "rotationMatrix" : [
      -0.9469332695007324,
      -0.051591113209724426,
      0.31726178526878357,
      0.3189087510108948,
      -0.027433671057224274,
      0.9473881721496582,
      -0.040173113346099854,
      0.9982912540435791,
      0.04243107885122299
    ]
  },
  {
    "userAcceleration" : [
      0.04116329923272133,
      0.03302127122879028,
      -0.018040955066680908
    ],
    "timestamp" : 235577152033,
    "gravity" : [
      0.04025761038064957,
      -0.9984142780303955,
      -0.03934738039970398
    ],
    "rotationMatrix" : [
      -0.9463523030281067,
      -0.05073520541191101,
      0.3191285729408264,
      0.32061880826950073,
      -0.024389009922742844,
      0.9468942284584045,
      -0.040257617831230164,
      0.9984142184257507,
      0.039347369223833084
    ]
  },
  {
    "userAcceleration" : [
      0.02505629137158394,
      0.028043031692504883,
      -0.010415010154247284
    ],
    "timestamp" : 235577162054,
    "gravity" : [
      0.039778340607881546,
      -0.9985628128051758,
      -0.03591068834066391
    ],
    "rotationMatrix" : [
      -0.9457422494888306,
      -0.04922404885292053,
      0.321166455745697,
      0.32247263193130493,
      -0.021186422556638718,
      0.9463413953781128,
      -0.03977833688259125,
      0.9985628128051758,
      0.035910654813051224
    ]
  },
  {
    "userAcceleration" : [
      0.01266525685787201,
      0.026407361030578613,
      0.012566864490509033
    ],
    "timestamp" : 235577172076,
    "gravity" : [
      0.039000991731882095,
      -0.9987125992774963,
      -0.032433848828077316
    ],
    "rotationMatrix" : [
      -0.9451307058334351,
      -0.04740579426288605,
      0.32323458790779114,
      0.3243560194969177,
      -0.018047723919153214,
      0.9457628726959229,
      -0.0390009880065918,
      0.9987126588821411,
      0.03243383392691612
    ]
  },
  {
    "userAcceleration" : [
      0.006116971373558044,
      0.02573537826538086,
      0.02728384919464588
    ],
    "timestamp" : 235577182097,
    "gravity" : [
      0.03802670165896416,
      -0.9988492131233215,
      -0.029221724718809128
    ],
    "rotationMatrix" : [
      -0.9444446563720703,
      -0.045478299260139465,
      0.3255078196525574,
      0.3264622092247009,
      -0.015219978988170624,
      0.9450874924659729,
      -0.03802669048309326,
      0.9988492131233215,
      0.02922172099351883
    ]
  },
  {
    "userAcceleration" : [
      0.0028457827866077423,
      0.03188216686248779,
      0.03448671102523804
    ],
    "timestamp" : 235577192118,
    "gravity" : [
      0.03693389892578125,
      -0.9989688992500305,
      -0.026399608701467514
    ],
    "rotationMatrix" : [
      -0.9436984062194824,
      -0.04355651140213013,
      0.3279268145561218,
      0.32873860001564026,
      -0.01280161738395691,
      0.9443341493606567,
      -0.036933884024620056,
      0.9989689588546753,
      0.0263996422290802
    ]
  },
  {
    "userAcceleration" : [
      0.008216362446546555,
      0.044363558292388916,
      0.041793763637542725
    ],
    "timestamp" : 235577202140,
    "gravity" : [
      0.035667937248945236,
      -0.9990753531455994,
      -0.024002034217119217
    ],
    "rotationMatrix" : [
      -0.9428126811981201,
      -0.04160448908805847,
      0.3307161331176758,
      0.33140891790390015,
      -0.010833341628313065,
      0.9434249997138977,
      -0.035667940974235535,
      0.9990753531455994,
      0.024001996964216232
    ]
  },
  {
    "userAcceleration" : [
      0.016131047159433365,
      0.03962695598602295,
      0.03311276435852051
    ],
    "timestamp" : 235577212161,
    "gravity" : [
      0.03417721390724182,
      -0.9991757273674011,
      -0.021897608414292336
    ],
    "rotationMatrix" : [
      -0.9417441487312317,
      -0.039532482624053955,
      0.3339979946613312,
      0.3345883786678314,
      -0.009206563234329224,
      0.9423192143440247,
      -0.03417721390724182,
      0.9991757273674011,
      0.021897584199905396
    ]
  },
  {
    "userAcceleration" : [
      0.012003093957901001,
      0.0277290940284729,
      0.014115573838353157
    ],
    "timestamp" : 235577222183,
    "gravity" : [
      0.032567817717790604,
      -0.9992712736129761,
      -0.0198986679315567
    ],
    "rotationMatrix" : [
      -0.9404220581054688,
      -0.03737939894199371,
      0.33794742822647095,
      0.3384450078010559,
      -0.007706617936491966,
      0.9409544467926025,
      -0.032567813992500305,
      0.9992712736129761,
      0.019898677244782448
    ]
  },
  {
    "userAcceleration" : [
      -0.007137000560760498,
      0.009320437908172607,
      -0.011311648413538933
    ],
    "timestamp" : 235577232204,
    "gravity" : [
      0.03106279857456684,
      -0.9993562698364258,
      -0.017939452081918716
    ],
    "rotationMatrix" : [
      -0.9389131665229797,
      -0.035329267382621765,
      0.3423348665237427,
      0.34274834394454956,
      -0.006209386512637138,
      0.9394065141677856,
      -0.031062796711921692,
      0.9993562698364258,
      0.01793949492275715
    ]
  },
  {
    "userAcceleration" : [
      -0.030340978875756264,
      -0.004176199436187744,
      -0.03814166784286499
    ],
    "timestamp" : 235577242226,
    "gravity" : [
      0.029867999255657196,
      -0.9994247555732727,
      -0.016057556495070457
    ],
    "rotationMatrix" : [
      -0.9374061226844788,
      -0.03358350694179535,
      0.3466143012046814,
      0.34695422649383545,
      -0.004699576646089554,
      0.9378702044487,
      -0.0298679918050766,
      0.9994247555732727,
      0.016057562083005905
    ]
  },
  {
    "userAcceleration" : [
      -0.04825703799724579,
      0.0009395480155944824,
      -0.059204816818237305
    ],
    "timestamp" : 235577252247,
    "gravity" : [
      0.02907678484916687,
      -0.9994745254516602,
      -0.014312075451016426
    ],
    "rotationMatrix" : [
      -0.9360491037368774,
      -0.03224895894527435,
      0.3503873944282532,
      0.3506648540496826,
      -0.0032082609832286835,
      0.936495304107666,
      -0.02907678484916687,
      0.9994745254516602,
      0.014312047511339188
    ]
  },
  {
    "userAcceleration" : [
      -0.06396786868572235,
      0.008678078651428223,
      -0.07297414541244507
    ],
    "timestamp" : 235577262269,
    "gravity" : [
      0.028720110654830933,
      -0.9995074272155762,
      -0.01264297217130661
    ],
    "rotationMatrix" : [
      -0.9350569248199463,
      -0.031334683299064636,
      0.3531094491481781,
      0.35333168506622314,
      -0.0016803089529275894,
      0.93549644947052,
      -0.028720110654830933,
      0.9995074272155762,
      0.01264292560517788
    ]
  },
  {
    "userAcceleration" : [
      -0.07170747220516205,
      0.01423424482345581,
      -0.06301575899124146
    ],
    "timestamp" : 235577272290,
    "gravity" : [
      0.02878452278673649,
      -0.999524712562561,
      -0.01103517971932888
    ],
    "rotationMatrix" : [
      -0.9344503879547119,
      -0.03082716464996338,
      0.3547563850879669,
      0.3549279570579529,
      -0.00010028854012489319,
      0.9348936080932617,
      -0.028784513473510742,
      0.999524712562561,
      0.011035170406103134
    ]
  },
  {
    "userAcceleration" : [
      -0.05617692321538925,
      0.022173523902893066,
      -0.038027822971343994
    ],
    "timestamp" : 235577282312,
    "gravity" : [
      0.029138371348381042,
      -0.9995293617248535,
      -0.009579604491591454
    ],
    "rotationMatrix" : [
      -0.9341007471084595,
      -0.030639946460723877,
      0.3556916117668152,
      0.3558177947998047,
      0.0014161672443151474,
      0.9345541000366211,
      -0.029138371348381042,
      0.9995293617248535,
      0.009579619392752647
    ]
  },
  {
    "userAcceleration" : [
      0.003054993227124214,
      0.037584543228149414,
      0.00822436809539795
    ],
    "timestamp" : 235577292333,
    "gravity" : [
      0.029537800699472427,
      -0.9995290040969849,
      -0.00831595342606306
    ],
    "rotationMatrix" : [
      -0.9338505864143372,
      -0.030561700463294983,
      0.35635486245155334,
      0.3564411997795105,
      0.0027601812034845352,
      0.9343136548995972,
      -0.02953779697418213,
      0.9995290040969849,
      0.00831598974764347
    ]
  },
  {
    "userAcceleration" : [
      0.002821722999215126,
      0.03758662939071655,
      0.007062256336212158
    ],
    "timestamp" : 235577302355,
    "gravity" : [
      0.029771054163575172,
      -0.9995311498641968,
      -0.007153851445764303
    ],
    "rotationMatrix" : [
      -0.9333372712135315,
      -0.030359700322151184,
      0.35771477222442627,
      0.35776424407958984,
      0.003972632810473442,
      0.9338034987449646,
      -0.02977105975151062,
      0.999531090259552,
      0.007153792306780815
    ]
  },
  {
    "userAcceleration" : [
      0.028188208118081093,
      0.04381030797958374,
      0.015340149402618408
    ],
    "timestamp" : 235577312376,
    "gravity" : [
      0.029581597074866295,
      -0.9995445013046265,
      -0.005971294827759266
    ],
    "rotationMatrix" : [
      -0.9327889680862427,
      -0.029751762747764587,
      0.3591925799846649,
      0.3592066168785095,
      0.005055654793977737,
      0.9332442879676819,
      -0.02958160638809204,
      0.9995444416999817,
      0.005971301347017288
    ]
  },
  {
    "userAcceleration" : [
      0.019975533708930016,
      0.030147075653076172,
      0.011889874935150146
    ],
    "timestamp" : 235577322398,
    "gravity" : [
      0.029005227610468864,
      -0.9995684623718262,
      -0.004641934297978878
    ],
    "rotationMatrix" : [
      -0.9317753911018372,
      -0.028718650341033936,
      0.3618975579738617,
      0.36187469959259033,
      0.006171686574816704,
      0.9322062730789185,
      -0.029005229473114014,
      0.9995684623718262,
      0.004641933366656303
    ]
  },
  {
    "userAcceleration" : [
      -0.004019156098365784,
      0.013130366802215576,
      -0.003645658493041992
    ],
    "timestamp" : 235577332419,
    "gravity" : [
      0.028250113129615784,
      -0.9995957612991333,
      -0.003190264105796814
    ],
    "rotationMatrix" : [
      -0.9304823279380798,
      -0.027462735772132874,
      0.36530548334121704,
      0.3652454614639282,
      0.007351581007242203,
      0.9308821558952332,
      -0.028250113129615784,
      0.9995957016944885,
      0.0031902827322483063
    ]
  },
  {
    "userAcceleration" : [
      -0.02326425351202488,
      0.007996320724487305,
      -0.014641165733337402
    ],
    "timestamp" : 235577342440,
    "gravity" : [
      0.027536729350686073,
      -0.9996191263198853,
      -0.0017620476428419352
    ],
    "rotationMatrix" : [
      -0.9290730953216553,
      -0.026243701577186584,
      0.36896318197250366,
      0.36886894702911377,
      0.008523261174559593,
      0.9294421672821045,
      -0.02753673493862152,
      0.9996191263198853,
      0.001762067899107933
    ]
  },
  {
    "userAcceleration" : [
      -0.04200766980648041,
      0.0012047290802001953,
      -0.026483237743377686
    ],
    "timestamp" : 235577352462,
    "gravity" : [
      0.027084579691290855,
      -0.9996328353881836,
      -0.0004333039396442473
    ],
    "rotationMatrix" : [
      -0.9277523756027222,
      -0.025298327207565308,
      0.37233686447143555,
      0.37221118807792664,
      0.00968298688530922,
      0.9280973672866821,
      -0.0270845890045166,
      0.9996328353881836,
      0.0004332996904850006
    ]
  },
  {
    "userAcceleration" : [
      -0.04664237052202225,
      0.0034493207931518555,
      -0.025113701820373535
    ],
    "timestamp" : 235577362483,
    "gravity" : [
      0.027019578963518143,
      -0.9996344447135925,
      0.0007606546860188246
    ],
    "rotationMatrix" : [
      -0.9266632199287415,
      -0.02476172149181366,
      0.37507522106170654,
      0.3749193549156189,
      0.010839633643627167,
      0.9269938468933105,
      -0.027019590139389038,
      0.9996343851089478,
      -0.0007606819272041321
    ]
  },
  {
    "userAcceleration" : [
      -0.033599674701690674,
      0.015236496925354004,
      -0.00252377986907959
    ],
    "timestamp" : 235577372505,
    "gravity" : [
      0.02726731263101101,
      -0.9996266961097717,
      0.0016844950150698423
    ],
    "rotationMatrix" : [
      -0.9256702661514282,
      -0.024613752961158752,
      0.3775293231010437,
      0.377346932888031,
      0.011853646486997604,
      0.9259960055351257,
      -0.02726730704307556,
      0.9996266961097717,
      -0.001684475690126419
    ]
  },
  {
    "userAcceleration" : [
      -0.008750613778829575,
      0.02570939064025879,
      0.01664900779724121
    ],
    "timestamp" : 235577382526,
    "gravity" : [
      0.02759525552392006,
      -0.9996167421340942,
      0.00216509192250669
    ],
    "rotationMatrix" : [
      -0.9247280955314636,
      -0.024705201387405396,
      0.3798253536224365,
      0.3796263337135315,
      0.012483648955821991,
      0.9250556230545044,
      -0.02759525179862976,
      0.9996167421340942,
      -0.002165086567401886
    ]
  },
  {
    "userAcceleration" : [
      0.01835564523935318,
      0.04203009605407715,
      0.027758002281188965
    ],
    "timestamp" : 235577392548,
    "gravity" : [
      0.027817487716674805,
      -0.9996105432510376,
      0.0021950092632323503
    ],
    "rotationMatrix" : [
      -0.9237120747566223,
      -0.024865910410881042,
      0.3822793960571289,
      0.3820759654045105,
      0.012661658227443695,
      0.9240441918373108,
      -0.02781747281551361,
      0.9996106028556824,
      -0.0021949782967567444
    ]
  },
  {
    "userAcceleration" : [
      0.018370896577835083,
      0.042031049728393555,
      0.028052210807800293
    ],
    "timestamp" : 235577402569,
    "gravity" : [
      0.02780221588909626,
      -0.999611496925354,
      0.0019007623195648193
    ],
    "rotationMatrix" : [
      -0.9222759008407593,
      -0.024917766451835632,
      0.3857276439666748,
      0.3855304718017578,
      0.012477383017539978,
      0.9226106405258179,
      -0.02780221402645111,
      0.999611496925354,
      -0.0019008070230484009
    ]
  },
  {
    "userAcceleration" : [
      0.025024347007274628,
      0.044958531856536865,
      0.020941972732543945
    ],
    "timestamp" : 235577412591,
    "gravity" : [
      0.02735910750925541,
      -0.9996244311332703,
      0.0014426998095586896
    ],
    "rotationMatrix" : [
      -0.9208277463912964,
      -0.02464073896408081,
      0.3891894817352295,
      0.3890078365802765,
      0.011976681649684906,
      0.9211564064025879,
      -0.027359098196029663,
      0.999624490737915,
      -0.0014427080750465393
    ]
  },
  {
    "userAcceleration" : [
      0.023635055869817734,
      0.04042404890060425,
      0.009983658790588379
    ],
    "timestamp" : 235577422612,
    "gravity" : [
      0.026337498798966408,
      -0.9996524453163147,
      0.0010942319640889764
    ],
    "rotationMatrix" : [
      -0.9187237620353699,
      -0.023773804306983948,
      0.3941843509674072,
      0.3940213918685913,
      0.011387240141630173,
      0.9190306663513184,
      -0.02633751928806305,
      0.9996525049209595,
      -0.001094270497560501
    ]
  },
  {
    "userAcceleration" : [
      0.030790936201810837,
      0.036316871643066406,
      -0.007109522819519043
    ],
    "timestamp" : 235577432634,
    "gravity" : [
      0.024629011750221252,
      -0.9996956586837769,
      0.0013111407170072198
    ],
    "rotationMatrix" : [
      -0.9160671830177307,
      -0.022043466567993164,
      0.4004179835319519,
      0.40026724338531494,
      0.011063266545534134,
      0.9163315296173096,
      -0.024629011750221252,
      0.9996956586837769,
      -0.0013111941516399384
    ]
  },
  {
    "userAcceleration" : [
      0.04231056198477745,
      0.04036992788314819,
      -0.01632404327392578
    ],
    "timestamp" : 235577442655,
    "gravity" : [
      0.022188367322087288,
      -0.9997508525848389,
      0.0023622438311576843
    ],
    "rotationMatrix" : [
      -0.9126919507980347,
      -0.01929163932800293,
      0.4081919193267822,
      0.4080447256565094,
      0.01121341809630394,
      0.9128929376602173,
      -0.022188380360603333,
      0.9997508525848389,
      -0.0023622550070285797
    ]
  },
  {
    "userAcceleration" : [
      0.053629979491233826,
      0.041634976863861084,
      -0.022583961486816406
    ],
    "timestamp" : 235577452677,
    "gravity" : [
      0.01900189183652401,
      -0.9998104572296143,
      0.004197132773697376
    ],
    "rotationMatrix" : [
      -0.9086108207702637,
      -0.015516504645347595,
      0.4173544645309448,
      0.41721028089523315,
      0.011744502931833267,
      0.9087338447570801,
      -0.019001901149749756,
      0.9998104572296143,
      -0.004197116941213608
    ]
  },
  {
    "userAcceleration" : [
      0.0376405343413353,
      0.025909066200256348,
      -0.025495290756225586
    ],
    "timestamp" : 235577462698,
    "gravity" : [
      0.015292217023670673,
      -0.9998622536659241,
      0.006452285218983889
    ],
    "rotationMatrix" : [
      -0.9040525555610657,
      -0.011069566011428833,
      0.4272778630256653,
      0.4271475672721863,
      0.012367304414510727,
      0.904097318649292,
      -0.015292242169380188,
      0.9998621940612793,
      -0.006452325731515884
    ]
  },
  {
    "userAcceleration" : [
      0.008008638396859169,
      0.016072988510131836,
      -0.026495814323425293
    ],
    "timestamp" : 235577472720,
    "gravity" : [
      0.011415835469961166,
      -0.9998986721038818,
      0.008505632169544697
    ],
    "rotationMatrix" : [
      -0.8993362188339233,
      -0.0065486133098602295,
      0.43720877170562744,
      0.4371087849140167,
      0.012640465050935745,
      0.8993198275566101,
      -0.011415824294090271,
      0.9998987317085266,
      -0.008505593985319138
    ]
  },
  {
    "userAcceleration" : [
      -0.028575636446475983,
      -3.49879264831543e-05,
      -0.03460860252380371
    ],
    "timestamp" : 235577482741,
    "gravity" : [
      0.007808441761881113,
      -0.9999191164970398,
      0.010026630945503712
    ],
    "rotationMatrix" : [
      -0.8947553634643555,
      -0.002509400248527527,
      0.4465489983558655,
      0.44648778438568115,
      0.012458506971597672,
      0.8947028517723083,
      -0.0078084468841552734,
      0.9999191164970398,
      -0.010026630014181137
    ]
  },
  {
    "userAcceleration" : [
      -0.058695826679468155,
      -0.010477125644683838,
      -0.038016557693481445
    ],
    "timestamp" : 235577492763,
    "gravity" : [
      0.004771301057189703,
      -0.9999293684959412,
      0.010886414907872677
    ],
    "rotationMatrix" : [
      -0.8905411958694458,
      0.0007032603025436401,
      0.45490217208862305,
      0.45487767457962036,
      0.011865247040987015,
      0.8904748558998108,
      -0.004771292209625244,
      0.9999293684959412,
      -0.01088644191622734
    ]
  },
  {
    "userAcceleration" : [
      -0.07374580204486847,
      -0.005175292491912842,
      -0.03786313533782959
    ],
    "timestamp" : 235577502784,
    "gravity" : [
      0.00238046539016068,
      -0.9999363422393799,
      0.011022884398698807
    ],
    "rotationMatrix" : [
      -0.8868154287338257,
      0.0029830336570739746,
      0.46211379766464233,
      0.4621172845363617,
      0.010875493288040161,
      0.8867520093917847,
      -0.002380460500717163,
      0.9999363422393799,
      -0.011022895574569702
    ]
  },
  {
    "userAcceleration" : [
      -0.07661647349596024,
      -0.0009109377861022949,
      -0.03600287437438965
    ],
    "timestamp" : 235577512806,
    "gravity" : [
      0.0005667032673954964,
      -0.9999434947967529,
      0.010612153448164463
    ],
    "rotationMatrix" : [
      -0.883496105670929,
      0.004470512270927429,
      0.46841710805892944,
      0.4684380888938904,
      0.00964130088686943,
      0.8834437131881714,
      -0.0005667060613632202,
      0.9999434947967529,
      -0.010612178593873978
    ]
  },
  {
    "userAcceleration" : [
      -0.05620889738202095,
      -0.0001264810562133789,
      -0.031717658042907715
    ],
    "timestamp" : 235577522827,
    "gravity" : [
      -0.000843683781567961,
      -0.9999496936798096,
      0.009989059530198574
    ],
    "rotationMatrix" : [
      -0.8803519010543823,
      0.005480736494064331,
      0.47428932785987854,
      0.4743202328681946,
      0.008393824100494385,
      0.8803123235702515,
      0.0008436739444732666,
      0.9999496936798096,
      -0.00998908281326294
    ]
  },
  {
    "userAcceleration" : [
      -0.019114885479211807,
      -4.684925079345703e-05,
      -0.030873537063598633
    ],
    "timestamp" : 235577532848,
    "gravity" : [
      -0.0020184945315122604,
      -0.9999532103538513,
      0.009465435519814491
    ],
    "rotationMatrix" : [
      -0.8771783709526062,
      0.006315439939498901,
      0.4801234006881714,
      0.4801606833934784,
      0.007333666086196899,
      0.8771499395370483,
      0.002018481492996216,
      0.9999531507492065,
      -0.00946548581123352
    ]
  },
  {
    "userAcceleration" : [
      -0.01816011220216751,
      -4.7206878662109375e-05,
      -0.03066885471343994
    ],
    "timestamp" : 235577542870,
    "gravity" : [
      -0.0029732920229434967,
      -0.9999527335166931,
      0.00926078949123621
    ],
    "rotationMatrix" : [
      -0.8735518455505371,
      0.007104650139808655,
      0.48667940497398376,
      0.4867221713066101,
      0.0066426098346710205,
      0.8735316395759583,
      0.002973318099975586,
      0.9999527335166931,
      -0.009260743856430054
    ]
  },
  {
    "userAcceleration" : [
      -0.02007366344332695,
      -0.005879461765289307,
      -0.030897140502929688
    ],
    "timestamp" : 235577552891,
    "gravity" : [
      -0.0036384628619998693,
      -0.9999492764472961,
      0.00938225444406271
    ],
    "rotationMatrix" : [
      -0.8702168464660645,
      0.00778844952583313,
      0.4926069378852844,
      0.49265506863594055,
      0.006372444331645966,
      0.8702012300491333,
      0.0036384761333465576,
      0.9999492168426514,
      -0.009382255375385284
    ]
  },
  {
    "userAcceleration" : [
      -0.024576453492045403,
      -0.00896531343460083,
      -0.030846357345581055
    ],
    "timestamp" : 235577562913,
    "gravity" : [
      -0.003972714301198721,
      -0.9999456405639648,
      0.009621319361031055
    ],
    "rotationMatrix" : [
      -0.8665276765823364,
      0.008244633674621582,
      0.4990602731704712,
      0.4991125464439392,
      0.006354868412017822,
      0.8665136098861694,
      0.003972724080085754,
      0.9999456405639648,
      -0.00962132215499878
    ]
  },
  {
    "userAcceleration" : [
      -0.036364443600177765,
      -0.006936430931091309,
      -0.037026405334472656
    ],
    "timestamp" : 235577572934,
    "gravity" : [
      -0.003888205625116825,
      -0.9999452233314514,
      0.009713181294500828
    ],
    "rotationMatrix" : [
      -0.8630475997924805,
      0.00826185941696167,
      0.5050548315048218,
      0.5051074028015137,
      0.006419293582439423,
      0.8630325794219971,
      0.0038882195949554443,
      0.9999452829360962,
      -0.009713180363178253
    ]
  },
  {
    "userAcceleration" : [
      -0.03786282241344452,
      0.0029393434524536133,
      -0.04533886909484863
    ],
    "timestamp" : 235577582956,
    "gravity" : [
      -0.0034579329658299685,
      -0.9999484419822693,
      0.00952642597258091
    ],
    "rotationMatrix" : [
      -0.8599867224693298,
      0.007835209369659424,
      0.5102555751800537,
      0.5103039741516113,
      0.006428569555282593,
      0.8599697947502136,
      0.0034579336643218994,
      0.9999484419822693,
      -0.009526461362838745
    ]
  },
  {
    "userAcceleration" : [
      -0.025705138221383095,
      0.022781431674957275,
      -0.05118227005004883
    ],
    "timestamp" : 235577592977,
    "gravity" : [
      -0.0029355634469538927,
      -0.9999541640281677,
      0.009098455309867859
    ],
    "rotationMatrix" : [
      -0.8575060963630676,
      0.007198125123977661,
      0.5144227743148804,
      0.5144647359848022,
      0.006292156875133514,
      0.857488214969635,
      0.002935558557510376,
      0.9999541640281677,
      -0.009098418056964874
    ]
  },
  {
    "userAcceleration" : [
      -0.00738795381039381,
      0.05301487445831299,
      -0.04778552055358887
    ],
    "timestamp" : 235577602999,
    "gravity" : [
      -0.0025912593118846416,
      -0.9999600052833557,
      0.008555153384804726
    ],
    "rotationMatrix" : [
      -0.8556044101715088,
      0.006645411252975464,
      0.5175873041152954,
      0.5176234245300293,
      0.0059787556529045105,
      0.8555875420570374,
      0.002591252326965332,
      0.9999600052833557,
      -0.008555121719837189
    ]
  },
  {
    "userAcceleration" : [
      0.012221756391227245,
      0.06681299209594727,
      -0.0370173454284668
    ],
    "timestamp" : 235577613020,
    "gravity" : [
      -0.0026391930878162384,
      -0.9999642372131348,
      0.008040893822908401
    ],
    "rotationMatrix" : [
      -0.8540878295898438,
      0.006436288356781006,
      0.5200890898704529,
      0.520122230052948,
      0.005494967103004456,
      0.8540741801261902,
      0.002639174461364746,
      0.99996417760849,
      -0.008040890097618103
    ]
  },
  {
    "userAcceleration" : [
      0.014142626896500587,
      0.05977940559387207,
      -0.020686030387878418
    ],
    "timestamp" : 235577623042,
    "gravity" : [
      -0.0031104758381843567,
      -0.999964714050293,
      0.007777102291584015
    ],
    "rotationMatrix" : [
      -0.8524885773658752,
      0.006717085838317871,
      0.5227022171020508,
      0.522736132144928,
      0.005004309117794037,
      0.8524796366691589,
      0.0031104981899261475,
      0.9999647736549377,
      -0.007777132093906403
    ]
  },
  {
    "userAcceleration" : [
      -0.0009963375050574541,
      0.044287919998168945,
      -0.009906649589538574
    ],
    "timestamp" : 235577633063,
    "gravity" : [
      -0.003840656718239188,
      -0.9999610185623169,
      0.00793828908354044
    ],
    "rotationMatrix" : [
      -0.8505720496177673,
      0.007441103458404541,
      0.525805652141571,
      0.5258442759513855,
      0.004732824862003326,
      0.8505675792694092,
      0.003840625286102295,
      0.9999610185623169,
      -0.00793834775686264
    ]
  },
  {
    "userAcceleration" : [
      -0.060590483248233795,
      0.01594364643096924,
      0.005977272987365723
    ],
    "timestamp" : 235577643085,
    "gravity" : [
      -0.0045034633949398994,
      -0.9999523162841797,
      0.00865582749247551
    ],
    "rotationMatrix" : [
      -0.8481771349906921,
      0.008404672145843506,
      0.5296458005905151,
      0.5296933054924011,
      0.004956535995006561,
      0.8481746912002563,
      0.004503458738327026,
      0.9999523162841797,
      -0.008655793964862823
    ]
  },
  {
    "userAcceleration" : [
      -0.06038348376750946,
      0.01593196392059326,
      0.0048111677169799805
    ],
    "timestamp" : 235577653106,
    "gravity" : [
      -0.004710474517196417,
      -0.9999406337738037,
      0.009821964427828789
    ],
    "rotationMatrix" : [
      -0.8451070189476013,
      0.00923144817352295,
      0.5345172882080078,
      0.5345762968063354,
      0.0057828351855278015,
      0.8451004028320312,
      0.004710465669631958,
      0.9999406337738037,
      -0.009821958839893341
    ]
  },
  {
    "userAcceleration" : [
