[
  {
    "gravity" : [
      0.07200051844120026,
      -0.8508515954017639,
      -0.5204492807388306
    ],
    "timestamp" : 235566880062,
    "userAcceleration" : [
      0.046438150107860565,
      0.02950155735015869,
      -0.06536614894866943
    ],
    "rotationMatrix" : [
      -0.8270647525787354,
      0.24071845412254333,
      -0.507955014705658,
      -0.5574760437011719,
      -0.4670182466506958,
      0.6863775849342346,
      -0.07200051844120026,
      0.8508515954017639,
      0.5204492807388306
    ]
  },
  {
    "gravity" : [
      0.07563865184783936,
      -0.8492454290390015,
      -0.5225523710250854
    ],
    "timestamp" : 235566890083,
    "userAcceleration" : [
      0.08196935057640076,
      0.052690863609313965,
      -0.04629528522491455
    ],
    "rotationMatrix" : [
      -0.824741005897522,
      0.24125605821609497,
      -0.5114662647247314,
      -0.5604293346405029,
      -0.46965697407722473,
      0.6821592450141907,
      -0.07563865184783936,
      0.8492453694343567,
      0.5225523710250854
    ]
  },
  {
    "gravity" : [
      0.07793818414211273,
      -0.8483626842498779,
      -0.5236470103263855
    ],
    "timestamp" : 235566900105,
    "userAcceleration" : [
      0.08859620243310928,
      0.04095923900604248,
      -0.03903603553771973
    ],
    "rotationMatrix" : [
      -0.8227113485336304,
      0.24193264544010162,
      -0.5144063234329224,
      -0.5630905628204346,
      -0.47090211510658264,
      0.6791020631790161,
      -0.07793816924095154,
      0.8483626842498779,
      0.5236470103263855
    ]
  },
  {
    "gravity" : [
      0.0788329541683197,
      -0.8483378291130066,
      -0.5235534310340881
    ],
    "timestamp" : 235566910126,
    "userAcceleration" : [
      0.07561647146940231,
      0.020243346691131592,
      -0.04410398006439209
    ],
    "rotationMatrix" : [
      -0.8211411833763123,
      0.2425323873758316,
      -0.5166281461715698,
      -0.5652539134025574,
      -0.4706384837627411,
      0.6774858236312866,
      -0.07883293926715851,
      0.8483377695083618,
      0.5235534310340881
    ]
  },
  {
    "gravity" : [
      0.07859263569116592,
      -0.8491957783699036,
      -0.5221969485282898
    ],
    "timestamp" : 235566920147,
    "userAcceleration" : [
      0.05803452432155609,
      0.00701749324798584,
      -0.05551600456237793
    ],
    "rotationMatrix" : [
      -0.8199216723442078,
      0.24289271235466003,
      -0.5183930993080139,
      -0.5670551061630249,
      -0.46890246868133545,
      0.677184522151947,
      -0.07859264314174652,
      0.8491957783699036,
      0.5221969485282898
    ]
  },
  {
    "gravity" : [
      0.07783638685941696,
      -0.8508259654045105,
      -0.519650399684906
    ],
    "timestamp" : 235566930169,
    "userAcceleration" : [
      0.04112108051776886,
      -0.009250819683074951,
      -0.075259268283844
    ],
    "rotationMatrix" : [
      -0.8188066482543945,
      0.24280567467212677,
      -0.5201928019523621,
      -0.5687676668167114,
      -0.46598297357559204,
      0.677763044834137,
      -0.07783637940883636,
      0.8508259654045105,
      0.519650399684906
    ]
  },
  {
    "gravity" : [
      0.07728824019432068,
      -0.8528553247451782,
      -0.5163953900337219
    ],
    "timestamp" : 235566940190,
    "userAcceleration" : [
      0.02103935182094574,
      -0.016529381275177002,
      -0.0697251558303833
    ],
    "rotationMatrix" : [
      -0.817347526550293,
      0.24240128695964813,
      -0.5226705074310303,
      -0.5709372162818909,
      -0.4624707102775574,
      0.6783445477485657,
      -0.07728824019432068,
      0.852855384349823,
      0.5163953900337219
    ]
  },
  {
    "gravity" : [
      0.07737032324075699,
      -0.8547998666763306,
      -0.5131577849388123
    ],
    "timestamp" : 235566950212,
    "userAcceleration" : [
      0.004111558198928833,
      -0.020749330520629883,
      -0.033564627170562744
    ],
    "rotationMatrix" : [
      -0.8153527975082397,
      0.24195919930934906,
      -0.5259802341461182,
      -0.5737711191177368,
      -0.45909976959228516,
      0.6782431602478027,
      -0.07737033069133759,
      0.8547998666763306,
      0.5131577253341675
    ]
  },
  {
    "gravity" : [
      0.07805052399635315,
      -0.8562935590744019,
      -0.5105578303337097
    ],
    "timestamp" : 235566960233,
    "userAcceleration" : [
      -0.002992577850818634,
      -0.02490144968032837,
      0.024016141891479492
    ],
    "rotationMatrix" : [
      -0.8131169080734253,
      0.24164006114006042,
      -0.5295758247375488,
      -0.5768436193466187,
      -0.4564768075942993,
      0.6774068474769592,
      -0.07805050909519196,
      0.8562936186790466,
      0.5105578303337097
    ]
  },
  {
    "gravity" : [
      0.07894299179315567,
      -0.8572461009025574,
      -0.5088193416595459
    ],
    "timestamp" : 235566970254,
    "userAcceleration" : [
      -0.009851224720478058,
      -0.02764153480529785,
      0.0785520076751709
    ],
    "rotationMatrix" : [
      -0.8109633922576904,
      0.24161145091056824,
      -0.5328812599182129,
      -0.5797469615936279,
      -0.45470115542411804,
      0.6761215925216675,
      -0.07894298434257507,
      0.8572461605072021,
      0.5088193416595459
    ]
  },
  {
    "gravity" : [
      0.07971274852752686,
      -0.8578044176101685,
      -0.5077572464942932
    ],
    "timestamp" : 235566980276,
    "userAcceleration" : [
      -0.01861659437417984,
      -0.04264718294143677,
      0.09967625141143799
    ],
    "rotationMatrix" : [
      -0.8094157576560974,
      0.24160254001617432,
      -0.5352330803871155,
      -0.5818007588386536,
      -0.45365166664123535,
      0.6750615835189819,
      -0.07971274852752686,
      0.8578044176101685,
      0.5077572464942932
    ]
  },
  {
    "gravity" : [
      0.0802818313241005,
      -0.8582388758659363,
      -0.5069327354431152
    ],
    "timestamp" : 235566990297,
    "userAcceleration" : [
      -0.026906616985797882,
      -0.057685136795043945,
      0.08113622665405273
    ],
    "rotationMatrix" : [
      -0.8086574077606201,
      0.2412659227848053,
      -0.5365294218063354,
      -0.5827759504318237,
      -0.45300841331481934,
      0.6746520400047302,
      -0.0802818238735199,
      0.8582388758659363,
      0.5069327354431152
    ]
  },
  {
    "gravity" : [
      0.08070313930511475,
      -0.8587485551834106,
      -0.5060019493103027
    ],
    "timestamp" : 235567000319,
    "userAcceleration" : [
      -0.024444013833999634,
      -0.05639725923538208,
      0.040517330169677734
    ],
    "rotationMatrix" : [
      -0.8083678483963013,
      0.24060402810573578,
      -0.5372629761695862,
      -0.5831198692321777,
      -0.45239460468292236,
      0.6747670769691467,
      -0.08070315420627594,
      0.8587486147880554,
      0.5060020089149475
    ]
  },
  {
    "gravity" : [
      0.08115416020154953,
      -0.8594518899917603,
      -0.5047338604927063
    ],
    "timestamp" : 235567010340,
    "userAcceleration" : [
      -0.013267844915390015,
      -0.04270869493484497,
      -0.00439077615737915
    ],
    "rotationMatrix" : [
      -0.8082339763641357,
      0.23958703875541687,
      -0.5379174947738647,
      -0.5832419395446777,
      -0.4515971541404724,
      0.6751949787139893,
      -0.08115416765213013,
      0.8594518899917603,
      0.5047339200973511
    ]
  },
  {
    "gravity" : [
      0.08179228007793427,
      -0.8604148626327515,
      -0.5029873251914978
    ],
    "timestamp" : 235567020361,
    "userAcceleration" : [
      0.0038094818592071533,
      -0.02239757776260376,
      -0.04141581058502197
    ],
    "rotationMatrix" : [
      -0.8072230815887451,
      0.23881110548973083,
      -0.5397776365280151,
      -0.5845516920089722,
      -0.4501725137233734,
      0.6750138998031616,
      -0.08179226517677307,
      0.8604148626327515,
      0.5029873251914978
    ]
  },
  {
    "gravity" : [
      0.08265356719493866,
      -0.8615999817848206,
      -0.5008131861686707
    ],
    "timestamp" : 235567030383,
    "userAcceleration" : [
      0.019778631627559662,
      -0.008837580680847168,
      -0.053630173206329346
    ],
    "rotationMatrix" : [
      -0.8067764043807983,
      0.2371654361486435,
      -0.541169285774231,
      -0.5850470066070557,
      -0.4487738013267517,
      0.6755160689353943,
      -0.08265358209609985,
      0.8615999817848206,
      0.5008131861686707
    ]
  },
  {
    "gravity" : [
      0.08368828892707825,
      -0.8628655076026917,
      -0.4984568655490875
    ],
    "timestamp" : 235567040404,
    "userAcceleration" : [
      0.021551549434661865,
      -0.005863070487976074,
      -0.03199964761734009
    ],
    "rotationMatrix" : [
      -0.8049030303955078,
      0.23636288940906525,
      -0.5443006753921509,
      -0.587475061416626,
      -0.44676095247268677,
      0.6747424602508545,
      -0.08368828892707825,
      0.8628654479980469,
      0.4984568655490875
    ]
  },
  {
    "gravity" : [
      0.08468793332576752,
      -0.8641067147254944,
      -0.49613258242607117
    ],
    "timestamp" : 235567050426,
    "userAcceleration" : [
      0.0175153985619545,
      -0.00858914852142334,
      0.009072065353393555
    ],
    "rotationMatrix" : [
      -0.803459644317627,
      0.23526424169540405,
      -0.5469036102294922,
      -0.5893053412437439,
      -0.4449387192726135,
      0.6743507385253906,
      -0.08468793332576752,
      0.8641067743301392,
      0.49613261222839355
    ]
  },
  {
    "gravity" : [
      0.08557751029729843,
      -0.8653150796890259,
      -0.4938686490058899
    ],
    "timestamp" : 235567060447,
    "userAcceleration" : [
      0.004891805350780487,
      -0.022319138050079346,
      0.03404504060745239
    ],
    "rotationMatrix" : [
      -0.8022122979164124,
      0.23412363231182098,
      -0.549219012260437,
      -0.5908738374710083,
      -0.44318830966949463,
      0.6741306781768799,
      -0.08557751774787903,
      0.8653150796890259,
      0.4938686490058899
    ]
  },
  {
    "gravity" : [
      0.08633735775947571,
      -0.8665491342544556,
      -0.49156737327575684
    ],
    "timestamp" : 235567070469,
    "userAcceleration" : [
      -0.01051647961139679,
      -0.028943359851837158,
      0.038442373275756836
    ],
    "rotationMatrix" : [
      -0.8014148473739624,
      0.23270787298679352,
      -0.5509821176528931,
      -0.5918446779251099,
      -0.4415197968482971,
      0.674373984336853,
      -0.0863373726606369,
      0.8665491342544556,
      0.4915674030780792
    ]
  },
  {
    "gravity" : [
      0.08698657155036926,
      -0.8678679466247559,
      -0.4891202449798584
    ],
    "timestamp" : 235567080490,
    "userAcceleration" : [
      -0.015651777386665344,
      -0.022772371768951416,
      0.03198212385177612
    ],
    "rotationMatrix" : [
      -0.8008592128753662,
      0.23109397292137146,
      -0.5524674654006958,
      -0.5925015211105347,
      -0.4397737681865692,
      0.6749379634857178,
      -0.08698657155036926,
      0.8678679466247559,
      0.4891202449798584
    ]
  },
  {
    "gravity" : [
      0.08752859383821487,
      -0.8692638278007507,
      -0.4865378141403198
    ],
    "timestamp" : 235567090511,
    "userAcceleration" : [
      -0.014698438346385956,
      -0.013289213180541992,
      0.027126193046569824
    ],
    "rotationMatrix" : [
      -0.8004942536354065,
      0.2293262481689453,
      -0.5537312626838684,
      -0.5929144620895386,
      -0.43793803453445435,
      0.6757681965827942,
      -0.08752860128879547,
      0.8692638278007507,
      0.4865378141403198
    ]
  },
  {
    "gravity" : [
      0.0878940224647522,
      -0.8706701397895813,
      -0.48395058512687683
    ],
    "timestamp" : 235567100533,
    "userAcceleration" : [
      -0.003512963652610779,
      -0.0005456209182739258,
      0.03230565786361694
    ],
    "rotationMatrix" : [
      -0.8001910448074341,
      0.22763587534427643,
      -0.5548660159111023,
      -0.5932698249816895,
      -0.43602240085601807,
      0.6766945719718933,
      -0.087894007563591,
      0.8706701397895813,
      0.48395058512687683
    ]
  },
  {
    "gravity" : [
      0.0879388228058815,
      -0.8719963431358337,
      -0.4815484881401062
    ],
    "timestamp" : 235567110554,
    "userAcceleration" : [
      0.018079206347465515,
      0.005785524845123291,
      0.04269048571586609
    ],
    "rotationMatrix" : [
      -0.8000664710998535,
      0.22616344690322876,
      -0.555646538734436,
      -0.5934304594993591,
      -0.4341335594654083,
      0.677766740322113,
      -0.0879388153553009,
      0.8719963431358337,
      0.4815484881401062
    ]
  },
  {
    "gravity" : [
      0.08776874095201492,
      -0.8731852173805237,
      -0.4794207811355591
    ],
    "timestamp" : 235567120575,
    "userAcceleration" : [
      0.03816201537847519,
      0.005509376525878906,
      0.04384332895278931
    ],
    "rotationMatrix" : [
      -0.7999513149261475,
      0.22501620650291443,
      -0.5562785267829895,
      -0.5936115980148315,
      -0.4323371648788452,
      0.6787561774253845,
      -0.08776871860027313,
      0.8731852173805237,
      0.4794207811355591
    ]
  },
  {
    "gravity" : [
      0.08771856129169464,
      -0.8741886019706726,
      -0.47759774327278137
    ],
    "timestamp" : 235567130597,
    "userAcceleration" : [
      0.03351247310638428,
      0.003918945789337158,
      0.029569178819656372
    ],
    "rotationMatrix" : [
      -0.7995269298553467,
      0.2241990715265274,
      -0.5572172403335571,
      -0.5941900014877319,
      -0.4307304918766022,
      0.6792711019515991,
      -0.08771859109401703,
      0.8741886615753174,
      0.47759777307510376
    ]
  },
  {
    "gravity" : [
      0.08807573467493057,
      -0.8750097751617432,
      -0.47602584958076477
    ],
    "timestamp" : 235567140618,
    "userAcceleration" : [
      0.02053629606962204,
      0.004526376724243164,
      0.011426270008087158
    ],
    "rotationMatrix" : [
      -0.7985552549362183,
      0.2236386239528656,
      -0.5588337182998657,
      -0.5954427719116211,
      -0.42935261130332947,
      0.6790465712547302,
      -0.08807572722434998,
      0.8750097155570984,
      0.47602587938308716
    ]
  },
  {
    "gravity" : [
      0.08886231482028961,
      -0.875760555267334,
      -0.47449660301208496
    ],
    "timestamp" : 235567150640,
    "userAcceleration" : [
      0.013218924403190613,
      0.006726741790771484,
      -0.0008909702301025391
    ],
    "rotationMatrix" : [
      -0.7971825003623962,
      0.22307491302490234,
      -0.5610148906707764,
      -0.5971629619598389,
      -0.42811349034309387,
      0.6783179640769958,
      -0.08886231482028961,
      0.8757604956626892,
      0.47449663281440735
    ]
  },
  {
    "gravity" : [
      0.08994944393634796,
      -0.8765532374382019,
      -0.47282493114471436
    ],
    "timestamp" : 235567160661,
    "userAcceleration" : [
      0.00166427344083786,
      0.0034453868865966797,
      0.0030068159103393555
    ],
    "rotationMatrix" : [
      -0.7955977320671082,
      0.22234399616718292,
      -0.5635488033294678,
      -0.5991103649139404,
      -0.42686933279037476,
      0.6773841381072998,
      -0.08994947373867035,
      0.8765532970428467,
      0.47282493114471436
    ]
  },
  {
    "gravity" : [
      0.0910828486084938,
      -0.8774349689483643,
      -0.47096899151802063
    ],
    "timestamp" : 235567170683,
    "userAcceleration" : [
      0.0010191500186920166,
      -0.002646207809448242,
      0.018194973468780518
    ],
    "rotationMatrix" : [
      -0.7941784858703613,
      0.22133350372314453,
      -0.5659434199333191,
      -0.6008197665214539,
      -0.4255811870098114,
      0.6766802668571472,
      -0.09108282625675201,
      0.8774349093437195,
      0.47096896171569824
    ]
  },
  {
    "gravity" : [
      0.09197086095809937,
      -0.8784569501876831,
      -0.46888676285743713
    ],
    "timestamp" : 235567180704,
    "userAcceleration" : [
      0.01009511947631836,
      0.0040673017501831055,
      0.031600356101989746
    ],
    "rotationMatrix" : [
      -0.7925460934638977,
      0.22049546241760254,
      -0.5685529112815857,
      -0.6028366088867188,
      -0.4239046573638916,
      0.6759384870529175,
      -0.09197087585926056,
      0.8784569501876831,
      0.4688867926597595
    ]
  },
  {
    "gravity" : [
      0.09247300773859024,
      -0.8796828389167786,
      -0.4664832651615143
    ],
    "timestamp" : 235567190725,
    "userAcceleration" : [
      0.020411476492881775,
      0.014173924922943115,
      0.03838273882865906
    ],
    "rotationMatrix" : [
      -0.791205108165741,
      0.2195127010345459,
      -0.570796012878418,
      -0.6045185327529907,
      -0.4218670427799225,
      0.6757107973098755,
      -0.09247303009033203,
      0.8796828985214233,
      0.4664832651615143
    ]
  },
  {
    "gravity" : [
      0.09261070936918259,
      -0.881064236164093,
      -0.46384161710739136
    ],
    "timestamp" : 235567200747,
    "userAcceleration" : [
      0.02389010787010193,
      0.024390101432800293,
      0.04805487394332886
    ],
    "rotationMatrix" : [
      -0.7901197671890259,
      0.21845200657844543,
      -0.5727036595344543,
      -0.605915904045105,
      -0.41952890157699585,
      0.6759153008460999,
      -0.09261071681976318,
      0.881064236164093,
      0.46384161710739136
    ]
  },
  {
    "gravity" : [
      0.09259901195764542,
      -0.8824241757392883,
      -0.46125155687332153
    ],
    "timestamp" : 235567210768,
    "userAcceleration" : [
      0.029074519872665405,
      0.02950364351272583,
      0.06353121995925903
    ],
    "rotationMatrix" : [
      -0.7891196012496948,
      0.2174653857946396,
      -0.5744553804397583,
      -0.6072195172309875,
      -0.41717657446861267,
      0.6762011051177979,
      -0.09259900450706482,
      0.8824241161346436,
      0.46125155687332153
    ]
  },
  {
    "gravity" : [
      0.0926588773727417,
      -0.8835745453834534,
      -0.4590319097042084
    ],
    "timestamp" : 235567220790,
    "userAcceleration" : [
      0.023216307163238525,
      0.027037739753723145,
      0.08088859915733337
    ],
    "rotationMatrix" : [
      -0.7880611419677734,
      0.2167002111673355,
      -0.5761946439743042,
      -0.6085832715034485,
      -0.41513460874557495,
      0.6762316823005676,
      -0.0926588773727417,
      0.8835745453834534,
      0.459031879901886
    ]
  },
  {
    "gravity" : [
      0.09278082847595215,
      -0.8844118118286133,
      -0.4573919475078583
    ],
    "timestamp" : 235567230811,
    "userAcceleration" : [
      0.016533076763153076,
      0.026639044284820557,
      0.09862735867500305
    ],
    "rotationMatrix" : [
      -0.7870485782623291,
      0.21623019874095917,
      -0.5777531266212463,
      -0.6098736524581909,
      -0.41359400749206543,
      0.676013171672821,
      -0.09278082847595215,
      0.8844117522239685,
      0.45739197731018066
    ]
  },
  {
    "gravity" : [
      0.09290049225091934,
      -0.8849586844444275,
      -0.45630863308906555
    ],
    "timestamp" : 235567240832,
    "userAcceleration" : [
      0.013453222811222076,
      -0.005940914154052734,
      0.08440613746643066
    ],
    "rotationMatrix" : [
      -0.7862985134124756,
      0.2159431129693985,
      -0.578880786895752,
      -0.610822319984436,
      -0.41257303953170776,
      0.6757805943489075,
      -0.09290046989917755,
      0.8849586844444275,
      0.45630860328674316
    ]
  },
  {
    "gravity" : [
      0.09301534295082092,
      -0.8853024244308472,
      -0.4556179642677307
    ],
    "timestamp" : 235567250854,
    "userAcceleration" : [
      0.013338364660739899,
      -0.005597174167633057,
      0.08371549844741821
    ],
    "rotationMatrix" : [
      -0.7859073877334595,
      0.21567197144031525,
      -0.5795127153396606,
      -0.6113080382347107,
      -0.41197705268859863,
      0.675705075263977,
      -0.09301534295082092,
      0.8853024244308472,
      0.4556179642677307
    ]
  },
  {
    "gravity" : [
      0.09305191040039062,
      -0.8855353593826294,
      -0.45515748858451843
    ],
    "timestamp" : 235567260875,
    "userAcceleration" : [
      0.01330181211233139,
      -0.00536423921585083,
      0.08325505256652832
    ],
    "rotationMatrix" : [
      -0.7858499884605408,
      0.2153826355934143,
      -0.5796979665756226,
      -0.6113761067390442,
      -0.4116273820400238,
      0.6758564114570618,
      -0.09305192530155182,
      0.8855354189872742,
      0.45515748858451843
    ]
  },
  {
    "gravity" : [
      0.09302745014429092,
      -0.8857647180557251,
      -0.45471590757369995
    ],
    "timestamp" : 235567270897,
    "userAcceleration" : [
      0.011693567037582397,
      -0.009346246719360352,
      0.05623266100883484
    ],
    "rotationMatrix" : [
      -0.7860180139541626,
      0.21499818563461304,
      -0.5796127915382385,
      -0.6111637353897095,
      -0.41133469343185425,
      0.6762264966964722,
      -0.09302745759487152,
      0.8857647180557251,
      0.45471590757369995
    ]
  },
  {
    "gravity" : [
      0.09290625900030136,
      -0.8861115574836731,
      -0.45406457781791687
    ],
    "timestamp" : 235567280918,
    "userAcceleration" : [
      0.010578788816928864,
      -0.009777665138244629,
      0.02892419695854187
    ],
    "rotationMatrix" : [
      -0.7863437533378601,
      0.21444076299667358,
      -0.5793774127960205,
      -0.6107630133628845,
      -0.4108785092830658,
      0.6768656373023987,
      -0.09290625154972076,
      0.8861115574836731,
      0.45406457781791687
    ]
  },
  {
    "gravity" : [
      0.09257493913173676,
      -0.8866756558418274,
      -0.45302990078926086
    ],
    "timestamp" : 235567290939,
    "userAcceleration" : [
      0.019409269094467163,
      -0.005322575569152832,
      0.011013329029083252
    ],
    "rotationMatrix" : [
      -0.7868002653121948,
      0.21369799971580505,
      -0.5790321230888367,
      -0.6102253198623657,
      -0.41004782915115356,
      0.6778537034988403,
      -0.09257490932941437,
      0.8866755962371826,
      0.45302990078926086
    ]
  },
  {
    "gravity" : [
      0.09204323589801788,
      -0.8874706625938416,
      -0.45157912373542786
    ],
    "timestamp" : 235567300960,
    "userAcceleration" : [
      0.016339905560016632,
      -0.004817485809326172,
      0.006312429904937744
    ],
    "rotationMatrix" : [
      -0.7874137163162231,
      0.2127254754304886,
      -0.5785560011863708,
      -0.6095139384269714,
      -0.4088316559791565,
      0.679226815700531,
      -0.09204323589801788,
      0.8874706625938416,
      0.45157912373542786
    ]
  },
  {
    "gravity" : [
      0.0914197787642479,
      -0.8883798718452454,
      -0.44991499185562134
    ],
    "timestamp" : 235567310981,
    "userAcceleration" : [
      0.007838599383831024,
      -0.008516430854797363,
      0.019327223300933838
    ],
    "rotationMatrix" : [
      -0.7881650924682617,
      0.2115916758775711,
      -0.5779485702514648,
      -0.608636200428009,
      -0.40744319558143616,
      0.6808464527130127,
      -0.0914197713136673,
      0.8883799314498901,
      0.44991499185562134
    ]
  },
  {
    "gravity" : [
      0.09091681241989136,
      -0.8892332315444946,
      -0.44832843542099
    ],
    "timestamp" : 235567321003,
    "userAcceleration" : [
      -0.002400606870651245,
      -0.012332260608673096,
      0.03566974401473999
    ],
    "rotationMatrix" : [
      -0.7891565561294556,
      0.21026401221752167,
      -0.5770798921585083,
      -0.6074259281158447,
      -0.4062676429748535,
      0.6826276183128357,
      -0.09091681241989136,
      0.8892332911491394,
      0.44832843542099
    ]
  },
  {
    "gravity" : [
      0.09058903157711029,
      -0.8898593187332153,
      -0.4471510946750641
    ],
    "timestamp" : 235567331024,
    "userAcceleration" : [
      0.0021691173315048218,
      -0.007937312126159668,
      0.0583266019821167
    ],
    "rotationMatrix" : [
      -0.7901664972305298,
      0.20906449854373932,
      -0.5761327743530273,
      -0.6061605215072632,
      -0.4055151343345642,
      0.6841980218887329,
      -0.09058903157711029,
      0.8898593187332153,
      0.4471510648727417
    ]
  },
  {
    "gravity" : [
      0.09036849439144135,
      -0.8901984095573425,
      -0.44652003049850464
    ],
    "timestamp" : 235567341045,
    "userAcceleration" : [
      0.004113875329494476,
      -0.01086348295211792,
      0.08075162768363953
    ],
    "rotationMatrix" : [
      -0.7911956906318665,
      0.2081284075975418,
      -0.5750578045845032,
      -0.604849100112915,
      -0.40525171160697937,
      0.6855131387710571,
      -0.09036852419376373,
      0.8901984691619873,
      0.446520060300827
    ]
  },
  {
    "gravity" : [
      0.09010139852762222,
      -0.8903121948242188,
      -0.4463472366333008
    ],
    "timestamp" : 235567351067,
    "userAcceleration" : [
      0.00830250233411789,
      -0.029853761196136475,
      0.07467365264892578
    ],
    "rotationMatrix" : [
      -0.7926061153411865,
      0.2072662115097046,
      -0.5734248161315918,
      -0.6030398607254028,
      -0.4054439067840576,
      0.6869920492172241,
      -0.09010139107704163,
      0.8903121948242188,
      0.4463472366333008
    ]
  },
  {
    "gravity" : [
      0.089781254529953,
      -0.8903355598449707,
      -0.4463651478290558
    ],
    "timestamp" : 235567361088,
    "userAcceleration" : [
      0.008622638881206512,
      -0.02983039617538452,
      0.07469156384468079
    ],
    "rotationMatrix" : [
      -0.7943660616874695,
      0.2063266634941101,
      -0.5713242888450623,
      -0.6007673740386963,
      -0.4058714210987091,
      0.6887282133102417,
      -0.08978123962879181,
      0.8903355598449707,
      0.4463651478290558
    ]
  },
  {
    "gravity" : [
      0.08946511894464493,
      -0.8903802633285522,
      -0.44633933901786804
    ],
    "timestamp" : 235567371110,
    "userAcceleration" : [
      0.01754472404718399,
      -0.029465198516845703,
      0.04860374331474304
    ],
    "rotationMatrix" : [
      -0.7963193655014038,
      0.20521976053714752,
      -0.5689988136291504,
      -0.5982230305671692,
      -0.4063340425491333,
      0.6906672716140747,
      -0.08946512639522552,
      0.8903802633285522,
      0.44633933901786804
    ]
  },
  {
    "gravity" : [
      0.089163638651371,
      -0.8905138969421387,
      -0.44613322615623474
    ],
    "timestamp" : 235567381131,
    "userAcceleration" : [
      0.01934158056974411,
      -0.022862017154693604,
      0.029385149478912354
    ],
    "rotationMatrix" : [
      -0.7983154058456421,
      0.20395219326019287,
      -0.5666534900665283,
      -0.5956026315689087,
      -0.4066799283027649,
      0.6927257776260376,
      -0.0891636312007904,
      0.8905138969421387,
      0.44613322615623474
    ]
  },
  {
    "gravity" : [
      0.08891294151544571,
      -0.8907461166381836,
      -0.44571927189826965
    ],
    "timestamp" : 235567391152,
    "userAcceleration" : [
      0.018875084817409515,
      -0.02406400442123413,
      0.021814852952957153
    ],
    "rotationMatrix" : [
      -0.8002141714096069,
      0.20257513225078583,
      -0.5644641518592834,
      -0.5930859446525574,
      -0.40685880184173584,
      0.6947764754295349,
      -0.0889129489660263,
      0.8907460570335388,
      0.44571924209594727
    ]
  },
  {
    "gravity" : [
      0.0888141468167305,
      -0.8910513520240784,
      -0.4451286196708679
    ],
    "timestamp" : 235567401174,
    "userAcceleration" : [
      0.019095972180366516,
      -0.018921732902526855,
      0.01559370756149292
    ],
    "rotationMatrix" : [
      -0.8018635511398315,
      0.20114168524742126,
      -0.562633752822876,
      -0.5908695459365845,
      -0.4069022536277771,
      0.6966374516487122,
      -0.08881416916847229,
      0.8910513520240784,
      0.4451286196708679
    ]
  },
  {
    "gravity" : [
      0.08896461874246597,
      -0.8913758993148804,
      -0.44444817304611206
    ],
    "timestamp" : 235567411195,
    "userAcceleration" : [
      0.01786210387945175,
      -0.016583025455474854,
      0.02109307050704956
    ],
    "rotationMatrix" : [
      -0.8031737208366394,
      0.19969674944877625,
      -0.5612779259681702,
      -0.5890644788742065,
      -0.40690290927886963,
      0.6981639266014099,
      -0.08896464109420776,
      0.8913759589195251,
      0.44444817304611206
    ]
  },
  {
    "gravity" : [
      0.08920903503894806,
      -0.8916438221931458,
      -0.4438615143299103
    ],
    "timestamp" : 235567421217,
    "userAcceleration" : [
      0.01912834495306015,
      -0.014499306678771973,
      0.047560274600982666
    ],
    "rotationMatrix" : [
      -0.8043997287750244,
      0.19829711318016052,
      -0.5600172281265259,
      -0.5873523950576782,
      -0.40700072050094604,
      0.6995482444763184,
      -0.08920904994010925,
      0.8916438817977905,
      0.4438615143299103
    ]
  },
  {
    "gravity" : [
      0.08928753435611725,
      -0.8918641805648804,
      -0.4434027075767517
    ],
    "timestamp" : 235567431238,
    "userAcceleration" : [
      0.02846451848745346,
      -0.012127459049224854,
      0.07510131597518921
    ],
    "rotationMatrix" : [
      -0.8055922985076904,
      0.19712276756763458,
      -0.5587158203125,
      -0.585703432559967,
      -0.40708810091018677,
      0.7008785009384155,
      -0.08928751945495605,
      0.8918641805648804,
      0.4434026777744293
    ]
  },
  {
    "gravity" : [
      0.08882680535316467,
      -0.8921220302581787,
      -0.44297629594802856
    ],
    "timestamp" : 235567441259,
    "userAcceleration" : [
      0.03544072061777115,
      -0.005613505840301514,
      0.09260398149490356
    ],
    "rotationMatrix" : [
      -0.8072358965873718,
      0.19605752825737,
      -0.5567148327827454,
      -0.5835064649581909,
      -0.40703749656677246,
      0.7027378678321838,
      -0.08882682025432587,
      0.8921220898628235,
      0.44297629594802856
    ]
  },
  {
    "gravity" : [
      0.08762861788272858,
      -0.8925518989562988,
      -0.44234874844551086
    ],
    "timestamp" : 235567451281,
    "userAcceleration" : [
      0.029589369893074036,
      -0.011867046356201172,
      0.08880257606506348
    ],
    "rotationMatrix" : [
      -0.8096193671226501,
      0.19490306079387665,
      -0.5536511540412903,
      -0.580377459526062,
      -0.4066498875617981,
      0.7055480480194092,
      -0.08762861788272858,
      0.8925518989562988,
      0.4423487186431885
    ]
  },
  {
    "gravity" : [
      0.08579956740140915,
      -0.8932155966758728,
      -0.44136619567871094
    ],
    "timestamp" : 235567461302,
    "userAcceleration" : [
      0.026840776205062866,
      -0.021167218685150146,
      0.07117274403572083
    ],
    "rotationMatrix" : [
      -0.8126256465911865,
      0.19356627762317657,
      -0.5497009754180908,
      -0.5764352083206177,
      -0.40582945942878723,
      0.7092422246932983,
      -0.08579955995082855,
      0.8932156562805176,
      0.44136619567871094
    ]
  },
  {
    "gravity" : [
      0.08374415338039398,
      -0.8940401673316956,
      -0.4400898218154907
    ],
    "timestamp" : 235567471324,
    "userAcceleration" : [
      0.026302173733711243,
      -0.020571589469909668,
      0.05218091607093811
    ],
    "rotationMatrix" : [
      -0.8159052729606628,
      0.192029669880867,
      -0.5453649759292603,
      -0.5720885396003723,
      -0.40474265813827515,
      0.7133708596229553,
      -0.08374415338039398,
      0.8940401673316956,
      0.4400898218154907
    ]
  },
  {
    "gravity" : [
      0.08182410150766373,
      -0.8948635458946228,
      -0.43877559900283813
    ],
    "timestamp" : 235567481345,
    "userAcceleration" : [
      0.019326359033584595,
      -0.013385295867919922,
      0.036660730838775635
    ],
    "rotationMatrix" : [
      -0.8189784288406372,
      0.19051583111286163,
      -0.5412741899490356,
      -0.567960262298584,
      -0.40363696217536926,
      0.7172852754592896,
      -0.08182410895824432,
      0.894863486289978,
      0.43877559900283813
    ]
  },
  {
    "gravity" : [
      0.08035208284854889,
      -0.8955802917480469,
      -0.43758368492126465
    ],
    "timestamp" : 235567491366,
    "userAcceleration" : [
      0.01710578054189682,
      -0.00864022970199585,
      0.03079962730407715
    ],
    "rotationMatrix" : [
      -0.8216099143028259,
      0.18905021250247955,
      -0.5377890467643738,
      -0.5643585920333862,
      -0.40273553133010864,
      0.7206270694732666,
      -0.0803520679473877,
      0.8955802917480469,
      0.43758368492126465
    ]
  },
  {
    "gravity" : [
      0.07944393903017044,
      -0.8960960507392883,
      -0.4366928040981293
    ],
    "timestamp" : 235567501388,
    "userAcceleration" : [
      0.01302427053451538,
      -0.0055457353591918945,
      0.030274927616119385
    ],
    "rotationMatrix" : [
      -0.8237854242324829,
      0.18765877187252045,
      -0.5349411964416504,
      -0.5613079071044922,
      -0.4022391140460968,
      0.7232823967933655,
      -0.07944396138191223,
      0.8960960507392883,
      0.4366928040981293
    ]
  },
  {
    "gravity" : [
      0.07897024601697922,
      -0.8963884711265564,
      -0.4361778795719147
    ],
    "timestamp" : 235567511409,
    "userAcceleration" : [
      0.006784103810787201,
      -0.0018199682235717773,
      0.03941887617111206
    ],
    "rotationMatrix" : [
      -0.8255484104156494,
      0.18645018339157104,
      -0.5326398611068726,
      -0.5587777495384216,
      -0.40214836597442627,
      0.7252883911132812,
      -0.07897023856639862,
      0.8963884115219116,
      0.4361778795719147
    ]
  },
  {
    "gravity" : [
      0.07873162627220154,
      -0.8965641260147095,
      -0.43586012721061707
    ],
    "timestamp" : 235567521431,
    "userAcceleration" : [
      0.007816195487976074,
      -0.009533226490020752,
      0.03495073318481445
    ],
    "rotationMatrix" : [
      -0.8272296786308289,
      0.18523359298706055,
      -0.5304521918296814,
      -0.5563203692436218,
      -0.4023197889328003,
      0.7270807027816772,
      -0.07873161137104034,
      0.8965641260147095,
      0.4358600974082947
    ]
  },
  {
    "gravity" : [
      0.07859262824058533,
      -0.8968055248260498,
      -0.4353882074356079
    ],
    "timestamp" : 235567531452,
    "userAcceleration" : [
      0.007909409701824188,
      -0.01179426908493042,
      0.01676332950592041
    ],
    "rotationMatrix" : [
      -0.8289142847061157,
      0.18384122848510742,
      -0.528302013874054,
      -0.5538265109062195,
      -0.4024200141429901,
      0.7289265394210815,
      -0.07859261333942413,
      0.8968055248260498,
      0.4353882074356079
    ]
  },
  {
    "gravity" : [
      0.0785013884305954,
      -0.8972938060760498,
      -0.4343975782394409
    ],
    "timestamp" : 235567541474,
    "userAcceleration" : [
      0.008794121444225311,
      -0.00540083646774292,
      -0.008122563362121582
    ],
    "rotationMatrix" : [
      -0.8305932283401489,
      0.18210767209529877,
      -0.5262618064880371,
      -0.5513185858726501,
      -0.40211987495422363,
      0.7309905290603638,
      -0.0785013735294342,
      0.8972938060760498,
      0.4343975782394409
    ]
  },
  {
    "gravity" : [
      0.07846394181251526,
      -0.8981283903121948,
      -0.4326760768890381
    ],
    "timestamp" : 235567551495,
    "userAcceleration" : [
      0.011944331228733063,
      0.003124237060546875,
      -0.024492472410202026
    ],
    "rotationMatrix" : [
      -0.8321674466133118,
      0.17997968196868896,
      -0.5245035290718079,
      -0.5489444732666016,
      -0.4012133479118347,
      0.733271598815918,
      -0.07846392691135406,
      0.8981283903121948,
      0.4326760768890381
    ]
  },
  {
    "gravity" : [
      0.0786159560084343,
      -0.89925616979599,
      -0.4302997887134552
    ],
    "timestamp" : 235567561516,
    "userAcceleration" : [
      0.023892544209957123,
      0.022043704986572266,
      -0.03167533874511719
    ],
    "rotationMatrix" : [
      -0.833361804485321,
      0.17760318517684937,
      -0.5234171152114868,
      -0.5471086502075195,
      -0.3997443616390228,
      0.7354431748390198,
      -0.0786159336566925,
      0.89925616979599,
      0.4302997291088104
    ]
  },
  {
    "gravity" : [
      0.07902637869119644,
      -0.9004210233688354,
      -0.42778125405311584
    ],
    "timestamp" : 235567571538,
    "userAcceleration" : [
      0.033903881907463074,
      0.033508241176605225,
      -0.011855006217956543
    ],
    "rotationMatrix" : [
      -0.8340896964073181,
      0.1752856969833374,
      -0.523038387298584,
      -0.5459387302398682,
      -0.3981417417526245,
      0.7371797561645508,
      -0.07902637124061584,
      0.9004210233688354,
      0.42778128385543823
    ]
  },
  {
    "gravity" : [
      0.07952944189310074,
      -0.9013590216636658,
      -0.42570754885673523
    ],
    "timestamp" : 235567581559,
    "userAcceleration" : [
      0.04272393137216568,
      0.03313398361206055,
      0.03760021924972534
    ],
    "rotationMatrix" : [
      -0.8345072865486145,
      0.17338238656520844,
      -0.5230063796043396,
      -0.5452266931533813,
      -0.3968503177165985,
      0.7384018898010254,
      -0.07952941954135895,
      0.901358962059021,
      0.42570754885673523
    ]
  },
  {
    "gravity" : [
      0.07987817376852036,
      -0.9019940495491028,
      -0.4242948591709137
    ],
    "timestamp" : 235567591581,
    "userAcceleration" : [
      0.05282747745513916,
      0.02157723903656006,
      0.07648605108261108
    ],
    "rotationMatrix" : [
      -0.8348479270935059,
      0.17204123735427856,
      -0.5229059457778931,
      -0.5446543097496033,
      -0.39599043130874634,
      0.7392855882644653,
      -0.07987819612026215,
      0.9019941091537476,
      0.4242948889732361
    ]
  },
  {
    "gravity" : [
      0.07986650615930557,
      -0.9024522304534912,
      -0.42332157492637634
    ],
    "timestamp" : 235567601602,
    "userAcceleration" : [
      0.05126749724149704,
      0.013795673847198486,
      0.09054270386695862
    ],
    "rotationMatrix" : [
      -0.8354719281196594,
      0.17103266716003418,
      -0.5222392082214355,
      -0.5436978340148926,
      -0.39538252353668213,
      0.7403140068054199,
      -0.07986649870872498,
      0.9024522304534912,
      0.42332154512405396
    ]
  },
  {
    "gravity" : [
      0.07947264611721039,
      -0.9029108285903931,
      -0.4224167466163635
    ],
    "timestamp" : 235567611623,
    "userAcceleration" : [
      0.04429134726524353,
      0.005785703659057617,
      0.07433328032493591
    ],
    "rotationMatrix" : [
      -0.836453914642334,
      0.1701059490442276,
      -0.5209684371948242,
      -0.5422437191009521,
      -0.3947347402572632,
      0.7417248487472534,
      -0.07947266101837158,
      0.9029108285903931,
      0.4224168062210083
    ]
  },
  {
    "gravity" : [
      0.07882991433143616,
      -0.90350741147995,
      -0.4212603271007538
    ],
    "timestamp" : 235567621645,
    "userAcceleration" : [
      0.03693847358226776,
      0.0055277347564697266,
      0.04783201217651367
    ],
    "rotationMatrix" : [
      -0.8375900983810425,
      0.16912077367305756,
      -0.5194625854492188,
      -0.5405821204185486,
      -0.3937927782535553,
      0.7434369325637817,
      -0.07882991433143616,
      0.9035074710845947,
