[
  {
    "userAcceleration" : [
      -0.06501954793930054,
      -0.04062998294830322,
      -0.04179424047470093
    ],
    "gravity" : [
      0.03972041234374046,
      -0.7672464847564697,
      -0.6401210427284241
    ],
    "timestamp" : 235506714830,
    "rotationMatrix" : [
      0.6514768600463867,
      0.5056252479553223,
      -0.5656154751777649,
      -0.7576279640197754,
      0.3945576250553131,
      -0.519926905632019,
      -0.03972041606903076,
      0.7672464847564697,
      0.6401211023330688
    ]
  },
  {
    "userAcceleration" : [
      -0.04713846743106842,
      -0.007436990737915039,
      -0.021893560886383057
    ],
    "gravity" : [
      0.03693028539419174,
      -0.7665802240371704,
      -0.6410856246948242
    ],
    "timestamp" : 235506724851,
    "rotationMatrix" : [
      0.6485037207603455,
      0.5064769387245178,
      -0.5682640075683594,
      -0.7603151202201843,
      0.39476025104522705,
      -0.5158344507217407,
      -0.03693026304244995,
      0.7665802240371704,
      0.6410856246948242
    ]
  },
  {
    "userAcceleration" : [
      -0.015504546463489532,
      0.008377909660339355,
      0.0005306005477905273
    ],
    "gravity" : [
      0.03540194779634476,
      -0.7653663158416748,
      -0.6426204442977905
    ],
    "timestamp" : 235506734872,
    "rotationMatrix" : [
      0.6467320322990417,
      0.5077692866325378,
      -0.5691291093826294,
      -0.7618952393531799,
      0.39545494318008423,
      -0.5129628777503967,
      -0.03540194034576416,
      0.76536625623703,
      0.6426204442977905
    ]
  },
  {
    "userAcceleration" : [
      -0.01572100818157196,
      0.006298065185546875,
      0.002987682819366455
    ],
    "gravity" : [
      0.03561840578913689,
      -0.7632864117622375,
      -0.6450775265693665
    ],
    "timestamp" : 235506744894,
    "rotationMatrix" : [
      0.6461503505706787,
      0.5100071430206299,
      -0.5677871704101562,
      -0.762378454208374,
      0.3965934216976166,
      -0.5113633871078491,
      -0.03561839461326599,
      0.7632864713668823,
      0.6450775265693665
    ]
  },
  {
    "userAcceleration" : [
      -0.004984315484762192,
      0.01851266622543335,
      0.01821368932723999
    ],
    "gravity" : [
      0.037607546895742416,
      -0.7603948712348938,
      -0.648371160030365
    ],
    "timestamp" : 235506754915,
    "rotationMatrix" : [
      0.6477311253547668,
      0.5126195549964905,
      -0.5636181831359863,
      -0.7609401345252991,
      0.3987739086151123,
      -0.5118097066879272,
      -0.037607550621032715,
      0.760394811630249,
      0.6483712196350098
    ]
  },
  {
    "userAcceleration" : [
      -0.008204557001590729,
      0.01505279541015625,
      0.02205604314804077
    ],
    "gravity" : [
      0.04082780331373215,
      -0.7569350004196167,
      -0.6522135138511658
    ],
    "timestamp" : 235506764936,
    "rotationMatrix" : [
      0.6500582695007324,
      0.5158401727676392,
      -0.5579723119735718,
      -0.758786678314209,
      0.4011960029602051,
      -0.5131125450134277,
      -0.04082784056663513,
      0.7569350004196167,
      0.652213454246521
    ]
  },
  {
    "userAcceleration" : [
      0.0013902783393859863,
      0.022833824157714844,
      0.036273300647735596
    ],
    "gravity" : [
      0.04447758197784424,
      -0.7533482909202576,
      -0.6561158895492554
    ],
    "timestamp" : 235506774957,
    "rotationMatrix" : [
      0.6530449986457825,
      0.5189396142959595,
      -0.5515739917755127,
      -0.7560118436813354,
      0.4039405584335327,
      -0.5150514841079712,
      -0.04447755217552185,
      0.7533482313156128,
      0.6561158895492554
    ]
  },
  {
    "userAcceleration" : [
      -0.02678588405251503,
      0.008482158184051514,
      0.0471186637878418
    ],
    "gravity" : [
      0.04765985161066055,
      -0.7502728700637817,
      -0.6594081521034241
    ],
    "timestamp" : 235506784979,
    "rotationMatrix" : [
      0.6555107235908508,
      0.5216074585914612,
      -0.5461055636405945,
      -0.753680408000946,
      0.40622180700302124,
      -0.5166715979576111,
      -0.047659873962402344,
      0.750272810459137,
      0.6594081521034241
    ]
  },
  {
    "userAcceleration" : [
      -0.08520597219467163,
      -0.033526599407196045,
      0.03390145301818848
    ],
    "gravity" : [
      0.04974450543522835,
      -0.7484862804412842,
      -0.6612818837165833
    ],
    "timestamp" : 235506795000,
    "rotationMatrix" : [
      0.6568498611450195,
      0.5232856869697571,
      -0.5428813695907593,
      -0.7523786425590515,
      0.4073575437068939,
      -0.5176737308502197,
      -0.049744486808776855,
      0.7484862804412842,
      0.6612818241119385
    ]
  },
  {
    "userAcceleration" : [
      -0.104947030544281,
      -0.059034764766693115,
      0.014824092388153076
    ],
    "gravity" : [
      0.05039680749177933,
      -0.7483381628990173,
      -0.6614000797271729
    ],
    "timestamp" : 235506805021,
    "rotationMatrix" : [
      0.6569107174873352,
      0.5236639976501465,
      -0.542442798614502,
      -0.7522820234298706,
      0.40714341402053833,
      -0.5179822444915771,
      -0.05039680004119873,
      0.7483381032943726,
      0.6614000797271729
    ]
  },
  {
    "userAcceleration" : [
      -0.06790395081043243,
      -0.031033992767333984,
      0.02683436870574951
    ],
    "gravity" : [
      0.04951706901192665,
      -0.7493919134140015,
      -0.6602725386619568
    ],
    "timestamp" : 235506815042,
    "rotationMatrix" : [
      0.6561437249183655,
      0.5228214859962463,
      -0.5441811680793762,
      -0.7530096173286438,
      0.40628740191459656,
      -0.5175974369049072,
      -0.04951709508895874,
      0.7493919134140015,
      0.660272479057312
    ]
  },
  {
    "userAcceleration" : [
      0.0013379231095314026,
      0.017669677734375,
      0.07017314434051514
    ],
    "gravity" : [
      0.04726128280162811,
      -0.7508086562156677,
      -0.6588267683982849
    ],
    "timestamp" : 235506825063,
    "rotationMatrix" : [
      0.6552820205688477,
      0.5211083889007568,
      -0.5468559265136719,
      -0.7539043426513672,
      0.40587225556373596,
      -0.5166196227073669,
      -0.04726126790046692,
      0.7508086562156677,
      0.6588267683982849
    ]
  },
  {
    "userAcceleration" : [
      0.04778929799795151,
      0.043186724185943604,
      0.111439049243927
    ],
    "gravity" : [
      0.044175371527671814,
      -0.751926839351654,
      -0.6577647924423218
    ],
    "timestamp" : 235506835085,
    "rotationMatrix" : [
      0.6547303199768066,
      0.5190908908843994,
      -0.5494295954704285,
      -0.7545706033706665,
      0.4063872694969177,
      -0.5152403116226196,
      -0.04417538642883301,
      0.7519268989562988,
      0.6577647924423218
    ]
  },
  {
    "userAcceleration" : [
      0.050659578293561935,
      0.03955543041229248,
      0.12592869997024536
    ],
    "gravity" : [
      0.040923625230789185,
      -0.7523697018623352,
      -0.6574686765670776
    ],
    "timestamp" : 235506845106,
    "rotationMatrix" : [
      0.6547197103500366,
      0.5172580480575562,
      -0.5511680841445923,
      -0.754763126373291,
      0.40790191292762756,
      -0.5137593746185303,
      -0.040923625230789185,
      0.75236976146698,
      0.6574686765670776
    ]
  },
  {
    "userAcceleration" : [
      0.023526165634393692,
      0.017886459827423096,
      0.1304619312286377
    ],
    "gravity" : [
      0.038027748465538025,
      -0.7519867420196533,
      -0.6580803394317627
    ],
    "timestamp" : 235506855127,
    "rotationMatrix" : [
      0.6551222801208496,
      0.5160448551177979,
      -0.5518264174461365,
      -0.7545651197433472,
      0.41013842821121216,
      -0.5122672319412231,
      -0.03802776336669922,
      0.7519867420196533,
      0.6580803394317627
    ]
  },
  {
    "userAcceleration" : [
      -0.01243087649345398,
      -0.016254723072052002,
      0.12191545963287354
    ],
    "gravity" : [
      0.0359446257352829,
      -0.750819742679596,
      -0.659528374671936
    ],
    "timestamp" : 235506865148,
    "rotationMatrix" : [
      0.6557844281196594,
      0.5157096982002258,
      -0.5513532161712646,
      -0.7540920376777649,
      0.41269025206565857,
      -0.5109128355979919,
      -0.035944610834121704,
      0.750819742679596,
      0.659528374671936
    ]
  },
  {
    "userAcceleration" : [
      -0.04252076894044876,
      -0.040217578411102295,
      0.10052675008773804
    ],
    "gravity" : [
      0.03489133343100548,
      -0.7489973902702332,
      -0.6616535186767578
    ],
    "timestamp" : 235506875169,
    "rotationMatrix" : [
      0.6567568778991699,
      0.5162118077278137,
      -0.5497232675552368,
      -0.7532946467399597,
      0.41536492109298706,
      -0.5099204182624817,
      -0.034891337156295776,
      0.7489973902702332,
      0.6616535186767578
    ]
  },
  {
    "userAcceleration" : [
      -0.049770597368478775,
      -0.04351896047592163,
      0.08441579341888428
    ],
    "gravity" : [
      0.0346643440425396,
      -0.7467336654663086,
      -0.664219319820404
    ],
    "timestamp" : 235506885191,
    "rotationMatrix" : [
      0.6576976180076599,
      0.5174607634544373,
      -0.5474196672439575,
      -0.7524840235710144,
      0.41787949204444885,
      -0.5090624094009399,
      -0.03466436266899109,
      0.7467336654663086,
      0.6642192602157593
    ]
  },
  {
    "userAcceleration" : [
      -0.058486297726631165,
      -0.04873979091644287,
      0.06372517347335815
    ],
    "gravity" : [
      0.03491142392158508,
      -0.7444882988929749,
      -0.6667220592498779
    ],
    "timestamp" : 235506895212,
    "rotationMatrix" : [
      0.6584882736206055,
      0.518976092338562,
      -0.5450292825698853,
      -0.7517807483673096,
      0.42000091075897217,
      -0.508354902267456,
      -0.03491142392158508,
      0.7444882392883301,
      0.6667220592498779
    ]
  },
  {
    "userAcceleration" : [
      -0.06438979506492615,
      -0.06002318859100342,
      0.034506380558013916
    ],
    "gravity" : [
      0.035245463252067566,
      -0.742772102355957,
      -0.6686159372329712
    ],
    "timestamp" : 235506905233,
    "rotationMatrix" : [
      0.6589842438697815,
      0.5202494859695435,
      -0.5432127714157104,
      -0.7513303756713867,
      0.4214615821838379,
      -0.507811427116394,
      -0.03524544835090637,
      0.742772102355957,
      0.6686159372329712
    ]
  },
  {
    "userAcceleration" : [
      -0.04661186411976814,
      -0.056148648262023926,
      0.012754440307617188
    ],
    "gravity" : [
      0.03564075008034706,
      -0.7416875958442688,
      -0.6697980165481567
    ],
    "timestamp" : 235506915254,
    "rotationMatrix" : [
      0.659335732460022,
      0.5211116671562195,
      -0.5419585704803467,
      -0.7510034441947937,
      0.4223059415817261,
      -0.5075939893722534,
      -0.035640716552734375,
      0.741687536239624,
      0.669797956943512
    ]
  },
  {
    "userAcceleration" : [
      -0.037168920040130615,
      -0.03669089078903198,
      0.013954877853393555
    ],
    "gravity" : [
      0.036360155791044235,
      -0.7409121990203857,
      -0.670616865158081
    ],
    "timestamp" : 235506925275,
    "rotationMatrix" : [
      0.6599259376525879,
      0.5217325687408447,
      -0.5406410694122314,
      -0.7504502534866333,
      0.4228997230529785,
      -0.5079175233840942,
      -0.03636011481285095,
      0.7409121990203857,
      0.670616865158081
    ]
  },
  {
    "userAcceleration" : [
      -0.030223585665225983,
      -0.011002838611602783,
      0.03795427083969116
    ],
    "gravity" : [
      0.0374256931245327,
      -0.7400041222572327,
      -0.6715602278709412
    ],
    "timestamp" : 235506935297,
    "rotationMatrix" : [
      0.6611546277999878,
      0.5222527980804443,
      -0.5386338829994202,
      -0.7493155002593994,
      0.42384645342826843,
      -0.5088027715682983,
      -0.037425696849823,
      0.7400040626525879,
      0.6715602874755859
    ]
  },
  {
    "userAcceleration" : [
      -0.011859316378831863,
      0.002384960651397705,
      0.07783818244934082
    ],
    "gravity" : [
      0.03859266638755798,
      -0.7386977076530457,
      -0.6729310154914856
    ],
    "timestamp" : 235506945318,
    "rotationMatrix" : [
      0.6628454923629761,
      0.5228668451309204,
      -0.5359534025192261,
      -0.7477608919143677,
      0.4253654181957245,
      -0.5098212361335754,
      -0.03859266638755798,
      0.7386977076530457,
      0.6729310154914856
    ]
  },
  {
    "userAcceleration" : [
      -0.0043157972395420074,
      0.0010558366775512695,
      0.12334907054901123
    ],
    "gravity" : [
      0.039258360862731934,
      -0.7369260787963867,
      -0.6748323440551758
    ],
    "timestamp" : 235506955339,
    "rotationMatrix" : [
      0.6644266247749329,
      0.5236712694168091,
      -0.5332031846046448,
      -0.7463216781616211,
      0.42744389176368713,
      -0.510191798210144,
      -0.039258360862731934,
      0.7369260787963867,
      0.6748323440551758
    ]
  },
  {
    "userAcceleration" : [
      -0.0004027746617794037,
      -0.0196111798286438,
      0.15772497653961182
    ],
    "gravity" : [
      0.038839615881443024,
      -0.7348901033401489,
      -0.6770731806755066
    ],
    "timestamp" : 235506965360,
    "rotationMatrix" : [
      0.6653419137001038,
      0.524558961391449,
      -0.5311855673789978,
      -0.7455278038978577,
      0.4298541247844696,
      -0.5093268156051636,
      -0.03883962333202362,
      0.7348901033401489,
      0.6770731806755066
    ]
  },
  {
    "userAcceleration" : [
      -0.003552049398422241,
      -0.045987606048583984,
      0.14299142360687256
    ],
    "gravity" : [
      0.037304431200027466,
      -0.7330039739608765,
      -0.6792005896568298
    ],
    "timestamp" : 235506975381,
    "rotationMatrix" : [
      0.665533185005188,
      0.5252295732498169,
      -0.5302823781967163,
      -0.745435357093811,
      0.43224865198135376,
      -0.5074318647384644,
      -0.03730444610118866,
      0.7330039739608765,
      0.6792005896568298
    ]
  },
  {
    "userAcceleration" : [
      -0.01680143177509308,
      -0.04211658239364624,
      0.09342509508132935
    ],
    "gravity" : [
      0.0349898487329483,
      -0.731564998626709,
      -0.6808732748031616
    ],
    "timestamp" : 235506985403,
    "rotationMatrix" : [
      0.6651424169540405,
      0.5255301594734192,
      -0.5304749011993408,
      -0.7458962798118591,
      0.4343164563179016,
      -0.504983127117157,
      -0.03498987853527069,
      0.7315649390220642,
      0.6808732748031616
    ]
  },
  {
    "userAcceleration" : [
      -0.006918460130691528,
      -0.027292072772979736,
      0.03828442096710205
    ],
    "gravity" : [
      0.03252264857292175,
      -0.7305508852005005,
      -0.6820833086967468
    ],
    "timestamp" : 235506995424,
    "rotationMatrix" : [
      0.6648693680763245,
      0.5253580808639526,
      -0.5309872627258301,
      -0.7462512254714966,
      0.4362272024154663,
      -0.5028069019317627,
      -0.03252264857292175,
      0.7305508852005005,
      0.6820833086967468
    ]
  },
  {
    "userAcceleration" : [
      -0.0006193332374095917,
      -0.01814192533493042,
      0.004919469356536865
    ],
    "gravity" : [
      0.03045022487640381,
      -0.72972172498703,
      -0.6830658912658691
    ],
    "timestamp" : 235507005445,
    "rotationMatrix" : [
      0.6651354432106018,
      0.5249026417732239,
      -0.5311045050621033,
      -0.7461015582084656,
      0.4381590783596039,
      -0.5013471841812134,
      -0.03045022487640381,
      0.7297216653823853,
      0.6830658912658691
    ]
  },
  {
    "userAcceleration" : [
      -0.003995468840003014,
      -0.010325133800506592,
      -0.0010303258895874023
    ],
    "gravity" : [
      0.02920294925570488,
      -0.7288562655448914,
      -0.6840435862541199
    ],
    "timestamp" : 235507015466,
    "rotationMatrix" : [
      0.6659923791885376,
      0.5244997143745422,
      -0.5304282903671265,
      -0.7453866600990295,
      0.4400777220726013,
      -0.5007296204566956,
      -0.029202967882156372,
      0.7288562655448914,
      0.6840435862541199
    ]
  },
  {
    "userAcceleration" : [
      -0.008644729852676392,
      -0.014292716979980469,
      0.002462148666381836
    ],
    "gravity" : [
      0.029152484610676765,
      -0.7277268171310425,
      -0.6852471828460693
    ],
    "timestamp" : 235507025488,
    "rotationMatrix" : [
      0.6677002906799316,
      0.5243382453918457,
      -0.5284369587898254,
      -0.743859052658081,
      0.4421344995498657,
      -0.5011891722679138,
      -0.02915249764919281,
      0.7277268767356873,
      0.6852471828460693
    ]
  },
  {
    "userAcceleration" : [
      -0.022141985595226288,
      -0.0017682909965515137,
      0.02578866481781006
    ],
    "gravity" : [
      0.03019857406616211,
      -0.7260605692863464,
      -0.6869672536849976
    ],
    "timestamp" : 235507035509,
    "rotationMatrix" : [
      0.6699829697608948,
      0.5247346758842468,
      -0.5251439809799194,
      -0.7417618632316589,
      0.44439777731895447,
      -0.5022944808006287,
      -0.030198588967323303,
      0.7260605692863464,
      0.6869672536849976
    ]
  },
  {
    "userAcceleration" : [
      -0.03445001691579819,
      -0.0024845004081726074,
      0.07191020250320435
    ],
    "gravity" : [
      0.03156604245305061,
      -0.7238642573356628,
      -0.6892198324203491
    ],
    "timestamp" : 235507045530,
    "rotationMatrix" : [
      0.6722615361213684,
      0.525659441947937,
      -0.5212931036949158,
      -0.7396403551101685,
      0.4468808174133301,
      -0.5032190680503845,
      -0.031566038727760315,
      0.7238642573356628,
      0.6892198324203491
    ]
  },
  {
    "userAcceleration" : [
      -0.059450309723615646,
      -0.04108250141143799,
      0.09986084699630737
    ],
    "gravity" : [
      0.032457467168569565,
      -0.7216126918792725,
      -0.6915356516838074
    ],
    "timestamp" : 235507055551,
    "rotationMatrix" : [
      0.6737202405929565,
      0.5268771052360535,
      -0.5181713700294495,
      -0.7382733225822449,
      0.4490830600261688,
      -0.5032660961151123,
      -0.03245748579502106,
      0.7216126918792725,
      0.6915357112884521
    ]
  },
  {
    "userAcceleration" : [
      -0.07686188817024231,
      -0.07115644216537476,
      0.08276331424713135
    ],
    "gravity" : [
      0.03245876356959343,
      -0.719904899597168,
      -0.6933133006095886
    ],
    "timestamp" : 235507065572,
    "rotationMatrix" : [
      0.673879086971283,
      0.5280570983886719,
      -0.5167616009712219,
      -0.7381281852722168,
      0.4504358768463135,
      -0.50226891040802,
      -0.03245876729488373,
      0.719904899597168,
      0.6933132410049438
    ]
  },
  {
    "userAcceleration" : [
      -0.0626847892999649,
      -0.06555801630020142,
      0.05290520191192627
    ],
    "gravity" : [
      0.03157208114862442,
      -0.7188962697982788,
      -0.6944000124931335
    ],
    "timestamp" : 235507075594,
    "rotationMatrix" : [
      0.6732549667358398,
      0.528786301612854,
      -0.5168295502662659,
      -0.7387360334396362,
      0.45119085907936096,
      -0.5006953477859497,
      -0.03157208859920502,
      0.7188962697982788,
      0.6943999528884888
    ]
  },
  {
    "userAcceleration" : [
      -0.031467873603105545,
      -0.034081220626831055,
      0.033631205558776855
    ],
    "gravity" : [
      0.030125051736831665,
      -0.7182227969169617,
      -0.6951608061790466
    ],
    "timestamp" : 235507085615,
    "rotationMatrix" : [
      0.6721984148025513,
      0.5292750597000122,
      -0.5177037715911865,
      -0.7397578954696655,
      0.451690137386322,
      -0.49873271584510803,
      -0.03012506663799286,
      0.7182228565216064,
      0.6951607465744019
    ]
  },
  {
    "userAcceleration" : [
      0.010257421061396599,
      -0.004256069660186768,
      0.028993725776672363
    ],
    "gravity" : [
      0.028637174516916275,
      -0.717469334602356,
      -0.6960012316703796
    ],
    "timestamp" : 235507095636,
    "rotationMatrix" : [
      0.6714177131652832,
      0.5296362638473511,
      -0.5183470845222473,
      -0.7405256032943726,
      0.4524635672569275,
      -0.4968889057636261,
      -0.028637155890464783,
      0.717469334602356,
      0.6960012316703796
    ]
  },
  {
    "userAcceleration" : [
      0.029124829918146133,
      0.01335364580154419,
      0.02299940586090088
    ],
    "gravity" : [
      0.027439452707767487,
      -0.7163869738578796,
      -0.6971632838249207
    ],
    "timestamp" : 235507105657,
    "rotationMatrix" : [
      0.6712634563446045,
      0.529990553855896,
      -0.5181846022605896,
      -0.7407107353210449,
      0.45376157760620117,
      -0.49542707204818726,
      -0.027439475059509277,
      0.7163869738578796,
      0.6971633434295654
    ]
  },
  {
    "userAcceleration" : [
      0.03619245067238808,
      0.024417877197265625,
      0.022257566452026367
    ],
    "gravity" : [
      0.026734739542007446,
      -0.7147559523582458,
      -0.6988627910614014
    ],
    "timestamp" : 235507115678,
    "rotationMatrix" : [
      0.671744704246521,
      0.5305836796760559,
      -0.516952633857727,
      -0.7403001189231873,
      0.45563679933547974,
      -0.49431854486465454,
      -0.026734739542007446,
      0.7147559523582458,
      0.6988627910614014
    ]
  },
  {
    "userAcceleration" : [
      0.035134606063365936,
      0.022058486938476562,
      0.025240778923034668
    ],
    "gravity" : [
      0.02678549848496914,
      -0.7123660445213318,
      -0.7012967467308044
    ],
    "timestamp" : 235507125700,
    "rotationMatrix" : [
      0.672985851764679,
      0.531600296497345,
      -0.514286994934082,
      -0.7391701340675354,
      0.45818737149238586,
      -0.4936513900756836,
      -0.026785507798194885,
      0.712365984916687,
      0.7012967467308044
    ]
  },
  {
    "userAcceleration" : [
      0.014826973900198936,
      0.011191070079803467,
      0.025848388671875
    ],
    "gravity" : [
      0.02788231521844864,
      -0.7090212106704712,
      -0.7046356797218323
    ],
    "timestamp" : 235507135721,
    "rotationMatrix" : [
      0.674839198589325,
      0.5333806872367859,
      -0.5099971294403076,
      -0.737437903881073,
      0.46129587292671204,
      -0.49334716796875,
      -0.027882307767868042,
      0.7090212106704712,
      0.7046356797218323
    ]
  },
  {
    "userAcceleration" : [
      -0.004980389028787613,
      1.33514404296875e-05,
      0.036055028438568115
    ],
    "gravity" : [
      0.02963853068649769,
      -0.7046946883201599,
      -0.7088913917541504
    ],
    "timestamp" : 235507145742,
    "rotationMatrix" : [
      0.6771095395088196,
      0.5358501672744751,
      -0.5043681263923645,
      -0.7352851629257202,
      0.4650484025478363,
      -0.49303731322288513,
      -0.029638513922691345,
      0.7046946883201599,
      0.7088913917541504
    ]
  },
  {
    "userAcceleration" : [
      -0.025692395865917206,
      -0.029417455196380615,
      0.040463805198669434
    ],
    "gravity" : [
      0.031399134546518326,
      -0.6999372839927673,
      -0.7135137319564819
    ],
    "timestamp" : 235507155763,
    "rotationMatrix" : [
      0.679102897644043,
      0.5387264490127563,
      -0.49859100580215454,
      -0.7333711385726929,
      0.46889394521713257,
      -0.4922449290752411,
      -0.031399115920066833,
      0.6999372243881226,
      0.7135137319564819
    ]
  },
  {
    "userAcceleration" : [
      -0.06205068156123161,
      -0.08109015226364136,
      0.00815427303314209
    ],
    "gravity" : [
      0.032723236829042435,
      -0.6956584453582764,
      -0.7176270484924316
    ],
    "timestamp" : 235507165784,
    "rotationMatrix" : [
      0.6799963116645813,
      0.5417106747627258,
      -0.4941200613975525,
      -0.7324849963188171,
      0.47181451320648193,
      -0.49077168107032776,
      -0.03272324800491333,
      0.6956584453582764,
      0.7176270484924316
    ]
  },
  {
    "userAcceleration" : [
      -0.08134940266609192,
      -0.10337167978286743,
      -0.045485496520996094
    ],
    "gravity" : [
      0.03354356810450554,
      -0.6925418972969055,
      -0.7205973267555237
    ],
    "timestamp" : 235507175806,
    "rotationMatrix" : [
      0.6800246238708496,
      0.544190526008606,
      -0.4913482964038849,
      -0.7324215173721313,
      0.47354239225387573,
      -0.4891996681690216,
      -0.033543556928634644,
      0.6925418972969055,
      0.7205973863601685
    ]
  },
  {
    "userAcceleration" : [
      -0.06372079253196716,
      -0.08868575096130371,
      -0.08660888671875
    ],
    "gravity" : [
      0.03404239937663078,
      -0.6906720995903015,
      -0.7223663926124573
    ],
    "timestamp" : 235507185827,
    "rotationMatrix" : [
      0.6794456243515015,
      0.5460561513900757,
      -0.4900778532028198,
      -0.7329356670379639,
      0.4741252660751343,
      -0.487863153219223,
      -0.03404240310192108,
      0.6906720399856567,
      0.7223663926124573
    ]
  },
  {
    "userAcceleration" : [
      -0.02724066749215126,
      -0.049007296562194824,
      -0.09770715236663818
    ],
    "gravity" : [
      0.03462586551904678,
      -0.6896095871925354,
      -0.7233530282974243
    ],
    "timestamp" : 235507195848,
    "rotationMatrix" : [
      0.6789801716804504,
      0.5473325252532959,
      -0.4892984628677368,
      -0.7333395481109619,
      0.4742000102996826,
      -0.4871831238269806,
      -0.034625887870788574,
      0.6896096467971802,
      0.7233530282974243
    ]
  },
  {
    "userAcceleration" : [
      0.0059723518788814545,
      0.00039124488830566406,
      -0.08858013153076172
    ],
    "gravity" : [
      0.03579091280698776,
      -0.6887304186820984,
      -0.7241335511207581
    ],
    "timestamp" : 235507205869,
    "rotationMatrix" : [
      0.679371178150177,
      0.5481817722320557,
      -0.4878026247024536,
      -0.7329213619232178,
      0.4744965732097626,
      -0.48752349615097046,
      -0.035790905356407166,
      0.6887304186820984,
      0.7241335511207581
    ]
  },
  {
    "userAcceleration" : [
      0.02219930663704872,
      0.02547818422317505,
      -0.06391412019729614
    ],
    "gravity" : [
      0.0377524197101593,
      -0.6875569224357605,
      -0.7251483798027039
    ],
    "timestamp" : 235507215890,
    "rotationMatrix" : [
      0.680585503578186,
      0.5490360856056213,
      -0.48514190316200256,
      -0.7316953539848328,
      0.4752102196216583,
      -0.48866865038871765,
      -0.0377524197101593,
      0.6875568628311157,
      0.7251483798027039
    ]
  },
  {
    "userAcceleration" : [
      0.027212657034397125,
      0.029654324054718018,
      -0.023844242095947266
    ],
    "gravity" : [
      0.040307436138391495,
      -0.6857821345329285,
      -0.726689875125885
    ],
    "timestamp" : 235507225912,
    "rotationMatrix" : [
      0.6825889348983765,
      0.5500202178955078,
      -0.4811965227127075,
      -0.7296900749206543,
      0.4766346216201782,
      -0.49027714133262634,
      -0.04030744731426239,
      0.6857820749282837,
      0.726689875125885
    ]
  },
  {
    "userAcceleration" : [
      0.010831646621227264,
      0.01563054323196411,
      0.01527559757232666
    ],
    "gravity" : [
      0.04297079145908356,
      -0.6833855509757996,
      -0.7287918329238892
    ],
    "timestamp" : 235507235933,
    "rotationMatrix" : [
      0.6847493648529053,
      0.5513299107551575,
      -0.4766062796115875,
      -0.7275106310844421,
      0.47855961322784424,
      -0.49163883924484253,
      -0.04297080636024475,
      0.6833855509757996,
      0.7287918925285339
    ]
  },
  {
    "userAcceleration" : [
      -0.023106444627046585,
      -0.0062958598136901855,
      0.04480999708175659
    ],
    "gravity" : [
      0.04494171217083931,
      -0.68068528175354,
      -0.7311961650848389
    ],
    "timestamp" : 235507245953,
    "rotationMatrix" : [
      0.6863772869110107,
      0.5528566241264343,
      -0.47247833013534546,
      -0.7258556485176086,
      0.4806424379348755,
      -0.4920532703399658,
      -0.04494170844554901,
      0.68068528175354,
      0.7311961650848389
    ]
  },
  {
    "userAcceleration" : [
      -0.046740125864744186,
      -0.03909933567047119,
      0.04635787010192871
    ],
    "gravity" : [
      0.04564143717288971,
      -0.678246796131134,
      -0.733415424823761
    ],
    "timestamp" : 235507255974,
    "rotationMatrix" : [
      0.6870192289352417,
      0.5542982220649719,
      -0.46984896063804626,
      -0.7252044081687927,
      0.48242589831352234,
      -0.49126753211021423,
      -0.0456414520740509,
      0.6782467365264893,
      0.733415424823761
    ]
  },
  {
    "userAcceleration" : [
      -0.005813721567392349,
      -0.011931240558624268,
      -0.04304403066635132
    ],
    "gravity" : [
      0.044860903173685074,
      -0.6765299439430237,
      -0.7350473999977112
    ],
    "timestamp" : 235507265995,
    "rotationMatrix" : [
      0.6863861083984375,
      0.5554853677749634,
      -0.4693719744682312,
      -0.7258522510528564,
      0.4834698438644409,
      -0.48928022384643555,
      -0.04486088454723358,
      0.6765298843383789,
      0.7350473999977112
    ]
  },
  {
    "userAcceleration" : [
      -0.0037767887115478516,
      -0.012903809547424316,
      -0.042028725147247314
    ],
    "gravity" : [
      0.042823974043130875,
      -0.6755573749542236,
      -0.7360627055168152
    ],
    "timestamp" : 235507276017,
    "rotationMatrix" : [
      0.6847358345985413,
      0.556338906288147,
      -0.47076940536499023,
      -0.7275320291519165,
      0.4838482737541199,
      -0.4864029884338379,
      -0.04282398521900177,
      0.6755573749542236,
      0.7360627055168152
    ]
  },
  {
    "userAcceleration" : [
      -0.0011345148086547852,
      -0.013508439064025879,
      -0.04132544994354248
    ],
    "gravity" : [
      0.04018169641494751,
      -0.6749527454376221,
      -0.73676598072052
    ],
    "timestamp" : 235507286038,
    "rotationMatrix" : [
      0.6835950613021851,
      0.5563594102859497,
      -0.47240012884140015,
      -0.7287545204162598,
      0.48466774821281433,
      -0.4837498366832733,
      -0.040181681513786316,
      0.6749527454376221,
      0.73676598072052
    ]
  },
  {
    "userAcceleration" : [
      0.01839165762066841,
      0.018735289573669434,
      -0.05931359529495239
    ],
    "gravity" : [
      0.037730127573013306,
      -0.6741917133331299,
      -0.7375919818878174
    ],
    "timestamp" : 235507296059,
    "rotationMatrix" : [
      0.6826893091201782,
      0.5564038157463074,
      -0.4736560583114624,
      -0.7297340035438538,
      0.48567506670951843,
      -0.4812566936016083,
      -0.0377301424741745,
      0.6741917133331299,
      0.7375919818878174
    ]
  },
  {
    "userAcceleration" : [
      0.02365049347281456,
      0.03303605318069458,
      -0.06103932857513428
    ],
    "gravity" : [
      0.03598080202937126,
      -0.6728675365447998,
      -0.7388874292373657
    ],
    "timestamp" : 235507306080,
    "rotationMatrix" : [
      0.6826279759407043,
      0.5565460920333862,
      -0.4735773205757141,
      -0.7298797369003296,
      0.48734551668167114,
      -0.4793431758880615,
      -0.03598077595233917,
      0.6728675365447998,
      0.7388874292373657
    ]
  },
  {
    "userAcceleration" : [
      0.024869009852409363,
      0.020613670349121094,
      -0.05572932958602905
    ],
    "gravity" : [
      0.03534211590886116,
      -0.6708515882492065,
      -0.7407490015029907
    ],
    "timestamp" : 235507316101,
    "rotationMatrix" : [
      0.6832526922225952,
      0.5571430325508118,
      -0.47197186946868896,
      -0.7293261885643005,
      0.4894382357597351,
      -0.4780517816543579,
      -0.03534211218357086,
      0.6708515882492065,
      0.7407490015029907
    ]
  },
  {
    "userAcceleration" : [
      0.0035155825316905975,
      -0.007560431957244873,
      -0.05798494815826416
    ],
    "gravity" : [
      0.03623351827263832,
      -0.6681291460990906,
      -0.7431625723838806
    ],
    "timestamp" : 235507326123,
    "rotationMatrix" : [
      0.684526264667511,
      0.5583917498588562,
      -0.4686390161514282,
      -0.7280872464179993,
      0.4917338490486145,
      -0.4775844216346741,
      -0.036233529448509216,
      0.6681291460990906,
      0.7431625723838806
    ]
  },
  {
    "userAcceleration" : [
      -0.026038166135549545,
      -0.015834033489227295,
      -0.05782651901245117
    ],
    "gravity" : [
      0.03867239132523537,
      -0.6648147106170654,
      -0.7460065484046936
    ],
    "timestamp" : 235507336144,
    "rotationMatrix" : [
      0.6859067678451538,
      0.5605669021606445,
      -0.4640006422996521,
      -0.7266610860824585,
      0.49374693632125854,
      -0.47767937183380127,
      -0.03867238759994507,
      0.6648147106170654,
      0.7460065484046936
    ]
  },
  {
    "userAcceleration" : [
      -0.03403066471219063,
      -0.014179766178131104,
      -0.05379444360733032
    ],
    "gravity" : [
      0.04222457855939865,
      -0.6612046957015991,
      -0.749016284942627
    ],
    "timestamp" : 235507346165,
    "rotationMatrix" : [
      0.6877787709236145,
      0.5630114674568176,
      -0.4582340121269226,
      -0.7246912121772766,
      0.49580875039100647,
      -0.47853541374206543,
      -0.04222460091114044,
      0.6612046957015991,
      0.749016284942627
    ]
  },
  {
    "userAcceleration" : [
      -0.039656370878219604,
      -0.013239562511444092,
      -0.04121595621109009
    ],
    "gravity" : [
      0.046171821653842926,
      -0.6577045321464539,
      -0.7518596053123474
    ],
    "timestamp" : 235507356186,
    "rotationMatrix" : [
      0.6895833611488342,
      0.5655401945114136,
      -0.45237046480178833,
      -0.7227329015731812,
      0.4975830912590027,
      -0.47965410351753235,
      -0.04617181420326233,
      0.6577045321464539,
      0.7518596053123474
    ]
  },
  {
    "userAcceleration" : [
      -0.01542113721370697,
      0.0026360750198364258,
      -0.006692230701446533
    ],
    "gravity" : [
      0.04987543448805809,
      -0.6546745896339417,
      -0.7542636394500732
    ],
    "timestamp" : 235507366207,
    "rotationMatrix" : [
      0.690883457660675,
      0.567979633808136,
      -0.44730210304260254,
      -0.721243679523468,
      0.4987989068031311,
      -0.4806320369243622,
      -0.049875423312187195,
      0.6546745300292969,
      0.7542636394500732
    ]
  },
  {
    "userAcceleration" : [
      0.04595055803656578,
      0.04626744985580444,
      0.046894967555999756
    ],
    "gravity" : [
      0.05280427634716034,
      -0.6522243618965149,
      -0.7561845183372498
    ],
    "timestamp" : 235507376229,
    "rotationMatrix" : [
      0.6917856335639954,
      0.5699957013130188,
      -0.4433254599571228,
      -0.7201696038246155,
      0.4997081160545349,
      -0.48129773139953613,
      -0.052804261445999146,
      0.6522244215011597,
      0.7561845183372498
    ]
  },
  {
    "userAcceleration" : [
      0.04413653910160065,
      0.04428201913833618,
      0.04847437143325806
    ],
    "gravity" : [
      0.05461829528212547,
      -0.6502389311790466,
      -0.7577639222145081
    ],
    "timestamp" : 235507386250,
    "rotationMatrix" : [
      0.6921379566192627,
      0.571645975112915,
      -0.4406425952911377,
      -0.7196956872940063,
      0.5004100799560547,
      -0.48127734661102295,
      -0.05461829900741577,
      0.6502388715744019,
      0.7577639818191528
    ]
  },
  {
    "userAcceleration" : [
      0.04334522411227226,
      0.04249769449234009,
      0.049944400787353516
    ],
    "gravity" : [
      0.055409613996744156,
      -0.6484546661376953,
      -0.7592340111732483
    ],
    "timestamp" : 235507396271,
    "rotationMatrix" : [
      0.6929296851158142,
      0.5724475979804993,
      -0.4383516013622284,
      -0.7188728451728821,
      0.501806914806366,
      -0.4810525178909302,
      -0.05540961027145386,
      0.6484546661376953,
      0.7592340111732483
    ]
  },
  {
    "userAcceleration" : [
      0.057136666029691696,
      0.05991971492767334,
      0.06498098373413086
    ],
    "gravity" : [
      0.05564098805189133,
      -0.6465284824371338,
      -0.7608579993247986
    ],
    "timestamp" : 235507406292,
    "rotationMatrix" : [
      0.6938315629959106,
      0.5730177760124207,
      -0.43617457151412964,
      -0.7179844975471497,
      0.5036381483078003,
      -0.4804650843143463,
      -0.05564098060131073,
      0.6465284824371338,
      0.7608579993247986
    ]
  },
  {
    "userAcceleration" : [
      0.04741658642888069,
      0.0587695837020874,
      0.07830119132995605
    ],
    "gravity" : [
      0.05577855557203293,
      -0.6441576480865479,
      -0.7628562450408936
    ],
    "timestamp" : 235507416314,
    "rotationMatrix" : [
      0.6949673295021057,
      0.5736271739006042,
      -0.4335575997829437,
      -0.7168745398521423,
      0.5059769153594971,
      -0.47966456413269043,
      -0.055778563022613525,
      0.6441576480865479,
      0.7628562450408936
    ]
  },
  {
    "userAcceleration" : [
      0.03345464542508125,
      0.04224425554275513,
      0.08851516246795654
    ],
    "gravity" : [
      0.05619069188833237,
      -0.6411210894584656,
      -0.765379786491394
    ],
    "timestamp" : 235507426335,
    "rotationMatrix" : [
      0.6963851451873779,
      0.5745037794113159,
      -0.4301082491874695,
      -0.7154650688171387,
      0.5088310241699219,
      -0.47874894738197327,
      -0.05619068443775177,
      0.6411211490631104,
      0.765379786491394
    ]
  },
  {
    "userAcceleration" : [
      0.003988046199083328,
      0.01980382204055786,
      0.09233129024505615
    ],
    "gravity" : [
      0.056818172335624695,
      -0.6374947428703308,
      -0.7683567404747009
    ],
    "timestamp" : 235507436356,
    "rotationMatrix" : [
      0.6975996494293213,
      0.5759115219116211,
      -0.4262399673461914,
      -0.7142312526702881,
      0.5117871761322021,
      -0.477438360452652,
      -0.05681818723678589,
      0.6374948024749756,
      0.7683567404747009
    ]
  },
  {
    "userAcceleration" : [
      -0.03383243829011917,
      -0.008367002010345459,
      0.08353829383850098
    ],
    "gravity" : [
      0.057300399988889694,
      -0.6337227821350098,
      -0.7714350819587708
    ],
    "timestamp" : 235507446377,
    "rotationMatrix" : [
      0.6981709003448486,
      0.5777719020843506,
      -0.4227728545665741,
      -0.7136342525482178,
      0.51436847448349,
      -0.47555339336395264,
      -0.0573003888130188,
      0.6337227821350098,
      0.7714350819587708
    ]
  },
  {
    "userAcceleration" : [
      -0.05513584613800049,
      -0.031913816928863525,
      0.04800599813461304
    ],
    "gravity" : [
      0.05730253830552101,
      -0.6304700970649719,
      -0.7740954756736755
    ],
    "timestamp" : 235507456398,
    "rotationMatrix" : [
      0.6978785991668701,
      0.5797585248947144,
      -0.42052987217903137,
      -0.713919997215271,
      0.5161272287368774,
      -0.47321316599845886,
      -0.05730253458023071,
      0.6304700374603271,
      0.7740954756736755
    ]
  },
  {
    "userAcceleration" : [
      -0.052206650376319885,
      -0.032633423805236816,
