[
  {
    "rotationMatrix" : [
      0.930475652217865,
      0.07925032079219818,
      -0.35767921805381775,
      -0.36523252725601196,
      0.2769901752471924,
      -0.8887528777122498,
      0.028639674186706543,
      0.9575989842414856,
      0.28667742013931274
    ],
    "userAcceleration" : [
      0.002119874581694603,
      0.007129013538360596,
      0.005701988935470581
    ],
    "timestamp" : 235607014161,
    "gravity" : [
      -0.02863968349993229,
      -0.9575989842414856,
      -0.28667742013931274
    ]
  },
  {
    "rotationMatrix" : [
      0.9306514859199524,
      0.0791422575712204,
      -0.35724544525146484,
      -0.36477625370025635,
      0.27735963463783264,
      -0.8888249397277832,
      0.02874182164669037,
      0.9575009346008301,
      0.2869943678379059
    ],
    "userAcceleration" : [
      -0.007207924500107765,
      0.001202225685119629,
      0.004416763782501221
    ],
    "timestamp" : 235607024183,
    "gravity" : [
      -0.02874181605875492,
      -0.9575009346008301,
      -0.2869943678379059
    ]
  },
  {
    "rotationMatrix" : [
      0.9307973980903625,
      0.07906103134155273,
      -0.35688310861587524,
      -0.36439812183380127,
      0.27765312790870667,
      -0.8888884782791138,
      0.028813272714614868,
      0.9574226140975952,
      0.28724852204322815
    ],
    "userAcceleration" : [
      -0.008082518354058266,
      -0.00549846887588501,
      0.005143940448760986
    ],
    "timestamp" : 235607034205,
    "gravity" : [
      -0.028813255950808525,
      -0.9574226140975952,
      -0.28724852204322815
    ]
  },
  {
    "rotationMatrix" : [
      0.9309292435646057,
      0.07900084555149078,
      -0.356552392244339,
      -0.3640595078468323,
      0.27783817052841187,
      -0.888969361782074,
      0.028834521770477295,
      0.9573739171028137,
      0.2874086797237396
    ],
    "userAcceleration" : [
      -0.0035751499235630035,
      -0.0005728006362915039,
      0.0033204853534698486
    ],
    "timestamp" : 235607044227,
    "gravity" : [
      -0.02883453108370304,
      -0.9573737978935242,
      -0.287408709526062
    ]
  },
  {
    "rotationMatrix" : [
      0.9310318231582642,
      0.07893715798854828,
      -0.3562985062599182,
      -0.36379384994506836,
      0.2780012786388397,
      -0.8890270590782166,
      0.028874114155769348,
      0.9573317170143127,
      0.2875449061393738
    ],
    "userAcceleration" : [
      0.003224046900868416,
      0.00588536262512207,
      0.010933488607406616
    ],
    "timestamp" : 235607054248,
    "gravity" : [
      -0.028874095529317856,
      -0.9573317170143127,
      -0.2875449061393738
    ]
  },
  {
    "rotationMatrix" : [
      0.9310846328735352,
      0.07891526818275452,
      -0.3561653792858124,
      -0.3636533319950104,
      0.27823787927627563,
      -0.8890106678009033,
      0.028942197561264038,
      0.9572649002075195,
      0.28776079416275024
    ],
    "userAcceleration" : [
      -0.0004767775535583496,
      0.005498051643371582,
      0.024607598781585693
    ],
    "timestamp" : 235607064270,
    "gravity" : [
      -0.02894219569861889,
      -0.9572649002075195,
      -0.28776082396507263
    ]
  },
  {
    "rotationMatrix" : [
      0.9310306310653687,
      0.07900424301624298,
      -0.35628676414489746,
      -0.3637832999229431,
      0.27861693501472473,
      -0.8888386487960815,
      0.029045477509498596,
      0.9571472406387329,
      0.2881413400173187
    ],
    "userAcceleration" : [
      -0.006873752921819687,
      0.0020386576652526855,
      0.030481338500976562
    ],
    "timestamp" : 235607074292,
    "gravity" : [
      -0.029045462608337402,
      -0.9571471810340881,
      -0.2881413698196411
    ]
  },
  {
    "rotationMatrix" : [
      0.9309123158454895,
      0.07915720343589783,
      -0.35656195878982544,
      -0.36407458782196045,
      0.2791226804256439,
      -0.8885607123374939,
      0.029188528656959534,
      0.956987202167511,
      0.28865787386894226
    ],
    "userAcceleration" : [
      -0.0035263244062662125,
      0.002946794033050537,
      0.023063331842422485
    ],
    "timestamp" : 235607084314,
    "gravity" : [
      -0.029188526794314384,
      -0.956987202167511,
      -0.28865790367126465
    ]
  },
  {
    "rotationMatrix" : [
      0.9307174682617188,
      0.07936565577983856,
      -0.3570239543914795,
      -0.36455756425857544,
      0.2797139585018158,
      -0.8881766200065613,
      0.029373839497566223,
      0.9567973017692566,
      0.28926801681518555
    ],
    "userAcceleration" : [
      -0.002745954319834709,
      0.0035808682441711426,
      0.011588484048843384
    ],
    "timestamp" : 235607094335,
    "gravity" : [
      -0.02937382459640503,
      -0.9567973017692566,
      -0.28926801681518555
    ]
  },
  {
    "rotationMatrix" : [
      0.9305002093315125,
      0.07961902022361755,
      -0.35753342509269714,
      -0.36509767174720764,
      0.28033629059791565,
      -0.8877585530281067,
      0.029547125101089478,
      0.9565941691398621,
      0.28992170095443726
    ],
    "userAcceleration" : [
      -0.007470728829503059,
      -0.001260995864868164,
      -0.0005599856376647949
    ],
    "timestamp" : 235607104357,
    "gravity" : [
      -0.029547128826379776,
      -0.9565941691398621,
      -0.28992170095443726
    ]
  },
  {
    "rotationMatrix" : [
      0.9303126335144043,
      0.07983042299747467,
      -0.357974112033844,
      -0.3655620813369751,
      0.2808908224105835,
      -0.8873920440673828,
      0.02971075475215912,
      0.9564138650894165,
      0.2904992401599884
    ],
    "userAcceleration" : [
      -0.010419884696602821,
      -0.004950761795043945,
      -0.010938286781311035
    ],
    "timestamp" : 235607114379,
    "gravity" : [
      -0.029710760340094566,
      -0.9564138650894165,
      -0.2904992401599884
    ]
  },
  {
    "rotationMatrix" : [
      0.9301942586898804,
      0.07996590435504913,
      -0.3582513928413391,
      -0.3658537268638611,
      0.2812793254852295,
      -0.8871487379074097,
      0.029827073216438293,
      0.9562883377075195,
      0.29090023040771484
    ],
    "userAcceleration" : [
      -0.010883396491408348,
      -0.009501338005065918,
      -0.01818186044692993
    ],
    "timestamp" : 235607124401,
    "gravity" : [
      -0.029827071353793144,
      -0.9562883377075195,
      -0.29090026021003723
    ]
  },
  {
    "rotationMatrix" : [
      0.9301100373268127,
      0.08007794618606567,
      -0.35844510793685913,
      -0.36606547236442566,
      0.2814550995826721,
      -0.887005627155304,
      0.0298566073179245,
      0.9562272429466248,
      0.2910979688167572
    ],
    "userAcceleration" : [
      -0.014058222994208336,
      -0.009379327297210693,
      -0.01629042625427246
    ],
    "timestamp" : 235607134423,
    "gravity" : [
      -0.0298566035926342,
      -0.9562272429466248,
      -0.2910979986190796
    ]
  },
  {
    "rotationMatrix" : [
      0.9301077723503113,
      0.08013278245925903,
      -0.3584386706352234,
      -0.3660731911659241,
      0.28152215480804443,
      -0.886981189250946,
      0.029832154512405396,
      0.9562029242515564,
      0.29118043184280396
    ],
    "userAcceleration" : [
      -0.01135135069489479,
      -0.009403765201568604,
      -0.008014053106307983
    ],
    "timestamp" : 235607144444,
    "gravity" : [
      -0.029832156375050545,
      -0.9562029242515564,
      -0.29118040204048157
    ]
  },
  {
    "rotationMatrix" : [
      0.9300980567932129,
      0.0802377313375473,
      -0.35844045877456665,
      -0.3661039471626282,
      0.281568318605423,
      -0.8869538903236389,
      0.029758289456367493,
      0.9561805129051208,
      0.2912614941596985
    ],
    "userAcceleration" : [
      -0.0062677450478076935,
      -0.0119132399559021,
      0.00250399112701416
    ],
    "timestamp" : 235607154466,
    "gravity" : [
      -0.02975829318165779,
      -0.9561805129051208,
      -0.2912614643573761
    ]
  },
  {
    "rotationMatrix" : [
      0.9301043748855591,
      0.08038854598999023,
      -0.358390212059021,
      -0.3660983443260193,
      0.28161612153053284,
      -0.8869410753250122,
      0.029628559947013855,
      0.9561538696289062,
      0.2913624942302704
    ],
    "userAcceleration" : [
      -0.003620373085141182,
      -0.01053619384765625,
      0.00402405858039856
    ],
    "timestamp" : 235607164488,
    "gravity" : [
      -0.029628561809659004,
      -0.9561538696289062,
      -0.291362464427948
    ]
  },
  {
    "rotationMatrix" : [
      0.9301759600639343,
      0.08056604862213135,
      -0.35816439986228943,
      -0.36593136191368103,
      0.2817218005657196,
      -0.8869763016700745,
      0.029442548751831055,
      0.9561076760292053,
      0.2915325164794922
    ],
    "userAcceleration" : [
      -0.003577500581741333,
      -0.008522391319274902,
      0.004835009574890137
    ],
    "timestamp" : 235607174510,
    "gravity" : [
      -0.02944253571331501,
      -0.9561076760292053,
      -0.2915325462818146
    ]
  },
  {
    "rotationMatrix" : [
      0.9302908182144165,
      0.08076484501361847,
      -0.35782116651535034,
      -0.36565840244293213,
      0.2818351686000824,
      -0.8870529532432556,
      0.029203906655311584,
      0.956057608127594,
      0.29172104597091675
    ],
    "userAcceleration" : [
      -0.003617769107222557,
      -0.005475044250488281,
      0.00653412938117981
    ],
    "timestamp" : 235607184531,
    "gravity" : [
      -0.029203908517956734,
      -0.9560575485229492,
      -0.29172104597091675
    ]
  },
  {
    "rotationMatrix" : [
      0.9304413199424744,
      0.08093282580375671,
      -0.35739171504974365,
      -0.36529380083084106,
      0.281966894865036,
      -0.8871611952781677,
      0.028972133994102478,
      0.9560044407844543,
      0.2919178903102875
    ],
    "userAcceleration" : [
      -0.0014691408723592758,
      -0.0051923394203186035,
      0.010164260864257812
    ],
    "timestamp" : 235607194553,
    "gravity" : [
      -0.02897215262055397,
      -0.9560044407844543,
      -0.2919178903102875
    ]
  },
  {
    "rotationMatrix" : [
      0.930557906627655,
      0.08107155561447144,
      -0.357056587934494,
      -0.3650093674659729,
      0.2821425795555115,
      -0.8872224688529968,
      0.02881234884262085,
      0.9559409022331238,
      0.2921418845653534
    ],
    "userAcceleration" : [
      -0.0004692729562520981,
      -0.004294633865356445,
      0.01179206371307373
    ],
    "timestamp" : 235607204575,
    "gravity" : [
      -0.028812356293201447,
      -0.955940842628479,
      -0.2921418845653534
    ]
  },
  {
    "rotationMatrix" : [
      0.9306324124336243,
      0.08116070926189423,
      -0.3568420112133026,
      -0.3648240566253662,
      0.28236618638038635,
      -0.8872276544570923,
      0.028752118349075317,
      0.9558674097061157,
      0.2923884987831116
    ],
    "userAcceleration" : [
      -0.0036423243582248688,
      -0.005314290523529053,
      0.005645185708999634
    ],
    "timestamp" : 235607214597,
    "gravity" : [
      -0.028752120211720467,
      -0.955867350101471,
      -0.2923884987831116
    ]
  },
  {
    "rotationMatrix" : [
      0.9306555390357971,
      0.0811949223279953,
      -0.3567739725112915,
      -0.36476296186447144,
      0.2825723886489868,
      -0.8871870636940002,
      0.02877943217754364,
      0.9558034539222717,
      0.29259446263313293
    ],
    "userAcceleration" : [
      -0.005644435063004494,
      -0.004966139793395996,
      -0.0032125115394592285
    ],
    "timestamp" : 235607224618,
    "gravity" : [
      -0.028779417276382446,
      -0.9558034539222717,
      -0.2925945222377777
    ]
  },
  {
    "rotationMatrix" : [
      0.9306236505508423,
      0.08121207356452942,
      -0.3568531274795532,
      -0.3648409843444824,
      0.28265395760536194,
      -0.8871288895606995,
      0.028820350766181946,
      0.9557778239250183,
      0.2926739454269409
    ],
    "userAcceleration" : [
      -0.00635119155049324,
      -0.0038167834281921387,
      -0.010655641555786133
    ],
    "timestamp" : 235607234640,
    "gravity" : [
      -0.028820347040891647,
      -0.9557778835296631,
      -0.29267391562461853
    ]
  },
  {
    "rotationMatrix" : [
      0.9305533170700073,
      0.08123260736465454,
      -0.3570319414138794,
      -0.36501872539520264,
      0.2826107144355774,
      -0.887069582939148,
      0.028842046856880188,
      0.9557888507843018,
      0.2926357388496399
    ],
    "userAcceleration" : [
      -0.006070075556635857,
      -0.003622591495513916,
      -0.014493346214294434
    ],
    "timestamp" : 235607244662,
    "gravity" : [
      -0.02884204499423504,
      -0.9557889103889465,
      -0.2926357090473175
    ]
  },
  {
    "rotationMatrix" : [
      0.9304375648498535,
      0.08127515017986298,
      -0.35732370615005493,
      -0.3653135299682617,
      0.28246986865997314,
      -0.8869931101799011,
      0.028842687606811523,
      0.9558269381523132,
      0.2925114929676056
    ],
    "userAcceleration" : [
      -0.002651471644639969,
      -0.0028980374336242676,
      -0.013442665338516235
    ],
    "timestamp" : 235607254684,
    "gravity" : [
      -0.028842685744166374,
      -0.955826997756958,
      -0.2925114631652832
    ]
  },
  {
    "rotationMatrix" : [
      0.9303315877914429,
      0.08133751153945923,
      -0.35758548974990845,
      -0.36558768153190613,
      0.2822575867176056,
      -0.8869476914405823,
      0.02878907322883606,
      0.9558842778205872,
      0.2923291325569153
    ],
    "userAcceleration" : [
      -0.003101833164691925,
      -0.000338137149810791,
      -0.007307827472686768
    ],
    "timestamp" : 235607264706,
    "gravity" : [
      -0.02878906950354576,
      -0.9558842778205872,
      -0.2923291325569153
    ]
  },
  {
    "rotationMatrix" : [
      0.9302515983581543,
      0.0814507007598877,
      -0.3577677011489868,
      -0.36580225825309753,
      0.2819957137107849,
      -0.8869425058364868,
      0.02864682674407959,
      0.9559519290924072,
      0.2921218276023865
    ],
    "userAcceleration" : [
      -0.00614323653280735,
      0.00040090084075927734,
      0.0045851171016693115
    ],
    "timestamp" : 235607274727,
    "gravity" : [
      -0.028646817430853844,
      -0.9559519290924072,
      -0.2921218276023865
    ]
  },
  {
    "rotationMatrix" : [
      0.9301746487617493,
      0.08166937530040741,
      -0.3579179644584656,
      -0.36601507663726807,
      0.2818008363246918,
      -0.8869167566299438,
      0.02842766046524048,
      0.9559907913208008,
      0.2920162081718445
    ],
    "userAcceleration" : [
      -0.009108982980251312,
      -0.0013760924339294434,
      0.015557408332824707
    ],
    "timestamp" : 235607284749,
    "gravity" : [
      -0.02842766046524048,
      -0.9559907913208008,
      -0.29201623797416687
    ]
  },
  {
    "rotationMatrix" : [
      0.930133581161499,
      0.08192439377307892,
      -0.35796642303466797,
      -0.36613696813583374,
      0.2817533314228058,
      -0.8868815302848816,
      0.028201013803482056,
      0.9559829831123352,
      0.29206377267837524
    ],
    "userAcceleration" : [
      -0.007062068209052086,
      -0.0040541887283325195,
      0.016474664211273193
    ],
    "timestamp" : 235607294771,
    "gravity" : [
      -0.028201013803482056,
      -0.9559829831123352,
      -0.29206380248069763
    ]
  },
  {
    "rotationMatrix" : [
      0.9300539493560791,
      0.08217377960681915,
      -0.35811614990234375,
      -0.36635130643844604,
      0.2817899286746979,
      -0.8867813944816589,
      0.028043359518051147,
      0.9559507966041565,
      0.2921842932701111
    ],
    "userAcceleration" : [
      -0.0057396069169044495,
      -0.001187145709991455,
      0.008706390857696533
    ],
    "timestamp" : 235607304793,
    "gravity" : [
      -0.028043361380696297,
      -0.9559508562088013,
      -0.2921842932701111
    ]
  },
  {
    "rotationMatrix" : [
      0.930027425289154,
      0.08232340216636658,
      -0.35815054178237915,
      -0.36642611026763916,
      0.28184500336647034,
      -0.886732816696167,
      0.027944043278694153,
      0.9559215307235718,
      0.29228904843330383
    ],
    "userAcceleration" : [
      -0.00605255551636219,
      0.0007367730140686035,
      -0.0010764896869659424
    ],
    "timestamp" : 235607314814,
    "gravity" : [
      -0.027944041416049004,
      -0.9559215307235718,
      -0.2922890782356262
    ]
  },
  {
    "rotationMatrix" : [
      0.9301236867904663,
      0.08232474327087402,
      -0.35790014266967773,
      -0.3661870062351227,
      0.281870037317276,
      -0.8868236541748047,
      0.02787378430366516,
      0.9559141397476196,
      0.29232025146484375
    ],
    "userAcceleration" : [
      -0.010441049933433533,
      -0.0030243396759033203,
      -0.005973935127258301
    ],
    "timestamp" : 235607324836,
    "gravity" : [
      -0.02787378989160061,
      -0.9559141397476196,
      -0.29232025146484375
    ]
  },
  {
    "rotationMatrix" : [
      0.9302910566329956,
      0.08227814733982086,
      -0.3574756979942322,
      -0.36576998233795166,
      0.28182747960090637,
      -0.8870092630386353,
      0.02776496112346649,
      0.9559307098388672,
      0.29227644205093384
    ],
    "userAcceleration" : [
      -0.014288276433944702,
      -0.0023516416549682617,
      -0.009145766496658325
    ],
    "timestamp" : 235607334858,
    "gravity" : [
      -0.027764972299337387,
      -0.9559307098388672,
      -0.29227644205093384
    ]
  },
  {
    "rotationMatrix" : [
      0.9305629730224609,
      0.08216862380504608,
      -0.35679250955581665,
      -0.3650892972946167,
      0.2817348837852478,
      -0.8873190879821777,
      0.027611061930656433,
      0.9559674263000488,
      0.2921709418296814
    ],
    "userAcceleration" : [
      -0.0063092466443777084,
      -0.0004991888999938965,
      -0.004963576793670654
    ],
    "timestamp" : 235607344880,
    "gravity" : [
      -0.027611061930656433,
      -0.955967366695404,
      -0.292170912027359
    ]
  },
  {
    "rotationMatrix" : [
      0.9308239817619324,
      0.08204132318496704,
      -0.3561403155326843,
      -0.36443448066711426,
      0.28159022331237793,
      -0.8876341581344604,
      0.027462929487228394,
      0.9560209512710571,
      0.2920096516609192
    ],
    "userAcceleration" : [
      0.0024995114654302597,
      0.0037505030632019043,
      0.004488170146942139
    ],
    "timestamp" : 235607354901,
    "gravity" : [
      -0.027462925761938095,
      -0.9560209512710571,
      -0.2920096516609192
    ]
  },
  {
    "rotationMatrix" : [
      0.931079626083374,
      0.08193233609199524,
      -0.3554965853691101,
      -0.3637928366661072,
      0.2814510464668274,
      -0.8879414796829224,
      0.0273037850856781,
      0.9560713768005371,
      0.2918597161769867
    ],
    "userAcceleration" : [
      0.003942549228668213,
      0.007020473480224609,
      0.014775246381759644
    ],
    "timestamp" : 235607364923,
    "gravity" : [
      -0.0273037850856781,
      -0.9560713768005371,
      -0.2918597161769867
    ]
  },
  {
    "rotationMatrix" : [
      0.9313088059425354,
      0.08186359703540802,
      -0.35491156578063965,
      -0.3632164001464844,
      0.2813975214958191,
      -0.8881943225860596,
      0.027160391211509705,
      0.9560929536819458,
      0.29180219769477844
    ],
    "userAcceleration" : [
      0.00776645727455616,
      0.005394160747528076,
      0.026116013526916504
    ],
    "timestamp" : 235607374945,
    "gravity" : [
      -0.02716040425002575,
      -0.956092894077301,
      -0.29180216789245605
    ]
  },
  {
    "rotationMatrix" : [
      0.931465744972229,
      0.08184212446212769,
      -0.35450446605682373,
      -0.3628205955028534,
      0.2814444303512573,
      -0.8883411288261414,
      0.027069538831710815,
      0.9560808539390564,
      0.29184985160827637
    ],
    "userAcceleration" : [
      0.011139344424009323,
      0.005885720252990723,
      0.031290650367736816
    ],
    "timestamp" : 235607384967,
    "gravity" : [
      -0.027069535106420517,
      -0.9560809135437012,
      -0.29184985160827637
    ]
  },
  {
    "rotationMatrix" : [
      0.9315553307533264,
      0.08186158537864685,
      -0.3542645573616028,
      -0.3625927269458771,
      0.28161174058914185,
      -0.8883812427520752,
      0.027040734887123108,
      0.956030011177063,
      0.2920193374156952
    ],
    "userAcceleration" : [
      0.00972195714712143,
      0.008276224136352539,
      0.03226888179779053
    ],
    "timestamp" : 235607394989,
    "gravity" : [
      -0.027040718123316765,
      -0.956030011177063,
      -0.2920193374156952
    ]
  },
  {
    "rotationMatrix" : [
      0.9314880967140198,
      0.08199548721313477,
      -0.35441023111343384,
      -0.36276277899742126,
      0.28189051151275635,
      -0.8882233500480652,
      0.027074545621871948,
      0.9559363722801208,
      0.29232257604599
    ],
    "userAcceleration" : [
      0.006169980391860008,
      0.0048409104347229,
      0.02991706132888794
    ],
    "timestamp" : 235607405010,
    "gravity" : [
      -0.027074553072452545,
      -0.9559363722801208,
      -0.29232257604599
    ]
  },
  {
    "rotationMatrix" : [
      0.9313474893569946,
      0.08219403028488159,
      -0.35473376512527466,
      -0.3631199598312378,
      0.2822164297103882,
      -0.8879739046096802,
      0.027125537395477295,
      0.9558231830596924,
      0.29268786311149597
    ],
    "userAcceleration" : [
      0.0015670470893383026,
      0.0017217397689819336,
      0.016274750232696533
    ],
    "timestamp" : 235607415032,
    "gravity" : [
      -0.027125539258122444,
      -0.9558231830596924,
      -0.2926878333091736
    ]
  },
  {
    "rotationMatrix" : [
      0.9311539530754089,
      0.08244898915290833,
      -0.3551822304725647,
      -0.3636147975921631,
      0.2824704051017761,
      -0.8876906633377075,
      0.027139291167259216,
      0.9557262659072876,
      0.293003112077713
    ],
    "userAcceleration" : [
      3.964640200138092e-05,
      0.001212775707244873,
      -0.0033226609230041504
    ],
    "timestamp" : 235607425054,
    "gravity" : [
      -0.027139287441968918,
      -0.9557262659072876,
      -0.293003112077713
    ]
  },
  {
    "rotationMatrix" : [
      0.9309834837913513,
      0.08267585933208466,
      -0.35557621717453003,
      -0.3640543818473816,
      0.2825520634651184,
      -0.8874844908714294,
      0.027095243334770203,
      0.9556824564933777,
      0.29314982891082764
    ],
    "userAcceleration" : [
      0.001017952337861061,
      0.005304217338562012,
      -0.01701575517654419
    ],
    "timestamp" : 235607435076,
    "gravity" : [
      -0.027095243334770203,
      -0.9556825160980225,
      -0.29314976930618286
    ]
  },
  {
    "rotationMatrix" : [
      0.9308449625968933,
      0.08282017707824707,
      -0.35590511560440063,
      -0.36441347002983093,
      0.28243398666381836,
      -0.887374758720398,
      0.0270271897315979,
      0.955704927444458,
      0.2930830419063568
    ],
    "userAcceleration" : [
      0.0023537110537290573,
      0.009553194046020508,
      -0.01827266812324524
    ],
    "timestamp" : 235607445097,
    "gravity" : [
      -0.027027186006307602,
      -0.955704927444458,
      -0.2930830419063568
    ]
  },
  {
    "rotationMatrix" : [
      0.9306778907775879,
      0.0828971266746521,
      -0.35632389783859253,
      -0.36484163999557495,
      0.28220558166503906,
      -0.8872712850570679,
      0.02700430154800415,
      0.9557656049728394,
      0.2928868234157562
    ],
    "userAcceleration" : [
      0.00651174783706665,
      0.009079933166503906,
      -0.00603291392326355
    ],
    "timestamp" : 235607455119,
    "gravity" : [
      -0.027004312723875046,
      -0.9557655453681946,
      -0.2928868532180786
    ]
  },
  {
    "rotationMatrix" : [
      0.9304764866828918,
      0.08289030194282532,
      -0.35685116052627563,
      -0.3653477430343628,
      0.2820134162902832,
      -0.8871241211891174,
      0.027102753520011902,
      0.9558228850364685,
      0.2926906645298004
    ],
    "userAcceleration" : [
      0.007388373836874962,
      0.011914372444152832,
      0.011730462312698364
    ],
    "timestamp" : 235607465141,
    "gravity" : [
      -0.02710275910794735,
      -0.9558228850364685,
      -0.29269060492515564
    ]
  },
  {
    "rotationMatrix" : [
      0.9302907586097717,
      0.0827753096818924,
      -0.35736173391342163,
      -0.36580097675323486,
      0.28201228380203247,
      -0.8869378566741943,
      0.0273638516664505,
      0.9558333158493042,
      0.29263269901275635
    ],
    "userAcceleration" : [
      0.007573166862130165,
      0.01276397705078125,
      0.021651744842529297
    ],
    "timestamp" : 235607475163,
    "gravity" : [
      -0.02736384980380535,
      -0.9558333158493042,
      -0.29263269901275635
    ]
  },
  {
    "rotationMatrix" : [
      0.9300853610038757,
      0.08263291418552399,
      -0.3579288721084595,
      -0.36629414558410645,
      0.2822185754776001,
      -0.8866686224937439,
      0.027746155858039856,
      0.9557847380638123,
      0.2927553057670593
    ],
    "userAcceleration" : [
      0.004018701612949371,
      0.014485418796539307,
      0.022934019565582275
    ],
    "timestamp" : 235607485185,
    "gravity" : [
      -0.027746152132749557,
      -0.955784797668457,
      -0.2927553057670593
    ]
  },
  {
    "rotationMatrix" : [
      0.9299384951591492,
      0.08247384428977966,
      -0.3583468794822693,
      -0.3666357100009918,
      0.2825762629508972,
      -0.8864135146141052,
      0.0281544029712677,
      0.9556928277015686,
      0.2930164039134979
    ],
    "userAcceleration" : [
      -0.00024220719933509827,
      0.012196183204650879,
      0.01771724224090576
    ],
    "timestamp" : 235607495206,
    "gravity" : [
      -0.028154412284493446,
      -0.9556928277015686,
      -0.2930164337158203
    ]
  },
  {
    "rotationMatrix" : [
      0.9298065304756165,
      0.08240470290184021,
      -0.3587050139904022,
      -0.36694490909576416,
      0.282979279756546,
      -0.8861570358276367,
      0.028482586145401,
      0.9555795192718506,
      0.29335394501686096
    ],
    "userAcceleration" : [
      -0.00862680934369564,
      0.010099172592163086,
      0.012424260377883911
    ],
    "timestamp" : 235607505228,
    "gravity" : [
      -0.028482586145401,
      -0.9555795788764954,
      -0.29335394501686096
    ]
  },
  {
    "rotationMatrix" : [
      0.9297538995742798,
      0.08240550756454468,
      -0.358841210603714,
      -0.3670636713504791,
      0.2833560109138489,
      -0.8859872817993164,
      0.028669536113739014,
      0.955467700958252,
      0.2936994433403015
    ],
    "userAcceleration" : [
      -0.01240713894367218,
      0.010216355323791504,
      0.008375227451324463
    ],
    "timestamp" : 235607515250,
    "gravity" : [
      -0.028669554740190506,
      -0.955467700958252,
      -0.2936994433403015
    ]
  },
  {
    "rotationMatrix" : [
      0.9298491477966309,
      0.08243156969547272,
      -0.3585882782936096,
      -0.3668196201324463,
      0.28371113538742065,
      -0.8859747052192688,
      0.028703168034553528,
      0.9553601145744324,
      0.2940461039543152
    ],
    "userAcceleration" : [
      -0.015196394175291061,
      0.010581791400909424,
      0.0023132264614105225
    ],
    "timestamp" : 235607525272,
    "gravity" : [
      -0.02870316244661808,
      -0.9553601145744324,
      -0.2940461039543152
    ]
  },
  {
    "rotationMatrix" : [
      0.9299902319908142,
      0.08251230418682098,
      -0.3582037091255188,
      -0.36646926403045654,
      0.28396716713905334,
      -0.8860377073287964,
      0.028609082102775574,
      0.9552770853042603,
      0.2943249046802521
    ],
    "userAcceleration" : [
      -0.021546578034758568,
      0.009110212326049805,
      0.002576768398284912
    ],
    "timestamp" : 235607535293,
    "gravity" : [
      -0.028609080240130424,
      -0.9552770853042603,
      -0.2943249046802521
    ]
  },
  {
    "rotationMatrix" : [
      0.9301453232765198,
      0.08263765275478363,
      -0.3577718734741211,
      -0.36608821153640747,
      0.28418105840682983,
      -0.8861267566680908,
      0.028444543480873108,
      0.9552026987075806,
      0.2945823669433594
    ],
    "userAcceleration" : [
      -0.022870779037475586,
      0.006289184093475342,
      0.013561129570007324
    ],
    "timestamp" : 235607545315,
    "gravity" : [
      -0.028444552794098854,
      -0.9552026987075806,
      -0.2945823669433594
    ]
  },
  {
    "rotationMatrix" : [
      0.9302283525466919,
      0.08285139501094818,
      -0.35750651359558105,
      -0.36588871479034424,
      0.2845039367675781,
      -0.8861055374145508,
      0.02829691767692566,
      0.9550880193710327,
      0.29496800899505615
    ],
    "userAcceleration" : [
      -0.01581626757979393,
      0.0036721229553222656,
      0.0204775333404541
    ],
    "timestamp" : 235607555337,
    "gravity" : [
      -0.028296926990151405,
      -0.9550880789756775,
      -0.29496797919273376
    ]
  },
  {
    "rotationMatrix" : [
      0.9302330613136292,
      0.0831172913312912,
      -0.3574325442314148,
      -0.36588412523269653,
      0.2849235534667969,
      -0.8859726786613464,
      0.028201326727867126,
      0.9549399018287659,
      0.29545658826828003
    ],
    "userAcceleration" : [
      -0.017941275611519814,
      0.008559226989746094,
      0.01539662480354309
    ],
    "timestamp" : 235607565359,
    "gravity" : [
      -0.02820131555199623,
      -0.9549399018287659,
      -0.29545658826828003
    ]
  },
  {
    "rotationMatrix" : [
      0.9301435351371765,
      0.08335599303245544,
      -0.3576098084449768,
      -0.3661116659641266,
      0.2853188216686249,
      -0.8857513070106506,
      0.028200119733810425,
      0.9548010230064392,
      0.29590508341789246
    ],
    "userAcceleration" : [
      -0.015531575307250023,
      0.0038123130798339844,
      0.005698084831237793
    ],
    "timestamp" : 235607575380,
    "gravity" : [
      -0.028200121596455574,
      -0.9548009634017944,
      -0.29590508341789246
    ]
  },
  {
    "rotationMatrix" : [
      0.9299823045730591,
      0.08360016345977783,
      -0.3579719066619873,
      -0.36651983857154846,
      0.28561416268348694,
      -0.8854872584342957,
      0.02821497619152069,
      0.9546913504600525,
      0.29625722765922546
    ],
    "userAcceleration" : [
      -0.012098763138055801,
      0.0028481483459472656,
      0.0008165240287780762
    ],
    "timestamp" : 235607585402,
    "gravity" : [
      -0.028214972466230392,
      -0.9546912908554077,
      -0.29625728726387024
    ]
  },
  {
    "rotationMatrix" : [
      0.9298361539840698,
      0.08384083211421967,
      -0.35829511284828186,
      -0.3668898940086365,
      0.2859126329421997,
      -0.8852376937866211,
      0.02822202444076538,
      0.9545809030532837,
      0.2966122627258301
    ],
    "userAcceleration" : [
      -0.0009070336818695068,
      0.005728423595428467,
      0.0017970800399780273
    ],
    "timestamp" : 235607595424,
    "gravity" : [
      -0.02822202257812023,
      -0.9545809030532837,
      -0.2966122627258301
    ]
  },
  {
    "rotationMatrix" : [
      0.9297405481338501,
      0.08413375914096832,
      -0.3584744930267334,
      -0.3671354055404663,
      0.286318838596344,
      -0.8850045204162598,
      0.028179213404655457,
      0.9544333219528198,
      0.2970907390117645
    ],
    "userAcceleration" : [
      0.0019340664148330688,
      0.006404876708984375,
      0.0038929879665374756
    ],
    "timestamp" : 235607605446,
    "gravity" : [
      -0.028179198503494263,
      -0.9544333219528198,
      -0.29709070920944214
    ]
  },
  {
    "rotationMatrix" : [
      0.9297763705253601,
      0.08451510965824127,
      -0.35829195380210876,
      -0.367057740688324,
      0.28689682483673096,
      -0.884849488735199,
      0.028009623289108276,
      0.9542259573936462,
      0.2977718412876129
    ],
    "userAcceleration" : [
      -0.003545556217432022,
      0.0037103891372680664,
      0.004543572664260864
    ],
    "timestamp" : 235607615468,
    "gravity" : [
      -0.028009632602334023,
      -0.954226016998291,
      -0.2977718114852905
    ]
  },
  {
    "rotationMatrix" : [
      0.9299371242523193,
      0.08508431911468506,
      -0.3577396273612976,
      -0.36667943000793457,
      0.28765320777893066,
      -0.884760856628418,
      0.027625635266304016,
      0.9539476633071899,
      0.2986980676651001
    ],
    "userAcceleration" : [
      -0.008949702605605125,
      -0.0012524127960205078,
      0.0018992722034454346
    ],
    "timestamp" : 235607625489,
    "gravity" : [
      -0.027625635266304016,
      -0.9539476633071899,
      -0.2986980378627777
    ]
  },
  {
    "rotationMatrix" : [
      0.9302071332931519,
      0.08581802248954773,
      -0.3568612337112427,
      -0.3660372197628021,
      0.2885461449623108,
      -0.8847359418869019,
      0.02704460918903351,
      0.953612208366394,
      0.29982027411460876
    ],
    "userAcceleration" : [
      -0.01116340234875679,
      -0.006150245666503906,
      -0.0018765926361083984
    ],
    "timestamp" : 235607635511,
    "gravity" : [
      -0.027044622227549553,
      -0.953612208366394,
      -0.29982027411460876
    ]
  },
  {
    "rotationMatrix" : [
      0.9304891228675842,
      0.08667358756065369,
      -0.3559180200099945,
      -0.3653704524040222,
      0.289482057094574,
      -0.8847058415412903,
      0.026351213455200195,
      0.9532510638237,
      0.30102789402008057
    ],
    "userAcceleration" : [
      -0.005249744281172752,
      -0.008144021034240723,
      -0.009305447340011597
    ],
    "timestamp" : 235607645533,
    "gravity" : [
      -0.026351220905780792,
      -0.9532511234283447,
      -0.30102789402008057
    ]
  },
  {
    "rotationMatrix" : [
      0.9307175874710083,
      0.0875498503446579,
      -0.35510528087615967,
      -0.3648378849029541,
      0.2903442084789276,
      -0.8846430778503418,
      0.025652363896369934,
      0.9529087543487549,
      0.3021699786186218
    ],
    "userAcceleration" : [
      -0.0021339096128940582,
      -0.006655335426330566,
      -0.018081605434417725
    ],
    "timestamp" : 235607655555,
    "gravity" : [
      -0.025652369484305382,
      -0.9529087543487549,
      -0.3021699786186218
    ]
  },
  {
    "rotationMatrix" : [
      0.9309287071228027,
      0.08832533657550812,
      -0.35435912013053894,
      -0.3643453121185303,
      0.2910037934780121,
      -0.8846292495727539,
      0.02498459815979004,
      0.9526358842849731,
      0.30308473110198975
    ],
    "userAcceleration" : [
      -0.0060365572571754456,
      -0.007034957408905029,
      -0.027954787015914917
    ],
    "timestamp" : 235607665576,
    "gravity" : [
      -0.024984586983919144,
      -0.9526358842849731,
      -0.30308473110198975
    ]
  },
  {
    "rotationMatrix" : [
      0.931144118309021,
      0.08895249664783478,
      -0.3536355495452881,
      -0.3638353943824768,
      0.2914762794971466,
      -0.8846837282180786,
      0.02438153326511383,
      0.9524332284927368,
      0.3037704825401306
    ],
    "userAcceleration" : [
      -0.006578586995601654,
      -0.008504152297973633,
      -0.030595481395721436
    ],
    "timestamp" : 235607675598,
    "gravity" : [
      -0.024381525814533234,
      -0.9524332284927368,
      -0.3037704527378082
    ]
  },
  {
    "rotationMatrix" : [
      0.9313632845878601,
      0.0894736647605896,
      -0.3529261350631714,
      -0.3633114993572235,
      0.29179003834724426,
      -0.8847954869270325,
      0.02381439507007599,
      0.9522882103919983,
      0.30426937341690063
    ],
    "userAcceleration" : [
      -0.007527196779847145,
      -0.011685669422149658,
      -0.032431185245513916
    ],
    "timestamp" : 235607685620,
    "gravity" : [
      -0.02381439134478569,
      -0.9522882699966431,
      -0.30426934361457825
    ]
  },
  {
    "rotationMatrix" : [
      0.9315635561943054,
      0.08997063338756561,
      -0.3522706925868988,
      -0.36283600330352783,
      0.2919439673423767,
      -0.884939968585968,
      0.023224681615829468,
      0.9521942734718323,
      0.30460894107818604
    ],
    "userAcceleration" : [
      -0.008574659004807472,
      -0.0156705379486084,
      -0.028398990631103516
    ],
    "timestamp" : 235607695642,
    "gravity" : [
      -0.02322467975318432,
      -0.952194333076477,
      -0.30460891127586365
    ]
  },
  {
    "rotationMatrix" : [
      0.931835949420929,
      0.09044870734214783,
      -0.3514268398284912,
      -0.3621778190135956,
      0.2920246124267578,
      -0.8851828575134277,
      0.02256159484386444,
      0.9521242380142212,
      0.30487754940986633
    ],
    "userAcceleration" : [
      -0.0042481254786252975,
      -0.019112884998321533,
      -0.02404099702835083
    ],
    "timestamp" : 235607705664,
    "gravity" : [
      -0.02256159298121929,
      -0.9521241784095764,
      -0.30487754940986633
    ]
  },
  {
    "rotationMatrix" : [
      0.9321939945220947,
      0.09092600643634796,
      -0.3503524363040924,
      -0.3613015413284302,
      0.2920626103878021,
      -0.8855283856391907,
      0.02180725336074829,
      0.9520670771598816,
      0.30511072278022766
    ],
    "userAcceleration" : [
      -0.002240622416138649,
      -0.018559634685516357,
      -0.020115196704864502
    ],
    "timestamp" : 235607715685,
    "gravity" : [
      -0.02180725336074829,
      -0.9520671367645264,
      -0.30511072278022766
    ]
  },
  {
    "rotationMatrix" : [
      0.9326196908950806,
      0.09140177071094513,
      -0.3490934371948242,
      -0.36024999618530273,
      0.2920830547809601,
      -0.8859500288963318,
      0.020986884832382202,
      0.9520153403282166,
      0.3053298890590668
    ],
    "userAcceleration" : [
      0.00574333593249321,
      -0.012034893035888672,
      -0.01315164566040039
    ],
    "timestamp" : 235607725707,
    "gravity" : [
      -0.020986879244446754,
      -0.9520152807235718,
      -0.30532991886138916
    ]
  },
  {
    "rotationMatrix" : [
      0.9330901503562927,
      0.09181809425354004,
      -0.3477242588996887,
      -0.3590754568576813,
      0.2921179234981537,
      -0.8864151239395142,
      0.020187482237815857,
      0.9519644975662231,
      0.3055419921875
    ],
    "userAcceleration" : [
      0.012130822986364365,
      -0.010071516036987305,
      -0.005935758352279663
    ],
    "timestamp" : 235607735729,
    "gravity" : [
      -0.020187485963106155,
      -0.9519644975662231,
      -0.3055419921875
    ]
  },
  {
    "rotationMatrix" : [
      0.9335798025131226,
      0.09212425351142883,
      -0.34632623195648193,
      -0.35783904790878296,
      0.2921982407569885,
      -0.8868885636329651,
      0.019491925835609436,
      0.9519103169441223,
      0.3057560324668884
    ],
    "userAcceleration" : [
      0.01636386103928089,
      -0.006082117557525635,
      -0.0013882219791412354
    ],
    "timestamp" : 235607745751,
    "gravity" : [
      -0.019491922110319138,
      -0.9519102573394775,
      -0.3057560622692108
    ]
  },
  {
    "rotationMatrix" : [
      0.9340376853942871,
      0.09232544898986816,
      -0.345035582780838,
      -0.35667213797569275,
      0.2923094630241394,
      -0.8873218894004822,
      0.01893475651741028,
      0.9518566727638245,
