[
  {
    "rotationMatrix" : [
      -0.8977773785591125,
      -0.05269850790500641,
      0.4372848868370056,
      0.43634456396102905,
      0.02880401536822319,
      0.8993183374404907,
      -0.05998821556568146,
      0.9981948137283325,
      -0.002864588052034378
    ],
    "gravity" : [
      0.05998822674155235,
      -0.9981948137283325,
      0.00286458944901824
    ],
    "userAcceleration" : [
      0.03202230855822563,
      0.027018845081329346,
      -0.023555517196655273
    ],
    "timestamp" : 235596992411
  },
  {
    "rotationMatrix" : [
      -0.8948566913604736,
      -0.050834402441978455,
      0.4434492588043213,
      0.44257867336273193,
      0.027882184833288193,
      0.8962960839271545,
      -0.05792699754238129,
      0.9983177781105042,
      -0.0024522878229618073
    ],
    "gravity" : [
      0.05792700871825218,
      -0.9983177781105042,
      0.002452325075864792
    ],
    "userAcceleration" : [
      0.008067276328802109,
      0.006252467632293701,
      -0.017055034637451172
    ],
    "timestamp" : 235597002433
  },
  {
    "rotationMatrix" : [
      -0.8919897079467773,
      -0.048937439918518066,
      0.4493992030620575,
      0.4486028254032135,
      0.026814326643943787,
      0.8933289647102356,
      -0.055767565965652466,
      0.9984418749809265,
      -0.0019647032022476196
    ],
    "gravity" : [
      0.05576757341623306,
      -0.9984418749809265,
      0.0019647006411105394
    ],
    "userAcceleration" : [
      -0.014614585787057877,
      -0.013276815414428711,
      -0.022548794746398926
    ],
    "timestamp" : 235597012455
  },
  {
    "rotationMatrix" : [
      -0.8891902565956116,
      -0.047099485993385315,
      0.4551069736480713,
      0.4543723464012146,
      0.025899790227413177,
      0.8904352784156799,
      -0.05372624099254608,
      0.9985544085502625,
      -0.0016291514039039612
    ],
    "gravity" : [
      0.05372624471783638,
      -0.9985543489456177,
      0.001629160949960351
    ],
    "userAcceleration" : [
      -0.0376281775534153,
      -0.022548556327819824,
      -0.04287374019622803
    ],
    "timestamp" : 235597022477
  },
  {
    "rotationMatrix" : [
      -0.8865480422973633,
      -0.04526670277118683,
      0.46041613817214966,
      0.4597136974334717,
      0.02548591047525406,
      0.8877012133598328,
      -0.051917389035224915,
      0.9986496567726135,
      -0.0017845258116722107
    ],
    "gravity" : [
      0.051917389035224915,
      -0.9986496567726135,
      0.001784503343515098
    ],
    "userAcceleration" : [
      -0.04978114366531372,
      -0.0012739300727844238,
      -0.056960344314575195
    ],
    "timestamp" : 235597032499
  },
  {
    "rotationMatrix" : [
      -0.8840718865394592,
      -0.043277427554130554,
      0.46534234285354614,
      0.4646415710449219,
      0.025658350437879562,
      0.8851268291473389,
      -0.05024588108062744,
      0.998733401298523,
      -0.0025751180946826935
    ],
    "gravity" : [
      0.05024588108062744,
      -0.9987334609031677,
      0.002575116930529475
    ],
    "userAcceleration" : [
      -0.048109620809555054,
      -0.0011901259422302246,
      -0.05775094032287598
    ],
    "timestamp" : 235597042520
  },
  {
    "rotationMatrix" : [
      -0.8817847371101379,
      -0.041072458028793335,
      0.4698602557182312,
      0.4691418707370758,
      0.026262316852808,
      0.8827322721481323,
      -0.04859559237957001,
      0.9988110065460205,
      -0.003888871520757675
    ],
    "gravity" : [
      0.048595596104860306,
      -0.9988109469413757,
      0.003888884326443076
    ],
    "userAcceleration" : [
      -0.03013242781162262,
      0.009202241897583008,
      -0.045713186264038086
    ],
    "timestamp" : 235597052542
  },
  {
    "rotationMatrix" : [
      -0.8796456456184387,
      -0.038821667432785034,
      0.47404271364212036,
      0.4733021557331085,
      0.02703242376446724,
      0.8804852366447449,
      -0.046996474266052246,
      0.9988804459571838,
      -0.005404602736234665
    ],
    "gravity" : [
      0.046996451914310455,
      -0.9988804459571838,
      0.0054045552387833595
    ],
    "userAcceleration" : [
      -0.02288752794265747,
      0.016382277011871338,
      -0.02069389820098877
    ],
    "timestamp" : 235597062564
  },
  {
    "rotationMatrix" : [
      -0.8776295781135559,
      -0.03670892119407654,
      0.47793203592300415,
      0.47718188166618347,
      0.02759294956922531,
      0.8783713579177856,
      -0.04543161392211914,
      0.9989451169967651,
      -0.006699688732624054
    ],
    "gravity" : [
      0.04543163627386093,
      -0.9989450573921204,
      0.006699698977172375
    ],
    "userAcceleration" : [
      -0.020956508815288544,
      0.016309499740600586,
      0.009261013008654118
    ],
    "timestamp" : 235597072586
  },
  {
    "rotationMatrix" : [
      -0.875627338886261,
      -0.034735724329948425,
      0.4817366898059845,
      0.48099642992019653,
      0.027755551040172577,
      0.8762831091880798,
      -0.043809205293655396,
      0.9990110993385315,
      -0.007595784962177277
    ],
    "gravity" : [
      0.0438091941177845,
      -0.9990110397338867,
      0.007595772389322519
    ],
    "userAcceleration" : [
      -0.020524248480796814,
      0.017748892307281494,
      0.02592778205871582
    ],
    "timestamp" : 235597082607
  },
  {
    "rotationMatrix" : [
      -0.8735232353210449,
      -0.03275381028652191,
      0.48567914962768555,
      0.4849626421928406,
      0.0276326946914196,
      0.8740981817245483,
      -0.04205067455768585,
      0.9990813732147217,
      -0.008253354579210281
    ],
    "gravity" : [
      0.042050667107105255,
      -0.9990813732147217,
      0.008253393694758415
    ],
    "userAcceleration" : [
      -0.02630356326699257,
      0.02575385570526123,
      0.03326570987701416
    ],
    "timestamp" : 235597092629
  },
  {
    "rotationMatrix" : [
      -0.8711529970169067,
      -0.030562877655029297,
      0.49005940556526184,
      0.489371120929718,
      0.02747148647904396,
      0.8716427683830261,
      -0.04010257124900818,
      0.9991552233695984,
      -0.008975204080343246
    ],
    "gravity" : [
      0.04010256379842758,
      -0.9991552829742432,
      0.008975225500762463
    ],
    "userAcceleration" : [
      -0.0235619954764843,
      0.03177863359451294,
      0.03214716911315918
    ],
    "timestamp" : 235597102651
  },
  {
    "rotationMatrix" : [
      -0.8683905005455017,
      -0.027877792716026306,
      0.4950961768627167,
      0.49444031715393066,
      0.027358267456293106,
      0.868780791759491,
      -0.03776457905769348,
      0.9992367625236511,
      -0.009973492473363876
    ],
    "gravity" : [
      0.03776459023356438,
      -0.9992367625236511,
      0.009973530657589436
    ],
    "userAcceleration" : [
      -0.010115649551153183,
      0.043533146381378174,
      0.03128623962402344
    ],
    "timestamp" : 235597112673
  },
  {
    "rotationMatrix" : [
      -0.8652184009552002,
      -0.024547502398490906,
      0.5007938742637634,
      0.5001773238182068,
      0.027313776314258575,
      0.8654921054840088,
      -0.0349242240190506,
      0.9993255138397217,
      -0.01135426014661789
    ],
    "gravity" : [
      0.03492424637079239,
      -0.9993254542350769,
      0.011354278773069382
    ],
    "userAcceleration" : [
      0.0018342025578022003,
      0.05422663688659668,
      0.02906620502471924
    ],
    "timestamp" : 235597122695
  },
  {
    "rotationMatrix" : [
      -0.8617529273033142,
      -0.020647883415222168,
      0.5069074034690857,
      0.5063408017158508,
      0.027290064841508865,
      0.8619014024734497,
      -0.031629905104637146,
      0.9994142055511475,
      -0.013062220066785812
    ],
    "gravity" : [
      0.03162992373108864,
      -0.9994142055511475,
      0.01306223962455988
    ],
    "userAcceleration" : [
      0.006440792232751846,
      0.055810749530792236,
      0.028304338455200195
    ],
    "timestamp" : 235597132716
  },
  {
    "rotationMatrix" : [
      -0.858314573764801,
      -0.016514450311660767,
      0.5128581523895264,
      0.512353777885437,
      0.02715934067964554,
      0.8583450317382812,
      -0.02810397744178772,
      0.9994947910308838,
      -0.01485007256269455
    ],
    "gravity" : [
      0.028103994205594063,
      -0.999494731426239,
      0.014850111678242683
    ],
    "userAcceleration" : [
      -0.019513269886374474,
      0.03632950782775879,
      0.04395723342895508
    ],
    "timestamp" : 235597142738
  },
  {
    "rotationMatrix" : [
      -0.8550838828086853,
      -0.012586086988449097,
      0.5183365345001221,
      0.5179046392440796,
      0.026729196310043335,
      0.8550205826759338,
      -0.024616047739982605,
      0.9995633959770203,
      -0.01633712649345398
    ],
    "gravity" : [
      0.024616049602627754,
      -0.9995633959770203,
      0.016337154433131218
    ],
    "userAcceleration" : [
      -0.016025321558117867,
      0.036398231983184814,
      0.04247021675109863
    ],
    "timestamp" : 235597152760
  },
  {
    "rotationMatrix" : [
      -0.8523178100585938,
      -0.00943043828010559,
      0.5229392051696777,
      0.5225833654403687,
      0.025692373514175415,
      0.8522011041641235,
      -0.021472185850143433,
      0.9996254444122314,
      -0.016969889402389526
    ],
    "gravity" : [
      0.021472200751304626,
      -0.9996253848075867,
      0.016969921067357063
    ],
    "userAcceleration" : [
      -0.03956908732652664,
      0.01705104112625122,
      0.062330007553100586
    ],
    "timestamp" : 235597162782
  },
  {
    "rotationMatrix" : [
      -0.8500446677207947,
      -0.007437616586685181,
      0.5266579389572144,
      0.5263712406158447,
      0.023881182074546814,
      0.849919319152832,
      -0.018898576498031616,
      0.9996870756149292,
      -0.0163850337266922
    ],
    "gravity" : [
      0.01889857091009617,
      -0.9996870756149292,
      0.016385052353143692
    ],
    "userAcceleration" : [
      -0.05828145891427994,
      -0.008155882358551025,
      0.08040142059326172
    ],
    "timestamp" : 235597172803
  },
  {
    "rotationMatrix" : [
      -0.8480311632156372,
      -0.006725728511810303,
      0.5299033522605896,
      0.529670774936676,
      0.02146756649017334,
      0.8479315042495728,
      -0.017078638076782227,
      0.9997467994689941,
      -0.014642596244812012
    ],
    "gravity" : [
      0.017078647390007973,
      -0.9997467994689941,
      0.014642596244812012
    ],
    "userAcceleration" : [
      -0.07606910169124603,
      -0.01741921901702881,
      0.08362400531768799
    ],
    "timestamp" : 235597182825
  },
  {
    "rotationMatrix" : [
      -0.8460371494293213,
      -0.007058620452880859,
      0.5330768823623657,
      0.5328822135925293,
      0.01889057457447052,
      0.8459784388542175,
      -0.01604151725769043,
      0.9997965693473816,
      -0.01222054660320282
    ],
    "gravity" : [
      0.016041507944464684,
      -0.9997965097427368,
      0.012220550328493118
    ],
    "userAcceleration" : [
      -0.08351583778858185,
      -0.018742799758911133,
      0.06743025779724121
    ],
    "timestamp" : 235597192847
  },
  {
    "rotationMatrix" : [
      -0.8437460660934448,
      -0.007935285568237305,
      0.5366834402084351,
      0.536514163017273,
      0.016667909920215607,
      0.8437265157699585,
      -0.015640556812286377,
      0.9998294115066528,
      -0.009805850684642792
    ],
    "gravity" : [
      0.015640538185834885,
      -0.9998294711112976,
      0.009805877692997456
    ],
    "userAcceleration" : [
      -0.0647890567779541,
      -0.013781189918518066,
      0.045171499252319336
    ],
    "timestamp" : 235597202869
  },
  {
    "rotationMatrix" : [
      -0.8411535024642944,
      -0.008866935968399048,
      0.540723443031311,
      0.5405703783035278,
      0.015096813440322876,
      0.8411632180213928,
      -0.015621691942214966,
      0.9998466372489929,
      -0.007905334234237671
    ],
    "gravity" : [
      0.015621697530150414,
      -0.9998465776443481,
      0.007905324921011925
    ],
    "userAcceleration" : [
      -0.03692294657230377,
      0.0028527379035949707,
      0.03408682346343994
    ],
    "timestamp" : 235597212891
  },
  {
    "rotationMatrix" : [
      -0.8380929231643677,
      -0.009495943784713745,
      0.5454448461532593,
      0.5453028678894043,
      0.01410551369190216,
      0.8381204009056091,
      -0.015652477741241455,
      0.9998554587364197,
      -0.006643578410148621
    ],
    "gravity" : [
      0.01565251126885414,
      -0.9998553991317749,
      0.0066435979679226875
    ],
    "userAcceleration" : [
      -0.006985500454902649,
      0.024269580841064453,
      0.03409731388092041
    ],
    "timestamp" : 235597222912
  },
  {
    "rotationMatrix" : [
      -0.8348858952522278,
      -0.009742319583892822,
      0.5503362417221069,
      0.5502051115036011,
      0.013324692845344543,
      0.8349230289459229,
      -0.015467017889022827,
      0.9998636245727539,
      -0.005763992667198181
    ],
    "gravity" : [
      0.015467041172087193,
      -0.9998635649681091,
      0.0057640052400529385
    ],
    "userAcceleration" : [
      0.01755300909280777,
      0.03184622526168823,
      0.037220001220703125
    ],
    "timestamp" : 235597232934
  },
  {
    "rotationMatrix" : [
      -0.8316904902458191,
      -0.009787708520889282,
      0.5551532506942749,
      0.5550355911254883,
      0.012440092861652374,
      0.8317335844039917,
      -0.015046924352645874,
      0.9998747110366821,
      -0.004913739860057831
    ],
    "gravity" : [
      0.015046920627355576,
      -0.9998746514320374,
      0.00491370027884841
    ],
    "userAcceleration" : [
      0.024519139900803566,
      0.035351455211639404,
      0.03831446170806885
    ],
    "timestamp" : 235597242956
  },
  {
    "rotationMatrix" : [
      -0.8287043571472168,
      -0.009859979152679443,
      0.5595992207527161,
      0.5594978332519531,
      0.01133410632610321,
      0.8287540674209595,
      -0.014513969421386719,
      0.9998869895935059,
      -0.0038756877183914185
    ],
    "gravity" : [
      0.014513961970806122,
      -0.9998869895935059,
      0.0038756958674639463
    ],
    "userAcceleration" : [
      0.01731589064002037,
      0.032479941844940186,
      0.0380859375
    ],
    "timestamp" : 235597252978
  },
  {
    "rotationMatrix" : [
      -0.8261746168136597,
      -0.01018744707107544,
      0.5633220076560974,
      0.5632389187812805,
      0.00999961793422699,
      0.8262335062026978,
      -0.01405024528503418,
      0.9998980760574341,
      -0.0025234371423721313
    ],
    "gravity" : [
      0.014050217345356941,
      -0.9998980760574341,
      0.0025233773048967123
    ],
    "userAcceleration" : [
      0.009524652734398842,
      0.030736148357391357,
      0.04125404357910156
    ],
    "timestamp" : 235597262999
  },
  {
    "rotationMatrix" : [
      -0.8240470886230469,
      -0.01090434193611145,
      0.5664163827896118,
      0.5663542747497559,
      0.00842556357383728,
      0.8241188526153564,
      -0.013758867979049683,
      0.9999051094055176,
      -0.0007673799991607666
    ],
    "gravity" : [
      0.01375886332243681,
      -0.9999050498008728,
      0.0007673893123865128
    ],
    "userAcceleration" : [
      0.0023391973227262497,
      0.03387117385864258,
      0.04842686653137207
    ],
    "timestamp" : 235597273021
  },
  {
    "rotationMatrix" : [
      -0.822371780872345,
      -0.011963725090026855,
      0.5688247084617615,
      0.5687872171401978,
      0.006661832332611084,
      0.8224577307701111,
      -0.01362907886505127,
      0.9999062418937683,
      0.0013263225555419922
    ],
    "gravity" : [
      0.013629071414470673,
      -0.9999062418937683,
      -0.001326321391388774
    ],
    "userAcceleration" : [
      0.000210687518119812,
      0.036329030990600586,
      0.05639523267745972
    ],
    "timestamp" : 235597283043
  },
  {
    "rotationMatrix" : [
      -0.8207502365112305,
      -0.013218969106674194,
      0.5711337924003601,
      0.5711245536804199,
      0.0048336610198020935,
      0.8208490610122681,
      -0.013611376285552979,
      0.9999008178710938,
      0.003582678735256195
    ],
    "gravity" : [
      0.013611368834972382,
      -0.9999008178710938,
      -0.00358264590613544
    ],
    "userAcceleration" : [
      0.004790768958628178,
      0.041267573833465576,
      0.06919538974761963
    ],
    "timestamp" : 235597293065
  },
  {
    "rotationMatrix" : [
      -0.818848192691803,
      -0.014509648084640503,
      0.5738261342048645,
      0.5738474130630493,
      0.0030638203024864197,
      0.818956196308136,
      -0.013640761375427246,
      0.9998897910118103,
      0.0058178529143333435
    ],
    "gravity" : [
      0.013640754856169224,
      -0.9998898506164551,
      -0.005817906465381384
    ],
    "userAcceleration" : [
      0.007843643426895142,
      0.039395034313201904,
      0.08185243606567383
    ],
    "timestamp" : 235597303087
  },
  {
    "rotationMatrix" : [
      -0.816470205783844,
      -0.01567569375038147,
      0.5771744251251221,
      0.5772250890731812,
      0.001534588634967804,
      0.816583514213562,
      -0.013686209917068481,
      0.9998757839202881,
      0.007795639336109161
    ],
    "gravity" : [
      0.01368621364235878,
      -0.9998758435249329,
      -0.007795692887157202
    ],
    "userAcceleration" : [
      0.0018015000969171524,
      0.029706895351409912,
      0.08117520809173584
    ],
    "timestamp" : 235597313108
  },
  {
    "rotationMatrix" : [
      -0.813595712184906,
      -0.016685396432876587,
      0.5811913013458252,
      0.5812661647796631,
      0.00044139474630355835,
      0.8137132525444031,
      -0.013833612203598022,
      0.9998605847358704,
      0.00933971256017685
    ],
    "gravity" : [
      0.013833616860210896,
      -0.9998605847358704,
      -0.009339680895209312
    ],
    "userAcceleration" : [
      -0.005853223614394665,
      0.015470445156097412,
      0.06936776638031006
    ],
    "timestamp" : 235597323130
  },
  {
    "rotationMatrix" : [
      -0.8106337189674377,
      -0.017743080854415894,
      0.5852844715118408,
      0.5853809118270874,
      -0.0002986043691635132,
      0.8107582926750183,
      -0.014210551977157593,
      0.9998424649238586,
      0.010628655552864075
    ],
    "gravity" : [
      0.014210538938641548,
      -0.9998425245285034,
      -0.010628610849380493
    ],
    "userAcceleration" : [
      -0.012104778550565243,
      0.008646905422210693,
      0.0715569257736206
    ],
    "timestamp" : 235597333152
  },
  {
    "rotationMatrix" : [
      -0.8078010678291321,
      -0.019215315580368042,
      0.5891416668891907,
      0.5892655849456787,
      -0.0009943172335624695,
      0.8079386353492737,
      -0.014938950538635254,
      0.9998148083686829,
      0.012126274406909943
    ],
    "gravity" : [
      0.014938962645828724,
      -0.9998148083686829,
      -0.012126238085329533
    ],
    "userAcceleration" : [
      -0.012833209708333015,
      0.008619189262390137,
      0.07305455207824707
    ],
    "timestamp" : 235597343174
  },
  {
    "rotationMatrix" : [
      -0.8054075241088867,
      -0.02130836248397827,
      0.5923377871513367,
      0.592505931854248,
      -0.0020271316170692444,
      0.8055633306503296,
      -0.015964388847351074,
      0.9997707605361938,
      0.014258287847042084
    ],
    "gravity" : [
      0.01596439629793167,
      -0.9997707605361938,
      -0.014258240349590778
    ],
    "userAcceleration" : [
      -0.0014380067586898804,
      0.010040044784545898,
      0.08447915315628052
    ],
    "timestamp" : 235597353195
  },
  {
    "rotationMatrix" : [
      -0.8032174706459045,
      -0.024023234844207764,
      0.5952006578445435,
      0.5954375267028809,
      -0.003565385937690735,
      0.8033934831619263,
      -0.017177879810333252,
      0.9997048377990723,
      0.017168506979942322
    ],
    "gravity" : [
      0.01717788353562355,
      -0.9997048377990723,
      -0.017168452963232994
    ],
    "userAcceleration" : [
      0.010349011048674583,
      0.011667966842651367,
      0.08438336849212646
    ],
    "timestamp" : 235597363217
  },
  {
    "rotationMatrix" : [
      -0.8012701869010925,
      -0.027173370122909546,
      0.5976845026016235,
      0.5980168581008911,
      -0.005537658929824829,
      0.8014641404151917,
      -0.018468528985977173,
      0.9996151328086853,
      0.020687729120254517
    ],
    "gravity" : [
      0.018468545749783516,
      -0.9996151924133301,
      -0.020687716081738472
    ],
    "userAcceleration" : [
      0.017435429617762566,
      0.01397395133972168,
      0.07729780673980713
    ],
    "timestamp" : 235597373239
  },
  {
    "rotationMatrix" : [
      -0.7994579076766968,
      -0.030417919158935547,
      0.5999512672424316,
      0.6003994345664978,
      -0.007740303874015808,
      0.799662709236145,
      -0.01968023180961609,
      0.9995071887969971,
      0.02445109188556671
    ],
    "gravity" : [
      0.019680244848132133,
      -0.9995071887969971,
      -0.024451088160276413
    ],
    "userAcceleration" : [
      0.023517411202192307,
      0.01769578456878662,
      0.05661654472351074
    ],
    "timestamp" : 235597383261
  },
  {
    "rotationMatrix" : [
      -0.7976605296134949,
      -0.03339293599128723,
      0.6021818518638611,
      0.6027522087097168,
      -0.00989598035812378,
      0.7978671193122864,
      -0.020684003829956055,
      0.9993934035301208,
      0.02802109718322754
    ],
    "gravity" : [
      0.02068401873111725,
      -0.9993933439254761,
      -0.02802114002406597
    ],
    "userAcceleration" : [
      0.01958395168185234,
      0.020252108573913574,
      0.03885483369231224
    ],
    "timestamp" : 235597393283
  },
  {
    "rotationMatrix" : [
      -0.7956764101982117,
      -0.035836488008499146,
      0.6046607494354248,
      0.6053422689437866,
      -0.011715345084667206,
      0.7958789467811584,
      -0.02143767476081848,
      0.9992889761924744,
      0.031015045940876007
    ],
    "gravity" : [
      0.021437661722302437,
      -0.9992889761924744,
      -0.031015021726489067
    ],
    "userAcceleration" : [
      0.001420043408870697,
      0.01787424087524414,
      0.029840052127838135
    ],
    "timestamp" : 235597403304
  },
  {
    "rotationMatrix" : [
      -0.7932252883911133,
      -0.037559717893600464,
      0.6077688336372375,
      0.6085340976715088,
      -0.012988798320293427,
      0.7934213876724243,
      -0.021906495094299316,
      0.999210000038147,
      0.03315938264131546
    ],
    "gravity" : [
      0.021906506270170212,
      -0.999210000038147,
      -0.03315937891602516
    ],
    "userAcceleration" : [
      -0.012476535513997078,
      0.010837197303771973,
      0.019304390996694565
    ],
    "timestamp" : 235597413326
  },
  {
    "rotationMatrix" : [
      -0.7906486392021179,
      -0.03856545686721802,
      0.6110544204711914,
      0.6118693351745605,
      -0.013660281896591187,
      0.7908409237861633,
      -0.022151947021484375,
      0.9991627335548401,
      0.03439745306968689
    ],
    "gravity" : [
      0.02215195633471012,
      -0.9991626739501953,
      -0.034397490322589874
    ],
    "userAcceleration" : [
      -0.016521437093615532,
      0.002595961093902588,
      0.018818259239196777
    ],
    "timestamp" : 235597423348
  },
  {
    "rotationMatrix" : [
      -0.7880591750144958,
      -0.03915148973464966,
      0.614352822303772,
      0.615196168422699,
      -0.013987265527248383,
      0.7882497906684875,
      -0.022267907857894897,
      0.9991351962089539,
      0.03510890156030655
    ],
    "gravity" : [
      0.02226792462170124,
      -0.9991352558135986,
      -0.03510891646146774
    ],
    "userAcceleration" : [
      -0.0086875781416893,
      -0.009958863258361816,
      0.03845054283738136
    ],
    "timestamp" : 235597433370
  },
  {
    "rotationMatrix" : [
      -0.7856808304786682,
      -0.039751648902893066,
      0.6173529624938965,
      0.6182277202606201,
      -0.014404766261577606,
      0.7858667373657227,
      -0.02234649658203125,
      0.9991055727005005,
      0.035893507301807404
    ],
    "gravity" : [
      0.022346528246998787,
      -0.9991055130958557,
      -0.035893507301807404
    ],
    "userAcceleration" : [
      0.0164260882884264,
      -0.038430869579315186,
      0.09804248809814453
    ],
    "timestamp" : 235597443392
  },
  {
    "rotationMatrix" : [
      -0.7834278345108032,
      -0.04073643684387207,
      0.6201459169387817,
      0.6210749745368958,
      -0.015190444886684418,
      0.7836037874221802,
      -0.022500842809677124,
      0.9990543127059937,
      0.037201203405857086
    ],
    "gravity" : [
      0.022500840947031975,
      -0.9990543127059937,
      -0.037201251834630966
    ],
    "userAcceleration" : [
      0.01627177745103836,
      -0.0384821891784668,
      0.09935027360916138
    ],
    "timestamp" : 235597453413
  },
  {
    "rotationMatrix" : [
      -0.7812671065330505,
      -0.04217714071273804,
      0.6227701902389526,
      0.6237843036651611,
      -0.016488216817378998,
      0.7814226150512695,
      -0.022689789533615112,
      0.998974084854126,
      0.03919116407632828
    ],
    "gravity" : [
      0.02268979512155056,
      -0.998974084854126,
      -0.03919118270277977
    ],
    "userAcceleration" : [
      0.02775578759610653,
      -0.03970688581466675,
      0.10738265514373779
    ],
    "timestamp" : 235597463435
  },
  {
    "rotationMatrix" : [
      -0.7788904905319214,
      -0.04400596022605896,
      0.6256140470504761,
      0.626742959022522,
      -0.01825084537267685,
      0.7790122628211975,
      -0.022863179445266724,
      0.998864471912384,
      0.04179594665765762
    ],
    "gravity" : [
      0.022863170132040977,
      -0.998864471912384,
      -0.04179595410823822
    ],
    "userAcceleration" : [
      0.025171548128128052,
      -0.040045320987701416,
      0.09636133909225464
    ],
    "timestamp" : 235597473457
  },
  {
    "rotationMatrix" : [
      -0.7763153910636902,
      -0.0460563600063324,
      0.6286596655845642,
      0.6299248933792114,
      -0.020298413932323456,
      0.7763906717300415,
      -0.022996902465820312,
      0.9987325668334961,
      0.04477012902498245
    ],
    "gravity" : [
      0.022996898740530014,
      -0.9987325668334961,
      -0.044770099222660065
    ],
    "userAcceleration" : [
      0.0021191034466028214,
      -0.043290138244628906,
      0.07074052095413208
    ],
    "timestamp" : 235597483479
  },
  {
    "rotationMatrix" : [
      -0.773533046245575,
      -0.048022180795669556,
      0.6319335103034973,
      0.6333361864089966,
      -0.022305436432361603,
      0.7735550403594971,
      -0.0230521559715271,
      0.9985970258712769,
      0.0476684495806694
    ],
    "gravity" : [
      0.02305215783417225,
      -0.9985970258712769,
      -0.0476684644818306
    ],
    "userAcceleration" : [
      -0.021404169499874115,
      -0.05177205801010132,
      0.0317077711224556
    ],
    "timestamp" : 235597493500
  },
  {
    "rotationMatrix" : [
      -0.7704201340675354,
      -0.049494147300720215,
      0.6356120109558105,
      0.6371200084686279,
      -0.023754775524139404,
      0.7703982591629028,
      -0.023031264543533325,
      0.9984917640686035,
      0.04983508586883545
    ],
    "gravity" : [
      0.02303127944469452,
      -0.9984917640686035,
      -0.049835097044706345
    ],
    "userAcceleration" : [
      -0.033498767763376236,
      -0.06760919094085693,
      -0.014465447515249252
    ],
    "timestamp" : 235597503522
  },
  {
    "rotationMatrix" : [
      -0.7672103047370911,
      -0.0502190887928009,
      0.639426589012146,
      0.6409828662872314,
      -0.02427562326192856,
      0.7671711444854736,
      -0.023004144430160522,
      0.9984431266784668,
      0.050814129412174225
    ],
    "gravity" : [
      0.02300414629280567,
      -0.9984431266784668,
      -0.050814155489206314
    ],
    "userAcceleration" : [
      -0.02419429086148739,
      -0.07492107152938843,
      -0.043393611907958984
    ],
    "timestamp" : 235597513544
  },
  {
    "rotationMatrix" : [
      -0.7641654014587402,
      -0.050245702266693115,
      0.6430599689483643,
      0.6446118354797363,
      -0.024031341075897217,
      0.764132022857666,
      -0.02294066548347473,
      0.9984475374221802,
      0.05075317621231079
    ],
    "gravity" : [
      0.022940658032894135,
      -0.9984475374221802,
      -0.05075319483876228
    ],
    "userAcceleration" : [
      -0.004584290087223053,
      -0.07065927982330322,
      -0.03315489739179611
    ],
    "timestamp" : 235597523566
  },
  {
    "rotationMatrix" : [
      -0.7613087296485901,
      -0.04987427592277527,
      0.6464682817459106,
      0.6479909420013428,
      -0.023580968379974365,
      0.7612828016281128,
      -0.022724002599716187,
      0.9984769821166992,
      0.050270676612854004
    ],
    "gravity" : [
      0.022724004462361336,
      -0.9984769821166992,
      -0.05027065798640251
    ],
    "userAcceleration" : [
      0.017589766532182693,
      -0.06068122386932373,
      0.0056844353675842285
    ],
    "timestamp" : 235597533588
  },
  {
    "rotationMatrix" : [
      -0.7584293484687805,
      -0.049327701330184937,
      0.6498854756355286,
      0.6513804197311401,
      -0.023573391139507294,
      0.7583848237991333,
      -0.022089242935180664,
      0.9985042810440063,
      0.05001015216112137
    ],
    "gravity" : [
      0.022089267149567604,
      -0.9985042214393616,
      -0.05001014098525047
    ],
    "userAcceleration" : [
      0.03354431688785553,
      -0.0461428165435791,
      0.04454750195145607
    ],
    "timestamp" : 235597543609
  },
  {
    "rotationMatrix" : [
      -0.7553011178970337,
      -0.04868817329406738,
      0.6535664200782776,
      0.6550427675247192,
      -0.024216994643211365,
      0.755203366279602,
      -0.02094191312789917,
      0.9985202550888062,
      0.05018426477909088
    ],
    "gravity" : [
      0.02094193547964096,
      -0.9985202550888062,
      -0.050184253603219986
    ],
    "userAcceleration" : [
      0.035561397671699524,
      -0.0466609001159668,
      0.06146043911576271
    ],
    "timestamp" : 235597553631
  },
  {
    "rotationMatrix" : [
      -0.7515852451324463,
      -0.0481584370136261,
      0.6578753590583801,
      0.6593457460403442,
      -0.025283746421337128,
      0.75141441822052,
      -0.019553303718566895,
      0.9985195398330688,
      0.05075616389513016
    ],
    "gravity" : [
      0.019553303718566895,
      -0.9985194802284241,
      -0.050756216049194336
    ],
    "userAcceleration" : [
      0.008980661630630493,
      -0.0536043643951416,
      0.06198663264513016
    ],
    "timestamp" : 235597563653
  },
  {
    "rotationMatrix" : [
      -0.7473891377449036,
      -0.047875285148620605,
      0.6626591682434082,
      0.6641384959220886,
      -0.026594512164592743,
      0.7471362352371216,
      -0.018146216869354248,
      0.9984991550445557,
      0.05167240649461746
    ],
    "gravity" : [
      0.018146222457289696,
      -0.9984990954399109,
      -0.05167241767048836
    ],
    "userAcceleration" : [
      -0.032519955188035965,
      -0.06270378828048706,
      0.045751988887786865
    ],
    "timestamp" : 235597573675
  },
  {
    "rotationMatrix" : [
      -0.7427440881729126,
      -0.047722578048706055,
      0.6678723096847534,
      0.6693638563156128,
      -0.02786511927843094,
      0.7424118518829346,
      -0.016819417476654053,
      0.998471736907959,
      0.052640609443187714
    ],
    "gravity" : [
      0.01681939885020256,
      -0.998471736907959,
      -0.0526406355202198
    ],
    "userAcceleration" : [
      -0.05878104269504547,
      -0.06947547197341919,
      0.009473506361246109
    ],
    "timestamp" : 235597583696
  },
  {
    "rotationMatrix" : [
      -0.7375661730766296,
      -0.04749295115470886,
      0.6736024022102356,
      0.675093412399292,
      -0.02875300496816635,
      0.7371715307235718,
      -0.015642285346984863,
      0.9984575510025024,
      0.05326960235834122
    ],
    "gravity" : [
      0.015642283484339714,
      -0.9984575510025024,
      -0.05326962471008301
    ],
    "userAcceleration" : [
      -0.06715591251850128,
      -0.05659604072570801,
      -0.02702217921614647
    ],
    "timestamp" : 235597593718
  },
  {
    "rotationMatrix" : [
      -0.7324258685112,
      -0.047021716833114624,
      0.6792206764221191,
      0.6806900501251221,
      -0.029196828603744507,
      0.7319892644882202,
      -0.01458817720413208,
      0.998466968536377,
      0.05339202284812927
    ],
    "gravity" : [
      0.014588192105293274,
      -0.9984669089317322,
      -0.05339199677109718
    ],
    "userAcceleration" : [
      -0.05279616266489029,
      -0.038489699363708496,
      -0.052015773952007294
    ],
    "timestamp" : 235597603740
  },
  {
    "rotationMatrix" : [
      -0.7274017333984375,
      -0.046351343393325806,
      0.6846444010734558,
      0.6860774755477905,
      -0.029393739998340607,
      0.7269343733787537,
      -0.013570070266723633,
      0.9984925389289856,
      0.05318181961774826
    ],
    "gravity" : [
      0.013570057228207588,
      -0.9984925985336304,
      -0.053181782364845276
    ],
    "userAcceleration" : [
      -0.02557867020368576,
      -0.022900164127349854,
      -0.05700194835662842
    ],
    "timestamp" : 235597613762
  },
  {
    "rotationMatrix" : [
      -0.7227562665939331,
      -0.045666396617889404,
      0.6895922422409058,
      0.6909894347190857,
      -0.029690787196159363,
      0.7222546339035034,
      -0.012508094310760498,
      0.998515248298645,
      0.053014472126960754
    ],
    "gravity" : [
      0.012508120387792587,
      -0.998515248298645,
      -0.053014472126960754
    ],
    "userAcceleration" : [
      -0.006877591833472252,
      -0.006642043590545654,
      -0.05056219547986984
    ],
    "timestamp" : 235597623784
  },
  {
    "rotationMatrix" : [
      -0.7187370657920837,
      -0.04528003931045532,
      0.6938055753707886,
      0.6951863765716553,
      -0.030288785696029663,
      0.7181909084320068,
      -0.011505067348480225,
      0.9985148906707764,
      0.05324801802635193
    ],
    "gravity" : [
      0.011505051515996456,
      -0.9985148906707764,
      -0.05324798822402954
    ],
    "userAcceleration" : [
      -0.01205432042479515,
      0.0010480284690856934,
      -0.047063346952199936
    ],
    "timestamp" : 235597633805
  },
  {
    "rotationMatrix" : [
      -0.7153559923171997,
      -0.04536399245262146,
      0.6972855925559998,
      0.6986799240112305,
      -0.031354352831840515,
      0.7147467136383057,
      -0.010560691356658936,
      0.9984781742095947,
      0.05412478744983673
    ],
    "gravity" : [
      0.010560700669884682,
      -0.9984781742095947,
      -0.05412476882338524
    ],
    "userAcceleration" : [
      -0.029542602598667145,
      0.007496297359466553,
      -0.04331790655851364
    ],
    "timestamp" : 235597643827
  },
  {
    "rotationMatrix" : [
      -0.7124971747398376,
      -0.04573097825050354,
      0.7001827359199524,
      0.7016093730926514,
      -0.032831162214279175,
      0.7118047475814819,
      -0.009563624858856201,
      0.9984139204025269,
      0.05547770857810974
    ],
    "gravity" : [
      0.00956360436975956,
      -0.9984139204025269,
      -0.05547773465514183
    ],
    "userAcceleration" : [
      -0.04780209809541702,
      0.004471898078918457,
      -0.05607932060956955
    ],
    "timestamp" : 235597653849
  },
  {
    "rotationMatrix" : [
      -0.7096890211105347,
      -0.045918554067611694,
      0.7030171155929565,
      0.7044640779495239,
      -0.03424215316772461,
      0.7089131474494934,
      -0.008479475975036621,
      0.9983581900596619,
      0.056649208068847656
    ],
    "gravity" : [
      0.008479495532810688,
      -0.9983581900596619,
      -0.05664915591478348
    ],
    "userAcceleration" : [
      -0.07616744190454483,
      -0.013055384159088135,
      -0.0964270830154419
    ],
    "timestamp" : 235597663871
  },
  {
    "rotationMatrix" : [
      -0.7068542838096619,
      -0.04554027318954468,
      0.7058916091918945,
      0.7073201537132263,
      -0.03503040969371796,
      0.7060247659683228,
      -0.007424861192703247,
      0.9983481168746948,
      0.05697299540042877
    ],
    "gravity" : [
      0.007424862589687109,
      -0.9983481168746948,
      -0.05697298049926758
    ],
    "userAcceleration" : [
      -0.07511279731988907,
      -0.0130653977394104,
      -0.0961032509803772
    ],
    "timestamp" : 235597673892
  },
  {
    "rotationMatrix" : [
      -0.7038611173629761,
      -0.044369637966156006,
      0.7089505195617676,
      0.7103083729743958,
      -0.03490692377090454,
      0.7030245661735535,
      -0.00644567608833313,
      0.9984051585197449,
      0.05608576536178589
    ],
    "gravity" : [
      0.006445659324526787,
      -0.9984051585197449,
      -0.05608575791120529
    ],
    "userAcceleration" : [
      -0.06665680557489395,
      -0.014839470386505127,
      -0.08484447747468948
    ],
    "timestamp" : 235597683914
  },
  {
    "rotationMatrix" : [
      -0.7004345655441284,
      -0.04261225461959839,
      0.7124429941177368,
      0.7136942148208618,
      -0.03397837281227112,
      0.6996325254440308,
      -0.005605161190032959,
      0.9985134601593018,
      0.0542120635509491
    ],
    "gravity" : [
      0.005605131387710571,
      -0.9985135197639465,
      -0.05421208217740059
    ],
    "userAcceleration" : [
      -0.04951988905668259,
      -0.005163609981536865,
      -0.054430536925792694
    ],
    "timestamp" : 235597693936
  },
  {
    "rotationMatrix" : [
      -0.6968892812728882,
      -0.040781617164611816,
      0.7160180807113647,
      0.7171620726585388,
      -0.03286530077457428,
      0.6961308717727661,
      -0.004857182502746582,
      0.9986273050308228,
      0.05215071141719818
    ],
    "gravity" : [
      0.00485715689137578,
      -0.9986273050308228,
      -0.05215068534016609
    ],
    "userAcceleration" : [
      -0.029271185398101807,
      0.008835554122924805,
      -0.011463221162557602
    ],
    "timestamp" : 235597703958
  },
  {
    "rotationMatrix" : [
      -0.6931859254837036,
      -0.03958919644355774,
      0.7196705341339111,
      0.7207461595535278,
      -0.03219728171825409,
      0.692450761795044,
      -0.0042420923709869385,
      0.99869704246521,
      0.050852611660957336
    ],
    "gravity" : [
      0.004242063034325838,
      -0.99869704246521,
      -0.050852663815021515
    ],
    "userAcceleration" : [
      -0.025222841650247574,
      0.01590907573699951,
      0.021906733512878418
    ],
    "timestamp" : 235597713980
  },
  {
    "rotationMatrix" : [
      -0.6897903084754944,
      -0.03959345817565918,
      0.7229256629943848,
      0.7239985466003418,
      -0.032343149185180664,
      0.6890427470207214,
      -0.0038998425006866455,
      0.9986922144889832,
      0.0509757399559021
    ],
    "gravity" : [
      0.0038998336531221867,
      -0.9986922144889832,
      -0.05097576975822449
    ],
    "userAcceleration" : [
      -0.030160177499055862,
      0.01360011100769043,
      0.0367698073387146
    ],
    "timestamp" : 235597724001
  },
  {
    "rotationMatrix" : [
      -0.6869340538978577,
      -0.04105174541473389,
      0.7255594730377197,
