{
  "planeAnchors" : [
    {
      "classification" : "Unknown",
      "extent" : [
        3.6499963,
        0,
        1.0000005
      ],
      "alignment" : "vertical",
      "uuid" : "EBBCDCFC-790B-4406-B0F3-B639479AE83E",
      "center" : [
        -0.5749983,
        0,
        0.099999934
      ],
      "transform" : [
        0.6777598,
        0.00124832,
        -0.73528236,
        0,
        0.7337477,
        0.06344588,
        0.6764531,
        0,
        0.047495067,
        -0.9979846,
        0.042085115,
        0,
        -4.9171147,
        -1.5976677,
        -1.7109566,
        0.99999994
      ]
    },
    {
      "classification" : "",
      "extent" : [
        0.4,
        0,
        1.1000004
      ],
      "alignment" : "vertical",
      "uuid" : "A1664712-8BD5-4742-8E00-B4552B749118",
      "center" : [
        1.4901161e-08,
        0,
        -1.4901161e-07
      ],
      "transform" : [
        -0.84974474,
        0.0011814596,
        0.52719307,
        0,
        -0.5267733,
        -0.041862525,
        -0.8489743,
        0,
        0.0210666,
        -0.99912274,
        0.036194813,
        0,
        2.094031,
        0.2962278,
        -0.2356607,
        0.99999994
      ]
    },
    {
      "transform" : [
        0.7105748,
        0.0025083707,
        0.70361716,
        0,
        -0.6990838,
        0.115903944,
        0.70558345,
        0,
        -0.079782136,
        -0.9932573,
        0.08411199,
        0,
        -0.038176503,
        -0.9580947,
        -1.2370569,
        0.99999994
      ],
      "center" : [
        0.049999937,
        0,
        -0.12500009
      ],
      "extent" : [
        0.60000014,
        0,
        0.8500002
      ],
      "classification" : "Unknown",
      "alignment" : "vertical",
      "uuid" : "95B92A58-DB51-4D96-99CB-4B88F7D25382"
    },
    {
      "transform" : [
        -0.7271946,
        0.0012027873,
        -0.68643016,
        0,
        0.68641746,
        0.0076104887,
        -0.72716796,
        0,
        0.004349441,
        -0.9999703,
        -0.0063599213,
        0,
        1.3575151,
        -1.6519783,
        -0.28339878,
        0.99999994
      ],
      "center" : [
        0.29656854,
        0,
        -0.049999967
      ],
      "extent" : [
        1.7068634,
        0,
        0.9
      ],
      "classification" : "Unknown",
      "alignment" : "vertical",
      "uuid" : "ECD07B20-0CC8-4BBF-9EAA-C529BA6A8B77"
    },
    {
      "transform" : [
        0.6854917,
        0.0006209423,
        -0.7280803,
        0,
        0.72630703,
        0.069170535,
        0.68388116,
        0,
        0.050786346,
        -0.9976047,
        0.04696482,
        0,
        -5.872703,
        -1.6278751,
        -0.53381824,
        0.99999994
      ],
      "center" : [
        0.07500112,
        0,
        -7.4505806e-08
      ],
      "extent" : [
        2.049998,
        0,
        0.9000002
      ],
      "classification" : "Wall",
      "alignment" : "vertical",
      "uuid" : "0B60D93A-38AD-4EF3-AA6F-AC436D9182C6"
    },
    {
      "classification" : "Unknown",
      "extent" : [
        0.95000035,
        0,
        2.7000008
      ],
      "alignment" : "vertical",
      "uuid" : "8E25A149-DF68-4CB2-B993-9648ADFFAAEE",
      "center" : [
        0.024999946,
        0,
        -0.60000014
      ],
      "transform" : [
        -0.7336848,
        -0.0065308926,
        -0.67945856,
        0,
        0.6790511,
        0.028887736,
        -0.7335224,
        0,
        0.024418576,
        -0.99956137,
        -0.016759682,
        0,
        0.460345,
        -1.1859903,
        -1.2686498,
        0.99999994
      ]
    },
    {
      "classification" : "Wall",
      "extent" : [
        2.3000002,
        0,
        0.9499998
      ],
      "alignment" : "vertical",
      "uuid" : "18F5B73B-34C1-437C-B694-149009DCB738",
      "center" : [
        -0.3000002,
        0,
        0.02500002
      ],
      "transform" : [
        -0.6777803,
        0.0011862345,
        0.7352636,
        0,
        -0.73318696,
        -0.07621051,
        -0.67574304,
        0,
        0.055233218,
        -0.99709105,
        0.052523706,
        0,
        -2.2047234,
        -1.5864115,
        1.2375902,
        0.99999994
      ]
    },
    {
      "classification" : "Wall",
      "extent" : [
        7.050001,
        0,
        5.6999993
      ],
      "alignment" : "vertical",
      "uuid" : "66E13301-DF5D-4D43-92B5-3455F5862447",
      "center" : [
        -2.3750005,
        0,
        -0.70000005
      ],
      "transform" : [
        -0.6700285,
        0.0001738147,
        0.7423353,
        0,
        -0.74231535,
        0.0071657165,
        -0.6700123,
        0,
        -0.005435822,
        -0.9999743,
        -0.0046722093,
        0,
        -0.23209144,
        0.2722847,
        2.3258817,
        0.99999994
      ]
    },
    {
      "classification" : "",
      "extent" : [
        0.7000002,
        0,
        0.8500002
      ],
      "alignment" : "vertical",
      "uuid" : "6AE40EB5-4D45-4481-B18C-85269480B136",
      "center" : [
        -0.0500001,
        0,
        0.024999887
      ],
      "transform" : [
        -0.6219696,
        -0.000712023,
        0.78304106,
        0,
        -0.78237385,
        -0.040719926,
        -0.6214766,
        0,
        0.03232788,
        -0.99917036,
        0.024769483,
        0,
        2.3070357,
        0.501242,
        -0.4394862,
        0.99999994
      ]
    },
    {
      "classification" : "Unknown",
      "extent" : [
        0.61316085,
        0,
        1.8000004
      ],
      "alignment" : "vertical",
      "uuid" : "4A0FC985-E53D-45BB-9242-6C51F521419C",
      "center" : [
        -0.05658047,
        0,
        -0.5000001
      ],
      "transform" : [
        -0.64749473,
        0.0020259544,
        0.7620672,
        0,
        -0.76158047,
        0.03411138,
        -0.6471719,
        0,
        -0.0273063,
        -0.999416,
        -0.020544007,
        0,
        -0.0656257,
        -1.4597347,
        -1.289573,
        0.99999994
      ]
    },
    {
      "classification" : "Unknown",
      "extent" : [
        0.35603,
        0,
        1.2000003
      ],
      "alignment" : "vertical",
      "uuid" : "A89E8EB5-B53E-4D3D-A23C-D544636BBE98",
      "center" : [
        0.03331718,
        0,
        0.099999845
      ],
      "transform" : [
        -0.8313541,
        0.0005747091,
        0.5557428,
        0,
        -0.55528235,
        0.039851774,
        -0.83070654,
        0,
        -0.022624748,
        -0.99920547,
        -0.032811806,
        0,
        0.073176995,
        -0.5770377,
        -1.4169846,
        0.99999994
      ]
    },
    {
      "classification" : "Wall",
      "extent" : [
        0.55000013,
        0,
        1.1500003
      ],
      "alignment" : "vertical",
      "uuid" : "94FBD1F2-DDFF-47DC-A3E9-F4B3C94241F7",
      "center" : [
        -0.025000095,
        0,
        -0.025000155
      ],
      "transform" : [
        -0.6623485,
        0.0023777767,
        0.74919224,
        0,
        -0.74661624,
        0.08081808,
        -0.6603277,
        0,
        -0.062118378,
        -0.99672604,
        -0.051754437,
        0,
        0.60381114,
        -0.5741772,
        1.5464443,
        0.99999994
      ]
    },
    {
      "transform" : [
        -0.8575213,
        0.0004649279,
        -0.5144482,
        0,
        0.51424056,
        0.029201787,
        -0.85714877,
        0,
        0.014624294,
        -0.9995734,
        -0.025280237,
        0,
        0.22376809,
        -0.5515826,
        -1.4679911,
        0.99999994
      ],
      "center" : [
        -0.049999997,
        0,
        0.27499992
      ],
      "extent" : [
        0.49999997,
        0,
        1.3500003
      ],
      "classification" : "Wall",
      "alignment" : "vertical",
      "uuid" : "3E33B0CB-1459-4EB4-B7EF-AA0E04499079"
    }
  ],
  "keyframeAnchors" : [
    {
      "transform" : [
        -0.039318524,
        -0.93731904,
        0.3462474,
        0,
        -0.95731235,
        -0.063972495,
        -0.28188723,
        0,
        0.2863686,
        -0.34255037,
        -0.8947918,
        0,
        1.3651811,
        -0.02500395,
        -3.4917896,
        0.99999994
      ],
      "keyframeTimestamp" : 306316.947474083,
      "uuid" : "74DFC039-03CE-44E8-A498-900DBD37CC99"
    },
    {
      "transform" : [
        0.13286811,
        -0.9792191,
        -0.15321918,
        0,
        -0.9767858,
        -0.1031618,
        -0.18774214,
        0,
        0.16803432,
        0.17460728,
        -0.9701942,
        0,
        -1.6840438,
        -0.54463685,
        -1.8974535,
        0.99999994
      ],
      "keyframeTimestamp" : 306294.721518291,
      "uuid" : "39DF285B-30D7-4A15-82A1-087CA4EAEFDC"
    },
    {
      "transform" : [
        0.18735489,
        -0.92017746,
        -0.3437611,
        0,
        -0.8994393,
        -0.020032022,
        -0.4365862,
        0,
        0.39485052,
        0.39098886,
        -0.8313968,
        0,
        1.2998703,
        -0.5212418,
        -3.4708366,
        0.99999994
      ],
      "keyframeTimestamp" : 306319.481863583,
      "uuid" : "4248466C-ADF8-4458-807B-87CBAC9F103E"
    },
    {
      "transform" : [
        0.6324357,
        -0.7205233,
        0.28437877,
        0,
        0.35554332,
        -0.0561522,
        -0.9329714,
        0,
        0.6881961,
        0.69115347,
        0.22066459,
        0,
        -0.50168586,
        0.07910697,
        -0.82875735,
        0.9999999
      ],
      "keyframeTimestamp" : 306288.785699791,
      "uuid" : "214715F3-A4DA-491D-9487-23D50657D2FA"
    },
    {
      "transform" : [
        0.2054373,
        -0.93571824,
        -0.28675243,
        0,
        -0.82973313,
        -0.011153274,
        -0.55804867,
        0,
        0.5189781,
        0.35257205,
        -0.7786878,
        0,
        0.22164434,
        -0.5053078,
        -4.2722464,
        0.99999994
      ],
      "keyframeTimestamp" : 306308.277184958,
      "uuid" : "C39CE402-C579-4FA1-9753-5B5BBB839BA9"
    },
    {
      "keyframeTimestamp" : 306295.621894958,
      "uuid" : "F5365FBF-1C6B-416A-A002-C9891816D8FE",
      "transform" : [
        0.109727845,
        -0.9922005,
        0.05914452,
        0,
        -0.99121344,
        -0.11365236,
        -0.06766824,
        0,
        0.07386243,
        -0.051199757,
        -0.9959533,
        0,
        -1.5226245,
        -0.48872462,
        -2.1167502,
        0.9999999
      ]
    },
    {
      "keyframeTimestamp" : 306287.585196166,
      "uuid" : "C5842C0D-7EA8-4A76-AB56-11FB84212DEA",
      "transform" : [
        0.6216051,
        -0.64066875,
        0.45072234,
        0,
        0.57885116,
        -0.011983457,
        -0.81534505,
        0,
        0.52776736,
        0.7677239,
        0.3634029,
        0,
        -0.254437,
        0.066552565,
        -0.4958129,
        0.99999994
      ]
    },
    {
      "keyframeTimestamp" : 306300.907438625,
      "uuid" : "7218D88E-CA87-4E20-A8F5-43DE8A3796FD",
      "transform" : [
        -0.13158587,
        -0.9367759,
        -0.32424706,
        0,
        -0.8344583,
        -0.07189862,
        0.54636055,
        0,
        -0.5351303,
        0.342464,
        -0.77223957,
        0,
        -0.8290092,
        -0.5354203,
        -3.233121,
        0.99999994
      ]
    },
    {
      "keyframeTimestamp" : 306294.087919708,
      "uuid" : "661F6548-527B-40C3-ADF5-E0DDABC7BC84",
      "transform" : [
        0.21953973,
        -0.95346266,
        -0.20666736,
        0,
        -0.9213259,
        -0.13294801,
        -0.36535367,
        0,
        0.32087508,
        0.27061766,
        -0.9076372,
        0,
        -1.6609676,
        -0.57940966,
        -1.7380915,
        0.99999994
      ]
    },
    {
      "keyframeTimestamp" : 306289.569361875,
      "uuid" : "A07A13D3-9DF4-4372-8DCD-BFF023A63C7E",
      "transform" : [
        0.68263155,
        -0.7146272,
        0.1527153,
        0,
        0.14433567,
        -0.07301177,
        -0.9868313,
        0,
        0.7163666,
        0.6956847,
        0.053306058,
        0,
        -0.6378589,
        0.062473033,
        -0.9573678,
        0.9999998
      ]
    },
    {
      "keyframeTimestamp" : 306297.339279791,
      "uuid" : "A7BE7439-1A71-4818-BC87-C3BF5736EBF8",
      "transform" : [
        0.035417378,
        -0.9919839,
        -0.121300146,
        0,
        -0.9715968,
        -0.06259549,
        0.22821322,
        0,
        -0.23397665,
        0.10977214,
        -0.9660254,
        0,
        -1.259616,
        -0.46958902,
        -2.4984841,
        0.9999999
      ]
    },
    {
      "keyframeTimestamp" : 306303.825325166,
      "uuid" : "399F580B-002C-40C7-ABB8-C6ECC9ED0DB9",
      "transform" : [
        0.15680206,
        -0.9797751,
        0.12431351,
        0,
        -0.8137619,
        -0.056844864,
        0.57841164,
        0,
        -0.55964667,
        -0.1918578,
        -0.80621713,
        0,
        -0.22301754,
        -0.31313255,
        -3.7764614,
        0.9999999
      ]
    },
    {
      "keyframeTimestamp" : 306300.37388225,
      "uuid" : "91612B55-1514-48E0-BC3B-30789D2CB409",
      "transform" : [
        -0.11495804,
        -0.8984159,
        -0.4238323,
        0,
        -0.90177894,
        -0.08456237,
        0.42384437,
        0,
        -0.4166287,
        0.43092734,
        -0.80045134,
        0,
        -0.9472896,
        -0.56509304,
        -3.1537268,
        1
      ]
    },
    {
      "keyframeTimestamp" : 306303.191727041,
      "uuid" : "5ED961C0-2ADC-4183-92F3-C55600ECDF61",
      "transform" : [
        0.19718328,
        -0.96550953,
        0.17002945,
        0,
        -0.8346608,
        -0.074357055,
        0.54572153,
        0,
        -0.5142565,
        -0.24952416,
        -0.82053506,
        0,
        -0.4423351,
        -0.33078912,
        -3.742954,
        0.9999999
      ]
    },
    {
      "keyframeTimestamp" : 306307.543545125,
      "uuid" : "8326EC69-3986-4CDA-93B5-145F22C24DCC",
      "transform" : [
        0.09356398,
        -0.92475927,
        -0.36887127,
        0,
        -0.97404283,
        -0.008319042,
        -0.22620957,
        0,
        0.20612085,
        0.3804616,
        -0.90153366,
        0,
        0.34001127,
        -0.51914424,
        -4.1881285,
        0.99999976
      ]
    },
    {
      "keyframeTimestamp" : 306313.712787833,
      "uuid" : "3C91DEFA-E477-401A-A013-5EB8F7E72A7E",
      "transform" : [
        0.07216396,
        -0.99231476,
        0.10051801,
        0,
        -0.9397423,
        -0.033879638,
        0.34020048,
        0,
        -0.33418038,
        -0.11901127,
        -0.93496513,
        0,
        0.7949724,
        -0.23703685,
        -3.8157725,
        0.99999994
      ]
    },
    {
      "keyframeTimestamp" : 306311.26176425,
      "uuid" : "E0F43671-6B15-4F7D-946A-892640F1111D",
      "transform" : [
        0.23039128,
        -0.9556525,
        -0.1834347,
        0,
        -0.6921889,
        -0.028451154,
        -0.7211553,
        0,
        0.68395483,
        0.29311937,
        -0.668047,
        0,
        0.08592886,
        -0.49349892,
        -4.4072065,
        0.99999994
      ]
    },
    {
      "keyframeTimestamp" : 306301.09084875,
      "uuid" : "9149FCE2-E983-40AF-8731-E7AC63785290",
      "transform" : [
        -0.109313995,
        -0.95100695,
        -0.28919917,
        0,
        -0.83957016,
        -0.067419484,
        0.5390512,
        0,
        -0.53213906,
        0.30172893,
        -0.7910672,
        0,
        -0.78753877,
        -0.5249252,
        -3.2620718,
        0.9999998
      ]
    },
    {
      "keyframeTimestamp" : 306315.213415833,
      "uuid" : "FD92EC51-6E63-401A-9F55-9AA1144D2486",
      "transform" : [
        0.050679836,
        -0.91094774,
        0.409397,
        0,
        -0.99603546,
        -0.016095066,
        0.087487616,
        0,
        -0.07310735,
        -0.41220784,
        -0.908152,
        0,
        1.1538731,
        -0.008179071,
        -3.6799273,
        0.99999994
      ]
    },
    {
      "keyframeTimestamp" : 306306.9432945,
      "uuid" : "79977C5C-3300-418F-90BB-59367949218B",
      "transform" : [
        0.010535494,
        -0.9368869,
        -0.34947392,
        0,
        -0.99591166,
        -0.041187756,
        0.08039473,
        0,
        -0.08971477,
        0.34719822,
        -0.9334906,
        0,
        0.4046217,
        -0.51177084,
        -4.152962,
        0.99999994
      ]
    },
    {
      "keyframeTimestamp" : 306315.86368775,
      "uuid" : "AF068274-3C69-4070-A678-B5071CA1E5C5",
      "transform" : [
        -0.009276645,
        -0.8719607,
        0.4894881,
        0,
        -0.98877555,
        -0.06499989,
        -0.13452795,
        0,
        0.14911982,
        -0.4852419,
        -0.86157054,
        0,
        1.2277818,
        0.019342933,
        -3.6360867,
        0.99999994
      ]
    },
    {
      "transform" : [
        0.62546235,
        -0.78002065,
        0.019090815,
        0,
        -0.09904145,
        -0.10363874,
        -0.98967135,
        0,
        0.7739427,
        0.6171115,
        -0.14207654,
        0,
        -0.9866015,
        -0.20783028,
        -1.3589877,
        0.9999998
      ],
      "keyframeTimestamp" : 306291.153358458,
      "uuid" : "6D96981F-F75C-4B0A-8CC3-AFD3E1B0E4AC"
    },
    {
      "transform" : [
        0.05655781,
        -0.9242969,
        -0.3774605,
        0,
        -0.996792,
        -0.0308323,
        -0.07385714,
        0,
        0.05662801,
        0.3804269,
        -0.9230757,
        0,
        0.38619915,
        -0.51795655,
        -4.161611,
        0.9999999
      ],
      "keyframeTimestamp" : 306307.210072541,
      "uuid" : "315E982B-C228-413E-96A4-3E324C04D6E8"
    },
    {
      "transform" : [
        -0.05594738,
        -0.9463125,
        -0.31837502,
        0,
        -0.96543604,
        -0.030027116,
        0.25890428,
        0,
        -0.2545642,
        0.32185578,
        -0.9119243,
        0,
        0.39585423,
        -0.4986045,
        -4.1510286,
        0.9999999
      ],
      "keyframeTimestamp" : 306306.643169125,
      "uuid" : "425D4953-0793-4AC7-B12D-AE4B7263DEFE"
    },
    {
      "transform" : [
        0.09845019,
        -0.94445866,
        -0.31353703,
        0,
        -0.9455876,
        0.009400974,
        -0.32523143,
        0,
        0.3101153,
        0.3284959,
        -0.8921429,
        0,
        1.3923904,
        -0.45061207,
        -3.3554504,
        0.99999994
      ],
      "keyframeTimestamp" : 306318.748224666,
      "uuid" : "F9EEFAC2-CAB4-4A6E-8149-317A7292515B"
    },
    {
      "transform" : [
        0.08011258,
        -0.9593619,
        -0.2705676,
        0,
        -0.9799556,
        -0.026133273,
        -0.19749406,
        0,
        0.1823975,
        0.28096604,
        -0.9422257,
        0,
        0.3334867,
        -0.4829444,
        -4.2011175,
        0.99999994
      ],
      "keyframeTimestamp" : 306312.228834666,
      "uuid" : "64C0F4CB-8D35-4642-B488-5BE0B415F506"
    },
    {
      "transform" : [
        -0.020838572,
        -0.89022416,
        -0.45504597,
        0,
        -0.9819827,
        -0.067278154,
        0.17658825,
        0,
        -0.18781774,
        0.4505272,
        -0.87278277,
        0,
        -1.0427514,
        -0.5865178,
        -3.0134604,
        0.99999994
      ],
      "keyframeTimestamp" : 306299.706936625,
      "uuid" : "FA1698F4-0EFA-4D58-BE82-EE87C14EEAA9"
    },
    {
      "transform" : [
        0.03245629,
        -0.9948448,
        -0.09607533,
        0,
        -0.953301,
        -0.059692793,
        0.29606405,
        0,
        -0.30027276,
        0.08197959,
        -0.9503239,
        0,
        0.5964078,
        -0.41126418,
        -4.0513372,
        0.9999999
      ],
      "keyframeTimestamp" : 306312.929127083,
      "uuid" : "506A62AE-2C62-432C-9FC7-9F43FEF65AA2"
    },
    {
      "transform" : [
        0.053962022,
        -0.9719564,
        -0.22888641,
        0,
        -0.9985357,
        -0.051653992,
        -0.01606726,
        0,
        0.003793809,
        0.2294183,
        -0.97332054,
        0,
        0.42818356,
        -0.4674714,
        -4.146198,
        0.99999994
      ],
      "keyframeTimestamp" : 306312.4622655,
      "uuid" : "E07B9787-E577-4CDE-9B79-FF212F9C083C"
    },
    {
      "transform" : [
        0.030709961,
        -0.89495844,
        -0.44509146,
        0,
        -0.99606127,
        -0.064458795,
        0.060883988,
        0,
        -0.083178654,
        0.44146866,
        -0.893413,
        0,
        -1.0671409,
        -0.5795626,
        -2.8487082,
        0.9999999
      ],
      "keyframeTimestamp" : 306299.256748416,
      "uuid" : "BA0BD3FE-5F4B-408A-B346-952D976F38FA"
    },
    {
      "transform" : [
        0.44163156,
        -0.8734137,
        -0.20520766,
        0,
        -0.57385826,
        -0.09916817,
        -0.8129282,
        0,
        0.6896726,
        0.4767749,
        -0.54501146,
        0,
        -1.398753,
        -0.5120369,
        -1.6425043,
        0.9999999
      ],
      "keyframeTimestamp" : 306292.987459291,
      "uuid" : "5DA86509-6108-45E6-9B90-E4F8D8E3A201"
    },
    {
      "transform" : [
        0.2718244,
        -0.93157065,
        -0.24142809,
        0,
        -0.70660734,
        -0.022893222,
        -0.70723516,
        0,
        0.65331256,
        0.36283875,
        -0.6644777,
        0,
        0.15328957,
        -0.5086964,
        -4.319141,
        0.99999976
      ],
      "keyframeTimestamp" : 306308.69402575,
      "uuid" : "91664662-6F7B-45F0-ABC6-48B1F601B87B"
    },
    {
      "transform" : [
        0.34067708,
        -0.93333983,
        -0.11320761,
        0,
        -0.31098774,
        0.0017651357,
        -0.9504121,
        0,
        0.8872574,
        0.3589899,
        -0.28965595,
        0,
        0.02637516,
        -0.5115014,
        -4.497586,
        0.9999999
      ],
      "keyframeTimestamp" : 306309.877853375,
      "uuid" : "D5CC5DD7-3DCF-4561-8106-B96D46EC2459"
    },
    {
      "keyframeTimestamp" : 306296.855744208,
      "uuid" : "28206B6C-5B03-4CBA-A22D-C07E793F5D52",
      "transform" : [
        0.094721496,
        -0.9952724,
        0.021466166,
        0,
        -0.98017025,
        -0.089470804,
        0.17680794,
        0,
        -0.17405142,
        -0.037788022,
        -0.98401123,
        0,
        -1.3149486,
        -0.4603981,
        -2.4400697,
        0.99999994
      ]
    },
    {
      "keyframeTimestamp" : 306301.774467875,
      "uuid" : "A9183C3F-DD91-4950-9A36-646FC17975F3",
      "transform" : [
        -0.017949592,
        -0.99322575,
        -0.11480649,
        0,
        -0.8293602,
        -0.04934097,
        0.55653125,
        0,
        -0.5584258,
        0.10520546,
        -0.82285625,
        0,
        -0.6242631,
        -0.47128552,
        -3.3883643,
        0.99999994
      ]
    },
    {
      "keyframeTimestamp" : 306304.6756805,
      "uuid" : "0914D28F-A499-4E0D-8529-CDF41FE73249",
      "transform" : [
        0.12430048,
        -0.98924124,
        0.07714377,
        0,
        -0.7648318,
        -0.045992244,
        0.6425862,
        0,
        -0.6321247,
        -0.1388758,
        -0.76232004,
        0,
        0.10716617,
        -0.3320845,
        -3.8497403,
        0.99999994
      ]
    },
    {
      "keyframeTimestamp" : 306293.354279583,
      "uuid" : "C9D2AEBD-CEEB-49F1-B79A-9ABBF47D4F2E",
      "transform" : [
        0.3623535,
        -0.9092613,
        -0.20480186,
        0,
        -0.68692595,
        -0.11201808,
        -0.71804196,
        0,
        0.62994635,
        0.4008688,
        -0.6651854,
        0,
        -1.5172175,
        -0.5784738,
        -1.6628112,
        0.9999998
      ]
    },
    {
      "transform" : [
        -0.008286384,
        -0.99386305,
        -0.1103076,
        0,
        -0.8179265,
        -0.056723706,
        0.5725195,
        0,
        -0.57526296,
        0.09496763,
        -0.8124369,
        0,
        0.25152662,
        -0.41473192,
        -4.0463724,
        1
      ],
      "keyframeTimestamp" : 306305.592730291,
      "uuid" : "CF7A9C3F-C389-4C89-BDD5-4688A81B6F9A"
    },
    {
      "keyframeTimestamp" : 306311.912035791,
      "uuid" : "D2076CA3-3B31-4654-819F-95BF167176BF",
      "transform" : [
        0.124371015,
        -0.9594909,
        -0.25280258,
        0,
        -0.91919816,
        -0.015472818,
        -0.3934911,
        0,
        0.3736396,
        0.28131458,
        -0.8838866,
        0,
        0.23456535,
        -0.47944692,
        -4.268128,
        0.9999999
      ]
    },
    {
      "keyframeTimestamp" : 306317.997911958,
      "uuid" : "0211B07B-01AB-4B5A-9FED-771C408CE854",
      "transform" : [
        0.013821152,
        -0.99988246,
        -0.006635157,
        0,
        -0.9149247,
        -0.009969195,
        -0.4035009,
        0,
        0.40338746,
        0.011647521,
        -0.914955,
        0,
        1.352241,
        -0.25008154,
        -3.391067,
        0.9999998
      ]
    },
    {
      "keyframeTimestamp" : 306317.631092333,
      "uuid" : "01E86D95-A96C-48E8-AE9D-7FB75F03D179",
      "transform" : [
        -0.012042245,
        -0.99569905,
        0.09186079,
        0,
        -0.92890596,
        -0.02286477,
        -0.36960858,
        0,
        0.37011936,
        -0.08978097,
        -0.92463547,
        0,
        1.3788384,
        -0.16003053,
        -3.4008,
        0.9999999
      ]
    },
    {
      "keyframeTimestamp" : 306291.6202205,
      "uuid" : "CCE6FCC2-08A1-4738-90B6-2DAC21404DCD",
      "transform" : [
        0.5865706,
        -0.80989766,
        -0.0008689259,
        0,
        -0.19338472,
        -0.13901746,
        -0.9712242,
        0,
        0.78647137,
        0.5698597,
        -0.23816542,
        0,
        -1.07106,
        -0.23634484,
        -1.4661342,
        0.99999994
      ]
    },
    {
      "keyframeTimestamp" : 306306.276349125,
      "uuid" : "1C814BC4-0340-4325-9CDB-8D092600118E",
      "transform" : [
        -0.11316327,
        -0.95740443,
        -0.26565176,
        0,
        -0.89253736,
        -0.01951854,
        0.45055068,
        0,
        -0.43654436,
        0.28808996,
        -0.8523105,
        0,
        0.35197648,
        -0.48234156,
        -4.1462855,
        0.99999994
      ]
    },
    {
      "transform" : [
        0.05722177,
        -0.97055304,
        0.23399265,
        0,
        -0.95910525,
        0.01163642,
        0.28281003,
        0,
        -0.27720493,
        -0.24060653,
        -0.93019664,
        0,
        0.917383,
        -0.1263651,
        -3.7351558,
        0.9999999
      ],
      "keyframeTimestamp" : 306314.129629125,
      "uuid" : "9FDC8CDB-56AD-4EBC-A95F-76535A7A3135"
    },
    {
      "transform" : [
        0.56972975,
        -0.59733784,
        0.5644427,
        0,
        0.7091162,
        0.01014842,
        -0.7050185,
        0,
        0.41540605,
        0.8019256,
        0.42936382,
        0,
        -0.18419431,
        0.05404286,
        -0.25528768,
        0.99999994
      ],
      "keyframeTimestamp" : 306286.451387875,
      "uuid" : "B20021A2-D5F6-409B-A59F-A4AEE1CE4CF0"
    },
    {
      "transform" : [
        0.1825203,
        -0.9588503,
        -0.21746832,
        0,
        -0.80708605,
        -0.019795755,
        -0.59010166,
        0,
        0.5615142,
        0.28322124,
        -0.7774879,
        0,
        0.14184049,
        -0.48428962,
        -4.3459053,
        0.9999999
      ],
      "keyframeTimestamp" : 306311.545215833,
      "uuid" : "E70BB6B0-DA1A-4233-B035-BDE681D93984"
    },
    {
      "transform" : [
        0.21516868,
        -0.9423442,
        -0.25630015,
        0,
        -0.757495,
        0.0045947637,
        -0.6528246,
        0,
        0.6163631,
        0.33461356,
        -0.71283245,
        0,
        0.9662808,
        -0.49972537,
        -3.772863,
        0.9999998
      ],
      "keyframeTimestamp" : 306320.282196916,
      "uuid" : "4B9CCC31-74D9-4E99-B1D1-954A72BE24BF"
    },
    {
      "transform" : [
        0.6113809,
        -0.68224293,
        0.4009464,
        0,
        0.51506776,
        -0.04157445,
        -0.85614055,
        0,
        0.600765,
        0.72994256,
        0.3259835,
        0,
        -0.35770655,
        0.07928691,
        -0.63165796,
        0.99999994
      ],
      "keyframeTimestamp" : 306288.068732083,
      "uuid" : "8C78BC1B-B69B-4CD9-AF54-36812983329A"
    },
    {
      "transform" : [
        0.11502636,
        -0.9911743,
        0.065897375,
        0,
        -0.9856006,
        -0.10559969,
        0.13205954,
        0,
        -0.123935245,
        -0.080138855,
        -0.98904884,
        0,
        -1.3431834,
        -0.45372272,
        -2.3878608,
        0.9999999
      ],
      "keyframeTimestamp" : 306296.672334291,
      "uuid" : "640FDB42-1C52-479F-B86A-B4C307191F4C"
    },
    {
      "transform" : [
        0.50288665,
        -0.8576241,
        -0.10763823,
        0,
        -0.36354643,
        -0.096887775,
        -0.92652386,
        0,
        0.7841804,
        0.505068,
        -0.36050978,
        0,
        -1.1985719,
        -0.3618369,
        -1.518932,
        0.9999999
      ],
      "keyframeTimestamp" : 306292.153777125,
      "uuid" : "526FB842-2ED4-4606-862E-CC1BF044F978"
    },
    {
      "transform" : [
        0.0522419,
        -0.99058545,
        -0.12653643,
        0,
        -0.93180174,
        -0.0027779904,
        -0.3629568,
        0,
        0.3591882,
        0.13686843,
        -0.9231744,
        0,
        1.3647411,
        -0.35224044,
        -3.372107,
        0.99999994
      ],
      "keyframeTimestamp" : 306318.364731416,
      "uuid" : "9045744A-2BD7-47FE-9E01-50B1013F0352"
    },
    {
      "transform" : [
        0.09736409,
        -0.9934131,
        0.060421243,
        0,
        -0.83831346,
        -0.049138416,
        0.5429694,
        0,
        -0.5364239,
        -0.103517696,
        -0.8375759,
        0,
        -0.53694165,
        -0.39916426,
        -3.5625732,
        0.9999999
      ],
      "keyframeTimestamp" : 306302.574802416,
      "uuid" : "684052C4-E356-4B4E-9F7B-806648E20B7D"
    },
    {
      "transform" : [
        0.057786245,
        -0.995862,
        -0.07014049,
        0,
        -0.93171066,
        -0.07903179,
        0.35449827,
        0,
        -0.35857466,
        0.044865523,
        -0.9324223,
        0,
        0.64819676,
        -0.3810355,
        -3.992194,
        0.9999998
      ],
      "keyframeTimestamp" : 306313.129210625,
      "uuid" : "CD08F051-6E05-452E-B0C9-9B42C5DF884E"
    },
    {
      "transform" : [
        0.12641491,
        -0.9901914,
        -0.059501767,
        0,
        -0.9848687,
        -0.11811485,
        -0.12681635,
        0,
        0.11854444,
        0.07463292,
        -0.99013996,
        0,
        -1.6348752,
        -0.5178588,
        -1.9875304,
        0.99999994
      ],
      "keyframeTimestamp" : 306295.121685666,
      "uuid" : "56F70115-DFE2-4334-BFD3-D05D99F52347"
    },
    {
      "keyframeTimestamp" : 306319.848683125,
      "uuid" : "8780EBD8-74B5-445C-A304-A4D14CEC0973",
      "transform" : [
        0.22729479,
        -0.92872685,
        -0.2929224,
        0,
        -0.83281416,
        -0.02947743,
        -0.552767,
        0,
        0.50473505,
        0.36959103,
        -0.780157,
        0,
        1.1475651,
        -0.51804775,
        -3.6073654,
        0.9999999
      ]
    },
    {
      "keyframeTimestamp" : 306290.269655166,
      "uuid" : "76F966AE-E0CC-4BC1-927D-BD55A882AB23",
      "transform" : [
        0.6772257,
        -0.73151755,
        0.07904012,
        0,
        0.028960977,
        -0.0808389,
        -0.9963063,
        0,
        0.73520505,
        0.6770134,
        -0.03356074,
        0,
        -0.82259476,
        -0.06686403,
        -1.1019485,
        0.9999999
      ]
    },
    {
      "keyframeTimestamp" : 306310.911618208,
      "uuid" : "1563DD04-3D57-4BBE-ABFC-24D7BBD1C364",
      "transform" : [
        0.28943664,
        -0.9468318,
        -0.1404852,
        0,
        -0.50380665,
        -0.02589821,
        -0.86342806,
        0,
        0.8138828,
        0.32068512,
        -0.4845161,
        0,
        0.050560772,
        -0.5022776,
        -4.4710464,
        0.99999994
      ]
    },
    {
      "transform" : [
        -0.02114998,
        -0.98258275,
        0.18461837,
        0,
        -0.9318343,
        -0.04753742,
        -0.35975683,
        0,
        0.36226714,
        -0.17964259,
        -0.9145988,
        0,
        1.3679508,
        -0.1029576,
        -3.4327855,
        0.99999994
      ],
      "keyframeTimestamp" : 306317.347640875,
      "uuid" : "87844774-4271-4E65-B8AC-D6445A5E106C"
    },
    {
      "keyframeTimestamp" : 306314.496449375,
      "uuid" : "D0F804E5-A4B8-46FE-B2A1-1A07F060A2CA",
      "transform" : [
        0.058122333,
        -0.9382947,
        0.3409177,
        0,
        -0.9812395,
        0.009186736,
        0.19257377,
        0,
        -0.18382281,
        -0.34571478,
        -0.9201578,
        0,
        1.0625155,
        -0.07247793,
        -3.6872983,
        0.99999994
      ]
    },
    {
      "keyframeTimestamp" : 306296.055409541,
      "uuid" : "44BAD22F-84BA-4ABA-8BFA-737FA2B484C8",
      "transform" : [
        0.12366663,
        -0.98392385,
        0.1288431,
        0,
        -0.9923237,
        -0.122551106,
        0.016581332,
        0,
        -0.00052482873,
        -0.12990463,
        -0.9915263,
        0,
        -1.4247164,
        -0.46495765,
        -2.239503,
        0.99999994
      ]
    },
    {
      "transform" : [
        -0.04011794,
        -0.9430918,
        -0.3301037,
        0,
        -0.9726022,
        -0.03885387,
        0.22920547,
        0,
        -0.22898757,
        0.3302549,
        -0.9156945,
        0,
        -1.1612859,
        -0.5343962,
        -2.5461643,
        0.99999994
      ],
      "keyframeTimestamp" : 306298.056246208,
      "uuid" : "DA1197B8-2723-435E-BFA8-7DFFEBDDE27E"
    },
    {
      "transform" : [
        0.14985378,
        -0.92726845,
        -0.34309936,
        0,
        -0.92245096,
        -0.0062274733,
        -0.38606375,
        0,
        0.35584813,
        0.37434548,
        -0.8562929,
        0,
        0.27843037,
        -0.50993955,
        -4.2284703,
        0.99999994
      ],
      "keyframeTimestamp" : 306307.910365041,
      "uuid" : "A5A56D2F-DDC3-4DBE-A743-A84ACF9F8E67"
    },
    {
      "transform" : [
        -0.0052677067,
        -0.91370064,
        -0.40635392,
        0,
        -0.9892592,
        -0.054599,
        0.13559182,
        0,
        -0.14607681,
        0.40270367,
        -0.9035992,
        0,
        -1.0744869,
        -0.56690675,
        -2.70051,
        0.99999994
      ],
      "keyframeTimestamp" : 306298.773212833,
      "uuid" : "FEEF4A3B-000A-4113-97FA-A96FA14922AF"
    },
    {
      "keyframeTimestamp" : 306309.21090825,
      "uuid" : "8707794B-6E73-473E-B7B7-7F4AA1AA1385",
      "transform" : [
        0.3155091,
        -0.93468964,
        -0.16373578,
        0,
        -0.5263523,
        -0.028811572,
        -0.8497781,
        0,
        0.7895615,
        0.3542955,
        -0.5010664,
        0,
        0.07955743,
        -0.5092621,
        -4.40135,
        0.99999994
      ]
    },
    {
      "keyframeTimestamp" : 306312.712369791,
      "uuid" : "89DEEB79-4343-4925-BB75-CA04DB4E41BF",
      "transform" : [
        0.04366612,
        -0.9861259,
        -0.16015346,
        0,
        -0.983497,
        -0.07060329,
        0.16657914,
        0,
        -0.17557532,
        0.1502366,
        -0.97293484,
        0,
        0.52646065,
        -0.44448087,
        -4.095,
        0.9999999
      ]
    },
    {
      "transform" : [
        0.28712282,
        -0.9325626,
        -0.21883248,
        0,
        -0.79314655,
        -0.1033583,
        -0.6001962,
        0,
        0.5371024,
        0.34589627,
        -0.76933527,
        0,
        -1.5842746,
        -0.59305906,
        -1.6666344,
        0.99999994
      ],
      "keyframeTimestamp" : 306293.587710583,
      "uuid" : "4D49414E-831A-4E31-B72B-7C9EDA74CB06"
    },
    {
      "transform" : [
        -0.08772616,
        -0.8881668,
        -0.45106983,
        0,
        -0.9390445,
        -0.07737152,
        0.33497602,
        0,
        -0.3324145,
        0.45296088,
        -0.82724065,
        0,
        -0.98993856,
        -0.5747672,
        -3.105173,
        0.99999994
      ],
      "keyframeTimestamp" : 306300.090430416,
      "uuid" : "0D0B4AFC-622F-4504-BD15-CCFAB464071A"
    }
  ]
}