[{"name":"306284283811.jpg","transform":[0.4315456449985504,-0.6507573127746582,0.6247265934944153,0.0,0.8152762651443481,-0.015075156465172768,-0.5788759589195251,0.0,0.3861255943775177,0.7591361403465271,0.5240413546562195,0.0,-0.02617153339087963,0.07096784561872482,0.10045299679040907,1.0],"params":{"w":1024,"h":768,"cx":520.1640376071566,"cy":386.7012906691696,"fx":714.2504644165846,"fy":714.2504644165846}},{"name":"306286451387.jpg","transform":[0.5692977905273438,-0.6010686755180359,0.5609068274497986,0.0,0.7107837200164795,0.016994711011648178,-0.7032052874565125,0.0,0.4131422340869904,0.7990166544914246,0.4369049072265625,0.0,-0.13323333859443665,0.07799340784549713,-0.16678619384765625,1.0],"params":{"w":1024,"h":768,"cx":520.1640376071566,"cy":386.7012906691696,"fx":714.2504644165846,"fy":714.2504644165846}},{"name":"306287585196.jpg","transform":[0.6202510595321655,-0.6461665034294128,0.4446993470191955,0.0,0.5810548663139343,-0.0023578146938234568,-0.8138609528541565,0.0,0.5269381999969482,0.7631928324699402,0.37399575114250183,0.0,-0.20442956686019895,0.0898883119225502,-0.4213898479938507,1.0],"params":{"w":1024,"h":768,"cx":520.1640376071566,"cy":386.7012906691696,"fx":714.2504644165846,"fy":714.2504644165846}},{"name":"306288068732.jpg","transform":[0.6101415157318115,-0.686819314956665,0.3949766457080841,0.0,0.5179031491279602,-0.03152899444103241,-0.8548580408096313,0.0,0.5995861887931824,0.726144015789032,0.33646875619888306,0.0,-0.3135741353034973,0.1043814867734909,-0.5651593208312988,1.0],"params":{"w":1024,"h":768,"cx":520.1640376071566,"cy":386.7012906691696,"fx":714.2504644165846,"fy":714.2504644165846}},{"name":"306288785699.jpg","transform":[0.6304242610931396,-0.7247723340988159,0.2779753804206848,0.0,0.3574608862400055,-0.046815574169158936,-0.9327539801597596,0.0,0.6890478730201721,0.6873960494995117,0.2295641005039215,0.0,-0.4567296802997589,0.11047258228063583,-0.7762902975082397,1.0],"params":{"w":1024,"h":768,"cx":520.1640376071566,"cy":386.7012906691696,"fx":714.2504644165846,"fy":714.2504644165846}},{"name":"306289569361.jpg","transform":[0.6798217296600342,-0.718276858329773,0.14805684983730316,0.0,0.14639997482299805,-0.06490551680326462,-0.9870938658714294,0.0,0.7186163663864136,0.6927233934402466,0.0610315278172493,0.0,-0.5916581749916077,0.09636955708265305,-0.9150022864341736,1.0],"params":{"w":1024,"h":768,"cx":520.1640376071566,"cy":386.7012906691696,"fx":714.2504644165846,"fy":714.2504644165846}},{"name":"306290269655.jpg","transform":[0.6741946339607239,-0.7348350286483765,0.07402099668979645,0.0,0.03231352940201759,-0.07077914476394653,-0.9969685077667236,0.0,0.7378464937210083,0.6745426654815674,-0.023973805829882625,0.0,-0.7844883799552917,-0.03524643927812576,-1.059623122215271,1.0],"params":{"w":1024,"h":768,"cx":520.1640376071566,"cy":386.7012906691696,"fx":714.2504644165846,"fy":714.2504644165846}},{"name":"306291153358.jpg","transform":[0.6216682195663452,-0.7831541895866394,0.01407394465059042,0.0,-0.09540197998285294,-0.09353987127542496,-0.991034209728241,0.0,0.7774490714073181,0.6147518157958984,-0.13286523520946503,0.0,-0.9578042030334472,-0.18537428975105288,-1.3327382802963257,1.0],"params":{"w":1024,"h":768,"cx":520.1640376071566,"cy":386.7012906691696,"fx":714.2504644165846,"fy":714.2504644165846}},{"name":"306291620220.jpg","transform":[0.5820245146751404,-0.8131519556045532,-0.0055961329489946365,0.0,-0.18983891606330872,-0.1291816383600235,-0.9732796549797058,0.0,0.7907013297080994,0.5675349831581116,-0.22955477237701416,0.0,-1.046931266784668,-0.22022973001003265,-1.4492698907852173,1.0],"params":{"w":1024,"h":768,"cx":520.1640376071566,"cy":386.7012906691696,"fx":714.2504644165846,"fy":714.2504644165846}},{"name":"306292153777.jpg","transform":[0.4988276660442352,-0.8592336177825928,-0.1135275736451149,0.0,-0.3594696819782257,-0.08591888844966888,-0.9291929006576538,0.0,0.7886396646499634,0.5043168663978577,-0.351727157831192,0.0,-1.178660273551941,-0.34892943501472473,-1.5051147937774658,1.0],"params":{"w":1024,"h":768,"cx":520.1640376071566,"cy":386.7012906691696,"fx":714.2504644165846,"fy":714.2504644165846}},{"name":"306292987459.jpg","transform":[0.4375456273555755,-0.874031662940979,-0.21124030649662015,0.0,-0.5699031352996826,-0.08783956617116928,-0.8170034289360046,0.0,0.6955316066741943,0.47786280512809753,-0.5365471839904785,0.0,-1.3928380012512207,-0.5121307969093323,-1.6357159614562988,1.0],"params":{"w":1024,"h":768,"cx":520.1640376071566,"cy":386.7012906691696,"fx":714.2504644165846,"fy":714.2504644165846}},{"name":"306293354279.jpg","transform":[0.35823506116867065,-0.909509003162384,-0.21085776388645172,0.0,-0.6832987070083618,-0.10150656849145888,-0.7230486273765564,0.0,0.6362157464027405,0.4031001925468445,-0.6578295230865479,0.0,-1.5163341760635376,-0.5804843306541443,-1.6624003648757937,1.0],"params":{"w":1024,"h":768,"cx":520.1640376071566,"cy":386.7012906691696,"fx":714.2504644165846,"fy":714.2504644165846}},{"name":"306293587710.jpg","transform":[0.28310176730155945,-0.9322388172149658,-0.22535355389118197,0.0,-0.7900481224060059,-0.09346003085374832,-0.6058788299560547,0.0,0.54376220703125,0.3495655059814453,-0.7629722356796265,0.0,-1.5900758504867554,-0.5991919040679932,-1.668635606765747,1.0],"params":{"w":1024,"h":768,"cx":520.1640376071566,"cy":386.7012906691696,"fx":714.2504644165846,"fy":714.2504644165846}},{"name":"306294087919.jpg","transform":[0.21687667071819303,-0.952828884124756,-0.21232429146766665,0.0,-0.9190677404403688,-0.12598058581352234,-0.37342125177383423,0.0,0.32905781269073486,0.2761267423629761,-0.9030365347862244,0.0,-1.6732244491577148,-0.5879694819450378,-1.740421175956726,1.0],"params":{"w":1024,"h":768,"cx":520.1640376071566,"cy":386.7012906691696,"fx":714.2504644165846,"fy":714.2504644165846}},{"name":"306294721518.jpg","transform":[0.13058575987815857,-0.97861248254776,-0.1589495688676834,0.0,-0.9756132364273072,-0.0983099713921547,-0.1962498426437378,0.0,0.1764262169599533,0.1807007342576981,-0.9675851464271544,0.0,-1.692097306251526,-0.5507960915565491,-1.900561809539795,1.0],"params":{"w":1024,"h":768,"cx":520.1640376071566,"cy":386.7012906691696,"fx":714.2504644165846,"fy":714.2504644165846}},{"name":"306295121685.jpg","transform":[0.12393473088741302,-0.9901187419891356,-0.06561269611120224,0.0,-0.9841190576553344,-0.1141768991947174,-0.13591645658016205,0.0,0.1270819753408432,0.08141547441482544,-0.9885452389717102,0.0,-1.643342137336731,-0.5211927890777588,-1.9900153875350952,1.0],"params":{"w":1024,"h":768,"cx":520.1640376071566,"cy":386.7012906691696,"fx":714.2504644165846,"fy":714.2504644165846}},{"name":"306295621894.jpg","transform":[0.10658566653728484,-0.9928625226020812,0.05351162329316139,0.0,-0.990821361541748,-0.1105586364865303,-0.07778063416481018,0.0,0.08314164727926254,-0.04473015666007995,-0.9955333471298218,0.0,-1.5315704345703125,-0.49639150500297546,-2.1170294284820557,1.0],"params":{"w":1024,"h":768,"cx":520.1640376071566,"cy":386.7012906691696,"fx":714.2504644165846,"fy":714.2504644165846}},{"name":"306296055409.jpg","transform":[0.11823054403066637,-0.9852370619773864,0.12381241470575333,0.0,-0.9929416179656982,-0.1184837371110916,0.005342418793588877,0.0,0.009406208992004396,-0.12357013672590256,-0.992291271686554,0.0,-1.424250841140747,-0.4739076793193817,-2.245940923690796,1.0],"params":{"w":1024,"h":768,"cx":520.1640376071566,"cy":386.7012906691696,"fx":714.2504644165846,"fy":714.2504644165846}},{"name":"306296672334.jpg","transform":[0.11136806756258012,-0.9918962121009828,0.06114824116230011,0.0,-0.9872481822967528,-0.10338381677865982,0.1210486888885498,0.0,-0.11374599486589432,-0.07384944707155228,-0.990761399269104,0.0,-1.3431209325790403,-0.4611497223377228,-2.4042551517486572,1.0],"params":{"w":1024,"h":768,"cx":520.1640376071566,"cy":386.7012906691696,"fx":714.2504644165846,"fy":714.2504644165846}},{"name":"306296855744.jpg","transform":[0.09214043617248537,-0.995610535144806,0.016426920890808105,0.0,-0.9820644855499268,-0.08813674002885818,0.16667701303958893,0.0,-0.16449756920337677,-0.031489986926317215,-0.9858747124671936,0.0,-1.3172543048858645,-0.465652197599411,-2.4566571712493896,1.0],"params":{"w":1024,"h":768,"cx":520.1640376071566,"cy":386.7012906691696,"fx":714.2504644165846,"fy":714.2504644165846}},{"name":"306297339279.jpg","transform":[0.03373681753873825,-0.9913870096206664,-0.12654487788677216,0.0,-0.9740206003189088,-0.06098422408103943,0.21809349954128265,0.0,-0.22393231093883512,0.11589953303337096,-0.967688798904419,0.0,-1.2612274885177612,-0.47087907791137695,-2.521028757095337,1.0],"params":{"w":1024,"h":768,"cx":520.1640376071566,"cy":386.7012906691696,"fx":714.2504644165846,"fy":714.2504644165846}},{"name":"306298056246.jpg","transform":[-0.039652321487665176,-0.9407563209533693,-0.3367568850517273,0.0,-0.9749323129653932,-0.03742032125592232,0.2193325161933899,0.0,-0.21894000470638275,0.3370122015476227,-0.9156899452209472,0.0,-1.1619514226913452,-0.5344303846359253,-2.556978464126587,1.0],"params":{"w":1024,"h":768,"cx":520.1640376071566,"cy":386.7012906691696,"fx":714.2504644165846,"fy":714.2504644165846}},{"name":"306298773212.jpg","transform":[-0.0048537785187363625,-0.9109477996826172,-0.412493109703064,0.0,-0.9907569885253906,-0.05153898149728775,0.12547661364078522,0.0,-0.13556212186813354,0.4092894494533539,-0.9022777080535888,0.0,-1.0702683925628662,-0.56913822889328,-2.71132493019104,1.0],"params":{"w":1024,"h":768,"cx":520.1640376071566,"cy":386.7012906691696,"fx":714.2504644165846,"fy":714.2504644165846}},{"name":"306299256748.jpg","transform":[0.032256558537483215,-0.8922728300094604,-0.4503428637981415,0.0,-0.9968190789222716,-0.06157452240586281,0.05059994012117386,0.0,-0.07287859916687012,0.4472781717777252,-0.8914207220077515,0.0,-1.0597995519638062,-0.582701563835144,-2.859808444976806,1.0],"params":{"w":1024,"h":768,"cx":520.1640376071566,"cy":386.7012906691696,"fx":714.2504644165846,"fy":714.2504644165846}},{"name":"306299706936.jpg","transform":[-0.01906862854957581,-0.8872741460800171,-0.4608480632305145,0.0,-0.9837712049484252,-0.06559977680444717,0.1670054942369461,0.0,-0.17841118574142456,0.4565536379814148,-0.8716239333152771,0.0,-1.0366392135620115,-0.5891046524047852,-3.024806499481201,1.0],"params":{"w":1024,"h":768,"cx":520.1640376071566,"cy":386.7012906691696,"fx":714.2504644165846,"fy":714.2504644165846}},{"name":"306300090430.jpg","transform":[-0.08491616696119308,-0.8854954838752747,-0.4568226635456085,0.0,-0.942287266254425,-0.07765224575996399,0.32567593455314636,0.0,-0.3238578736782074,0.4581133425235748,-0.8277972340583801,0.0,-0.9874967336654664,-0.5782550573348999,-3.118757486343384,1.0],"params":{"w":1024,"h":768,"cx":520.1640376071566,"cy":386.7012906691696,"fx":714.2504644165846,"fy":714.2504644165846}},{"name":"306300373882.jpg","transform":[-0.11213330924510956,-0.8957810997962952,-0.43011900782585144,0.0,-0.9058381915092468,-0.08579962700605392,0.4148440659046173,0.0,-0.40851351618766785,0.43613606691360474,-0.8018117547035217,0.0,-0.9468358159065248,-0.568665087223053,-3.1651697158813477,1.0],"params":{"w":1024,"h":768,"cx":520.1640376071566,"cy":386.7012906691696,"fx":714.2504644165846,"fy":714.2504644165846}},{"name":"306300907438.jpg","transform":[-0.13018560409545898,-0.9342244267463684,-0.3320789337158203,0.0,-0.8397271633148193,-0.07419022172689438,0.5379164218902588,0.0,-0.5271716713905334,0.3488846719264984,-0.7748351693153381,0.0,-0.8258635997772217,-0.5385176539421082,-3.241703510284424,1.0],"params":{"w":1024,"h":768,"cx":520.1640376071566,"cy":386.7012906691696,"fx":714.2504644165846,"fy":714.2504644165846}},{"name":"306301090848.jpg","transform":[-0.1081363633275032,-0.9487295746803284,-0.29701629281044006,0.0,-0.8447787761688232,-0.06980761140584946,0.5305428504943848,0.0,-0.5240756869316101,0.3082840144634247,-0.7939178943634033,0.0,-0.784824550151825,-0.5283999443054199,-3.2697336673736572,1.0],"params":{"w":1024,"h":768,"cx":520.1640376071566,"cy":386.7012906691696,"fx":714.2504644165846,"fy":714.2504644165846}},{"name":"306301774467.jpg","transform":[-0.018895355984568596,-0.992455780506134,-0.12113840878009796,0.0,-0.8345637321472168,-0.05106508359313011,0.5485396385192871,0.0,-0.5505872368812561,0.11146257072687148,-0.8273026943206787,0.0,-0.6216885447502136,-0.4768665134906769,-3.3948442935943604,1.0],"params":{"w":1024,"h":768,"cx":520.1640376071566,"cy":386.7012906691696,"fx":714.2504644165846,"fy":714.2504644165846}},{"name":"306302574802.jpg","transform":[0.0968470573425293,-0.993784248828888,0.05489516258239746,0.0,-0.8418024778366089,-0.05235965549945831,0.537240207195282,0.0,-0.5310266017913818,-0.09824101626873016,-0.8416409492492676,0.0,-0.5401635766029358,-0.405066043138504,-3.5643558502197266,1.0],"params":{"w":1024,"h":768,"cx":520.1640376071566,"cy":386.7012906691696,"fx":714.2504644165846,"fy":714.2504644165846}},{"name":"306303191727.jpg","transform":[0.1952718645334244,-0.9666256904602052,0.16584226489067078,0.0,-0.838653028011322,-0.07690846920013428,0.5392088890075684,0.0,-0.5084584951400757,-0.24437643587589264,-0.8256816267967224,0.0,-0.4414231479167938,-0.3386477530002594,-3.746935367584229,1.0],"params":{"w":1024,"h":768,"cx":520.1640376071566,"cy":386.7012906691696,"fx":714.2504644165846,"fy":714.2504644165846}},{"name":"306303825325.jpg","transform":[0.15545372664928436,-0.9806804656982422,0.11874318867921828,0.0,-0.8173503279685974,-0.06018434837460518,0.5729889273643494,0.0,-0.5547725558280945,-0.18612805008888245,-0.8109153509140015,0.0,-0.22843483090400696,-0.3174029290676117,-3.7789065837860103,1.0],"params":{"w":1024,"h":768,"cx":520.1640376071566,"cy":386.7012906691696,"fx":714.2504644165846,"fy":714.2504644165846}},{"name":"306304675680.jpg","transform":[0.1237710639834404,-0.989677667617798,0.07224191725254059,0.0,-0.7683925628662109,-0.04952126368880272,0.6380599737167358,0.0,-0.6278961896896362,-0.13448351621627808,-0.7665902376174927,0.0,0.10012755542993546,-0.3386228382587433,-3.8523764610290527,1.0],"params":{"w":1024,"h":768,"cx":520.1640376071566,"cy":386.7012906691696,"fx":714.2504644165846,"fy":714.2504644165846}},{"name":"306305592730.jpg","transform":[-0.006999262608587742,-0.9932047128677368,-0.11616948992013933,0.0,-0.8201401829719543,-0.06076447293162346,0.5689268708229065,0.0,-0.5721198320388794,0.09925733506679536,-0.8141418099403381,0.0,0.2432261258363724,-0.4194217026233673,-4.044334888458252,1.0],"params":{"w":1024,"h":768,"cx":520.1640376071566,"cy":386.7012906691696,"fx":714.2504644165846,"fy":714.2504644165846}},{"name":"306306276349.jpg","transform":[-0.11205150187015532,-0.9555544257164,-0.2726905941963196,0.0,-0.8941296935081482,-0.022778792306780815,0.4472283124923706,0.0,-0.43356257677078247,0.29393336176872253,-0.8518372178077698,0.0,0.3443697988986969,-0.4813114106655121,-4.144066333770752,1.0],"params":{"w":1024,"h":768,"cx":520.1640376071566,"cy":386.7012906691696,"fx":714.2504644165846,"fy":714.2504644165846}},{"name":"306306643169.jpg","transform":[-0.054303910583257675,-0.9442542791366576,-0.32470744848251343,0.0,-0.965941607952118,-0.03271646425127983,0.2566835582256317,0.0,-0.25299784541130066,0.327587366104126,-0.910317838191986,0.0,0.3868978023529053,-0.4992659091949463,-4.149153232574463,1.0],"params":{"w":1024,"h":768,"cx":520.1640376071566,"cy":386.7012906691696,"fx":714.2504644165846,"fy":714.2504644165846}},{"name":"306306943294.jpg","transform":[0.012318436987698078,-0.9344492554664612,-0.3558831512928009,0.0,-0.9960348010063172,-0.04282780736684799,0.07797733694314957,0.0,-0.08810756355524063,0.35351142287254333,-0.9312715530395508,0.0,0.3987096846103668,-0.5113954544067383,-4.151344299316406,1.0],"params":{"w":1024,"h":768,"cx":520.1640376071566,"cy":386.7012906691696,"fx":714.2504644165846,"fy":714.2504644165846}},{"name":"306307210072.jpg","transform":[0.058200035244226456,-0.9215373992919922,-0.3839031159877777,0.0,-0.9966065287590028,-0.031211113557219505,-0.07616590708494186,0.0,0.058207686990499496,0.38703322410583496,-0.9202266931533812,0.0,0.382322758436203,-0.5165334343910217,-4.160091400146484,1.0],"params":{"w":1024,"h":768,"cx":520.1640376071566,"cy":386.7012906691696,"fx":714.2504644165846,"fy":714.2504644165846}},{"name":"306307543545.jpg","transform":[0.09539706259965897,-0.9217451214790344,-0.3758794963359833,0.0,-0.9736587405204772,-0.007844370789825916,-0.22787535190582275,0.0,0.2070944458246231,0.38771697878837585,-0.8982134461402893,0.0,0.3359522819519043,-0.515943169593811,-4.18652868270874,1.0],"params":{"w":1024,"h":768,"cx":520.1640376071566,"cy":386.7012906691696,"fx":714.2504644165846,"fy":714.2504644165846}},{"name":"306307910365.jpg","transform":[0.15175290405750275,-0.9246644377708436,-0.3492372930049896,0.0,-0.9214833378791808,-0.004538998007774353,-0.38839131593704224,0.0,0.35754644870758057,0.38075587153434753,-0.8527517318725586,0.0,0.27362173795700073,-0.510057270526886,-4.228800296783447,1.0],"params":{"w":1024,"h":768,"cx":520.1640376071566,"cy":386.7012906691696,"fx":714.2504644165846,"fy":714.2504644165846}},{"name":"306308277184.jpg","transform":[0.2067205309867859,-0.9334708452224731,-0.2930850088596344,0.0,-0.8279252648353577,-0.007273535709828138,-0.5607912540435791,0.0,0.5213505625724792,0.35857954621315,-0.7743476629257202,0.0,0.21636013686656952,-0.5034534931182861,-4.27679967880249,1.0],"params":{"w":1024,"h":768,"cx":520.1640376071566,"cy":386.7012906691696,"fx":714.2504644165846,"fy":714.2504644165846}},{"name":"306308694025.jpg","transform":[0.2722060978412628,-0.930021584033966,-0.24690820276737213,0.0,-0.7034409046173096,-0.017248697578907013,-0.7105444073677063,0.0,0.6565628051757813,0.3670998513698578,-0.6589104533195496,0.0,0.1479272097349167,-0.5055781006813049,-4.327317237854004,1.0],"params":{"w":1024,"h":768,"cx":520.1640376071566,"cy":386.7012906691696,"fx":714.2504644165846,"fy":714.2504644165846}},{"name":"306309210908.jpg","transform":[0.31518104672431946,-0.9338529706001282,-0.1690547913312912,0.0,-0.5222928524017334,-0.021952472627162933,-0.8524835705757141,0.0,0.7923831343650818,0.3569827973842621,-0.4946637451648712,0.0,0.07789980620145798,-0.5054836869239807,-4.407082557678223,1.0],"params":{"w":1024,"h":768,"cx":520.1640376071566,"cy":386.7012906691696,"fx":714.2504644165846,"fy":714.2504644165846}},{"name":"306309877853.jpg","transform":[0.33896559476852417,-0.9333339929580688,-0.11827907711267471,0.0,-0.3072047233581543,0.009024223312735558,-0.9516006708145142,0.0,0.8892286419868469,0.35889577865600586,-0.2836657166481018,0.0,0.02454224228858948,-0.5065792798995972,-4.505253791809082,1.0],"params":{"w":1024,"h":768,"cx":520.1640376071566,"cy":386.7012906691696,"fx":714.2504644165846,"fy":714.2504644165846}},{"name":"306310911618.jpg","transform":[0.28655609488487244,-0.9465408325195313,-0.14814212918281555,0.0,-0.502598762512207,-0.016877610236406326,-0.8643550276756287,0.0,0.8156470060348511,0.32214227318763733,-0.4805666506290436,0.0,0.04696664214134216,-0.4962036907672882,-4.483346939086914,1.0],"params":{"w":1024,"h":768,"cx":520.1640376071566,"cy":386.7012906691696,"fx":714.2504644165846,"fy":714.2504644165846}},{"name":"306311261764.jpg","transform":[0.22824110090732577,-0.9546239972114564,-0.19130870699882507,0.0,-0.690274178981781,-0.020093070343136787,-0.7232688069343567,0.0,0.6866058111190796,0.2971351444721222,-0.66353839635849,0.0,0.08771578222513199,-0.4857186377048493,-4.41594934463501,1.0],"params":{"w":1024,"h":768,"cx":520.1640376071566,"cy":386.7012906691696,"fx":714.2504644165846,"fy":714.2504644165846}},{"name":"306311545215.jpg","transform":[0.18047671020030975,-0.9574705958366394,-0.22511811554431915,0.0,-0.805311918258667,-0.012436766177415848,-0.5927209258079529,0.0,0.5647131204605103,0.28826260566711426,-0.7733070254325867,0.0,0.14517304301261902,-0.47773441672325134,-4.352261066436768,1.0],"params":{"w":1024,"h":768,"cx":520.1640376071566,"cy":386.7012906691696,"fx":714.2504644165846,"fy":714.2504644165846}},{"name":"306311912035.jpg","transform":[0.12265586853027344,-0.9576402306556702,-0.2605392336845398,0.0,-0.9177697896957396,-0.009540356695652008,-0.39699825644493103,0.0,0.37769585847854614,0.28780919313430786,-0.8800634741783142,0.0,0.2418251484632492,-0.4730775058269501,-4.271259784698486,1.0],"params":{"w":1024,"h":768,"cx":520.1640376071566,"cy":386.7012906691696,"fx":714.2504644165846,"fy":714.2504644165846}},{"name":"306312228834.jpg","transform":[0.07895196974277496,-0.9571616053581238,-0.2785825729370117,0.0,-0.9792805314064026,-0.022191163152456284,-0.2012889534235001,0.0,0.18648399412631989,0.2887026369571686,-0.9390817284584044,0.0,0.3407931923866272,-0.4763347804546356,-4.204098224639893,1.0],"params":{"w":1024,"h":768,"cx":520.1640376071566,"cy":386.7012906691696,"fx":714.2504644165846,"fy":714.2504644165846}},{"name":"306312462265.jpg","transform":[0.05357187241315842,-0.9701778888702391,-0.23639988899230957,0.0,-0.998537540435791,-0.05032415688037872,-0.019755259156227112,0.0,0.007269490510225296,0.23711247742176056,-0.9714549779891968,0.0,0.43211841583251953,-0.4626923203468323,-4.1495771408081055,1.0],"params":{"w":1024,"h":768,"cx":520.1640376071566,"cy":386.7012906691696,"fx":714.2504644165846,"fy":714.2504644165846}},{"name":"306312712369.jpg","transform":[0.04365932196378708,-0.9848962426185608,-0.16755078732967377,0.0,-0.9839561581611632,-0.07143009454011917,0.1634870022535324,0.0,-0.17298589646816254,0.15772488713264465,-0.972213327884674,0.0,0.5267225503921509,-0.44326910376548767,-4.0967183113098145,1.0],"params":{"w":1024,"h":768,"cx":520.1640376071566,"cy":386.7012906691696,"fx":714.2504644165846,"fy":714.2504644165846}},{"name":"306312929127.jpg","transform":[0.03221850469708443,-0.9941349029541016,-0.10323642194271088,0.0,-0.9543463587760924,-0.06128794327378273,0.29234710335731506,0.0,-0.29695960879325867,0.0891043171286583,-0.9507236480712892,0.0,0.599098801612854,-0.4123862385749817,-4.049947261810303,1.0],"params":{"w":1024,"h":768,"cx":520.1640376071566,"cy":386.7012906691696,"fx":714.2504644165846,"fy":714.2504644165846}},{"name":"306313129210.jpg","transform":[0.05737369507551193,-0.9954275488853456,-0.07636955380439758,0.0,-0.9327872395515442,-0.08071314543485641,0.35127395391464233,0.0,-0.3558317720890045,0.05108265578746796,-0.9331528544425964,0.0,0.646950364112854,-0.3843217194080353,-3.993974924087525,1.0],"params":{"w":1024,"h":768,"cx":520.1640376071566,"cy":386.7012906691696,"fx":714.2504644165846,"fy":714.2504644165846}},{"name":"306313712787.jpg","transform":[0.07159096002578735,-0.9930630326271056,0.0932767614722252,0.0,-0.9405514001846312,-0.036082979291677475,0.3377293646335602,0.0,-0.3320208489894867,-0.11190995573997498,-0.936609983444214,0.0,0.7906042337417603,-0.2386445701122284,-3.813182830810547,1.0],"params":{"w":1024,"h":768,"cx":520.1640376071566,"cy":386.7012906691696,"fx":714.2504644165846,"fy":714.2504644165846}},{"name":"306314129629.jpg","transform":[0.055459242314100266,-0.9723020792007446,0.22705259919166565,0.0,-0.9597573280334472,0.010787633247673512,0.28062331676483154,0.0,-0.275299996137619,-0.23347856104373932,-0.932575821876526,0.0,0.910598874092102,-0.13086649775505066,-3.730515956878662,1.0],"params":{"w":1024,"h":768,"cx":520.1640376071566,"cy":386.7012906691696,"fx":714.2504644165846,"fy":714.2504644165846}},{"name":"306314496449.jpg","transform":[0.05524958670139313,-0.940841257572174,0.3343130350112915,0.0,-0.9817943572998048,0.009751186706125736,0.18969660997390747,0.0,-0.1817343384027481,-0.33870729804039,-0.9231738448143004,0.0,1.0579298734664917,-0.07736799120903015,-3.678232192993164,1.0],"params":{"w":1024,"h":768,"cx":520.1640376071566,"cy":386.7012906691696,"fx":714.2504644165846,"fy":714.2504644165846}},{"name":"306315213415.jpg","transform":[0.04795738682150841,-0.9137566685676576,0.4034213721752167,0.0,-0.9963772296905518,-0.015364859253168106,0.0836443156003952,0.0,-0.07023204118013382,-0.4059712290763855,-0.9111831784248352,0.0,1.147912859916687,-0.020523767918348312,-3.674652576446533,1.0],"params":{"w":1024,"h":768,"cx":520.1640376071566,"cy":386.7012906691696,"fx":714.2504644165846,"fy":714.2504644165846}},{"name":"306315863687.jpg","transform":[-0.01231293473392725,-0.8747678995132446,0.4843856990337372,0.0,-0.9884885549545288,-0.062404848635196686,-0.13782602548599243,0.0,0.15079379081726074,-0.4805067479610443,-0.8639296889305115,0.0,1.2222967147827148,0.00173627189360559,-3.6299993991851807,1.0],"params":{"w":1024,"h":768,"cx":520.1640376071566,"cy":386.7012906691696,"fx":714.2504644165846,"fy":714.2504644165846}},{"name":"306316947474.jpg","transform":[-0.04022602364420891,-0.9403228163719176,0.33789774775505066,0.0,-0.9563564658164978,-0.061719801276922226,-0.2856099307537079,0.0,0.2894205152988434,-0.33463963866233826,-0.8968009948730469,0.0,1.3620222806930542,-0.035711321979761124,-3.484959125518799,1.0],"params":{"w":1024,"h":768,"cx":520.1640376071566,"cy":386.7012906691696,"fx":714.2504644165846,"fy":714.2504644165846}},{"name":"306317347640.jpg","transform":[-0.02219383418560028,-0.9841949939727784,0.17569184303283691,0.0,-0.9308332800865172,-0.04377635940909386,-0.36281272768974304,0.0,0.3647696375846863,-0.17159201204776764,-0.9151498675346376,0.0,1.3648223876953125,-0.11207450181245804,-3.42589807510376,1.0],"params":{"w":1024,"h":768,"cx":520.1640376071566,"cy":386.7012906691696,"fx":714.2504644165846,"fy":714.2504644165846}},{"name":"306317631092.jpg","transform":[-0.012668958865106106,-0.9963964819908142,0.08386610448360443,0.0,-0.9285219311714172,-0.01940157078206539,-0.37077033519744873,0.0,0.37106138467788696,-0.08256878703832626,-0.9249301552772522,0.0,1.3724727630615234,-0.16559967398643494,-3.394125461578369,1.0],"params":{"w":1024,"h":768,"cx":520.1640376071566,"cy":386.7012906691696,"fx":714.2504644165846,"fy":714.2504644165846}},{"name":"306317997911.jpg","transform":[0.013338804244995115,-0.9998105764389038,-0.014175000600516796,0.0,-0.9142994284629822,-0.00645618699491024,-0.4049874544143677,0.0,0.40481922030448914,0.018362242728471756,-0.9142123460769652,0.0,1.3448671102523804,-0.2495165169239044,-3.3837125301361084,1.0],"params":{"w":1024,"h":768,"cx":520.1640376071566,"cy":386.7012906691696,"fx":714.2504644165846,"fy":714.2504644165846}},{"name":"306318364731.jpg","transform":[0.05243394896388054,-0.9895438551902772,-0.13436369597911835,0.0,-0.9310463070869446,0.00021323822147678584,-0.36490097641944885,0.0,0.36111417412757874,0.14423201978206637,-0.9212999939918518,0.0,1.357891082763672,-0.3444235324859619,-3.368501663208008,1.0],"params":{"w":1024,"h":768,"cx":520.1640376071566,"cy":386.7012906691696,"fx":714.2504644165846,"fy":714.2504644165846}},{"name":"306318748224.jpg","transform":[0.09813987463712692,-0.9419296979904176,-0.3211495578289032,0.0,-0.9452025294303894,0.012748672626912594,-0.3262355625629425,0.0,0.3113851845264435,0.3355681002140045,-0.8890631794929504,0.0,1.3810410499572754,-0.44185611605644226,-3.3492300510406494,1.0],"params":{"w":1024,"h":768,"cx":520.1640376071566,"cy":386.7012906691696,"fx":714.2504644165846,"fy":714.2504644165846}},{"name":"306319481863.jpg","transform":[0.1872928887605667,-0.9169811010360718,-0.35223156213760376,0.0,-0.898902952671051,-0.015402733348309994,-0.43787699937820435,0.0,0.39609959721565247,0.3986332416534424,-0.8271617889404297,0.0,1.2968162298202517,-0.5133103132247925,-3.4614760875701904,1.0],"params":{"w":1024,"h":768,"cx":520.1640376071566,"cy":386.7012906691696,"fx":714.2504644165846,"fy":714.2504644165846}},{"name":"306319848683.jpg","transform":[0.22699187695980072,-0.926206111907959,-0.30102652311325073,0.0,-0.8321319222450256,-0.023859862238168716,-0.5540642142295837,0.0,0.5059952139854431,0.3762618601322174,-0.7761416435241699,0.0,1.1522693634033203,-0.5110988616943359,-3.590270757675171,1.0],"params":{"w":1024,"h":768,"cx":520.1640376071566,"cy":386.7012906691696,"fx":714.2504644165846,"fy":714.2504644165846}},{"name":"306320282196.jpg","transform":[0.21549925208091736,-0.9400384426116944,-0.26436299085617065,0.0,-0.7566272616386414,0.010402057319879532,-0.6537637114524841,0.0,0.6173129677772522,0.34090983867645264,-0.7090170383453369,0.0,0.9700976014137268,-0.4935206472873688,-3.754876375198364,1.0],"params":{"w":1024,"h":768,"cx":520.1640376071566,"cy":386.7012906691696,"fx":714.2504644165846,"fy":714.2504644165846}},{"name":"306321449349.jpg","transform":[0.21855275332927704,-0.9479869604110718,-0.2314203679561615,0.0,-0.7795621752738953,-0.02696826867759228,-0.6257439851760864,0.0,0.5869561433792114,0.3171646296977997,-0.7449088096618652,0.0,0.44325971603393555,-0.48687711358070374,-4.108973979949951,1.0],"params":{"w":1024,"h":768,"cx":520.1640376071566,"cy":386.7012906691696,"fx":714.2504644165846,"fy":714.2504644165846}}]