{"format_version":1,"windows":[{"identifier":"42875023-D901-43D2-B117-436D98176185","parentIdentifier":"1","wall_thickness":0.1,"dimensions":[1.610413658010608,1.4536476,0.0],"transform":[-0.6717031270005283,0.0,0.7408204297788448,0.0,0.0,1.0,0.0,0.0,-0.7408204297788448,0.0,-0.6717031270005283,0.0,2.7142734468405036,0.20446819,-0.7220774874538956,1.0],"category":{"window":{}},"color":[null,null],"story":0}],"doors":[{"identifier":"DB1A8933-0A55-4EF3-BCF7-054B96AEBA58","parentIdentifier":"1","wall_thickness":0.1,"dimensions":[0.9548471186752272,3.1185927,0.0],"transform":[-0.6717031270005289,0.0,0.7408204297788442,0.0,0.0,1.0,0.0,0.0,-0.7408204297788442,0.0,-0.6717031270005289,0.0,1.2687894225909888,-0.5567473,0.872144800694149,1.0],"category":{"door":{}},"color":[null,null],"story":0}],"openings":[],"walls":[{"identifier":"0","wall_thickness":0.1,"dimensions":[3.4639008957375443,0.88,0.0],"transform":[0.6717031270005284,0.0,-0.7408204297788447,0.0,0.0,1.0,0.0,0.0,0.7408204297788447,0.0,0.6717031270005284,0.0,-5.195883322665624,-1.6760437,-1.4686935241796977,1.0],"category":{"wall":{}},"color":[[0.9764705882352941,1.0,1.0],null],"story":0},{"identifier":"1","wall_thickness":0.1,"dimensions":[6.3846483000000065,4.72,0.0],"transform":[-0.6717031270005286,0.0,0.7408204297788444,0.0,0.0,1.0,0.0,0.0,-0.7408204297788444,0.0,-0.6717031270005286,0.0,1.6756309214889424,0.24395615,0.42343988635002683,1.0],"category":{"wall":{}},"color":[[0.9921568627450981,1.0,1.0],null],"story":0}],"objects":[{"identifier":"BCED86CD-ED4D-40A7-91A4-131EFDF9735E","category_detail":"stairs3","dimensions":[1.748047,0.8080914,1.1420901],"transform":[-0.6717031270005283,0.0,0.7408204297788448,0.0,0.0,1.0,0.0,0.0,-0.7408204297788448,0.0,-0.6717031270005283,0.0,-1.0767306,-1.7119982,-0.8653666399999996,1.0],"story":0,"confidence":{"high":{}},"attributes":{},"category":{"stairs":{}}}],"rooms":[{"id":"0","area":51.77099384627019,"category":"Other","label_automated":"Other","vertices_x":[-0.4686631924653638,3.819925035443249,-0.8928115843161528,-4.032526791022204,-6.359239854309044,-1.646503234549642],"vertices_z":[2.788378835146413,-1.94149906244636,-6.2145452649752215,-2.751757799325504,-0.18562924903389144,4.0874169534949685],"edges":[["Existing wall","1"],["Existing wall"],["Existing wall"],["Existing wall","0"],["Existing wall"],["Existing wall"]],"curved_edges":[{},{},{},{},{},{}],"center_xz":[-1.2696574094328978,-1.063564155740126],"floor_height":-2.1706346275996573,"ceiling":[{"transform":[-0.6717031270005287,0.0,0.7408204297788445,0.0,-0.7408204297788445,0.0,-0.6717031270005286,0.0,0.0,-1.0,0.0,0.0,-0.6814782088205381,2.6039561499999997,-1.7137549180414045,1.0],"dimensions":[6.384648300000008,6.361510064141029,0.0],"polygon":[[3.192324150000004,3.180755032070514],[3.192324150000004,-3.1807550320705156],[-3.192324150000004,-3.1807550320705147],[-3.1923241500000032,3.1807550320705147]]},{"transform":[-0.6717031270005287,-2.220446049250313e-16,0.7408204297788443,0.0,-0.7408204297788443,0.0,-0.6717031270005287,0.0,2.220446049250313e-16,-1.0,0.0,0.0,-3.414692343816983,2.6039561499999997,1.30070308992926,1.0],"dimensions":[1.7535128165085228,6.36151006414103,0.0],"polygon":[[-0.8767564082542614,-3.1807550320705147],[-0.8767564082542609,3.180755032070515],[0.8767564082542614,3.1807550320705116],[0.8767564082542596,-3.1807550320705147]]}],"ceiling_curr":[{"transform":[-0.6717031270005287,0.0,0.7408204297788445,0.0,-0.7408204297788445,0.0,-0.6717031270005286,0.0,0.0,-1.0,0.0,0.0,-0.6814782088205381,2.6039561499999997,-1.7137549180414045,1.0],"dimensions":[6.384648300000008,6.361510064141029,0.0],"polygon":[[3.192324150000004,3.180755032070514],[3.192324150000004,-3.1807550320705156],[-3.192324150000004,-3.1807550320705147],[-3.1923241500000032,3.1807550320705147]]},{"transform":[-0.6717031270005287,-2.220446049250313e-16,0.7408204297788443,0.0,-0.7408204297788443,0.0,-0.6717031270005287,0.0,2.220446049250313e-16,-1.0,0.0,0.0,-3.414692343816983,2.6039561499999997,1.30070308992926,1.0],"dimensions":[1.7535128165085228,6.36151006414103,0.0],"polygon":[[-0.8767564082542614,-3.1807550320705147],[-0.8767564082542609,3.180755032070515],[0.8767564082542614,3.1807550320705116],[0.8767564082542596,-3.1807550320705147]]}],"ceiling_lidar_avg_diff":1.4530104359095661,"ceiling_lidar_valid_pct":0.2820823244552058,"story":0}],"floors":[{"story":0,"polygonCorners":[[-4.031636,3.18802225,0.0],[4.031636,3.18802275,0.0],[4.0316367,-3.18802275,0.0],[-4.0316367,-3.18802275,0.0]],"transform":[0.6627802427915012,2.9272004986591327e-8,-0.7488139620528171,0.0,-0.7488139620528171,6.500000537812411e-8,-0.6627802427914986,0.0,2.9272004986591327e-8,0.9999999999999976,6.500000537812411e-8,0.0,-1.2764406123220944,-2.11604379999999,-1.0690961994170365,1.0]}],"joints":[{"id":"0","position":[-6.359239854309044,0.18562924903389144],"wall_endpoints":{"0":0.0},"room_vertices":{"0":{"idx":4}},"story":0},{"id":"1","position":[-4.032526791022204,2.751757799325504],"wall_endpoints":{"0":1.0},"room_vertices":{"0":{"idx":3}},"story":0},{"id":"2","position":[3.819925035443249,1.94149906244636],"wall_endpoints":{"1":0.0},"room_vertices":{"0":{"idx":1}},"story":0},{"id":"3","position":[-0.4686631924653638,-2.788378835146413],"wall_endpoints":{"1":1.0},"room_vertices":{"0":{"idx":0}},"story":0},{"id":"5","position":[-0.8928115843161528,6.2145452649752215],"room_vertices":{"0":{"idx":2}},"story":0},{"id":"6","position":[-1.646503234549642,-4.0874169534949685],"room_vertices":{"0":{"idx":5}},"story":0}],"latLonAlt":{"latitude":45.640115273112315,"longitude":-122.67642926174119,"altitude":35.004158903844655},"orientation":{"confidence":0.9801697351425507,"orientation_degrees":47.0894988394345},"alignment_transform":{"t00":-0.7408204297788447,"t10":0.0,"t20":0.6717031270005284,"t30":0.0,"t01":0.0,"t11":1.0,"t21":0.0,"t31":0.0,"t02":-0.6717031270005284,"t12":0.0,"t22":-0.7408204297788447,"t32":0.0,"t03":-1.684483951041091,"t13":0.0,"t23":0.06492257295793191,"t33":1.0}}